1 16.0 82.0 52.0 23.0 -0.01 0.0 0.0 -0.1 0.02 -0.04
2 17.0 80.0 51.0 23.0 -0.0 -0.0 0.0 -0.08 0.04 -0.05
3 17.0 80.0 51.0 24.0 -0.0 0.0 -0.0 -0.11 0.02 -0.01
4 16.0 82.0 51.0 23.0 -0.0 -0.0 -0.01 -0.13 0.01 -0.01
5 16.0 81.0 51.0 24.0 0.01 0.01 -0.01 -0.08 0.01 -0.05
6 17.0 79.0 53.0 23.0 0.01 0.01 -0.01 -0.09 0.02 -0.02
7 17.0 79.0 53.0 24.0 0.01 0.0 -0.01 -0.06 0.03 0.02
8 17.0 79.0 52.0 23.0 0.01 0.0 -0.01 -0.14 0.03 0.0
9 17.0 82.0 53.0 23.0 0.0 -0.0 -0.01 -0.08 0.02 -0.04
10 18.0 86.0 52.0 23.0 -0.0 -0.01 -0.0 -0.07 0.05 0.0
11 16.0 83.0 52.0 23.0 -0.01 -0.01 0.01 -0.05 0.03 -0.02
12 17.0 81.0 50.0 23.0 -0.01 -0.01 0.01 -0.03 0.05 0.0
13 17.0 78.0 51.0 24.0 -0.01 -0.01 0.02 -0.03 0.03 -0.02
14 18.0 77.0 50.0 23.0 -0.02 -0.0 0.02 -0.08 0.0 -0.04
15 18.0 79.0 52.0 23.0 -0.01 -0.01 0.02 -0.09 0.0 -0.06
16 18.0 79.0 51.0 24.0 -0.01 -0.01 0.02 -0.12 0.03 0.0
17 17.0 80.0 51.0 23.0 -0.0 -0.0 0.02 -0.12 0.05 -0.03
18 18.0 78.0 50.0 23.0 -0.0 0.0 0.02 -0.17 0.07 -0.03
19 18.0 79.0 51.0 23.0 -0.02 -0.0 0.01 -0.12 0.06 0.0
20 17.0 76.0 52.0 23.0 -0.02 -0.01 0.01 -0.1 0.03 0.0
21 17.0 74.0 50.0 24.0 -0.02 -0.02 0.01 -0.05 0.0 0.02
22 17.0 72.0 50.0 23.0 -0.02 -0.02 0.02 -0.01 0.0 0.02
23 17.0 72.0 51.0 23.0 -0.02 -0.01 0.02 -0.05 0.01 0.0
24 18.0 72.0 50.0 23.0 -0.03 -0.01 0.02 -0.05 0.03 -0.03
25 17.0 71.0 50.0 23.0 -0.03 -0.01 0.02 -0.08 0.04 -0.04
26 17.0 79.0 50.0 23.0 -0.03 -0.02 0.02 -0.11 0.06 0.0
27 16.0 80.0 50.0 23.0 -0.03 -0.02 0.01 -0.16 0.05 -0.01
28 18.0 87.0 50.0 23.0 -0.04 -0.01 0.01 -0.18 0.02 -0.03
29 18.0 101.0 50.0 23.0 -0.03 -0.02 0.01 -0.16 0.04 0.0
30 19.0 113.0 49.0 23.0 -0.03 -0.03 0.01 -0.03 0.06 0.01
31 20.0 159.0 50.0 23.0 -0.04 -0.04 0.01 0.02 0.09 0.06
32 22.0 189.0 50.0 23.0 -0.03 -0.04 0.01 0.21 0.0 0.13
33 25.0 186.0 50.0 25.0 0.0 -0.03 0.02 -0.01 -0.02 0.13
34 48.0 195.0 51.0 23.0 0.19 -0.06 0.0 0.08 0.15 0.03
35 66.0 204.0 50.0 36.0 0.22 -0.13 0.02 0.14 0.37 0.04
36 70.0 202.0 52.0 38.0 0.13 -0.17 0.04 0.18 0.22 0.12
37 62.0 255.0 52.0 41.0 -0.12 -0.29 0.13 0.0 0.27 0.18
38 53.0 286.0 52.0 37.0 -0.32 -0.39 0.26 -0.35 0.35 0.39
39 49.0 291.0 59.0 44.0 -0.39 -0.57 0.31 -0.15 -0.14 0.14
40 45.0 313.0 58.0 47.0 -0.58 -0.93 0.42 -0.05 -0.15 -0.09
41 45.0 376.0 58.0 51.0 -0.32 -0.66 0.43 -0.05 -0.06 0.25
42 42.0 403.0 61.0 53.0 -0.16 -0.49 0.42 0.07 -0.01 0.14
43 40.0 479.0 73.0 47.0 0.04 -0.3 0.43 -0.3 0.11 0.31
44 43.0 515.0 77.0 43.0 0.12 -0.15 0.46 -0.37 -0.1 0.66
45 40.0 480.0 86.0 39.0 0.17 -0.07 0.52 -0.23 -0.65 1.15
46 35.0 460.0 86.0 39.0 0.17 0.16 0.78 -0.83 0.42 1.69
47 31.0 436.0 84.0 36.0 0.25 0.3 0.56 -0.39 0.12 1.15
48 29.0 431.0 118.0 34.0 0.23 0.33 0.57 -0.3 0.49 1.14
49 28.0 559.0 121.0 36.0 0.27 0.3 0.59 -0.39 0.88 1.35
50 28.0 568.0 120.0 34.0 0.45 0.01 0.69 -0.69 0.63 2.71
51 26.0 525.0 117.0 37.0 0.58 -0.21 0.62 -1.12 1.56 2.09
52 34.0 563.0 110.0 36.0 0.7 -0.48 0.73 -0.51 1.53 1.55
53 37.0 593.0 105.0 38.0 0.72 -0.42 0.87 0.13 1.29 1.37
54 33.0 565.0 104.0 37.0 0.75 -0.31 0.93 -0.18 1.16 1.15
55 36.0 611.0 114.0 37.0 0.83 -0.21 1.07 -0.63 0.88 0.81
56 32.0 632.0 112.0 34.0 0.93 -0.3 1.18 -0.57 0.74 0.5
57 42.0 707.0 113.0 37.0 0.97 -0.38 1.24 -0.46 0.67 0.32
58 43.0 708.0 109.0 40.0 0.99 -0.45 1.32 -0.38 0.44 -0.27
59 50.0 743.0 116.0 36.0 1.0 -0.39 1.32 -0.09 0.34 -0.74
60 59.0 845.0 115.0 46.0 0.97 -0.37 1.33 0.24 0.26 -0.9
61 71.0 822.0 124.0 46.0 0.97 -0.25 1.28 0.6 0.2 -0.61
62 76.0 761.0 126.0 42.0 0.88 -0.19 1.23 0.31 0.04 -1.22
63 70.0 716.0 130.0 39.0 0.88 -0.14 1.17 0.41 -0.06 -1.38
64 61.0 685.0 132.0 41.0 0.79 0.11 1.07 0.86 -0.07 -1.41
65 55.0 645.0 125.0 38.0 0.81 0.47 0.89 0.95 -0.13 -1.21
66 51.0 637.0 136.0 39.0 0.79 0.6 0.81 0.95 -0.16 -1.15
67 54.0 690.0 131.0 39.0 0.7 0.75 0.63 0.29 -0.38 -1.04
68 48.0 598.0 128.0 36.0 0.65 0.57 0.43 0.32 -0.51 -1.02
69 43.0 538.0 121.0 36.0 0.63 0.49 0.36 0.16 -0.56 -1.13
70 44.0 572.0 141.0 37.0 0.58 0.36 0.25 0.2 -0.65 -0.83
71 42.0 552.0 137.0 35.0 0.54 0.28 0.18 -0.15 -0.69 -0.74
72 44.0 612.0 133.0 40.0 0.51 0.26 0.15 -0.17 -0.71 -0.61
73 38.0 555.0 142.0 38.0 0.5 0.28 0.1 -0.44 -0.62 -0.71
74 43.0 541.0 133.0 38.0 0.44 0.26 0.09 -0.49 -0.5 -0.46
75 45.0 534.0 120.0 39.0 0.4 0.25 0.08 -0.55 -0.5 -0.42
76 42.0 541.0 119.0 36.0 0.31 0.2 0.06 -0.59 -0.39 -0.52
77 43.0 541.0 139.0 40.0 0.23 0.05 0.04 -0.39 -0.34 -0.66
78 40.0 508.0 134.0 37.0 0.19 -0.01 0.03 -0.32 -0.34 -0.65
79 42.0 531.0 146.0 40.0 0.14 -0.06 0.03 1.97 0.42 0.08
80 36.0 475.0 133.0 39.0 0.09 0.01 0.03 -1.3 -0.27 -0.59
81 36.0 468.0 130.0 39.0 0.07 -0.15 0.0 -0.01 -0.12 -0.59
82 40.0 467.0 129.0 40.0 -0.02 -0.05 0.01 -0.41 -0.23 -0.43
83 41.0 444.0 144.0 41.0 -0.06 -0.07 0.0 -0.45 -0.13 -0.54
84 36.0 447.0 143.0 37.0 -0.09 -0.11 -0.0 -0.45 -0.11 -0.63
85 41.0 446.0 139.0 38.0 -0.12 -0.22 0.0 -0.14 -0.1 -0.54
86 48.0 462.0 152.0 38.0 -0.15 -0.22 -0.0 -0.05 -0.02 -0.49
87 57.0 539.0 149.0 38.0 -0.15 -0.18 -0.0 -0.08 -0.01 -0.46
88 55.0 548.0 147.0 40.0 -0.14 -0.08 -0.03 0.0 0.06 -0.5
89 55.0 552.0 139.0 41.0 -0.09 0.04 -0.04 -0.05 0.03 -0.31
90 67.0 538.0 127.0 44.0 -0.05 0.08 -0.05 -0.18 0.1 -0.16
91 64.0 532.0 131.0 43.0 0.01 0.13 -0.05 -0.29 0.12 0.0
92 59.0 607.0 134.0 43.0 0.04 0.17 -0.05 -0.1 0.3 -0.12
93 59.0 616.0 125.0 46.0 0.04 0.16 -0.05 0.02 0.35 -0.11
94 52.0 576.0 123.0 42.0 0.05 0.14 -0.06 0.0 0.31 -0.2
95 59.0 661.0 114.0 48.0 0.07 0.14 -0.07 0.15 0.37 -0.19
96 61.0 645.0 115.0 45.0 0.07 0.17 -0.07 0.05 0.38 -0.13
97 55.0 596.0 117.0 54.0 0.07 0.25 -0.09 -0.02 0.42 -0.13
98 53.0 613.0 142.0 55.0 0.05 0.22 -0.08 0.05 0.37 -0.02
99 52.0 585.0 146.0 57.0 0.03 0.18 -0.08 -0.13 0.33 0.1
100 49.0 593.0 150.0 66.0 0.02 0.03 -0.09 0.0 0.36 0.14
101 47.0 570.0 147.0 77.0 -0.0 -0.06 -0.09 0.13 0.38 0.09
102 45.0 534.0 156.0 69.0 -0.01 -0.03 -0.08 -0.02 0.38 0.09
103 56.0 673.0 170.0 96.0 -0.04 0.03 -0.07 0.03 0.33 -0.05
104 52.0 592.0 163.0 113.0 -0.02 0.05 -0.06 -0.13 0.26 0.16
105 50.0 567.0 157.0 103.0 -0.02 0.08 -0.05 -0.2 0.24 0.07
106 45.0 527.0 168.0 106.0 -0.03 0.14 -0.03 -0.34 0.24 0.04
107 45.0 514.0 148.0 105.0 -0.04 0.14 -0.02 -0.14 0.23 0.0
108 43.0 502.0 142.0 111.0 -0.04 0.12 -0.02 -0.06 0.29 -0.06
109 40.0 517.0 138.0 128.0 -0.06 0.08 -0.01 0.14 0.2 -0.36
110 44.0 462.0 141.0 120.0 -0.06 0.06 0.01 0.07 0.02 -0.37
111 34.0 430.0 148.0 108.0 -0.05 0.06 0.01 0.01 -0.03 -0.23
112 41.0 432.0 136.0 109.0 -0.01 0.07 -0.01 -0.01 -0.01 -0.09
113 41.0 406.0 127.0 99.0 0.01 0.07 -0.02 -0.04 0.14 -0.01
114 40.0 388.0 134.0 103.0 0.02 0.08 -0.03 -0.15 0.2 -0.1
115 39.0 383.0 125.0 100.0 0.01 0.05 -0.03 -0.06 0.12 -0.1
116 37.0 411.0 130.0 99.0 0.01 0.01 -0.01 -0.05 0.12 -0.08
117 37.0 411.0 145.0 97.0 0.01 -0.02 -0.01 0.02 0.1 -0.06
118 34.0 378.0 138.0 96.0 0.02 -0.06 -0.02 0.05 0.11 0.06
119 36.0 369.0 138.0 88.0 0.02 -0.04 -0.03 -0.07 0.05 0.07
120 50.0 431.0 143.0 90.0 0.02 -0.04 -0.04 -0.01 0.0 0.0
121 46.0 402.0 138.0 97.0 0.03 -0.03 -0.05 0.0 0.04 0.0
122 48.0 446.0 137.0 97.0 0.06 -0.03 -0.05 0.06 0.18 -0.23
123 50.0 426.0 129.0 89.0 0.07 -0.04 -0.05 0.16 0.25 -0.19
124 43.0 394.0 145.0 95.0 0.07 0.0 -0.03 0.14 0.3 -0.08
125 40.0 424.0 135.0 92.0 0.04 0.01 -0.03 0.05 0.29 -0.1
126 36.0 429.0 129.0 103.0 0.02 -0.01 -0.03 0.02 0.21 -0.13
127 34.0 413.0 130.0 99.0 -0.03 -0.03 -0.02 0.06 0.13 -0.24
128 31.0 462.0 126.0 100.0 -0.05 -0.06 -0.01 -0.13 0.04 -0.1
129 30.0 421.0 127.0 101.0 -0.06 -0.09 -0.0 -0.11 -0.03 0.02
130 31.0 410.0 118.0 108.0 -0.06 -0.14 -0.02 -0.06 -0.05 0.07
131 28.0 429.0 127.0 116.0 -0.06 -0.12 -0.05 0.04 0.05 -0.08
132 28.0 412.0 126.0 116.0 -0.05 -0.1 -0.06 0.05 0.04 -0.1
133 26.0 368.0 130.0 110.0 -0.0 -0.04 -0.06 0.02 0.06 -0.13
134 26.0 387.0 130.0 109.0 0.04 0.03 -0.06 -0.13 0.1 0.04
135 28.0 398.0 125.0 109.0 0.05 0.05 -0.06 -0.18 0.13 0.02
136 27.0 356.0 118.0 115.0 0.06 0.08 -0.05 -0.24 0.2 0.0
137 25.0 353.0 110.0 118.0 0.07 0.04 -0.05 -0.22 0.26 -0.07
138 25.0 335.0 113.0 122.0 0.07 0.03 -0.05 -0.14 0.28 -0.1
139 23.0 314.0 112.0 123.0 0.06 0.01 -0.03 -0.01 0.22 -0.13
140 23.0 321.0 107.0 124.0 0.06 0.01 -0.02 -0.02 0.07 -0.13
141 21.0 279.0 96.0 122.0 0.06 0.0 -0.01 -0.06 0.0 -0.16
142 20.0 248.0 91.0 118.0 0.04 0.01 -0.01 0.0 -0.11 -0.29
143 19.0 210.0 84.0 115.0 0.03 0.0 -0.01 0.06 -0.29 -0.53
144 19.0 178.0 77.0 119.0 0.0 -0.0 -0.01 0.11 -0.37 -0.63
145 20.0 160.0 73.0 113.0 -0.06 0.0 -0.02 0.32 -0.7 -1.11
146 19.0 147.0 70.0 112.0 -0.13 0.05 -0.05 0.5 -0.94 -1.35
147 21.0 130.0 69.0 109.0 -0.15 0.1 -0.07 0.59 -0.96 -1.52
148 18.0 119.0 69.0 107.0 -0.14 0.25 -0.13 0.39 -1.07 -1.75
149 17.0 109.0 68.0 97.0 -0.15 0.33 -0.19 0.3 -0.99 -1.63
150 17.0 105.0 71.0 101.0 -0.19 0.36 -0.2 0.18 -0.99 -1.41
151 26.0 101.0 66.0 92.0 -0.33 0.28 -0.24 0.1 -1.06 -1.21
152 28.0 98.0 66.0 99.0 -0.51 0.1 -0.28 -0.13 -1.03 -1.45
153 30.0 97.0 68.0 95.0 -0.59 0.02 -0.29 -0.19 -1.02 -1.63
154 68.0 103.0 68.0 90.0 -0.78 -0.14 -0.3 -0.27 -0.87 -1.45
155 81.0 101.0 67.0 86.0 -1.05 -0.31 -0.3 -0.42 -0.84 -1.24
156 83.0 97.0 66.0 78.0 -1.17 -0.45 -0.32 -1.28 -0.89 -1.02
157 90.0 98.0 65.0 77.0 -1.43 -0.85 -0.33 -0.54 -0.58 -0.47
158 106.0 102.0 65.0 73.0 -1.78 -1.34 -0.4 -0.18 -0.48 -0.12
159 94.0 96.0 61.0 63.0 -1.95 -1.53 -0.46 -0.29 -0.12 0.11
160 98.0 111.0 61.0 63.0 -2.21 -1.78 -0.56 -0.28 0.07 0.18
161 92.0 116.0 67.0 59.0 -2.37 -1.81 -0.64 0.67 0.34 0.43
162 90.0 126.0 74.0 59.0 -2.44 -1.59 -0.7 0.42 0.3 0.29
163 99.0 128.0 80.0 58.0 -2.47 -0.98 -0.83 0.56 0.47 -0.16
164 99.0 122.0 78.0 57.0 -2.42 -0.47 -0.83 1.01 0.43 -1.21
165 88.0 124.0 74.0 51.0 -2.36 -0.22 -0.82 0.85 0.41 -1.75
166 76.0 127.0 71.0 46.0 -2.12 0.17 -0.84 0.24 0.25 -2.63
167 65.0 128.0 75.0 43.0 -1.94 0.26 -0.82 0.7 0.75 -3.23
168 55.0 135.0 83.0 42.0 -1.84 0.47 -0.77 -3.01 -0.81 -0.38
169 49.0 135.0 95.0 40.0 -0.22 0.9 -0.85 -2.43 -4.06 26.08
170 44.0 132.0 111.0 42.0 -0.14 -0.41 -0.32 -1.56 -0.08 -3.2
171 41.0 131.0 111.0 40.0 0.45 -0.84 -0.48 -0.87 0.02 -2.71
172 40.0 133.0 100.0 37.0 0.83 -0.07 -0.28 -0.2 0.28 -0.03
173 38.0 135.0 91.0 35.0 0.69 0.78 -0.5 0.49 1.64 0.98
174 32.0 136.0 84.0 33.0 0.54 0.8 -0.58 1.24 1.06 0.37
175 31.0 134.0 85.0 30.0 0.14 0.52 -0.31 1.0 -0.17 0.0
176 28.0 134.0 90.0 32.0 0.25 0.52 -0.12 0.13 0.06 0.02
177 26.0 134.0 93.0 30.0 0.3 0.6 -0.16 0.02 0.17 -0.04
178 25.0 135.0 88.0 28.0 0.11 0.64 -0.23 -0.26 -0.25 -0.07
179 23.0 133.0 85.0 29.0 0.05 0.62 -0.18 -0.38 -0.45 -0.03
180 22.0 132.0 89.0 27.0 0.09 0.55 -0.12 -0.53 -0.33 -0.25
181 21.0 131.0 90.0 27.0 0.17 0.34 -0.05 -0.54 -0.14 -0.18
182 21.0 129.0 91.0 26.0 0.15 0.12 -0.03 -0.12 -0.02 -0.1
183 21.0 128.0 85.0 26.0 0.13 0.06 -0.02 -0.02 -0.02 -0.05
184 20.0 129.0 84.0 26.0 0.14 0.04 0.03 0.12 0.14 0.02
185 20.0 127.0 86.0 25.0 0.16 0.07 0.05 0.15 0.31 0.02
186 20.0 126.0 78.0 25.0 0.14 0.09 0.04 0.02 0.34 0.02
187 20.0 125.0 77.0 25.0 0.09 0.14 0.02 -0.09 0.25 0.02
188 19.0 123.0 73.0 24.0 0.05 0.18 -0.01 -0.16 0.19 0.0
