1 17.0 78.0 79.0 29.0 0.04 -0.02 -0.02 -0.04 0.01 -0.07
2 16.0 77.0 76.0 28.0 0.05 -0.03 -0.01 -0.03 0.08 -0.06
3 16.0 77.0 74.0 29.0 0.05 -0.05 0.01 -0.03 0.11 0.02
4 17.0 77.0 74.0 28.0 0.04 -0.04 0.02 0.01 0.22 0.06
5 17.0 76.0 73.0 33.0 0.03 -0.03 0.01 0.01 0.19 0.04
6 16.0 76.0 76.0 31.0 0.01 -0.02 0.01 0.01 0.2 0.02
7 16.0 75.0 74.0 31.0 -0.01 -0.01 0.01 -0.09 0.15 0.02
8 17.0 75.0 69.0 31.0 -0.02 -0.01 0.01 -0.06 0.06 -0.03
9 17.0 75.0 73.0 30.0 -0.03 -0.01 0.0 -0.06 0.02 -0.03
10 17.0 74.0 72.0 33.0 -0.01 -0.01 0.0 -0.05 0.0 -0.05
11 16.0 74.0 74.0 32.0 -0.01 -0.01 0.0 0.0 0.02 -0.01
12 17.0 73.0 71.0 30.0 0.0 -0.01 0.01 -0.01 0.05 -0.03
13 17.0 72.0 71.0 30.0 0.01 -0.0 0.01 -0.02 0.12 0.0
14 16.0 70.0 76.0 40.0 0.01 -0.01 0.01 -0.08 0.14 -0.03
15 17.0 75.0 72.0 38.0 0.01 -0.0 0.0 -0.04 0.14 0.0
16 17.0 94.0 67.0 38.0 -0.01 -0.01 0.01 0.0 0.07 0.03
17 31.0 146.0 64.0 36.0 -0.01 -0.01 0.01 0.08 0.06 0.03
18 64.0 191.0 65.0 37.0 -0.03 -0.02 0.02 0.11 0.04 0.03
19 69.0 235.0 64.0 40.0 -0.03 -0.02 0.03 0.24 0.11 -0.09
20 72.0 266.0 66.0 95.0 -0.03 -0.03 0.03 0.06 0.07 -0.05
21 61.0 271.0 62.0 104.0 -0.03 -0.06 0.03 0.15 0.01 0.11
22 53.0 291.0 60.0 102.0 -0.05 -0.07 0.06 0.61 0.0 0.25
23 50.0 298.0 57.0 111.0 -0.08 -0.07 0.08 0.75 0.13 0.46
24 53.0 330.0 63.0 130.0 -0.15 -0.07 0.15 1.53 0.44 -0.17
25 79.0 382.0 66.0 124.0 -0.04 0.04 0.21 0.17 0.44 0.58
26 76.0 427.0 70.0 109.0 0.03 0.05 0.23 -0.41 0.25 1.14
27 66.0 399.0 66.0 90.0 0.3 0.26 0.21 -1.11 -0.07 1.18
28 69.0 484.0 73.0 77.0 0.56 0.31 0.14 -1.18 0.18 1.31
29 68.0 472.0 77.0 80.0 0.65 0.3 0.11 -1.15 0.46 1.32
30 70.0 456.0 79.0 80.0 0.79 0.35 0.1 -0.38 0.99 2.01
31 68.0 486.0 83.0 82.0 0.96 0.26 0.24 -1.27 -0.41 2.67
32 65.0 458.0 92.0 68.0 1.0 -0.08 0.13 -0.39 1.82 2.34
33 61.0 466.0 86.0 63.0 1.06 -0.0 0.23 -0.59 1.02 2.01
34 53.0 465.0 83.0 64.0 1.15 0.19 0.3 -0.44 1.1 1.59
35 51.0 495.0 83.0 63.0 1.17 0.27 0.34 -0.5 0.96 1.61
36 46.0 479.0 86.0 56.0 1.14 0.29 0.36 -0.47 0.94 1.46
37 43.0 485.0 93.0 55.0 1.2 0.24 0.3 0.27 0.78 0.77
38 52.0 609.0 87.0 49.0 1.25 0.22 0.29 0.25 0.5 0.63
39 59.0 678.0 90.0 47.0 1.3 0.19 0.31 -0.04 0.38 0.37
40 56.0 665.0 87.0 43.0 1.28 0.1 0.36 -0.38 0.31 -0.18
41 50.0 615.0 85.0 49.0 1.26 -0.01 0.4 -0.24 0.32 -0.17
42 53.0 641.0 93.0 47.0 1.17 -0.2 0.43 -0.25 0.08 -0.1
43 78.0 695.0 96.0 43.0 1.16 -0.29 0.43 0.38 -0.02 -0.14
44 80.0 749.0 116.0 51.0 1.13 -0.29 0.41 0.43 -0.04 -0.21
45 76.0 726.0 113.0 49.0 1.06 -0.2 0.45 -0.05 -0.01 -0.53
46 64.0 673.0 120.0 44.0 1.03 -0.21 0.48 0.04 -0.03 -0.53
47 63.0 665.0 116.0 41.0 0.99 -0.22 0.48 0.17 -0.22 -0.59
48 63.0 700.0 115.0 37.0 0.96 -0.26 0.47 -0.07 -0.32 -0.84
49 64.0 701.0 119.0 35.0 0.92 -0.26 0.46 -0.27 -0.33 -0.88
50 61.0 696.0 108.0 33.0 0.86 -0.27 0.46 -0.33 -0.34 -0.86
51 62.0 702.0 108.0 42.0 0.71 -0.24 0.45 0.03 -0.33 -0.89
52 62.0 681.0 117.0 42.0 0.62 -0.24 0.41 -0.01 -0.4 -1.14
53 78.0 673.0 120.0 44.0 0.59 -0.24 0.39 0.03 -0.43 -1.0
54 73.0 669.0 116.0 41.0 0.51 -0.29 0.36 0.11 -0.65 -0.81
55 79.0 697.0 109.0 38.0 0.43 -0.29 0.31 -0.03 -0.64 -0.92
56 68.0 680.0 108.0 38.0 0.39 -0.3 0.29 0.1 -0.67 -0.85
57 72.0 671.0 118.0 36.0 0.35 -0.29 0.23 0.17 -0.75 -0.91
58 63.0 624.0 109.0 39.0 0.37 -0.23 0.17 0.28 -0.84 -0.79
59 69.0 675.0 115.0 40.0 0.37 -0.18 0.14 0.22 -0.83 -0.83
60 62.0 635.0 117.0 38.0 0.36 -0.06 0.07 0.07 -0.77 -0.78
61 54.0 628.0 111.0 35.0 0.33 0.04 0.04 -0.21 -0.6 -0.98
62 50.0 586.0 110.0 33.0 0.31 0.09 0.03 -0.25 -0.49 -0.99
63 50.0 564.0 108.0 31.0 0.25 0.19 0.03 -0.4 -0.39 -1.0
64 69.0 599.0 102.0 31.0 0.19 0.15 0.04 -0.42 -0.31 -1.01
65 58.0 545.0 100.0 29.0 0.16 0.09 0.05 -0.37 -0.36 -0.96
66 63.0 633.0 101.0 31.0 0.1 -0.01 0.06 -0.18 -0.32 -0.87
67 54.0 614.0 101.0 29.0 0.08 -0.06 0.06 0.0 -0.25 -0.75
68 48.0 578.0 110.0 28.0 0.07 -0.05 0.05 0.05 -0.17 -0.76
69 47.0 565.0 101.0 27.0 0.03 0.02 0.05 0.11 -0.11 -0.54
70 47.0 534.0 97.0 30.0 -0.01 0.08 0.02 -0.01 -0.09 -0.42
71 46.0 516.0 101.0 29.0 -0.02 0.09 0.01 -0.05 0.06 -0.47
72 40.0 483.0 100.0 29.0 -0.04 0.09 0.0 0.07 0.03 -0.4
73 46.0 513.0 104.0 27.0 -0.03 0.08 -0.0 0.05 0.08 -0.19
74 43.0 470.0 102.0 26.0 -0.02 0.07 -0.01 0.12 0.09 -0.14
75 38.0 450.0 102.0 26.0 -0.02 0.07 -0.01 0.16 0.17 -0.15
76 42.0 429.0 98.0 26.0 -0.01 0.08 -0.03 0.1 0.29 -0.01
77 38.0 429.0 97.0 25.0 -0.03 0.07 -0.03 0.13 0.3 0.0
78 49.0 464.0 103.0 28.0 -0.03 0.08 -0.04 -0.04 0.31 -0.02
79 43.0 417.0 98.0 29.0 -0.03 0.07 -0.03 -0.08 0.31 0.01
80 50.0 480.0 100.0 27.0 -0.03 0.05 -0.02 -0.01 0.25 0.14
81 44.0 440.0 106.0 26.0 -0.01 0.0 -0.01 -0.05 0.16 0.2
82 45.0 445.0 110.0 26.0 -0.01 -0.0 -0.0 0.0 0.19 0.07
83 40.0 407.0 103.0 25.0 -0.01 0.03 0.01 -0.05 0.16 0.09
84 36.0 430.0 95.0 25.0 -0.01 0.06 0.0 0.0 0.18 -0.01
85 42.0 511.0 101.0 25.0 -0.02 0.05 0.0 -0.02 0.11 -0.02
86 37.0 453.0 104.0 24.0 -0.02 0.03 0.01 0.0 0.13 -0.1
87 36.0 511.0 99.0 24.0 -0.02 -0.01 0.03 0.0 0.1 -0.04
88 43.0 479.0 97.0 24.0 -0.02 -0.05 0.03 0.13 0.06 0.1
89 39.0 454.0 93.0 25.0 -0.02 -0.04 0.02 0.17 0.1 0.06
90 35.0 485.0 96.0 25.0 -0.03 -0.03 -0.0 0.16 0.08 0.03
91 35.0 523.0 96.0 26.0 -0.03 0.01 -0.02 0.19 0.05 -0.04
92 33.0 461.0 101.0 28.0 -0.03 0.02 -0.02 0.03 0.02 0.04
93 31.0 417.0 95.0 25.0 -0.01 0.04 -0.03 -0.04 0.04 0.05
94 59.0 522.0 107.0 25.0 0.01 0.01 -0.04 0.0 0.04 -0.02
95 53.0 446.0 105.0 23.0 0.02 0.0 -0.04 0.03 0.04 -0.1
96 53.0 409.0 112.0 25.0 0.01 0.0 -0.03 0.13 0.03 -0.15
97 61.0 461.0 114.0 24.0 -0.01 0.0 -0.02 0.11 0.08 -0.12
98 55.0 506.0 111.0 25.0 -0.02 0.02 -0.03 0.01 0.06 -0.14
99 51.0 452.0 105.0 24.0 -0.02 0.05 -0.04 -0.06 0.16 -0.19
100 48.0 429.0 103.0 24.0 -0.0 0.04 -0.04 -0.02 0.16 -0.12
101 48.0 437.0 122.0 24.0 0.0 0.02 -0.05 -0.11 0.17 -0.07
102 47.0 421.0 119.0 25.0 -0.0 0.02 -0.06 -0.15 0.15 -0.11
103 41.0 402.0 122.0 25.0 -0.01 0.02 -0.05 -0.15 0.12 -0.06
104 36.0 420.0 129.0 24.0 -0.0 0.02 -0.05 -0.2 0.1 -0.08
105 34.0 387.0 125.0 24.0 -0.0 0.02 -0.05 -0.16 0.14 -0.08
106 35.0 368.0 119.0 25.0 0.01 0.01 -0.04 -0.17 0.09 -0.02
107 45.0 379.0 128.0 26.0 0.01 0.02 -0.04 -0.18 0.08 -0.05
108 43.0 329.0 118.0 25.0 0.03 0.03 -0.03 -0.19 0.09 -0.1
109 42.0 311.0 111.0 25.0 0.04 0.01 -0.03 -0.12 0.08 -0.08
110 36.0 380.0 104.0 24.0 0.04 0.01 -0.03 -0.06 0.11 -0.18
111 32.0 337.0 97.0 24.0 0.03 0.03 -0.03 0.02 0.11 -0.29
112 40.0 289.0 92.0 24.0 0.0 0.05 -0.03 0.07 0.05 -0.23
113 50.0 277.0 99.0 24.0 -0.01 0.05 -0.02 -0.01 0.0 -0.18
114 44.0 272.0 89.0 25.0 -0.01 0.02 -0.02 -0.03 -0.11 -0.25
115 46.0 272.0 83.0 24.0 -0.01 -0.01 -0.02 0.07 -0.25 -0.34
116 46.0 233.0 85.0 24.0 -0.02 -0.02 -0.02 0.06 -0.35 -0.37
117 44.0 207.0 80.0 24.0 -0.05 -0.02 -0.03 0.16 -0.56 -0.55
118 44.0 201.0 74.0 23.0 -0.09 -0.03 -0.04 0.08 -0.72 -0.67
119 39.0 225.0 67.0 24.0 -0.12 -0.03 -0.06 0.14 -0.77 -0.75
120 36.0 219.0 63.0 24.0 -0.21 0.01 -0.08 0.36 -0.81 -1.05
121 37.0 216.0 61.0 24.0 -0.27 0.07 -0.1 0.15 -0.81 -1.62
122 32.0 196.0 59.0 23.0 -0.3 0.05 -0.1 0.06 -0.93 -1.68
123 33.0 191.0 62.0 24.0 -0.36 -0.03 -0.11 0.06 -1.0 -1.69
124 49.0 182.0 63.0 24.0 -0.41 -0.08 -0.12 0.04 -1.06 -1.23
125 50.0 185.0 59.0 24.0 -0.44 -0.06 -0.12 0.0 -1.01 -1.12
126 53.0 174.0 56.0 23.0 -0.53 0.0 -0.13 -0.05 -0.87 -0.93
127 57.0 167.0 55.0 24.0 -0.65 0.04 -0.14 0.04 -0.85 -0.84
128 70.0 158.0 56.0 24.0 -0.72 0.06 -0.16 -0.1 -0.88 -0.83
129 69.0 161.0 55.0 24.0 -0.83 0.07 -0.18 -0.15 -0.98 -0.96
130 115.0 142.0 53.0 24.0 -0.92 -0.0 -0.22 0.02 -0.75 -0.97
131 104.0 156.0 59.0 23.0 -0.93 -0.03 -0.23 -0.12 -0.41 -1.21
132 109.0 146.0 62.0 24.0 -1.07 -0.11 -0.27 -0.14 -0.14 -1.17
133 99.0 137.0 61.0 23.0 -1.18 -0.18 -0.28 0.0 -0.1 -0.49
134 95.0 126.0 58.0 23.0 -1.41 -0.31 -0.31 -0.29 0.06 -0.42
135 91.0 116.0 57.0 24.0 -1.63 -0.53 -0.35 -0.43 0.07 -0.28
136 88.0 109.0 55.0 24.0 -1.75 -0.74 -0.32 0.04 0.53 0.26
137 86.0 106.0 55.0 24.0 -1.98 -0.76 -0.39 -0.04 0.75 0.28
138 73.0 114.0 55.0 24.0 -2.15 -0.8 -0.48 0.31 0.9 0.5
139 77.0 128.0 58.0 24.0 -2.18 -0.82 -0.5 0.45 0.93 0.02
140 66.0 129.0 62.0 28.0 -2.16 -0.41 -0.54 0.4 0.56 0.0
141 58.0 126.0 63.0 28.0 -1.99 -0.01 -0.61 0.35 0.36 -0.54
142 52.0 120.0 76.0 28.0 -1.89 0.05 -0.64 0.12 0.26 0.02
143 45.0 123.0 75.0 38.0 -1.81 0.15 -0.6 0.21 0.33 0.13
144 38.0 117.0 72.0 42.0 -1.76 0.34 -0.63 0.32 0.26 0.09
145 34.0 106.0 70.0 37.0 -1.75 0.4 -0.66 0.46 0.05 -1.14
146 29.0 102.0 70.0 34.0 -1.75 0.39 -0.69 -1.36 0.83 0.3
147 27.0 97.0 73.0 31.0 0.53 0.74 -1.0 4.43 1.51 0.97
148 24.0 91.0 83.0 30.0 0.31 -0.26 -0.27 3.18 0.18 -2.58
149 23.0 87.0 86.0 29.0 0.67 -0.24 -0.17 -0.22 -1.1 -2.52
150 21.0 82.0 86.0 28.0 0.93 0.63 -0.2 0.22 0.98 0.59
151 20.0 80.0 82.0 27.0 0.65 0.8 -0.25 0.09 0.41 0.38
152 19.0 78.0 82.0 26.0 0.01 0.59 -0.42 -0.27 0.2 0.16
153 19.0 76.0 79.0 25.0 -0.22 0.34 -0.27 -0.96 -0.27 0.1
154 19.0 74.0 82.0 27.0 -0.09 0.13 -0.21 -0.32 0.02 -0.3
155 18.0 73.0 89.0 24.0 0.25 0.01 -0.1 -0.07 -0.17 -0.24
156 17.0 72.0 94.0 25.0 0.25 0.05 -0.03 0.1 -0.07 -0.01
157 18.0 72.0 90.0 24.0 0.17 0.06 -0.03 0.45 -0.09 0.22
158 17.0 70.0 88.0 24.0 0.1 0.0 0.04 0.52 0.09 0.2
159 17.0 69.0 91.0 24.0 0.06 0.09 0.06 0.31 0.26 0.04
160 17.0 69.0 94.0 24.0 0.04 0.14 0.05 0.12 0.21 0.0
161 17.0 69.0 91.0 24.0 -0.02 0.17 0.04 -0.04 0.16 0.09
162 17.0 70.0 90.0 24.0 -0.01 0.21 0.01 -0.15 0.19 0.02
