1 16.0 69.0 75.0 25.0 0.01 -0.01 -0.01 -0.02 0.1 -0.04
2 16.0 70.0 76.0 24.0 0.01 0.01 -0.01 -0.04 0.07 -0.05
3 17.0 69.0 74.0 26.0 0.01 0.0 -0.02 -0.05 0.05 0.0
4 16.0 69.0 75.0 25.0 0.01 0.01 -0.02 -0.08 0.05 -0.03
5 16.0 68.0 76.0 25.0 0.01 0.0 -0.02 -0.06 0.06 -0.04
6 17.0 69.0 73.0 24.0 0.02 0.0 -0.02 -0.01 0.07 0.0
7 16.0 68.0 72.0 26.0 0.02 0.0 -0.02 -0.02 0.06 -0.06
8 16.0 68.0 74.0 25.0 0.03 0.01 -0.02 -0.03 0.06 -0.05
9 16.0 68.0 73.0 24.0 0.03 0.01 -0.02 -0.07 0.08 0.0
10 14.0 68.0 79.0 26.0 0.03 0.01 -0.02 -0.04 0.05 0.0
11 17.0 69.0 75.0 26.0 0.02 -0.0 -0.01 -0.02 0.04 -0.02
12 16.0 69.0 71.0 25.0 0.01 0.0 -0.01 0.0 0.06 0.02
13 16.0 70.0 71.0 25.0 0.01 0.0 -0.0 -0.05 0.09 -0.01
14 16.0 71.0 66.0 27.0 0.01 0.0 -0.0 -0.05 0.08 -0.01
15 16.0 91.0 67.0 27.0 -0.0 0.0 0.0 0.0 0.13 0.03
16 22.0 133.0 66.0 26.0 -0.01 0.0 0.0 0.04 0.09 -0.01
17 25.0 162.0 62.0 30.0 -0.03 0.0 0.01 0.03 0.06 0.0
18 44.0 183.0 60.0 34.0 -0.04 -0.01 0.02 0.0 0.03 0.06
19 47.0 170.0 59.0 32.0 -0.06 -0.02 0.03 -0.07 0.0 -0.04
20 52.0 154.0 57.0 30.0 -0.07 -0.07 0.03 -0.04 0.03 0.08
21 73.0 144.0 57.0 39.0 -0.11 -0.09 0.03 -0.1 0.18 0.1
22 70.0 134.0 57.0 88.0 -0.15 -0.11 0.03 0.21 0.24 0.19
23 82.0 167.0 57.0 80.0 -0.23 -0.13 0.04 0.29 0.26 0.39
24 99.0 170.0 60.0 89.0 -0.34 -0.14 0.08 0.2 0.04 0.49
25 113.0 225.0 59.0 89.0 -0.35 -0.08 0.09 0.02 0.1 0.63
26 104.0 331.0 57.0 126.0 -0.3 -0.01 0.08 0.0 0.09 0.64
27 91.0 323.0 58.0 119.0 -0.14 0.08 0.05 -0.4 0.12 0.18
28 76.0 332.0 59.0 122.0 -0.06 -0.0 0.01 -0.24 -0.1 0.35
29 71.0 349.0 64.0 109.0 0.08 -0.24 0.01 -0.43 0.14 1.17
30 63.0 317.0 63.0 94.0 0.23 -0.18 0.05 -0.03 0.26 2.17
31 59.0 390.0 61.0 81.0 0.36 0.07 0.08 -2.93 -0.72 2.6
32 56.0 400.0 59.0 68.0 0.73 0.39 0.09 -0.75 0.9 2.72
33 54.0 414.0 64.0 60.0 1.05 -0.14 0.17 -0.52 0.81 1.96
34 52.0 470.0 68.0 50.0 1.3 -0.15 0.26 -0.54 0.88 1.99
35 48.0 496.0 69.0 47.0 1.46 -0.13 0.28 -0.63 0.81 2.18
36 44.0 473.0 70.0 42.0 1.7 0.01 0.31 -0.53 0.59 2.32
37 54.0 633.0 70.0 42.0 1.78 0.05 0.33 -0.52 0.43 1.91
38 55.0 610.0 67.0 39.0 1.8 0.07 0.39 -0.39 0.55 1.64
39 49.0 668.0 68.0 45.0 1.76 0.03 0.43 -0.08 0.57 0.41
40 48.0 700.0 91.0 41.0 1.74 -0.06 0.43 -0.06 0.43 -0.08
41 64.0 780.0 90.0 38.0 1.76 -0.24 0.44 -0.17 0.38 -0.42
42 61.0 716.0 101.0 36.0 1.85 -0.4 0.46 -0.05 0.28 -0.12
43 58.0 680.0 100.0 33.0 1.81 -0.43 0.48 0.18 0.27 -0.18
44 55.0 613.0 118.0 32.0 1.6 -0.4 0.55 0.22 0.13 -0.17
45 60.0 605.0 119.0 31.0 1.28 -0.38 0.62 -0.02 0.03 -0.33
46 66.0 694.0 129.0 29.0 1.2 -0.54 0.6 -0.02 -0.12 -0.8
47 78.0 692.0 135.0 29.0 1.07 -0.68 0.57 0.0 -0.12 -1.09
48 66.0 600.0 159.0 28.0 1.04 -0.65 0.57 0.17 -0.14 -1.44
49 60.0 652.0 148.0 27.0 0.92 -0.6 0.62 0.06 -0.34 -0.96
50 67.0 659.0 132.0 29.0 0.85 -0.54 0.63 0.17 -0.46 -0.59
51 64.0 699.0 131.0 28.0 0.75 -0.47 0.58 -0.02 -0.38 -1.14
52 68.0 678.0 152.0 30.0 0.69 -0.54 0.56 -0.18 -0.38 -1.87
53 70.0 644.0 150.0 28.0 0.63 -0.65 0.51 -0.16 -0.48 -1.8
54 61.0 583.0 145.0 27.0 0.51 -0.74 0.46 0.2 -0.65 -1.25
55 56.0 548.0 141.0 26.0 0.47 -0.7 0.44 0.09 -0.72 -0.81
56 51.0 502.0 147.0 26.0 0.36 -0.51 0.38 0.0 -0.73 -0.86
57 60.0 564.0 149.0 26.0 0.25 -0.36 0.32 -0.12 -0.71 -1.52
58 65.0 542.0 152.0 25.0 0.21 -0.34 0.29 -0.15 -0.71 -1.67
59 60.0 562.0 152.0 25.0 0.16 -0.36 0.26 -0.2 -0.81 -1.44
60 65.0 544.0 140.0 30.0 0.15 -0.37 0.22 -0.19 -0.8 -0.82
61 65.0 622.0 144.0 30.0 0.13 -0.33 0.19 -0.22 -0.63 -1.07
62 67.0 613.0 136.0 30.0 0.1 -0.17 0.16 -0.24 -0.63 -1.2
63 76.0 622.0 130.0 29.0 0.06 0.03 0.14 -0.26 -0.54 -1.11
64 72.0 579.0 124.0 30.0 0.07 0.23 0.13 -0.38 -0.42 -0.71
65 69.0 554.0 123.0 31.0 0.06 0.29 0.12 -0.39 -0.44 -0.58
66 65.0 596.0 120.0 29.0 0.07 0.3 0.09 -0.38 -0.13 -0.39
67 62.0 570.0 123.0 28.0 0.07 0.27 0.07 -0.3 0.14 -0.51
68 56.0 555.0 125.0 29.0 0.05 0.21 0.08 -0.25 0.14 -0.44
69 60.0 563.0 123.0 28.0 0.01 0.21 0.08 -0.24 0.24 -0.18
70 63.0 581.0 121.0 28.0 -0.02 0.19 0.09 -0.06 0.23 -0.18
71 59.0 536.0 139.0 27.0 -0.05 0.05 0.08 -0.02 0.12 -0.11
72 53.0 489.0 133.0 27.0 -0.05 -0.04 0.06 0.06 0.12 -0.09
73 58.0 490.0 128.0 27.0 -0.05 -0.07 0.04 0.04 0.11 0.07
74 54.0 489.0 115.0 27.0 -0.05 -0.02 0.02 -0.01 0.08 0.15
75 51.0 448.0 113.0 26.0 -0.06 0.04 -0.01 0.03 0.14 0.03
76 63.0 468.0 109.0 26.0 -0.06 0.04 -0.02 0.19 0.26 -0.09
77 61.0 445.0 121.0 26.0 -0.05 0.04 -0.01 0.07 0.21 -0.18
78 61.0 459.0 116.0 25.0 -0.03 -0.01 0.01 -0.11 0.27 0.11
79 54.0 448.0 113.0 25.0 -0.01 -0.02 0.0 0.09 0.27 0.17
80 51.0 454.0 110.0 26.0 0.0 -0.0 0.0 0.05 0.24 -0.1
81 54.0 468.0 120.0 27.0 0.0 0.02 -0.01 0.08 0.22 -0.2
82 61.0 465.0 120.0 27.0 -0.01 0.02 -0.02 0.12 0.16 -0.22
83 59.0 427.0 112.0 26.0 -0.02 0.06 -0.03 0.09 0.13 -0.16
84 53.0 452.0 106.0 26.0 -0.01 0.08 -0.04 -0.14 0.19 0.03
85 52.0 436.0 106.0 25.0 -0.01 0.08 -0.05 -0.15 0.19 -0.06
86 46.0 403.0 119.0 26.0 -0.01 0.1 -0.05 -0.2 0.18 -0.14
87 44.0 440.0 124.0 26.0 -0.02 0.03 -0.05 -0.19 0.04 -0.08
88 41.0 430.0 118.0 25.0 -0.01 0.0 -0.04 -0.16 0.0 -0.13
89 58.0 424.0 115.0 24.0 -0.01 -0.0 -0.02 -0.15 0.06 -0.15
90 60.0 445.0 110.0 24.0 0.0 0.04 -0.01 -0.16 0.07 -0.12
91 51.0 448.0 118.0 25.0 0.01 0.05 -0.0 -0.13 0.07 0.03
92 51.0 406.0 118.0 25.0 0.0 0.05 -0.0 -0.06 0.11 0.05
93 48.0 426.0 111.0 25.0 0.0 0.03 -0.02 -0.05 0.15 -0.04
94 45.0 488.0 114.0 27.0 0.01 0.01 -0.03 0.01 0.08 -0.15
95 40.0 450.0 105.0 26.0 -0.0 0.01 -0.03 0.0 0.05 -0.18
96 37.0 413.0 114.0 25.0 -0.01 0.0 -0.03 -0.06 0.06 -0.16
97 48.0 463.0 113.0 25.0 -0.01 0.01 -0.03 -0.04 0.05 -0.2
98 56.0 455.0 103.0 26.0 -0.02 0.03 -0.04 -0.09 0.1 -0.08
99 60.0 445.0 104.0 25.0 -0.01 0.05 -0.04 -0.11 0.15 -0.14
100 50.0 417.0 103.0 26.0 -0.01 0.05 -0.04 -0.11 0.16 -0.19
101 45.0 455.0 104.0 25.0 -0.01 0.04 -0.04 -0.09 0.15 -0.2
102 42.0 432.0 110.0 26.0 -0.02 0.0 -0.03 -0.1 0.16 -0.09
103 39.0 409.0 108.0 27.0 -0.02 -0.0 -0.02 -0.08 0.14 -0.06
104 36.0 375.0 102.0 26.0 -0.01 -0.02 -0.01 -0.05 0.11 -0.06
105 38.0 352.0 101.0 25.0 -0.02 -0.02 -0.01 -0.03 0.17 -0.12
106 41.0 365.0 95.0 25.0 -0.01 -0.01 -0.01 0.01 0.2 -0.15
107 37.0 344.0 102.0 25.0 -0.02 0.01 -0.03 -0.03 0.13 -0.13
108 34.0 339.0 97.0 25.0 -0.02 -0.0 -0.03 -0.06 0.13 -0.05
109 37.0 324.0 105.0 26.0 -0.02 -0.01 -0.03 -0.06 0.11 -0.07
110 39.0 317.0 96.0 26.0 -0.01 -0.02 -0.03 -0.11 0.12 -0.01
111 40.0 347.0 89.0 26.0 -0.01 -0.01 -0.02 -0.1 0.13 -0.06
112 37.0 332.0 101.0 25.0 -0.01 -0.01 -0.02 -0.08 0.13 -0.18
113 35.0 344.0 112.0 26.0 -0.01 -0.02 0.0 -0.05 0.11 -0.14
114 35.0 349.0 109.0 25.0 -0.01 -0.02 0.01 -0.04 0.06 -0.07
115 40.0 317.0 102.0 27.0 -0.01 -0.01 0.01 -0.06 0.03 -0.11
116 46.0 360.0 92.0 28.0 -0.01 -0.02 0.0 -0.05 0.02 -0.12
117 40.0 338.0 88.0 27.0 -0.02 -0.01 0.0 -0.05 0.04 -0.2
118 48.0 330.0 94.0 26.0 -0.03 0.0 -0.0 -0.06 0.05 -0.3
119 47.0 306.0 84.0 26.0 -0.04 0.01 -0.01 -0.05 -0.05 -0.36
120 63.0 324.0 81.0 26.0 -0.05 -0.0 -0.02 -0.07 -0.18 -0.47
121 59.0 275.0 77.0 26.0 -0.06 0.0 -0.02 -0.07 -0.27 -0.56
122 63.0 251.0 75.0 25.0 -0.08 0.06 -0.03 -0.16 -0.49 -0.8
123 54.0 227.0 69.0 25.0 -0.14 0.11 -0.03 -0.24 -0.77 -0.98
124 47.0 210.0 64.0 24.0 -0.17 0.13 -0.03 -0.23 -0.82 -1.08
125 62.0 193.0 60.0 25.0 -0.28 0.14 -0.02 -0.07 -0.97 -1.22
126 56.0 177.0 58.0 24.0 -0.47 0.14 -0.05 0.04 -1.04 -1.98
127 48.0 158.0 55.0 24.0 -0.47 0.14 -0.05 0.02 -1.03 -2.23
128 46.0 143.0 53.0 24.0 -0.69 0.13 -0.08 0.05 -1.12 -2.28
129 45.0 135.0 53.0 24.0 -1.07 0.12 -0.17 0.03 -0.9 -2.08
130 76.0 127.0 52.0 24.0 -1.07 0.12 -0.17 -0.01 -0.85 -1.84
131 73.0 119.0 52.0 24.0 -1.42 -0.0 -0.29 0.13 -0.56 -1.34
132 73.0 140.0 52.0 24.0 -1.68 -0.04 -0.34 0.1 -0.26 -1.34
133 79.0 145.0 52.0 24.0 -1.68 -0.04 -0.34 0.05 -0.01 -1.39
134 84.0 143.0 54.0 24.0 -1.95 -0.12 -0.38 0.06 0.02 -1.49
135 85.0 135.0 54.0 24.0 -2.14 -0.26 -0.36 -0.46 0.07 -1.43
136 81.0 124.0 56.0 34.0 -2.18 -0.3 -0.35 -0.63 -0.05 -1.19
137 78.0 118.0 60.0 33.0 -2.21 -0.22 -0.29 -0.41 -0.02 -0.26
138 67.0 111.0 61.0 32.0 -2.12 0.0 -0.26 0.28 0.23 0.14
139 74.0 108.0 67.0 30.0 -2.11 0.24 -0.25 0.49 0.34 0.56
140 82.0 106.0 67.0 29.0 -2.0 0.42 -0.2 -0.21 0.23 0.7
141 76.0 112.0 65.0 28.0 -1.94 0.45 -0.3 -0.28 0.37 0.35
142 66.0 103.0 64.0 27.0 -1.89 0.4 -0.3 -0.02 0.31 -0.18
143 55.0 103.0 70.0 27.0 -1.75 0.2 -0.35 -0.18 0.32 -0.73
144 47.0 93.0 72.0 32.0 -1.74 0.1 -0.43 -0.61 0.08 -1.02
145 39.0 88.0 73.0 30.0 -1.72 0.03 -0.48 -0.53 0.01 -1.1
146 37.0 84.0 75.0 29.0 -1.67 -0.05 -0.47 -0.3 0.01 -1.28
147 31.0 82.0 88.0 28.0 -1.65 0.7 -0.23 3.0 0.31 -2.92
148 27.0 81.0 91.0 27.0 -1.27 1.13 -0.13 -3.15 -1.62 0.18
149 26.0 79.0 93.0 26.0 1.72 0.31 -0.09 14.12 9.36 4.43
150 25.0 80.0 95.0 26.0 0.42 0.63 -0.33 -2.08 -1.34 -2.93
151 23.0 77.0 90.0 25.0 0.48 0.71 -0.22 -0.39 0.13 -2.08
152 22.0 75.0 92.0 25.0 0.56 0.97 -0.36 -1.53 1.55 0.23
153 21.0 74.0 87.0 24.0 0.46 0.45 -0.38 0.32 0.3 0.27
154 20.0 72.0 98.0 24.0 0.29 0.22 -0.21 0.62 0.42 0.22
