1 21.0 92.0 69.0 25.0 -0.0 -0.0 -0.01 -0.08 0.05 -0.03
2 23.0 92.0 70.0 25.0 0.0 -0.01 -0.01 -0.03 0.05 0.01
3 21.0 92.0 71.0 25.0 0.0 -0.01 -0.0 -0.03 0.03 -0.02
4 22.0 92.0 67.0 26.0 -0.0 -0.01 -0.0 -0.01 0.06 -0.02
5 21.0 93.0 67.0 26.0 0.0 -0.0 0.0 -0.03 0.05 -0.01
6 21.0 92.0 66.0 25.0 -0.0 -0.0 0.0 -0.08 0.07 0.0
7 20.0 92.0 69.0 25.0 -0.01 -0.01 0.01 -0.04 0.11 -0.02
8 20.0 92.0 65.0 25.0 -0.02 -0.01 0.01 -0.01 0.07 0.0
9 20.0 92.0 65.0 25.0 -0.02 -0.01 0.02 -0.01 0.03 0.0
10 20.0 92.0 66.0 25.0 -0.03 -0.0 0.02 -0.07 0.04 -0.03
11 21.0 91.0 64.0 26.0 -0.03 0.0 0.01 -0.03 0.06 -0.01
12 21.0 91.0 60.0 26.0 -0.02 0.01 0.02 -0.09 0.04 -0.06
13 21.0 92.0 70.0 27.0 -0.01 -0.0 0.02 -0.04 0.06 -0.05
14 23.0 91.0 73.0 28.0 -0.01 0.0 0.01 -0.05 0.06 -0.01
15 21.0 91.0 69.0 30.0 -0.01 0.01 0.01 -0.1 0.08 0.0
16 21.0 91.0 68.0 30.0 -0.01 0.01 0.01 -0.06 0.11 0.0
17 21.0 92.0 66.0 30.0 -0.01 0.01 0.0 -0.08 0.06 -0.01
18 23.0 93.0 62.0 30.0 -0.02 -0.0 0.01 -0.05 0.09 0.0
19 27.0 93.0 62.0 35.0 -0.02 -0.0 0.01 0.0 0.07 -0.02
20 34.0 96.0 61.0 34.0 -0.02 -0.0 0.01 0.09 0.08 0.02
21 47.0 108.0 58.0 42.0 -0.04 0.01 0.01 -0.09 0.05 -0.06
22 52.0 106.0 55.0 40.0 -0.03 0.01 0.01 -0.29 0.04 -0.08
23 47.0 128.0 54.0 43.0 -0.04 -0.03 -0.0 -0.11 0.11 0.0
24 55.0 174.0 54.0 62.0 -0.06 -0.07 -0.02 -0.16 0.06 -0.11
25 64.0 209.0 54.0 67.0 -0.04 -0.12 -0.02 -0.14 0.08 -0.13
26 79.0 281.0 55.0 79.0 -0.02 -0.23 0.02 0.48 -0.13 -0.1
27 82.0 289.0 62.0 82.0 0.06 -0.27 0.1 0.42 -0.26 -0.22
28 90.0 296.0 65.0 77.0 0.07 -0.26 0.15 0.07 -0.25 -0.12
29 102.0 301.0 62.0 66.0 0.08 -0.27 0.26 0.53 0.05 0.38
30 120.0 287.0 64.0 97.0 0.08 -0.1 0.26 0.04 0.21 0.37
31 111.0 362.0 68.0 108.0 0.09 0.06 0.22 0.19 0.43 0.52
32 102.0 426.0 69.0 93.0 0.16 0.33 0.13 0.31 0.52 0.29
33 87.0 418.0 71.0 134.0 0.17 0.45 0.08 0.07 0.35 0.32
34 71.0 368.0 70.0 116.0 0.23 0.63 0.01 -0.04 0.39 0.54
35 68.0 406.0 71.0 104.0 0.37 0.85 -0.01 -0.43 0.04 1.45
36 56.0 396.0 77.0 86.0 0.51 0.87 -0.01 -1.04 0.5 2.23
37 48.0 388.0 79.0 95.0 0.6 0.83 0.01 -1.22 0.54 2.37
38 47.0 444.0 77.0 82.0 0.78 0.51 0.09 -1.64 -0.26 2.32
39 44.0 453.0 74.0 71.0 0.92 0.21 0.14 -1.06 1.0 1.84
40 43.0 463.0 72.0 60.0 0.98 0.22 0.18 -0.91 1.17 1.49
41 42.0 503.0 76.0 61.0 1.08 0.31 0.27 -0.69 1.09 1.14
42 44.0 517.0 81.0 66.0 1.13 0.37 0.28 -0.74 0.76 0.92
43 45.0 518.0 91.0 64.0 1.23 0.32 0.3 -0.56 0.64 1.08
44 43.0 509.0 86.0 59.0 1.26 0.14 0.36 -0.48 0.23 0.9
45 56.0 518.0 89.0 52.0 1.21 0.03 0.43 0.07 0.38 0.8
46 60.0 585.0 92.0 49.0 1.05 0.08 0.57 0.03 0.34 0.61
47 58.0 692.0 100.0 43.0 1.08 0.18 0.64 0.02 0.3 -0.2
48 54.0 746.0 119.0 41.0 1.08 0.17 0.66 -0.27 0.05 -0.26
49 60.0 717.0 126.0 40.0 1.1 0.09 0.7 -0.14 -0.03 -0.3
50 56.0 649.0 122.0 40.0 0.99 -0.18 0.76 0.01 -0.34 -0.26
51 59.0 657.0 113.0 52.0 0.94 -0.27 0.76 0.14 -0.1 0.05
52 53.0 604.0 115.0 46.0 0.82 -0.25 0.75 0.34 -0.27 -0.02
53 48.0 555.0 114.0 53.0 0.82 -0.12 0.69 0.32 -0.32 -0.63
54 54.0 671.0 126.0 49.0 0.85 -0.07 0.67 0.34 -0.18 -1.15
55 55.0 664.0 133.0 49.0 0.84 0.1 0.66 0.08 -0.35 -1.22
56 54.0 603.0 128.0 44.0 0.79 0.08 0.63 0.01 -0.23 -0.65
57 65.0 685.0 122.0 50.0 0.74 0.01 0.62 -0.05 -0.29 -0.39
58 78.0 660.0 131.0 48.0 0.67 -0.13 0.57 -0.02 -0.33 -0.45
59 78.0 731.0 130.0 45.0 0.62 -0.21 0.52 0.11 -0.31 -0.41
60 77.0 701.0 127.0 46.0 0.61 -0.22 0.5 -0.05 -0.35 -0.44
61 79.0 764.0 124.0 41.0 0.6 -0.2 0.44 0.11 -0.26 -0.74
62 102.0 808.0 130.0 51.0 0.53 -0.23 0.4 -0.15 -0.5 -0.54
63 88.0 720.0 126.0 45.0 0.52 -0.22 0.38 -0.04 -0.5 -0.56
64 83.0 673.0 127.0 41.0 0.5 -0.17 0.34 -0.18 -0.52 -0.51
65 81.0 682.0 123.0 40.0 0.48 -0.18 0.31 -0.04 -0.56 -0.23
66 85.0 654.0 126.0 42.0 0.47 -0.19 0.28 0.04 -0.53 -0.38
67 82.0 667.0 120.0 39.0 0.46 -0.2 0.23 0.1 -0.57 -0.43
68 77.0 639.0 115.0 39.0 0.47 -0.17 0.19 0.11 -0.63 -0.53
69 70.0 678.0 105.0 36.0 0.47 -0.15 0.18 0.09 -0.67 -0.34
70 70.0 738.0 108.0 36.0 0.46 -0.11 0.15 -0.06 -0.62 -0.59
71 68.0 661.0 114.0 35.0 0.41 -0.1 0.1 0.04 -0.6 -0.97
72 66.0 685.0 121.0 37.0 0.37 -0.09 0.09 0.13 -0.63 -0.97
73 62.0 634.0 123.0 36.0 0.29 -0.03 0.06 0.12 -0.64 -1.04
74 61.0 595.0 115.0 34.0 0.22 0.02 0.05 -0.01 -0.66 -1.05
75 56.0 596.0 121.0 32.0 0.2 0.04 0.04 0.03 -0.62 -0.96
76 50.0 575.0 121.0 31.0 0.17 0.08 0.02 -0.01 -0.59 -0.93
77 47.0 527.0 121.0 30.0 0.14 0.1 -0.01 0.15 -0.36 -0.87
78 41.0 571.0 116.0 29.0 0.11 0.13 -0.02 0.11 -0.2 -0.96
79 37.0 516.0 122.0 30.0 0.05 0.16 -0.03 0.12 -0.14 -0.88
80 34.0 469.0 119.0 31.0 -0.02 0.15 -0.05 0.11 -0.06 -0.64
81 35.0 507.0 111.0 30.0 -0.05 0.12 -0.05 -0.01 0.05 -0.65
82 34.0 495.0 102.0 28.0 -0.1 0.05 -0.06 0.07 0.08 -0.65
83 37.0 447.0 106.0 28.0 -0.14 0.05 -0.07 0.09 0.15 -0.55
84 38.0 483.0 112.0 27.0 -0.15 0.06 -0.07 0.07 0.16 -0.2
85 31.0 437.0 103.0 26.0 -0.17 0.07 -0.07 0.02 0.18 -0.1
86 31.0 433.0 99.0 26.0 -0.17 0.06 -0.06 -0.03 0.22 0.13
87 28.0 412.0 97.0 27.0 -0.18 0.05 -0.06 -0.03 0.24 0.14
88 28.0 378.0 101.0 28.0 -0.17 0.03 -0.06 0.0 0.31 0.19
89 26.0 384.0 104.0 26.0 -0.14 0.04 -0.07 0.01 0.36 0.09
90 26.0 429.0 100.0 26.0 -0.13 0.07 -0.06 -0.04 0.36 0.07
91 28.0 408.0 109.0 26.0 -0.1 0.12 -0.04 -0.11 0.3 0.25
92 27.0 387.0 101.0 25.0 -0.09 0.09 -0.02 -0.06 0.32 0.3
93 35.0 422.0 103.0 26.0 -0.08 0.05 -0.02 -0.02 0.28 0.19
94 39.0 485.0 104.0 28.0 -0.05 -0.01 -0.0 0.07 0.29 0.18
95 38.0 477.0 102.0 27.0 -0.03 -0.0 -0.0 0.04 0.32 0.37
96 35.0 460.0 99.0 26.0 -0.01 0.0 -0.01 0.06 0.26 0.32
97 32.0 446.0 98.0 26.0 0.01 0.02 -0.03 0.19 0.22 0.29
98 31.0 465.0 104.0 25.0 0.05 0.06 -0.04 0.01 0.13 0.18
99 32.0 455.0 104.0 26.0 0.06 0.07 -0.04 0.0 0.1 0.15
100 40.0 539.0 98.0 28.0 0.09 0.06 -0.04 -0.19 0.07 -0.12
101 38.0 496.0 93.0 27.0 0.08 0.07 -0.03 -0.22 0.02 -0.23
102 46.0 471.0 98.0 26.0 0.08 0.04 -0.02 -0.18 -0.07 -0.43
103 45.0 459.0 111.0 26.0 0.04 -0.01 0.01 -0.09 -0.08 -0.34
104 41.0 447.0 103.0 27.0 0.01 -0.01 0.03 0.1 -0.05 -0.41
105 44.0 469.0 101.0 26.0 -0.02 -0.0 0.02 0.19 -0.06 -0.5
106 42.0 420.0 98.0 28.0 -0.04 -0.03 -0.0 0.15 -0.03 -0.48
107 39.0 475.0 113.0 27.0 -0.07 -0.05 -0.02 0.1 0.0 -0.18
108 37.0 443.0 106.0 27.0 -0.08 -0.04 -0.04 0.01 0.05 0.04
109 34.0 460.0 94.0 28.0 -0.08 0.01 -0.07 -0.1 0.04 0.02
110 35.0 412.0 89.0 28.0 -0.07 0.04 -0.08 -0.21 0.08 -0.02
111 33.0 396.0 96.0 27.0 -0.05 0.05 -0.08 -0.28 0.17 -0.08
112 33.0 362.0 118.0 26.0 -0.03 0.05 -0.05 -0.36 0.16 -0.01
113 31.0 365.0 114.0 26.0 -0.01 0.02 -0.03 -0.31 0.19 0.12
114 31.0 346.0 106.0 25.0 -0.0 0.02 -0.02 -0.17 0.26 0.09
115 33.0 408.0 95.0 27.0 -0.0 0.01 0.0 -0.16 0.3 0.03
116 35.0 437.0 92.0 27.0 -0.01 -0.0 0.02 -0.08 0.31 0.0
117 35.0 423.0 106.0 34.0 -0.01 -0.01 0.03 0.0 0.28 -0.05
118 34.0 407.0 105.0 32.0 -0.01 -0.03 0.03 0.04 0.24 -0.08
119 33.0 385.0 104.0 33.0 -0.01 0.0 0.03 0.07 0.17 0.0
120 35.0 438.0 105.0 31.0 -0.0 0.0 0.02 0.07 0.1 0.12
121 43.0 426.0 99.0 41.0 0.0 -0.02 0.02 0.01 0.08 0.09
122 42.0 415.0 101.0 41.0 -0.01 0.0 0.01 0.02 0.11 -0.13
123 38.0 418.0 107.0 44.0 -0.02 0.03 0.01 0.01 0.11 -0.27
124 35.0 409.0 106.0 41.0 -0.04 0.07 0.02 -0.02 0.05 -0.29
125 33.0 385.0 102.0 37.0 -0.03 0.06 0.04 -0.13 0.02 0.11
126 34.0 438.0 104.0 34.0 -0.03 0.04 0.05 -0.18 -0.05 0.16
127 37.0 411.0 97.0 38.0 -0.03 -0.01 0.05 -0.11 -0.04 0.03
128 40.0 395.0 92.0 40.0 -0.04 -0.03 0.04 0.02 -0.06 -0.28
129 37.0 368.0 86.0 37.0 -0.05 -0.03 0.04 0.1 -0.06 -0.38
130 34.0 343.0 97.0 36.0 -0.05 -0.03 0.03 0.08 -0.24 -0.41
131 32.0 317.0 91.0 33.0 -0.06 -0.04 0.0 0.17 -0.38 -0.33
132 29.0 280.0 82.0 31.0 -0.06 -0.04 -0.01 0.14 -0.44 -0.4
133 43.0 312.0 80.0 31.0 -0.1 -0.05 -0.03 0.13 -0.48 -0.47
134 38.0 302.0 74.0 31.0 -0.17 -0.05 -0.07 0.23 -0.58 -0.58
135 36.0 336.0 68.0 29.0 -0.21 -0.05 -0.09 0.25 -0.8 -0.75
136 34.0 286.0 63.0 28.0 -0.3 -0.09 -0.13 0.25 -0.92 -1.07
137 35.0 249.0 65.0 27.0 -0.42 -0.17 -0.15 0.15 -1.19 -1.62
138 52.0 209.0 63.0 26.0 -0.5 -0.22 -0.15 0.33 -1.26 -1.71
139 60.0 182.0 60.0 28.0 -0.68 -0.24 -0.18 0.44 -1.16 -1.61
140 54.0 179.0 57.0 27.0 -0.92 -0.17 -0.21 0.45 -1.18 -1.38
141 82.0 176.0 55.0 26.0 -1.05 -0.13 -0.23 0.42 -1.2 -1.31
142 84.0 162.0 54.0 25.0 -1.21 -0.09 -0.27 0.51 -1.08 -1.49
143 74.0 169.0 56.0 26.0 -1.29 -0.2 -0.3 0.0 -0.74 -1.98
144 66.0 158.0 54.0 26.0 -1.44 -0.33 -0.33 0.0 -0.56 -1.67
145 80.0 150.0 53.0 26.0 -1.6 -0.58 -0.39 -0.12 -0.43 -1.59
146 121.0 172.0 53.0 29.0 -1.81 -0.79 -0.43 -0.24 -0.57 -1.07
147 114.0 156.0 52.0 28.0 -1.85 -0.83 -0.42 -0.46 -0.6 -1.04
148 99.0 139.0 52.0 27.0 -1.87 -0.72 -0.4 -0.44 -0.42 -1.19
149 92.0 126.0 53.0 26.0 -2.0 -0.57 -0.42 -0.89 -0.32 -0.36
150 90.0 114.0 52.0 26.0 -1.98 -0.56 -0.35 -0.2 0.22 0.5
151 100.0 108.0 54.0 25.0 -2.01 -0.25 -0.38 -0.23 0.27 0.59
152 90.0 104.0 55.0 25.0 -2.07 0.01 -0.41 -0.3 0.47 0.73
153 87.0 97.0 57.0 24.0 -2.13 0.09 -0.39 -0.12 0.44 1.22
154 71.0 91.0 58.0 25.0 -2.14 0.4 -0.37 0.25 0.88 1.42
155 63.0 88.0 60.0 24.0 -2.04 0.62 -0.47 -0.16 0.89 -0.07
156 54.0 90.0 60.0 25.0 -1.93 0.54 -0.5 0.27 0.9 -1.41
157 48.0 91.0 61.0 24.0 -1.74 0.1 -0.58 0.43 0.71 -2.07
158 42.0 88.0 73.0 24.0 -1.64 -0.11 -0.62 1.75 1.45 -5.68
159 37.0 88.0 79.0 24.0 -1.53 0.58 -0.41 0.61 0.09 -2.71
160 32.0 86.0 84.0 24.0 1.13 -1.38 -0.98 4.83 3.63 15.92
161 29.0 83.0 85.0 23.0 0.37 -0.24 -0.01 2.63 1.81 0.19
162 26.0 82.0 81.0 23.0 0.57 0.54 -0.25 -0.18 0.37 -2.9
163 24.0 81.0 83.0 24.0 0.59 0.86 -0.38 -0.74 0.66 -2.21
164 22.0 82.0 87.0 24.0 0.45 0.41 -0.43 -0.22 0.48 1.44
165 21.0 82.0 89.0 24.0 0.3 0.34 -0.41 0.12 0.14 1.35
166 20.0 83.0 93.0 24.0 0.12 0.17 -0.21 0.24 0.01 0.27
167 19.0 84.0 89.0 23.0 0.33 0.12 -0.15 -0.13 0.09 -0.04
168 19.0 85.0 83.0 23.0 0.36 0.18 -0.13 0.12 -0.01 -0.02
169 19.0 85.0 85.0 23.0 0.27 0.24 -0.09 0.42 0.03 0.06
170 18.0 85.0 87.0 23.0 0.09 0.24 -0.02 0.42 -0.1 0.01
171 18.0 85.0 88.0 23.0 0.09 0.21 0.02 0.24 -0.2 -0.02
