1 60.0 145.0 65.0 24.0 -0.05 -0.08 -0.03 -0.05 -0.09 -0.06
2 60.0 142.0 67.0 26.0 -0.04 -0.05 -0.03 0.0 -0.16 -0.08
3 59.0 145.0 69.0 26.0 -0.04 -0.05 -0.03 0.04 -0.19 -0.13
4 60.0 146.0 66.0 25.0 -0.03 -0.03 -0.02 -0.01 -0.13 -0.09
5 60.0 151.0 65.0 24.0 -0.02 -0.03 -0.01 -0.05 -0.09 -0.06
6 59.0 145.0 66.0 25.0 -0.03 -0.02 -0.01 -0.11 -0.03 -0.06
7 60.0 143.0 67.0 25.0 -0.02 -0.03 -0.01 -0.12 -0.05 -0.02
8 58.0 142.0 63.0 25.0 -0.03 -0.04 -0.01 -0.05 -0.07 -0.03
9 61.0 148.0 59.0 25.0 -0.03 -0.05 -0.01 0.04 -0.05 -0.03
10 62.0 151.0 58.0 25.0 -0.03 -0.05 -0.01 0.01 -0.03 -0.07
11 62.0 193.0 56.0 25.0 -0.02 -0.06 -0.01 -0.11 -0.04 0.0
12 77.0 233.0 54.0 25.0 -0.03 -0.08 -0.01 -0.11 -0.12 -0.07
13 93.0 222.0 53.0 26.0 0.02 -0.15 -0.01 -0.07 -0.12 -0.1
14 89.0 220.0 54.0 27.0 0.07 -0.16 -0.02 -0.1 -0.19 -0.35
15 96.0 254.0 55.0 27.0 0.13 -0.16 -0.03 0.19 -0.14 -0.25
16 91.0 276.0 64.0 27.0 0.15 -0.19 -0.03 0.12 -0.18 -0.14
17 102.0 328.0 62.0 31.0 0.23 -0.25 -0.04 0.16 -0.1 0.38
18 109.0 403.0 63.0 62.0 0.27 -0.26 -0.05 0.06 -0.25 0.2
19 102.0 444.0 69.0 56.0 0.38 -0.21 -0.04 0.22 -0.29 -0.05
20 98.0 399.0 74.0 53.0 0.5 -0.19 -0.04 -0.34 -0.28 -0.05
21 94.0 508.0 80.0 66.0 0.61 -0.18 -0.04 0.13 -0.15 0.23
22 95.0 608.0 74.0 60.0 0.55 -0.0 -0.05 -0.29 -0.02 0.6
23 100.0 594.0 78.0 61.0 0.38 -0.04 -0.05 -0.8 -0.09 0.88
24 89.0 584.0 95.0 52.0 0.37 -0.06 -0.05 -1.4 0.52 1.19
25 77.0 616.0 94.0 51.0 0.38 -0.54 -0.19 -0.67 1.88 1.2
26 76.0 600.0 95.0 44.0 0.89 -1.72 -0.67 -4.33 -2.3 0.79
27 86.0 614.0 114.0 39.0 0.91 -1.74 -0.51 1.09 0.4 1.11
28 91.0 561.0 102.0 44.0 0.53 -0.9 -0.46 1.72 0.64 1.4
29 102.0 583.0 108.0 42.0 0.56 -0.59 -0.55 -0.3 -0.05 1.94
30 94.0 538.0 101.0 42.0 0.65 -0.73 -0.6 -0.22 -0.26 1.76
31 83.0 540.0 106.0 38.0 0.92 -1.15 -0.66 -0.03 -0.31 1.63
32 80.0 515.0 110.0 35.0 1.11 -1.29 -0.66 0.6 -0.09 1.34
33 93.0 510.0 105.0 36.0 1.19 -1.23 -0.64 -0.1 -0.12 1.46
34 95.0 518.0 97.0 34.0 1.25 -1.02 -0.58 -0.47 -0.09 1.31
35 104.0 496.0 94.0 32.0 1.3 -1.05 -0.54 -0.56 -0.26 0.92
36 107.0 502.0 88.0 31.0 1.39 -1.1 -0.53 0.13 -0.12 1.01
37 113.0 557.0 88.0 38.0 1.5 -1.14 -0.51 0.04 -0.18 1.06
38 113.0 522.0 91.0 37.0 1.58 -1.18 -0.51 -0.29 -0.3 1.22
39 107.0 459.0 93.0 36.0 1.58 -1.17 -0.49 -0.14 -0.17 0.98
40 108.0 423.0 99.0 38.0 1.67 -1.2 -0.57 -0.08 -0.1 0.91
41 129.0 415.0 113.0 45.0 1.71 -1.08 -0.59 -0.22 0.09 0.49
42 145.0 439.0 117.0 41.0 1.76 -1.02 -0.62 -0.47 -0.1 0.06
43 136.0 391.0 116.0 38.0 1.82 -1.0 -0.61 -0.5 -0.15 -0.1
44 151.0 405.0 111.0 41.0 1.83 -0.9 -0.56 -0.66 -0.35 0.04
45 160.0 414.0 109.0 38.0 1.8 -0.82 -0.51 -0.77 -0.44 -0.26
46 177.0 396.0 115.0 35.0 1.75 -0.68 -0.46 -0.83 -0.56 -0.46
47 186.0 417.0 115.0 37.0 1.66 -0.63 -0.4 -0.97 -0.59 -1.28
48 192.0 454.0 122.0 35.0 1.61 -0.6 -0.37 -1.02 -0.69 -1.6
49 211.0 424.0 124.0 36.0 1.52 -0.58 -0.3 -0.86 -0.76 -1.69
50 192.0 426.0 128.0 35.0 1.37 -0.49 -0.21 -0.65 -0.82 -1.71
51 231.0 415.0 124.0 35.0 1.26 -0.47 -0.18 -0.76 -0.95 -1.71
52 244.0 403.0 125.0 38.0 1.08 -0.48 -0.16 -0.66 -0.93 -1.78
53 245.0 395.0 119.0 39.0 0.87 -0.41 -0.12 -0.66 -0.9 -1.96
54 211.0 414.0 124.0 39.0 0.79 -0.34 -0.1 -0.59 -0.85 -2.1
55 206.0 436.0 121.0 40.0 0.63 -0.25 -0.08 -0.59 -0.86 -1.87
56 187.0 418.0 125.0 38.0 0.47 -0.18 -0.07 -0.65 -0.89 -1.43
57 211.0 515.0 113.0 38.0 0.39 -0.14 -0.07 -0.65 -0.94 -1.35
58 189.0 475.0 123.0 37.0 0.27 -0.07 -0.04 -0.67 -0.95 -1.22
59 182.0 445.0 125.0 44.0 0.19 -0.03 -0.0 -0.42 -0.83 -1.08
60 263.0 417.0 120.0 42.0 0.15 -0.03 0.01 -0.42 -0.73 -1.13
61 227.0 438.0 121.0 40.0 0.08 -0.05 0.04 -0.2 -0.64 -0.66
62 198.0 436.0 127.0 43.0 0.0 -0.01 0.05 -0.24 -0.54 -0.47
63 173.0 397.0 124.0 45.0 -0.04 0.02 0.05 -0.17 -0.39 -0.62
64 194.0 446.0 128.0 47.0 -0.1 0.06 0.03 -0.1 -0.35 -0.6
65 208.0 463.0 120.0 46.0 -0.15 0.05 0.02 -0.04 -0.22 -0.52
66 185.0 460.0 119.0 44.0 -0.17 0.04 0.02 -0.03 -0.23 -0.38
67 172.0 433.0 116.0 41.0 -0.18 0.03 0.04 -0.11 -0.27 -0.32
68 164.0 405.0 117.0 40.0 -0.16 0.0 0.05 -0.17 -0.13 0.0
69 174.0 499.0 116.0 37.0 -0.16 0.0 0.06 -0.21 -0.07 0.29
70 156.0 495.0 112.0 38.0 -0.19 0.04 0.05 -0.23 -0.01 0.28
71 166.0 496.0 106.0 39.0 -0.2 0.06 0.05 -0.27 0.0 0.17
72 181.0 446.0 109.0 36.0 -0.19 0.05 0.06 -0.04 0.0 -0.08
73 191.0 421.0 116.0 40.0 -0.18 0.06 0.09 -0.06 0.0 0.06
74 173.0 390.0 114.0 37.0 -0.12 0.01 0.09 0.0 0.03 0.23
75 163.0 422.0 121.0 34.0 -0.1 -0.01 0.09 0.15 0.07 0.35
76 167.0 402.0 117.0 32.0 -0.07 -0.03 0.08 0.14 0.12 0.27
77 207.0 388.0 109.0 31.0 -0.03 0.0 0.05 0.17 0.09 -0.2
78 187.0 352.0 119.0 30.0 -0.03 0.01 0.05 0.05 0.1 0.02
79 165.0 362.0 130.0 29.0 -0.05 0.01 0.02 0.04 0.08 0.05
80 147.0 361.0 118.0 31.0 -0.06 -0.0 -0.0 0.1 0.07 -0.07
81 154.0 390.0 111.0 30.0 -0.07 0.02 -0.0 -0.05 0.03 -0.11
82 128.0 395.0 117.0 30.0 -0.07 0.03 0.0 -0.12 -0.02 -0.13
83 126.0 383.0 118.0 28.0 -0.06 -0.01 0.01 -0.14 -0.08 -0.02
84 140.0 361.0 111.0 29.0 -0.04 -0.02 0.01 -0.24 -0.18 0.09
85 187.0 381.0 106.0 29.0 -0.02 -0.02 0.02 -0.27 -0.17 0.15
86 173.0 360.0 105.0 28.0 -0.03 -0.01 0.03 -0.26 -0.09 -0.06
87 148.0 375.0 99.0 26.0 -0.02 -0.01 0.04 -0.28 -0.06 -0.21
88 125.0 334.0 105.0 28.0 -0.02 -0.02 0.04 -0.23 -0.07 -0.19
89 109.0 346.0 104.0 29.0 -0.02 -0.03 0.04 -0.15 -0.07 -0.11
90 129.0 341.0 110.0 28.0 -0.02 -0.03 0.04 -0.11 -0.05 -0.12
91 141.0 317.0 109.0 27.0 -0.02 -0.01 0.04 -0.09 -0.05 -0.02
92 130.0 324.0 107.0 27.0 -0.02 0.04 0.03 0.0 -0.06 -0.08
93 106.0 323.0 98.0 27.0 -0.02 0.06 0.02 -0.05 -0.06 -0.16
94 114.0 316.0 103.0 26.0 -0.02 0.05 0.01 -0.13 -0.08 -0.32
95 105.0 338.0 101.0 27.0 -0.03 0.04 0.01 -0.09 -0.07 -0.29
96 95.0 316.0 93.0 26.0 -0.03 0.04 0.01 -0.18 -0.1 -0.17
97 103.0 300.0 95.0 27.0 -0.04 0.03 0.01 -0.11 -0.12 -0.05
98 98.0 326.0 89.0 26.0 -0.05 0.03 0.01 -0.15 -0.18 -0.04
99 103.0 325.0 93.0 26.0 -0.05 0.03 0.01 -0.15 -0.23 0.0
100 86.0 284.0 94.0 26.0 -0.05 0.03 0.02 -0.18 -0.29 -0.09
101 116.0 298.0 95.0 25.0 -0.05 0.05 0.04 -0.22 -0.34 -0.08
102 104.0 280.0 95.0 25.0 -0.05 0.05 0.05 -0.23 -0.36 -0.04
103 93.0 263.0 87.0 24.0 -0.05 0.08 0.06 -0.24 -0.41 -0.19
104 93.0 249.0 82.0 24.0 -0.07 0.11 0.07 -0.18 -0.45 -0.4
105 79.0 233.0 76.0 26.0 -0.09 0.14 0.07 -0.21 -0.41 -0.69
106 70.0 227.0 73.0 26.0 -0.17 0.21 0.1 -0.23 -0.42 -0.94
107 69.0 228.0 70.0 25.0 -0.3 0.32 0.16 -0.33 -0.54 -1.25
108 65.0 235.0 68.0 25.0 -0.39 0.4 0.2 -0.41 -0.6 -1.45
109 58.0 227.0 67.0 25.0 -0.56 0.63 0.31 -0.6 -0.68 -1.88
110 58.0 225.0 69.0 25.0 -0.74 0.94 0.43 -0.53 -0.77 -2.51
111 55.0 236.0 77.0 24.0 -0.86 1.1 0.5 -0.39 -0.77 -2.51
112 60.0 228.0 75.0 24.0 -1.17 1.23 0.58 -0.41 -1.66 -2.1
113 52.0 220.0 70.0 24.0 -1.39 1.14 0.65 0.05 -0.42 -2.5
114 50.0 211.0 69.0 24.0 -1.58 1.42 0.67 -0.81 -0.61 -2.3
115 52.0 208.0 69.0 24.0 -1.89 1.79 0.63 -0.51 -0.69 -2.41
116 61.0 206.0 69.0 24.0 -2.18 1.98 0.6 -0.53 -0.5 -1.97
117 86.0 202.0 70.0 24.0 -2.33 2.0 0.59 -0.52 -0.44 -1.89
118 82.0 198.0 70.0 33.0 -2.61 1.94 0.47 -0.91 -0.25 -2.02
119 79.0 206.0 71.0 32.0 -2.83 1.88 0.37 -0.34 -0.3 -2.1
120 69.0 231.0 69.0 32.0 -2.87 1.89 0.3 -0.2 -0.24 -2.18
121 66.0 225.0 71.0 30.0 -2.84 1.72 0.17 -0.61 -0.7 -1.61
122 63.0 220.0 67.0 29.0 -2.65 1.21 0.09 -1.11 -0.84 -0.3
123 57.0 216.0 68.0 38.0 -2.6 0.9 0.07 -0.69 -0.93 0.18
124 62.0 206.0 70.0 68.0 -2.49 0.39 0.02 -0.44 -1.3 1.52
125 53.0 204.0 69.0 59.0 -2.18 0.06 0.11 0.85 -0.78 1.98
126 44.0 197.0 69.0 51.0 -2.02 0.19 -0.01 0.61 -0.44 1.8
127 39.0 190.0 65.0 45.0 -1.93 0.75 -0.13 0.52 -0.68 1.24
128 34.0 183.0 62.0 40.0 -1.75 1.15 -0.09 0.39 -0.02 -2.89
129 42.0 175.0 70.0 37.0 -1.69 1.14 -0.11 0.61 -0.66 -0.83
130 36.0 164.0 75.0 33.0 0.11 0.86 0.23 1.32 -4.35 19.26
131 36.0 157.0 77.0 32.0 1.15 1.56 -0.15 1.58 1.28 4.63
132 35.0 148.0 71.0 30.0 0.68 1.62 -0.27 -1.36 1.4 0.14
133 30.0 139.0 68.0 28.0 0.12 1.17 -0.19 -1.67 0.85 -1.95
134 28.0 133.0 69.0 28.0 0.16 0.71 -0.15 -1.88 0.11 0.1
135 28.0 125.0 72.0 27.0 0.26 0.35 -0.14 -0.41 0.36 0.26
136 23.0 117.0 65.0 26.0 0.01 -0.05 0.04 0.25 -0.12 0.01
137 21.0 112.0 63.0 26.0 0.07 -0.17 0.14 0.66 -0.09 0.0
138 21.0 103.0 59.0 25.0 0.08 -0.09 0.15 0.49 0.04 -0.02
139 22.0 96.0 68.0 24.0 0.05 0.17 0.09 0.2 0.04 0.02
140 20.0 90.0 71.0 25.0 0.02 0.33 0.03 -0.19 -0.05 -0.04
141 19.0 86.0 76.0 26.0 -0.02 0.28 0.05 -0.25 -0.08 0.02
142 19.0 87.0 70.0 25.0 -0.03 0.16 0.06 -0.33 -0.12 -0.05
143 19.0 81.0 65.0 25.0 0.01 0.08 0.02 -0.32 -0.11 -0.15
144 17.0 78.0 62.0 26.0 0.02 0.06 0.02 -0.24 -0.12 -0.1
