1 36.0 115.0 59.0 24.0 0.01 -0.06 -0.02 0.25 0.04 0.02
2 44.0 115.0 59.0 24.0 -0.02 -0.03 -0.02 0.06 -0.02 0.03
3 43.0 115.0 59.0 24.0 -0.04 -0.02 -0.01 0.02 -0.07 -0.05
4 44.0 120.0 69.0 24.0 -0.05 -0.0 -0.01 -0.04 -0.09 -0.03
5 42.0 121.0 67.0 24.0 -0.05 -0.02 0.0 -0.06 -0.07 -0.06
6 39.0 122.0 64.0 24.0 -0.05 -0.04 0.01 -0.07 -0.01 0.01
7 40.0 121.0 61.0 25.0 -0.06 -0.05 0.01 -0.03 0.02 0.0
8 38.0 132.0 59.0 26.0 -0.08 -0.06 0.02 -0.01 0.03 -0.04
9 45.0 130.0 56.0 25.0 -0.1 -0.09 0.02 0.03 0.0 0.0
10 55.0 188.0 56.0 26.0 -0.11 -0.07 0.02 0.03 -0.03 0.01
11 58.0 182.0 54.0 30.0 -0.11 -0.07 0.02 0.01 -0.05 -0.02
12 82.0 287.0 54.0 29.0 -0.07 -0.09 0.01 -0.31 -0.13 -0.01
13 83.0 280.0 53.0 28.0 -0.06 -0.13 0.0 -0.16 -0.17 -0.05
14 82.0 327.0 52.0 42.0 0.02 -0.25 0.01 -0.19 -0.15 -0.17
15 100.0 341.0 55.0 40.0 0.2 -0.27 0.01 0.09 -0.22 -0.07
16 101.0 384.0 62.0 89.0 0.39 -0.26 0.01 0.2 -0.21 -0.12
17 99.0 409.0 62.0 74.0 0.6 -0.26 0.03 -0.27 -0.05 0.34
18 96.0 446.0 64.0 64.0 0.5 -0.31 0.11 -0.3 0.21 0.58
19 97.0 443.0 64.0 56.0 0.39 -0.71 0.11 -0.88 0.17 1.08
20 96.0 426.0 74.0 49.0 0.26 -0.95 0.11 -1.67 0.0 2.18
21 93.0 426.0 70.0 45.0 0.34 -1.3 0.07 -0.4 0.19 0.77
22 85.0 540.0 71.0 40.0 0.44 -1.26 0.03 -2.72 -2.32 1.81
23 74.0 556.0 72.0 41.0 0.99 -2.13 -0.39 3.7 2.52 3.51
24 71.0 635.0 78.0 37.0 0.99 -1.88 -0.34 1.17 1.28 2.26
25 62.0 623.0 91.0 44.0 1.02 -1.66 -0.3 0.68 0.47 1.6
26 69.0 577.0 96.0 39.0 1.03 -1.13 -0.38 0.31 0.46 2.04
27 76.0 524.0 93.0 38.0 1.12 -1.27 -0.44 0.19 0.18 2.12
28 73.0 486.0 88.0 44.0 1.26 -1.51 -0.51 0.73 0.02 1.14
29 66.0 491.0 91.0 40.0 1.57 -1.77 -0.59 0.67 0.26 1.02
30 65.0 473.0 92.0 38.0 1.57 -1.46 -0.53 0.19 0.05 0.77
31 71.0 477.0 102.0 36.0 1.55 -1.32 -0.49 0.38 0.08 0.36
32 69.0 450.0 98.0 34.0 1.62 -1.15 -0.45 0.14 -0.14 0.5
33 68.0 510.0 98.0 32.0 1.7 -1.12 -0.39 0.02 0.01 0.66
34 74.0 511.0 93.0 31.0 1.7 -1.13 -0.37 -0.07 -0.2 0.28
35 89.0 504.0 91.0 36.0 1.69 -0.99 -0.34 -0.3 0.02 -0.29
36 124.0 486.0 100.0 37.0 1.61 -0.79 -0.31 -0.3 -0.32 -0.54
37 132.0 429.0 104.0 47.0 1.6 -0.75 -0.3 0.39 -0.55 -1.09
38 136.0 425.0 95.0 42.0 1.6 -0.71 -0.29 0.39 -0.63 -0.77
39 127.0 430.0 99.0 44.0 1.53 -0.62 -0.22 -0.62 -0.02 0.04
40 140.0 438.0 93.0 70.0 1.43 -0.61 -0.24 0.17 -0.43 -0.22
41 170.0 429.0 94.0 71.0 1.51 -0.69 -0.39 -0.21 -0.46 -0.7
42 159.0 484.0 111.0 80.0 1.4 -0.46 -0.34 -0.15 -0.51 -1.29
43 142.0 432.0 112.0 79.0 1.38 -0.38 -0.35 -0.38 -0.66 -0.89
44 166.0 407.0 120.0 78.0 1.45 -0.47 -0.42 -0.49 -0.77 -0.69
45 187.0 416.0 123.0 83.0 1.42 -0.57 -0.42 -0.75 -0.94 -0.43
46 243.0 432.0 139.0 99.0 1.4 -0.58 -0.43 -1.48 -1.14 -1.06
47 254.0 446.0 152.0 105.0 1.36 -0.59 -0.39 -1.47 -1.24 -1.12
48 275.0 420.0 144.0 92.0 1.33 -0.58 -0.27 -1.27 -1.25 -1.3
49 340.0 411.0 137.0 79.0 1.3 -0.57 -0.18 -1.23 -1.01 -1.33
50 302.0 411.0 130.0 72.0 1.14 -0.59 -0.02 -1.03 -0.78 -1.37
51 307.0 404.0 136.0 74.0 0.92 -0.54 0.08 -0.8 -0.36 -2.01
52 256.0 452.0 154.0 91.0 0.8 -0.48 0.09 -0.4 -0.3 -2.27
53 259.0 459.0 137.0 81.0 0.54 -0.28 0.1 -0.35 -0.18 -2.31
54 232.0 444.0 139.0 88.0 0.31 -0.22 0.06 0.3 -0.24 -2.35
55 213.0 434.0 139.0 80.0 0.21 -0.19 0.03 0.28 -0.18 -2.04
56 221.0 475.0 132.0 69.0 0.02 -0.07 -0.03 0.22 -0.21 -1.61
57 219.0 474.0 123.0 71.0 -0.1 0.02 -0.1 0.17 -0.31 -1.27
58 198.0 498.0 116.0 67.0 -0.15 0.05 -0.14 0.11 -0.31 -1.07
59 180.0 539.0 118.0 72.0 -0.23 0.09 -0.18 -0.23 -0.42 -0.63
60 172.0 525.0 122.0 67.0 -0.27 0.08 -0.21 -0.25 -0.26 -0.34
61 214.0 604.0 127.0 64.0 -0.27 0.09 -0.22 -0.36 -0.19 -0.01
62 193.0 586.0 127.0 59.0 -0.28 0.12 -0.22 -0.5 -0.15 0.14
63 190.0 533.0 128.0 64.0 -0.28 0.07 -0.2 -0.33 -0.05 0.17
64 214.0 619.0 144.0 58.0 -0.26 0.06 -0.19 -0.43 -0.01 0.23
65 186.0 564.0 133.0 60.0 -0.23 0.09 -0.16 -0.53 0.02 0.34
66 163.0 585.0 120.0 57.0 -0.17 0.07 -0.09 -0.49 0.01 0.38
67 139.0 561.0 117.0 52.0 -0.15 0.07 -0.07 -0.41 0.03 0.46
68 126.0 518.0 115.0 47.0 -0.13 0.09 -0.05 -0.2 0.09 0.08
69 155.0 469.0 113.0 45.0 -0.1 0.14 -0.02 -0.17 0.11 0.09
70 154.0 516.0 105.0 43.0 -0.1 0.11 -0.02 -0.2 0.03 0.09
71 136.0 561.0 101.0 57.0 -0.15 0.09 -0.0 -0.16 0.16 0.36
72 141.0 582.0 98.0 51.0 -0.18 0.09 0.01 -0.07 0.19 -0.3
73 137.0 518.0 100.0 46.0 -0.19 0.11 0.02 0.12 0.08 -0.6
74 138.0 461.0 100.0 42.0 -0.16 0.09 0.06 0.01 -0.11 -0.51
75 125.0 464.0 98.0 38.0 -0.13 -0.0 0.06 0.01 -0.19 0.02
76 107.0 472.0 93.0 38.0 -0.14 0.0 0.04 0.0 -0.16 0.05
77 92.0 448.0 102.0 46.0 -0.18 0.06 0.02 -0.13 -0.11 -0.09
78 83.0 408.0 94.0 42.0 -0.2 0.09 0.01 0.01 -0.06 -0.4
79 90.0 386.0 97.0 40.0 -0.19 0.09 0.02 0.03 -0.13 -0.51
80 109.0 353.0 94.0 37.0 -0.15 0.08 0.02 0.12 -0.13 -0.27
81 96.0 355.0 99.0 34.0 -0.15 0.1 -0.0 -0.08 0.05 0.14
82 102.0 353.0 91.0 32.0 -0.15 0.09 -0.02 -0.02 0.09 0.16
83 88.0 323.0 93.0 31.0 -0.12 0.09 -0.05 -0.04 0.17 0.02
84 86.0 348.0 94.0 31.0 -0.09 0.06 -0.06 -0.18 0.07 -0.08
85 80.0 346.0 95.0 30.0 -0.07 0.05 -0.06 -0.17 0.01 -0.06
86 81.0 366.0 93.0 32.0 -0.04 0.05 -0.05 -0.3 0.03 0.11
87 80.0 324.0 94.0 31.0 -0.04 0.06 -0.03 -0.45 0.03 0.06
88 98.0 345.0 96.0 28.0 -0.03 0.05 -0.01 -0.3 -0.04 -0.1
89 107.0 325.0 90.0 28.0 -0.01 0.05 0.02 -0.25 -0.04 -0.15
90 112.0 325.0 88.0 29.0 -0.0 0.05 0.04 -0.21 -0.05 -0.19
91 102.0 310.0 92.0 28.0 -0.01 0.05 0.05 -0.16 -0.02 -0.23
92 92.0 321.0 88.0 27.0 -0.01 0.05 0.05 -0.17 -0.04 -0.33
93 80.0 322.0 86.0 26.0 -0.01 0.03 0.05 -0.06 -0.04 -0.36
94 73.0 330.0 82.0 26.0 -0.02 0.04 0.05 0.0 -0.03 -0.31
95 62.0 309.0 79.0 26.0 -0.04 0.05 0.03 -0.08 -0.07 -0.44
96 64.0 341.0 80.0 26.0 -0.05 0.03 0.02 0.05 -0.09 -0.36
97 65.0 330.0 78.0 26.0 -0.06 0.02 0.02 0.06 -0.14 -0.28
98 66.0 359.0 82.0 25.0 -0.07 0.03 0.01 0.1 -0.17 -0.12
99 86.0 353.0 86.0 25.0 -0.07 0.05 0.01 0.1 -0.22 -0.26
100 78.0 332.0 81.0 25.0 -0.07 0.05 0.01 -0.01 -0.21 -0.23
101 69.0 308.0 81.0 24.0 -0.08 0.01 0.0 0.01 -0.18 -0.11
102 60.0 268.0 76.0 28.0 -0.11 0.03 -0.0 -0.05 -0.11 -0.08
103 57.0 286.0 75.0 27.0 -0.14 0.06 -0.0 -0.12 -0.13 -0.13
104 60.0 270.0 70.0 26.0 -0.19 0.14 0.02 -0.22 -0.29 -0.44
105 58.0 245.0 67.0 26.0 -0.25 0.21 0.07 -0.4 -0.42 -0.61
106 55.0 226.0 66.0 25.0 -0.29 0.23 0.1 -0.35 -0.45 -0.74
107 48.0 213.0 67.0 25.0 -0.41 0.32 0.18 -0.39 -0.57 -1.09
108 46.0 203.0 66.0 24.0 -0.59 0.54 0.28 -0.8 -0.62 -1.39
109 47.0 202.0 65.0 24.0 -0.7 0.66 0.35 -1.21 -0.73 -1.73
110 61.0 222.0 65.0 24.0 -0.94 0.89 0.5 -1.25 -0.61 -2.14
111 64.0 218.0 65.0 24.0 -1.14 1.19 0.63 -0.92 -0.66 -2.6
112 59.0 211.0 69.0 27.0 -1.27 1.34 0.69 -0.77 -0.76 -2.47
113 103.0 206.0 71.0 24.0 -1.59 1.64 0.84 -0.19 -0.23 -3.21
114 98.0 201.0 70.0 27.0 -2.04 1.87 0.9 -1.0 -0.56 -2.83
115 163.0 196.0 70.0 28.0 -2.17 1.77 0.86 -0.85 -0.41 -2.83
116 149.0 198.0 70.0 31.0 -2.4 1.76 0.78 -0.28 0.0 -2.32
117 140.0 197.0 71.0 30.0 -2.67 2.04 0.68 0.06 0.0 -2.3
118 126.0 194.0 72.0 30.0 -2.78 2.2 0.62 -0.13 -0.1 -2.24
119 127.0 200.0 69.0 44.0 -3.0 2.38 0.45 -0.02 -0.29 -2.37
120 119.0 192.0 69.0 44.0 -3.05 2.26 0.3 -0.08 -0.64 -1.47
121 157.0 193.0 68.0 39.0 -3.02 2.06 0.23 -0.5 -0.73 -1.0
122 140.0 185.0 71.0 36.0 -2.8 1.33 0.07 -0.78 -1.0 -0.04
123 118.0 187.0 68.0 35.0 -2.53 0.81 -0.02 0.29 -0.96 0.72
124 103.0 180.0 66.0 35.0 -2.36 0.74 0.09 -1.45 -1.57 0.7
125 105.0 177.0 65.0 33.0 -2.07 1.16 0.05 0.0 -0.65 1.66
126 101.0 170.0 63.0 31.0 -2.0 1.51 -0.08 -0.48 -0.99 1.95
127 87.0 164.0 65.0 30.0 -1.99 1.36 -0.06 -0.82 -1.01 2.09
128 119.0 156.0 71.0 28.0 -1.81 0.75 -0.05 0.42 -0.32 -0.69
129 99.0 147.0 79.0 27.0 0.26 -1.8 0.03 0.17 -7.17 21.75
130 83.0 138.0 83.0 25.0 1.77 -0.88 -0.07 7.51 2.96 13.59
131 74.0 133.0 78.0 26.0 0.68 0.53 -0.14 1.12 0.74 0.76
132 64.0 126.0 72.0 26.0 0.45 0.49 -0.31 -0.86 1.06 -2.01
133 55.0 117.0 71.0 25.0 0.3 0.47 -0.32 -0.53 1.13 -1.48
134 47.0 109.0 70.0 25.0 0.16 0.33 -0.27 -0.07 -0.1 0.96
135 73.0 102.0 69.0 25.0 0.11 -0.11 -0.05 0.21 -0.04 0.33
136 66.0 96.0 69.0 25.0 0.1 -0.21 0.03 0.67 -0.2 0.1
137 56.0 91.0 66.0 24.0 0.06 0.04 0.05 0.67 -0.06 -0.07
138 48.0 87.0 62.0 24.0 0.05 0.33 -0.01 0.15 -0.03 -0.12
139 41.0 84.0 62.0 25.0 0.05 0.39 -0.01 -0.06 -0.02 -0.02
140 37.0 81.0 66.0 24.0 0.02 0.31 0.05 -0.27 -0.1 -0.02
141 37.0 78.0 72.0 25.0 0.04 0.13 0.06 -0.43 0.04 -0.03
142 33.0 77.0 69.0 24.0 0.04 0.06 0.05 -0.38 0.01 -0.01
143 30.0 74.0 66.0 24.0 0.04 0.02 0.03 -0.2 0.09 0.04
144 27.0 73.0 64.0 24.0 0.06 0.04 0.0 -0.09 0.04 -0.04
145 25.0 72.0 63.0 24.0 0.08 0.07 -0.01 -0.1 0.08 -0.04
146 24.0 71.0 60.0 24.0 0.1 0.08 -0.02 -0.23 0.07 -0.01
147 21.0 70.0 58.0 24.0 0.1 0.03 -0.02 -0.25 0.02 -0.13
148 21.0 69.0 59.0 24.0 0.1 0.0 -0.02 -0.19 0.01 -0.06
149 19.0 69.0 61.0 24.0 0.13 -0.02 -0.03 -0.03 -0.03 -0.01
150 19.0 69.0 58.0 24.0 0.12 0.0 -0.05 0.01 -0.05 -0.07
151 19.0 69.0 56.0 24.0 0.11 -0.01 -0.05 0.04 -0.04 -0.02
152 20.0 69.0 62.0 24.0 0.1 0.01 -0.04 0.07 -0.01 0.02
153 19.0 70.0 68.0 24.0 0.09 0.04 -0.03 0.01 0.0 -0.05
154 18.0 71.0 65.0 24.0 0.08 0.03 -0.02 -0.02 -0.02 -0.01
155 18.0 71.0 60.0 24.0 0.04 -0.01 -0.01 0.0 0.01 0.01
