1 32.0 112.0 68.0 24.0 -0.02 -0.03 0.0 -0.06 0.02 -0.06
2 35.0 114.0 68.0 24.0 -0.01 -0.01 0.0 -0.08 0.01 -0.1
3 40.0 114.0 65.0 24.0 0.0 -0.0 -0.01 -0.16 0.04 -0.05
4 43.0 113.0 65.0 24.0 0.0 -0.0 -0.01 -0.16 0.06 -0.06
5 46.0 114.0 73.0 24.0 0.0 -0.01 -0.02 -0.14 0.07 -0.06
6 42.0 114.0 76.0 24.0 -0.0 -0.01 -0.02 -0.1 0.09 -0.05
7 46.0 114.0 86.0 24.0 -0.0 -0.01 -0.03 -0.06 0.14 -0.02
8 47.0 114.0 80.0 24.0 -0.02 -0.01 -0.02 0.0 0.09 0.09
9 47.0 113.0 80.0 24.0 -0.06 -0.01 0.0 0.03 0.05 0.09
10 55.0 116.0 79.0 24.0 -0.06 -0.01 0.01 -0.11 0.02 -0.08
11 72.0 115.0 77.0 24.0 -0.06 0.0 0.01 -0.04 0.02 -0.09
12 79.0 113.0 75.0 24.0 -0.07 0.01 0.0 -0.24 0.01 -0.14
13 88.0 114.0 75.0 27.0 -0.07 0.01 -0.01 -0.28 0.02 -0.14
14 83.0 132.0 75.0 25.0 -0.07 -0.04 -0.01 -0.18 0.1 -0.15
15 99.0 166.0 72.0 24.0 -0.07 -0.1 -0.03 -0.23 0.09 -0.08
16 105.0 180.0 68.0 52.0 -0.04 -0.14 -0.03 -0.13 0.03 -0.09
17 113.0 224.0 64.0 57.0 0.09 -0.3 -0.02 0.0 -0.08 -0.23
18 112.0 242.0 64.0 52.0 0.1 -0.52 0.04 0.18 -0.22 -0.08
19 122.0 246.0 64.0 46.0 0.08 -0.55 0.08 0.17 -0.25 -0.04
20 142.0 301.0 62.0 52.0 0.09 -0.5 0.09 0.06 0.0 0.23
21 133.0 367.0 60.0 53.0 0.07 -0.56 0.09 0.05 0.45 0.55
22 131.0 381.0 65.0 78.0 0.12 -0.57 0.06 -0.14 0.38 0.52
23 125.0 424.0 76.0 79.0 0.24 -0.6 -0.01 -0.02 0.25 0.75
24 106.0 392.0 75.0 68.0 0.27 -0.71 -0.03 0.28 0.19 1.69
25 98.0 396.0 70.0 60.0 0.2 -0.61 -0.03 -0.12 0.22 1.69
26 117.0 496.0 70.0 53.0 0.25 -0.61 -0.06 -1.44 -0.34 2.8
27 109.0 504.0 71.0 50.0 1.41 -1.64 -0.6 -1.45 0.24 3.28
28 96.0 540.0 71.0 44.0 1.48 -1.98 -0.36 4.06 2.39 4.26
29 91.0 537.0 81.0 44.0 1.43 -1.37 -0.27 0.19 1.1 3.37
30 85.0 537.0 79.0 41.0 1.56 -1.38 -0.4 0.15 0.62 3.07
31 95.0 516.0 77.0 38.0 1.73 -1.45 -0.43 0.17 0.68 2.52
32 86.0 473.0 77.0 37.0 2.01 -1.62 -0.49 -0.11 0.54 1.88
33 83.0 505.0 81.0 36.0 2.1 -1.66 -0.48 0.53 0.49 1.25
34 82.0 567.0 87.0 37.0 2.07 -1.62 -0.46 0.38 0.32 1.21
35 119.0 542.0 88.0 37.0 2.13 -1.6 -0.44 -0.15 0.13 0.21
36 125.0 486.0 96.0 48.0 2.15 -1.63 -0.42 -0.16 -0.29 0.15
37 111.0 453.0 92.0 43.0 2.16 -1.61 -0.41 -0.1 0.01 0.01
38 122.0 488.0 100.0 46.0 2.09 -1.51 -0.36 -0.44 -0.29 -0.46
39 129.0 470.0 116.0 42.0 2.0 -1.3 -0.33 -0.59 -0.33 -0.6
40 156.0 481.0 120.0 47.0 1.94 -1.2 -0.32 -0.64 -0.5 -1.0
41 158.0 504.0 119.0 42.0 1.82 -1.06 -0.29 -0.74 -0.71 -1.02
42 197.0 607.0 120.0 55.0 1.71 -0.97 -0.28 -1.14 -0.98 -1.58
43 243.0 543.0 117.0 53.0 1.66 -0.95 -0.27 -0.98 -1.07 -1.71
44 247.0 522.0 116.0 49.0 1.55 -0.85 -0.25 -1.23 -1.13 -2.09
45 283.0 570.0 114.0 49.0 1.42 -0.82 -0.21 -1.17 -1.2 -2.24
46 254.0 575.0 126.0 48.0 1.38 -0.79 -0.22 -1.07 -1.19 -2.3
47 265.0 607.0 137.0 46.0 1.24 -0.64 -0.19 -1.11 -1.14 -2.8
48 225.0 555.0 132.0 46.0 1.01 -0.47 -0.13 -0.86 -1.26 -1.78
49 210.0 565.0 131.0 53.0 0.87 -0.36 -0.11 -0.96 -1.19 -1.5
50 263.0 521.0 129.0 51.0 0.59 -0.26 -0.06 -0.9 -1.08 -1.64
51 257.0 512.0 132.0 57.0 0.36 -0.11 -0.01 -0.95 -0.94 -1.67
52 272.0 497.0 130.0 53.0 0.27 -0.05 0.01 -0.83 -0.89 -1.56
53 270.0 488.0 140.0 51.0 0.14 0.02 0.03 -0.45 -0.73 -1.55
54 230.0 457.0 147.0 47.0 0.01 0.01 0.05 -0.52 -0.54 -0.87
55 245.0 458.0 134.0 48.0 -0.04 0.01 0.05 -0.49 -0.47 -0.85
56 220.0 505.0 133.0 47.0 -0.12 0.09 0.03 -0.28 -0.39 -1.15
57 188.0 461.0 142.0 43.0 -0.18 0.16 0.03 -0.06 -0.34 -0.88
58 187.0 472.0 140.0 42.0 -0.21 0.14 0.01 0.06 -0.32 -0.75
59 249.0 453.0 129.0 39.0 -0.25 0.07 -0.02 0.19 -0.21 -0.35
60 231.0 442.0 121.0 45.0 -0.29 0.15 -0.05 0.1 -0.19 -0.39
61 197.0 472.0 133.0 47.0 -0.32 0.17 -0.05 -0.09 -0.26 -0.38
62 204.0 448.0 134.0 45.0 -0.31 0.14 -0.07 0.05 -0.13 -0.45
63 193.0 463.0 130.0 44.0 -0.33 0.15 -0.05 -0.1 -0.07 -0.34
64 214.0 430.0 136.0 47.0 -0.34 0.16 -0.04 -0.15 -0.05 -0.28
65 187.0 485.0 137.0 41.0 -0.37 0.14 -0.02 -0.15 -0.01 0.0
66 186.0 476.0 126.0 38.0 -0.37 0.08 -0.01 -0.07 0.02 -0.16
67 197.0 456.0 132.0 40.0 -0.36 0.08 0.0 -0.06 0.06 -0.19
68 174.0 416.0 132.0 37.0 -0.34 0.06 0.03 -0.08 0.02 0.03
69 154.0 443.0 133.0 36.0 -0.31 0.04 0.03 0.0 0.07 0.05
70 206.0 440.0 126.0 36.0 -0.29 0.03 0.02 0.06 0.06 0.27
71 203.0 426.0 126.0 41.0 -0.26 0.02 0.0 -0.04 0.11 0.45
72 200.0 493.0 121.0 41.0 -0.22 0.03 -0.03 -0.09 0.2 0.24
73 169.0 460.0 127.0 40.0 -0.21 0.05 -0.03 -0.18 0.24 0.21
74 147.0 421.0 117.0 39.0 -0.16 0.08 -0.03 -0.07 0.26 -0.12
75 141.0 422.0 124.0 38.0 -0.12 0.07 -0.01 -0.32 0.21 0.08
76 143.0 406.0 148.0 37.0 -0.11 0.06 -0.01 -0.23 0.2 0.14
77 135.0 428.0 141.0 59.0 -0.15 0.1 -0.02 -0.55 0.24 0.47
78 126.0 414.0 137.0 52.0 -0.21 0.16 -0.06 -0.5 0.15 0.13
79 117.0 399.0 127.0 49.0 -0.23 0.2 -0.06 0.22 0.01 -0.83
80 118.0 379.0 127.0 47.0 -0.23 0.25 -0.03 0.07 -0.05 -0.98
81 132.0 383.0 134.0 44.0 -0.16 0.11 -0.04 -0.1 -0.04 -0.26
82 118.0 375.0 134.0 43.0 -0.14 0.07 -0.05 -0.21 0.03 0.02
83 111.0 380.0 120.0 46.0 -0.14 0.09 -0.07 -0.39 0.01 0.24
84 98.0 377.0 119.0 44.0 -0.11 0.14 -0.09 -0.19 0.12 -0.19
85 84.0 380.0 124.0 48.0 -0.1 0.15 -0.08 -0.09 0.09 -0.34
86 87.0 387.0 119.0 44.0 -0.05 0.15 -0.06 -0.25 0.06 -0.09
87 83.0 376.0 124.0 41.0 -0.02 0.11 -0.06 -0.3 0.05 -0.04
88 122.0 379.0 116.0 39.0 -0.01 0.1 -0.06 -0.31 0.0 -0.08
89 130.0 375.0 110.0 38.0 -0.0 0.07 -0.03 -0.28 0.03 -0.19
90 135.0 369.0 106.0 40.0 0.02 0.01 -0.0 -0.31 0.11 -0.4
91 181.0 364.0 103.0 37.0 0.03 -0.03 0.01 0.0 0.08 -0.55
92 146.0 403.0 102.0 34.0 0.04 -0.09 0.02 -0.01 0.21 -0.38
93 132.0 390.0 108.0 35.0 -0.02 -0.07 -0.02 0.04 0.38 -0.35
94 124.0 379.0 103.0 58.0 -0.06 -0.01 -0.02 0.02 0.44 -0.47
95 135.0 361.0 111.0 55.0 -0.14 0.07 -0.03 -0.01 0.25 -0.45
96 129.0 346.0 105.0 48.0 -0.16 0.05 -0.02 0.06 0.03 -0.41
97 108.0 352.0 118.0 45.0 -0.15 0.03 -0.0 0.04 -0.05 -0.1
98 104.0 320.0 119.0 40.0 -0.1 -0.0 -0.01 -0.04 -0.19 0.48
99 99.0 367.0 119.0 37.0 -0.05 0.02 -0.02 -0.13 -0.17 0.55
100 90.0 391.0 111.0 34.0 -0.03 0.03 -0.03 -0.25 -0.19 0.29
101 107.0 386.0 105.0 33.0 0.03 0.01 -0.03 -0.28 -0.16 0.1
102 104.0 361.0 95.0 31.0 0.06 0.0 -0.03 -0.18 -0.15 -0.14
103 100.0 369.0 90.0 29.0 0.08 0.0 -0.02 -0.12 -0.16 -0.24
104 111.0 310.0 88.0 28.0 0.08 0.02 -0.01 -0.14 -0.19 -0.33
105 110.0 265.0 88.0 27.0 0.07 0.03 -0.01 -0.13 -0.32 -0.57
106 91.0 230.0 86.0 27.0 0.04 0.06 -0.0 -0.19 -0.36 -0.62
107 89.0 198.0 80.0 27.0 -0.03 0.11 0.02 -0.32 -0.53 -0.84
108 81.0 183.0 76.0 26.0 -0.15 0.17 0.08 -0.31 -0.67 -1.06
109 79.0 172.0 73.0 25.0 -0.25 0.21 0.13 -0.2 -0.84 -1.03
110 83.0 179.0 73.0 25.0 -0.47 0.38 0.27 -0.27 -0.8 -1.38
111 70.0 168.0 72.0 25.0 -0.71 0.75 0.46 -0.31 -0.71 -2.4
112 71.0 160.0 68.0 26.0 -0.83 0.95 0.57 -0.38 -0.4 -2.47
113 92.0 156.0 69.0 25.0 -1.16 1.43 0.72 -0.29 -0.47 -2.54
114 82.0 156.0 67.0 25.0 -1.47 1.78 0.76 -0.47 -0.42 -2.42
115 87.0 158.0 69.0 25.0 -1.62 1.94 0.76 -0.68 -0.29 -2.38
116 87.0 164.0 68.0 26.0 -1.93 2.18 0.73 -0.59 -0.12 -2.27
117 74.0 168.0 65.0 28.0 -2.21 2.4 0.63 -0.89 0.05 -2.5
118 69.0 160.0 65.0 26.0 -2.34 2.49 0.55 -0.65 0.08 -2.68
119 64.0 168.0 64.0 34.0 -2.56 2.63 0.39 -0.36 -0.04 -2.61
120 55.0 171.0 64.0 33.0 -2.74 2.32 0.29 -0.73 -0.62 -1.56
121 54.0 168.0 65.0 29.0 -2.82 1.93 0.29 -0.47 -0.86 -1.26
122 58.0 169.0 62.0 29.0 -2.78 1.04 0.33 -0.62 -0.73 -0.59
123 60.0 165.0 64.0 28.0 -2.55 0.35 0.32 -0.87 -0.23 -0.38
124 69.0 156.0 63.0 27.0 -2.43 0.23 0.24 -0.09 0.36 -0.44
125 60.0 156.0 63.0 114.0 -2.19 0.11 0.23 0.0 0.01 0.14
126 51.0 157.0 63.0 97.0 -2.2 0.69 -0.02 1.07 0.53 0.51
127 44.0 147.0 59.0 81.0 -2.33 1.12 -0.11 1.0 0.14 0.4
128 49.0 139.0 56.0 69.0 -2.3 0.82 -0.23 -0.96 -1.11 -0.08
129 74.0 133.0 56.0 59.0 -2.06 -0.13 -0.25 -1.59 -0.73 -5.34
130 61.0 126.0 59.0 51.0 -0.97 -1.22 0.08 -5.19 -7.78 14.04
131 53.0 119.0 66.0 45.0 1.45 -0.21 -0.01 4.11 1.0 13.88
132 46.0 114.0 71.0 42.0 0.71 0.95 -0.47 -0.29 0.46 0.74
133 39.0 106.0 68.0 37.0 0.56 0.79 -0.51 -0.87 1.08 -1.24
134 38.0 98.0 70.0 34.0 0.43 0.55 -0.36 -1.04 1.4 -1.12
135 34.0 92.0 67.0 32.0 0.36 0.35 -0.36 -1.15 0.96 0.52
136 30.0 87.0 66.0 31.0 0.29 0.12 -0.24 -0.08 0.86 0.49
137 27.0 84.0 69.0 29.0 0.2 -0.04 -0.11 0.99 0.0 0.16
138 25.0 82.0 73.0 28.0 0.3 0.27 -0.08 0.7 -0.01 -0.12
139 23.0 81.0 72.0 28.0 0.33 0.44 -0.11 0.06 0.09 -0.3
140 21.0 78.0 75.0 26.0 0.29 0.46 -0.08 -0.2 -0.03 -0.21
141 24.0 79.0 77.0 26.0 0.22 0.27 0.02 -0.39 -0.08 0.3
142 22.0 79.0 73.0 27.0 0.22 0.18 0.04 -0.3 -0.01 0.38
143 21.0 78.0 74.0 25.0 0.15 0.14 0.04 -0.24 0.08 0.1
144 20.0 76.0 74.0 25.0 0.14 0.2 0.01 -0.13 0.32 -0.05
145 19.0 76.0 72.0 25.0 0.14 0.27 -0.01 -0.17 0.29 -0.04
