1 31.0 99.0 64.0 25.0 -0.03 -0.01 -0.01 -0.05 0.03 -0.06
2 34.0 99.0 61.0 24.0 -0.02 -0.0 -0.0 -0.08 0.08 -0.08
3 35.0 98.0 62.0 24.0 -0.01 -0.0 0.0 -0.12 0.1 -0.08
4 40.0 97.0 59.0 23.0 -0.02 -0.03 0.0 -0.09 0.11 -0.1
5 38.0 97.0 57.0 23.0 -0.02 -0.03 -0.01 -0.05 0.09 -0.06
6 38.0 96.0 55.0 23.0 -0.02 -0.03 -0.01 0.0 0.1 -0.05
7 35.0 94.0 53.0 24.0 -0.02 -0.03 -0.01 0.01 0.06 -0.04
8 46.0 124.0 54.0 25.0 -0.03 -0.01 -0.02 -0.05 0.09 -0.05
9 102.0 157.0 53.0 25.0 -0.03 -0.01 -0.02 -0.11 0.07 -0.03
10 115.0 238.0 54.0 43.0 -0.05 -0.06 -0.01 -0.12 0.05 -0.04
11 144.0 310.0 55.0 49.0 -0.1 -0.11 -0.03 -0.37 -0.01 -0.19
12 149.0 379.0 54.0 52.0 -0.11 -0.16 -0.02 0.13 -0.17 -0.32
13 143.0 407.0 59.0 47.0 -0.06 -0.39 0.09 0.0 -0.34 -0.34
14 158.0 420.0 64.0 42.0 0.14 -0.7 0.17 -0.23 -0.07 -0.36
15 169.0 448.0 67.0 39.0 0.22 -0.84 0.2 -0.12 0.28 0.88
16 155.0 499.0 70.0 62.0 0.37 -1.16 0.2 -0.04 0.12 1.03
17 171.0 492.0 77.0 56.0 0.4 -1.41 0.15 -0.38 -0.05 1.46
18 150.0 499.0 90.0 53.0 0.41 -1.6 0.12 -0.95 0.23 2.1
19 139.0 549.0 89.0 46.0 0.58 -1.87 0.1 -1.08 0.21 2.42
20 128.0 672.0 88.0 42.0 1.07 -2.07 -0.16 1.88 0.77 4.06
21 124.0 647.0 109.0 46.0 1.77 -2.89 -0.35 -0.83 0.74 3.02
22 110.0 666.0 113.0 45.0 1.5 -1.75 -0.18 0.85 1.52 3.24
23 110.0 626.0 106.0 48.0 1.49 -1.15 -0.27 0.4 1.37 2.92
24 108.0 614.0 102.0 44.0 1.49 -1.05 -0.3 -0.02 0.93 2.45
25 96.0 575.0 100.0 41.0 1.65 -1.14 -0.44 0.07 0.89 1.87
26 113.0 621.0 111.0 40.0 1.75 -1.47 -0.61 0.86 0.83 1.05
27 143.0 629.0 120.0 41.0 1.75 -1.46 -0.67 1.3 0.56 0.15
28 128.0 578.0 124.0 44.0 1.76 -1.26 -0.75 0.98 0.34 0.07
29 131.0 535.0 117.0 42.0 1.81 -1.16 -0.75 0.45 -0.03 0.14
30 137.0 488.0 113.0 41.0 1.79 -1.14 -0.74 0.02 -0.25 -0.06
31 131.0 527.0 125.0 44.0 1.74 -1.04 -0.67 0.09 -0.25 -0.13
32 168.0 556.0 129.0 41.0 1.68 -0.85 -0.59 -0.43 -0.56 -0.43
33 199.0 553.0 127.0 39.0 1.65 -0.79 -0.56 -0.55 -0.68 -0.98
34 177.0 544.0 131.0 36.0 1.59 -0.71 -0.49 -0.49 -0.73 -1.17
35 214.0 536.0 155.0 37.0 1.5 -0.66 -0.41 -0.81 -0.78 -1.3
36 252.0 509.0 149.0 37.0 1.43 -0.67 -0.37 -0.83 -0.8 -1.46
37 288.0 490.0 145.0 35.0 1.32 -0.69 -0.3 -0.83 -0.77 -1.53
38 256.0 470.0 145.0 38.0 1.17 -0.65 -0.24 -0.6 -0.76 -1.75
39 245.0 471.0 134.0 35.0 1.08 -0.62 -0.23 -0.57 -0.84 -1.8
40 225.0 505.0 134.0 45.0 0.91 -0.55 -0.22 -0.68 -0.82 -1.96
41 203.0 523.0 135.0 43.0 0.75 -0.44 -0.21 -0.44 -0.76 -2.35
42 211.0 527.0 143.0 41.0 0.67 -0.38 -0.2 -0.94 -0.82 -2.22
43 185.0 571.0 137.0 42.0 0.53 -0.31 -0.19 -0.72 -0.9 -1.68
44 294.0 515.0 132.0 43.0 0.38 -0.25 -0.17 -1.07 -0.88 -1.39
45 276.0 546.0 129.0 40.0 0.31 -0.21 -0.16 -0.74 -0.88 -1.53
46 231.0 522.0 138.0 38.0 0.19 -0.13 -0.14 -0.72 -0.79 -1.57
47 216.0 508.0 148.0 40.0 0.09 -0.08 -0.09 -0.75 -0.77 -1.51
48 183.0 496.0 133.0 39.0 0.06 -0.07 -0.08 -0.57 -0.72 -1.25
49 160.0 516.0 131.0 39.0 -0.02 -0.02 -0.06 -0.6 -0.69 -0.96
50 181.0 617.0 145.0 50.0 -0.09 0.02 -0.06 -0.53 -0.56 -0.72
51 191.0 592.0 153.0 46.0 -0.12 0.03 -0.05 -0.46 -0.52 -0.74
52 185.0 689.0 144.0 60.0 -0.16 0.06 -0.04 0.01 -0.49 -0.71
53 170.0 806.0 155.0 54.0 -0.15 0.1 -0.04 0.01 -0.5 -0.35
54 177.0 875.0 151.0 53.0 -0.14 0.13 -0.04 0.08 -0.32 -0.32
55 154.0 785.0 145.0 49.0 -0.08 0.15 -0.07 0.07 -0.28 -0.26
56 144.0 779.0 147.0 49.0 -0.01 0.15 -0.1 -0.32 -0.06 0.12
57 174.0 733.0 142.0 49.0 0.0 0.14 -0.11 -0.43 0.19 0.48
58 190.0 761.0 138.0 44.0 -0.02 0.16 -0.12 -0.48 0.23 0.32
59 193.0 745.0 136.0 44.0 -0.04 0.15 -0.08 -0.36 0.21 -0.24
60 184.0 649.0 127.0 46.0 -0.05 0.14 -0.05 -0.14 0.2 -0.27
61 155.0 600.0 136.0 42.0 -0.05 0.11 -0.0 -0.04 0.15 -0.08
62 139.0 593.0 133.0 41.0 -0.07 0.08 0.02 0.15 0.18 -0.14
63 120.0 563.0 134.0 39.0 -0.08 0.1 0.01 0.16 0.07 -0.37
64 116.0 540.0 134.0 38.0 -0.09 0.12 0.01 0.24 0.03 -0.33
65 110.0 517.0 139.0 38.0 -0.08 0.08 0.01 0.16 0.14 -0.36
66 98.0 505.0 141.0 37.0 -0.09 0.06 -0.0 -0.05 0.04 0.1
67 91.0 482.0 127.0 34.0 -0.1 0.06 -0.02 -0.08 0.09 0.15
68 104.0 473.0 122.0 33.0 -0.11 0.08 -0.04 -0.2 0.01 -0.09
69 121.0 454.0 116.0 30.0 -0.1 0.08 -0.04 -0.26 -0.03 -0.18
70 122.0 473.0 116.0 32.0 -0.09 0.08 -0.03 -0.26 -0.02 -0.19
71 112.0 460.0 128.0 31.0 -0.07 0.05 -0.01 -0.22 -0.11 -0.16
72 92.0 464.0 120.0 30.0 -0.06 0.06 -0.01 -0.36 -0.07 -0.19
73 80.0 530.0 112.0 29.0 -0.06 0.08 0.01 -0.31 -0.01 -0.23
74 74.0 525.0 107.0 30.0 -0.07 0.08 0.02 -0.29 0.0 -0.41
75 79.0 525.0 107.0 30.0 -0.07 0.07 0.02 -0.22 0.0 -0.44
76 74.0 499.0 123.0 31.0 -0.08 0.07 0.05 -0.14 -0.03 -0.33
77 77.0 487.0 113.0 30.0 -0.09 0.05 0.05 -0.17 -0.03 -0.18
78 66.0 534.0 109.0 29.0 -0.09 0.04 0.05 -0.07 -0.06 -0.01
79 76.0 538.0 105.0 28.0 -0.1 0.07 0.05 -0.09 -0.03 0.02
80 101.0 517.0 110.0 28.0 -0.09 0.1 0.04 -0.05 -0.03 -0.02
81 93.0 521.0 106.0 27.0 -0.08 0.09 0.03 -0.04 -0.01 -0.07
82 79.0 496.0 98.0 27.0 -0.06 0.07 0.02 -0.08 0.04 -0.11
83 73.0 491.0 97.0 27.0 -0.06 0.06 0.01 -0.1 0.06 -0.15
84 69.0 537.0 94.0 26.0 -0.05 0.06 0.01 0.03 0.03 -0.23
85 57.0 563.0 102.0 25.0 -0.05 0.06 0.01 0.12 0.01 -0.24
86 53.0 591.0 103.0 26.0 -0.03 0.06 0.0 0.23 0.04 -0.18
87 51.0 566.0 95.0 25.0 -0.02 0.08 -0.01 0.14 0.02 -0.13
88 65.0 640.0 94.0 30.0 0.0 0.12 0.0 0.14 0.08 -0.13
89 60.0 574.0 96.0 29.0 0.01 0.1 -0.0 -0.01 0.11 0.11
90 57.0 555.0 101.0 28.0 0.0 0.07 -0.02 0.0 0.08 0.09
91 56.0 528.0 98.0 27.0 0.01 0.03 -0.03 -0.22 0.11 0.13
92 59.0 485.0 103.0 27.0 0.0 0.02 -0.03 -0.25 0.09 0.14
93 54.0 465.0 100.0 27.0 0.0 -0.0 -0.03 -0.25 0.01 0.02
94 52.0 476.0 102.0 25.0 0.01 -0.03 0.0 -0.25 0.01 0.01
95 49.0 475.0 106.0 25.0 -0.01 -0.03 0.03 -0.23 -0.01 -0.23
96 47.0 436.0 99.0 24.0 -0.02 -0.02 0.05 -0.08 -0.06 -0.34
97 49.0 400.0 93.0 24.0 -0.03 0.01 0.06 -0.16 -0.11 -0.33
98 44.0 358.0 87.0 28.0 -0.03 0.0 0.06 -0.2 -0.2 -0.48
99 41.0 366.0 82.0 27.0 -0.05 0.01 0.05 -0.21 -0.22 -0.54
100 37.0 352.0 77.0 26.0 -0.11 0.09 0.07 -0.31 -0.33 -0.76
101 34.0 331.0 72.0 28.0 -0.21 0.15 0.1 -0.37 -0.45 -0.95
102 31.0 319.0 67.0 27.0 -0.29 0.17 0.14 -0.42 -0.51 -1.04
103 30.0 304.0 64.0 26.0 -0.47 0.26 0.22 -0.34 -0.67 -1.55
104 29.0 297.0 61.0 26.0 -0.73 0.43 0.37 -0.3 -0.7 -1.78
105 45.0 334.0 60.0 25.0 -0.84 0.6 0.47 -0.24 -0.69 -1.97
106 44.0 336.0 61.0 25.0 -1.01 0.97 0.65 0.22 -0.75 -2.02
107 46.0 327.0 64.0 25.0 -1.18 1.5 0.81 0.23 -0.85 -2.23
108 40.0 324.0 64.0 25.0 -1.31 1.73 0.83 0.32 -0.66 -2.04
109 42.0 319.0 62.0 25.0 -1.63 2.13 0.84 -0.2 -0.69 -1.8
110 40.0 331.0 63.0 26.0 -2.0 2.05 0.79 -0.27 -0.48 -1.84
111 42.0 327.0 61.0 25.0 -2.14 1.9 0.75 -0.62 -0.5 -1.98
112 41.0 319.0 61.0 25.0 -2.36 1.52 0.66 -1.82 -0.56 -1.61
113 39.0 341.0 59.0 29.0 -2.56 1.2 0.58 -2.24 -0.53 -1.27
114 63.0 329.0 58.0 32.0 -2.61 1.1 0.54 -2.02 -0.61 -1.13
115 74.0 316.0 58.0 31.0 -2.36 0.75 0.38 -0.66 -0.34 -1.49
116 82.0 309.0 61.0 31.0 -2.38 0.65 0.37 0.36 -0.32 -1.84
117 73.0 298.0 60.0 31.0 -2.43 0.51 0.38 0.26 -0.31 -1.61
118 70.0 282.0 59.0 34.0 -2.28 0.61 0.45 -0.2 -0.3 -1.02
119 67.0 267.0 59.0 32.0 -2.2 1.09 0.47 -0.53 -0.62 0.24
120 55.0 259.0 55.0 30.0 -2.15 1.25 0.42 -0.28 -0.47 0.33
121 48.0 250.0 55.0 29.0 -2.03 1.27 0.5 -0.28 -0.6 0.99
122 41.0 244.0 55.0 32.0 -2.04 1.24 0.33 -0.53 -0.27 0.76
123 36.0 236.0 55.0 30.0 -1.96 1.17 0.26 -0.16 -0.56 0.51
124 31.0 227.0 59.0 28.0 -1.85 0.97 0.31 3.2 -0.64 -3.03
125 28.0 216.0 71.0 27.0 0.99 -0.93 -0.12 -3.74 -8.43 10.71
126 25.0 205.0 76.0 27.0 1.48 0.61 0.22 6.12 0.85 11.93
127 30.0 194.0 75.0 26.0 0.78 1.93 -0.31 0.03 -0.81 5.3
128 28.0 188.0 70.0 25.0 0.56 1.32 -0.41 -1.4 1.49 -0.57
129 24.0 178.0 71.0 25.0 0.44 1.26 -0.41 -1.97 0.62 -1.02
130 23.0 169.0 69.0 24.0 0.43 0.67 -0.34 -2.14 0.11 0.2
131 21.0 159.0 74.0 24.0 0.3 0.0 -0.17 -0.68 -0.01 0.76
132 21.0 149.0 77.0 24.0 0.22 -0.18 -0.1 0.04 -0.33 0.64
133 19.0 141.0 78.0 24.0 0.16 -0.2 0.02 1.3 -0.26 -0.02
134 19.0 132.0 75.0 24.0 0.11 0.09 0.04 1.03 -0.21 -0.15
135 19.0 123.0 77.0 24.0 0.09 0.25 0.03 0.39 -0.31 -0.08
136 18.0 115.0 74.0 24.0 0.08 0.38 0.04 -0.19 -0.3 -0.01
137 17.0 108.0 75.0 24.0 0.05 0.26 0.04 -0.64 -0.19 0.08
138 17.0 103.0 72.0 24.0 0.05 0.16 0.03 -0.7 -0.09 0.1
139 16.0 97.0 71.0 24.0 0.01 0.04 0.0 -0.59 -0.01 -0.02
140 17.0 94.0 74.0 24.0 0.02 -0.01 -0.01 -0.12 0.02 -0.01
141 17.0 88.0 75.0 24.0 0.02 -0.0 -0.02 -0.1 -0.09 0.02
142 17.0 83.0 75.0 24.0 0.05 0.02 -0.02 -0.12 -0.16 0.01
143 17.0 81.0 74.0 24.0 0.08 0.02 -0.01 -0.16 -0.21 -0.01
144 18.0 79.0 74.0 24.0 0.08 0.01 0.0 -0.17 -0.16 -0.02
