1 19.0 72.0 67.0 25.0 -0.01 -0.02 -0.0 0.0 0.05 -0.03
2 19.0 72.0 70.0 25.0 -0.01 -0.01 -0.01 -0.02 0.06 -0.03
3 18.0 73.0 66.0 25.0 -0.01 -0.01 -0.01 -0.02 0.08 -0.04
4 19.0 72.0 68.0 25.0 -0.02 -0.0 -0.0 0.03 0.05 -0.06
5 19.0 73.0 65.0 25.0 -0.02 -0.0 -0.01 -0.02 0.02 -0.04
6 19.0 72.0 66.0 24.0 -0.01 0.0 -0.01 -0.04 0.06 -0.08
7 20.0 72.0 64.0 25.0 -0.01 -0.01 -0.0 -0.02 0.04 -0.07
8 19.0 72.0 62.0 25.0 -0.0 -0.01 -0.0 -0.04 0.05 -0.06
9 18.0 71.0 64.0 25.0 0.0 -0.01 -0.0 -0.03 0.08 -0.07
10 19.0 72.0 64.0 25.0 0.01 -0.01 -0.0 -0.08 0.06 -0.04
11 19.0 72.0 65.0 25.0 0.0 -0.01 -0.01 -0.03 0.07 -0.05
12 19.0 71.0 66.0 25.0 -0.0 -0.02 -0.01 0.0 0.09 -0.04
13 19.0 72.0 65.0 25.0 -0.01 -0.02 -0.01 0.0 0.08 -0.05
14 18.0 72.0 65.0 25.0 -0.02 -0.02 -0.01 -0.02 0.04 -0.06
15 19.0 71.0 63.0 25.0 -0.02 -0.02 -0.01 -0.03 0.02 -0.07
16 19.0 71.0 69.0 25.0 -0.01 -0.03 0.0 0.01 0.03 -0.03
17 19.0 71.0 65.0 25.0 -0.01 -0.02 0.01 0.0 0.06 -0.03
18 20.0 71.0 61.0 24.0 -0.01 -0.02 0.01 -0.05 0.06 -0.07
19 20.0 73.0 61.0 25.0 -0.01 -0.02 0.01 -0.06 0.09 -0.06
20 19.0 85.0 61.0 25.0 -0.01 -0.04 0.0 -0.09 0.09 -0.04
21 24.0 95.0 58.0 26.0 -0.01 -0.05 0.0 -0.1 0.1 -0.05
22 27.0 106.0 57.0 32.0 -0.01 -0.08 0.0 -0.01 0.05 -0.04
23 64.0 144.0 55.0 30.0 -0.02 -0.1 0.02 0.07 0.0 0.0
24 70.0 181.0 57.0 89.0 -0.03 -0.1 0.03 0.03 0.0 0.0
25 66.0 224.0 56.0 79.0 -0.03 -0.15 0.03 -0.24 0.17 0.02
26 62.0 302.0 57.0 115.0 -0.11 -0.27 0.07 -0.06 0.26 0.15
27 94.0 303.0 57.0 95.0 -0.17 -0.45 0.14 0.18 0.06 0.06
28 143.0 309.0 61.0 84.0 -0.37 -1.02 0.34 -0.24 0.47 0.6
29 136.0 386.0 75.0 75.0 -1.12 -2.57 0.57 -1.73 -1.15 -0.37
30 149.0 368.0 71.0 63.0 -0.71 -2.32 0.53 -2.28 -1.24 0.59
31 136.0 339.0 76.0 56.0 0.57 -2.32 0.34 -2.03 -1.51 2.28
32 179.0 387.0 79.0 54.0 0.88 -2.46 0.2 0.78 -4.54 4.52
33 170.0 431.0 79.0 48.0 0.6 -1.85 0.71 -4.26 1.61 2.85
34 157.0 479.0 87.0 44.0 1.18 -0.91 0.61 -0.24 0.8 1.87
35 139.0 560.0 100.0 46.0 1.46 -0.18 0.59 -1.06 0.82 3.01
36 127.0 575.0 91.0 41.0 1.49 -0.19 0.56 -0.75 0.93 2.96
37 130.0 572.0 87.0 40.0 1.63 -0.92 0.43 -0.02 1.02 2.15
38 136.0 576.0 84.0 39.0 1.73 -1.5 0.23 0.99 1.23 0.32
39 157.0 568.0 90.0 40.0 1.81 -1.55 0.1 0.87 1.1 -0.39
40 176.0 640.0 93.0 41.0 1.74 -1.54 -0.11 1.21 0.96 -0.88
41 202.0 595.0 95.0 41.0 1.48 -1.44 -0.31 1.37 0.39 -1.8
42 192.0 637.0 95.0 40.0 1.38 -1.39 -0.38 1.19 0.02 -2.07
43 185.0 580.0 100.0 37.0 1.37 -1.34 -0.5 1.06 -0.13 -2.6
44 168.0 669.0 108.0 40.0 1.32 -1.27 -0.56 1.34 -0.25 -2.39
45 163.0 643.0 133.0 38.0 1.23 -1.14 -0.57 1.31 -0.37 -2.33
46 178.0 596.0 139.0 38.0 0.97 -0.84 -0.53 0.14 -0.55 -1.5
47 172.0 564.0 125.0 43.0 0.9 -0.83 -0.59 -0.13 -0.46 -1.11
48 173.0 576.0 117.0 47.0 0.87 -0.81 -0.6 0.05 -0.31 -0.83
49 173.0 558.0 110.0 45.0 0.71 -0.6 -0.6 -0.09 -0.48 -0.51
50 178.0 563.0 113.0 42.0 0.61 -0.39 -0.58 -0.21 -0.54 -0.74
51 176.0 512.0 109.0 42.0 0.59 -0.34 -0.57 -0.35 -0.54 -0.75
52 166.0 464.0 103.0 41.0 0.62 -0.33 -0.5 -0.64 -0.39 -0.48
53 164.0 459.0 103.0 41.0 0.63 -0.33 -0.39 -0.9 -0.16 -0.09
54 161.0 427.0 94.0 37.0 0.62 -0.33 -0.34 -0.93 -0.16 0.12
55 188.0 404.0 88.0 42.0 0.59 -0.33 -0.26 -0.84 0.0 -0.28
56 207.0 378.0 91.0 43.0 0.53 -0.29 -0.16 -0.71 0.1 -0.69
57 188.0 382.0 93.0 45.0 0.5 -0.26 -0.12 -0.46 0.13 -0.94
58 178.0 374.0 90.0 41.0 0.45 -0.19 -0.03 -0.34 0.08 -0.7
59 174.0 367.0 89.0 39.0 0.4 -0.18 0.0 -0.4 0.05 -0.67
60 165.0 334.0 96.0 36.0 0.37 -0.16 0.01 -0.41 0.0 -0.7
61 155.0 344.0 97.0 48.0 0.3 -0.13 0.03 -0.63 0.03 -0.94
62 140.0 355.0 89.0 49.0 0.23 -0.1 0.06 -0.45 -0.09 -0.91
63 118.0 397.0 99.0 47.0 0.19 -0.08 0.09 -0.21 -0.09 -1.05
64 147.0 402.0 96.0 45.0 0.13 0.0 0.14 -0.28 -0.25 -0.9
65 159.0 417.0 103.0 41.0 0.1 0.08 0.17 -0.38 -0.38 -0.84
66 155.0 406.0 96.0 40.0 0.06 0.09 0.18 -0.68 -0.32 -0.76
67 180.0 424.0 102.0 38.0 0.04 0.01 0.17 -0.61 -0.27 -0.6
68 147.0 400.0 107.0 36.0 0.06 -0.06 0.12 0.01 -0.17 -0.41
69 125.0 407.0 107.0 35.0 0.05 -0.05 0.11 0.08 -0.18 -0.29
70 118.0 404.0 101.0 34.0 0.04 0.02 0.06 0.01 -0.07 -0.08
71 108.0 393.0 98.0 33.0 0.04 0.02 0.0 0.04 0.11 -0.18
72 101.0 404.0 106.0 40.0 0.02 0.03 -0.01 0.0 0.13 -0.25
73 92.0 436.0 115.0 40.0 0.01 0.07 -0.02 0.11 0.18 -0.42
74 89.0 415.0 110.0 38.0 -0.02 0.1 -0.01 0.03 0.17 -0.31
75 89.0 356.0 105.0 35.0 -0.04 0.09 0.0 -0.02 0.16 -0.26
76 75.0 323.0 97.0 33.0 -0.03 0.04 0.01 0.1 0.05 -0.19
77 69.0 295.0 92.0 32.0 -0.03 0.02 0.01 0.24 0.07 -0.07
78 80.0 297.0 89.0 32.0 -0.04 0.03 0.01 0.21 0.08 -0.1
79 72.0 273.0 85.0 30.0 -0.07 0.05 0.0 0.16 0.07 -0.12
80 75.0 326.0 83.0 33.0 -0.1 0.05 0.0 0.0 0.09 -0.38
81 90.0 334.0 79.0 35.0 -0.11 0.05 0.01 -0.05 0.16 -0.53
82 94.0 306.0 78.0 33.0 -0.1 0.01 0.03 0.07 -0.08 -0.67
83 86.0 306.0 86.0 31.0 -0.06 -0.05 0.03 0.08 -0.08 -0.21
84 77.0 330.0 82.0 30.0 -0.05 -0.06 0.02 0.06 -0.1 0.0
85 70.0 360.0 81.0 29.0 -0.05 -0.02 0.0 -0.1 0.0 0.16
86 80.0 360.0 79.0 29.0 -0.07 0.03 -0.04 -0.14 0.05 -0.02
87 96.0 340.0 82.0 30.0 -0.07 0.04 -0.05 -0.19 0.17 -0.28
88 85.0 316.0 80.0 29.0 -0.07 0.03 -0.06 -0.22 0.17 -0.38
89 76.0 312.0 91.0 30.0 -0.05 -0.02 -0.06 -0.2 0.1 -0.18
90 81.0 309.0 87.0 29.0 -0.04 -0.02 -0.06 -0.26 0.12 -0.09
91 73.0 301.0 82.0 38.0 -0.02 -0.01 -0.05 -0.24 0.1 0.02
92 89.0 287.0 79.0 35.0 -0.01 0.0 -0.05 -0.32 0.14 0.04
93 99.0 282.0 75.0 33.0 -0.01 -0.0 -0.05 -0.25 0.15 -0.04
94 96.0 307.0 73.0 32.0 0.01 -0.0 -0.07 -0.26 0.23 -0.13
95 91.0 304.0 71.0 30.0 0.02 -0.0 -0.07 -0.21 0.16 -0.23
96 89.0 287.0 70.0 29.0 0.04 -0.01 -0.09 -0.17 0.14 -0.34
97 94.0 285.0 75.0 28.0 0.05 -0.01 -0.08 -0.09 0.12 -0.4
98 93.0 325.0 77.0 27.0 0.04 0.01 -0.08 -0.16 0.07 -0.38
99 91.0 316.0 81.0 27.0 0.03 -0.0 -0.08 -0.17 0.01 -0.37
100 88.0 311.0 78.0 27.0 0.02 -0.01 -0.08 -0.17 -0.06 -0.36
101 99.0 305.0 81.0 28.0 0.01 -0.0 -0.08 -0.21 -0.06 -0.24
102 93.0 339.0 86.0 27.0 -0.0 0.01 -0.07 -0.19 -0.05 -0.11
103 102.0 327.0 85.0 27.0 -0.0 0.02 -0.07 -0.16 -0.04 -0.19
104 94.0 323.0 83.0 26.0 -0.0 0.03 -0.06 -0.15 0.02 -0.29
105 94.0 312.0 90.0 26.0 -0.02 0.05 -0.05 -0.18 0.05 -0.33
106 87.0 295.0 96.0 27.0 -0.02 0.04 -0.05 -0.23 0.03 -0.23
107 85.0 314.0 99.0 27.0 -0.03 0.02 -0.04 -0.18 0.06 -0.08
108 100.0 357.0 98.0 27.0 -0.03 0.02 -0.04 -0.18 0.08 -0.02
109 97.0 372.0 90.0 27.0 -0.04 0.02 -0.01 -0.21 0.12 -0.02
110 100.0 396.0 85.0 28.0 -0.03 0.01 -0.0 -0.02 0.09 -0.1
111 96.0 369.0 84.0 43.0 -0.01 0.02 0.02 -0.06 0.06 -0.11
112 95.0 340.0 78.0 41.0 0.04 0.01 0.03 -0.08 0.0 -0.08
113 95.0 318.0 73.0 38.0 0.06 0.01 0.03 0.0 0.0 0.03
114 93.0 299.0 71.0 35.0 0.08 0.0 0.03 0.01 -0.05 0.01
115 99.0 298.0 71.0 36.0 0.08 0.02 0.02 -0.09 -0.02 -0.13
116 99.0 279.0 74.0 35.0 0.08 0.01 0.01 -0.07 -0.04 -0.35
117 94.0 251.0 68.0 33.0 0.06 0.01 0.01 -0.03 -0.1 -0.6
118 87.0 222.0 66.0 32.0 0.02 0.04 0.03 -0.16 -0.17 -0.7
119 88.0 195.0 63.0 29.0 -0.0 0.05 0.04 -0.4 -0.35 -1.07
120 93.0 175.0 60.0 28.0 -0.08 0.07 0.09 -0.48 -0.46 -1.16
121 87.0 162.0 59.0 27.0 -0.2 0.11 0.18 -0.74 -0.63 -1.3
122 84.0 150.0 58.0 27.0 -0.29 0.14 0.24 -0.84 -0.69 -1.32
123 76.0 137.0 57.0 26.0 -0.54 0.2 0.41 -0.86 -0.77 -1.42
124 76.0 134.0 57.0 26.0 -0.81 0.26 0.58 -0.41 -0.59 -1.78
125 76.0 129.0 56.0 23.0 -0.96 0.34 0.68 -0.44 -0.44 -2.03
126 76.0 128.0 55.0 25.0 -1.25 0.57 0.82 -0.08 -0.55 -1.95
127 71.0 129.0 54.0 25.0 -1.5 0.92 0.9 0.07 -0.22 -1.92
128 73.0 128.0 54.0 24.0 -1.63 1.11 0.91 -0.13 -0.06 -1.7
129 73.0 131.0 55.0 26.0 -1.96 1.45 0.91 -0.41 -0.03 -1.85
130 82.0 129.0 56.0 45.0 -2.27 1.72 0.84 -0.41 0.0 -2.08
131 74.0 134.0 54.0 40.0 -2.42 1.79 0.79 -0.04 0.0 -2.45
132 62.0 142.0 53.0 37.0 -2.66 1.89 0.64 -0.09 -0.02 -2.67
133 54.0 141.0 55.0 51.0 -2.8 1.91 0.57 -0.14 -0.34 -2.56
134 58.0 155.0 55.0 58.0 -2.83 1.78 0.54 -0.37 -0.32 -1.96
135 53.0 159.0 54.0 51.0 -2.74 1.22 0.45 -1.36 -0.88 -1.31
136 47.0 147.0 56.0 46.0 -2.6 0.4 0.43 -1.22 -0.9 -0.63
137 40.0 137.0 61.0 41.0 -2.36 0.04 0.36 -0.28 -0.86 0.37
138 34.0 125.0 58.0 37.0 -2.12 -0.1 0.09 0.1 -0.91 0.48
139 32.0 118.0 64.0 34.0 -1.96 0.24 -0.03 0.55 -0.52 -0.79
140 30.0 111.0 66.0 32.0 -1.88 0.54 0.1 4.43 -5.78 21.56
141 31.0 105.0 75.0 30.0 0.48 3.06 0.39 3.28 -3.61 16.68
142 64.0 102.0 74.0 29.0 1.19 1.48 -0.41 -2.9 0.18 0.44
143 59.0 95.0 69.0 28.0 0.41 0.95 -0.35 -2.11 1.41 -2.11
144 49.0 92.0 68.0 27.0 0.11 1.07 -0.36 -2.29 1.31 -2.45
145 47.0 86.0 71.0 26.0 0.0 1.33 -0.45 -1.62 0.0 0.93
146 41.0 82.0 71.0 26.0 0.38 0.56 -0.25 0.23 0.68 1.21
147 36.0 78.0 74.0 25.0 0.22 0.11 -0.06 0.97 -0.01 0.07
148 34.0 76.0 69.0 25.0 0.16 0.13 0.04 0.65 0.32 0.05
149 31.0 76.0 67.0 25.0 0.15 0.27 0.0 0.24 0.01 -0.21
150 29.0 76.0 75.0 25.0 0.1 0.34 0.03 0.13 -0.04 -0.13
151 30.0 76.0 74.0 24.0 0.02 0.29 0.08 -0.36 -0.22 0.0
152 27.0 76.0 77.0 24.0 0.03 0.24 0.08 -0.53 -0.14 -0.05
153 27.0 77.0 76.0 24.0 0.03 0.12 0.06 -0.44 -0.14 -0.13
154 27.0 76.0 73.0 24.0 0.02 0.08 0.04 -0.39 -0.03 -0.16
155 25.0 76.0 73.0 24.0 0.03 0.07 0.03 -0.33 -0.06 -0.07
156 24.0 77.0 70.0 23.0 0.1 0.09 0.03 -0.15 0.1 -0.09
157 24.0 76.0 73.0 24.0 0.13 0.11 0.01 -0.15 0.16 -0.01
158 22.0 74.0 79.0 24.0 0.13 0.1 0.0 -0.21 0.18 -0.02
