1 20.0 68.0 63.0 24.0 0.03 -0.03 -0.07 -0.05 0.07 -0.11
2 21.0 68.0 78.0 25.0 0.04 -0.03 -0.07 0.0 0.04 -0.13
3 22.0 68.0 73.0 24.0 0.04 -0.03 -0.07 0.01 0.05 -0.13
4 21.0 68.0 70.0 24.0 0.05 -0.01 -0.05 0.1 0.1 -0.03
5 20.0 69.0 67.0 24.0 0.05 -0.01 -0.05 0.12 0.1 -0.03
6 20.0 67.0 64.0 24.0 0.04 0.0 -0.03 0.08 0.1 0.02
7 21.0 68.0 72.0 24.0 0.01 -0.01 -0.02 0.02 0.13 0.01
8 21.0 69.0 75.0 24.0 -0.0 -0.02 -0.01 0.02 0.15 0.02
9 21.0 69.0 71.0 24.0 -0.01 -0.01 0.01 0.01 0.15 0.0
10 20.0 69.0 72.0 24.0 -0.02 -0.0 0.01 -0.04 0.1 -0.02
11 19.0 68.0 73.0 24.0 -0.02 0.01 0.02 -0.08 0.11 -0.07
12 17.0 68.0 70.0 24.0 -0.02 -0.02 0.01 -0.11 0.13 -0.01
13 20.0 68.0 73.0 24.0 -0.02 -0.02 0.01 -0.05 0.16 -0.01
14 20.0 68.0 72.0 25.0 -0.02 -0.02 0.01 -0.06 0.19 0.01
15 20.0 69.0 70.0 25.0 -0.03 -0.03 0.01 0.02 0.1 -0.04
16 30.0 84.0 71.0 24.0 -0.04 -0.04 0.02 0.08 0.07 -0.01
17 45.0 92.0 69.0 27.0 -0.05 -0.05 0.02 0.09 0.05 -0.03
18 83.0 113.0 65.0 31.0 -0.06 -0.03 0.02 -0.22 0.06 -0.07
19 94.0 116.0 63.0 29.0 -0.04 -0.03 -0.01 -0.32 0.17 0.02
20 101.0 151.0 61.0 72.0 -0.05 -0.04 -0.02 -0.83 0.14 0.1
21 93.0 169.0 59.0 62.0 0.01 -0.13 -0.03 -0.5 0.18 0.41
22 106.0 197.0 59.0 57.0 0.04 -0.23 -0.03 0.48 0.02 0.42
23 108.0 225.0 59.0 50.0 0.09 -0.26 -0.03 0.28 -0.01 0.42
24 167.0 254.0 59.0 49.0 0.18 -0.51 0.01 -0.07 0.13 0.39
25 181.0 290.0 59.0 76.0 0.23 -0.8 0.01 -0.69 0.08 0.78
26 192.0 309.0 60.0 67.0 0.31 -0.96 0.0 -0.94 0.0 1.06
27 194.0 313.0 58.0 64.0 0.53 -1.26 -0.1 -1.97 -0.97 1.69
28 185.0 290.0 60.0 61.0 0.81 -1.62 -0.2 -0.68 0.45 2.19
29 179.0 285.0 62.0 54.0 0.99 -1.77 -0.33 1.42 -0.58 3.09
30 203.0 322.0 66.0 49.0 1.19 -1.53 -0.31 1.29 0.12 4.05
31 230.0 319.0 68.0 46.0 1.08 -1.31 -0.41 0.0 0.36 3.39
32 248.0 342.0 68.0 49.0 1.43 -1.05 -0.43 -2.38 0.19 2.92
33 233.0 350.0 70.0 44.0 2.43 -1.44 -0.65 0.39 0.0 2.16
34 270.0 332.0 80.0 41.0 2.51 -1.17 -0.56 0.3 0.35 1.81
35 288.0 316.0 101.0 45.0 2.57 -1.01 -0.5 0.19 0.23 1.97
36 298.0 334.0 117.0 42.0 2.75 -0.72 -0.49 -0.58 0.0 2.45
37 301.0 328.0 128.0 43.0 2.79 -0.67 -0.48 -0.76 -0.14 1.79
38 325.0 328.0 117.0 40.0 2.79 -0.66 -0.45 -0.64 -0.09 1.06
39 322.0 369.0 112.0 40.0 2.6 -0.52 -0.4 0.31 -0.13 -0.87
40 312.0 343.0 122.0 38.0 2.44 -0.31 -0.34 0.28 -0.38 -1.69
41 287.0 318.0 117.0 45.0 2.35 -0.28 -0.33 0.12 -0.59 -1.78
42 277.0 303.0 119.0 45.0 2.19 -0.35 -0.37 0.47 -0.64 -2.26
43 291.0 291.0 120.0 48.0 1.98 -0.25 -0.36 0.43 -0.5 -2.46
44 325.0 307.0 124.0 44.0 1.85 -0.22 -0.37 0.26 -0.65 -2.4
45 351.0 331.0 125.0 46.0 1.62 -0.29 -0.39 -0.02 -0.79 -2.41
46 354.0 322.0 116.0 42.0 1.38 -0.29 -0.39 -0.2 -0.94 -2.3
47 321.0 300.0 105.0 39.0 1.25 -0.24 -0.38 -0.38 -1.01 -2.37
48 327.0 331.0 106.0 43.0 1.01 -0.23 -0.34 -0.48 -1.1 -2.5
49 331.0 315.0 113.0 44.0 0.74 -0.23 -0.32 -0.66 -1.5 -2.59
50 318.0 333.0 111.0 55.0 0.66 -0.25 -0.29 -0.32 -1.22 -2.6
51 294.0 317.0 104.0 50.0 0.45 -0.12 -0.21 -0.53 -1.27 -2.03
52 272.0 309.0 102.0 45.0 0.27 -0.16 -0.18 -0.72 -1.21 -1.94
53 305.0 315.0 97.0 41.0 0.2 -0.19 -0.15 -0.63 -1.13 -1.78
54 296.0 319.0 101.0 56.0 0.07 -0.17 -0.11 -0.68 -0.89 -1.13
55 272.0 305.0 99.0 57.0 -0.07 -0.11 -0.08 -0.63 -0.96 -1.15
56 249.0 295.0 94.0 51.0 -0.1 -0.09 -0.07 -0.72 -0.87 -1.12
57 302.0 280.0 90.0 48.0 -0.15 -0.09 -0.02 -0.66 -0.56 -0.56
58 303.0 293.0 85.0 47.0 -0.2 -0.09 0.02 -0.53 -0.36 -0.27
59 274.0 284.0 104.0 49.0 -0.21 -0.08 0.04 -0.24 -0.24 -0.15
60 259.0 281.0 106.0 45.0 -0.18 -0.03 0.05 -0.17 -0.13 0.14
61 229.0 263.0 104.0 52.0 -0.15 -0.02 0.01 -0.12 0.2 0.27
62 227.0 261.0 95.0 47.0 -0.14 -0.0 -0.02 -0.23 0.25 0.14
63 235.0 268.0 93.0 47.0 -0.15 0.06 -0.03 -0.34 0.32 -0.14
64 210.0 262.0 89.0 44.0 -0.14 0.07 -0.02 -0.37 0.22 -0.15
65 230.0 277.0 90.0 42.0 -0.13 0.05 0.0 -0.28 0.16 -0.09
66 225.0 279.0 100.0 41.0 -0.08 -0.01 0.03 -0.02 0.14 -0.09
67 219.0 267.0 92.0 38.0 -0.07 -0.03 0.05 0.03 0.12 0.01
68 224.0 269.0 91.0 45.0 -0.07 -0.02 0.04 0.05 0.03 0.06
69 232.0 314.0 93.0 42.0 -0.09 0.02 0.03 0.02 -0.15 0.03
70 222.0 310.0 96.0 42.0 -0.09 0.04 0.02 -0.19 -0.28 0.01
71 220.0 304.0 93.0 43.0 -0.07 0.02 0.02 -0.18 -0.28 -0.06
72 211.0 288.0 97.0 40.0 -0.04 -0.01 0.03 -0.17 -0.14 -0.04
73 188.0 262.0 93.0 37.0 -0.02 -0.01 0.04 -0.07 -0.06 -0.21
74 198.0 251.0 90.0 40.0 -0.02 -0.01 0.04 -0.04 -0.04 -0.21
75 204.0 238.0 91.0 39.0 -0.01 -0.0 0.03 0.04 0.0 -0.2
76 196.0 264.0 93.0 44.0 -0.03 0.02 0.02 0.03 0.02 -0.24
77 188.0 256.0 91.0 40.0 -0.04 0.02 0.02 0.03 0.02 -0.28
78 197.0 255.0 88.0 37.0 -0.05 0.02 0.02 -0.04 0.09 -0.22
79 202.0 273.0 87.0 40.0 -0.08 0.02 0.03 -0.04 0.06 -0.04
80 181.0 260.0 84.0 36.0 -0.09 0.02 0.02 -0.1 0.0 -0.09
81 162.0 252.0 80.0 32.0 -0.08 0.02 0.01 -0.03 -0.1 -0.18
82 195.0 255.0 80.0 36.0 -0.05 0.01 0.0 -0.02 -0.05 -0.09
83 175.0 228.0 79.0 33.0 -0.03 0.0 0.01 -0.03 -0.04 -0.04
84 186.0 225.0 78.0 34.0 -0.02 0.01 -0.01 -0.03 0.0 0.08
85 191.0 218.0 77.0 33.0 -0.02 0.02 -0.01 -0.12 -0.04 0.05
86 185.0 215.0 77.0 31.0 -0.03 0.05 -0.03 -0.19 -0.05 -0.04
87 174.0 221.0 76.0 33.0 -0.02 0.03 -0.04 -0.13 -0.06 -0.35
88 182.0 224.0 73.0 38.0 -0.02 0.02 -0.04 -0.07 -0.01 -0.29
89 179.0 227.0 73.0 36.0 -0.02 0.02 -0.02 -0.05 0.0 -0.26
90 192.0 219.0 73.0 34.0 -0.03 0.04 -0.0 -0.04 0.0 -0.35
91 198.0 230.0 75.0 31.0 -0.03 0.0 0.01 -0.04 -0.05 -0.19
92 187.0 213.0 74.0 35.0 -0.04 -0.02 0.01 0.01 -0.06 -0.15
93 180.0 241.0 73.0 35.0 -0.06 0.01 0.01 0.04 0.0 -0.22
94 172.0 217.0 72.0 36.0 -0.07 0.03 0.0 0.0 0.08 -0.17
95 149.0 216.0 71.0 32.0 -0.08 0.03 -0.01 -0.07 0.09 -0.15
96 157.0 224.0 70.0 31.0 -0.07 0.01 -0.03 0.04 0.03 -0.18
97 168.0 227.0 68.0 30.0 -0.06 0.01 -0.03 -0.02 0.05 -0.06
98 181.0 215.0 72.0 31.0 -0.05 0.05 -0.03 -0.2 -0.01 0.03
99 166.0 209.0 75.0 29.0 -0.04 0.03 -0.05 -0.27 -0.01 0.0
100 149.0 208.0 74.0 31.0 -0.03 -0.01 -0.04 -0.13 0.02 -0.02
101 138.0 200.0 74.0 29.0 -0.03 -0.0 -0.03 -0.18 0.05 -0.08
102 142.0 189.0 73.0 30.0 -0.01 0.01 -0.02 -0.2 0.03 -0.19
103 139.0 193.0 71.0 29.0 -0.0 0.0 -0.01 -0.13 0.0 -0.2
104 119.0 175.0 69.0 28.0 -0.01 0.01 0.0 -0.16 -0.07 -0.25
105 131.0 166.0 68.0 27.0 -0.03 0.05 0.01 -0.19 -0.2 -0.39
106 119.0 152.0 67.0 26.0 -0.04 0.07 0.02 -0.23 -0.33 -0.52
107 98.0 132.0 65.0 25.0 -0.08 0.11 0.03 -0.37 -0.5 -0.67
108 94.0 125.0 64.0 25.0 -0.13 0.18 0.06 -0.32 -0.59 -0.89
109 100.0 115.0 64.0 25.0 -0.24 0.28 0.09 -0.47 -0.87 -1.09
110 96.0 107.0 64.0 24.0 -0.32 0.32 0.11 -0.55 -0.93 -1.26
111 90.0 103.0 64.0 25.0 -0.52 0.3 0.17 -0.68 -1.05 -1.67
112 77.0 98.0 63.0 24.0 -0.75 0.31 0.27 -0.5 -1.14 -2.32
113 63.0 94.0 65.0 23.0 -0.89 0.35 0.32 -0.54 -1.12 -2.55
114 55.0 90.0 64.0 24.0 -1.16 0.53 0.48 -0.68 -1.36 -2.69
115 50.0 100.0 65.0 24.0 -1.26 0.63 0.57 -0.8 -1.29 -2.7
116 44.0 99.0 63.0 23.0 -1.49 0.79 0.7 -0.83 -1.15 -2.57
117 39.0 107.0 61.0 24.0 -1.7 1.02 0.79 -1.05 -0.98 -2.27
118 35.0 108.0 60.0 25.0 -1.85 1.16 0.82 -0.72 -0.74 -2.12
119 62.0 113.0 61.0 25.0 -2.19 1.12 0.82 -0.24 -0.97 -1.65
120 68.0 114.0 61.0 25.0 -2.45 0.75 0.8 0.69 -0.53 -1.59
121 108.0 112.0 60.0 24.0 -2.59 0.66 0.81 0.16 -0.34 -0.97
122 95.0 109.0 60.0 24.0 -2.86 0.66 0.86 0.0 -0.31 -0.77
123 97.0 116.0 61.0 26.0 -2.79 0.74 0.82 -0.46 -0.44 0.11
124 103.0 144.0 61.0 25.0 -2.7 0.74 0.76 0.22 0.0 0.52
125 105.0 142.0 61.0 24.0 -2.52 0.71 0.6 -0.11 -0.06 0.5
126 111.0 184.0 70.0 25.0 -2.29 0.72 0.41 -0.01 -0.07 1.29
127 129.0 194.0 71.0 24.0 -2.15 0.45 0.34 0.89 0.07 1.56
128 138.0 185.0 78.0 24.0 -1.9 0.04 -0.04 1.28 0.16 1.36
129 162.0 194.0 87.0 24.0 -1.68 -0.03 -0.09 1.6 0.0 1.09
130 166.0 204.0 98.0 25.0 -1.55 0.04 -0.06 -0.63 0.03 1.7
131 155.0 176.0 110.0 25.0 -1.3 0.18 0.01 -0.21 -0.57 2.35
132 157.0 169.0 108.0 26.0 -1.11 1.73 0.17 3.11 -0.94 12.09
133 150.0 160.0 109.0 26.0 -0.62 3.52 0.15 -2.17 -0.7 7.14
134 120.0 152.0 105.0 27.0 -0.13 1.96 -0.39 -4.29 0.23 3.55
135 99.0 146.0 95.0 26.0 0.24 0.11 -0.39 -1.99 1.28 -1.16
136 83.0 138.0 84.0 25.0 0.04 0.14 -0.36 -1.52 0.96 -3.58
137 81.0 133.0 79.0 25.0 -0.05 0.28 -0.15 -0.5 0.53 -3.02
138 68.0 130.0 75.0 25.0 -0.01 0.45 0.17 -1.01 -0.75 1.73
139 57.0 128.0 69.0 25.0 0.1 0.25 0.21 1.36 0.09 0.69
140 48.0 123.0 73.0 25.0 0.09 0.25 0.27 1.14 0.04 -0.16
141 48.0 122.0 77.0 25.0 -0.02 0.33 0.24 0.75 -0.08 -0.66
142 42.0 119.0 72.0 24.0 -0.07 0.38 0.2 0.31 -0.16 -0.47
143 38.0 114.0 70.0 25.0 -0.16 0.49 0.07 0.25 -0.05 -0.37
144 42.0 112.0 68.0 24.0 -0.15 0.51 -0.02 -0.66 -0.12 -0.16
145 42.0 107.0 65.0 24.0 -0.11 0.46 -0.03 -0.83 -0.08 0.13
146 36.0 105.0 67.0 25.0 -0.04 0.3 -0.05 -0.71 0.03 0.16
147 33.0 103.0 78.0 25.0 0.03 0.11 -0.06 -0.47 0.14 0.0
148 35.0 101.0 75.0 24.0 0.06 0.04 -0.05 -0.35 0.13 0.0
149 31.0 98.0 71.0 25.0 0.13 0.01 -0.04 0.0 0.22 0.06
150 29.0 98.0 67.0 25.0 0.15 0.03 -0.05 0.01 0.24 0.07
151 26.0 95.0 66.0 25.0 0.12 0.02 -0.05 0.02 0.2 -0.03
152 23.0 94.0 73.0 25.0 0.09 0.01 -0.05 0.0 0.19 0.03
153 23.0 92.0 75.0 25.0 0.08 0.02 -0.06 0.05 0.19 0.07
154 21.0 90.0 72.0 25.0 0.06 0.02 -0.06 0.03 0.15 0.03
155 31.0 90.0 71.0 26.0 0.05 0.04 -0.06 0.08 0.09 0.04
156 30.0 88.0 68.0 25.0 0.05 0.06 -0.05 0.03 0.06 -0.02
157 28.0 88.0 67.0 25.0 0.04 0.06 -0.04 -0.04 0.08 0.0
158 26.0 87.0 69.0 25.0 0.03 0.04 -0.03 -0.11 0.07 0.05
159 24.0 85.0 71.0 25.0 0.01 0.01 -0.01 -0.02 0.11 0.05
160 24.0 84.0 75.0 25.0 0.01 0.01 -0.01 0.09 0.12 0.04
161 27.0 83.0 74.0 25.0 -0.02 0.01 0.01 0.08 0.12 0.01
162 25.0 82.0 72.0 25.0 -0.05 0.02 0.02 0.03 0.09 -0.03
