1 33.0 110.0 71.0 24.0 0.01 -0.02 0.01 -0.12 0.1 -0.02
2 32.0 111.0 70.0 24.0 0.01 -0.02 0.0 -0.03 0.1 0.04
3 34.0 108.0 70.0 23.0 0.01 -0.02 0.01 0.06 0.19 0.0
4 28.0 106.0 78.0 24.0 -0.01 -0.01 -0.0 0.0 0.12 -0.01
5 27.0 105.0 83.0 23.0 -0.01 0.0 -0.01 -0.02 0.14 -0.01
6 28.0 107.0 78.0 26.0 -0.01 0.0 -0.01 -0.01 0.05 -0.07
7 29.0 105.0 74.0 23.0 -0.01 -0.02 -0.01 -0.03 0.01 0.0
8 32.0 105.0 69.0 24.0 -0.02 -0.03 -0.01 -0.03 0.01 -0.01
9 36.0 102.0 74.0 23.0 -0.01 -0.05 -0.01 -0.04 0.11 -0.03
10 34.0 101.0 78.0 23.0 -0.0 -0.04 -0.01 0.0 0.1 -0.02
11 32.0 100.0 75.0 24.0 0.0 -0.02 -0.02 0.05 0.13 -0.05
12 31.0 100.0 75.0 24.0 0.01 0.01 -0.02 0.0 0.09 -0.03
13 31.0 103.0 79.0 24.0 0.0 0.0 -0.02 -0.06 0.04 0.0
14 31.0 101.0 75.0 23.0 0.0 -0.01 -0.02 -0.06 0.07 -0.01
15 30.0 101.0 70.0 24.0 0.0 -0.04 -0.01 -0.04 0.11 -0.05
16 36.0 103.0 70.0 21.0 0.0 -0.05 -0.02 -0.01 0.12 -0.02
17 61.0 111.0 66.0 24.0 -0.0 -0.06 -0.02 0.0 0.11 -0.01
18 61.0 124.0 62.0 25.0 -0.0 -0.06 -0.01 -0.12 0.11 -0.01
19 59.0 139.0 59.0 27.0 -0.03 -0.11 -0.03 -0.22 0.05 0.04
20 71.0 134.0 57.0 28.0 -0.02 -0.14 -0.02 -0.11 0.1 -0.02
21 82.0 139.0 56.0 27.0 -0.0 -0.16 0.0 0.0 0.1 -0.06
22 89.0 166.0 59.0 30.0 -0.02 -0.24 0.02 0.04 0.01 0.05
23 126.0 203.0 59.0 28.0 0.0 -0.3 0.03 0.02 0.01 -0.01
24 114.0 213.0 59.0 59.0 0.07 -0.41 0.03 -0.31 -0.01 0.08
25 109.0 240.0 60.0 54.0 0.13 -0.57 0.05 0.48 0.11 0.46
26 130.0 239.0 60.0 49.0 0.16 -0.63 0.04 0.3 0.01 0.36
27 143.0 268.0 59.0 45.0 0.24 -0.69 0.04 -0.06 0.0 0.37
28 169.0 336.0 59.0 43.0 0.32 -0.95 -0.02 -0.8 -0.08 0.56
29 168.0 310.0 60.0 53.0 0.35 -1.15 -0.05 -0.44 0.03 0.73
30 166.0 331.0 67.0 46.0 0.55 -1.68 -0.13 -1.56 -0.13 1.36
31 175.0 308.0 68.0 43.0 1.1 -2.62 -0.32 2.92 1.11 3.18
32 171.0 321.0 65.0 39.0 1.07 -2.64 -0.19 -1.02 1.07 2.63
33 167.0 303.0 69.0 37.0 0.97 -2.1 -0.12 2.64 1.13 3.0
34 187.0 328.0 77.0 42.0 1.32 -1.39 -0.21 1.05 0.99 2.86
35 181.0 352.0 75.0 38.0 1.51 -1.34 -0.29 1.76 1.08 2.75
36 184.0 337.0 80.0 47.0 1.78 -0.98 -0.42 0.72 0.91 2.66
37 181.0 313.0 83.0 42.0 2.01 -1.05 -0.52 0.66 0.55 2.35
38 152.0 320.0 84.0 43.0 2.08 -1.1 -0.56 0.62 0.53 2.22
39 141.0 304.0 86.0 45.0 2.16 -0.97 -0.58 0.47 0.52 1.31
40 150.0 291.0 90.0 43.0 2.15 -0.74 -0.55 0.04 0.44 0.73
41 198.0 318.0 94.0 41.0 2.17 -0.68 -0.56 -0.3 0.36 0.16
42 221.0 306.0 92.0 40.0 2.22 -0.66 -0.58 -0.02 0.11 0.04
43 236.0 317.0 90.0 49.0 2.13 -0.59 -0.54 -0.02 -0.3 -0.21
44 322.0 322.0 89.0 58.0 2.04 -0.54 -0.51 -0.28 -0.46 -0.36
45 327.0 320.0 99.0 68.0 1.88 -0.52 -0.48 -0.82 -0.59 -1.09
46 342.0 356.0 104.0 70.0 1.73 -0.58 -0.47 -0.62 -0.68 -1.2
47 362.0 382.0 108.0 68.0 1.66 -0.57 -0.47 -0.59 -0.86 -1.16
48 394.0 391.0 125.0 79.0 1.53 -0.49 -0.45 -0.79 -0.95 -1.75
49 402.0 380.0 139.0 79.0 1.37 -0.5 -0.42 -0.62 -1.09 -1.74
50 436.0 388.0 138.0 88.0 1.29 -0.47 -0.41 -0.78 -1.08 -1.7
51 417.0 387.0 136.0 89.0 1.09 -0.46 -0.37 -0.86 -1.22 -1.51
52 358.0 371.0 131.0 85.0 0.91 -0.27 -0.35 -0.61 -1.26 -1.85
53 337.0 358.0 125.0 79.0 0.83 -0.21 -0.35 -0.46 -1.3 -1.92
54 381.0 351.0 125.0 81.0 0.65 -0.14 -0.32 -0.49 -1.34 -2.37
55 397.0 330.0 120.0 74.0 0.58 -0.15 -0.3 -0.77 -1.36 -1.87
56 389.0 344.0 112.0 70.0 0.46 -0.15 -0.24 -0.88 -1.4 -1.68
57 415.0 319.0 108.0 60.0 0.31 -0.1 -0.18 -1.03 -1.21 -1.26
58 383.0 326.0 107.0 63.0 0.26 -0.08 -0.16 -0.71 -0.94 -1.35
59 355.0 304.0 106.0 60.0 0.14 -0.05 -0.1 -0.58 -0.86 -1.55
60 327.0 300.0 106.0 67.0 0.01 -0.09 -0.04 -0.35 -0.78 -1.53
61 306.0 290.0 115.0 67.0 -0.05 -0.09 -0.02 -0.43 -0.57 -0.77
62 302.0 291.0 106.0 58.0 -0.1 -0.02 -0.02 -0.51 -0.4 -0.61
63 273.0 278.0 98.0 73.0 -0.13 -0.01 -0.01 -0.69 -0.2 -0.63
64 267.0 283.0 94.0 70.0 -0.14 -0.02 0.0 -0.47 -0.21 -0.41
65 267.0 271.0 103.0 67.0 -0.15 0.02 0.02 -0.39 -0.19 -0.41
66 261.0 302.0 98.0 67.0 -0.13 0.08 0.02 -0.35 -0.22 -0.08
67 239.0 305.0 92.0 59.0 -0.13 0.09 0.02 -0.35 -0.09 0.03
68 300.0 354.0 92.0 60.0 -0.12 0.12 0.03 -0.21 -0.07 -0.08
69 262.0 333.0 90.0 55.0 -0.09 0.14 0.03 0.04 -0.06 -0.05
70 229.0 307.0 91.0 60.0 -0.08 0.13 0.01 0.23 0.08 0.02
71 240.0 288.0 97.0 65.0 -0.02 0.1 -0.03 0.25 0.17 0.09
72 242.0 278.0 91.0 60.0 0.02 0.1 -0.05 0.21 0.24 0.21
73 279.0 286.0 86.0 59.0 0.03 0.07 -0.05 0.09 0.16 0.05
74 270.0 283.0 89.0 53.0 0.06 0.03 -0.05 0.1 0.11 -0.02
75 246.0 299.0 86.0 49.0 0.04 0.06 -0.02 -0.09 0.14 -0.3
76 261.0 282.0 86.0 44.0 0.04 0.08 -0.01 -0.12 0.1 -0.24
77 243.0 293.0 101.0 53.0 0.02 0.03 0.0 -0.08 0.16 -0.28
78 275.0 293.0 96.0 50.0 0.0 -0.0 0.01 0.0 0.21 -0.21
79 260.0 289.0 92.0 50.0 -0.0 -0.0 0.01 -0.06 0.03 -0.22
80 272.0 333.0 93.0 56.0 -0.0 -0.02 -0.01 0.12 0.05 -0.27
81 321.0 335.0 105.0 58.0 -0.02 0.04 -0.03 0.05 -0.02 -0.35
82 278.0 323.0 101.0 53.0 -0.03 0.03 -0.03 -0.19 -0.05 -0.34
83 276.0 327.0 96.0 50.0 0.0 -0.04 -0.05 -0.11 0.0 -0.23
84 276.0 304.0 89.0 44.0 -0.01 -0.03 -0.03 -0.03 0.0 -0.04
85 263.0 315.0 87.0 44.0 -0.02 0.02 -0.03 -0.13 -0.13 -0.01
86 257.0 342.0 96.0 49.0 -0.01 0.04 -0.03 -0.02 -0.05 -0.08
87 253.0 328.0 93.0 48.0 -0.03 0.06 -0.04 -0.03 -0.11 -0.28
88 266.0 298.0 88.0 43.0 -0.02 0.06 -0.05 -0.16 -0.08 -0.24
89 229.0 288.0 84.0 40.0 0.0 0.0 -0.05 -0.18 0.02 -0.1
90 222.0 304.0 87.0 41.0 0.0 0.01 -0.05 -0.13 0.13 -0.01
91 210.0 280.0 86.0 40.0 -0.01 0.07 -0.05 -0.22 0.06 -0.14
92 211.0 315.0 86.0 45.0 -0.04 0.11 -0.03 -0.2 0.03 -0.12
93 220.0 311.0 84.0 41.0 -0.05 0.04 -0.03 -0.07 0.0 -0.3
94 209.0 317.0 85.0 37.0 -0.04 0.03 -0.01 -0.03 0.0 -0.06
95 208.0 297.0 85.0 38.0 -0.0 0.03 0.0 0.01 0.0 -0.02
96 235.0 309.0 81.0 38.0 -0.0 0.0 0.01 -0.14 -0.04 0.04
97 216.0 285.0 78.0 35.0 0.0 -0.01 0.01 -0.09 -0.02 0.04
98 242.0 311.0 80.0 35.0 0.01 -0.02 0.02 -0.13 0.03 -0.13
99 226.0 314.0 79.0 40.0 0.0 0.02 0.02 -0.05 0.07 -0.14
100 224.0 291.0 78.0 37.0 -0.0 0.02 0.03 -0.06 0.02 -0.1
101 255.0 300.0 79.0 34.0 0.02 -0.03 0.01 0.0 0.05 -0.19
102 225.0 271.0 77.0 38.0 0.03 -0.04 0.0 0.1 0.11 -0.1
103 247.0 299.0 74.0 35.0 0.03 -0.01 -0.0 0.03 0.07 -0.02
104 234.0 301.0 74.0 38.0 0.03 0.04 -0.03 0.05 0.08 -0.02
105 231.0 347.0 72.0 35.0 0.02 0.06 -0.05 -0.26 0.06 -0.29
106 202.0 302.0 71.0 32.0 0.03 0.05 -0.05 -0.25 -0.03 -0.27
107 187.0 289.0 70.0 31.0 0.04 0.01 -0.03 -0.31 -0.06 -0.31
108 168.0 277.0 73.0 30.0 0.03 0.02 -0.01 -0.22 -0.18 -0.3
109 171.0 384.0 70.0 29.0 0.02 0.03 -0.0 -0.24 -0.31 -0.43
110 194.0 381.0 66.0 28.0 -0.0 0.11 0.01 -0.37 -0.47 -0.6
111 171.0 359.0 63.0 26.0 -0.04 0.12 0.02 -0.47 -0.66 -0.87
112 138.0 381.0 62.0 26.0 -0.07 0.09 0.03 -0.55 -0.9 -1.06
113 120.0 414.0 61.0 26.0 -0.16 0.02 0.05 -0.55 -0.87 -1.14
114 114.0 401.0 61.0 25.0 -0.29 0.0 0.07 -0.51 -0.91 -1.23
115 106.0 375.0 62.0 25.0 -0.38 0.01 0.08 -0.4 -1.02 -1.67
116 93.0 365.0 60.0 24.0 -0.56 0.06 0.11 -0.51 -1.1 -1.89
117 86.0 322.0 60.0 24.0 -0.74 0.2 0.15 -0.54 -1.32 -2.44
118 88.0 275.0 65.0 24.0 -0.83 0.26 0.18 -0.54 -1.27 -2.52
119 80.0 249.0 67.0 24.0 -1.09 0.4 0.24 -0.3 -1.15 -2.25
120 88.0 239.0 63.0 24.0 -1.4 0.54 0.32 -0.89 -1.14 -2.24
121 96.0 227.0 62.0 24.0 -1.51 0.56 0.4 -1.58 -1.09 -1.44
122 86.0 216.0 61.0 24.0 -1.63 0.45 0.51 -1.36 -0.85 -1.34
123 90.0 204.0 64.0 23.0 -1.78 0.54 0.52 -0.98 -0.49 -1.09
124 104.0 187.0 65.0 24.0 -1.86 0.7 0.53 -0.44 -0.15 -0.89
125 95.0 173.0 63.0 27.0 -2.02 1.12 0.57 -0.55 0.11 -0.93
126 88.0 163.0 67.0 27.0 -2.24 1.22 0.59 -0.19 0.28 -0.85
127 89.0 150.0 65.0 26.0 -2.34 1.12 0.6 0.39 0.31 -0.45
128 94.0 176.0 69.0 35.0 -2.59 0.77 0.63 1.31 0.29 -0.45
129 87.0 167.0 72.0 33.0 -2.73 0.64 0.66 1.39 0.25 -0.68
130 89.0 146.0 80.0 31.0 -2.7 0.74 0.64 -0.5 0.1 -0.84
131 81.0 136.0 97.0 30.0 -2.7 0.92 0.62 -0.37 0.16 -0.48
132 70.0 127.0 106.0 34.0 -2.58 1.12 0.51 -0.16 -0.26 0.06
133 67.0 122.0 116.0 32.0 -2.44 1.12 0.5 0.57 -0.4 1.17
134 57.0 119.0 111.0 30.0 -2.15 1.06 0.24 0.69 -0.29 1.31
135 56.0 122.0 98.0 28.0 -2.19 1.18 0.31 0.99 -0.56 0.89
136 50.0 120.0 89.0 28.0 -2.16 1.35 0.35 0.47 -0.2 -0.47
137 51.0 121.0 86.0 30.0 -2.1 1.78 0.35 -0.57 -0.01 -0.65
138 48.0 124.0 88.0 28.0 -1.06 3.68 0.32 -0.06 -7.42 22.72
139 41.0 126.0 94.0 27.0 1.38 2.19 -0.52 -3.98 -0.48 -1.49
140 41.0 127.0 83.0 27.0 0.18 0.64 -0.32 -2.75 0.17 -2.13
141 36.0 128.0 76.0 26.0 0.13 0.48 -0.22 -1.73 1.55 -1.44
142 31.0 130.0 70.0 25.0 -0.09 0.71 -0.28 -1.39 -0.43 0.9
143 28.0 131.0 75.0 25.0 0.1 0.54 -0.21 -0.68 0.0 0.99
144 31.0 130.0 80.0 25.0 -0.04 -0.11 0.07 0.32 0.03 -0.23
145 29.0 131.0 78.0 25.0 -0.07 -0.07 0.11 0.49 0.14 -0.06
146 29.0 131.0 73.0 24.0 0.08 -0.02 0.02 0.59 0.24 -0.14
147 27.0 133.0 68.0 25.0 -0.01 0.16 -0.0 -0.02 -0.07 -0.22
148 26.0 132.0 64.0 24.0 -0.01 0.21 0.0 -0.16 -0.07 -0.02
149 34.0 131.0 63.0 24.0 -0.03 0.15 0.02 -0.31 0.05 0.0
150 38.0 133.0 64.0 25.0 0.01 -0.02 0.0 -0.41 0.12 -0.05
151 32.0 131.0 68.0 25.0 0.01 -0.05 -0.01 -0.09 0.1 -0.05
152 29.0 129.0 71.0 24.0 -0.01 -0.06 -0.02 -0.05 0.08 0.05
153 32.0 127.0 68.0 24.0 0.02 -0.02 -0.02 0.09 0.11 -0.02
154 29.0 124.0 66.0 24.0 0.04 0.0 -0.01 0.06 0.14 -0.07
155 28.0 124.0 63.0 25.0 0.06 0.04 -0.01 0.0 0.14 -0.07
156 26.0 123.0 59.0 24.0 0.06 0.04 -0.0 -0.17 0.17 -0.01
157 34.0 123.0 61.0 24.0 0.03 -0.01 -0.0 -0.22 0.13 0.03
158 33.0 122.0 58.0 25.0 0.03 -0.06 -0.01 -0.05 0.15 -0.02
159 32.0 122.0 63.0 25.0 0.02 -0.07 -0.02 0.01 0.1 -0.01
160 41.0 119.0 66.0 25.0 0.02 -0.06 -0.02 0.17 0.09 0.03
161 39.0 116.0 65.0 24.0 0.01 0.02 -0.01 0.15 0.05 -0.01
162 37.0 117.0 64.0 25.0 0.02 0.07 -0.01 0.05 0.03 -0.07
163 35.0 113.0 64.0 25.0 0.03 0.08 -0.01 -0.09 0.1 0.0
