1 34.0 74.0 65.0 24.0 0.0 -0.01 -0.02 -0.13 0.13 0.0
2 34.0 76.0 76.0 23.0 -0.01 -0.05 -0.02 -0.07 0.13 -0.04
3 32.0 75.0 74.0 24.0 -0.0 -0.05 -0.02 -0.03 0.11 -0.04
4 32.0 75.0 76.0 23.0 0.01 -0.03 -0.02 0.0 0.11 0.01
5 30.0 73.0 71.0 23.0 0.0 0.01 -0.02 0.0 0.06 -0.02
6 32.0 78.0 69.0 23.0 0.0 0.01 -0.01 0.0 0.06 -0.04
7 30.0 78.0 66.0 22.0 0.01 0.0 -0.01 -0.02 0.07 -0.09
8 30.0 77.0 72.0 23.0 0.01 -0.02 -0.01 -0.05 0.12 0.0
9 39.0 81.0 71.0 23.0 0.01 -0.03 -0.0 -0.04 0.12 -0.02
10 35.0 81.0 70.0 23.0 0.01 -0.03 -0.0 0.01 0.12 0.03
11 33.0 81.0 64.0 24.0 -0.0 -0.02 -0.01 -0.06 0.12 -0.02
12 33.0 80.0 61.0 23.0 -0.0 -0.02 -0.0 -0.01 0.13 -0.02
13 44.0 87.0 57.0 24.0 -0.0 -0.01 -0.0 -0.03 0.11 -0.02
14 49.0 96.0 63.0 24.0 -0.0 -0.03 0.0 -0.04 0.07 0.0
15 48.0 104.0 63.0 25.0 -0.0 -0.03 -0.0 -0.08 0.08 -0.02
16 57.0 109.0 60.0 25.0 0.01 -0.04 0.01 0.0 0.08 -0.04
17 63.0 129.0 58.0 25.0 -0.0 -0.05 0.02 0.0 0.04 -0.04
18 65.0 133.0 59.0 25.0 -0.0 -0.06 0.02 -0.01 0.07 0.02
19 78.0 134.0 59.0 27.0 0.03 -0.04 0.02 -0.13 -0.03 0.03
20 93.0 145.0 57.0 34.0 0.04 -0.14 0.03 0.04 0.18 0.13
21 121.0 141.0 58.0 36.0 0.04 -0.15 0.02 0.05 0.07 0.02
22 118.0 169.0 57.0 34.0 0.07 -0.19 0.02 0.1 0.1 0.0
23 120.0 177.0 59.0 33.0 0.12 -0.37 0.0 -0.06 0.13 0.15
24 157.0 175.0 62.0 31.0 0.15 -0.51 -0.02 -0.28 0.15 0.43
25 167.0 174.0 62.0 31.0 0.24 -0.89 -0.11 -0.64 0.13 0.66
26 196.0 188.0 62.0 38.0 0.32 -1.23 -0.19 -1.22 0.07 1.3
27 212.0 200.0 65.0 39.0 0.4 -1.53 -0.22 -1.44 -0.05 1.62
28 240.0 232.0 68.0 35.0 0.8 -2.19 -0.37 -2.19 -0.83 2.51
29 236.0 238.0 70.0 32.0 0.97 -2.64 -0.4 0.83 0.3 3.01
30 237.0 252.0 71.0 31.0 1.17 -2.26 -0.35 0.57 0.65 2.85
31 233.0 245.0 75.0 33.0 2.06 -1.88 -0.59 1.65 1.26 3.14
32 242.0 258.0 84.0 31.0 2.12 -1.01 -0.5 1.21 0.7 3.43
33 319.0 265.0 81.0 31.0 2.11 -0.65 -0.48 0.44 0.12 3.67
34 304.0 295.0 81.0 33.0 2.3 -0.54 -0.54 -0.77 -0.08 3.12
35 274.0 284.0 80.0 34.0 2.38 -0.79 -0.59 0.48 0.56 1.39
36 264.0 272.0 89.0 40.0 2.34 -0.81 -0.6 0.29 0.36 1.03
37 276.0 290.0 90.0 38.0 2.26 -0.48 -0.49 0.34 -0.04 0.79
38 280.0 292.0 86.0 38.0 2.24 -0.41 -0.52 0.0 -0.49 0.32
39 261.0 304.0 85.0 35.0 2.24 -0.51 -0.55 0.0 -0.49 0.08
40 295.0 319.0 86.0 32.0 2.22 -0.51 -0.52 0.27 -0.68 -0.67
41 287.0 304.0 84.0 34.0 2.14 -0.39 -0.5 0.12 -0.88 -0.94
42 267.0 284.0 84.0 36.0 2.09 -0.39 -0.5 -0.01 -0.9 -1.06
43 291.0 269.0 88.0 39.0 1.9 -0.39 -0.46 -0.22 -0.96 -1.57
44 322.0 264.0 90.0 38.0 1.78 -0.34 -0.42 -0.19 -1.05 -1.6
45 366.0 269.0 97.0 40.0 1.68 -0.35 -0.39 -0.49 -1.21 -1.74
46 323.0 319.0 93.0 36.0 1.51 -0.38 -0.37 -0.39 -1.2 -1.65
47 303.0 293.0 87.0 68.0 1.33 -0.34 -0.35 -0.46 -1.08 -1.91
48 282.0 316.0 90.0 65.0 1.24 -0.34 -0.35 -0.49 -1.06 -2.02
49 273.0 298.0 87.0 61.0 1.04 -0.27 -0.31 -0.39 -0.95 -2.51
50 280.0 298.0 90.0 54.0 0.87 -0.27 -0.26 -0.52 -1.0 -2.28
51 293.0 277.0 96.0 52.0 0.79 -0.3 -0.24 -0.43 -0.95 -2.09
52 283.0 266.0 90.0 48.0 0.6 -0.27 -0.21 -0.72 -0.83 -1.61
53 332.0 265.0 85.0 50.0 0.44 -0.22 -0.19 -0.79 -0.72 -1.61
54 296.0 281.0 84.0 54.0 0.37 -0.2 -0.17 -0.66 -0.68 -1.8
55 274.0 275.0 77.0 57.0 0.23 -0.13 -0.11 -0.62 -0.64 -1.81
56 295.0 281.0 76.0 54.0 0.12 -0.14 -0.05 -0.77 -0.52 -1.37
57 279.0 274.0 80.0 54.0 0.07 -0.14 -0.01 -0.68 -0.47 -1.18
58 310.0 278.0 83.0 59.0 -0.01 -0.13 0.02 -0.78 -0.46 -0.98
59 276.0 259.0 82.0 56.0 -0.06 -0.12 0.05 -0.46 -0.45 -0.56
60 285.0 246.0 89.0 50.0 -0.07 -0.13 0.05 -0.55 -0.47 -0.45
61 317.0 228.0 87.0 56.0 -0.07 -0.13 0.03 -0.41 -0.29 -0.02
62 305.0 224.0 86.0 53.0 -0.06 -0.12 0.0 -0.29 -0.11 0.05
63 325.0 230.0 91.0 54.0 -0.04 -0.1 -0.01 -0.36 -0.01 0.0
64 284.0 225.0 94.0 51.0 -0.01 -0.03 -0.02 -0.24 -0.03 0.21
65 259.0 233.0 93.0 55.0 -0.0 -0.03 -0.01 -0.43 -0.01 0.09
66 243.0 219.0 93.0 57.0 0.02 -0.04 -0.01 -0.38 0.07 0.04
67 252.0 241.0 89.0 51.0 0.03 -0.04 0.0 -0.19 0.24 -0.17
68 233.0 248.0 86.0 47.0 0.04 0.0 0.01 -0.1 0.2 -0.12
69 220.0 261.0 81.0 44.0 0.05 0.02 0.01 -0.07 0.17 -0.06
70 200.0 261.0 79.0 41.0 0.05 -0.0 -0.01 -0.05 0.13 -0.12
71 189.0 259.0 76.0 38.0 0.06 0.02 -0.02 -0.07 0.17 -0.09
72 183.0 274.0 73.0 43.0 0.05 0.04 -0.01 -0.12 0.09 -0.04
73 171.0 262.0 71.0 42.0 0.03 0.05 -0.0 -0.08 0.02 -0.28
74 172.0 259.0 70.0 39.0 0.04 0.02 0.0 0.01 0.03 -0.35
75 177.0 255.0 72.0 41.0 0.04 0.02 0.01 -0.05 -0.04 -0.25
76 161.0 261.0 76.0 41.0 0.04 0.06 0.01 -0.14 -0.09 -0.09
77 167.0 251.0 73.0 37.0 0.01 0.04 0.02 -0.1 -0.17 -0.21
78 159.0 240.0 71.0 37.0 0.01 0.02 0.02 -0.08 -0.14 -0.29
79 187.0 220.0 69.0 34.0 0.01 0.01 0.01 0.06 -0.15 -0.46
80 197.0 226.0 71.0 32.0 -0.02 0.05 0.0 -0.05 -0.12 -0.43
81 195.0 213.0 70.0 31.0 -0.04 0.05 -0.01 -0.11 -0.1 -0.38
82 195.0 211.0 70.0 29.0 -0.08 0.07 -0.02 -0.25 -0.07 -0.39
83 187.0 215.0 71.0 28.0 -0.09 0.06 -0.02 -0.27 -0.13 -0.37
84 175.0 199.0 70.0 27.0 -0.09 0.04 -0.01 -0.09 -0.13 -0.18
85 186.0 223.0 68.0 28.0 -0.09 0.04 0.0 0.0 -0.15 -0.12
86 180.0 213.0 67.0 28.0 -0.09 0.06 -0.0 0.0 -0.11 -0.18
87 165.0 195.0 69.0 30.0 -0.09 0.06 -0.01 0.03 -0.09 -0.2
88 196.0 211.0 70.0 29.0 -0.09 0.06 -0.02 0.03 -0.01 -0.19
89 175.0 206.0 69.0 27.0 -0.1 0.08 -0.03 -0.04 0.02 -0.14
90 160.0 225.0 69.0 29.0 -0.11 0.09 -0.04 -0.19 0.0 -0.11
91 158.0 224.0 68.0 28.0 -0.11 0.02 -0.04 -0.13 0.02 -0.22
92 169.0 212.0 65.0 29.0 -0.1 -0.01 -0.03 -0.19 0.0 -0.17
93 153.0 208.0 65.0 30.0 -0.1 0.0 -0.02 -0.09 0.05 -0.13
94 142.0 210.0 65.0 27.0 -0.11 0.04 -0.0 -0.1 0.09 -0.11
95 119.0 193.0 64.0 27.0 -0.1 0.05 -0.01 -0.04 0.18 -0.08
96 168.0 203.0 63.0 31.0 -0.09 0.05 -0.01 -0.03 0.15 -0.07
97 158.0 199.0 64.0 30.0 -0.08 0.04 -0.01 -0.01 0.09 -0.11
98 135.0 193.0 64.0 28.0 -0.05 0.02 -0.02 -0.09 0.06 0.0
99 139.0 221.0 65.0 29.0 -0.04 0.01 -0.02 -0.1 0.06 0.02
100 185.0 211.0 65.0 29.0 -0.03 0.05 -0.02 -0.17 0.0 -0.08
101 159.0 181.0 62.0 28.0 -0.02 0.03 -0.03 -0.19 -0.03 -0.2
102 179.0 186.0 60.0 27.0 -0.01 -0.01 -0.04 0.0 0.05 -0.3
103 184.0 196.0 62.0 28.0 -0.04 0.04 -0.03 -0.2 0.01 -0.28
104 165.0 184.0 60.0 27.0 -0.05 0.03 -0.02 -0.16 -0.05 -0.45
105 152.0 182.0 60.0 36.0 -0.04 0.01 -0.01 -0.05 -0.01 -0.37
106 155.0 170.0 60.0 33.0 -0.07 0.04 0.0 -0.02 -0.05 -0.38
107 160.0 168.0 58.0 31.0 -0.11 0.08 -0.01 -0.11 -0.14 -0.35
108 143.0 173.0 57.0 30.0 -0.11 0.05 -0.01 -0.03 -0.1 -0.32
109 161.0 171.0 61.0 29.0 -0.13 0.04 -0.02 0.0 -0.15 -0.3
110 153.0 167.0 62.0 30.0 -0.14 0.1 -0.03 0.02 -0.16 -0.32
111 151.0 155.0 59.0 29.0 -0.14 0.11 -0.03 -0.06 -0.21 -0.22
112 130.0 165.0 58.0 28.0 -0.15 0.08 -0.05 -0.21 -0.27 -0.15
113 116.0 151.0 58.0 27.0 -0.17 0.05 -0.05 -0.2 -0.19 -0.19
114 141.0 151.0 58.0 26.0 -0.17 0.05 -0.06 -0.29 -0.22 -0.22
115 143.0 163.0 58.0 26.0 -0.19 0.07 -0.05 -0.25 -0.2 -0.27
116 125.0 178.0 57.0 25.0 -0.25 0.14 -0.03 -0.45 -0.28 -0.32
117 123.0 180.0 57.0 25.0 -0.29 0.15 -0.02 -0.43 -0.33 -0.29
118 103.0 170.0 56.0 25.0 -0.4 0.11 -0.01 -0.6 -0.46 -0.45
119 96.0 154.0 55.0 23.0 -0.44 0.1 -0.01 -0.7 -0.41 -0.78
120 81.0 163.0 54.0 24.0 -0.53 0.12 0.0 -0.65 -0.42 -0.87
121 95.0 161.0 54.0 24.0 -0.63 0.22 0.03 -0.53 -0.31 -1.15
122 81.0 145.0 52.0 24.0 -0.7 0.3 0.05 -0.51 -0.33 -1.22
123 73.0 139.0 52.0 24.0 -0.86 0.47 0.09 -0.34 -0.33 -1.24
124 70.0 168.0 55.0 24.0 -1.07 0.63 0.15 -0.15 -0.36 -1.29
125 63.0 170.0 56.0 24.0 -1.17 0.74 0.17 0.14 -0.33 -1.48
126 61.0 160.0 57.0 24.0 -1.38 1.07 0.16 0.13 -0.37 -1.57
127 61.0 162.0 63.0 22.0 -1.57 1.41 0.18 0.07 -0.19 -1.59
128 65.0 151.0 59.0 24.0 -1.65 1.49 0.17 -0.76 -0.37 -1.63
129 61.0 147.0 63.0 25.0 -1.8 1.34 0.2 -0.51 -0.27 -1.6
130 59.0 137.0 62.0 25.0 -1.92 1.32 0.27 -0.18 -0.04 -1.75
131 61.0 176.0 64.0 24.0 -1.97 1.23 0.29 0.25 0.12 -1.57
132 77.0 265.0 77.0 25.0 -2.09 0.98 0.34 0.58 0.3 -1.49
133 79.0 247.0 81.0 24.0 -2.21 1.03 0.4 0.66 0.33 -1.68
134 74.0 230.0 85.0 24.0 -2.19 1.15 0.42 0.33 0.02 -1.79
135 84.0 213.0 79.0 32.0 -2.27 1.44 0.43 0.15 0.12 -1.63
136 74.0 185.0 74.0 45.0 -2.47 1.57 0.33 -0.37 -0.21 -0.96
137 70.0 170.0 69.0 47.0 -2.51 1.48 0.26 -0.52 -0.6 -0.42
138 64.0 156.0 67.0 47.0 -2.5 1.05 0.13 -0.64 -0.84 -0.32
139 60.0 147.0 63.0 42.0 -2.34 0.4 0.0 -1.02 -1.13 0.03
140 59.0 138.0 60.0 39.0 -2.24 0.1 0.08 0.15 -0.81 0.15
141 67.0 131.0 63.0 35.0 -1.95 -0.21 0.04 0.2 -0.67 0.11
142 75.0 126.0 74.0 32.0 -1.93 -0.08 0.04 -0.25 -0.63 -0.62
143 65.0 121.0 78.0 31.0 -1.88 -0.03 0.06 -0.42 -0.71 -0.98
144 61.0 116.0 74.0 29.0 -1.82 -0.08 0.11 -0.4 -0.75 -0.89
145 57.0 114.0 86.0 29.0 -1.76 -0.37 0.09 1.55 1.3 -6.93
146 48.0 116.0 89.0 28.0 -0.88 -1.21 0.26 3.51 -6.36 24.33
147 73.0 114.0 81.0 26.0 0.71 0.76 0.1 3.55 3.41 19.41
148 67.0 106.0 74.0 26.0 -0.1 0.82 -0.06 -3.19 -1.03 -1.35
149 79.0 104.0 75.0 25.0 0.21 0.2 -0.08 -0.33 1.07 -2.05
150 66.0 103.0 77.0 25.0 0.34 0.59 -0.24 0.13 0.99 -1.44
151 61.0 104.0 73.0 24.0 0.08 0.39 -0.25 -0.7 -0.07 0.0
152 55.0 103.0 68.0 24.0 0.02 -0.03 -0.15 0.43 -0.17 0.23
153 55.0 102.0 69.0 24.0 -0.04 -0.34 0.03 0.31 -0.54 0.08
154 49.0 100.0 73.0 24.0 0.13 -0.19 0.01 0.15 -0.13 -0.22
155 42.0 100.0 78.0 23.0 0.14 -0.09 -0.0 0.47 0.07 -0.16
156 53.0 97.0 79.0 24.0 0.06 0.15 0.01 0.39 0.01 0.02
157 62.0 96.0 75.0 24.0 -0.01 0.14 0.06 -0.09 0.06 0.14
158 53.0 93.0 75.0 24.0 -0.03 0.05 0.08 -0.37 0.21 0.11
159 58.0 94.0 70.0 24.0 -0.02 -0.07 0.06 -0.3 0.31 0.06
160 62.0 92.0 71.0 23.0 0.02 -0.04 0.01 -0.03 0.43 0.06
161 62.0 90.0 70.0 24.0 0.04 0.01 -0.0 0.12 0.28 0.06
162 66.0 89.0 67.0 23.0 0.06 0.1 -0.04 0.15 0.16 -0.04
163 60.0 87.0 65.0 23.0 0.07 0.09 -0.05 -0.22 0.0 -0.08
164 68.0 88.0 62.0 23.0 0.07 0.04 -0.05 -0.33 -0.04 -0.13
165 65.0 85.0 62.0 24.0 0.1 -0.02 -0.04 -0.24 0.0 -0.12
166 54.0 85.0 68.0 23.0 0.11 -0.05 -0.04 -0.08 0.01 -0.05
167 57.0 84.0 69.0 23.0 0.12 -0.02 -0.04 0.16 0.13 0.03
168 50.0 83.0 67.0 23.0 0.12 0.05 -0.05 0.15 0.12 0.05
169 60.0 82.0 66.0 23.0 0.11 0.11 -0.05 0.12 0.17 0.04
170 56.0 81.0 65.0 23.0 0.1 0.12 -0.04 0.06 0.14 0.0
171 50.0 80.0 63.0 24.0 0.05 0.05 -0.02 0.0 0.09 0.0
172 51.0 79.0 62.0 23.0 0.04 0.01 -0.02 -0.03 0.13 0.05
173 61.0 78.0 70.0 23.0 0.04 0.01 -0.01 0.0 0.07 -0.02
174 52.0 77.0 70.0 24.0 0.04 0.02 -0.01 0.02 0.06 -0.05
175 49.0 75.0 71.0 23.0 0.04 0.03 -0.01 -0.01 0.1 -0.03
176 45.0 74.0 67.0 23.0 0.03 0.04 -0.01 -0.02 0.06 -0.01
177 44.0 74.0 67.0 24.0 0.03 0.05 -0.01 -0.04 0.1 -0.06
178 49.0 75.0 67.0 24.0 0.01 0.0 -0.0 -0.02 0.06 -0.02
179 53.0 76.0 70.0 24.0 0.01 -0.0 -0.0 0.07 0.11 0.0
180 65.0 80.0 69.0 24.0 0.01 0.02 0.0 0.09 0.11 -0.01
181 55.0 77.0 66.0 23.0 0.01 0.05 0.0 -0.05 0.11 0.02
182 53.0 78.0 72.0 24.0 0.01 0.07 -0.0 -0.1 0.13 -0.03
183 49.0 75.0 71.0 24.0 0.04 0.09 -0.01 -0.11 0.13 -0.06
184 44.0 74.0 69.0 23.0 0.02 0.02 -0.01 -0.19 0.13 -0.01
