1 23.0 73.0 62.0 24.0 0.03 0.02 -0.01 -0.02 -0.01 -0.04
2 24.0 73.0 63.0 24.0 0.06 0.02 -0.02 -0.01 0.0 -0.01
3 22.0 72.0 61.0 23.0 0.07 0.02 -0.02 -0.03 0.05 0.03
4 21.0 72.0 64.0 24.0 0.07 0.02 -0.02 0.0 0.07 0.03
5 21.0 72.0 65.0 24.0 0.05 0.01 -0.02 -0.01 0.06 0.02
6 23.0 72.0 66.0 23.0 0.03 -0.0 -0.02 0.01 0.09 0.01
7 27.0 72.0 64.0 23.0 0.02 -0.01 -0.01 0.02 0.07 0.03
8 25.0 70.0 71.0 24.0 -0.0 -0.03 -0.01 0.05 0.02 0.06
9 23.0 71.0 68.0 23.0 -0.02 -0.02 0.01 0.1 -0.01 0.02
10 23.0 70.0 63.0 23.0 -0.02 -0.02 0.01 0.07 0.0 -0.01
11 22.0 69.0 63.0 23.0 -0.03 -0.01 0.03 0.04 0.0 0.0
12 21.0 69.0 66.0 23.0 -0.03 -0.01 0.03 0.0 -0.01 0.0
13 23.0 69.0 69.0 24.0 -0.02 -0.0 0.03 0.0 0.02 -0.01
14 22.0 69.0 64.0 24.0 -0.01 0.0 0.02 -0.04 0.03 -0.01
15 25.0 68.0 60.0 24.0 -0.0 0.01 0.01 -0.08 0.02 -0.07
16 22.0 68.0 64.0 23.0 0.01 0.01 0.01 -0.06 0.04 -0.06
17 23.0 69.0 58.0 24.0 0.02 0.0 -0.0 -0.05 0.04 0.01
18 22.0 70.0 69.0 24.0 0.03 0.0 -0.01 -0.01 0.03 -0.01
19 24.0 69.0 67.0 23.0 0.03 0.0 -0.02 0.0 0.08 0.0
20 22.0 69.0 64.0 24.0 0.03 0.0 -0.03 0.01 0.05 0.03
21 20.0 69.0 65.0 23.0 0.02 0.01 -0.03 0.01 0.02 0.03
22 26.0 69.0 66.0 24.0 0.02 0.01 -0.02 0.03 0.01 0.0
23 26.0 69.0 66.0 24.0 0.01 0.0 -0.01 0.03 0.01 0.0
24 23.0 69.0 67.0 24.0 0.01 0.01 -0.0 0.03 0.08 0.0
25 21.0 70.0 68.0 23.0 0.01 0.01 0.0 0.04 0.09 0.01
26 24.0 71.0 68.0 23.0 -0.01 0.01 -0.0 0.01 0.07 0.04
27 21.0 70.0 66.0 23.0 -0.01 0.01 -0.0 -0.03 0.01 0.01
28 21.0 71.0 69.0 23.0 -0.01 0.01 -0.0 -0.06 0.0 -0.03
29 27.0 71.0 71.0 23.0 -0.01 0.0 -0.0 -0.06 0.03 -0.03
30 25.0 71.0 65.0 23.0 -0.01 -0.01 0.0 -0.01 0.02 -0.01
31 27.0 72.0 65.0 23.0 -0.01 -0.01 0.0 0.01 0.03 -0.02
32 25.0 73.0 69.0 23.0 -0.0 -0.0 -0.01 0.02 0.03 0.02
33 23.0 72.0 68.0 24.0 0.01 0.01 -0.01 -0.01 0.03 -0.04
34 21.0 71.0 66.0 23.0 0.01 0.01 -0.01 -0.05 0.03 -0.01
35 22.0 82.0 62.0 23.0 0.02 -0.0 -0.0 -0.07 0.05 -0.02
36 26.0 100.0 62.0 23.0 0.01 -0.03 0.0 -0.07 0.08 0.01
37 29.0 124.0 67.0 23.0 0.01 -0.04 0.01 -0.09 0.09 0.02
38 33.0 129.0 64.0 23.0 0.0 -0.09 0.03 -0.13 0.14 0.02
39 43.0 149.0 62.0 24.0 -0.03 -0.22 0.05 -0.6 0.06 -0.02
40 46.0 152.0 60.0 30.0 -0.05 -0.35 0.06 -0.54 -0.05 -0.02
41 67.0 179.0 59.0 29.0 -0.08 -0.55 0.1 0.21 0.18 0.17
42 76.0 215.0 59.0 29.0 -0.18 -0.67 0.15 0.66 0.26 0.33
43 113.0 227.0 58.0 28.0 -0.25 -0.74 0.15 0.0 0.27 0.08
44 166.0 230.0 59.0 37.0 -0.39 -1.23 0.18 -0.81 0.27 0.1
45 206.0 274.0 66.0 42.0 -0.71 -2.06 0.26 -1.53 -0.08 0.99
46 195.0 282.0 65.0 53.0 -0.85 -2.5 0.28 -0.56 -0.14 1.02
47 172.0 265.0 69.0 49.0 -0.64 -2.57 0.2 0.02 -0.25 1.32
48 196.0 291.0 67.0 48.0 -0.19 -2.19 0.15 -0.97 -0.69 1.51
49 214.0 291.0 66.0 44.0 0.01 -2.11 0.06 -0.69 -0.17 1.47
50 212.0 294.0 64.0 41.0 0.38 -1.92 -0.16 -2.04 -4.5 3.34
51 197.0 307.0 71.0 40.0 1.41 -1.84 0.16 -0.59 0.49 1.52
52 185.0 288.0 71.0 38.0 1.32 -1.42 0.25 0.87 1.18 1.63
53 186.0 310.0 76.0 37.0 1.55 -1.05 0.4 0.12 1.1 2.29
54 229.0 326.0 91.0 39.0 1.79 -1.28 0.37 0.86 1.28 1.91
55 207.0 301.0 95.0 38.0 1.85 -1.41 0.35 0.96 1.43 1.68
56 204.0 284.0 96.0 38.0 1.88 -1.34 0.31 0.85 1.24 1.16
57 201.0 267.0 92.0 36.0 1.79 -1.14 0.21 1.06 1.12 0.56
58 184.0 270.0 88.0 35.0 1.74 -1.06 0.18 1.06 0.96 0.18
59 184.0 248.0 88.0 33.0 1.65 -0.96 0.12 0.79 0.53 -0.61
60 234.0 303.0 92.0 37.0 1.6 -0.91 0.05 0.53 0.37 -0.65
61 220.0 318.0 95.0 45.0 1.57 -0.91 0.01 0.29 0.27 -0.91
62 221.0 345.0 103.0 45.0 1.49 -0.82 -0.09 0.29 0.0 -0.83
63 243.0 333.0 111.0 44.0 1.42 -0.71 -0.16 -0.11 -0.04 -0.92
64 236.0 352.0 105.0 48.0 1.37 -0.68 -0.16 -0.08 -0.22 -1.01
65 258.0 353.0 111.0 54.0 1.32 -0.66 -0.2 -0.43 -0.3 -1.02
66 331.0 368.0 114.0 56.0 1.25 -0.6 -0.18 -0.57 -0.44 -0.81
67 293.0 341.0 103.0 51.0 1.2 -0.57 -0.17 -0.53 -0.54 -0.75
68 275.0 343.0 101.0 52.0 1.13 -0.52 -0.18 -0.47 -0.62 -0.8
69 311.0 327.0 105.0 50.0 1.09 -0.48 -0.18 -0.42 -0.79 -0.85
70 317.0 334.0 103.0 56.0 0.99 -0.32 -0.19 -0.58 -0.91 -1.02
71 296.0 326.0 96.0 52.0 0.91 -0.22 -0.21 -0.74 -1.03 -1.15
72 309.0 325.0 93.0 47.0 0.85 -0.24 -0.24 -0.67 -0.92 -1.27
73 277.0 295.0 92.0 47.0 0.81 -0.22 -0.25 -0.66 -0.94 -1.29
74 272.0 305.0 90.0 49.0 0.7 -0.15 -0.25 -0.63 -0.95 -1.19
75 290.0 302.0 90.0 52.0 0.57 -0.08 -0.25 -0.67 -1.0 -1.29
76 300.0 298.0 82.0 48.0 0.51 -0.05 -0.25 -0.74 -0.93 -1.29
77 274.0 293.0 78.0 47.0 0.41 -0.03 -0.2 -0.64 -0.8 -1.26
78 262.0 282.0 83.0 49.0 0.33 -0.04 -0.15 -0.53 -0.82 -1.17
79 273.0 298.0 81.0 61.0 0.28 -0.02 -0.13 -0.5 -0.77 -1.2
80 270.0 328.0 80.0 59.0 0.18 0.04 -0.11 -0.3 -0.53 -1.09
81 266.0 335.0 80.0 60.0 0.09 0.03 -0.1 -0.26 -0.52 -1.23
82 230.0 306.0 78.0 57.0 0.06 0.01 -0.09 -0.01 -0.45 -0.99
83 226.0 320.0 75.0 51.0 0.0 -0.03 -0.1 0.01 -0.29 -0.63
84 243.0 307.0 78.0 51.0 -0.03 -0.01 -0.11 -0.12 -0.2 -0.42
85 279.0 327.0 78.0 55.0 -0.09 0.09 -0.12 0.0 -0.18 -0.29
86 266.0 319.0 82.0 65.0 -0.1 0.06 -0.14 -0.11 0.02 -0.42
87 243.0 316.0 80.0 63.0 -0.09 0.04 -0.14 0.09 0.04 -0.25
88 226.0 283.0 79.0 55.0 -0.08 0.03 -0.13 0.02 0.06 -0.27
89 210.0 277.0 76.0 51.0 -0.07 0.02 -0.1 -0.01 0.07 -0.27
90 235.0 280.0 83.0 49.0 -0.06 0.0 -0.09 -0.05 0.13 -0.13
91 271.0 286.0 89.0 45.0 -0.06 0.01 -0.06 -0.16 0.17 -0.23
92 245.0 299.0 87.0 42.0 -0.08 0.01 -0.07 -0.19 0.12 -0.21
93 251.0 293.0 88.0 49.0 -0.07 0.0 -0.08 -0.14 0.2 -0.28
94 259.0 301.0 88.0 48.0 -0.08 -0.04 -0.09 -0.12 0.24 -0.28
95 223.0 283.0 86.0 48.0 -0.09 -0.02 -0.07 -0.1 0.19 -0.23
96 251.0 262.0 85.0 44.0 -0.09 0.02 -0.06 -0.25 0.1 -0.04
97 273.0 288.0 85.0 40.0 -0.09 0.03 -0.03 -0.33 0.01 0.01
98 258.0 275.0 83.0 40.0 -0.07 0.01 -0.02 -0.31 0.01 -0.04
99 262.0 278.0 83.0 54.0 -0.06 0.0 -0.01 -0.27 0.08 -0.15
100 295.0 280.0 93.0 62.0 -0.04 -0.01 0.01 -0.11 0.05 -0.17
101 282.0 282.0 89.0 57.0 -0.03 0.0 0.03 0.03 0.11 -0.32
102 280.0 295.0 88.0 53.0 -0.03 0.01 0.03 -0.02 0.04 -0.16
103 277.0 284.0 84.0 49.0 -0.01 -0.02 0.02 -0.05 0.11 -0.11
104 289.0 281.0 84.0 46.0 -0.02 -0.03 0.02 -0.03 0.01 -0.05
105 284.0 275.0 83.0 42.0 -0.01 -0.01 0.0 -0.01 0.05 -0.17
106 293.0 283.0 81.0 49.0 -0.02 0.05 -0.02 -0.04 0.0 -0.15
107 274.0 281.0 80.0 47.0 -0.02 0.04 -0.04 0.01 -0.02 -0.23
108 252.0 303.0 76.0 42.0 -0.02 0.03 -0.04 -0.1 -0.04 -0.15
109 250.0 297.0 74.0 39.0 -0.01 0.03 -0.05 -0.16 -0.04 -0.12
110 259.0 290.0 73.0 39.0 -0.0 -0.02 -0.04 -0.08 0.0 -0.15
111 270.0 282.0 75.0 36.0 -0.0 -0.02 -0.04 -0.06 0.02 -0.11
112 269.0 261.0 75.0 35.0 -0.01 0.0 -0.03 -0.13 0.02 -0.2
113 289.0 279.0 75.0 51.0 -0.02 0.02 -0.02 -0.17 0.02 -0.19
114 294.0 247.0 74.0 44.0 -0.02 0.01 -0.01 0.02 0.1 -0.26
115 276.0 259.0 76.0 46.0 -0.02 -0.01 -0.0 0.07 0.14 -0.31
116 296.0 240.0 74.0 45.0 -0.03 -0.02 0.01 0.22 0.12 -0.09
117 281.0 253.0 74.0 43.0 -0.02 -0.02 -0.01 0.26 0.04 -0.04
118 245.0 248.0 76.0 39.0 -0.02 -0.03 -0.03 0.23 0.07 0.0
119 248.0 247.0 76.0 48.0 -0.02 -0.01 -0.07 0.08 0.05 0.0
120 252.0 244.0 75.0 49.0 -0.02 0.03 -0.09 0.03 0.01 -0.03
121 223.0 255.0 76.0 44.0 -0.01 0.03 -0.09 -0.09 -0.01 -0.25
122 239.0 261.0 78.0 42.0 0.01 -0.01 -0.08 -0.15 -0.07 -0.3
123 240.0 260.0 77.0 40.0 0.02 -0.02 -0.05 -0.24 -0.1 -0.14
124 198.0 253.0 74.0 36.0 0.02 -0.02 -0.03 -0.3 -0.07 -0.2
125 202.0 267.0 73.0 40.0 -0.02 0.0 -0.01 -0.28 -0.12 -0.25
126 189.0 252.0 74.0 41.0 -0.02 0.02 -0.01 -0.18 -0.13 -0.33
127 195.0 258.0 70.0 38.0 -0.04 0.02 0.0 -0.17 -0.11 -0.42
128 192.0 236.0 71.0 35.0 -0.05 -0.01 0.0 -0.09 -0.15 -0.28
129 196.0 221.0 71.0 33.0 -0.05 0.01 -0.0 -0.04 -0.15 -0.29
130 192.0 218.0 78.0 31.0 -0.09 0.07 -0.01 -0.15 -0.16 -0.28
131 177.0 214.0 78.0 30.0 -0.12 0.1 -0.03 -0.16 -0.16 -0.35
132 163.0 193.0 81.0 28.0 -0.13 0.11 -0.03 -0.28 -0.37 -0.52
133 163.0 237.0 78.0 28.0 -0.16 0.11 -0.01 -0.33 -0.42 -0.51
134 153.0 234.0 73.0 27.0 -0.2 0.13 -0.0 -0.44 -0.58 -0.5
135 133.0 210.0 70.0 26.0 -0.23 0.16 0.02 -0.58 -0.73 -0.55
136 131.0 208.0 67.0 29.0 -0.36 0.21 0.06 -0.69 -0.84 -0.65
137 117.0 217.0 65.0 28.0 -0.48 0.28 0.11 -0.9 -1.18 -1.27
138 113.0 218.0 63.0 27.0 -0.54 0.33 0.15 -0.87 -1.27 -1.58
139 94.0 192.0 61.0 26.0 -0.65 0.38 0.24 -0.67 -1.52 -2.21
140 82.0 192.0 64.0 26.0 -0.81 0.6 0.32 -0.44 -1.19 -2.14
141 74.0 198.0 63.0 25.0 -0.92 0.74 0.36 -0.6 -1.01 -1.94
142 68.0 229.0 61.0 25.0 -1.17 0.88 0.42 -0.58 -0.9 -2.0
143 66.0 224.0 62.0 25.0 -1.51 0.79 0.52 -0.48 -0.75 -2.21
144 87.0 190.0 63.0 24.0 -1.65 0.67 0.59 -0.77 -0.83 -2.36
145 92.0 171.0 63.0 24.0 -1.76 0.53 0.73 -0.71 -0.59 -1.87
146 92.0 157.0 61.0 25.0 -1.91 0.57 0.77 -0.6 -0.69 -0.93
147 102.0 149.0 61.0 24.0 -1.94 0.59 0.77 -0.41 -0.38 -0.87
148 89.0 135.0 59.0 24.0 -2.04 0.59 0.73 0.3 0.12 -0.68
149 79.0 131.0 58.0 24.0 -2.19 0.75 0.67 0.14 0.15 -0.46
150 72.0 125.0 58.0 24.0 -2.26 0.77 0.67 0.49 0.52 -0.55
151 70.0 125.0 56.0 24.0 -2.48 0.7 0.66 0.68 0.44 -0.35
152 61.0 122.0 58.0 24.0 -2.55 0.33 0.6 0.31 0.7 -0.52
153 50.0 122.0 57.0 24.0 -2.49 0.21 0.56 1.37 0.7 -0.82
154 43.0 120.0 59.0 24.0 -2.43 0.32 0.58 1.36 0.28 -1.14
155 38.0 126.0 68.0 24.0 -2.32 0.82 0.51 2.31 0.8 -1.69
156 37.0 127.0 72.0 24.0 -2.44 1.27 0.48 1.97 0.62 -1.92
157 34.0 133.0 75.0 24.0 -2.67 1.94 0.5 0.7 0.16 -2.4
158 33.0 137.0 82.0 24.0 -2.19 3.71 0.29 4.88 -5.66 17.94
159 33.0 141.0 95.0 23.0 0.16 5.21 -0.29 0.01 -14.72 27.91
160 30.0 140.0 85.0 24.0 0.99 0.92 -0.18 -2.15 2.54 2.01
161 28.0 140.0 79.0 24.0 0.15 1.37 -0.27 -3.18 0.38 -0.6
162 25.0 138.0 74.0 23.0 0.13 1.46 -0.43 -3.06 2.42 -0.98
163 23.0 138.0 70.0 24.0 0.07 1.29 -0.54 -3.8 1.02 -0.73
164 22.0 138.0 71.0 23.0 0.33 -0.33 -0.09 -0.52 1.1 -0.2
