1 18.0 79.0 79.0 57.0 0.01 -0.01 -0.02 -0.03 0.17 -0.03
2 18.0 80.0 82.0 58.0 0.01 -0.01 -0.02 -0.02 0.17 -0.02
3 17.0 79.0 83.0 57.0 0.01 0.0 -0.02 0.01 0.14 -0.01
4 17.0 78.0 78.0 57.0 0.01 0.0 -0.01 -0.02 0.14 -0.04
5 17.0 77.0 81.0 58.0 0.02 0.02 -0.01 -0.1 0.13 -0.02
6 17.0 76.0 80.0 60.0 0.02 0.02 -0.02 -0.09 0.18 -0.07
7 17.0 76.0 75.0 58.0 0.02 0.0 -0.01 -0.06 0.21 -0.02
8 17.0 76.0 72.0 55.0 0.02 -0.01 -0.01 -0.02 0.18 0.0
9 16.0 75.0 73.0 56.0 0.01 -0.01 -0.01 0.04 0.12 -0.03
10 15.0 76.0 75.0 59.0 0.01 -0.01 -0.01 -0.03 0.13 -0.01
11 17.0 83.0 80.0 65.0 0.0 0.0 -0.01 -0.04 0.15 -0.02
12 18.0 88.0 80.0 66.0 0.0 -0.0 0.01 0.01 0.19 0.0
13 17.0 112.0 76.0 84.0 -0.01 0.0 0.01 0.04 0.18 0.02
14 20.0 165.0 71.0 88.0 -0.03 0.0 0.01 0.02 0.18 0.04
15 32.0 220.0 68.0 80.0 -0.05 -0.01 0.02 0.12 0.1 -0.01
16 64.0 332.0 67.0 76.0 -0.04 -0.02 0.02 0.75 0.1 0.12
17 60.0 310.0 68.0 74.0 -0.03 -0.07 0.06 0.69 0.01 0.05
18 71.0 294.0 73.0 124.0 -0.08 -0.16 0.12 -0.07 0.1 0.0
19 68.0 335.0 82.0 157.0 -0.13 -0.27 0.14 0.46 0.2 0.38
20 58.0 329.0 77.0 130.0 -0.22 -0.35 0.17 0.39 0.15 0.31
21 48.0 343.0 74.0 149.0 -0.14 -0.03 0.12 0.17 0.06 0.29
22 43.0 367.0 70.0 157.0 -0.06 0.14 0.09 -0.17 0.04 0.5
23 53.0 349.0 68.0 161.0 -0.02 0.21 0.07 -0.25 -1.03 0.92
24 49.0 369.0 75.0 159.0 0.06 0.41 0.12 -0.02 0.25 1.86
25 41.0 360.0 85.0 149.0 0.15 0.69 0.13 -1.03 -2.39 3.89
26 36.0 368.0 81.0 126.0 0.79 1.45 -0.15 0.38 -0.15 3.58
27 32.0 365.0 78.0 112.0 1.0 2.06 0.11 -0.58 -0.55 2.97
28 28.0 332.0 79.0 100.0 1.15 2.1 0.16 -1.14 0.77 2.85
29 26.0 325.0 91.0 87.0 1.41 1.91 0.25 -1.01 0.96 2.85
30 23.0 292.0 84.0 82.0 1.56 1.51 0.29 -0.89 0.94 2.25
31 22.0 268.0 79.0 77.0 1.62 1.21 0.3 -0.65 0.53 1.93
32 22.0 252.0 74.0 72.0 1.74 0.61 0.32 -0.57 0.45 1.81
33 20.0 232.0 69.0 72.0 1.79 0.19 0.38 -0.19 0.32 0.56
34 19.0 201.0 71.0 75.0 1.8 -0.04 0.42 0.32 0.24 -0.01
35 17.0 200.0 74.0 71.0 1.76 -0.25 0.53 0.58 0.21 -0.1
36 18.0 198.0 69.0 65.0 1.71 -0.28 0.61 -0.08 0.03 -0.06
37 17.0 194.0 71.0 61.0 1.69 -0.33 0.62 -0.26 -0.11 -0.34
38 17.0 201.0 67.0 57.0 1.63 -0.57 0.58 -0.13 -0.07 -0.41
39 19.0 210.0 72.0 58.0 1.55 -0.72 0.54 0.39 0.07 -0.98
40 18.0 197.0 68.0 62.0 1.49 -0.73 0.52 0.23 -0.18 -1.14
41 17.0 200.0 72.0 55.0 1.44 -0.85 0.49 0.04 -0.3 -1.05
42 16.0 189.0 71.0 55.0 1.37 -1.04 0.44 -0.28 -0.64 -1.14
43 15.0 166.0 66.0 55.0 1.31 -1.16 0.43 0.09 -0.37 -1.74
44 16.0 148.0 64.0 48.0 1.26 -1.26 0.35 0.15 -0.49 -1.52
45 19.0 146.0 65.0 46.0 1.26 -0.99 0.33 -0.14 -0.47 -1.61
46 30.0 149.0 69.0 46.0 1.23 -0.86 0.32 -0.22 -0.3 -1.25
47 57.0 142.0 65.0 57.0 1.11 -0.69 0.32 -0.23 -0.32 -1.23
48 52.0 136.0 61.0 49.0 1.04 -0.66 0.34 -0.46 -0.46 -0.93
49 46.0 128.0 61.0 46.0 1.06 -0.7 0.35 -0.63 -0.38 -0.93
50 41.0 125.0 61.0 41.0 1.09 -0.7 0.34 -0.65 -0.37 -0.94
51 36.0 120.0 61.0 48.0 1.03 -0.65 0.33 -0.21 -0.4 -0.96
52 40.0 125.0 70.0 43.0 1.0 -0.55 0.34 -0.03 -0.3 -1.03
53 48.0 120.0 67.0 44.0 0.97 -0.29 0.37 -0.08 -0.36 -1.06
54 48.0 117.0 70.0 49.0 0.96 -0.03 0.4 -0.24 -0.31 -0.93
55 98.0 118.0 85.0 47.0 0.92 0.05 0.4 -0.15 -0.16 -0.84
56 116.0 125.0 83.0 44.0 0.9 0.04 0.36 0.01 -0.17 -0.86
57 107.0 125.0 84.0 40.0 0.92 0.01 0.35 -0.03 -0.26 -0.81
58 97.0 125.0 81.0 37.0 0.89 -0.0 0.33 0.31 -0.2 -0.84
59 82.0 122.0 81.0 36.0 0.8 -0.0 0.27 0.56 -0.24 -0.81
60 77.0 134.0 85.0 40.0 0.69 0.03 0.21 0.54 -0.21 -0.88
61 95.0 133.0 84.0 44.0 0.64 0.1 0.18 0.5 -0.11 -0.84
62 93.0 125.0 85.0 40.0 0.59 0.29 0.15 0.38 -0.14 -0.67
63 82.0 124.0 87.0 40.0 0.52 0.38 0.1 0.28 -0.05 -0.57
64 103.0 121.0 91.0 40.0 0.47 0.34 0.07 0.14 -0.1 -0.61
65 106.0 123.0 87.0 36.0 0.41 0.21 0.04 0.09 -0.05 -0.63
66 96.0 133.0 95.0 41.0 0.34 0.19 0.05 0.12 -0.05 -0.61
67 171.0 137.0 103.0 39.0 0.3 0.22 0.05 0.06 -0.14 -0.55
68 217.0 155.0 122.0 43.0 0.23 0.33 0.03 0.01 -0.16 -0.69
69 231.0 155.0 113.0 43.0 0.2 0.43 0.03 0.09 -0.2 -0.52
70 207.0 149.0 108.0 39.0 0.2 0.48 0.02 0.09 -0.26 -0.59
71 230.0 158.0 103.0 40.0 0.16 0.57 -0.02 0.04 -0.24 -0.52
72 227.0 157.0 114.0 45.0 0.13 0.46 -0.05 0.2 -0.23 -0.39
73 235.0 168.0 108.0 51.0 0.1 0.43 -0.07 0.24 -0.12 -0.73
74 296.0 184.0 108.0 65.0 0.06 0.45 -0.08 0.32 -0.04 -0.73
75 298.0 182.0 123.0 63.0 0.05 0.63 -0.12 0.34 0.01 -0.77
76 307.0 181.0 127.0 74.0 0.03 0.76 -0.15 0.15 -0.16 -0.64
77 306.0 183.0 128.0 70.0 0.01 0.91 -0.19 0.08 -0.2 -0.59
78 326.0 203.0 129.0 70.0 0.0 0.8 -0.21 -0.12 -0.32 -0.47
79 361.0 227.0 144.0 95.0 0.01 0.69 -0.22 0.21 -0.21 -0.15
80 355.0 221.0 146.0 87.0 0.03 0.67 -0.24 0.3 -0.22 -0.33
81 334.0 214.0 151.0 85.0 0.05 0.99 -0.27 0.2 -0.13 -0.75
82 328.0 240.0 157.0 119.0 0.06 1.13 -0.28 0.04 -0.13 -0.62
83 374.0 293.0 180.0 175.0 0.11 1.32 -0.3 -0.12 0.07 -0.36
84 413.0 300.0 204.0 182.0 0.13 1.24 -0.31 0.15 0.09 0.2
85 392.0 307.0 239.0 194.0 0.12 1.2 -0.31 -0.24 0.0 -0.9
86 438.0 319.0 291.0 228.0 0.1 1.19 -0.31 0.05 0.08 -0.87
87 455.0 347.0 321.0 262.0 0.16 1.4 -0.32 -0.06 0.07 -1.07
88 440.0 354.0 341.0 241.0 0.19 1.52 -0.33 -0.08 0.17 -0.95
89 508.0 429.0 329.0 262.0 0.2 1.68 -0.42 -0.25 0.21 -1.05
90 461.0 405.0 346.0 234.0 0.13 1.65 -0.46 4.26 -0.4 -11.3
91 380.0 379.0 335.0 271.0 0.46 1.41 -0.68 -1.51 -29.39 8.39
92 307.0 319.0 288.0 274.0 3.48 3.62 0.06 4.98 7.46 19.36
93 269.0 284.0 248.0 224.0 -1.43 6.5 -2.71 0.24 -0.62 -10.41
94 244.0 252.0 232.0 184.0 -1.05 4.1 -1.97 -2.76 -2.71 4.17
95 230.0 228.0 200.0 173.0 0.23 0.27 -0.58 -0.58 -1.25 1.97
96 308.0 217.0 172.0 145.0 -0.04 -0.98 -0.41 -1.6 0.23 -1.49
97 282.0 209.0 147.0 122.0 -0.32 -0.52 -0.43 -0.83 -0.33 -1.24
98 238.0 192.0 135.0 115.0 -0.91 0.36 -0.7 0.38 0.17 -1.27
99 202.0 178.0 122.0 112.0 -0.87 0.51 -0.8 1.12 0.41 -0.65
100 165.0 155.0 106.0 101.0 -0.83 0.61 -0.76 1.31 0.07 -0.18
101 153.0 144.0 95.0 106.0 -0.75 0.37 -0.66 0.75 -0.07 0.66
102 164.0 141.0 94.0 99.0 -0.77 -0.24 -0.61 -0.35 -0.09 1.08
103 157.0 133.0 92.0 96.0 -0.83 -0.36 -0.61 -0.48 -0.12 1.03
104 146.0 121.0 97.0 95.0 -0.87 -0.13 -0.61 0.22 -0.14 -0.07
105 122.0 112.0 100.0 99.0 -0.68 0.21 -0.51 -0.22 -0.41 -0.04
106 128.0 103.0 93.0 87.0 -0.55 0.25 -0.45 -0.68 -0.34 0.74
107 115.0 101.0 87.0 83.0 -0.38 0.15 -0.37 -0.42 -0.35 0.78
108 104.0 99.0 86.0 80.0 -0.41 -0.08 -0.33 -0.18 -0.07 0.27
109 105.0 97.0 83.0 79.0 -0.45 -0.19 -0.32 -0.15 -0.05 0.14
110 94.0 95.0 81.0 90.0 -0.57 -0.27 -0.34 0.17 -0.17 -0.21
111 79.0 91.0 80.0 85.0 -0.62 -0.15 -0.34 0.32 -0.41 -0.35
112 64.0 90.0 85.0 82.0 -0.61 -0.13 -0.32 0.22 -0.45 -0.24
113 55.0 93.0 84.0 84.0 -0.59 -0.24 -0.28 0.19 -0.55 0.26
114 46.0 90.0 80.0 80.0 -0.67 -0.53 -0.23 0.28 -0.54 0.38
115 40.0 93.0 80.0 88.0 -0.72 -0.68 -0.22 0.3 -0.46 0.36
116 35.0 96.0 77.0 88.0 -0.89 -0.95 -0.22 0.32 -0.55 0.26
117 31.0 103.0 73.0 86.0 -1.1 -1.11 -0.26 0.23 -0.68 -0.3
118 30.0 106.0 72.0 80.0 -1.22 -1.17 -0.26 0.54 -0.9 -0.58
119 49.0 115.0 80.0 73.0 -1.35 -1.27 -0.32 0.61 -0.86 -1.16
120 48.0 165.0 79.0 69.0 -1.56 -1.51 -0.37 0.71 -0.56 -1.4
121 42.0 157.0 77.0 63.0 -1.66 -1.67 -0.39 0.6 -0.45 -1.4
122 42.0 161.0 75.0 67.0 -1.8 -2.07 -0.46 0.14 -0.12 -1.05
123 46.0 157.0 70.0 69.0 -2.0 -2.49 -0.54 0.27 0.05 -0.99
124 55.0 164.0 66.0 62.0 -2.1 -2.66 -0.54 0.24 0.14 -0.92
125 55.0 165.0 62.0 66.0 -2.25 -2.84 -0.5 -0.16 -0.19 -0.69
126 52.0 149.0 59.0 61.0 -2.32 -2.84 -0.4 -1.36 0.37 -0.99
127 71.0 138.0 58.0 58.0 -2.36 -2.84 -0.38 -1.36 1.54 -1.0
128 63.0 129.0 56.0 54.0 -2.4 -2.81 -0.41 -0.13 0.32 -1.26
129 56.0 121.0 56.0 48.0 -2.15 -2.5 -0.42 0.49 0.32 -1.76
130 84.0 112.0 58.0 45.0 -2.11 -2.04 -0.35 0.39 0.52 -2.09
131 69.0 108.0 58.0 50.0 -2.04 -1.25 -0.19 0.36 0.23 -2.0
132 61.0 108.0 57.0 46.0 -1.95 -1.06 -0.12 -0.05 -0.18 -1.81
133 74.0 103.0 57.0 41.0 -1.91 -1.08 -0.08 0.06 -0.38 -1.73
134 68.0 101.0 58.0 38.0 -1.85 -0.92 -0.03 0.25 -0.51 -1.82
135 58.0 99.0 58.0 35.0 -1.87 -0.64 -0.02 0.39 -0.41 -2.62
136 77.0 103.0 60.0 33.0 -1.92 -0.47 -0.02 -2.66 -1.26 -0.37
137 122.0 121.0 61.0 74.0 2.16 -1.71 -0.22 4.32 5.64 19.24
138 99.0 112.0 64.0 64.0 0.35 -4.01 0.25 6.46 -1.7 -4.36
139 91.0 104.0 65.0 54.0 0.55 -2.3 0.08 2.08 -2.13 -1.88
140 77.0 104.0 66.0 47.0 1.23 0.91 -0.21 2.17 0.31 1.49
141 65.0 104.0 64.0 42.0 0.64 1.07 -0.35 1.45 0.99 0.56
142 52.0 101.0 65.0 38.0 0.0 1.05 -0.53 1.18 0.89 -0.05
143 47.0 96.0 64.0 35.0 -0.15 0.9 -0.37 -1.2 0.03 0.01
144 41.0 92.0 64.0 33.0 0.03 0.62 -0.27 -1.57 -0.05 -0.24
145 36.0 88.0 64.0 31.0 0.05 0.5 -0.24 -1.56 0.2 -0.49
146 32.0 84.0 64.0 29.0 -0.01 0.3 -0.15 -1.28 0.03 0.01
147 29.0 80.0 63.0 28.0 -0.03 -0.05 -0.03 -0.94 -0.51 -0.21
148 37.0 78.0 64.0 25.0 0.0 -0.2 0.06 -0.17 0.25 -0.16
149 32.0 75.0 64.0 26.0 0.01 -0.3 0.08 0.06 0.02 0.07
150 33.0 74.0 64.0 25.0 -0.02 -0.23 0.07 0.23 -0.02 -0.06
151 30.0 72.0 64.0 25.0 -0.03 -0.15 0.04 0.23 -0.01 -0.02
152 26.0 71.0 64.0 25.0 -0.03 0.0 -0.01 0.01 0.04 0.0
153 25.0 71.0 65.0 24.0 -0.01 0.09 -0.06 -0.16 0.0 -0.06
154 23.0 70.0 63.0 24.0 0.01 0.09 -0.08 -0.31 0.01 -0.05
155 25.0 69.0 63.0 24.0 0.04 0.03 -0.08 -0.46 0.04 -0.15
156 28.0 70.0 63.0 24.0 0.06 -0.04 -0.07 -0.44 0.01 -0.09
157 26.0 69.0 63.0 24.0 0.06 -0.08 -0.07 -0.36 0.02 0.0
158 30.0 70.0 63.0 24.0 0.05 -0.1 -0.06 -0.28 0.06 -0.08
159 28.0 70.0 63.0 24.0 0.03 -0.13 -0.05 -0.26 0.08 -0.02
160 25.0 70.0 63.0 24.0 0.02 -0.14 -0.05 -0.17 0.1 -0.01
161 23.0 71.0 61.0 24.0 -0.01 -0.15 -0.03 0.02 0.09 0.01
162 27.0 72.0 64.0 24.0 -0.03 -0.13 -0.03 0.1 0.08 0.01
