1 47.0 86.0 53.0 24.0 -0.04 -0.15 0.02 -0.06 0.08 -0.06
2 41.0 84.0 51.0 25.0 -0.02 -0.1 0.02 -0.02 0.13 -0.04
3 36.0 80.0 50.0 24.0 -0.02 -0.05 0.01 -0.04 0.1 -0.02
4 34.0 79.0 50.0 25.0 -0.02 -0.02 0.01 -0.02 0.11 -0.05
5 42.0 79.0 54.0 25.0 -0.02 0.03 -0.0 -0.12 0.08 -0.07
6 38.0 79.0 53.0 25.0 -0.03 0.04 -0.0 -0.17 0.07 -0.03
7 36.0 77.0 54.0 25.0 -0.03 0.02 0.0 -0.16 0.05 -0.05
8 33.0 77.0 52.0 25.0 -0.04 -0.02 0.01 -0.22 0.09 -0.04
9 31.0 75.0 53.0 25.0 -0.04 -0.05 0.02 -0.11 0.08 -0.04
10 30.0 74.0 53.0 25.0 -0.03 -0.05 0.02 -0.03 0.1 -0.07
11 28.0 74.0 55.0 25.0 -0.01 0.01 0.01 -0.02 0.11 -0.05
12 28.0 89.0 55.0 26.0 -0.0 0.03 0.0 -0.06 0.15 -0.04
13 29.0 132.0 54.0 31.0 -0.01 0.06 -0.01 -0.13 0.1 -0.04
14 27.0 163.0 52.0 37.0 -0.03 0.04 -0.0 -0.03 0.05 -0.02
15 44.0 196.0 52.0 39.0 -0.03 0.02 0.02 0.14 0.03 0.0
16 63.0 226.0 51.0 36.0 -0.02 0.02 0.03 0.24 0.04 0.04
17 70.0 223.0 52.0 33.0 0.08 0.02 0.05 0.14 0.08 0.01
18 62.0 241.0 55.0 87.0 0.18 -0.09 0.06 -0.25 0.03 0.0
19 54.0 243.0 57.0 87.0 0.18 -0.19 0.08 0.15 0.2 0.2
20 45.0 282.0 62.0 101.0 0.14 -0.38 0.15 0.31 0.1 0.44
21 39.0 306.0 66.0 116.0 0.14 -0.31 0.15 0.59 0.22 0.9
22 34.0 426.0 72.0 96.0 0.21 0.17 0.12 0.43 0.06 1.42
23 31.0 446.0 75.0 82.0 0.27 0.47 0.11 -0.38 0.05 2.45
24 29.0 460.0 81.0 70.0 0.15 0.87 -0.0 -0.23 0.54 3.31
25 26.0 442.0 85.0 60.0 0.62 0.6 -0.07 -0.45 1.74 3.01
26 24.0 417.0 92.0 53.0 0.83 0.55 0.11 -0.89 0.52 3.18
27 23.0 401.0 97.0 47.0 1.36 0.42 0.14 0.17 0.72 3.28
28 24.0 381.0 86.0 52.0 1.45 0.58 0.17 0.08 0.79 3.09
29 22.0 346.0 86.0 47.0 1.43 0.88 0.21 -0.16 0.98 2.27
30 21.0 338.0 79.0 41.0 1.47 0.7 0.23 0.17 0.86 1.29
31 20.0 298.0 78.0 37.0 1.5 0.43 0.27 -0.08 0.59 1.06
32 15.0 290.0 77.0 37.0 1.62 0.07 0.28 -0.36 0.22 0.61
33 20.0 270.0 72.0 38.0 1.7 -0.12 0.28 -0.36 0.0 0.23
34 17.0 263.0 67.0 34.0 1.83 -0.33 0.32 -0.2 0.09 -0.08
35 19.0 247.0 71.0 31.0 1.87 -0.3 0.37 0.24 0.06 -0.48
36 18.0 236.0 72.0 31.0 1.88 -0.29 0.4 -0.01 -0.04 -0.51
37 18.0 226.0 68.0 33.0 1.87 -0.27 0.37 -0.39 -0.38 -0.38
38 18.0 227.0 64.0 32.0 1.88 -0.39 0.34 -0.42 -0.28 -0.73
39 17.0 228.0 60.0 31.0 1.87 -0.43 0.32 0.04 -0.23 -0.99
40 17.0 239.0 60.0 30.0 1.81 -0.42 0.28 0.19 -0.2 -1.54
41 21.0 213.0 61.0 31.0 1.7 -0.29 0.25 0.19 -0.47 -1.68
42 19.0 192.0 61.0 33.0 1.65 -0.21 0.24 -0.05 -0.76 -0.96
43 22.0 173.0 58.0 32.0 1.56 -0.04 0.22 -0.04 -0.7 -1.11
44 24.0 163.0 63.0 33.0 1.39 0.24 0.2 0.57 -0.55 -1.21
45 22.0 150.0 67.0 31.0 1.4 0.34 0.17 -0.03 -0.78 -1.64
46 34.0 143.0 72.0 35.0 1.33 0.55 0.2 -0.02 -0.82 -1.71
47 28.0 144.0 86.0 40.0 1.34 0.63 0.27 -0.6 -0.59 -1.12
48 35.0 137.0 85.0 36.0 1.38 0.69 0.27 -0.54 -0.59 -0.87
49 68.0 138.0 91.0 35.0 1.31 0.79 0.25 -0.58 -0.79 -0.69
50 88.0 148.0 93.0 40.0 1.13 0.85 0.25 -0.87 -0.7 -0.99
51 115.0 150.0 109.0 38.0 1.07 0.73 0.24 -0.61 -0.68 -1.07
52 151.0 213.0 112.0 45.0 1.06 0.53 0.24 -0.62 -0.66 -1.15
53 187.0 221.0 120.0 63.0 1.06 0.69 0.23 -0.2 -0.65 -1.17
54 296.0 227.0 111.0 62.0 1.04 0.92 0.2 0.2 -0.49 -1.74
55 271.0 235.0 108.0 68.0 1.04 1.34 0.11 0.26 -0.55 -1.7
56 275.0 232.0 120.0 69.0 0.97 1.81 0.0 1.32 -0.43 -2.5
57 302.0 219.0 151.0 69.0 0.87 1.91 -0.05 1.15 -0.42 -1.89
58 338.0 230.0 140.0 79.0 0.74 1.73 -0.1 1.09 -0.24 -1.75
59 356.0 222.0 135.0 85.0 0.57 1.53 -0.21 1.38 -0.19 -1.54
60 356.0 256.0 157.0 91.0 0.47 1.53 -0.24 0.81 -0.35 -1.96
61 404.0 301.0 152.0 110.0 0.35 1.55 -0.33 1.0 -0.37 -1.77
62 411.0 315.0 185.0 149.0 0.31 1.78 -0.42 0.7 -0.26 -1.05
63 460.0 347.0 184.0 210.0 0.31 1.97 -0.48 0.42 -0.24 -0.92
64 482.0 332.0 219.0 192.0 0.3 2.19 -0.59 0.42 -0.31 -0.97
65 468.0 362.0 261.0 181.0 0.26 2.32 -0.69 -0.15 -0.57 -0.81
66 462.0 346.0 289.0 188.0 0.27 2.35 -0.72 -0.47 -0.44 -0.75
67 410.0 362.0 278.0 232.0 0.23 2.45 -0.83 -0.25 -0.58 -1.13
68 386.0 367.0 304.0 232.0 0.16 2.41 -0.88 4.62 -1.04 -10.41
69 361.0 361.0 274.0 239.0 0.61 2.16 -1.13 14.62 10.63 -30.71
70 356.0 306.0 228.0 235.0 2.61 4.57 -0.5 8.98 8.54 20.9
71 345.0 284.0 196.0 194.0 -0.93 5.18 -2.73 -0.84 -0.54 -8.9
72 288.0 263.0 179.0 157.0 -0.49 2.46 -1.74 -4.13 -2.68 2.41
73 303.0 246.0 157.0 132.0 0.18 -1.5 -0.33 -2.37 -1.67 -0.04
74 291.0 248.0 149.0 116.0 -0.27 -1.89 -0.24 -3.23 -0.66 -2.65
75 248.0 229.0 136.0 100.0 -0.61 -1.08 -0.34 0.03 0.01 -0.43
76 293.0 219.0 121.0 88.0 -1.09 -0.09 -0.72 0.12 0.22 0.11
77 257.0 200.0 113.0 76.0 -1.23 0.09 -0.85 1.06 0.37 -1.04
78 241.0 187.0 107.0 68.0 -1.19 0.26 -0.83 1.46 0.32 -0.7
79 208.0 179.0 111.0 59.0 -1.03 0.28 -0.74 -0.01 0.16 1.44
80 193.0 168.0 111.0 56.0 -0.95 -0.07 -0.74 -0.5 0.29 1.85
81 174.0 174.0 101.0 53.0 -0.96 -0.25 -0.76 -0.71 0.25 2.09
82 146.0 159.0 89.0 51.0 -0.95 -0.15 -0.7 0.06 -0.03 -0.09
83 186.0 147.0 86.0 46.0 -0.52 0.03 -0.4 -0.43 -0.39 0.22
84 210.0 139.0 84.0 42.0 -0.4 -0.02 -0.31 -1.16 -0.2 1.33
85 191.0 133.0 83.0 43.0 -0.29 -0.16 -0.22 -1.01 -0.05 1.16
86 165.0 124.0 82.0 42.0 -0.28 -0.21 -0.17 -0.82 0.04 0.45
87 139.0 118.0 85.0 43.0 -0.26 -0.15 -0.15 -0.57 0.13 0.27
88 122.0 112.0 87.0 43.0 -0.2 -0.11 -0.1 -0.34 -0.13 0.09
89 111.0 109.0 86.0 41.0 -0.16 -0.23 -0.03 -0.33 -0.15 0.4
90 142.0 110.0 79.0 38.0 -0.17 -0.3 0.0 -0.25 -0.14 0.49
91 169.0 110.0 75.0 42.0 -0.22 -0.43 0.06 -0.08 -0.15 0.25
92 153.0 102.0 77.0 39.0 -0.22 -0.39 0.07 0.18 -0.17 -0.1
93 147.0 98.0 85.0 38.0 -0.21 -0.32 0.07 0.21 -0.34 -0.1
94 143.0 94.0 92.0 35.0 -0.21 -0.21 0.05 0.21 -0.33 -0.06
95 134.0 98.0 95.0 34.0 -0.26 -0.21 0.01 0.35 -0.39 0.01
96 113.0 108.0 94.0 34.0 -0.3 -0.24 -0.01 0.15 -0.82 0.0
97 121.0 115.0 90.0 44.0 -0.34 -0.28 0.01 0.54 -0.34 -0.06
98 121.0 110.0 89.0 41.0 -0.37 -0.35 0.03 0.4 -0.61 -0.25
99 126.0 108.0 89.0 37.0 -0.39 -0.46 0.06 0.25 -0.78 -0.19
100 107.0 113.0 82.0 35.0 -0.45 -0.68 0.1 0.13 -0.55 -0.04
101 96.0 111.0 88.0 35.0 -0.5 -0.7 0.1 0.01 -0.42 -0.08
102 89.0 105.0 99.0 34.0 -0.52 -0.65 0.09 0.07 -0.26 -0.18
103 86.0 105.0 97.0 31.0 -0.51 -0.51 0.05 0.06 -0.25 -0.04
104 87.0 103.0 98.0 33.0 -0.47 -0.38 0.01 0.08 -0.26 0.28
105 100.0 99.0 96.0 32.0 -0.46 -0.32 -0.01 0.0 -0.24 0.27
106 121.0 97.0 93.0 30.0 -0.39 -0.23 -0.02 -0.06 0.01 0.24
107 108.0 97.0 90.0 28.0 -0.31 -0.27 -0.05 0.07 -0.07 0.35
108 90.0 92.0 90.0 28.0 -0.29 -0.31 -0.06 0.12 -0.1 0.23
109 74.0 88.0 89.0 27.0 -0.28 -0.33 -0.08 0.31 -0.21 -0.03
110 64.0 90.0 84.0 27.0 -0.31 -0.29 -0.1 0.51 -0.32 -0.2
111 81.0 90.0 86.0 26.0 -0.35 -0.27 -0.11 0.53 -0.31 -0.18
112 66.0 105.0 88.0 25.0 -0.45 -0.23 -0.13 0.71 -0.3 -0.23
113 65.0 104.0 86.0 25.0 -0.56 -0.31 -0.16 0.4 -0.43 -0.47
114 64.0 123.0 87.0 25.0 -0.59 -0.39 -0.19 0.53 -0.44 -0.56
115 95.0 133.0 84.0 26.0 -0.69 -0.54 -0.26 0.68 -0.57 -0.64
116 88.0 142.0 83.0 26.0 -0.75 -0.65 -0.34 0.77 -0.77 -0.68
117 72.0 136.0 80.0 25.0 -0.79 -0.72 -0.38 0.86 -0.73 -0.66
118 61.0 139.0 80.0 24.0 -0.88 -0.89 -0.43 1.01 -0.53 -0.59
119 72.0 134.0 76.0 24.0 -0.99 -0.89 -0.44 0.86 -0.06 -0.88
120 67.0 151.0 88.0 24.0 -1.03 -0.81 -0.47 0.68 -0.1 -1.05
121 68.0 140.0 84.0 24.0 -1.14 -0.63 -0.58 -0.04 -0.23 -1.33
122 70.0 200.0 80.0 24.0 -1.28 -0.56 -0.7 -0.29 0.17 -1.09
123 68.0 184.0 78.0 24.0 -1.37 -0.67 -0.76 -0.29 -0.11 -0.83
124 60.0 203.0 76.0 24.0 -1.46 -0.82 -0.79 -0.41 0.08 -1.05
125 67.0 178.0 73.0 24.0 -1.57 -0.93 -0.76 -0.69 -0.05 -0.69
126 71.0 170.0 74.0 23.0 -1.64 -1.03 -0.7 -1.16 0.22 -0.61
127 95.0 158.0 73.0 23.0 -1.8 -1.04 -0.49 0.0 -1.15 -0.11
128 95.0 147.0 74.0 49.0 -1.86 -1.33 -0.63 -1.19 0.02 -0.77
129 97.0 132.0 73.0 44.0 -1.79 -1.43 -0.58 0.0 0.47 -0.97
130 84.0 121.0 71.0 39.0 -1.78 -0.93 -0.47 0.06 0.04 -0.37
131 79.0 113.0 70.0 36.0 -1.66 -1.03 -0.42 -0.07 -0.04 0.0
132 71.0 108.0 70.0 34.0 -1.55 -1.09 -0.41 -0.05 -0.33 0.38
133 78.0 102.0 69.0 31.0 -1.25 -1.06 -0.44 0.7 0.0 0.45
134 65.0 105.0 70.0 30.0 -0.84 -1.08 -0.4 -1.27 -1.55 2.81
135 92.0 104.0 72.0 28.0 -0.26 -1.88 -0.73 -11.74 -5.5 21.76
136 78.0 98.0 73.0 27.0 -1.45 -3.34 -0.09 -2.24 3.59 0.23
137 66.0 92.0 75.0 26.0 -0.03 -2.02 -0.19 -0.35 -0.57 -2.14
138 58.0 89.0 73.0 26.0 0.7 -1.62 -0.27 -0.03 -0.38 0.24
139 50.0 87.0 73.0 25.0 0.81 -1.16 -0.15 1.56 0.25 0.47
140 47.0 86.0 73.0 25.0 0.49 -0.51 -0.09 2.43 0.38 0.72
141 51.0 85.0 77.0 24.0 0.23 -0.35 -0.05 1.82 0.37 0.6
142 44.0 82.0 78.0 24.0 -0.11 -0.32 0.02 0.84 -0.23 0.07
143 40.0 82.0 77.0 24.0 -0.18 -0.2 0.02 -0.2 0.11 0.07
144 37.0 80.0 76.0 23.0 -0.2 -0.15 0.02 -0.29 0.11 0.21
145 63.0 78.0 76.0 24.0 -0.15 0.05 -0.01 -0.45 0.09 0.13
146 53.0 76.0 74.0 23.0 -0.05 0.04 0.03 -0.31 0.2 -0.13
147 47.0 75.0 73.0 23.0 0.0 0.03 0.0 -0.34 -0.19 -0.13
148 44.0 74.0 71.0 23.0 0.04 -0.04 -0.02 -0.22 0.11 -0.06
149 42.0 74.0 70.0 23.0 -0.01 -0.09 -0.04 -0.25 0.04 -0.03
150 39.0 73.0 69.0 23.0 -0.01 -0.09 -0.04 -0.27 0.02 0.0
151 33.0 72.0 69.0 23.0 0.02 -0.12 -0.05 -0.25 -0.05 -0.07
152 29.0 72.0 68.0 23.0 0.04 -0.15 -0.03 -0.15 -0.12 -0.04
153 33.0 73.0 67.0 23.0 0.07 -0.16 -0.03 -0.09 -0.07 -0.01
154 30.0 72.0 65.0 24.0 0.1 -0.15 -0.02 0.01 -0.07 -0.04
155 33.0 71.0 63.0 24.0 0.11 -0.13 -0.02 0.12 0.04 0.03
156 59.0 71.0 61.0 24.0 0.11 -0.1 -0.02 0.11 0.02 0.02
157 55.0 74.0 61.0 23.0 0.11 -0.04 -0.03 0.03 0.03 -0.02
158 47.0 74.0 59.0 24.0 0.11 -0.02 -0.04 -0.15 0.06 0.0
159 41.0 75.0 58.0 23.0 0.1 -0.02 -0.04 -0.17 0.06 0.0
160 36.0 76.0 55.0 23.0 0.09 -0.04 -0.04 -0.22 0.02 -0.03
161 36.0 77.0 54.0 24.0 0.08 -0.08 -0.04 -0.15 0.08 -0.01
162 35.0 77.0 53.0 23.0 0.07 -0.09 -0.04 -0.04 0.11 -0.01
163 31.0 78.0 51.0 24.0 0.05 -0.09 -0.03 -0.01 0.09 0.04
164 28.0 78.0 50.0 24.0 0.02 -0.08 -0.03 0.03 0.03 0.01
165 27.0 78.0 49.0 24.0 0.01 -0.06 -0.03 0.0 0.0 0.01
166 29.0 78.0 48.0 24.0 0.0 -0.04 -0.02 -0.01 0.0 0.0
167 26.0 80.0 48.0 24.0 0.0 -0.02 -0.01 -0.06 0.04 -0.02
168 24.0 81.0 46.0 24.0 0.0 -0.02 -0.01 -0.08 0.02 -0.01
169 22.0 82.0 47.0 24.0 -0.0 -0.03 0.0 -0.09 0.06 -0.04
