1 16.0 67.0 55.0 25.0 -0.03 -0.06 -0.0 -0.02 0.04 -0.02
2 16.0 68.0 56.0 25.0 -0.03 -0.05 0.0 -0.02 0.01 -0.02
3 15.0 67.0 55.0 25.0 -0.03 -0.03 0.01 -0.01 -0.02 0.0
4 16.0 67.0 55.0 26.0 -0.03 -0.01 0.01 -0.04 0.0 -0.05
5 16.0 67.0 54.0 31.0 -0.02 -0.0 0.01 -0.1 0.01 -0.01
6 15.0 82.0 57.0 30.0 -0.02 -0.01 0.02 -0.14 0.09 -0.03
7 17.0 94.0 56.0 29.0 -0.02 -0.02 0.02 -0.04 0.07 0.0
8 16.0 113.0 55.0 38.0 -0.02 -0.02 0.02 0.05 0.05 0.01
9 24.0 166.0 58.0 39.0 -0.01 -0.01 0.03 0.04 0.02 0.01
10 67.0 252.0 61.0 43.0 0.08 -0.01 0.02 0.04 -0.1 0.05
11 66.0 289.0 66.0 39.0 0.22 -0.09 0.03 0.01 -0.08 0.0
12 63.0 308.0 72.0 116.0 0.46 -0.43 0.08 -0.44 0.25 0.02
13 60.0 315.0 88.0 123.0 0.12 -0.94 0.26 -0.33 0.58 0.28
14 52.0 325.0 102.0 105.0 -0.14 -1.2 0.36 0.11 0.11 0.54
15 45.0 353.0 97.0 92.0 0.07 -0.3 0.3 1.12 -0.08 1.05
16 54.0 357.0 94.0 190.0 0.13 0.48 0.25 0.66 0.35 2.1
17 45.0 397.0 91.0 168.0 -0.07 0.72 0.23 2.06 -0.22 2.98
18 40.0 411.0 88.0 141.0 -0.28 0.92 0.17 -0.84 -0.05 3.14
19 34.0 391.0 93.0 114.0 0.43 -0.01 0.07 -0.84 0.15 3.65
20 31.0 360.0 91.0 94.0 0.66 -0.13 0.02 -0.68 -0.46 3.52
21 27.0 341.0 90.0 80.0 1.12 0.06 0.14 -0.34 0.41 3.93
22 25.0 372.0 83.0 80.0 1.44 0.38 0.22 -0.65 0.42 3.8
23 24.0 343.0 77.0 70.0 1.58 0.4 0.26 -0.66 0.63 3.09
24 21.0 313.0 73.0 60.0 1.83 0.23 0.32 -0.62 0.47 2.34
25 20.0 289.0 68.0 56.0 2.02 -0.08 0.36 -0.29 0.34 1.21
26 19.0 298.0 64.0 49.0 2.1 -0.2 0.37 -0.33 0.3 0.85
27 18.0 297.0 70.0 43.0 2.22 -0.46 0.39 -0.31 -0.04 0.39
28 19.0 289.0 80.0 40.0 2.37 -0.74 0.45 -0.07 -0.12 -0.24
29 17.0 259.0 74.0 36.0 2.41 -0.81 0.45 0.0 -0.36 -0.4
30 20.0 246.0 69.0 39.0 2.36 -0.86 0.45 0.17 -0.5 -0.49
31 20.0 219.0 67.0 37.0 2.22 -0.93 0.41 0.23 -0.39 -1.01
32 19.0 215.0 64.0 34.0 2.14 -1.0 0.37 0.24 -0.52 -1.2
33 20.0 211.0 63.0 34.0 2.02 -1.28 0.29 0.15 -0.64 -1.67
34 21.0 213.0 63.0 35.0 1.87 -1.55 0.21 -0.04 -0.83 -1.87
35 20.0 191.0 64.0 40.0 1.82 -1.64 0.17 -0.16 -0.89 -1.9
36 19.0 169.0 63.0 40.0 1.8 -1.73 0.09 -0.49 -1.05 -1.73
37 21.0 157.0 68.0 37.0 1.66 -1.53 0.06 -0.11 -0.81 -2.06
38 22.0 147.0 71.0 44.0 1.61 -1.33 0.05 0.22 -0.83 -1.94
39 29.0 138.0 70.0 42.0 1.48 -0.88 0.08 -0.55 -1.03 -1.25
40 68.0 136.0 77.0 38.0 1.43 -0.69 0.11 -0.24 -1.07 -0.89
41 63.0 139.0 79.0 35.0 1.39 -0.63 0.12 -0.57 -1.1 -0.9
42 59.0 143.0 83.0 41.0 1.28 -0.51 0.13 -0.7 -1.04 -1.48
43 74.0 141.0 87.0 43.0 1.21 -0.43 0.13 -0.56 -0.99 -1.86
44 69.0 146.0 91.0 45.0 1.13 -0.27 0.16 -1.04 -0.97 -2.12
45 117.0 146.0 98.0 41.0 1.05 -0.27 0.18 -0.58 -0.99 -1.58
46 128.0 146.0 91.0 46.0 0.98 -0.23 0.19 -0.33 -0.6 -0.64
47 117.0 143.0 109.0 40.0 0.84 -0.02 0.16 -0.28 -0.61 -0.5
48 182.0 148.0 104.0 40.0 0.71 0.22 0.1 -0.12 -0.47 -0.89
49 164.0 152.0 111.0 37.0 0.66 0.33 0.08 -0.36 -0.46 -1.27
50 170.0 150.0 109.0 47.0 0.59 0.44 0.07 -0.32 -0.47 -1.23
51 265.0 172.0 118.0 55.0 0.55 0.56 0.02 0.12 -0.38 -1.14
52 251.0 180.0 118.0 67.0 0.51 0.71 -0.01 0.24 -0.31 -1.47
53 313.0 179.0 133.0 83.0 0.52 1.08 -0.08 0.42 -0.22 -1.5
54 331.0 184.0 136.0 82.0 0.5 1.88 -0.22 0.75 -0.22 -1.92
55 319.0 200.0 141.0 71.0 0.5 2.34 -0.3 0.39 -0.16 -1.44
56 336.0 200.0 151.0 80.0 0.49 3.25 -0.5 0.37 -0.23 -1.34
57 326.0 230.0 146.0 157.0 0.48 3.57 -0.69 0.36 -0.21 -1.06
58 360.0 297.0 151.0 160.0 0.45 3.53 -0.77 0.62 -0.2 -1.44
59 465.0 311.0 176.0 181.0 0.45 3.46 -0.85 1.04 -0.17 -1.8
60 443.0 309.0 179.0 202.0 0.48 3.55 -0.97 2.11 -0.03 -2.56
61 456.0 344.0 203.0 202.0 0.48 3.71 -1.08 2.18 0.06 -2.56
62 504.0 331.0 240.0 222.0 0.42 3.91 -1.37 1.95 -0.21 -1.94
63 561.0 394.0 263.0 244.0 0.42 3.85 -1.62 1.13 -0.65 -1.91
64 551.0 432.0 264.0 253.0 0.44 3.81 -1.7 -0.92 -0.7 -0.4
65 531.0 424.0 291.0 231.0 0.43 3.82 -1.79 -1.64 -0.76 -0.55
66 554.0 387.0 310.0 240.0 0.34 3.8 -1.75 -2.63 -0.94 -0.99
67 545.0 390.0 315.0 236.0 0.3 3.54 -1.64 -3.36 -0.75 -0.86
68 505.0 389.0 274.0 247.0 0.06 2.63 -1.34 -1.81 -0.61 -1.94
69 410.0 369.0 254.0 337.0 3.09 2.1 -0.57 -27.48 6.45 31.96
70 357.0 312.0 225.0 356.0 1.89 6.84 -1.82 7.98 3.93 9.51
71 324.0 293.0 240.0 288.0 -1.26 3.18 -2.04 -0.74 -1.43 -8.26
72 348.0 267.0 217.0 244.0 -0.14 -3.13 0.2 -5.7 -2.82 3.4
73 401.0 238.0 182.0 205.0 -0.28 -4.33 0.76 -2.6 0.07 -1.69
74 367.0 222.0 156.0 169.0 -1.26 -3.25 0.56 -1.89 -0.19 -2.3
75 300.0 223.0 145.0 159.0 -1.8 -1.13 0.03 -0.1 0.14 -0.58
76 296.0 200.0 154.0 130.0 -1.77 -0.98 -0.24 2.12 0.21 -0.43
77 286.0 182.0 146.0 109.0 -1.35 -0.16 -0.51 2.23 0.32 -0.1
78 291.0 163.0 128.0 98.0 -0.99 0.38 -0.64 1.2 0.0 2.32
79 287.0 155.0 112.0 91.0 -0.92 0.31 -0.69 -0.18 -0.13 2.23
80 261.0 151.0 102.0 82.0 -0.98 -0.07 -0.76 -0.3 -0.06 1.88
81 240.0 143.0 97.0 77.0 -1.05 0.05 -0.74 0.75 -0.3 -0.33
82 270.0 129.0 104.0 69.0 -0.92 0.29 -0.64 0.26 -0.49 -0.59
83 233.0 118.0 98.0 60.0 -0.5 0.15 -0.38 -1.05 -0.74 0.9
84 222.0 122.0 92.0 53.0 -0.3 -0.38 -0.19 -0.91 -0.32 1.29
85 204.0 113.0 84.0 47.0 -0.28 -0.61 -0.14 -0.59 -0.06 0.14
86 170.0 109.0 87.0 47.0 -0.32 -0.77 -0.1 -0.54 -0.11 -0.09
87 180.0 105.0 89.0 51.0 -0.38 -0.43 -0.15 -0.05 -0.03 -0.33
88 146.0 100.0 106.0 46.0 -0.4 -0.18 -0.17 0.07 0.01 0.03
89 124.0 102.0 101.0 43.0 -0.38 -0.04 -0.14 -0.11 -0.06 0.37
90 106.0 102.0 95.0 39.0 -0.32 -0.28 -0.08 -0.06 -0.18 0.83
91 104.0 105.0 87.0 36.0 -0.31 -0.43 -0.05 0.0 -0.1 0.57
92 101.0 106.0 84.0 35.0 -0.35 -0.5 -0.01 0.25 -0.17 0.36
93 85.0 109.0 89.0 33.0 -0.5 -0.27 -0.02 0.43 -0.17 0.19
94 77.0 127.0 88.0 35.0 -0.6 -0.09 -0.03 0.23 -0.66 -0.32
95 64.0 130.0 92.0 33.0 -0.76 0.08 -0.05 0.34 -0.78 -0.43
96 59.0 178.0 87.0 31.0 -0.76 -0.1 -0.09 0.33 -0.55 -0.61
97 50.0 163.0 84.0 29.0 -0.74 -0.21 -0.1 0.44 -0.38 -0.34
98 49.0 161.0 87.0 34.0 -0.71 -0.45 -0.11 0.28 -0.33 -0.32
99 64.0 172.0 88.0 33.0 -0.71 -0.62 -0.15 0.2 -0.52 -0.1
100 66.0 194.0 83.0 36.0 -0.74 -0.66 -0.16 -0.22 -0.86 -0.46
101 106.0 181.0 86.0 34.0 -0.74 -0.67 -0.18 0.16 -0.77 -0.49
102 101.0 173.0 78.0 31.0 -0.52 -0.66 -0.25 0.12 -0.78 -0.92
103 83.0 153.0 78.0 30.0 -0.5 -0.7 -0.27 0.3 -0.66 -0.9
104 70.0 142.0 85.0 29.0 -0.61 -0.8 -0.27 0.48 -0.55 -0.8
105 69.0 134.0 79.0 27.0 -0.71 -0.79 -0.29 0.66 -0.49 -0.83
106 66.0 136.0 78.0 27.0 -0.8 -0.78 -0.29 0.58 -0.41 -1.07
107 58.0 134.0 73.0 26.0 -0.95 -0.69 -0.33 1.01 -0.38 -1.17
108 90.0 129.0 69.0 26.0 -1.11 -0.56 -0.44 0.73 -0.16 -1.33
109 78.0 120.0 66.0 35.0 -1.21 -0.53 -0.51 0.87 -0.15 -0.98
110 74.0 119.0 63.0 36.0 -1.44 -0.5 -0.56 0.63 -0.19 -0.92
111 65.0 116.0 60.0 33.0 -1.65 -0.57 -0.56 0.39 -0.34 -1.17
112 70.0 113.0 56.0 31.0 -1.7 -0.7 -0.57 0.01 -0.2 -1.05
113 130.0 118.0 56.0 29.0 -1.75 -0.95 -0.57 -0.24 -0.31 -0.43
114 201.0 134.0 62.0 28.0 -1.77 -1.17 -0.55 -0.55 -0.21 0.15
115 220.0 158.0 66.0 29.0 -1.74 -1.31 -0.5 -0.27 -0.06 0.89
116 236.0 151.0 65.0 30.0 -1.56 -1.38 -0.62 -0.44 0.04 0.55
117 207.0 144.0 64.0 29.0 -1.41 -1.1 -0.67 0.26 0.47 -0.34
118 165.0 132.0 64.0 27.0 -1.34 -0.82 -0.71 1.13 0.54 -0.05
119 163.0 127.0 67.0 28.0 -1.28 -0.2 -0.73 0.64 0.61 0.21
120 237.0 126.0 65.0 27.0 -1.17 0.03 -0.68 0.01 0.24 1.3
121 233.0 121.0 60.0 26.0 -1.11 0.04 -0.65 -0.29 0.16 1.67
122 198.0 118.0 59.0 26.0 -0.95 -0.12 -0.66 -1.17 -0.7 1.57
123 167.0 115.0 60.0 25.0 -0.59 -0.55 -0.52 -0.06 0.72 1.16
124 155.0 112.0 63.0 26.0 -0.58 -0.59 -0.62 -6.5 -3.3 12.38
125 208.0 113.0 61.0 32.0 -0.19 -1.25 -0.88 -5.78 4.78 11.92
126 193.0 112.0 68.0 31.0 -0.85 -1.19 -0.22 -0.14 0.22 -0.45
127 184.0 109.0 79.0 29.0 -0.79 -0.93 -0.18 -1.29 -0.57 -0.5
128 159.0 111.0 79.0 27.0 0.2 -0.36 -0.2 -0.46 -0.03 0.38
129 148.0 110.0 76.0 26.0 0.44 -0.18 -0.14 0.7 0.02 -0.11
130 182.0 109.0 74.0 26.0 0.31 -0.2 -0.1 0.86 -0.24 -0.3
131 210.0 106.0 73.0 25.0 0.01 -0.37 -0.08 0.87 -0.22 0.07
132 183.0 104.0 72.0 24.0 -0.23 -0.63 -0.06 0.4 -0.26 0.01
133 167.0 103.0 71.0 24.0 -0.29 -0.68 -0.06 -0.78 -0.07 0.16
134 141.0 100.0 69.0 24.0 -0.22 -0.67 -0.08 -1.12 -0.01 0.19
135 117.0 97.0 69.0 24.0 -0.09 -0.64 -0.06 -0.83 0.02 -0.05
136 101.0 95.0 69.0 23.0 -0.03 -0.58 -0.04 -0.37 0.1 -0.12
137 111.0 90.0 70.0 23.0 0.15 -0.48 -0.03 -0.14 0.17 -0.04
138 101.0 87.0 68.0 24.0 0.21 -0.5 -0.06 0.33 0.25 0.11
139 187.0 90.0 67.0 24.0 0.17 -0.49 -0.07 0.34 0.24 0.22
140 155.0 87.0 67.0 23.0 0.09 -0.39 -0.09 0.26 0.13 0.18
141 166.0 86.0 67.0 23.0 0.06 -0.22 -0.09 0.09 0.05 0.07
142 134.0 84.0 67.0 24.0 0.08 -0.16 -0.09 0.03 0.04 0.05
143 137.0 83.0 67.0 24.0 0.1 -0.08 -0.09 0.0 0.02 0.01
144 125.0 83.0 67.0 23.0 0.11 -0.05 -0.09 -0.14 0.07 -0.02
145 103.0 81.0 67.0 23.0 0.12 -0.04 -0.08 -0.1 0.09 0.0
146 85.0 79.0 66.0 23.0 0.11 -0.07 -0.08 -0.09 0.1 0.02
147 81.0 80.0 66.0 23.0 0.09 -0.09 -0.06 -0.02 0.11 0.04
148 69.0 79.0 64.0 24.0 0.08 -0.09 -0.05 0.0 0.03 0.03
149 76.0 79.0 64.0 24.0 0.05 -0.07 -0.02 0.0 0.02 0.02
150 92.0 80.0 63.0 23.0 0.02 -0.04 0.0 0.1 0.02 0.09
151 74.0 80.0 63.0 24.0 0.02 -0.02 0.02 0.02 0.04 0.02
152 90.0 80.0 63.0 24.0 0.01 0.04 0.02 0.01 0.14 0.01
153 79.0 79.0 62.0 23.0 -0.0 0.06 0.01 -0.06 0.13 0.0
154 73.0 76.0 61.0 24.0 -0.01 0.07 0.01 -0.2 0.11 -0.01
155 63.0 78.0 61.0 25.0 -0.01 0.06 -0.0 -0.23 0.06 -0.05
156 63.0 77.0 59.0 25.0 -0.01 0.04 0.0 -0.17 0.03 -0.02
157 65.0 76.0 59.0 26.0 -0.0 0.04 -0.0 -0.09 0.01 -0.03
158 61.0 74.0 57.0 26.0 0.02 0.03 0.0 -0.07 0.03 -0.01
159 56.0 74.0 57.0 25.0 0.03 0.03 0.0 -0.11 0.05 -0.01
160 80.0 75.0 55.0 26.0 0.03 0.03 -0.01 -0.08 0.05 0.0
161 69.0 75.0 55.0 26.0 0.04 0.03 -0.01 -0.13 0.04 0.0
162 60.0 74.0 55.0 26.0 0.04 0.02 -0.01 -0.17 0.06 -0.01
163 83.0 75.0 54.0 27.0 0.03 0.01 -0.01 -0.16 0.04 -0.05
164 76.0 74.0 55.0 27.0 0.03 -0.01 -0.01 -0.06 0.11 0.02
165 65.0 73.0 54.0 27.0 0.03 -0.01 -0.01 -0.08 0.07 0.0
166 64.0 77.0 54.0 29.0 0.03 -0.0 -0.01 -0.04 0.11 0.0
167 56.0 78.0 54.0 28.0 0.01 -0.0 -0.01 -0.03 0.06 0.0
168 51.0 75.0 53.0 27.0 0.0 0.01 -0.01 -0.14 0.04 0.0
169 45.0 75.0 52.0 30.0 0.0 0.01 0.0 -0.11 0.0 -0.02
170 41.0 74.0 51.0 30.0 0.01 -0.0 0.01 -0.08 0.03 0.0
171 41.0 74.0 51.0 29.0 0.01 -0.0 0.02 -0.12 0.04 0.0
172 51.0 72.0 51.0 28.0 0.01 -0.01 0.03 -0.1 0.06 -0.04
173 50.0 73.0 50.0 28.0 0.01 -0.02 0.03 -0.01 0.11 -0.02
174 46.0 72.0 49.0 27.0 0.0 -0.02 0.03 -0.11 0.11 -0.01
175 43.0 72.0 50.0 27.0 0.0 -0.02 0.02 -0.08 0.12 -0.03
176 47.0 75.0 50.0 27.0 0.0 -0.02 0.01 -0.09 0.09 -0.01
177 45.0 73.0 50.0 26.0 -0.0 -0.01 -0.01 -0.13 0.07 -0.01
178 80.0 74.0 51.0 27.0 0.0 -0.01 -0.01 -0.13 0.08 -0.01
179 82.0 74.0 52.0 26.0 0.01 -0.01 -0.03 -0.05 0.05 0.0
180 71.0 73.0 52.0 26.0 0.01 -0.0 -0.02 -0.05 0.03 -0.01
181 62.0 72.0 52.0 25.0 0.01 0.0 -0.02 -0.05 0.02 -0.03
182 58.0 73.0 52.0 25.0 0.02 0.01 -0.01 -0.04 0.05 -0.01
183 50.0 73.0 52.0 25.0 0.03 0.01 -0.01 -0.12 0.08 -0.01
184 56.0 72.0 55.0 24.0 0.03 0.01 -0.01 -0.1 0.1 -0.02
185 54.0 72.0 53.0 24.0 0.03 -0.0 -0.02 -0.17 0.11 0.0
186 49.0 71.0 52.0 22.0 0.03 -0.02 -0.03 -0.08 0.1 -0.03
187 69.0 72.0 53.0 25.0 0.02 -0.02 -0.03 -0.07 0.1 -0.03
