1 18.0 70.0 89.0 23.0 -0.02 0.02 0.0 -0.03 0.03 -0.07
2 20.0 71.0 86.0 23.0 -0.01 0.02 -0.0 -0.02 0.03 -0.04
3 19.0 71.0 85.0 23.0 -0.01 0.0 -0.0 -0.02 0.04 -0.01
4 18.0 70.0 81.0 23.0 -0.01 -0.01 0.0 0.01 0.04 -0.01
5 19.0 70.0 89.0 23.0 0.0 -0.01 0.0 0.05 0.07 0.03
6 19.0 70.0 85.0 23.0 -0.0 0.01 -0.0 0.02 0.07 0.0
7 19.0 69.0 80.0 23.0 -0.01 0.01 -0.01 0.0 0.09 -0.03
8 20.0 70.0 82.0 23.0 -0.0 0.01 -0.01 -0.02 0.04 0.0
9 19.0 70.0 76.0 23.0 -0.01 -0.0 -0.01 0.01 0.05 0.0
10 22.0 71.0 69.0 24.0 -0.01 -0.01 -0.01 0.07 0.05 -0.06
11 23.0 74.0 66.0 23.0 -0.01 -0.0 0.0 0.16 0.04 0.0
12 78.0 83.0 61.0 24.0 0.01 0.01 0.0 0.07 0.19 -0.04
13 137.0 97.0 60.0 28.0 0.01 -0.02 0.0 0.13 0.28 0.06
14 146.0 103.0 59.0 46.0 -0.04 -0.07 -0.03 -0.14 0.28 0.06
15 130.0 104.0 61.0 42.0 -0.16 -0.14 -0.06 -0.07 0.37 0.18
16 164.0 110.0 69.0 38.0 -0.24 -0.12 -0.07 0.61 0.37 0.41
17 152.0 114.0 74.0 63.0 -0.36 0.05 -0.1 1.03 0.37 0.44
18 133.0 132.0 71.0 83.0 -0.46 0.34 -0.14 0.39 0.5 0.8
19 150.0 146.0 68.0 71.0 -0.54 0.42 -0.16 1.27 0.46 0.86
20 168.0 148.0 65.0 70.0 -0.57 0.99 -0.24 0.97 0.03 0.53
21 179.0 139.0 62.0 63.0 -0.27 1.8 -0.29 0.45 -0.12 0.26
22 166.0 137.0 75.0 60.0 -0.14 1.99 -0.28 0.89 -0.08 0.13
23 166.0 132.0 78.0 53.0 0.04 2.36 -0.28 0.46 0.0 0.06
24 187.0 147.0 76.0 47.0 0.26 2.72 -0.25 -0.85 -0.23 0.87
25 174.0 137.0 70.0 41.0 0.36 2.78 -0.23 -0.99 -0.15 0.98
26 202.0 140.0 68.0 37.0 0.43 2.52 -0.11 -1.99 -0.08 0.65
27 180.0 130.0 82.0 37.0 0.53 2.21 -0.0 -1.65 0.45 0.33
28 162.0 130.0 87.0 31.0 0.57 2.13 0.04 -2.41 0.49 0.51
29 167.0 134.0 91.0 30.0 0.83 2.24 0.16 -1.45 0.31 1.85
30 171.0 138.0 95.0 29.0 0.87 2.35 0.28 -1.45 0.42 1.3
31 157.0 141.0 123.0 31.0 0.86 2.36 0.32 -1.59 0.33 0.85
32 148.0 138.0 114.0 33.0 0.82 2.38 0.38 -0.73 0.6 0.47
33 199.0 135.0 109.0 29.0 0.75 2.65 0.4 0.03 0.57 0.06
34 217.0 131.0 106.0 29.0 0.73 2.78 0.44 0.1 0.59 0.05
35 216.0 126.0 107.0 28.0 0.7 2.8 0.48 -0.3 0.52 0.17
36 254.0 131.0 103.0 27.0 0.63 2.37 0.46 -0.14 0.05 0.24
37 224.0 128.0 95.0 26.0 0.64 2.11 0.48 0.06 0.01 0.34
38 237.0 122.0 98.0 24.0 0.61 1.93 0.44 0.81 0.07 0.15
39 245.0 128.0 105.0 25.0 0.5 2.15 0.4 1.1 0.08 -0.26
40 243.0 132.0 96.0 25.0 0.42 2.21 0.36 1.14 -0.1 -0.85
41 228.0 133.0 93.0 29.0 0.31 2.07 0.32 0.29 -0.45 -0.84
42 232.0 136.0 89.0 29.0 0.27 1.37 0.26 0.57 -0.58 -0.88
43 254.0 135.0 89.0 27.0 0.24 1.03 0.24 0.68 -0.68 -0.81
44 269.0 133.0 93.0 27.0 0.19 0.57 0.23 1.16 -0.5 -0.77
45 254.0 133.0 92.0 26.0 0.16 0.53 0.22 1.07 -0.5 -0.36
46 247.0 128.0 92.0 26.0 0.11 0.63 0.2 1.01 -0.54 -0.19
47 285.0 129.0 101.0 25.0 0.06 0.66 0.17 0.64 -0.73 -0.34
48 309.0 129.0 109.0 25.0 0.05 0.45 0.15 0.63 -0.72 -0.28
49 300.0 128.0 102.0 25.0 0.05 0.3 0.14 0.68 -0.65 -0.43
50 289.0 128.0 100.0 25.0 0.07 0.02 0.14 0.68 -0.76 -0.12
51 300.0 126.0 105.0 26.0 0.11 -0.18 0.09 0.92 -0.42 -0.24
52 263.0 125.0 101.0 26.0 0.1 -0.2 0.09 0.76 -0.44 -0.1
53 259.0 122.0 110.0 27.0 0.08 -0.14 0.06 0.57 -0.42 0.2
54 253.0 121.0 111.0 27.0 0.06 -0.18 0.01 0.44 -0.32 -0.03
55 263.0 125.0 126.0 26.0 0.05 -0.25 0.02 0.37 -0.39 0.15
56 237.0 118.0 117.0 27.0 0.09 -0.37 0.0 0.46 -0.28 0.34
57 225.0 116.0 109.0 26.0 0.11 -0.35 0.02 0.21 -0.27 0.55
58 237.0 130.0 104.0 27.0 0.11 -0.31 -0.0 0.41 -0.2 0.43
59 245.0 126.0 114.0 27.0 0.1 -0.17 -0.02 0.27 -0.1 0.22
60 216.0 123.0 111.0 27.0 0.06 -0.1 -0.03 0.34 0.05 -0.06
61 208.0 124.0 111.0 26.0 0.05 -0.1 -0.02 0.16 0.11 0.03
62 194.0 123.0 120.0 26.0 0.04 -0.24 0.0 0.05 -0.02 0.3
63 238.0 124.0 114.0 26.0 0.04 -0.31 0.0 0.34 -0.01 0.37
64 226.0 120.0 122.0 25.0 0.03 -0.31 0.03 0.27 0.03 0.36
65 200.0 113.0 117.0 24.0 0.01 -0.05 0.05 -0.05 0.0 0.41
66 200.0 115.0 116.0 25.0 0.0 0.05 0.03 -0.09 0.0 0.22
67 189.0 119.0 115.0 26.0 0.01 0.04 0.0 -0.08 0.03 0.14
68 168.0 116.0 114.0 25.0 0.01 0.01 0.01 0.01 0.0 0.17
69 175.0 117.0 109.0 25.0 0.01 0.01 0.01 0.19 0.04 0.15
70 189.0 115.0 109.0 25.0 0.01 0.04 0.01 0.24 0.08 0.13
71 174.0 113.0 107.0 24.0 0.01 0.11 0.02 0.32 -0.06 -0.01
72 213.0 121.0 101.0 25.0 0.01 0.16 0.03 0.08 -0.03 0.12
73 194.0 112.0 105.0 24.0 0.03 0.17 0.03 0.15 0.03 0.03
74 197.0 117.0 99.0 24.0 0.05 0.05 0.01 0.03 0.01 0.01
75 179.0 116.0 92.0 25.0 0.06 -0.02 -0.01 0.22 0.1 0.01
76 176.0 116.0 89.0 31.0 0.05 -0.07 -0.03 0.29 0.1 0.0
77 166.0 110.0 87.0 29.0 0.0 -0.01 -0.02 0.31 -0.04 -0.04
78 156.0 118.0 84.0 31.0 -0.01 0.03 -0.01 0.15 -0.12 -0.14
79 153.0 115.0 86.0 29.0 -0.0 0.05 0.01 0.04 -0.11 0.08
80 207.0 115.0 85.0 28.0 -0.01 0.0 0.02 0.07 -0.06 0.06
81 239.0 120.0 82.0 27.0 -0.01 -0.02 0.02 0.08 -0.04 0.16
82 220.0 123.0 89.0 26.0 -0.02 -0.03 0.01 0.13 -0.02 0.27
83 211.0 120.0 96.0 26.0 -0.03 0.01 -0.02 0.14 -0.05 0.2
84 220.0 115.0 95.0 29.0 -0.03 0.04 -0.02 0.13 -0.05 0.26
85 188.0 112.0 91.0 28.0 -0.01 0.08 -0.02 0.13 -0.01 0.2
86 181.0 110.0 102.0 27.0 0.02 0.06 -0.0 0.0 -0.04 0.07
87 201.0 114.0 103.0 27.0 0.03 0.06 0.01 -0.08 -0.03 0.24
88 245.0 112.0 96.0 26.0 0.04 0.01 0.03 -0.04 -0.06 0.27
89 208.0 118.0 96.0 26.0 0.02 -0.01 0.03 0.12 -0.05 0.08
90 194.0 115.0 97.0 25.0 0.01 0.01 0.04 0.06 -0.1 0.13
91 184.0 111.0 94.0 25.0 -0.01 0.02 0.03 0.14 -0.03 0.09
92 177.0 108.0 94.0 25.0 0.01 -0.02 0.03 0.22 -0.03 0.15
93 179.0 113.0 93.0 25.0 0.01 -0.02 0.01 0.24 -0.01 0.1
94 168.0 114.0 96.0 25.0 0.01 -0.01 -0.01 0.28 -0.04 0.02
95 195.0 115.0 88.0 25.0 0.02 0.02 -0.02 0.19 -0.01 -0.01
96 185.0 114.0 89.0 25.0 0.02 0.05 -0.01 0.01 -0.01 -0.03
97 207.0 111.0 92.0 24.0 0.03 0.02 -0.02 0.06 0.08 -0.38
98 205.0 113.0 95.0 25.0 0.03 -0.06 -0.01 -0.09 0.06 -0.1
99 189.0 109.0 94.0 25.0 0.02 -0.04 0.01 -0.18 -0.04 -0.02
100 205.0 112.0 100.0 24.0 0.02 -0.16 0.01 -0.21 0.03 0.0
101 200.0 115.0 97.0 27.0 0.02 -0.27 0.02 0.03 0.03 0.28
102 172.0 109.0 105.0 26.0 0.02 -0.26 0.02 0.16 0.01 0.09
103 175.0 104.0 101.0 26.0 0.01 -0.12 0.0 0.13 -0.02 0.21
104 198.0 108.0 105.0 25.0 -0.01 0.0 -0.02 0.14 -0.2 0.13
105 174.0 109.0 98.0 26.0 -0.02 0.02 -0.01 0.36 -0.23 -0.01
106 157.0 108.0 99.0 25.0 -0.03 0.0 0.02 0.45 -0.25 0.02
107 149.0 108.0 100.0 25.0 -0.02 0.01 0.05 0.42 -0.15 0.34
108 151.0 138.0 108.0 29.0 0.0 0.02 0.03 0.51 -0.01 0.32
109 148.0 136.0 108.0 28.0 0.0 0.06 0.03 0.52 0.03 0.2
110 150.0 132.0 100.0 31.0 -0.01 0.14 0.01 0.53 0.03 -0.09
111 165.0 124.0 102.0 29.0 -0.01 0.18 0.03 -0.06 -0.08 0.0
112 147.0 134.0 91.0 27.0 0.01 0.08 0.02 -0.08 -0.06 0.0
113 142.0 139.0 94.0 27.0 0.03 -0.03 0.01 -0.04 -0.09 0.3
114 128.0 133.0 93.0 27.0 0.05 -0.04 0.01 0.03 -0.04 0.22
115 112.0 123.0 85.0 25.0 0.06 -0.01 -0.01 0.0 -0.04 0.24
116 99.0 118.0 90.0 25.0 0.05 -0.03 -0.02 0.16 -0.01 0.17
117 89.0 110.0 81.0 25.0 0.03 -0.05 -0.02 0.31 0.02 0.08
118 79.0 104.0 78.0 25.0 -0.04 0.01 0.01 0.47 -0.13 0.15
119 68.0 98.0 76.0 25.0 -0.12 0.06 0.04 0.53 -0.24 0.0
120 57.0 91.0 78.0 24.0 -0.16 0.06 0.04 0.77 -0.24 -0.14
121 50.0 89.0 79.0 24.0 -0.21 0.01 0.05 0.98 -0.31 -0.1
122 46.0 108.0 84.0 24.0 -0.29 0.03 0.06 1.14 -0.28 0.09
123 40.0 137.0 83.0 23.0 -0.34 0.02 0.06 1.17 -0.4 -0.12
124 35.0 164.0 81.0 24.0 -0.42 -0.08 0.01 0.91 -0.3 -0.46
125 30.0 202.0 80.0 23.0 -0.47 -0.35 -0.08 0.83 -0.4 -0.73
126 29.0 216.0 81.0 23.0 -0.5 -0.53 -0.13 0.5 -0.66 -0.97
127 25.0 190.0 76.0 23.0 -0.56 -1.08 -0.22 0.41 -0.8 -1.2
128 24.0 208.0 79.0 24.0 -0.65 -1.84 -0.34 0.41 -0.8 -1.42
129 22.0 191.0 78.0 23.0 -0.75 -2.27 -0.38 0.4 -0.89 -1.67
130 22.0 166.0 76.0 28.0 -0.93 -3.17 -0.42 0.74 -0.06 -1.47
131 37.0 153.0 75.0 29.0 -1.14 -3.97 -0.57 0.33 -0.09 -1.68
132 62.0 147.0 70.0 29.0 -1.19 -4.31 -0.59 0.8 0.31 -2.0
133 70.0 172.0 68.0 26.0 -1.41 -4.94 -0.63 0.39 0.2 -2.14
134 60.0 157.0 66.0 26.0 -1.53 -5.56 -0.68 -0.19 -0.06 -2.15
135 70.0 139.0 64.0 26.0 -1.53 -5.94 -0.7 -0.34 0.02 -2.47
136 57.0 122.0 62.0 25.0 -1.65 -6.26 -0.69 0.47 0.42 -2.75
137 49.0 113.0 61.0 25.0 -1.67 -5.8 -0.63 1.34 0.39 -2.7
138 73.0 104.0 72.0 25.0 -1.75 -5.3 -0.54 1.55 0.36 -2.84
139 66.0 98.0 74.0 24.0 -1.98 -3.93 -0.43 2.53 0.43 -2.14
140 154.0 96.0 72.0 24.0 1.94 -2.56 -0.49 -20.12 -3.47 27.15
141 129.0 97.0 105.0 24.0 -0.36 -4.34 0.96 11.57 3.21 -6.05
142 107.0 94.0 126.0 25.0 0.34 -1.19 0.33 2.12 -0.71 -2.02
143 91.0 90.0 114.0 25.0 0.79 -0.33 0.01 0.08 2.45 1.3
144 75.0 86.0 110.0 24.0 0.33 -0.44 -0.02 -0.02 2.46 1.82
145 61.0 82.0 103.0 24.0 -0.4 -0.51 -0.09 1.65 1.73 0.19
146 83.0 81.0 105.0 24.0 -0.47 -0.23 -0.02 0.86 -0.18 -0.44
147 69.0 79.0 107.0 24.0 -0.26 -0.1 0.03 0.37 -0.5 -0.5
148 57.0 76.0 97.0 24.0 -0.01 0.13 0.06 -0.35 0.15 -0.15
149 58.0 75.0 93.0 24.0 -0.09 0.36 0.04 -0.67 -0.13 -0.07
150 49.0 73.0 89.0 23.0 -0.06 0.37 0.05 -0.66 -0.19 -0.27
151 41.0 71.0 84.0 23.0 0.05 0.34 0.09 -0.31 -0.15 -0.36
152 37.0 71.0 85.0 24.0 0.15 0.4 0.05 -0.19 0.05 -0.14
153 32.0 71.0 88.0 23.0 0.17 0.45 0.02 -0.09 0.16 -0.23
