1 32.0 73.0 70.0 23.0 -0.01 0.12 -0.03 -0.24 0.13 -0.04
2 59.0 77.0 75.0 23.0 -0.01 0.11 -0.03 -0.15 0.1 -0.09
3 59.0 78.0 81.0 24.0 -0.01 0.12 -0.05 -0.33 0.08 -0.13
4 53.0 76.0 79.0 24.0 0.0 0.12 -0.06 -0.41 0.07 -0.12
5 50.0 75.0 81.0 23.0 -0.01 0.12 -0.1 -0.72 0.06 -0.14
6 43.0 75.0 85.0 23.0 0.03 0.04 -0.1 -0.24 0.12 -0.08
7 39.0 73.0 81.0 23.0 0.05 0.02 -0.09 -0.11 0.12 -0.03
8 44.0 72.0 76.0 23.0 0.04 0.0 -0.07 0.23 0.16 0.0
9 39.0 71.0 75.0 23.0 0.01 0.01 -0.03 0.16 0.13 0.0
10 34.0 72.0 73.0 23.0 0.01 0.03 -0.02 0.0 0.09 -0.05
11 31.0 72.0 75.0 24.0 0.01 0.06 -0.01 -0.14 0.06 -0.08
12 41.0 72.0 75.0 23.0 0.02 0.06 -0.01 -0.27 0.08 -0.07
13 48.0 71.0 74.0 23.0 0.02 0.04 -0.01 -0.29 0.11 -0.06
14 41.0 70.0 74.0 24.0 0.01 0.01 0.01 -0.19 0.16 -0.05
15 38.0 72.0 71.0 23.0 0.0 0.01 0.01 -0.09 0.18 0.0
16 39.0 72.0 71.0 23.0 -0.0 0.02 0.01 -0.09 0.21 0.0
17 49.0 76.0 68.0 27.0 -0.03 0.01 0.01 -0.2 0.14 -0.04
18 55.0 76.0 67.0 27.0 -0.04 0.02 0.01 -0.01 0.15 -0.03
19 67.0 82.0 67.0 31.0 -0.06 0.04 0.01 0.0 0.13 -0.01
20 78.0 83.0 65.0 47.0 -0.09 0.1 -0.01 -0.21 0.14 -0.02
21 68.0 87.0 63.0 63.0 -0.13 0.15 -0.01 0.05 0.21 0.0
22 77.0 95.0 63.0 91.0 -0.14 0.15 -0.01 0.45 0.3 0.05
23 129.0 97.0 61.0 99.0 -0.23 0.17 0.02 0.78 0.34 0.42
24 139.0 98.0 64.0 109.0 -0.2 0.62 0.02 1.05 0.46 0.32
25 128.0 101.0 67.0 126.0 -0.15 0.93 -0.02 1.07 0.49 0.62
26 116.0 104.0 65.0 123.0 0.01 1.9 -0.08 1.13 1.38 1.73
27 141.0 111.0 74.0 108.0 0.09 3.2 -0.14 -0.18 1.77 3.28
28 184.0 123.0 86.0 89.0 0.19 3.94 -0.18 0.26 0.17 4.15
29 201.0 136.0 88.0 74.0 0.36 4.94 -0.12 1.11 1.81 3.0
30 230.0 162.0 90.0 65.0 0.7 6.13 0.15 -3.36 -0.28 1.97
31 248.0 159.0 89.0 56.0 1.03 6.02 0.27 -4.71 -0.02 1.33
32 248.0 147.0 92.0 49.0 1.46 5.31 0.55 -4.07 0.57 1.47
33 252.0 143.0 92.0 44.0 1.58 4.25 0.79 -2.43 0.38 1.52
34 304.0 143.0 91.0 41.0 1.61 3.85 0.86 -1.97 0.51 1.56
35 370.0 145.0 92.0 38.0 1.51 3.33 0.9 -0.29 0.49 0.72
36 378.0 155.0 115.0 37.0 1.29 3.12 0.93 0.02 0.24 -0.72
37 454.0 154.0 109.0 35.0 1.18 2.97 0.94 0.36 -0.08 -0.56
38 454.0 166.0 107.0 37.0 1.01 2.48 0.93 0.81 -0.78 -0.77
39 408.0 156.0 113.0 34.0 0.95 1.67 0.86 1.21 -0.8 -0.73
40 367.0 164.0 116.0 36.0 0.87 1.33 0.82 1.35 -0.76 -0.83
41 381.0 170.0 119.0 37.0 0.74 1.08 0.69 2.16 -0.65 -0.63
42 384.0 165.0 115.0 39.0 0.64 1.13 0.59 1.92 -0.66 -0.99
43 371.0 162.0 114.0 37.0 0.62 1.14 0.48 1.57 -0.94 -0.89
44 331.0 146.0 114.0 35.0 0.54 0.98 0.32 1.89 -1.09 -1.01
45 323.0 147.0 108.0 32.0 0.44 0.67 0.26 1.29 -1.31 -0.88
46 378.0 152.0 113.0 31.0 0.41 0.41 0.19 1.28 -1.24 -1.06
47 374.0 150.0 131.0 29.0 0.34 -0.02 0.14 1.24 -1.09 -1.1
48 385.0 143.0 122.0 30.0 0.23 -0.13 0.1 1.32 -1.08 -0.75
49 343.0 141.0 114.0 29.0 0.18 -0.1 0.07 1.21 -1.04 -0.53
50 322.0 149.0 122.0 32.0 0.09 -0.07 0.01 0.94 -1.0 -0.35
51 326.0 148.0 125.0 36.0 0.06 -0.1 -0.04 0.99 -0.65 -0.34
52 369.0 143.0 123.0 35.0 0.04 -0.16 -0.05 0.66 -0.66 -0.23
53 374.0 138.0 116.0 32.0 0.07 -0.31 -0.06 0.55 -0.56 -0.02
54 353.0 134.0 119.0 30.0 0.09 -0.47 -0.08 0.47 -0.28 0.37
55 392.0 133.0 108.0 29.0 0.11 -0.42 -0.08 0.5 -0.17 0.36
56 365.0 128.0 106.0 28.0 0.1 -0.12 -0.11 0.06 -0.05 0.25
57 351.0 126.0 106.0 30.0 0.07 0.05 -0.14 0.17 0.01 -0.19
58 328.0 132.0 108.0 29.0 0.06 0.02 -0.12 -0.04 -0.03 -0.2
59 277.0 122.0 106.0 28.0 0.05 -0.1 -0.09 -0.27 -0.01 -0.03
60 352.0 128.0 106.0 27.0 0.05 -0.23 -0.08 -0.04 0.05 -0.11
61 337.0 126.0 101.0 26.0 0.03 -0.26 -0.07 0.01 0.08 -0.09
62 315.0 122.0 102.0 26.0 -0.01 -0.16 -0.05 0.04 0.12 0.01
63 301.0 118.0 99.0 27.0 -0.03 0.01 -0.05 -0.05 0.11 -0.06
64 306.0 112.0 102.0 27.0 -0.03 0.03 -0.04 -0.08 0.22 0.0
65 310.0 118.0 105.0 26.0 -0.01 0.02 -0.03 -0.1 0.15 0.03
66 292.0 116.0 102.0 26.0 -0.01 -0.03 -0.02 0.01 0.12 0.1
67 270.0 114.0 93.0 26.0 -0.01 -0.04 -0.02 0.08 0.08 0.06
68 319.0 118.0 91.0 26.0 0.0 0.0 -0.02 0.1 0.0 0.13
69 312.0 116.0 101.0 30.0 0.03 0.04 -0.02 0.01 0.0 0.16
70 288.0 112.0 99.0 28.0 0.03 0.04 -0.02 -0.02 0.04 0.1
71 302.0 122.0 93.0 27.0 0.04 0.07 -0.02 0.01 0.13 -0.04
72 283.0 125.0 86.0 27.0 0.01 0.12 -0.03 -0.03 0.06 -0.08
73 269.0 122.0 83.0 26.0 -0.01 0.12 -0.03 -0.02 0.0 -0.15
74 246.0 124.0 87.0 25.0 -0.03 0.05 -0.03 0.03 0.0 -0.24
75 230.0 124.0 91.0 27.0 -0.03 0.02 -0.01 -0.14 -0.07 0.13
76 303.0 126.0 87.0 26.0 -0.02 0.01 -0.0 -0.16 -0.07 0.22
77 312.0 125.0 85.0 26.0 -0.04 0.04 0.0 -0.14 -0.11 0.27
78 302.0 126.0 92.0 26.0 -0.07 0.16 -0.01 -0.03 -0.04 0.07
79 357.0 121.0 87.0 28.0 -0.07 0.22 -0.02 -0.02 -0.06 0.16
80 350.0 120.0 104.0 27.0 -0.06 0.25 -0.02 -0.05 -0.01 -0.04
81 325.0 126.0 98.0 28.0 -0.03 0.14 -0.01 -0.03 -0.05 0.08
82 310.0 132.0 101.0 27.0 -0.01 0.03 -0.0 0.05 0.0 0.13
83 320.0 136.0 99.0 27.0 0.02 -0.07 -0.01 0.13 0.01 0.19
84 294.0 133.0 99.0 27.0 0.02 -0.05 -0.02 0.1 0.09 0.19
85 280.0 126.0 95.0 26.0 0.01 -0.03 -0.03 0.06 0.06 0.15
86 272.0 120.0 94.0 25.0 -0.01 0.0 -0.06 0.13 0.01 -0.1
87 291.0 119.0 95.0 26.0 -0.02 0.02 -0.05 -0.18 -0.05 0.3
88 292.0 112.0 95.0 26.0 -0.02 -0.02 -0.05 -0.14 -0.08 0.19
89 261.0 112.0 91.0 26.0 -0.01 -0.08 -0.03 -0.11 -0.06 0.11
90 262.0 119.0 86.0 25.0 -0.0 -0.03 -0.01 -0.1 -0.05 0.21
91 253.0 112.0 93.0 25.0 0.01 -0.01 -0.01 -0.19 -0.04 0.17
92 255.0 112.0 92.0 26.0 0.01 0.02 -0.01 -0.18 0.0 0.11
93 282.0 114.0 92.0 28.0 0.01 0.04 -0.03 -0.04 0.06 -0.32
94 287.0 114.0 88.0 28.0 0.01 0.06 -0.03 -0.15 0.04 -0.4
95 275.0 110.0 91.0 27.0 0.0 0.09 -0.02 -0.24 0.06 -0.27
96 256.0 112.0 88.0 25.0 -0.02 -0.01 0.01 -0.04 0.04 -0.16
97 259.0 111.0 95.0 26.0 -0.03 -0.01 0.03 -0.1 0.01 0.1
98 244.0 109.0 93.0 26.0 -0.04 -0.03 0.04 0.06 0.06 0.27
99 231.0 105.0 90.0 26.0 -0.03 -0.0 0.04 0.09 0.05 0.42
100 234.0 104.0 84.0 25.0 -0.03 -0.01 0.03 0.13 0.06 0.42
101 272.0 105.0 87.0 25.0 -0.0 -0.0 0.01 0.27 0.02 0.26
102 260.0 102.0 82.0 25.0 0.03 0.03 -0.02 0.17 -0.01 0.17
103 254.0 107.0 84.0 27.0 0.04 0.05 -0.03 0.28 -0.02 0.18
104 247.0 106.0 87.0 26.0 0.04 0.05 -0.05 0.04 -0.06 0.03
105 232.0 107.0 90.0 25.0 0.02 0.03 -0.05 -0.07 -0.16 -0.05
106 209.0 106.0 89.0 25.0 0.0 0.03 -0.04 -0.01 -0.18 0.0
107 237.0 114.0 86.0 25.0 -0.03 -0.01 -0.03 -0.1 -0.11 0.11
108 217.0 113.0 85.0 29.0 -0.04 -0.06 -0.03 0.0 -0.06 0.08
109 281.0 112.0 86.0 27.0 -0.04 -0.04 -0.04 -0.03 0.03 0.11
110 257.0 119.0 88.0 26.0 -0.03 -0.01 -0.05 0.0 0.04 0.0
111 223.0 119.0 86.0 32.0 -0.01 -0.01 -0.05 0.11 0.05 0.0
112 214.0 126.0 85.0 32.0 -0.02 -0.02 -0.05 0.1 0.0 -0.05
113 214.0 118.0 88.0 30.0 -0.01 -0.01 -0.03 0.04 -0.06 -0.01
114 226.0 118.0 82.0 29.0 -0.0 0.01 -0.03 -0.04 -0.1 0.07
115 192.0 112.0 80.0 28.0 -0.0 0.01 -0.02 -0.05 -0.11 0.07
116 169.0 115.0 81.0 27.0 0.0 -0.02 -0.03 0.03 -0.11 -0.02
117 138.0 114.0 76.0 26.0 -0.01 -0.06 -0.03 0.11 -0.17 -0.05
118 117.0 114.0 78.0 25.0 -0.01 -0.08 -0.02 0.17 -0.21 -0.08
119 98.0 115.0 76.0 25.0 -0.05 -0.12 -0.02 0.42 -0.46 0.07
120 82.0 113.0 74.0 26.0 -0.13 -0.11 -0.02 0.48 -0.64 0.24
121 68.0 113.0 76.0 27.0 -0.2 -0.12 -0.02 1.0 -0.7 0.05
122 61.0 114.0 76.0 26.0 -0.44 -0.13 -0.01 1.52 -0.73 -0.24
123 53.0 148.0 78.0 25.0 -0.58 -0.13 -0.0 1.64 -0.89 -0.73
124 48.0 192.0 84.0 25.0 -0.68 -0.22 0.01 1.43 -0.84 -0.96
125 42.0 194.0 87.0 25.0 -0.7 -0.42 -0.08 1.57 -0.62 -1.21
126 37.0 177.0 87.0 25.0 -0.73 -0.57 -0.15 1.47 -0.56 -1.14
127 33.0 179.0 82.0 25.0 -0.89 -1.03 -0.29 1.42 -0.57 -1.04
128 30.0 162.0 80.0 26.0 -1.04 -1.63 -0.44 1.29 -0.38 -0.79
129 27.0 148.0 75.0 26.0 -1.19 -2.23 -0.53 1.19 -0.13 -0.65
130 25.0 135.0 69.0 25.0 -1.27 -2.49 -0.56 0.91 -0.19 -0.33
131 24.0 129.0 68.0 26.0 -1.4 -2.88 -0.63 0.68 0.04 -0.7
132 35.0 123.0 65.0 27.0 -1.52 -3.09 -0.66 0.2 -0.15 -0.67
133 40.0 130.0 62.0 27.0 -1.56 -3.15 -0.72 0.36 0.0 -0.86
134 35.0 120.0 61.0 26.0 -1.67 -3.33 -0.63 0.56 0.33 -1.17
135 45.0 114.0 59.0 26.0 -1.72 -3.52 -0.63 0.3 0.22 -0.85
136 72.0 104.0 59.0 25.0 -1.81 -3.73 -0.46 0.5 0.29 -0.84
137 67.0 98.0 59.0 25.0 -1.77 -3.97 -0.57 0.4 0.59 -0.98
138 64.0 92.0 61.0 24.0 -1.98 -4.25 -0.49 0.46 0.43 -1.61
139 80.0 86.0 62.0 24.0 -2.05 -4.39 -0.52 1.55 1.0 -3.64
140 159.0 88.0 78.0 25.0 -1.67 -3.76 -0.32 -7.97 -5.16 3.51
141 131.0 86.0 94.0 24.0 1.11 -7.19 -0.39 5.46 8.72 5.09
142 108.0 83.0 88.0 24.0 0.85 -6.51 1.19 11.28 3.29 -1.02
143 94.0 81.0 80.0 24.0 0.39 -1.28 0.13 4.79 0.99 0.11
144 79.0 78.0 76.0 24.0 0.65 0.19 -0.08 0.28 0.51 0.02
145 64.0 76.0 71.0 24.0 0.46 0.19 -0.22 0.12 1.71 -0.08
146 55.0 78.0 68.0 23.0 -0.02 0.15 -0.22 2.29 0.92 0.47
147 47.0 78.0 64.0 24.0 -0.12 0.47 -0.26 -0.34 -0.42 0.05
148 40.0 78.0 66.0 23.0 -0.19 0.53 -0.19 -0.86 -0.35 -0.26
