1 22.0 79.0 75.0 24.0 0.02 -0.03 0.0 0.04 0.14 -0.02
2 21.0 78.0 70.0 24.0 0.02 0.05 0.0 0.04 0.19 0.0
3 20.0 78.0 70.0 24.0 0.02 0.09 -0.01 -0.17 0.14 -0.05
4 24.0 77.0 69.0 23.0 0.0 0.07 -0.0 -0.19 0.1 -0.05
5 27.0 76.0 69.0 24.0 -0.0 0.03 0.0 -0.19 0.09 -0.09
6 25.0 77.0 70.0 23.0 -0.0 0.02 0.01 -0.12 0.09 -0.03
7 24.0 76.0 74.0 23.0 0.01 0.02 0.0 -0.05 0.17 0.0
8 23.0 75.0 71.0 23.0 0.0 0.05 0.0 -0.06 0.15 -0.04
9 23.0 75.0 81.0 24.0 0.0 0.07 -0.0 -0.11 0.11 -0.06
10 23.0 73.0 76.0 23.0 -0.0 0.07 -0.0 -0.14 0.06 -0.07
11 22.0 72.0 83.0 24.0 -0.01 0.06 -0.0 -0.15 0.07 -0.06
12 25.0 71.0 81.0 23.0 0.0 0.04 -0.0 -0.15 0.08 -0.05
13 26.0 69.0 76.0 23.0 0.01 0.02 -0.0 -0.13 0.09 -0.04
14 24.0 69.0 82.0 23.0 0.0 0.02 -0.01 -0.12 0.12 -0.07
15 23.0 69.0 78.0 23.0 0.01 0.02 -0.01 -0.07 0.09 -0.05
16 22.0 68.0 76.0 23.0 0.01 0.02 -0.01 -0.09 0.09 -0.05
17 22.0 69.0 72.0 23.0 0.0 0.02 -0.01 -0.09 0.13 -0.04
18 22.0 70.0 67.0 23.0 -0.0 0.03 -0.01 -0.08 0.12 -0.01
19 30.0 70.0 64.0 30.0 -0.01 0.02 -0.01 -0.05 0.13 -0.04
20 40.0 72.0 63.0 49.0 -0.02 0.03 -0.01 0.02 0.1 -0.01
21 80.0 81.0 67.0 174.0 -0.04 0.07 -0.01 0.04 0.08 0.02
22 157.0 102.0 72.0 167.0 -0.05 0.1 -0.02 -0.01 0.03 0.02
23 145.0 120.0 69.0 181.0 -0.11 0.17 -0.04 -0.41 -0.01 -0.1
24 132.0 118.0 69.0 191.0 -0.12 0.19 -0.04 -0.21 0.31 0.0
25 113.0 115.0 67.0 189.0 -0.12 0.18 -0.06 0.14 0.5 0.17
26 112.0 112.0 70.0 242.0 -0.2 0.16 -0.06 1.39 0.61 0.64
27 119.0 116.0 72.0 217.0 -0.38 0.53 -0.05 1.09 0.49 0.85
28 134.0 130.0 72.0 187.0 -0.33 0.98 -0.06 1.07 -0.07 0.92
29 148.0 132.0 75.0 159.0 0.03 2.45 -0.13 1.01 -0.19 1.02
30 169.0 128.0 76.0 154.0 0.32 3.46 -0.15 0.63 0.44 1.12
31 157.0 126.0 80.0 151.0 0.29 3.59 -0.14 2.45 0.53 0.98
32 171.0 129.0 79.0 161.0 0.2 3.91 0.03 -1.43 0.26 1.55
33 163.0 133.0 81.0 134.0 0.38 3.93 0.09 -5.06 -0.27 1.43
34 191.0 135.0 85.0 110.0 0.68 4.63 0.33 -2.21 0.0 1.65
35 182.0 142.0 88.0 92.0 1.05 4.36 0.39 -3.09 0.54 2.38
36 168.0 138.0 86.0 84.0 1.1 3.86 0.37 -2.44 0.47 2.05
37 205.0 142.0 86.0 71.0 1.17 2.64 0.33 -1.94 0.9 0.9
38 237.0 141.0 82.0 61.0 1.13 1.83 0.32 -0.94 0.73 -0.14
39 205.0 144.0 89.0 53.0 1.07 1.83 0.4 -0.04 0.77 -0.5
40 225.0 145.0 92.0 48.0 0.91 2.12 0.48 -0.43 0.35 -0.26
41 227.0 144.0 103.0 42.0 0.79 2.0 0.58 -0.32 0.13 0.04
42 252.0 142.0 97.0 39.0 0.75 1.78 0.57 -0.1 -0.07 -0.14
43 321.0 149.0 90.0 42.0 0.65 1.28 0.57 0.09 -0.21 -0.28
44 313.0 155.0 88.0 40.0 0.58 1.09 0.62 0.97 -0.21 -0.97
45 280.0 151.0 101.0 36.0 0.53 1.07 0.61 0.56 -0.46 -0.87
46 306.0 150.0 102.0 37.0 0.48 0.99 0.58 0.71 -0.67 -0.77
47 290.0 144.0 97.0 32.0 0.42 0.75 0.57 0.82 -1.01 -0.69
48 286.0 141.0 93.0 35.0 0.38 0.67 0.55 1.21 -1.03 -0.72
49 261.0 141.0 92.0 33.0 0.31 0.58 0.48 1.17 -1.12 -0.95
50 258.0 135.0 93.0 31.0 0.24 0.73 0.42 1.35 -1.0 -1.18
51 234.0 129.0 88.0 29.0 0.21 0.8 0.39 1.21 -0.88 -1.53
52 212.0 126.0 93.0 29.0 0.12 0.76 0.35 0.85 -1.12 -1.27
53 192.0 124.0 88.0 28.0 0.11 0.41 0.25 0.79 -0.73 -0.84
54 205.0 127.0 85.0 27.0 0.07 0.25 0.22 0.85 -0.59 -0.64
55 192.0 123.0 86.0 26.0 0.0 0.05 0.17 0.78 -0.56 -0.54
56 199.0 125.0 91.0 27.0 -0.04 0.01 0.12 0.84 -0.37 -0.27
57 208.0 117.0 94.0 26.0 -0.06 0.03 0.1 0.54 -0.32 0.0
58 180.0 116.0 92.0 26.0 -0.06 0.09 0.08 0.41 -0.17 0.26
59 187.0 122.0 88.0 26.0 -0.05 0.13 0.05 0.12 -0.2 0.59
60 195.0 126.0 87.0 29.0 -0.04 0.13 0.03 0.39 -0.06 0.45
61 207.0 141.0 83.0 30.0 -0.03 0.14 -0.0 0.59 0.08 0.12
62 197.0 130.0 88.0 29.0 -0.01 0.28 0.01 0.2 -0.09 0.27
63 186.0 126.0 92.0 27.0 0.01 0.27 0.01 -0.01 0.02 0.54
64 168.0 120.0 94.0 27.0 0.03 0.12 0.0 -0.19 0.03 0.67
65 154.0 114.0 89.0 26.0 0.03 -0.05 -0.01 0.16 0.24 0.59
66 175.0 117.0 87.0 26.0 0.0 -0.04 -0.01 0.15 0.25 0.4
67 172.0 119.0 84.0 25.0 -0.05 0.03 -0.02 0.38 0.17 0.27
68 206.0 117.0 91.0 26.0 -0.08 0.15 -0.01 0.34 0.13 0.06
69 191.0 113.0 91.0 24.0 -0.07 0.17 -0.01 0.1 -0.02 0.29
70 170.0 110.0 92.0 24.0 -0.04 0.06 -0.02 0.15 -0.03 0.3
71 179.0 108.0 88.0 24.0 -0.03 -0.06 -0.04 0.26 0.05 0.17
72 165.0 105.0 84.0 25.0 -0.03 -0.05 -0.05 0.36 0.1 0.03
73 175.0 105.0 88.0 24.0 -0.04 0.04 -0.08 0.38 0.12 -0.02
74 178.0 105.0 84.0 24.0 -0.06 0.14 -0.09 0.18 -0.01 0.02
75 199.0 105.0 93.0 24.0 -0.06 0.13 -0.09 0.0 -0.1 0.09
76 208.0 104.0 97.0 24.0 -0.04 0.07 -0.09 -0.16 -0.1 0.1
77 191.0 101.0 88.0 24.0 -0.04 -0.01 -0.08 -0.04 -0.11 0.0
78 165.0 104.0 84.0 24.0 -0.04 -0.04 -0.08 0.01 -0.1 -0.05
79 161.0 102.0 84.0 24.0 -0.07 0.01 -0.06 0.11 -0.1 -0.07
80 155.0 101.0 82.0 24.0 -0.07 0.08 -0.05 0.08 -0.1 -0.26
81 181.0 99.0 78.0 24.0 -0.06 0.11 -0.04 -0.03 -0.11 0.07
82 172.0 100.0 78.0 24.0 -0.05 0.09 -0.04 -0.05 -0.03 0.03
83 150.0 98.0 79.0 23.0 -0.04 0.06 -0.04 -0.09 0.08 0.06
84 143.0 100.0 78.0 24.0 -0.04 0.04 -0.04 -0.09 0.08 0.3
85 139.0 101.0 78.0 23.0 -0.04 0.0 -0.05 0.0 0.07 0.23
86 140.0 103.0 86.0 23.0 -0.04 0.05 -0.06 -0.02 -0.01 0.21
87 138.0 98.0 79.0 24.0 -0.03 0.07 -0.06 -0.05 0.0 0.18
88 165.0 103.0 79.0 24.0 -0.01 0.09 -0.05 -0.05 -0.06 0.15
89 151.0 100.0 83.0 23.0 -0.01 0.15 -0.03 -0.18 -0.07 0.22
90 173.0 101.0 80.0 24.0 -0.02 0.16 -0.03 -0.23 -0.15 0.18
91 174.0 98.0 76.0 22.0 -0.02 0.12 -0.01 -0.21 -0.14 0.14
92 155.0 95.0 71.0 23.0 -0.02 0.03 0.0 -0.12 -0.1 0.07
93 143.0 97.0 74.0 24.0 -0.02 -0.01 0.01 0.2 -0.09 -0.04
94 163.0 96.0 76.0 24.0 -0.02 -0.01 0.02 0.31 -0.08 -0.14
95 188.0 97.0 85.0 24.0 -0.03 0.15 0.03 0.28 -0.05 0.09
96 179.0 95.0 81.0 24.0 -0.02 0.22 0.03 0.22 0.05 0.17
97 158.0 93.0 75.0 24.0 -0.02 0.26 -0.01 0.09 0.03 0.2
98 144.0 92.0 73.0 24.0 -0.01 0.16 -0.05 0.0 0.09 0.24
99 139.0 92.0 79.0 24.0 -0.01 0.09 -0.06 0.02 0.11 0.18
100 142.0 93.0 76.0 24.0 0.01 0.01 -0.08 0.0 0.11 0.17
101 140.0 92.0 78.0 24.0 -0.0 0.02 -0.07 -0.07 0.03 0.14
102 135.0 93.0 72.0 27.0 -0.02 0.04 -0.06 -0.12 0.02 0.11
103 179.0 99.0 77.0 26.0 -0.02 0.04 -0.05 -0.11 0.0 0.11
104 163.0 95.0 76.0 26.0 -0.01 0.07 -0.03 -0.24 0.02 0.16
105 151.0 93.0 72.0 25.0 -0.01 0.08 -0.03 -0.24 0.06 0.13
106 152.0 93.0 68.0 25.0 0.01 0.05 -0.01 -0.32 0.01 0.16
107 153.0 94.0 67.0 24.0 0.02 -0.02 0.0 -0.24 -0.04 0.12
108 140.0 97.0 70.0 24.0 0.02 -0.04 0.02 -0.05 -0.04 0.1
109 124.0 96.0 69.0 24.0 0.0 -0.03 0.04 0.0 -0.06 0.21
110 134.0 98.0 69.0 24.0 -0.01 0.02 0.05 0.0 -0.01 0.08
111 121.0 96.0 75.0 24.0 -0.0 0.03 0.05 0.23 0.03 0.04
112 147.0 94.0 77.0 24.0 0.02 0.1 0.04 0.27 -0.01 0.01
113 127.0 93.0 80.0 23.0 0.03 0.2 0.03 0.23 -0.05 0.04
114 109.0 88.0 82.0 25.0 0.01 0.22 0.02 0.21 -0.08 -0.1
115 95.0 86.0 83.0 26.0 -0.0 0.19 0.0 0.21 -0.14 -0.09
116 78.0 83.0 84.0 26.0 -0.02 0.04 -0.02 0.37 -0.33 -0.22
117 64.0 90.0 79.0 25.0 -0.02 -0.05 -0.03 0.62 -0.61 -0.08
118 55.0 107.0 86.0 24.0 -0.07 -0.19 -0.06 0.59 -0.77 0.04
119 47.0 115.0 80.0 25.0 -0.13 -0.36 -0.12 0.83 -0.87 -0.08
120 41.0 154.0 80.0 24.0 -0.17 -0.51 -0.16 1.85 -0.8 -0.97
121 36.0 175.0 86.0 24.0 -0.29 -0.81 -0.21 1.96 -0.7 -1.16
122 32.0 184.0 84.0 24.0 -0.45 -1.13 -0.27 1.79 -0.57 -1.52
123 32.0 226.0 82.0 24.0 -0.52 -1.35 -0.3 1.47 -0.37 -1.53
124 29.0 241.0 77.0 24.0 -0.74 -2.0 -0.37 1.17 -0.4 -1.41
125 27.0 224.0 72.0 24.0 -0.98 -2.95 -0.47 0.54 -0.5 -1.14
126 25.0 198.0 66.0 23.0 -1.07 -3.6 -0.5 0.19 -0.46 -1.43
127 24.0 173.0 62.0 24.0 -1.25 -4.95 -0.54 0.33 -0.4 -1.43
128 36.0 163.0 60.0 29.0 -1.39 -6.07 -0.5 0.25 -0.02 -1.63
129 50.0 150.0 58.0 30.0 -1.47 -6.4 -0.49 0.51 -0.08 -1.78
130 53.0 137.0 56.0 29.0 -1.65 -6.61 -0.35 0.42 -0.15 -1.98
131 80.0 129.0 54.0 28.0 -1.77 -6.26 -0.31 0.95 -0.19 -1.5
132 72.0 122.0 54.0 27.0 -1.76 -5.96 -0.28 1.61 0.04 -1.63
133 59.0 113.0 56.0 26.0 -1.76 -4.58 -0.16 1.73 0.18 -1.71
134 66.0 106.0 65.0 26.0 -1.84 -2.74 -0.06 1.55 0.23 -1.91
135 86.0 102.0 76.0 25.0 -1.97 -2.04 -0.01 1.11 1.05 -4.05
136 120.0 101.0 84.0 23.0 -2.03 -1.19 -0.1 -15.91 -12.66 29.47
137 106.0 103.0 81.0 25.0 0.51 -3.28 0.66 6.84 0.13 -6.29
138 87.0 106.0 102.0 24.0 0.28 -2.65 0.29 -0.14 0.79 -0.58
139 72.0 102.0 94.0 24.0 0.46 -0.65 0.14 -0.44 -0.46 0.6
140 103.0 99.0 86.0 23.0 0.3 -0.2 -0.14 0.04 2.93 2.33
141 85.0 94.0 77.0 24.0 -0.16 -0.16 -0.22 1.22 0.96 -0.75
142 70.0 93.0 83.0 24.0 -0.46 0.07 -0.21 1.12 0.3 -0.9
143 60.0 91.0 91.0 24.0 -0.07 0.03 -0.05 -0.56 -0.27 -0.33
144 50.0 89.0 90.0 24.0 0.1 0.08 -0.02 -0.53 0.08 -0.15
145 47.0 87.0 81.0 24.0 0.14 0.36 -0.09 -0.45 -0.15 -0.06
146 41.0 86.0 82.0 24.0 0.17 0.65 -0.1 -0.37 -0.54 -0.25
147 41.0 88.0 88.0 23.0 0.3 0.62 -0.07 -0.25 -0.16 -0.07
148 37.0 85.0 90.0 23.0 0.27 0.3 -0.02 -0.15 0.18 0.03
149 61.0 83.0 83.0 24.0 0.22 0.26 -0.02 0.07 0.23 -0.08
150 50.0 82.0 79.0 23.0 0.18 0.28 -0.01 -0.1 0.23 0.07
151 48.0 80.0 75.0 23.0 0.09 0.32 0.01 -0.1 0.27 0.03
152 40.0 78.0 78.0 23.0 0.09 0.38 0.02 -0.2 0.37 -0.11
153 34.0 76.0 74.0 24.0 0.06 0.33 0.03 -0.32 0.23 -0.03
154 37.0 75.0 77.0 23.0 0.04 0.25 0.02 -0.32 0.21 -0.03
155 39.0 75.0 83.0 23.0 0.0 0.13 0.02 -0.42 0.18 -0.15
156 34.0 74.0 80.0 23.0 0.01 0.11 0.02 -0.46 0.16 -0.11
