1 40.0 135.0 75.0 25.0 0.02 -0.1 0.06 0.04 -0.1 -0.06
2 35.0 133.0 74.0 25.0 0.02 -0.07 0.06 0.38 -0.04 0.15
3 33.0 132.0 77.0 26.0 0.01 0.03 0.05 0.37 -0.04 0.16
4 32.0 131.0 78.0 25.0 0.01 0.08 0.04 0.28 -0.04 0.1
5 29.0 129.0 76.0 25.0 0.01 0.16 0.02 0.16 -0.01 0.0
6 30.0 127.0 75.0 25.0 0.01 0.15 0.01 -0.02 0.0 -0.11
7 27.0 126.0 73.0 25.0 0.0 0.11 0.0 -0.08 -0.01 -0.12
8 26.0 123.0 75.0 25.0 -0.01 0.05 -0.0 0.0 -0.07 -0.15
9 26.0 123.0 73.0 26.0 -0.01 0.03 0.01 0.1 -0.07 -0.09
10 25.0 119.0 77.0 25.0 -0.01 0.04 0.01 0.15 -0.08 -0.06
11 23.0 118.0 78.0 25.0 -0.0 0.04 0.01 0.14 -0.09 -0.05
12 22.0 117.0 76.0 25.0 -0.01 0.05 0.01 0.14 -0.04 0.0
13 24.0 119.0 76.0 25.0 -0.02 0.04 0.01 0.11 -0.01 0.02
14 21.0 114.0 76.0 26.0 -0.05 0.04 0.02 0.07 -0.02 0.0
15 19.0 113.0 74.0 26.0 -0.07 0.05 0.03 0.11 -0.15 0.08
16 19.0 115.0 70.0 31.0 -0.08 0.07 0.03 0.14 -0.14 0.1
17 19.0 118.0 75.0 32.0 -0.1 0.11 0.04 -0.11 -0.08 0.23
18 18.0 115.0 76.0 43.0 -0.17 0.13 0.05 0.22 0.18 0.78
19 28.0 153.0 77.0 61.0 -0.24 0.14 0.04 0.33 0.06 1.0
20 42.0 152.0 77.0 108.0 -0.39 0.16 0.04 0.11 -0.08 1.24
21 67.0 173.0 74.0 107.0 -0.5 0.2 0.07 -0.46 -0.3 1.1
22 84.0 177.0 68.0 107.0 -0.48 0.15 0.09 -0.79 -0.31 0.94
23 76.0 187.0 72.0 89.0 -0.35 -0.09 0.15 -1.86 -0.4 0.44
24 65.0 175.0 69.0 77.0 -0.29 -0.77 0.19 -1.47 -1.26 0.37
25 77.0 189.0 69.0 65.0 -0.28 -1.16 0.12 -6.37 -14.48 2.07
26 88.0 179.0 76.0 60.0 0.64 -2.86 -0.42 1.69 7.43 1.18
27 102.0 221.0 85.0 56.0 -0.22 -3.35 0.08 -1.6 -0.51 -0.1
28 141.0 211.0 93.0 49.0 -0.27 -3.75 0.19 -1.96 -0.35 -0.22
29 139.0 204.0 104.0 48.0 -0.51 -5.69 0.1 -2.09 -0.4 0.64
30 155.0 180.0 109.0 43.0 -0.48 -8.06 0.05 -2.01 -0.14 0.29
31 174.0 168.0 117.0 39.0 -0.38 -8.98 0.04 -1.9 -0.02 0.02
32 185.0 228.0 124.0 44.0 -0.25 -9.64 0.05 -1.28 0.11 -1.18
33 246.0 255.0 122.0 41.0 -0.18 -8.77 0.1 -0.57 0.36 -1.22
34 242.0 240.0 131.0 44.0 -0.25 -8.09 0.12 0.71 0.37 -1.73
35 244.0 240.0 133.0 44.0 -0.24 -6.67 0.28 1.0 0.42 -1.17
36 277.0 250.0 139.0 43.0 -0.16 -5.47 0.33 2.05 0.38 -1.0
37 277.0 251.0 130.0 46.0 -0.07 -5.02 0.33 2.24 0.58 -0.93
38 327.0 235.0 150.0 47.0 0.03 -4.21 0.31 2.01 0.49 -0.18
39 339.0 229.0 178.0 51.0 -0.04 -3.56 0.26 1.39 0.62 -0.2
40 327.0 261.0 173.0 64.0 -0.08 -3.33 0.25 1.29 0.5 -0.28
41 320.0 265.0 185.0 62.0 -0.14 -3.1 0.24 0.9 0.7 -0.68
42 315.0 265.0 179.0 58.0 -0.24 -2.95 0.3 0.06 0.82 -0.94
43 338.0 277.0 183.0 55.0 -0.3 -2.91 0.35 -0.25 0.41 -0.59
44 327.0 274.0 173.0 55.0 -0.4 -2.86 0.45 -0.59 0.3 -0.47
45 347.0 264.0 170.0 51.0 -0.47 -2.85 0.57 -0.7 0.07 -0.2
46 411.0 286.0 173.0 61.0 -0.5 -2.83 0.6 -0.54 0.01 -0.2
47 395.0 282.0 189.0 57.0 -0.47 -2.8 0.67 -0.55 0.1 -0.21
48 417.0 309.0 187.0 58.0 -0.44 -2.73 0.69 -0.22 0.11 0.03
49 380.0 298.0 176.0 57.0 -0.43 -2.68 0.69 -0.17 0.11 0.21
50 367.0 281.0 167.0 54.0 -0.43 -2.55 0.66 0.36 0.12 -0.02
51 374.0 304.0 162.0 47.0 -0.39 -2.25 0.55 0.7 0.36 0.06
52 348.0 293.0 181.0 49.0 -0.39 -2.04 0.47 0.73 0.32 0.14
53 350.0 291.0 177.0 46.0 -0.33 -1.7 0.3 1.1 0.35 0.01
54 304.0 262.0 167.0 52.0 -0.26 -1.26 0.11 1.07 0.36 0.11
55 307.0 262.0 165.0 48.0 -0.23 -0.99 0.01 0.84 0.29 0.39
56 359.0 287.0 174.0 44.0 -0.18 -0.51 -0.2 0.02 0.08 0.47
57 399.0 277.0 175.0 41.0 -0.09 -0.34 -0.34 -0.37 0.26 0.35
58 347.0 259.0 169.0 40.0 -0.04 -0.29 -0.36 -0.36 0.34 0.51
59 338.0 278.0 161.0 38.0 0.0 -0.16 -0.36 -0.56 0.29 0.5
60 311.0 293.0 167.0 36.0 0.02 -0.12 -0.36 -0.64 0.35 0.34
61 337.0 286.0 163.0 40.0 0.09 -0.11 -0.36 -0.63 0.41 0.35
62 373.0 264.0 181.0 36.0 0.11 -0.07 -0.33 -0.7 0.42 0.16
63 395.0 262.0 181.0 33.0 0.11 -0.05 -0.28 -0.65 0.29 0.15
64 417.0 288.0 188.0 39.0 0.11 0.02 -0.25 -0.69 0.22 0.11
65 397.0 267.0 180.0 36.0 0.13 0.17 -0.19 -0.79 0.21 -0.05
66 397.0 249.0 169.0 36.0 0.14 0.18 -0.18 -0.97 0.37 -0.13
67 369.0 279.0 167.0 39.0 0.15 0.11 -0.18 -0.9 0.5 -0.24
68 364.0 263.0 179.0 35.0 0.12 0.09 -0.15 -0.74 0.59 -0.34
69 390.0 241.0 168.0 41.0 0.08 0.09 -0.12 -0.78 0.47 -0.25
70 374.0 278.0 167.0 39.0 0.06 0.1 -0.11 -0.56 0.47 -0.17
71 353.0 273.0 166.0 37.0 0.03 0.13 -0.07 -0.59 0.39 -0.04
72 369.0 269.0 177.0 37.0 0.04 0.1 -0.05 -0.72 0.35 0.06
73 433.0 257.0 161.0 35.0 0.03 0.06 -0.01 -0.69 0.2 0.2
74 390.0 266.0 172.0 34.0 0.03 0.03 0.03 -0.52 0.2 0.1
75 370.0 268.0 158.0 32.0 0.05 -0.01 0.03 -0.48 0.27 0.2
76 416.0 271.0 151.0 31.0 0.07 -0.03 0.04 -0.48 0.44 0.17
77 442.0 282.0 139.0 30.0 0.04 -0.0 0.05 -0.37 0.34 0.07
78 399.0 313.0 132.0 30.0 0.03 -0.05 0.05 0.03 0.27 -0.11
79 357.0 309.0 125.0 33.0 0.03 -0.06 0.06 0.07 0.28 -0.09
80 365.0 313.0 120.0 32.0 0.01 -0.04 0.07 0.18 0.28 -0.06
81 345.0 306.0 113.0 31.0 -0.01 -0.01 0.07 0.11 0.25 0.16
82 336.0 310.0 110.0 30.0 -0.01 -0.01 0.06 0.12 0.29 0.28
83 379.0 297.0 124.0 31.0 -0.0 0.01 0.03 0.27 0.18 0.23
84 353.0 294.0 131.0 29.0 0.02 0.02 0.01 0.37 0.09 0.09
85 363.0 280.0 135.0 30.0 0.04 0.04 0.0 0.37 0.08 0.13
86 392.0 254.0 146.0 29.0 0.07 0.07 -0.02 0.11 0.2 0.15
87 366.0 246.0 142.0 35.0 0.07 0.06 -0.03 -0.05 0.31 0.1
88 387.0 253.0 139.0 39.0 0.06 0.04 -0.05 -0.11 0.27 0.1
89 397.0 268.0 133.0 41.0 0.02 0.02 -0.03 -0.1 0.3 0.05
90 374.0 264.0 148.0 38.0 -0.0 -0.01 0.01 -0.02 0.28 -0.02
91 379.0 257.0 142.0 38.0 -0.01 -0.02 0.03 -0.06 0.21 0.05
92 366.0 286.0 134.0 35.0 -0.02 -0.04 0.05 0.0 0.14 0.23
93 395.0 273.0 133.0 38.0 -0.01 -0.06 0.05 0.11 0.06 0.34
94 327.0 238.0 130.0 40.0 -0.0 -0.02 0.05 0.15 0.14 0.01
95 312.0 212.0 119.0 39.0 0.01 -0.01 0.06 0.21 0.19 0.04
96 310.0 197.0 109.0 40.0 0.01 0.02 0.07 0.01 0.09 0.29
97 362.0 182.0 124.0 39.0 0.01 -0.08 0.06 0.12 0.06 0.2
98 356.0 175.0 132.0 43.0 0.0 -0.21 0.03 0.11 -0.07 0.04
99 358.0 168.0 119.0 43.0 0.02 -0.27 0.01 0.13 0.06 0.07
100 362.0 211.0 114.0 49.0 0.03 -0.23 0.02 0.08 0.11 0.0
101 358.0 199.0 124.0 54.0 -0.01 -0.11 0.03 -0.06 0.25 -0.12
102 381.0 191.0 116.0 49.0 -0.02 -0.08 0.03 0.05 0.27 0.01
103 332.0 238.0 106.0 50.0 -0.06 -0.05 0.04 0.02 0.24 0.11
104 327.0 226.0 104.0 47.0 -0.09 -0.05 0.03 0.05 0.22 0.2
105 309.0 210.0 113.0 44.0 -0.09 -0.03 0.02 0.18 0.17 0.31
106 295.0 193.0 108.0 43.0 -0.07 0.02 0.02 0.15 0.17 0.39
107 294.0 193.0 106.0 42.0 -0.03 0.06 0.01 0.15 0.14 0.48
108 273.0 201.0 98.0 39.0 -0.0 0.08 -0.0 0.14 0.08 0.41
109 227.0 193.0 102.0 40.0 0.04 0.09 -0.03 0.14 0.08 0.34
110 186.0 176.0 105.0 38.0 0.09 0.12 -0.04 0.04 0.02 0.21
111 154.0 154.0 109.0 35.0 0.11 0.12 -0.05 0.03 0.01 0.15
112 125.0 137.0 119.0 36.0 0.15 0.16 -0.07 0.05 0.03 0.16
113 104.0 123.0 116.0 36.0 0.18 0.34 -0.07 -0.18 0.09 0.23
114 87.0 113.0 107.0 35.0 0.18 0.49 -0.08 -0.33 0.06 0.44
115 74.0 111.0 95.0 56.0 0.17 1.03 -0.07 -0.54 0.09 0.2
116 67.0 109.0 86.0 51.0 0.14 1.55 -0.03 -0.5 0.16 -0.43
117 57.0 101.0 78.0 45.0 0.12 1.73 0.01 -0.49 0.33 -0.84
118 53.0 102.0 70.0 45.0 0.11 2.08 0.14 -0.29 0.31 -1.14
119 48.0 111.0 66.0 44.0 0.12 2.48 0.3 -0.49 0.58 -0.79
120 45.0 128.0 62.0 56.0 0.13 2.75 0.36 -0.61 0.65 -0.87
121 50.0 124.0 60.0 66.0 0.11 3.37 0.39 -0.7 0.73 -1.06
122 74.0 118.0 58.0 57.0 0.08 3.9 0.36 -1.04 0.66 -1.29
123 69.0 115.0 55.0 51.0 0.09 4.12 0.38 -2.69 0.49 -1.68
124 67.0 114.0 56.0 46.0 0.21 4.48 0.38 -2.84 0.55 -1.64
125 73.0 118.0 56.0 49.0 0.36 4.46 0.26 -2.12 0.75 -1.67
126 76.0 120.0 57.0 54.0 0.44 4.33 0.2 -1.3 0.95 -1.46
127 115.0 118.0 61.0 48.0 0.56 4.32 0.11 -1.06 0.91 -1.47
128 101.0 116.0 64.0 43.0 0.8 5.09 0.01 -0.97 0.72 -1.21
129 94.0 118.0 65.0 50.0 0.9 5.45 -0.05 -1.05 0.66 -1.3
130 159.0 123.0 65.0 58.0 0.98 5.73 -0.11 -0.97 0.72 -1.47
131 137.0 127.0 65.0 65.0 1.14 6.33 -0.29 -1.1 0.17 -1.44
132 110.0 132.0 67.0 55.0 1.17 6.48 -0.31 -1.02 -0.25 -1.25
133 144.0 141.0 67.0 52.0 1.15 6.59 -0.32 -1.32 -0.94 -0.75
134 147.0 147.0 65.0 62.0 1.15 6.5 -0.23 -1.1 -0.85 -0.96
135 123.0 140.0 64.0 56.0 1.15 6.27 -0.17 -1.25 -0.16 -1.2
136 100.0 143.0 63.0 50.0 1.12 5.83 -0.09 -1.02 -0.05 -1.06
137 130.0 143.0 63.0 44.0 0.9 5.4 -0.15 -1.63 -0.63 -0.41
138 105.0 147.0 59.0 52.0 0.92 5.07 -0.08 0.51 -0.1 -0.09
139 146.0 147.0 58.0 49.0 0.81 4.37 -0.39 0.38 0.63 0.1
140 155.0 146.0 58.0 44.0 0.55 3.55 -0.51 0.01 0.89 0.09
141 168.0 145.0 55.0 39.0 0.24 3.27 -0.72 0.84 1.28 0.2
142 159.0 146.0 54.0 37.0 0.18 2.36 -0.52 1.64 0.43 0.94
143 182.0 147.0 58.0 34.0 0.09 1.81 -1.04 0.6 -0.7 0.52
144 231.0 156.0 94.0 39.0 0.16 1.43 -0.57 -22.24 -3.68 4.23
145 256.0 155.0 86.0 35.0 0.45 -4.38 0.12 6.17 -1.38 -3.31
146 222.0 158.0 80.0 33.0 1.18 0.39 0.02 -0.34 0.5 1.26
147 191.0 160.0 73.0 30.0 1.05 1.22 -0.11 0.31 1.21 1.9
148 173.0 163.0 75.0 30.0 0.48 0.62 -0.12 0.77 0.6 0.91
149 167.0 163.0 70.0 30.0 0.1 -0.06 -0.11 0.81 0.3 0.07
150 160.0 164.0 71.0 30.0 -0.01 -0.26 -0.16 0.48 0.21 0.21
151 206.0 165.0 76.0 30.0 -0.06 -0.25 -0.16 0.31 -0.13 0.33
152 170.0 167.0 74.0 29.0 -0.02 0.11 -0.13 0.32 -0.29 -0.12
153 167.0 167.0 74.0 28.0 -0.01 0.25 -0.12 0.17 -0.29 -0.03
154 165.0 167.0 76.0 27.0 -0.03 0.42 -0.1 0.05 -0.36 -0.14
155 138.0 166.0 80.0 27.0 -0.01 0.47 -0.06 -0.23 -0.36 -0.56
156 123.0 166.0 82.0 28.0 0.01 0.46 -0.04 -0.42 -0.29 -0.65
157 102.0 165.0 76.0 27.0 0.03 0.39 -0.01 -0.33 -0.32 -0.64
158 99.0 161.0 76.0 27.0 0.05 0.31 0.0 -0.41 -0.22 -0.73
159 84.0 157.0 75.0 27.0 0.05 0.24 0.01 -0.42 -0.17 -0.68
160 78.0 154.0 74.0 27.0 0.04 0.12 0.02 -0.4 -0.12 -0.58
161 79.0 153.0 73.0 26.0 0.04 0.07 0.02 -0.33 -0.07 -0.46
162 71.0 151.0 75.0 26.0 0.04 0.04 0.01 -0.29 -0.06 -0.39
163 61.0 150.0 69.0 26.0 0.03 0.0 -0.0 -0.07 -0.13 -0.15
164 53.0 149.0 73.0 25.0 0.01 -0.0 -0.02 -0.02 -0.11 -0.09
165 49.0 146.0 75.0 26.0 0.01 0.01 -0.03 -0.03 -0.15 -0.12
166 51.0 143.0 73.0 25.0 0.02 0.1 -0.04 0.07 -0.26 -0.12
167 44.0 142.0 75.0 25.0 0.03 0.21 -0.04 0.02 -0.29 -0.24
168 39.0 141.0 79.0 24.0 0.03 0.24 -0.03 0.05 -0.31 -0.26
169 37.0 138.0 77.0 25.0 0.03 0.24 -0.02 -0.03 -0.21 -0.39
170 33.0 137.0 80.0 24.0 -0.0 0.15 -0.0 -0.13 -0.19 -0.3
171 40.0 133.0 75.0 24.0 -0.02 0.12 0.01 -0.12 -0.17 -0.32
172 53.0 129.0 73.0 24.0 -0.04 0.03 0.01 -0.11 -0.12 -0.37
173 65.0 129.0 74.0 24.0 -0.07 -0.0 0.02 -0.07 -0.17 -0.31
174 56.0 129.0 68.0 24.0 -0.06 0.0 0.02 -0.05 -0.14 -0.3
175 49.0 126.0 68.0 24.0 -0.05 0.03 0.01 -0.06 -0.1 -0.33
