1 27.0 132.0 62.0 23.0 0.0 0.01 0.0 0.07 0.0 -0.01
2 24.0 131.0 64.0 23.0 -0.0 0.0 -0.0 0.09 -0.04 0.0
3 29.0 130.0 64.0 24.0 -0.0 -0.0 -0.0 0.15 -0.1 -0.02
4 29.0 128.0 67.0 23.0 0.0 0.01 0.0 0.16 -0.1 -0.04
5 27.0 126.0 69.0 23.0 0.01 0.01 0.0 0.14 -0.08 -0.04
6 27.0 125.0 66.0 23.0 0.01 0.0 0.0 0.05 -0.03 0.0
7 26.0 126.0 72.0 23.0 0.0 -0.01 0.0 0.06 -0.03 -0.03
8 29.0 126.0 70.0 23.0 0.0 -0.01 0.0 0.07 -0.02 0.0
9 26.0 127.0 70.0 23.0 0.0 -0.01 0.0 0.22 0.04 0.03
10 24.0 126.0 71.0 23.0 0.01 -0.01 0.0 0.2 0.01 0.03
11 31.0 127.0 71.0 23.0 0.01 0.01 -0.0 0.1 -0.07 -0.05
12 28.0 129.0 74.0 23.0 0.01 0.02 -0.01 0.06 -0.07 -0.03
13 25.0 130.0 71.0 23.0 0.01 0.01 -0.01 0.09 -0.04 -0.05
14 25.0 130.0 75.0 23.0 0.01 -0.0 -0.0 0.11 0.0 0.04
15 24.0 128.0 74.0 23.0 0.0 -0.0 -0.01 0.18 0.02 0.05
16 29.0 126.0 72.0 23.0 -0.01 0.0 -0.01 0.11 0.01 0.01
17 27.0 125.0 68.0 23.0 -0.02 -0.0 -0.01 0.05 -0.04 -0.03
18 31.0 123.0 63.0 23.0 -0.02 -0.01 -0.01 0.1 -0.08 -0.01
19 28.0 123.0 66.0 23.0 -0.02 -0.01 -0.0 0.14 -0.04 -0.06
20 26.0 123.0 69.0 23.0 -0.01 -0.01 0.0 0.1 -0.04 -0.01
21 24.0 120.0 69.0 23.0 -0.02 -0.01 0.0 0.06 -0.02 0.0
22 22.0 115.0 67.0 23.0 -0.02 -0.03 0.01 0.18 0.01 0.06
23 25.0 112.0 63.0 46.0 -0.05 -0.03 0.03 0.25 0.09 0.15
24 43.0 110.0 67.0 52.0 -0.07 -0.02 0.05 0.25 0.14 0.27
25 84.0 126.0 64.0 71.0 -0.16 0.01 0.12 0.45 0.18 0.73
26 101.0 133.0 62.0 103.0 -0.38 0.01 0.2 0.46 0.37 0.92
27 128.0 161.0 64.0 103.0 -0.62 -0.14 0.25 0.53 0.58 1.44
28 117.0 156.0 64.0 96.0 -1.57 -1.26 0.51 -0.08 0.88 2.21
29 119.0 154.0 63.0 105.0 -1.58 -0.86 0.57 -1.01 -0.15 3.34
30 97.0 148.0 75.0 91.0 -1.3 -0.87 0.48 -0.34 1.01 3.75
31 83.0 152.0 73.0 76.0 -1.19 -1.23 0.47 -0.77 -1.08 4.86
32 97.0 225.0 71.0 68.0 -1.02 -1.25 0.33 -3.41 -4.34 4.87
33 95.0 229.0 71.0 59.0 -0.35 -1.82 -0.15 0.34 1.03 4.51
34 124.0 205.0 83.0 52.0 0.11 -2.43 0.03 0.49 -0.1 1.59
35 129.0 200.0 84.0 46.0 0.65 -2.68 0.19 -0.1 -0.59 2.58
36 143.0 193.0 101.0 40.0 0.9 -2.85 0.21 -0.16 -0.54 3.8
37 166.0 192.0 115.0 36.0 1.21 -3.42 0.18 -0.34 -0.43 3.48
38 285.0 199.0 117.0 34.0 1.38 -4.39 0.02 -0.92 -0.26 1.98
39 279.0 237.0 113.0 35.0 1.42 -4.82 -0.06 -1.12 0.08 1.02
40 297.0 226.0 116.0 34.0 1.43 -5.24 -0.17 -1.05 0.61 -0.1
41 345.0 217.0 134.0 40.0 1.24 -5.17 -0.13 -0.94 0.54 -1.01
42 343.0 217.0 139.0 43.0 1.14 -5.13 -0.11 -1.24 0.53 -1.21
43 340.0 228.0 143.0 45.0 0.86 -4.92 -0.06 -1.6 0.64 -2.41
44 378.0 225.0 145.0 49.0 0.61 -4.58 0.08 -1.49 0.79 -3.06
45 392.0 238.0 157.0 52.0 0.43 -4.38 0.2 -1.63 0.79 -3.72
46 447.0 270.0 147.0 47.0 0.02 -4.18 0.42 -2.21 0.55 -3.58
47 490.0 255.0 138.0 44.0 -0.31 -4.1 0.67 -2.15 0.37 -3.17
48 511.0 270.0 146.0 49.0 -0.49 -3.94 0.79 -2.24 0.23 -3.08
49 603.0 344.0 162.0 50.0 -0.77 -3.65 0.97 -2.43 -0.1 -2.63
50 601.0 315.0 170.0 46.0 -0.89 -3.51 1.08 -2.19 -0.03 -1.91
51 612.0 301.0 200.0 47.0 -0.93 -3.42 1.11 -2.18 0.05 -1.68
52 565.0 295.0 187.0 43.0 -0.96 -3.14 1.12 -1.93 -0.03 -0.81
53 674.0 279.0 175.0 39.0 -0.99 -2.85 1.08 -1.78 -0.08 -0.24
54 669.0 283.0 166.0 43.0 -0.97 -2.74 1.03 -1.65 -0.06 -0.08
55 581.0 288.0 160.0 40.0 -0.85 -2.36 0.9 -0.67 -0.09 0.06
56 569.0 268.0 167.0 38.0 -0.69 -1.86 0.72 0.21 -0.18 0.56
57 563.0 282.0 160.0 38.0 -0.58 -1.55 0.6 0.41 -0.2 0.72
58 521.0 268.0 155.0 36.0 -0.33 -0.87 0.34 0.44 -0.17 0.91
59 480.0 258.0 153.0 39.0 -0.09 -0.28 0.06 0.33 -0.25 1.2
60 487.0 259.0 138.0 40.0 0.03 -0.1 -0.08 0.48 -0.16 0.93
61 486.0 247.0 131.0 40.0 0.16 0.16 -0.22 0.56 0.26 -0.4
62 460.0 243.0 137.0 38.0 0.18 0.33 -0.22 0.38 0.39 -0.71
63 442.0 248.0 149.0 36.0 0.16 0.38 -0.19 0.0 0.36 -0.67
64 433.0 225.0 137.0 35.0 0.12 0.35 -0.13 -0.64 0.33 -0.24
65 396.0 223.0 130.0 32.0 0.07 0.15 -0.11 -0.64 0.34 -0.44
66 424.0 212.0 125.0 33.0 0.03 0.09 -0.09 -0.37 0.42 -0.51
67 407.0 234.0 131.0 33.0 -0.04 0.06 -0.04 -0.12 0.17 -0.37
68 358.0 224.0 132.0 31.0 -0.04 -0.02 -0.04 0.3 0.07 -0.2
69 389.0 215.0 131.0 32.0 -0.03 -0.02 -0.05 0.45 0.18 -0.08
70 430.0 225.0 135.0 33.0 -0.05 0.12 -0.05 0.24 0.11 0.13
71 447.0 214.0 127.0 31.0 -0.04 0.15 -0.09 0.2 0.15 0.08
72 428.0 218.0 129.0 31.0 -0.02 0.12 -0.1 0.2 0.24 -0.01
73 482.0 239.0 139.0 29.0 -0.01 0.16 -0.1 0.01 0.39 -0.09
74 450.0 245.0 131.0 28.0 -0.01 0.2 -0.09 -0.07 0.42 -0.06
75 418.0 246.0 125.0 27.0 -0.01 0.2 -0.1 -0.02 0.4 0.05
76 416.0 261.0 138.0 27.0 -0.04 0.21 -0.08 -0.23 0.26 0.19
77 429.0 249.0 145.0 26.0 -0.03 0.19 -0.08 -0.26 0.3 0.08
78 393.0 256.0 144.0 26.0 -0.03 0.17 -0.06 -0.28 0.19 0.18
79 371.0 265.0 144.0 29.0 -0.0 0.13 -0.03 -0.34 0.17 0.18
80 339.0 249.0 149.0 27.0 0.02 0.11 0.01 -0.17 0.28 -0.03
81 435.0 249.0 164.0 27.0 0.03 0.09 0.03 -0.13 0.26 0.0
82 413.0 244.0 157.0 41.0 0.05 0.03 0.06 0.05 0.19 0.21
83 403.0 228.0 142.0 40.0 0.04 0.03 0.07 0.09 0.29 0.03
84 456.0 229.0 140.0 43.0 0.03 0.05 0.07 0.28 0.35 -0.22
85 489.0 241.0 160.0 41.0 0.03 0.09 0.1 0.25 0.13 -0.34
86 474.0 217.0 150.0 38.0 0.05 0.09 0.12 0.16 0.1 -0.04
87 475.0 202.0 151.0 35.0 0.09 0.11 0.13 0.08 0.09 0.17
88 461.0 206.0 140.0 33.0 0.09 0.11 0.09 0.08 0.14 0.18
89 474.0 233.0 133.0 34.0 0.08 0.11 0.08 0.14 0.3 0.02
90 422.0 235.0 136.0 34.0 0.03 0.11 0.06 0.26 0.35 -0.04
91 435.0 221.0 140.0 32.0 0.0 0.08 0.03 0.3 0.37 0.11
92 397.0 203.0 135.0 31.0 -0.01 0.07 0.01 0.18 0.26 0.32
93 379.0 199.0 129.0 30.0 -0.04 0.1 -0.01 0.18 0.22 0.37
94 441.0 225.0 139.0 29.0 -0.03 0.12 -0.03 0.14 0.18 0.32
95 446.0 208.0 135.0 30.0 -0.02 0.13 -0.04 0.0 0.06 0.46
96 383.0 195.0 126.0 29.0 0.04 0.12 -0.03 -0.07 0.16 0.51
97 342.0 176.0 123.0 29.0 0.08 0.11 -0.03 -0.08 0.22 0.45
98 315.0 161.0 136.0 27.0 0.08 0.09 -0.03 -0.25 0.22 0.45
99 340.0 174.0 141.0 27.0 0.1 0.04 -0.05 -0.24 0.21 0.43
100 398.0 173.0 134.0 27.0 0.08 0.01 -0.06 -0.15 0.23 0.17
101 375.0 183.0 149.0 28.0 0.07 0.0 -0.06 0.09 0.42 -0.2
102 362.0 177.0 167.0 28.0 0.04 -0.02 -0.04 0.12 0.48 -0.33
103 370.0 178.0 161.0 27.0 0.01 -0.04 -0.01 0.19 0.45 -0.14
104 365.0 182.0 149.0 26.0 0.0 -0.05 0.0 0.09 0.31 0.0
105 363.0 195.0 141.0 28.0 -0.03 -0.11 0.0 0.32 0.38 -0.07
106 337.0 204.0 143.0 30.0 -0.06 -0.12 -0.02 0.2 0.22 -0.13
107 381.0 197.0 134.0 37.0 -0.07 -0.09 -0.03 0.41 0.29 -0.38
108 359.0 194.0 127.0 35.0 -0.09 -0.11 -0.08 0.54 0.32 -0.55
109 319.0 183.0 120.0 33.0 -0.11 -0.03 -0.05 0.26 0.12 -0.5
110 308.0 207.0 122.0 34.0 -0.12 0.08 -0.03 -0.07 -0.02 0.27
111 333.0 207.0 113.0 33.0 -0.08 0.07 -0.03 -0.21 -0.04 0.34
112 347.0 191.0 119.0 31.0 -0.06 0.03 -0.04 -0.34 -0.03 0.34
113 312.0 173.0 114.0 30.0 -0.04 0.03 -0.04 -0.32 0.0 0.33
114 303.0 164.0 108.0 28.0 -0.02 0.02 -0.03 -0.17 0.1 0.17
115 290.0 160.0 115.0 29.0 -0.04 0.09 -0.01 -0.14 0.03 0.04
116 326.0 154.0 121.0 28.0 -0.03 0.1 0.01 -0.08 0.01 0.01
117 333.0 147.0 112.0 27.0 -0.02 0.15 0.03 -0.13 -0.08 0.14
118 271.0 146.0 106.0 26.0 0.02 0.16 0.0 -0.06 0.01 0.08
119 229.0 131.0 103.0 25.0 0.02 0.18 -0.01 0.03 0.05 -0.13
120 185.0 114.0 102.0 25.0 0.02 0.32 -0.02 0.07 0.04 -0.17
121 150.0 106.0 94.0 24.0 0.03 0.52 -0.07 0.31 0.09 -0.27
122 119.0 101.0 87.0 25.0 0.02 0.7 -0.08 0.07 -0.01 0.0
123 98.0 114.0 83.0 33.0 0.02 1.21 -0.13 -0.04 -0.13 0.45
124 81.0 137.0 79.0 39.0 0.03 1.76 -0.24 0.19 -0.19 0.25
125 73.0 133.0 76.0 36.0 0.03 2.06 -0.29 0.78 0.2 -1.06
126 63.0 140.0 74.0 33.0 0.02 2.84 -0.31 0.9 0.16 -1.5
127 58.0 127.0 73.0 31.0 0.05 3.74 -0.25 0.33 0.06 -2.05
128 50.0 120.0 73.0 31.0 0.08 4.15 -0.21 -0.46 0.1 -2.14
129 48.0 115.0 72.0 29.0 0.09 4.77 -0.18 -0.64 0.05 -2.18
130 49.0 127.0 68.0 28.0 0.08 5.1 -0.13 -1.32 0.12 -2.27
131 59.0 141.0 65.0 27.0 0.06 5.17 -0.07 -1.91 0.11 -2.61
132 60.0 136.0 63.0 32.0 0.01 5.24 0.07 -2.11 -0.01 -2.83
133 81.0 137.0 65.0 91.0 0.01 5.28 0.1 -2.82 -0.01 -3.26
134 82.0 133.0 61.0 77.0 0.04 5.29 0.07 -2.2 -0.07 -3.58
135 78.0 131.0 58.0 65.0 0.12 5.36 -0.01 -2.16 0.19 -3.16
136 73.0 132.0 56.0 58.0 0.27 5.37 -0.03 -1.84 0.27 -2.75
137 65.0 138.0 55.0 50.0 0.32 5.44 -0.0 -2.43 0.25 -1.28
138 65.0 135.0 54.0 45.0 0.33 5.66 0.06 -2.3 0.1 -1.1
139 57.0 136.0 52.0 42.0 0.38 5.92 0.12 -1.8 0.25 -0.97
140 60.0 136.0 51.0 43.0 0.37 6.03 0.15 -1.54 0.52 -0.8
141 58.0 127.0 52.0 39.0 0.36 6.06 0.21 -1.57 0.45 -0.75
142 60.0 126.0 53.0 36.0 0.43 6.23 0.17 -1.16 0.27 -0.58
143 65.0 128.0 52.0 33.0 0.45 6.42 0.14 -0.98 0.82 -0.21
144 68.0 130.0 53.0 32.0 0.29 6.51 0.17 -1.34 -0.05 0.64
145 74.0 133.0 52.0 30.0 0.38 5.36 -0.01 -2.13 0.77 1.46
146 90.0 131.0 51.0 29.0 0.17 4.4 -0.1 -0.45 0.86 1.75
147 97.0 133.0 52.0 27.0 0.28 2.42 -0.31 -1.86 -0.64 1.73
148 117.0 132.0 52.0 26.0 0.66 1.37 -0.02 1.69 1.26 1.56
149 159.0 134.0 53.0 25.0 0.48 1.54 -0.2 1.86 -0.03 -0.07
150 252.0 142.0 64.0 25.0 0.43 2.17 -0.33 -0.23 -0.33 -0.57
151 248.0 147.0 80.0 24.0 1.49 -0.28 -0.26 -5.19 -0.09 0.51
152 264.0 149.0 76.0 25.0 1.68 -2.58 0.16 0.42 1.04 1.83
153 250.0 154.0 73.0 24.0 1.77 -0.19 -0.16 0.22 1.57 4.13
154 235.0 160.0 71.0 24.0 1.11 0.4 -0.23 1.91 1.36 2.49
155 228.0 157.0 69.0 24.0 0.77 0.04 -0.24 0.38 0.52 0.85
156 220.0 160.0 67.0 23.0 0.12 -0.72 -0.29 -0.03 0.1 0.79
157 209.0 161.0 68.0 24.0 -0.36 -0.8 -0.3 0.58 -0.54 0.42
158 195.0 161.0 66.0 24.0 -0.45 -0.68 -0.25 0.83 -1.03 -0.17
159 181.0 162.0 72.0 23.0 -0.28 -0.39 -0.11 1.13 -0.26 -0.17
160 165.0 160.0 75.0 23.0 -0.13 -0.12 -0.11 0.66 -0.17 0.28
161 148.0 160.0 70.0 23.0 -0.16 -0.04 -0.06 0.5 -0.39 0.07
