1 22.0 95.0 68.0 24.0 0.01 0.09 -0.01 0.01 -0.12 -0.27
2 24.0 96.0 72.0 24.0 0.01 0.08 -0.0 -0.03 -0.09 -0.3
3 23.0 95.0 74.0 23.0 0.02 0.07 -0.0 -0.08 -0.08 -0.31
4 23.0 95.0 73.0 23.0 0.01 0.03 0.0 -0.04 -0.05 -0.26
5 22.0 96.0 72.0 23.0 0.0 0.0 0.0 -0.05 -0.06 -0.19
6 32.0 96.0 68.0 24.0 0.0 -0.01 0.01 -0.05 -0.06 -0.22
7 30.0 95.0 69.0 23.0 0.0 -0.01 0.01 0.0 -0.03 -0.21
8 28.0 96.0 70.0 24.0 0.0 0.01 0.02 0.04 -0.06 -0.14
9 25.0 95.0 72.0 23.0 0.0 0.03 0.02 0.04 -0.09 -0.19
10 26.0 96.0 68.0 22.0 0.0 0.05 0.02 0.04 -0.05 -0.22
11 25.0 94.0 65.0 23.0 0.01 0.05 0.02 -0.05 -0.03 -0.23
12 26.0 95.0 64.0 23.0 0.0 0.05 0.03 -0.05 -0.04 -0.22
13 26.0 92.0 64.0 24.0 -0.0 0.05 0.03 -0.04 -0.02 -0.25
14 24.0 91.0 63.0 23.0 -0.01 0.05 0.03 0.0 -0.01 -0.17
15 23.0 91.0 63.0 24.0 -0.01 0.06 0.03 -0.02 -0.05 -0.18
16 23.0 91.0 70.0 24.0 -0.01 0.1 0.03 -0.05 -0.05 -0.18
17 23.0 89.0 69.0 25.0 -0.02 0.11 0.04 -0.09 -0.11 -0.1
18 22.0 85.0 67.0 25.0 -0.03 0.11 0.04 -0.12 -0.14 -0.1
19 21.0 82.0 69.0 40.0 -0.07 0.11 0.07 -0.06 -0.13 0.03
20 26.0 93.0 67.0 36.0 -0.13 0.14 0.1 0.11 -0.02 0.58
21 66.0 103.0 72.0 84.0 -0.18 0.18 0.11 0.17 -0.02 0.79
22 76.0 106.0 68.0 70.0 -0.3 0.35 0.12 0.06 -0.01 1.21
23 80.0 106.0 66.0 81.0 -0.43 0.62 0.1 -0.23 -0.1 1.38
24 76.0 110.0 63.0 71.0 -0.45 0.72 0.09 -0.4 -0.08 1.21
25 64.0 119.0 62.0 75.0 -0.42 0.68 0.06 -1.06 0.09 1.05
26 56.0 110.0 61.0 66.0 -0.45 0.28 0.14 -1.33 0.71 1.14
27 61.0 123.0 59.0 55.0 -0.53 0.07 0.23 -1.17 0.72 1.06
28 62.0 136.0 57.0 47.0 -0.56 -0.48 0.15 -4.53 -5.59 1.92
29 64.0 144.0 57.0 43.0 0.48 -2.26 -0.31 -0.33 3.2 1.67
30 68.0 132.0 58.0 39.0 -0.08 -2.6 0.02 -1.25 -1.91 1.05
31 69.0 154.0 59.0 35.0 -0.05 -3.05 0.17 -1.97 0.02 0.35
32 65.0 152.0 63.0 33.0 -0.09 -3.2 0.14 -1.33 0.02 1.05
33 70.0 174.0 67.0 31.0 -0.09 -3.22 0.16 -1.59 -0.05 1.06
34 69.0 185.0 81.0 30.0 -0.02 -3.41 0.24 -1.17 0.27 1.12
35 73.0 184.0 86.0 28.0 0.09 -3.69 0.33 -1.25 0.26 1.01
36 73.0 172.0 92.0 27.0 0.13 -3.89 0.37 -1.53 0.28 0.97
37 83.0 179.0 86.0 29.0 0.11 -4.5 0.38 -1.71 0.25 0.74
38 116.0 177.0 93.0 28.0 -0.04 -5.49 0.32 -2.35 0.28 -0.08
39 136.0 199.0 109.0 33.0 -0.11 -6.22 0.27 -2.07 0.42 -0.82
40 136.0 192.0 131.0 34.0 -0.17 -7.72 0.13 -2.2 0.5 -1.67
41 141.0 196.0 141.0 33.0 -0.13 -8.72 0.05 -1.26 0.87 -2.06
42 296.0 205.0 133.0 33.0 -0.09 -8.88 0.04 -1.03 0.93 -2.01
43 327.0 238.0 140.0 31.0 -0.14 -8.27 0.06 -0.95 0.96 -2.3
44 359.0 223.0 130.0 29.0 -0.31 -7.11 0.25 -0.89 0.88 -2.44
45 328.0 224.0 142.0 29.0 -0.4 -6.6 0.33 -1.34 0.88 -2.34
46 381.0 236.0 143.0 30.0 -0.39 -5.87 0.49 -1.13 0.57 -2.17
47 397.0 271.0 154.0 28.0 -0.43 -4.97 0.75 -0.97 0.67 -1.79
48 454.0 282.0 139.0 28.0 -0.48 -4.63 0.86 -1.23 0.23 -1.34
49 519.0 287.0 126.0 26.0 -0.54 -4.22 0.99 -1.22 0.11 -0.93
50 519.0 351.0 121.0 26.0 -0.58 -3.89 1.09 -0.5 0.0 -0.8
51 448.0 362.0 118.0 27.0 -0.61 -3.59 1.1 -0.43 -0.08 -0.69
52 446.0 330.0 109.0 29.0 -0.61 -2.98 1.04 -0.76 -0.18 -0.31
53 385.0 315.0 134.0 30.0 -0.46 -2.48 0.87 -0.1 -0.54 0.21
54 371.0 276.0 131.0 28.0 -0.38 -2.24 0.78 0.23 -0.53 0.37
55 420.0 302.0 119.0 28.0 -0.23 -1.82 0.64 0.11 -0.37 0.28
56 391.0 283.0 130.0 29.0 -0.13 -1.52 0.51 0.09 -0.01 0.05
57 372.0 269.0 121.0 28.0 -0.09 -1.38 0.44 -0.03 0.04 0.0
58 382.0 322.0 124.0 28.0 -0.04 -1.14 0.36 0.1 0.47 -0.01
59 429.0 329.0 143.0 29.0 -0.05 -1.01 0.3 0.03 0.69 -0.04
60 387.0 341.0 140.0 30.0 -0.08 -0.95 0.26 0.0 0.72 -0.07
61 384.0 418.0 133.0 29.0 -0.11 -0.86 0.21 0.1 0.85 0.02
62 347.0 369.0 134.0 30.0 -0.18 -0.75 0.18 -0.02 0.67 0.18
63 376.0 354.0 131.0 31.0 -0.18 -0.69 0.15 0.13 0.62 0.3
64 388.0 337.0 146.0 29.0 -0.23 -0.57 0.09 0.04 0.55 0.31
65 397.0 350.0 150.0 32.0 -0.25 -0.43 0.05 -0.1 0.46 0.56
66 419.0 378.0 160.0 31.0 -0.25 -0.38 0.02 -0.14 0.35 0.56
67 418.0 339.0 155.0 30.0 -0.2 -0.32 -0.01 -0.22 0.38 0.52
68 393.0 330.0 163.0 28.0 -0.15 -0.23 -0.04 -0.18 0.32 0.71
69 495.0 366.0 167.0 30.0 -0.14 -0.18 -0.05 -0.45 0.35 0.7
70 531.0 339.0 170.0 43.0 -0.09 -0.15 -0.07 -0.31 0.46 0.52
71 456.0 339.0 157.0 70.0 -0.06 -0.07 -0.06 -0.5 0.43 0.32
72 510.0 330.0 152.0 63.0 -0.04 -0.09 -0.06 -0.28 0.47 0.33
73 523.0 332.0 144.0 65.0 0.01 -0.05 -0.02 -0.02 0.48 -0.17
74 507.0 323.0 163.0 57.0 0.06 0.06 0.07 -0.17 0.23 0.43
75 594.0 357.0 163.0 54.0 0.09 0.05 0.09 -0.35 0.11 0.8
76 535.0 344.0 154.0 47.0 0.14 -0.0 0.05 -0.05 0.18 0.84
77 504.0 354.0 174.0 43.0 0.15 -0.02 0.03 0.11 0.34 0.53
78 462.0 334.0 165.0 39.0 0.18 0.03 -0.0 0.0 0.21 0.51
79 410.0 322.0 147.0 36.0 0.21 0.07 -0.05 0.07 0.23 0.43
80 457.0 300.0 153.0 35.0 0.21 0.09 -0.07 0.0 0.27 0.18
81 433.0 289.0 156.0 35.0 0.2 0.12 -0.1 -0.05 0.24 0.16
82 428.0 296.0 146.0 33.0 0.14 0.11 -0.11 -0.13 0.28 -0.11
83 390.0 300.0 133.0 31.0 0.1 0.1 -0.1 -0.35 0.22 -0.25
84 408.0 313.0 150.0 30.0 0.03 0.07 -0.07 -0.45 0.24 -0.34
85 451.0 323.0 176.0 30.0 -0.02 0.04 -0.04 -0.48 0.12 -0.29
86 458.0 332.0 170.0 29.0 -0.04 0.05 -0.03 -0.51 0.0 -0.04
87 488.0 342.0 166.0 31.0 -0.07 0.02 -0.03 -0.37 0.01 -0.01
88 455.0 316.0 158.0 46.0 -0.09 0.03 -0.03 -0.4 0.01 0.01
89 429.0 299.0 150.0 42.0 -0.1 0.05 -0.03 -0.23 0.0 0.04
90 436.0 279.0 147.0 40.0 -0.1 0.08 -0.02 -0.18 -0.01 0.04
91 449.0 293.0 158.0 38.0 -0.08 0.07 0.0 -0.2 0.09 0.21
92 426.0 274.0 157.0 35.0 -0.09 0.06 0.0 -0.22 0.11 0.33
93 479.0 281.0 145.0 33.0 -0.07 0.03 0.02 -0.16 0.18 0.38
94 442.0 300.0 138.0 34.0 -0.09 0.05 0.04 -0.22 0.14 0.43
95 411.0 325.0 140.0 34.0 -0.09 0.02 0.05 -0.01 0.18 0.49
96 397.0 322.0 132.0 36.0 -0.08 -0.01 0.05 -0.01 0.2 0.42
97 402.0 336.0 144.0 35.0 -0.06 -0.03 0.04 0.13 0.17 0.36
98 423.0 329.0 146.0 35.0 -0.05 -0.04 0.03 0.34 0.24 0.19
99 377.0 355.0 160.0 33.0 -0.05 -0.01 0.03 0.13 0.19 0.25
100 342.0 363.0 160.0 31.0 -0.03 -0.02 0.01 0.08 0.21 0.42
101 366.0 331.0 153.0 32.0 -0.02 -0.02 0.01 0.1 0.23 0.33
102 399.0 336.0 145.0 32.0 -0.02 0.03 0.01 0.03 0.27 0.27
103 379.0 341.0 134.0 31.0 -0.01 0.05 -0.0 0.02 0.23 0.19
104 432.0 312.0 131.0 31.0 -0.02 0.07 -0.01 -0.02 0.24 0.08
105 383.0 299.0 124.0 30.0 -0.01 0.07 -0.01 -0.09 0.21 0.14
106 400.0 331.0 131.0 30.0 -0.0 0.03 -0.01 -0.14 0.15 0.31
107 384.0 300.0 132.0 27.0 -0.0 0.02 -0.01 -0.07 0.13 0.32
108 354.0 290.0 126.0 28.0 0.01 0.03 -0.0 0.0 0.06 0.4
109 323.0 276.0 127.0 29.0 0.04 0.04 -0.01 0.04 0.06 0.28
110 282.0 311.0 113.0 30.0 0.05 0.06 -0.01 -0.01 0.06 0.23
111 284.0 275.0 100.0 29.0 0.05 0.07 -0.03 0.0 0.09 0.19
112 259.0 294.0 95.0 30.0 0.06 0.06 -0.04 0.0 0.1 0.08
113 247.0 288.0 106.0 34.0 0.06 0.05 -0.05 -0.09 0.06 0.0
114 247.0 272.0 105.0 34.0 0.06 0.07 -0.07 -0.12 0.02 -0.02
115 292.0 265.0 109.0 32.0 0.07 0.04 -0.07 -0.18 -0.03 0.04
116 270.0 244.0 118.0 36.0 0.08 0.03 -0.05 -0.23 0.01 0.16
117 302.0 231.0 107.0 35.0 0.07 0.05 -0.02 -0.42 0.14 0.19
118 261.0 230.0 99.0 32.0 0.05 0.07 0.0 -0.43 0.08 0.15
119 224.0 212.0 95.0 32.0 0.04 0.08 0.01 -0.3 0.15 -0.02
120 189.0 205.0 87.0 30.0 0.04 0.07 0.02 -0.24 0.18 -0.11
121 172.0 192.0 84.0 30.0 0.05 0.11 0.03 -0.23 0.07 -0.11
122 138.0 176.0 80.0 29.0 0.06 0.16 0.02 -0.24 0.11 -0.24
123 115.0 161.0 76.0 28.0 0.08 0.27 -0.03 -0.21 0.13 -0.24
124 99.0 143.0 70.0 28.0 0.13 0.46 -0.08 -0.21 0.12 -0.13
125 82.0 128.0 67.0 27.0 0.15 0.59 -0.1 -0.01 0.18 -0.08
126 69.0 115.0 65.0 26.0 0.24 0.97 -0.14 0.07 0.14 -0.1
127 62.0 105.0 64.0 27.0 0.35 1.61 -0.17 -0.1 0.4 -0.19
128 78.0 110.0 65.0 39.0 0.4 2.07 -0.2 -0.17 0.65 -0.25
129 147.0 113.0 64.0 46.0 0.47 3.29 -0.25 -0.51 0.87 -0.13
130 179.0 107.0 62.0 44.0 0.38 4.58 -0.33 -1.25 0.77 -0.86
131 203.0 104.0 61.0 41.0 0.28 5.12 -0.37 -3.02 0.47 -1.54
132 174.0 100.0 59.0 41.0 0.26 5.8 -0.52 -2.4 0.45 -1.69
133 155.0 96.0 58.0 38.0 0.47 6.44 -0.68 -1.6 0.72 -2.42
134 144.0 96.0 56.0 42.0 0.59 6.77 -0.71 -1.57 0.84 -2.86
135 124.0 94.0 54.0 47.0 0.77 7.56 -0.69 -1.57 0.74 -2.93
136 114.0 95.0 52.0 47.0 0.78 8.21 -0.61 -1.28 0.39 -2.58
137 112.0 104.0 53.0 60.0 0.8 8.46 -0.57 -0.64 0.17 -2.51
138 107.0 112.0 53.0 67.0 0.91 8.9 -0.5 -0.7 0.5 -2.42
139 91.0 110.0 52.0 59.0 0.9 9.18 -0.4 -0.07 0.49 -3.12
140 130.0 106.0 53.0 51.0 0.88 9.32 -0.33 -0.83 0.42 -2.75
141 106.0 100.0 56.0 45.0 0.82 9.51 -0.23 -1.25 0.16 -2.14
142 93.0 99.0 57.0 43.0 0.57 9.02 -0.25 -1.24 -0.58 -0.55
143 117.0 100.0 57.0 38.0 0.52 8.62 -0.36 -0.98 -0.82 0.43
144 103.0 102.0 56.0 35.0 0.74 7.01 -0.33 -1.51 -0.24 0.15
145 120.0 103.0 58.0 33.0 0.72 5.41 -0.73 -0.83 -1.07 -0.98
146 149.0 104.0 58.0 31.0 0.93 4.51 -0.72 1.83 0.27 -1.18
147 132.0 106.0 63.0 29.0 1.22 3.33 -0.93 1.58 -1.4 -1.79
148 187.0 120.0 74.0 28.0 0.99 2.98 -1.11 -25.94 -4.61 22.58
149 227.0 125.0 73.0 28.0 1.85 0.38 -0.34 8.11 -0.91 -3.68
150 187.0 128.0 72.0 27.0 2.09 -1.55 0.36 -3.02 1.53 0.59
151 173.0 128.0 70.0 26.0 1.83 1.03 0.08 -0.56 1.47 3.77
152 172.0 130.0 71.0 26.0 1.36 0.59 0.04 0.16 0.95 2.58
153 172.0 133.0 69.0 27.0 0.43 -0.98 -0.03 0.31 0.75 1.49
154 164.0 137.0 66.0 28.0 -0.27 -1.67 -0.08 0.8 0.04 1.68
155 146.0 139.0 64.0 27.0 -0.56 -1.82 -0.1 1.15 -0.5 0.83
156 131.0 140.0 62.0 26.0 -0.72 -1.54 -0.1 0.77 -0.5 0.41
157 114.0 142.0 66.0 27.0 -0.49 -0.93 -0.1 0.91 -0.71 0.06
158 132.0 141.0 75.0 27.0 -0.38 -0.63 -0.05 0.97 -0.48 0.43
159 109.0 143.0 74.0 28.0 -0.15 -0.07 0.01 0.88 -0.41 0.34
160 92.0 144.0 76.0 29.0 -0.03 0.17 0.02 0.55 -0.31 0.17
161 78.0 142.0 76.0 27.0 -0.01 0.15 0.01 -0.18 -0.38 -0.31
162 65.0 142.0 74.0 27.0 0.07 0.14 0.03 -0.37 -0.32 -0.37
163 63.0 141.0 72.0 26.0 0.12 0.16 0.07 -0.51 -0.31 -0.39
164 57.0 138.0 78.0 26.0 0.15 0.15 0.07 -0.37 -0.21 -0.51
165 50.0 137.0 77.0 26.0 0.19 0.09 0.08 -0.29 -0.19 -0.44
166 49.0 136.0 77.0 25.0 0.18 -0.05 0.05 -0.18 -0.15 0.03
167 43.0 134.0 73.0 25.0 0.15 -0.13 0.04 -0.08 -0.09 0.02
168 55.0 133.0 73.0 25.0 0.07 -0.26 0.03 -0.01 -0.25 0.18
169 48.0 131.0 70.0 24.0 -0.0 -0.33 0.04 0.11 -0.25 0.29
170 53.0 130.0 80.0 24.0 -0.03 -0.33 0.04 0.29 -0.25 0.15
171 49.0 130.0 90.0 24.0 -0.07 -0.29 0.03 0.38 -0.29 0.21
172 43.0 129.0 86.0 24.0 -0.08 -0.23 0.02 0.42 -0.25 0.32
173 39.0 129.0 84.0 24.0 -0.08 -0.17 0.01 0.32 -0.32 0.23
174 39.0 127.0 82.0 24.0 -0.09 -0.06 0.0 0.3 -0.32 0.2
175 37.0 125.0 78.0 24.0 -0.08 -0.01 0.0 0.26 -0.33 0.04
176 36.0 124.0 95.0 23.0 -0.08 0.01 0.01 0.07 -0.37 0.05
177 34.0 119.0 87.0 23.0 -0.06 0.05 0.02 0.1 -0.34 0.05
178 34.0 118.0 87.0 24.0 -0.05 0.09 0.03 0.15 -0.33 0.0
179 36.0 116.0 83.0 23.0 -0.04 0.12 0.03 0.02 -0.22 -0.07
180 33.0 116.0 83.0 24.0 -0.01 0.16 0.03 0.01 -0.18 -0.05
181 30.0 115.0 88.0 23.0 -0.01 0.16 0.02 -0.03 -0.16 -0.01
182 29.0 113.0 87.0 23.0 -0.02 0.14 0.01 -0.08 -0.18 -0.02
