1 16.0 73.0 71.0 23.0 -0.01 -0.0 0.01 -0.05 0.06 -0.01
2 16.0 72.0 73.0 23.0 0.0 0.01 0.01 -0.11 0.08 0.02
3 16.0 72.0 74.0 23.0 0.0 0.01 0.01 -0.1 0.1 -0.01
4 16.0 72.0 69.0 23.0 0.01 0.0 0.02 -0.08 0.09 0.0
5 16.0 71.0 70.0 23.0 0.01 0.01 0.01 -0.14 0.08 0.02
6 15.0 68.0 70.0 23.0 0.01 0.01 0.0 -0.15 0.06 0.04
7 16.0 70.0 72.0 23.0 -0.0 -0.0 -0.01 -0.16 0.07 0.05
8 15.0 69.0 73.0 23.0 -0.01 -0.01 -0.0 0.0 0.05 0.0
9 16.0 69.0 72.0 23.0 0.0 -0.0 0.0 -0.01 0.01 -0.01
10 15.0 68.0 70.0 23.0 0.0 0.01 0.0 -0.09 0.12 0.02
11 16.0 69.0 77.0 23.0 0.0 -0.0 0.01 -0.03 0.11 0.02
12 16.0 68.0 72.0 24.0 0.01 0.0 0.01 -0.07 0.1 0.03
13 17.0 68.0 71.0 23.0 -0.0 0.01 0.01 -0.09 0.09 0.0
14 16.0 68.0 69.0 23.0 -0.01 0.01 0.0 -0.19 0.09 0.02
15 16.0 68.0 71.0 23.0 -0.01 0.0 0.01 -0.18 0.1 0.0
16 16.0 67.0 80.0 23.0 -0.01 -0.02 0.01 -0.04 0.09 0.01
17 16.0 68.0 75.0 23.0 -0.01 -0.01 0.01 -0.09 0.04 -0.03
18 16.0 68.0 72.0 23.0 -0.01 -0.01 0.02 -0.08 0.01 -0.07
19 16.0 68.0 83.0 23.0 0.01 0.0 0.02 -0.05 0.07 0.0
20 16.0 69.0 82.0 23.0 0.01 0.01 0.01 -0.07 0.13 0.02
21 16.0 69.0 78.0 23.0 0.0 0.02 0.01 -0.15 0.14 0.04
22 16.0 68.0 77.0 23.0 -0.02 -0.01 0.01 -0.14 0.1 0.01
23 16.0 68.0 79.0 23.0 -0.02 -0.02 0.01 -0.1 0.03 -0.04
24 16.0 67.0 74.0 22.0 -0.02 -0.02 0.01 -0.15 0.04 0.0
25 16.0 66.0 71.0 23.0 -0.02 -0.04 0.02 -0.17 0.11 0.0
26 14.0 69.0 70.0 34.0 -0.03 -0.08 0.03 -0.01 0.29 0.14
27 15.0 79.0 70.0 125.0 -0.04 -0.1 0.05 0.18 0.37 0.23
28 16.0 92.0 69.0 125.0 -0.12 -0.05 0.1 0.35 0.05 0.5
29 16.0 99.0 69.0 187.0 -0.21 0.18 0.18 0.24 -0.05 0.7
30 16.0 154.0 67.0 195.0 -0.25 0.38 0.21 0.43 -0.08 0.94
31 17.0 152.0 64.0 188.0 -0.3 0.75 0.25 1.21 0.27 1.01
32 34.0 184.0 71.0 180.0 -0.7 0.05 0.45 0.71 -0.17 1.6
33 45.0 209.0 76.0 160.0 -0.61 0.47 0.43 1.54 0.43 2.39
34 40.0 213.0 76.0 151.0 -0.24 0.95 0.38 0.58 -0.23 3.53
35 39.0 223.0 84.0 154.0 -0.3 0.64 0.58 -3.86 -2.26 4.87
36 45.0 220.0 85.0 123.0 -0.41 0.75 0.69 -5.63 -4.33 5.49
37 42.0 222.0 80.0 103.0 0.07 1.05 0.69 -3.11 -0.19 2.39
38 56.0 222.0 86.0 86.0 -0.03 1.86 0.74 -3.53 -0.7 2.92
39 89.0 216.0 87.0 72.0 0.21 1.31 0.73 -3.2 -0.66 3.48
40 116.0 235.0 91.0 62.0 0.82 -0.27 0.84 -2.55 -0.34 2.57
41 159.0 231.0 92.0 54.0 1.26 -1.54 1.04 -1.87 -0.37 1.91
42 184.0 292.0 90.0 49.0 1.37 -2.03 1.07 -0.85 -0.11 1.51
43 247.0 258.0 99.0 45.0 1.26 -2.55 1.02 -1.14 -0.04 1.04
44 278.0 244.0 99.0 48.0 0.93 -3.27 0.77 -1.59 -0.03 0.01
45 317.0 239.0 101.0 49.0 0.78 -4.19 0.56 -2.35 -0.09 -0.68
46 402.0 221.0 135.0 47.0 0.83 -6.59 0.12 -1.53 0.11 -2.69
47 409.0 205.0 132.0 52.0 0.92 -7.84 -0.1 -0.05 1.26 -4.37
48 353.0 215.0 130.0 50.0 0.75 -7.75 -0.15 -0.17 0.97 -4.67
49 321.0 216.0 124.0 50.0 0.54 -7.11 -0.2 -0.04 0.75 -4.82
50 340.0 233.0 134.0 51.0 0.43 -6.24 -0.14 0.12 0.82 -4.81
51 350.0 254.0 132.0 55.0 0.33 -5.68 -0.05 0.38 0.61 -4.6
52 332.0 235.0 146.0 50.0 0.1 -4.53 0.17 -0.57 0.13 -3.44
53 336.0 234.0 164.0 53.0 -0.13 -3.82 0.32 -0.63 -0.17 -2.57
54 426.0 242.0 153.0 48.0 -0.18 -3.58 0.39 -0.62 -0.38 -2.48
55 420.0 267.0 160.0 52.0 -0.3 -3.21 0.57 -1.14 -0.24 -1.95
56 503.0 286.0 172.0 58.0 -0.4 -2.93 0.71 -1.3 -0.41 -1.31
57 478.0 272.0 159.0 53.0 -0.38 -2.87 0.74 -1.17 -0.3 -0.96
58 462.0 287.0 160.0 52.0 -0.37 -2.71 0.76 -1.08 -0.09 -0.72
59 448.0 323.0 156.0 50.0 -0.42 -2.49 0.75 -0.68 0.24 -0.98
60 428.0 353.0 172.0 49.0 -0.42 -2.32 0.7 -0.48 0.35 -1.1
61 457.0 322.0 179.0 45.0 -0.38 -2.05 0.58 0.0 0.34 -0.68
62 405.0 303.0 163.0 41.0 -0.41 -1.74 0.46 -0.34 0.0 -0.02
63 408.0 290.0 153.0 38.0 -0.37 -1.65 0.41 -0.28 0.05 0.07
64 413.0 271.0 165.0 38.0 -0.29 -1.35 0.33 -0.12 0.1 0.07
65 399.0 258.0 162.0 35.0 -0.22 -1.03 0.27 0.23 0.14 0.05
66 429.0 283.0 176.0 34.0 -0.16 -0.89 0.24 0.13 0.09 0.2
67 405.0 262.0 175.0 33.0 -0.08 -0.57 0.13 0.28 0.02 0.29
68 418.0 269.0 169.0 31.0 0.06 -0.28 -0.0 0.1 0.09 0.27
69 378.0 255.0 158.0 33.0 0.1 -0.13 -0.07 0.0 0.15 0.15
70 370.0 266.0 147.0 33.0 0.15 0.06 -0.17 -0.35 0.36 -0.17
71 330.0 299.0 148.0 30.0 0.13 0.23 -0.22 -0.61 0.55 -0.39
72 319.0 305.0 144.0 29.0 0.11 0.26 -0.24 -0.63 0.63 -0.61
73 353.0 304.0 141.0 28.0 0.11 0.16 -0.21 -0.73 0.66 -0.62
74 356.0 275.0 138.0 29.0 0.06 0.12 -0.18 -0.83 0.53 -0.59
75 350.0 269.0 156.0 34.0 0.04 0.11 -0.16 -0.94 0.56 -0.58
76 403.0 258.0 147.0 36.0 -0.02 0.11 -0.1 -1.01 0.34 -0.36
77 424.0 260.0 145.0 32.0 -0.02 0.05 -0.07 -0.64 0.22 -0.22
78 407.0 270.0 149.0 37.0 -0.04 -0.09 -0.03 -0.51 0.28 -0.29
79 400.0 274.0 150.0 36.0 -0.04 -0.05 0.03 -0.21 0.12 -0.09
80 443.0 263.0 143.0 34.0 -0.05 -0.02 0.04 -0.17 0.3 -0.14
81 430.0 323.0 147.0 32.0 -0.02 0.02 0.03 -0.21 0.22 -0.14
82 419.0 320.0 159.0 39.0 -0.0 0.03 0.02 -0.16 0.33 -0.12
83 432.0 302.0 156.0 37.0 -0.01 0.06 0.02 -0.39 0.33 -0.08
84 385.0 292.0 153.0 36.0 -0.01 -0.0 0.03 -0.39 0.4 -0.07
85 387.0 317.0 162.0 43.0 -0.02 -0.11 0.04 -0.44 0.38 -0.09
86 332.0 343.0 162.0 38.0 -0.04 -0.12 0.06 -0.41 0.33 -0.13
87 380.0 304.0 145.0 35.0 -0.05 -0.16 0.08 -0.37 0.3 -0.26
88 352.0 290.0 138.0 37.0 -0.02 -0.3 0.11 -0.09 0.24 -0.21
89 344.0 291.0 152.0 40.0 -0.03 -0.25 0.14 0.0 0.3 -0.14
90 408.0 342.0 142.0 38.0 -0.04 -0.19 0.14 -0.01 0.3 -0.19
91 424.0 325.0 136.0 41.0 -0.06 -0.15 0.13 -0.07 0.33 -0.31
92 416.0 298.0 143.0 40.0 -0.05 -0.17 0.12 -0.07 0.32 -0.35
93 599.0 311.0 136.0 37.0 -0.03 -0.19 0.12 -0.29 0.32 -0.26
94 538.0 293.0 127.0 37.0 -0.06 -0.15 0.11 -0.45 0.39 -0.23
95 612.0 279.0 138.0 34.0 -0.07 -0.17 0.11 -0.46 0.32 -0.11
96 551.0 269.0 135.0 38.0 -0.1 -0.25 0.1 -0.33 0.26 -0.2
97 494.0 324.0 131.0 39.0 -0.12 -0.22 0.07 0.11 0.31 -0.3
98 510.0 323.0 141.0 40.0 -0.13 -0.21 0.05 0.28 0.16 -0.26
99 501.0 310.0 137.0 39.0 -0.12 -0.16 0.02 0.37 0.16 -0.27
100 474.0 278.0 131.0 35.0 -0.09 0.02 -0.0 0.37 -0.01 -0.13
101 448.0 258.0 135.0 34.0 -0.07 0.08 -0.02 0.14 -0.03 -0.04
102 479.0 236.0 132.0 38.0 -0.02 0.16 -0.06 -0.11 0.04 -0.02
103 467.0 224.0 132.0 35.0 -0.01 0.18 -0.07 -0.34 0.18 -0.1
104 443.0 234.0 136.0 35.0 -0.02 0.17 -0.07 -0.63 0.23 -0.15
105 420.0 235.0 127.0 35.0 -0.04 0.09 -0.06 -0.59 0.19 -0.11
106 396.0 235.0 122.0 34.0 -0.05 0.02 -0.03 -0.45 0.16 -0.09
107 435.0 235.0 127.0 33.0 -0.04 0.01 -0.01 -0.34 0.1 -0.04
108 422.0 258.0 133.0 33.0 -0.01 0.03 0.01 -0.38 0.11 0.0
109 408.0 232.0 130.0 34.0 0.0 0.0 0.0 -0.41 0.26 0.05
110 414.0 227.0 141.0 34.0 0.0 0.01 0.0 -0.45 0.28 0.0
111 400.0 208.0 144.0 31.0 -0.01 0.0 0.01 -0.4 0.32 -0.04
112 434.0 233.0 140.0 32.0 -0.02 0.01 0.02 -0.29 0.3 -0.14
113 382.0 227.0 137.0 33.0 -0.02 0.02 0.02 -0.1 0.25 -0.1
114 353.0 237.0 137.0 31.0 0.0 0.03 0.02 -0.13 0.25 -0.09
115 345.0 221.0 134.0 32.0 0.02 0.06 -0.01 -0.06 0.23 -0.12
116 340.0 208.0 127.0 31.0 0.02 0.07 -0.03 -0.07 0.32 -0.1
117 323.0 205.0 130.0 29.0 -0.01 0.12 -0.04 -0.1 0.33 -0.17
118 305.0 201.0 144.0 29.0 -0.01 0.1 -0.04 -0.08 0.26 -0.38
119 354.0 217.0 145.0 29.0 -0.01 0.1 -0.03 -0.03 0.23 -0.29
120 344.0 195.0 138.0 28.0 -0.0 0.08 -0.03 -0.3 0.15 -0.23
121 334.0 190.0 142.0 28.0 -0.01 0.07 -0.02 -0.32 0.2 -0.13
122 313.0 189.0 142.0 28.0 -0.02 0.09 -0.02 -0.36 0.22 -0.18
123 318.0 187.0 132.0 29.0 -0.02 0.1 -0.0 -0.36 0.09 -0.12
124 323.0 181.0 127.0 29.0 -0.03 0.1 0.01 -0.29 0.07 -0.11
125 292.0 164.0 128.0 27.0 -0.01 0.07 0.0 -0.12 0.11 -0.25
126 246.0 145.0 128.0 28.0 0.01 0.09 -0.02 -0.04 0.08 -0.28
127 217.0 133.0 122.0 28.0 0.0 0.22 -0.05 -0.23 0.05 -0.43
128 185.0 154.0 118.0 27.0 -0.0 0.3 -0.07 -0.11 0.0 -0.34
129 161.0 144.0 115.0 26.0 -0.03 0.45 -0.09 -0.26 -0.05 -0.34
130 137.0 142.0 110.0 26.0 -0.03 0.61 -0.13 -0.2 -0.22 -0.21
131 117.0 159.0 111.0 26.0 -0.04 0.76 -0.13 -0.01 -0.26 -0.35
132 98.0 184.0 109.0 27.0 -0.04 1.28 -0.16 0.06 -0.16 -0.73
133 84.0 187.0 109.0 26.0 -0.03 2.08 -0.17 0.17 0.02 -1.09
134 74.0 163.0 110.0 29.0 -0.06 2.51 -0.17 -0.72 0.09 -1.42
135 63.0 156.0 111.0 31.0 -0.06 3.23 -0.21 -0.97 0.02 -1.62
136 63.0 163.0 110.0 31.0 -0.08 3.91 -0.2 -0.73 0.14 -1.72
137 56.0 154.0 110.0 30.0 -0.09 4.22 -0.18 -0.95 0.0 -2.05
138 70.0 146.0 108.0 29.0 -0.1 4.72 -0.07 -1.23 0.05 -2.43
139 72.0 135.0 107.0 28.0 -0.04 5.23 0.01 -2.0 0.07 -3.06
140 62.0 137.0 105.0 36.0 -0.01 5.46 0.04 -2.56 0.15 -3.23
141 68.0 134.0 102.0 33.0 0.13 5.86 0.0 -2.7 0.28 -3.04
142 61.0 128.0 100.0 31.0 0.22 6.06 0.0 -1.9 0.79 -3.34
143 55.0 125.0 97.0 29.0 0.22 6.11 0.05 -2.52 0.85 -2.27
144 49.0 133.0 94.0 33.0 0.18 6.11 0.13 -2.41 0.68 -1.71
145 58.0 129.0 92.0 32.0 0.05 6.06 0.15 -1.99 0.61 -0.85
146 69.0 132.0 91.0 31.0 -0.02 5.96 0.14 -1.24 0.48 -0.76
147 61.0 126.0 92.0 34.0 -0.1 5.66 0.06 -0.96 0.44 -1.05
148 51.0 127.0 91.0 31.0 -0.13 5.1 -0.07 -0.8 0.74 -1.84
149 48.0 120.0 91.0 29.0 -0.13 4.76 -0.13 -0.49 0.68 -1.16
150 49.0 117.0 92.0 29.0 -0.17 4.18 -0.26 -0.29 0.66 -0.78
151 52.0 115.0 93.0 27.0 -0.27 3.68 -0.45 -0.31 0.81 -0.35
152 91.0 113.0 94.0 26.0 -0.38 3.2 -0.37 -0.99 -1.0 -0.49
153 134.0 111.0 95.0 25.0 -0.2 1.92 -0.72 0.33 -0.07 -1.06
154 160.0 115.0 95.0 25.0 -0.44 1.01 -1.0 0.76 -0.15 -2.02
155 173.0 116.0 95.0 25.0 -0.56 0.87 -1.23 -3.86 -0.55 -2.95
156 182.0 130.0 102.0 24.0 1.57 -1.88 -0.81 -31.68 -9.41 26.68
157 206.0 132.0 99.0 24.0 2.59 -6.32 0.18 8.35 -0.02 4.63
158 218.0 133.0 99.0 24.0 2.68 -1.49 -0.5 6.67 6.93 2.91
159 190.0 139.0 100.0 24.0 1.5 -1.09 -0.55 7.91 1.1 1.74
160 207.0 147.0 106.0 24.0 0.6 -1.08 -0.3 4.51 1.1 2.64
161 180.0 157.0 111.0 24.0 0.27 -0.29 -0.35 5.67 0.88 1.59
162 157.0 163.0 105.0 24.0 0.06 1.33 -0.41 2.43 -0.33 1.02
163 163.0 171.0 101.0 24.0 -0.19 1.58 -0.22 -0.38 -0.43 0.06
164 141.0 174.0 97.0 24.0 -0.22 1.34 -0.14 -1.02 -0.02 -0.32
165 137.0 175.0 101.0 23.0 -0.22 0.5 -0.05 -2.21 0.01 -0.35
166 116.0 175.0 99.0 24.0 -0.28 -0.18 0.11 -1.46 -0.3 -0.8
167 97.0 173.0 98.0 24.0 -0.29 -0.45 0.19 -0.26 -0.19 -0.34
