1 26.0 72.0 74.0 23.0 -0.13 -0.15 -0.0 0.22 -0.04 0.06
2 24.0 72.0 74.0 24.0 -0.12 -0.08 0.0 0.14 0.03 0.07
3 45.0 72.0 69.0 24.0 -0.12 -0.05 0.0 0.14 -0.01 0.05
4 50.0 72.0 68.0 24.0 -0.12 -0.02 0.01 0.08 0.04 -0.03
5 44.0 70.0 66.0 23.0 -0.1 -0.0 -0.01 -0.04 0.08 0.03
6 38.0 71.0 65.0 23.0 -0.09 -0.01 -0.01 -0.05 0.12 0.0
7 39.0 73.0 63.0 24.0 -0.08 -0.02 -0.02 -0.11 0.03 -0.08
8 34.0 73.0 61.0 24.0 -0.06 -0.05 -0.03 -0.11 0.03 -0.02
9 34.0 74.0 59.0 24.0 -0.06 -0.07 -0.04 -0.09 -0.01 -0.06
10 31.0 75.0 59.0 23.0 -0.04 -0.09 -0.05 -0.04 0.0 -0.06
11 27.0 75.0 61.0 23.0 -0.02 -0.1 -0.05 0.01 0.05 0.01
12 25.0 76.0 62.0 23.0 -0.02 -0.1 -0.05 0.03 0.05 0.0
13 25.0 76.0 59.0 24.0 -0.01 -0.09 -0.05 0.11 0.07 0.05
14 25.0 77.0 57.0 23.0 -0.01 -0.08 -0.05 0.06 0.06 0.03
15 28.0 77.0 55.0 23.0 -0.02 -0.06 -0.05 0.04 0.12 0.0
16 27.0 77.0 55.0 23.0 -0.01 -0.05 -0.04 0.03 0.14 0.0
17 27.0 78.0 56.0 23.0 -0.01 -0.05 -0.04 0.01 0.12 0.0
18 24.0 78.0 56.0 23.0 -0.01 -0.05 -0.04 0.02 0.03 0.0
19 23.0 78.0 56.0 23.0 0.0 -0.04 -0.04 0.02 0.01 -0.01
20 22.0 77.0 55.0 23.0 0.01 -0.03 -0.04 0.0 0.04 0.0
21 24.0 78.0 54.0 23.0 0.01 -0.02 -0.04 0.01 0.05 0.01
22 26.0 79.0 53.0 23.0 0.02 -0.01 -0.04 0.0 0.05 0.0
23 24.0 80.0 53.0 23.0 0.03 -0.0 -0.05 0.04 0.08 0.04
24 24.0 80.0 53.0 23.0 0.03 0.03 -0.05 0.05 0.12 0.06
25 23.0 79.0 54.0 30.0 0.04 0.1 -0.07 0.17 0.15 0.15
26 21.0 79.0 56.0 36.0 0.04 0.16 -0.09 0.48 0.12 0.32
27 21.0 78.0 53.0 34.0 0.04 0.38 -0.11 0.46 0.0 0.17
28 20.0 82.0 53.0 32.0 0.05 0.58 -0.13 0.19 -0.03 0.13
29 19.0 82.0 52.0 31.0 0.06 0.7 -0.15 -0.13 0.0 0.06
30 22.0 80.0 52.0 32.0 0.06 0.74 -0.15 -0.02 0.08 0.1
31 25.0 82.0 52.0 31.0 0.05 0.77 -0.13 0.02 0.19 0.2
32 26.0 87.0 52.0 32.0 -0.01 0.74 -0.11 0.18 0.35 0.42
33 27.0 104.0 57.0 95.0 -0.06 0.76 -0.08 0.31 0.33 0.49
34 37.0 124.0 57.0 86.0 -0.27 0.82 -0.03 0.34 0.2 0.79
35 46.0 155.0 56.0 78.0 -0.39 1.25 -0.0 0.92 -0.18 0.41
36 44.0 175.0 54.0 66.0 -0.26 1.69 -0.04 0.74 -0.19 0.22
37 39.0 190.0 53.0 63.0 0.12 2.33 -0.08 0.09 0.0 0.26
38 39.0 222.0 52.0 58.0 0.5 2.71 -0.14 -0.07 0.01 0.72
39 34.0 288.0 53.0 50.0 0.63 2.9 -0.18 0.07 -0.11 0.75
40 40.0 288.0 51.0 44.0 0.76 3.01 -0.15 0.22 -0.22 1.35
41 37.0 316.0 62.0 41.0 0.96 3.2 -0.1 -1.06 -0.12 0.9
42 49.0 319.0 64.0 38.0 1.21 3.53 -0.11 -1.85 -0.72 1.14
43 51.0 369.0 68.0 37.0 1.46 4.62 -0.1 -0.9 0.3 0.56
44 50.0 383.0 75.0 34.0 1.67 5.55 0.02 -2.16 0.9 0.87
45 49.0 444.0 74.0 34.0 1.73 5.84 0.08 -1.99 0.86 1.09
46 73.0 513.0 73.0 34.0 1.54 5.8 0.19 -1.39 0.96 1.19
47 73.0 564.0 87.0 32.0 1.44 5.42 0.29 -0.66 0.91 0.51
48 89.0 619.0 92.0 33.0 1.48 5.22 0.31 -0.41 0.71 -1.12
49 78.0 561.0 91.0 31.0 1.32 5.01 0.38 0.4 0.91 -0.75
50 73.0 602.0 84.0 29.0 1.03 5.23 0.42 -0.1 0.49 0.51
51 77.0 549.0 77.0 32.0 0.9 5.36 0.45 0.2 0.56 0.72
52 93.0 677.0 74.0 33.0 0.65 5.39 0.51 1.08 0.61 -0.53
53 84.0 666.0 83.0 35.0 0.56 5.21 0.56 0.95 0.56 -0.59
54 73.0 598.0 92.0 37.0 0.55 4.98 0.53 1.45 0.42 -0.44
55 72.0 639.0 90.0 35.0 0.42 4.64 0.5 2.01 0.12 -0.07
56 73.0 605.0 84.0 33.0 0.38 4.46 0.46 1.75 0.05 0.13
57 75.0 582.0 84.0 34.0 0.32 4.01 0.38 1.53 -0.21 -0.34
58 79.0 545.0 90.0 36.0 0.28 3.65 0.28 1.18 -0.43 -0.46
59 78.0 501.0 96.0 36.0 0.22 3.23 0.25 1.44 -0.56 -0.5
60 89.0 534.0 119.0 42.0 0.2 2.99 0.25 1.47 -0.51 -0.4
61 98.0 526.0 115.0 45.0 0.24 2.55 0.25 1.44 -0.69 0.15
62 117.0 559.0 121.0 56.0 0.3 2.39 0.23 0.79 -0.57 0.1
63 131.0 565.0 130.0 55.0 0.28 1.86 0.29 0.81 -0.52 0.09
64 138.0 527.0 141.0 56.0 0.29 1.54 0.25 0.95 -0.59 0.38
65 161.0 541.0 153.0 58.0 0.31 1.48 0.23 0.43 -0.81 0.35
66 176.0 552.0 166.0 60.0 0.3 1.44 0.2 0.69 -0.79 0.11
67 200.0 528.0 180.0 70.0 0.32 1.48 0.23 0.84 -0.83 0.41
68 207.0 524.0 193.0 67.0 0.32 1.55 0.19 0.11 -0.69 0.48
69 241.0 524.0 210.0 76.0 0.36 1.51 0.26 0.16 -0.75 0.57
70 245.0 583.0 225.0 78.0 0.39 1.4 0.28 0.36 -0.48 0.32
71 278.0 546.0 241.0 94.0 0.38 1.4 0.3 -0.2 -0.47 0.17
72 299.0 530.0 263.0 97.0 0.37 1.33 0.27 -0.05 -0.57 0.14
73 318.0 544.0 295.0 106.0 0.43 1.19 0.28 0.09 -0.43 0.54
74 331.0 599.0 297.0 110.0 0.45 1.21 0.25 0.24 -0.46 0.73
75 355.0 563.0 314.0 120.0 0.41 1.23 0.26 0.09 -0.46 0.73
76 363.0 508.0 324.0 127.0 0.32 1.02 0.28 -0.23 -0.65 0.38
77 378.0 536.0 349.0 140.0 0.29 0.81 0.28 -0.3 -0.59 0.01
78 387.0 536.0 375.0 145.0 0.22 0.39 0.26 -0.01 -0.46 0.2
79 401.0 488.0 385.0 160.0 0.16 0.19 0.24 -0.06 -0.38 0.45
80 419.0 454.0 393.0 180.0 0.14 0.16 0.22 0.2 -0.32 0.43
81 429.0 435.0 405.0 195.0 0.07 0.13 0.19 0.11 -0.32 0.41
82 432.0 400.0 417.0 199.0 -0.02 0.15 0.14 -0.45 -0.38 0.41
83 437.0 421.0 409.0 194.0 -0.08 0.19 0.13 -0.36 -0.36 0.2
84 439.0 359.0 434.0 224.0 -0.17 0.3 0.14 -0.27 -0.43 0.06
85 439.0 319.0 422.0 202.0 -0.2 0.49 0.18 -0.05 -0.57 -0.1
86 433.0 292.0 469.0 194.0 -0.24 0.53 0.19 0.71 -0.31 0.22
87 422.0 259.0 470.0 184.0 -0.35 0.54 0.21 0.73 -0.39 0.6
88 392.0 264.0 520.0 214.0 -0.64 0.63 0.17 1.42 -0.2 2.21
89 409.0 288.0 518.0 235.0 -0.76 0.61 0.1 0.9 0.74 -0.69
90 406.0 285.0 505.0 221.0 -1.02 0.59 -0.02 -0.14 -0.15 -3.24
91 419.0 276.0 464.0 194.0 -1.26 0.24 0.08 -2.69 -0.11 -6.95
92 401.0 263.0 486.0 195.0 -1.26 -0.06 0.23 -2.87 -3.5 -3.19
93 383.0 252.0 478.0 238.0 -1.56 -0.58 0.6 -2.94 -0.32 -2.53
94 368.0 254.0 488.0 247.0 -1.48 -0.94 0.66 2.19 -1.18 3.76
95 359.0 258.0 483.0 267.0 -0.95 -1.11 0.17 1.8 5.05 5.35
96 335.0 243.0 477.0 276.0 -0.95 -0.74 0.14 0.69 -1.14 0.43
97 336.0 256.0 454.0 263.0 -1.11 -0.79 0.02 2.83 -0.44 0.57
98 325.0 261.0 444.0 274.0 -0.87 -1.51 -0.22 1.0 -0.3 0.9
99 311.0 263.0 425.0 272.0 -0.66 -1.38 -0.23 1.05 -0.14 1.24
100 296.0 259.0 407.0 270.0 -0.49 -1.04 -0.24 0.42 -0.26 1.59
101 291.0 261.0 392.0 273.0 -0.36 -1.01 -0.24 0.31 0.06 1.94
102 270.0 260.0 357.0 281.0 -0.25 -0.98 -0.21 0.42 0.05 1.84
103 260.0 258.0 355.0 281.0 -0.09 -0.74 -0.16 0.9 -0.11 1.86
104 244.0 251.0 341.0 295.0 -0.06 -0.59 -0.17 1.1 -0.23 1.41
105 236.0 252.0 333.0 277.0 -0.03 -0.29 -0.23 1.03 -0.37 1.13
106 225.0 248.0 312.0 265.0 0.05 -0.26 -0.29 0.58 -0.43 0.6
107 223.0 246.0 301.0 264.0 0.08 -0.32 -0.31 0.34 -0.34 0.68
108 218.0 243.0 287.0 266.0 0.08 -0.36 -0.35 0.35 -0.32 0.61
109 212.0 239.0 288.0 270.0 0.04 -0.39 -0.38 0.3 -0.23 0.39
110 209.0 228.0 275.0 269.0 0.01 -0.39 -0.39 0.1 -0.18 0.3
111 202.0 228.0 265.0 268.0 -0.02 -0.34 -0.38 0.04 -0.2 0.18
112 198.0 229.0 266.0 261.0 -0.01 -0.2 -0.33 -0.16 -0.02 -0.02
113 190.0 226.0 253.0 265.0 -0.0 -0.15 -0.3 -0.44 0.12 0.13
114 183.0 219.0 253.0 260.0 0.03 -0.09 -0.24 -0.4 0.23 0.38
115 182.0 208.0 248.0 271.0 0.01 -0.12 -0.2 -0.33 0.19 0.22
116 175.0 211.0 244.0 257.0 -0.0 -0.13 -0.19 -0.16 0.14 -0.04
117 173.0 210.0 233.0 247.0 -0.03 -0.15 -0.16 -0.2 0.09 -0.14
118 173.0 208.0 233.0 256.0 -0.04 -0.18 -0.14 -0.29 0.1 0.12
