1 73.0 102.0 108.0 92.0 0.01 -0.0 0.03 -0.24 0.24 -0.02
2 74.0 101.0 107.0 93.0 0.01 -0.03 0.02 -0.13 0.27 0.0
3 75.0 103.0 107.0 95.0 0.01 -0.03 0.01 -0.05 0.23 0.03
4 75.0 98.0 106.0 94.0 0.0 -0.02 0.02 -0.03 0.23 0.04
5 74.0 98.0 106.0 89.0 -0.01 -0.02 0.03 0.05 0.2 0.11
6 74.0 96.0 106.0 82.0 -0.02 -0.01 0.03 -0.03 0.14 0.03
7 75.0 95.0 107.0 79.0 -0.01 0.06 0.04 -0.16 0.07 -0.08
8 76.0 94.0 106.0 76.0 -0.01 0.07 0.03 -0.14 0.08 -0.07
9 77.0 92.0 107.0 69.0 0.0 0.07 0.03 -0.12 0.17 -0.01
10 77.0 92.0 107.0 66.0 -0.01 0.08 0.02 -0.09 0.13 -0.02
11 77.0 92.0 107.0 61.0 -0.01 0.07 0.03 -0.12 0.13 -0.01
12 75.0 91.0 108.0 56.0 -0.01 0.07 0.03 -0.09 0.15 0.01
13 76.0 91.0 108.0 52.0 -0.01 0.09 0.04 -0.12 0.14 -0.03
14 77.0 90.0 108.0 50.0 -0.0 0.1 0.04 -0.19 0.13 -0.11
15 76.0 89.0 109.0 45.0 0.01 0.09 0.03 -0.18 0.14 -0.06
16 74.0 88.0 109.0 43.0 0.02 0.08 0.02 -0.17 0.17 -0.02
17 72.0 86.0 109.0 42.0 0.02 0.07 0.0 -0.07 0.2 -0.09
18 70.0 86.0 109.0 40.0 0.01 0.03 -0.0 -0.15 0.16 -0.09
19 68.0 84.0 110.0 38.0 0.02 0.01 0.01 -0.22 0.11 -0.08
20 67.0 84.0 111.0 37.0 0.03 0.01 0.01 -0.12 0.12 -0.05
21 68.0 85.0 112.0 34.0 0.03 0.0 0.01 -0.1 0.14 -0.01
22 67.0 87.0 113.0 34.0 0.03 -0.01 -0.0 -0.12 0.14 0.0
23 71.0 83.0 113.0 34.0 0.03 -0.01 -0.0 -0.03 0.18 0.02
24 68.0 83.0 115.0 33.0 0.03 -0.02 -0.01 -0.13 0.16 0.0
25 69.0 85.0 115.0 32.0 0.02 -0.02 -0.01 -0.03 0.13 0.02
26 67.0 86.0 115.0 32.0 0.02 -0.02 -0.01 -0.07 0.09 0.0
27 67.0 86.0 117.0 31.0 0.02 -0.02 -0.01 -0.12 0.11 -0.03
28 67.0 88.0 117.0 32.0 0.02 0.0 -0.01 -0.08 0.13 0.01
29 68.0 88.0 118.0 32.0 0.01 -0.0 -0.01 -0.13 0.13 -0.02
30 66.0 89.0 119.0 31.0 0.01 -0.01 -0.01 -0.08 0.12 0.01
31 63.0 89.0 119.0 31.0 -0.01 -0.02 0.0 -0.08 0.11 0.01
32 60.0 91.0 121.0 31.0 -0.02 -0.03 0.01 -0.06 0.1 -0.05
33 59.0 90.0 122.0 30.0 -0.01 -0.02 0.01 -0.06 0.11 -0.01
34 59.0 90.0 119.0 30.0 -0.01 -0.01 0.01 -0.08 0.11 0.0
35 57.0 88.0 121.0 30.0 -0.0 -0.01 0.01 -0.09 0.12 -0.04
36 57.0 87.0 121.0 30.0 0.0 -0.01 0.01 -0.1 0.12 -0.02
37 55.0 83.0 120.0 29.0 0.01 0.01 0.0 -0.11 0.12 -0.01
38 53.0 83.0 120.0 29.0 0.02 0.02 -0.0 -0.09 0.13 -0.03
39 55.0 83.0 119.0 29.0 0.02 0.02 -0.0 -0.1 0.14 0.03
40 50.0 82.0 118.0 28.0 0.01 0.03 -0.01 -0.04 0.13 0.05
41 47.0 80.0 118.0 29.0 -0.01 0.04 -0.01 -0.04 0.15 0.02
42 48.0 82.0 116.0 28.0 -0.02 0.05 -0.02 -0.03 0.14 0.07
43 48.0 85.0 116.0 29.0 -0.04 0.07 -0.01 -0.03 0.13 0.09
44 52.0 86.0 117.0 30.0 -0.08 0.08 -0.0 0.08 0.09 0.23
45 52.0 95.0 118.0 42.0 -0.1 0.11 0.01 0.1 0.04 0.29
46 67.0 141.0 120.0 51.0 -0.08 0.32 0.03 0.14 0.03 0.32
47 77.0 176.0 119.0 54.0 -0.04 0.63 0.03 0.21 0.15 0.38
48 88.0 225.0 118.0 80.0 -0.0 0.84 0.02 0.27 0.16 0.43
49 77.0 287.0 118.0 76.0 0.22 1.33 -0.04 0.33 0.14 0.73
50 83.0 307.0 119.0 67.0 0.49 1.8 -0.1 0.67 0.08 1.29
51 95.0 406.0 123.0 76.0 0.52 2.03 -0.13 0.56 0.01 1.77
52 95.0 381.0 120.0 70.0 0.69 2.53 -0.17 -0.13 0.35 1.45
53 89.0 401.0 117.0 65.0 0.98 3.11 -0.18 -1.62 0.04 0.76
54 101.0 431.0 119.0 62.0 1.13 3.37 -0.13 -0.87 -0.09 0.85
55 97.0 439.0 119.0 55.0 1.41 4.15 0.07 -4.52 0.8 1.97
56 96.0 479.0 119.0 50.0 1.76 4.71 0.15 -2.03 0.0 1.92
57 96.0 616.0 127.0 48.0 1.84 5.01 0.19 -2.08 0.74 2.3
58 101.0 690.0 133.0 43.0 1.75 5.5 0.42 -1.57 0.87 2.22
59 95.0 658.0 130.0 40.0 1.56 5.74 0.58 -1.4 0.71 1.88
60 93.0 659.0 128.0 36.0 1.45 5.86 0.69 -1.05 0.82 1.13
61 89.0 635.0 126.0 34.0 1.12 6.01 0.85 -0.39 0.84 0.62
62 92.0 633.0 127.0 32.0 0.89 6.04 0.98 0.72 0.69 -0.27
63 77.0 554.0 123.0 30.0 0.83 5.99 0.97 1.24 0.49 -0.18
64 76.0 605.0 133.0 31.0 0.73 5.72 1.05 0.92 0.29 -0.65
65 74.0 579.0 124.0 32.0 0.51 5.16 1.05 0.9 0.25 -0.38
66 74.0 565.0 117.0 29.0 0.41 4.74 1.0 0.88 -0.02 -0.19
67 80.0 551.0 111.0 28.0 0.28 3.98 0.93 1.68 -0.02 -0.62
68 75.0 532.0 105.0 27.0 0.11 3.41 0.87 1.32 -0.12 -0.54
69 66.0 546.0 99.0 26.0 0.07 3.12 0.75 1.29 -0.63 -0.08
70 61.0 510.0 93.0 27.0 0.18 2.68 0.69 2.2 -0.42 -0.02
71 60.0 493.0 96.0 27.0 0.27 2.44 0.59 1.9 -0.55 0.02
72 63.0 475.0 93.0 25.0 0.28 2.33 0.53 1.85 -0.65 0.47
73 61.0 479.0 85.0 26.0 0.33 1.93 0.45 1.53 -0.9 1.25
74 61.0 487.0 83.0 25.0 0.34 1.59 0.39 1.33 -0.83 0.84
75 80.0 463.0 83.0 25.0 0.33 1.44 0.36 1.18 -0.94 0.65
76 81.0 494.0 92.0 26.0 0.31 1.25 0.28 1.26 -1.02 0.3
77 80.0 486.0 100.0 27.0 0.32 1.04 0.18 1.26 -1.0 0.24
78 92.0 490.0 100.0 31.0 0.31 0.92 0.14 1.19 -0.96 0.45
79 86.0 478.0 101.0 30.0 0.28 0.78 0.09 0.82 -0.99 0.97
80 89.0 467.0 105.0 29.0 0.21 0.82 0.09 0.36 -1.08 0.38
81 90.0 451.0 107.0 30.0 0.2 0.91 0.07 0.36 -1.0 0.24
82 93.0 435.0 120.0 30.0 0.2 1.02 0.07 0.51 -0.66 0.12
83 96.0 405.0 127.0 29.0 0.22 0.95 0.06 0.69 -0.55 0.26
84 102.0 411.0 133.0 31.0 0.22 0.9 0.07 0.6 -0.4 0.3
85 114.0 461.0 135.0 35.0 0.24 0.72 0.08 0.49 -0.48 0.24
86 124.0 443.0 141.0 33.0 0.23 0.62 0.09 0.45 -0.5 0.22
87 134.0 424.0 158.0 36.0 0.23 0.44 0.08 0.42 -0.47 0.16
88 133.0 401.0 160.0 40.0 0.19 0.33 0.06 0.17 -0.4 0.22
89 139.0 420.0 165.0 43.0 0.17 0.33 0.05 0.03 -0.2 0.33
90 152.0 472.0 174.0 41.0 0.15 0.32 0.07 0.3 -0.09 0.26
91 153.0 489.0 168.0 39.0 0.14 0.35 0.08 -0.08 -0.21 0.1
92 170.0 467.0 181.0 48.0 0.14 0.33 0.09 -0.16 -0.21 0.16
93 173.0 421.0 189.0 60.0 0.13 0.27 0.1 -0.09 -0.17 0.15
94 172.0 396.0 191.0 92.0 0.1 0.29 0.13 0.16 -0.12 0.03
95 179.0 365.0 194.0 79.0 0.07 0.35 0.14 0.21 -0.11 0.09
96 182.0 330.0 199.0 68.0 0.01 0.43 0.14 0.33 -0.21 0.03
97 183.0 286.0 196.0 58.0 -0.09 0.45 0.15 0.24 -0.27 -0.15
98 182.0 245.0 187.0 51.0 -0.14 0.43 0.16 -0.06 -0.23 0.07
99 190.0 213.0 220.0 50.0 -0.23 0.36 0.17 0.0 -0.34 0.68
100 175.0 263.0 278.0 56.0 -0.38 0.52 0.19 0.45 -0.27 1.24
101 174.0 269.0 344.0 64.0 -0.47 0.7 0.19 0.91 -0.12 1.04
102 175.0 278.0 421.0 113.0 -0.61 0.88 0.15 0.94 0.09 -0.04
103 183.0 258.0 446.0 153.0 -0.77 0.52 0.19 -0.28 0.15 -1.06
104 194.0 250.0 524.0 162.0 -0.81 0.23 0.26 -1.6 0.94 -1.76
105 174.0 241.0 489.0 162.0 -0.89 0.05 0.5 -1.37 1.58 -2.45
106 255.0 239.0 464.0 142.0 -1.4 -0.57 1.09 -4.47 -4.46 -8.21
107 226.0 237.0 421.0 120.0 -1.49 -0.87 0.95 2.25 -8.57 4.42
108 194.0 227.0 382.0 159.0 -0.7 -1.13 0.17 9.11 6.2 7.02
109 187.0 231.0 348.0 135.0 -0.88 -0.46 0.34 -2.13 0.65 -1.14
110 171.0 224.0 316.0 115.0 -0.95 -0.42 0.02 0.48 -0.65 -0.38
111 158.0 214.0 292.0 102.0 -0.62 -1.18 -0.15 1.36 -0.66 -0.8
112 148.0 207.0 277.0 98.0 -0.42 -0.6 -0.13 1.37 -0.37 0.62
113 138.0 198.0 256.0 89.0 -0.36 -0.35 -0.12 0.4 0.0 0.31
114 128.0 184.0 239.0 90.0 -0.14 -0.3 -0.17 -0.02 -0.47 0.89
115 113.0 175.0 233.0 102.0 -0.13 -0.06 -0.07 -0.17 0.03 0.81
116 104.0 180.0 216.0 94.0 -0.15 -0.11 -0.05 0.22 0.0 0.49
117 115.0 188.0 202.0 89.0 -0.14 -0.25 -0.03 0.32 -0.07 0.24
118 104.0 181.0 201.0 89.0 -0.14 -0.29 -0.06 0.64 -0.18 -0.08
119 107.0 171.0 194.0 90.0 -0.13 -0.26 -0.08 0.82 -0.12 -0.18
120 100.0 169.0 186.0 89.0 -0.12 -0.15 -0.12 0.49 -0.11 0.09
121 105.0 159.0 177.0 104.0 -0.15 -0.28 -0.17 0.41 -0.02 0.02
122 99.0 162.0 167.0 90.0 -0.16 -0.35 -0.19 0.37 -0.05 -0.05
123 92.0 163.0 161.0 91.0 -0.19 -0.33 -0.21 0.5 0.0 -0.01
124 90.0 159.0 162.0 87.0 -0.2 -0.2 -0.2 0.22 -0.01 0.28
125 82.0 156.0 157.0 88.0 -0.19 -0.13 -0.2 0.07 -0.03 0.35
126 82.0 149.0 146.0 89.0 -0.15 -0.1 -0.18 0.03 -0.04 0.36
127 77.0 143.0 141.0 95.0 -0.14 -0.14 -0.16 0.07 -0.07 0.35
128 66.0 137.0 148.0 99.0 -0.14 -0.15 -0.15 0.14 -0.16 0.18
129 64.0 132.0 147.0 93.0 -0.13 -0.18 -0.16 0.19 -0.22 0.34
130 71.0 131.0 143.0 100.0 -0.13 -0.24 -0.15 0.31 -0.23 0.43
131 65.0 125.0 135.0 104.0 -0.13 -0.25 -0.14 0.48 -0.25 0.41
132 58.0 127.0 140.0 114.0 -0.11 -0.22 -0.16 0.47 -0.29 0.3
133 53.0 122.0 137.0 104.0 -0.08 -0.14 -0.19 0.44 -0.28 0.18
134 48.0 120.0 128.0 101.0 -0.06 -0.14 -0.21 0.25 -0.25 0.43
135 43.0 114.0 124.0 103.0 -0.01 -0.2 -0.21 0.19 -0.28 0.36
136 42.0 113.0 127.0 103.0 0.04 -0.32 -0.22 0.28 -0.21 0.53
137 41.0 113.0 128.0 108.0 0.05 -0.34 -0.21 0.51 -0.25 0.16
138 36.0 108.0 135.0 116.0 0.06 -0.17 -0.16 0.32 -0.31 0.11
139 32.0 102.0 132.0 108.0 0.07 -0.09 -0.14 0.1 -0.34 0.21
140 32.0 101.0 126.0 104.0 0.07 -0.15 -0.14 0.0 -0.29 0.17
141 29.0 98.0 131.0 103.0 0.06 -0.39 -0.15 0.04 -0.31 0.09
142 27.0 96.0 132.0 103.0 0.05 -0.57 -0.17 0.45 -0.27 0.08
143 29.0 96.0 127.0 103.0 0.03 -0.55 -0.19 0.33 -0.28 0.25
144 34.0 93.0 124.0 99.0 -0.03 -0.55 -0.21 0.26 -0.28 0.3
145 33.0 120.0 121.0 94.0 -0.05 -0.78 -0.25 0.11 -0.3 0.29
146 29.0 139.0 116.0 105.0 -0.05 -0.94 -0.26 0.38 -0.34 0.07
