1 24.0 88.0 99.0 24.0 0.0 -0.01 -0.01 -0.17 0.12 -0.03
2 24.0 87.0 99.0 24.0 0.0 -0.02 -0.01 -0.19 0.09 -0.04
3 24.0 87.0 98.0 24.0 0.0 -0.03 -0.02 -0.11 0.1 -0.03
4 25.0 87.0 99.0 24.0 0.01 -0.02 -0.02 -0.09 0.08 -0.03
5 26.0 87.0 98.0 24.0 0.01 -0.01 -0.02 -0.09 0.07 -0.01
6 27.0 87.0 98.0 24.0 0.01 -0.01 -0.01 -0.08 0.07 -0.01
7 26.0 87.0 98.0 24.0 0.01 -0.01 -0.01 -0.08 0.1 0.01
8 25.0 85.0 97.0 24.0 0.0 -0.0 -0.01 -0.13 0.09 -0.03
9 25.0 85.0 99.0 24.0 0.01 0.01 -0.01 -0.11 0.1 -0.03
10 26.0 86.0 99.0 24.0 0.01 0.0 -0.01 -0.14 0.1 -0.03
11 25.0 85.0 99.0 24.0 0.0 -0.01 -0.01 -0.09 0.12 0.0
12 24.0 84.0 98.0 24.0 -0.0 -0.0 -0.01 -0.07 0.1 0.02
13 24.0 82.0 99.0 24.0 0.01 0.01 -0.01 -0.08 0.09 0.0
14 24.0 79.0 98.0 24.0 0.01 0.03 -0.01 -0.01 0.11 0.07
15 26.0 81.0 97.0 27.0 -0.01 0.09 -0.01 0.03 0.1 0.14
16 26.0 111.0 100.0 28.0 -0.02 0.12 -0.0 0.06 0.11 0.18
17 26.0 139.0 99.0 36.0 -0.03 0.22 0.01 0.18 0.07 0.28
18 30.0 189.0 101.0 52.0 -0.03 0.42 0.03 0.34 0.05 0.43
19 36.0 265.0 99.0 62.0 0.02 0.61 0.05 0.58 0.12 0.52
20 37.0 286.0 99.0 63.0 0.22 1.12 0.03 0.79 0.08 0.63
21 41.0 289.0 100.0 60.0 0.52 1.79 -0.06 0.75 -0.03 0.72
22 43.0 301.0 102.0 53.0 0.59 2.13 -0.1 0.85 -0.05 0.59
23 46.0 335.0 103.0 49.0 0.76 2.83 -0.19 0.45 -0.3 0.39
24 42.0 321.0 105.0 46.0 0.87 3.39 -0.26 -0.4 -0.15 0.42
25 55.0 308.0 109.0 43.0 0.92 3.63 -0.28 -0.12 -0.23 0.53
26 56.0 406.0 109.0 41.0 1.07 4.18 -0.25 -0.79 0.12 0.66
27 55.0 422.0 111.0 40.0 1.2 4.82 -0.17 -0.69 0.0 0.25
28 52.0 455.0 133.0 35.0 1.21 5.37 -0.04 -1.81 0.62 0.32
29 59.0 493.0 127.0 34.0 1.46 5.52 0.08 -2.24 0.83 1.58
30 63.0 615.0 124.0 36.0 1.49 5.25 0.24 -1.91 0.97 1.57
31 75.0 639.0 124.0 44.0 1.46 5.16 0.28 -1.5 0.98 1.07
32 66.0 594.0 119.0 39.0 1.38 5.1 0.46 -1.26 0.93 0.18
33 63.0 572.0 130.0 37.0 1.16 5.2 0.57 -1.04 0.92 -0.5
34 64.0 551.0 124.0 34.0 1.04 5.17 0.67 -0.74 0.95 0.06
35 64.0 517.0 120.0 32.0 0.87 5.21 0.75 -0.16 0.87 0.07
36 73.0 562.0 117.0 30.0 0.66 5.25 0.82 -0.07 0.56 0.03
37 69.0 513.0 113.0 28.0 0.59 5.12 0.86 0.06 0.51 -0.06
38 66.0 490.0 105.0 27.0 0.52 4.66 0.93 0.31 0.2 -1.18
39 66.0 533.0 108.0 26.0 0.32 4.1 0.99 0.83 -0.12 -0.59
40 62.0 544.0 101.0 27.0 0.26 3.89 0.96 0.92 -0.25 -0.4
41 68.0 641.0 96.0 26.0 0.28 3.41 0.91 1.17 -0.21 -0.36
42 73.0 681.0 91.0 26.0 0.23 3.09 0.85 0.66 -0.44 -0.2
43 77.0 644.0 81.0 26.0 0.19 2.82 0.79 0.65 -0.58 -0.03
44 72.0 627.0 76.0 26.0 0.24 2.16 0.68 1.59 -0.65 0.63
45 82.0 616.0 71.0 27.0 0.27 1.86 0.66 1.58 -0.75 0.74
46 84.0 601.0 74.0 26.0 0.26 1.83 0.57 1.68 -0.96 0.53
47 93.0 640.0 81.0 26.0 0.29 1.76 0.56 1.49 -1.06 -0.24
48 94.0 647.0 98.0 35.0 0.36 1.65 0.43 1.22 -0.88 -0.24
49 88.0 721.0 103.0 32.0 0.4 1.55 0.35 1.42 -0.92 0.23
50 102.0 721.0 106.0 34.0 0.48 1.4 0.28 1.63 -0.59 1.08
51 107.0 678.0 114.0 35.0 0.42 1.28 0.25 1.04 -0.71 0.59
52 111.0 704.0 121.0 39.0 0.39 1.16 0.26 0.92 -0.89 0.44
53 122.0 690.0 138.0 37.0 0.37 0.91 0.24 0.78 -0.82 0.39
54 112.0 620.0 150.0 36.0 0.35 0.91 0.24 0.59 -0.82 0.64
55 122.0 642.0 158.0 42.0 0.34 0.96 0.25 0.64 -0.73 0.68
56 137.0 626.0 169.0 50.0 0.27 0.98 0.25 0.54 -0.66 0.51
57 139.0 585.0 174.0 52.0 0.23 0.91 0.24 0.43 -0.6 0.12
58 147.0 495.0 184.0 49.0 0.11 0.75 0.22 0.38 -0.56 0.08
59 149.0 420.0 186.0 45.0 -0.02 0.7 0.21 0.52 -0.57 0.33
60 162.0 391.0 205.0 44.0 -0.16 0.91 0.24 0.49 -0.65 0.35
61 144.0 344.0 230.0 45.0 -0.24 1.04 0.26 0.17 -0.76 0.31
62 161.0 320.0 271.0 66.0 -0.38 1.05 0.27 1.02 -0.5 1.33
63 151.0 315.0 276.0 85.0 -0.54 0.95 0.23 1.44 -0.65 2.22
64 163.0 282.0 389.0 157.0 -0.58 0.94 0.21 1.23 -0.53 1.86
65 171.0 253.0 416.0 165.0 -0.65 0.9 0.15 1.35 -0.39 0.67
66 172.0 266.0 445.0 158.0 -0.64 0.71 -0.01 -1.42 -0.39 -2.55
67 171.0 235.0 577.0 219.0 -0.57 0.03 -0.01 -2.7 -0.1 -4.4
68 164.0 218.0 518.0 207.0 -1.01 -0.51 0.43 -2.63 -4.49 -5.5
69 151.0 217.0 498.0 180.0 -1.25 -0.88 0.65 1.97 -0.83 -0.19
70 133.0 211.0 461.0 190.0 -1.13 -1.17 0.46 3.41 -1.85 5.51
71 113.0 197.0 432.0 171.0 -0.46 -1.28 0.1 5.7 3.35 6.46
72 102.0 191.0 386.0 150.0 -0.67 -0.46 -0.01 2.15 -0.97 1.61
73 98.0 190.0 358.0 120.0 -0.65 -0.8 -0.28 0.2 -0.55 0.49
74 90.0 180.0 322.0 104.0 -0.39 -1.82 -0.36 1.45 -0.37 0.65
75 80.0 170.0 299.0 89.0 -0.3 -1.74 -0.33 0.33 -0.6 0.76
76 72.0 158.0 289.0 84.0 -0.23 -0.93 -0.3 0.05 -0.5 0.77
77 66.0 157.0 269.0 73.0 -0.07 -0.71 -0.3 -0.04 -0.08 0.94
78 58.0 150.0 250.0 75.0 -0.03 -0.63 -0.25 0.08 0.09 1.25
79 57.0 140.0 232.0 72.0 -0.03 -0.53 -0.16 0.33 0.0 0.74
80 53.0 137.0 210.0 64.0 -0.02 -0.44 -0.13 0.53 0.06 0.27
81 66.0 131.0 198.0 56.0 -0.01 -0.34 -0.15 0.33 0.05 -0.08
82 56.0 124.0 187.0 55.0 0.0 -0.32 -0.17 0.18 0.1 0.0
83 56.0 118.0 173.0 49.0 0.05 -0.41 -0.22 0.1 0.15 0.04
84 53.0 115.0 166.0 53.0 0.04 -0.45 -0.23 0.21 0.2 -0.21
85 50.0 117.0 157.0 55.0 0.01 -0.37 -0.24 0.19 0.1 -0.36
86 51.0 115.0 168.0 49.0 -0.04 -0.21 -0.24 -0.17 0.11 -0.55
87 53.0 120.0 157.0 48.0 -0.06 -0.2 -0.23 -0.35 0.15 -0.3
88 50.0 118.0 153.0 52.0 -0.08 -0.27 -0.19 -0.3 0.17 -0.1
89 48.0 117.0 145.0 55.0 -0.12 -0.27 -0.16 -0.34 0.1 -0.12
90 45.0 115.0 136.0 49.0 -0.19 -0.35 -0.11 -0.15 0.0 -0.35
91 45.0 110.0 130.0 47.0 -0.19 -0.35 -0.11 -0.02 -0.03 -0.33
92 43.0 108.0 123.0 45.0 -0.2 -0.29 -0.08 0.02 -0.07 -0.04
93 42.0 111.0 120.0 45.0 -0.2 -0.25 -0.07 0.0 -0.08 0.24
94 40.0 114.0 120.0 58.0 -0.19 -0.23 -0.05 0.04 -0.1 0.37
95 46.0 108.0 120.0 63.0 -0.18 -0.25 -0.05 0.27 -0.17 0.15
96 58.0 104.0 121.0 60.0 -0.16 -0.22 -0.04 0.32 -0.2 0.23
97 49.0 98.0 131.0 60.0 -0.16 -0.2 -0.03 0.46 -0.18 0.26
98 49.0 108.0 122.0 55.0 -0.15 -0.11 -0.04 0.34 -0.16 0.34
99 49.0 114.0 120.0 56.0 -0.15 -0.11 -0.06 0.3 -0.22 0.38
100 43.0 108.0 115.0 53.0 -0.13 -0.17 -0.07 0.38 -0.27 0.23
