1 62.0 77.0 99.0 26.0 0.01 0.02 -0.01 -0.06 0.01 -0.04
2 53.0 77.0 97.0 26.0 0.01 0.03 -0.01 -0.04 0.01 0.03
3 45.0 76.0 97.0 26.0 0.0 0.02 -0.01 0.0 0.0 0.02
4 40.0 77.0 96.0 27.0 0.0 0.02 -0.01 -0.06 0.01 -0.04
5 44.0 77.0 94.0 27.0 0.0 0.02 -0.02 -0.1 -0.01 -0.04
6 39.0 77.0 97.0 26.0 0.01 0.01 -0.01 -0.07 -0.01 -0.03
7 36.0 75.0 97.0 26.0 0.01 0.01 -0.01 -0.03 -0.01 0.0
8 63.0 75.0 97.0 26.0 0.01 0.01 -0.01 -0.01 0.03 -0.04
9 54.0 78.0 98.0 26.0 0.01 0.0 -0.01 -0.05 0.03 -0.03
10 55.0 76.0 98.0 26.0 0.02 0.0 -0.01 -0.05 0.02 -0.02
11 51.0 76.0 98.0 26.0 0.02 0.01 -0.01 -0.07 0.02 -0.05
12 45.0 76.0 99.0 26.0 0.02 -0.0 -0.02 -0.02 0.03 0.0
13 39.0 74.0 100.0 26.0 0.01 -0.0 -0.02 -0.03 0.01 0.0
14 34.0 73.0 98.0 26.0 0.01 -0.0 -0.01 0.0 0.02 0.01
15 30.0 74.0 98.0 26.0 -0.0 -0.0 -0.02 -0.03 -0.01 -0.01
16 29.0 75.0 100.0 25.0 0.0 0.01 -0.01 -0.03 0.0 -0.03
17 30.0 75.0 100.0 26.0 0.0 0.01 -0.02 -0.03 0.0 0.0
18 32.0 75.0 99.0 25.0 -0.0 0.01 -0.02 -0.03 0.05 0.04
19 30.0 76.0 99.0 25.0 -0.02 0.01 -0.02 -0.03 0.03 0.02
20 27.0 75.0 98.0 25.0 -0.02 0.02 -0.02 -0.04 0.03 0.05
21 25.0 76.0 99.0 25.0 -0.03 0.04 -0.02 -0.03 0.02 0.08
22 24.0 88.0 100.0 25.0 -0.04 0.08 -0.01 -0.1 -0.02 0.03
23 24.0 88.0 102.0 34.0 -0.04 0.11 -0.01 -0.05 -0.01 0.02
24 34.0 86.0 102.0 41.0 -0.06 0.21 0.01 -0.19 0.02 -0.02
25 36.0 97.0 105.0 51.0 -0.07 0.44 0.01 -0.08 0.13 0.3
26 46.0 116.0 108.0 69.0 -0.05 0.57 0.01 -0.19 0.04 0.48
27 44.0 129.0 107.0 60.0 0.01 0.86 -0.02 0.09 0.03 0.74
28 42.0 151.0 103.0 76.0 0.05 1.07 -0.06 -0.22 0.01 0.82
29 38.0 163.0 107.0 69.0 0.1 1.15 -0.08 -0.59 0.04 0.69
30 34.0 198.0 109.0 61.0 0.22 1.25 -0.07 -0.79 0.0 0.24
31 31.0 210.0 110.0 54.0 0.29 1.24 -0.01 -1.24 0.13 0.3
32 31.0 200.0 109.0 48.0 0.36 1.2 0.04 -1.45 0.08 0.62
33 36.0 213.0 109.0 43.0 0.51 1.2 -0.01 -3.08 2.51 1.07
34 38.0 294.0 111.0 39.0 0.67 1.16 0.36 -1.41 -0.1 0.88
35 42.0 362.0 109.0 36.0 0.77 1.27 0.43 -1.75 0.65 0.79
36 42.0 399.0 109.0 34.0 0.96 1.29 0.5 -1.09 0.64 0.66
37 43.0 390.0 113.0 32.0 1.01 1.43 0.53 -1.09 0.81 0.58
38 43.0 399.0 115.0 35.0 1.03 1.47 0.52 -0.8 0.79 0.73
39 47.0 418.0 114.0 31.0 1.16 1.69 0.51 -0.54 0.42 0.77
40 46.0 457.0 123.0 30.0 1.3 2.03 0.53 -0.17 0.53 0.81
41 53.0 485.0 122.0 35.0 1.28 2.23 0.58 0.16 0.61 0.87
42 53.0 456.0 125.0 33.0 1.18 2.6 0.63 0.35 0.44 0.86
43 54.0 541.0 144.0 31.0 1.05 2.94 0.64 0.59 0.16 0.85
44 57.0 588.0 134.0 29.0 0.98 3.01 0.66 0.83 0.05 0.82
45 60.0 576.0 133.0 29.0 0.89 3.12 0.64 1.21 -0.09 -0.06
46 62.0 530.0 147.0 27.0 0.77 3.18 0.55 1.3 -0.14 -0.46
47 60.0 582.0 131.0 26.0 0.69 3.21 0.53 1.36 -0.31 -0.36
48 60.0 575.0 121.0 26.0 0.59 3.26 0.43 1.94 -0.15 0.15
49 65.0 590.0 111.0 26.0 0.56 3.36 0.36 1.77 -0.32 -0.42
50 62.0 581.0 119.0 26.0 0.54 3.4 0.31 1.54 -0.36 -0.31
51 58.0 530.0 112.0 25.0 0.47 3.3 0.24 1.36 -0.48 -0.32
52 61.0 559.0 105.0 25.0 0.43 3.08 0.2 1.26 -0.66 -0.29
53 65.0 559.0 96.0 25.0 0.38 3.0 0.2 1.23 -0.55 -0.04
54 71.0 564.0 97.0 24.0 0.32 2.99 0.16 1.3 -0.64 0.04
55 70.0 569.0 88.0 25.0 0.27 3.03 0.12 1.12 -0.67 0.14
56 68.0 536.0 86.0 25.0 0.23 2.95 0.1 1.41 -0.49 -0.22
57 69.0 581.0 84.0 25.0 0.17 2.73 0.07 1.36 -0.64 -0.2
58 69.0 575.0 90.0 25.0 0.21 2.32 0.05 0.78 -0.62 -0.48
59 85.0 538.0 89.0 27.0 0.26 2.03 0.04 0.73 -0.61 -0.34
60 85.0 536.0 90.0 27.0 0.3 1.55 0.05 1.07 -0.24 0.12
61 96.0 516.0 101.0 26.0 0.28 1.38 0.07 0.87 -0.46 0.16
62 100.0 509.0 106.0 26.0 0.29 1.36 0.12 0.63 -0.43 0.12
63 113.0 535.0 111.0 32.0 0.34 1.35 0.12 0.56 -0.37 -0.12
64 109.0 607.0 114.0 32.0 0.35 1.38 0.15 0.34 -0.36 0.04
65 115.0 595.0 118.0 31.0 0.38 1.39 0.16 0.36 -0.26 0.09
66 124.0 610.0 130.0 29.0 0.35 1.26 0.19 0.21 -0.34 0.44
67 126.0 558.0 137.0 29.0 0.35 1.17 0.2 0.42 -0.31 0.07
68 144.0 558.0 152.0 30.0 0.34 1.08 0.22 0.43 -0.41 -0.11
69 153.0 506.0 156.0 36.0 0.28 0.96 0.24 0.4 -0.48 0.0
70 174.0 486.0 170.0 55.0 0.27 0.92 0.23 0.57 -0.34 0.25
71 183.0 460.0 175.0 67.0 0.24 0.74 0.18 0.55 -0.34 0.38
72 190.0 488.0 182.0 58.0 0.2 0.42 0.11 0.38 -0.36 0.58
73 197.0 462.0 187.0 50.0 0.18 0.24 0.07 0.36 -0.23 0.63
74 209.0 445.0 198.0 50.0 0.17 0.11 0.04 0.34 -0.24 0.22
75 216.0 457.0 193.0 45.0 0.17 0.27 0.04 0.2 -0.24 0.18
76 218.0 406.0 212.0 41.0 0.17 0.33 0.05 0.34 -0.15 0.42
77 228.0 464.0 205.0 39.0 0.19 0.39 0.08 0.27 -0.15 0.4
78 235.0 474.0 202.0 38.0 0.18 0.3 0.12 0.09 -0.21 0.3
79 242.0 485.0 204.0 37.0 0.16 0.25 0.12 0.11 -0.26 -0.11
80 243.0 444.0 213.0 35.0 0.12 0.23 0.12 0.08 -0.26 -0.18
81 254.0 441.0 214.0 38.0 0.09 0.18 0.11 0.29 -0.17 -0.07
82 250.0 432.0 210.0 38.0 0.06 0.16 0.11 0.39 -0.11 0.12
83 259.0 383.0 215.0 39.0 0.02 0.2 0.12 0.35 -0.12 0.05
84 261.0 354.0 220.0 44.0 -0.03 0.31 0.11 0.24 -0.1 -0.24
85 260.0 295.0 207.0 40.0 -0.06 0.38 0.1 0.25 -0.14 -0.34
86 252.0 255.0 189.0 43.0 -0.09 0.43 0.07 0.35 -0.08 -0.53
87 258.0 224.0 183.0 39.0 -0.15 0.42 0.07 0.36 -0.19 -0.06
88 245.0 209.0 298.0 64.0 -0.19 0.4 0.07 0.44 -0.16 1.19
89 244.0 206.0 288.0 59.0 -0.34 0.43 0.08 0.58 -0.02 1.75
90 251.0 210.0 310.0 58.0 -0.56 0.64 0.08 1.4 0.06 2.48
91 232.0 230.0 346.0 83.0 -0.62 0.68 0.02 1.19 1.19 0.63
92 217.0 238.0 350.0 88.0 -0.63 0.35 0.01 0.06 0.37 -2.37
93 206.0 224.0 382.0 97.0 -0.9 -0.1 0.19 -2.06 0.63 -5.65
94 202.0 200.0 383.0 131.0 -0.97 -0.39 0.4 -2.4 -2.54 -2.69
95 183.0 195.0 369.0 118.0 -1.23 -0.78 0.73 -2.76 -1.26 -3.71
96 176.0 194.0 376.0 106.0 -1.09 -0.69 0.53 2.98 -5.76 3.62
97 160.0 189.0 355.0 136.0 -0.82 -0.81 0.12 2.37 -0.55 2.35
98 155.0 192.0 317.0 136.0 -0.97 -0.7 0.04 -1.75 0.33 -0.13
99 145.0 191.0 304.0 115.0 -1.0 -1.49 -0.19 0.81 -0.78 -1.36
100 140.0 184.0 295.0 101.0 -0.79 -2.12 -0.19 1.0 -0.43 -0.33
101 122.0 178.0 277.0 91.0 -0.4 -1.86 -0.13 1.62 -0.41 -0.19
102 108.0 165.0 254.0 95.0 -0.32 -0.62 -0.03 -0.46 -0.21 1.54
103 106.0 168.0 245.0 110.0 -0.28 -0.47 -0.01 -0.57 -0.02 0.98
104 97.0 163.0 232.0 103.0 -0.2 -0.64 0.06 0.13 -0.04 0.69
105 86.0 164.0 217.0 90.0 -0.24 -0.81 0.09 0.7 0.0 0.57
106 73.0 161.0 205.0 79.0 -0.24 -0.82 0.07 1.07 -0.01 0.22
107 68.0 157.0 185.0 78.0 -0.23 -0.67 -0.01 1.1 -0.01 0.29
108 64.0 154.0 179.0 80.0 -0.22 -0.59 -0.11 0.8 -0.08 0.16
109 57.0 148.0 166.0 84.0 -0.2 -0.61 -0.15 0.79 0.03 0.25
110 49.0 142.0 164.0 76.0 -0.19 -0.62 -0.2 0.85 0.0 0.19
111 49.0 147.0 153.0 70.0 -0.2 -0.51 -0.21 0.59 -0.14 0.05
112 44.0 144.0 141.0 72.0 -0.2 -0.45 -0.22 0.36 -0.14 0.02
113 41.0 140.0 144.0 67.0 -0.18 -0.42 -0.2 0.32 -0.08 0.01
114 37.0 137.0 147.0 82.0 -0.16 -0.37 -0.16 0.4 0.01 0.26
115 34.0 136.0 140.0 76.0 -0.15 -0.33 -0.15 0.28 -0.05 0.21
116 34.0 131.0 134.0 82.0 -0.16 -0.28 -0.14 0.31 -0.09 0.15
117 31.0 136.0 130.0 79.0 -0.15 -0.36 -0.15 0.49 -0.16 0.05
118 31.0 132.0 139.0 70.0 -0.15 -0.39 -0.15 0.46 -0.25 0.14
119 28.0 128.0 134.0 81.0 -0.15 -0.5 -0.16 0.45 -0.3 0.21
120 26.0 125.0 130.0 79.0 -0.14 -0.54 -0.17 0.6 -0.28 0.29
121 27.0 121.0 128.0 81.0 -0.15 -0.51 -0.18 0.51 -0.28 0.28
122 26.0 120.0 127.0 81.0 -0.15 -0.57 -0.21 0.37 -0.28 0.3
