1 27.0 183.0 76.0 25.0 -0.0 -0.09 0.0 -0.21 -0.09 0.18
2 36.0 196.0 73.0 26.0 0.03 -0.19 -0.0 -0.31 -0.13 0.24
3 37.0 212.0 74.0 36.0 0.03 -0.27 -0.01 -0.26 -0.05 0.17
4 39.0 222.0 76.0 48.0 0.0 -0.5 0.0 -0.58 0.12 -0.05
5 34.0 240.0 78.0 46.0 -0.12 -0.79 -0.02 -0.39 0.21 0.02
6 38.0 243.0 78.0 44.0 -0.21 -0.92 -0.04 -0.43 0.35 -0.03
7 47.0 235.0 83.0 50.0 -0.29 -1.11 -0.07 -0.08 0.42 0.0
8 45.0 251.0 83.0 44.0 -0.3 -0.96 -0.11 0.42 0.27 0.01
9 43.0 251.0 85.0 40.0 -0.3 -0.72 -0.12 0.6 0.26 -0.07
10 40.0 261.0 85.0 37.0 -0.28 -0.35 -0.1 0.5 -0.35 -0.32
11 45.0 241.0 89.0 34.0 -0.15 -0.17 -0.02 -0.18 -0.28 0.06
12 41.0 237.0 89.0 32.0 -0.13 -0.2 -0.0 -0.72 -0.16 0.44
13 45.0 256.0 88.0 30.0 -0.09 -0.3 -0.0 -0.41 -0.24 0.44
14 42.0 270.0 87.0 29.0 -0.04 -0.22 0.0 0.03 0.03 0.17
15 37.0 270.0 84.0 28.0 -0.04 -0.14 0.01 0.07 0.04 0.05
16 34.0 268.0 84.0 28.0 -0.05 -0.03 0.04 -0.05 0.02 -0.14
17 34.0 270.0 83.0 27.0 -0.05 -0.05 0.05 -0.16 0.02 0.06
18 42.0 257.0 85.0 27.0 -0.05 -0.07 0.04 -0.07 0.04 0.09
19 36.0 224.0 85.0 26.0 -0.03 -0.06 0.03 0.07 0.03 0.07
20 33.0 251.0 80.0 26.0 -0.01 -0.04 0.02 0.0 0.01 0.07
21 32.0 219.0 84.0 26.0 0.01 -0.05 0.02 0.02 0.0 0.03
22 29.0 220.0 81.0 26.0 0.04 -0.04 0.01 0.05 -0.03 0.03
23 33.0 198.0 85.0 26.0 0.13 -0.12 0.01 0.09 -0.11 -0.36
24 35.0 209.0 85.0 25.0 0.24 -0.22 0.02 0.05 -0.04 -0.48
25 37.0 188.0 96.0 25.0 0.27 -0.3 0.04 -0.21 -0.01 -0.34
26 45.0 166.0 100.0 26.0 0.24 -0.26 0.02 -0.44 0.16 0.31
27 50.0 151.0 103.0 26.0 0.22 -0.24 -0.01 -0.2 0.31 0.74
28 48.0 135.0 101.0 25.0 0.1 -0.01 -0.07 -0.15 0.25 0.89
29 44.0 123.0 99.0 25.0 0.02 0.14 -0.1 0.0 0.14 0.48
30 49.0 119.0 106.0 24.0 0.03 0.16 -0.13 0.25 0.12 0.27
31 50.0 117.0 105.0 27.0 -0.03 0.3 -0.13 0.14 0.01 -0.4
32 49.0 117.0 98.0 26.0 -0.13 0.49 -0.06 -0.28 -0.13 -0.45
33 75.0 119.0 90.0 25.0 -0.17 0.5 -0.04 -0.39 -0.17 -0.39
34 68.0 128.0 93.0 25.0 -0.22 0.38 0.01 -0.49 -0.06 -0.19
35 63.0 122.0 98.0 26.0 -0.23 0.25 -0.0 -0.07 0.0 0.15
36 58.0 136.0 91.0 25.0 -0.19 0.24 -0.0 -0.02 0.06 0.16
37 51.0 134.0 88.0 26.0 -0.13 0.24 -0.01 -0.07 0.04 0.37
38 50.0 128.0 84.0 26.0 -0.05 0.25 -0.01 -0.24 0.21 0.27
39 43.0 131.0 80.0 25.0 -0.02 0.24 -0.01 -0.17 0.13 0.24
40 40.0 132.0 76.0 25.0 -0.02 0.25 -0.03 -0.32 0.17 -0.05
41 40.0 135.0 71.0 25.0 -0.02 0.17 -0.02 -0.42 0.16 -0.21
42 34.0 126.0 72.0 24.0 -0.03 0.1 -0.01 -0.25 0.19 -0.18
43 41.0 127.0 74.0 26.0 -0.03 0.01 0.0 -0.21 0.17 -0.19
44 38.0 128.0 77.0 25.0 -0.05 -0.03 0.02 -0.2 0.27 0.15
45 35.0 131.0 76.0 25.0 -0.05 -0.03 0.02 -0.19 0.29 0.26
46 32.0 130.0 72.0 25.0 -0.06 -0.03 0.03 -0.18 0.22 0.43
47 34.0 143.0 72.0 24.0 -0.06 -0.02 0.03 -0.13 0.17 0.36
48 33.0 132.0 73.0 24.0 -0.06 -0.03 0.03 -0.07 0.12 0.35
49 31.0 132.0 74.0 24.0 -0.02 -0.04 0.04 0.02 0.11 0.29
50 34.0 147.0 69.0 24.0 0.01 -0.04 0.03 -0.08 0.07 0.36
51 37.0 156.0 80.0 24.0 0.03 -0.06 0.02 -0.16 0.0 0.38
52 40.0 167.0 86.0 27.0 0.07 -0.11 0.01 -0.15 -0.05 0.35
53 46.0 214.0 85.0 26.0 0.12 -0.19 0.01 -0.17 -0.19 0.35
54 49.0 216.0 81.0 25.0 0.15 -0.25 0.01 -0.14 -0.12 0.38
55 46.0 236.0 86.0 34.0 0.16 -0.41 0.01 -0.62 -0.05 0.37
56 42.0 251.0 81.0 32.0 -0.01 -0.72 -0.02 -0.4 0.46 0.1
57 42.0 265.0 95.0 30.0 -0.14 -0.86 -0.05 -0.23 0.33 0.03
58 38.0 263.0 90.0 29.0 -0.28 -0.88 -0.12 -0.01 0.15 -0.59
59 41.0 271.0 99.0 29.0 -0.16 -0.67 -0.13 0.85 0.2 -0.68
60 39.0 243.0 94.0 27.0 -0.24 -0.44 -0.17 0.05 -0.57 -0.86
61 36.0 236.0 93.0 27.0 -0.11 -0.42 -0.05 -0.24 0.0 -0.15
62 36.0 222.0 90.0 27.0 -0.08 -0.45 -0.05 -0.17 -0.15 0.59
63 36.0 247.0 86.0 27.0 -0.1 -0.34 -0.06 -0.24 -0.06 0.53
64 42.0 228.0 80.0 26.0 -0.09 -0.19 -0.04 -0.06 0.19 0.37
65 47.0 208.0 78.0 26.0 -0.09 -0.09 -0.03 -0.22 0.19 0.02
66 45.0 205.0 80.0 26.0 -0.09 0.05 -0.01 -0.25 0.22 -0.17
67 43.0 194.0 78.0 25.0 -0.08 0.03 0.02 -0.31 0.25 -0.09
68 40.0 188.0 80.0 25.0 -0.06 -0.01 0.02 -0.23 0.27 0.08
69 44.0 207.0 76.0 25.0 -0.04 -0.06 0.01 -0.19 0.28 0.13
70 40.0 199.0 77.0 25.0 -0.02 -0.07 0.0 -0.05 0.18 0.15
71 36.0 227.0 74.0 26.0 -0.02 -0.04 0.0 -0.03 0.19 0.02
72 33.0 210.0 73.0 25.0 -0.02 0.01 0.0 -0.14 0.11 -0.13
73 34.0 213.0 73.0 26.0 0.0 -0.0 0.01 -0.11 0.0 -0.14
74 35.0 189.0 74.0 25.0 0.02 -0.01 0.01 0.01 -0.13 0.0
75 31.0 184.0 83.0 29.0 0.07 -0.05 0.03 -0.01 -0.1 0.07
76 41.0 175.0 92.0 30.0 0.15 -0.07 0.03 0.1 0.04 0.15
77 41.0 165.0 88.0 28.0 0.23 -0.11 0.03 0.08 -0.02 0.19
78 41.0 149.0 97.0 27.0 0.28 -0.03 0.02 0.27 0.09 0.29
79 39.0 138.0 94.0 27.0 0.23 0.29 0.03 0.04 0.24 0.47
80 35.0 126.0 85.0 28.0 0.18 0.51 0.0 0.18 0.25 0.49
81 36.0 124.0 78.0 27.0 0.03 0.9 -0.05 -0.19 0.06 0.03
82 33.0 122.0 74.0 26.0 0.03 0.98 -0.04 -0.03 -0.05 -0.36
83 31.0 127.0 69.0 27.0 0.04 0.99 -0.01 -0.15 -0.11 -0.47
84 28.0 128.0 75.0 26.0 0.02 1.11 0.06 -0.39 -0.16 -0.39
85 26.0 127.0 82.0 25.0 -0.05 1.02 0.11 -0.55 -0.21 -0.19
86 30.0 130.0 80.0 25.0 -0.01 0.9 0.12 -0.56 -0.02 0.12
87 32.0 128.0 73.0 25.0 0.02 0.58 0.13 -0.55 0.02 0.21
88 38.0 126.0 69.0 25.0 0.07 0.35 0.12 -0.24 0.2 -0.06
89 42.0 126.0 66.0 25.0 0.06 0.29 0.12 -0.24 0.26 -0.05
90 38.0 131.0 69.0 25.0 0.06 0.25 0.12 -0.36 0.22 -0.07
91 36.0 131.0 70.0 25.0 0.06 0.11 0.09 -0.55 0.18 0.22
92 33.0 139.0 70.0 22.0 0.07 0.03 0.07 -0.4 0.22 0.61
93 37.0 146.0 66.0 24.0 0.07 -0.07 0.02 -0.28 0.21 0.43
94 33.0 134.0 62.0 25.0 0.04 -0.09 -0.01 0.17 0.19 -0.01
95 35.0 132.0 60.0 26.0 0.01 -0.05 -0.02 0.11 -0.01 -0.36
96 33.0 133.0 61.0 25.0 -0.05 0.02 0.0 -0.07 -0.02 -0.27
97 32.0 129.0 62.0 25.0 -0.03 -0.02 0.0 -0.33 -0.1 0.12
98 28.0 131.0 61.0 25.0 -0.04 -0.07 -0.01 -0.33 0.0 0.15
99 32.0 130.0 62.0 24.0 -0.04 -0.16 -0.02 -0.27 -0.04 0.17
100 30.0 141.0 61.0 25.0 -0.04 -0.2 -0.03 0.06 -0.05 0.18
101 28.0 138.0 62.0 25.0 -0.04 -0.17 -0.02 0.04 -0.04 0.25
102 29.0 135.0 65.0 25.0 -0.04 -0.06 -0.01 -0.01 -0.06 0.25
103 27.0 134.0 64.0 25.0 -0.02 -0.01 -0.01 -0.11 0.0 0.22
104 28.0 131.0 66.0 25.0 -0.01 -0.02 -0.01 -0.28 0.03 0.22
105 25.0 150.0 66.0 26.0 0.02 -0.1 -0.03 -0.17 0.04 0.25
106 23.0 195.0 73.0 30.0 0.02 -0.17 -0.05 -0.16 0.12 0.14
107 24.0 203.0 75.0 35.0 0.01 -0.2 -0.05 -0.04 -0.01 0.12
108 25.0 225.0 80.0 33.0 0.01 -0.26 -0.05 -0.09 -0.01 0.09
109 30.0 229.0 80.0 32.0 -0.0 -0.32 -0.01 -0.6 0.1 0.13
110 35.0 250.0 83.0 31.0 -0.04 -0.42 0.0 -0.54 0.32 0.14
111 42.0 271.0 80.0 28.0 -0.18 -0.67 -0.01 -0.79 0.33 0.53
112 45.0 272.0 75.0 53.0 -0.33 -0.8 -0.11 -0.34 0.51 0.22
113 46.0 244.0 71.0 49.0 -0.33 -0.74 -0.14 0.38 0.0 -1.18
114 42.0 234.0 75.0 45.0 -0.29 -0.51 -0.07 0.72 -0.05 -1.05
115 38.0 256.0 77.0 40.0 -0.26 -0.37 -0.0 0.0 -0.08 0.06
116 36.0 245.0 76.0 36.0 -0.19 -0.39 0.02 -0.6 -0.2 0.92
117 39.0 217.0 83.0 34.0 -0.1 -0.36 0.0 -0.61 -0.19 0.92
118 41.0 240.0 79.0 32.0 -0.02 -0.45 -0.02 -0.2 0.16 0.52
119 40.0 222.0 74.0 30.0 0.0 -0.47 -0.05 0.13 0.16 0.31
120 42.0 204.0 77.0 29.0 0.0 -0.32 -0.06 0.21 0.18 -0.09
121 38.0 194.0 75.0 28.0 -0.01 -0.16 -0.04 0.13 0.05 -0.33
122 35.0 181.0 81.0 27.0 -0.01 -0.1 -0.02 -0.26 0.13 0.05
123 34.0 169.0 78.0 27.0 0.02 -0.1 0.01 -0.34 0.09 0.15
124 29.0 164.0 74.0 27.0 0.01 -0.16 0.01 -0.31 0.12 0.15
125 45.0 166.0 73.0 26.0 0.01 -0.19 -0.0 0.18 0.1 -0.01
126 39.0 150.0 75.0 25.0 -0.01 -0.16 -0.0 0.22 0.09 -0.03
127 40.0 144.0 77.0 28.0 -0.02 -0.08 0.0 -0.09 0.0 -0.05
128 35.0 140.0 75.0 25.0 0.0 -0.1 0.01 -0.17 0.05 0.08
129 32.0 151.0 71.0 25.0 0.05 -0.18 0.01 -0.18 0.09 0.1
130 29.0 149.0 78.0 25.0 0.09 -0.23 -0.02 0.13 0.09 0.03
131 29.0 153.0 76.0 26.0 0.1 -0.22 -0.03 0.01 0.04 -0.09
132 27.0 149.0 75.0 26.0 0.13 -0.17 -0.03 0.03 0.02 -0.18
133 31.0 136.0 97.0 26.0 0.2 -0.15 -0.01 -0.15 0.04 -0.09
134 32.0 129.0 91.0 27.0 0.19 -0.1 0.0 -0.1 0.17 0.13
135 28.0 131.0 85.0 28.0 0.1 0.06 0.01 -0.22 0.22 0.35
136 26.0 130.0 81.0 26.0 0.05 0.22 -0.01 0.23 0.17 0.35
137 29.0 134.0 81.0 26.0 0.05 0.32 -0.01 0.19 -0.02 0.06
138 26.0 142.0 79.0 25.0 0.02 0.54 0.02 0.01 -0.11 -0.06
139 31.0 150.0 91.0 25.0 -0.02 0.71 0.08 -0.44 0.01 -0.31
140 29.0 146.0 86.0 25.0 -0.06 0.71 0.1 -0.75 0.0 0.04
141 31.0 149.0 82.0 24.0 -0.02 0.53 0.12 -0.82 0.1 0.27
142 30.0 155.0 80.0 24.0 0.02 0.26 0.11 -0.47 0.17 0.41
143 27.0 145.0 78.0 25.0 0.03 0.16 0.11 -0.04 0.32 0.46
144 25.0 149.0 76.0 24.0 0.06 0.08 0.08 -0.08 0.26 0.38
145 24.0 143.0 78.0 24.0 0.05 0.11 0.05 0.01 0.31 0.0
146 25.0 145.0 79.0 25.0 0.06 0.13 0.04 0.12 0.27 -0.17
147 28.0 136.0 83.0 24.0 0.04 0.15 0.03 0.09 0.25 -0.17
148 28.0 137.0 81.0 24.0 0.01 0.13 0.02 -0.23 0.15 -0.03
149 25.0 135.0 77.0 24.0 0.0 0.08 0.01 -0.25 0.08 0.15
150 25.0 128.0 72.0 24.0 -0.0 0.01 -0.0 -0.2 0.09 0.24
151 24.0 137.0 71.0 24.0 -0.01 -0.03 -0.01 -0.09 0.07 0.15
152 22.0 129.0 69.0 27.0 -0.01 -0.02 -0.0 -0.04 0.06 0.16
153 31.0 123.0 67.0 25.0 -0.0 -0.0 0.01 -0.1 0.08 0.16
154 29.0 124.0 66.0 25.0 -0.0 0.02 0.0 -0.14 0.06 0.16
155 27.0 137.0 66.0 25.0 0.0 0.03 -0.01 -0.24 0.07 -0.01
156 33.0 150.0 71.0 24.0 0.01 0.01 -0.01 -0.24 0.04 0.02
157 30.0 172.0 74.0 25.0 0.01 -0.02 -0.01 -0.17 0.07 0.03
158 27.0 195.0 74.0 26.0 0.01 -0.02 0.0 -0.18 0.09 0.12
159 25.0 287.0 74.0 27.0 0.0 -0.02 0.01 -0.19 0.0 0.21
160 36.0 303.0 72.0 26.0 0.01 -0.03 0.02 -0.18 0.01 0.24
161 37.0 294.0 81.0 28.0 0.01 -0.05 0.04 -0.31 0.11 0.23
162 36.0 266.0 79.0 27.0 -0.01 -0.14 0.05 -0.4 0.19 0.25
163 33.0 245.0 77.0 28.0 -0.11 -0.3 0.03 -0.34 0.35 0.27
164 30.0 253.0 77.0 28.0 -0.17 -0.36 0.01 -0.34 0.4 -0.03
165 34.0 247.0 75.0 28.0 -0.29 -0.32 -0.06 -0.22 0.32 -0.28
166 34.0 243.0 79.0 28.0 -0.3 -0.21 -0.07 0.31 0.0 -0.76
167 31.0 239.0 84.0 28.0 -0.31 -0.11 -0.05 0.14 -0.12 -0.43
168 31.0 266.0 82.0 28.0 -0.29 0.04 -0.03 -0.07 -0.25 -0.13
169 32.0 248.0 85.0 27.0 -0.17 -0.05 -0.01 -0.35 -0.19 0.4
170 32.0 260.0 86.0 27.0 -0.13 -0.11 -0.01 -0.16 0.0 0.52
171 31.0 277.0 85.0 26.0 -0.03 -0.19 -0.02 -0.03 0.01 0.44
172 29.0 259.0 84.0 26.0 0.02 -0.17 -0.04 0.15 0.04 0.23
173 26.0 274.0 80.0 26.0 0.03 -0.13 -0.05 -0.01 0.05 -0.04
174 26.0 237.0 81.0 26.0 0.04 -0.02 -0.03 -0.23 -0.01 -0.14
175 26.0 251.0 76.0 25.0 0.06 -0.02 -0.01 -0.32 0.11 -0.05
176 33.0 226.0 76.0 25.0 0.06 -0.05 -0.01 -0.18 0.07 0.01
177 31.0 234.0 73.0 25.0 0.04 -0.09 0.0 -0.15 0.09 0.07
178 29.0 212.0 71.0 25.0 0.03 -0.06 0.01 -0.04 0.04 0.08
179 26.0 198.0 69.0 24.0 0.02 -0.04 0.01 0.02 0.01 -0.01
180 30.0 190.0 69.0 24.0 0.04 -0.03 0.02 -0.07 -0.06 -0.02
181 28.0 187.0 72.0 25.0 0.08 -0.04 0.02 -0.03 -0.01 0.04
182 27.0 169.0 76.0 25.0 0.11 -0.05 0.02 0.07 0.06 0.15
183 29.0 162.0 71.0 25.0 0.17 -0.07 0.01 0.06 0.08 0.1
184 29.0 149.0 72.0 25.0 0.22 -0.08 0.0 -0.13 0.05 -0.02
185 31.0 152.0 74.0 27.0 0.25 -0.09 0.01 -0.22 0.12 0.06
186 35.0 142.0 77.0 26.0 0.27 -0.02 0.01 -0.29 0.22 0.01
187 33.0 132.0 79.0 25.0 0.22 0.09 -0.01 0.01 0.3 0.13
188 30.0 125.0 75.0 26.0 0.15 0.22 -0.03 0.0 0.2 0.27
189 30.0 122.0 74.0 26.0 0.09 0.58 -0.03 -0.1 0.13 0.03
190 28.0 142.0 73.0 25.0 0.07 0.63 -0.02 -0.39 -0.08 -0.21
191 26.0 135.0 73.0 25.0 0.02 0.63 -0.0 -0.25 -0.06 -0.28
192 24.0 139.0 86.0 25.0 -0.06 0.51 0.06 -0.49 0.0 -0.27
193 23.0 136.0 82.0 24.0 -0.06 0.46 0.07 -0.45 0.01 0.01
194 35.0 139.0 80.0 25.0 -0.04 0.3 0.1 -0.69 0.08 0.21
195 32.0 139.0 77.0 24.0 0.01 0.14 0.09 -0.41 0.16 0.3
196 30.0 143.0 78.0 24.0 0.03 0.09 0.07 -0.19 0.28 0.33
197 28.0 146.0 84.0 24.0 0.04 0.06 0.03 -0.05 0.28 0.38
198 26.0 154.0 80.0 24.0 0.03 0.04 0.0 -0.1 0.28 0.14
199 25.0 147.0 83.0 24.0 0.02 -0.02 -0.01 -0.04 0.17 0.0
200 25.0 139.0 80.0 25.0 0.01 -0.03 -0.01 -0.15 0.13 0.0
201 37.0 141.0 78.0 24.0 -0.0 -0.02 0.0 -0.07 0.01 0.14
202 32.0 136.0 76.0 24.0 -0.01 0.0 0.01 -0.22 -0.03 0.12
203 42.0 140.0 72.0 24.0 -0.01 0.0 0.01 -0.22 0.0 0.11
204 37.0 139.0 71.0 24.0 -0.0 0.01 0.03 -0.09 0.02 0.1
205 32.0 131.0 71.0 23.0 -0.0 0.05 0.02 0.0 0.12 0.01
206 29.0 127.0 69.0 27.0 -0.01 0.07 0.02 -0.03 0.14 0.02
207 27.0 126.0 72.0 27.0 -0.01 0.05 -0.0 -0.23 0.11 0.05
208 25.0 147.0 73.0 26.0 -0.01 -0.05 -0.01 -0.26 0.12 -0.04
209 23.0 167.0 73.0 26.0 -0.01 -0.09 -0.02 -0.33 0.11 0.04
210 25.0 174.0 70.0 26.0 -0.02 -0.18 -0.02 -0.38 0.08 0.26
211 27.0 214.0 78.0 26.0 -0.04 -0.22 -0.01 -0.2 0.05 0.18
212 28.0 254.0 77.0 29.0 -0.03 -0.21 0.01 -0.1 0.04 0.33
213 31.0 247.0 75.0 28.0 -0.03 -0.19 0.03 -0.14 0.04 0.51
214 28.0 262.0 77.0 28.0 -0.05 -0.22 0.03 -0.41 0.14 0.2
215 27.0 261.0 74.0 28.0 -0.08 -0.27 0.01 -0.43 0.18 0.1
216 31.0 269.0 75.0 27.0 -0.19 -0.38 0.01 -0.24 0.28 -0.01
217 29.0 244.0 78.0 26.0 -0.29 -0.35 -0.03 -0.09 0.39 -0.05
218 28.0 222.0 80.0 34.0 -0.33 -0.28 -0.06 -0.31 0.31 -0.23
219 34.0 213.0 77.0 34.0 -0.3 -0.28 -0.04 -0.11 0.02 -0.79
220 32.0 221.0 80.0 32.0 -0.27 -0.33 -0.04 0.22 -0.06 -0.37
221 29.0 200.0 82.0 31.0 -0.2 -0.32 -0.04 0.25 -0.05 -0.09
222 29.0 224.0 81.0 29.0 -0.13 -0.18 -0.01 -0.03 -0.06 0.49
223 28.0 238.0 77.0 28.0 -0.08 -0.08 -0.0 -0.18 -0.08 0.51
224 28.0 255.0 73.0 27.0 -0.06 -0.06 -0.01 -0.26 -0.02 0.41
225 27.0 240.0 80.0 26.0 -0.04 -0.01 -0.0 -0.18 0.0 0.02
226 25.0 263.0 77.0 26.0 -0.01 -0.03 0.01 -0.25 0.07 -0.13
227 23.0 273.0 75.0 25.0 -0.0 -0.06 0.01 -0.26 0.07 -0.11
228 22.0 239.0 75.0 25.0 0.03 -0.1 0.0 -0.1 0.11 0.0
229 22.0 233.0 74.0 25.0 0.02 -0.11 0.01 -0.14 0.15 0.18
230 20.0 235.0 70.0 28.0 0.02 -0.11 0.01 -0.1 0.09 0.17
231 20.0 222.0 69.0 26.0 0.01 -0.06 0.0 -0.04 0.11 0.08
232 19.0 229.0 69.0 26.0 0.01 -0.05 0.01 -0.11 0.01 -0.05
233 18.0 209.0 67.0 26.0 0.02 -0.07 0.01 -0.11 0.0 -0.11
234 20.0 204.0 66.0 24.0 0.04 -0.08 0.02 -0.09 0.04 0.0
235 23.0 195.0 67.0 26.0 0.09 -0.1 0.02 0.0 -0.02 0.0
236 28.0 182.0 68.0 26.0 0.11 -0.11 0.03 -0.01 -0.03 0.0
237 29.0 168.0 69.0 25.0 0.18 -0.15 0.03 -0.11 0.04 -0.05
238 33.0 162.0 70.0 25.0 0.21 -0.16 0.02 -0.09 0.16 0.12
239 33.0 155.0 71.0 28.0 0.23 -0.14 0.01 -0.05 0.13 0.04
240 33.0 144.0 78.0 28.0 0.24 -0.01 0.01 -0.03 0.3 -0.05
241 35.0 140.0 77.0 27.0 0.12 0.21 -0.01 0.0 0.32 0.25
242 31.0 139.0 79.0 26.0 0.08 0.33 -0.02 -0.26 0.14 0.55
243 29.0 136.0 75.0 26.0 0.07 0.45 -0.04 -0.08 0.05 0.27
244 30.0 131.0 73.0 25.0 0.04 0.58 -0.01 -0.29 0.01 -0.19
245 28.0 142.0 70.0 23.0 -0.03 0.62 0.02 -0.25 -0.05 -0.27
246 27.0 145.0 73.0 24.0 -0.04 0.61 0.08 -0.49 -0.03 -0.3
247 28.0 151.0 76.0 24.0 -0.03 0.49 0.11 -0.4 0.0 0.23
248 29.0 141.0 71.0 24.0 -0.01 0.44 0.12 -0.55 0.02 0.36
249 28.0 134.0 71.0 21.0 0.03 0.3 0.12 -0.22 0.25 0.36
250 27.0 139.0 71.0 24.0 0.05 0.29 0.1 -0.07 0.33 0.34
251 24.0 140.0 73.0 24.0 0.04 0.29 0.08 -0.16 0.3 0.34
252 26.0 150.0 75.0 25.0 0.03 0.27 0.06 -0.11 0.27 0.01
253 26.0 146.0 71.0 24.0 0.02 0.18 0.04 -0.17 0.26 -0.05
254 24.0 132.0 72.0 24.0 0.01 0.12 0.04 -0.37 0.19 -0.06
255 23.0 144.0 71.0 24.0 0.01 -0.01 0.03 -0.27 0.16 0.01
256 22.0 151.0 67.0 24.0 -0.01 -0.06 0.02 -0.08 0.06 0.11
257 27.0 136.0 67.0 25.0 -0.02 -0.05 0.02 -0.13 0.06 0.15
258 28.0 133.0 67.0 24.0 -0.04 -0.01 0.03 -0.15 0.0 0.12
259 26.0 128.0 65.0 23.0 -0.04 -0.0 0.03 -0.2 0.0 0.02
260 21.0 133.0 62.0 24.0 -0.03 -0.01 0.03 -0.11 0.01 0.06
261 26.0 156.0 60.0 24.0 -0.02 -0.0 0.02 -0.01 0.07 0.06
262 24.0 155.0 64.0 24.0 -0.03 -0.0 0.01 -0.01 0.11 0.07
263 24.0 149.0 69.0 24.0 -0.03 -0.01 -0.0 -0.14 0.06 0.14
264 24.0 159.0 72.0 24.0 -0.02 -0.04 -0.02 -0.21 0.02 0.2
265 24.0 173.0 73.0 24.0 -0.02 -0.09 -0.03 -0.29 -0.04 0.25
266 24.0 188.0 77.0 25.0 -0.01 -0.14 -0.03 -0.29 -0.02 0.28
267 25.0 220.0 79.0 25.0 -0.01 -0.29 -0.01 -0.43 -0.01 0.26
268 27.0 222.0 89.0 24.0 -0.01 -0.39 -0.01 -0.48 0.09 0.36
269 29.0 238.0 88.0 25.0 -0.07 -0.63 -0.01 -0.54 0.2 0.5
270 28.0 246.0 84.0 24.0 -0.2 -0.73 -0.1 -0.5 0.49 0.29
271 28.0 246.0 84.0 24.0 -0.24 -0.67 -0.14 -0.01 0.42 -0.72
272 30.0 235.0 92.0 28.0 -0.28 -0.49 -0.14 0.48 0.08 -1.39
273 41.0 225.0 95.0 27.0 -0.33 -0.25 -0.08 0.08 -0.04 -0.56
274 46.0 223.0 88.0 26.0 -0.32 -0.2 -0.08 -0.51 -0.15 0.37
275 38.0 240.0 91.0 25.0 -0.22 -0.32 -0.08 -0.49 -0.25 0.45
276 38.0 225.0 86.0 26.0 -0.12 -0.42 -0.07 -0.28 -0.07 0.4
277 37.0 252.0 81.0 29.0 -0.09 -0.43 -0.08 -0.05 0.16 0.17
278 32.0 264.0 84.0 27.0 -0.05 -0.42 -0.09 -0.02 0.06 0.14
279 31.0 238.0 82.0 27.0 -0.02 -0.38 -0.09 0.04 0.2 0.0
280 32.0 235.0 83.0 26.0 -0.02 -0.36 -0.09 -0.08 0.07 0.03
281 29.0 224.0 77.0 25.0 0.0 -0.27 -0.07 -0.03 0.16 0.04
282 36.0 215.0 73.0 25.0 0.0 -0.15 -0.04 -0.17 0.08 0.14
283 41.0 210.0 71.0 27.0 -0.0 -0.09 -0.02 -0.13 0.11 0.0
284 37.0 224.0 67.0 26.0 -0.02 0.01 0.0 -0.17 0.07 -0.09
285 33.0 211.0 67.0 26.0 -0.02 0.01 0.02 -0.13 0.04 -0.08
286 31.0 192.0 74.0 25.0 -0.0 -0.01 0.03 -0.04 0.01 0.07
287 28.0 174.0 73.0 24.0 0.04 -0.05 0.04 -0.03 0.05 0.18
288 31.0 169.0 70.0 24.0 0.08 -0.06 0.03 -0.06 -0.01 0.41
289 28.0 160.0 67.0 24.0 0.1 -0.04 0.02 -0.17 -0.01 0.32
290 31.0 140.0 67.0 24.0 0.15 -0.03 0.01 -0.22 -0.02 0.3
291 31.0 129.0 71.0 24.0 0.19 -0.03 0.01 -0.12 0.07 0.1
292 34.0 137.0 75.0 23.0 0.21 -0.03 0.01 0.0 0.08 -0.05
293 36.0 126.0 80.0 24.0 0.24 0.02 0.01 -0.2 0.13 0.06
294 33.0 126.0 77.0 25.0 0.22 0.11 0.02 -0.3 0.19 0.2
295 39.0 133.0 83.0 20.0 0.19 0.15 0.02 0.06 0.15 0.31
296 46.0 137.0 88.0 24.0 0.11 0.35 -0.01 0.07 0.17 0.29
297 44.0 131.0 83.0 24.0 0.06 0.58 -0.03 0.09 0.09 0.13
298 40.0 124.0 80.0 25.0 0.08 0.71 -0.02 -0.13 0.0 -0.11
299 38.0 134.0 79.0 26.0 0.05 0.87 -0.0 -0.24 0.0 -0.25
300 40.0 126.0 79.0 24.0 0.01 0.75 0.03 -0.41 -0.05 -0.39
301 35.0 123.0 79.0 24.0 0.01 0.65 0.05 -0.39 0.06 0.07
302 30.0 141.0 75.0 24.0 -0.02 0.5 0.09 -0.34 0.21 0.82
303 28.0 147.0 71.0 24.0 -0.04 0.47 0.08 -0.3 0.33 0.97
304 35.0 145.0 69.0 24.0 -0.06 0.48 -0.04 -0.22 0.3 -0.42
305 37.0 152.0 68.0 23.0 -0.1 0.35 -0.09 -0.1 0.22 -0.68
306 34.0 151.0 66.0 24.0 -0.12 0.15 -0.02 -0.12 0.15 -0.9
307 31.0 150.0 66.0 24.0 -0.13 0.06 0.01 -0.05 0.13 -0.26
308 29.0 162.0 69.0 24.0 -0.13 0.01 0.02 -0.1 0.06 0.01
309 30.0 156.0 68.0 24.0 -0.11 0.02 0.02 -0.18 0.05 0.04
310 26.0 153.0 70.0 24.0 -0.09 0.01 0.0 -0.13 -0.01 0.0
311 26.0 147.0 64.0 25.0 -0.06 0.01 0.01 -0.15 -0.05 0.02
312 27.0 140.0 69.0 24.0 -0.03 -0.02 0.03 -0.27 0.01 0.29
313 25.0 138.0 71.0 24.0 -0.01 -0.03 0.03 -0.28 0.02 0.34
314 24.0 142.0 71.0 24.0 0.01 -0.03 0.02 -0.29 0.03 0.32
315 22.0 147.0 69.0 24.0 0.02 -0.04 0.02 -0.21 0.01 0.35
316 21.0 155.0 68.0 26.0 0.02 -0.04 0.02 -0.11 0.1 0.35
317 21.0 154.0 72.0 25.0 0.02 -0.02 0.03 0.0 0.11 0.36
318 20.0 183.0 74.0 25.0 0.03 -0.0 0.03 -0.17 0.11 0.33
319 21.0 206.0 75.0 26.0 0.04 -0.01 0.02 -0.17 0.06 0.22
320 22.0 211.0 78.0 25.0 0.04 -0.06 0.01 -0.23 0.03 0.18
321 24.0 234.0 87.0 24.0 0.03 -0.13 0.03 -0.37 0.01 0.22
322 25.0 229.0 91.0 26.0 0.02 -0.2 0.04 -0.54 0.06 0.45
323 24.0 225.0 88.0 25.0 -0.03 -0.42 0.04 -0.86 0.17 1.02
324 22.0 228.0 83.0 26.0 -0.15 -0.5 -0.03 -0.81 0.45 0.54
325 22.0 220.0 83.0 26.0 -0.23 -0.44 -0.09 0.32 0.21 -1.38
326 25.0 201.0 96.0 27.0 -0.25 -0.25 -0.11 0.43 -0.08 -1.78
327 29.0 199.0 97.0 26.0 -0.31 -0.28 0.0 0.32 0.18 -0.58
328 30.0 215.0 93.0 25.0 -0.29 -0.26 0.02 -0.4 -0.03 0.19
329 30.0 218.0 96.0 24.0 -0.24 -0.32 -0.01 -0.35 -0.32 0.58
330 28.0 205.0 92.0 25.0 -0.13 -0.41 -0.02 -0.04 0.08 0.98
331 25.0 211.0 88.0 24.0 -0.09 -0.35 -0.05 0.0 -0.03 0.51
332 27.0 220.0 85.0 24.0 -0.06 -0.22 -0.08 0.15 0.13 0.0
333 31.0 215.0 80.0 24.0 -0.04 -0.18 -0.09 0.07 0.12 -0.23
334 30.0 197.0 77.0 24.0 -0.03 -0.18 -0.08 -0.23 0.12 -0.25
335 32.0 216.0 74.0 24.0 0.0 -0.22 -0.08 -0.3 0.13 -0.16
336 31.0 211.0 72.0 25.0 0.0 -0.26 -0.09 -0.22 0.14 -0.08
337 27.0 234.0 72.0 24.0 -0.01 -0.25 -0.1 0.02 0.11 -0.04
338 26.0 234.0 69.0 23.0 -0.03 -0.14 -0.08 -0.01 0.09 0.0
339 24.0 228.0 70.0 24.0 -0.05 -0.05 -0.06 -0.26 0.15 0.06
340 23.0 203.0 69.0 26.0 -0.05 -0.04 -0.05 -0.34 0.18 0.06
341 24.0 190.0 68.0 25.0 -0.05 -0.05 -0.05 -0.27 -0.05 0.05
342 24.0 182.0 71.0 25.0 -0.02 -0.06 -0.04 -0.23 0.0 0.0
343 24.0 178.0 72.0 25.0 -0.0 -0.05 -0.02 -0.23 -0.09 0.0
344 22.0 192.0 73.0 25.0 0.03 -0.04 0.0 -0.18 -0.08 0.06
345 23.0 182.0 71.0 24.0 0.07 -0.03 0.03 -0.21 0.0 0.18
346 25.0 173.0 72.0 24.0 0.09 -0.03 0.03 -0.3 0.12 0.22
347 29.0 174.0 74.0 25.0 0.12 -0.05 0.03 -0.29 0.04 0.2
348 30.0 157.0 75.0 25.0 0.18 -0.15 0.02 -0.02 0.07 -0.03
349 30.0 182.0 74.0 26.0 0.2 -0.19 0.03 0.09 0.08 -0.05
350 28.0 162.0 80.0 25.0 0.23 -0.15 0.05 0.02 0.07 0.0
351 27.0 151.0 80.0 26.0 0.24 -0.09 0.04 -0.06 0.27 0.1
352 25.0 140.0 81.0 25.0 0.23 -0.03 0.03 -0.32 0.32 0.21
353 25.0 129.0 82.0 25.0 0.14 0.06 -0.0 -0.31 0.18 0.32
354 29.0 133.0 81.0 24.0 0.1 0.09 -0.03 -0.03 0.18 0.17
355 27.0 138.0 82.0 24.0 0.12 0.11 -0.03 0.23 0.2 -0.04
356 24.0 148.0 81.0 24.0 0.08 0.18 -0.04 0.33 0.15 -0.13
357 23.0 140.0 82.0 24.0 -0.0 0.38 -0.01 0.04 -0.02 -0.14
358 22.0 149.0 82.0 25.0 -0.05 0.47 -0.0 -0.43 -0.14 0.07
359 21.0 181.0 81.0 25.0 -0.0 0.52 0.06 -0.75 -0.07 0.14
360 24.0 164.0 83.0 24.0 0.07 0.33 0.08 -0.58 0.18 0.17
361 22.0 154.0 82.0 24.0 0.08 0.26 0.07 -0.42 0.2 0.13
362 20.0 154.0 79.0 24.0 0.08 0.15 0.07 -0.18 0.27 0.11
363 20.0 148.0 82.0 24.0 0.1 0.18 0.07 0.16 0.25 0.14
364 20.0 153.0 81.0 24.0 0.08 0.28 0.07 0.13 0.19 0.0
365 19.0 146.0 82.0 24.0 0.04 0.48 0.08 -0.06 0.16 -0.05
366 20.0 139.0 80.0 24.0 0.03 0.51 0.09 -0.37 0.03 -0.03
367 19.0 129.0 78.0 24.0 0.04 0.47 0.1 -0.48 0.08 0.18
368 19.0 124.0 75.0 24.0 0.06 0.33 0.1 -0.43 0.13 0.14
369 18.0 121.0 76.0 23.0 0.05 0.22 0.07 -0.08 0.19 -0.02
370 18.0 122.0 75.0 24.0 0.03 0.19 0.06 -0.14 0.14 -0.11
371 17.0 116.0 75.0 24.0 0.01 0.13 0.05 -0.19 0.08 -0.01
372 17.0 110.0 75.0 24.0 0.0 0.06 0.04 -0.17 0.08 0.1
373 18.0 112.0 73.0 24.0 -0.01 0.04 0.04 -0.09 0.0 0.07
374 18.0 114.0 72.0 24.0 -0.0 -0.01 0.03 -0.03 0.06 0.09
375 18.0 115.0 73.0 24.0 -0.0 -0.01 0.02 -0.01 0.05 0.09
376 17.0 134.0 74.0 24.0 -0.0 -0.01 0.02 -0.11 0.01 0.1
377 18.0 158.0 75.0 24.0 0.01 -0.02 0.02 -0.13 0.04 0.09
378 17.0 183.0 76.0 24.0 0.03 -0.06 0.02 -0.16 0.0 0.13
379 17.0 205.0 77.0 24.0 0.03 -0.08 0.03 -0.19 -0.02 0.3
380 20.0 240.0 76.0 24.0 0.03 -0.16 0.03 -0.29 -0.02 0.4
381 22.0 239.0 79.0 24.0 0.03 -0.27 0.0 -0.45 0.02 0.68
382 22.0 214.0 80.0 28.0 0.03 -0.32 -0.01 -0.72 0.24 0.58
383 23.0 252.0 80.0 29.0 -0.04 -0.42 -0.03 -0.49 0.27 0.28
384 21.0 238.0 79.0 27.0 -0.15 -0.42 -0.06 -0.35 0.52 -0.04
385 21.0 254.0 77.0 29.0 -0.21 -0.34 -0.09 -0.17 0.26 -1.05
386 20.0 250.0 77.0 28.0 -0.25 -0.24 -0.11 -0.02 0.14 -1.31
387 20.0 253.0 75.0 27.0 -0.32 -0.3 -0.07 0.09 -0.08 -0.47
388 19.0 259.0 76.0 27.0 -0.28 -0.38 -0.07 -0.1 -0.17 0.14
389 19.0 258.0 76.0 26.0 -0.17 -0.56 -0.06 -0.13 -0.2 0.27
390 24.0 267.0 75.0 25.0 -0.08 -0.56 -0.07 0.28 -0.03 0.55
391 22.0 288.0 75.0 25.0 -0.04 -0.47 -0.07 0.2 0.07 0.53
392 20.0 261.0 73.0 25.0 0.0 -0.27 -0.07 -0.13 0.02 0.48
393 20.0 268.0 74.0 24.0 0.03 -0.09 -0.04 -0.04 0.18 0.16
394 19.0 232.0 74.0 24.0 0.03 -0.02 -0.04 -0.48 0.1 0.05
395 20.0 228.0 75.0 25.0 0.05 -0.03 -0.02 -0.48 0.11 0.06
396 20.0 231.0 76.0 27.0 0.06 -0.09 0.01 -0.14 0.08 0.16
397 20.0 223.0 74.0 26.0 0.06 -0.09 0.02 -0.04 0.12 0.05
398 20.0 205.0 74.0 26.0 0.07 -0.09 0.04 -0.07 0.11 0.03
399 19.0 185.0 73.0 25.0 0.1 -0.1 0.04 -0.14 0.11 0.08
400 18.0 175.0 72.0 26.0 0.12 -0.12 0.04 -0.1 0.11 0.11
401 18.0 164.0 72.0 25.0 0.17 -0.15 0.03 -0.01 0.17 0.0
402 24.0 159.0 78.0 24.0 0.22 -0.16 0.01 0.01 0.17 -0.18
403 23.0 150.0 73.0 25.0 0.24 -0.15 0.02 -0.11 0.14 -0.21
404 22.0 136.0 83.0 24.0 0.22 -0.11 0.03 -0.19 0.23 -0.13
405 21.0 153.0 76.0 24.0 0.13 -0.01 0.02 -0.1 0.22 0.1
406 22.0 150.0 72.0 24.0 0.09 0.09 0.0 0.04 0.14 0.41
407 21.0 138.0 72.0 24.0 0.05 0.45 0.01 0.2 0.1 0.39
408 21.0 130.0 76.0 23.0 0.07 0.77 0.01 -0.45 -0.03 -0.32
409 21.0 125.0 77.0 24.0 0.02 0.85 0.04 -0.56 -0.01 -0.53
410 23.0 121.0 78.0 24.0 -0.06 0.78 0.09 -0.63 0.0 -0.42
411 25.0 123.0 75.0 24.0 -0.05 0.61 0.14 -0.62 0.06 0.13
412 24.0 122.0 74.0 24.0 -0.02 0.5 0.15 -0.48 0.04 0.43
413 23.0 121.0 72.0 24.0 0.02 0.44 0.15 -0.1 0.24 0.52
414 22.0 121.0 72.0 22.0 0.02 0.49 0.13 -0.13 0.26 0.43
415 21.0 129.0 72.0 23.0 0.03 0.53 0.11 -0.19 0.32 0.12
416 21.0 136.0 70.0 23.0 -0.0 0.51 0.09 -0.28 0.22 0.0
417 21.0 137.0 68.0 23.0 -0.01 0.34 0.07 -0.43 0.22 -0.09
418 20.0 140.0 68.0 24.0 -0.01 0.24 0.05 -0.41 0.2 -0.12
419 18.0 142.0 68.0 24.0 -0.01 0.01 0.03 -0.16 0.14 0.02
420 18.0 135.0 67.0 24.0 -0.01 -0.09 0.01 0.0 0.13 0.33
421 18.0 150.0 66.0 24.0 -0.01 -0.09 -0.0 0.08 0.11 0.34
422 17.0 144.0 66.0 24.0 -0.03 -0.02 -0.02 -0.06 0.05 0.11
423 17.0 136.0 63.0 24.0 -0.04 -0.0 -0.01 -0.19 0.0 0.02
424 17.0 130.0 64.0 23.0 -0.03 -0.02 -0.01 -0.21 0.03 0.02
425 16.0 132.0 64.0 23.0 -0.02 -0.04 -0.01 -0.21 0.01 0.01
426 17.0 129.0 64.0 24.0 -0.01 -0.08 -0.01 -0.21 0.02 0.06
427 17.0 133.0 62.0 24.0 -0.01 -0.09 -0.01 -0.2 0.02 0.07
428 16.0 145.0 62.0 24.0 -0.01 -0.1 -0.01 -0.12 0.04 -0.01
429 16.0 162.0 64.0 23.0 -0.01 -0.11 -0.02 -0.06 0.01 0.01
430 17.0 200.0 65.0 24.0 -0.02 -0.1 -0.01 -0.09 0.04 0.03
431 16.0 201.0 68.0 24.0 -0.02 -0.1 -0.02 -0.18 0.01 0.24
432 20.0 250.0 72.0 24.0 -0.01 -0.12 -0.03 -0.18 -0.08 0.23
433 20.0 236.0 73.0 24.0 0.0 -0.14 -0.02 -0.1 0.0 0.21
434 17.0 223.0 71.0 23.0 0.01 -0.24 0.0 -0.23 0.03 0.08
435 18.0 263.0 72.0 25.0 -0.0 -0.41 0.01 -0.3 0.18 0.13
436 18.0 245.0 69.0 29.0 -0.06 -0.44 -0.01 -0.5 0.31 0.08
437 22.0 264.0 71.0 28.0 -0.22 -0.44 -0.04 -0.18 0.53 -0.03
438 21.0 239.0 69.0 28.0 -0.33 -0.37 -0.1 0.11 0.22 -0.36
439 20.0 215.0 66.0 27.0 -0.33 -0.29 -0.11 0.32 0.17 -0.49
440 22.0 220.0 66.0 26.0 -0.35 -0.06 -0.08 0.18 -0.24 -0.25
441 21.0 244.0 65.0 27.0 -0.27 0.06 -0.03 -0.05 -0.18 0.14
442 20.0 250.0 65.0 26.0 -0.2 0.05 -0.01 -0.14 -0.17 0.32
443 21.0 247.0 64.0 26.0 -0.11 -0.0 0.01 -0.31 -0.06 0.46
444 19.0 243.0 62.0 25.0 -0.03 -0.03 0.01 -0.28 0.02 0.44
445 19.0 220.0 62.0 24.0 -0.01 -0.04 0.01 -0.24 0.07 0.21
446 18.0 206.0 63.0 24.0 0.03 -0.1 0.0 -0.14 0.09 0.02
447 19.0 197.0 64.0 25.0 0.06 -0.15 0.01 -0.07 0.17 0.17
448 18.0 205.0 66.0 24.0 0.07 -0.15 0.01 0.0 0.2 0.28
449 18.0 209.0 64.0 27.0 0.07 -0.11 0.0 -0.12 0.17 0.31
450 18.0 187.0 64.0 26.0 0.05 -0.04 0.01 -0.18 0.17 0.01
451 19.0 171.0 61.0 26.0 0.04 -0.05 0.01 -0.2 0.1 -0.1
452 19.0 159.0 64.0 25.0 0.07 -0.17 0.01 0.0 0.01 -0.07
453 20.0 147.0 64.0 25.0 0.12 -0.21 0.03 -0.1 -0.04 -0.03
454 19.0 134.0 66.0 25.0 0.16 -0.24 0.03 -0.11 0.02 0.0
455 22.0 127.0 68.0 24.0 0.24 -0.27 0.03 -0.13 0.06 0.13
456 22.0 142.0 68.0 24.0 0.25 -0.2 0.01 0.0 0.29 0.07
457 20.0 133.0 67.0 24.0 0.22 -0.11 0.0 -0.06 0.3 0.1
458 20.0 140.0 65.0 24.0 0.12 0.13 -0.02 0.1 0.14 0.42
459 19.0 133.0 66.0 24.0 0.12 0.27 -0.04 -0.29 0.09 0.01
460 19.0 128.0 66.0 24.0 0.1 0.28 -0.03 -0.33 0.04 -0.12
461 20.0 118.0 68.0 27.0 0.04 0.25 0.0 -0.28 0.01 0.0
462 20.0 129.0 69.0 26.0 0.03 0.2 0.04 -0.5 0.07 0.01
463 20.0 138.0 75.0 26.0 0.04 0.14 0.06 -0.37 0.13 0.01
464 19.0 135.0 76.0 26.0 0.01 0.09 0.09 -0.18 0.17 0.15
465 21.0 138.0 78.0 25.0 -0.01 0.11 0.11 -0.38 0.09 0.41
466 20.0 149.0 77.0 25.0 -0.01 0.12 0.12 -0.45 0.14 0.44
467 19.0 141.0 75.0 25.0 0.0 0.11 0.1 -0.23 0.14 0.36
468 19.0 139.0 73.0 24.0 0.0 0.16 0.07 -0.14 0.21 -0.05
469 18.0 145.0 72.0 25.0 0.0 0.17 0.06 -0.19 0.2 -0.21
470 18.0 136.0 74.0 24.0 -0.01 0.11 0.05 -0.24 0.13 -0.02
471 18.0 131.0 73.0 24.0 -0.01 0.01 0.03 -0.14 0.16 0.0
472 17.0 130.0 71.0 25.0 -0.01 -0.02 0.02 -0.06 0.09 0.0
473 19.0 131.0 71.0 24.0 -0.01 -0.02 0.01 -0.11 0.04 0.04
474 19.0 144.0 69.0 24.0 -0.02 -0.01 0.01 -0.05 0.06 0.02
475 18.0 137.0 69.0 25.0 -0.02 0.01 0.01 -0.11 0.06 -0.03
476 18.0 135.0 70.0 24.0 -0.04 0.03 0.01 -0.15 0.0 0.03
477 18.0 135.0 71.0 24.0 -0.04 0.01 0.01 -0.19 0.1 0.08
478 18.0 132.0 69.0 24.0 -0.04 0.0 0.01 -0.13 0.07 0.13
479 17.0 140.0 68.0 24.0 -0.03 -0.0 -0.01 -0.17 0.1 0.19
480 17.0 184.0 66.0 25.0 -0.03 -0.0 -0.01 -0.2 0.16 0.24
481 17.0 201.0 71.0 27.0 -0.02 -0.01 -0.02 -0.24 0.12 0.2
482 17.0 209.0 73.0 26.0 -0.01 -0.03 -0.03 -0.07 0.07 0.17
483 17.0 226.0 73.0 25.0 -0.01 -0.04 -0.03 -0.24 0.02 0.28
484 17.0 222.0 72.0 25.0 0.0 -0.12 -0.01 -0.54 -0.05 0.5
485 18.0 215.0 72.0 25.0 -0.05 -0.28 -0.01 -0.76 0.23 0.4
486 18.0 239.0 71.0 28.0 -0.1 -0.35 -0.02 -0.23 0.48 -0.29
487 19.0 247.0 75.0 26.0 -0.26 -0.34 -0.06 -0.16 0.34 -0.54
488 19.0 239.0 73.0 28.0 -0.34 -0.26 -0.08 -0.08 0.23 -0.85
489 19.0 215.0 73.0 27.0 -0.32 -0.21 -0.06 0.1 0.0 -0.57
490 19.0 191.0 72.0 26.0 -0.29 -0.19 -0.06 0.0 -0.06 -0.37
491 16.0 188.0 72.0 26.0 -0.21 -0.3 -0.05 -0.06 -0.09 0.33
492 18.0 173.0 72.0 26.0 -0.13 -0.4 -0.06 -0.06 0.0 0.54
493 18.0 173.0 73.0 25.0 -0.09 -0.38 -0.06 -0.06 0.04 0.52
494 18.0 170.0 73.0 26.0 -0.05 -0.3 -0.06 0.06 0.05 0.33
495 18.0 162.0 71.0 25.0 -0.01 -0.19 -0.04 -0.04 0.1 0.32
496 17.0 163.0 69.0 25.0 0.0 -0.13 -0.03 -0.13 0.05 0.31
497 17.0 154.0 65.0 29.0 0.03 -0.04 -0.03 -0.24 0.09 0.25
498 17.0 165.0 67.0 28.0 0.04 -0.03 -0.02 -0.17 0.06 0.11
499 17.0 187.0 69.0 27.0 0.05 -0.05 -0.01 -0.14 0.04 0.05
500 17.0 179.0 67.0 27.0 0.07 -0.13 -0.01 -0.07 0.04 0.08
501 17.0 175.0 70.0 27.0 0.1 -0.13 0.01 -0.09 0.06 0.12
502 18.0 185.0 67.0 25.0 0.11 -0.14 0.02 -0.08 0.06 0.17
503 18.0 166.0 68.0 34.0 0.15 -0.15 0.01 -0.03 0.11 0.17
504 18.0 156.0 68.0 32.0 0.21 -0.16 0.01 -0.06 0.16 0.0
505 19.0 139.0 71.0 30.0 0.23 -0.16 0.01 0.0 0.25 -0.05
506 19.0 130.0 70.0 29.0 0.22 -0.1 0.0 -0.06 0.29 -0.14
507 18.0 121.0 73.0 28.0 0.21 -0.1 -0.01 -0.23 0.23 0.03
508 18.0 115.0 74.0 30.0 0.12 -0.03 -0.03 -0.26 0.2 0.06
509 18.0 119.0 72.0 30.0 0.08 0.11 -0.03 -0.03 0.06 0.01
510 18.0 119.0 80.0 28.0 0.1 0.25 -0.01 -0.14 0.0 -0.14
511 17.0 119.0 77.0 28.0 0.07 0.29 0.01 -0.06 -0.02 -0.25
512 18.0 123.0 77.0 27.0 0.0 0.3 0.08 -0.3 -0.01 -0.2
513 17.0 123.0 77.0 27.0 -0.01 0.21 0.15 -0.51 0.07 0.0
514 17.0 126.0 73.0 26.0 -0.02 0.14 0.17 -0.38 0.12 0.49
515 18.0 124.0 73.0 26.0 -0.01 0.08 0.17 -0.47 0.2 0.63
516 17.0 123.0 72.0 25.0 0.02 0.06 0.15 -0.21 0.27 0.29
517 18.0 127.0 70.0 25.0 0.02 0.08 0.13 -0.17 0.29 0.23
518 18.0 123.0 74.0 25.0 0.01 0.11 0.11 -0.1 0.27 0.12
519 18.0 127.0 73.0 25.0 0.01 0.13 0.1 -0.15 0.23 -0.12
520 17.0 131.0 70.0 25.0 -0.01 0.11 0.08 -0.07 0.23 -0.06
521 17.0 128.0 67.0 26.0 -0.06 0.07 0.06 -0.14 0.12 -0.03
522 16.0 128.0 66.0 25.0 -0.06 0.03 0.06 -0.02 0.08 0.03
523 17.0 147.0 68.0 25.0 -0.05 -0.01 0.04 -0.03 0.04 0.08
524 17.0 136.0 71.0 24.0 -0.04 0.01 0.03 0.0 0.04 0.12
525 17.0 135.0 68.0 24.0 -0.01 0.05 -0.01 -0.1 0.02 0.09
526 17.0 131.0 68.0 25.0 -0.01 0.05 -0.01 -0.1 0.05 0.1
527 16.0 135.0 67.0 25.0 -0.0 0.04 -0.02 -0.21 0.03 0.1
528 16.0 136.0 65.0 24.0 0.0 0.02 -0.03 -0.2 0.08 -0.03
529 16.0 149.0 63.0 24.0 0.01 -0.0 -0.03 -0.21 0.11 -0.04
530 16.0 142.0 70.0 24.0 -0.01 -0.01 -0.04 -0.19 0.13 0.0
531 17.0 188.0 68.0 25.0 -0.0 -0.02 -0.04 -0.14 0.15 0.09
532 16.0 209.0 71.0 24.0 0.0 -0.03 -0.05 -0.16 0.09 0.14
533 17.0 235.0 74.0 24.0 0.0 -0.02 -0.06 -0.15 0.06 0.14
534 17.0 238.0 77.0 24.0 0.01 -0.04 -0.05 -0.27 0.1 0.1
535 17.0 233.0 81.0 24.0 0.0 -0.15 -0.03 -0.34 0.08 0.1
536 17.0 238.0 77.0 24.0 -0.07 -0.32 -0.01 -0.71 0.19 0.16
537 18.0 215.0 74.0 25.0 -0.11 -0.34 -0.01 0.0 0.39 0.15
538 17.0 222.0 74.0 24.0 -0.19 -0.16 -0.08 -0.11 0.31 0.11
539 18.0 211.0 77.0 25.0 -0.24 -0.08 -0.08 0.14 0.23 -0.52
540 18.0 216.0 75.0 25.0 -0.26 -0.07 -0.07 0.03 0.02 -0.4
541 17.0 220.0 74.0 25.0 -0.22 -0.08 -0.05 0.0 0.0 -0.28
542 17.0 230.0 75.0 24.0 -0.13 -0.14 -0.04 -0.05 -0.12 0.19
543 18.0 229.0 77.0 24.0 -0.09 -0.14 -0.04 -0.07 -0.05 0.42
544 18.0 209.0 78.0 25.0 -0.05 -0.06 -0.04 0.0 0.02 0.53
545 19.0 239.0 76.0 27.0 -0.03 0.09 -0.03 -0.05 0.05 0.44
546 18.0 218.0 76.0 26.0 -0.03 0.12 -0.02 -0.35 0.11 0.11
547 17.0 206.0 72.0 25.0 -0.02 0.07 0.01 -0.33 0.16 -0.01
548 18.0 199.0 78.0 25.0 -0.02 -0.02 0.02 -0.17 0.09 -0.02
549 17.0 201.0 75.0 25.0 -0.0 -0.04 0.02 -0.04 0.07 0.09
550 17.0 182.0 71.0 25.0 0.01 -0.06 0.02 0.0 0.06 0.15
551 17.0 179.0 68.0 25.0 0.05 -0.07 0.02 -0.01 0.06 0.2
552 16.0 179.0 67.0 24.0 0.08 -0.09 0.01 -0.02 0.05 0.15
553 18.0 173.0 66.0 24.0 0.14 -0.09 0.0 0.02 0.06 0.05
554 18.0 155.0 67.0 23.0 0.19 -0.1 -0.0 -0.02 0.03 -0.04
555 18.0 139.0 65.0 25.0 0.22 -0.11 0.0 -0.11 0.07 -0.04
556 18.0 126.0 70.0 24.0 0.25 -0.1 0.0 -0.19 0.13 -0.04
557 18.0 129.0 69.0 25.0 0.22 -0.08 0.0 -0.1 0.21 -0.09
558 17.0 128.0 68.0 24.0 0.2 -0.04 -0.01 -0.1 0.27 0.05
559 17.0 119.0 65.0 25.0 0.09 0.09 -0.03 -0.12 0.16 0.19
560 17.0 113.0 67.0 25.0 0.09 0.21 -0.04 -0.12 0.1 0.16
561 17.0 116.0 68.0 28.0 0.1 0.21 -0.04 -0.24 0.06 0.02
562 16.0 116.0 69.0 25.0 0.03 0.17 -0.02 -0.26 0.04 0.04
563 18.0 118.0 70.0 25.0 0.03 0.2 0.0 -0.24 0.06 0.01
564 19.0 117.0 69.0 24.0 0.0 0.22 0.02 -0.22 0.1 0.0
565 19.0 127.0 69.0 24.0 -0.01 0.22 0.05 -0.31 0.08 0.08
566 20.0 120.0 66.0 26.0 -0.01 0.19 0.05 -0.28 0.14 0.3
567 19.0 118.0 67.0 26.0 0.0 0.19 0.05 -0.24 0.21 0.34
568 19.0 119.0 66.0 25.0 0.01 0.2 0.03 -0.17 0.21 0.2
569 19.0 129.0 66.0 25.0 -0.01 0.19 0.03 -0.06 0.17 -0.06
570 18.0 127.0 65.0 24.0 -0.02 0.2 0.04 -0.08 0.11 -0.03
571 18.0 121.0 64.0 28.0 -0.02 0.17 0.04 -0.32 0.13 0.0
572 18.0 119.0 64.0 26.0 -0.03 0.07 0.01 -0.23 0.11 0.0
573 18.0 126.0 62.0 26.0 -0.03 0.01 -0.0 -0.03 0.09 -0.04
574 18.0 116.0 62.0 25.0 -0.04 -0.04 -0.01 0.06 0.05 0.02
575 17.0 115.0 63.0 25.0 -0.04 -0.02 -0.02 0.09 0.05 0.06
576 18.0 115.0 63.0 25.0 -0.04 0.0 -0.02 -0.07 0.0 0.1
577 17.0 126.0 64.0 25.0 -0.02 -0.01 -0.02 -0.14 -0.04 0.15
578 17.0 119.0 64.0 25.0 -0.01 -0.02 -0.02 -0.19 0.0 0.2
579 17.0 116.0 63.0 25.0 0.0 -0.02 -0.02 -0.2 0.0 0.19
580 18.0 115.0 63.0 24.0 0.01 -0.01 -0.01 -0.2 0.04 0.15
581 17.0 115.0 61.0 24.0 -0.0 -0.01 -0.0 -0.21 0.06 0.05
582 17.0 126.0 60.0 24.0 -0.0 -0.02 0.0 -0.24 0.12 0.1
583 17.0 124.0 61.0 24.0 0.0 -0.04 0.01 -0.17 0.09 0.18
584 16.0 141.0 64.0 24.0 0.0 -0.04 0.0 -0.14 0.08 0.16
585 16.0 149.0 64.0 25.0 0.01 -0.03 0.0 -0.03 0.0 0.1
586 17.0 161.0 63.0 25.0 0.0 -0.04 -0.0 0.0 0.01 0.07
587 16.0 194.0 69.0 24.0 0.02 -0.09 0.01 -0.12 0.02 0.14
588 15.0 213.0 75.0 25.0 0.01 -0.11 0.01 -0.17 0.04 0.15
589 17.0 257.0 74.0 24.0 -0.02 -0.2 0.02 -0.46 0.04 0.12
590 16.0 254.0 71.0 28.0 -0.1 -0.27 0.02 -0.13 0.2 0.19
591 17.0 241.0 70.0 25.0 -0.14 -0.21 0.0 -0.3 0.26 0.09
592 17.0 229.0 70.0 27.0 -0.23 -0.09 -0.01 -0.09 0.16 -0.48
593 16.0 229.0 71.0 26.0 -0.27 -0.05 -0.01 0.11 0.15 -0.67
594 16.0 224.0 71.0 25.0 -0.27 -0.04 -0.02 0.03 0.09 -0.53
595 17.0 232.0 70.0 26.0 -0.22 -0.05 -0.03 -0.1 -0.15 -0.05
596 17.0 225.0 69.0 25.0 -0.15 -0.11 -0.03 -0.1 -0.04 0.2
597 17.0 227.0 66.0 29.0 -0.12 -0.12 -0.03 -0.03 -0.1 0.36
598 17.0 211.0 67.0 28.0 -0.07 -0.1 -0.03 0.05 -0.03 0.38
599 17.0 192.0 66.0 26.0 -0.03 -0.03 -0.02 0.04 0.0 0.29
600 17.0 186.0 62.0 26.0 -0.01 0.0 -0.01 -0.01 0.06 0.2
601 17.0 192.0 62.0 25.0 0.01 0.03 -0.01 -0.13 0.06 0.17
602 17.0 185.0 61.0 25.0 0.04 -0.02 -0.01 -0.22 0.01 0.05
603 17.0 165.0 61.0 25.0 0.05 -0.05 -0.01 -0.2 0.05 0.06
604 16.0 155.0 60.0 25.0 0.08 -0.12 0.0 -0.09 0.06 0.17
605 17.0 143.0 59.0 24.0 0.08 -0.12 0.01 -0.06 0.11 0.22
606 17.0 140.0 66.0 24.0 0.09 -0.13 0.01 -0.05 0.05 0.24
607 17.0 138.0 67.0 27.0 0.13 -0.15 0.01 -0.08 0.09 0.06
608 18.0 132.0 66.0 26.0 0.19 -0.21 0.01 -0.14 0.17 -0.12
609 18.0 127.0 64.0 26.0 0.2 -0.2 0.01 -0.21 0.14 -0.11
610 18.0 120.0 62.0 25.0 0.19 -0.17 -0.01 0.02 0.28 -0.11
611 18.0 114.0 60.0 25.0 0.14 -0.03 -0.03 -0.01 0.02 0.18
612 23.0 124.0 62.0 27.0 0.13 0.02 -0.04 -0.06 0.02 0.15
613 22.0 120.0 63.0 26.0 0.18 0.1 -0.03 0.03 0.14 -0.03
614 21.0 122.0 69.0 25.0 0.07 0.24 -0.02 0.07 0.03 0.1
615 21.0 120.0 65.0 25.0 0.04 0.31 -0.02 0.27 -0.04 0.2
616 21.0 135.0 66.0 26.0 0.04 0.43 0.02 -0.28 0.05 -0.05
617 21.0 129.0 67.0 25.0 -0.01 0.48 0.05 -0.42 -0.01 -0.05
618 23.0 130.0 67.0 26.0 -0.02 0.46 0.07 -0.59 0.08 0.04
619 22.0 129.0 63.0 25.0 -0.01 0.33 0.09 -0.44 0.08 0.17
620 22.0 126.0 63.0 24.0 0.0 0.21 0.09 -0.16 0.16 0.15
621 22.0 149.0 64.0 24.0 -0.01 0.19 0.09 -0.02 0.21 0.26
622 21.0 138.0 63.0 24.0 0.0 0.19 0.07 -0.06 0.23 0.21
623 21.0 133.0 62.0 26.0 -0.01 0.17 0.03 -0.15 0.21 0.03
624 20.0 128.0 61.0 25.0 -0.02 0.12 0.02 -0.15 0.19 -0.03
625 19.0 134.0 59.0 26.0 -0.02 -0.01 -0.01 -0.03 0.12 -0.14
626 20.0 136.0 58.0 25.0 -0.03 -0.04 -0.01 0.05 0.07 -0.09
627 19.0 127.0 61.0 25.0 -0.03 -0.03 -0.01 -0.01 -0.01 0.12
628 19.0 123.0 59.0 24.0 -0.03 0.0 -0.01 -0.15 -0.01 0.22
629 17.0 122.0 57.0 26.0 -0.02 0.01 -0.02 -0.14 0.01 0.15
630 17.0 133.0 57.0 25.0 -0.01 0.02 -0.02 -0.12 0.05 0.11
631 17.0 133.0 55.0 25.0 -0.02 0.02 -0.02 -0.08 0.09 0.08
632 18.0 122.0 54.0 25.0 -0.02 0.0 -0.02 -0.18 0.07 0.03
633 18.0 124.0 55.0 25.0 -0.02 -0.01 -0.02 -0.14 0.11 0.0
634 17.0 119.0 58.0 26.0 -0.02 -0.03 -0.02 -0.06 0.05 0.04
635 17.0 117.0 58.0 25.0 -0.02 -0.02 -0.02 -0.13 0.07 0.08
636 17.0 114.0 58.0 25.0 -0.02 -0.02 -0.02 -0.11 0.05 0.09
637 17.0 146.0 57.0 25.0 -0.02 -0.02 -0.02 -0.13 0.05 0.12
638 18.0 162.0 58.0 24.0 -0.02 -0.01 -0.01 -0.08 0.04 0.14
639 17.0 169.0 58.0 29.0 -0.01 -0.01 -0.0 -0.15 0.02 0.21
640 17.0 183.0 60.0 28.0 0.0 -0.01 0.01 -0.1 0.02 0.3
641 18.0 195.0 61.0 27.0 0.03 -0.03 0.01 -0.2 0.01 0.33
642 17.0 185.0 62.0 27.0 0.04 -0.05 0.02 -0.22 0.02 0.33
643 17.0 196.0 60.0 27.0 -0.02 -0.1 0.01 -0.5 0.15 0.24
644 19.0 208.0 63.0 26.0 -0.11 -0.21 -0.01 -0.36 0.26 -0.18
645 19.0 206.0 65.0 26.0 -0.12 -0.21 -0.01 -0.17 0.31 -0.54
646 20.0 217.0 71.0 26.0 -0.24 -0.25 0.03 -0.22 0.15 -0.64
647 20.0 262.0 70.0 25.0 -0.3 -0.26 -0.01 -0.33 0.04 -0.19
648 21.0 310.0 72.0 26.0 -0.3 -0.22 -0.02 -0.23 0.04 -0.1
649 20.0 266.0 71.0 26.0 -0.2 -0.24 -0.01 0.01 -0.12 -0.23
650 21.0 263.0 70.0 26.0 -0.11 -0.51 -0.01 -0.1 0.0 0.32
651 20.0 237.0 72.0 26.0 -0.05 -0.62 -0.04 -0.05 0.0 0.55
652 19.0 219.0 72.0 26.0 0.04 -0.54 -0.06 0.45 -0.01 0.76
653 19.0 222.0 75.0 26.0 0.08 -0.15 -0.06 0.23 0.0 0.56
654 18.0 227.0 70.0 25.0 0.09 -0.01 -0.04 0.1 0.16 0.36
655 18.0 205.0 67.0 25.0 0.07 0.05 -0.02 -0.38 0.2 0.13
656 17.0 219.0 70.0 29.0 0.06 -0.03 -0.02 -0.39 0.19 0.08
657 17.0 234.0 67.0 27.0 0.05 -0.07 -0.02 -0.01 0.21 0.06
658 17.0 232.0 66.0 27.0 0.01 -0.06 -0.01 0.01 0.15 0.04
659 17.0 225.0 65.0 26.0 -0.02 -0.03 -0.01 0.02 0.05 -0.08
660 17.0 224.0 63.0 26.0 -0.02 -0.03 -0.01 0.02 -0.02 -0.08
661 17.0 205.0 62.0 25.0 0.0 -0.01 -0.01 0.07 -0.08 -0.04
662 17.0 189.0 61.0 26.0 0.04 0.04 -0.0 0.03 -0.07 0.12
663 17.0 178.0 61.0 25.0 0.06 0.07 0.0 0.01 -0.05 0.19
664 18.0 168.0 64.0 25.0 0.11 0.09 -0.0 0.03 0.0 0.1
665 18.0 173.0 61.0 25.0 0.17 0.09 -0.0 0.0 -0.01 -0.07
666 18.0 161.0 61.0 25.0 0.21 0.05 -0.0 -0.23 0.04 -0.23
667 23.0 144.0 61.0 24.0 0.21 0.03 0.0 -0.44 0.07 -0.25
668 21.0 130.0 67.0 21.0 0.23 0.02 -0.02 0.01 0.26 0.03
669 21.0 120.0 68.0 24.0 0.23 0.14 -0.02 0.02 0.3 0.32
670 22.0 118.0 71.0 24.0 0.15 0.41 -0.05 -0.14 0.05 0.71
671 22.0 121.0 68.0 24.0 0.08 0.52 -0.03 0.04 0.03 0.03
672 22.0 124.0 66.0 23.0 0.05 0.58 -0.02 -0.09 0.01 -0.26
673 21.0 121.0 66.0 25.0 -0.02 0.67 0.04 -0.21 0.0 -0.58
674 21.0 118.0 70.0 24.0 -0.08 0.65 0.09 -0.52 -0.11 -0.21
675 23.0 121.0 75.0 24.0 -0.06 0.57 0.11 -0.59 -0.03 0.25
676 22.0 121.0 69.0 24.0 -0.03 0.39 0.12 -0.42 0.06 0.43
677 21.0 121.0 68.0 23.0 -0.0 0.33 0.11 -0.07 0.17 0.38
678 22.0 121.0 69.0 25.0 0.0 0.34 0.09 -0.05 0.16 0.39
679 23.0 128.0 68.0 24.0 0.02 0.34 0.06 -0.1 0.16 0.21
680 22.0 124.0 69.0 24.0 0.0 0.29 0.04 -0.15 0.1 0.0
681 21.0 120.0 66.0 24.0 0.01 0.25 0.03 -0.27 0.12 -0.16
682 20.0 120.0 68.0 24.0 -0.0 0.1 0.03 -0.13 0.09 -0.12
683 19.0 128.0 67.0 24.0 -0.02 0.01 0.02 -0.15 0.03 0.14
684 19.0 133.0 64.0 24.0 -0.02 -0.02 0.02 -0.04 0.04 0.32
685 18.0 123.0 61.0 23.0 -0.03 -0.0 0.01 0.0 0.01 0.25
686 18.0 128.0 59.0 24.0 -0.03 0.01 0.0 -0.04 -0.02 0.1
687 18.0 124.0 59.0 24.0 -0.02 0.0 -0.01 -0.03 -0.03 0.06
688 18.0 144.0 60.0 24.0 -0.01 -0.03 -0.01 0.0 0.04 -0.02
689 17.0 158.0 63.0 24.0 -0.01 -0.02 -0.02 -0.06 0.01 0.0
690 17.0 180.0 61.0 25.0 -0.01 -0.02 -0.02 -0.09 0.0 0.05
691 17.0 195.0 63.0 25.0 -0.01 -0.03 -0.03 -0.12 -0.04 0.22
692 17.0 208.0 67.0 26.0 -0.01 -0.06 -0.04 -0.18 -0.12 0.28
693 19.0 240.0 69.0 25.0 0.01 -0.1 -0.03 -0.14 -0.06 0.35
694 19.0 268.0 72.0 26.0 0.01 -0.23 -0.01 -0.42 -0.02 0.43
695 19.0 273.0 71.0 36.0 -0.07 -0.36 -0.01 -0.72 0.17 0.13
696 19.0 263.0 69.0 37.0 -0.15 -0.41 0.01 0.04 0.59 -0.28
697 19.0 238.0 68.0 36.0 -0.39 -0.25 -0.03 -0.17 0.52 -0.53
698 19.0 235.0 75.0 33.0 -0.43 -0.29 -0.05 0.03 0.14 -0.86
699 21.0 222.0 71.0 32.0 -0.37 -0.34 -0.06 0.13 0.0 -0.7
700 20.0 207.0 75.0 30.0 -0.22 -0.5 -0.06 0.02 -0.33 -0.16
701 19.0 187.0 70.0 29.0 -0.1 -0.56 -0.04 0.04 -0.12 0.75
702 19.0 183.0 71.0 28.0 -0.06 -0.49 -0.05 0.17 -0.2 1.07
703 18.0 173.0 67.0 27.0 0.02 -0.26 -0.02 0.44 0.43 0.42
704 18.0 183.0 67.0 27.0 0.0 0.03 -0.05 0.07 0.15 -0.14
705 18.0 181.0 66.0 26.0 0.01 0.03 -0.03 -0.17 0.13 -0.22
706 18.0 161.0 66.0 25.0 0.02 -0.04 -0.0 -0.32 0.07 -0.06
707 18.0 180.0 67.0 25.0 0.04 -0.09 0.02 -0.46 -0.01 0.44
708 19.0 187.0 63.0 25.0 0.05 -0.12 0.02 -0.32 0.0 0.49
709 19.0 209.0 60.0 24.0 0.09 -0.21 0.03 -0.04 0.11 0.38
710 18.0 209.0 60.0 24.0 0.14 -0.19 0.03 0.07 0.1 0.02
711 18.0 186.0 64.0 24.0 0.19 -0.13 0.03 0.0 0.09 0.0
712 21.0 171.0 64.0 24.0 0.25 -0.03 0.04 -0.34 0.26 -0.04
713 20.0 175.0 62.0 24.0 0.27 0.04 -0.0 -0.25 0.37 0.05
714 20.0 169.0 60.0 24.0 0.27 0.06 -0.05 -0.1 0.36 0.08
715 20.0 158.0 63.0 23.0 0.21 0.17 -0.1 0.3 0.12 -0.07
716 20.0 145.0 85.0 23.0 0.12 0.35 -0.06 0.35 -0.14 -0.32
717 20.0 136.0 96.0 24.0 0.07 0.46 -0.02 0.0 -0.22 -0.18
718 19.0 128.0 91.0 24.0 0.01 0.59 0.05 -0.45 -0.21 0.39
719 19.0 125.0 86.0 25.0 0.04 0.55 0.07 -0.45 0.03 0.22
720 19.0 125.0 86.0 26.0 0.03 0.55 0.07 -0.42 -0.02 0.06
721 18.0 123.0 79.0 25.0 -0.03 0.55 0.11 -0.15 0.1 -0.26
722 19.0 137.0 84.0 25.0 -0.11 0.55 0.16 -0.48 0.02 0.04
723 20.0 139.0 81.0 25.0 -0.11 0.48 0.17 -0.55 0.02 0.32
724 19.0 163.0 75.0 24.0 -0.08 0.37 0.15 -0.38 0.27 -0.03
725 18.0 179.0 79.0 25.0 -0.07 0.17 0.09 -0.04 0.21 -0.13
726 18.0 236.0 84.0 27.0 -0.07 0.07 0.06 0.31 0.08 -0.07
727 17.0 284.0 83.0 26.0 -0.02 -0.14 0.04 0.1 0.0 0.07
728 18.0 333.0 90.0 27.0 -0.0 -0.32 0.02 -0.65 -0.03 0.75
729 19.0 335.0 95.0 30.0 0.06 -0.39 0.0 -0.73 -0.02 0.79
730 19.0 309.0 98.0 29.0 0.1 -0.45 -0.04 -0.52 0.21 0.49
731 18.0 289.0 92.0 28.0 -0.08 -0.34 -0.09 -0.33 0.29 -0.39
732 18.0 299.0 88.0 27.0 -0.16 -0.37 -0.07 -0.57 0.31 -0.44
733 23.0 299.0 93.0 28.0 -0.15 -0.55 -0.1 0.11 0.13 -0.32
734 23.0 317.0 95.0 27.0 -0.14 -0.4 -0.08 0.43 0.14 0.23
735 24.0 312.0 97.0 27.0 -0.14 -0.2 -0.07 0.76 -0.13 0.09
736 22.0 296.0 104.0 26.0 -0.09 0.15 -0.01 0.39 -0.35 -0.2
737 24.0 280.0 110.0 26.0 -0.07 0.21 0.01 -0.33 -0.18 0.16
738 25.0 264.0 111.0 26.0 -0.01 0.13 0.03 -0.55 -0.12 0.33
739 26.0 241.0 102.0 25.0 0.08 -0.12 0.02 -0.4 -0.09 0.22
740 25.0 222.0 97.0 25.0 0.12 -0.24 0.01 -0.11 0.0 0.04
741 25.0 205.0 104.0 25.0 0.19 -0.18 0.02 0.03 0.18 0.09
742 25.0 190.0 126.0 25.0 0.22 0.09 0.04 -0.38 0.25 0.61
743 24.0 179.0 137.0 25.0 0.24 0.2 0.04 -0.55 0.4 0.91
744 31.0 169.0 140.0 35.0 0.28 0.24 0.02 -0.23 0.59 0.69
745 31.0 157.0 131.0 33.0 0.25 0.34 -0.04 0.03 0.6 -0.02
746 36.0 149.0 135.0 36.0 0.19 0.4 -0.07 0.25 0.22 -0.88
747 158.0 148.0 130.0 33.0 0.03 0.51 -0.04 0.15 0.06 -1.0
748 145.0 140.0 122.0 31.0 -0.08 0.51 0.06 -0.18 -0.21 -0.63
749 119.0 137.0 122.0 29.0 -0.13 0.49 0.1 -0.75 -0.17 -0.11
750 97.0 129.0 114.0 28.0 -0.15 0.34 0.15 -0.58 -0.13 0.12
751 82.0 141.0 106.0 28.0 -0.11 0.28 0.13 -0.34 0.13 0.43
752 66.0 203.0 98.0 28.0 -0.09 0.31 0.11 -0.13 0.23 0.1
753 56.0 226.0 100.0 29.0 -0.07 0.33 0.06 -0.07 0.25 -0.05
754 51.0 256.0 106.0 30.0 -0.06 0.31 0.03 -0.18 0.08 -0.2
755 45.0 292.0 119.0 30.0 -0.06 0.24 0.02 -0.35 -0.05 0.06
756 43.0 274.0 118.0 29.0 0.01 -0.04 -0.0 -0.66 -0.1 0.6
757 38.0 274.0 119.0 39.0 -0.01 -0.29 -0.02 -0.73 0.2 0.43
758 105.0 284.0 121.0 35.0 -0.08 -0.41 -0.02 -0.51 0.44 0.03
759 147.0 346.0 115.0 32.0 -0.22 -0.52 -0.03 -0.42 0.41 -0.19
760 128.0 327.0 128.0 34.0 -0.32 -0.69 -0.06 -0.15 0.34 -0.39
761 106.0 325.0 130.0 34.0 -0.32 -0.8 -0.09 -0.36 0.24 -0.13
762 137.0 332.0 141.0 34.0 -0.28 -1.03 -0.15 -0.36 0.19 -0.08
763 182.0 334.0 139.0 41.0 -0.2 -1.42 -0.21 0.01 0.09 0.17
764 237.0 284.0 136.0 37.0 -0.17 -1.6 -0.24 0.56 -0.08 0.33
765 284.0 252.0 127.0 34.0 -0.06 -1.68 -0.27 1.26 -0.01 0.41
766 233.0 233.0 135.0 35.0 0.02 -1.23 -0.25 1.53 -0.05 0.41
767 190.0 219.0 139.0 32.0 0.05 -0.81 -0.22 0.88 -0.23 0.08
768 165.0 198.0 129.0 35.0 0.12 -0.11 -0.13 0.14 -0.28 -0.03
769 301.0 195.0 125.0 34.0 0.18 0.33 -0.04 -0.64 -0.25 0.25
770 245.0 194.0 133.0 31.0 0.22 0.5 -0.02 -0.71 0.13 0.82
771 201.0 181.0 128.0 41.0 0.28 0.77 0.01 -0.63 0.25 0.71
772 163.0 167.0 119.0 37.0 0.31 1.05 -0.01 -0.23 0.56 -0.11
773 136.0 155.0 121.0 42.0 0.29 1.1 -0.01 -0.32 0.36 -0.72
774 153.0 149.0 122.0 40.0 0.18 1.02 0.01 -0.59 0.17 -0.76
775 166.0 142.0 146.0 35.0 0.06 0.82 0.08 -0.68 -0.03 -0.43
776 165.0 139.0 137.0 33.0 0.03 0.7 0.11 -0.53 0.05 0.1
777 142.0 146.0 130.0 31.0 -0.02 0.55 0.13 -0.58 0.11 0.26
778 119.0 177.0 128.0 30.0 -0.03 0.4 0.13 -0.62 0.17 0.27
779 98.0 183.0 125.0 29.0 -0.02 0.32 0.11 -0.46 0.07 0.08
780 82.0 208.0 130.0 27.0 -0.01 0.15 0.09 -0.44 0.0 0.05
781 71.0 213.0 131.0 28.0 0.04 -0.11 0.05 -0.68 0.02 -0.07
782 86.0 222.0 124.0 27.0 0.01 -0.25 0.07 -0.84 0.24 0.31
783 138.0 238.0 119.0 29.0 -0.06 -0.49 0.04 -0.86 0.06 0.16
784 166.0 293.0 125.0 31.0 -0.15 -0.69 0.02 0.1 0.36 -0.12
785 178.0 302.0 132.0 30.0 -0.19 -0.69 -0.0 0.08 0.21 -0.09
786 245.0 276.0 122.0 29.0 -0.29 -0.61 -0.07 0.04 0.22 -0.53
787 210.0 266.0 118.0 28.0 -0.26 -0.76 -0.1 -0.05 -0.07 -0.96
788 173.0 244.0 101.0 27.0 -0.25 -0.93 -0.11 0.06 -0.04 0.08
789 144.0 217.0 104.0 27.0 -0.17 -1.13 -0.18 0.0 -0.07 0.25
790 130.0 196.0 102.0 27.0 -0.06 -1.17 -0.24 1.15 0.03 0.18
791 191.0 176.0 112.0 27.0 0.0 -1.09 -0.25 0.99 -0.07 0.34
792 175.0 165.0 114.0 26.0 0.07 -0.61 -0.21 0.81 -0.12 0.48
793 146.0 154.0 110.0 25.0 0.14 -0.05 -0.15 -0.48 -0.01 0.85
794 121.0 140.0 105.0 27.0 0.18 0.14 -0.12 -0.69 0.24 0.77
795 100.0 138.0 102.0 30.0 0.21 0.37 -0.13 -0.51 0.33 0.32
796 145.0 134.0 101.0 32.0 0.14 0.45 -0.1 -0.23 0.19 -0.2
797 139.0 128.0 103.0 30.0 0.1 0.51 -0.07 -0.55 0.12 -0.43
798 171.0 125.0 103.0 29.0 0.0 0.62 0.05 -0.6 0.17 -0.25
799 146.0 118.0 102.0 28.0 -0.09 0.72 0.14 -0.14 0.16 0.01
800 122.0 115.0 98.0 28.0 -0.1 0.76 0.17 -0.65 0.23 0.16
801 101.0 115.0 103.0 31.0 -0.11 0.69 0.21 -0.6 0.27 0.22
802 134.0 117.0 108.0 31.0 -0.1 0.58 0.19 -0.38 0.28 0.23
803 124.0 140.0 103.0 33.0 -0.09 0.54 0.18 -0.55 0.32 0.16
804 133.0 198.0 112.0 33.0 -0.06 0.46 0.16 -0.42 0.25 -0.03
805 115.0 250.0 118.0 32.0 -0.02 0.25 0.14 -0.1 0.04 -0.31
806 98.0 298.0 119.0 33.0 -0.0 0.12 0.12 -0.63 0.07 0.26
807 119.0 313.0 120.0 33.0 0.06 -0.29 0.09 -0.96 0.06 0.29
808 98.0 330.0 130.0 38.0 0.02 -0.63 0.06 -0.35 0.34 0.42
809 82.0 307.0 121.0 36.0 -0.06 -0.71 0.03 0.32 0.48 -0.01
810 71.0 350.0 115.0 34.0 -0.14 -0.61 -0.01 0.26 0.49 -0.14
811 64.0 349.0 109.0 32.0 -0.25 -0.46 -0.05 0.05 0.09 -0.52
812 77.0 327.0 113.0 32.0 -0.24 -0.49 -0.06 0.23 0.01 -0.4
813 80.0 319.0 128.0 30.0 -0.19 -0.59 -0.09 0.21 -0.02 -0.19
814 75.0 292.0 117.0 31.0 -0.13 -0.67 -0.11 0.43 -0.05 0.29
815 64.0 296.0 104.0 30.0 -0.09 -0.71 -0.12 0.39 -0.05 0.6
816 56.0 284.0 96.0 29.0 -0.01 -0.73 -0.15 0.33 -0.07 0.57
817 49.0 254.0 95.0 30.0 0.03 -0.52 -0.15 0.15 -0.1 0.37
818 48.0 232.0 92.0 28.0 0.05 -0.43 -0.14 0.18 -0.02 0.19
819 56.0 211.0 94.0 28.0 0.09 -0.23 -0.1 0.08 0.0 0.1
820 121.0 195.0 100.0 27.0 0.13 -0.19 -0.05 -0.21 0.06 0.07
821 113.0 192.0 103.0 27.0 0.15 -0.16 -0.02 -0.48 0.11 0.52
822 102.0 175.0 99.0 26.0 0.22 0.09 0.03 -0.46 0.17 0.86
823 86.0 163.0 92.0 28.0 0.24 0.4 0.04 -0.03 0.61 0.33
824 71.0 145.0 92.0 27.0 0.22 0.55 0.02 -0.13 0.61 -0.33
825 61.0 136.0 87.0 27.0 0.11 0.74 -0.01 -0.08 0.43 -0.95
826 55.0 131.0 83.0 26.0 0.0 0.6 -0.0 -0.27 0.28 -1.01
827 45.0 121.0 89.0 25.0 -0.03 0.5 0.01 -0.2 0.03 -0.08
828 40.0 118.0 96.0 25.0 -0.06 0.44 0.06 -0.12 -0.36 0.45
829 34.0 114.0 96.0 24.0 -0.06 0.59 0.09 -0.91 0.12 -0.18
830 34.0 115.0 88.0 25.0 -0.07 0.5 0.08 -0.34 0.07 0.05
831 31.0 114.0 83.0 25.0 -0.07 0.25 0.07 -0.42 0.16 -0.01
832 28.0 112.0 80.0 25.0 -0.1 0.18 0.07 -0.13 0.2 -0.07
833 25.0 148.0 79.0 25.0 -0.1 0.16 0.06 -0.3 0.2 0.06
834 24.0 172.0 77.0 25.0 -0.1 0.12 0.03 -0.31 0.15 0.25
835 22.0 189.0 79.0 25.0 -0.07 0.04 -0.01 0.0 -0.02 0.15
836 24.0 234.0 88.0 27.0 -0.03 0.0 -0.04 -0.04 0.05 0.16
837 25.0 225.0 105.0 27.0 0.01 -0.1 -0.04 0.17 0.15 0.51
838 26.0 233.0 105.0 29.0 0.03 -0.18 -0.08 -0.68 0.08 0.91
839 25.0 242.0 101.0 30.0 -0.03 -0.28 -0.09 -0.27 0.27 0.45
840 24.0 244.0 94.0 29.0 -0.14 -0.35 -0.09 -0.05 0.42 0.28
841 23.0 258.0 85.0 28.0 -0.21 -0.2 -0.14 -0.24 0.3 -0.43
842 26.0 251.0 80.0 27.0 -0.22 -0.26 -0.15 0.24 0.12 -0.47
843 24.0 239.0 78.0 26.0 -0.16 -0.5 -0.17 0.46 -0.2 -0.03
844 24.0 216.0 82.0 28.0 -0.07 -0.58 -0.15 0.49 -0.01 0.43
845 23.0 192.0 76.0 27.0 -0.03 -0.49 -0.12 0.32 0.05 0.51
846 23.0 179.0 76.0 27.0 0.03 -0.26 -0.07 0.26 0.1 0.37
847 24.0 182.0 73.0 28.0 0.1 -0.14 -0.06 -0.06 0.07 0.05
848 22.0 162.0 88.0 28.0 0.11 -0.15 -0.04 -0.59 0.02 -0.31
849 21.0 154.0 86.0 27.0 0.13 -0.2 0.01 -0.7 0.04 -0.15
850 24.0 153.0 91.0 27.0 0.22 -0.21 0.04 -0.76 0.46 0.97
851 22.0 135.0 85.0 26.0 0.25 -0.18 0.04 -0.14 0.71 0.47
852 21.0 125.0 84.0 27.0 0.25 -0.06 -0.03 0.15 0.63 0.26
853 21.0 117.0 78.0 26.0 0.13 0.3 -0.06 -0.1 0.25 -0.65
854 19.0 108.0 75.0 26.0 0.07 0.41 -0.04 -0.22 0.03 -0.84
855 20.0 108.0 77.0 27.0 -0.04 0.45 0.04 -0.46 -0.17 -0.31
856 20.0 131.0 82.0 27.0 -0.13 0.45 0.13 -0.73 -0.01 -0.01
857 26.0 174.0 83.0 29.0 -0.15 0.37 0.13 -0.72 0.03 0.33
858 25.0 231.0 85.0 28.0 -0.11 0.1 0.13 0.09 0.26 0.57
859 23.0 237.0 78.0 28.0 -0.06 0.01 0.1 -0.16 0.33 0.35
860 23.0 222.0 82.0 32.0 -0.08 0.1 0.07 -0.33 0.24 -0.13
861 22.0 225.0 87.0 31.0 -0.23 0.39 -0.03 -0.25 0.48 -0.7
862 20.0 220.0 87.0 29.0 -0.34 0.35 -0.03 -0.04 0.12 -0.78
863 20.0 223.0 84.0 28.0 -0.28 0.26 -0.01 0.05 0.04 -0.68
864 19.0 214.0 83.0 28.0 -0.15 0.15 -0.01 0.0 -0.03 0.39
865 19.0 259.0 78.0 26.0 -0.03 0.01 -0.04 0.1 -0.07 0.56
866 19.0 312.0 78.0 28.0 0.0 -0.06 -0.06 0.27 -0.06 0.45
867 20.0 293.0 84.0 26.0 0.06 -0.11 -0.07 0.03 0.09 0.07
868 22.0 261.0 78.0 25.0 0.18 -0.28 -0.08 -0.41 0.03 0.1
869 24.0 228.0 79.0 25.0 0.25 -0.35 -0.05 -0.38 0.05 0.24
870 30.0 218.0 81.0 27.0 0.35 -0.24 -0.03 -0.53 0.26 0.62
871 29.0 205.0 81.0 27.0 0.37 0.26 -0.04 0.35 0.35 1.06
872 26.0 179.0 75.0 35.0 0.35 0.65 -0.07 0.6 0.18 0.94
873 26.0 166.0 75.0 32.0 0.25 1.14 -0.06 0.49 -0.03 -0.18
874 24.0 148.0 71.0 31.0 0.19 1.37 0.05 0.11 -0.06 -0.68
875 27.0 132.0 70.0 29.0 0.13 1.41 0.1 -0.24 -0.07 -0.71
876 24.0 123.0 71.0 28.0 0.03 1.34 0.18 -0.78 -0.04 -0.28
877 22.0 117.0 70.0 28.0 -0.05 1.26 0.24 -0.81 -0.06 -0.09
878 21.0 144.0 79.0 28.0 -0.08 1.2 0.28 -0.85 0.1 -0.21
879 21.0 212.0 79.0 30.0 -0.13 0.99 0.32 -0.44 0.2 -0.2
880 21.0 287.0 83.0 31.0 -0.13 0.67 0.3 -0.56 0.23 0.2
881 19.0 298.0 85.0 29.0 -0.11 0.41 0.27 -0.36 0.09 0.25
882 20.0 284.0 84.0 29.0 0.04 -0.07 0.17 -0.72 0.11 0.03
883 20.0 271.0 85.0 29.0 -0.01 -0.67 0.08 -1.23 0.23 0.2
884 18.0 262.0 82.0 29.0 -0.04 -1.0 0.02 -0.83 0.42 0.31
885 19.0 292.0 80.0 29.0 -0.09 -1.44 -0.08 -0.23 0.67 0.22
886 19.0 289.0 78.0 31.0 -0.21 -1.49 -0.22 0.01 0.65 -0.29
887 19.0 274.0 74.0 27.0 -0.25 -1.48 -0.27 0.15 0.29 -0.61
888 19.0 280.0 78.0 29.0 -0.2 -1.49 -0.28 0.7 0.19 -0.62
889 18.0 250.0 81.0 28.0 -0.13 -1.32 -0.27 0.65 -0.11 0.14
890 20.0 233.0 75.0 29.0 -0.11 -1.17 -0.26 0.47 -0.17 0.34
891 20.0 217.0 73.0 28.0 -0.09 -0.78 -0.22 0.36 -0.2 0.68
892 21.0 194.0 71.0 28.0 -0.03 -0.36 -0.17 0.22 -0.3 0.64
893 24.0 177.0 68.0 27.0 -0.01 -0.09 -0.11 0.3 -0.13 0.47
894 24.0 158.0 75.0 26.0 0.05 0.13 -0.03 -0.23 -0.14 -0.18
895 23.0 143.0 74.0 26.0 0.1 0.38 0.06 -0.3 -0.05 -0.17
896 24.0 127.0 80.0 34.0 0.11 0.5 0.1 -0.46 0.08 0.04
897 27.0 121.0 80.0 32.0 0.16 0.68 0.12 -0.66 0.25 0.82
898 27.0 117.0 75.0 30.0 0.19 0.75 0.07 -0.39 0.63 0.37
899 27.0 127.0 73.0 29.0 0.17 0.82 0.06 -0.27 0.6 -0.04
900 26.0 133.0 70.0 28.0 0.11 0.91 0.06 -0.15 0.52 -0.32
901 28.0 135.0 67.0 27.0 0.03 0.98 0.09 -0.42 0.12 -0.89
902 26.0 134.0 72.0 27.0 -0.01 0.96 0.1 -0.38 -0.04 -0.84
903 24.0 127.0 76.0 26.0 -0.03 0.85 0.14 -0.47 0.0 -0.25
904 23.0 119.0 74.0 26.0 -0.0 0.74 0.15 -0.28 0.06 0.27
905 22.0 127.0 76.0 32.0 0.0 0.75 0.14 -0.3 0.11 0.49
906 22.0 165.0 78.0 31.0 0.02 0.76 0.12 -0.55 0.09 0.34
907 21.0 170.0 80.0 34.0 0.04 0.57 0.15 -0.64 0.08 0.21
908 21.0 187.0 84.0 35.0 0.04 0.42 0.15 -0.41 0.1 0.15
909 23.0 225.0 83.0 38.0 0.06 0.03 0.14 -0.88 0.03 0.2
910 27.0 211.0 78.0 38.0 0.06 -0.15 0.11 -1.01 0.11 0.44
911 24.0 215.0 81.0 36.0 0.01 -0.57 0.05 -0.85 0.16 0.28
912 23.0 221.0 89.0 34.0 -0.11 -0.68 -0.0 0.46 0.48 -0.33
913 22.0 207.0 85.0 33.0 -0.16 -0.61 -0.03 0.58 0.36 -0.46
914 21.0 202.0 79.0 35.0 -0.22 -0.47 -0.04 0.42 0.3 -0.37
915 21.0 204.0 79.0 37.0 -0.18 -0.44 -0.08 0.03 0.09 0.09
916 20.0 199.0 86.0 34.0 -0.14 -0.47 -0.1 -0.1 0.01 0.33
917 26.0 199.0 80.0 31.0 -0.08 -0.53 -0.13 0.1 -0.13 0.15
918 32.0 192.0 81.0 30.0 -0.01 -0.56 -0.13 0.17 -0.07 -0.02
919 31.0 174.0 76.0 29.0 0.04 -0.56 -0.12 0.22 -0.02 0.04
920 29.0 156.0 71.0 29.0 0.12 -0.41 -0.1 0.01 0.0 0.2
921 33.0 149.0 73.0 28.0 0.21 -0.28 -0.08 -0.07 0.08 0.22
922 32.0 134.0 78.0 28.0 0.22 -0.21 -0.07 -0.59 0.22 0.17
923 31.0 129.0 78.0 27.0 0.26 -0.07 -0.04 -0.34 0.39 0.13
924 28.0 133.0 86.0 27.0 0.23 0.19 -0.02 -0.28 0.34 0.42
925 28.0 124.0 98.0 26.0 0.21 0.31 -0.01 -0.46 0.37 0.47
926 26.0 113.0 94.0 25.0 0.16 0.43 -0.02 -0.43 0.37 0.22
927 28.0 107.0 93.0 25.0 0.09 0.37 -0.01 -0.23 0.25 -0.02
928 26.0 102.0 92.0 25.0 0.08 0.37 0.0 -0.02 0.26 -0.33
929 49.0 103.0 87.0 24.0 -0.03 0.49 0.05 -0.02 0.16 -0.36
930 58.0 103.0 85.0 24.0 -0.11 0.7 0.12 -0.44 0.12 -0.29
931 53.0 106.0 88.0 24.0 -0.14 0.72 0.13 -0.53 0.09 -0.13
932 50.0 104.0 82.0 29.0 -0.15 0.65 0.12 -0.42 0.04 -0.05
933 43.0 103.0 83.0 27.0 -0.11 0.52 0.1 -0.74 0.26 -0.21
934 40.0 112.0 89.0 26.0 -0.1 0.4 0.09 0.09 0.19 -0.15
935 36.0 112.0 91.0 26.0 -0.1 0.35 0.06 -0.08 0.34 -0.25
936 33.0 119.0 89.0 29.0 -0.1 0.2 0.03 0.07 0.14 0.03
937 36.0 135.0 87.0 29.0 -0.08 0.12 0.02 -0.25 0.09 0.3
938 32.0 170.0 85.0 27.0 0.0 -0.04 -0.02 0.02 0.1 0.4
939 31.0 215.0 84.0 27.0 0.05 -0.07 -0.05 -0.07 0.03 0.31
940 34.0 240.0 84.0 27.0 0.07 -0.08 -0.05 -0.15 -0.05 0.45
941 33.0 288.0 88.0 25.0 0.13 -0.18 -0.07 -0.33 0.02 0.54
942 32.0 369.0 85.0 35.0 0.13 -0.31 -0.08 -0.27 0.1 0.4
943 30.0 354.0 89.0 37.0 0.1 -0.36 -0.1 -0.25 0.06 0.44
944 31.0 330.0 108.0 36.0 0.02 -0.4 -0.07 -0.35 0.16 0.25
945 30.0 302.0 102.0 35.0 -0.05 -0.39 -0.06 -0.27 0.38 0.28
946 31.0 291.0 96.0 32.0 -0.07 -0.35 -0.05 -0.38 0.48 0.32
947 32.0 276.0 108.0 33.0 -0.15 -0.34 -0.1 -0.14 0.25 0.04
948 30.0 294.0 104.0 31.0 -0.14 -0.23 -0.09 -0.31 0.22 0.0
949 29.0 261.0 97.0 29.0 -0.12 -0.2 -0.09 -0.16 -0.36 0.04
950 30.0 251.0 89.0 29.0 0.02 -0.37 -0.05 -0.08 -0.2 0.03
951 28.0 229.0 84.0 28.0 0.08 -0.39 -0.03 -0.15 0.1 0.12
952 29.0 216.0 80.0 27.0 0.09 -0.37 -0.04 -0.12 0.0 0.02
953 34.0 200.0 81.0 27.0 0.14 -0.3 -0.05 0.32 0.12 -0.15
954 35.0 190.0 84.0 26.0 0.19 -0.17 -0.04 -0.05 0.05 -0.43
955 34.0 178.0 102.0 26.0 0.19 -0.15 -0.03 -0.51 0.01 -0.26
956 34.0 168.0 98.0 26.0 0.24 -0.18 -0.0 -0.74 0.0 0.02
957 38.0 159.0 91.0 26.0 0.23 -0.17 0.01 -0.67 0.24 0.41
958 37.0 150.0 83.0 36.0 0.22 -0.15 -0.02 -0.52 0.27 0.38
959 32.0 140.0 78.0 35.0 0.12 0.07 -0.09 0.47 0.52 -0.62
960 31.0 129.0 80.0 33.0 -0.03 0.31 -0.04 0.02 0.19 -1.15
961 29.0 120.0 77.0 31.0 -0.07 0.35 -0.0 -0.54 -0.07 -0.46
962 26.0 115.0 82.0 29.0 -0.11 0.31 0.06 -0.68 -0.11 -0.04
963 25.0 112.0 86.0 28.0 -0.13 0.2 0.06 -0.56 -0.09 0.59
964 23.0 124.0 80.0 27.0 -0.11 0.2 0.06 -0.49 -0.11 0.55
965 24.0 163.0 85.0 26.0 -0.14 0.2 0.08 -0.62 0.2 0.34
966 23.0 186.0 86.0 29.0 -0.09 0.14 0.06 -0.38 0.24 0.23
967 22.0 213.0 80.0 28.0 -0.06 0.11 0.05 -0.41 0.23 0.27
968 22.0 241.0 80.0 27.0 -0.03 -0.03 0.01 -0.21 0.26 -0.15
969 21.0 277.0 78.0 26.0 0.0 -0.16 -0.01 -0.12 0.26 -0.12
970 22.0 286.0 80.0 26.0 -0.02 -0.24 -0.01 -0.5 0.2 0.18
971 21.0 291.0 95.0 26.0 -0.09 -0.32 -0.01 -0.14 0.36 0.54
972 20.0 283.0 93.0 26.0 -0.16 -0.2 -0.01 -0.15 0.23 0.25
973 19.0 284.0 84.0 26.0 -0.18 -0.09 0.0 -0.22 0.44 -0.13
974 19.0 275.0 76.0 25.0 -0.22 -0.08 -0.01 -0.22 0.45 -0.29
975 19.0 256.0 71.0 26.0 -0.2 -0.24 -0.06 0.26 0.29 -0.15
976 20.0 250.0 69.0 25.0 -0.18 -0.29 -0.09 0.4 0.21 -0.02
977 20.0 244.0 72.0 25.0 -0.09 -0.31 -0.12 0.76 0.01 0.5
978 20.0 242.0 73.0 25.0 0.03 -0.21 -0.15 0.41 -0.01 0.65
979 21.0 257.0 73.0 25.0 0.07 -0.14 -0.16 0.21 0.0 0.72
980 22.0 233.0 69.0 26.0 0.14 -0.08 -0.18 -0.48 -0.1 0.55
981 24.0 212.0 74.0 25.0 0.21 -0.2 -0.18 -0.45 -0.03 -0.09
982 23.0 193.0 94.0 26.0 0.26 -0.3 -0.15 -0.56 -0.01 -0.29
983 24.0 172.0 103.0 25.0 0.28 -0.3 -0.07 -0.65 0.05 -0.39
984 23.0 156.0 95.0 25.0 0.25 -0.12 0.02 -0.85 0.13 0.44
985 23.0 142.0 91.0 25.0 0.25 0.01 0.06 -0.74 0.21 0.62
986 22.0 134.0 84.0 25.0 0.2 0.28 0.09 -0.18 0.6 0.11
987 22.0 125.0 78.0 25.0 0.03 0.51 0.09 -0.08 0.5 -0.31
988 21.0 119.0 77.0 25.0 -0.02 0.57 0.09 0.04 0.47 -0.59
989 21.0 113.0 75.0 25.0 -0.08 0.58 0.1 -0.06 0.12 -0.82
990 20.0 112.0 81.0 25.0 -0.12 0.58 0.13 -0.37 -0.03 -0.48
991 19.0 114.0 85.0 24.0 -0.13 0.55 0.14 -0.6 0.0 -0.13
992 18.0 115.0 79.0 24.0 -0.12 0.43 0.12 -0.52 0.13 0.08
993 18.0 119.0 76.0 24.0 -0.14 0.35 0.1 -0.39 0.19 0.09
994 18.0 155.0 74.0 25.0 -0.17 0.35 0.1 -0.48 0.17 0.02
995 17.0 203.0 76.0 25.0 -0.13 0.26 0.09 -0.58 0.19 -0.07
996 17.0 267.0 86.0 25.0 -0.07 0.03 0.07 -0.33 0.15 -0.04
997 17.0 250.0 88.0 25.0 -0.05 -0.05 0.05 -0.2 0.14 0.0
998 17.0 256.0 87.0 25.0 0.06 -0.19 0.02 -0.04 0.11 0.14
999 17.0 269.0 85.0 24.0 -0.01 -0.32 -0.01 -0.72 0.04 0.23
1000 16.0 276.0 83.0 25.0 -0.09 -0.45 -0.01 -0.41 0.11 0.35
1001 16.0 275.0 78.0 25.0 -0.15 -0.57 -0.01 -0.06 0.35 0.29
1002 18.0 281.0 81.0 25.0 -0.17 -0.49 -0.03 -0.06 0.36 0.17
1003 16.0 293.0 84.0 25.0 -0.19 -0.47 -0.04 -0.02 0.36 0.04
1004 18.0 280.0 79.0 25.0 -0.16 -0.57 -0.08 -0.16 0.19 -0.03
1005 17.0 296.0 81.0 25.0 -0.13 -0.61 -0.13 -0.01 0.1 0.29
1006 17.0 277.0 78.0 24.0 -0.12 -0.59 -0.14 -0.18 -0.02 0.31
1007 17.0 273.0 73.0 25.0 -0.06 -0.63 -0.16 0.26 -0.12 0.09
1008 17.0 255.0 70.0 23.0 0.01 -0.5 -0.14 0.35 -0.11 0.14
1009 20.0 233.0 71.0 24.0 0.04 -0.38 -0.11 0.27 -0.08 0.2
1010 21.0 217.0 71.0 26.0 0.09 -0.11 -0.05 0.02 -0.09 0.11
1011 20.0 204.0 69.0 26.0 0.16 -0.07 0.01 -0.44 0.01 0.03
1012 18.0 185.0 75.0 25.0 0.21 -0.06 0.03 -0.41 0.11 0.06
1013 21.0 169.0 82.0 25.0 0.24 0.07 0.07 -0.48 0.25 0.13
1014 21.0 159.0 86.0 27.0 0.22 0.22 0.07 -0.27 0.5 0.63
1015 21.0 145.0 84.0 30.0 0.2 0.31 0.05 -0.16 0.5 0.64
1016 21.0 130.0 96.0 29.0 0.14 0.39 -0.01 0.09 0.44 0.0
1017 21.0 120.0 93.0 28.0 0.07 0.5 -0.01 0.09 0.38 -0.45
1018 21.0 115.0 89.0 27.0 0.02 0.59 0.0 0.0 0.29 -0.58
1019 21.0 113.0 82.0 26.0 -0.06 0.7 0.06 -0.61 -0.02 -0.47
1020 21.0 113.0 82.0 26.0 -0.09 0.64 0.13 -0.75 0.03 -0.07
1021 21.0 113.0 78.0 25.0 -0.09 0.57 0.14 -0.56 0.06 -0.04
1022 21.0 116.0 83.0 25.0 -0.11 0.5 0.13 -0.43 0.19 -0.01
1023 20.0 115.0 78.0 26.0 -0.13 0.51 0.14 -0.26 0.22 -0.11
1024 19.0 115.0 75.0 25.0 -0.12 0.5 0.14 -0.26 0.23 -0.12
1025 25.0 116.0 78.0 26.0 -0.11 0.39 0.12 -0.37 0.15 0.07
1026 25.0 118.0 82.0 26.0 -0.06 0.2 0.09 -0.31 0.22 0.15
1027 29.0 120.0 78.0 25.0 -0.05 0.11 0.07 -0.31 0.21 0.27
1028 26.0 131.0 78.0 25.0 0.0 -0.05 0.03 -0.11 0.22 0.39
1029 25.0 128.0 75.0 26.0 0.01 -0.1 -0.01 0.05 0.22 0.33
1030 25.0 124.0 77.0 25.0 0.01 -0.11 -0.02 0.01 0.2 0.12
1031 23.0 121.0 79.0 24.0 0.0 -0.16 -0.04 -0.28 0.2 0.1
1032 21.0 118.0 76.0 24.0 0.01 -0.26 -0.05 -0.15 0.15 0.13
1033 22.0 122.0 71.0 24.0 0.0 -0.27 -0.05 -0.08 0.14 0.13
1034 23.0 125.0 68.0 24.0 -0.02 -0.21 -0.05 0.0 0.13 0.07
1035 22.0 123.0 68.0 24.0 -0.02 -0.11 -0.02 0.05 0.11 0.03
1036 21.0 123.0 70.0 24.0 -0.03 -0.05 -0.02 -0.01 0.09 0.14
1037 19.0 125.0 75.0 25.0 -0.03 0.01 -0.01 -0.39 0.03 0.17
1038 20.0 122.0 77.0 25.0 0.01 -0.04 -0.01 -0.22 0.08 0.19
1039 19.0 126.0 71.0 24.0 0.02 -0.06 -0.01 -0.25 0.1 0.23
1040 19.0 130.0 67.0 24.0 0.02 -0.07 -0.01 -0.25 0.16 0.19
1041 18.0 122.0 66.0 24.0 0.02 -0.04 -0.01 -0.24 0.12 0.07
1042 18.0 149.0 74.0 23.0 0.03 -0.04 0.0 -0.27 0.09 0.09
1043 17.0 144.0 73.0 24.0 0.04 -0.05 0.01 -0.18 0.13 0.06
1044 17.0 152.0 74.0 24.0 0.04 -0.08 0.0 -0.18 0.13 0.09
1045 17.0 153.0 74.0 23.0 0.04 -0.1 -0.0 -0.25 0.14 0.04
1046 17.0 164.0 83.0 24.0 0.05 -0.19 -0.02 -0.12 0.09 0.1
1047 18.0 187.0 81.0 24.0 0.05 -0.29 -0.03 -0.19 0.07 0.35
1048 18.0 197.0 81.0 27.0 0.04 -0.33 -0.05 -0.74 0.03 0.5
1049 18.0 217.0 80.0 27.0 0.02 -0.4 -0.04 -0.57 0.23 0.14
1050 17.0 211.0 74.0 26.0 -0.12 -0.19 -0.05 -0.14 0.34 -0.26
1051 18.0 211.0 77.0 26.0 -0.19 -0.08 -0.05 -0.13 0.37 -0.52
1052 18.0 204.0 85.0 26.0 -0.17 -0.04 -0.03 0.02 0.17 -0.84
1053 18.0 209.0 87.0 25.0 -0.17 -0.03 -0.02 -0.08 0.09 -0.07
1054 17.0 216.0 83.0 25.0 -0.16 -0.0 -0.03 -0.25 0.12 0.14
1055 17.0 189.0 81.0 25.0 -0.13 -0.07 -0.03 -0.28 -0.04 0.1
1056 17.0 179.0 83.0 24.0 -0.07 -0.2 -0.02 -0.11 0.1 0.04
1057 16.0 174.0 82.0 24.0 -0.06 -0.22 -0.02 -0.16 0.08 0.04
1058 17.0 199.0 79.0 25.0 -0.05 -0.24 0.0 -0.11 0.09 0.1
1059 17.0 208.0 76.0 26.0 -0.02 -0.2 0.01 -0.24 -0.01 0.28
1060 17.0 196.0 76.0 26.0 0.0 -0.18 0.01 -0.18 0.05 0.32
1061 17.0 182.0 78.0 25.0 0.03 -0.12 0.01 -0.11 0.12 0.22
1062 17.0 173.0 77.0 24.0 0.02 -0.04 0.01 -0.19 0.11 0.04
1063 16.0 170.0 77.0 25.0 0.01 -0.02 0.01 -0.18 0.13 0.02
1064 17.0 157.0 74.0 27.0 -0.0 -0.03 0.01 -0.12 0.08 -0.03
1065 17.0 166.0 71.0 27.0 -0.0 -0.04 0.01 -0.1 0.04 -0.02
1066 16.0 162.0 72.0 26.0 0.01 -0.05 0.0 -0.08 0.02 0.0
1067 16.0 161.0 67.0 25.0 0.02 -0.06 -0.0 -0.06 0.04 0.12
1068 16.0 149.0 68.0 25.0 0.03 -0.04 -0.01 -0.06 0.1 0.07
1069 16.0 143.0 65.0 24.0 0.03 -0.04 -0.01 -0.07 0.0 -0.01
1070 16.0 133.0 62.0 24.0 0.05 -0.07 -0.02 0.03 0.03 -0.09
1071 17.0 137.0 65.0 26.0 0.08 -0.08 -0.02 -0.07 0.03 -0.02
1072 20.0 130.0 74.0 25.0 0.1 -0.08 -0.02 0.02 0.02 0.02
1073 20.0 140.0 74.0 25.0 0.16 -0.05 -0.02 0.02 0.06 0.16
1074 22.0 129.0 74.0 25.0 0.22 0.06 -0.01 0.0 0.26 0.01
1075 24.0 123.0 72.0 24.0 0.23 0.16 0.0 -0.15 0.24 0.03
1076 27.0 117.0 74.0 25.0 0.22 0.38 -0.01 -0.38 0.29 0.08
1077 27.0 118.0 72.0 24.0 0.19 0.5 -0.03 -0.24 0.21 0.18
1078 26.0 116.0 68.0 24.0 0.17 0.59 -0.02 -0.26 0.13 0.15
1079 25.0 133.0 71.0 24.0 0.13 0.74 -0.0 -0.28 0.04 -0.1
1080 24.0 154.0 75.0 24.0 0.08 0.74 0.04 -0.12 0.0 -0.47
1081 23.0 175.0 78.0 24.0 0.04 0.74 0.07 -0.28 -0.03 -0.36
1082 23.0 161.0 75.0 24.0 -0.01 0.73 0.1 -0.59 0.05 -0.14
1083 22.0 151.0 75.0 24.0 -0.0 0.5 0.1 -0.52 0.07 0.28
1084 24.0 142.0 73.0 24.0 0.03 0.4 0.09 -0.41 0.2 0.29
1085 23.0 131.0 74.0 24.0 0.06 0.32 0.08 -0.05 0.27 0.31
1086 23.0 127.0 73.0 24.0 0.05 0.36 0.07 -0.13 0.25 0.36
1087 22.0 122.0 74.0 24.0 0.05 0.38 0.06 -0.09 0.21 0.38
1088 21.0 118.0 69.0 23.0 0.05 0.38 0.05 -0.31 0.11 0.0
1089 20.0 117.0 69.0 23.0 0.03 0.28 0.05 -0.24 0.1 -0.08
1090 18.0 116.0 68.0 23.0 0.03 0.22 0.04 -0.22 0.08 -0.11
1091 19.0 114.0 70.0 24.0 0.0 0.13 0.03 -0.15 0.09 -0.04
1092 20.0 123.0 76.0 25.0 -0.01 0.09 0.01 -0.17 0.08 0.16
1093 18.0 118.0 74.0 25.0 -0.02 0.08 0.01 -0.27 0.06 0.13
1094 18.0 124.0 69.0 24.0 -0.03 0.02 -0.0 -0.19 0.05 -0.04
1095 17.0 121.0 70.0 24.0 -0.02 -0.04 -0.01 -0.1 0.1 -0.01
1096 16.0 120.0 69.0 24.0 -0.02 -0.05 -0.02 -0.11 0.1 -0.01
1097 18.0 119.0 69.0 24.0 -0.02 -0.04 -0.02 -0.12 0.09 0.05
1098 18.0 120.0 69.0 24.0 -0.02 -0.05 -0.03 -0.18 0.07 0.12
1099 17.0 127.0 67.0 24.0 -0.02 -0.06 -0.03 -0.26 0.05 0.08
1100 17.0 126.0 66.0 24.0 -0.01 -0.09 -0.02 -0.25 0.09 0.06
1101 17.0 123.0 69.0 24.0 -0.02 -0.12 -0.01 -0.18 0.14 0.1
1102 17.0 128.0 66.0 24.0 -0.02 -0.12 -0.01 -0.22 0.12 0.09
1103 17.0 129.0 66.0 26.0 -0.01 -0.13 -0.01 -0.23 0.08 0.1
1104 21.0 159.0 64.0 25.0 -0.01 -0.17 -0.02 -0.27 0.09 -0.05
1105 20.0 203.0 68.0 25.0 -0.01 -0.2 -0.02 -0.26 0.07 -0.08
1106 19.0 235.0 70.0 24.0 0.01 -0.26 -0.02 -0.21 0.04 -0.21
1107 18.0 213.0 76.0 24.0 0.03 -0.31 0.0 -0.32 0.11 -0.19
1108 18.0 202.0 76.0 34.0 0.02 -0.35 0.01 -0.11 0.13 0.09
1109 18.0 225.0 73.0 32.0 0.02 -0.46 -0.0 -0.24 0.11 0.21
1110 18.0 271.0 70.0 32.0 0.03 -0.51 -0.02 0.03 0.15 0.23
1111 19.0 260.0 69.0 30.0 0.02 -0.44 -0.03 -0.13 0.05 0.12
1112 20.0 232.0 69.0 36.0 -0.01 -0.33 -0.02 0.25 0.11 0.2
1113 23.0 246.0 76.0 35.0 -0.04 -0.16 0.01 -0.04 0.06 0.34
1114 22.0 216.0 87.0 34.0 -0.06 -0.12 0.03 0.04 0.08 0.38
1115 25.0 190.0 83.0 32.0 -0.14 0.01 0.06 -0.29 0.12 0.35
1116 23.0 177.0 78.0 31.0 -0.25 0.23 0.06 -0.68 0.15 0.41
1117 23.0 185.0 75.0 29.0 -0.3 0.29 0.05 -0.6 0.13 -0.16
1118 22.0 203.0 72.0 28.0 -0.3 0.15 0.04 0.24 0.14 -0.24
1119 22.0 214.0 75.0 27.0 -0.21 0.16 0.02 0.06 -0.3 -0.35
1120 21.0 221.0 86.0 27.0 -0.17 0.12 0.04 0.08 -0.22 -0.34
1121 20.0 263.0 84.0 26.0 -0.08 -0.05 0.04 -0.13 0.14 0.08
1122 19.0 306.0 83.0 26.0 -0.06 -0.12 0.03 -0.34 -0.31 0.36
1123 19.0 311.0 80.0 26.0 -0.02 -0.3 -0.01 -0.33 0.24 0.23
1124 19.0 276.0 79.0 25.0 0.0 -0.38 -0.06 0.13 0.18 -0.06
1125 18.0 256.0 78.0 25.0 0.01 -0.39 -0.08 0.5 0.19 -0.07
1126 17.0 229.0 78.0 25.0 0.03 -0.31 -0.1 0.42 0.16 -0.04
1127 18.0 224.0 75.0 25.0 0.04 -0.11 -0.09 -0.18 0.05 0.21
1128 18.0 226.0 72.0 25.0 0.05 -0.06 -0.07 -0.57 0.06 0.35
1129 18.0 217.0 72.0 25.0 0.04 -0.06 -0.06 -0.42 0.11 0.26
1130 17.0 197.0 70.0 25.0 0.03 -0.09 -0.05 -0.17 0.13 0.02
1131 18.0 190.0 70.0 25.0 0.02 -0.06 -0.03 -0.1 0.09 -0.1
1132 17.0 183.0 75.0 28.0 -0.01 -0.01 0.0 -0.13 0.08 -0.05
1133 16.0 180.0 74.0 27.0 0.0 -0.0 0.01 -0.27 0.09 0.03
1134 17.0 185.0 74.0 26.0 0.02 -0.03 0.01 -0.23 0.16 0.14
