1 22.0 133.0 51.0 25.0 -0.03 -0.01 -0.04 0.03 0.1 0.01
2 22.0 138.0 50.0 25.0 -0.02 0.03 -0.05 -0.09 0.04 -0.03
3 23.0 144.0 49.0 25.0 -0.02 0.04 -0.05 -0.12 0.03 -0.06
4 24.0 149.0 49.0 25.0 -0.02 0.03 -0.05 -0.17 0.02 -0.1
5 25.0 150.0 49.0 25.0 -0.03 -0.0 -0.03 -0.04 0.02 -0.07
6 23.0 153.0 49.0 25.0 -0.04 -0.02 -0.02 0.0 0.05 -0.01
7 23.0 156.0 48.0 25.0 -0.04 -0.02 -0.02 0.02 0.1 0.03
8 23.0 156.0 48.0 25.0 -0.05 -0.01 -0.02 0.14 0.12 0.16
9 22.0 154.0 48.0 25.0 -0.05 0.05 -0.02 0.13 0.14 0.18
10 23.0 156.0 48.0 25.0 -0.05 0.1 -0.02 0.01 0.11 0.01
11 26.0 153.0 48.0 25.0 -0.06 0.16 -0.03 -0.24 0.08 -0.07
12 26.0 153.0 48.0 25.0 -0.02 0.28 -0.05 -0.11 0.12 -0.04
13 25.0 152.0 48.0 25.0 -0.02 0.28 -0.05 -0.09 0.1 -0.04
14 25.0 152.0 48.0 25.0 -0.03 0.23 -0.06 -0.15 0.07 -0.11
15 24.0 150.0 48.0 25.0 -0.06 0.14 -0.05 -0.18 0.05 -0.19
16 25.0 146.0 47.0 25.0 -0.06 0.08 -0.04 -0.08 0.0 -0.2
17 31.0 144.0 47.0 25.0 -0.06 -0.02 -0.02 -0.05 0.04 -0.12
18 44.0 144.0 47.0 25.0 -0.05 -0.06 -0.01 0.0 0.04 -0.09
19 40.0 139.0 47.0 25.0 -0.05 -0.08 0.0 0.07 0.09 0.02
20 38.0 148.0 48.0 25.0 -0.02 -0.05 0.0 0.01 0.07 -0.02
21 36.0 148.0 48.0 25.0 0.03 0.03 -0.01 -0.08 0.08 -0.01
22 33.0 139.0 49.0 26.0 0.05 0.1 -0.01 -0.12 0.09 0.01
23 31.0 173.0 49.0 27.0 0.1 0.23 -0.03 -0.1 0.22 0.1
24 32.0 183.0 50.0 32.0 0.11 0.37 -0.07 -0.04 0.28 0.4
25 40.0 183.0 52.0 31.0 0.15 0.48 -0.08 -0.08 0.26 0.43
26 43.0 238.0 52.0 44.0 0.2 0.72 -0.13 0.0 0.24 0.45
27 42.0 225.0 57.0 77.0 0.23 0.8 -0.16 -0.05 0.11 0.27
28 44.0 221.0 57.0 73.0 0.28 0.74 -0.17 -0.19 0.23 0.0
29 59.0 257.0 56.0 78.0 0.24 0.54 -0.18 -0.79 0.26 -0.02
30 69.0 308.0 57.0 93.0 0.1 0.27 -0.18 -0.83 0.22 0.2
31 76.0 336.0 63.0 125.0 0.07 0.18 -0.17 -0.92 0.08 0.24
32 76.0 374.0 64.0 116.0 0.26 -0.04 -0.1 -1.76 0.12 0.03
33 67.0 381.0 63.0 96.0 0.39 -0.74 0.08 -2.79 -0.13 -0.46
34 77.0 351.0 63.0 82.0 0.47 -1.14 0.21 -3.07 -0.05 -0.23
35 67.0 340.0 66.0 96.0 0.64 -1.76 0.53 -5.21 -2.9 3.06
36 59.0 404.0 66.0 86.0 1.42 -3.22 0.8 -1.54 1.31 3.79
37 56.0 465.0 66.0 78.0 1.44 -3.91 1.01 -3.39 -0.23 2.94
38 80.0 480.0 68.0 69.0 1.55 -4.56 1.57 -3.59 -0.1 2.13
39 89.0 447.0 68.0 60.0 1.72 -5.32 1.85 -3.01 -0.51 1.8
40 78.0 413.0 69.0 65.0 1.83 -5.79 1.91 -1.88 0.06 1.84
41 78.0 405.0 69.0 58.0 2.23 -6.85 1.95 -1.25 -0.08 2.21
42 94.0 369.0 71.0 52.0 2.5 -7.74 1.85 -0.08 -0.3 1.62
43 98.0 360.0 75.0 45.0 2.7 -7.71 1.7 0.0 -0.36 0.94
44 160.0 326.0 71.0 43.0 2.84 -6.58 1.36 -0.33 -0.23 -0.73
45 162.0 340.0 84.0 44.0 2.71 -4.58 1.14 -0.37 -0.3 -1.49
46 182.0 334.0 86.0 39.0 2.6 -3.59 1.02 0.96 -0.45 -2.85
47 172.0 309.0 87.0 38.0 2.31 -2.45 0.8 1.24 -0.67 -3.03
48 228.0 299.0 87.0 36.0 2.13 -2.06 0.55 1.24 -0.82 -3.76
49 213.0 344.0 89.0 41.0 1.95 -1.9 0.46 1.14 -0.88 -4.5
50 201.0 357.0 93.0 38.0 1.53 -1.4 0.26 0.78 -0.9 -4.51
51 222.0 361.0 95.0 36.0 1.07 -0.81 0.11 0.25 -1.16 -4.1
52 210.0 340.0 99.0 35.0 0.9 -0.67 0.04 0.08 -1.28 -3.96
53 193.0 349.0 109.0 34.0 0.63 -0.58 -0.06 -0.28 -1.29 -3.3
54 195.0 391.0 106.0 45.0 0.4 -0.4 -0.07 -0.65 -1.31 -2.49
55 179.0 401.0 108.0 54.0 0.33 -0.31 -0.07 -0.82 -1.34 -2.01
56 227.0 424.0 106.0 51.0 0.27 -0.28 -0.05 -1.09 -1.06 -1.08
57 249.0 474.0 108.0 58.0 0.27 -0.3 -0.01 -1.19 -0.78 -0.9
58 252.0 440.0 112.0 57.0 0.28 -0.26 0.02 -1.2 -0.67 -0.69
59 226.0 450.0 120.0 55.0 0.3 -0.19 0.05 -1.14 -0.41 -0.74
60 231.0 467.0 120.0 60.0 0.34 -0.32 0.06 -0.4 0.06 -0.47
61 228.0 455.0 119.0 58.0 0.37 -0.35 0.06 -0.43 0.11 -0.51
62 208.0 431.0 121.0 55.0 0.37 -0.19 0.05 -0.39 0.37 -0.53
63 234.0 461.0 125.0 60.0 0.32 0.04 -0.01 -0.36 0.45 -0.46
64 230.0 474.0 123.0 76.0 0.29 0.08 -0.03 -0.25 0.44 -0.47
65 293.0 437.0 128.0 72.0 0.25 0.07 -0.06 -0.12 0.23 -0.61
66 288.0 422.0 128.0 75.0 0.25 0.15 -0.09 -0.58 0.09 -0.46
67 275.0 405.0 131.0 73.0 0.23 0.21 -0.08 -0.69 0.13 -0.56
68 254.0 397.0 131.0 74.0 0.21 0.19 -0.03 -0.39 0.22 -0.45
69 240.0 388.0 130.0 72.0 0.19 0.01 0.08 -0.16 0.2 -0.69
70 238.0 372.0 133.0 69.0 0.18 -0.08 0.11 -0.11 0.17 -0.66
71 245.0 378.0 131.0 67.0 0.12 -0.05 0.11 -0.16 0.16 -0.6
72 244.0 378.0 127.0 72.0 0.08 0.03 0.05 0.19 0.24 -0.55
73 200.0 365.0 129.0 69.0 0.07 0.04 0.04 0.26 0.26 -0.61
74 185.0 372.0 128.0 69.0 0.07 0.08 0.02 -0.06 0.0 -0.33
75 208.0 356.0 134.0 66.0 0.04 0.13 0.0 -0.22 -0.07 -0.12
76 245.0 395.0 128.0 69.0 0.04 0.15 -0.01 -0.3 -0.07 -0.11
77 215.0 390.0 127.0 73.0 0.04 0.09 0.0 -0.34 -0.03 -0.33
78 203.0 384.0 123.0 73.0 0.06 -0.07 0.06 -0.23 -0.1 -0.54
79 163.0 341.0 127.0 78.0 0.06 -0.12 0.08 -0.16 -0.05 -0.63
80 146.0 366.0 124.0 83.0 0.04 -0.11 0.09 -0.08 0.01 -0.46
81 160.0 344.0 120.0 80.0 -0.0 -0.06 0.06 -0.1 0.22 -0.26
82 165.0 343.0 121.0 77.0 -0.02 -0.05 0.05 -0.12 0.19 -0.23
83 160.0 397.0 120.0 81.0 -0.04 -0.08 0.03 -0.01 0.22 -0.3
84 145.0 391.0 125.0 81.0 -0.05 -0.06 0.03 0.09 0.1 -0.44
85 147.0 354.0 123.0 81.0 -0.05 -0.05 0.04 0.02 0.04 -0.42
86 174.0 341.0 125.0 78.0 -0.02 -0.06 0.03 -0.08 0.06 -0.25
87 176.0 358.0 127.0 73.0 -0.02 -0.02 0.0 -0.17 0.06 -0.32
88 156.0 364.0 125.0 72.0 -0.04 0.01 -0.02 -0.28 0.08 -0.3
89 163.0 423.0 124.0 73.0 -0.06 0.03 -0.04 -0.3 0.06 -0.39
90 154.0 421.0 126.0 72.0 -0.07 -0.0 -0.03 -0.31 0.01 -0.5
91 179.0 407.0 128.0 68.0 -0.09 -0.06 -0.01 -0.26 0.02 -0.56
92 152.0 416.0 127.0 65.0 -0.09 -0.07 0.01 -0.22 -0.05 -0.5
93 180.0 426.0 128.0 63.0 -0.09 -0.09 0.02 -0.28 -0.03 -0.35
94 153.0 396.0 126.0 60.0 -0.09 -0.07 0.01 -0.31 0.0 -0.29
95 141.0 368.0 125.0 55.0 -0.11 -0.01 -0.01 -0.35 -0.02 -0.23
96 154.0 365.0 124.0 53.0 -0.1 0.03 -0.02 -0.25 -0.11 -0.25
97 142.0 411.0 127.0 52.0 -0.09 0.03 -0.02 -0.23 -0.08 -0.27
98 134.0 410.0 122.0 53.0 -0.07 0.03 -0.02 -0.2 -0.06 -0.36
99 129.0 394.0 126.0 49.0 -0.05 0.02 -0.02 -0.31 0.0 -0.3
100 132.0 358.0 126.0 45.0 -0.03 0.0 -0.01 -0.29 0.04 -0.36
101 136.0 362.0 126.0 42.0 -0.02 0.01 0.0 -0.29 0.06 -0.47
102 117.0 338.0 126.0 39.0 -0.03 0.03 0.02 -0.19 0.1 -0.36
103 104.0 367.0 125.0 37.0 -0.05 0.01 0.03 -0.08 0.16 -0.4
104 95.0 369.0 127.0 34.0 -0.08 -0.04 0.03 -0.05 0.18 -0.43
105 95.0 379.0 126.0 37.0 -0.1 -0.04 0.02 0.02 0.15 -0.45
106 101.0 407.0 126.0 35.0 -0.15 -0.01 -0.02 -0.04 0.09 -0.39
107 121.0 397.0 127.0 34.0 -0.15 0.02 -0.05 -0.06 0.05 -0.31
108 112.0 367.0 125.0 32.0 -0.15 0.0 -0.07 -0.11 0.11 -0.05
109 109.0 347.0 123.0 31.0 -0.13 -0.04 -0.08 -0.19 0.08 0.06
110 113.0 357.0 124.0 30.0 -0.11 -0.02 -0.08 -0.3 0.07 0.15
111 127.0 340.0 125.0 30.0 -0.06 -0.01 -0.07 -0.28 0.08 0.18
112 134.0 360.0 122.0 36.0 -0.03 0.0 -0.06 -0.34 0.05 0.12
113 143.0 328.0 122.0 34.0 0.01 -0.02 -0.03 -0.36 0.0 0.09
114 130.0 304.0 124.0 31.0 0.03 -0.03 -0.01 -0.27 -0.01 -0.08
115 119.0 354.0 122.0 31.0 0.06 -0.09 0.01 -0.24 0.02 -0.16
116 131.0 346.0 126.0 30.0 0.05 -0.08 0.03 -0.14 0.05 -0.23
117 128.0 348.0 126.0 29.0 0.03 -0.05 0.02 -0.15 0.08 -0.39
118 137.0 358.0 126.0 28.0 0.02 -0.03 0.02 -0.13 0.07 -0.48
119 131.0 328.0 125.0 31.0 -0.01 -0.04 0.02 -0.09 0.04 -0.49
120 118.0 319.0 129.0 29.0 -0.03 -0.08 0.04 -0.03 -0.07 -0.42
121 133.0 349.0 126.0 28.0 -0.03 -0.1 0.04 -0.06 -0.07 -0.37
122 133.0 318.0 127.0 29.0 -0.03 -0.05 0.02 -0.11 -0.07 -0.22
123 150.0 338.0 128.0 28.0 -0.03 -0.0 -0.0 -0.18 -0.09 -0.21
124 142.0 319.0 128.0 27.0 -0.03 0.04 -0.02 -0.19 -0.08 -0.23
125 142.0 291.0 128.0 26.0 -0.01 0.01 -0.01 -0.19 0.01 -0.29
126 166.0 289.0 128.0 26.0 -0.02 -0.02 0.01 -0.09 0.12 -0.21
127 258.0 270.0 128.0 26.0 -0.02 -0.03 0.01 -0.03 0.15 -0.26
128 262.0 296.0 126.0 27.0 -0.03 0.01 0.01 0.03 0.15 -0.24
129 221.0 289.0 124.0 26.0 -0.05 0.02 -0.01 0.22 0.23 -0.25
130 204.0 282.0 123.0 25.0 -0.06 -0.01 -0.03 0.21 0.19 -0.31
131 183.0 256.0 123.0 25.0 -0.07 -0.01 -0.06 0.24 0.13 -0.42
132 185.0 233.0 124.0 25.0 -0.08 0.04 -0.07 0.1 -0.22 -0.6
133 188.0 217.0 122.0 24.0 -0.1 0.26 -0.13 0.05 -0.31 -0.76
134 192.0 206.0 125.0 25.0 -0.12 0.81 -0.19 0.03 -0.62 -1.28
135 199.0 190.0 125.0 24.0 -0.25 1.83 -0.29 0.09 -0.83 -1.37
136 174.0 175.0 123.0 24.0 -0.4 2.35 -0.35 -0.04 -0.82 -1.89
137 158.0 168.0 124.0 24.0 -0.75 3.13 -0.47 0.15 -0.82 -2.77
138 155.0 163.0 123.0 23.0 -0.95 3.4 -0.52 0.47 -1.03 -3.98
139 136.0 155.0 120.0 24.0 -1.31 3.98 -0.61 0.93 -1.13 -4.17
140 125.0 150.0 122.0 23.0 -1.7 4.69 -0.71 1.74 -1.44 -4.38
141 117.0 142.0 120.0 23.0 -1.89 4.96 -0.8 2.19 -1.88 -4.66
142 191.0 141.0 118.0 24.0 -2.23 5.4 -1.06 2.21 -1.66 -4.73
143 172.0 131.0 118.0 24.0 -2.6 5.89 -1.39 2.26 -1.49 -4.2
144 154.0 126.0 119.0 28.0 -2.79 6.08 -1.54 2.52 -1.52 -2.66
145 143.0 120.0 116.0 38.0 -3.21 6.22 -1.86 2.89 -1.54 -2.02
146 133.0 124.0 115.0 50.0 -3.25 6.2 -2.2 2.46 -1.64 -1.25
147 193.0 122.0 117.0 74.0 -3.15 6.15 -2.34 2.2 -1.76 -2.05
148 210.0 123.0 112.0 63.0 -2.54 6.04 -2.63 -1.7 -2.11 -2.24
149 191.0 124.0 109.0 60.0 -2.2 4.93 -2.47 -2.88 -2.77 -1.89
150 174.0 136.0 108.0 97.0 -1.75 4.13 -2.55 -3.99 -3.24 0.4
151 247.0 132.0 104.0 86.0 -0.88 2.64 -2.71 -2.14 -0.88 1.25
152 271.0 129.0 103.0 75.0 -0.1 2.01 -2.15 -4.42 -2.63 4.83
153 352.0 136.0 103.0 67.0 -0.03 2.34 -2.08 -25.81 1.64 -2.47
154 316.0 140.0 98.0 65.0 1.3 -1.57 1.13 11.66 -10.76 -4.17
155 333.0 135.0 100.0 59.0 0.88 2.65 0.65 -0.01 3.09 0.05
156 297.0 127.0 95.0 53.0 0.68 3.56 -0.02 1.48 1.53 2.05
157 308.0 118.0 92.0 51.0 0.23 -0.37 -0.39 -4.51 2.0 0.48
158 289.0 117.0 88.0 49.0 -0.24 -1.76 -0.32 -1.06 -0.85 -0.56
159 259.0 112.0 81.0 44.0 -0.53 -1.19 -0.1 0.93 -0.26 0.7
160 223.0 111.0 80.0 41.0 -0.52 -1.18 -0.11 1.05 -0.35 0.2
161 251.0 106.0 83.0 43.0 -0.29 -0.92 -0.22 0.47 -0.05 0.63
162 248.0 99.0 81.0 41.0 -0.05 -0.3 -0.21 0.82 0.0 0.67
163 235.0 97.0 82.0 38.0 -0.02 -0.11 -0.16 0.88 -0.02 0.45
164 198.0 97.0 77.0 36.0 0.04 -0.02 -0.02 -0.32 -0.35 -0.62
165 185.0 97.0 72.0 34.0 0.07 -0.12 -0.01 -0.42 -0.34 -0.64
166 155.0 95.0 67.0 32.0 0.09 -0.23 0.01 0.0 -0.12 -0.55
167 179.0 93.0 63.0 31.0 0.08 -0.39 0.09 -0.35 0.0 -0.39
168 162.0 91.0 64.0 30.0 0.07 -0.42 0.09 -0.01 0.12 0.15
169 166.0 91.0 66.0 29.0 0.05 -0.43 0.08 0.14 0.12 0.31
170 148.0 89.0 68.0 28.0 0.08 -0.38 0.04 0.27 0.14 0.62
171 128.0 91.0 65.0 28.0 0.09 -0.33 0.01 0.31 0.22 0.75
172 126.0 89.0 62.0 28.0 0.06 -0.24 -0.03 0.35 0.1 0.73
173 142.0 89.0 61.0 28.0 0.03 -0.06 -0.03 0.27 -0.04 0.76
