1 87.0 119.0 50.0 24.0 -0.0 -0.01 0.0 0.06 0.03 0.05
2 81.0 119.0 50.0 24.0 0.0 -0.02 0.01 0.07 0.0 0.06
3 80.0 117.0 49.0 24.0 0.0 -0.02 0.01 0.05 0.04 0.08
4 102.0 115.0 49.0 24.0 0.0 -0.0 0.01 0.06 0.03 0.08
5 99.0 115.0 50.0 24.0 0.0 0.01 0.01 0.06 0.06 0.08
6 93.0 114.0 48.0 24.0 0.01 0.02 0.01 0.05 0.09 0.09
7 86.0 114.0 49.0 24.0 0.01 0.02 0.0 0.01 0.13 0.02
8 85.0 117.0 49.0 24.0 0.01 0.01 -0.0 0.02 0.13 0.01
9 81.0 118.0 50.0 24.0 -0.0 0.0 -0.01 0.02 0.09 0.04
10 74.0 116.0 49.0 24.0 -0.01 -0.01 -0.01 0.05 0.03 0.01
11 70.0 118.0 49.0 24.0 -0.01 -0.01 -0.0 0.02 0.01 0.0
12 88.0 116.0 49.0 24.0 -0.0 -0.01 0.0 0.07 0.0 0.04
13 96.0 115.0 49.0 24.0 -0.0 -0.01 0.01 0.05 0.03 0.03
14 106.0 117.0 50.0 24.0 0.0 -0.01 0.01 0.0 0.07 0.08
15 91.0 115.0 50.0 24.0 0.0 -0.01 0.01 0.06 0.1 0.08
16 88.0 115.0 50.0 24.0 -0.0 -0.01 0.01 0.04 0.1 0.07
17 82.0 115.0 51.0 24.0 -0.0 -0.01 0.0 0.02 0.09 0.01
18 78.0 115.0 53.0 24.0 -0.0 -0.0 0.0 0.0 0.09 -0.05
19 77.0 117.0 53.0 23.0 0.01 -0.01 0.0 0.0 0.08 0.02
20 68.0 120.0 54.0 24.0 0.01 -0.01 -0.0 0.0 0.08 0.05
21 66.0 124.0 56.0 24.0 0.01 -0.02 0.0 0.06 0.08 0.09
22 61.0 126.0 57.0 23.0 0.01 -0.01 -0.0 0.1 0.07 0.07
23 56.0 127.0 58.0 24.0 0.0 -0.01 -0.0 0.08 0.05 0.12
24 58.0 128.0 59.0 24.0 -0.0 -0.0 0.0 0.08 0.07 0.09
25 78.0 126.0 59.0 24.0 -0.01 -0.0 0.0 0.05 0.12 0.07
26 91.0 127.0 59.0 24.0 -0.01 -0.01 0.0 0.03 0.11 0.06
27 85.0 126.0 59.0 23.0 -0.01 -0.0 -0.0 0.03 0.08 0.07
28 75.0 123.0 58.0 24.0 -0.01 -0.0 -0.0 0.01 0.1 0.03
29 65.0 123.0 60.0 24.0 -0.0 -0.0 -0.01 0.01 0.07 0.04
30 60.0 121.0 59.0 24.0 -0.0 -0.0 -0.01 0.01 0.1 0.08
31 59.0 119.0 59.0 23.0 -0.0 -0.0 -0.01 0.03 0.03 0.0
32 57.0 119.0 59.0 22.0 -0.0 -0.01 -0.01 0.05 0.04 0.04
33 54.0 115.0 59.0 24.0 0.0 -0.02 -0.01 0.09 0.06 0.09
34 55.0 112.0 58.0 24.0 -0.0 -0.02 -0.0 0.08 0.08 0.09
35 49.0 109.0 57.0 24.0 0.0 -0.01 -0.0 0.06 0.06 0.07
36 48.0 109.0 57.0 24.0 0.0 0.0 -0.01 0.01 0.08 0.06
37 54.0 107.0 56.0 24.0 -0.0 0.01 -0.0 0.0 0.03 0.01
38 55.0 107.0 57.0 23.0 -0.0 0.01 0.0 0.0 0.0 -0.01
39 48.0 101.0 55.0 24.0 -0.0 0.01 0.02 -0.01 -0.01 0.09
40 46.0 101.0 55.0 24.0 -0.01 0.03 0.03 0.05 0.18 0.25
41 48.0 101.0 53.0 31.0 -0.02 0.03 0.03 0.04 0.24 0.37
42 45.0 99.0 53.0 28.0 -0.05 0.09 0.02 -0.06 0.28 0.57
43 48.0 97.0 54.0 51.0 -0.06 0.33 -0.01 -0.3 0.24 0.81
44 47.0 100.0 54.0 76.0 -0.05 0.53 -0.04 -0.2 0.25 1.0
45 43.0 104.0 57.0 67.0 -0.05 0.88 -0.08 -0.46 0.3 1.17
46 45.0 118.0 55.0 70.0 -0.11 0.83 -0.08 -0.92 0.06 0.88
47 41.0 152.0 59.0 72.0 -0.15 0.67 -0.05 -0.85 0.33 0.34
48 50.0 147.0 57.0 63.0 -0.16 0.47 -0.01 -0.77 0.17 -0.1
49 54.0 168.0 59.0 58.0 -0.05 0.29 0.07 -1.56 -0.76 -0.35
50 53.0 193.0 58.0 50.0 0.05 0.17 0.17 -1.72 -0.75 -0.3
51 51.0 210.0 56.0 45.0 0.36 -0.13 0.42 -4.07 -1.68 1.28
52 47.0 208.0 57.0 40.0 0.83 -0.88 0.62 -2.03 -0.43 1.28
53 41.0 194.0 56.0 45.0 0.84 -1.11 0.73 -1.79 -0.17 0.88
54 37.0 196.0 57.0 40.0 1.04 -1.24 0.87 -2.0 0.1 0.98
55 31.0 198.0 58.0 42.0 1.15 -1.41 0.96 -2.07 0.08 0.97
56 34.0 223.0 60.0 64.0 1.17 -1.77 1.01 -1.88 0.16 1.06
57 39.0 235.0 61.0 56.0 1.16 -2.97 1.09 -1.98 -0.13 1.1
58 44.0 228.0 58.0 49.0 1.21 -4.44 1.17 -1.41 -0.35 1.22
59 57.0 237.0 59.0 43.0 1.31 -5.05 1.23 -1.27 -0.29 0.96
60 57.0 255.0 59.0 39.0 1.45 -5.91 1.3 -1.09 -0.3 0.33
61 56.0 234.0 58.0 37.0 1.53 -6.5 1.26 -0.51 -0.36 -0.17
62 56.0 258.0 58.0 37.0 1.63 -6.69 1.18 -0.51 -0.34 -0.18
63 59.0 258.0 58.0 34.0 1.8 -6.54 1.02 0.24 -0.32 -0.13
64 70.0 252.0 58.0 33.0 1.99 -5.92 0.83 0.23 -0.3 -0.66
65 61.0 231.0 56.0 31.0 2.03 -5.48 0.75 0.43 -0.04 -1.07
66 58.0 244.0 55.0 29.0 2.02 -4.63 0.62 -0.02 -0.14 -1.45
67 54.0 241.0 56.0 28.0 2.01 -4.16 0.57 0.28 -0.11 -1.54
68 53.0 238.0 55.0 29.0 1.94 -3.08 0.46 0.16 -0.14 -1.7
69 54.0 221.0 57.0 26.0 1.74 -2.24 0.4 -0.05 -0.27 -1.52
70 64.0 207.0 60.0 26.0 1.63 -1.95 0.35 -0.05 -0.48 -1.72
71 68.0 218.0 60.0 26.0 1.47 -1.55 0.28 -0.09 -0.54 -1.78
72 91.0 245.0 63.0 25.0 1.26 -1.36 0.22 -0.19 -0.59 -2.03
73 102.0 243.0 65.0 25.0 1.18 -1.31 0.19 -0.26 -0.43 -2.14
74 122.0 236.0 66.0 25.0 1.05 -1.19 0.14 -0.32 -0.46 -1.94
75 129.0 231.0 67.0 25.0 0.91 -1.14 0.14 -0.01 -0.33 -1.63
76 140.0 227.0 67.0 28.0 0.86 -1.09 0.13 -0.39 -0.6 -1.41
77 145.0 243.0 70.0 32.0 0.81 -1.01 0.13 -0.39 -0.65 -1.21
78 159.0 249.0 73.0 40.0 0.75 -0.82 0.13 -0.45 -0.63 -0.92
79 164.0 252.0 73.0 42.0 0.71 -0.71 0.14 -0.18 -0.42 -0.78
80 173.0 254.0 74.0 50.0 0.69 -0.55 0.13 -0.26 -0.41 -0.73
81 174.0 236.0 76.0 50.0 0.71 -0.49 0.11 -0.18 -0.1 -0.65
82 172.0 245.0 79.0 55.0 0.71 -0.44 0.1 -0.28 0.15 -0.7
83 184.0 234.0 82.0 51.0 0.66 -0.29 0.07 -0.42 0.19 -0.61
84 186.0 267.0 81.0 59.0 0.61 -0.16 0.05 -0.58 0.38 -0.7
85 210.0 263.0 85.0 63.0 0.57 -0.12 0.06 -0.55 0.3 -0.88
86 190.0 289.0 86.0 63.0 0.57 -0.12 0.09 -0.32 0.58 -1.13
87 180.0 291.0 85.0 66.0 0.55 -0.22 0.12 -0.2 0.55 -1.23
88 185.0 292.0 86.0 69.0 0.54 -0.23 0.14 -0.55 0.49 -1.08
89 200.0 297.0 87.0 72.0 0.44 -0.19 0.17 -0.5 0.53 -0.93
90 191.0 293.0 89.0 80.0 0.31 -0.09 0.19 -0.38 0.41 -0.6
91 190.0 277.0 87.0 77.0 0.24 -0.08 0.19 -0.04 0.39 -0.64
92 199.0 279.0 89.0 85.0 0.17 -0.06 0.19 -0.01 0.34 -0.72
93 191.0 317.0 88.0 84.0 0.11 -0.03 0.18 0.05 0.26 -0.55
94 196.0 295.0 89.0 82.0 0.09 -0.01 0.17 -0.01 0.15 -0.15
95 180.0 267.0 88.0 85.0 0.07 -0.0 0.11 -0.08 0.06 0.06
96 166.0 256.0 85.0 84.0 0.06 0.02 0.05 -0.17 0.09 0.14
97 155.0 286.0 86.0 79.0 0.05 0.09 0.0 -0.29 0.12 0.01
98 160.0 275.0 85.0 77.0 0.05 0.1 -0.02 -0.27 0.21 -0.04
99 158.0 286.0 82.0 77.0 0.04 0.09 -0.03 -0.37 0.14 -0.15
100 154.0 268.0 81.0 75.0 0.04 0.08 -0.02 -0.19 0.23 -0.54
101 140.0 246.0 82.0 66.0 0.02 0.09 -0.02 -0.06 0.25 -0.56
102 128.0 235.0 82.0 65.0 -0.02 0.08 -0.0 -0.11 0.18 -0.38
103 134.0 235.0 81.0 64.0 -0.04 0.08 -0.0 0.0 0.21 -0.19
104 139.0 272.0 83.0 61.0 -0.08 0.08 -0.01 -0.13 0.17 -0.16
105 132.0 274.0 79.0 69.0 -0.12 0.06 -0.03 -0.12 0.17 -0.06
106 121.0 292.0 82.0 63.0 -0.14 0.05 -0.03 -0.01 0.12 -0.06
107 118.0 260.0 79.0 64.0 -0.13 0.05 -0.03 -0.06 0.06 0.0
108 112.0 252.0 77.0 60.0 -0.07 0.05 -0.03 -0.22 0.02 0.19
109 98.0 264.0 77.0 57.0 -0.05 0.04 -0.03 -0.35 0.07 0.19
110 99.0 286.0 78.0 54.0 -0.02 0.02 -0.03 -0.3 0.09 0.14
111 92.0 280.0 76.0 52.0 0.0 0.04 -0.03 -0.46 0.22 0.01
112 90.0 285.0 75.0 53.0 0.0 0.01 -0.01 -0.36 0.2 -0.04
113 108.0 280.0 74.0 48.0 0.0 -0.02 0.01 -0.28 0.24 -0.1
114 94.0 294.0 74.0 47.0 0.01 -0.04 0.05 -0.19 0.14 -0.12
115 90.0 283.0 74.0 44.0 0.02 -0.05 0.07 -0.09 0.14 -0.19
116 81.0 273.0 76.0 47.0 0.02 -0.04 0.08 -0.13 0.17 -0.21
117 83.0 285.0 74.0 52.0 0.01 -0.03 0.07 -0.12 0.26 -0.13
118 82.0 260.0 74.0 46.0 -0.01 -0.03 0.07 -0.09 0.25 -0.16
119 98.0 268.0 72.0 46.0 -0.03 -0.04 0.07 -0.07 0.24 -0.22
120 87.0 264.0 72.0 43.0 -0.04 -0.04 0.06 -0.16 0.08 -0.17
121 84.0 251.0 71.0 41.0 -0.05 -0.02 0.05 -0.28 -0.01 -0.29
122 78.0 246.0 73.0 42.0 -0.05 -0.01 0.02 -0.18 -0.03 -0.23
123 82.0 248.0 72.0 39.0 -0.07 0.02 0.0 -0.25 0.0 -0.19
124 82.0 235.0 72.0 39.0 -0.08 0.02 0.0 -0.15 0.09 -0.25
125 87.0 219.0 69.0 36.0 -0.07 -0.0 0.01 -0.13 0.08 -0.17
126 75.0 211.0 73.0 35.0 -0.05 -0.02 0.01 -0.17 0.17 -0.08
127 87.0 266.0 72.0 37.0 -0.05 -0.0 0.02 -0.17 0.18 0.01
128 92.0 254.0 71.0 35.0 -0.04 0.01 0.01 -0.19 0.18 0.07
129 91.0 243.0 70.0 38.0 -0.04 0.01 0.02 -0.18 0.13 -0.07
130 79.0 242.0 72.0 38.0 -0.03 -0.01 0.02 -0.07 0.2 -0.18
131 78.0 275.0 71.0 35.0 -0.02 -0.0 0.02 -0.1 0.19 -0.17
132 71.0 273.0 72.0 33.0 -0.03 0.02 0.02 -0.07 0.23 -0.13
133 82.0 254.0 68.0 31.0 -0.03 0.03 0.01 -0.07 0.23 -0.12
134 78.0 272.0 70.0 29.0 -0.03 0.03 -0.01 -0.07 0.22 -0.04
135 69.0 280.0 69.0 29.0 -0.04 0.04 -0.02 -0.12 0.18 -0.1
136 65.0 256.0 67.0 28.0 -0.04 0.04 -0.02 -0.2 0.14 -0.09
137 68.0 266.0 69.0 29.0 -0.04 0.01 -0.02 -0.19 0.15 -0.09
138 67.0 287.0 69.0 28.0 -0.04 0.01 0.0 -0.15 0.16 -0.07
139 74.0 261.0 67.0 28.0 -0.04 0.02 0.01 -0.18 0.18 -0.05
140 83.0 275.0 65.0 27.0 -0.03 0.01 0.02 -0.14 0.2 -0.03
141 79.0 287.0 67.0 27.0 -0.03 0.02 0.02 -0.07 0.16 0.04
142 73.0 287.0 66.0 26.0 -0.02 0.02 0.02 -0.07 0.2 0.03
143 65.0 295.0 65.0 26.0 -0.02 0.01 0.01 -0.03 0.19 0.02
144 66.0 263.0 63.0 27.0 0.0 -0.0 -0.0 -0.02 0.19 0.02
145 64.0 250.0 66.0 26.0 0.01 -0.0 -0.01 -0.03 0.21 0.0
146 60.0 289.0 66.0 26.0 0.03 0.0 -0.01 -0.09 0.18 -0.02
147 65.0 271.0 65.0 25.0 0.03 0.03 -0.01 -0.08 0.18 -0.01
148 61.0 253.0 64.0 26.0 0.02 0.03 -0.01 -0.15 0.05 -0.12
149 63.0 236.0 64.0 25.0 0.02 0.0 -0.02 -0.15 0.02 -0.11
150 63.0 246.0 63.0 24.0 0.02 0.01 -0.02 -0.2 -0.04 -0.25
151 60.0 248.0 63.0 25.0 0.01 0.03 -0.02 -0.27 -0.08 -0.36
152 53.0 221.0 63.0 25.0 -0.02 0.06 -0.02 -0.26 -0.02 -0.42
153 46.0 203.0 63.0 24.0 -0.05 0.1 -0.0 -0.25 -0.04 -0.48
154 39.0 202.0 62.0 24.0 -0.07 0.12 0.01 -0.21 -0.09 -0.48
155 40.0 184.0 60.0 24.0 -0.12 0.18 0.02 -0.13 -0.2 -0.43
156 36.0 184.0 58.0 24.0 -0.17 0.3 0.01 0.08 -0.16 -0.45
157 31.0 171.0 57.0 24.0 -0.21 0.38 0.0 0.0 -0.24 -0.54
158 28.0 158.0 56.0 24.0 -0.32 0.54 -0.02 -0.01 -0.25 -0.59
159 27.0 151.0 56.0 24.0 -0.49 0.72 -0.06 -0.05 -0.35 -0.81
160 25.0 146.0 55.0 23.0 -0.58 0.87 -0.08 -0.03 -0.37 -1.15
161 23.0 140.0 54.0 24.0 -0.78 1.32 -0.12 -0.02 -0.36 -1.29
162 23.0 137.0 53.0 23.0 -1.03 1.92 -0.15 0.0 -0.46 -1.48
163 22.0 135.0 53.0 24.0 -1.16 2.21 -0.15 0.32 -0.39 -1.66
164 22.0 134.0 52.0 23.0 -1.44 2.69 -0.15 0.47 -0.34 -2.09
165 30.0 132.0 50.0 24.0 -1.69 3.05 -0.14 0.57 -0.22 -2.71
166 38.0 139.0 49.0 23.0 -1.8 3.13 -0.16 0.57 -0.25 -3.23
167 48.0 175.0 49.0 23.0 -1.96 3.17 -0.24 0.58 -0.25 -3.24
168 54.0 208.0 51.0 23.0 -2.08 3.15 -0.35 1.03 -0.32 -2.94
169 54.0 250.0 51.0 23.0 -2.06 3.13 -0.44 0.87 -0.73 -1.86
170 71.0 242.0 54.0 24.0 -2.0 3.12 -0.62 0.97 -0.77 -1.82
171 69.0 281.0 54.0 23.0 -1.91 3.23 -0.89 0.06 -0.73 -1.73
172 73.0 278.0 55.0 23.0 -1.97 3.34 -1.02 0.62 -0.88 -1.56
173 67.0 274.0 55.0 23.0 -1.97 3.75 -1.22 1.16 -0.42 -2.03
174 66.0 241.0 56.0 28.0 -2.0 4.35 -1.37 1.01 -0.8 -1.49
175 59.0 240.0 56.0 26.0 -1.95 4.58 -1.41 -1.12 -1.2 -0.03
176 56.0 220.0 63.0 26.0 -1.77 4.48 -1.48 -1.24 -1.1 0.34
177 53.0 213.0 64.0 26.0 -1.47 3.94 -1.56 -1.23 -0.85 1.11
178 48.0 215.0 61.0 33.0 -1.33 3.65 -1.57 -1.8 -1.74 0.8
179 43.0 190.0 61.0 49.0 -1.02 3.19 -1.44 -0.99 -0.86 1.24
180 39.0 171.0 62.0 43.0 -0.63 3.3 -1.59 -1.59 -0.5 0.36
181 35.0 154.0 61.0 44.0 -0.61 3.49 -1.6 -2.05 -0.5 0.21
182 42.0 141.0 66.0 45.0 -0.62 3.6 -1.37 -2.06 -0.6 0.18
183 39.0 134.0 76.0 44.0 -0.47 3.33 -1.36 -2.5 -0.98 0.03
184 42.0 124.0 72.0 46.0 -0.38 2.75 -1.06 -1.67 -0.7 -0.18
185 65.0 116.0 71.0 45.0 -0.29 1.55 -0.96 -0.63 -0.48 0.05
186 57.0 114.0 69.0 41.0 -0.22 0.31 -0.91 -19.45 0.09 10.22
187 59.0 106.0 71.0 38.0 0.04 -1.45 -0.11 3.86 -1.39 -1.48
188 63.0 108.0 75.0 37.0 -0.11 -2.82 0.3 1.71 0.43 -0.84
189 69.0 113.0 76.0 35.0 0.14 -0.25 0.18 0.01 0.8 0.73
190 70.0 116.0 78.0 34.0 0.07 0.18 0.04 -0.11 0.03 0.83
191 71.0 128.0 82.0 33.0 -0.18 -0.35 -0.09 0.46 0.19 0.64
192 62.0 123.0 83.0 33.0 -0.25 -1.06 -0.11 0.12 -0.46 -0.11
193 55.0 120.0 85.0 31.0 -0.23 -1.16 -0.09 -0.04 -0.46 -0.2
194 75.0 115.0 89.0 30.0 -0.13 -1.22 0.0 0.57 -0.3 -0.14
195 87.0 111.0 90.0 29.0 0.02 -0.99 0.04 0.3 -0.13 0.08
196 84.0 110.0 90.0 29.0 0.06 -0.87 0.03 0.35 0.0 0.43
197 77.0 110.0 91.0 29.0 0.09 -0.69 0.04 0.39 0.13 0.4
198 69.0 108.0 90.0 28.0 0.08 -0.5 0.07 0.17 0.09 0.23
199 61.0 110.0 89.0 27.0 0.08 -0.44 0.07 0.12 0.04 0.11
200 56.0 113.0 89.0 27.0 0.1 -0.32 0.07 0.0 0.11 0.19
201 52.0 115.0 88.0 26.0 0.12 -0.28 0.04 0.09 0.16 0.33
202 47.0 116.0 87.0 26.0 0.13 -0.26 0.03 -0.02 0.11 0.32
203 54.0 119.0 88.0 26.0 0.1 -0.21 0.01 0.0 0.13 0.3
204 51.0 120.0 86.0 26.0 0.07 -0.09 -0.01 0.0 0.06 0.23
205 72.0 123.0 87.0 27.0 0.05 -0.06 -0.01 0.16 0.0 0.17
206 73.0 127.0 86.0 25.0 0.02 -0.06 -0.02 0.1 0.05 0.2
207 70.0 127.0 86.0 25.0 0.01 -0.11 -0.01 0.16 0.0 0.21
208 67.0 129.0 85.0 25.0 0.01 -0.1 -0.01 0.15 0.02 0.24
209 63.0 133.0 83.0 25.0 -0.01 -0.07 -0.02 0.13 -0.03 0.22
210 60.0 136.0 82.0 25.0 -0.01 -0.03 -0.03 0.12 -0.03 0.19
211 64.0 137.0 79.0 24.0 -0.01 -0.0 -0.03 0.07 -0.04 0.11
