1 78.0 138.0 87.0 30.0 0.03 0.03 -0.03 -0.03 0.07 -0.03
2 75.0 137.0 88.0 30.0 0.03 0.02 -0.02 -0.04 0.07 -0.04
3 73.0 134.0 83.0 30.0 0.03 0.0 -0.02 -0.07 0.07 -0.01
4 76.0 141.0 83.0 30.0 0.02 -0.02 -0.01 -0.05 0.05 -0.05
5 76.0 145.0 84.0 30.0 0.02 -0.07 -0.0 0.0 0.04 -0.04
6 73.0 145.0 84.0 29.0 0.02 -0.07 0.01 -0.01 0.01 -0.01
7 76.0 146.0 92.0 29.0 0.03 -0.07 0.01 0.04 0.02 -0.03
8 77.0 148.0 94.0 30.0 0.04 -0.06 0.03 0.02 0.02 -0.04
9 75.0 147.0 93.0 30.0 0.04 -0.05 0.03 0.01 0.12 0.03
10 78.0 148.0 93.0 31.0 0.04 -0.07 0.03 -0.06 0.2 0.04
11 76.0 145.0 90.0 30.0 -0.01 -0.15 0.03 -0.02 0.17 0.05
12 73.0 155.0 85.0 30.0 -0.02 -0.12 0.02 -0.01 0.18 0.1
13 79.0 163.0 85.0 30.0 -0.04 -0.13 0.02 -0.01 0.14 0.03
14 78.0 161.0 84.0 29.0 -0.05 -0.16 0.02 0.0 0.08 0.0
15 75.0 156.0 81.0 29.0 -0.06 -0.19 0.05 -0.04 0.08 0.0
16 80.0 172.0 81.0 48.0 -0.07 -0.2 0.05 -0.08 0.12 0.01
17 81.0 189.0 82.0 52.0 -0.11 -0.23 0.06 -0.03 0.19 0.19
18 91.0 196.0 79.0 50.0 -0.19 -0.3 0.1 0.27 0.09 0.21
19 98.0 205.0 80.0 50.0 -0.26 -0.31 0.12 0.26 0.05 0.1
20 95.0 212.0 78.0 46.0 -0.36 -0.33 0.14 -0.42 -0.01 -0.06
21 97.0 202.0 76.0 46.0 -0.42 -0.59 0.18 -0.57 0.03 0.06
22 91.0 187.0 75.0 46.0 -0.44 -0.72 0.19 -0.46 0.11 0.46
23 92.0 233.0 76.0 71.0 -0.44 -0.96 0.17 -0.4 0.03 0.44
24 97.0 231.0 76.0 71.0 -0.33 -0.99 0.15 -0.4 -0.04 0.37
25 124.0 244.0 77.0 63.0 -0.24 -0.97 0.14 -0.34 -0.11 -0.06
26 114.0 251.0 76.0 55.0 -0.05 -0.93 0.15 -0.28 -0.08 -0.27
27 104.0 240.0 76.0 48.0 0.15 -1.07 0.15 -0.61 -0.04 0.57
28 106.0 232.0 80.0 44.0 0.25 -1.22 0.16 -0.48 0.0 0.94
29 129.0 223.0 81.0 45.0 0.38 -1.35 0.16 0.06 0.3 1.5
30 118.0 222.0 81.0 47.0 0.48 -1.28 0.11 -0.25 -0.58 2.5
31 115.0 210.0 80.0 48.0 0.57 -1.24 0.11 -0.7 0.6 2.89
32 105.0 270.0 81.0 46.0 1.09 -1.66 -0.23 0.08 1.48 2.32
33 115.0 259.0 83.0 48.0 1.18 -2.0 -0.1 0.22 0.76 1.88
34 116.0 262.0 85.0 47.0 1.36 -2.01 -0.1 0.65 0.86 2.01
35 129.0 280.0 84.0 46.0 1.6 -1.73 -0.13 0.28 0.78 2.43
36 127.0 277.0 84.0 44.0 1.77 -1.62 -0.15 0.1 0.78 1.71
37 130.0 276.0 89.0 56.0 1.86 -1.72 -0.15 0.13 0.76 1.32
38 137.0 265.0 93.0 51.0 2.01 -1.79 -0.16 0.41 0.83 0.61
39 151.0 273.0 100.0 51.0 2.05 -1.76 -0.11 0.71 0.77 0.03
40 160.0 277.0 99.0 70.0 2.06 -1.72 -0.1 0.38 0.59 -0.03
41 170.0 280.0 98.0 61.0 1.97 -1.51 -0.03 0.39 0.28 0.12
42 191.0 272.0 97.0 69.0 1.92 -1.36 0.01 0.11 0.1 -0.2
43 189.0 247.0 102.0 86.0 1.85 -1.36 0.02 0.48 -0.04 -0.53
44 203.0 251.0 108.0 79.0 1.77 -1.22 0.02 0.88 -0.15 -0.92
45 208.0 287.0 101.0 71.0 1.65 -1.0 0.02 0.53 -0.64 -1.22
46 218.0 271.0 105.0 71.0 1.63 -0.96 0.0 0.69 -0.58 -1.0
47 226.0 290.0 109.0 72.0 1.57 -0.94 -0.07 0.58 -0.87 -0.83
48 230.0 301.0 105.0 79.0 1.5 -1.01 -0.17 0.82 -1.06 -1.26
49 250.0 312.0 103.0 75.0 1.44 -0.99 -0.22 0.99 -1.18 -1.43
50 250.0 304.0 102.0 69.0 1.33 -0.81 -0.35 1.27 -1.25 -1.94
51 253.0 307.0 99.0 61.0 1.2 -0.69 -0.5 0.86 -1.33 -1.93
52 249.0 300.0 99.0 55.0 1.13 -0.63 -0.61 0.6 -1.42 -1.91
53 246.0 296.0 98.0 51.0 0.93 -0.47 -0.83 0.61 -1.32 -1.93
54 239.0 310.0 94.0 55.0 0.69 -0.17 -1.07 0.62 -1.19 -2.62
55 240.0 318.0 96.0 50.0 0.56 0.02 -1.18 0.6 -1.22 -2.98
56 226.0 311.0 94.0 52.0 0.32 0.54 -1.45 0.7 -1.26 -3.41
57 197.0 307.0 90.0 48.0 0.08 1.5 -1.75 0.45 -1.36 -2.99
58 190.0 297.0 90.0 45.0 -0.05 2.09 -1.89 0.31 -1.39 -2.66
59 198.0 294.0 87.0 45.0 -0.28 3.21 -2.18 -0.67 -1.58 -1.47
60 172.0 283.0 82.0 56.0 -0.42 4.31 -2.46 -0.87 -1.37 -1.07
61 159.0 273.0 80.0 50.0 -0.45 4.99 -2.58 -0.88 -1.29 -1.13
62 146.0 265.0 80.0 47.0 -0.36 6.86 -2.69 -0.32 -0.85 -1.88
63 128.0 257.0 82.0 42.0 -0.16 8.94 -2.78 -0.6 -0.51 -2.34
64 134.0 242.0 80.0 39.0 -0.06 9.76 -2.78 -1.33 -0.16 -2.66
65 124.0 240.0 87.0 36.0 0.08 10.63 -2.65 -1.05 0.06 -2.37
66 125.0 231.0 90.0 36.0 0.16 10.61 -2.41 -1.58 0.0 -2.27
67 138.0 232.0 115.0 41.0 0.16 10.26 -2.22 -0.77 -0.16 -2.1
68 128.0 236.0 116.0 45.0 0.06 9.58 -1.78 0.38 -0.05 -3.27
69 120.0 223.0 122.0 42.0 -0.23 8.84 -1.26 0.32 -0.12 -3.87
70 141.0 265.0 132.0 48.0 -0.36 8.34 -0.99 -0.35 -0.1 -3.83
71 131.0 271.0 124.0 49.0 -0.54 6.8 -0.49 -1.57 -0.21 -3.49
72 133.0 255.0 117.0 46.0 -0.61 4.57 -0.18 -3.26 -0.28 -3.51
73 132.0 237.0 119.0 49.0 -0.6 3.36 -0.09 -4.0 -0.36 -3.43
74 124.0 225.0 124.0 46.0 -0.69 1.17 0.14 -2.0 -0.41 -2.1
75 117.0 211.0 119.0 60.0 -0.8 0.44 0.39 -0.91 -0.38 -0.38
76 120.0 208.0 119.0 58.0 -0.89 0.53 0.47 -1.17 -0.3 -0.19
77 110.0 210.0 117.0 55.0 -1.15 0.91 0.61 -0.92 -0.29 -0.32
78 104.0 202.0 119.0 51.0 -1.21 0.78 0.68 -0.7 -0.02 -0.58
79 109.0 195.0 118.0 52.0 -1.18 0.47 0.72 -0.81 -0.2 -0.34
80 101.0 200.0 123.0 53.0 -1.12 -0.28 0.72 -0.8 -0.47 0.54
81 109.0 207.0 124.0 57.0 -1.07 -0.72 0.7 -0.21 -0.56 0.36
82 108.0 216.0 124.0 54.0 -1.04 -0.75 0.69 -0.08 -0.7 -0.13
83 99.0 205.0 124.0 52.0 -0.94 -0.98 0.67 -0.69 -0.82 -0.54
84 93.0 204.0 121.0 46.0 -0.78 -2.49 0.69 -1.68 -0.79 0.99
85 111.0 279.0 119.0 45.0 -0.72 -3.73 0.72 -1.4 -0.73 1.63
86 108.0 289.0 123.0 54.0 -0.64 -5.72 0.88 -0.14 -0.65 1.64
87 109.0 314.0 124.0 51.0 -0.56 -6.27 1.03 -0.3 -0.74 -0.42
88 117.0 310.0 129.0 47.0 -0.52 -6.23 1.03 0.16 -0.65 -1.2
89 108.0 292.0 130.0 48.0 -0.5 -5.82 0.94 0.84 -0.43 -1.21
90 99.0 284.0 125.0 43.0 -0.44 -5.38 0.81 1.48 -0.11 -0.51
91 100.0 271.0 126.0 42.0 -0.47 -5.02 0.8 1.54 -0.16 -0.36
92 98.0 283.0 128.0 41.0 -0.55 -4.25 0.79 1.18 -0.1 0.08
93 106.0 266.0 125.0 39.0 -0.66 -3.62 0.72 1.41 -0.02 -0.07
94 111.0 261.0 123.0 38.0 -0.65 -3.39 0.67 1.4 -0.04 -0.31
95 103.0 275.0 128.0 36.0 -0.61 -2.99 0.53 0.99 -0.12 -0.34
96 96.0 265.0 119.0 34.0 -0.51 -2.57 0.34 1.97 -0.04 -0.17
97 102.0 266.0 121.0 34.0 -0.46 -2.14 0.26 2.0 0.07 -0.17
98 114.0 250.0 121.0 35.0 -0.45 -1.14 0.16 1.54 -0.08 0.21
99 107.0 241.0 118.0 35.0 -0.43 -0.52 0.08 1.16 -0.07 0.27
100 113.0 225.0 117.0 35.0 -0.44 -0.45 0.04 0.65 -0.12 0.24
101 109.0 221.0 116.0 34.0 -0.37 -0.83 -0.05 0.49 -0.05 0.12
102 104.0 238.0 112.0 34.0 -0.3 -0.95 -0.09 0.35 -0.04 -0.05
103 113.0 235.0 117.0 35.0 -0.3 -0.83 -0.12 0.36 -0.04 -0.16
104 109.0 256.0 116.0 35.0 -0.29 -0.46 -0.19 0.52 -0.04 -0.12
105 98.0 233.0 110.0 33.0 -0.28 -0.07 -0.24 0.47 -0.03 -0.11
106 101.0 227.0 110.0 37.0 -0.28 0.08 -0.26 0.45 -0.03 -0.06
107 108.0 225.0 111.0 38.0 -0.28 0.22 -0.27 0.34 0.0 0.22
108 101.0 213.0 108.0 37.0 -0.28 0.15 -0.25 0.35 0.0 0.44
109 109.0 222.0 114.0 38.0 -0.29 0.06 -0.24 0.25 -0.04 0.42
110 105.0 224.0 111.0 38.0 -0.26 -0.06 -0.23 0.08 -0.07 0.32
111 105.0 246.0 105.0 39.0 -0.27 -0.01 -0.24 -0.03 0.0 0.16
112 110.0 239.0 105.0 41.0 -0.28 0.03 -0.24 -0.16 -0.1 0.2
113 105.0 232.0 106.0 41.0 -0.22 0.07 -0.23 -0.19 -0.13 0.12
114 97.0 285.0 107.0 38.0 -0.11 -0.07 -0.21 -0.52 -0.2 0.1
115 96.0 283.0 109.0 37.0 -0.08 -0.18 -0.18 -0.44 -0.17 0.1
116 91.0 283.0 104.0 36.0 -0.01 -0.28 -0.15 -0.37 -0.08 0.03
117 86.0 303.0 97.0 34.0 -0.02 -0.11 -0.13 -0.21 0.04 -0.14
118 113.0 284.0 96.0 37.0 -0.04 -0.01 -0.12 -0.12 0.06 -0.19
119 106.0 273.0 93.0 40.0 -0.06 0.06 -0.13 -0.11 -0.11 -0.25
120 99.0 248.0 90.0 37.0 -0.08 0.04 -0.12 0.2 -0.12 -0.32
121 104.0 234.0 92.0 38.0 -0.14 -0.01 -0.11 0.34 -0.04 -0.48
122 99.0 221.0 91.0 37.0 -0.18 -0.03 -0.11 0.19 -0.11 -0.46
123 93.0 210.0 87.0 36.0 -0.24 -0.01 -0.13 0.38 -0.18 -0.41
124 105.0 204.0 91.0 36.0 -0.29 0.05 -0.15 0.36 -0.25 -0.39
125 102.0 207.0 89.0 38.0 -0.35 0.2 -0.2 0.29 -0.35 -0.68
126 105.0 314.0 88.0 35.0 -0.39 0.49 -0.29 0.17 -0.67 -1.65
127 118.0 352.0 95.0 37.0 -0.39 0.7 -0.35 0.16 -0.58 -2.02
128 115.0 316.0 93.0 39.0 -0.4 1.2 -0.51 0.21 -0.41 -1.66
129 106.0 281.0 91.0 38.0 -0.5 1.4 -0.67 0.47 -0.38 -0.82
130 109.0 261.0 94.0 38.0 -0.6 1.31 -0.73 0.61 -0.38 -0.43
131 109.0 245.0 92.0 38.0 -0.76 0.99 -0.84 0.71 -0.45 -0.34
132 119.0 231.0 89.0 36.0 -0.85 0.87 -0.95 0.88 -0.34 -1.34
133 132.0 221.0 95.0 44.0 -0.93 1.01 -1.01 1.05 -0.3 -1.33
134 126.0 251.0 92.0 48.0 -1.28 1.63 -1.09 0.69 -0.02 -1.03
135 127.0 257.0 90.0 45.0 -1.6 2.16 -1.09 1.47 -0.23 -0.17
136 129.0 245.0 96.0 46.0 -1.67 2.36 -1.11 1.52 -0.38 -0.23
137 127.0 257.0 94.0 48.0 -1.43 2.35 -1.22 -0.74 -0.81 -1.16
138 130.0 395.0 96.0 45.0 -1.28 1.54 -1.09 -0.57 -0.42 -0.74
139 140.0 348.0 97.0 44.0 -1.25 1.24 -1.09 -0.76 -0.62 -0.38
140 136.0 314.0 95.0 44.0 -0.89 0.78 -1.11 -0.88 -0.35 0.16
141 131.0 283.0 93.0 40.0 -0.8 0.53 -1.11 -0.34 0.03 0.37
142 139.0 260.0 98.0 40.0 -0.81 0.49 -1.12 0.85 0.48 0.41
143 135.0 246.0 97.0 41.0 -0.9 0.54 -1.05 1.1 0.07 -0.06
144 135.0 233.0 93.0 41.0 -0.98 0.75 -1.23 1.44 -0.22 -0.61
145 171.0 228.0 99.0 41.0 -1.07 0.84 -1.28 2.08 0.11 -0.95
146 174.0 224.0 103.0 42.0 -1.32 0.99 -1.39 0.22 -4.43 2.77
147 186.0 210.0 104.0 53.0 -1.39 0.97 -1.55 -27.38 13.25 15.65
148 202.0 207.0 110.0 52.0 -0.17 -1.25 -0.3 0.01 3.54 -3.03
149 184.0 210.0 109.0 51.0 -1.48 -2.93 -0.09 0.48 -0.47 -4.07
150 187.0 213.0 111.0 49.0 -0.25 0.07 0.04 -0.85 0.05 -0.93
151 195.0 214.0 117.0 50.0 -0.02 0.43 0.03 0.08 0.9 0.7
152 201.0 223.0 117.0 51.0 -0.05 0.55 0.02 0.48 0.06 0.62
153 197.0 219.0 113.0 50.0 -0.1 0.17 -0.07 0.71 -0.2 0.69
154 198.0 212.0 116.0 51.0 -0.31 -0.69 -0.2 0.25 -0.32 0.58
155 191.0 210.0 115.0 50.0 -0.37 -1.06 -0.1 0.28 -0.51 -0.16
156 177.0 198.0 110.0 48.0 -0.23 -1.0 0.02 -0.38 -0.48 -0.15
157 173.0 193.0 111.0 49.0 -0.17 -0.91 0.05 -0.06 -0.45 0.02
158 170.0 192.0 110.0 48.0 -0.14 -0.63 0.09 0.56 -0.28 0.29
159 163.0 189.0 106.0 47.0 -0.13 -0.5 0.11 0.31 -0.13 0.29
160 179.0 196.0 113.0 47.0 -0.09 -0.3 0.13 0.33 0.0 0.23
161 185.0 204.0 115.0 50.0 -0.01 -0.18 0.13 0.27 0.04 0.18
162 206.0 200.0 112.0 48.0 0.04 -0.09 0.13 0.14 0.08 0.06
163 214.0 207.0 120.0 49.0 0.04 -0.06 0.12 0.0 0.07 0.01
164 209.0 215.0 122.0 52.0 0.05 0.0 0.09 -0.06 0.11 0.03
165 195.0 209.0 118.0 51.0 0.06 0.04 0.08 -0.17 0.08 -0.05
166 203.0 212.0 122.0 53.0 0.08 0.06 0.04 -0.22 0.09 -0.05
167 203.0 216.0 123.0 52.0 0.09 0.02 0.02 -0.13 0.12 0.04
168 191.0 208.0 119.0 51.0 0.09 -0.06 0.01 0.0 0.07 0.01
169 204.0 214.0 126.0 49.0 0.09 -0.09 0.0 0.01 0.04 -0.01
170 208.0 221.0 127.0 52.0 0.07 -0.11 0.0 0.04 0.01 0.09
171 200.0 216.0 124.0 52.0 0.05 -0.06 0.01 0.05 -0.02 0.11
172 204.0 218.0 128.0 53.0 0.05 -0.03 0.01 0.06 -0.04 0.07
173 210.0 226.0 129.0 55.0 0.05 0.01 0.01 0.0 0.02 0.1
174 202.0 218.0 126.0 54.0 0.05 0.01 0.01 -0.01 0.09 0.09
175 215.0 224.0 133.0 56.0 0.04 0.0 0.0 -0.02 0.08 0.07
176 212.0 229.0 133.0 58.0 0.0 -0.03 -0.01 0.0 0.09 0.05
177 202.0 217.0 127.0 55.0 -0.01 -0.02 -0.02 -0.01 0.08 0.05
178 205.0 221.0 129.0 54.0 -0.02 -0.03 -0.02 0.0 0.04 0.03
179 200.0 221.0 128.0 55.0 -0.01 -0.02 -0.01 0.02 -0.02 0.02
180 193.0 209.0 123.0 53.0 -0.01 -0.01 -0.01 0.0 -0.03 0.02
181 187.0 204.0 121.0 52.0 -0.01 -0.02 0.01 -0.03 -0.02 0.02
182 183.0 200.0 118.0 52.0 -0.01 -0.04 0.02 -0.05 0.01 0.0
183 173.0 197.0 116.0 51.0 -0.01 -0.04 0.02 -0.03 0.03 0.01
184 190.0 206.0 120.0 50.0 -0.02 -0.05 0.02 0.0 0.06 0.04
185 195.0 215.0 125.0 53.0 -0.03 -0.05 0.02 0.01 0.07 0.03
186 197.0 210.0 123.0 52.0 -0.03 -0.04 0.02 0.0 0.04 0.03
187 208.0 217.0 130.0 52.0 -0.02 -0.04 0.01 0.0 0.05 0.0
188 208.0 223.0 131.0 55.0 -0.01 -0.03 0.01 0.0 0.03 0.03
189 194.0 214.0 126.0 55.0 -0.01 -0.02 0.01 0.01 0.06 0.01
190 190.0 211.0 128.0 55.0 -0.01 -0.02 0.0 -0.02 0.06 0.0
191 185.0 212.0 124.0 54.0 -0.01 -0.02 0.0 -0.01 0.05 0.02
192 189.0 207.0 125.0 53.0 -0.01 -0.02 0.0 0.0 0.07 0.02
193 201.0 215.0 131.0 53.0 -0.01 -0.03 0.0 0.02 0.06 0.03
194 198.0 220.0 132.0 56.0 -0.02 -0.02 -0.0 0.04 0.06 0.07
195 188.0 210.0 127.0 55.0 -0.02 -0.02 -0.0 0.04 0.04 0.03
196 197.0 215.0 132.0 57.0 -0.02 -0.01 -0.01 0.01 0.03 0.02
197 192.0 215.0 130.0 57.0 -0.02 -0.01 -0.01 -0.03 0.04 0.02
198 177.0 203.0 124.0 55.0 -0.01 -0.0 -0.01 -0.01 0.02 0.0
199 175.0 199.0 123.0 55.0 -0.01 -0.02 -0.0 -0.06 0.0 -0.01
200 169.0 199.0 121.0 54.0 -0.0 -0.03 0.0 -0.03 0.0 0.0
201 171.0 193.0 119.0 55.0 -0.0 -0.03 0.0 0.0 0.02 0.03
202 186.0 204.0 125.0 56.0 -0.0 -0.02 0.01 0.03 0.05 0.04
203 192.0 216.0 128.0 57.0 0.0 -0.0 0.0 0.04 0.05 0.05
204 183.0 211.0 126.0 55.0 -0.0 -0.01 0.01 0.0 0.04 0.01
205 202.0 220.0 133.0 58.0 0.0 0.0 0.0 -0.01 0.04 0.03
206 200.0 223.0 133.0 59.0 0.0 -0.01 0.0 -0.03 0.05 -0.01
207 191.0 217.0 129.0 58.0 0.01 -0.01 0.0 0.0 0.05 0.02
208 206.0 225.0 136.0 59.0 0.01 -0.01 -0.0 0.0 0.06 0.02
