1 199.0 230.0 148.0 59.0 -0.01 -0.0 0.0 -0.03 0.09 -0.04
2 191.0 224.0 144.0 57.0 -0.01 -0.01 0.0 -0.02 0.08 -0.06
3 193.0 225.0 144.0 58.0 -0.01 -0.01 0.0 -0.04 0.1 -0.09
4 192.0 226.0 144.0 57.0 -0.01 -0.02 0.0 0.05 0.12 -0.01
5 187.0 217.0 141.0 57.0 -0.01 -0.02 -0.0 0.04 0.11 -0.02
6 200.0 225.0 147.0 56.0 -0.01 -0.02 -0.0 0.02 0.12 0.0
7 200.0 230.0 149.0 59.0 -0.01 -0.02 -0.01 0.02 0.09 -0.01
8 189.0 219.0 145.0 61.0 -0.01 -0.02 -0.0 0.03 0.08 -0.05
9 194.0 225.0 148.0 69.0 -0.01 -0.02 -0.0 0.0 0.09 -0.02
10 195.0 231.0 149.0 65.0 -0.02 -0.02 0.0 -0.06 0.09 -0.06
11 185.0 226.0 147.0 85.0 -0.03 -0.03 0.0 -0.28 0.06 -0.21
12 191.0 228.0 150.0 85.0 -0.06 -0.11 0.02 -0.39 0.19 -0.17
13 193.0 233.0 152.0 88.0 -0.17 -0.27 0.06 -0.27 0.39 0.0
14 204.0 237.0 148.0 84.0 -0.26 -0.34 0.09 -0.27 0.07 0.13
15 212.0 244.0 148.0 80.0 -0.33 -0.29 0.16 -0.15 -0.08 0.24
16 207.0 249.0 146.0 84.0 -0.27 -0.25 0.26 -1.3 -0.19 0.48
17 223.0 245.0 143.0 84.0 -0.26 -0.43 0.31 -2.02 -0.05 0.75
18 230.0 253.0 147.0 81.0 -0.21 -1.22 0.36 -2.61 0.0 1.67
19 221.0 242.0 147.0 78.0 -0.1 -2.32 0.55 -2.87 0.84 2.06
20 214.0 254.0 144.0 75.0 -0.14 -2.75 0.69 -7.33 -8.91 4.42
21 215.0 289.0 147.0 77.0 1.08 -4.01 -0.15 0.91 8.54 3.78
22 210.0 307.0 145.0 72.0 0.8 -4.7 0.68 -1.5 0.67 1.88
23 209.0 304.0 143.0 70.0 0.96 -4.95 0.8 -1.33 0.21 1.52
24 210.0 294.0 147.0 66.0 1.34 -4.96 0.82 -0.55 0.6 1.47
25 203.0 278.0 144.0 65.0 1.61 -4.85 0.76 0.06 0.31 1.48
26 193.0 272.0 140.0 63.0 1.76 -4.82 0.67 0.44 0.2 1.0
27 211.0 289.0 144.0 63.0 2.0 -4.56 0.55 1.14 0.43 0.25
28 206.0 294.0 144.0 63.0 2.1 -4.31 0.44 0.96 0.24 -0.88
29 213.0 275.0 141.0 61.0 2.15 -4.18 0.37 1.12 -0.04 -1.35
30 214.0 266.0 141.0 60.0 2.12 -3.93 0.2 0.96 -0.18 -1.35
31 235.0 259.0 143.0 58.0 2.07 -3.68 0.04 0.69 -0.39 -1.68
32 239.0 248.0 140.0 58.0 2.01 -3.59 -0.05 0.89 -0.52 -1.86
33 233.0 250.0 141.0 59.0 1.83 -3.23 -0.18 0.71 -0.51 -1.95
34 256.0 258.0 139.0 65.0 1.62 -2.65 -0.28 0.03 -0.62 -2.2
35 255.0 269.0 138.0 74.0 1.5 -2.45 -0.31 -0.22 -0.85 -1.97
36 264.0 268.0 143.0 83.0 1.29 -2.06 -0.33 -0.24 -0.76 -2.05
37 277.0 284.0 140.0 82.0 1.05 -1.8 -0.33 -0.66 -1.11 -1.82
38 303.0 274.0 135.0 84.0 0.98 -1.69 -0.35 -0.88 -0.9 -1.58
39 310.0 275.0 133.0 84.0 0.75 -1.43 -0.34 -0.84 -0.92 -1.51
40 320.0 286.0 139.0 101.0 0.62 -1.22 -0.36 -0.96 -0.94 -1.53
41 341.0 284.0 137.0 111.0 0.57 -1.12 -0.36 -1.07 -0.84 -1.63
42 343.0 295.0 134.0 114.0 0.51 -0.92 -0.34 -1.05 -0.82 -1.52
43 370.0 317.0 138.0 117.0 0.44 -0.7 -0.32 -0.85 -0.66 -1.92
44 397.0 328.0 139.0 119.0 0.38 -0.6 -0.31 -0.77 -0.68 -2.21
45 377.0 338.0 138.0 127.0 0.31 -0.42 -0.34 -0.54 -0.66 -2.33
46 371.0 365.0 141.0 137.0 0.2 -0.24 -0.41 -0.56 -0.58 -2.38
47 359.0 334.0 134.0 141.0 0.11 -0.15 -0.47 -0.91 -0.47 -2.34
48 411.0 363.0 135.0 140.0 -0.03 0.09 -0.67 -0.99 -0.29 -2.34
49 431.0 389.0 134.0 143.0 -0.26 0.39 -0.86 -1.62 -0.28 -2.24
50 397.0 370.0 129.0 152.0 -0.37 0.58 -0.95 -2.72 -0.36 -1.95
51 400.0 407.0 129.0 155.0 -0.55 1.17 -1.17 -2.27 -0.37 -1.53
52 389.0 400.0 126.0 155.0 -0.69 2.4 -1.32 -1.88 0.01 -0.43
53 356.0 381.0 125.0 146.0 -0.77 3.24 -1.33 -1.29 0.34 -0.15
54 311.0 379.0 124.0 138.0 -1.0 5.13 -1.35 -1.21 0.27 -0.16
55 289.0 363.0 121.0 141.0 -1.15 6.92 -1.44 -1.58 0.48 0.25
56 259.0 340.0 122.0 132.0 -1.15 7.79 -1.5 -0.67 0.87 0.31
57 242.0 328.0 127.0 124.0 -1.2 9.11 -1.61 -0.53 1.18 -0.01
58 218.0 316.0 127.0 113.0 -1.24 9.86 -1.7 0.29 1.37 -0.32
59 216.0 299.0 127.0 100.0 -1.2 10.05 -1.71 -0.95 1.33 -0.5
60 222.0 298.0 130.0 89.0 -1.03 10.1 -1.63 -0.9 1.21 -0.61
61 205.0 293.0 141.0 85.0 -0.91 9.91 -1.39 -0.94 1.01 -1.75
62 210.0 290.0 158.0 91.0 -0.84 9.7 -1.23 -0.59 0.76 -1.93
63 221.0 293.0 181.0 96.0 -0.85 8.95 -0.83 -0.58 0.48 -1.96
64 206.0 296.0 176.0 109.0 -1.05 7.45 -0.21 -1.41 0.01 -2.61
65 209.0 326.0 174.0 172.0 -1.03 6.19 0.1 -1.22 -0.05 -2.82
66 201.0 319.0 161.0 148.0 -1.07 3.19 0.68 -2.97 -0.32 -3.01
67 186.0 299.0 165.0 125.0 -0.98 -0.07 1.33 -3.77 -0.18 -0.74
68 184.0 288.0 158.0 112.0 -0.87 -1.33 1.58 -4.3 -0.35 1.2
69 185.0 272.0 151.0 97.0 -0.64 -2.63 2.0 -3.96 -0.34 3.18
70 173.0 264.0 145.0 91.0 -0.41 -2.82 2.22 -2.79 -0.29 1.65
71 176.0 274.0 143.0 87.0 -0.38 -2.91 2.25 -1.86 -0.34 -0.03
72 173.0 273.0 140.0 86.0 -0.5 -3.47 2.13 -0.47 -0.75 -0.51
73 161.0 269.0 137.0 86.0 -0.33 -3.56 1.74 1.98 -0.36 0.09
74 156.0 252.0 132.0 91.0 -0.35 -3.1 1.55 2.96 -0.36 -0.25
75 160.0 238.0 127.0 84.0 -0.51 -1.83 1.15 2.52 -0.37 -0.34
76 152.0 257.0 124.0 86.0 -0.68 -1.1 0.86 1.17 -0.67 0.15
77 170.0 270.0 127.0 84.0 -0.72 -1.3 0.72 1.09 -0.6 0.49
78 175.0 256.0 127.0 95.0 -0.66 -1.93 0.57 0.85 -0.59 0.72
79 162.0 260.0 123.0 88.0 -0.6 -1.94 0.45 1.04 -0.45 0.18
80 160.0 260.0 124.0 83.0 -0.58 -1.7 0.39 1.26 -0.32 -0.1
81 156.0 266.0 122.0 76.0 -0.46 -1.14 0.24 1.26 -0.26 -0.19
82 147.0 249.0 118.0 71.0 -0.32 -0.89 0.12 0.51 -0.05 0.04
83 156.0 244.0 118.0 65.0 -0.25 -0.89 0.07 0.31 0.03 0.05
84 170.0 241.0 124.0 64.0 -0.13 -0.84 0.0 0.03 0.15 -0.09
85 166.0 243.0 123.0 64.0 -0.1 -0.68 -0.03 0.12 0.18 -0.4
86 163.0 229.0 122.0 63.0 -0.09 -0.6 -0.04 0.05 0.16 -0.52
87 158.0 226.0 122.0 61.0 -0.11 -0.63 -0.05 -0.03 0.22 -0.36
88 139.0 215.0 115.0 54.0 -0.08 -0.8 -0.04 -0.09 0.31 -0.45
89 205.0 204.0 112.0 55.0 -0.1 -0.82 -0.04 0.44 0.43 -0.51
90 203.0 223.0 118.0 52.0 -0.13 -0.71 -0.03 0.56 0.44 -0.48
91 191.0 241.0 118.0 55.0 -0.18 -0.47 -0.04 0.64 0.4 -0.38
92 182.0 230.0 116.0 54.0 -0.19 -0.35 -0.06 0.71 0.38 -0.39
93 184.0 233.0 121.0 54.0 -0.16 -0.23 -0.11 0.5 0.26 -0.39
94 168.0 235.0 117.0 52.0 -0.16 -0.4 -0.16 0.47 0.17 -0.19
95 158.0 221.0 118.0 53.0 -0.16 -0.52 -0.17 0.33 0.13 -0.21
96 164.0 222.0 120.0 50.0 -0.16 -0.67 -0.2 0.26 0.09 -0.31
97 154.0 229.0 117.0 53.0 -0.16 -0.53 -0.23 0.23 0.08 -0.3
98 155.0 232.0 117.0 52.0 -0.15 -0.4 -0.24 0.2 0.09 -0.38
99 174.0 229.0 123.0 51.0 -0.11 -0.1 -0.25 -0.25 0.01 -0.42
100 159.0 226.0 124.0 49.0 -0.1 -0.1 -0.26 -0.36 0.01 -0.04
101 165.0 292.0 121.0 51.0 -0.09 -0.19 -0.25 -0.2 0.08 0.15
102 214.0 290.0 122.0 51.0 -0.08 -0.33 -0.22 -0.16 0.18 0.23
103 196.0 267.0 119.0 49.0 -0.09 -0.37 -0.19 0.03 0.3 -0.15
104 182.0 253.0 117.0 48.0 -0.1 -0.37 -0.17 0.13 0.15 -0.31
105 186.0 254.0 121.0 51.0 -0.14 -0.27 -0.14 0.13 0.09 -0.3
106 173.0 255.0 117.0 53.0 -0.17 -0.17 -0.15 0.09 0.06 -0.15
107 179.0 269.0 116.0 53.0 -0.17 -0.19 -0.15 0.07 0.07 -0.04
108 180.0 273.0 120.0 51.0 -0.2 -0.26 -0.13 -0.08 0.06 0.02
109 198.0 276.0 115.0 56.0 -0.2 -0.3 -0.12 -0.01 0.11 -0.09
110 180.0 267.0 115.0 52.0 -0.18 -0.25 -0.13 -0.05 0.03 -0.32
111 169.0 254.0 114.0 53.0 -0.16 -0.03 -0.13 -0.01 0.07 -0.17
112 160.0 242.0 115.0 49.0 -0.14 0.15 -0.14 -0.31 0.09 0.14
113 164.0 234.0 118.0 51.0 -0.12 0.14 -0.12 -0.42 0.06 0.22
114 173.0 236.0 122.0 52.0 -0.08 -0.07 -0.09 -0.32 0.1 0.07
115 171.0 236.0 117.0 52.0 -0.06 -0.21 -0.06 -0.2 0.2 -0.22
116 163.0 228.0 116.0 49.0 -0.06 -0.17 -0.05 -0.13 0.25 -0.38
117 192.0 240.0 119.0 49.0 -0.07 0.03 -0.04 -0.07 0.23 -0.36
118 184.0 246.0 116.0 48.0 -0.1 0.12 -0.05 0.0 0.25 -0.33
119 183.0 247.0 119.0 46.0 -0.1 0.1 -0.06 0.09 0.12 -0.43
120 191.0 247.0 122.0 46.0 -0.12 0.03 -0.06 0.15 0.06 -0.57
121 179.0 235.0 117.0 45.0 -0.12 -0.01 -0.08 0.27 0.01 -0.86
122 180.0 233.0 123.0 44.0 -0.13 0.02 -0.1 0.29 0.0 -0.91
123 173.0 236.0 125.0 47.0 -0.19 0.12 -0.15 0.45 -0.01 -0.95
124 212.0 226.0 121.0 47.0 -0.27 0.23 -0.24 0.53 -0.22 -0.89
125 194.0 222.0 124.0 45.0 -0.34 0.28 -0.3 0.54 -0.29 -0.94
126 190.0 230.0 124.0 45.0 -0.48 0.41 -0.45 0.75 -0.43 -1.11
127 175.0 229.0 120.0 44.0 -0.62 0.57 -0.62 1.16 -0.44 -1.19
128 196.0 238.0 122.0 46.0 -0.7 0.65 -0.68 1.05 -0.54 -1.04
129 255.0 277.0 126.0 49.0 -0.81 0.72 -0.78 1.16 -0.43 -1.04
130 237.0 289.0 122.0 49.0 -0.8 0.63 -0.87 0.91 -0.48 -0.69
131 229.0 278.0 122.0 49.0 -0.78 0.54 -0.94 0.89 -0.44 -0.41
132 231.0 272.0 127.0 50.0 -0.84 0.48 -1.07 0.88 -0.27 -0.24
133 214.0 259.0 124.0 50.0 -0.91 0.47 -1.15 0.57 -0.06 -0.22
134 218.0 258.0 125.0 51.0 -0.97 0.46 -1.16 0.53 -0.09 -0.3
135 265.0 263.0 133.0 53.0 -1.05 0.46 -1.21 0.4 0.09 -0.18
136 250.0 256.0 127.0 56.0 -1.04 0.51 -1.25 -0.2 -0.13 -0.13
137 254.0 256.0 131.0 61.0 -0.98 0.43 -1.19 0.34 0.18 -0.18
138 251.0 265.0 137.0 60.0 -0.98 0.38 -1.16 0.22 0.08 -0.42
139 243.0 258.0 133.0 62.0 -0.91 0.42 -1.15 0.03 0.13 -0.26
140 277.0 255.0 132.0 61.0 -0.94 0.49 -1.13 -0.83 -0.47 -0.1
141 270.0 259.0 138.0 60.0 -0.93 0.42 -0.96 0.58 0.58 -0.14
142 255.0 262.0 136.0 61.0 -0.83 0.17 -1.07 0.12 -0.01 -0.52
143 266.0 273.0 139.0 59.0 -0.83 0.17 -1.07 0.51 0.22 -0.79
144 250.0 273.0 140.0 77.0 -0.85 0.1 -1.01 -12.99 -0.01 14.97
145 234.0 269.0 133.0 72.0 -0.84 -0.23 -0.4 0.68 3.87 -0.3
146 259.0 263.0 135.0 68.0 -0.84 -0.23 -0.4 4.17 -0.76 -2.6
147 255.0 261.0 138.0 68.0 -0.41 0.24 -0.35 -3.04 -1.0 -3.04
148 243.0 255.0 137.0 65.0 0.41 0.19 0.05 -0.75 0.55 -0.65
149 253.0 261.0 143.0 62.0 0.41 0.19 0.05 0.51 0.04 0.46
150 284.0 279.0 156.0 65.0 0.33 0.22 -0.07 1.29 0.19 0.45
151 271.0 273.0 152.0 71.0 -0.03 -0.07 -0.13 1.27 -0.24 0.33
152 240.0 256.0 148.0 68.0 -0.03 -0.07 -0.13 0.99 -0.07 0.42
153 227.0 251.0 146.0 66.0 -0.18 -0.16 -0.12 -0.61 0.03 0.25
154 215.0 241.0 141.0 63.0 -0.21 -0.1 -0.09 -0.8 0.07 -0.18
155 214.0 228.0 136.0 62.0 -0.22 -0.07 -0.04 -0.59 -0.04 -0.45
156 227.0 233.0 141.0 62.0 -0.1 0.01 0.03 -0.39 0.03 -0.37
157 223.0 238.0 142.0 62.0 -0.01 0.01 0.03 0.02 0.23 -0.07
158 239.0 245.0 149.0 63.0 -0.01 0.0 0.01 0.21 0.38 0.09
159 255.0 262.0 158.0 69.0 -0.1 0.02 -0.02 0.14 0.23 0.11
160 251.0 261.0 155.0 67.0 -0.09 0.0 -0.04 -0.12 0.12 -0.16
161 237.0 248.0 148.0 64.0 -0.07 -0.01 -0.04 -0.24 0.15 -0.32
162 253.0 242.0 147.0 63.0 -0.03 -0.03 -0.04 -0.4 0.0 -0.4
163 234.0 232.0 141.0 60.0 0.03 -0.02 -0.03 -0.17 -0.05 -0.22
164 230.0 229.0 141.0 61.0 0.04 -0.01 -0.02 -0.14 0.0 -0.14
165 233.0 238.0 142.0 62.0 0.07 0.0 -0.01 -0.03 0.13 -0.1
166 221.0 235.0 137.0 60.0 0.06 -0.01 -0.01 -0.04 0.11 -0.12
167 219.0 230.0 137.0 59.0 0.06 -0.01 -0.01 -0.07 0.11 -0.12
168 216.0 231.0 137.0 58.0 0.06 -0.01 -0.01 -0.07 0.16 -0.12
169 203.0 219.0 131.0 55.0 0.06 -0.01 -0.02 -0.07 0.14 -0.1
170 218.0 217.0 133.0 60.0 0.05 -0.01 -0.02 -0.03 0.16 -0.08
171 232.0 224.0 135.0 60.0 0.03 -0.01 -0.02 -0.03 0.17 -0.05
172 215.0 219.0 131.0 57.0 0.02 -0.01 -0.01 -0.07 0.18 -0.08
173 216.0 219.0 133.0 59.0 0.01 -0.03 -0.02 -0.02 0.18 -0.06
174 204.0 217.0 131.0 56.0 -0.02 -0.05 -0.02 -0.02 0.19 -0.08
175 186.0 204.0 124.0 54.0 -0.03 -0.05 -0.02 -0.02 0.09 -0.07
176 184.0 200.0 123.0 55.0 -0.03 -0.05 -0.02 -0.07 0.12 -0.12
177 184.0 204.0 124.0 54.0 -0.03 -0.04 -0.02 -0.07 0.09 -0.13
178 176.0 197.0 121.0 52.0 -0.03 -0.03 -0.01 -0.06 0.1 -0.07
179 167.0 192.0 120.0 51.0 -0.03 -0.03 -0.01 -0.05 0.08 -0.07
180 153.0 197.0 120.0 50.0 -0.03 -0.03 -0.0 -0.04 0.08 -0.09
181 149.0 193.0 118.0 50.0 -0.03 -0.03 0.0 -0.06 0.09 -0.13
182 162.0 199.0 121.0 51.0 -0.02 -0.04 0.0 -0.11 0.1 -0.19
183 169.0 205.0 124.0 51.0 -0.03 -0.11 0.0 -0.19 0.13 -0.26
184 176.0 201.0 121.0 48.0 -0.04 -0.25 0.01 -0.2 0.17 -0.22
185 177.0 199.0 123.0 48.0 -0.05 -0.29 0.01 -0.21 0.15 -0.18
186 170.0 195.0 120.0 47.0 -0.05 -0.28 0.0 -0.06 0.14 -0.07
187 160.0 188.0 117.0 45.0 -0.05 -0.23 -0.0 -0.04 0.13 -0.08
188 171.0 196.0 122.0 47.0 -0.05 -0.21 -0.0 0.03 0.14 -0.06
189 170.0 198.0 122.0 49.0 -0.04 -0.19 -0.01 0.01 0.13 -0.06
190 171.0 199.0 122.0 47.0 -0.03 -0.16 -0.01 0.0 0.04 -0.09
191 185.0 202.0 123.0 47.0 -0.02 -0.14 -0.01 0.0 0.1 -0.05
192 170.0 207.0 127.0 48.0 -0.01 -0.08 -0.01 0.02 0.1 -0.03
193 159.0 205.0 127.0 49.0 -0.01 -0.05 -0.01 0.02 0.11 -0.03
194 161.0 207.0 128.0 50.0 -0.01 -0.03 -0.0 -0.03 0.14 -0.04
195 170.0 211.0 130.0 50.0 -0.03 -0.08 0.0 -0.16 0.16 -0.13
196 160.0 203.0 127.0 48.0 -0.04 -0.13 0.0 -0.15 0.13 -0.14
197 169.0 202.0 127.0 47.0 -0.04 -0.14 0.0 -0.12 0.12 -0.11
198 159.0 193.0 126.0 46.0 -0.04 -0.15 0.01 -0.09 0.14 -0.12
199 160.0 188.0 123.0 45.0 -0.04 -0.16 0.0 -0.1 0.11 -0.15
200 163.0 188.0 124.0 45.0 -0.05 -0.23 0.01 -0.11 0.14 -0.13
201 168.0 196.0 127.0 47.0 -0.05 -0.28 0.0 -0.1 0.17 -0.12
202 162.0 194.0 124.0 45.0 -0.05 -0.28 -0.0 -0.05 0.16 -0.06
203 171.0 194.0 124.0 44.0 -0.04 -0.24 -0.01 -0.02 0.17 -0.04
204 160.0 191.0 122.0 44.0 -0.04 -0.22 -0.01 -0.03 0.12 -0.06
205 154.0 189.0 120.0 43.0 -0.04 -0.21 -0.01 0.0 0.1 -0.03
206 165.0 197.0 125.0 45.0 -0.04 -0.2 -0.01 0.01 0.1 -0.03
207 170.0 199.0 126.0 47.0 -0.03 -0.17 -0.01 0.01 0.05 -0.03
208 158.0 191.0 125.0 43.0 0.03 -0.14 -0.01 -0.02 0.02 -0.07
209 162.0 191.0 127.0 46.0 0.07 -0.12 -0.01 0.0 0.03 -0.02
210 163.0 194.0 129.0 46.0 0.08 -0.07 -0.0 0.0 0.06 -0.06
211 169.0 192.0 130.0 46.0 0.06 -0.06 0.0 0.0 0.1 -0.04
212 179.0 201.0 136.0 51.0 0.03 -0.04 0.01 -0.01 0.11 -0.03
213 180.0 207.0 137.0 52.0 0.0 -0.02 0.01 -0.09 0.16 -0.05
214 174.0 201.0 135.0 50.0 -0.01 -0.01 0.01 -0.1 0.18 -0.09
215 177.0 204.0 137.0 51.0 -0.01 -0.02 0.01 -0.12 0.19 -0.1
216 175.0 207.0 136.0 51.0 -0.02 -0.05 -0.0 -0.06 0.19 -0.09
217 166.0 194.0 131.0 48.0 -0.02 -0.06 -0.01 -0.03 0.17 -0.06
218 167.0 197.0 131.0 48.0 -0.03 -0.04 -0.01 -0.06 0.17 -0.07
219 163.0 200.0 131.0 46.0 -0.03 -0.05 -0.02 -0.07 0.15 -0.1
220 154.0 195.0 127.0 44.0 -0.03 -0.05 -0.02 -0.03 0.13 -0.02
221 150.0 191.0 127.0 42.0 -0.04 -0.03 -0.01 -0.02 0.12 -0.04
222 151.0 190.0 126.0 43.0 -0.04 -0.02 -0.02 0.0 0.12 -0.05
223 148.0 183.0 124.0 42.0 -0.04 -0.01 -0.02 -0.05 0.05 -0.05
224 149.0 187.0 125.0 43.0 -0.03 -0.01 -0.01 -0.05 0.08 -0.03
225 152.0 191.0 127.0 44.0 -0.03 0.01 -0.01 -0.01 0.1 -0.06
226 151.0 188.0 128.0 43.0 -0.02 0.01 -0.01 -0.08 0.07 -0.09
227 164.0 198.0 134.0 47.0 -0.02 0.01 -0.0 -0.04 0.08 -0.07
228 169.0 205.0 137.0 48.0 -0.01 -0.0 0.0 -0.07 0.12 -0.06
229 169.0 204.0 138.0 47.0 0.01 -0.01 0.0 -0.07 0.11 -0.09
230 187.0 208.0 143.0 52.0 0.02 -0.01 -0.0 -0.04 0.1 -0.09
231 187.0 213.0 145.0 52.0 0.03 -0.01 -0.01 -0.06 0.12 -0.11
232 181.0 211.0 142.0 51.0 0.03 -0.0 -0.0 -0.03 0.12 -0.04
233 182.0 209.0 142.0 50.0 0.02 0.0 -0.01 -0.02 0.1 -0.03
234 179.0 206.0 142.0 50.0 0.02 0.0 -0.01 -0.06 0.11 -0.06
235 171.0 198.0 141.0 50.0 0.01 -0.0 -0.01 -0.06 0.12 -0.06
236 181.0 204.0 144.0 54.0 0.0 -0.01 -0.01 -0.06 0.1 -0.05
237 181.0 207.0 147.0 59.0 -0.02 -0.02 0.0 -0.03 0.14 -0.02
238 173.0 203.0 146.0 57.0 -0.03 -0.02 0.0 -0.17 0.06 -0.1
239 171.0 200.0 143.0 55.0 -0.04 -0.03 0.02 -0.24 0.04 -0.1
240 164.0 222.0 140.0 65.0 -0.05 -0.04 0.05 -0.25 0.05 -0.06
241 163.0 225.0 139.0 59.0 -0.06 -0.05 0.08 -0.06 0.27 0.36
242 171.0 227.0 143.0 59.0 -0.18 -0.17 0.13 -0.01 0.26 0.41
243 182.0 244.0 145.0 63.0 -0.31 -0.62 0.17 -0.93 0.23 0.23
244 201.0 240.0 146.0 68.0 -0.38 -1.05 0.2 -1.58 0.1 0.08
245 226.0 264.0 153.0 66.0 -0.38 -1.7 0.18 -1.7 0.11 0.23
246 245.0 264.0 161.0 67.0 -0.37 -2.13 0.18 -2.41 0.25 0.55
247 242.0 270.0 155.0 70.0 -0.41 -2.38 0.26 -3.55 -1.39 1.3
248 255.0 293.0 157.0 67.0 -0.06 -3.34 0.07 -7.17 -7.94 2.61
249 238.0 283.0 157.0 68.0 1.33 -5.19 -0.11 1.54 8.08 2.28
250 243.0 305.0 157.0 62.0 0.73 -5.09 0.14 -0.89 0.81 1.01
251 245.0 332.0 162.0 71.0 0.91 -4.76 0.43 -0.54 0.43 1.4
252 237.0 336.0 162.0 76.0 1.25 -4.05 0.43 -0.13 0.54 2.7
253 215.0 316.0 158.0 78.0 1.35 -3.92 0.4 -0.34 -0.15 2.68
254 225.0 313.0 156.0 74.0 1.8 -4.09 0.2 -0.25 0.0 2.35
255 221.0 329.0 157.0 73.0 2.13 -4.29 0.05 0.97 0.15 0.89
256 215.0 309.0 153.0 67.0 2.3 -4.03 -0.0 1.49 0.4 -0.05
257 225.0 295.0 161.0 73.0 2.38 -3.43 -0.08 1.41 0.31 -0.15
258 236.0 306.0 160.0 73.0 2.31 -2.86 -0.18 1.03 -0.07 -0.03
259 240.0 311.0 155.0 76.0 2.3 -2.63 -0.23 0.91 -0.28 -0.83
260 271.0 331.0 152.0 69.0 2.31 -2.29 -0.31 0.88 -0.24 -1.09
261 287.0 354.0 150.0 69.0 2.2 -1.95 -0.33 0.46 -0.28 -1.79
262 302.0 345.0 148.0 64.0 2.11 -1.8 -0.34 -0.32 -0.6 -2.09
263 315.0 330.0 148.0 62.0 1.95 -1.55 -0.36 -0.68 -0.69 -2.2
264 317.0 316.0 146.0 65.0 1.73 -1.36 -0.37 -0.02 -0.75 -1.94
265 295.0 306.0 142.0 66.0 1.61 -1.27 -0.38 0.1 -0.78 -1.65
266 312.0 321.0 141.0 64.0 1.32 -1.07 -0.34 -0.22 -0.91 -1.57
267 316.0 322.0 140.0 72.0 1.06 -0.91 -0.29 -0.79 -1.07 -1.77
268 310.0 339.0 136.0 81.0 0.94 -0.9 -0.28 -0.69 -1.11 -1.88
269 321.0 333.0 137.0 89.0 0.73 -0.89 -0.27 -0.55 -1.13 -1.96
270 307.0 346.0 136.0 105.0 0.58 -0.81 -0.23 -0.5 -0.95 -2.1
271 336.0 362.0 133.0 106.0 0.5 -0.75 -0.22 -0.5 -0.94 -1.75
272 319.0 364.0 132.0 129.0 0.38 -0.7 -0.24 -0.45 -0.88 -1.7
273 327.0 391.0 135.0 134.0 0.27 -0.7 -0.29 -0.18 -0.78 -1.45
274 317.0 387.0 131.0 152.0 0.23 -0.72 -0.35 -0.16 -0.48 -1.58
275 331.0 376.0 132.0 159.0 0.14 -0.61 -0.42 0.14 -0.41 -1.71
276 324.0 375.0 131.0 172.0 0.06 -0.44 -0.55 -0.02 -0.34 -1.39
277 313.0 363.0 126.0 177.0 0.01 -0.37 -0.62 -0.5 -0.21 -0.86
278 292.0 369.0 121.0 206.0 -0.09 -0.22 -0.78 -0.55 -0.16 -0.81
279 289.0 371.0 118.0 225.0 -0.22 -0.04 -0.91 -0.72 -0.03 -0.98
280 289.0 370.0 114.0 231.0 -0.29 0.03 -0.97 -1.35 0.09 -1.36
281 294.0 372.0 115.0 241.0 -0.39 0.21 -1.04 -1.58 0.08 -1.44
282 288.0 379.0 115.0 245.0 -0.49 0.59 -1.06 -2.17 0.12 -1.66
283 280.0 369.0 113.0 244.0 -0.54 0.91 -1.07 -2.37 0.2 -1.67
284 326.0 368.0 115.0 236.0 -0.63 2.0 -1.01 -3.26 0.34 -1.02
285 302.0 358.0 116.0 222.0 -0.86 3.54 -0.9 -3.46 0.47 -0.41
286 270.0 334.0 113.0 221.0 -0.98 4.43 -0.92 -2.59 0.33 0.33
287 284.0 331.0 116.0 201.0 -1.1 6.39 -0.97 -1.58 0.42 0.05
288 250.0 322.0 116.0 191.0 -1.04 8.35 -1.13 -0.99 0.53 -0.49
289 237.0 325.0 119.0 166.0 -0.98 9.09 -1.23 -2.07 0.49 0.0
290 234.0 332.0 125.0 144.0 -0.84 10.13 -1.44 -1.52 0.74 0.38
291 208.0 326.0 128.0 126.0 -0.74 10.66 -1.53 -1.21 1.08 -0.46
292 197.0 309.0 125.0 109.0 -0.72 10.89 -1.53 -0.25 1.25 -0.91
293 206.0 300.0 127.0 93.0 -0.72 10.97 -1.44 0.09 1.32 -1.0
294 193.0 301.0 128.0 89.0 -0.75 10.01 -1.2 0.02 0.98 -0.84
295 184.0 287.0 121.0 80.0 -0.75 9.3 -1.01 -0.83 0.43 -1.24
296 192.0 272.0 123.0 75.0 -0.87 7.63 -0.47 -0.83 0.34 -1.22
297 183.0 273.0 126.0 68.0 -1.02 5.81 0.06 -1.27 0.23 -1.09
298 170.0 262.0 144.0 74.0 -1.13 4.79 0.31 -1.92 0.16 -1.25
299 172.0 256.0 142.0 75.0 -1.31 2.89 0.74 -1.98 -0.36 -0.63
300 159.0 255.0 143.0 76.0 -1.37 1.58 1.01 -2.93 -0.15 0.34
301 145.0 230.0 138.0 77.0 -1.46 1.04 1.17 -3.14 -0.28 1.03
302 152.0 239.0 140.0 93.0 -1.45 0.07 1.35 -3.31 -0.21 0.98
303 143.0 241.0 138.0 92.0 -1.36 -0.89 1.43 -1.61 -0.42 0.74
304 136.0 239.0 131.0 86.0 -1.33 -1.15 1.49 -0.69 -0.32 0.34
305 142.0 241.0 129.0 97.0 -1.24 -1.86 1.51 -1.73 -1.12 -0.23
306 135.0 237.0 123.0 94.0 -1.03 -3.1 1.39 -1.34 -1.3 0.21
307 130.0 234.0 118.0 86.0 -0.9 -4.05 1.33 -0.45 -1.4 0.9
308 178.0 250.0 121.0 87.0 -0.45 -5.88 1.28 0.3 -1.26 0.92
309 179.0 290.0 121.0 96.0 -0.27 -6.42 1.26 1.1 -1.13 0.06
310 178.0 288.0 114.0 85.0 -0.27 -6.16 1.19 1.23 -0.95 -1.19
311 182.0 303.0 117.0 77.0 -0.31 -5.53 0.94 1.1 -0.93 -1.66
312 207.0 296.0 117.0 72.0 -0.41 -5.43 0.67 1.55 -0.73 -1.35
313 199.0 279.0 114.0 68.0 -0.39 -5.39 0.58 1.75 -0.66 -1.11
314 192.0 288.0 120.0 66.0 -0.4 -4.59 0.46 1.83 -0.35 -0.77
315 197.0 282.0 119.0 69.0 -0.47 -3.17 0.28 1.23 -0.22 -1.23
316 189.0 282.0 116.0 64.0 -0.49 -2.62 0.17 1.27 -0.2 -1.34
317 180.0 272.0 118.0 61.0 -0.43 -2.18 -0.06 1.17 -0.15 -1.02
318 201.0 256.0 119.0 59.0 -0.36 -2.24 -0.17 1.46 0.01 -0.79
319 181.0 239.0 119.0 57.0 -0.3 -2.13 -0.18 1.3 0.1 -0.41
320 197.0 232.0 121.0 58.0 -0.29 -1.44 -0.2 0.82 0.29 -0.33
321 263.0 232.0 120.0 54.0 -0.36 -0.67 -0.28 0.23 0.34 -0.33
322 265.0 239.0 117.0 51.0 -0.4 -0.45 -0.32 0.06 0.39 -0.34
323 247.0 241.0 119.0 51.0 -0.44 -0.39 -0.38 -0.11 0.28 -0.34
324 221.0 237.0 128.0 49.0 -0.36 -0.66 -0.38 -0.06 0.32 -0.38
325 203.0 223.0 124.0 47.0 -0.27 -0.76 -0.36 -0.1 0.49 -0.18
326 219.0 225.0 122.0 60.0 -0.19 -0.6 -0.29 -0.11 0.48 -0.07
327 238.0 227.0 117.0 61.0 -0.23 -0.09 -0.25 -0.09 0.55 -0.1
328 247.0 225.0 115.0 57.0 -0.29 0.16 -0.26 -0.22 0.41 -0.29
329 256.0 225.0 117.0 54.0 -0.33 0.51 -0.25 -0.29 0.43 -0.63
330 248.0 225.0 119.0 53.0 -0.29 0.28 -0.22 -0.3 0.32 -0.1
331 228.0 216.0 121.0 51.0 -0.24 0.05 -0.21 -0.22 0.3 0.18
332 225.0 224.0 123.0 49.0 -0.18 -0.19 -0.17 -0.18 0.34 0.35
333 244.0 232.0 123.0 47.0 -0.15 -0.09 -0.14 -0.19 0.39 0.03
334 222.0 222.0 118.0 49.0 -0.17 0.05 -0.14 -0.23 0.38 -0.08
335 291.0 246.0 126.0 47.0 -0.2 0.34 -0.12 -0.38 0.23 -0.3
336 257.0 271.0 126.0 46.0 -0.19 0.31 -0.11 -0.28 0.16 -0.08
337 270.0 263.0 124.0 43.0 -0.17 0.17 -0.09 -0.2 0.07 0.14
338 301.0 265.0 130.0 45.0 -0.09 -0.13 -0.06 -0.15 0.09 0.22
339 277.0 294.0 124.0 46.0 -0.07 -0.24 -0.03 -0.24 0.11 -0.12
340 245.0 298.0 119.0 43.0 -0.06 -0.21 -0.02 -0.25 0.1 -0.2
341 226.0 284.0 120.0 46.0 -0.06 -0.03 -0.03 -0.23 0.05 -0.26
342 201.0 265.0 113.0 45.0 -0.06 0.09 -0.04 -0.15 -0.01 -0.31
343 215.0 240.0 110.0 40.0 -0.07 0.08 -0.04 -0.17 -0.04 -0.3
344 240.0 223.0 110.0 41.0 -0.08 -0.02 -0.03 -0.05 -0.01 -0.23
345 212.0 222.0 107.0 39.0 -0.06 -0.06 -0.02 -0.18 -0.07 -0.25
346 185.0 215.0 102.0 44.0 -0.07 -0.05 -0.02 -0.07 -0.05 -0.23
347 170.0 212.0 101.0 42.0 -0.09 0.05 -0.03 -0.01 -0.05 -0.27
348 150.0 213.0 106.0 40.0 -0.07 0.12 -0.06 -0.06 0.03 -0.27
349 162.0 206.0 105.0 39.0 -0.07 0.12 -0.06 -0.08 0.08 -0.24
350 155.0 209.0 104.0 39.0 -0.05 -0.01 -0.06 -0.22 0.12 -0.22
351 143.0 205.0 103.0 37.0 -0.05 -0.21 -0.05 -0.29 0.17 -0.13
352 132.0 198.0 110.0 37.0 -0.05 -0.25 -0.05 -0.25 0.2 -0.24
353 131.0 189.0 107.0 44.0 -0.06 -0.16 -0.03 -0.14 0.26 -0.31
354 137.0 184.0 109.0 41.0 -0.09 0.05 -0.01 -0.22 0.21 -0.21
355 136.0 200.0 108.0 41.0 -0.11 0.1 -0.0 -0.21 0.21 -0.22
356 161.0 203.0 106.0 39.0 -0.12 -0.0 0.01 -0.17 0.15 -0.21
357 163.0 198.0 104.0 38.0 -0.1 -0.1 0.01 -0.12 0.17 -0.25
358 205.0 202.0 105.0 39.0 -0.1 -0.1 0.01 0.01 0.17 -0.37
359 188.0 213.0 104.0 41.0 -0.09 -0.03 0.0 0.11 0.16 -0.35
360 169.0 218.0 103.0 40.0 -0.09 0.07 -0.01 0.02 0.14 -0.34
361 164.0 210.0 108.0 40.0 -0.09 0.08 -0.01 0.06 0.14 -0.33
362 161.0 212.0 104.0 41.0 -0.09 0.05 -0.03 -0.04 0.15 -0.29
363 182.0 207.0 102.0 39.0 -0.09 -0.01 -0.03 0.04 0.18 -0.2
364 163.0 204.0 101.0 38.0 -0.08 -0.03 -0.04 -0.03 0.18 -0.22
365 159.0 200.0 100.0 40.0 -0.09 0.0 -0.04 -0.03 0.13 -0.23
366 151.0 209.0 101.0 37.0 -0.1 0.09 -0.05 -0.07 0.1 -0.28
367 147.0 227.0 99.0 39.0 -0.1 0.12 -0.05 -0.13 0.1 -0.24
368 150.0 224.0 97.0 39.0 -0.11 0.16 -0.05 -0.17 0.09 -0.21
369 168.0 214.0 97.0 39.0 -0.12 0.15 -0.04 -0.22 0.04 -0.16
370 164.0 220.0 97.0 39.0 -0.11 0.11 -0.04 -0.21 0.02 -0.22
371 155.0 216.0 96.0 38.0 -0.1 0.04 -0.03 -0.1 0.02 -0.33
372 144.0 206.0 95.0 39.0 -0.09 0.0 -0.03 -0.07 0.02 -0.25
373 136.0 200.0 94.0 38.0 -0.09 0.01 -0.02 -0.08 0.02 -0.16
374 133.0 195.0 92.0 40.0 -0.11 0.04 -0.02 -0.06 0.1 -0.09
375 131.0 205.0 92.0 39.0 -0.11 0.03 -0.03 -0.02 0.11 -0.2
376 177.0 211.0 97.0 38.0 -0.11 0.03 -0.03 0.04 0.05 -0.2
377 175.0 209.0 99.0 39.0 -0.12 0.06 -0.05 0.02 0.04 -0.16
378 173.0 205.0 100.0 40.0 -0.11 0.03 -0.06 0.01 0.07 -0.11
379 167.0 204.0 106.0 39.0 -0.1 0.01 -0.05 0.04 0.1 -0.15
380 159.0 200.0 107.0 40.0 -0.11 0.03 -0.06 0.1 0.1 -0.26
381 157.0 200.0 103.0 40.0 -0.14 0.09 -0.06 -0.09 0.08 -0.33
382 154.0 202.0 102.0 39.0 -0.15 0.08 -0.06 -0.11 0.09 -0.3
383 185.0 198.0 102.0 38.0 -0.15 0.03 -0.06 -0.1 0.06 -0.28
384 172.0 190.0 99.0 37.0 -0.17 0.02 -0.05 0.0 0.1 -0.35
385 162.0 195.0 97.0 37.0 -0.19 0.03 -0.05 -0.02 0.05 -0.3
386 156.0 201.0 97.0 37.0 -0.2 0.04 -0.06 0.07 0.11 -0.21
387 151.0 195.0 100.0 37.0 -0.21 0.04 -0.07 0.05 0.05 -0.13
388 158.0 196.0 101.0 39.0 -0.22 0.04 -0.07 0.09 0.06 -0.16
389 174.0 211.0 108.0 38.0 -0.21 0.05 -0.08 0.06 0.02 -0.17
390 207.0 218.0 108.0 40.0 -0.22 0.07 -0.09 0.04 0.14 -0.17
391 188.0 220.0 107.0 39.0 -0.21 0.07 -0.1 0.0 0.11 -0.21
392 179.0 215.0 105.0 41.0 -0.19 0.04 -0.1 -0.02 0.11 -0.19
393 173.0 207.0 103.0 42.0 -0.18 0.07 -0.11 0.06 0.15 -0.33
394 166.0 202.0 103.0 39.0 -0.19 0.1 -0.11 0.03 0.16 -0.38
395 166.0 197.0 101.0 39.0 -0.2 0.15 -0.13 0.11 0.13 -0.24
396 161.0 203.0 106.0 39.0 -0.22 0.1 -0.15 0.08 0.13 -0.11
397 144.0 202.0 103.0 39.0 -0.23 0.07 -0.15 0.03 0.15 -0.16
398 146.0 225.0 102.0 41.0 -0.24 0.05 -0.15 0.02 0.15 -0.2
399 148.0 232.0 101.0 42.0 -0.25 0.09 -0.15 -0.03 0.18 -0.13
400 138.0 218.0 100.0 40.0 -0.25 0.1 -0.15 -0.11 0.16 -0.08
401 135.0 218.0 98.0 39.0 -0.19 0.03 -0.15 -0.13 0.18 0.1
402 140.0 215.0 98.0 38.0 -0.19 -0.03 -0.13 -0.16 0.22 0.1
403 138.0 203.0 100.0 38.0 -0.19 -0.02 -0.12 -0.13 0.23 0.04
404 139.0 200.0 99.0 37.0 -0.18 -0.0 -0.1 -0.13 0.2 0.11
405 168.0 207.0 98.0 38.0 -0.16 0.05 -0.1 -0.17 0.25 0.19
406 167.0 203.0 97.0 37.0 -0.15 0.07 -0.1 -0.16 0.25 0.23
407 158.0 206.0 100.0 38.0 -0.13 0.07 -0.09 -0.15 0.24 0.13
408 156.0 205.0 100.0 37.0 -0.11 0.03 -0.09 0.0 0.24 -0.01
409 145.0 209.0 100.0 38.0 -0.1 0.03 -0.09 0.02 0.28 -0.05
410 150.0 212.0 98.0 38.0 -0.11 0.05 -0.09 0.03 0.29 -0.08
411 169.0 203.0 103.0 38.0 -0.12 0.02 -0.08 -0.05 0.25 0.0
412 161.0 204.0 102.0 37.0 -0.11 -0.01 -0.07 -0.06 0.23 0.03
413 156.0 196.0 99.0 37.0 -0.11 -0.01 -0.05 -0.12 0.18 0.1
414 146.0 191.0 100.0 37.0 -0.11 -0.01 -0.04 -0.15 0.22 0.12
415 141.0 190.0 97.0 38.0 -0.1 -0.01 -0.04 -0.1 0.22 0.09
416 149.0 188.0 99.0 38.0 -0.09 0.0 -0.04 -0.1 0.19 0.02
417 171.0 188.0 101.0 37.0 -0.06 -0.01 -0.03 -0.04 0.2 0.04
418 161.0 179.0 103.0 37.0 -0.05 -0.01 -0.03 -0.06 0.19 0.03
419 151.0 183.0 103.0 38.0 -0.05 0.01 -0.03 -0.02 0.24 -0.05
420 157.0 187.0 103.0 37.0 -0.05 0.02 -0.03 0.05 0.19 -0.22
421 155.0 189.0 105.0 37.0 -0.05 0.02 -0.03 0.04 0.15 -0.22
422 157.0 187.0 108.0 38.0 -0.06 0.03 -0.04 0.06 0.11 -0.32
423 185.0 187.0 106.0 39.0 -0.08 0.02 -0.05 0.12 0.11 -0.34
424 176.0 187.0 107.0 40.0 -0.09 0.01 -0.06 0.17 0.15 -0.46
425 169.0 187.0 107.0 40.0 -0.12 0.04 -0.08 0.19 0.11 -0.58
426 162.0 190.0 111.0 40.0 -0.17 0.11 -0.1 0.17 0.07 -0.54
427 158.0 193.0 111.0 39.0 -0.19 0.14 -0.13 0.2 0.04 -0.57
428 198.0 191.0 112.0 41.0 -0.22 0.19 -0.17 0.27 0.03 -0.66
429 177.0 190.0 112.0 40.0 -0.27 0.26 -0.21 0.39 0.0 -0.76
430 165.0 187.0 114.0 41.0 -0.3 0.29 -0.23 0.4 -0.01 -0.68
431 158.0 181.0 111.0 40.0 -0.36 0.35 -0.3 0.54 -0.07 -0.81
432 156.0 198.0 110.0 39.0 -0.43 0.41 -0.37 0.52 -0.12 -0.94
433 161.0 201.0 109.0 39.0 -0.46 0.45 -0.4 0.71 -0.07 -0.94
434 189.0 196.0 108.0 43.0 -0.53 0.64 -0.51 0.87 -0.18 -1.0
435 179.0 190.0 108.0 42.0 -0.63 0.84 -0.62 0.92 -0.15 -0.87
436 178.0 205.0 110.0 44.0 -0.69 0.85 -0.68 0.72 -0.24 -0.79
437 178.0 212.0 110.0 44.0 -0.79 0.81 -0.77 0.77 -0.24 -0.89
438 174.0 208.0 111.0 44.0 -0.82 0.77 -0.84 0.57 -0.31 -0.91
439 169.0 205.0 113.0 43.0 -0.83 0.75 -0.87 0.58 -0.28 -0.78
440 209.0 202.0 115.0 54.0 -0.88 0.7 -0.91 0.13 -0.47 -0.23
441 190.0 199.0 116.0 52.0 -0.92 0.58 -0.98 0.16 -0.5 -0.22
442 181.0 200.0 118.0 49.0 -0.88 0.55 -1.05 0.06 -0.53 -0.7
443 193.0 203.0 119.0 55.0 -0.81 0.58 -0.98 0.87 -0.29 -1.23
444 182.0 202.0 119.0 53.0 -0.88 0.75 -0.87 0.78 -0.84 -1.24
445 177.0 223.0 118.0 99.0 -0.57 0.65 -1.0 -12.35 -1.11 21.26
446 202.0 231.0 121.0 101.0 -0.09 0.06 -0.44 -2.07 5.68 -1.04
447 200.0 226.0 126.0 91.0 -1.1 0.13 -0.34 -2.64 -0.65 -1.67
448 182.0 211.0 124.0 79.0 -0.19 0.52 -0.37 -2.88 -0.59 -0.56
449 179.0 205.0 125.0 71.0 0.64 0.05 -0.28 0.0 0.71 -0.13
450 170.0 196.0 124.0 64.0 0.46 -0.04 -0.2 1.35 -0.01 0.12
451 165.0 192.0 123.0 59.0 0.36 -0.01 -0.23 1.39 -0.36 0.29
452 173.0 195.0 126.0 55.0 0.1 0.12 -0.2 1.2 -0.5 0.54
453 185.0 198.0 128.0 54.0 -0.08 0.31 -0.16 0.24 -0.17 0.27
454 170.0 198.0 127.0 51.0 -0.12 0.43 -0.16 -0.92 0.06 0.1
455 168.0 198.0 126.0 49.0 -0.2 0.48 -0.18 -0.78 0.08 0.0
456 160.0 192.0 125.0 46.0 -0.17 0.41 -0.12 -0.15 0.14 -0.07
457 148.0 186.0 122.0 44.0 -0.15 0.36 -0.1 -0.08 0.2 -0.04
458 163.0 190.0 125.0 45.0 -0.21 0.2 -0.1 0.05 0.18 -0.01
459 155.0 192.0 126.0 45.0 -0.29 0.08 -0.12 -0.04 0.3 -0.01
460 147.0 198.0 124.0 45.0 -0.36 0.05 -0.15 -0.1 0.22 0.01
461 143.0 201.0 121.0 43.0 -0.38 -0.02 -0.22 -0.22 0.11 -0.1
462 134.0 191.0 118.0 42.0 -0.37 -0.11 -0.23 -0.13 0.03 -0.18
463 132.0 183.0 116.0 40.0 -0.34 -0.15 -0.23 -0.2 -0.26 -0.17
464 128.0 177.0 112.0 40.0 -0.21 -0.24 -0.16 -0.19 -0.25 -0.25
465 128.0 181.0 112.0 40.0 -0.09 -0.24 -0.08 0.07 -0.22 0.04
466 116.0 189.0 113.0 40.0 -0.04 -0.21 -0.05 0.16 -0.24 0.1
467 122.0 186.0 114.0 40.0 0.01 -0.14 -0.02 0.36 -0.1 0.14
468 122.0 184.0 115.0 39.0 0.01 -0.05 -0.01 0.1 -0.05 0.08
469 126.0 184.0 116.0 40.0 0.0 -0.0 -0.01 0.04 -0.04 0.08
470 132.0 183.0 117.0 41.0 0.01 0.05 -0.01 -0.01 0.01 -0.01
471 128.0 181.0 117.0 41.0 0.03 0.06 -0.01 -0.02 0.06 -0.03
472 130.0 185.0 118.0 41.0 0.04 0.06 -0.01 -0.07 0.06 -0.02
473 134.0 184.0 117.0 42.0 0.05 0.04 -0.0 -0.09 0.1 -0.03
474 145.0 184.0 117.0 41.0 0.03 0.01 -0.0 -0.01 0.1 0.0
475 146.0 187.0 119.0 42.0 0.02 0.01 -0.01 -0.01 0.07 0.0
476 151.0 195.0 123.0 43.0 0.01 0.01 -0.02 0.0 0.02 0.03
477 162.0 197.0 127.0 45.0 0.01 0.01 -0.03 -0.03 0.0 0.01
478 190.0 198.0 126.0 45.0 0.01 0.01 -0.02 -0.08 -0.01 0.0
479 178.0 198.0 124.0 45.0 0.02 0.0 -0.02 -0.02 0.01 -0.01
480 160.0 192.0 123.0 44.0 0.03 -0.01 -0.01 -0.02 0.05 0.0
481 154.0 191.0 124.0 44.0 0.03 -0.01 -0.01 0.02 0.05 0.02
482 155.0 189.0 125.0 46.0 0.01 -0.0 -0.01 0.02 0.02 0.01
483 155.0 192.0 126.0 46.0 0.01 0.0 -0.01 -0.01 0.0 -0.01
484 161.0 195.0 126.0 46.0 0.0 0.0 -0.01 -0.04 0.0 -0.01
485 153.0 191.0 125.0 46.0 -0.01 -0.0 -0.01 -0.02 0.03 0.02
486 149.0 188.0 124.0 44.0 -0.01 0.0 -0.01 -0.02 0.06 -0.03
487 153.0 190.0 123.0 44.0 -0.01 0.0 -0.01 -0.04 0.07 0.01
488 144.0 184.0 121.0 43.0 -0.02 -0.01 -0.01 -0.02 0.05 -0.01
489 141.0 181.0 121.0 43.0 -0.03 -0.02 -0.01 0.0 0.02 0.0
490 137.0 181.0 120.0 43.0 -0.03 -0.03 -0.01 -0.03 0.0 -0.02
491 154.0 177.0 116.0 43.0 -0.02 -0.03 -0.0 -0.01 -0.05 0.0
492 149.0 175.0 118.0 42.0 -0.01 -0.02 0.01 0.01 -0.01 0.0
493 150.0 178.0 119.0 43.0 -0.0 -0.01 0.01 -0.01 0.0 0.0
494 149.0 182.0 122.0 45.0 0.0 0.01 0.01 -0.02 0.05 -0.01
495 157.0 188.0 125.0 45.0 0.01 0.01 0.0 -0.04 0.08 0.0
496 156.0 198.0 129.0 48.0 0.01 0.01 0.0 -0.05 0.06 -0.01
497 152.0 195.0 129.0 46.0 0.0 0.01 -0.01 -0.05 0.08 0.0
498 148.0 193.0 126.0 46.0 -0.0 -0.01 -0.02 -0.02 0.02 -0.02
499 136.0 186.0 122.0 44.0 -0.01 -0.02 -0.02 -0.04 -0.02 0.01
500 134.0 182.0 120.0 43.0 -0.01 -0.03 -0.01 0.0 -0.01 0.03
501 134.0 183.0 120.0 44.0 -0.01 -0.01 0.01 0.0 0.0 -0.01
502 142.0 188.0 122.0 44.0 -0.0 -0.01 0.01 0.0 0.0 0.0
503 144.0 194.0 125.0 46.0 0.0 -0.0 0.02 -0.02 0.06 0.0
504 151.0 196.0 128.0 47.0 0.0 0.0 0.02 -0.02 0.06 -0.02
505 146.0 202.0 128.0 47.0 -0.0 -0.0 0.01 -0.02 0.09 0.0
506 149.0 199.0 127.0 47.0 -0.01 -0.0 0.0 -0.03 0.06 0.0
507 145.0 198.0 126.0 46.0 -0.01 -0.0 0.0 -0.03 0.05 -0.03
508 137.0 188.0 123.0 45.0 -0.01 -0.0 -0.0 -0.03 0.02 -0.01
509 130.0 183.0 119.0 44.0 -0.01 -0.01 -0.0 -0.06 0.01 0.0
510 132.0 184.0 119.0 45.0 -0.01 -0.01 -0.0 0.0 0.03 -0.02
511 132.0 185.0 118.0 43.0 -0.0 -0.01 0.0 -0.01 0.04 -0.01
512 130.0 189.0 118.0 44.0 -0.0 -0.01 0.0 0.0 0.05 0.01
513 135.0 193.0 120.0 45.0 -0.01 -0.01 0.0 -0.02 0.05 0.01
514 130.0 192.0 119.0 45.0 -0.01 -0.01 -0.0 -0.03 0.07 0.0
