1 200.0 228.0 155.0 57.0 0.02 -0.02 -0.01 0.0 0.09 -0.03
2 187.0 218.0 149.0 55.0 0.02 -0.02 -0.0 0.02 0.12 -0.04
3 190.0 218.0 151.0 55.0 0.02 -0.02 0.01 0.01 0.1 -0.01
4 214.0 237.0 161.0 57.0 0.01 -0.0 0.01 0.04 0.14 0.0
5 220.0 247.0 164.0 62.0 0.01 0.01 0.01 -0.01 0.12 -0.05
6 226.0 244.0 165.0 62.0 0.01 0.01 0.0 -0.02 0.18 -0.04
7 228.0 249.0 166.0 63.0 0.01 -0.0 -0.0 -0.08 0.18 -0.06
8 216.0 240.0 159.0 60.0 -0.0 -0.03 -0.01 -0.05 0.17 -0.09
9 191.0 219.0 147.0 56.0 -0.0 -0.03 -0.01 -0.02 0.13 -0.03
10 173.0 202.0 139.0 52.0 -0.0 -0.05 -0.0 -0.01 0.13 -0.02
11 163.0 193.0 135.0 52.0 -0.0 -0.04 0.0 0.05 0.14 -0.03
12 159.0 190.0 132.0 51.0 -0.0 -0.03 0.0 0.06 0.17 -0.01
13 175.0 204.0 138.0 51.0 -0.01 -0.02 -0.01 0.05 0.15 0.0
14 174.0 214.0 139.0 53.0 -0.01 -0.01 -0.01 -0.01 0.2 -0.07
15 161.0 201.0 132.0 55.0 -0.01 -0.02 -0.02 -0.07 0.18 -0.06
16 151.0 198.0 127.0 52.0 -0.02 -0.04 -0.02 -0.07 0.15 -0.07
17 140.0 188.0 122.0 50.0 -0.04 -0.14 -0.01 -0.12 0.18 -0.14
18 140.0 184.0 122.0 49.0 -0.05 -0.23 0.0 -0.25 0.16 -0.15
19 139.0 184.0 123.0 48.0 -0.09 -0.35 0.02 -0.24 0.17 -0.09
20 133.0 187.0 121.0 71.0 -0.13 -0.41 0.03 -0.15 0.26 -0.08
21 143.0 189.0 121.0 69.0 -0.15 -0.44 0.04 0.2 0.29 0.23
22 149.0 202.0 122.0 63.0 -0.25 -0.45 0.07 0.3 0.22 0.22
23 144.0 207.0 125.0 62.0 -0.3 -0.31 0.09 -0.24 0.22 0.16
24 144.0 212.0 122.0 70.0 -0.29 -0.27 0.11 -0.51 0.21 0.17
25 140.0 236.0 125.0 69.0 -0.29 -0.24 0.12 -0.69 0.14 0.05
26 143.0 251.0 125.0 75.0 -0.27 -0.49 0.17 -0.83 0.19 0.09
27 157.0 264.0 128.0 84.0 -0.31 -0.75 0.21 -1.89 -0.06 0.53
28 150.0 267.0 122.0 83.0 -0.34 -1.46 0.39 -2.42 -0.26 1.07
29 144.0 253.0 119.0 80.0 -0.03 -2.7 0.51 -2.46 -0.45 2.05
30 157.0 263.0 122.0 72.0 -0.09 -3.2 0.56 -6.25 -6.65 3.93
31 168.0 270.0 123.0 66.0 1.11 -4.63 0.23 -1.31 5.87 3.13
32 170.0 260.0 122.0 60.0 0.88 -4.81 0.6 -0.89 0.35 1.58
33 162.0 303.0 123.0 61.0 1.08 -4.5 0.66 -0.7 0.21 1.72
34 166.0 304.0 125.0 61.0 1.38 -3.48 0.64 -0.03 0.47 1.89
35 161.0 290.0 124.0 57.0 1.61 -2.67 0.57 0.2 0.57 1.55
36 200.0 280.0 128.0 61.0 1.69 -2.61 0.51 -0.35 0.27 1.62
37 202.0 285.0 127.0 58.0 1.86 -3.0 0.38 -0.12 0.18 0.65
38 190.0 297.0 123.0 59.0 2.05 -3.74 0.23 0.0 -0.01 -0.24
39 193.0 320.0 121.0 56.0 2.17 -3.94 0.13 0.66 -0.02 -1.19
40 219.0 332.0 120.0 52.0 2.28 -3.88 -0.01 0.81 -0.09 -1.51
41 222.0 302.0 120.0 54.0 2.24 -3.5 -0.14 0.91 -0.25 -1.07
42 232.0 291.0 124.0 56.0 2.18 -3.29 -0.22 0.75 -0.42 -0.79
43 255.0 290.0 127.0 53.0 2.07 -2.91 -0.36 0.4 -0.49 -1.04
44 256.0 282.0 132.0 55.0 1.9 -2.45 -0.39 0.34 -0.35 -1.58
45 265.0 276.0 134.0 51.0 1.78 -2.15 -0.38 0.29 -0.3 -1.67
46 274.0 267.0 133.0 62.0 1.51 -1.67 -0.35 -0.16 -0.45 -1.38
47 294.0 275.0 131.0 64.0 1.26 -1.39 -0.34 -0.33 -0.47 -1.35
48 302.0 277.0 141.0 65.0 1.17 -1.3 -0.33 -0.33 -0.51 -1.59
49 335.0 272.0 140.0 74.0 0.95 -1.15 -0.27 -0.37 -0.41 -2.13
50 330.0 275.0 145.0 73.0 0.78 -1.01 -0.25 -0.38 -0.53 -1.83
51 328.0 290.0 155.0 88.0 0.73 -0.98 -0.24 -0.79 -0.51 -1.69
52 338.0 310.0 149.0 95.0 0.63 -0.97 -0.21 -0.71 -0.59 -1.22
53 327.0 298.0 138.0 97.0 0.57 -0.87 -0.19 -0.72 -0.65 -1.21
54 325.0 310.0 137.0 98.0 0.52 -0.81 -0.16 -0.68 -0.43 -1.19
55 332.0 316.0 138.0 111.0 0.42 -0.7 -0.14 -0.71 -0.54 -1.12
56 311.0 310.0 135.0 121.0 0.36 -0.63 -0.14 -0.83 -0.5 -0.95
57 338.0 325.0 140.0 124.0 0.34 -0.59 -0.14 -0.86 -0.52 -0.85
58 305.0 324.0 143.0 136.0 0.29 -0.53 -0.15 -0.85 -0.44 -0.91
59 307.0 330.0 141.0 139.0 0.22 -0.51 -0.17 -0.68 -0.46 -1.09
60 298.0 330.0 131.0 162.0 0.19 -0.5 -0.18 -0.48 -0.51 -1.27
61 287.0 345.0 123.0 194.0 0.11 -0.41 -0.22 -0.32 -0.35 -1.46
62 274.0 344.0 123.0 205.0 0.03 -0.27 -0.29 -0.39 -0.27 -1.5
63 297.0 338.0 117.0 210.0 0.01 -0.23 -0.35 -0.5 -0.18 -1.58
64 276.0 347.0 110.0 235.0 -0.07 -0.16 -0.47 -0.42 -0.22 -1.73
65 262.0 338.0 107.0 234.0 -0.18 -0.02 -0.63 -0.66 -0.24 -2.27
66 288.0 335.0 104.0 239.0 -0.26 0.08 -0.73 -0.63 -0.27 -2.31
67 296.0 338.0 100.0 251.0 -0.43 0.37 -0.93 -0.46 -0.35 -1.6
68 331.0 356.0 98.0 250.0 -0.63 0.7 -1.09 -1.15 -0.36 -1.41
69 361.0 391.0 97.0 249.0 -0.72 0.92 -1.16 -1.67 -0.2 -1.53
70 383.0 398.0 97.0 253.0 -0.86 1.81 -1.23 -0.79 0.0 -1.66
71 345.0 395.0 96.0 230.0 -1.0 3.41 -1.26 -1.35 0.02 -0.65
72 313.0 381.0 97.0 212.0 -1.06 4.36 -1.29 -1.24 0.01 -0.08
73 284.0 373.0 97.0 199.0 -1.09 6.3 -1.46 -0.16 0.09 0.51
74 272.0 363.0 96.0 186.0 -1.01 8.25 -1.66 -0.4 0.43 -0.2
75 239.0 346.0 98.0 167.0 -0.96 9.24 -1.79 -0.22 0.43 -0.8
76 208.0 345.0 102.0 148.0 -0.74 10.91 -1.88 -0.8 0.98 -0.94
77 196.0 325.0 102.0 130.0 -0.67 11.67 -1.81 -0.56 1.17 -0.42
78 185.0 313.0 107.0 117.0 -0.6 11.77 -1.71 -0.17 1.15 -0.2
79 179.0 310.0 111.0 104.0 -0.56 11.96 -1.39 0.52 1.09 -1.82
80 162.0 301.0 121.0 91.0 -0.66 11.86 -1.01 -0.07 0.68 -2.69
81 169.0 282.0 131.0 84.0 -0.67 11.43 -0.81 -0.98 0.63 -2.22
82 163.0 281.0 127.0 81.0 -0.69 9.06 -0.23 -1.59 0.11 -2.06
83 158.0 266.0 125.0 82.0 -0.73 4.77 0.45 -2.82 0.24 -1.52
84 162.0 264.0 124.0 80.0 -0.78 2.84 0.63 -3.11 0.48 -1.51
85 154.0 270.0 124.0 72.0 -0.86 0.56 1.05 -2.86 0.36 -0.62
86 150.0 263.0 127.0 75.0 -0.84 0.59 1.16 -2.01 0.4 0.29
87 162.0 275.0 130.0 78.0 -0.89 0.92 1.15 -2.41 0.17 0.06
88 151.0 283.0 125.0 76.0 -1.03 1.17 1.12 -0.69 0.26 -0.48
89 138.0 271.0 119.0 82.0 -0.96 0.18 1.11 -1.47 -0.28 -0.45
90 137.0 265.0 120.0 81.0 -0.81 -0.58 1.08 -2.04 -0.55 0.75
91 127.0 264.0 120.0 80.0 -0.56 -1.92 0.98 -0.77 -0.65 1.29
92 121.0 253.0 120.0 81.0 -0.5 -1.97 0.91 1.04 -0.53 0.9
93 132.0 255.0 122.0 91.0 -0.54 -1.65 0.82 1.07 -0.54 0.4
94 125.0 257.0 120.0 83.0 -0.67 -1.52 0.62 -0.01 -0.6 0.47
95 119.0 250.0 117.0 90.0 -0.66 -2.98 0.53 -0.66 -0.73 1.26
96 123.0 256.0 114.0 90.0 -0.63 -4.14 0.53 -1.08 -0.78 1.52
97 127.0 277.0 110.0 85.0 -0.68 -6.12 0.67 -0.87 -0.81 0.81
98 112.0 281.0 106.0 75.0 -0.73 -6.82 0.73 -0.13 -0.63 -0.83
99 148.0 287.0 108.0 78.0 -0.74 -6.73 0.72 0.41 -0.51 -1.16
100 145.0 313.0 107.0 70.0 -0.69 -6.22 0.6 0.45 -0.38 -1.47
101 154.0 290.0 111.0 65.0 -0.71 -5.43 0.45 0.4 -0.27 -0.91
102 206.0 304.0 118.0 60.0 -0.68 -5.16 0.38 0.44 -0.13 -0.71
103 208.0 323.0 116.0 57.0 -0.58 -4.52 0.31 1.16 0.1 -0.22
104 196.0 318.0 110.0 65.0 -0.53 -3.65 0.24 0.35 0.11 -0.71
105 212.0 301.0 117.0 62.0 -0.5 -3.23 0.17 0.56 0.12 -0.8
106 212.0 298.0 123.0 59.0 -0.51 -2.24 0.06 0.9 0.17 -1.03
107 251.0 270.0 122.0 55.0 -0.42 -1.57 0.01 0.47 0.13 -0.99
108 241.0 262.0 131.0 51.0 -0.37 -1.33 0.0 0.39 0.14 -0.44
109 244.0 271.0 129.0 53.0 -0.3 -0.92 0.0 0.28 0.21 0.0
110 215.0 283.0 126.0 55.0 -0.28 -0.58 -0.01 0.08 0.2 -0.32
111 228.0 269.0 128.0 51.0 -0.26 -0.51 -0.04 0.17 0.24 -0.45
112 226.0 283.0 126.0 50.0 -0.26 -0.42 -0.06 0.36 0.33 -0.56
113 209.0 270.0 126.0 49.0 -0.27 -0.41 -0.08 0.28 0.24 -0.51
114 287.0 260.0 126.0 48.0 -0.26 -0.44 -0.09 0.28 0.19 -0.48
115 255.0 256.0 126.0 47.0 -0.2 -0.41 -0.08 0.37 0.24 -0.26
116 227.0 245.0 123.0 44.0 -0.19 -0.2 -0.09 0.32 0.25 -0.27
117 216.0 261.0 129.0 43.0 -0.21 -0.03 -0.11 0.38 0.21 -0.18
118 207.0 247.0 124.0 45.0 -0.29 0.21 -0.15 0.13 0.11 -0.15
119 219.0 235.0 122.0 44.0 -0.28 -0.02 -0.18 -0.04 0.04 -0.08
120 195.0 219.0 121.0 45.0 -0.23 -0.15 -0.17 -0.13 -0.02 -0.12
121 176.0 205.0 118.0 42.0 -0.17 -0.18 -0.17 -0.13 0.02 -0.37
122 163.0 205.0 117.0 41.0 -0.2 0.14 -0.16 0.07 0.06 -0.66
123 162.0 217.0 123.0 41.0 -0.19 0.39 -0.17 0.01 0.03 -0.75
124 200.0 229.0 120.0 42.0 -0.22 0.88 -0.23 -0.09 -0.11 -0.73
125 176.0 258.0 121.0 40.0 -0.33 1.0 -0.33 0.06 -0.07 -0.8
126 186.0 256.0 125.0 41.0 -0.39 0.98 -0.38 0.14 -0.08 -0.95
127 176.0 249.0 123.0 39.0 -0.42 0.93 -0.51 0.47 -0.06 -1.22
128 161.0 228.0 122.0 38.0 -0.56 1.05 -0.62 0.76 -0.04 -1.0
129 170.0 228.0 126.0 39.0 -0.66 1.19 -0.66 0.85 -0.2 -0.78
130 171.0 224.0 121.0 40.0 -0.82 1.54 -0.76 0.73 -0.2 -0.99
131 163.0 220.0 119.0 41.0 -0.91 1.77 -0.79 0.69 -0.3 -1.43
132 172.0 260.0 124.0 47.0 -1.05 2.23 -0.86 0.37 -0.25 -1.17
133 167.0 255.0 120.0 46.0 -1.09 2.34 -0.92 0.29 -0.38 0.06
134 163.0 243.0 120.0 44.0 -1.06 2.28 -0.94 0.21 -0.32 -0.11
135 161.0 234.0 123.0 44.0 -0.92 1.77 -0.98 0.1 -0.21 -0.15
136 147.0 222.0 118.0 44.0 -0.84 0.98 -0.87 -0.2 -0.35 -0.66
137 183.0 253.0 120.0 44.0 -0.75 0.72 -0.84 -0.31 -0.12 -0.4
138 179.0 242.0 120.0 43.0 -0.71 0.66 -0.82 -0.58 -0.19 0.64
139 175.0 236.0 116.0 43.0 -0.69 0.85 -0.8 -0.81 -0.13 0.91
140 167.0 231.0 115.0 43.0 -0.69 0.95 -0.81 -0.18 0.18 0.11
141 172.0 232.0 122.0 45.0 -0.71 1.26 -0.86 0.43 0.25 -0.46
142 175.0 228.0 118.0 46.0 -0.81 1.81 -0.88 1.3 0.4 -1.78
143 212.0 240.0 116.0 48.0 -0.86 2.13 -0.87 2.08 0.33 -3.13
144 217.0 250.0 123.0 55.0 -0.92 2.65 -0.9 2.02 0.34 -3.23
145 265.0 255.0 122.0 57.0 -1.03 2.53 -1.04 1.48 0.0 -1.47
146 242.0 253.0 118.0 87.0 -1.18 2.0 -1.04 1.08 -0.78 0.64
147 236.0 259.0 123.0 89.0 -1.07 0.31 -1.36 -0.26 -1.84 1.56
148 218.0 255.0 119.0 83.0 -1.19 -1.03 -1.45 2.43 -0.6 -0.1
149 238.0 261.0 117.0 81.0 -1.23 -1.28 -1.42 -31.4 3.28 28.25
150 239.0 257.0 122.0 74.0 0.1 -1.74 -0.18 -9.82 9.06 -0.83
151 306.0 255.0 122.0 72.0 -1.03 -2.48 0.32 0.86 -2.72 -4.24
152 307.0 247.0 118.0 66.0 -0.11 -0.58 0.25 0.26 0.66 -0.6
153 294.0 252.0 130.0 62.0 0.54 1.05 0.02 0.93 1.32 0.37
154 278.0 256.0 131.0 63.0 0.43 0.93 -0.13 0.71 0.22 0.72
155 254.0 247.0 126.0 61.0 0.31 0.51 -0.19 1.73 0.45 0.59
156 263.0 251.0 133.0 61.0 0.03 -0.38 -0.23 1.26 0.21 0.76
157 253.0 250.0 131.0 61.0 -0.13 -0.68 -0.16 -0.28 0.0 0.41
158 223.0 244.0 124.0 57.0 -0.11 -0.74 -0.13 -0.23 0.19 -0.23
159 215.0 229.0 121.0 57.0 -0.08 -0.58 -0.12 -0.18 -0.12 -0.1
160 204.0 222.0 118.0 55.0 -0.12 -0.3 -0.03 0.09 0.04 -0.09
161 194.0 213.0 116.0 54.0 -0.07 -0.15 -0.02 0.0 0.17 0.0
162 217.0 230.0 127.0 55.0 -0.06 -0.06 0.01 0.05 0.16 0.02
163 217.0 237.0 128.0 59.0 -0.06 -0.1 -0.0 0.2 0.19 0.1
164 213.0 230.0 126.0 56.0 -0.06 -0.12 0.0 0.19 0.16 0.18
165 228.0 241.0 134.0 56.0 -0.09 -0.11 -0.0 0.18 0.2 0.1
166 222.0 245.0 134.0 59.0 -0.07 -0.06 -0.02 0.05 0.07 -0.01
167 236.0 228.0 127.0 57.0 -0.06 -0.01 -0.03 -0.05 0.03 -0.12
168 216.0 222.0 125.0 58.0 -0.04 0.07 -0.04 -0.04 -0.02 -0.11
169 202.0 217.0 121.0 55.0 -0.0 0.11 -0.03 -0.03 -0.02 -0.07
170 196.0 214.0 121.0 56.0 0.0 0.09 -0.02 -0.05 0.0 -0.08
171 202.0 223.0 126.0 59.0 0.01 0.04 -0.0 -0.03 -0.01 -0.06
172 200.0 223.0 127.0 58.0 0.01 0.02 0.01 -0.06 0.02 -0.09
173 202.0 225.0 128.0 58.0 0.01 0.01 0.01 -0.04 0.07 -0.11
174 210.0 228.0 132.0 60.0 0.02 -0.0 0.0 -0.01 0.06 -0.06
175 211.0 232.0 133.0 59.0 0.02 0.0 0.0 -0.02 0.08 -0.05
176 254.0 236.0 135.0 60.0 0.01 0.01 0.01 0.04 0.11 -0.02
177 273.0 252.0 150.0 62.0 0.01 0.01 0.0 0.04 0.1 0.01
178 272.0 261.0 152.0 67.0 -0.0 -0.0 0.01 0.05 0.12 0.0
179 254.0 248.0 146.0 65.0 -0.01 0.0 0.01 0.01 0.13 -0.01
180 259.0 252.0 151.0 66.0 -0.02 0.0 0.01 0.0 0.12 -0.01
181 251.0 252.0 148.0 66.0 -0.02 -0.01 0.01 -0.03 0.12 -0.08
182 233.0 241.0 141.0 62.0 -0.02 -0.01 0.01 0.01 0.09 -0.05
