1 89.0 105.0 62.0 24.0 -0.01 -0.02 0.01 0.01 0.09 0.0
2 88.0 104.0 65.0 23.0 -0.01 -0.01 0.0 0.01 0.1 -0.01
3 90.0 106.0 64.0 23.0 -0.01 -0.0 0.0 0.01 0.12 0.02
4 89.0 105.0 69.0 23.0 -0.01 0.0 0.01 0.05 0.11 -0.01
5 94.0 110.0 65.0 23.0 -0.01 0.01 0.01 0.04 0.09 -0.01
6 97.0 110.0 61.0 23.0 -0.01 0.01 0.01 0.0 0.1 0.01
7 97.0 110.0 60.0 23.0 -0.01 0.0 0.01 0.02 0.12 -0.04
8 95.0 110.0 58.0 23.0 -0.01 0.01 0.01 0.03 0.13 0.0
9 95.0 110.0 61.0 23.0 -0.01 0.01 0.01 0.03 0.11 0.0
10 93.0 111.0 65.0 23.0 -0.02 -0.0 0.0 -0.03 0.11 -0.04
11 90.0 114.0 69.0 23.0 -0.01 -0.01 0.0 -0.01 0.09 -0.02
12 94.0 107.0 65.0 23.0 -0.01 -0.01 0.01 0.02 0.09 -0.02
13 95.0 105.0 65.0 23.0 -0.01 -0.02 0.01 0.07 0.11 -0.03
14 94.0 103.0 60.0 24.0 -0.02 -0.01 0.01 0.04 0.11 -0.05
15 96.0 104.0 61.0 24.0 -0.01 0.0 0.01 0.01 0.1 0.0
16 94.0 104.0 62.0 24.0 0.01 0.01 0.01 0.02 0.11 -0.01
17 88.0 103.0 60.0 24.0 0.01 0.02 0.01 -0.03 0.13 -0.01
18 90.0 103.0 65.0 24.0 0.0 0.0 0.0 -0.08 0.14 -0.01
19 89.0 99.0 62.0 24.0 -0.02 -0.03 0.0 0.01 0.17 0.0
20 87.0 112.0 58.0 25.0 -0.02 -0.04 0.0 0.03 0.16 0.01
21 94.0 117.0 56.0 24.0 -0.04 -0.05 0.01 0.13 0.07 0.03
22 97.0 124.0 55.0 30.0 -0.05 -0.06 0.02 0.01 -0.01 -0.04
23 117.0 154.0 54.0 41.0 -0.04 -0.07 0.02 -0.04 0.0 -0.04
24 155.0 148.0 53.0 39.0 -0.05 -0.13 -0.01 -0.54 0.15 -0.17
25 154.0 148.0 52.0 36.0 -0.13 -0.39 -0.02 -0.16 0.21 -0.02
26 162.0 156.0 52.0 40.0 -0.17 -0.56 -0.01 0.23 0.21 0.01
27 165.0 188.0 52.0 41.0 -0.22 -0.78 -0.01 0.81 0.1 0.31
28 184.0 195.0 53.0 37.0 -0.25 -0.54 -0.07 0.68 0.02 0.11
29 176.0 209.0 53.0 34.0 -0.23 -0.38 -0.09 0.1 0.15 0.09
30 190.0 236.0 55.0 31.0 -0.15 -0.52 -0.15 -0.24 -0.02 0.52
31 180.0 243.0 54.0 30.0 0.05 -0.71 -0.2 -0.53 0.01 1.01
32 185.0 283.0 56.0 52.0 0.22 -0.75 -0.22 -0.68 -0.05 1.26
33 167.0 299.0 56.0 46.0 0.51 -0.82 -0.26 -0.92 -0.74 2.15
34 176.0 320.0 63.0 42.0 1.9 -1.88 -0.8 -4.56 -2.84 2.05
35 150.0 326.0 66.0 37.0 1.73 -1.69 -0.5 0.57 0.53 2.11
36 149.0 306.0 67.0 35.0 1.63 -1.26 -0.38 0.74 0.82 1.9
37 148.0 295.0 84.0 33.0 1.5 -0.83 -0.34 0.66 0.99 2.36
38 128.0 352.0 92.0 32.0 1.5 -0.8 -0.36 0.43 0.76 2.33
39 148.0 329.0 96.0 31.0 1.57 -1.0 -0.42 0.32 0.59 2.08
40 170.0 334.0 96.0 29.0 1.57 -1.0 -0.42 0.43 0.84 1.12
41 162.0 333.0 91.0 30.0 1.53 -0.93 -0.42 0.33 0.66 0.86
42 139.0 355.0 84.0 29.0 1.56 -0.81 -0.45 0.38 0.42 0.64
43 122.0 322.0 90.0 29.0 1.61 -0.8 -0.51 0.29 0.22 0.64
44 113.0 309.0 106.0 28.0 1.65 -0.8 -0.54 0.31 0.14 0.33
45 129.0 331.0 118.0 27.0 1.67 -0.76 -0.57 0.21 0.0 0.36
46 127.0 370.0 129.0 28.0 1.66 -0.61 -0.57 -0.13 -0.21 -0.17
47 117.0 465.0 173.0 32.0 1.64 -0.56 -0.56 -0.12 -0.25 -0.32
48 117.0 465.0 214.0 30.0 1.63 -0.49 -0.54 -0.18 -0.46 -0.47
49 122.0 488.0 201.0 29.0 1.63 -0.42 -0.5 -0.36 -0.57 -0.44
50 117.0 498.0 173.0 31.0 1.63 -0.38 -0.48 -0.44 -0.69 -0.52
51 124.0 460.0 158.0 31.0 1.6 -0.3 -0.45 -0.35 -0.71 -0.3
52 122.0 450.0 151.0 32.0 1.5 -0.27 -0.43 -0.31 -0.78 -0.53
53 137.0 433.0 145.0 33.0 1.41 -0.24 -0.42 -0.14 -0.77 -0.7
54 147.0 454.0 132.0 34.0 1.29 -0.23 -0.39 -0.22 -0.8 -0.95
55 162.0 437.0 129.0 35.0 1.26 -0.23 -0.37 -0.62 -0.9 -0.88
56 195.0 484.0 121.0 44.0 1.28 -0.28 -0.37 -0.68 -0.84 -0.94
57 202.0 518.0 122.0 58.0 1.24 -0.3 -0.34 -0.43 -0.72 -0.94
58 189.0 473.0 115.0 56.0 1.18 -0.3 -0.32 -0.46 -0.69 -0.85
59 178.0 452.0 106.0 55.0 1.14 -0.33 -0.32 -0.28 -0.59 -0.91
60 158.0 399.0 115.0 49.0 1.03 -0.27 -0.29 -0.35 -0.51 -1.2
61 168.0 363.0 127.0 47.0 0.92 -0.23 -0.25 -0.04 -0.43 -1.33
62 188.0 339.0 132.0 52.0 0.85 -0.18 -0.22 0.19 -0.32 -1.26
63 173.0 363.0 132.0 53.0 0.75 -0.17 -0.21 -0.45 -0.38 -0.89
64 179.0 373.0 159.0 48.0 0.6 -0.23 -0.2 -0.48 -0.28 -0.78
65 270.0 352.0 151.0 49.0 0.53 -0.18 -0.19 -0.62 -0.12 -1.03
66 229.0 330.0 142.0 49.0 0.39 -0.09 -0.15 -0.9 -0.2 -1.31
67 198.0 355.0 141.0 47.0 0.31 -0.07 -0.08 -0.61 -0.08 -1.66
68 173.0 341.0 143.0 56.0 0.25 -0.07 -0.03 -0.64 -0.1 -1.71
69 199.0 308.0 157.0 50.0 0.16 -0.05 0.07 -0.54 -0.1 -1.33
70 185.0 318.0 142.0 49.0 0.06 -0.12 0.13 -0.53 -0.07 -1.01
71 161.0 335.0 134.0 47.0 0.03 -0.16 0.13 -0.4 -0.1 -0.95
72 183.0 304.0 133.0 45.0 -0.03 -0.12 0.14 -0.2 0.03 -0.72
73 233.0 302.0 140.0 57.0 -0.11 -0.05 0.1 -0.23 0.06 -0.54
74 223.0 348.0 137.0 60.0 -0.15 -0.01 0.08 0.23 0.07 -0.38
75 209.0 360.0 144.0 59.0 -0.15 -0.03 0.02 0.2 0.03 -0.25
76 180.0 349.0 137.0 63.0 -0.09 -0.05 -0.02 0.12 0.05 0.01
77 160.0 332.0 147.0 59.0 -0.07 -0.03 -0.04 0.14 0.11 0.21
78 154.0 315.0 136.0 54.0 -0.05 0.05 -0.07 -0.22 0.09 0.31
79 145.0 353.0 126.0 49.0 -0.06 0.06 -0.08 -0.17 0.2 0.09
80 150.0 325.0 119.0 46.0 -0.07 0.05 -0.08 -0.13 0.23 -0.04
81 133.0 361.0 125.0 45.0 -0.1 0.06 -0.04 -0.2 0.11 -0.25
82 154.0 397.0 134.0 69.0 -0.1 0.0 -0.04 -0.04 0.12 -0.46
83 142.0 395.0 128.0 59.0 -0.09 0.0 -0.02 -0.18 0.08 -0.32
84 134.0 396.0 120.0 56.0 -0.07 -0.05 0.01 -0.23 0.08 -0.02
85 159.0 402.0 115.0 52.0 -0.07 0.0 0.03 -0.15 0.1 0.02
86 147.0 372.0 113.0 52.0 -0.07 0.02 0.04 -0.12 0.09 0.04
87 136.0 398.0 113.0 48.0 -0.04 -0.02 0.03 -0.04 0.03 0.0
88 149.0 388.0 112.0 45.0 -0.01 -0.05 0.01 0.03 0.01 -0.01
89 127.0 345.0 106.0 48.0 0.01 -0.02 -0.0 0.07 0.07 -0.11
90 128.0 335.0 98.0 45.0 0.0 0.02 -0.01 0.02 0.04 -0.18
91 164.0 362.0 95.0 42.0 -0.02 0.01 -0.01 -0.09 0.06 0.04
92 157.0 345.0 96.0 38.0 -0.04 -0.01 -0.02 -0.13 0.09 0.1
93 136.0 321.0 91.0 38.0 -0.06 -0.02 -0.03 -0.03 0.18 -0.37
94 150.0 307.0 92.0 33.0 -0.08 0.03 -0.03 0.16 0.12 -0.51
95 145.0 294.0 93.0 32.0 -0.08 0.05 -0.03 0.05 0.08 -0.44
96 153.0 305.0 99.0 33.0 -0.08 0.05 -0.04 0.0 0.07 -0.22
97 137.0 280.0 100.0 32.0 -0.1 0.05 -0.05 -0.14 0.07 -0.06
98 132.0 293.0 101.0 30.0 -0.12 0.08 -0.04 -0.29 0.04 -0.04
99 159.0 301.0 96.0 33.0 -0.11 0.05 -0.04 -0.27 0.04 -0.09
100 134.0 306.0 90.0 31.0 -0.09 0.03 -0.01 -0.32 0.06 -0.09
101 154.0 297.0 93.0 31.0 -0.08 0.03 -0.0 -0.29 0.05 -0.11
102 135.0 287.0 97.0 29.0 -0.07 0.05 0.01 -0.2 0.14 -0.02
103 149.0 298.0 107.0 30.0 -0.05 0.06 0.0 -0.15 0.15 -0.05
104 135.0 344.0 108.0 32.0 -0.05 0.05 0.01 -0.01 0.14 0.08
105 158.0 364.0 101.0 30.0 -0.06 0.05 0.02 0.0 0.16 0.07
106 143.0 315.0 98.0 29.0 -0.04 0.01 0.02 0.03 0.09 -0.01
107 129.0 304.0 93.0 28.0 -0.02 0.0 0.01 0.04 0.09 -0.06
108 159.0 310.0 96.0 27.0 -0.01 0.05 0.02 -0.01 0.13 0.0
109 149.0 295.0 95.0 27.0 -0.01 0.08 0.01 0.05 0.13 -0.12
110 135.0 298.0 96.0 28.0 -0.02 0.09 0.02 0.08 0.18 -0.14
111 118.0 310.0 96.0 28.0 -0.03 0.03 0.01 0.09 0.19 -0.12
112 122.0 306.0 92.0 29.0 -0.04 -0.01 -0.01 0.05 0.17 -0.14
113 103.0 259.0 92.0 28.0 -0.04 -0.01 -0.01 0.11 0.14 -0.04
114 98.0 267.0 91.0 29.0 -0.04 0.01 -0.02 -0.06 0.09 0.03
115 119.0 271.0 91.0 29.0 -0.03 0.03 -0.02 -0.01 0.04 0.13
116 114.0 258.0 96.0 28.0 -0.03 0.04 -0.01 -0.12 0.05 0.03
117 108.0 246.0 101.0 27.0 0.01 0.03 0.01 0.03 0.04 0.04
118 153.0 263.0 96.0 29.0 0.02 0.04 0.01 -0.08 0.07 0.08
119 157.0 265.0 95.0 29.0 0.03 0.04 0.01 -0.13 0.06 0.05
120 146.0 284.0 87.0 28.0 0.03 0.02 0.01 -0.18 0.12 -0.12
121 140.0 306.0 86.0 28.0 0.04 0.01 0.03 -0.13 0.11 -0.16
122 146.0 312.0 83.0 30.0 0.04 -0.01 0.04 0.0 0.12 -0.22
123 130.0 287.0 86.0 29.0 0.03 0.01 0.06 -0.08 0.07 -0.22
124 142.0 282.0 82.0 28.0 0.02 0.01 0.07 -0.18 0.05 -0.31
125 138.0 251.0 80.0 28.0 0.02 0.0 0.07 -0.13 0.05 -0.28
126 133.0 254.0 78.0 27.0 -0.0 0.01 0.07 -0.08 0.1 -0.19
127 134.0 232.0 78.0 27.0 -0.02 0.03 0.07 -0.03 0.02 -0.21
128 122.0 242.0 76.0 26.0 -0.02 0.06 0.07 0.02 0.02 -0.22
129 129.0 230.0 75.0 26.0 -0.04 0.13 0.06 -0.06 -0.03 -0.36
130 127.0 209.0 79.0 25.0 -0.04 0.13 0.05 -0.05 -0.03 -0.39
131 143.0 189.0 77.0 25.0 -0.05 0.13 0.04 -0.08 -0.09 -0.35
132 138.0 204.0 76.0 25.0 -0.09 0.15 0.05 -0.16 -0.13 -0.41
133 138.0 182.0 75.0 25.0 -0.17 0.2 0.07 -0.26 -0.19 -0.46
134 132.0 185.0 76.0 25.0 -0.22 0.2 0.09 -0.3 -0.25 -0.54
135 130.0 165.0 74.0 24.0 -0.34 0.24 0.14 -0.33 -0.41 -0.59
136 131.0 163.0 74.0 24.0 -0.38 0.25 0.16 -0.43 -0.48 -1.01
137 130.0 182.0 73.0 24.0 -0.5 0.28 0.23 -0.37 -0.52 -1.01
138 130.0 176.0 72.0 24.0 -0.58 0.36 0.34 -0.66 -0.67 -1.43
139 128.0 158.0 69.0 27.0 -0.61 0.45 0.39 -0.91 -0.51 -1.78
140 130.0 137.0 70.0 24.0 -0.77 0.7 0.51 -0.88 -0.66 -1.74
141 123.0 126.0 69.0 24.0 -0.98 1.13 0.62 -0.7 -0.67 -1.25
142 133.0 128.0 69.0 24.0 -1.14 1.29 0.69 -0.58 -0.7 -1.18
143 126.0 123.0 68.0 24.0 -1.36 1.3 0.76 -0.51 -0.53 -1.46
144 123.0 116.0 68.0 24.0 -1.49 1.25 0.75 -0.78 -0.44 -2.09
145 109.0 121.0 65.0 24.0 -1.55 1.25 0.72 -0.94 -0.38 -2.85
146 100.0 120.0 64.0 29.0 -1.79 1.54 0.74 -0.6 -0.22 -2.87
147 96.0 118.0 63.0 28.0 -2.11 1.95 0.74 0.13 -0.31 -2.2
148 89.0 117.0 62.0 26.0 -2.25 2.1 0.71 0.35 -0.57 -1.34
149 101.0 117.0 61.0 26.0 -2.47 2.04 0.62 0.36 -0.58 -1.06
150 96.0 119.0 59.0 26.0 -2.48 1.67 0.42 0.18 -0.45 -0.72
151 82.0 117.0 58.0 25.0 -2.48 1.5 0.32 0.7 0.06 -0.84
152 67.0 117.0 56.0 25.0 -2.51 1.4 0.12 1.34 -0.02 -0.39
153 58.0 112.0 54.0 27.0 -2.48 1.59 -0.09 1.44 0.28 0.01
154 52.0 105.0 53.0 27.0 -2.46 1.72 -0.2 0.81 -0.22 1.0
155 55.0 102.0 52.0 26.0 -2.44 1.8 -0.45 0.71 -0.36 1.1
156 60.0 100.0 50.0 29.0 -2.34 1.69 -0.69 2.08 0.14 0.62
157 54.0 96.0 50.0 33.0 -2.25 1.4 -0.66 0.31 -0.42 -0.12
158 60.0 93.0 49.0 30.0 -1.83 0.74 -0.77 0.32 -0.53 -0.38
159 54.0 89.0 51.0 28.0 -1.65 0.44 -0.86 0.13 -0.55 -1.11
160 52.0 87.0 54.0 28.0 -1.61 0.36 -0.85 -0.4 -0.85 -1.42
161 83.0 86.0 57.0 28.0 -0.86 0.29 -0.7 -30.8 -11.87 29.89
162 80.0 86.0 58.0 27.0 0.45 -3.26 0.21 6.91 2.74 -2.47
163 65.0 85.0 64.0 26.0 0.41 -1.75 0.2 -0.3 -0.01 -0.65
164 61.0 82.0 64.0 25.0 0.97 0.6 -0.05 -0.76 0.31 0.08
165 59.0 82.0 64.0 26.0 0.47 -0.14 -0.23 1.03 1.1 -0.02
166 54.0 81.0 57.0 25.0 0.09 -0.66 -0.27 0.68 0.87 0.89
167 46.0 79.0 62.0 25.0 -0.14 -0.97 -0.16 0.48 0.74 0.75
168 41.0 77.0 67.0 24.0 -0.14 -0.72 0.11 1.37 -0.19 -0.23
169 36.0 75.0 66.0 24.0 -0.0 -0.51 0.15 1.24 0.17 0.19
170 33.0 76.0 63.0 24.0 0.06 0.07 0.07 0.88 0.25 0.51
171 35.0 77.0 66.0 24.0 -0.03 0.5 -0.02 -0.01 0.05 -0.04
172 37.0 75.0 72.0 24.0 -0.04 0.51 -0.01 -0.29 0.0 -0.25
173 32.0 74.0 68.0 25.0 -0.11 0.18 0.06 -0.36 -0.13 -0.08
174 34.0 73.0 65.0 24.0 -0.06 -0.01 0.08 -0.37 -0.03 -0.12
175 31.0 72.0 64.0 25.0 -0.05 -0.01 0.07 -0.31 -0.19 -0.1
176 29.0 71.0 72.0 25.0 0.03 0.05 0.05 0.03 0.08 -0.05
