1 27.0 83.0 75.0 23.0 -0.01 -0.02 -0.0 0.06 0.06 0.04
2 31.0 81.0 73.0 24.0 -0.02 -0.02 -0.01 0.04 0.01 0.01
3 31.0 82.0 71.0 24.0 -0.02 -0.01 0.0 0.05 0.04 0.0
4 28.0 80.0 70.0 23.0 -0.02 -0.01 0.0 0.0 0.07 0.01
5 25.0 80.0 74.0 23.0 -0.02 -0.0 0.0 0.02 0.06 -0.02
6 26.0 80.0 70.0 24.0 -0.02 -0.0 0.0 -0.05 0.07 0.02
7 35.0 81.0 73.0 23.0 -0.02 -0.01 -0.0 0.01 0.04 0.0
8 31.0 81.0 76.0 24.0 -0.02 -0.01 -0.01 0.03 0.05 -0.01
9 28.0 81.0 71.0 23.0 -0.01 0.0 -0.01 0.0 0.05 0.03
10 26.0 81.0 72.0 24.0 -0.02 0.01 -0.02 0.0 0.05 0.01
11 27.0 81.0 71.0 23.0 -0.01 0.0 -0.01 0.0 0.05 -0.04
12 29.0 81.0 69.0 24.0 -0.01 0.01 -0.02 0.0 0.08 0.01
13 31.0 79.0 68.0 23.0 -0.02 -0.0 -0.02 0.0 0.08 0.03
14 28.0 79.0 70.0 23.0 -0.02 0.0 -0.02 0.02 0.08 0.0
15 26.0 78.0 69.0 23.0 -0.02 -0.01 -0.02 0.02 0.0 -0.01
16 25.0 77.0 72.0 23.0 -0.01 -0.0 -0.01 0.0 -0.01 -0.02
17 25.0 77.0 75.0 24.0 -0.0 0.0 -0.0 -0.01 0.03 0.03
18 34.0 77.0 78.0 23.0 0.01 -0.0 -0.0 -0.02 0.08 0.01
19 33.0 77.0 73.0 23.0 0.01 0.0 -0.01 -0.01 0.13 0.02
20 30.0 77.0 70.0 23.0 0.01 -0.0 -0.01 0.0 0.15 0.02
21 27.0 78.0 70.0 23.0 0.0 -0.0 -0.02 -0.02 0.1 0.01
22 27.0 77.0 69.0 23.0 0.0 -0.01 -0.02 0.0 0.05 0.01
23 24.0 75.0 77.0 23.0 -0.01 -0.01 -0.02 0.0 0.06 0.0
24 34.0 76.0 72.0 23.0 -0.01 -0.02 -0.01 0.07 0.02 0.0
25 31.0 75.0 70.0 24.0 -0.01 -0.01 0.0 0.06 0.03 0.02
26 28.0 74.0 78.0 23.0 -0.01 0.0 0.0 0.04 0.03 0.01
27 28.0 74.0 76.0 24.0 -0.01 0.01 0.0 0.0 0.08 0.04
28 25.0 74.0 78.0 23.0 -0.02 0.01 -0.0 -0.04 0.12 0.03
29 34.0 73.0 73.0 24.0 -0.02 0.01 -0.0 -0.02 0.09 -0.02
30 33.0 74.0 76.0 23.0 -0.01 0.0 -0.01 0.0 0.03 -0.03
31 32.0 73.0 74.0 23.0 0.02 0.0 -0.0 0.0 0.01 -0.02
32 28.0 72.0 72.0 25.0 0.03 0.01 0.0 0.01 0.02 -0.02
33 27.0 71.0 68.0 24.0 0.04 0.02 0.0 -0.06 0.13 0.02
34 25.0 71.0 70.0 23.0 0.04 0.0 0.0 -0.06 0.17 0.04
35 31.0 71.0 74.0 23.0 0.03 -0.01 -0.0 -0.07 0.12 0.01
36 29.0 71.0 70.0 24.0 0.03 -0.02 -0.01 -0.03 0.03 0.03
37 27.0 70.0 65.0 23.0 0.02 -0.02 -0.01 0.04 0.0 0.04
38 26.0 71.0 66.0 23.0 0.01 -0.02 -0.0 0.06 0.04 0.01
39 25.0 72.0 67.0 23.0 -0.0 -0.02 0.01 0.05 0.04 0.03
40 27.0 71.0 72.0 23.0 -0.01 -0.0 0.01 0.02 0.07 0.04
41 30.0 71.0 70.0 23.0 -0.02 0.0 0.0 0.0 0.07 0.0
42 28.0 72.0 66.0 24.0 -0.03 0.01 0.0 -0.04 0.04 0.0
43 26.0 70.0 63.0 24.0 -0.02 0.0 -0.0 -0.06 0.05 -0.02
44 25.0 71.0 67.0 23.0 -0.02 0.0 -0.0 -0.05 0.03 0.01
45 25.0 72.0 64.0 23.0 -0.0 0.0 -0.01 -0.02 0.07 0.0
46 26.0 72.0 71.0 23.0 0.0 0.01 -0.02 -0.04 0.09 0.0
47 27.0 73.0 66.0 24.0 0.01 0.01 -0.02 -0.05 0.06 -0.02
48 27.0 74.0 68.0 24.0 0.01 -0.0 -0.03 -0.05 0.08 0.0
49 25.0 76.0 69.0 23.0 0.01 -0.0 -0.03 0.02 0.07 0.0
50 23.0 76.0 70.0 24.0 0.01 -0.01 -0.03 0.02 0.09 0.02
51 24.0 78.0 66.0 24.0 0.01 -0.01 -0.02 0.02 0.08 0.03
52 25.0 78.0 63.0 23.0 0.0 -0.01 -0.02 0.0 0.14 0.04
53 23.0 78.0 64.0 23.0 -0.0 -0.01 -0.02 -0.02 0.08 0.0
54 25.0 79.0 65.0 23.0 -0.01 -0.02 -0.01 0.03 0.03 0.04
55 29.0 78.0 63.0 24.0 -0.02 -0.02 -0.01 -0.02 0.06 -0.01
56 31.0 78.0 66.0 24.0 -0.01 -0.02 -0.01 -0.01 0.07 -0.02
57 28.0 89.0 69.0 23.0 -0.01 -0.02 -0.01 -0.02 0.11 0.0
58 25.0 101.0 64.0 23.0 -0.01 -0.03 -0.0 -0.06 0.14 0.01
59 30.0 132.0 61.0 26.0 -0.02 -0.04 -0.0 -0.06 0.18 0.0
60 45.0 169.0 60.0 50.0 -0.0 -0.11 0.01 0.09 0.17 0.07
61 52.0 241.0 59.0 44.0 0.3 -0.26 0.04 0.03 0.15 0.2
62 68.0 239.0 58.0 40.0 0.44 -0.43 0.05 -0.03 0.15 0.1
63 83.0 220.0 58.0 38.0 0.3 -0.69 0.11 -0.34 -0.14 -0.05
64 94.0 211.0 55.0 49.0 -0.09 -0.8 0.14 -0.59 0.1 0.0
65 128.0 196.0 55.0 46.0 -0.27 -0.86 0.17 -0.41 0.24 0.09
66 123.0 201.0 54.0 42.0 -0.64 -1.15 0.21 0.05 0.03 -0.08
67 126.0 204.0 54.0 39.0 -0.82 -1.07 0.22 -0.36 -0.36 -0.28
68 142.0 225.0 53.0 35.0 -0.54 -0.87 0.17 -0.16 -0.52 -0.43
69 134.0 231.0 52.0 33.0 0.01 -0.71 0.07 0.39 -0.38 0.06
70 112.0 204.0 54.0 30.0 0.31 -0.57 0.02 0.1 0.05 0.58
71 89.0 190.0 54.0 29.0 0.39 -0.5 0.02 0.2 0.27 0.7
72 75.0 179.0 53.0 29.0 0.44 -0.29 0.01 0.18 0.58 1.32
73 70.0 250.0 52.0 28.0 0.46 0.11 -0.04 0.13 0.57 1.32
74 82.0 282.0 51.0 27.0 0.45 0.22 -0.06 -0.35 0.47 1.13
75 81.0 270.0 50.0 26.0 0.5 0.17 -0.16 -1.35 0.04 1.22
76 75.0 251.0 50.0 25.0 0.84 -0.51 -0.35 -0.19 3.45 1.07
77 61.0 214.0 50.0 25.0 0.8 -0.76 -0.06 -0.08 0.35 0.53
78 54.0 212.0 50.0 24.0 0.69 -0.84 0.06 0.22 0.59 0.57
79 46.0 214.0 50.0 24.0 0.65 -0.53 0.12 0.35 0.43 0.35
80 51.0 215.0 50.0 24.0 0.65 -0.39 0.11 0.43 0.37 0.07
81 48.0 218.0 50.0 24.0 0.66 -0.28 0.1 0.4 0.39 -0.14
82 54.0 193.0 48.0 24.0 0.62 -0.36 0.07 0.35 0.31 -0.63
83 58.0 174.0 48.0 24.0 0.59 -0.42 0.04 0.28 0.22 -0.78
84 51.0 168.0 50.0 42.0 0.5 -0.4 -0.02 0.42 0.17 -1.24
85 61.0 163.0 50.0 38.0 0.35 -0.13 -0.05 0.19 0.07 -1.28
86 71.0 183.0 50.0 35.0 0.26 0.02 -0.04 0.11 0.02 -1.28
87 64.0 195.0 50.0 32.0 0.12 0.2 0.0 -0.08 -0.06 -1.04
88 54.0 324.0 52.0 33.0 0.11 0.18 0.01 -0.43 -0.08 -0.7
89 79.0 369.0 53.0 41.0 0.13 0.09 0.0 -0.34 -0.09 -0.65
90 75.0 352.0 54.0 38.0 0.27 -0.19 -0.01 -0.21 0.01 0.08
91 63.0 430.0 58.0 37.0 0.33 -0.65 -0.07 -0.2 0.49 2.08
92 75.0 614.0 70.0 36.0 0.29 -1.08 -0.11 -0.09 0.68 2.74
93 89.0 596.0 71.0 40.0 0.54 -1.9 -0.32 0.15 0.67 2.89
94 104.0 586.0 72.0 37.0 1.0 -2.39 -0.51 0.26 0.88 2.51
95 110.0 545.0 83.0 38.0 1.15 -2.4 -0.55 0.58 1.21 2.75
96 120.0 486.0 80.0 35.0 1.43 -2.05 -0.57 0.49 0.75 3.71
97 123.0 433.0 76.0 34.0 1.83 -1.57 -0.56 -0.07 0.55 3.58
98 130.0 396.0 74.0 32.0 2.02 -1.4 -0.55 0.43 0.57 2.93
99 170.0 405.0 73.0 31.0 2.12 -1.01 -0.44 0.46 0.73 1.17
100 172.0 380.0 77.0 29.0 2.05 -0.65 -0.27 0.01 0.46 0.13
101 165.0 339.0 79.0 29.0 2.07 -0.59 -0.21 0.07 0.19 0.25
102 181.0 313.0 76.0 28.0 2.12 -0.67 -0.19 0.36 0.04 -0.32
103 206.0 296.0 84.0 32.0 1.98 -0.64 -0.13 -0.21 -0.09 -0.92
104 202.0 296.0 80.0 31.0 1.89 -0.53 -0.1 -0.28 -0.21 -1.24
105 203.0 276.0 79.0 31.0 1.78 -0.45 -0.11 -0.26 -0.5 -1.57
106 208.0 266.0 77.0 30.0 1.56 -0.41 -0.09 -0.47 -0.8 -1.7
107 206.0 270.0 73.0 32.0 1.47 -0.41 -0.11 -0.34 -0.83 -2.12
108 231.0 287.0 71.0 33.0 1.24 -0.33 -0.1 -0.64 -1.01 -2.23
109 222.0 306.0 74.0 32.0 1.03 -0.31 -0.1 -0.75 -1.05 -2.44
110 235.0 310.0 78.0 31.0 0.94 -0.3 -0.09 -0.76 -1.13 -2.52
111 218.0 355.0 73.0 31.0 0.82 -0.36 -0.1 -0.26 -1.03 -2.18
112 221.0 382.0 78.0 32.0 0.68 -0.28 -0.1 -0.57 -1.01 -2.0
113 226.0 381.0 77.0 35.0 0.62 -0.21 -0.1 -0.68 -1.0 -1.91
114 225.0 389.0 78.0 36.0 0.51 -0.13 -0.1 -0.73 -0.8 -1.65
115 299.0 363.0 85.0 35.0 0.44 -0.26 -0.1 -0.68 -0.77 -1.37
116 347.0 380.0 84.0 39.0 0.41 -0.28 -0.09 -0.52 -0.64 -1.52
117 382.0 377.0 82.0 38.0 0.31 -0.17 -0.07 -0.57 -0.65 -1.02
118 326.0 343.0 91.0 38.0 0.24 -0.08 -0.07 -0.54 -0.47 -0.76
119 324.0 313.0 85.0 36.0 0.19 -0.06 -0.08 -0.35 -0.4 -0.85
120 308.0 309.0 83.0 39.0 0.05 0.03 -0.07 -0.6 -0.29 -0.92
121 310.0 333.0 85.0 36.0 -0.03 0.08 -0.05 -0.53 -0.17 -0.89
122 343.0 353.0 83.0 34.0 -0.07 0.11 -0.04 -0.6 -0.16 -0.97
123 293.0 339.0 88.0 32.0 -0.1 0.07 -0.02 -0.51 -0.03 -0.64
124 266.0 347.0 91.0 34.0 -0.12 0.07 0.0 -0.48 0.01 -0.4
125 265.0 342.0 84.0 33.0 -0.15 0.08 0.01 -0.34 0.09 -0.18
126 268.0 323.0 84.0 32.0 -0.17 0.09 0.03 -0.29 0.17 -0.18
127 307.0 328.0 85.0 31.0 -0.19 0.05 0.02 -0.16 0.24 -0.09
128 270.0 320.0 86.0 30.0 -0.18 0.02 0.01 -0.07 0.27 -0.16
129 260.0 317.0 91.0 31.0 -0.18 0.03 -0.02 -0.03 0.3 -0.24
130 214.0 338.0 87.0 31.0 -0.16 0.04 -0.04 0.05 0.29 -0.07
131 216.0 352.0 88.0 35.0 -0.16 0.07 -0.05 -0.02 0.22 0.01
132 186.0 350.0 92.0 34.0 -0.15 0.05 -0.07 -0.02 0.18 0.0
133 222.0 359.0 91.0 33.0 -0.16 0.03 -0.09 -0.07 0.14 -0.14
134 231.0 351.0 89.0 31.0 -0.15 0.01 -0.1 0.11 0.12 -0.31
135 205.0 315.0 92.0 30.0 -0.17 0.05 -0.07 -0.04 0.07 -0.16
136 238.0 287.0 86.0 30.0 -0.16 0.04 -0.06 0.18 0.13 -0.17
137 211.0 280.0 82.0 33.0 -0.14 -0.05 -0.04 0.11 0.11 -0.19
138 209.0 311.0 82.0 34.0 -0.15 0.02 -0.01 0.07 0.05 -0.12
139 223.0 289.0 80.0 31.0 -0.15 0.02 -0.02 0.19 0.07 -0.08
140 197.0 268.0 82.0 30.0 -0.11 -0.02 -0.02 0.15 0.13 -0.02
141 179.0 264.0 86.0 30.0 -0.08 -0.02 -0.05 0.01 0.13 0.0
142 212.0 281.0 85.0 30.0 -0.08 0.01 -0.07 -0.17 0.07 0.06
143 186.0 264.0 84.0 30.0 -0.09 0.01 -0.1 -0.16 0.1 -0.02
144 176.0 268.0 81.0 35.0 -0.1 0.01 -0.09 -0.28 0.07 -0.22
145 202.0 270.0 79.0 34.0 -0.1 0.02 -0.06 -0.23 0.1 -0.19
146 201.0 276.0 78.0 33.0 -0.1 0.0 -0.04 -0.23 0.04 -0.15
147 178.0 299.0 80.0 31.0 -0.1 -0.06 -0.02 -0.16 0.12 -0.14
148 180.0 305.0 80.0 30.0 -0.11 -0.07 0.01 -0.02 0.03 -0.19
149 194.0 299.0 78.0 29.0 -0.12 -0.07 0.01 -0.03 0.13 -0.11
150 180.0 303.0 79.0 27.0 -0.09 -0.03 0.01 0.09 0.1 -0.21
151 201.0 280.0 79.0 26.0 -0.09 -0.03 0.0 0.04 0.11 -0.11
152 184.0 277.0 83.0 28.0 -0.07 -0.03 -0.01 0.06 0.08 -0.17
153 195.0 260.0 79.0 27.0 -0.04 0.0 -0.03 0.03 0.11 -0.09
154 184.0 259.0 78.0 26.0 -0.04 0.02 -0.05 -0.06 0.06 -0.05
155 155.0 283.0 81.0 26.0 -0.02 0.04 -0.06 0.0 0.06 -0.11
156 165.0 320.0 80.0 26.0 -0.0 0.05 -0.07 -0.08 0.09 -0.29
157 167.0 278.0 76.0 26.0 0.0 0.05 -0.08 -0.26 0.0 -0.3
158 152.0 271.0 74.0 26.0 0.01 0.04 -0.09 -0.18 0.04 -0.28
159 166.0 260.0 75.0 25.0 -0.03 0.1 -0.07 -0.41 -0.04 -0.25
160 175.0 264.0 72.0 25.0 -0.04 0.08 -0.06 -0.34 -0.06 -0.22
161 164.0 234.0 77.0 24.0 -0.05 0.05 -0.03 -0.29 -0.05 -0.31
162 151.0 259.0 77.0 24.0 -0.06 0.06 0.0 -0.32 -0.08 -0.18
163 132.0 269.0 74.0 24.0 -0.06 0.06 0.01 -0.31 -0.03 -0.16
164 139.0 271.0 72.0 24.0 -0.08 0.06 0.03 -0.27 0.0 -0.16
165 127.0 267.0 74.0 24.0 -0.07 0.03 0.04 -0.1 0.05 -0.16
166 120.0 302.0 70.0 24.0 -0.07 0.03 0.04 -0.12 0.04 -0.15
167 118.0 281.0 69.0 24.0 -0.08 0.06 0.03 -0.03 0.04 -0.21
168 104.0 248.0 67.0 24.0 -0.08 0.09 0.01 0.03 0.06 -0.18
169 106.0 235.0 68.0 24.0 -0.09 0.11 0.01 -0.03 -0.01 -0.26
170 114.0 211.0 64.0 24.0 -0.1 0.18 0.01 -0.06 -0.03 -0.23
171 105.0 188.0 63.0 24.0 -0.15 0.22 0.04 -0.19 -0.11 -0.28
172 100.0 173.0 62.0 23.0 -0.17 0.23 0.06 -0.27 -0.22 -0.29
173 92.0 155.0 59.0 23.0 -0.29 0.3 0.12 -0.28 -0.35 -0.36
174 84.0 143.0 59.0 23.0 -0.45 0.43 0.19 -0.31 -0.48 -0.61
175 74.0 134.0 57.0 24.0 -0.53 0.55 0.25 -0.17 -0.59 -1.43
176 64.0 128.0 58.0 24.0 -0.7 0.86 0.33 -0.23 -0.55 -1.64
177 59.0 124.0 58.0 23.0 -0.89 1.02 0.41 -0.45 -0.77 -1.75
178 53.0 124.0 58.0 24.0 -0.96 0.99 0.43 -0.37 -0.93 -2.13
179 47.0 130.0 57.0 23.0 -1.13 0.89 0.45 -0.31 -0.94 -2.26
180 43.0 134.0 57.0 24.0 -1.33 1.05 0.52 0.05 -0.67 -2.35
181 37.0 134.0 57.0 23.0 -1.46 1.2 0.53 0.29 -0.4 -2.38
182 38.0 144.0 56.0 23.0 -1.84 1.28 0.51 0.08 -0.19 -2.47
183 51.0 146.0 57.0 23.0 -2.12 0.88 0.42 0.22 -0.17 -2.88
184 59.0 151.0 55.0 24.0 -2.23 0.69 0.38 -0.24 0.07 -2.92
185 50.0 160.0 55.0 39.0 -2.46 0.52 0.34 -0.62 0.05 -3.14
186 44.0 160.0 55.0 37.0 -2.66 0.64 0.32 -0.59 0.22 -3.01
187 42.0 161.0 55.0 34.0 -2.73 0.89 0.3 -0.09 -0.1 -2.12
188 47.0 153.0 53.0 31.0 -2.81 1.58 0.28 -0.17 -0.23 -1.92
189 44.0 158.0 53.0 34.0 -2.83 2.11 0.25 -0.74 -0.51 -0.35
190 47.0 150.0 53.0 36.0 -2.85 2.23 0.21 -0.5 -0.29 -0.12
191 46.0 145.0 53.0 45.0 -2.85 2.13 0.15 -0.54 -0.2 0.16
192 45.0 139.0 53.0 41.0 -2.76 1.78 0.09 -1.49 -0.81 0.69
193 47.0 135.0 52.0 37.0 -2.65 1.62 0.03 -0.34 -0.44 0.51
194 42.0 131.0 52.0 34.0 -2.41 1.23 0.12 -0.64 -0.88 0.51
195 39.0 128.0 51.0 32.0 -2.02 0.77 -0.03 -0.58 -0.52 0.71
196 36.0 126.0 51.0 29.0 -1.91 0.52 -0.15 -0.97 -0.35 -0.51
197 37.0 120.0 57.0 28.0 -1.38 -0.14 -0.21 -3.93 -1.73 1.91
198 35.0 118.0 65.0 28.0 2.4 -3.67 -0.17 11.28 7.63 5.61
199 69.0 118.0 64.0 26.0 1.13 -1.85 0.19 5.06 0.76 -2.49
200 61.0 113.0 72.0 26.0 1.01 0.65 -0.05 1.41 0.48 -2.7
201 54.0 108.0 74.0 25.0 0.69 0.18 -0.34 1.29 0.72 -0.17
202 46.0 103.0 68.0 25.0 0.3 -0.09 -0.4 0.9 0.59 1.68
203 43.0 97.0 64.0 25.0 -0.15 0.04 -0.33 -0.2 0.27 0.82
204 38.0 97.0 67.0 24.0 -0.1 -0.13 -0.02 -0.31 -0.13 -0.58
205 33.0 95.0 69.0 24.0 0.05 -0.21 0.06 -0.16 0.09 0.21
206 29.0 92.0 68.0 24.0 0.21 -0.06 0.05 0.05 0.26 0.36
207 27.0 89.0 70.0 24.0 -0.01 0.03 0.04 0.35 0.33 0.33
208 26.0 88.0 69.0 24.0 -0.13 0.05 0.07 0.38 0.1 -0.12
209 35.0 91.0 65.0 23.0 -0.16 0.06 0.13 0.39 -0.03 -0.14
210 32.0 87.0 65.0 24.0 -0.1 0.13 0.13 0.0 0.01 -0.08
211 30.0 87.0 64.0 23.0 -0.07 0.17 0.11 -0.12 0.07 -0.13
212 27.0 86.0 70.0 24.0 -0.01 0.29 0.05 -0.45 0.16 -0.14
213 25.0 82.0 69.0 23.0 0.06 0.28 -0.01 -0.49 0.16 -0.06
214 22.0 81.0 68.0 24.0 0.11 0.23 -0.03 -0.35 0.22 -0.06
215 22.0 80.0 69.0 24.0 0.16 0.04 -0.05 -0.42 0.13 -0.06
216 22.0 79.0 66.0 23.0 0.16 -0.03 -0.05 -0.13 0.09 0.01
217 24.0 78.0 66.0 23.0 0.15 -0.03 -0.05 0.02 0.04 0.08
218 21.0 76.0 73.0 24.0 0.14 0.03 -0.05 0.11 0.08 -0.05
219 24.0 74.0 71.0 24.0 0.11 0.05 -0.05 0.05 0.05 0.01
220 22.0 72.0 67.0 24.0 0.09 0.05 -0.05 0.07 0.11 0.06
221 23.0 72.0 67.0 24.0 0.03 0.02 -0.02 0.11 0.08 0.0
222 26.0 71.0 70.0 23.0 0.01 0.01 -0.01 0.07 0.08 -0.01
223 23.0 71.0 70.0 23.0 0.01 0.03 -0.0 0.09 0.07 -0.01
224 23.0 70.0 71.0 23.0 0.02 0.06 0.0 -0.03 0.08 0.0
225 22.0 70.0 71.0 23.0 0.0 0.03 0.02 -0.08 0.09 -0.05
226 21.0 70.0 68.0 23.0 -0.0 0.02 0.02 -0.08 0.11 0.03
