1 91.0 89.0 85.0 24.0 -0.02 -0.09 -0.0 -0.36 0.13 -0.02
2 90.0 89.0 82.0 24.0 -0.01 -0.12 -0.0 -0.03 0.16 -0.01
3 96.0 89.0 79.0 25.0 0.02 -0.07 -0.0 0.25 0.2 0.0
4 98.0 88.0 80.0 24.0 0.02 0.05 -0.01 0.32 0.19 0.01
5 100.0 88.0 82.0 24.0 0.02 0.1 -0.01 0.0 0.14 -0.08
6 98.0 89.0 77.0 24.0 0.0 0.14 0.0 -0.11 0.1 -0.05
7 103.0 88.0 74.0 24.0 -0.02 0.06 0.01 -0.19 0.1 -0.05
8 105.0 90.0 68.0 25.0 -0.01 0.04 0.0 -0.08 0.08 -0.05
9 106.0 89.0 76.0 24.0 0.0 0.02 -0.01 -0.01 0.11 -0.06
10 109.0 89.0 75.0 24.0 0.02 0.05 -0.01 0.07 0.1 -0.02
11 109.0 88.0 77.0 27.0 0.03 0.07 -0.02 0.07 0.11 0.01
12 110.0 88.0 73.0 26.0 0.03 0.1 -0.01 -0.05 0.15 -0.03
13 109.0 88.0 71.0 26.0 -0.01 -0.0 -0.0 -0.12 0.14 -0.04
14 107.0 86.0 72.0 25.0 -0.0 -0.02 0.0 0.01 0.16 0.0
15 104.0 89.0 71.0 24.0 -0.0 -0.02 0.0 0.08 0.16 0.0
16 104.0 91.0 71.0 24.0 -0.01 0.0 -0.0 0.07 0.14 -0.01
17 102.0 89.0 72.0 24.0 -0.01 0.02 -0.01 -0.06 0.12 -0.04
18 125.0 91.0 69.0 24.0 -0.01 0.02 -0.01 -0.13 0.11 -0.06
19 124.0 93.0 65.0 24.0 -0.02 -0.04 -0.01 -0.11 0.07 0.0
20 114.0 90.0 62.0 24.0 -0.03 -0.07 -0.01 -0.09 0.03 -0.1
21 114.0 90.0 62.0 24.0 -0.04 -0.08 -0.02 0.0 0.07 -0.04
22 118.0 98.0 62.0 27.0 -0.06 -0.07 -0.03 -0.1 0.13 -0.01
23 134.0 116.0 61.0 35.0 -0.07 -0.09 -0.03 -0.07 0.1 0.06
24 165.0 138.0 61.0 51.0 -0.09 -0.24 -0.02 0.01 0.18 0.14
25 171.0 178.0 63.0 54.0 -0.11 -0.39 -0.02 0.12 0.07 -0.03
26 180.0 230.0 64.0 51.0 -0.04 -0.42 -0.02 0.09 0.02 -0.09
27 180.0 245.0 63.0 45.0 0.03 -0.5 -0.01 0.12 0.05 -0.03
28 238.0 266.0 60.0 44.0 0.06 -0.75 -0.02 -0.26 0.02 0.55
29 214.0 253.0 59.0 40.0 0.04 -0.97 -0.03 -0.04 0.12 1.04
30 209.0 297.0 60.0 38.0 0.15 -1.19 -0.12 0.0 0.33 0.84
31 217.0 303.0 61.0 38.0 0.25 -1.17 -0.25 0.31 0.23 1.28
32 231.0 295.0 63.0 36.0 0.43 -1.18 -0.3 1.27 0.03 1.42
33 222.0 316.0 62.0 33.0 0.67 -1.08 -0.34 -1.3 -0.99 2.09
34 218.0 331.0 65.0 31.0 1.6 -1.76 -0.53 3.59 1.24 3.72
35 184.0 352.0 70.0 31.0 1.43 -1.47 -0.55 1.96 1.0 3.51
36 163.0 421.0 84.0 30.0 1.55 -1.07 -0.54 1.13 0.75 3.48
37 137.0 402.0 96.0 34.0 1.7 -0.71 -0.64 0.71 0.91 3.26
38 134.0 388.0 111.0 34.0 1.81 -0.68 -0.69 0.76 0.95 3.23
39 110.0 568.0 122.0 43.0 1.92 -0.7 -0.73 0.71 0.78 3.23
40 96.0 636.0 129.0 48.0 2.12 -0.57 -0.71 0.29 0.41 2.36
41 96.0 600.0 121.0 46.0 2.26 -0.53 -0.7 0.14 0.36 1.62
42 140.0 538.0 113.0 56.0 2.21 -0.48 -0.65 -0.22 0.08 0.95
43 130.0 519.0 122.0 60.0 2.12 -0.55 -0.64 0.7 0.31 0.88
44 125.0 555.0 126.0 62.0 2.1 -0.52 -0.65 0.0 -0.43 -0.3
45 118.0 584.0 118.0 53.0 2.14 -0.45 -0.58 -0.34 -0.61 -0.38
46 118.0 563.0 123.0 49.0 2.19 -0.59 -0.53 -0.48 -0.76 -0.33
47 124.0 533.0 124.0 52.0 2.18 -0.6 -0.52 -0.62 -1.01 -0.33
48 143.0 509.0 135.0 52.0 2.1 -0.56 -0.47 -0.62 -1.01 -0.39
49 136.0 466.0 126.0 49.0 2.03 -0.53 -0.44 -0.94 -1.14 -1.24
50 130.0 452.0 129.0 48.0 1.98 -0.54 -0.42 -0.49 -1.23 -1.49
51 124.0 429.0 129.0 57.0 1.87 -0.52 -0.37 -0.46 -1.21 -1.94
52 123.0 412.0 124.0 57.0 1.74 -0.52 -0.36 -0.74 -1.33 -1.9
53 226.0 407.0 113.0 54.0 1.66 -0.54 -0.36 -0.49 -1.35 -2.11
54 233.0 383.0 110.0 61.0 1.45 -0.44 -0.33 -0.84 -1.45 -2.04
55 203.0 376.0 111.0 64.0 1.22 -0.34 -0.32 -0.75 -1.35 -2.28
56 186.0 365.0 120.0 64.0 1.1 -0.32 -0.33 -0.62 -1.28 -2.86
57 160.0 319.0 119.0 64.0 0.91 -0.3 -0.28 -0.43 -1.18 -2.72
58 138.0 314.0 117.0 57.0 0.72 -0.26 -0.23 -0.73 -1.19 -1.84
59 152.0 365.0 110.0 59.0 0.61 -0.25 -0.23 -1.0 -1.09 -1.5
60 164.0 393.0 109.0 67.0 0.4 -0.22 -0.21 -1.05 -0.99 -1.68
61 153.0 426.0 123.0 76.0 0.26 -0.15 -0.19 -0.92 -0.84 -2.03
62 154.0 393.0 114.0 75.0 0.19 -0.16 -0.17 -0.8 -0.74 -1.83
63 128.0 384.0 115.0 74.0 0.1 -0.18 -0.11 -0.53 -0.68 -1.58
64 118.0 373.0 113.0 69.0 0.02 -0.23 -0.07 -0.4 -0.6 -0.71
65 122.0 369.0 122.0 85.0 -0.02 -0.24 -0.07 -0.33 -0.25 -0.16
66 113.0 346.0 115.0 81.0 -0.08 -0.28 -0.11 -0.34 -0.1 0.01
67 137.0 347.0 119.0 84.0 -0.12 -0.31 -0.18 -0.13 0.09 0.01
68 137.0 371.0 119.0 94.0 -0.09 -0.33 -0.22 0.15 0.33 -0.57
69 140.0 357.0 112.0 89.0 -0.07 -0.08 -0.23 -0.01 0.38 -0.49
70 126.0 323.0 108.0 77.0 -0.01 -0.02 -0.22 0.0 0.49 -0.17
71 131.0 327.0 109.0 70.0 0.02 -0.04 -0.22 -0.11 0.55 0.13
72 169.0 309.0 108.0 76.0 0.02 0.04 -0.19 -0.54 0.57 0.22
73 197.0 325.0 102.0 68.0 -0.02 0.08 -0.16 -0.57 0.55 0.11
74 187.0 314.0 97.0 60.0 -0.02 0.06 -0.14 -0.4 0.53 -0.33
75 163.0 306.0 95.0 55.0 0.0 0.01 -0.07 -0.31 0.43 -0.38
76 158.0 339.0 94.0 51.0 0.01 0.04 0.02 -0.41 0.23 -0.22
77 140.0 311.0 94.0 46.0 0.01 0.04 0.05 -0.39 0.18 0.0
78 148.0 307.0 100.0 44.0 -0.02 0.06 0.09 -0.43 0.12 0.0
79 131.0 335.0 95.0 42.0 -0.02 0.09 0.13 -0.32 0.13 -0.02
80 118.0 309.0 97.0 43.0 -0.02 0.09 0.15 0.01 0.1 0.01
81 149.0 296.0 99.0 39.0 0.03 0.04 0.14 0.03 0.13 0.04
82 134.0 319.0 98.0 38.0 0.05 0.05 0.13 0.13 0.09 0.09
83 133.0 367.0 107.0 42.0 0.06 0.09 0.11 0.23 0.1 0.15
84 160.0 338.0 100.0 46.0 0.07 0.08 0.07 0.28 0.09 0.11
85 142.0 339.0 103.0 43.0 0.07 0.1 0.02 0.18 0.02 -0.1
86 131.0 372.0 101.0 43.0 0.08 0.11 0.01 0.16 -0.06 -0.22
87 119.0 353.0 102.0 40.0 0.1 0.09 -0.01 0.25 -0.04 -0.08
88 157.0 401.0 100.0 38.0 0.06 0.08 -0.01 -0.17 -0.03 0.0
89 168.0 396.0 97.0 39.0 0.05 0.03 -0.02 -0.05 -0.01 -0.14
90 160.0 419.0 105.0 40.0 0.01 0.05 -0.0 -0.12 0.03 -0.33
91 148.0 422.0 100.0 43.0 -0.01 0.04 0.01 0.07 0.04 -0.39
92 150.0 402.0 118.0 41.0 -0.01 0.03 0.01 0.1 -0.04 -0.52
93 152.0 370.0 122.0 37.0 0.02 -0.03 0.01 0.22 -0.01 -0.39
94 169.0 334.0 119.0 34.0 -0.02 0.04 0.03 0.16 0.0 -0.08
95 175.0 347.0 111.0 34.0 -0.04 0.07 0.02 -0.14 0.08 0.15
96 178.0 350.0 106.0 32.0 -0.08 0.06 -0.01 -0.16 0.14 0.07
97 174.0 360.0 103.0 32.0 -0.1 0.05 -0.02 -0.2 0.17 -0.17
98 178.0 357.0 98.0 31.0 -0.1 0.08 -0.02 -0.15 0.19 -0.14
99 175.0 329.0 98.0 31.0 -0.09 0.09 -0.01 -0.2 0.03 -0.19
100 182.0 309.0 101.0 32.0 -0.09 0.09 0.02 -0.02 0.08 -0.07
101 179.0 291.0 93.0 31.0 -0.09 0.09 0.03 -0.33 0.12 0.14
102 197.0 273.0 91.0 30.0 -0.09 0.08 0.05 -0.29 0.18 0.2
103 222.0 280.0 94.0 29.0 -0.08 0.04 0.04 -0.29 0.15 0.11
104 208.0 281.0 92.0 28.0 -0.07 0.04 0.03 -0.14 0.18 0.02
105 254.0 281.0 94.0 27.0 -0.05 0.08 0.03 -0.11 0.15 0.01
106 246.0 293.0 90.0 27.0 -0.06 0.09 0.01 -0.04 0.11 -0.11
107 244.0 300.0 87.0 27.0 -0.05 0.07 0.01 0.07 0.12 -0.16
108 251.0 295.0 90.0 27.0 -0.04 0.07 0.02 0.08 0.08 -0.12
109 247.0 309.0 91.0 27.0 -0.03 0.05 0.01 -0.08 0.04 0.01
110 269.0 301.0 86.0 26.0 -0.02 0.04 0.01 -0.08 0.08 -0.02
111 260.0 300.0 82.0 26.0 -0.03 0.06 0.01 -0.19 0.02 0.01
112 262.0 292.0 79.0 26.0 -0.04 0.03 -0.0 -0.09 0.06 0.0
113 256.0 310.0 76.0 26.0 -0.04 0.03 -0.0 -0.1 0.09 -0.28
114 262.0 287.0 78.0 26.0 -0.03 0.05 0.0 0.15 0.09 -0.38
115 256.0 313.0 81.0 26.0 -0.05 0.08 0.01 0.12 0.04 -0.19
116 261.0 289.0 79.0 26.0 -0.04 0.06 0.01 0.01 0.03 -0.07
117 294.0 302.0 75.0 26.0 -0.05 0.05 0.0 0.0 0.04 -0.09
118 303.0 295.0 74.0 25.0 -0.07 0.05 -0.02 -0.05 0.03 -0.09
119 281.0 307.0 77.0 25.0 -0.08 0.05 -0.02 -0.11 0.03 -0.1
120 281.0 288.0 73.0 25.0 -0.08 0.02 -0.02 -0.13 0.0 -0.16
121 279.0 305.0 78.0 25.0 -0.06 -0.01 -0.01 -0.17 0.0 -0.1
122 284.0 318.0 73.0 28.0 -0.06 0.01 -0.01 -0.16 0.0 -0.1
123 285.0 310.0 75.0 27.0 -0.06 0.07 0.0 -0.1 0.01 -0.09
124 287.0 332.0 78.0 26.0 -0.07 0.06 0.01 -0.17 0.03 -0.23
125 291.0 289.0 77.0 26.0 -0.07 0.04 0.01 -0.05 0.06 -0.2
126 286.0 304.0 81.0 26.0 -0.08 0.03 0.04 -0.21 0.06 -0.16
127 301.0 311.0 83.0 26.0 -0.09 0.03 0.05 -0.19 0.03 -0.1
128 304.0 294.0 80.0 26.0 -0.1 0.03 0.06 -0.16 0.05 -0.26
129 296.0 291.0 79.0 25.0 -0.09 0.01 0.06 -0.11 0.0 -0.19
130 296.0 301.0 77.0 25.0 -0.09 0.04 0.08 -0.08 -0.04 -0.26
131 297.0 282.0 74.0 25.0 -0.1 0.08 0.09 -0.16 -0.07 -0.23
132 302.0 270.0 71.0 25.0 -0.15 0.15 0.1 -0.26 -0.22 -0.46
133 305.0 266.0 68.0 24.0 -0.2 0.16 0.12 -0.3 -0.32 -0.64
134 303.0 244.0 68.0 27.0 -0.22 0.18 0.15 -0.42 -0.51 -0.77
135 305.0 246.0 75.0 25.0 -0.35 0.31 0.24 -0.6 -0.66 -0.86
136 302.0 231.0 70.0 24.0 -0.55 0.45 0.35 -0.83 -0.79 -1.11
137 305.0 224.0 68.0 25.0 -0.67 0.56 0.42 -0.83 -0.81 -1.36
138 304.0 242.0 66.0 24.0 -0.87 0.76 0.55 -1.17 -0.74 -2.19
139 296.0 226.0 64.0 26.0 -1.07 0.88 0.59 -0.54 -0.89 -2.48
140 298.0 228.0 69.0 25.0 -1.15 1.04 0.64 -0.76 -0.97 -2.74
141 280.0 223.0 68.0 25.0 -1.33 1.33 0.72 -0.83 -0.87 -2.72
142 281.0 211.0 67.0 25.0 -1.65 1.37 0.76 -0.81 -0.92 -2.47
143 272.0 197.0 65.0 24.0 -1.78 1.31 0.76 -0.67 -0.69 -2.35
144 265.0 195.0 64.0 24.0 -2.05 1.23 0.76 -0.53 -0.61 -2.47
145 249.0 189.0 62.0 24.0 -2.31 1.35 0.75 -0.2 -0.52 -2.25
146 239.0 228.0 60.0 24.0 -2.45 1.42 0.72 0.04 -0.62 -2.0
147 234.0 235.0 58.0 25.0 -2.73 1.42 0.62 0.82 -0.78 -1.07
148 220.0 216.0 57.0 25.0 -2.52 1.35 0.39 1.6 -0.53 -1.52
149 205.0 199.0 55.0 39.0 -2.45 1.27 0.29 1.77 -0.32 -1.89
150 185.0 178.0 60.0 44.0 -2.6 1.16 0.14 -0.54 -0.5 -1.98
151 179.0 167.0 60.0 41.0 -2.77 1.18 0.05 -0.26 -0.71 -0.24
152 164.0 158.0 57.0 38.0 -2.78 1.34 0.02 0.13 -0.81 1.75
153 157.0 141.0 54.0 36.0 -2.8 1.9 -0.05 -0.77 -0.95 2.32
154 159.0 133.0 53.0 34.0 -2.67 1.92 -0.18 -2.08 -1.37 2.36
155 159.0 120.0 52.0 32.0 -2.61 1.87 -0.31 -1.0 -1.09 2.42
156 155.0 110.0 52.0 30.0 -2.34 1.67 -0.23 -0.22 -0.44 1.61
157 185.0 106.0 61.0 27.0 -2.06 1.84 -0.45 -1.72 -1.14 0.33
158 173.0 101.0 85.0 28.0 -1.88 1.68 -0.46 -19.26 -8.14 28.42
159 176.0 97.0 93.0 27.0 1.34 -1.56 -0.99 2.84 4.11 -0.97
160 191.0 95.0 87.0 27.0 0.2 -3.42 0.06 3.49 1.16 -3.64
161 169.0 92.0 87.0 27.0 0.38 -1.47 0.15 5.65 0.53 -2.22
162 153.0 88.0 81.0 26.0 0.63 0.81 -0.11 1.37 0.89 -0.02
163 148.0 84.0 80.0 25.0 -0.1 0.16 -0.02 2.86 0.38 0.01
164 137.0 82.0 71.0 25.0 -0.21 -0.15 -0.02 1.71 0.02 0.1
165 130.0 84.0 75.0 26.0 -0.45 0.07 0.1 0.55 -0.65 -0.24
166 144.0 84.0 76.0 25.0 -0.15 0.23 0.23 -0.02 -0.24 -0.22
167 127.0 81.0 70.0 24.0 -0.0 0.38 0.21 -0.3 -0.18 0.09
168 109.0 80.0 70.0 26.0 0.06 0.51 0.1 -0.96 -0.08 -0.11
169 98.0 82.0 69.0 26.0 -0.12 0.23 0.09 -0.59 0.14 -0.18
170 87.0 85.0 67.0 25.0 -0.12 0.08 0.1 -0.54 0.0 -0.17
171 75.0 88.0 77.0 25.0 -0.04 -0.12 0.13 0.11 0.41 0.03
172 67.0 89.0 75.0 25.0 0.01 -0.11 0.07 0.19 0.35 0.11
173 57.0 91.0 70.0 24.0 -0.02 -0.04 0.05 -0.2 0.25 0.02
174 48.0 94.0 72.0 25.0 -0.04 0.07 0.01 -0.28 0.23 -0.1
175 49.0 96.0 73.0 25.0 0.06 0.11 -0.03 -0.28 0.08 -0.08
176 42.0 98.0 68.0 24.0 0.11 0.1 -0.04 -0.19 0.09 0.0
177 39.0 101.0 74.0 24.0 0.13 0.02 -0.05 0.08 0.03 -0.03
