1 42.0 192.0 75.0 22.0 0.01 -0.0 -0.01 -0.04 0.05 -0.04
2 40.0 191.0 77.0 23.0 0.0 -0.01 -0.01 -0.05 0.08 0.01
3 37.0 189.0 76.0 23.0 0.0 0.0 -0.01 -0.01 0.05 -0.02
4 60.0 188.0 72.0 23.0 0.01 0.01 -0.01 0.02 0.07 0.0
5 58.0 188.0 68.0 23.0 0.0 0.02 -0.01 -0.01 0.05 0.01
6 48.0 188.0 71.0 23.0 -0.01 0.01 -0.01 -0.04 0.07 0.02
7 46.0 190.0 73.0 24.0 -0.01 -0.02 -0.0 -0.09 0.09 0.0
8 39.0 189.0 75.0 23.0 -0.01 -0.03 -0.0 -0.06 0.1 -0.01
9 35.0 190.0 70.0 23.0 -0.0 -0.02 0.0 -0.02 0.13 -0.02
10 32.0 189.0 68.0 23.0 -0.01 -0.01 0.0 0.02 0.11 -0.01
11 35.0 189.0 66.0 23.0 -0.01 -0.01 0.01 0.0 0.07 -0.03
12 39.0 188.0 68.0 23.0 0.0 0.01 -0.0 -0.02 0.05 -0.04
13 35.0 191.0 65.0 23.0 -0.0 0.0 -0.0 -0.07 0.03 -0.01
14 58.0 189.0 68.0 24.0 -0.0 -0.0 -0.01 -0.11 0.1 0.02
15 50.0 187.0 68.0 24.0 -0.0 -0.03 -0.01 -0.04 0.09 0.07
16 52.0 187.0 64.0 23.0 -0.03 -0.04 -0.01 -0.02 0.13 0.04
17 72.0 190.0 60.0 23.0 -0.03 -0.04 -0.0 0.01 0.1 0.02
18 87.0 187.0 57.0 23.0 -0.04 -0.05 0.0 0.02 0.12 0.05
19 126.0 185.0 55.0 24.0 -0.08 -0.07 -0.01 -0.31 0.14 0.07
20 122.0 188.0 56.0 34.0 -0.11 -0.11 -0.02 -0.66 0.17 0.22
21 125.0 217.0 57.0 47.0 -0.12 -0.27 -0.02 -0.15 0.32 0.44
22 120.0 210.0 56.0 47.0 -0.15 -0.39 -0.05 0.17 0.13 0.58
23 146.0 209.0 53.0 41.0 -0.14 -0.43 -0.05 0.35 0.07 0.21
24 149.0 223.0 53.0 41.0 -0.06 -0.58 -0.03 0.29 0.02 0.13
25 138.0 227.0 53.0 39.0 0.02 -0.73 -0.04 0.0 -0.17 0.29
26 161.0 249.0 53.0 46.0 0.06 -0.81 -0.06 0.01 -0.21 0.31
27 154.0 280.0 53.0 55.0 0.15 -0.96 -0.11 -0.1 -0.52 0.49
28 187.0 281.0 54.0 49.0 0.47 -1.07 -0.24 -2.34 -1.98 0.48
29 171.0 273.0 59.0 43.0 1.0 -1.6 -0.47 0.4 -0.59 1.15
30 173.0 262.0 63.0 39.0 1.09 -1.44 -0.38 0.76 -0.53 1.87
31 214.0 267.0 66.0 36.0 1.27 -1.18 -0.34 -0.08 -0.55 2.46
32 194.0 267.0 69.0 33.0 1.45 -1.13 -0.37 -0.15 0.02 2.4
33 212.0 273.0 71.0 34.0 1.63 -0.92 -0.37 -0.2 0.01 2.65
34 270.0 260.0 84.0 38.0 1.65 -0.68 -0.34 0.27 0.24 2.68
35 248.0 251.0 87.0 38.0 1.68 -0.64 -0.34 -0.15 0.26 1.71
36 216.0 254.0 83.0 35.0 1.77 -0.75 -0.34 0.05 0.16 1.55
37 199.0 246.0 89.0 33.0 1.88 -0.75 -0.34 0.29 0.32 0.78
38 219.0 235.0 88.0 31.0 1.91 -0.67 -0.32 0.32 0.22 0.66
39 219.0 237.0 84.0 30.0 1.87 -0.55 -0.26 0.16 0.06 0.36
40 236.0 230.0 80.0 30.0 1.83 -0.53 -0.21 0.05 0.05 0.0
41 264.0 220.0 88.0 27.0 1.8 -0.55 -0.2 -0.07 -0.14 -0.13
42 253.0 208.0 108.0 49.0 1.69 -0.56 -0.16 -0.09 -0.32 -0.17
43 246.0 207.0 106.0 45.0 1.61 -0.48 -0.12 -0.06 -0.5 -0.42
44 273.0 224.0 119.0 47.0 1.59 -0.43 -0.1 0.29 -0.36 -0.73
45 262.0 221.0 115.0 48.0 1.58 -0.42 -0.08 0.12 -0.41 -0.89
46 270.0 211.0 116.0 44.0 1.52 -0.44 -0.1 -0.07 -0.34 -0.58
47 267.0 228.0 110.0 45.0 1.47 -0.45 -0.13 -0.03 -0.31 -0.47
48 280.0 246.0 109.0 45.0 1.35 -0.43 -0.17 -0.11 -0.34 -0.62
49 274.0 230.0 113.0 42.0 1.26 -0.36 -0.2 -0.19 -0.23 -0.73
50 297.0 238.0 121.0 43.0 1.23 -0.32 -0.2 -0.22 -0.35 -0.5
51 298.0 231.0 119.0 39.0 1.16 -0.36 -0.23 -0.49 -0.23 -0.54
52 331.0 223.0 115.0 38.0 1.11 -0.45 -0.21 -0.39 -0.17 -0.95
53 334.0 233.0 109.0 39.0 1.07 -0.42 -0.19 -0.35 -0.1 -1.07
54 331.0 234.0 109.0 35.0 0.98 -0.37 -0.14 -0.61 -0.12 -1.2
55 355.0 240.0 107.0 34.0 0.88 -0.37 -0.11 -0.57 -0.02 -1.29
56 317.0 244.0 109.0 38.0 0.81 -0.33 -0.09 -0.6 0.05 -1.32
57 386.0 251.0 105.0 41.0 0.65 -0.26 -0.06 -0.61 -0.05 -1.39
58 396.0 269.0 113.0 45.0 0.52 -0.31 -0.02 -0.49 0.03 -1.84
59 422.0 274.0 116.0 44.0 0.45 -0.33 0.01 -0.4 0.04 -1.8
60 428.0 285.0 123.0 48.0 0.29 -0.27 0.05 -0.45 -0.03 -1.56
61 408.0 289.0 127.0 49.0 0.11 -0.23 0.06 -0.16 0.01 -1.37
62 376.0 286.0 131.0 55.0 0.01 -0.2 0.06 -0.24 -0.04 -1.29
63 337.0 288.0 132.0 59.0 -0.1 -0.2 0.06 -0.25 -0.19 -1.39
64 353.0 295.0 133.0 55.0 -0.21 -0.14 0.07 -0.2 -0.34 -1.09
65 361.0 342.0 120.0 50.0 -0.24 -0.11 0.06 -0.35 -0.46 -0.7
66 351.0 348.0 111.0 47.0 -0.3 -0.07 0.06 -0.41 -0.44 -0.55
67 365.0 351.0 118.0 46.0 -0.31 -0.03 0.07 -0.47 -0.49 -0.32
68 322.0 347.0 120.0 51.0 -0.31 -0.03 0.07 -0.7 -0.51 -0.14
69 317.0 347.0 115.0 48.0 -0.28 -0.03 0.05 -0.56 -0.44 -0.02
70 330.0 349.0 105.0 44.0 -0.26 -0.02 0.02 -0.53 -0.32 -0.17
71 323.0 355.0 106.0 51.0 -0.25 0.01 -0.0 -0.53 -0.3 -0.23
72 334.0 361.0 102.0 47.0 -0.26 0.11 -0.02 -0.61 -0.31 -0.19
73 305.0 363.0 98.0 43.0 -0.23 0.1 -0.04 -0.29 -0.24 -0.4
74 271.0 372.0 93.0 40.0 -0.23 0.12 -0.04 -0.24 -0.31 -0.21
75 292.0 374.0 89.0 37.0 -0.21 0.14 -0.05 -0.13 -0.27 -0.03
76 342.0 359.0 93.0 34.0 -0.2 0.16 -0.04 -0.3 -0.13 -0.04
77 339.0 366.0 100.0 33.0 -0.2 0.18 -0.04 -0.23 -0.02 0.0
78 320.0 377.0 91.0 31.0 -0.2 0.18 -0.03 -0.27 0.04 0.04
79 275.0 378.0 91.0 30.0 -0.2 0.13 -0.02 -0.14 0.09 -0.16
80 275.0 363.0 94.0 29.0 -0.2 0.12 -0.01 -0.08 0.17 -0.19
81 261.0 372.0 100.0 28.0 -0.19 0.1 0.02 0.06 0.16 -0.08
82 242.0 359.0 105.0 28.0 -0.17 0.06 0.02 0.08 0.12 0.16
83 236.0 351.0 100.0 29.0 -0.16 0.06 0.02 0.14 0.16 0.13
84 221.0 358.0 94.0 30.0 -0.16 0.07 0.02 0.13 0.12 0.25
85 229.0 349.0 92.0 31.0 -0.15 0.04 -0.01 0.05 0.04 0.21
86 206.0 340.0 85.0 29.0 -0.14 0.01 -0.02 0.16 0.14 0.11
87 222.0 344.0 84.0 31.0 -0.11 0.01 -0.03 0.11 0.11 0.23
88 195.0 340.0 93.0 28.0 -0.06 0.01 -0.04 0.01 0.14 0.34
89 195.0 335.0 91.0 31.0 -0.05 0.01 -0.04 0.01 0.09 0.29
90 208.0 330.0 88.0 32.0 -0.02 0.0 -0.03 -0.14 0.07 0.22
91 238.0 327.0 85.0 32.0 0.0 0.02 -0.01 -0.23 0.1 0.18
92 233.0 308.0 105.0 33.0 0.01 0.01 -0.0 -0.25 0.1 0.03
93 248.0 316.0 112.0 89.0 0.02 -0.01 0.02 -0.13 0.12 -0.01
94 241.0 310.0 106.0 76.0 0.01 0.02 0.04 -0.09 -0.01 -0.08
95 234.0 309.0 111.0 64.0 0.02 0.03 0.06 0.03 0.02 -0.24
96 242.0 291.0 112.0 57.0 0.03 0.03 0.08 -0.1 -0.08 -0.13
97 285.0 288.0 110.0 49.0 0.06 0.0 0.08 -0.12 -0.1 0.14
98 276.0 281.0 109.0 45.0 0.06 -0.01 0.07 -0.15 -0.09 0.08
99 265.0 297.0 104.0 41.0 0.05 0.01 0.04 -0.14 0.0 -0.16
100 242.0 288.0 101.0 39.0 0.05 0.01 0.01 -0.15 0.02 -0.31
101 238.0 278.0 117.0 36.0 0.05 -0.01 -0.01 -0.13 -0.01 -0.34
102 221.0 270.0 112.0 36.0 0.04 -0.04 -0.02 0.0 0.02 -0.33
103 217.0 259.0 118.0 44.0 0.03 -0.03 -0.02 0.01 0.06 -0.31
104 191.0 257.0 109.0 40.0 0.03 -0.02 -0.03 0.02 0.02 -0.15
105 236.0 263.0 114.0 38.0 0.02 0.0 -0.02 0.01 -0.02 -0.13
106 208.0 249.0 114.0 38.0 0.03 -0.01 -0.03 -0.05 0.01 -0.14
107 201.0 242.0 108.0 34.0 0.02 0.0 -0.03 -0.06 0.07 -0.11
108 229.0 226.0 102.0 35.0 -0.0 0.03 -0.03 -0.18 0.02 -0.16
109 232.0 216.0 102.0 37.0 -0.01 0.0 -0.03 -0.22 0.01 -0.08
110 227.0 223.0 110.0 39.0 -0.01 -0.01 -0.03 -0.16 -0.02 -0.08
111 223.0 228.0 104.0 37.0 -0.01 0.01 -0.03 -0.02 0.03 -0.09
112 208.0 214.0 111.0 35.0 0.01 0.01 -0.03 0.0 -0.02 -0.05
113 188.0 205.0 106.0 32.0 0.01 0.0 -0.03 -0.11 -0.04 0.02
114 174.0 194.0 98.0 32.0 0.01 0.02 -0.02 -0.24 0.0 -0.04
115 166.0 185.0 96.0 30.0 0.0 0.06 0.0 -0.33 0.0 -0.16
116 163.0 191.0 99.0 30.0 -0.01 0.06 0.01 -0.34 -0.02 -0.23
117 175.0 189.0 98.0 29.0 -0.02 0.04 0.02 -0.27 -0.02 -0.35
118 148.0 186.0 92.0 28.0 -0.05 0.06 0.03 -0.23 -0.08 -0.47
119 138.0 172.0 89.0 27.0 -0.07 0.07 0.04 -0.16 -0.02 -0.47
120 119.0 161.0 87.0 26.0 -0.12 0.12 0.04 -0.1 -0.17 -0.67
121 98.0 150.0 83.0 26.0 -0.18 0.19 0.03 -0.12 -0.21 -0.81
122 103.0 138.0 78.0 26.0 -0.21 0.25 0.04 -0.18 -0.27 -0.98
123 91.0 136.0 74.0 26.0 -0.32 0.49 0.05 -0.4 -0.35 -1.25
124 75.0 129.0 71.0 25.0 -0.49 0.76 0.08 -0.98 -0.45 -1.68
125 69.0 118.0 69.0 25.0 -0.6 0.84 0.12 -0.92 -0.41 -1.81
126 69.0 111.0 68.0 24.0 -0.84 0.87 0.23 -0.73 -0.29 -2.08
127 65.0 103.0 66.0 24.0 -1.11 0.85 0.34 -0.78 -0.23 -2.76
128 69.0 99.0 64.0 27.0 -1.25 0.85 0.4 -0.76 -0.17 -2.87
129 70.0 93.0 65.0 28.0 -1.56 0.94 0.49 -0.43 -0.25 -2.71
130 72.0 92.0 65.0 27.0 -1.87 1.01 0.54 -0.2 -0.37 -2.3
131 80.0 93.0 66.0 27.0 -1.98 1.0 0.54 0.04 -0.29 -2.05
132 89.0 96.0 66.0 37.0 -2.17 0.92 0.49 0.01 -0.43 -1.51
133 90.0 102.0 65.0 35.0 -2.29 0.84 0.41 -0.32 -0.56 -1.1
134 89.0 134.0 66.0 32.0 -2.35 0.79 0.36 -0.25 -0.51 -1.05
135 90.0 217.0 66.0 30.0 -2.36 0.7 0.27 -0.02 -0.42 -0.44
136 98.0 291.0 65.0 30.0 -2.26 0.71 0.17 0.17 -0.59 0.01
137 103.0 254.0 65.0 30.0 -2.13 0.79 0.13 0.17 -0.56 -0.01
138 120.0 225.0 63.0 31.0 -1.88 0.99 0.07 0.14 -0.52 0.63
139 114.0 210.0 63.0 29.0 -1.78 1.09 0.03 0.09 -0.35 0.88
140 114.0 202.0 63.0 28.0 -1.76 1.02 -0.01 -0.26 -0.32 1.25
141 109.0 195.0 67.0 38.0 -1.71 0.58 -0.11 -0.86 -0.49 1.55
142 99.0 190.0 63.0 35.0 -1.45 0.14 -0.24 -0.19 -0.13 1.09
143 90.0 186.0 63.0 33.0 -1.36 0.07 -0.26 0.36 0.12 0.73
144 83.0 184.0 61.0 31.0 -1.36 0.18 -0.19 -0.06 -0.26 0.38
145 83.0 186.0 66.0 29.0 -1.28 0.2 -0.2 -0.1 0.07 -0.36
146 75.0 186.0 64.0 29.0 -1.28 0.15 -0.22 -0.51 -0.16 -0.68
147 88.0 190.0 70.0 28.0 -1.19 0.09 -0.03 -0.34 -5.4 11.91
148 94.0 190.0 78.0 28.0 0.4 1.44 0.18 1.81 -1.17 6.94
149 88.0 198.0 84.0 27.0 0.3 1.48 -0.05 -1.84 0.01 4.39
150 83.0 200.0 75.0 26.0 0.16 0.5 -0.14 -1.87 0.3 1.32
151 72.0 201.0 73.0 25.0 0.06 0.07 -0.19 -0.85 0.69 0.18
152 62.0 202.0 76.0 25.0 0.06 0.03 -0.13 0.27 0.52 -0.71
153 55.0 204.0 78.0 24.0 0.01 0.03 0.07 0.81 0.35 -0.82
154 48.0 206.0 73.0 25.0 0.03 0.1 0.17 1.49 -0.13 0.08
155 85.0 210.0 76.0 25.0 0.06 0.18 0.17 1.59 0.0 0.08
156 75.0 213.0 83.0 24.0 -0.08 0.34 0.12 0.82 -0.05 -0.17
157 73.0 216.0 82.0 24.0 -0.16 0.46 0.11 0.09 -0.05 -0.38
158 65.0 218.0 81.0 24.0 -0.16 0.51 0.11 -0.25 -0.16 -0.31
159 60.0 221.0 80.0 24.0 -0.12 0.38 0.11 -0.68 -0.11 0.12
160 51.0 223.0 76.0 24.0 -0.11 0.27 0.08 -0.64 0.16 0.32
161 46.0 225.0 81.0 23.0 -0.12 0.16 0.04 -0.63 0.16 0.24
162 41.0 225.0 87.0 24.0 -0.01 0.12 -0.0 -0.61 0.28 0.05
163 42.0 226.0 81.0 24.0 0.06 0.06 -0.02 -0.08 0.29 0.14
164 43.0 225.0 82.0 23.0 0.12 0.05 -0.04 -0.27 0.26 0.1
165 69.0 225.0 77.0 23.0 0.13 0.03 -0.05 -0.13 0.25 0.04
