1 57.0 70.0 89.0 23.0 0.02 -0.01 0.0 -0.02 0.1 -0.02
2 60.0 70.0 91.0 24.0 0.02 0.0 -0.0 -0.07 0.1 -0.04
3 58.0 71.0 95.0 24.0 -0.0 -0.02 -0.0 -0.05 0.13 0.01
4 49.0 70.0 95.0 23.0 -0.01 -0.02 -0.0 -0.06 0.11 -0.03
5 92.0 72.0 93.0 23.0 -0.01 -0.03 -0.0 -0.09 0.08 -0.04
6 82.0 70.0 91.0 24.0 0.01 -0.03 0.0 -0.04 0.07 -0.03
7 67.0 71.0 93.0 23.0 0.03 -0.03 0.0 -0.03 0.12 -0.01
8 67.0 71.0 90.0 23.0 0.03 -0.03 0.0 -0.01 0.1 0.0
9 75.0 72.0 88.0 23.0 0.03 -0.02 0.01 0.0 0.1 -0.02
10 61.0 71.0 87.0 23.0 0.03 0.0 0.0 -0.04 0.08 0.02
11 88.0 72.0 92.0 23.0 0.03 0.0 0.0 -0.02 0.15 0.04
12 77.0 71.0 88.0 24.0 -0.01 -0.03 0.01 -0.06 0.17 0.05
13 74.0 71.0 86.0 23.0 -0.01 -0.03 0.01 -0.07 0.13 0.04
14 66.0 72.0 85.0 24.0 -0.02 -0.05 0.01 -0.09 0.08 0.01
15 78.0 82.0 84.0 24.0 -0.02 -0.08 0.02 -0.15 0.06 -0.01
16 95.0 87.0 83.0 23.0 -0.02 -0.1 0.03 -0.15 0.21 0.07
17 122.0 91.0 82.0 24.0 -0.07 -0.2 0.05 -0.43 0.35 0.06
18 126.0 93.0 82.0 24.0 -0.19 -0.36 0.12 0.14 0.31 0.33
19 127.0 110.0 81.0 29.0 -0.26 -0.42 0.16 0.18 0.1 0.2
20 154.0 123.0 75.0 81.0 -0.32 -0.5 0.2 -0.27 -0.18 0.07
21 162.0 144.0 79.0 89.0 -0.38 -0.57 0.21 -0.63 -0.11 0.81
22 194.0 145.0 84.0 99.0 -0.55 -0.69 0.19 -0.47 -0.18 -0.18
23 202.0 198.0 82.0 134.0 -0.48 -0.71 0.24 -0.27 -0.5 -0.58
24 200.0 213.0 85.0 127.0 0.13 -0.67 0.13 -0.43 -0.71 -0.27
25 178.0 213.0 89.0 109.0 0.37 -0.71 0.12 -0.05 -0.49 -0.17
26 190.0 233.0 89.0 101.0 0.66 -1.01 0.16 0.31 -0.64 0.17
27 194.0 226.0 90.0 90.0 0.76 -1.22 0.25 -0.02 -0.49 0.45
28 183.0 207.0 90.0 76.0 0.81 -1.28 0.18 -0.81 -0.58 1.1
29 174.0 200.0 89.0 69.0 1.0 -1.43 0.09 -0.44 -1.57 2.34
30 214.0 215.0 92.0 61.0 1.56 -1.62 0.0 -1.34 2.18 5.27
31 222.0 232.0 90.0 52.0 1.66 -1.56 0.02 0.04 0.38 3.75
32 227.0 237.0 92.0 45.0 1.73 -1.03 0.1 -0.16 0.17 3.99
33 242.0 247.0 96.0 46.0 1.94 -0.9 0.05 0.06 0.19 4.09
34 227.0 251.0 97.0 45.0 2.08 -1.02 0.02 -0.03 0.14 3.65
35 248.0 255.0 106.0 40.0 2.26 -1.24 -0.03 0.0 0.31 3.13
36 241.0 250.0 102.0 37.0 2.31 -1.11 -0.04 0.17 0.44 1.97
37 233.0 218.0 101.0 34.0 2.28 -0.99 -0.05 0.3 0.17 1.73
38 245.0 211.0 101.0 36.0 2.19 -0.86 -0.07 0.38 0.07 1.07
39 254.0 213.0 101.0 37.0 2.16 -0.75 -0.13 0.54 -0.1 0.17
40 289.0 214.0 107.0 43.0 2.16 -0.74 -0.15 0.48 -0.36 -0.98
41 281.0 213.0 111.0 41.0 2.15 -0.72 -0.16 0.53 -0.48 -1.18
42 261.0 209.0 108.0 39.0 2.07 -0.65 -0.15 0.02 -0.74 -1.52
43 304.0 211.0 116.0 42.0 2.01 -0.59 -0.15 -0.02 -0.71 -1.61
44 264.0 212.0 114.0 50.0 1.88 -0.51 -0.17 -0.01 -0.78 -1.86
45 264.0 212.0 127.0 54.0 1.77 -0.47 -0.2 -0.04 -0.63 -2.31
46 283.0 209.0 123.0 55.0 1.67 -0.45 -0.2 -0.07 -0.93 -1.96
47 278.0 222.0 119.0 49.0 1.55 -0.47 -0.23 -0.33 -0.89 -1.57
48 325.0 224.0 119.0 46.0 1.36 -0.37 -0.24 -0.37 -1.11 -1.4
49 351.0 230.0 114.0 56.0 1.31 -0.33 -0.25 -0.35 -1.03 -1.61
50 341.0 226.0 112.0 59.0 1.21 -0.44 -0.17 -0.31 -0.97 -1.43
51 393.0 233.0 112.0 47.0 1.19 -0.61 -0.08 -0.53 -1.0 -1.1
52 359.0 246.0 110.0 49.0 1.17 -0.66 -0.04 -0.29 -0.55 -0.89
53 328.0 249.0 116.0 51.0 1.13 -0.75 -0.0 -0.17 -0.41 -0.98
54 323.0 258.0 113.0 56.0 1.05 -0.73 -0.02 0.08 -0.07 -0.97
55 310.0 254.0 108.0 55.0 1.0 -0.7 -0.05 0.01 0.1 -0.84
56 301.0 267.0 104.0 50.0 0.86 -0.64 -0.13 -0.16 0.04 -0.85
57 295.0 277.0 110.0 52.0 0.74 -0.61 -0.2 -0.16 0.23 -1.68
58 350.0 282.0 103.0 46.0 0.67 -0.58 -0.21 -0.12 0.14 -1.65
59 309.0 274.0 103.0 46.0 0.55 -0.51 -0.22 -0.58 0.14 -1.77
60 280.0 283.0 111.0 49.0 0.41 -0.39 -0.19 -0.73 0.19 -1.79
61 263.0 283.0 116.0 55.0 0.32 -0.35 -0.14 -0.96 -0.01 -1.59
62 224.0 283.0 114.0 51.0 0.2 -0.41 -0.09 -1.1 -0.03 -1.6
63 238.0 286.0 106.0 48.0 0.03 -0.38 -0.02 -1.08 -0.01 -1.69
64 240.0 284.0 103.0 48.0 -0.04 -0.37 0.01 -0.93 -0.19 -1.51
65 311.0 274.0 101.0 42.0 -0.16 -0.35 0.07 -0.85 -0.24 -1.44
66 317.0 287.0 107.0 39.0 -0.24 -0.32 0.1 -0.84 -0.4 -1.1
67 299.0 284.0 106.0 38.0 -0.27 -0.3 0.12 -0.53 -0.35 -1.13
68 306.0 282.0 103.0 35.0 -0.34 -0.17 0.15 -0.83 -0.56 -0.81
69 279.0 275.0 104.0 33.0 -0.34 -0.13 0.12 -0.91 -0.63 -0.53
70 266.0 268.0 95.0 35.0 -0.33 -0.09 0.1 -0.81 -0.48 -0.63
71 256.0 262.0 105.0 32.0 -0.35 0.04 0.07 -0.8 -0.36 -0.74
72 265.0 268.0 99.0 34.0 -0.34 0.12 0.07 -0.79 -0.34 -0.82
73 271.0 258.0 101.0 31.0 -0.33 0.12 0.06 -0.54 -0.39 -0.7
74 247.0 253.0 99.0 32.0 -0.32 0.14 0.05 -0.36 -0.26 -0.71
75 247.0 248.0 96.0 37.0 -0.3 0.21 0.02 -0.39 -0.28 -0.32
76 317.0 244.0 88.0 33.0 -0.28 0.21 -0.0 -0.39 -0.15 -0.16
77 291.0 239.0 90.0 33.0 -0.28 0.25 -0.01 -0.43 -0.05 -0.24
78 266.0 233.0 93.0 36.0 -0.27 0.25 0.0 -0.36 0.05 -0.23
79 270.0 233.0 90.0 38.0 -0.26 0.22 0.01 -0.36 -0.01 -0.25
80 266.0 229.0 83.0 37.0 -0.26 0.18 0.03 -0.05 0.02 -0.25
81 241.0 217.0 89.0 37.0 -0.22 0.15 0.05 0.03 0.02 -0.08
82 218.0 215.0 95.0 42.0 -0.2 0.13 0.05 0.07 0.05 0.2
83 244.0 213.0 93.0 39.0 -0.17 0.15 0.05 0.02 0.04 0.31
84 216.0 203.0 100.0 41.0 -0.15 0.12 0.03 -0.1 0.15 0.35
85 205.0 195.0 99.0 43.0 -0.14 0.1 0.03 -0.08 0.2 0.41
86 208.0 191.0 95.0 46.0 -0.15 0.11 0.04 0.12 0.29 0.2
87 216.0 184.0 105.0 47.0 -0.12 0.09 0.05 0.27 0.19 0.18
88 197.0 185.0 95.0 46.0 -0.1 0.06 0.05 0.26 0.1 0.28
89 231.0 181.0 94.0 51.0 -0.07 0.06 0.04 0.14 0.12 0.3
90 236.0 183.0 97.0 55.0 -0.06 0.07 0.06 0.07 0.14 0.28
91 230.0 179.0 97.0 58.0 -0.05 0.03 0.06 -0.02 0.04 0.13
92 205.0 176.0 91.0 59.0 -0.03 -0.04 0.07 0.01 0.03 -0.13
93 186.0 168.0 90.0 61.0 -0.02 -0.06 0.06 0.11 0.0 -0.14
94 167.0 165.0 95.0 60.0 -0.03 -0.04 0.06 0.06 0.05 -0.21
95 172.0 167.0 90.0 62.0 -0.06 -0.05 0.06 0.06 0.0 -0.3
96 189.0 158.0 90.0 65.0 -0.06 -0.06 0.05 0.07 -0.06 -0.32
97 199.0 155.0 88.0 61.0 -0.06 -0.04 0.05 -0.02 -0.08 -0.26
98 212.0 162.0 88.0 64.0 -0.06 -0.02 0.03 -0.03 -0.15 -0.27
99 199.0 156.0 90.0 64.0 -0.06 0.01 0.02 -0.02 -0.11 -0.24
100 218.0 150.0 84.0 65.0 -0.07 0.02 0.01 -0.13 -0.14 -0.26
101 196.0 150.0 82.0 63.0 -0.06 0.02 -0.01 -0.07 -0.08 -0.3
102 191.0 147.0 81.0 66.0 -0.07 0.05 -0.02 -0.12 -0.09 -0.33
103 181.0 140.0 83.0 70.0 -0.07 0.04 -0.03 -0.09 -0.06 -0.3
104 219.0 142.0 83.0 73.0 -0.06 0.03 -0.03 -0.11 -0.05 -0.28
105 186.0 131.0 82.0 70.0 -0.07 0.06 -0.01 -0.11 -0.06 -0.2
106 193.0 133.0 81.0 72.0 -0.07 0.05 -0.01 -0.13 -0.05 -0.22
107 167.0 125.0 81.0 75.0 -0.05 0.02 -0.0 -0.11 -0.01 -0.18
108 158.0 123.0 81.0 80.0 -0.05 0.01 0.01 -0.06 0.0 -0.11
109 158.0 128.0 77.0 77.0 -0.05 0.01 0.01 0.0 0.04 -0.09
110 141.0 122.0 75.0 84.0 -0.05 0.03 0.01 0.07 0.07 -0.11
111 142.0 121.0 81.0 79.0 -0.06 0.03 -0.01 0.12 0.08 -0.15
112 147.0 118.0 85.0 82.0 -0.06 0.04 -0.02 0.05 0.01 -0.1
113 157.0 115.0 82.0 80.0 -0.05 0.04 -0.04 0.08 -0.02 -0.07
114 179.0 116.0 77.0 78.0 -0.04 0.05 -0.06 -0.09 0.0 -0.08
115 160.0 116.0 88.0 78.0 -0.04 0.05 -0.06 -0.13 -0.01 -0.03
116 171.0 112.0 84.0 81.0 -0.04 0.02 -0.06 -0.21 -0.03 0.02
117 179.0 110.0 84.0 80.0 -0.03 0.01 -0.04 -0.26 -0.02 0.14
118 211.0 110.0 82.0 85.0 -0.03 0.0 -0.02 -0.23 -0.05 0.13
119 198.0 106.0 79.0 90.0 -0.03 -0.0 -0.0 -0.27 -0.02 0.03
120 175.0 108.0 76.0 92.0 -0.02 -0.03 0.02 -0.26 -0.09 0.0
121 159.0 104.0 76.0 89.0 -0.01 -0.05 0.03 -0.09 -0.04 -0.01
122 181.0 105.0 79.0 92.0 0.01 -0.08 0.04 -0.09 0.02 -0.07
123 153.0 99.0 78.0 95.0 0.0 -0.06 0.05 -0.04 -0.01 -0.14
124 147.0 99.0 79.0 100.0 0.0 -0.04 0.04 -0.13 -0.09 -0.19
125 136.0 97.0 79.0 98.0 -0.01 -0.01 0.04 -0.25 -0.14 -0.42
126 116.0 92.0 73.0 101.0 -0.05 0.05 0.03 -0.46 -0.23 -0.51
127 95.0 87.0 70.0 103.0 -0.07 0.06 0.03 -0.49 -0.26 -0.6
128 86.0 85.0 67.0 108.0 -0.11 0.11 0.05 -0.58 -0.39 -1.08
129 78.0 85.0 66.0 116.0 -0.2 0.26 0.09 -0.63 -0.47 -1.31
130 68.0 85.0 65.0 118.0 -0.26 0.38 0.1 -0.62 -0.51 -1.6
131 57.0 83.0 63.0 116.0 -0.43 0.74 0.16 -0.81 -0.46 -1.85
132 52.0 97.0 61.0 115.0 -0.67 1.0 0.28 -1.01 -0.33 -2.17
133 48.0 103.0 59.0 117.0 -0.79 1.01 0.33 -1.01 -0.28 -2.33
134 42.0 140.0 58.0 119.0 -1.03 0.88 0.42 -0.7 -0.01 -2.9
135 40.0 204.0 57.0 122.0 -1.27 0.93 0.48 -0.7 0.12 -3.79
136 40.0 184.0 55.0 125.0 -1.38 1.09 0.5 -0.51 0.2 -3.78
137 44.0 184.0 55.0 138.0 -1.7 1.61 0.48 -0.33 0.01 -3.19
138 44.0 182.0 53.0 133.0 -2.05 2.11 0.4 -0.09 -0.14 -2.44
139 41.0 179.0 54.0 140.0 -2.21 2.27 0.33 0.46 -0.37 -2.41
140 42.0 217.0 54.0 127.0 -2.39 2.46 0.16 0.89 -0.11 -3.08
141 46.0 196.0 56.0 143.0 -2.49 2.27 0.0 -0.03 -0.53 -3.05
142 71.0 179.0 57.0 143.0 -2.48 2.05 -0.04 -0.3 -0.84 -2.75
143 67.0 166.0 60.0 187.0 -2.4 1.32 -0.17 -0.81 -1.05 -1.49
144 62.0 161.0 63.0 179.0 -2.26 0.74 -0.28 -0.6 -1.54 0.89
145 62.0 167.0 64.0 169.0 -2.14 0.63 -0.33 -0.36 -1.47 1.29
146 68.0 162.0 66.0 144.0 -1.96 0.84 -0.36 -0.28 -1.42 1.62
147 86.0 161.0 67.0 140.0 -1.9 1.21 -0.27 -0.93 -1.29 1.71
148 112.0 159.0 69.0 144.0 -1.84 1.14 -0.24 -1.24 -1.17 1.77
149 107.0 157.0 72.0 151.0 -1.62 0.29 -0.22 -1.94 -0.95 1.66
150 90.0 157.0 74.0 148.0 -1.25 -1.04 -0.24 -0.96 -0.72 1.42
151 76.0 155.0 82.0 143.0 -1.07 -1.47 -0.24 -1.35 -0.96 1.09
152 125.0 150.0 88.0 142.0 -0.74 -1.56 -0.08 -0.16 -0.2 0.78
153 153.0 152.0 93.0 141.0 -0.92 -0.75 0.07 -0.42 -0.22 -0.01
154 158.0 153.0 92.0 140.0 -1.06 -0.45 0.21 -0.54 -0.22 -0.66
155 130.0 156.0 103.0 136.0 -1.05 -0.24 0.24 3.85 -4.55 15.98
156 108.0 160.0 114.0 130.0 0.32 2.24 0.15 2.93 -3.86 9.02
157 118.0 162.0 111.0 131.0 1.17 1.12 -0.42 1.49 -0.7 3.54
158 138.0 166.0 109.0 128.0 0.81 0.33 -0.22 -1.21 1.94 -0.44
159 160.0 169.0 110.0 127.0 0.27 0.76 -0.24 -0.2 1.31 0.33
160 133.0 173.0 113.0 123.0 0.15 0.81 -0.28 0.84 0.24 0.28
161 108.0 176.0 109.0 125.0 0.22 0.5 -0.08 1.08 0.28 0.08
162 120.0 177.0 112.0 126.0 0.12 0.59 0.11 -0.07 -0.07 0.25
163 113.0 180.0 111.0 123.0 0.18 0.64 0.07 -0.17 -0.14 -0.07
164 159.0 181.0 112.0 123.0 0.27 0.55 0.09 0.18 -0.29 -0.27
165 139.0 184.0 112.0 121.0 0.29 0.43 0.15 -0.07 -0.4 -0.47
166 114.0 184.0 112.0 121.0 0.35 0.43 0.16 0.06 -0.32 -0.45
167 102.0 186.0 113.0 120.0 0.46 0.5 0.12 -0.11 -0.18 -0.06
168 95.0 188.0 113.0 120.0 0.44 0.42 0.09 -0.28 -0.08 0.05
169 86.0 191.0 118.0 117.0 0.43 0.39 0.08 -0.56 0.15 0.16
170 75.0 194.0 121.0 114.0 0.4 0.38 0.05 -0.32 0.22 0.2
171 96.0 194.0 118.0 112.0 0.35 0.33 0.02 -0.21 0.22 0.04
172 123.0 196.0 123.0 112.0 0.34 0.32 0.0 -0.29 0.27 0.06
173 111.0 197.0 117.0 107.0 0.32 0.27 -0.02 -0.34 0.19 0.09
174 106.0 198.0 113.0 105.0 0.27 0.19 -0.02 0.0 0.01 0.07
175 99.0 197.0 111.0 105.0 0.22 0.14 0.0 0.14 -0.02 0.09
