1 68.0 133.0 83.0 29.0 0.07 -0.0 0.08 0.05 0.37 0.09
2 58.0 131.0 81.0 28.0 0.03 0.09 0.07 -0.01 0.29 0.09
3 81.0 132.0 82.0 28.0 -0.0 0.09 0.07 -0.07 0.09 0.01
4 118.0 130.0 82.0 29.0 -0.03 0.04 0.07 -0.1 0.09 0.0
5 101.0 130.0 78.0 28.0 -0.07 -0.01 0.06 0.02 0.03 0.0
6 83.0 130.0 77.0 29.0 -0.09 -0.01 0.04 -0.06 0.01 -0.01
7 70.0 130.0 80.0 29.0 -0.09 -0.01 0.02 -0.36 -0.18 -0.13
8 61.0 130.0 89.0 30.0 -0.08 -0.01 -0.02 -0.34 -0.18 -0.15
9 59.0 129.0 88.0 29.0 -0.03 -0.07 -0.06 -0.28 -0.14 -0.13
10 66.0 128.0 89.0 31.0 -0.01 -0.09 -0.08 -0.18 -0.09 -0.1
11 113.0 129.0 84.0 31.0 0.02 -0.11 -0.12 -0.22 -0.05 -0.09
12 112.0 131.0 79.0 31.0 0.05 -0.13 -0.16 -0.14 0.03 -0.03
13 97.0 131.0 77.0 31.0 0.07 -0.15 -0.16 -0.12 0.08 -0.02
14 101.0 135.0 72.0 32.0 0.08 -0.17 -0.18 -0.05 0.18 0.02
15 100.0 137.0 69.0 32.0 0.04 -0.23 -0.18 -0.04 0.27 0.01
16 134.0 137.0 69.0 42.0 0.02 -0.28 -0.16 -0.04 0.61 0.23
17 136.0 136.0 67.0 46.0 -0.09 -0.42 -0.09 -0.08 0.58 0.28
18 123.0 160.0 65.0 51.0 -0.28 -0.67 0.02 0.31 0.05 0.1
19 165.0 215.0 66.0 56.0 -0.34 -0.81 0.06 0.7 -0.23 0.03
20 191.0 228.0 64.0 52.0 -0.44 -0.92 0.14 0.86 -0.39 -0.02
21 199.0 273.0 67.0 62.0 -0.39 -1.06 0.22 1.53 -0.28 0.02
22 218.0 260.0 67.0 62.0 -0.39 -0.99 0.23 0.26 -0.54 0.44
23 212.0 295.0 66.0 53.0 -0.22 -0.9 0.17 -0.52 -0.71 0.3
24 214.0 318.0 66.0 51.0 0.19 -1.23 0.01 -0.75 -0.84 0.53
25 196.0 345.0 67.0 52.0 0.44 -1.41 -0.09 -1.46 -1.18 0.73
26 184.0 348.0 67.0 52.0 0.99 -1.55 -0.25 -5.72 -3.95 0.42
27 211.0 329.0 73.0 52.0 1.86 -2.13 -0.33 -0.82 0.57 1.97
28 199.0 328.0 84.0 53.0 1.74 -1.66 -0.27 0.69 1.07 3.59
29 198.0 312.0 84.0 55.0 1.77 -0.8 -0.08 0.22 0.58 3.97
30 218.0 308.0 92.0 65.0 1.95 -0.2 -0.12 0.3 1.3 4.24
31 211.0 291.0 93.0 62.0 2.03 -0.06 -0.14 0.49 1.59 3.35
32 187.0 257.0 103.0 65.0 2.18 -0.15 -0.19 0.72 1.69 2.61
33 205.0 253.0 103.0 65.0 2.23 -0.18 -0.21 1.15 1.53 2.29
34 244.0 275.0 103.0 67.0 2.25 -0.18 -0.23 0.69 0.86 1.6
35 240.0 260.0 107.0 66.0 2.35 -0.26 -0.22 0.59 0.63 1.13
36 276.0 271.0 108.0 75.0 2.42 -0.38 -0.19 0.88 0.46 0.54
37 314.0 273.0 124.0 74.0 2.4 -0.39 -0.16 0.64 -0.37 0.01
38 318.0 358.0 127.0 83.0 2.37 -0.44 -0.1 0.86 0.2 -0.2
39 298.0 347.0 125.0 87.0 2.22 -0.6 -0.09 0.56 -0.47 -1.41
40 364.0 345.0 140.0 98.0 2.13 -0.64 -0.05 0.03 -0.93 -1.68
41 426.0 350.0 139.0 103.0 1.97 -0.69 -0.03 0.01 -1.04 -1.65
42 432.0 354.0 139.0 105.0 1.77 -0.7 -0.0 -0.47 -1.23 -1.68
43 420.0 394.0 128.0 105.0 1.64 -0.7 0.01 -0.43 -1.17 -2.66
44 395.0 394.0 125.0 99.0 1.4 -0.77 0.06 -0.21 -1.19 -2.76
45 402.0 398.0 127.0 97.0 1.17 -0.73 0.08 -0.17 -1.36 -2.78
46 395.0 406.0 122.0 110.0 1.07 -0.69 0.08 -0.5 -1.46 -2.51
47 385.0 416.0 118.0 114.0 0.86 -0.58 0.05 -0.64 -1.45 -2.45
48 330.0 429.0 117.0 103.0 0.65 -0.53 0.01 -0.67 -1.1 -2.4
49 351.0 409.0 118.0 92.0 0.53 -0.5 0.01 -0.97 -1.09 -2.07
50 324.0 442.0 125.0 98.0 0.3 -0.36 -0.03 -1.09 -1.1 -1.86
51 352.0 442.0 125.0 97.0 0.13 -0.31 -0.04 -1.05 -0.89 -1.82
52 329.0 474.0 117.0 94.0 0.09 -0.32 -0.03 -1.12 -0.88 -1.27
53 286.0 480.0 108.0 90.0 -0.01 -0.34 -0.02 -1.03 -0.71 -1.07
54 308.0 493.0 111.0 111.0 -0.11 -0.25 -0.01 -1.07 -0.76 -0.74
55 349.0 492.0 102.0 100.0 -0.14 -0.22 -0.01 -0.9 -0.46 -0.61
56 302.0 480.0 99.0 85.0 -0.18 -0.19 -0.04 -0.95 -0.39 -0.65
57 256.0 510.0 95.0 74.0 -0.21 -0.13 -0.07 -0.52 -0.05 -0.71
58 267.0 513.0 91.0 63.0 -0.22 -0.09 -0.08 -0.69 0.01 -0.75
59 242.0 509.0 93.0 60.0 -0.25 -0.01 -0.08 -0.58 -0.01 -0.61
60 221.0 512.0 95.0 56.0 -0.28 0.05 -0.09 -0.54 0.14 -0.5
61 241.0 527.0 91.0 49.0 -0.29 0.05 -0.09 -0.54 0.09 -0.29
62 267.0 513.0 90.0 44.0 -0.31 0.09 -0.1 -0.42 0.15 -0.21
63 243.0 531.0 86.0 43.0 -0.3 0.08 -0.09 -0.29 0.18 -0.28
64 222.0 524.0 90.0 40.0 -0.29 0.08 -0.09 -0.12 0.27 -0.3
65 205.0 535.0 88.0 39.0 -0.27 0.12 -0.1 -0.14 0.27 -0.19
66 203.0 520.0 83.0 36.0 -0.28 0.13 -0.11 -0.14 0.3 -0.11
67 214.0 488.0 80.0 35.0 -0.29 0.12 -0.11 -0.08 0.26 -0.15
68 189.0 485.0 82.0 36.0 -0.3 0.1 -0.12 -0.11 0.25 -0.2
69 201.0 492.0 80.0 35.0 -0.3 0.15 -0.11 -0.11 0.18 -0.2
70 210.0 488.0 79.0 33.0 -0.29 0.17 -0.11 -0.07 0.07 -0.29
71 195.0 476.0 79.0 33.0 -0.22 0.11 -0.1 0.01 0.08 -0.07
72 188.0 458.0 76.0 31.0 -0.19 0.11 -0.1 -0.15 0.0 0.06
73 173.0 446.0 71.0 32.0 -0.18 0.12 -0.09 -0.07 -0.03 -0.11
74 158.0 438.0 69.0 30.0 -0.14 0.09 -0.09 -0.12 -0.01 -0.09
75 159.0 421.0 73.0 30.0 -0.12 0.07 -0.07 -0.18 -0.04 -0.11
76 166.0 413.0 73.0 31.0 -0.1 0.07 -0.06 -0.22 0.14 -0.11
77 144.0 380.0 74.0 35.0 -0.1 0.07 -0.01 -0.19 0.15 -0.12
78 158.0 393.0 72.0 33.0 -0.15 0.06 0.03 -0.13 0.1 -0.14
79 195.0 371.0 77.0 34.0 -0.15 0.02 0.03 0.0 0.01 -0.21
80 228.0 362.0 78.0 41.0 -0.15 0.0 0.05 -0.04 -0.03 -0.15
81 203.0 356.0 84.0 37.0 -0.1 -0.03 0.06 0.09 -0.14 0.11
82 192.0 352.0 83.0 36.0 -0.07 -0.03 0.05 0.07 -0.16 0.24
83 187.0 326.0 86.0 36.0 -0.04 -0.03 0.05 0.14 -0.12 0.23
84 194.0 322.0 84.0 34.0 -0.02 -0.04 0.03 0.18 -0.01 0.07
85 205.0 310.0 85.0 32.0 -0.02 -0.03 0.02 0.0 0.01 0.0
86 223.0 301.0 85.0 34.0 -0.02 -0.01 0.01 0.01 0.09 0.01
87 214.0 290.0 86.0 34.0 -0.03 -0.05 0.01 0.08 0.13 -0.29
88 251.0 286.0 81.0 32.0 -0.04 -0.06 0.01 0.08 0.1 -0.33
89 220.0 282.0 77.0 30.0 -0.08 -0.03 -0.01 0.03 0.05 -0.37
90 193.0 272.0 81.0 31.0 -0.1 -0.04 -0.04 0.03 -0.01 -0.45
91 168.0 257.0 81.0 29.0 -0.11 -0.03 -0.05 0.02 -0.07 -0.35
92 172.0 247.0 78.0 26.0 -0.12 0.03 -0.07 -0.09 -0.03 -0.37
93 187.0 241.0 76.0 29.0 -0.14 0.04 -0.09 -0.11 0.0 -0.4
94 201.0 229.0 75.0 28.0 -0.15 0.04 -0.09 -0.24 0.04 -0.26
95 195.0 231.0 75.0 27.0 -0.17 0.03 -0.08 -0.23 -0.01 -0.19
96 205.0 243.0 74.0 27.0 -0.18 0.03 -0.05 -0.14 -0.05 -0.28
97 176.0 226.0 74.0 27.0 -0.17 0.03 -0.04 -0.16 -0.07 -0.18
98 161.0 215.0 73.0 26.0 -0.15 0.06 -0.03 -0.21 -0.04 -0.06
99 164.0 198.0 73.0 26.0 -0.13 0.04 -0.02 -0.18 0.0 0.03
100 158.0 186.0 77.0 26.0 -0.11 0.02 -0.02 -0.21 0.01 0.0
101 138.0 175.0 76.0 26.0 -0.09 0.0 0.0 -0.2 0.06 0.08
102 128.0 167.0 77.0 26.0 -0.09 0.03 0.01 -0.13 0.09 -0.05
103 158.0 164.0 77.0 26.0 -0.08 0.03 0.02 -0.03 0.06 -0.01
104 146.0 167.0 75.0 26.0 -0.08 0.03 0.02 0.0 0.06 -0.03
105 161.0 160.0 79.0 27.0 -0.08 0.05 0.02 0.0 0.04 0.02
106 136.0 145.0 75.0 27.0 -0.07 0.04 0.02 0.05 0.05 0.05
107 152.0 136.0 71.0 27.0 -0.03 0.03 0.0 0.01 0.03 -0.06
108 166.0 142.0 70.0 26.0 -0.03 0.03 0.0 -0.17 0.02 -0.09
109 142.0 133.0 71.0 25.0 -0.04 0.03 0.01 -0.15 0.03 -0.06
110 146.0 141.0 72.0 26.0 -0.04 -0.0 0.04 -0.11 0.01 -0.14
111 133.0 140.0 71.0 26.0 -0.05 -0.01 0.05 -0.07 0.0 -0.17
112 121.0 152.0 73.0 31.0 -0.06 -0.0 0.07 -0.06 -0.04 -0.17
113 121.0 145.0 76.0 30.0 -0.05 0.0 0.08 -0.11 -0.06 -0.17
114 119.0 136.0 74.0 28.0 -0.04 -0.01 0.08 -0.05 -0.14 -0.03
115 125.0 138.0 73.0 28.0 -0.02 -0.01 0.08 -0.03 -0.18 -0.02
116 113.0 129.0 74.0 29.0 0.03 -0.03 0.06 0.09 -0.13 -0.1
117 125.0 129.0 73.0 28.0 0.04 0.01 0.04 0.04 -0.05 -0.1
118 113.0 124.0 72.0 27.0 0.04 0.04 0.02 0.05 -0.05 -0.1
119 97.0 120.0 73.0 26.0 0.02 0.05 -0.01 0.01 -0.01 -0.25
120 94.0 133.0 72.0 26.0 0.01 0.06 -0.02 0.05 0.0 -0.36
121 84.0 126.0 70.0 26.0 -0.01 0.08 -0.02 0.0 0.0 -0.42
122 75.0 119.0 69.0 26.0 -0.04 0.15 -0.03 -0.12 -0.15 -0.62
123 71.0 116.0 66.0 25.0 -0.1 0.22 -0.02 -0.27 -0.15 -0.76
124 71.0 113.0 64.0 24.0 -0.14 0.25 -0.0 -0.51 -0.25 -1.01
125 60.0 111.0 63.0 24.0 -0.26 0.36 0.06 -0.71 -0.33 -1.25
126 50.0 113.0 62.0 25.0 -0.46 0.48 0.18 -0.59 -0.24 -1.6
127 45.0 127.0 62.0 24.0 -0.59 0.54 0.25 -0.5 -0.25 -1.7
128 41.0 122.0 60.0 24.0 -0.86 0.61 0.41 -0.63 -0.25 -2.04
129 39.0 119.0 63.0 28.0 -1.14 0.64 0.55 -0.76 -0.21 -2.66
130 35.0 123.0 64.0 27.0 -1.29 0.61 0.61 -1.18 -0.21 -2.6
131 33.0 128.0 65.0 26.0 -1.63 0.28 0.81 -0.59 -0.5 -2.13
132 39.0 130.0 66.0 26.0 -1.81 -0.1 0.94 -0.28 -0.36 -1.83
133 44.0 134.0 67.0 25.0 -1.87 -0.22 1.01 -0.44 -0.18 -1.7
134 51.0 144.0 68.0 25.0 -1.99 -0.26 1.11 -0.7 0.16 -1.67
135 69.0 138.0 67.0 25.0 -2.17 -0.14 1.2 -0.99 0.42 -1.71
136 108.0 137.0 66.0 25.0 -2.29 -0.1 1.21 -1.89 0.48 -2.03
137 107.0 145.0 67.0 24.0 -2.36 -0.38 1.1 -2.86 0.22 -2.62
138 89.0 133.0 65.0 27.0 -2.33 -0.27 0.88 -0.15 -0.02 -1.89
139 77.0 140.0 68.0 26.0 -2.32 0.02 0.79 0.7 -0.12 -1.51
140 84.0 144.0 66.0 27.0 -2.19 0.48 0.6 1.36 -0.38 0.0
141 117.0 147.0 69.0 27.0 -1.97 0.54 0.38 1.35 -0.27 0.44
142 100.0 152.0 69.0 26.0 -1.91 0.57 0.27 1.22 -0.21 0.66
143 88.0 156.0 69.0 25.0 -1.8 0.63 0.06 1.1 -0.31 0.37
144 77.0 160.0 67.0 25.0 -1.69 0.94 -0.07 1.37 0.01 -0.03
145 67.0 167.0 70.0 25.0 -1.64 1.16 -0.14 1.68 0.3 -0.24
146 61.0 171.0 78.0 25.0 -1.58 1.38 -0.19 0.68 -0.57 0.23
147 57.0 176.0 78.0 24.0 -0.77 4.84 0.39 8.75 -1.27 14.96
148 84.0 176.0 97.0 24.0 0.2 4.6 -0.36 -6.06 -7.41 8.95
149 111.0 181.0 91.0 25.0 0.7 1.35 -0.81 -3.31 0.09 1.85
150 97.0 181.0 83.0 24.0 0.06 0.82 -0.58 -2.13 0.79 0.1
151 86.0 182.0 77.0 23.0 -0.11 0.99 -0.46 -2.97 1.05 -0.91
152 75.0 184.0 69.0 24.0 0.06 1.05 -0.1 -0.85 -0.81 -0.05
153 65.0 189.0 69.0 23.0 0.26 0.67 0.06 1.55 0.25 0.07
154 66.0 195.0 70.0 24.0 0.14 0.58 0.08 1.12 0.06 -0.02
155 62.0 199.0 69.0 23.0 0.04 0.28 0.06 1.44 0.02 -0.23
156 85.0 206.0 79.0 23.0 0.03 0.62 0.07 0.42 0.09 -0.4
157 74.0 212.0 75.0 24.0 0.09 0.78 0.06 0.09 0.09 -0.04
158 63.0 215.0 79.0 24.0 0.07 0.65 0.02 -0.99 0.31 0.49
159 60.0 218.0 73.0 24.0 0.01 0.13 0.01 -1.17 0.39 0.43
160 54.0 222.0 68.0 24.0 0.01 0.0 0.01 -1.11 0.46 0.26
161 50.0 225.0 68.0 23.0 0.17 -0.04 -0.02 -0.09 0.24 -0.04
162 44.0 226.0 73.0 24.0 0.27 0.15 -0.07 0.4 0.19 -0.09
163 52.0 230.0 76.0 23.0 0.28 0.23 -0.09 0.3 0.12 -0.01
164 50.0 233.0 75.0 23.0 0.21 0.14 -0.09 -0.15 0.04 0.04
165 48.0 235.0 70.0 24.0 0.23 0.06 -0.08 -0.32 0.03 -0.04
