1 31.0 72.0 58.0 25.0 0.01 -0.0 -0.01 -0.03 0.03 -0.07
2 72.0 75.0 60.0 27.0 0.02 -0.0 -0.0 -0.07 0.02 -0.02
3 68.0 77.0 58.0 26.0 0.02 -0.01 -0.01 -0.06 0.08 -0.03
4 63.0 76.0 58.0 26.0 0.02 -0.02 -0.02 -0.03 0.11 -0.03
5 56.0 75.0 64.0 25.0 0.02 -0.02 -0.03 0.0 0.12 -0.02
6 46.0 74.0 61.0 25.0 0.01 -0.02 -0.03 0.03 0.1 -0.03
7 51.0 73.0 60.0 26.0 0.01 -0.0 -0.03 -0.01 0.08 -0.03
8 46.0 73.0 57.0 26.0 0.01 0.0 -0.02 -0.07 0.07 -0.07
9 40.0 71.0 63.0 25.0 0.01 -0.0 -0.02 -0.01 0.05 -0.06
10 36.0 70.0 64.0 25.0 0.01 -0.02 -0.01 0.02 0.08 -0.06
11 36.0 70.0 64.0 24.0 -0.0 -0.02 -0.01 0.04 0.08 -0.02
12 29.0 71.0 65.0 25.0 -0.01 -0.02 -0.01 0.01 0.08 -0.04
13 28.0 70.0 61.0 25.0 -0.01 -0.01 -0.0 -0.01 0.06 -0.04
14 29.0 72.0 60.0 24.0 -0.02 -0.01 0.0 -0.03 0.07 -0.03
15 27.0 72.0 63.0 24.0 -0.02 -0.01 -0.0 -0.04 0.06 -0.04
16 31.0 72.0 61.0 24.0 -0.02 -0.02 -0.0 0.0 0.09 -0.04
17 30.0 73.0 60.0 27.0 -0.03 -0.01 -0.0 0.01 0.11 0.0
18 28.0 74.0 60.0 27.0 -0.03 -0.01 0.0 -0.01 0.08 -0.02
19 26.0 77.0 59.0 27.0 -0.05 -0.02 0.0 0.04 0.12 -0.01
20 32.0 125.0 56.0 28.0 -0.08 -0.03 0.01 0.0 0.16 0.05
21 32.0 159.0 55.0 29.0 -0.11 -0.04 0.01 0.09 0.17 0.09
22 34.0 161.0 53.0 28.0 -0.17 -0.09 0.03 0.19 0.2 0.11
23 62.0 230.0 53.0 28.0 -0.26 -0.17 0.06 0.29 0.18 0.08
24 75.0 215.0 55.0 28.0 -0.3 -0.23 0.08 0.16 0.19 0.13
25 123.0 207.0 61.0 27.0 -0.39 -0.31 0.07 0.12 -0.13 0.01
26 112.0 217.0 59.0 26.0 -0.32 -0.21 0.11 0.27 -0.15 -0.1
27 96.0 245.0 60.0 29.0 -0.25 -0.09 0.13 0.22 -0.05 0.12
28 85.0 248.0 66.0 28.0 -0.08 0.13 0.17 0.31 0.13 0.58
29 80.0 239.0 66.0 28.0 -0.03 0.26 0.17 0.07 0.25 0.93
30 90.0 266.0 62.0 26.0 0.04 0.44 0.13 -0.09 0.32 1.12
31 95.0 273.0 62.0 25.0 0.11 0.44 0.05 0.0 0.54 1.38
32 86.0 289.0 67.0 26.0 0.1 0.44 0.04 -0.32 0.22 1.46
33 86.0 301.0 64.0 23.0 0.18 0.55 -0.0 -1.19 -0.18 1.68
34 85.0 333.0 69.0 25.0 1.24 -0.41 -0.17 0.03 0.71 3.02
35 86.0 418.0 78.0 24.0 0.98 -0.5 -0.15 0.27 0.48 2.51
36 77.0 451.0 84.0 27.0 1.05 -0.23 -0.07 -0.06 0.29 2.53
37 75.0 508.0 86.0 24.0 1.24 0.13 -0.04 -0.03 0.62 2.38
38 78.0 582.0 82.0 25.0 1.34 0.23 -0.03 -0.26 0.75 2.15
39 67.0 525.0 85.0 25.0 1.44 0.21 -0.01 -0.66 0.74 1.76
40 65.0 518.0 92.0 25.0 1.43 -0.15 0.0 -0.31 0.7 1.77
41 79.0 517.0 86.0 25.0 1.42 -0.3 -0.0 -0.24 0.67 1.33
42 67.0 490.0 88.0 25.0 1.44 -0.35 -0.07 -0.38 0.35 1.19
43 66.0 573.0 96.0 29.0 1.52 -0.5 -0.11 -0.65 0.21 0.15
44 73.0 525.0 94.0 28.0 1.49 -0.71 -0.12 -0.45 -0.07 -0.3
45 69.0 485.0 112.0 27.0 1.47 -1.18 -0.13 -0.27 -0.04 -0.32
46 63.0 488.0 116.0 26.0 1.4 -1.61 -0.19 -0.47 -0.31 -0.6
47 64.0 543.0 111.0 29.0 1.46 -1.87 -0.22 -0.08 -0.39 -0.74
48 75.0 531.0 106.0 28.0 1.51 -1.97 -0.29 -0.26 -0.41 -1.2
49 88.0 521.0 106.0 34.0 1.44 -1.92 -0.27 0.18 -0.46 -1.46
50 124.0 481.0 99.0 33.0 1.39 -1.84 -0.26 -0.52 -1.06 -1.73
51 113.0 461.0 96.0 46.0 1.36 -1.92 -0.27 -0.83 -0.45 -1.66
52 104.0 474.0 96.0 98.0 1.39 -2.04 -0.26 -0.16 -0.87 -1.75
53 98.0 410.0 98.0 97.0 1.42 -1.91 -0.21 -0.58 -0.9 -2.01
54 89.0 370.0 102.0 91.0 1.43 -1.69 -0.06 -0.63 -0.86 -1.95
55 100.0 333.0 97.0 92.0 1.51 -1.68 0.04 -0.95 -0.73 -1.77
56 111.0 323.0 90.0 82.0 1.53 -1.63 0.07 -0.76 -0.7 -1.83
57 101.0 301.0 108.0 70.0 1.5 -1.48 0.14 -0.89 -0.85 -1.19
58 110.0 285.0 111.0 63.0 1.28 -1.3 0.28 -0.89 -0.86 -1.48
59 123.0 391.0 100.0 65.0 1.09 -1.22 0.35 -0.54 -0.91 -0.9
60 137.0 376.0 93.0 69.0 0.73 -1.02 0.42 -0.14 -0.62 -1.2
61 136.0 371.0 90.0 65.0 0.6 -0.77 0.43 -0.68 -0.81 -1.48
62 145.0 361.0 104.0 58.0 0.58 -0.74 0.43 -0.01 -0.66 -1.14
63 155.0 350.0 117.0 51.0 0.54 -0.56 0.45 0.0 -0.62 -0.28
64 184.0 378.0 136.0 63.0 0.47 -0.33 0.43 -0.03 -0.5 0.17
65 185.0 354.0 132.0 74.0 0.4 -0.32 0.38 0.36 -0.23 -0.69
66 173.0 325.0 138.0 75.0 0.43 -0.37 0.29 0.16 -0.32 -1.02
67 172.0 302.0 130.0 70.0 0.47 -0.23 0.32 0.45 -0.36 -0.88
68 189.0 279.0 122.0 66.0 0.52 -0.12 0.33 -0.19 0.06 0.5
69 183.0 257.0 122.0 58.0 0.55 -0.07 0.26 -0.33 0.23 0.41
70 178.0 266.0 135.0 55.0 0.41 -0.12 0.21 -0.15 0.29 -0.14
71 248.0 278.0 139.0 59.0 0.35 -0.1 0.2 -0.39 0.25 -0.4
72 218.0 278.0 175.0 61.0 0.25 -0.07 0.18 -0.33 0.3 -0.28
73 189.0 257.0 158.0 58.0 0.18 -0.14 0.15 -0.26 0.24 -0.2
74 198.0 249.0 151.0 58.0 0.14 -0.17 0.12 -0.1 0.32 -0.1
75 195.0 239.0 140.0 81.0 0.07 -0.21 0.1 -0.18 0.2 -0.16
76 167.0 227.0 126.0 79.0 -0.02 -0.17 0.09 0.01 0.1 -0.36
77 152.0 228.0 124.0 77.0 -0.05 -0.14 0.1 -0.02 0.05 -0.43
78 175.0 239.0 131.0 67.0 -0.05 -0.11 0.17 0.0 0.08 -0.49
79 239.0 220.0 145.0 71.0 -0.0 -0.1 0.21 0.11 -0.08 -0.46
80 215.0 220.0 136.0 87.0 -0.01 -0.15 0.2 -0.09 -0.17 -0.43
81 238.0 219.0 136.0 91.0 0.0 -0.36 0.19 -0.5 -0.19 -0.28
82 214.0 217.0 124.0 97.0 -0.08 -0.33 0.13 0.0 0.14 -0.59
83 206.0 219.0 113.0 90.0 -0.08 -0.33 0.1 -0.38 0.06 -0.51
84 200.0 212.0 109.0 86.0 -0.06 -0.18 0.11 -0.39 -0.02 -0.65
85 226.0 213.0 123.0 88.0 0.0 -0.08 0.14 -0.26 0.03 -0.23
86 231.0 223.0 118.0 84.0 0.03 -0.07 0.13 -0.21 0.09 -0.21
87 242.0 228.0 123.0 82.0 0.07 -0.05 0.11 -0.09 0.27 0.11
88 349.0 239.0 115.0 88.0 0.03 0.05 0.08 0.0 0.1 -0.07
89 313.0 236.0 110.0 88.0 0.04 0.03 0.07 -0.2 -0.1 -0.36
90 302.0 241.0 105.0 96.0 -0.0 0.03 0.05 0.57 0.77 -0.12
91 250.0 247.0 111.0 81.0 0.08 -0.05 -0.02 1.05 0.47 0.43
92 309.0 239.0 106.0 72.0 0.06 0.03 -0.01 0.21 0.24 -0.23
93 271.0 220.0 112.0 67.0 -0.11 0.04 -0.09 -0.2 0.2 -0.14
94 232.0 235.0 106.0 66.0 -0.16 0.07 -0.1 0.1 -0.03 -0.35
95 203.0 246.0 106.0 56.0 -0.16 0.09 -0.1 -0.29 -0.06 -0.13
96 223.0 245.0 106.0 54.0 -0.1 0.05 -0.07 -0.08 0.0 0.1
97 222.0 233.0 97.0 59.0 -0.11 0.08 -0.07 -0.19 -0.05 0.12
98 195.0 238.0 90.0 65.0 -0.12 0.06 -0.09 -0.02 -0.11 -0.33
99 182.0 239.0 88.0 62.0 -0.11 0.08 -0.06 -0.14 -0.14 -0.38
100 185.0 236.0 92.0 55.0 -0.07 0.08 -0.02 -0.15 -0.11 -0.17
101 167.0 233.0 90.0 50.0 -0.07 0.09 -0.01 -0.1 -0.11 -0.21
102 150.0 228.0 89.0 56.0 -0.08 0.06 -0.01 -0.09 -0.06 -0.24
103 165.0 224.0 83.0 56.0 -0.1 0.06 0.01 0.0 0.01 -0.2
104 146.0 221.0 82.0 54.0 -0.11 0.05 0.01 0.01 0.05 -0.22
105 163.0 215.0 85.0 49.0 -0.12 0.08 0.01 -0.04 0.08 -0.19
106 150.0 213.0 83.0 45.0 -0.12 0.06 0.0 0.03 0.09 -0.03
107 129.0 212.0 81.0 41.0 -0.12 0.05 -0.01 0.03 0.12 0.0
108 165.0 211.0 80.0 43.0 -0.11 0.08 -0.03 0.0 0.13 -0.01
109 177.0 197.0 80.0 43.0 -0.1 0.08 -0.04 0.04 0.2 -0.06
110 166.0 202.0 80.0 40.0 -0.09 0.08 -0.05 -0.09 0.19 -0.05
111 151.0 200.0 77.0 40.0 -0.06 0.05 -0.05 -0.1 0.17 -0.04
112 128.0 192.0 76.0 40.0 -0.04 0.05 -0.06 -0.17 0.13 0.05
113 117.0 184.0 73.0 48.0 -0.04 0.06 -0.06 -0.25 0.14 0.09
114 123.0 183.0 77.0 45.0 -0.05 0.05 -0.06 -0.34 0.15 0.13
115 110.0 185.0 77.0 40.0 -0.06 0.03 -0.04 -0.3 0.11 -0.27
116 120.0 175.0 76.0 37.0 -0.04 0.01 -0.03 -0.22 0.07 -0.24
117 105.0 176.0 77.0 36.0 -0.01 -0.01 0.0 -0.21 0.06 -0.12
118 95.0 172.0 77.0 47.0 -0.01 -0.02 0.01 -0.21 0.12 -0.15
119 88.0 170.0 76.0 43.0 -0.01 -0.02 0.02 -0.06 0.03 -0.14
120 89.0 172.0 79.0 40.0 0.0 0.01 0.02 -0.11 0.0 -0.11
121 153.0 169.0 80.0 39.0 0.01 0.04 0.01 -0.14 0.01 -0.05
122 186.0 169.0 87.0 38.0 0.01 0.05 -0.0 -0.15 0.02 -0.05
123 167.0 165.0 83.0 36.0 0.0 0.03 0.0 -0.15 0.04 -0.07
124 144.0 157.0 80.0 34.0 -0.01 -0.01 0.0 -0.03 0.09 -0.19
125 129.0 162.0 82.0 31.0 -0.02 -0.02 -0.0 0.06 0.07 -0.29
126 124.0 160.0 82.0 31.0 -0.02 0.0 -0.01 0.04 0.06 -0.24
127 110.0 159.0 89.0 32.0 -0.04 0.0 -0.02 0.01 0.08 -0.04
128 116.0 155.0 84.0 36.0 -0.06 0.01 -0.02 -0.02 0.03 -0.01
129 109.0 149.0 79.0 39.0 -0.05 0.01 -0.0 -0.04 -0.01 0.01
130 150.0 150.0 78.0 37.0 -0.04 -0.01 -0.0 -0.08 -0.03 -0.07
131 129.0 144.0 79.0 36.0 -0.03 -0.02 -0.0 -0.16 -0.01 0.0
132 111.0 144.0 80.0 36.0 -0.03 -0.02 -0.01 -0.15 0.0 -0.02
133 98.0 140.0 83.0 37.0 -0.04 -0.01 -0.02 -0.13 0.07 -0.12
134 110.0 137.0 81.0 35.0 -0.04 -0.01 -0.01 -0.18 0.13 -0.17
135 102.0 137.0 83.0 32.0 -0.04 0.01 0.0 -0.16 0.1 -0.12
136 98.0 134.0 79.0 33.0 -0.06 0.03 0.01 -0.15 0.03 -0.04
137 94.0 130.0 91.0 32.0 -0.08 0.05 0.01 -0.13 -0.09 -0.18
138 88.0 143.0 137.0 36.0 -0.09 0.03 0.02 -0.13 -0.09 -0.23
139 79.0 213.0 137.0 36.0 -0.1 0.06 0.03 -0.02 -0.13 -0.18
140 81.0 217.0 133.0 36.0 -0.12 0.1 0.03 0.06 -0.24 -0.21
141 77.0 226.0 143.0 36.0 -0.17 0.21 0.05 0.04 -0.23 -0.26
142 102.0 230.0 149.0 34.0 -0.16 0.31 0.08 -0.2 -0.33 -0.38
143 85.0 262.0 157.0 36.0 -0.14 0.36 0.09 -0.38 -0.27 -0.53
144 74.0 316.0 156.0 33.0 -0.09 0.44 0.1 -0.43 -0.27 -0.59
145 78.0 299.0 160.0 32.0 -0.1 0.58 0.12 -0.47 -0.31 -0.81
146 66.0 293.0 151.0 32.0 -0.12 0.69 0.12 -0.43 -0.41 -0.92
147 55.0 297.0 156.0 33.0 -0.2 0.94 0.14 -0.36 -0.39 -0.9
148 51.0 335.0 164.0 31.0 -0.3 1.2 0.12 -0.24 -0.39 -1.01
149 54.0 295.0 150.0 29.0 -0.35 1.3 0.1 -0.34 -0.52 -1.12
150 55.0 278.0 135.0 28.0 -0.55 1.4 0.06 -0.51 -0.41 -1.22
151 50.0 259.0 129.0 27.0 -0.9 1.41 -0.01 -0.9 -0.2 -1.33
152 41.0 262.0 129.0 28.0 -0.98 1.5 -0.04 -0.28 -0.44 -1.44
153 44.0 312.0 119.0 27.0 -1.14 1.47 -0.16 -0.21 -0.56 -1.48
154 45.0 336.0 111.0 26.0 -1.27 1.35 -0.21 -0.08 -0.69 -1.72
155 66.0 316.0 104.0 26.0 -1.34 1.26 -0.21 -0.4 -0.84 -2.13
156 60.0 269.0 102.0 25.0 -1.43 1.13 -0.18 -0.25 -0.55 -1.94
157 69.0 273.0 97.0 25.0 -1.59 1.26 -0.13 -0.01 -1.0 -1.38
158 83.0 238.0 87.0 25.0 -1.59 1.29 -0.08 -0.86 -0.47 -1.26
159 90.0 231.0 81.0 25.0 -1.71 1.31 -0.04 -1.05 -0.65 -1.36
160 110.0 215.0 79.0 24.0 -1.8 1.35 0.02 -1.05 -0.64 -0.79
161 93.0 202.0 77.0 24.0 -1.83 1.47 0.03 -0.94 -0.47 -0.31
162 103.0 199.0 71.0 24.0 -1.92 1.62 -0.0 -0.5 -0.07 -0.69
163 110.0 188.0 67.0 24.0 -1.96 1.92 0.03 -0.13 -0.07 -0.02
164 109.0 178.0 64.0 25.0 -2.04 2.18 0.05 0.04 0.14 -0.24
165 103.0 176.0 61.0 25.0 -2.07 2.17 0.01 -0.09 -0.19 0.12
166 95.0 171.0 62.0 24.0 -1.93 1.78 -0.02 -0.14 -0.1 0.57
167 91.0 163.0 60.0 24.0 -1.81 1.55 -0.05 -0.08 0.01 0.75
168 80.0 160.0 72.0 24.0 -1.61 1.24 -0.13 -0.01 0.02 0.71
169 70.0 159.0 76.0 24.0 -1.42 1.34 -0.15 0.49 0.01 0.98
170 61.0 156.0 80.0 25.0 -1.39 1.48 -0.17 0.19 0.11 1.48
171 55.0 154.0 90.0 24.0 -1.35 1.47 -0.26 0.0 0.13 1.63
172 48.0 155.0 84.0 25.0 -1.48 0.72 -0.39 -1.13 0.23 1.38
173 41.0 157.0 77.0 24.0 -1.46 0.09 -0.49 -0.68 -0.06 -0.19
174 44.0 155.0 73.0 24.0 -1.03 -0.58 -0.45 -0.18 1.03 -1.38
175 38.0 162.0 81.0 24.0 -0.6 -1.46 -0.58 -8.01 -4.35 12.29
176 33.0 162.0 92.0 24.0 0.52 -2.63 -0.49 5.08 1.62 1.3
177 34.0 159.0 96.0 24.0 0.35 -1.15 0.01 4.34 0.5 -0.36
178 30.0 162.0 86.0 24.0 0.57 0.43 -0.09 1.48 0.09 -0.04
179 29.0 169.0 81.0 24.0 0.51 0.53 -0.15 0.67 0.51 -0.07
180 26.0 172.0 79.0 24.0 0.16 0.22 -0.2 0.48 0.39 -0.12
181 25.0 174.0 78.0 24.0 -0.1 -0.11 -0.14 -0.03 -0.09 0.17
182 23.0 174.0 74.0 24.0 -0.12 -0.11 -0.07 -0.25 -0.34 0.05
183 21.0 174.0 76.0 23.0 0.06 -0.05 0.02 -0.27 -0.1 -0.18
184 26.0 174.0 74.0 24.0 0.14 -0.01 -0.02 -0.2 0.0 -0.03
185 24.0 174.0 74.0 24.0 0.13 -0.03 -0.03 0.01 0.12 -0.04
186 22.0 170.0 70.0 23.0 0.07 -0.05 -0.02 0.0 0.06 -0.08
187 22.0 168.0 66.0 24.0 0.13 -0.1 -0.02 -0.01 -0.03 -0.06
188 20.0 164.0 69.0 25.0 0.14 -0.12 -0.02 -0.07 -0.02 -0.01
189 21.0 160.0 70.0 24.0 0.12 -0.1 -0.02 -0.06 0.04 -0.02
190 21.0 158.0 70.0 25.0 0.11 -0.07 -0.03 -0.09 0.01 -0.05
