1 18.0 77.0 57.0 27.0 0.01 -0.02 -0.01 -0.03 0.04 0.0
2 19.0 76.0 57.0 26.0 0.01 -0.01 -0.01 -0.02 0.02 0.0
3 20.0 77.0 57.0 26.0 0.01 -0.01 -0.01 -0.06 0.03 -0.02
4 19.0 75.0 57.0 25.0 0.01 -0.01 -0.01 -0.07 0.05 -0.02
5 19.0 75.0 57.0 25.0 0.02 -0.03 -0.01 -0.07 0.08 -0.02
6 19.0 75.0 56.0 25.0 0.02 -0.03 -0.01 -0.06 0.08 -0.01
7 18.0 75.0 56.0 24.0 0.02 -0.04 -0.01 -0.01 0.06 -0.03
8 19.0 74.0 57.0 25.0 0.01 -0.03 0.0 -0.01 0.02 0.0
9 19.0 74.0 55.0 25.0 0.01 -0.03 0.0 0.01 0.06 -0.03
10 19.0 73.0 54.0 25.0 0.01 -0.01 -0.0 -0.05 0.02 -0.02
11 20.0 77.0 54.0 26.0 0.01 -0.01 -0.0 -0.05 0.04 -0.02
12 19.0 81.0 55.0 25.0 0.01 -0.01 -0.0 -0.06 0.05 -0.02
13 19.0 80.0 54.0 25.0 0.0 -0.01 0.0 -0.03 0.07 -0.02
14 20.0 85.0 54.0 27.0 0.0 -0.0 0.01 0.0 0.03 0.0
15 20.0 85.0 53.0 27.0 0.0 0.01 0.02 0.01 0.03 -0.04
16 20.0 85.0 52.0 26.0 0.01 0.02 0.04 0.07 0.04 0.0
17 19.0 125.0 53.0 25.0 0.01 0.03 0.05 0.05 0.05 -0.01
18 19.0 131.0 53.0 29.0 0.01 0.03 0.06 0.11 0.01 -0.01
19 24.0 141.0 52.0 28.0 0.0 0.05 0.08 0.03 0.03 0.0
20 23.0 171.0 52.0 27.0 0.03 0.01 0.1 0.09 0.03 0.01
21 38.0 190.0 53.0 30.0 0.06 -0.04 0.09 0.08 0.04 0.02
22 35.0 202.0 54.0 30.0 -0.02 -0.23 0.1 0.1 0.21 0.09
23 43.0 242.0 55.0 28.0 -0.13 -0.37 0.11 -0.21 0.08 0.04
24 47.0 221.0 58.0 30.0 -0.14 -0.34 0.1 -0.18 0.0 0.06
25 42.0 222.0 60.0 40.0 -0.03 -0.14 0.06 0.24 0.19 0.08
26 62.0 343.0 59.0 39.0 0.01 0.01 0.04 0.3 0.21 0.35
27 56.0 405.0 62.0 35.0 0.04 0.09 0.04 0.48 0.25 0.36
28 83.0 429.0 61.0 33.0 0.1 0.25 0.03 0.39 0.07 0.33
29 87.0 483.0 60.0 31.0 0.12 0.22 0.01 -0.42 0.08 0.46
30 72.0 468.0 68.0 41.0 0.16 0.22 0.0 -0.55 0.15 0.57
31 65.0 506.0 66.0 50.0 0.24 0.3 -0.02 -0.48 0.21 0.98
32 59.0 500.0 63.0 44.0 0.41 0.36 -0.05 -0.48 0.03 1.37
33 53.0 509.0 86.0 43.0 0.55 0.31 -0.04 -2.79 -1.53 1.15
34 45.0 479.0 83.0 38.0 1.22 -0.79 -0.06 2.02 1.04 2.56
35 44.0 442.0 77.0 35.0 1.18 -0.68 -0.03 0.29 0.64 1.61
36 39.0 436.0 77.0 32.0 1.11 -0.47 -0.01 0.17 0.73 1.8
37 37.0 450.0 79.0 31.0 1.03 0.11 -0.01 0.3 0.49 1.79
38 40.0 446.0 84.0 29.0 1.01 0.42 -0.01 0.18 0.74 1.16
39 37.0 473.0 83.0 28.0 1.01 0.4 -0.02 0.04 0.66 1.11
40 36.0 490.0 85.0 28.0 0.91 0.16 -0.04 -0.27 0.54 0.76
41 32.0 436.0 90.0 29.0 0.93 -0.26 -0.05 -0.31 0.47 0.4
42 30.0 493.0 97.0 27.0 0.93 -0.54 -0.08 -0.3 0.46 0.38
43 30.0 468.0 97.0 27.0 1.0 -1.06 -0.14 -0.07 0.2 0.45
44 36.0 462.0 90.0 28.0 0.95 -1.2 -0.13 0.29 0.28 -0.32
45 36.0 445.0 86.0 34.0 0.88 -1.19 -0.1 0.34 0.27 -0.45
46 35.0 440.0 83.0 32.0 0.76 -1.0 -0.04 0.23 0.23 -0.72
47 34.0 404.0 103.0 31.0 0.68 -1.02 -0.05 -0.1 -0.32 -0.73
48 35.0 438.0 129.0 29.0 0.69 -1.14 -0.06 0.0 0.16 -0.23
49 40.0 421.0 114.0 28.0 0.7 -1.22 -0.07 -0.13 -0.18 -0.01
50 52.0 511.0 118.0 29.0 0.68 -1.2 -0.06 -0.2 -0.18 -0.24
51 75.0 717.0 118.0 44.0 0.68 -1.18 -0.05 -0.34 -0.24 -0.36
52 74.0 673.0 105.0 41.0 0.72 -1.09 0.0 -0.35 -0.11 -0.69
53 65.0 614.0 100.0 38.0 0.77 -1.11 0.02 -0.74 -0.03 -0.98
54 63.0 521.0 96.0 39.0 0.84 -1.25 0.03 -0.31 -0.47 -0.17
55 57.0 486.0 97.0 38.0 0.83 -0.99 0.06 -0.14 -0.05 0.06
56 66.0 438.0 94.0 54.0 0.77 -0.8 0.02 -0.07 -0.14 -0.23
57 58.0 380.0 89.0 64.0 0.85 -0.81 -0.06 -0.14 -0.23 -0.05
58 53.0 350.0 83.0 56.0 0.85 -0.92 -0.06 -0.49 -0.13 0.27
59 47.0 321.0 83.0 52.0 0.89 -0.96 -0.07 -0.09 0.01 0.63
60 47.0 320.0 85.0 50.0 0.92 -1.01 -0.07 -0.62 0.01 0.55
61 52.0 298.0 82.0 44.0 0.95 -1.25 -0.04 -1.04 0.21 -1.05
62 52.0 298.0 92.0 41.0 0.93 -1.29 0.06 -0.91 -0.11 -1.37
63 50.0 267.0 89.0 48.0 0.85 -1.16 0.16 -1.29 -0.17 -0.94
64 64.0 241.0 84.0 49.0 0.75 -0.98 0.27 -1.15 -0.22 -0.17
65 64.0 261.0 88.0 60.0 0.69 -0.96 0.33 -0.93 -0.24 -0.16
66 63.0 240.0 86.0 70.0 0.66 -1.02 0.37 -0.98 -0.45 -0.25
67 62.0 215.0 84.0 66.0 0.63 -1.05 0.43 -1.05 -0.56 -0.62
68 86.0 211.0 89.0 81.0 0.63 -0.92 0.46 -0.51 -0.45 -0.16
69 80.0 216.0 94.0 88.0 0.62 -0.85 0.46 -0.68 -0.59 -0.07
70 114.0 212.0 92.0 83.0 0.58 -0.63 0.47 -0.62 -0.31 -0.09
71 159.0 203.0 94.0 84.0 0.56 -0.61 0.45 -0.73 -0.38 -0.56
72 213.0 185.0 100.0 82.0 0.56 -0.54 0.43 -0.37 -0.26 -0.93
73 195.0 189.0 99.0 75.0 0.52 -0.45 0.43 -0.56 -0.33 -1.13
74 182.0 190.0 95.0 88.0 0.51 -0.42 0.42 -0.32 -0.34 -1.12
75 174.0 191.0 87.0 81.0 0.47 -0.33 0.42 -0.31 -0.24 -0.93
76 154.0 207.0 82.0 80.0 0.39 -0.24 0.36 -0.01 -0.22 -1.09
77 155.0 252.0 79.0 86.0 0.37 -0.21 0.34 0.04 -0.13 -1.16
78 210.0 255.0 83.0 79.0 0.34 -0.15 0.27 0.11 -0.16 -1.42
79 188.0 227.0 94.0 83.0 0.38 -0.2 0.19 0.28 -0.03 -1.42
80 218.0 220.0 97.0 80.0 0.4 -0.17 0.15 0.16 0.0 -0.88
81 179.0 228.0 92.0 113.0 0.29 -0.06 0.09 0.29 0.05 -0.62
82 168.0 216.0 93.0 104.0 0.12 0.03 0.05 0.08 0.05 -0.52
83 143.0 201.0 91.0 93.0 0.03 0.1 0.04 -0.1 0.08 -0.49
84 118.0 205.0 97.0 87.0 -0.01 0.13 0.04 -0.08 0.17 -0.3
85 116.0 198.0 99.0 77.0 -0.07 0.12 0.04 -0.07 0.18 -0.15
86 106.0 215.0 94.0 83.0 -0.1 0.05 0.06 -0.37 0.29 0.0
87 101.0 216.0 94.0 81.0 -0.11 0.03 0.06 -0.29 0.29 0.11
88 161.0 196.0 90.0 70.0 -0.15 0.0 0.04 -0.03 0.24 0.14
89 151.0 195.0 84.0 62.0 -0.16 -0.03 0.04 -0.02 0.23 0.19
90 164.0 184.0 84.0 71.0 -0.15 -0.07 0.03 -0.01 0.23 0.17
91 149.0 176.0 96.0 64.0 -0.14 0.0 0.01 0.18 0.11 -0.11
92 125.0 180.0 93.0 65.0 -0.1 0.02 0.03 0.01 0.08 0.15
93 119.0 180.0 89.0 62.0 -0.07 0.0 0.01 -0.02 0.14 0.21
94 103.0 172.0 96.0 57.0 -0.08 0.03 -0.0 0.05 0.18 -0.1
95 105.0 163.0 88.0 53.0 -0.06 0.08 0.01 -0.17 0.12 -0.1
96 142.0 164.0 82.0 62.0 -0.07 0.08 0.0 -0.23 0.11 -0.01
97 131.0 158.0 83.0 66.0 -0.11 0.01 0.0 -0.22 0.07 -0.36
98 113.0 161.0 78.0 70.0 -0.11 -0.02 0.02 -0.17 0.04 -0.48
99 104.0 159.0 79.0 76.0 -0.1 -0.01 0.07 -0.22 0.05 -0.39
100 90.0 151.0 86.0 81.0 -0.1 0.0 0.08 -0.1 0.04 -0.18
101 78.0 142.0 85.0 74.0 -0.1 -0.01 0.08 -0.17 0.1 -0.08
102 72.0 145.0 85.0 68.0 -0.11 -0.0 0.06 0.0 0.11 -0.05
103 95.0 157.0 80.0 70.0 -0.12 0.0 0.02 0.02 0.12 -0.08
104 88.0 202.0 79.0 64.0 -0.1 -0.01 0.01 0.0 0.12 -0.09
105 74.0 193.0 86.0 57.0 -0.04 -0.03 -0.03 0.01 0.12 -0.11
106 66.0 181.0 87.0 58.0 0.04 -0.06 -0.07 -0.05 0.1 -0.12
107 96.0 176.0 78.0 53.0 0.06 -0.07 -0.08 -0.16 0.19 0.11
108 80.0 189.0 82.0 52.0 0.04 -0.03 -0.09 -0.2 0.2 0.11
109 71.0 187.0 81.0 51.0 0.0 0.01 -0.07 -0.23 0.12 -0.13
110 77.0 184.0 83.0 66.0 -0.0 0.01 -0.05 -0.29 0.09 -0.08
111 78.0 167.0 84.0 74.0 -0.0 -0.02 -0.02 -0.29 0.14 -0.09
112 83.0 161.0 79.0 69.0 -0.0 -0.01 0.01 -0.33 0.16 -0.12
113 110.0 158.0 77.0 62.0 -0.01 0.0 0.02 -0.21 0.1 -0.01
114 91.0 162.0 77.0 63.0 -0.02 0.02 0.04 -0.16 0.11 -0.01
115 87.0 155.0 79.0 61.0 -0.02 0.01 0.05 0.04 0.05 -0.21
116 89.0 151.0 80.0 53.0 -0.01 0.0 0.05 0.04 0.1 -0.04
117 77.0 168.0 79.0 52.0 -0.02 0.03 0.03 0.05 0.1 -0.05
118 80.0 183.0 82.0 47.0 -0.03 0.0 0.0 0.01 0.04 -0.08
119 76.0 191.0 80.0 47.0 -0.03 -0.0 -0.01 -0.03 0.03 -0.19
120 68.0 190.0 75.0 59.0 -0.03 0.01 -0.03 -0.01 0.0 -0.24
121 63.0 192.0 74.0 55.0 -0.02 0.03 -0.03 -0.12 0.05 -0.23
122 61.0 176.0 77.0 48.0 -0.02 0.02 -0.03 -0.22 0.0 -0.3
123 81.0 168.0 78.0 43.0 -0.03 0.01 -0.02 -0.19 0.01 -0.31
124 78.0 163.0 78.0 49.0 -0.03 0.04 -0.01 -0.21 0.01 -0.23
125 66.0 175.0 73.0 47.0 -0.04 0.04 0.0 -0.27 0.08 -0.16
126 55.0 162.0 70.0 44.0 -0.05 -0.0 0.01 -0.16 0.06 -0.25
127 53.0 153.0 67.0 41.0 -0.06 0.02 0.03 -0.19 0.08 -0.21
128 48.0 149.0 64.0 37.0 -0.07 0.04 0.02 -0.2 0.08 -0.17
129 44.0 155.0 67.0 34.0 -0.08 0.05 0.03 -0.15 0.1 -0.17
130 41.0 157.0 70.0 37.0 -0.08 0.04 0.03 -0.12 0.16 -0.1
131 37.0 164.0 74.0 34.0 -0.09 0.03 0.02 -0.12 0.17 -0.1
132 44.0 152.0 71.0 35.0 -0.11 0.01 -0.01 0.03 0.12 -0.23
133 57.0 174.0 72.0 33.0 -0.11 0.0 -0.01 -0.04 0.11 -0.16
134 49.0 166.0 73.0 34.0 -0.1 0.02 -0.02 0.09 0.03 -0.12
135 47.0 161.0 75.0 32.0 -0.1 0.03 -0.04 0.04 0.01 -0.11
136 42.0 154.0 76.0 31.0 -0.1 0.04 -0.07 0.0 0.02 -0.01
137 36.0 144.0 74.0 31.0 -0.11 0.04 -0.08 -0.05 0.05 -0.11
138 34.0 145.0 72.0 32.0 -0.11 0.05 -0.08 -0.08 0.04 -0.15
139 31.0 141.0 68.0 29.0 -0.13 0.1 -0.06 -0.11 0.02 -0.19
140 29.0 132.0 65.0 28.0 -0.14 0.09 -0.06 -0.19 0.02 -0.11
141 27.0 131.0 67.0 27.0 -0.13 0.07 -0.05 -0.13 0.04 -0.09
142 24.0 124.0 71.0 26.0 -0.16 0.07 -0.05 -0.13 0.05 -0.14
143 23.0 139.0 76.0 27.0 -0.17 0.06 -0.06 -0.1 0.08 -0.3
144 25.0 169.0 74.0 26.0 -0.21 0.09 -0.07 -0.12 0.09 -0.3
145 25.0 190.0 73.0 26.0 -0.25 0.15 -0.09 -0.28 0.01 -0.47
146 22.0 188.0 72.0 25.0 -0.27 0.15 -0.1 -0.15 -0.02 -0.61
147 27.0 247.0 80.0 25.0 -0.27 0.19 -0.1 -0.02 -0.05 -0.7
148 26.0 246.0 86.0 24.0 -0.22 0.4 -0.08 0.05 -0.2 -0.85
149 27.0 260.0 92.0 25.0 -0.17 0.59 -0.08 -0.01 -0.3 -0.95
150 26.0 259.0 96.0 24.0 -0.2 0.96 -0.04 0.21 -0.38 -0.52
151 46.0 361.0 97.0 26.0 -0.26 1.29 -0.03 -0.04 -0.58 -0.18
152 44.0 356.0 88.0 25.0 -0.32 1.46 -0.01 -0.38 -0.57 0.14
153 44.0 355.0 85.0 26.0 -0.41 1.8 -0.01 -0.37 -0.49 0.02
154 42.0 376.0 86.0 25.0 -0.62 1.84 -0.01 -1.39 -0.71 0.27
155 43.0 355.0 86.0 24.0 -0.64 1.79 0.0 -0.19 -0.07 -0.51
156 48.0 351.0 81.0 24.0 -0.76 1.73 -0.01 -0.87 -0.28 -0.59
157 48.0 313.0 75.0 24.0 -0.91 1.88 -0.09 -3.08 -0.64 0.44
158 42.0 304.0 69.0 24.0 -0.77 1.66 -0.13 0.31 0.82 -1.41
159 39.0 253.0 65.0 24.0 -0.83 1.23 -0.06 0.25 -0.24 -1.12
160 44.0 235.0 67.0 24.0 -0.84 1.39 0.07 -1.39 -0.43 -0.82
161 41.0 212.0 63.0 25.0 -0.81 1.15 0.05 -0.79 -0.36 -0.78
162 79.0 188.0 60.0 25.0 -0.88 1.01 0.1 0.09 -0.53 -0.93
163 83.0 169.0 59.0 25.0 -0.88 1.18 0.12 -0.89 -0.3 -1.07
164 90.0 156.0 59.0 24.0 -0.9 1.11 0.14 -0.66 -0.15 -0.87
165 113.0 138.0 59.0 24.0 -0.98 1.12 0.16 -0.42 0.1 -0.64
166 116.0 133.0 59.0 26.0 -1.1 1.24 0.19 -0.4 0.51 -0.26
167 125.0 162.0 58.0 27.0 -1.19 1.3 0.2 -0.18 0.55 -0.16
168 99.0 153.0 57.0 28.0 -1.38 1.43 0.2 0.08 0.59 -0.06
169 97.0 144.0 59.0 30.0 -1.46 1.46 0.16 0.49 0.46 -0.66
170 91.0 137.0 59.0 28.0 -1.45 1.44 0.14 0.69 0.37 -0.91
171 83.0 127.0 58.0 27.0 -1.46 1.32 0.1 0.58 -0.12 -1.25
172 71.0 117.0 56.0 42.0 -1.35 1.32 0.04 0.82 -0.28 -1.11
173 63.0 109.0 57.0 38.0 -1.29 1.37 -0.01 0.38 -0.41 -0.91
174 56.0 102.0 56.0 35.0 -1.27 1.47 -0.03 0.74 -0.47 -0.45
175 62.0 98.0 55.0 33.0 -1.3 1.6 -0.15 0.6 -0.42 0.28
176 64.0 93.0 54.0 31.0 -1.32 1.58 -0.21 0.51 -0.44 0.42
177 57.0 93.0 54.0 30.0 -1.28 1.41 -0.3 0.53 -0.25 0.72
178 53.0 88.0 52.0 29.0 -1.2 1.46 -0.4 0.55 -0.23 0.93
179 45.0 84.0 52.0 31.0 -1.14 1.59 -0.48 0.63 -0.25 0.92
180 38.0 79.0 52.0 29.0 -1.03 2.08 -0.57 0.54 -0.23 0.72
181 34.0 77.0 51.0 28.0 -0.72 2.5 -0.58 0.54 -0.88 0.63
182 33.0 76.0 50.0 27.0 -0.53 2.59 -0.68 0.91 0.9 0.7
183 29.0 76.0 49.0 26.0 -0.7 2.75 -0.93 -1.99 -0.4 1.68
184 30.0 85.0 48.0 34.0 0.44 0.43 -0.97 -5.55 1.76 -0.4
185 45.0 85.0 48.0 31.0 -0.37 -1.14 -0.08 0.94 -0.6 -2.97
186 38.0 81.0 47.0 30.0 0.52 -0.51 -0.12 2.01 -1.85 -1.43
187 34.0 80.0 48.0 28.0 1.01 0.93 -0.21 0.15 0.44 0.93
188 30.0 79.0 48.0 30.0 0.73 0.79 -0.09 0.11 0.47 0.2
189 28.0 79.0 54.0 29.0 0.34 0.12 -0.09 0.61 0.23 -0.07
190 28.0 78.0 50.0 28.0 0.11 -0.23 -0.09 -0.12 0.22 0.25
191 26.0 77.0 50.0 27.0 0.03 -0.41 -0.04 -0.32 0.19 0.16
192 24.0 75.0 49.0 27.0 0.01 -0.65 0.02 -0.63 0.09 -0.14
193 23.0 74.0 48.0 27.0 0.04 -0.75 0.02 -0.43 0.19 0.09
194 21.0 72.0 48.0 25.0 0.02 -0.78 0.02 -0.02 0.24 0.13
195 20.0 71.0 48.0 25.0 -0.05 -0.77 -0.01 0.07 0.02 0.04
196 20.0 70.0 47.0 25.0 -0.01 -0.74 -0.04 0.23 0.02 0.11
197 19.0 70.0 47.0 25.0 -0.02 -0.71 -0.04 0.26 0.0 0.13
198 26.0 71.0 48.0 24.0 -0.03 -0.61 -0.04 0.28 -0.11 0.1
199 25.0 70.0 48.0 25.0 0.02 -0.49 -0.04 0.11 -0.11 0.06
200 23.0 69.0 49.0 25.0 0.02 -0.43 -0.03 0.14 -0.07 0.04
201 21.0 68.0 49.0 24.0 0.07 -0.33 -0.03 0.03 -0.08 0.07
202 20.0 68.0 49.0 25.0 0.1 -0.29 -0.03 0.05 -0.03 0.01
203 25.0 69.0 49.0 25.0 0.11 -0.3 -0.02 0.09 0.03 0.04
204 23.0 69.0 50.0 24.0 0.1 -0.3 -0.02 0.03 0.02 0.07
205 22.0 69.0 50.0 24.0 0.07 -0.3 -0.02 0.01 0.09 0.07
206 23.0 70.0 51.0 23.0 0.06 -0.31 -0.02 0.05 0.1 0.09
207 21.0 70.0 50.0 23.0 0.03 -0.31 -0.01 -0.01 0.05 0.07
