1 29.0 77.0 47.0 24.0 -0.01 0.0 0.01 -0.04 -0.05 -0.06
2 30.0 77.0 47.0 24.0 -0.0 0.0 0.01 -0.07 -0.03 -0.06
3 29.0 77.0 46.0 24.0 -0.0 -0.0 0.01 -0.08 -0.02 -0.08
4 28.0 76.0 46.0 24.0 0.01 -0.0 0.01 -0.07 -0.03 -0.05
5 29.0 76.0 45.0 23.0 0.0 -0.01 0.01 -0.05 -0.01 0.0
6 28.0 74.0 45.0 25.0 0.0 -0.0 0.01 -0.07 0.02 -0.02
7 28.0 72.0 45.0 24.0 -0.0 0.01 0.0 -0.06 0.0 -0.05
8 30.0 71.0 45.0 23.0 0.0 0.01 -0.0 -0.1 0.01 -0.03
9 29.0 71.0 45.0 25.0 -0.0 0.0 -0.01 -0.09 -0.02 -0.02
10 28.0 72.0 47.0 34.0 -0.01 -0.01 -0.01 -0.05 -0.01 0.0
11 36.0 163.0 50.0 32.0 -0.03 -0.02 0.0 0.0 -0.05 0.05
12 37.0 196.0 49.0 34.0 -0.04 -0.02 0.01 -0.02 -0.04 0.03
13 39.0 244.0 50.0 38.0 -0.03 -0.05 0.03 -0.08 -0.13 0.01
14 44.0 256.0 51.0 47.0 -0.03 -0.11 0.08 -0.07 0.0 0.15
15 44.0 268.0 50.0 53.0 -0.05 -0.18 0.11 0.11 0.03 -0.07
16 50.0 308.0 59.0 47.0 -0.09 -0.39 0.17 0.12 0.06 -0.07
17 51.0 357.0 64.0 44.0 -0.07 -0.36 0.2 0.74 0.34 0.1
18 54.0 368.0 73.0 43.0 -0.03 -0.15 0.17 0.15 0.01 0.59
19 52.0 356.0 89.0 52.0 0.25 0.46 0.15 0.27 -0.03 0.92
20 58.0 460.0 85.0 51.0 0.52 1.02 0.17 0.73 0.34 1.16
21 58.0 489.0 90.0 68.0 0.52 1.25 0.21 0.48 0.43 0.68
22 59.0 410.0 86.0 79.0 0.39 1.26 0.15 0.28 0.26 0.69
23 67.0 395.0 87.0 68.0 0.33 0.58 -0.02 -1.31 -0.27 0.43
24 65.0 387.0 96.0 59.0 0.57 0.02 -0.1 1.97 2.02 2.97
25 66.0 382.0 123.0 59.0 0.99 -1.97 -0.11 -4.26 -0.77 2.75
26 74.0 356.0 123.0 68.0 1.23 -2.15 -0.09 0.2 0.37 3.1
27 91.0 362.0 128.0 75.0 1.33 -1.7 -0.07 -0.64 0.35 1.95
28 82.0 344.0 112.0 90.0 1.42 -1.14 0.0 -1.41 0.37 1.73
29 83.0 303.0 104.0 78.0 1.57 -1.98 0.11 -2.4 0.43 2.36
30 79.0 258.0 98.0 74.0 1.69 -2.69 0.17 -1.32 0.36 1.69
31 85.0 300.0 97.0 94.0 1.89 -3.44 0.28 -0.94 0.43 1.08
32 89.0 295.0 93.0 86.0 1.89 -2.92 0.34 -0.29 0.4 0.53
33 79.0 261.0 89.0 78.0 1.85 -2.63 0.36 -1.05 -0.06 1.3
34 81.0 262.0 86.0 66.0 1.91 -2.75 0.34 -1.05 -0.04 1.63
35 77.0 254.0 90.0 62.0 1.95 -3.12 0.3 -0.32 -0.01 0.67
36 93.0 243.0 90.0 54.0 1.96 -3.19 0.28 -0.09 -0.03 0.06
37 120.0 241.0 87.0 53.0 1.94 -2.86 0.26 -0.17 -0.12 -0.28
38 126.0 265.0 88.0 60.0 1.88 -2.29 0.23 -0.13 -0.15 -0.57
39 132.0 241.0 83.0 64.0 1.81 -2.07 0.21 -0.21 -0.51 -0.73
40 182.0 233.0 83.0 81.0 1.73 -1.74 0.18 0.31 -0.44 -1.5
41 182.0 243.0 82.0 80.0 1.65 -1.42 0.17 0.04 -0.63 -1.68
42 191.0 249.0 82.0 92.0 1.6 -1.28 0.17 -0.2 -0.94 -1.52
43 285.0 241.0 83.0 90.0 1.52 -1.15 0.11 -0.01 -0.89 -1.17
44 271.0 229.0 83.0 82.0 1.41 -0.92 0.05 0.02 -0.83 -1.63
45 276.0 232.0 83.0 92.0 1.36 -0.83 0.06 -0.11 -0.88 -1.3
46 254.0 237.0 77.0 88.0 1.27 -0.72 -0.03 -0.16 -0.89 -1.17
47 239.0 218.0 84.0 78.0 1.12 -0.66 -0.07 -0.28 -1.01 -1.47
48 265.0 202.0 82.0 67.0 1.05 -0.64 -0.08 -0.36 -1.04 -1.63
49 279.0 218.0 81.0 61.0 0.9 -0.51 -0.09 -0.58 -1.12 -1.69
50 261.0 202.0 81.0 60.0 0.75 -0.36 -0.1 -0.82 -1.13 -1.53
51 235.0 194.0 79.0 63.0 0.67 -0.36 -0.11 -0.9 -1.04 -1.32
52 220.0 176.0 76.0 63.0 0.51 -0.36 -0.09 -1.07 -1.13 -1.29
53 206.0 183.0 75.0 66.0 0.38 -0.26 -0.04 -1.17 -1.13 -1.4
54 187.0 178.0 76.0 64.0 0.32 -0.21 -0.03 -1.52 -1.17 -1.28
55 169.0 186.0 75.0 57.0 0.2 -0.13 0.01 -1.46 -1.07 -1.19
56 200.0 175.0 72.0 52.0 0.1 -0.12 0.05 -1.36 -0.88 -0.99
57 166.0 184.0 72.0 58.0 0.06 -0.13 0.06 -1.21 -0.74 -0.99
58 191.0 194.0 71.0 61.0 -0.03 -0.07 0.05 -0.98 -0.61 -1.02
59 166.0 194.0 72.0 60.0 -0.12 -0.03 0.05 -0.7 -0.51 -1.22
60 153.0 197.0 73.0 57.0 -0.16 -0.02 0.05 -0.64 -0.4 -1.27
61 165.0 191.0 70.0 63.0 -0.21 0.04 0.05 -0.55 -0.14 -1.18
62 145.0 181.0 66.0 58.0 -0.28 0.15 0.04 -0.34 -0.01 -1.06
63 130.0 192.0 66.0 59.0 -0.31 0.17 0.04 -0.21 0.06 -0.84
64 112.0 189.0 74.0 55.0 -0.33 0.14 0.05 -0.21 0.07 -0.73
65 107.0 186.0 75.0 64.0 -0.33 0.14 0.05 -0.19 0.0 -0.28
66 131.0 171.0 71.0 61.0 -0.33 0.16 0.05 -0.17 0.03 -0.22
67 117.0 165.0 69.0 56.0 -0.31 0.17 0.05 -0.19 0.12 -0.06
68 99.0 188.0 71.0 51.0 -0.28 0.18 0.06 -0.15 0.33 0.21
69 113.0 183.0 73.0 64.0 -0.27 0.18 0.07 -0.17 0.46 0.25
70 109.0 176.0 73.0 64.0 -0.24 0.17 0.08 -0.12 0.47 0.26
71 101.0 170.0 70.0 59.0 -0.22 0.18 0.09 0.0 0.48 0.3
72 88.0 166.0 67.0 64.0 -0.2 0.17 0.09 0.09 0.42 0.31
73 75.0 157.0 69.0 59.0 -0.18 0.14 0.07 0.15 0.33 0.25
74 77.0 182.0 71.0 64.0 -0.14 0.11 0.06 0.11 0.27 0.18
75 66.0 169.0 66.0 60.0 -0.13 0.11 0.06 0.11 0.3 0.15
76 71.0 159.0 65.0 55.0 -0.13 0.07 0.06 0.01 0.27 0.12
77 76.0 162.0 66.0 57.0 -0.12 0.01 0.07 -0.02 0.18 0.04
78 70.0 156.0 67.0 59.0 -0.13 0.02 0.07 -0.02 0.15 0.0
79 59.0 156.0 64.0 52.0 -0.13 0.04 0.07 0.03 0.01 -0.08
80 64.0 148.0 64.0 47.0 -0.12 0.05 0.07 -0.01 0.01 -0.02
81 57.0 157.0 63.0 44.0 -0.11 0.05 0.06 0.02 -0.03 0.05
82 65.0 154.0 63.0 41.0 -0.1 -0.0 0.05 -0.04 0.0 0.11
83 61.0 151.0 70.0 46.0 -0.08 -0.01 0.03 -0.06 0.01 -0.04
84 56.0 144.0 71.0 42.0 -0.08 -0.0 0.03 -0.05 0.02 -0.09
85 56.0 140.0 68.0 37.0 -0.06 0.01 0.02 -0.07 0.03 -0.14
86 52.0 137.0 66.0 41.0 -0.06 0.03 0.02 -0.02 0.0 -0.2
87 55.0 139.0 63.0 37.0 -0.06 0.01 0.01 -0.08 0.0 -0.22
88 65.0 146.0 60.0 35.0 -0.06 0.0 0.0 0.0 -0.01 -0.27
89 56.0 148.0 60.0 35.0 -0.07 0.01 -0.02 -0.09 0.01 -0.27
90 49.0 143.0 59.0 36.0 -0.07 0.0 -0.03 -0.09 0.04 -0.23
91 42.0 141.0 60.0 39.0 -0.07 0.0 -0.04 -0.04 0.03 -0.24
92 36.0 138.0 60.0 36.0 -0.07 0.02 -0.06 -0.15 0.03 -0.24
93 33.0 135.0 58.0 33.0 -0.07 0.03 -0.06 -0.17 0.0 -0.18
94 34.0 132.0 57.0 31.0 -0.08 0.01 -0.07 -0.13 -0.04 -0.15
95 33.0 138.0 54.0 30.0 -0.08 -0.04 -0.07 -0.05 -0.02 -0.19
96 30.0 141.0 55.0 29.0 -0.09 -0.06 -0.07 -0.04 -0.04 -0.22
97 26.0 136.0 59.0 28.0 -0.1 -0.03 -0.06 -0.43 0.11 -0.42
98 36.0 136.0 60.0 27.0 -0.09 0.01 -0.03 -0.67 0.2 -0.37
99 33.0 137.0 60.0 26.0 -0.09 0.02 -0.02 -0.55 0.17 -0.39
100 33.0 143.0 59.0 27.0 -0.11 0.04 0.01 -0.5 0.14 -0.28
101 30.0 153.0 58.0 28.0 -0.12 0.02 0.04 -0.35 0.13 -0.2
102 29.0 151.0 57.0 29.0 -0.13 0.02 0.05 -0.18 0.1 -0.26
103 26.0 146.0 58.0 29.0 -0.15 0.0 0.07 -0.19 0.06 -0.28
104 25.0 143.0 59.0 28.0 -0.12 -0.01 0.08 0.02 0.0 -0.08
105 28.0 149.0 59.0 30.0 -0.11 0.01 0.08 -0.15 -0.01 -0.08
106 30.0 148.0 63.0 34.0 -0.09 0.04 0.04 -0.08 0.0 -0.01
107 29.0 146.0 61.0 32.0 -0.08 0.08 0.01 -0.23 -0.02 0.0
108 27.0 140.0 62.0 30.0 -0.08 0.08 -0.01 -0.22 -0.04 -0.02
109 24.0 136.0 60.0 29.0 -0.06 0.07 -0.02 -0.25 0.0 -0.17
110 25.0 138.0 57.0 29.0 -0.04 0.07 -0.01 -0.2 -0.04 -0.31
111 25.0 137.0 57.0 29.0 -0.03 0.08 -0.01 -0.16 -0.08 -0.23
112 30.0 136.0 56.0 28.0 -0.06 0.01 0.0 -0.22 -0.03 -0.28
113 30.0 128.0 57.0 28.0 -0.08 -0.04 -0.01 -0.08 0.01 -0.39
114 29.0 127.0 57.0 28.0 -0.11 -0.01 -0.01 -0.17 0.04 -0.44
115 27.0 132.0 57.0 39.0 -0.14 0.05 0.0 -0.11 0.05 -0.42
116 42.0 134.0 56.0 37.0 -0.16 0.06 0.01 -0.09 0.18 -0.33
117 44.0 125.0 57.0 35.0 -0.16 0.03 0.02 -0.07 0.16 -0.32
118 38.0 118.0 57.0 33.0 -0.13 -0.03 0.0 0.05 0.1 -0.02
119 36.0 125.0 56.0 47.0 -0.11 0.02 -0.02 0.01 0.03 0.16
120 32.0 122.0 55.0 41.0 -0.1 0.04 -0.03 0.04 0.04 0.24
121 28.0 111.0 56.0 37.0 -0.06 0.06 -0.05 -0.1 0.06 0.16
122 26.0 107.0 56.0 35.0 -0.01 0.01 -0.06 -0.15 0.06 0.19
123 24.0 132.0 65.0 33.0 0.01 0.01 -0.05 -0.17 0.04 0.15
124 29.0 142.0 77.0 31.0 0.02 0.03 -0.06 -0.24 0.02 0.05
125 32.0 241.0 85.0 32.0 0.05 0.07 -0.06 -0.4 0.0 0.1
126 33.0 446.0 93.0 35.0 0.05 0.1 -0.06 -0.41 -0.04 0.05
127 55.0 516.0 104.0 39.0 0.2 0.15 -0.08 -0.22 -0.2 -0.29
128 65.0 544.0 109.0 39.0 0.39 0.21 -0.06 -0.37 -0.33 -0.98
129 68.0 505.0 114.0 35.0 0.33 0.21 -0.02 -0.45 -0.35 -1.17
130 86.0 446.0 123.0 33.0 0.1 0.25 0.1 -0.25 -0.31 -0.26
131 97.0 600.0 121.0 35.0 -0.08 0.41 0.06 -0.27 -0.41 0.43
132 107.0 565.0 114.0 34.0 -0.22 0.46 -0.02 -0.43 -0.75 0.52
133 101.0 478.0 102.0 33.0 -0.46 0.44 -0.09 -0.29 -0.06 -0.85
134 97.0 413.0 95.0 32.0 -0.52 0.31 -0.08 -0.04 0.18 -1.11
135 106.0 424.0 114.0 40.0 -0.61 0.36 -0.06 -0.22 -1.05 -0.69
136 88.0 347.0 103.0 38.0 -0.67 0.32 -0.12 -0.88 -0.2 -1.31
137 74.0 296.0 95.0 34.0 -0.86 0.61 -0.04 0.0 -0.11 -1.65
138 64.0 248.0 84.0 33.0 -0.83 0.68 -0.02 -0.37 0.01 -1.52
139 58.0 209.0 77.0 30.0 -0.83 0.9 0.12 -0.71 -0.43 -0.81
140 49.0 181.0 72.0 29.0 -0.83 0.85 0.15 -0.66 -0.46 -0.7
141 41.0 159.0 67.0 29.0 -0.87 0.88 0.18 -0.71 -0.35 -0.48
142 37.0 142.0 64.0 27.0 -1.02 0.94 0.22 -0.67 -0.27 -0.44
143 33.0 133.0 62.0 26.0 -1.22 1.04 0.24 -0.48 -0.19 -0.82
144 33.0 124.0 58.0 27.0 -1.31 1.06 0.25 -0.46 -0.22 -1.08
145 27.0 120.0 56.0 25.0 -1.42 0.95 0.25 -0.49 -0.21 -1.62
146 27.0 118.0 54.0 26.0 -1.48 0.82 0.32 -0.11 -0.37 -2.09
147 25.0 115.0 52.0 25.0 -1.5 0.82 0.36 0.0 -0.37 -2.1
148 23.0 115.0 51.0 25.0 -1.55 0.92 0.47 -0.5 -0.71 -1.88
149 22.0 113.0 52.0 26.0 -1.64 1.18 0.53 -0.49 -0.82 -1.71
150 33.0 109.0 52.0 25.0 -1.68 1.28 0.55 -0.28 -0.97 -1.4
151 34.0 111.0 51.0 24.0 -1.78 1.37 0.52 -0.12 -0.78 -1.3
152 33.0 109.0 50.0 24.0 -1.89 1.38 0.51 0.42 -0.3 -1.08
153 33.0 113.0 50.0 42.0 -1.92 1.51 0.5 0.86 0.0 -0.91
154 30.0 112.0 50.0 38.0 -2.03 2.11 0.42 1.44 0.25 -0.4
155 28.0 115.0 54.0 41.0 -2.06 2.66 0.22 1.15 0.19 0.64
156 26.0 118.0 55.0 43.0 -2.09 2.81 0.12 1.12 0.0 0.77
157 29.0 117.0 54.0 41.0 -2.02 2.75 -0.18 0.53 0.36 0.63
158 29.0 110.0 54.0 39.0 -1.85 2.3 -0.48 0.16 0.14 0.01
159 29.0 101.0 54.0 37.0 -1.7 1.93 -0.57 -0.42 -0.29 -0.51
160 25.0 93.0 56.0 33.0 -1.38 1.14 -0.62 -0.81 -0.44 -0.46
161 25.0 90.0 63.0 32.0 -1.05 1.0 -0.48 0.13 -0.52 0.02
162 23.0 88.0 62.0 30.0 -0.94 1.5 -0.31 -2.1 -0.13 0.68
163 21.0 89.0 63.0 29.0 -0.08 1.01 -0.45 -11.73 -8.23 18.7
164 20.0 87.0 68.0 28.0 0.93 -1.56 0.11 4.27 2.06 1.22
165 18.0 83.0 73.0 26.0 0.31 -0.72 -0.17 3.29 -0.64 -0.51
166 18.0 83.0 73.0 26.0 0.68 0.88 -0.02 0.33 0.83 -0.5
167 18.0 89.0 75.0 25.0 0.52 0.81 -0.17 -0.67 0.97 0.33
168 18.0 93.0 69.0 24.0 0.29 0.44 -0.19 -0.37 0.89 0.26
169 16.0 93.0 68.0 27.0 -0.02 -0.09 -0.17 -0.61 0.51 0.05
170 16.0 92.0 66.0 27.0 -0.12 -0.39 -0.15 -0.7 0.22 -0.13
171 17.0 94.0 65.0 25.0 -0.06 -0.49 -0.11 -0.45 0.02 -0.2
172 16.0 93.0 64.0 25.0 0.1 -0.56 -0.05 -0.23 0.0 -0.05
173 17.0 92.0 67.0 25.0 0.13 -0.47 -0.07 -0.1 -0.03 -0.01
174 17.0 90.0 68.0 24.0 0.12 -0.43 -0.08 -0.03 -0.1 -0.13
175 17.0 88.0 69.0 24.0 0.17 -0.44 -0.08 0.26 -0.26 -0.08
176 18.0 86.0 68.0 27.0 0.29 -0.43 -0.09 0.1 0.1 0.03
