1 27.0 161.0 74.0 26.0 -0.02 -0.04 -0.01 -0.01 0.07 -0.04
2 26.0 158.0 71.0 29.0 -0.02 -0.04 -0.01 0.0 0.05 -0.01
3 26.0 157.0 68.0 29.0 -0.02 -0.03 -0.01 -0.01 0.03 -0.01
4 24.0 156.0 64.0 27.0 -0.02 -0.03 -0.01 -0.02 0.03 -0.06
5 25.0 156.0 64.0 26.0 -0.02 -0.03 -0.01 -0.03 0.06 -0.03
6 25.0 156.0 60.0 26.0 -0.02 -0.03 -0.01 0.0 0.12 -0.02
7 26.0 156.0 60.0 27.0 -0.03 -0.03 -0.01 0.0 0.11 -0.03
8 26.0 156.0 61.0 27.0 -0.04 -0.02 -0.01 -0.02 0.07 -0.02
9 33.0 208.0 60.0 26.0 -0.05 -0.04 -0.01 0.02 0.11 0.0
10 35.0 228.0 60.0 34.0 -0.06 -0.04 -0.0 0.0 0.09 0.01
11 62.0 289.0 57.0 33.0 -0.08 -0.07 0.0 0.04 0.12 0.04
12 62.0 323.0 59.0 37.0 -0.14 -0.13 0.01 0.27 0.12 0.02
13 65.0 321.0 62.0 34.0 -0.16 -0.17 0.02 0.13 0.02 -0.02
14 78.0 313.0 68.0 32.0 -0.2 -0.22 0.02 0.01 -0.04 0.03
15 71.0 291.0 70.0 30.0 -0.2 -0.23 0.01 0.23 -0.01 0.21
16 66.0 311.0 68.0 29.0 -0.17 -0.14 0.0 0.26 0.13 0.37
17 68.0 424.0 67.0 35.0 -0.17 0.01 -0.01 0.25 0.01 0.24
18 77.0 467.0 65.0 41.0 -0.12 0.06 0.02 -0.09 0.06 0.34
19 65.0 420.0 71.0 39.0 -0.1 -0.02 0.03 0.31 0.24 0.24
20 59.0 409.0 75.0 38.0 -0.03 0.0 0.02 0.01 0.04 0.83
21 54.0 400.0 73.0 55.0 -0.01 0.26 0.03 0.07 0.32 1.32
22 50.0 462.0 71.0 54.0 0.03 0.42 0.02 0.09 0.4 1.34
23 44.0 480.0 70.0 53.0 0.14 0.64 0.02 -0.5 0.32 1.7
24 48.0 469.0 73.0 47.0 0.83 0.08 -0.29 -8.09 -6.88 2.24
25 43.0 444.0 72.0 41.0 1.79 -1.24 -0.37 1.3 2.68 3.45
26 39.0 414.0 70.0 38.0 0.85 -1.01 -0.23 0.32 0.13 1.6
27 45.0 430.0 73.0 35.0 1.05 -0.47 -0.18 0.6 0.83 1.85
28 38.0 418.0 78.0 34.0 1.06 -0.13 -0.17 0.36 0.47 2.03
29 37.0 458.0 85.0 32.0 1.21 -0.0 -0.16 0.14 0.6 2.15
30 39.0 471.0 79.0 32.0 1.24 -0.1 -0.19 -0.3 0.49 1.69
31 35.0 457.0 76.0 30.0 1.24 -0.62 -0.27 -0.34 0.37 1.49
32 36.0 457.0 79.0 59.0 1.24 -1.19 -0.38 0.01 0.4 0.58
33 39.0 478.0 83.0 53.0 1.29 -1.37 -0.45 0.75 0.43 -0.07
34 46.0 511.0 89.0 49.0 1.33 -1.08 -0.43 0.6 0.28 -0.84
35 43.0 535.0 96.0 43.0 1.3 -0.77 -0.34 0.05 -0.06 -0.64
36 42.0 509.0 106.0 40.0 1.35 -0.78 -0.32 -0.82 -0.29 -0.24
37 39.0 444.0 92.0 37.0 1.43 -0.95 -0.32 -0.87 -0.35 -0.09
38 38.0 440.0 84.0 38.0 1.43 -1.3 -0.33 -0.91 -0.45 -0.29
39 44.0 426.0 81.0 38.0 1.41 -1.36 -0.31 -0.24 -0.31 -1.18
40 45.0 371.0 78.0 37.0 1.27 -1.1 -0.18 -0.21 -0.23 -1.39
41 54.0 350.0 79.0 34.0 1.28 -0.95 -0.1 -1.07 -0.52 -1.31
42 47.0 361.0 71.0 38.0 1.31 -1.04 -0.05 -1.27 -0.65 -0.93
43 52.0 332.0 89.0 36.0 1.32 -1.13 0.02 -1.44 -0.5 -0.86
44 55.0 296.0 91.0 52.0 1.33 -1.15 0.04 -1.1 -0.44 -0.95
45 68.0 312.0 92.0 45.0 1.35 -1.21 0.04 -1.14 -0.4 -1.24
46 80.0 280.0 93.0 45.0 1.32 -1.27 0.12 -1.23 -0.47 -1.3
47 79.0 263.0 92.0 43.0 1.16 -1.2 0.21 -1.19 -0.64 -1.19
48 80.0 235.0 88.0 43.0 1.01 -1.08 0.26 -0.76 -0.52 -0.62
49 83.0 226.0 105.0 42.0 0.81 -0.86 0.33 -0.68 -0.54 -0.6
50 95.0 209.0 106.0 49.0 0.73 -0.86 0.37 -0.58 -0.49 -0.48
51 109.0 203.0 97.0 47.0 0.71 -0.89 0.39 -0.14 -0.5 -0.34
52 109.0 187.0 100.0 48.0 0.64 -0.75 0.41 0.07 -0.45 -0.39
53 105.0 196.0 99.0 59.0 0.61 -0.7 0.38 0.08 -0.32 0.05
54 109.0 192.0 107.0 52.0 0.62 -0.74 0.33 0.24 -0.16 0.46
55 111.0 193.0 120.0 62.0 0.62 -0.66 0.26 0.38 -0.13 0.51
56 113.0 193.0 115.0 67.0 0.61 -0.68 0.19 0.55 0.03 0.48
57 121.0 190.0 114.0 61.0 0.61 -0.65 0.16 0.23 0.04 -0.01
58 140.0 175.0 114.0 66.0 0.64 -0.6 0.16 0.09 0.02 -0.01
59 132.0 162.0 112.0 61.0 0.69 -0.57 0.13 -0.22 0.07 0.2
60 139.0 161.0 106.0 61.0 0.68 -0.53 0.12 -0.42 0.01 0.19
61 167.0 156.0 103.0 60.0 0.68 -0.47 0.13 -0.65 0.01 0.06
62 155.0 148.0 97.0 60.0 0.69 -0.46 0.17 -0.69 -0.03 -0.41
63 175.0 142.0 102.0 60.0 0.69 -0.46 0.19 -0.72 -0.09 -0.32
64 177.0 158.0 99.0 80.0 0.65 -0.42 0.21 -0.57 -0.1 -0.56
65 164.0 156.0 93.0 92.0 0.6 -0.46 0.23 -0.42 -0.28 -0.44
66 154.0 158.0 91.0 92.0 0.58 -0.43 0.25 -0.33 -0.27 -0.8
67 187.0 176.0 86.0 99.0 0.52 -0.35 0.25 -0.42 -0.28 -1.03
68 239.0 182.0 82.0 94.0 0.47 -0.24 0.22 -0.4 -0.27 -1.26
69 196.0 175.0 88.0 89.0 0.45 -0.17 0.21 -0.58 -0.18 -1.63
70 181.0 166.0 95.0 74.0 0.41 -0.11 0.19 -0.57 -0.33 -1.07
71 197.0 170.0 93.0 91.0 0.28 -0.03 0.16 -0.41 -0.15 -1.16
72 186.0 166.0 92.0 83.0 0.22 -0.01 0.15 -0.22 -0.11 -1.57
73 162.0 172.0 94.0 80.0 0.09 0.04 0.13 -0.35 -0.11 -1.48
74 151.0 182.0 92.0 87.0 -0.01 0.05 0.1 -0.08 -0.06 -1.26
75 214.0 179.0 93.0 80.0 -0.08 0.09 0.09 0.01 -0.12 -1.04
76 181.0 174.0 96.0 82.0 -0.18 0.11 0.07 -0.05 -0.11 -0.91
77 177.0 173.0 94.0 79.0 -0.25 0.13 0.05 0.05 -0.11 -0.81
78 159.0 178.0 96.0 93.0 -0.26 0.13 0.05 -0.03 -0.06 -0.38
79 144.0 166.0 95.0 79.0 -0.27 0.13 0.03 -0.05 -0.03 -0.21
80 144.0 164.0 89.0 71.0 -0.32 0.11 0.02 -0.14 -0.02 0.17
81 127.0 164.0 87.0 69.0 -0.35 0.14 0.03 -0.32 -0.01 0.2
82 108.0 160.0 87.0 63.0 -0.38 0.21 -0.01 -0.17 0.07 0.16
83 96.0 155.0 87.0 57.0 -0.33 0.2 0.01 -0.17 0.16 0.22
84 85.0 154.0 90.0 55.0 -0.28 0.17 0.02 -0.06 0.17 0.43
85 74.0 164.0 91.0 70.0 -0.21 0.16 0.01 -0.05 0.16 0.44
86 77.0 166.0 89.0 72.0 -0.16 0.09 -0.0 0.05 0.2 0.36
87 80.0 166.0 85.0 72.0 -0.14 0.07 -0.01 -0.11 0.14 0.18
88 70.0 157.0 83.0 65.0 -0.05 0.04 -0.01 0.12 0.18 0.48
89 64.0 156.0 84.0 68.0 -0.06 0.09 -0.02 0.09 0.18 0.18
90 79.0 163.0 83.0 66.0 -0.06 0.07 -0.03 -0.02 0.2 0.09
91 79.0 153.0 84.0 61.0 -0.07 0.05 -0.03 0.04 0.18 0.02
92 84.0 148.0 85.0 55.0 -0.07 0.01 -0.02 -0.15 0.1 -0.07
93 82.0 151.0 85.0 53.0 -0.07 -0.03 -0.01 -0.11 0.15 -0.11
94 79.0 152.0 83.0 70.0 -0.08 -0.04 0.01 -0.14 0.06 -0.08
95 70.0 152.0 83.0 67.0 -0.09 -0.03 0.02 -0.09 0.05 -0.17
96 60.0 155.0 84.0 61.0 -0.09 -0.01 0.03 -0.11 0.01 -0.13
97 58.0 159.0 84.0 57.0 -0.08 -0.01 0.04 -0.08 0.01 -0.16
98 70.0 162.0 82.0 60.0 -0.08 -0.02 0.03 -0.12 0.1 -0.16
99 89.0 154.0 83.0 55.0 -0.08 -0.03 0.02 -0.1 0.09 -0.25
100 92.0 153.0 85.0 64.0 -0.07 0.0 0.02 -0.19 0.1 -0.17
101 84.0 147.0 89.0 57.0 -0.06 0.01 0.01 -0.17 0.2 -0.05
102 74.0 150.0 88.0 56.0 -0.06 0.01 0.01 -0.14 0.19 -0.1
103 94.0 153.0 82.0 48.0 -0.05 0.02 0.0 -0.08 0.19 0.02
104 109.0 152.0 84.0 54.0 -0.04 0.02 -0.01 -0.16 0.14 0.02
105 95.0 152.0 86.0 54.0 -0.04 0.03 -0.02 -0.24 0.12 0.02
106 90.0 140.0 85.0 52.0 -0.04 0.02 -0.02 -0.2 0.15 0.09
107 80.0 134.0 83.0 47.0 -0.04 0.02 -0.02 -0.19 0.14 0.05
108 72.0 139.0 82.0 46.0 -0.04 0.04 -0.01 -0.17 0.09 -0.05
109 75.0 148.0 80.0 74.0 -0.06 0.03 -0.01 -0.2 0.07 -0.05
110 80.0 142.0 80.0 68.0 -0.05 -0.01 0.0 -0.01 0.06 -0.16
111 71.0 142.0 76.0 71.0 -0.05 -0.01 0.02 -0.09 0.0 -0.09
112 62.0 143.0 77.0 62.0 -0.02 0.01 0.03 -0.12 -0.04 0.08
113 63.0 145.0 77.0 57.0 -0.02 0.02 0.02 -0.13 -0.02 0.01
114 67.0 145.0 77.0 58.0 -0.02 -0.01 0.02 -0.02 0.05 -0.05
115 94.0 139.0 74.0 52.0 -0.02 -0.01 0.0 0.0 0.08 -0.17
116 86.0 134.0 74.0 46.0 -0.02 0.03 0.0 -0.06 0.1 -0.17
117 71.0 125.0 79.0 42.0 -0.01 0.03 0.01 -0.08 0.07 -0.1
118 59.0 122.0 79.0 44.0 -0.01 0.03 0.02 -0.05 0.08 -0.11
119 61.0 119.0 84.0 40.0 -0.01 0.04 0.01 -0.12 -0.04 -0.1
120 54.0 120.0 84.0 37.0 -0.01 0.05 0.01 -0.17 -0.07 -0.12
121 48.0 131.0 80.0 34.0 -0.03 0.07 -0.0 -0.16 -0.09 -0.12
122 44.0 160.0 82.0 33.0 -0.07 0.16 -0.03 -0.02 -0.19 -0.31
123 41.0 165.0 85.0 33.0 -0.1 0.23 -0.05 0.08 -0.26 -0.84
124 35.0 171.0 82.0 30.0 -0.11 0.43 -0.04 -0.02 -0.3 -0.83
125 31.0 171.0 79.0 29.0 -0.09 0.62 -0.0 -0.18 -0.3 -0.73
126 28.0 180.0 78.0 29.0 -0.11 0.69 0.0 -0.46 -0.46 -0.45
127 26.0 190.0 80.0 37.0 -0.15 0.69 -0.01 -0.49 -0.44 -0.43
128 25.0 218.0 82.0 38.0 -0.2 0.67 -0.03 -0.47 -0.33 -0.46
129 26.0 238.0 82.0 53.0 -0.25 0.72 -0.04 -0.44 -0.33 -0.44
130 25.0 221.0 76.0 46.0 -0.35 0.95 -0.09 -0.37 -0.32 -0.51
131 23.0 226.0 78.0 42.0 -0.42 1.17 -0.15 -0.42 -0.36 -0.64
132 22.0 268.0 73.0 38.0 -0.45 1.23 -0.17 -0.32 -0.4 -0.9
133 21.0 244.0 74.0 35.0 -0.56 1.15 -0.15 -0.67 -0.33 -1.03
134 22.0 233.0 74.0 33.0 -0.57 1.1 -0.08 -0.19 -0.65 -0.95
135 32.0 317.0 72.0 31.0 -0.65 1.12 -0.03 -0.64 -0.15 -0.93
136 35.0 316.0 78.0 30.0 -0.77 1.37 0.04 -0.51 -0.45 -0.81
137 41.0 295.0 80.0 28.0 -0.79 1.64 0.04 -0.68 -0.54 -0.84
138 54.0 334.0 77.0 30.0 -0.82 1.64 0.05 -0.39 -0.44 -0.6
139 68.0 464.0 77.0 31.0 -0.91 1.41 0.11 -0.14 -0.37 -0.58
140 60.0 415.0 73.0 29.0 -1.02 1.16 0.17 -0.63 -0.32 -0.78
141 55.0 345.0 71.0 31.0 -1.07 0.94 0.19 -0.18 -0.21 -0.84
142 46.0 317.0 67.0 28.0 -1.15 0.89 0.17 1.19 -1.02 -0.52
143 49.0 283.0 68.0 31.0 -1.27 1.17 0.03 -0.56 0.55 -0.33
144 62.0 253.0 64.0 30.0 -1.24 0.99 0.01 0.44 -0.17 -0.83
145 63.0 229.0 60.0 28.0 -1.41 0.87 0.01 0.17 0.15 -0.44
146 59.0 209.0 57.0 27.0 -1.43 0.84 -0.01 -0.43 -0.07 -0.51
147 68.0 190.0 55.0 28.0 -1.41 0.63 -0.05 0.8 0.16 -0.16
148 86.0 181.0 64.0 29.0 -1.47 0.62 -0.08 0.49 0.15 -0.07
149 82.0 171.0 67.0 28.0 -1.47 0.72 -0.08 0.12 0.06 0.18
150 100.0 162.0 69.0 27.0 -1.48 0.69 -0.1 0.15 0.37 0.61
151 94.0 149.0 71.0 26.0 -1.49 0.7 -0.11 -0.01 0.2 0.95
152 84.0 140.0 69.0 32.0 -1.52 0.87 -0.13 -0.22 0.17 0.96
153 83.0 129.0 65.0 31.0 -1.5 0.98 -0.15 -0.12 0.0 0.48
154 77.0 117.0 62.0 30.0 -1.42 1.21 -0.19 -0.06 -0.15 0.21
155 71.0 110.0 61.0 29.0 -1.31 1.33 -0.11 -0.01 0.08 -0.03
156 68.0 130.0 60.0 29.0 -1.23 1.29 -0.13 -0.04 0.06 -0.42
157 61.0 122.0 60.0 31.0 -1.09 1.09 -0.13 -0.03 0.11 -0.34
158 52.0 114.0 59.0 30.0 -0.95 0.92 -0.12 0.0 0.17 0.07
159 45.0 110.0 58.0 28.0 -0.9 0.86 -0.14 -0.07 0.09 0.35
160 38.0 109.0 58.0 34.0 -0.83 0.88 -0.21 0.09 -0.07 0.55
161 35.0 108.0 57.0 32.0 -0.76 1.13 -0.25 -0.06 -0.06 0.49
162 30.0 108.0 56.0 30.0 -0.74 1.25 -0.26 -0.03 0.02 -0.08
163 29.0 108.0 56.0 33.0 -0.71 1.26 -0.33 -0.15 -0.01 -0.4
164 27.0 109.0 58.0 32.0 -0.77 0.97 -0.4 0.2 0.08 -0.94
165 24.0 106.0 60.0 34.0 -0.79 0.85 -0.44 0.75 0.03 -1.65
166 22.0 106.0 60.0 32.0 -0.87 1.04 -0.44 1.09 0.48 -2.69
167 30.0 112.0 65.0 33.0 -0.56 0.23 -0.51 -9.93 -5.74 13.0
168 29.0 114.0 63.0 31.0 0.22 -1.43 -0.55 1.5 2.35 4.41
169 26.0 111.0 63.0 29.0 0.66 -1.76 0.0 4.03 0.64 1.5
170 25.0 107.0 62.0 29.0 0.58 0.52 0.02 0.28 0.38 -0.56
171 23.0 109.0 62.0 27.0 0.62 0.68 -0.05 0.31 0.53 -0.48
172 24.0 110.0 61.0 32.0 0.42 0.11 -0.18 0.0 0.37 0.2
173 24.0 109.0 61.0 31.0 0.29 -0.14 -0.22 -0.28 0.24 0.39
174 22.0 107.0 60.0 30.0 0.22 -0.22 -0.19 -0.3 0.07 -0.01
