1 18.0 85.0 68.0 24.0 0.0 -0.01 0.0 -0.09 0.11 0.03
2 19.0 87.0 67.0 24.0 0.01 -0.02 0.0 -0.12 0.11 -0.02
3 18.0 88.0 71.0 24.0 0.01 -0.06 -0.01 -0.08 0.12 0.0
4 19.0 90.0 69.0 24.0 0.01 -0.09 -0.01 -0.08 0.12 0.0
5 19.0 91.0 69.0 24.0 -0.01 -0.15 -0.01 -0.07 0.08 0.0
6 20.0 93.0 71.0 24.0 -0.02 -0.19 -0.01 -0.05 0.05 0.0
7 20.0 93.0 71.0 24.0 -0.02 -0.2 -0.0 -0.02 0.02 -0.01
8 21.0 94.0 68.0 24.0 0.01 -0.22 0.01 -0.08 0.0 0.02
9 21.0 95.0 66.0 23.0 0.03 -0.23 0.03 -0.03 0.09 0.02
10 19.0 95.0 70.0 24.0 0.02 -0.23 0.02 0.0 0.08 0.01
11 22.0 93.0 69.0 23.0 0.01 -0.23 0.01 0.0 0.08 0.02
12 22.0 92.0 71.0 24.0 0.02 -0.21 0.0 0.06 0.1 0.04
13 22.0 92.0 69.0 24.0 0.02 -0.19 -0.0 0.04 0.06 0.05
14 22.0 91.0 67.0 24.0 0.02 -0.15 -0.01 0.07 0.07 0.04
15 22.0 93.0 65.0 23.0 -0.0 -0.11 -0.01 0.04 0.04 0.01
16 23.0 93.0 67.0 23.0 -0.0 -0.1 -0.01 0.03 0.05 0.03
17 22.0 93.0 71.0 24.0 -0.0 -0.08 -0.0 0.05 0.1 0.02
18 24.0 92.0 72.0 24.0 -0.02 -0.06 -0.0 0.1 0.11 0.07
19 23.0 96.0 72.0 26.0 -0.03 -0.06 0.0 0.11 0.12 0.06
20 22.0 106.0 71.0 29.0 -0.06 -0.05 0.01 0.11 0.1 0.06
21 27.0 112.0 69.0 36.0 -0.08 -0.03 0.01 -0.01 0.1 0.08
22 37.0 142.0 67.0 60.0 -0.09 -0.03 0.01 -0.07 0.1 0.12
23 51.0 191.0 64.0 53.0 -0.16 -0.09 0.03 0.0 0.11 0.07
24 74.0 189.0 62.0 46.0 -0.22 -0.23 0.07 0.33 0.0 0.04
25 97.0 206.0 68.0 64.0 -0.2 -0.3 0.09 0.18 -0.08 0.03
26 92.0 192.0 70.0 88.0 -0.1 -0.25 0.12 -0.09 0.0 0.16
27 94.0 199.0 69.0 74.0 -0.0 -0.06 0.08 0.28 -0.05 0.77
28 100.0 201.0 65.0 69.0 0.03 -0.03 0.04 0.23 0.2 0.86
29 85.0 227.0 61.0 59.0 0.03 -0.03 0.01 0.07 0.33 1.12
30 82.0 269.0 61.0 74.0 0.02 -0.09 0.03 -0.56 0.4 1.3
31 69.0 274.0 69.0 66.0 0.0 -0.15 0.05 -0.5 0.52 1.41
32 65.0 285.0 71.0 56.0 -0.01 -0.26 0.09 -1.29 -0.23 1.7
33 58.0 291.0 69.0 49.0 0.77 -0.86 -0.22 1.53 2.74 3.42
34 53.0 297.0 74.0 46.0 1.55 -1.85 -0.18 1.26 2.39 3.58
35 48.0 299.0 73.0 39.0 1.02 -1.71 -0.02 0.31 0.61 1.93
36 46.0 308.0 72.0 35.0 1.27 -1.35 -0.03 0.47 0.89 1.67
37 40.0 348.0 73.0 38.0 1.3 -1.16 -0.02 0.32 0.7 1.9
38 35.0 388.0 84.0 34.0 1.42 -0.91 -0.03 0.15 0.73 1.37
39 33.0 366.0 82.0 34.0 1.42 -1.1 -0.05 0.15 0.48 1.2
40 32.0 386.0 82.0 41.0 1.44 -1.3 -0.09 0.41 0.41 0.87
41 37.0 380.0 77.0 37.0 1.48 -1.61 -0.15 0.88 0.67 0.31
42 41.0 378.0 76.0 35.0 1.44 -1.63 -0.19 0.89 0.4 0.0
43 42.0 329.0 73.0 33.0 1.48 -1.57 -0.16 0.2 0.32 -0.04
44 41.0 301.0 72.0 33.0 1.41 -1.73 -0.14 -0.73 -0.08 0.4
45 58.0 283.0 73.0 34.0 1.57 -1.99 -0.12 -0.32 0.08 0.55
46 79.0 281.0 72.0 43.0 1.59 -1.99 -0.15 -0.22 0.05 0.18
47 75.0 261.0 70.0 50.0 1.59 -1.99 -0.16 -0.59 -0.1 0.11
48 79.0 250.0 70.0 46.0 1.59 -1.8 -0.13 -0.56 -0.04 -0.89
49 77.0 239.0 74.0 44.0 1.53 -1.74 -0.11 -0.4 -0.08 -0.82
50 82.0 233.0 76.0 51.0 1.42 -1.74 -0.07 -0.92 -0.14 -0.29
51 81.0 251.0 75.0 66.0 1.22 -1.82 -0.05 -1.11 -0.38 -1.55
52 101.0 224.0 81.0 75.0 1.09 -1.88 -0.04 -0.13 -0.27 -1.97
53 115.0 212.0 79.0 76.0 0.94 -1.53 0.06 -0.38 -0.55 -2.26
54 117.0 189.0 79.0 67.0 1.01 -1.4 0.13 -0.57 -0.87 -1.28
55 137.0 174.0 78.0 58.0 1.05 -1.4 0.15 -0.73 -1.19 0.63
56 168.0 165.0 83.0 69.0 1.01 -1.14 0.15 -0.04 -0.42 0.07
57 198.0 169.0 79.0 69.0 0.87 -1.02 0.07 -0.19 -0.26 -1.18
58 193.0 172.0 82.0 67.0 0.83 -0.93 0.07 -0.37 -0.28 -1.42
59 188.0 167.0 81.0 62.0 0.76 -0.77 0.1 -0.41 -0.44 -1.05
60 172.0 162.0 91.0 55.0 0.75 -0.67 0.08 -0.24 -0.6 -0.36
61 173.0 159.0 93.0 59.0 0.74 -0.61 0.05 -0.15 -0.53 -0.52
62 227.0 156.0 91.0 59.0 0.7 -0.53 -0.01 -0.54 -0.53 -0.79
63 222.0 145.0 94.0 55.0 0.69 -0.48 -0.05 -0.52 -0.43 -0.93
64 203.0 147.0 99.0 60.0 0.64 -0.34 -0.06 -0.92 -0.33 -1.14
65 180.0 169.0 109.0 97.0 0.61 -0.29 -0.05 -1.04 -0.34 -1.34
66 217.0 181.0 142.0 141.0 0.49 -0.4 0.01 -1.42 -0.42 -1.43
67 259.0 208.0 140.0 139.0 0.46 -0.47 0.03 -1.26 -0.48 -1.39
68 291.0 198.0 135.0 119.0 0.49 -0.5 0.07 -1.2 -0.38 -1.1
69 300.0 194.0 131.0 140.0 0.4 -0.21 0.11 -0.87 -0.22 -0.55
70 283.0 193.0 127.0 137.0 0.34 -0.14 0.11 -0.9 -0.17 -0.58
71 245.0 196.0 122.0 126.0 0.24 -0.13 0.14 -0.48 0.03 -0.96
72 235.0 183.0 122.0 108.0 0.2 -0.11 0.16 -0.3 0.23 -1.11
73 309.0 181.0 125.0 121.0 0.19 -0.04 0.15 -0.1 0.34 -1.07
74 258.0 187.0 119.0 117.0 0.12 0.12 0.13 0.17 0.51 -1.1
75 253.0 190.0 116.0 105.0 0.04 0.1 0.09 0.41 0.44 -1.2
76 224.0 176.0 112.0 103.0 0.01 0.12 0.07 0.45 0.41 -1.12
77 211.0 168.0 115.0 105.0 -0.07 0.18 0.02 0.41 0.31 -1.0
78 238.0 159.0 113.0 93.0 -0.1 0.17 -0.02 0.26 0.24 -0.45
79 216.0 161.0 109.0 83.0 -0.13 0.17 -0.03 0.16 0.16 -0.31
80 262.0 156.0 105.0 80.0 -0.16 0.19 -0.06 -0.05 0.18 -0.13
81 240.0 148.0 112.0 76.0 -0.17 0.18 -0.07 -0.01 0.16 -0.12
82 209.0 156.0 105.0 75.0 -0.17 0.16 -0.06 -0.21 0.17 -0.01
83 180.0 155.0 103.0 67.0 -0.15 0.15 -0.04 -0.19 0.21 0.15
84 196.0 147.0 96.0 68.0 -0.15 0.17 -0.02 -0.12 0.18 0.05
85 174.0 141.0 95.0 72.0 -0.14 0.14 -0.01 -0.22 0.19 0.08
86 151.0 143.0 98.0 65.0 -0.12 0.12 -0.0 -0.03 0.18 -0.06
87 134.0 133.0 101.0 61.0 -0.12 0.14 -0.0 -0.13 0.25 -0.05
88 150.0 135.0 97.0 64.0 -0.12 0.12 0.0 -0.12 0.22 -0.07
89 136.0 134.0 96.0 69.0 -0.12 0.08 0.0 -0.03 0.19 -0.06
90 127.0 141.0 90.0 72.0 -0.12 0.09 0.0 -0.04 0.09 -0.05
91 146.0 133.0 87.0 69.0 -0.12 0.1 0.01 0.0 0.13 -0.13
92 138.0 126.0 93.0 69.0 -0.1 0.1 0.02 -0.11 0.05 -0.18
93 125.0 127.0 98.0 62.0 -0.09 0.11 0.01 -0.1 0.08 -0.09
94 142.0 131.0 91.0 63.0 -0.09 0.12 0.01 -0.25 0.04 -0.18
95 131.0 128.0 87.0 58.0 -0.07 0.08 0.01 -0.28 0.02 -0.17
96 159.0 124.0 90.0 55.0 -0.07 0.08 0.03 -0.27 0.05 -0.35
97 148.0 118.0 90.0 60.0 -0.07 0.07 0.04 -0.21 0.06 -0.23
98 181.0 138.0 84.0 67.0 -0.09 0.07 0.03 -0.18 0.02 -0.21
99 159.0 134.0 87.0 61.0 -0.08 0.04 0.03 0.0 0.08 -0.36
100 185.0 127.0 93.0 59.0 -0.08 0.05 0.03 0.06 0.13 -0.41
101 170.0 135.0 91.0 72.0 -0.08 0.07 0.01 0.02 0.16 -0.23
102 144.0 138.0 91.0 66.0 -0.08 0.06 0.0 -0.11 0.21 -0.2
103 140.0 143.0 89.0 80.0 -0.07 0.03 -0.0 -0.07 0.27 -0.17
104 158.0 144.0 90.0 68.0 -0.07 0.01 0.0 -0.11 0.25 -0.06
105 138.0 150.0 87.0 65.0 -0.06 0.01 0.01 -0.09 0.2 -0.06
106 120.0 151.0 86.0 61.0 -0.06 0.02 0.01 -0.06 0.17 -0.06
107 162.0 146.0 88.0 72.0 -0.04 0.02 0.01 -0.12 0.15 -0.1
108 195.0 148.0 91.0 63.0 -0.04 -0.02 0.01 -0.24 0.15 -0.1
109 187.0 148.0 93.0 64.0 -0.05 -0.05 0.0 -0.27 0.13 -0.09
110 157.0 151.0 90.0 60.0 -0.06 -0.1 0.0 -0.3 0.1 -0.14
111 153.0 149.0 86.0 72.0 -0.07 -0.09 0.01 -0.24 0.1 -0.17
112 180.0 144.0 88.0 67.0 -0.06 -0.06 0.02 -0.15 0.07 -0.2
113 196.0 156.0 90.0 73.0 -0.05 0.01 0.04 -0.04 0.14 -0.34
114 176.0 149.0 88.0 67.0 -0.05 -0.03 0.04 0.01 0.09 -0.26
115 160.0 151.0 90.0 65.0 -0.05 -0.05 0.04 0.1 0.1 -0.32
116 138.0 161.0 90.0 61.0 -0.06 0.02 0.03 0.19 0.16 -0.4
117 113.0 153.0 87.0 64.0 -0.06 0.07 0.01 0.1 0.1 -0.34
118 105.0 155.0 83.0 60.0 -0.08 0.1 -0.01 0.06 0.11 -0.31
119 101.0 148.0 86.0 53.0 -0.08 0.09 -0.02 -0.1 0.03 -0.22
120 85.0 150.0 83.0 54.0 -0.09 0.08 -0.03 -0.11 0.03 -0.19
121 71.0 141.0 81.0 49.0 -0.09 0.08 -0.01 -0.06 0.02 -0.15
122 61.0 141.0 90.0 44.0 -0.09 0.09 0.0 -0.11 -0.05 -0.19
123 77.0 149.0 87.0 39.0 -0.09 0.1 0.0 -0.13 -0.1 -0.25
124 75.0 149.0 85.0 37.0 -0.1 0.15 0.0 -0.06 -0.14 -0.42
125 64.0 162.0 82.0 34.0 -0.12 0.2 0.01 0.0 -0.22 -0.56
126 53.0 170.0 88.0 32.0 -0.12 0.25 0.01 -0.29 -0.21 -0.86
127 56.0 172.0 92.0 30.0 -0.04 0.38 -0.01 -0.21 -0.25 -0.92
128 65.0 198.0 88.0 30.0 -0.02 0.59 -0.04 -0.2 -0.46 -1.17
129 70.0 186.0 83.0 28.0 -0.03 0.71 -0.06 -0.3 -0.58 -1.44
130 78.0 186.0 81.0 27.0 -0.2 0.85 -0.06 -0.39 -0.68 -1.53
131 65.0 182.0 76.0 28.0 -0.42 0.96 -0.04 -0.35 -0.58 -1.61
132 56.0 187.0 77.0 26.0 -0.53 1.08 -0.05 -0.25 -0.59 -1.92
133 53.0 192.0 78.0 26.0 -0.71 1.44 -0.06 0.0 -0.79 -2.34
134 50.0 188.0 79.0 25.0 -0.99 1.71 -0.05 -0.52 -0.65 -2.41
135 54.0 186.0 77.0 25.0 -1.17 1.61 -0.04 -0.7 -0.97 -1.89
136 68.0 181.0 75.0 49.0 -1.37 1.32 -0.07 -0.77 -1.28 -1.61
137 75.0 182.0 76.0 51.0 -1.56 1.22 -0.03 -0.84 -0.66 -1.87
138 65.0 177.0 79.0 143.0 -1.67 1.4 -0.03 -0.44 -0.95 -2.01
139 69.0 190.0 78.0 210.0 -1.87 1.82 -0.0 -0.82 -0.76 -2.09
140 78.0 184.0 80.0 170.0 -2.17 2.28 0.03 -2.04 -1.07 -1.24
141 108.0 185.0 76.0 149.0 -2.2 2.0 0.0 -0.93 -0.31 -0.37
142 143.0 196.0 71.0 122.0 -2.31 1.56 0.03 -1.66 -0.31 0.09
143 136.0 185.0 68.0 102.0 -2.33 1.48 0.08 -1.28 -0.24 0.71
144 128.0 184.0 64.0 102.0 -2.28 1.49 0.04 0.59 0.96 -0.01
145 131.0 166.0 61.0 115.0 -2.35 1.64 0.02 0.79 0.72 -0.01
146 134.0 161.0 64.0 122.0 -2.24 2.04 0.05 0.36 0.6 -0.16
147 118.0 161.0 67.0 105.0 -2.07 2.07 0.02 0.2 0.04 0.63
148 103.0 153.0 70.0 87.0 -1.67 1.92 0.07 -0.21 -0.04 0.98
149 88.0 145.0 67.0 74.0 -1.35 1.88 -0.01 -0.54 -0.05 1.85
150 79.0 151.0 64.0 62.0 -1.24 1.98 -0.02 -0.72 -0.06 1.82
151 67.0 142.0 64.0 56.0 -1.03 2.08 -0.06 -0.47 0.06 1.83
152 88.0 136.0 65.0 56.0 -0.94 2.12 -0.19 -0.13 0.06 1.04
153 73.0 134.0 63.0 48.0 -0.92 2.05 -0.24 -0.01 0.52 0.24
154 73.0 135.0 62.0 43.0 -0.79 0.92 -0.34 -1.66 0.08 0.81
155 68.0 132.0 61.0 39.0 -0.51 -2.01 -0.72 -10.66 -2.85 23.34
156 56.0 128.0 62.0 36.0 -0.35 -3.07 -0.31 2.68 0.55 -3.03
157 50.0 122.0 63.0 33.0 0.59 -2.18 -0.15 2.01 0.11 -2.93
158 44.0 122.0 64.0 31.0 1.28 -0.55 -0.14 1.26 0.62 0.89
159 38.0 123.0 61.0 30.0 1.03 -0.4 -0.11 1.55 0.67 0.39
160 34.0 121.0 61.0 28.0 0.27 -0.5 -0.12 1.58 0.37 0.16
161 31.0 116.0 62.0 28.0 -0.07 -0.36 -0.07 0.75 0.05 0.25
162 31.0 111.0 66.0 27.0 -0.07 -0.2 -0.04 0.87 -0.15 0.01
163 32.0 110.0 72.0 26.0 0.1 0.12 -0.05 0.6 -0.04 -0.11
164 35.0 105.0 70.0 26.0 0.08 0.23 -0.04 0.14 0.05 0.13
165 31.0 101.0 68.0 25.0 0.04 0.23 -0.03 -0.2 0.05 -0.02
166 29.0 95.0 68.0 25.0 -0.08 0.17 0.02 -0.12 0.04 -0.04
167 27.0 91.0 68.0 25.0 0.0 0.11 0.04 -0.06 0.06 -0.04
