1 19.0 68.0 72.0 24.0 -0.01 0.03 -0.01 -0.1 0.03 -0.05
2 20.0 69.0 71.0 23.0 0.0 0.02 -0.01 -0.17 0.07 -0.02
3 20.0 70.0 69.0 24.0 0.01 0.0 -0.02 -0.16 0.06 -0.03
4 20.0 69.0 74.0 24.0 0.02 -0.02 -0.02 -0.06 0.06 -0.02
5 21.0 71.0 76.0 24.0 0.02 -0.02 -0.02 0.0 0.09 -0.04
6 22.0 71.0 71.0 24.0 0.01 -0.03 -0.02 0.0 0.11 -0.03
7 22.0 72.0 68.0 24.0 0.0 -0.02 -0.01 0.0 0.08 0.0
8 22.0 73.0 67.0 27.0 -0.0 -0.02 -0.01 0.08 0.06 0.02
9 22.0 82.0 71.0 26.0 -0.01 -0.01 0.0 0.11 0.05 0.02
10 22.0 87.0 68.0 27.0 -0.05 -0.0 0.01 0.11 0.04 0.07
11 36.0 113.0 66.0 49.0 -0.07 -0.0 0.02 -0.01 0.08 0.06
12 74.0 128.0 63.0 43.0 -0.09 -0.03 0.03 0.07 0.08 0.09
13 117.0 128.0 62.0 45.0 -0.11 -0.12 0.07 0.34 0.04 0.02
14 115.0 137.0 67.0 51.0 -0.12 -0.15 0.09 0.16 0.07 -0.13
15 100.0 152.0 72.0 45.0 -0.1 -0.05 0.09 -0.01 -0.08 -0.07
16 92.0 172.0 71.0 55.0 -0.04 -0.01 0.04 -0.21 0.22 0.19
17 82.0 178.0 68.0 53.0 -0.03 -0.02 0.0 0.13 0.11 0.29
18 87.0 188.0 67.0 75.0 0.0 -0.06 -0.0 0.07 0.22 0.52
19 80.0 242.0 67.0 67.0 0.01 -0.16 0.02 -0.07 0.28 0.62
20 79.0 252.0 73.0 56.0 0.05 -0.18 0.02 -0.15 0.44 1.55
21 72.0 287.0 74.0 65.0 0.11 -0.17 0.01 0.21 0.38 1.84
22 62.0 273.0 72.0 56.0 0.13 0.06 0.02 -0.79 -0.7 2.76
23 52.0 259.0 72.0 50.0 0.43 0.06 -0.12 2.25 2.2 3.87
24 44.0 317.0 74.0 44.0 1.17 -0.96 -0.2 1.03 1.21 3.64
25 39.0 363.0 82.0 41.0 1.24 -0.75 -0.17 0.19 0.54 2.2
26 36.0 349.0 76.0 42.0 1.28 -0.5 -0.16 0.11 0.62 2.17
27 31.0 357.0 74.0 38.0 1.32 -0.16 -0.13 -0.3 0.57 2.11
28 28.0 365.0 70.0 35.0 1.36 -0.4 -0.13 -0.45 0.41 1.96
29 26.0 330.0 69.0 38.0 1.47 -0.63 -0.14 -0.51 0.42 1.56
30 35.0 301.0 67.0 34.0 1.57 -0.98 -0.12 -0.07 0.51 0.33
31 35.0 284.0 75.0 32.0 1.53 -1.28 -0.09 -0.09 0.35 0.07
32 34.0 302.0 77.0 31.0 1.51 -1.37 -0.08 0.14 0.3 0.07
33 48.0 282.0 73.0 29.0 1.49 -1.46 -0.08 -0.09 0.17 0.32
34 58.0 294.0 75.0 29.0 1.51 -1.71 -0.13 -0.35 -0.12 -0.09
35 55.0 265.0 75.0 29.0 1.57 -1.9 -0.17 -0.41 -0.08 -0.32
36 60.0 247.0 76.0 29.0 1.63 -2.1 -0.17 0.09 0.03 -1.2
37 55.0 246.0 80.0 29.0 1.5 -2.09 -0.15 -0.05 -0.18 -0.58
38 59.0 232.0 77.0 29.0 1.46 -1.95 -0.15 -0.54 -0.3 -0.45
39 75.0 218.0 79.0 46.0 1.4 -1.71 -0.12 -0.51 -0.65 -0.39
40 96.0 258.0 83.0 43.0 1.26 -1.38 -0.03 -0.58 -0.57 -0.8
41 102.0 228.0 81.0 39.0 1.18 -1.19 0.02 -0.58 -0.66 -1.29
42 111.0 218.0 86.0 35.0 1.08 -1.11 0.08 -0.86 -0.43 -1.69
43 103.0 222.0 93.0 35.0 0.9 -1.05 0.15 -1.03 -0.64 -1.52
44 119.0 206.0 92.0 40.0 0.83 -1.05 0.13 -0.9 -0.68 -1.46
45 126.0 208.0 89.0 54.0 0.7 -0.92 0.14 -0.66 -0.57 -1.44
46 133.0 191.0 92.0 66.0 0.6 -0.75 0.16 -0.65 -0.58 -1.49
47 178.0 187.0 92.0 67.0 0.55 -0.75 0.18 -0.5 -0.54 -1.54
48 175.0 175.0 110.0 62.0 0.52 -0.7 0.21 -0.71 -0.71 -1.87
49 165.0 168.0 120.0 55.0 0.54 -0.56 0.23 -0.65 -0.76 -1.53
50 162.0 168.0 120.0 58.0 0.51 -0.42 0.23 -0.45 -0.64 -0.97
51 168.0 165.0 133.0 50.0 0.38 -0.15 0.24 -0.62 -0.76 -0.77
52 195.0 175.0 132.0 63.0 0.33 -0.09 0.2 -0.58 -0.58 -0.48
53 211.0 188.0 122.0 59.0 0.27 -0.09 0.2 -0.54 -0.39 -0.74
54 258.0 212.0 118.0 58.0 0.15 -0.04 0.2 -0.39 -0.35 -1.05
55 244.0 215.0 112.0 60.0 0.12 -0.05 0.18 -0.54 -0.25 -0.76
56 233.0 213.0 105.0 57.0 0.11 -0.03 0.16 -0.72 -0.42 -0.67
57 211.0 202.0 106.0 53.0 0.12 -0.02 0.13 -0.53 -0.13 -0.42
58 186.0 194.0 100.0 58.0 0.12 -0.02 0.1 -0.31 0.02 -0.25
59 195.0 183.0 98.0 59.0 0.11 -0.0 0.09 -0.3 0.08 -0.21
60 236.0 192.0 93.0 54.0 0.1 0.0 0.07 -0.09 0.22 -0.18
61 200.0 180.0 93.0 63.0 0.09 -0.04 0.06 -0.14 0.32 -0.34
62 171.0 169.0 93.0 58.0 0.11 -0.07 0.06 -0.08 0.3 -0.22
63 162.0 168.0 90.0 54.0 0.12 -0.07 0.04 -0.04 0.31 -0.16
64 185.0 173.0 98.0 64.0 0.1 0.03 0.04 -0.08 0.3 0.2
65 167.0 171.0 95.0 59.0 0.07 0.06 0.03 -0.13 0.26 0.12
66 189.0 159.0 97.0 58.0 0.04 0.0 0.03 0.02 0.29 -0.37
67 170.0 157.0 109.0 56.0 0.07 -0.04 0.05 0.11 0.27 -0.38
68 137.0 151.0 101.0 53.0 0.07 0.01 0.05 0.16 0.27 -0.23
69 119.0 146.0 103.0 51.0 0.04 0.11 0.04 0.13 0.18 -0.14
70 114.0 180.0 111.0 74.0 0.03 0.19 0.02 0.08 0.16 -0.14
71 112.0 175.0 111.0 66.0 0.01 0.22 0.02 -0.02 0.13 -0.06
72 104.0 171.0 102.0 69.0 -0.06 0.13 0.01 -0.27 -0.04 -0.36
73 117.0 173.0 101.0 69.0 -0.06 0.03 -0.0 -0.34 -0.03 -0.49
74 144.0 168.0 103.0 66.0 -0.06 0.04 0.0 -0.38 -0.08 -0.42
75 157.0 173.0 107.0 55.0 -0.05 0.0 0.02 -0.42 -0.07 -0.3
76 134.0 157.0 102.0 49.0 -0.05 -0.05 0.05 -0.4 -0.09 -0.19
77 118.0 165.0 98.0 58.0 -0.06 -0.04 0.05 -0.35 -0.05 -0.18
78 122.0 158.0 94.0 53.0 -0.11 -0.03 0.04 -0.16 -0.09 -0.33
79 113.0 153.0 100.0 52.0 -0.11 -0.05 0.03 -0.01 -0.1 -0.51
80 109.0 151.0 102.0 48.0 -0.08 -0.05 0.02 -0.03 -0.11 -0.32
81 124.0 144.0 100.0 44.0 -0.06 -0.02 -0.01 -0.12 0.0 -0.15
82 108.0 135.0 101.0 42.0 -0.05 0.03 -0.03 -0.23 0.08 -0.05
83 96.0 134.0 97.0 45.0 -0.05 0.03 -0.03 -0.25 0.05 -0.09
84 97.0 130.0 100.0 45.0 -0.05 0.02 -0.04 -0.19 0.14 -0.29
85 124.0 130.0 98.0 54.0 -0.06 0.04 -0.03 -0.17 0.03 -0.25
86 104.0 129.0 99.0 51.0 -0.06 0.04 -0.02 -0.15 0.07 -0.24
87 98.0 126.0 108.0 51.0 -0.06 -0.0 -0.01 -0.17 0.14 -0.18
88 92.0 125.0 99.0 48.0 -0.06 -0.03 0.0 -0.02 0.14 -0.14
89 120.0 122.0 99.0 44.0 -0.07 -0.02 0.01 -0.11 0.12 -0.04
90 98.0 124.0 95.0 45.0 -0.09 0.04 0.01 0.0 0.15 -0.07
91 83.0 120.0 93.0 45.0 -0.08 0.03 0.01 0.16 0.19 -0.19
92 69.0 120.0 91.0 40.0 -0.06 0.06 0.02 0.19 0.23 -0.11
93 65.0 121.0 91.0 40.0 -0.06 0.1 0.02 0.0 0.18 0.13
94 89.0 129.0 87.0 55.0 -0.06 0.13 0.02 -0.05 0.15 0.06
95 100.0 137.0 88.0 56.0 -0.07 0.15 0.02 -0.05 0.12 0.12
96 129.0 139.0 91.0 52.0 -0.07 0.1 0.02 -0.31 0.02 0.01
97 181.0 132.0 86.0 55.0 -0.04 -0.01 0.01 -0.34 0.08 -0.09
98 158.0 136.0 91.0 57.0 -0.03 -0.04 0.02 -0.27 0.09 -0.04
99 134.0 133.0 91.0 51.0 -0.03 -0.06 0.02 -0.24 0.1 -0.15
100 123.0 122.0 89.0 47.0 -0.02 -0.05 0.03 -0.29 0.1 -0.1
101 157.0 128.0 89.0 43.0 -0.02 -0.05 0.04 -0.23 0.13 -0.17
102 140.0 131.0 94.0 46.0 -0.02 -0.04 0.05 -0.2 0.11 -0.22
103 159.0 136.0 91.0 45.0 -0.01 -0.05 0.06 -0.23 0.07 0.0
104 128.0 125.0 86.0 40.0 -0.0 -0.07 0.06 -0.2 0.05 -0.03
105 159.0 125.0 86.0 42.0 0.01 -0.08 0.05 -0.05 0.0 -0.1
106 139.0 131.0 83.0 51.0 0.01 -0.03 0.02 -0.03 0.02 -0.14
107 146.0 120.0 87.0 49.0 0.01 -0.02 0.0 0.0 0.04 -0.2
108 128.0 114.0 87.0 45.0 0.01 -0.0 -0.01 -0.15 0.05 -0.27
109 106.0 122.0 83.0 54.0 -0.0 0.01 -0.02 -0.13 -0.03 -0.19
110 91.0 117.0 80.0 49.0 -0.01 -0.0 -0.03 -0.16 -0.06 -0.32
111 78.0 109.0 84.0 45.0 -0.02 0.0 -0.03 -0.13 -0.08 -0.39
112 66.0 101.0 87.0 40.0 -0.04 0.02 -0.02 -0.11 -0.17 -0.44
113 54.0 96.0 88.0 36.0 -0.06 0.04 -0.02 -0.09 -0.21 -0.41
114 47.0 92.0 86.0 34.0 -0.09 0.09 -0.03 -0.03 -0.27 -0.63
115 40.0 100.0 95.0 31.0 -0.11 0.11 -0.03 -0.12 -0.27 -0.78
116 35.0 120.0 114.0 30.0 -0.15 0.18 -0.02 -0.25 -0.26 -0.8
117 31.0 149.0 106.0 28.0 -0.23 0.36 -0.02 -0.58 -0.36 -0.38
118 29.0 180.0 104.0 28.0 -0.34 0.64 -0.08 -0.6 -0.34 -0.3
119 27.0 228.0 92.0 27.0 -0.4 0.79 -0.12 -0.38 -0.31 -0.8
120 39.0 217.0 89.0 26.0 -0.46 0.97 -0.17 0.0 -0.26 -1.53
121 40.0 199.0 89.0 26.0 -0.46 1.21 -0.15 -0.16 -0.38 -2.27
122 51.0 202.0 85.0 28.0 -0.57 1.35 -0.11 -0.33 -0.61 -2.15
123 55.0 223.0 90.0 25.0 -0.76 1.63 -0.03 -0.56 -0.86 -1.9
124 50.0 200.0 84.0 25.0 -0.96 1.98 -0.02 -0.78 -0.8 -2.11
125 53.0 179.0 78.0 25.0 -1.0 2.25 -0.02 -0.63 -0.85 -1.93
126 55.0 196.0 75.0 25.0 -1.29 2.54 -0.01 -1.35 -0.63 -1.54
127 68.0 193.0 71.0 24.0 -1.46 3.06 -0.01 -1.18 -0.82 -1.73
128 70.0 188.0 66.0 24.0 -1.49 2.89 -0.03 -1.2 -0.53 -1.19
129 86.0 184.0 61.0 24.0 -1.6 2.39 0.01 -0.87 -0.55 -1.25
130 79.0 182.0 59.0 24.0 -1.63 1.98 0.04 -0.83 0.0 -1.3
131 98.0 190.0 61.0 24.0 -1.6 1.77 0.0 -0.28 -0.3 -1.43
132 84.0 179.0 62.0 24.0 -1.8 2.13 0.03 0.14 0.2 -1.16
133 80.0 175.0 59.0 26.0 -1.87 2.26 0.01 0.73 0.19 -0.16
134 91.0 172.0 56.0 26.0 -1.97 2.2 -0.04 0.74 0.11 0.09
135 89.0 170.0 54.0 25.0 -1.95 2.04 -0.07 0.75 -0.06 0.02
136 74.0 161.0 55.0 25.0 -1.79 1.99 -0.15 1.01 0.06 -0.07
137 63.0 157.0 62.0 25.0 -1.58 2.4 -0.05 1.53 0.35 0.0
138 60.0 151.0 62.0 24.0 -1.38 3.14 -0.11 0.67 0.3 0.68
139 52.0 148.0 60.0 24.0 -1.3 3.41 -0.16 -0.47 0.03 1.56
140 46.0 145.0 59.0 24.0 -1.26 3.39 -0.22 -0.54 -0.08 1.56
141 48.0 140.0 64.0 24.0 -1.22 2.84 -0.33 -0.25 0.35 0.73
142 42.0 135.0 65.0 24.0 -0.84 1.97 -0.32 -0.41 -0.35 -0.87
143 44.0 132.0 69.0 23.0 -0.92 1.79 -0.45 -0.78 -0.36 -1.36
144 38.0 129.0 69.0 24.0 0.03 -0.36 -0.83 -9.63 4.09 6.02
145 42.0 123.0 64.0 24.0 -0.18 -2.09 -0.16 3.96 0.54 -0.98
146 36.0 118.0 71.0 23.0 0.36 -0.93 -0.12 1.07 0.15 -2.38
147 32.0 117.0 71.0 24.0 0.85 0.42 -0.03 1.94 0.59 1.55
148 28.0 117.0 73.0 24.0 0.61 0.43 -0.06 1.75 0.88 0.3
149 27.0 117.0 73.0 24.0 0.03 0.06 -0.11 1.56 0.38 0.18
150 24.0 116.0 70.0 24.0 -0.18 -0.03 -0.16 0.21 0.11 0.33
151 23.0 114.0 69.0 26.0 -0.24 -0.14 -0.16 -0.63 -0.04 -0.12
152 21.0 110.0 71.0 24.0 -0.19 -0.31 -0.14 -0.62 -0.09 -0.22
153 20.0 108.0 74.0 25.0 -0.04 -0.31 -0.13 -0.88 -0.03 -0.07
154 19.0 104.0 70.0 25.0 -0.03 -0.31 -0.14 -0.62 -0.06 -0.15
155 18.0 98.0 65.0 25.0 0.03 -0.39 -0.13 -0.55 -0.07 -0.21
156 18.0 95.0 65.0 25.0 0.07 -0.63 -0.1 -0.25 -0.18 -0.16
157 18.0 92.0 66.0 26.0 0.08 -0.74 -0.09 -0.12 -0.18 -0.11
158 18.0 88.0 68.0 26.0 0.07 -0.84 -0.07 -0.02 -0.13 -0.01
159 17.0 84.0 66.0 26.0 0.08 -0.81 -0.05 0.11 -0.11 0.1
160 17.0 80.0 65.0 27.0 0.11 -0.75 -0.03 0.36 0.04 0.22
161 17.0 79.0 65.0 28.0 0.19 -0.61 0.04 0.42 0.15 0.26
162 17.0 77.0 69.0 29.0 0.14 -0.47 0.03 0.59 0.15 0.21
163 18.0 75.0 66.0 29.0 0.15 -0.41 -0.02 0.38 -0.03 0.23
164 17.0 75.0 64.0 29.0 0.09 -0.3 -0.03 0.28 0.15 0.22
