1 34.0 108.0 75.0 25.0 0.01 0.01 -0.01 0.0 0.06 -0.02
2 33.0 110.0 80.0 24.0 0.02 0.0 -0.01 0.01 0.08 -0.01
3 31.0 109.0 79.0 24.0 0.01 -0.01 -0.01 -0.01 0.11 0.01
4 30.0 109.0 76.0 25.0 0.01 -0.01 -0.01 0.0 0.16 0.0
5 29.0 109.0 75.0 24.0 -0.0 -0.01 -0.01 0.0 0.17 0.01
6 27.0 108.0 72.0 24.0 -0.01 -0.02 -0.01 0.01 0.09 0.01
7 26.0 107.0 73.0 25.0 -0.02 -0.02 -0.0 0.02 0.04 -0.03
8 26.0 106.0 74.0 24.0 -0.02 -0.03 0.0 0.02 0.02 -0.01
9 26.0 106.0 78.0 24.0 -0.02 -0.02 0.0 0.02 0.0 -0.03
10 24.0 106.0 76.0 24.0 -0.02 -0.01 0.0 -0.03 0.08 -0.01
11 25.0 106.0 75.0 24.0 -0.01 -0.0 0.0 -0.04 0.07 -0.03
12 24.0 105.0 71.0 24.0 -0.01 -0.01 -0.0 -0.05 0.09 -0.01
13 23.0 106.0 72.0 23.0 -0.01 -0.01 -0.0 0.0 0.09 -0.02
14 22.0 106.0 67.0 24.0 -0.01 -0.02 -0.01 0.03 0.12 0.01
15 21.0 108.0 71.0 25.0 -0.01 -0.01 -0.01 0.07 0.09 -0.01
16 20.0 124.0 71.0 28.0 -0.01 -0.01 -0.02 0.03 0.08 -0.04
17 23.0 138.0 72.0 30.0 -0.03 0.0 -0.01 0.05 0.06 0.0
18 24.0 157.0 70.0 29.0 -0.01 0.0 -0.0 0.06 0.05 0.03
19 46.0 151.0 67.0 30.0 -0.01 -0.02 0.01 0.03 0.08 0.05
20 49.0 172.0 65.0 33.0 0.02 -0.11 0.03 0.28 0.15 0.15
21 72.0 179.0 65.0 40.0 -0.1 -0.21 0.06 0.49 0.24 0.09
22 85.0 217.0 69.0 69.0 -0.16 -0.22 0.07 0.45 0.15 0.08
23 79.0 228.0 71.0 75.0 -0.19 -0.16 0.06 0.42 0.19 0.1
24 77.0 254.0 71.0 66.0 -0.24 -0.01 0.04 0.12 0.18 0.38
25 100.0 251.0 72.0 123.0 -0.21 0.01 0.03 0.14 0.19 0.44
26 85.0 261.0 72.0 106.0 -0.26 -0.15 0.02 -0.07 0.32 0.69
27 81.0 274.0 72.0 110.0 -0.26 -0.05 0.05 -0.79 0.23 0.92
28 69.0 278.0 78.0 93.0 -0.18 -0.02 0.08 -0.78 0.26 1.33
29 66.0 309.0 73.0 79.0 0.0 -0.01 0.13 -0.94 -0.29 2.34
30 63.0 315.0 71.0 67.0 0.65 -0.47 -0.16 -4.36 -3.43 2.95
31 53.0 319.0 69.0 57.0 1.3 -1.33 -0.19 -0.36 0.68 2.64
32 47.0 311.0 70.0 50.0 0.99 -1.29 -0.1 0.77 0.48 1.75
33 43.0 334.0 75.0 45.0 1.27 -0.88 -0.11 0.67 0.76 1.76
34 39.0 341.0 72.0 40.0 1.29 -0.65 -0.1 0.35 0.53 1.78
35 34.0 339.0 70.0 37.0 1.32 -0.6 -0.11 0.06 0.41 2.07
36 31.0 373.0 71.0 34.0 1.52 -1.07 -0.22 0.11 0.42 1.16
37 28.0 365.0 71.0 38.0 1.58 -1.34 -0.26 0.32 0.49 0.77
38 27.0 363.0 68.0 35.0 1.56 -1.54 -0.3 0.54 0.6 0.03
39 32.0 367.0 84.0 34.0 1.52 -1.38 -0.3 0.12 0.25 -0.14
40 38.0 326.0 79.0 40.0 1.51 -1.37 -0.29 -0.1 0.17 -0.09
41 40.0 301.0 77.0 44.0 1.52 -1.44 -0.29 -0.38 0.05 -0.18
42 45.0 285.0 73.0 41.0 1.57 -1.54 -0.27 -0.34 -0.51 -0.15
43 61.0 295.0 73.0 38.0 1.54 -1.57 -0.17 -0.05 0.18 -0.39
44 73.0 295.0 77.0 39.0 1.49 -1.42 -0.09 -0.8 -0.36 -0.58
45 76.0 272.0 73.0 39.0 1.64 -1.5 -0.08 -1.17 -0.36 -0.47
46 77.0 248.0 77.0 35.0 1.74 -1.6 -0.09 -1.14 -0.27 -0.4
47 96.0 227.0 81.0 35.0 1.64 -1.51 -0.02 -0.82 -0.11 -0.18
48 115.0 216.0 84.0 32.0 1.42 -1.32 0.0 -0.54 -0.22 -0.37
49 118.0 198.0 78.0 31.0 1.29 -1.29 -0.01 -0.69 -0.31 -0.81
50 114.0 190.0 93.0 35.0 1.08 -1.13 0.01 -0.13 -0.21 -1.53
51 134.0 176.0 91.0 37.0 0.98 -0.92 0.06 -0.33 -0.44 -1.07
52 124.0 158.0 96.0 36.0 0.98 -0.9 0.07 -0.52 -0.59 -0.22
53 130.0 159.0 103.0 55.0 0.97 -0.91 0.05 -0.41 -0.7 0.37
54 164.0 157.0 101.0 74.0 0.83 -0.83 -0.01 -0.34 -0.56 -0.57
55 179.0 167.0 117.0 69.0 0.78 -0.76 -0.01 -0.15 -0.47 -0.87
56 174.0 181.0 137.0 75.0 0.69 -0.55 0.05 -0.13 -0.58 -1.48
57 215.0 169.0 161.0 71.0 0.66 -0.4 0.12 -0.04 -0.48 -0.76
58 227.0 156.0 160.0 76.0 0.68 -0.34 0.13 -0.03 -0.56 -0.37
59 261.0 179.0 149.0 82.0 0.61 -0.3 0.09 -0.25 -0.37 0.07
60 257.0 169.0 134.0 82.0 0.39 -0.18 0.07 -0.51 -0.41 -0.76
61 218.0 172.0 126.0 72.0 0.33 -0.27 0.05 -0.42 -0.24 -1.9
62 200.0 164.0 122.0 66.0 0.38 -0.51 0.1 -0.36 -0.28 -1.81
63 199.0 158.0 123.0 59.0 0.4 -0.44 0.14 -0.27 -0.13 -0.88
64 281.0 160.0 117.0 70.0 0.38 -0.4 0.13 -0.07 -0.39 -0.48
65 258.0 165.0 118.0 68.0 0.35 -0.39 0.11 -0.52 -0.27 -0.22
66 226.0 160.0 113.0 71.0 0.27 -0.32 0.08 -0.57 -0.3 -0.88
67 184.0 151.0 115.0 64.0 0.27 -0.32 0.05 -0.48 -0.25 -0.99
68 168.0 150.0 113.0 58.0 0.28 -0.28 -0.0 -0.54 -0.31 -1.32
69 153.0 150.0 114.0 60.0 0.3 -0.26 -0.06 -0.64 -0.16 -0.84
70 154.0 139.0 108.0 57.0 0.25 -0.15 -0.06 -0.93 -0.08 -0.68
71 164.0 146.0 101.0 82.0 0.06 0.08 -0.1 -1.18 0.0 -1.3
72 244.0 151.0 108.0 80.0 -0.02 0.1 -0.07 -0.95 0.0 -1.91
73 207.0 141.0 101.0 71.0 -0.02 0.11 -0.02 -1.0 -0.06 -1.73
74 182.0 137.0 106.0 68.0 0.0 0.08 0.07 -0.79 0.02 -1.04
75 155.0 138.0 103.0 73.0 -0.05 0.13 0.12 -0.3 0.04 -0.49
76 148.0 142.0 101.0 72.0 -0.1 0.15 0.13 -0.13 0.06 -0.58
77 155.0 134.0 98.0 69.0 -0.13 0.13 0.13 0.18 0.16 -0.48
78 198.0 129.0 95.0 70.0 -0.14 0.11 0.12 0.23 0.29 -0.34
79 174.0 134.0 99.0 66.0 -0.15 0.15 0.07 0.28 0.36 -0.22
80 158.0 125.0 98.0 69.0 -0.17 0.19 0.02 0.24 0.45 -0.06
81 159.0 127.0 103.0 76.0 -0.18 0.2 -0.0 0.22 0.38 0.09
82 180.0 122.0 102.0 66.0 -0.2 0.18 -0.03 0.1 0.33 0.24
83 162.0 118.0 94.0 69.0 -0.19 0.12 -0.04 0.03 0.3 0.33
84 147.0 123.0 94.0 70.0 -0.18 0.11 -0.03 0.01 0.26 0.37
85 144.0 128.0 93.0 66.0 -0.13 0.12 -0.01 -0.05 0.23 0.33
86 130.0 129.0 95.0 64.0 -0.08 0.1 0.01 -0.14 0.16 0.25
87 126.0 123.0 89.0 59.0 -0.05 0.09 0.02 -0.12 0.17 0.15
88 108.0 133.0 93.0 69.0 -0.03 0.11 0.05 -0.13 0.15 0.05
89 149.0 126.0 90.0 61.0 -0.03 0.09 0.06 -0.02 0.15 -0.11
90 133.0 126.0 90.0 66.0 -0.03 0.06 0.07 0.01 0.13 -0.13
91 115.0 128.0 89.0 62.0 -0.04 0.07 0.08 0.09 0.12 -0.12
92 115.0 121.0 91.0 58.0 -0.05 0.02 0.06 0.05 0.09 -0.2
93 139.0 118.0 89.0 61.0 -0.05 -0.01 0.06 0.13 0.0 -0.35
94 164.0 111.0 91.0 52.0 -0.08 -0.08 0.04 0.08 -0.03 -0.34
95 143.0 113.0 91.0 53.0 -0.09 -0.09 0.03 -0.1 -0.11 -0.19
96 120.0 125.0 85.0 52.0 -0.1 -0.08 0.01 -0.01 -0.12 -0.08
97 114.0 122.0 82.0 48.0 -0.09 -0.05 -0.02 -0.07 -0.11 -0.13
98 106.0 120.0 89.0 48.0 -0.09 0.01 -0.06 -0.15 -0.06 -0.48
99 99.0 122.0 88.0 48.0 -0.09 0.03 -0.06 -0.22 -0.06 -0.31
100 94.0 124.0 82.0 47.0 -0.08 0.05 -0.06 -0.23 0.0 -0.17
101 92.0 120.0 85.0 46.0 -0.09 0.02 -0.06 -0.24 0.02 -0.21
102 91.0 122.0 87.0 42.0 -0.09 0.0 -0.06 -0.25 0.07 -0.26
103 105.0 125.0 90.0 42.0 -0.09 0.01 -0.04 -0.25 0.12 -0.23
104 90.0 125.0 90.0 41.0 -0.1 0.05 -0.03 -0.24 0.16 -0.24
105 102.0 131.0 88.0 53.0 -0.11 0.05 -0.01 -0.24 0.15 -0.19
106 99.0 152.0 91.0 86.0 -0.1 0.03 0.01 -0.18 0.16 -0.2
107 96.0 152.0 88.0 83.0 -0.12 0.12 0.04 -0.14 0.1 -0.17
108 88.0 152.0 86.0 82.0 -0.11 0.12 0.05 -0.05 0.08 -0.08
109 81.0 145.0 89.0 71.0 -0.07 0.1 0.07 -0.09 0.06 -0.18
110 75.0 139.0 90.0 62.0 -0.03 0.11 0.08 -0.21 0.03 -0.01
111 95.0 146.0 86.0 60.0 -0.02 0.12 0.07 -0.15 0.1 -0.12
112 83.0 142.0 83.0 53.0 -0.01 0.11 0.05 -0.14 0.16 -0.18
113 104.0 133.0 86.0 56.0 -0.04 0.13 0.04 -0.17 0.13 -0.25
114 93.0 144.0 84.0 55.0 -0.04 0.09 0.04 -0.02 0.2 -0.39
115 80.0 138.0 84.0 50.0 -0.06 0.09 0.04 -0.05 0.15 -0.33
116 73.0 134.0 86.0 48.0 -0.1 0.08 0.02 0.01 0.04 -0.27
117 64.0 130.0 82.0 43.0 -0.11 0.05 0.01 0.08 0.03 -0.3
118 53.0 126.0 87.0 38.0 -0.14 0.02 -0.02 0.0 -0.1 -0.32
119 50.0 124.0 85.0 36.0 -0.14 -0.02 -0.04 -0.02 -0.13 -0.37
120 48.0 150.0 84.0 35.0 -0.14 -0.0 -0.05 -0.13 -0.18 -0.44
121 64.0 229.0 79.0 33.0 -0.16 0.06 -0.05 -0.7 -0.43 -0.48
122 60.0 233.0 83.0 31.0 -0.19 0.07 -0.06 -0.82 -0.55 -0.52
123 61.0 255.0 83.0 30.0 -0.18 0.09 -0.08 -0.99 -0.75 -0.95
124 55.0 234.0 81.0 28.0 -0.09 0.2 -0.12 -0.86 -0.71 -1.05
125 52.0 249.0 77.0 28.0 -0.21 0.47 -0.07 -0.86 -0.71 -1.56
126 71.0 229.0 77.0 27.0 -0.31 0.63 -0.04 -0.5 -0.98 -1.51
127 71.0 223.0 82.0 26.0 -0.47 1.03 0.06 -1.03 -0.58 -1.89
128 65.0 214.0 79.0 26.0 -0.74 1.78 0.16 -1.0 -0.75 -2.03
129 81.0 213.0 77.0 25.0 -0.84 2.2 0.19 -1.51 -0.81 -2.19
130 99.0 192.0 73.0 25.0 -1.14 2.71 0.22 -1.51 -1.13 -1.77
131 131.0 205.0 73.0 25.0 -1.35 2.81 0.23 -0.49 0.0 -2.2
132 130.0 193.0 71.0 25.0 -1.44 2.98 0.29 -0.79 -0.41 -2.26
133 112.0 180.0 68.0 24.0 -1.71 3.08 0.26 0.05 -0.33 -2.16
134 108.0 170.0 67.0 24.0 -2.01 3.02 0.11 -1.44 -0.65 -1.96
135 102.0 175.0 67.0 24.0 -1.98 2.53 0.01 0.49 0.2 -0.78
136 93.0 163.0 68.0 28.0 -2.16 2.69 -0.06 1.77 0.79 -1.21
137 84.0 151.0 68.0 27.0 -2.41 2.74 -0.23 0.93 -0.13 -0.53
138 82.0 138.0 68.0 26.0 -2.48 2.77 -0.27 0.63 0.07 -0.62
139 75.0 123.0 66.0 25.0 -2.42 2.42 -0.37 0.34 -0.11 -0.21
140 69.0 119.0 66.0 26.0 -2.27 2.04 -0.54 -0.36 -0.42 0.3
141 67.0 114.0 69.0 25.0 -2.22 1.84 -0.46 0.44 -0.38 0.85
142 58.0 111.0 65.0 25.0 -2.03 1.56 -0.66 -0.81 -0.84 1.19
143 50.0 110.0 64.0 24.0 -1.86 1.37 -0.74 -0.55 -0.68 1.42
144 43.0 108.0 66.0 24.0 -1.75 1.36 -0.76 -0.45 -0.71 0.69
145 37.0 109.0 67.0 24.0 -1.58 1.36 -0.74 -0.45 0.0 0.2
146 35.0 109.0 67.0 24.0 -1.13 1.13 -0.78 -27.77 -10.57 30.1
147 44.0 105.0 63.0 24.0 -0.48 0.19 -1.22 -11.31 5.93 9.37
148 41.0 98.0 70.0 24.0 -0.92 -4.56 -0.1 1.94 -1.66 -4.5
149 37.0 96.0 70.0 24.0 1.04 -1.21 -0.13 1.39 0.62 1.45
150 32.0 97.0 71.0 22.0 1.34 -0.38 -0.16 1.27 0.66 0.43
151 32.0 97.0 69.0 24.0 0.66 -0.34 -0.06 1.6 0.19 0.13
152 29.0 94.0 66.0 23.0 0.22 -0.76 -0.1 1.68 0.24 0.33
153 26.0 91.0 62.0 23.0 0.04 -0.83 -0.11 0.72 -0.22 0.17
154 35.0 88.0 65.0 23.0 0.07 -0.66 -0.01 0.47 -0.17 -0.11
155 34.0 88.0 67.0 24.0 0.29 -0.23 0.01 0.64 -0.06 0.23
156 31.0 84.0 66.0 23.0 0.28 -0.03 -0.02 0.41 0.01 0.12
157 28.0 80.0 63.0 23.0 0.24 0.25 -0.09 0.0 0.1 0.02
158 26.0 78.0 60.0 23.0 0.17 0.25 -0.07 -0.43 -0.03 0.0
159 24.0 76.0 58.0 24.0 0.2 0.17 -0.06 -0.4 -0.02 -0.04
160 25.0 76.0 64.0 24.0 0.2 0.04 -0.02 -0.03 -0.08 -0.11
161 35.0 77.0 69.0 24.0 0.23 0.03 -0.02 0.1 -0.03 0.01
162 33.0 76.0 67.0 24.0 0.23 0.09 -0.03 0.07 0.08 0.01
