1 44.0 100.0 67.0 23.0 -0.03 0.12 -0.03 -0.18 0.13 -0.06
2 37.0 99.0 63.0 24.0 -0.04 0.09 -0.02 -0.36 0.06 -0.1
3 34.0 100.0 70.0 24.0 -0.03 0.05 -0.02 -0.29 0.03 -0.08
4 30.0 100.0 70.0 24.0 -0.03 -0.01 -0.01 -0.02 0.0 -0.04
5 27.0 99.0 65.0 24.0 -0.01 -0.02 0.0 0.09 0.02 -0.01
6 24.0 99.0 64.0 24.0 -0.01 -0.01 0.01 0.07 0.05 -0.04
7 23.0 99.0 60.0 24.0 -0.0 0.01 0.01 -0.01 0.07 -0.05
8 22.0 100.0 57.0 24.0 0.01 0.01 0.01 -0.1 0.09 -0.01
9 21.0 112.0 54.0 24.0 0.02 -0.01 0.01 -0.06 0.1 -0.02
10 20.0 121.0 55.0 24.0 0.02 -0.03 0.01 0.04 0.14 -0.01
11 19.0 130.0 53.0 24.0 0.01 -0.03 0.01 0.07 0.1 0.0
12 19.0 168.0 53.0 24.0 0.02 -0.02 0.01 0.12 0.11 -0.02
13 22.0 192.0 53.0 36.0 0.03 -0.0 0.01 0.11 0.04 0.03
14 51.0 257.0 53.0 36.0 0.11 -0.02 0.02 0.14 0.01 0.01
15 49.0 257.0 54.0 34.0 0.18 -0.06 0.02 0.35 0.2 0.0
16 78.0 264.0 53.0 33.0 0.27 -0.25 0.03 -0.34 0.14 -0.18
17 102.0 320.0 53.0 31.0 0.23 -0.47 0.05 -0.22 0.26 0.2
18 88.0 342.0 55.0 31.0 -0.14 -0.84 0.16 0.14 0.44 0.09
19 79.0 324.0 55.0 30.0 -0.27 -1.26 0.22 0.06 -0.07 0.11
20 66.0 314.0 56.0 29.0 0.03 -1.02 0.17 0.32 0.23 0.32
21 60.0 325.0 56.0 38.0 0.08 -0.89 0.15 0.36 0.17 0.45
22 58.0 312.0 56.0 36.0 0.13 -0.56 0.13 -0.2 0.24 0.74
23 48.0 295.0 55.0 33.0 0.12 -0.28 0.13 -0.41 0.46 0.69
24 43.0 302.0 68.0 30.0 0.08 -0.2 0.13 -0.26 0.58 1.53
25 38.0 295.0 70.0 30.0 0.19 -0.09 0.1 -0.22 0.52 1.68
26 33.0 283.0 66.0 28.0 0.37 -0.22 0.0 -0.75 -0.05 4.01
27 29.0 327.0 64.0 27.0 1.42 -1.48 -0.54 5.11 4.18 4.83
28 32.0 326.0 65.0 27.0 1.0 -1.19 -0.21 0.23 0.69 2.22
29 32.0 328.0 72.0 30.0 1.21 -0.93 -0.2 0.78 1.39 1.93
30 34.0 335.0 78.0 28.0 1.18 -0.66 -0.17 0.72 1.04 1.95
31 39.0 323.0 74.0 27.0 1.29 -0.52 -0.23 0.26 0.58 1.86
32 44.0 300.0 73.0 27.0 1.4 -0.94 -0.28 0.18 0.35 1.44
33 49.0 291.0 68.0 26.0 1.45 -1.15 -0.28 0.39 0.32 1.12
34 48.0 270.0 73.0 26.0 1.46 -1.39 -0.28 -0.01 0.42 0.41
35 63.0 265.0 69.0 26.0 1.46 -1.46 -0.28 -0.27 0.21 -0.11
36 79.0 304.0 75.0 29.0 1.44 -1.44 -0.28 -0.18 0.09 -0.2
37 92.0 317.0 79.0 28.0 1.41 -1.33 -0.25 -0.35 -0.04 -0.29
38 108.0 294.0 79.0 27.0 1.48 -1.24 -0.18 -0.77 -0.07 -0.86
39 127.0 263.0 74.0 27.0 1.49 -1.23 -0.11 -0.74 -0.14 -0.89
40 135.0 258.0 73.0 26.0 1.46 -1.18 0.04 -0.98 -0.12 -0.44
41 144.0 255.0 74.0 38.0 1.35 -1.09 0.11 -1.1 -0.39 -0.29
42 183.0 236.0 70.0 44.0 1.32 -1.04 0.12 -0.93 -0.3 -0.41
43 173.0 236.0 70.0 56.0 1.2 -0.95 0.1 -0.43 0.14 -1.21
44 194.0 216.0 74.0 88.0 1.04 -0.79 0.08 -0.06 -0.04 -1.26
45 202.0 217.0 76.0 84.0 0.97 -0.75 0.08 0.1 0.03 -1.58
46 213.0 224.0 78.0 83.0 0.86 -0.65 0.09 -0.27 -0.09 -2.06
47 209.0 197.0 87.0 88.0 0.87 -0.68 0.06 -0.31 -0.17 -2.09
48 245.0 180.0 90.0 82.0 0.94 -0.55 0.04 -0.4 -0.24 -1.91
49 237.0 181.0 86.0 73.0 0.93 -0.39 0.01 -0.13 -0.3 -1.09
50 228.0 191.0 88.0 68.0 0.85 -0.29 -0.0 -0.85 -0.17 -0.46
51 273.0 188.0 85.0 67.0 0.73 -0.13 -0.06 0.03 -0.14 -1.15
52 265.0 186.0 83.0 65.0 0.59 -0.23 -0.1 -0.07 -0.21 -1.82
53 246.0 181.0 86.0 71.0 0.56 -0.19 -0.06 -0.88 -0.46 -1.53
54 216.0 181.0 102.0 67.0 0.51 -0.17 -0.04 -0.39 -0.43 -0.84
55 235.0 176.0 107.0 70.0 0.48 -0.14 -0.02 -0.86 -0.59 -0.66
56 213.0 174.0 107.0 91.0 0.47 -0.17 0.01 -0.85 -0.52 -0.35
57 241.0 165.0 98.0 82.0 0.46 -0.19 0.09 -0.99 -0.52 -0.4
58 252.0 155.0 94.0 81.0 0.43 -0.19 0.19 -0.85 -0.51 -0.41
59 218.0 163.0 88.0 79.0 0.41 -0.18 0.22 -0.76 -0.36 -0.59
60 235.0 166.0 89.0 74.0 0.35 -0.17 0.27 -0.65 -0.36 -0.53
61 223.0 162.0 88.0 74.0 0.31 -0.15 0.28 -0.32 -0.06 -0.48
62 247.0 151.0 83.0 81.0 0.29 -0.14 0.27 -0.14 0.0 -0.41
63 211.0 141.0 81.0 73.0 0.22 -0.05 0.26 -0.06 0.07 -0.32
64 189.0 135.0 80.0 72.0 0.17 -0.08 0.23 0.09 0.07 -0.42
65 198.0 136.0 84.0 65.0 0.14 -0.08 0.21 0.09 -0.05 -0.5
66 185.0 134.0 80.0 63.0 0.08 -0.06 0.15 -0.1 -0.06 -0.58
67 208.0 139.0 79.0 65.0 0.05 -0.05 0.1 -0.18 -0.06 -0.43
68 193.0 136.0 81.0 74.0 0.05 -0.02 0.09 -0.23 -0.04 -0.22
69 163.0 149.0 85.0 71.0 0.05 0.02 0.08 -0.29 -0.03 -0.2
70 156.0 153.0 86.0 65.0 0.05 -0.01 0.08 -0.1 0.02 -0.18
71 151.0 169.0 81.0 69.0 0.02 0.01 0.07 -0.07 -0.01 -0.26
72 216.0 166.0 81.0 72.0 -0.01 0.03 0.05 -0.01 -0.01 -0.3
73 201.0 162.0 80.0 64.0 -0.05 0.03 0.04 -0.19 0.0 -0.44
74 207.0 153.0 79.0 58.0 -0.06 0.02 0.05 -0.15 -0.02 -0.48
75 169.0 157.0 79.0 57.0 -0.05 0.01 0.05 -0.09 0.07 -0.37
76 155.0 159.0 79.0 55.0 -0.08 -0.0 0.04 -0.09 0.05 -0.56
77 147.0 154.0 78.0 55.0 -0.09 -0.01 0.04 0.03 0.03 -0.63
78 120.0 153.0 83.0 51.0 -0.12 0.0 0.05 0.03 0.01 -0.49
79 101.0 148.0 85.0 45.0 -0.15 0.0 0.04 0.16 0.06 -0.36
80 96.0 160.0 82.0 48.0 -0.18 0.01 0.03 0.2 0.14 -0.29
81 125.0 154.0 78.0 45.0 -0.2 0.04 -0.0 0.17 0.15 -0.31
82 125.0 155.0 79.0 47.0 -0.2 0.06 -0.02 -0.03 0.13 -0.15
83 120.0 157.0 80.0 47.0 -0.2 0.05 -0.02 -0.02 0.18 -0.12
84 104.0 152.0 77.0 48.0 -0.2 0.04 -0.03 -0.24 0.12 -0.07
85 98.0 150.0 77.0 52.0 -0.21 0.05 -0.02 -0.25 0.08 -0.05
86 92.0 142.0 76.0 55.0 -0.21 0.05 0.0 -0.27 0.03 -0.14
87 91.0 142.0 84.0 51.0 -0.19 0.03 0.01 -0.24 0.04 -0.14
88 105.0 145.0 85.0 53.0 -0.16 0.02 0.03 -0.18 0.05 -0.2
89 96.0 141.0 79.0 49.0 -0.15 0.01 0.05 -0.13 0.05 -0.18
90 111.0 133.0 78.0 47.0 -0.14 0.01 0.06 -0.11 0.1 -0.2
91 109.0 138.0 78.0 45.0 -0.13 -0.0 0.06 -0.05 0.11 -0.12
92 90.0 135.0 79.0 43.0 -0.13 -0.01 0.06 -0.01 0.15 -0.12
93 91.0 132.0 80.0 40.0 -0.12 0.01 0.05 0.06 0.09 -0.16
94 84.0 129.0 78.0 42.0 -0.11 0.03 0.03 -0.02 0.06 -0.08
95 81.0 128.0 75.0 39.0 -0.11 0.03 0.02 0.0 0.07 -0.05
96 95.0 122.0 75.0 38.0 -0.09 0.03 0.01 -0.01 0.03 -0.04
97 95.0 123.0 77.0 35.0 -0.08 0.03 0.0 -0.08 0.1 0.01
98 82.0 119.0 76.0 38.0 -0.06 0.03 0.0 -0.08 0.1 0.04
99 99.0 114.0 72.0 39.0 -0.06 0.04 0.01 -0.15 0.06 0.09
100 89.0 112.0 72.0 37.0 -0.04 0.09 0.03 -0.14 -0.03 0.1
101 93.0 112.0 71.0 36.0 -0.03 0.1 0.04 -0.1 -0.03 0.04
102 87.0 108.0 72.0 36.0 0.0 0.09 0.04 -0.06 -0.08 -0.04
103 84.0 106.0 76.0 34.0 0.01 0.08 0.04 -0.07 -0.07 -0.15
104 82.0 107.0 73.0 33.0 0.03 0.04 0.03 -0.1 -0.01 -0.17
105 81.0 103.0 74.0 32.0 0.02 0.02 0.01 0.04 0.07 -0.28
106 81.0 103.0 70.0 34.0 -0.01 -0.0 0.0 0.14 0.11 -0.34
107 80.0 102.0 69.0 32.0 -0.03 0.0 -0.0 0.17 0.13 -0.37
108 79.0 101.0 69.0 31.0 -0.03 0.0 -0.02 0.15 0.09 -0.39
109 95.0 100.0 75.0 29.0 -0.03 0.02 -0.03 0.12 0.11 -0.19
110 93.0 99.0 75.0 28.0 -0.04 0.02 -0.04 0.04 0.05 -0.17
111 90.0 101.0 74.0 28.0 -0.05 0.02 -0.06 -0.05 0.12 -0.07
112 84.0 106.0 75.0 31.0 -0.06 0.0 -0.06 -0.15 0.09 -0.03
113 84.0 105.0 73.0 30.0 -0.07 -0.01 -0.05 -0.23 0.07 -0.04
114 81.0 105.0 72.0 28.0 -0.06 -0.01 -0.03 -0.23 0.12 -0.28
115 78.0 101.0 78.0 28.0 -0.04 -0.01 0.0 -0.24 0.1 -0.14
116 79.0 97.0 78.0 27.0 -0.04 -0.01 0.01 -0.18 0.04 -0.11
117 68.0 93.0 78.0 26.0 -0.04 -0.02 0.02 -0.16 0.02 -0.15
118 69.0 88.0 72.0 26.0 -0.05 0.0 0.01 -0.13 -0.09 -0.21
119 58.0 86.0 83.0 25.0 -0.06 0.03 0.01 -0.15 -0.11 -0.26
120 49.0 84.0 80.0 25.0 -0.09 0.08 -0.0 -0.24 -0.14 -0.47
121 42.0 80.0 78.0 25.0 -0.14 0.14 -0.0 -0.34 -0.21 -0.63
122 36.0 92.0 81.0 25.0 -0.17 0.19 0.0 -0.43 -0.22 -0.71
123 34.0 101.0 78.0 25.0 -0.23 0.31 0.01 -0.45 -0.38 -0.88
124 30.0 95.0 79.0 25.0 -0.33 0.5 0.04 -0.38 -0.46 -0.84
125 28.0 111.0 93.0 28.0 -0.4 0.6 0.05 -0.43 -0.59 -0.81
126 28.0 115.0 99.0 26.0 -0.56 0.77 0.07 -0.35 -0.66 -0.87
127 28.0 124.0 115.0 27.0 -0.76 0.9 0.1 -0.51 -0.8 -0.94
128 30.0 119.0 105.0 27.0 -0.84 0.98 0.12 -0.4 -0.79 -1.19
129 29.0 133.0 101.0 26.0 -0.92 1.11 0.16 -0.21 -0.68 -2.02
130 27.0 134.0 102.0 27.0 -0.99 1.01 0.21 -0.39 -0.62 -2.57
131 44.0 146.0 93.0 26.0 -1.03 0.94 0.23 -0.22 -0.58 -2.53
132 43.0 145.0 86.0 25.0 -1.08 1.01 0.29 -0.34 -0.45 -1.85
133 45.0 142.0 94.0 25.0 -1.3 1.14 0.32 -0.83 -0.45 -1.72
134 78.0 141.0 87.0 25.0 -1.42 1.22 0.3 -0.72 -0.51 -1.49
135 73.0 149.0 87.0 25.0 -1.56 1.21 0.19 -0.27 -0.46 -1.06
136 68.0 152.0 82.0 24.0 -1.65 1.27 0.14 0.04 -0.14 -0.8
137 72.0 146.0 81.0 24.0 -1.66 1.17 0.11 0.18 0.02 -0.54
138 69.0 148.0 84.0 25.0 -1.66 1.02 0.04 -0.32 -0.22 -0.48
139 85.0 148.0 83.0 24.0 -1.61 0.91 0.01 -0.04 -0.08 -0.6
140 89.0 149.0 77.0 23.0 -1.6 1.07 0.02 0.03 -0.09 -0.48
141 102.0 147.0 76.0 24.0 -1.53 1.44 0.01 -0.26 0.08 -0.17
142 86.0 152.0 72.0 25.0 -1.49 1.47 -0.01 -0.15 0.09 -0.03
143 98.0 163.0 72.0 24.0 -1.45 1.38 -0.02 -0.23 -0.03 0.06
144 104.0 155.0 76.0 25.0 -1.4 0.99 -0.11 -1.24 -0.17 0.33
145 90.0 160.0 73.0 28.0 -1.34 0.89 -0.06 -0.05 0.11 0.87
146 78.0 156.0 70.0 28.0 -1.3 1.06 -0.09 0.72 0.78 0.51
147 74.0 155.0 68.0 27.0 -1.24 1.51 -0.1 -0.16 0.02 0.66
148 75.0 150.0 67.0 26.0 -1.08 1.28 -0.1 -0.51 0.08 0.64
149 65.0 149.0 66.0 26.0 -1.03 1.15 -0.1 -0.2 0.08 0.55
150 54.0 148.0 66.0 25.0 -0.92 0.98 -0.12 -0.71 -0.13 0.11
151 53.0 147.0 67.0 24.0 -0.67 0.66 -0.06 -0.25 -0.16 -0.24
152 45.0 149.0 70.0 24.0 -0.45 0.47 -0.15 -2.3 0.81 1.4
153 39.0 144.0 74.0 24.0 0.75 -1.36 -0.22 2.96 5.23 2.2
154 35.0 141.0 80.0 24.0 0.6 -0.63 -0.25 2.33 0.57 -3.21
155 31.0 139.0 81.0 23.0 0.9 -0.05 -0.21 0.55 0.26 0.49
156 27.0 140.0 83.0 23.0 0.66 0.37 -0.23 0.43 0.58 0.52
157 25.0 140.0 77.0 24.0 0.1 0.3 -0.28 1.06 0.7 0.28
158 24.0 137.0 77.0 24.0 -0.15 0.28 -0.24 0.73 0.49 0.36
159 23.0 135.0 80.0 23.0 -0.31 0.22 -0.16 0.03 0.15 0.25
160 22.0 134.0 82.0 24.0 -0.21 0.43 -0.15 0.14 0.42 0.03
161 21.0 131.0 80.0 23.0 -0.2 0.53 -0.15 0.2 0.26 -0.02
162 20.0 128.0 80.0 23.0 -0.15 0.49 -0.1 0.0 -0.18 -0.2
163 19.0 123.0 78.0 23.0 -0.14 0.32 0.0 -0.1 -0.27 -0.18
164 19.0 118.0 76.0 24.0 -0.09 0.25 0.03 -0.13 -0.32 -0.12
165 19.0 116.0 75.0 24.0 -0.03 0.19 0.03 -0.18 -0.3 -0.12
166 19.0 112.0 79.0 24.0 0.01 0.2 0.02 -0.22 -0.16 -0.15
