1 21.0 95.0 68.0 23.0 -0.01 0.0 0.01 -0.09 0.04 0.04
2 20.0 95.0 73.0 24.0 -0.01 0.01 0.0 -0.13 0.02 0.0
3 19.0 95.0 72.0 24.0 0.01 0.02 0.01 -0.16 0.04 0.02
4 19.0 95.0 70.0 24.0 0.01 0.01 -0.0 -0.18 0.1 0.03
5 18.0 95.0 74.0 23.0 0.01 0.01 -0.01 -0.13 0.16 0.04
6 23.0 98.0 74.0 24.0 -0.0 -0.01 -0.01 -0.11 0.16 0.04
7 21.0 98.0 72.0 24.0 -0.02 -0.01 -0.02 -0.07 0.14 0.07
8 21.0 98.0 68.0 23.0 -0.02 -0.01 -0.02 -0.04 0.03 0.03
9 19.0 96.0 64.0 24.0 -0.02 0.0 -0.02 -0.05 0.01 0.04
10 17.0 96.0 64.0 23.0 -0.01 0.0 -0.01 -0.13 0.01 0.0
11 18.0 95.0 65.0 23.0 -0.01 -0.0 -0.0 -0.12 -0.01 0.0
12 19.0 95.0 71.0 24.0 -0.0 0.0 0.0 -0.12 0.06 0.02
13 18.0 94.0 69.0 23.0 0.0 -0.0 0.0 -0.14 0.07 0.03
14 19.0 95.0 69.0 24.0 0.0 -0.01 -0.01 -0.11 0.08 0.02
15 25.0 96.0 66.0 24.0 -0.0 -0.0 -0.01 -0.12 0.07 0.02
16 20.0 98.0 70.0 23.0 -0.01 -0.01 -0.01 -0.11 0.09 0.01
17 19.0 96.0 66.0 24.0 -0.01 -0.01 -0.01 -0.11 0.06 0.0
18 18.0 97.0 68.0 24.0 -0.01 -0.02 -0.01 -0.09 0.06 0.01
19 19.0 98.0 69.0 23.0 -0.01 -0.0 -0.01 0.0 0.04 0.07
20 18.0 101.0 64.0 23.0 -0.01 0.01 -0.01 -0.04 0.11 0.04
21 20.0 140.0 65.0 24.0 -0.02 0.01 0.0 -0.04 0.12 0.03
22 18.0 174.0 64.0 24.0 -0.04 0.01 0.0 -0.08 0.13 0.06
23 18.0 179.0 69.0 23.0 -0.04 0.01 0.01 0.1 0.1 0.12
24 19.0 185.0 65.0 32.0 -0.06 -0.0 0.02 0.15 0.09 0.21
25 37.0 218.0 64.0 50.0 -0.12 0.03 0.05 0.23 0.06 0.25
26 70.0 257.0 61.0 45.0 -0.14 0.05 0.06 0.2 0.08 0.14
27 85.0 251.0 71.0 44.0 -0.22 -0.02 0.1 -0.07 0.17 0.11
28 169.0 234.0 70.0 54.0 -0.33 -0.09 0.13 -0.15 0.29 0.17
29 143.0 247.0 68.0 49.0 -0.36 -0.04 0.12 -0.11 0.35 0.4
30 120.0 274.0 80.0 80.0 -0.41 0.16 0.05 0.05 0.35 0.55
31 108.0 280.0 80.0 81.0 -0.37 0.44 -0.02 0.03 0.09 0.85
32 100.0 314.0 74.0 78.0 -0.3 0.63 -0.04 -0.33 0.56 1.26
33 94.0 352.0 71.0 72.0 -0.12 0.39 -0.1 -0.94 0.54 1.33
34 120.0 346.0 70.0 68.0 0.05 -0.05 -0.03 -1.89 0.48 1.37
35 100.0 399.0 78.0 58.0 0.1 -0.18 0.03 -2.4 -0.92 2.1
36 81.0 383.0 75.0 50.0 0.53 -0.63 0.06 -5.47 -2.74 2.73
37 69.0 367.0 71.0 45.0 1.0 -1.35 0.26 -0.77 0.42 2.9
38 63.0 454.0 80.0 44.0 1.03 -1.17 0.38 -0.78 0.44 2.62
39 53.0 418.0 83.0 52.0 1.34 -0.53 0.52 -0.07 0.74 2.45
40 46.0 404.0 83.0 61.0 1.43 0.19 0.64 -0.86 0.55 2.38
41 40.0 389.0 83.0 54.0 1.49 0.23 0.69 -0.65 0.51 2.41
42 36.0 365.0 82.0 53.0 1.58 -0.04 0.77 -0.62 0.42 1.81
43 35.0 354.0 80.0 57.0 1.68 -0.15 0.88 -0.44 0.45 1.27
44 33.0 373.0 83.0 74.0 1.69 -0.16 0.92 -0.32 0.3 0.41
45 32.0 405.0 80.0 119.0 1.7 -0.15 0.98 -0.26 0.21 0.2
46 29.0 379.0 89.0 118.0 1.75 -0.21 1.08 -0.01 0.0 -0.37
47 27.0 327.0 109.0 97.0 1.82 -0.25 1.16 -0.64 -0.43 -0.08
48 23.0 269.0 118.0 80.0 1.99 -0.4 1.29 -1.06 -0.65 0.42
49 26.0 308.0 108.0 96.0 1.97 -0.24 1.28 -0.87 -0.65 0.51
50 30.0 427.0 106.0 85.0 1.89 -0.16 1.23 -0.08 -0.55 -0.35
51 26.0 391.0 97.0 71.0 1.73 -0.09 1.11 0.21 -0.46 -1.59
52 24.0 348.0 99.0 67.0 1.59 -0.25 1.03 0.02 -0.82 -1.58
53 22.0 313.0 98.0 63.0 1.52 -0.34 0.99 0.34 -0.81 -1.57
54 21.0 286.0 97.0 62.0 1.37 -0.46 0.88 0.33 -0.83 -1.59
55 20.0 264.0 99.0 59.0 1.24 -0.5 0.76 0.37 -0.83 -1.95
56 19.0 284.0 97.0 56.0 1.18 -0.48 0.7 0.32 -0.91 -1.9
57 19.0 289.0 107.0 61.0 1.07 -0.38 0.6 0.34 -0.99 -1.76
58 19.0 286.0 106.0 56.0 0.91 -0.36 0.51 0.42 -0.94 -1.82
59 17.0 287.0 108.0 57.0 0.83 -0.34 0.48 0.33 -0.81 -1.88
60 17.0 260.0 114.0 62.0 0.66 -0.33 0.41 0.36 -0.82 -1.97
61 17.0 251.0 116.0 54.0 0.49 -0.31 0.37 0.23 -0.87 -1.88
62 16.0 270.0 122.0 48.0 0.43 -0.33 0.34 0.26 -0.7 -1.32
63 17.0 267.0 122.0 46.0 0.29 -0.33 0.26 0.3 -0.64 -1.32
64 17.0 263.0 113.0 45.0 0.12 -0.21 0.17 0.22 -0.57 -1.44
65 18.0 255.0 122.0 50.0 0.05 -0.15 0.14 0.25 -0.51 -1.83
66 16.0 245.0 135.0 45.0 -0.04 -0.1 0.1 0.13 -0.52 -1.71
67 18.0 253.0 133.0 41.0 -0.11 -0.1 0.09 -0.03 -0.54 -0.85
68 21.0 268.0 124.0 41.0 -0.15 -0.11 0.07 -0.08 -0.46 -0.58
69 20.0 280.0 123.0 60.0 -0.21 -0.18 0.03 -0.1 -0.41 -0.43
70 20.0 279.0 124.0 60.0 -0.27 -0.13 -0.0 0.07 -0.25 -0.81
71 19.0 274.0 129.0 52.0 -0.29 -0.11 -0.0 0.02 -0.14 -0.62
72 18.0 259.0 124.0 46.0 -0.27 -0.07 0.01 0.02 0.03 -0.14
73 18.0 256.0 115.0 48.0 -0.28 0.06 -0.02 -0.03 0.11 -0.05
74 17.0 228.0 118.0 49.0 -0.29 0.1 -0.04 -0.12 0.21 -0.16
75 16.0 225.0 123.0 44.0 -0.3 0.08 -0.05 -0.11 0.21 -0.16
76 17.0 246.0 119.0 40.0 -0.28 0.03 -0.04 -0.12 0.26 0.19
77 17.0 244.0 116.0 62.0 -0.28 0.05 -0.04 -0.1 0.29 0.33
78 17.0 241.0 120.0 56.0 -0.28 0.12 -0.07 -0.12 0.29 0.28
79 17.0 228.0 117.0 52.0 -0.25 0.06 -0.06 -0.15 0.25 0.04
80 16.0 235.0 120.0 47.0 -0.22 0.02 -0.04 -0.12 0.2 0.16
81 17.0 247.0 118.0 45.0 -0.18 0.04 -0.01 -0.13 0.22 0.27
82 18.0 245.0 118.0 42.0 -0.15 0.07 -0.01 -0.23 0.25 0.29
83 19.0 254.0 113.0 46.0 -0.14 0.07 -0.01 -0.32 0.28 0.03
84 17.0 246.0 113.0 47.0 -0.11 0.04 0.0 -0.26 0.29 0.04
85 17.0 223.0 121.0 46.0 -0.09 0.04 0.02 -0.27 0.28 0.04
86 17.0 264.0 117.0 43.0 -0.07 0.03 0.03 -0.19 0.19 -0.04
87 17.0 249.0 108.0 40.0 -0.05 -0.0 0.06 -0.15 0.21 0.0
88 18.0 268.0 114.0 48.0 -0.03 0.0 0.07 -0.06 0.1 0.07
89 18.0 245.0 106.0 45.0 -0.03 -0.01 0.06 0.01 0.07 0.05
90 17.0 238.0 103.0 43.0 -0.02 -0.03 0.04 0.08 0.1 -0.07
91 17.0 225.0 104.0 42.0 -0.01 0.02 0.02 0.0 0.11 -0.13
92 17.0 221.0 104.0 38.0 -0.01 0.04 0.02 -0.07 0.1 0.03
93 16.0 219.0 109.0 41.0 0.0 0.03 0.0 -0.04 0.09 -0.03
94 16.0 213.0 112.0 38.0 0.02 -0.02 -0.0 -0.02 0.13 -0.05
95 16.0 223.0 106.0 40.0 0.02 -0.01 0.0 -0.01 0.11 0.01
96 16.0 207.0 109.0 37.0 0.03 0.02 -0.0 -0.01 0.11 0.07
97 16.0 234.0 108.0 38.0 0.03 0.02 -0.01 -0.02 0.11 0.06
98 16.0 230.0 104.0 40.0 0.04 0.01 -0.02 0.05 0.1 -0.03
99 15.0 241.0 105.0 38.0 0.05 0.0 -0.03 0.05 0.09 -0.1
100 16.0 260.0 102.0 34.0 0.04 0.03 -0.04 -0.04 0.24 -0.14
101 15.0 264.0 111.0 38.0 0.03 0.05 -0.05 -0.19 0.22 -0.24
102 16.0 250.0 109.0 41.0 0.0 0.04 -0.04 -0.24 0.19 -0.23
103 15.0 230.0 113.0 40.0 -0.01 0.02 -0.02 -0.32 0.15 -0.23
104 16.0 261.0 108.0 42.0 -0.02 0.0 -0.01 -0.33 0.13 -0.13
105 17.0 253.0 110.0 40.0 -0.03 -0.01 0.03 -0.35 0.1 -0.15
106 16.0 252.0 107.0 37.0 -0.04 -0.03 0.07 -0.26 -0.03 0.01
107 16.0 244.0 103.0 37.0 -0.03 -0.05 0.08 -0.15 -0.07 0.04
108 16.0 224.0 103.0 34.0 -0.0 -0.05 0.07 0.09 -0.07 0.0
109 16.0 221.0 99.0 37.0 0.02 -0.0 0.03 0.22 -0.01 -0.17
110 16.0 221.0 109.0 35.0 0.03 0.01 0.02 0.21 0.02 -0.14
111 15.0 228.0 105.0 33.0 0.02 0.04 -0.02 0.25 0.04 -0.23
112 16.0 231.0 106.0 37.0 0.01 0.04 -0.06 0.15 0.1 -0.16
113 16.0 217.0 107.0 38.0 -0.01 0.06 -0.08 0.07 0.06 -0.2
114 16.0 241.0 111.0 40.0 -0.04 0.07 -0.09 0.02 0.03 -0.24
115 16.0 220.0 111.0 36.0 -0.04 0.04 -0.08 -0.08 0.02 -0.11
116 16.0 247.0 109.0 31.0 -0.05 0.04 -0.07 -0.14 0.02 -0.11
117 16.0 222.0 116.0 33.0 -0.05 0.03 -0.05 -0.12 0.0 -0.05
118 16.0 215.0 106.0 31.0 -0.06 0.03 -0.04 -0.08 -0.06 -0.14
119 16.0 238.0 101.0 30.0 -0.06 0.02 -0.04 -0.05 -0.07 -0.18
120 16.0 248.0 97.0 28.0 -0.07 0.03 -0.05 0.02 -0.22 -0.39
121 15.0 238.0 95.0 27.0 -0.12 0.05 -0.08 0.19 -0.3 -0.55
122 15.0 211.0 100.0 27.0 -0.15 0.06 -0.1 0.16 -0.31 -0.66
123 16.0 198.0 98.0 26.0 -0.25 0.07 -0.15 0.35 -0.4 -0.93
124 20.0 200.0 98.0 26.0 -0.4 0.11 -0.23 0.4 -0.58 -1.15
125 19.0 184.0 119.0 25.0 -0.48 0.14 -0.28 0.61 -0.74 -1.48
126 19.0 178.0 111.0 25.0 -0.64 0.21 -0.38 0.71 -0.88 -1.93
127 17.0 178.0 104.0 24.0 -0.83 0.41 -0.47 0.83 -1.17 -2.21
128 18.0 166.0 93.0 24.0 -0.92 0.53 -0.53 0.82 -1.19 -2.29
129 18.0 159.0 87.0 22.0 -1.12 0.65 -0.64 1.14 -0.69 -2.6
130 19.0 155.0 81.0 24.0 -1.47 0.89 -0.71 0.6 -1.05 -2.42
131 21.0 151.0 78.0 24.0 -1.63 0.81 -0.78 0.28 -1.03 -2.47
132 20.0 165.0 75.0 24.0 -1.93 0.77 -0.88 0.73 -0.49 -1.88
133 19.0 169.0 72.0 28.0 -2.24 0.86 -0.97 0.45 -0.41 -1.58
134 18.0 155.0 71.0 26.0 -2.31 0.81 -1.02 0.38 -0.24 -1.55
135 18.0 149.0 67.0 30.0 -2.41 0.69 -1.08 0.54 0.02 -1.8
136 18.0 148.0 65.0 31.0 -2.33 0.36 -1.08 -0.22 -0.34 -1.03
137 19.0 148.0 63.0 28.0 -2.26 0.17 -1.08 -0.45 -0.47 -0.58
138 18.0 145.0 60.0 39.0 -2.14 -0.08 -1.07 -0.65 -0.7 1.12
139 19.0 152.0 58.0 43.0 -1.99 -0.03 -1.05 -0.09 -0.31 2.05
140 18.0 153.0 56.0 41.0 -1.93 0.1 -1.08 -1.35 -0.57 2.31
141 18.0 144.0 55.0 38.0 -1.76 0.33 -1.02 -0.44 -0.05 1.91
142 17.0 142.0 54.0 36.0 -1.62 0.35 -1.04 -0.54 -0.03 0.87
143 17.0 142.0 52.0 33.0 -1.5 0.27 -0.99 -0.89 -0.26 0.48
144 17.0 140.0 50.0 30.0 -1.22 0.15 -0.85 -1.03 -0.47 0.73
145 16.0 140.0 49.0 29.0 -1.0 0.25 -0.77 -0.32 -0.14 0.51
146 20.0 137.0 48.0 28.0 -0.95 0.39 -0.73 -0.24 -0.02 0.2
147 24.0 133.0 55.0 26.0 -0.79 1.15 -0.53 1.67 0.76 -1.82
148 19.0 132.0 55.0 26.0 -0.16 1.89 -0.33 -10.5 -4.65 12.57
149 22.0 126.0 57.0 24.0 0.9 0.9 -0.4 -16.83 -6.33 22.65
150 26.0 120.0 57.0 25.0 0.64 -1.67 -0.01 3.31 0.35 -0.23
151 23.0 115.0 57.0 25.0 0.46 -0.16 -0.06 1.12 1.24 -1.66
152 22.0 112.0 56.0 24.0 0.51 0.35 -0.04 0.48 1.09 -0.9
153 21.0 108.0 56.0 24.0 0.32 0.04 -0.13 0.22 0.88 0.7
154 20.0 104.0 59.0 24.0 0.08 -0.37 -0.15 0.1 0.27 0.39
155 19.0 97.0 67.0 24.0 0.01 -0.32 -0.12 0.15 0.1 0.38
156 18.0 95.0 65.0 23.0 0.0 -0.11 -0.04 0.3 -0.17 0.22
157 18.0 87.0 63.0 23.0 0.1 0.03 -0.03 -0.04 0.18 0.11
158 17.0 82.0 60.0 24.0 0.11 0.1 -0.05 -0.2 -0.01 0.17
159 17.0 79.0 62.0 23.0 0.14 0.12 -0.06 -0.24 -0.07 -0.12
160 17.0 77.0 65.0 24.0 0.12 0.04 -0.05 -0.38 -0.18 -0.08
161 17.0 77.0 65.0 24.0 0.15 -0.03 -0.04 -0.25 0.05 -0.02
162 16.0 76.0 68.0 22.0 0.19 -0.14 -0.05 -0.36 0.03 0.0
163 15.0 77.0 65.0 23.0 0.19 -0.19 -0.04 -0.36 0.06 -0.03
164 17.0 80.0 62.0 24.0 0.19 -0.22 -0.05 -0.31 0.06 -0.05
165 16.0 80.0 62.0 23.0 0.18 -0.3 -0.04 -0.18 0.09 -0.01
166 16.0 81.0 72.0 23.0 0.18 -0.39 -0.02 -0.11 0.19 0.08
