1 18.0 108.0 70.0 23.0 -0.01 -0.02 -0.01 -0.14 0.15 0.03
2 18.0 107.0 67.0 23.0 -0.01 -0.03 -0.02 -0.09 0.15 0.05
3 18.0 105.0 63.0 24.0 -0.01 -0.03 -0.02 -0.07 0.15 0.02
4 17.0 105.0 60.0 24.0 -0.0 -0.03 -0.02 0.0 0.12 0.07
5 17.0 106.0 59.0 24.0 -0.01 -0.01 -0.02 0.01 0.11 0.05
6 16.0 105.0 59.0 24.0 -0.01 -0.0 -0.03 0.0 0.12 0.06
7 18.0 105.0 62.0 24.0 -0.01 0.01 -0.03 -0.06 0.11 0.0
8 18.0 104.0 63.0 23.0 -0.01 0.01 -0.03 -0.11 0.11 -0.01
9 17.0 103.0 65.0 23.0 -0.01 -0.0 -0.03 -0.09 0.1 0.03
10 17.0 104.0 63.0 23.0 -0.0 -0.02 -0.02 -0.09 0.15 0.01
11 21.0 106.0 60.0 24.0 -0.0 -0.03 -0.02 -0.02 0.11 0.01
12 24.0 103.0 57.0 23.0 -0.01 -0.03 -0.02 0.0 0.11 0.03
13 53.0 107.0 58.0 23.0 -0.01 -0.02 -0.02 0.01 0.13 0.03
14 57.0 112.0 63.0 23.0 -0.01 0.01 -0.02 -0.01 0.09 0.08
15 58.0 124.0 61.0 23.0 -0.01 0.04 -0.02 -0.05 0.13 0.12
16 66.0 129.0 67.0 23.0 -0.02 0.14 -0.03 0.12 0.14 0.14
17 71.0 146.0 69.0 23.0 -0.03 0.23 -0.04 0.33 0.17 0.08
18 65.0 166.0 66.0 23.0 -0.04 0.24 -0.03 -0.11 0.17 0.04
19 63.0 265.0 64.0 23.0 -0.02 0.19 -0.04 -0.32 0.1 -0.02
20 70.0 266.0 62.0 31.0 0.03 0.02 -0.03 -0.39 0.04 -0.03
21 97.0 277.0 66.0 41.0 0.05 -0.08 -0.02 -0.36 0.09 -0.01
22 93.0 284.0 68.0 40.0 0.01 -0.29 0.02 -0.25 0.01 0.02
23 79.0 273.0 71.0 36.0 -0.03 -0.39 0.07 0.13 0.16 0.07
24 69.0 265.0 71.0 37.0 -0.06 -0.43 0.09 0.23 0.22 0.12
25 86.0 281.0 74.0 43.0 -0.21 -0.43 0.14 0.67 0.64 0.4
26 89.0 289.0 68.0 50.0 -0.36 -0.29 0.12 0.33 0.71 0.41
27 98.0 307.0 69.0 102.0 -0.37 -0.08 0.07 0.36 0.58 0.47
28 90.0 333.0 75.0 108.0 -0.34 0.28 0.02 0.7 0.34 0.45
29 85.0 343.0 75.0 94.0 -0.26 0.31 0.02 0.01 0.24 0.7
30 76.0 302.0 77.0 80.0 -0.2 0.27 0.04 -0.56 0.12 1.13
31 70.0 323.0 71.0 75.0 -0.13 0.16 0.07 -1.04 0.11 1.5
32 66.0 309.0 65.0 64.0 0.08 -0.05 0.08 -1.0 0.21 1.41
33 59.0 370.0 63.0 58.0 0.18 -0.1 0.1 -1.1 0.17 1.39
34 59.0 362.0 63.0 61.0 0.8 -0.54 0.01 1.07 2.89 3.24
35 54.0 357.0 73.0 54.0 0.82 -1.15 0.2 -1.28 0.68 2.7
36 43.0 355.0 69.0 48.0 0.93 -1.15 0.33 -0.98 0.3 2.83
37 38.0 404.0 65.0 47.0 1.26 -0.65 0.43 -0.45 0.73 2.82
38 35.0 441.0 63.0 42.0 1.47 -0.05 0.57 -0.86 0.63 1.95
39 32.0 404.0 61.0 40.0 1.55 0.03 0.65 -0.86 0.7 1.43
40 26.0 369.0 62.0 39.0 1.68 -0.12 0.82 -1.02 0.48 1.39
41 27.0 407.0 68.0 39.0 1.73 -0.29 1.0 -1.14 0.26 1.49
42 24.0 369.0 70.0 40.0 1.75 -0.33 1.07 -1.13 0.07 1.26
43 26.0 379.0 67.0 44.0 1.81 -0.37 1.18 -1.11 0.03 0.87
44 21.0 337.0 64.0 40.0 1.76 -0.33 1.3 -0.81 0.04 0.46
45 21.0 332.0 62.0 41.0 1.75 -0.33 1.35 -0.76 -0.04 0.29
46 20.0 308.0 75.0 36.0 1.72 -0.32 1.41 -0.86 -0.4 0.02
47 18.0 282.0 74.0 34.0 1.73 -0.49 1.36 -0.68 -0.41 -0.25
48 15.0 298.0 93.0 33.0 1.73 -0.52 1.31 -0.07 -0.27 -0.55
49 18.0 284.0 94.0 33.0 1.65 -0.43 1.22 0.27 -0.45 -0.91
50 18.0 282.0 92.0 31.0 1.56 -0.27 1.11 0.54 -0.53 -1.36
51 18.0 268.0 89.0 34.0 1.48 -0.22 1.06 0.76 -0.58 -1.45
52 17.0 253.0 88.0 32.0 1.35 -0.24 0.95 0.73 -0.74 -1.72
53 17.0 266.0 89.0 30.0 1.21 -0.27 0.85 0.61 -0.81 -1.78
54 17.0 254.0 91.0 29.0 1.14 -0.29 0.79 0.65 -0.85 -1.79
55 16.0 263.0 92.0 28.0 0.99 -0.28 0.69 0.65 -0.89 -1.85
56 16.0 297.0 94.0 28.0 0.83 -0.27 0.58 0.69 -0.86 -1.79
57 16.0 289.0 87.0 30.0 0.76 -0.26 0.52 0.7 -0.86 -2.0
58 17.0 304.0 92.0 28.0 0.63 -0.29 0.4 0.67 -0.95 -2.0
59 17.0 305.0 88.0 27.0 0.58 -0.3 0.35 0.45 -0.84 -1.99
60 17.0 289.0 83.0 27.0 0.49 -0.24 0.25 0.36 -0.86 -2.02
61 17.0 290.0 89.0 26.0 0.35 -0.05 0.13 0.19 -0.83 -2.11
62 19.0 312.0 94.0 28.0 0.27 0.04 0.08 -0.11 -0.7 -1.92
63 20.0 332.0 95.0 29.0 0.09 0.11 0.01 -0.16 -0.63 -1.87
64 18.0 324.0 91.0 29.0 -0.1 0.06 0.02 -0.07 -0.76 -1.81
65 18.0 301.0 89.0 28.0 -0.14 -0.06 0.02 -0.07 -0.74 -1.44
66 17.0 296.0 86.0 27.0 -0.27 -0.26 0.07 -0.44 -0.92 -1.04
67 17.0 309.0 82.0 31.0 -0.35 -0.48 0.05 -0.26 -0.77 -0.51
68 17.0 306.0 89.0 30.0 -0.36 -0.53 0.02 0.12 -0.47 -0.46
69 17.0 306.0 88.0 29.0 -0.39 -0.39 0.01 0.27 -0.25 -0.62
70 18.0 327.0 94.0 28.0 -0.34 -0.19 0.02 0.0 -0.09 -0.28
71 17.0 305.0 87.0 32.0 -0.32 -0.1 0.02 -0.04 0.18 0.42
72 17.0 279.0 82.0 32.0 -0.27 0.03 -0.01 -0.06 0.26 0.52
73 17.0 269.0 90.0 32.0 -0.24 0.04 -0.03 -0.07 0.42 0.5
74 17.0 277.0 91.0 33.0 -0.22 0.03 -0.02 -0.08 0.45 0.44
75 17.0 262.0 95.0 34.0 -0.16 0.04 0.0 -0.11 0.42 0.5
76 16.0 239.0 88.0 32.0 -0.08 0.07 0.04 -0.13 0.55 0.75
77 16.0 239.0 95.0 30.0 -0.05 0.07 0.05 -0.12 0.6 0.66
78 16.0 259.0 93.0 30.0 0.01 0.03 0.08 -0.07 0.6 0.56
79 16.0 288.0 99.0 29.0 0.04 0.03 0.1 0.01 0.57 0.38
80 16.0 264.0 109.0 28.0 0.06 0.03 0.11 0.01 0.5 0.36
81 16.0 264.0 107.0 27.0 0.11 0.0 0.1 0.0 0.49 0.32
82 17.0 307.0 100.0 25.0 0.12 0.01 0.09 0.0 0.43 0.09
83 18.0 282.0 101.0 26.0 0.12 0.02 0.09 0.0 0.31 -0.08
84 17.0 251.0 102.0 29.0 0.12 0.02 0.09 -0.01 0.24 -0.18
85 16.0 238.0 98.0 28.0 0.12 0.02 0.1 -0.06 0.11 -0.12
86 17.0 222.0 99.0 27.0 0.12 0.03 0.09 -0.04 0.0 -0.15
87 18.0 224.0 106.0 26.0 0.11 -0.0 0.08 -0.04 -0.07 -0.15
88 17.0 237.0 104.0 28.0 0.11 -0.04 0.07 0.01 -0.06 -0.23
89 17.0 250.0 99.0 32.0 0.11 -0.04 0.07 -0.04 -0.06 -0.24
90 17.0 254.0 109.0 30.0 0.11 -0.02 0.05 -0.01 -0.03 -0.27
91 17.0 241.0 111.0 29.0 0.13 -0.01 0.04 -0.14 -0.12 -0.25
92 16.0 228.0 102.0 28.0 0.13 -0.01 0.03 -0.15 -0.02 -0.29
93 17.0 246.0 100.0 27.0 0.13 0.02 0.01 -0.15 -0.04 -0.32
94 17.0 244.0 97.0 26.0 0.11 0.03 -0.0 -0.15 0.04 -0.48
95 16.0 250.0 100.0 30.0 0.09 0.04 -0.01 -0.14 0.0 -0.46
96 17.0 241.0 96.0 30.0 0.06 0.04 -0.01 -0.16 -0.01 -0.39
97 16.0 231.0 96.0 29.0 0.03 0.03 -0.01 -0.16 -0.01 -0.35
98 16.0 212.0 97.0 29.0 0.02 0.01 -0.01 -0.13 -0.04 -0.29
99 17.0 221.0 103.0 29.0 0.01 -0.02 -0.01 -0.09 -0.05 -0.27
100 16.0 227.0 106.0 28.0 -0.01 0.01 -0.01 -0.12 -0.03 -0.26
101 16.0 236.0 106.0 26.0 -0.01 0.02 -0.01 -0.15 -0.07 -0.09
102 16.0 227.0 103.0 26.0 -0.0 0.01 0.0 -0.14 -0.04 -0.08
103 16.0 219.0 104.0 26.0 -0.0 0.01 -0.01 -0.11 0.04 -0.24
104 16.0 221.0 102.0 29.0 -0.0 0.01 -0.02 -0.11 0.08 -0.35
105 16.0 203.0 101.0 28.0 -0.02 0.03 -0.03 -0.07 0.1 -0.34
106 16.0 197.0 114.0 28.0 -0.03 0.04 -0.03 -0.07 0.14 -0.18
107 16.0 204.0 118.0 29.0 -0.04 0.05 -0.03 -0.08 0.19 -0.06
108 16.0 209.0 105.0 29.0 -0.07 0.03 -0.03 -0.07 0.18 0.04
109 16.0 217.0 97.0 31.0 -0.1 0.03 -0.04 -0.08 0.2 -0.05
110 16.0 229.0 101.0 34.0 -0.13 0.04 -0.04 -0.05 0.13 -0.26
111 16.0 210.0 96.0 32.0 -0.13 0.01 -0.03 -0.07 0.1 -0.21
112 17.0 188.0 104.0 29.0 -0.1 0.02 -0.01 -0.1 0.05 0.0
113 17.0 193.0 109.0 28.0 -0.1 0.04 -0.0 -0.11 0.06 0.11
114 16.0 238.0 107.0 27.0 -0.08 0.03 -0.01 -0.13 0.08 0.1
115 17.0 251.0 101.0 27.0 -0.08 0.02 -0.02 -0.08 0.15 -0.09
116 17.0 235.0 108.0 26.0 -0.07 0.02 -0.01 -0.09 0.2 -0.13
117 17.0 225.0 104.0 26.0 -0.05 0.03 0.0 -0.07 0.15 -0.05
118 17.0 221.0 98.0 25.0 -0.02 0.02 0.01 -0.07 0.2 0.09
119 16.0 208.0 100.0 25.0 -0.02 0.02 0.01 -0.06 0.21 -0.01
120 16.0 209.0 104.0 26.0 -0.02 0.01 0.01 -0.09 0.21 0.02
121 16.0 208.0 96.0 25.0 -0.01 0.03 0.01 -0.05 0.16 -0.05
122 16.0 211.0 100.0 26.0 -0.02 0.04 0.02 -0.04 0.0 -0.11
123 17.0 238.0 96.0 26.0 -0.02 0.0 0.02 -0.02 0.02 -0.1
124 17.0 226.0 101.0 27.0 -0.01 -0.01 0.01 0.1 0.06 -0.13
125 16.0 216.0 97.0 27.0 -0.01 -0.0 0.0 0.08 0.0 -0.18
126 17.0 203.0 98.0 26.0 -0.02 0.01 -0.02 0.1 0.1 -0.26
127 16.0 217.0 95.0 26.0 -0.04 0.02 -0.02 0.07 0.09 -0.21
128 16.0 219.0 100.0 27.0 -0.05 0.03 -0.02 0.08 0.08 -0.25
129 16.0 214.0 95.0 35.0 -0.09 -0.0 -0.02 0.04 0.08 -0.22
130 16.0 213.0 94.0 33.0 -0.11 -0.03 -0.03 0.13 -0.01 -0.14
131 16.0 193.0 97.0 32.0 -0.11 -0.02 -0.04 0.01 -0.1 -0.18
132 15.0 191.0 92.0 31.0 -0.11 -0.01 -0.06 0.0 -0.13 -0.19
133 16.0 224.0 89.0 30.0 -0.12 0.03 -0.08 -0.02 -0.08 -0.28
134 16.0 212.0 101.0 29.0 -0.12 0.05 -0.08 -0.02 -0.1 -0.4
135 16.0 185.0 100.0 27.0 -0.13 0.06 -0.09 -0.01 -0.1 -0.4
136 16.0 186.0 95.0 27.0 -0.16 0.08 -0.1 0.01 -0.32 -0.56
137 16.0 170.0 89.0 26.0 -0.18 0.09 -0.1 0.06 -0.54 -0.76
138 16.0 180.0 90.0 26.0 -0.23 0.11 -0.13 0.11 -0.62 -0.88
139 15.0 168.0 83.0 25.0 -0.3 0.15 -0.18 0.22 -0.83 -1.13
140 15.0 182.0 87.0 25.0 -0.34 0.19 -0.22 0.49 -0.91 -1.53
141 16.0 184.0 83.0 25.0 -0.47 0.32 -0.32 0.62 -0.92 -1.7
142 16.0 169.0 79.0 24.0 -0.65 0.49 -0.45 0.91 -0.83 -2.32
143 20.0 149.0 85.0 24.0 -0.75 0.59 -0.52 0.75 -0.88 -2.55
144 28.0 135.0 80.0 25.0 -0.99 0.72 -0.67 0.64 -0.94 -2.4
145 47.0 127.0 75.0 24.0 -1.25 0.68 -0.82 0.28 -1.09 -2.12
146 51.0 116.0 72.0 24.0 -1.39 0.61 -0.88 0.31 -0.85 -1.93
147 61.0 109.0 85.0 24.0 -1.64 0.5 -0.95 0.3 -0.6 -2.13
148 56.0 123.0 90.0 24.0 -1.86 0.39 -1.02 0.87 -0.15 -1.85
149 47.0 135.0 95.0 24.0 -1.99 0.49 -1.03 -0.28 -0.85 -0.65
150 40.0 164.0 112.0 29.0 -2.3 0.48 -1.14 -0.14 -0.46 -0.29
151 36.0 157.0 110.0 41.0 -2.48 0.44 -1.2 0.72 -0.23 -1.0
152 31.0 144.0 111.0 61.0 -2.51 0.47 -1.19 0.25 -0.29 -1.53
153 29.0 142.0 112.0 54.0 -2.35 0.39 -1.14 0.1 -0.3 -1.41
154 26.0 141.0 104.0 48.0 -2.2 0.13 -1.05 -0.47 -1.12 0.35
155 23.0 136.0 95.0 42.0 -2.14 0.1 -0.99 -0.54 -1.07 1.54
156 22.0 157.0 93.0 44.0 -2.02 0.46 -0.94 -1.22 -1.04 1.69
157 21.0 169.0 93.0 41.0 -1.86 0.84 -0.97 -0.43 -0.4 0.72
158 20.0 172.0 95.0 37.0 -1.76 0.87 -1.03 -0.39 -0.24 -1.18
159 19.0 163.0 96.0 34.0 -1.64 0.72 -1.02 -0.39 -0.21 -1.15
160 19.0 150.0 92.0 32.0 -1.51 0.54 -0.85 0.05 -0.07 -0.74
161 21.0 139.0 89.0 31.0 -1.48 0.57 -0.8 4.31 1.8 -1.77
162 19.0 133.0 98.0 28.0 -1.38 2.08 -0.48 0.29 0.53 -0.2
163 21.0 130.0 100.0 27.0 -0.34 2.53 -0.49 -19.62 -9.62 18.26
164 28.0 121.0 110.0 27.0 1.31 0.16 -0.28 5.05 3.1 0.12
165 27.0 114.0 102.0 26.0 0.51 0.24 -0.18 1.11 2.7 -4.07
166 24.0 110.0 95.0 25.0 0.69 1.56 -0.0 0.36 1.3 -2.15
167 25.0 110.0 87.0 25.0 0.56 1.58 -0.07 -1.18 0.08 1.15
168 24.0 107.0 81.0 25.0 0.34 0.54 -0.24 -0.95 0.01 1.3
169 22.0 105.0 84.0 24.0 0.04 -0.4 -0.21 -0.46 -0.13 0.69
170 20.0 99.0 84.0 24.0 -0.02 -0.47 -0.15 -0.48 -0.2 -0.3
171 19.0 100.0 81.0 24.0 0.18 -0.18 -0.08 -0.09 -0.02 -0.39
172 19.0 100.0 81.0 24.0 0.29 -0.08 -0.04 0.25 -0.15 0.17
173 19.0 98.0 79.0 24.0 0.3 -0.09 -0.02 0.14 -0.01 0.2
174 17.0 94.0 77.0 23.0 0.21 -0.19 -0.0 -0.05 -0.06 0.1
175 18.0 91.0 83.0 23.0 0.16 -0.23 0.02 -0.26 0.07 0.16
176 18.0 88.0 84.0 23.0 0.16 -0.23 0.02 0.02 0.11 0.17
177 18.0 86.0 80.0 23.0 0.18 -0.24 0.01 0.03 0.09 0.18
178 17.0 84.0 88.0 23.0 0.14 -0.21 0.01 -0.08 0.05 0.24
