1 33.0 81.0 60.0 24.0 -0.02 0.15 -0.0 -0.02 0.11 0.08
2 33.0 80.0 62.0 23.0 -0.03 0.15 0.01 0.0 0.11 0.05
3 31.0 79.0 63.0 23.0 -0.04 0.13 0.02 -0.07 0.12 0.04
4 28.0 77.0 63.0 23.0 -0.06 0.1 0.02 -0.1 0.13 0.02
5 31.0 76.0 67.0 23.0 -0.06 0.09 0.02 -0.17 0.11 -0.02
6 28.0 76.0 64.0 23.0 -0.06 0.06 0.02 -0.19 0.09 0.03
7 26.0 77.0 62.0 23.0 -0.06 0.02 0.02 -0.12 0.13 0.01
8 24.0 78.0 60.0 23.0 -0.05 0.0 0.02 -0.12 0.13 0.0
9 23.0 79.0 62.0 23.0 -0.04 -0.02 0.02 -0.07 0.11 0.07
10 31.0 80.0 75.0 23.0 -0.03 -0.03 0.01 -0.06 0.11 0.03
11 28.0 78.0 71.0 23.0 -0.03 -0.03 0.01 -0.06 0.13 0.04
12 26.0 78.0 68.0 23.0 -0.02 -0.01 0.0 -0.08 0.11 0.05
13 28.0 77.0 70.0 24.0 -0.01 -0.01 0.0 -0.08 0.1 0.04
14 25.0 77.0 72.0 24.0 -0.01 -0.01 0.0 -0.01 0.08 0.05
15 23.0 88.0 70.0 23.0 -0.01 0.0 0.01 0.04 0.12 0.1
16 26.0 119.0 66.0 24.0 -0.01 0.01 0.01 0.04 0.14 0.13
17 23.0 200.0 67.0 25.0 -0.03 0.06 0.01 0.07 0.18 0.12
18 28.0 214.0 70.0 26.0 -0.04 0.11 0.02 0.22 0.16 0.22
19 26.0 251.0 68.0 54.0 -0.03 0.14 0.03 0.39 0.14 0.35
20 26.0 279.0 65.0 56.0 -0.07 0.19 0.04 0.33 0.15 0.38
21 24.0 276.0 66.0 67.0 -0.15 0.2 0.09 0.37 0.08 0.32
22 43.0 284.0 64.0 60.0 -0.2 0.17 0.11 0.0 0.21 0.2
23 37.0 292.0 68.0 81.0 -0.35 0.05 0.15 0.21 0.27 0.44
24 34.0 274.0 66.0 101.0 -0.24 0.33 0.17 0.0 0.5 0.5
25 31.0 247.0 63.0 98.0 -0.13 0.44 0.13 0.15 0.33 0.86
26 27.0 233.0 61.0 85.0 0.11 1.05 0.15 0.11 0.45 1.1
27 25.0 313.0 64.0 82.0 0.25 1.36 0.17 -0.71 0.44 1.74
28 24.0 336.0 72.0 85.0 0.25 1.33 0.21 -1.38 0.57 1.86
29 27.0 301.0 69.0 77.0 0.17 1.01 0.28 -1.7 0.43 1.8
30 29.0 302.0 73.0 66.0 0.85 -0.04 0.48 -2.32 0.95 2.87
31 32.0 328.0 76.0 56.0 0.79 -0.51 0.46 -2.41 0.46 3.04
32 57.0 297.0 76.0 48.0 0.99 -0.74 0.61 -2.61 0.53 3.01
33 59.0 286.0 74.0 44.0 1.19 -0.39 0.76 -1.48 0.84 2.84
34 50.0 286.0 72.0 40.0 1.29 -0.18 0.85 -1.77 0.72 2.31
35 43.0 278.0 71.0 48.0 1.49 -0.41 0.93 -1.4 0.73 2.22
36 38.0 279.0 83.0 43.0 1.58 -0.56 1.0 -1.43 0.63 2.0
37 33.0 258.0 80.0 40.0 1.59 -0.66 1.02 -1.06 0.48 1.39
38 29.0 248.0 77.0 45.0 1.72 -0.81 1.07 -0.93 0.34 1.24
39 30.0 279.0 76.0 45.0 1.77 -0.81 1.12 -1.09 -0.03 0.7
40 27.0 274.0 80.0 41.0 1.78 -0.84 1.13 -1.02 -0.29 0.04
41 23.0 249.0 78.0 40.0 1.83 -0.93 1.19 -0.84 -0.39 -0.19
42 26.0 246.0 78.0 36.0 1.83 -0.86 1.26 -0.48 -0.56 -0.52
43 28.0 255.0 74.0 34.0 1.82 -0.8 1.27 -0.11 -0.76 -0.8
44 29.0 271.0 73.0 47.0 1.73 -0.59 1.28 0.0 -0.84 -1.29
45 29.0 272.0 83.0 47.0 1.61 -0.57 1.25 0.18 -1.11 -1.68
46 30.0 307.0 86.0 46.0 1.55 -0.64 1.22 0.22 -1.34 -1.63
47 28.0 296.0 81.0 39.0 1.42 -0.89 1.14 0.27 -1.46 -1.47
48 26.0 278.0 87.0 49.0 1.27 -1.18 1.02 0.64 -1.37 -1.48
49 27.0 283.0 84.0 45.0 1.18 -1.23 0.95 0.57 -1.37 -1.94
50 30.0 305.0 83.0 43.0 1.01 -1.24 0.82 0.77 -1.32 -2.06
51 31.0 288.0 83.0 41.0 0.85 -1.09 0.66 0.92 -1.32 -2.39
52 27.0 262.0 82.0 66.0 0.78 -0.94 0.58 1.06 -1.37 -2.36
53 28.0 278.0 88.0 69.0 0.65 -0.44 0.45 1.13 -1.19 -2.41
54 31.0 293.0 87.0 68.0 0.49 0.0 0.32 0.74 -1.26 -2.1
55 31.0 296.0 89.0 63.0 0.42 0.15 0.26 0.47 -1.09 -1.8
56 30.0 293.0 86.0 61.0 0.28 0.25 0.17 0.26 -1.09 -1.8
57 31.0 329.0 88.0 68.0 0.21 -0.04 0.11 0.05 -1.1 -1.46
58 31.0 291.0 88.0 60.0 0.2 -0.18 0.09 -0.03 -0.94 -1.18
59 35.0 329.0 90.0 58.0 0.16 -0.37 0.06 -0.16 -0.91 -1.03
60 32.0 359.0 89.0 67.0 0.11 -0.48 0.02 -0.18 -0.49 -0.74
61 32.0 330.0 90.0 59.0 0.08 -0.48 0.01 -0.19 -0.19 -0.95
62 28.0 353.0 89.0 53.0 0.01 -0.44 0.02 -0.33 -0.11 -0.71
63 27.0 315.0 90.0 48.0 -0.03 -0.52 0.04 -0.4 -0.01 -0.5
64 31.0 360.0 87.0 43.0 -0.05 -0.59 0.04 -0.1 0.12 -0.08
65 32.0 365.0 88.0 39.0 -0.09 -0.66 0.03 -0.1 0.16 -0.03
66 29.0 345.0 92.0 41.0 -0.11 -0.55 -0.02 0.03 0.2 -0.14
67 28.0 344.0 94.0 41.0 -0.12 -0.39 -0.04 0.31 0.32 -0.71
68 29.0 314.0 98.0 38.0 -0.09 -0.01 -0.04 0.27 0.34 -0.68
69 26.0 317.0 101.0 38.0 -0.08 0.19 -0.03 -0.09 0.32 0.36
70 29.0 332.0 96.0 35.0 -0.08 0.21 -0.03 -0.17 0.29 0.58
71 27.0 316.0 91.0 33.0 -0.07 0.1 -0.06 -0.18 0.28 0.57
72 28.0 323.0 88.0 35.0 -0.05 0.03 -0.09 -0.19 0.35 0.17
73 26.0 309.0 88.0 34.0 -0.05 0.06 -0.09 -0.2 0.3 -0.18
74 24.0 315.0 84.0 33.0 -0.04 0.15 -0.06 -0.23 0.26 -0.14
75 25.0 307.0 82.0 34.0 -0.01 0.22 -0.03 -0.35 0.23 0.0
76 25.0 280.0 84.0 32.0 -0.01 0.24 -0.02 -0.32 0.24 0.06
77 27.0 287.0 86.0 34.0 -0.0 0.12 -0.0 -0.39 0.2 0.17
78 25.0 283.0 83.0 37.0 -0.02 -0.03 0.0 -0.17 0.17 0.0
79 26.0 293.0 81.0 35.0 -0.02 -0.05 0.01 -0.1 0.15 -0.14
80 27.0 297.0 82.0 35.0 -0.02 -0.02 0.04 -0.03 0.09 -0.27
81 26.0 278.0 82.0 35.0 -0.02 0.01 0.05 -0.05 0.04 -0.22
82 24.0 258.0 83.0 34.0 -0.02 0.0 0.04 -0.01 0.05 -0.2
83 22.0 260.0 77.0 39.0 -0.03 -0.02 0.03 -0.08 0.1 -0.16
84 26.0 281.0 74.0 39.0 -0.06 -0.0 0.02 -0.05 0.08 -0.28
85 24.0 261.0 77.0 36.0 -0.06 -0.01 0.01 -0.14 0.01 -0.35
86 22.0 252.0 81.0 33.0 -0.05 0.0 0.02 -0.16 -0.02 -0.2
87 24.0 245.0 79.0 32.0 -0.05 -0.02 0.02 -0.06 -0.02 -0.04
88 24.0 252.0 79.0 34.0 -0.04 -0.03 0.02 0.0 0.01 -0.03
89 23.0 252.0 76.0 31.0 -0.03 -0.05 0.0 0.01 0.04 -0.09
90 21.0 222.0 79.0 38.0 -0.03 -0.04 -0.02 0.06 0.05 -0.19
91 19.0 212.0 76.0 40.0 -0.03 -0.01 -0.03 0.01 0.01 -0.22
92 21.0 229.0 75.0 38.0 -0.04 0.07 -0.05 -0.09 0.07 -0.3
93 21.0 214.0 72.0 37.0 -0.04 0.07 -0.05 -0.14 0.07 -0.22
94 22.0 221.0 71.0 35.0 -0.04 0.06 -0.04 -0.1 0.05 -0.23
95 21.0 196.0 78.0 32.0 -0.04 0.04 -0.04 -0.18 0.0 -0.15
96 21.0 201.0 76.0 31.0 -0.04 0.03 -0.03 -0.19 -0.01 -0.03
97 19.0 190.0 69.0 30.0 -0.04 0.02 -0.03 -0.08 0.02 -0.03
98 19.0 194.0 66.0 30.0 -0.06 0.01 -0.04 -0.02 0.08 -0.13
99 18.0 206.0 66.0 30.0 -0.1 -0.01 -0.06 0.1 0.11 -0.19
100 17.0 208.0 68.0 33.0 -0.11 -0.02 -0.06 0.08 0.1 -0.13
101 17.0 251.0 68.0 37.0 -0.14 -0.0 -0.07 0.03 0.07 -0.11
102 21.0 245.0 67.0 34.0 -0.13 -0.04 -0.06 -0.05 0.03 0.0
103 20.0 246.0 66.0 37.0 -0.12 -0.05 -0.06 -0.02 0.0 0.0
104 19.0 230.0 72.0 35.0 -0.09 -0.05 -0.05 -0.08 0.02 -0.02
105 19.0 217.0 75.0 36.0 -0.07 -0.0 -0.06 -0.15 0.04 -0.01
106 18.0 200.0 71.0 34.0 -0.06 0.01 -0.06 -0.2 0.09 0.0
107 18.0 211.0 69.0 35.0 -0.05 0.03 -0.06 -0.24 0.08 -0.13
108 18.0 230.0 67.0 34.0 -0.05 0.0 -0.06 -0.25 0.01 -0.17
109 17.0 239.0 75.0 33.0 -0.05 -0.01 -0.05 -0.21 0.04 -0.14
110 17.0 229.0 76.0 31.0 -0.07 -0.02 -0.04 -0.12 0.02 -0.18
111 18.0 231.0 76.0 35.0 -0.06 -0.05 -0.03 -0.07 0.12 -0.21
112 18.0 204.0 72.0 36.0 -0.07 -0.06 -0.02 0.0 0.18 -0.2
113 18.0 230.0 68.0 33.0 -0.09 -0.04 -0.02 0.0 0.21 -0.24
114 18.0 243.0 75.0 38.0 -0.08 -0.03 -0.02 0.05 0.24 -0.1
115 17.0 223.0 77.0 35.0 -0.07 -0.02 -0.03 0.0 0.22 -0.07
116 17.0 204.0 75.0 35.0 -0.05 -0.01 -0.04 -0.09 0.23 0.0
117 17.0 200.0 72.0 33.0 -0.03 0.02 -0.05 -0.15 0.32 -0.07
118 16.0 186.0 74.0 32.0 -0.01 0.04 -0.04 -0.2 0.29 -0.08
119 16.0 177.0 80.0 30.0 0.01 0.06 -0.02 -0.25 0.23 -0.05
120 16.0 173.0 79.0 28.0 0.02 0.12 -0.01 -0.17 0.07 -0.2
121 18.0 174.0 77.0 28.0 0.02 0.17 -0.01 -0.13 -0.01 -0.29
122 13.0 159.0 73.0 27.0 -0.01 0.26 -0.01 -0.01 -0.31 -0.56
123 17.0 143.0 69.0 26.0 -0.08 0.27 -0.02 0.06 -0.47 -0.7
124 16.0 131.0 69.0 26.0 -0.12 0.26 -0.04 0.16 -0.57 -0.8
125 17.0 122.0 81.0 25.0 -0.24 0.27 -0.1 0.39 -0.82 -1.08
126 17.0 122.0 88.0 26.0 -0.41 0.34 -0.19 0.72 -1.05 -1.47
127 15.0 124.0 94.0 25.0 -0.5 0.41 -0.24 0.89 -1.16 -1.65
128 16.0 116.0 91.0 26.0 -0.68 0.6 -0.34 1.26 -1.26 -1.94
129 16.0 110.0 83.0 26.0 -0.92 0.87 -0.47 1.3 -1.43 -1.85
130 16.0 105.0 77.0 26.0 -1.06 0.9 -0.56 1.18 -1.5 -2.11
131 16.0 102.0 70.0 25.0 -1.29 1.01 -0.71 1.17 -1.26 -2.37
132 16.0 98.0 68.0 25.0 -1.58 1.03 -0.86 1.02 -1.18 -2.36
133 17.0 96.0 64.0 24.0 -1.69 0.91 -0.95 0.99 -1.11 -2.42
134 19.0 94.0 61.0 25.0 -1.82 0.93 -1.08 1.0 -0.76 -2.43
135 19.0 95.0 59.0 25.0 -2.0 1.21 -1.19 1.08 -0.56 -2.04
136 20.0 101.0 57.0 30.0 -2.09 1.36 -1.25 0.53 -0.67 -1.77
137 34.0 118.0 56.0 29.0 -2.18 1.4 -1.36 0.28 -0.59 -1.77
138 38.0 111.0 56.0 28.0 -2.12 0.98 -1.37 -0.39 -0.63 -1.73
139 69.0 114.0 60.0 28.0 -2.0 0.68 -1.36 -0.62 -0.69 -1.51
140 87.0 118.0 71.0 76.0 -1.76 0.32 -1.34 -0.48 -0.71 0.08
141 116.0 118.0 73.0 69.0 -1.55 0.53 -1.31 -0.6 -0.45 0.79
142 105.0 109.0 72.0 59.0 -1.45 0.75 -1.33 0.01 -0.25 1.21
143 90.0 104.0 67.0 60.0 -1.24 1.11 -1.19 -0.6 -0.08 2.0
144 77.0 101.0 65.0 58.0 -1.1 1.32 -1.14 -1.45 0.06 2.14
145 69.0 94.0 69.0 50.0 -1.03 1.34 -1.11 -2.31 -0.18 2.05
146 60.0 88.0 68.0 44.0 -0.82 1.15 -0.99 -2.12 0.18 1.65
147 54.0 83.0 70.0 40.0 -0.64 0.9 -0.9 -1.54 0.3 0.62
148 50.0 82.0 71.0 36.0 -0.57 0.83 -0.87 -0.79 0.92 0.14
149 46.0 79.0 69.0 33.0 -0.42 0.69 -0.67 -0.59 0.06 -0.42
150 42.0 81.0 68.0 32.0 -0.53 0.68 -0.75 -2.26 -0.16 2.87
151 48.0 81.0 68.0 30.0 0.07 -0.11 -0.8 -22.43 -4.42 26.71
152 47.0 78.0 73.0 29.0 -0.58 -2.27 -0.1 5.04 -0.65 -1.71
153 42.0 76.0 77.0 29.0 0.45 -1.3 -0.19 1.73 -0.75 -2.34
154 38.0 76.0 78.0 28.0 0.93 -0.21 -0.15 1.05 1.05 2.68
155 38.0 77.0 74.0 27.0 0.64 0.41 -0.16 2.28 1.15 1.24
156 36.0 79.0 73.0 27.0 0.19 0.37 -0.25 1.55 0.33 0.63
157 38.0 78.0 74.0 26.0 0.05 0.32 -0.32 0.78 0.2 0.66
158 34.0 77.0 74.0 26.0 -0.06 0.17 -0.25 -0.14 0.05 0.25
159 31.0 78.0 77.0 26.0 -0.02 0.15 -0.16 -0.86 -0.32 -0.37
160 28.0 76.0 73.0 25.0 -0.02 0.12 -0.1 -1.06 -0.59 -0.23
161 26.0 76.0 72.0 25.0 -0.03 0.0 0.03 -0.66 -0.46 -0.31
162 27.0 76.0 73.0 25.0 -0.02 -0.25 0.11 -0.39 -0.27 -0.3
163 25.0 76.0 75.0 25.0 -0.01 -0.39 0.12 -0.41 -0.09 -0.08
164 23.0 74.0 75.0 24.0 -0.02 -0.62 0.14 -0.19 0.0 -0.1
165 23.0 73.0 74.0 24.0 -0.0 -0.66 0.15 -0.15 0.05 0.12
166 26.0 72.0 73.0 25.0 0.02 -0.63 0.14 -0.12 0.11 0.12
167 24.0 72.0 70.0 24.0 0.03 -0.55 0.11 0.0 0.25 0.06
168 25.0 71.0 67.0 24.0 0.06 -0.45 0.08 0.08 0.28 0.17
169 24.0 71.0 67.0 23.0 0.07 -0.4 0.05 0.09 0.36 0.16
170 22.0 70.0 72.0 24.0 0.07 -0.34 0.02 0.14 0.27 0.14
171 21.0 69.0 75.0 24.0 0.08 -0.28 -0.03 0.03 0.15 0.18
172 20.0 69.0 70.0 23.0 0.08 -0.25 -0.04 0.01 0.13 0.12
173 24.0 70.0 70.0 24.0 0.06 -0.19 -0.03 -0.02 0.02 0.07
174 23.0 71.0 72.0 24.0 0.05 -0.17 -0.02 -0.06 0.05 0.07
175 22.0 71.0 68.0 21.0 0.04 -0.17 -0.01 -0.03 0.05 0.11
176 21.0 72.0 74.0 23.0 0.01 -0.16 0.01 0.0 0.06 0.08
177 20.0 72.0 72.0 23.0 -0.01 -0.15 0.03 0.06 0.06 0.12
178 19.0 71.0 70.0 23.0 -0.02 -0.14 0.03 0.08 0.03 0.11
179 26.0 71.0 66.0 23.0 -0.02 -0.07 0.03 0.02 0.04 0.11
180 22.0 71.0 67.0 23.0 -0.02 -0.0 0.04 0.0 0.09 0.08
181 26.0 71.0 68.0 23.0 -0.02 0.02 0.04 -0.05 0.08 0.02
