1 17.0 121.0 69.0 23.0 -0.02 0.03 0.01 -0.15 0.04 0.02
2 17.0 120.0 67.0 24.0 -0.0 0.02 0.01 -0.2 0.09 0.04
3 17.0 120.0 65.0 24.0 0.01 0.02 0.0 -0.2 0.11 0.0
4 16.0 118.0 69.0 24.0 0.01 0.0 0.0 -0.21 0.1 0.01
5 16.0 118.0 72.0 24.0 0.02 -0.03 -0.0 -0.11 0.12 0.01
6 16.0 117.0 71.0 24.0 0.03 -0.04 -0.01 -0.1 0.12 0.01
7 17.0 118.0 68.0 23.0 0.03 -0.05 -0.0 -0.02 0.12 0.04
8 17.0 121.0 66.0 24.0 0.02 -0.04 -0.01 0.0 0.12 0.05
9 16.0 122.0 64.0 24.0 0.02 -0.04 -0.01 -0.02 0.11 0.07
10 16.0 122.0 66.0 24.0 0.01 -0.02 -0.0 -0.06 0.1 0.06
11 17.0 122.0 63.0 24.0 0.0 -0.02 -0.0 -0.09 0.09 0.03
12 17.0 124.0 67.0 24.0 0.0 -0.02 -0.0 -0.1 0.1 0.03
13 16.0 121.0 66.0 24.0 -0.0 -0.02 0.01 -0.09 0.1 0.02
14 17.0 122.0 67.0 24.0 -0.01 -0.03 0.01 -0.06 0.11 0.04
15 17.0 123.0 70.0 25.0 -0.02 -0.03 0.01 -0.07 0.09 0.06
16 16.0 123.0 68.0 23.0 -0.02 -0.03 0.01 -0.04 0.1 0.04
17 15.0 123.0 68.0 23.0 -0.03 -0.03 0.01 -0.02 0.11 0.06
18 16.0 124.0 70.0 23.0 -0.03 -0.02 0.01 0.04 0.1 0.05
19 16.0 138.0 70.0 24.0 -0.03 -0.01 0.01 0.06 0.13 0.05
20 16.0 207.0 69.0 24.0 -0.04 -0.0 0.02 0.03 0.13 0.07
21 16.0 245.0 66.0 24.0 -0.04 0.01 0.03 0.04 0.11 0.06
22 17.0 261.0 63.0 24.0 -0.03 -0.0 0.03 0.1 0.1 0.08
23 18.0 248.0 61.0 52.0 -0.05 -0.05 0.07 0.14 0.02 0.1
24 40.0 247.0 61.0 68.0 -0.1 -0.08 0.11 0.12 0.0 0.13
25 145.0 251.0 60.0 90.0 -0.14 -0.07 0.13 0.09 0.01 0.07
26 163.0 249.0 63.0 101.0 -0.17 -0.01 0.15 -0.12 -0.06 0.08
27 133.0 261.0 65.0 83.0 -0.15 0.07 0.15 0.73 -0.06 0.7
28 124.0 323.0 93.0 73.0 -0.09 0.44 0.19 0.94 0.08 1.03
29 110.0 339.0 98.0 64.0 0.12 1.18 0.31 0.59 0.22 1.05
30 130.0 331.0 101.0 59.0 0.46 1.97 0.36 0.31 0.37 2.41
31 128.0 322.0 106.0 69.0 0.47 2.12 0.33 -0.91 0.44 3.09
32 116.0 328.0 99.0 63.0 0.16 1.06 0.23 -3.03 0.19 2.42
33 98.0 340.0 104.0 56.0 0.36 -0.24 0.12 -3.12 2.1 3.47
34 79.0 343.0 94.0 52.0 0.82 -0.99 0.18 -3.3 1.62 3.3
35 66.0 312.0 98.0 46.0 0.86 -1.27 0.37 -1.73 1.17 2.71
36 57.0 303.0 101.0 42.0 0.96 -1.04 0.48 -1.38 1.11 2.55
37 50.0 333.0 99.0 36.0 1.19 -0.47 0.69 -1.37 0.82 2.46
38 49.0 300.0 91.0 42.0 1.37 -0.32 0.81 -1.3 0.51 2.21
39 44.0 312.0 84.0 47.0 1.48 -0.45 0.84 -0.44 0.48 0.8
40 39.0 295.0 78.0 44.0 1.6 -0.62 0.9 -0.02 0.52 0.53
41 34.0 279.0 83.0 41.0 1.64 -0.52 0.93 0.15 0.07 -0.24
42 32.0 264.0 81.0 39.0 1.65 -0.42 0.94 0.14 -0.24 -0.53
43 30.0 277.0 77.0 41.0 1.67 -0.39 0.93 0.07 -0.28 -0.44
44 28.0 298.0 76.0 45.0 1.65 -0.49 0.93 -0.42 -0.56 -0.46
45 26.0 290.0 73.0 56.0 1.61 -0.68 0.9 0.05 -0.64 -0.83
46 24.0 310.0 76.0 52.0 1.56 -1.11 0.86 0.25 -0.62 -1.37
47 22.0 284.0 81.0 47.0 1.49 -1.1 0.82 0.25 -0.82 -1.47
48 20.0 274.0 78.0 53.0 1.46 -1.01 0.82 -0.11 -0.84 -0.72
49 20.0 276.0 75.0 57.0 1.48 -0.81 0.78 -0.24 -0.92 -0.55
50 19.0 268.0 83.0 84.0 1.39 -0.67 0.76 -0.31 -0.94 -0.81
51 21.0 257.0 89.0 98.0 1.37 -0.71 0.74 -0.01 -0.67 -1.29
52 19.0 247.0 95.0 97.0 1.31 -0.8 0.7 0.03 -0.69 -1.17
53 19.0 242.0 94.0 93.0 1.21 -0.75 0.68 -0.14 -0.71 -0.93
54 23.0 251.0 97.0 83.0 1.11 -0.64 0.65 -0.2 -0.69 -1.05
55 23.0 248.0 98.0 76.0 1.07 -0.62 0.65 -0.24 -0.48 -1.35
56 24.0 255.0 94.0 68.0 0.93 -0.44 0.68 -0.33 -0.49 -1.61
57 29.0 245.0 93.0 62.0 0.87 -0.39 0.68 -0.13 -0.61 -1.68
58 28.0 263.0 94.0 62.0 0.77 -0.35 0.65 -0.02 -0.63 -1.69
59 29.0 253.0 92.0 57.0 0.63 -0.29 0.57 0.32 -0.58 -1.62
60 30.0 270.0 88.0 52.0 0.56 -0.26 0.54 0.61 -0.4 -1.7
61 31.0 261.0 87.0 47.0 0.42 -0.17 0.43 0.62 -0.37 -1.72
62 30.0 250.0 86.0 59.0 0.28 -0.04 0.3 0.74 -0.16 -1.69
63 32.0 250.0 98.0 52.0 0.22 0.03 0.25 0.8 -0.04 -2.06
64 30.0 249.0 99.0 48.0 0.12 0.14 0.17 0.92 0.0 -2.09
65 28.0 246.0 99.0 55.0 0.03 0.2 0.12 0.62 -0.03 -1.43
66 27.0 266.0 108.0 53.0 -0.03 0.2 0.08 0.44 0.0 -1.12
67 25.0 303.0 106.0 53.0 -0.14 0.13 0.02 0.29 0.0 -1.1
68 24.0 311.0 106.0 51.0 -0.21 0.04 -0.01 0.17 0.12 -1.09
69 22.0 291.0 104.0 46.0 -0.24 0.04 0.0 0.1 0.17 -0.85
70 21.0 270.0 118.0 42.0 -0.26 0.02 0.03 0.0 0.19 -0.51
71 21.0 280.0 109.0 42.0 -0.27 -0.02 0.03 -0.06 0.18 -0.02
72 22.0 315.0 108.0 42.0 -0.27 -0.04 0.03 -0.04 0.19 0.08
73 20.0 293.0 105.0 43.0 -0.23 -0.07 0.0 0.04 0.18 0.0
74 20.0 274.0 113.0 40.0 -0.19 -0.0 -0.01 0.13 0.23 -0.03
75 19.0 266.0 106.0 42.0 -0.16 0.05 -0.01 0.13 0.23 0.0
76 20.0 251.0 107.0 40.0 -0.12 0.13 -0.03 0.08 0.36 0.22
77 18.0 253.0 108.0 40.0 -0.12 0.14 -0.03 0.04 0.37 0.18
78 18.0 257.0 105.0 38.0 -0.11 0.12 -0.02 -0.09 0.33 0.2
79 18.0 258.0 104.0 42.0 -0.13 0.08 -0.01 -0.06 0.3 0.11
80 17.0 255.0 115.0 46.0 -0.11 0.03 0.01 -0.02 0.18 0.14
81 14.0 251.0 110.0 43.0 -0.11 0.02 0.02 -0.04 0.16 0.2
82 20.0 256.0 108.0 38.0 -0.08 0.01 0.04 0.0 0.14 0.18
83 18.0 240.0 107.0 37.0 -0.04 0.0 0.04 0.0 0.05 0.09
84 18.0 239.0 114.0 35.0 -0.03 0.01 0.04 0.06 0.04 0.04
85 17.0 244.0 106.0 32.0 -0.03 0.05 0.03 0.05 0.1 -0.11
86 17.0 227.0 107.0 31.0 -0.04 0.05 0.02 0.11 0.14 -0.13
87 16.0 214.0 117.0 30.0 -0.04 0.05 0.02 0.07 0.11 -0.17
88 17.0 252.0 119.0 30.0 -0.02 0.01 0.01 0.13 0.13 -0.12
89 17.0 275.0 108.0 33.0 -0.02 0.02 -0.01 0.15 0.1 -0.15
90 17.0 262.0 106.0 45.0 -0.01 0.02 -0.03 0.19 0.14 -0.17
91 17.0 240.0 122.0 44.0 -0.01 0.05 -0.04 0.17 0.08 -0.3
92 16.0 222.0 117.0 47.0 -0.0 0.07 -0.04 0.07 0.05 -0.33
93 17.0 232.0 108.0 42.0 0.0 0.08 -0.05 0.06 0.08 -0.23
94 18.0 223.0 108.0 38.0 0.01 0.1 -0.05 0.0 0.12 -0.33
95 16.0 221.0 108.0 38.0 -0.01 0.1 -0.05 -0.08 0.13 -0.27
96 17.0 209.0 104.0 38.0 -0.02 0.1 -0.05 -0.11 0.13 -0.3
97 17.0 217.0 104.0 36.0 -0.05 0.06 -0.05 -0.11 0.17 -0.24
98 17.0 202.0 98.0 34.0 -0.06 0.01 -0.04 -0.04 0.18 -0.25
99 17.0 189.0 114.0 31.0 -0.06 -0.01 -0.04 0.07 0.22 -0.19
100 16.0 186.0 106.0 30.0 -0.07 0.0 -0.03 0.04 0.22 -0.09
101 16.0 170.0 105.0 29.0 -0.06 0.02 -0.02 0.0 0.22 0.06
102 17.0 164.0 103.0 29.0 -0.06 0.02 -0.02 0.0 0.25 0.11
103 17.0 155.0 102.0 28.0 -0.05 0.01 -0.01 0.0 0.24 0.11
104 17.0 166.0 98.0 29.0 -0.02 -0.01 -0.01 0.06 0.23 0.0
105 17.0 178.0 96.0 28.0 -0.01 -0.01 -0.01 0.11 0.2 -0.12
106 16.0 172.0 102.0 30.0 0.0 0.03 -0.02 0.08 0.17 -0.12
107 16.0 173.0 102.0 33.0 0.02 0.05 -0.03 0.01 0.13 -0.15
108 16.0 204.0 101.0 43.0 0.03 0.06 -0.03 0.07 0.13 -0.26
109 17.0 205.0 94.0 39.0 0.01 0.1 -0.03 0.05 0.15 -0.39
110 17.0 196.0 96.0 35.0 0.0 0.11 -0.02 -0.06 0.13 -0.43
111 17.0 212.0 107.0 34.0 -0.01 0.11 -0.02 -0.08 0.12 -0.4
112 17.0 218.0 104.0 32.0 -0.02 0.08 -0.02 -0.12 0.09 -0.34
113 16.0 208.0 99.0 41.0 -0.04 0.05 -0.02 -0.1 0.1 -0.24
114 16.0 203.0 90.0 37.0 -0.05 0.03 -0.02 -0.07 0.06 -0.21
115 16.0 218.0 85.0 35.0 -0.06 0.02 -0.01 0.08 0.04 -0.36
116 16.0 200.0 80.0 69.0 -0.07 0.02 -0.03 0.17 -0.02 -0.43
117 17.0 229.0 75.0 148.0 -0.08 0.04 -0.04 0.2 -0.05 -0.42
118 16.0 219.0 82.0 150.0 -0.09 0.05 -0.07 0.16 -0.24 -0.41
119 16.0 240.0 82.0 127.0 -0.11 0.04 -0.1 0.0 -0.43 -0.38
120 16.0 221.0 88.0 105.0 -0.12 0.07 -0.11 -0.03 -0.38 -0.34
121 19.0 198.0 82.0 85.0 -0.13 0.18 -0.13 -0.01 -0.16 -0.31
122 17.0 206.0 77.0 74.0 -0.15 0.32 -0.15 -0.03 -0.08 -0.3
123 17.0 199.0 74.0 63.0 -0.18 0.38 -0.16 0.04 -0.09 -0.34
124 16.0 204.0 71.0 54.0 -0.25 0.42 -0.2 0.37 -0.18 -0.8
125 16.0 197.0 69.0 48.0 -0.35 0.38 -0.26 0.7 -0.15 -1.13
126 17.0 214.0 67.0 43.0 -0.4 0.36 -0.29 0.75 -0.2 -1.31
127 17.0 214.0 67.0 39.0 -0.52 0.37 -0.39 0.95 -0.3 -1.88
128 23.0 218.0 65.0 35.0 -0.65 0.47 -0.51 1.14 -0.41 -2.37
129 46.0 206.0 66.0 33.0 -0.73 0.56 -0.58 1.14 -0.64 -2.69
130 100.0 220.0 66.0 30.0 -0.9 0.71 -0.73 1.28 -0.6 -2.71
131 121.0 238.0 67.0 30.0 -1.04 0.83 -0.92 0.77 -0.85 -2.71
132 146.0 238.0 68.0 30.0 -1.15 0.88 -1.04 0.32 -1.03 -2.57
133 204.0 231.0 65.0 40.0 -1.33 0.62 -1.35 -0.08 -1.03 -1.99
134 205.0 223.0 65.0 51.0 -1.49 0.36 -1.65 -0.49 -0.75 -1.67
135 197.0 253.0 66.0 54.0 -1.59 0.29 -1.75 -0.55 -0.5 -1.51
136 240.0 253.0 66.0 52.0 -1.83 0.31 -1.86 -0.62 -0.22 -0.02
137 210.0 255.0 67.0 49.0 -2.0 0.39 -1.81 -0.03 -0.08 0.64
138 185.0 265.0 65.0 69.0 -2.03 0.41 -1.75 0.7 -0.13 0.42
139 155.0 247.0 60.0 79.0 -2.0 0.57 -1.61 0.87 -0.32 0.04
140 133.0 243.0 61.0 69.0 -1.84 0.83 -1.28 0.22 -0.35 -0.08
141 117.0 222.0 59.0 85.0 -1.75 0.95 -1.12 0.19 -0.49 0.24
142 103.0 211.0 58.0 95.0 -1.61 1.15 -0.85 -1.55 -0.5 0.98
143 85.0 205.0 57.0 81.0 -1.42 1.02 -0.69 -1.67 -0.38 1.98
144 70.0 194.0 55.0 69.0 -1.38 0.97 -0.65 -1.64 -0.41 2.06
145 57.0 182.0 54.0 58.0 -1.3 0.91 -0.59 -1.26 0.07 1.52
146 50.0 167.0 53.0 51.0 -1.24 0.86 -0.53 -0.64 0.45 1.05
147 42.0 164.0 52.0 45.0 -1.23 0.8 -0.52 -0.34 0.59 0.42
148 37.0 165.0 52.0 40.0 -1.33 0.27 -0.46 0.05 0.55 -0.07
149 35.0 157.0 51.0 36.0 -1.32 -0.46 -0.45 0.65 0.21 -0.68
150 30.0 147.0 50.0 34.0 -1.26 -0.77 -0.46 1.22 0.61 -1.54
151 27.0 136.0 48.0 31.0 -0.96 -0.44 -0.04 1.14 0.74 -1.19
152 25.0 129.0 47.0 30.0 0.59 -2.42 -0.64 -16.09 2.61 16.41
153 23.0 119.0 47.0 29.0 0.35 -3.0 0.47 -1.89 3.09 2.74
154 22.0 109.0 48.0 27.0 0.29 -0.75 0.28 1.76 -0.13 -1.41
155 21.0 104.0 48.0 27.0 0.62 0.29 0.02 0.61 0.7 0.47
156 22.0 99.0 47.0 26.0 0.45 0.26 0.0 0.5 0.52 0.33
157 18.0 91.0 47.0 25.0 0.16 -0.09 -0.07 0.39 0.43 0.28
158 18.0 89.0 46.0 25.0 -0.01 -0.16 -0.04 -0.24 0.14 0.24
159 19.0 86.0 46.0 24.0 -0.07 -0.16 0.02 -0.3 -0.03 0.08
160 18.0 82.0 45.0 24.0 0.09 -0.21 0.11 -0.08 0.18 -0.17
161 18.0 80.0 45.0 24.0 0.2 -0.17 0.09 -0.17 0.2 0.16
162 18.0 77.0 45.0 24.0 0.23 -0.13 0.05 -0.13 0.35 0.19
163 17.0 74.0 45.0 24.0 0.13 -0.08 0.01 -0.1 0.29 -0.01
164 17.0 74.0 45.0 24.0 0.13 -0.07 -0.01 -0.05 0.15 0.04
165 17.0 75.0 46.0 24.0 0.16 -0.1 -0.01 -0.04 0.21 0.05
166 16.0 76.0 45.0 24.0 0.22 -0.14 -0.02 -0.06 0.13 0.03
167 17.0 76.0 45.0 24.0 0.19 -0.11 -0.02 -0.09 0.12 0.05
