1 24.0 84.0 56.0 24.0 0.08 -0.01 -0.03 -0.01 -0.09 -0.06
2 22.0 87.0 58.0 24.0 0.1 -0.01 -0.03 -0.03 -0.1 -0.07
3 21.0 89.0 58.0 24.0 0.14 0.0 -0.02 -0.08 -0.16 -0.09
4 19.0 85.0 59.0 24.0 0.16 0.01 -0.02 -0.08 -0.09 0.0
5 20.0 85.0 61.0 23.0 0.17 0.01 -0.02 -0.08 -0.1 0.0
6 20.0 87.0 63.0 23.0 0.17 0.02 -0.03 -0.07 0.09 0.0
7 25.0 89.0 63.0 23.0 0.14 0.03 -0.04 0.03 0.15 -0.02
8 23.0 87.0 60.0 24.0 0.12 0.03 -0.04 0.03 0.25 0.01
9 22.0 88.0 59.0 24.0 0.05 0.03 -0.05 -0.01 0.27 0.02
10 21.0 91.0 58.0 23.0 -0.03 0.01 -0.03 0.06 0.15 0.0
11 21.0 89.0 58.0 23.0 -0.06 -0.01 -0.02 0.06 0.06 -0.02
12 20.0 88.0 59.0 24.0 -0.09 -0.01 0.01 0.11 -0.03 -0.01
13 23.0 87.0 57.0 24.0 -0.1 -0.01 0.04 0.03 -0.12 -0.01
14 22.0 83.0 56.0 24.0 -0.1 -0.01 0.05 0.0 -0.12 -0.05
15 22.0 86.0 57.0 23.0 -0.1 0.0 0.06 -0.12 -0.1 -0.06
16 24.0 87.0 63.0 23.0 -0.09 0.0 0.06 -0.21 -0.1 -0.03
17 22.0 85.0 65.0 24.0 -0.08 0.0 0.06 -0.18 -0.07 -0.09
18 22.0 89.0 61.0 24.0 -0.05 -0.02 0.04 -0.2 -0.02 -0.06
19 20.0 97.0 58.0 23.0 -0.02 -0.03 0.03 -0.17 0.04 -0.08
20 20.0 100.0 56.0 24.0 -0.01 -0.04 0.02 -0.14 0.09 -0.07
21 21.0 95.0 56.0 24.0 0.01 -0.03 -0.01 -0.05 0.15 -0.06
22 21.0 94.0 56.0 23.0 0.01 -0.04 -0.01 -0.09 0.11 -0.05
23 22.0 94.0 54.0 23.0 0.01 -0.05 -0.01 -0.01 0.09 -0.08
24 20.0 87.0 53.0 23.0 0.0 -0.07 0.01 0.07 0.09 0.02
25 19.0 94.0 55.0 27.0 -0.02 -0.1 0.03 0.32 0.14 0.06
26 19.0 102.0 59.0 60.0 -0.06 -0.1 0.04 0.39 0.17 0.1
27 19.0 108.0 58.0 64.0 -0.13 -0.07 0.06 0.03 0.11 0.12
28 18.0 106.0 58.0 58.0 -0.22 -0.06 0.07 -0.1 -0.06 0.13
29 18.0 110.0 55.0 50.0 -0.28 -0.09 0.09 -0.15 0.0 0.1
30 28.0 113.0 55.0 51.0 -0.37 -0.14 0.15 -0.25 0.39 0.23
31 30.0 123.0 61.0 102.0 -0.52 -0.36 0.23 -0.05 0.87 0.26
32 31.0 120.0 60.0 97.0 -0.71 -0.55 0.25 -0.33 0.9 0.33
33 29.0 112.0 58.0 84.0 -1.48 -1.11 0.38 -0.66 0.27 -0.04
34 26.0 103.0 61.0 81.0 -0.98 -0.16 0.18 0.0 -0.12 0.63
35 25.0 114.0 57.0 80.0 -0.58 0.0 0.08 0.0 0.13 1.54
36 23.0 118.0 56.0 71.0 -0.56 -0.05 0.09 -0.82 -0.23 1.74
37 22.0 108.0 54.0 60.0 -0.41 -0.3 0.14 -1.22 -0.31 1.74
38 21.0 120.0 51.0 52.0 -0.31 -0.39 0.17 -3.85 -2.74 2.5
39 21.0 115.0 50.0 45.0 0.28 -0.86 0.21 -1.06 0.49 1.94
40 20.0 108.0 50.0 41.0 0.3 -0.68 0.34 -1.01 0.5 1.72
41 21.0 105.0 58.0 37.0 0.36 -0.57 0.37 -0.84 0.69 1.7
42 21.0 101.0 58.0 35.0 0.42 -0.44 0.45 -0.54 0.65 1.65
43 19.0 107.0 58.0 32.0 0.47 -0.44 0.47 -0.4 0.49 1.34
44 19.0 107.0 60.0 30.0 0.5 -0.49 0.46 -0.28 0.5 1.14
45 19.0 102.0 60.0 28.0 0.46 -0.56 0.42 0.15 0.35 0.52
46 18.0 101.0 68.0 27.0 0.42 -0.55 0.38 0.41 0.34 0.11
47 18.0 109.0 69.0 26.0 0.39 -0.5 0.36 0.43 0.22 -0.23
48 18.0 112.0 69.0 26.0 0.36 -0.44 0.32 0.55 0.07 -0.46
49 18.0 106.0 66.0 25.0 0.33 -0.48 0.28 0.65 -0.03 -0.87
50 17.0 102.0 68.0 25.0 0.33 -0.5 0.25 0.59 0.0 -1.0
51 17.0 98.0 65.0 25.0 0.31 -0.51 0.19 0.56 0.07 -1.55
52 16.0 97.0 66.0 26.0 0.35 -0.52 0.11 0.52 0.25 -1.38
53 18.0 98.0 68.0 24.0 0.36 -0.5 0.08 0.53 0.26 -1.31
54 17.0 98.0 75.0 24.0 0.37 -0.45 0.05 0.28 0.19 -0.76
55 18.0 98.0 76.0 24.0 0.31 -0.36 0.03 0.33 -0.43 0.04
56 17.0 95.0 78.0 24.0 0.25 -0.28 0.04 -0.72 0.1 -0.87
57 17.0 93.0 75.0 24.0 0.17 -0.25 -0.01 -0.07 0.04 -0.61
58 17.0 93.0 79.0 24.0 0.1 -0.19 -0.06 -0.57 0.22 -0.23
59 17.0 92.0 77.0 23.0 0.12 -0.17 -0.08 -0.66 0.09 -0.07
60 18.0 91.0 79.0 24.0 0.13 -0.17 -0.1 -0.79 0.19 0.22
61 18.0 94.0 80.0 24.0 0.15 -0.14 -0.12 -0.66 0.27 0.06
62 17.0 96.0 83.0 24.0 0.14 -0.11 -0.14 -0.7 0.3 -0.08
63 17.0 95.0 88.0 24.0 0.14 -0.11 -0.17 -0.49 0.45 -0.25
64 17.0 93.0 93.0 23.0 0.11 -0.09 -0.19 -0.44 0.34 -0.08
65 17.0 95.0 94.0 23.0 0.12 -0.08 -0.19 -0.44 0.41 -0.33
66 17.0 97.0 95.0 25.0 0.1 -0.11 -0.19 -0.48 0.42 -0.71
67 17.0 98.0 97.0 24.0 0.08 -0.2 -0.19 -0.03 0.17 -0.93
68 17.0 99.0 97.0 24.0 0.05 -0.22 -0.19 0.08 0.05 -0.93
69 16.0 99.0 97.0 23.0 0.02 -0.18 -0.11 0.5 -0.08 -0.89
70 16.0 97.0 97.0 24.0 0.03 0.03 -0.03 0.61 -0.41 -0.85
71 16.0 95.0 102.0 24.0 0.02 0.13 -0.02 0.54 -0.65 -0.93
72 17.0 94.0 95.0 24.0 0.09 0.23 0.03 0.41 -0.6 -1.39
73 21.0 92.0 100.0 24.0 0.12 0.23 0.06 0.49 -0.66 -1.36
74 22.0 90.0 99.0 23.0 0.11 0.21 0.12 0.58 -0.68 -1.34
75 21.0 87.0 104.0 24.0 0.2 0.26 0.16 0.51 -0.51 -1.18
76 20.0 82.0 98.0 23.0 0.22 0.28 0.16 0.04 -0.15 -0.8
77 19.0 84.0 92.0 24.0 0.2 0.28 0.14 -0.01 -0.15 -0.7
78 19.0 83.0 87.0 24.0 0.14 0.26 0.09 -0.07 0.0 -0.64
79 21.0 93.0 87.0 37.0 0.1 0.25 0.06 -0.32 0.19 -0.68
80 22.0 89.0 92.0 34.0 0.03 0.17 0.04 -0.22 0.13 -0.63
81 24.0 87.0 90.0 32.0 -0.03 0.05 0.02 -0.07 -0.04 -0.82
82 22.0 91.0 88.0 30.0 -0.04 0.01 0.01 0.11 -0.14 -0.66
83 22.0 95.0 97.0 32.0 -0.04 -0.07 0.05 0.16 -0.15 -0.48
84 21.0 98.0 100.0 30.0 -0.03 -0.03 0.07 -0.06 -0.03 0.03
85 22.0 122.0 92.0 29.0 -0.02 -0.01 0.08 -0.16 -0.01 0.44
86 22.0 128.0 89.0 28.0 -0.03 0.11 0.06 -0.35 0.03 0.4
87 29.0 119.0 91.0 29.0 -0.02 0.15 0.04 -0.32 0.02 0.04
88 28.0 120.0 88.0 28.0 -0.01 0.11 0.05 0.24 0.06 -0.3
89 26.0 118.0 94.0 26.0 0.02 0.04 0.06 0.27 0.08 -0.23
90 24.0 118.0 97.0 25.0 0.04 0.07 0.1 0.19 0.18 0.22
91 23.0 118.0 95.0 26.0 0.05 0.11 0.1 -0.03 0.26 0.4
92 20.0 115.0 95.0 26.0 0.06 0.17 0.06 -0.15 0.26 0.39
93 20.0 113.0 90.0 25.0 0.05 0.12 0.02 -0.23 0.27 0.18
94 22.0 122.0 87.0 27.0 0.04 0.08 0.0 -0.11 0.28 -0.04
95 24.0 116.0 84.0 27.0 0.05 -0.03 -0.02 0.0 0.26 -0.13
96 22.0 119.0 80.0 26.0 0.05 -0.08 -0.02 -0.08 0.17 -0.14
97 21.0 118.0 83.0 26.0 0.05 -0.08 -0.02 -0.16 0.09 -0.02
98 21.0 116.0 83.0 25.0 0.06 -0.08 0.0 -0.12 0.06 0.03
99 21.0 119.0 85.0 25.0 0.06 -0.07 0.01 0.06 0.0 0.06
100 23.0 117.0 86.0 24.0 0.08 -0.03 0.01 0.08 0.04 -0.02
101 22.0 116.0 93.0 24.0 0.09 0.02 0.02 0.03 0.04 -0.27
102 21.0 111.0 95.0 24.0 0.1 0.03 0.01 0.11 0.03 -0.44
103 19.0 111.0 88.0 24.0 0.11 -0.0 -0.0 0.08 0.1 -0.35
104 21.0 111.0 86.0 24.0 0.11 -0.0 -0.01 0.08 0.22 -0.37
105 20.0 112.0 93.0 24.0 0.08 -0.0 -0.04 -0.02 0.26 -0.31
106 19.0 108.0 102.0 24.0 0.04 0.02 -0.05 -0.15 0.2 -0.35
107 22.0 115.0 93.0 23.0 0.02 0.01 -0.05 -0.17 0.2 -0.35
108 24.0 117.0 89.0 24.0 -0.0 -0.02 -0.04 -0.17 0.18 -0.25
109 22.0 116.0 102.0 22.0 -0.02 -0.03 -0.03 -0.12 0.12 -0.25
110 21.0 118.0 96.0 23.0 -0.01 -0.03 -0.02 -0.04 0.02 -0.2
111 20.0 120.0 92.0 23.0 0.01 -0.0 -0.02 0.0 0.07 0.02
112 19.0 119.0 94.0 23.0 0.01 0.01 -0.02 0.01 0.09 -0.04
113 22.0 119.0 87.0 24.0 0.02 0.02 -0.03 -0.03 0.16 -0.08
114 25.0 120.0 86.0 23.0 0.0 0.02 -0.05 -0.06 0.18 -0.1
115 23.0 120.0 85.0 24.0 -0.0 0.02 -0.05 -0.11 0.19 -0.18
116 22.0 126.0 92.0 24.0 -0.02 -0.01 -0.05 -0.05 0.19 -0.2
117 20.0 126.0 89.0 23.0 -0.03 -0.02 -0.05 -0.04 0.14 -0.15
118 21.0 126.0 89.0 24.0 -0.03 -0.03 -0.04 0.02 0.07 -0.2
119 20.0 137.0 87.0 26.0 -0.03 -0.02 -0.04 0.07 0.02 -0.18
120 23.0 132.0 91.0 25.0 -0.02 0.0 -0.04 -0.06 0.04 -0.1
121 22.0 131.0 92.0 25.0 -0.01 0.01 -0.04 -0.05 0.09 -0.12
122 19.0 136.0 91.0 25.0 -0.01 -0.01 -0.05 -0.09 0.16 -0.18
123 22.0 130.0 85.0 25.0 -0.03 -0.01 -0.05 -0.1 0.18 -0.15
124 21.0 134.0 83.0 25.0 -0.03 -0.01 -0.06 -0.12 0.15 -0.09
125 20.0 146.0 85.0 25.0 -0.02 -0.02 -0.05 -0.21 0.08 -0.13
126 23.0 145.0 85.0 24.0 -0.01 -0.03 -0.04 -0.19 0.09 -0.05
127 23.0 142.0 83.0 23.0 -0.0 -0.01 -0.03 -0.1 0.08 -0.05
128 22.0 142.0 80.0 25.0 0.0 0.02 -0.01 -0.15 0.07 -0.1
129 21.0 141.0 85.0 26.0 0.02 0.02 -0.0 -0.18 0.19 -0.19
130 20.0 141.0 88.0 25.0 0.02 0.03 0.0 -0.13 0.22 -0.24
131 19.0 142.0 83.0 25.0 0.01 0.02 0.0 -0.07 0.21 -0.28
132 18.0 138.0 79.0 25.0 -0.01 0.02 0.0 -0.01 0.18 -0.22
133 17.0 136.0 76.0 25.0 -0.02 0.02 -0.0 0.01 0.13 -0.16
134 17.0 132.0 75.0 40.0 -0.02 0.02 -0.0 0.08 0.04 -0.17
135 17.0 133.0 72.0 42.0 -0.02 -0.0 -0.01 0.16 -0.04 -0.17
136 17.0 137.0 77.0 43.0 -0.02 -0.01 -0.01 0.29 -0.23 -0.11
137 16.0 137.0 73.0 38.0 -0.01 0.01 -0.03 0.39 -0.25 -0.18
138 16.0 138.0 72.0 36.0 -0.01 0.03 -0.04 0.39 -0.12 -0.5
139 16.0 137.0 71.0 34.0 -0.03 0.04 -0.06 0.32 -0.19 -0.6
140 18.0 137.0 67.0 31.0 -0.05 0.02 -0.09 0.26 -0.19 -0.74
141 18.0 140.0 65.0 29.0 -0.07 -0.02 -0.12 -0.02 -0.23 -0.85
142 16.0 138.0 61.0 28.0 -0.09 -0.06 -0.13 -0.09 -0.31 -0.98
143 17.0 143.0 58.0 27.0 -0.13 -0.17 -0.15 -0.12 -0.43 -1.39
144 17.0 145.0 57.0 31.0 -0.19 -0.23 -0.14 0.04 -0.48 -1.62
145 16.0 163.0 55.0 29.0 -0.24 -0.22 -0.14 0.11 -0.49 -1.77
146 17.0 165.0 54.0 29.0 -0.32 -0.15 -0.12 0.17 -0.54 -2.03
147 16.0 201.0 53.0 28.0 -0.42 -0.05 -0.1 0.06 -0.64 -2.14
148 25.0 344.0 53.0 28.0 -0.47 -0.01 -0.09 0.04 -0.8 -2.31
149 26.0 349.0 53.0 38.0 -0.57 -0.15 -0.08 -0.15 -0.8 -2.92
150 29.0 341.0 54.0 36.0 -0.7 -0.26 -0.06 0.37 -0.83 -3.03
151 31.0 311.0 53.0 33.0 -0.78 -0.03 0.0 0.09 -0.4 -2.54
152 36.0 287.0 52.0 41.0 -0.97 0.37 0.1 -0.65 -0.3 -1.46
153 35.0 275.0 54.0 40.0 -1.0 0.37 0.13 -0.67 -0.36 -0.84
154 35.0 261.0 52.0 38.0 -0.99 0.29 0.12 -0.68 -0.38 -0.64
155 40.0 247.0 52.0 34.0 -0.95 0.22 0.07 -0.42 -0.26 -0.46
156 44.0 238.0 50.0 32.0 -0.93 0.22 0.01 -0.09 0.01 -0.54
157 38.0 212.0 50.0 30.0 -0.91 0.25 -0.01 -0.17 -0.05 -0.17
158 33.0 198.0 48.0 31.0 -0.84 0.29 -0.07 -0.33 -0.03 0.13
159 29.0 236.0 49.0 29.0 -0.76 0.29 -0.13 -0.12 -0.15 0.57
160 26.0 233.0 50.0 35.0 -0.75 0.29 -0.17 -0.02 -0.14 0.62
161 24.0 222.0 48.0 33.0 -0.68 0.28 -0.16 -0.12 -0.19 0.37
162 25.0 212.0 48.0 31.0 -0.6 0.32 -0.25 0.02 0.35 0.19
163 23.0 187.0 48.0 30.0 -0.59 0.32 -0.25 -0.09 0.32 0.07
164 21.0 173.0 48.0 29.0 -0.53 0.21 -0.28 -0.39 0.14 -0.63
165 20.0 163.0 48.0 27.0 -0.55 0.29 -0.28 0.0 0.55 -0.8
166 19.0 154.0 48.0 26.0 -0.56 0.51 -0.24 0.2 0.89 -1.12
167 19.0 149.0 48.0 26.0 0.33 -0.09 -0.22 -10.59 0.18 12.33
168 15.0 145.0 49.0 25.0 1.94 -1.8 -0.35 6.3 4.31 4.51
169 18.0 138.0 54.0 25.0 1.11 -1.31 -0.14 2.78 3.0 -0.15
170 17.0 133.0 57.0 25.0 1.13 -0.26 -0.14 0.67 1.18 -2.34
171 17.0 134.0 56.0 24.0 0.9 0.29 -0.25 0.46 1.3 0.33
172 17.0 134.0 60.0 24.0 0.63 0.17 -0.29 0.6 0.6 1.63
173 17.0 131.0 57.0 23.0 -0.0 -0.28 -0.19 0.45 0.42 0.93
174 16.0 128.0 58.0 24.0 -0.31 -0.18 -0.05 0.58 0.4 0.39
175 16.0 124.0 56.0 23.0 -0.3 0.04 -0.04 0.53 0.37 0.11
176 16.0 124.0 62.0 23.0 -0.13 0.32 -0.06 0.34 0.15 -0.03
