1 16.0 92.0 50.0 25.0 -0.02 -0.02 -0.0 -0.09 0.18 -0.05
2 16.0 94.0 50.0 25.0 -0.02 -0.02 -0.0 -0.1 0.12 -0.07
3 15.0 95.0 50.0 24.0 -0.01 -0.0 -0.01 -0.13 0.11 -0.09
4 16.0 93.0 49.0 24.0 0.0 -0.01 -0.01 -0.13 0.12 -0.08
5 16.0 93.0 51.0 24.0 0.01 -0.03 -0.01 -0.11 0.12 -0.16
6 16.0 93.0 50.0 25.0 0.02 -0.06 -0.0 -0.12 0.16 -0.05
7 16.0 95.0 49.0 25.0 0.01 -0.09 0.0 0.0 0.27 0.03
8 16.0 95.0 52.0 25.0 -0.01 -0.1 0.01 0.01 0.27 0.0
9 16.0 96.0 52.0 24.0 -0.05 -0.09 0.02 0.16 0.2 0.0
10 16.0 97.0 52.0 27.0 -0.05 -0.06 0.03 0.11 0.12 -0.08
11 16.0 98.0 53.0 27.0 -0.06 -0.05 0.03 0.08 0.13 -0.01
12 15.0 99.0 54.0 28.0 -0.1 -0.06 0.04 0.03 0.19 0.06
13 25.0 98.0 54.0 27.0 -0.16 -0.09 0.07 0.02 0.18 0.1
14 20.0 100.0 52.0 29.0 -0.19 -0.1 0.07 -0.07 0.16 0.06
15 37.0 106.0 51.0 30.0 -0.21 -0.09 0.09 0.04 0.24 0.03
16 53.0 117.0 53.0 45.0 -0.25 -0.06 0.13 0.05 0.29 0.03
17 49.0 127.0 52.0 60.0 -0.25 -0.05 0.14 -0.07 0.32 0.09
18 54.0 120.0 56.0 54.0 -0.27 -0.09 0.15 -0.09 0.4 0.24
19 55.0 207.0 61.0 100.0 -0.33 -0.17 0.14 -0.36 0.32 0.51
20 56.0 232.0 61.0 92.0 -0.38 -0.23 0.14 -0.39 0.23 0.59
21 51.0 209.0 63.0 94.0 -0.44 -0.6 0.17 -0.69 0.03 0.58
22 48.0 192.0 66.0 80.0 -0.33 -0.97 0.19 -0.8 0.01 0.71
23 44.0 185.0 73.0 68.0 -0.22 -1.05 0.18 -0.81 0.0 0.95
24 40.0 164.0 71.0 57.0 -0.01 -1.0 0.17 -1.12 -0.42 1.65
25 36.0 167.0 70.0 50.0 0.57 -1.24 0.27 1.26 3.04 2.58
26 39.0 180.0 75.0 45.0 0.22 -0.8 0.21 0.23 0.51 2.0
27 36.0 180.0 91.0 42.0 0.23 -0.22 0.28 0.57 1.1 2.13
28 33.0 168.0 90.0 38.0 0.31 0.04 0.2 0.38 1.14 2.49
29 29.0 162.0 84.0 35.0 0.38 0.02 0.14 0.34 0.91 2.77
30 28.0 155.0 87.0 32.0 0.48 -0.1 0.03 0.19 0.79 2.79
31 26.0 144.0 94.0 31.0 0.58 -0.15 -0.08 0.34 0.91 2.19
32 28.0 139.0 95.0 29.0 0.6 -0.13 -0.13 0.25 1.03 1.53
33 26.0 133.0 92.0 28.0 0.64 -0.09 -0.18 -0.04 0.77 1.17
34 71.0 129.0 105.0 27.0 0.69 -0.04 -0.15 -0.35 0.63 0.45
35 62.0 123.0 95.0 26.0 0.72 -0.08 -0.15 -0.51 0.39 0.21
36 53.0 120.0 92.0 27.0 0.82 -0.33 -0.14 -0.58 0.44 -0.06
37 52.0 117.0 89.0 27.0 0.89 -0.45 -0.15 -0.54 0.42 -0.59
38 54.0 116.0 97.0 26.0 0.87 -0.48 -0.14 -0.52 0.32 -0.62
39 72.0 114.0 99.0 25.0 0.79 -0.47 -0.09 -0.69 0.14 -0.71
40 74.0 113.0 102.0 25.0 0.71 -0.47 -0.05 -0.72 0.09 -0.64
41 64.0 111.0 95.0 25.0 0.65 -0.48 -0.05 -0.78 0.02 -0.67
42 62.0 110.0 101.0 25.0 0.58 -0.57 -0.07 -0.74 0.0 -0.71
43 89.0 109.0 101.0 24.0 0.55 -0.63 -0.11 -0.27 -0.11 -0.87
44 80.0 111.0 99.0 24.0 0.53 -0.59 -0.12 -0.09 -0.08 -0.92
45 68.0 112.0 98.0 24.0 0.44 -0.42 -0.19 0.08 -0.16 -1.01
46 60.0 111.0 108.0 24.0 0.37 -0.31 -0.25 0.0 -0.41 -1.26
47 67.0 109.0 110.0 24.0 0.36 -0.28 -0.27 -0.06 -0.41 -1.39
48 63.0 105.0 105.0 24.0 0.36 -0.27 -0.32 -0.05 -0.25 -1.53
49 58.0 103.0 119.0 24.0 0.34 -0.23 -0.32 0.14 -0.28 -1.48
50 59.0 102.0 125.0 24.0 0.3 -0.16 -0.32 0.3 -0.4 -1.55
51 87.0 97.0 121.0 24.0 0.22 -0.06 -0.3 0.05 -0.44 -1.52
52 77.0 94.0 139.0 24.0 0.18 -0.01 -0.27 0.04 -0.55 -1.19
53 77.0 90.0 155.0 24.0 0.18 0.04 -0.26 0.06 -0.63 -1.11
54 70.0 89.0 145.0 23.0 0.16 0.12 -0.26 -0.1 -0.67 -1.01
55 65.0 88.0 147.0 24.0 0.16 0.15 -0.26 -0.46 -0.62 -1.2
56 72.0 90.0 142.0 23.0 0.15 0.15 -0.25 -0.45 -0.67 -1.23
57 71.0 88.0 137.0 24.0 0.13 0.09 -0.22 -0.38 -0.62 -1.35
58 62.0 87.0 131.0 26.0 0.13 -0.02 -0.16 -0.03 -0.63 -1.32
59 74.0 85.0 130.0 25.0 0.13 -0.04 -0.12 0.06 -0.64 -1.3
60 76.0 83.0 126.0 25.0 0.1 -0.06 -0.04 0.1 -0.52 -1.43
61 62.0 84.0 130.0 25.0 0.07 -0.04 0.02 0.32 -0.44 -1.46
62 59.0 83.0 123.0 25.0 0.05 -0.02 0.04 0.21 -0.22 -1.4
63 60.0 82.0 127.0 25.0 -0.02 0.02 0.04 0.2 -0.2 -1.14
64 53.0 83.0 117.0 25.0 -0.09 0.03 0.03 0.05 -0.45 -1.09
65 53.0 80.0 115.0 24.0 -0.09 0.02 0.03 0.07 -0.39 -1.06
66 65.0 81.0 109.0 24.0 -0.1 -0.0 0.03 -0.15 -0.13 -0.93
67 65.0 80.0 107.0 24.0 -0.14 -0.05 0.03 -0.25 -0.11 -0.79
68 60.0 79.0 104.0 24.0 -0.15 -0.08 0.04 -0.14 -0.14 -0.74
69 76.0 79.0 98.0 28.0 -0.17 -0.11 0.06 -0.09 -0.08 -0.44
70 67.0 79.0 90.0 28.0 -0.16 -0.11 0.08 0.06 0.14 -0.2
71 60.0 82.0 85.0 27.0 -0.16 -0.08 0.08 0.24 0.17 -0.09
72 60.0 79.0 89.0 26.0 -0.15 -0.03 0.08 0.46 0.2 -0.08
73 59.0 79.0 86.0 25.0 -0.12 0.08 0.09 0.53 0.14 0.17
74 58.0 80.0 92.0 24.0 -0.1 0.12 0.09 0.38 0.14 0.26
75 62.0 78.0 86.0 27.0 -0.07 0.13 0.07 -0.06 0.3 0.43
76 58.0 79.0 79.0 26.0 -0.03 0.01 0.04 -0.14 0.39 0.46
77 77.0 80.0 75.0 26.0 -0.01 -0.04 0.02 -0.03 0.42 0.44
78 75.0 80.0 77.0 25.0 0.01 -0.01 0.0 0.28 0.34 0.3
79 69.0 86.0 77.0 25.0 0.0 0.06 0.0 0.11 0.29 0.19
80 64.0 84.0 73.0 24.0 0.01 0.07 0.01 -0.07 0.31 0.22
81 58.0 85.0 69.0 24.0 0.02 0.03 0.03 -0.15 0.23 0.14
82 57.0 86.0 74.0 25.0 0.04 -0.03 0.04 -0.01 0.16 0.04
83 60.0 87.0 73.0 25.0 0.06 -0.03 0.04 0.03 0.14 0.07
84 55.0 83.0 71.0 24.0 0.08 0.03 0.04 0.04 0.23 0.1
85 47.0 81.0 75.0 26.0 0.06 0.09 0.03 -0.03 0.24 -0.05
86 42.0 82.0 72.0 25.0 0.06 0.11 0.02 -0.1 0.3 -0.05
87 36.0 85.0 83.0 25.0 0.05 0.08 0.01 -0.45 0.21 0.02
88 37.0 83.0 78.0 24.0 0.05 0.01 0.0 -0.12 0.22 -0.03
89 43.0 84.0 75.0 24.0 0.06 -0.0 0.0 0.04 0.06 -0.07
90 59.0 83.0 73.0 24.0 0.06 0.03 -0.0 0.07 -0.02 -0.25
91 55.0 84.0 72.0 29.0 0.07 0.06 -0.0 -0.1 0.1 -0.3
92 56.0 82.0 80.0 28.0 0.07 0.05 -0.0 -0.15 0.14 -0.34
93 48.0 83.0 74.0 27.0 0.08 -0.0 -0.0 -0.13 0.21 -0.33
94 41.0 85.0 71.0 26.0 0.06 -0.03 0.0 -0.04 0.27 -0.4
95 45.0 83.0 76.0 25.0 0.04 -0.04 0.0 0.0 0.27 -0.4
96 46.0 85.0 77.0 27.0 0.0 -0.04 0.02 0.11 0.27 -0.32
97 46.0 83.0 70.0 25.0 -0.03 0.0 0.01 0.09 0.26 -0.21
98 44.0 86.0 69.0 25.0 -0.04 0.03 0.01 0.09 0.28 -0.09
99 38.0 85.0 66.0 25.0 -0.06 0.05 -0.01 0.04 0.22 0.06
100 66.0 85.0 66.0 24.0 -0.05 0.05 -0.03 0.03 0.07 -0.03
101 63.0 85.0 66.0 24.0 -0.03 0.04 -0.03 0.03 0.02 -0.06
102 63.0 87.0 65.0 24.0 0.01 0.02 -0.04 0.01 0.1 -0.12
103 55.0 86.0 71.0 24.0 0.03 -0.0 -0.04 -0.14 0.1 -0.03
104 61.0 88.0 72.0 23.0 0.03 -0.01 -0.04 -0.16 0.11 0.02
105 52.0 90.0 74.0 24.0 0.02 -0.02 -0.03 -0.11 0.07 0.04
106 44.0 87.0 70.0 24.0 0.02 0.0 -0.0 -0.14 0.08 -0.08
107 37.0 90.0 69.0 24.0 0.02 0.01 0.0 -0.18 0.09 -0.14
108 45.0 92.0 67.0 25.0 0.03 -0.02 0.02 -0.05 0.12 -0.29
109 58.0 89.0 67.0 24.0 0.03 -0.03 0.03 0.05 0.1 -0.27
110 61.0 90.0 64.0 24.0 0.03 -0.03 0.03 0.05 0.18 -0.09
111 57.0 88.0 61.0 24.0 0.03 0.02 0.03 0.07 0.32 -0.11
112 52.0 90.0 66.0 24.0 -0.0 0.06 0.01 0.06 0.23 -0.17
113 46.0 93.0 62.0 23.0 -0.0 0.07 -0.0 0.07 0.18 -0.2
114 45.0 92.0 61.0 25.0 0.0 0.07 -0.02 -0.03 0.16 -0.2
115 37.0 91.0 59.0 24.0 0.03 0.03 -0.02 -0.01 0.1 -0.18
116 42.0 88.0 58.0 24.0 0.04 0.01 -0.01 0.0 0.07 -0.13
117 43.0 86.0 60.0 24.0 0.05 0.02 -0.0 0.06 0.06 -0.12
118 41.0 89.0 58.0 24.0 0.04 0.05 0.01 -0.05 0.13 -0.11
119 41.0 80.0 57.0 23.0 0.03 0.05 0.0 -0.11 0.12 -0.17
120 42.0 80.0 57.0 24.0 0.01 0.04 0.0 -0.22 0.06 -0.23
121 37.0 78.0 56.0 23.0 0.01 -0.0 0.01 -0.13 0.19 -0.27
122 69.0 79.0 55.0 23.0 0.01 -0.02 0.01 -0.06 0.16 -0.26
123 69.0 78.0 54.0 23.0 -0.02 -0.02 0.03 -0.04 0.09 -0.2
124 65.0 77.0 55.0 23.0 -0.03 0.02 0.04 0.1 0.1 -0.12
125 56.0 77.0 53.0 25.0 -0.02 0.05 0.04 0.06 0.08 -0.15
126 55.0 76.0 54.0 24.0 -0.0 0.08 0.03 0.07 0.06 -0.11
127 49.0 75.0 52.0 24.0 -0.0 0.08 0.02 0.0 0.09 -0.21
128 48.0 76.0 53.0 24.0 0.01 0.07 0.02 -0.05 0.13 -0.23
129 47.0 75.0 55.0 24.0 0.01 0.01 0.0 -0.06 0.12 -0.22
130 42.0 75.0 57.0 26.0 0.02 -0.02 0.0 0.11 0.04 -0.06
131 38.0 79.0 56.0 26.0 0.02 -0.01 0.01 0.14 0.03 -0.06
132 34.0 80.0 55.0 25.0 0.02 0.05 0.01 0.13 0.04 -0.08
133 34.0 78.0 56.0 25.0 0.02 0.09 0.01 0.0 0.06 -0.26
134 30.0 78.0 57.0 26.0 0.01 0.09 0.02 0.01 0.05 -0.29
135 27.0 78.0 57.0 25.0 -0.01 0.05 0.02 -0.11 -0.12 -0.39
136 29.0 81.0 56.0 24.0 -0.01 -0.0 0.02 -0.01 -0.12 -0.42
137 28.0 80.0 54.0 27.0 -0.01 -0.02 0.02 -0.02 -0.1 -0.45
138 26.0 80.0 53.0 28.0 0.0 -0.0 0.03 0.13 -0.27 -0.56
139 28.0 79.0 53.0 26.0 0.0 0.05 0.04 0.13 -0.43 -0.72
140 27.0 80.0 53.0 26.0 0.0 0.06 0.04 0.09 -0.47 -0.8
141 28.0 79.0 52.0 24.0 0.01 0.09 0.08 0.1 -0.67 -0.84
142 27.0 80.0 52.0 28.0 0.03 0.14 0.09 0.12 -0.68 -1.12
143 27.0 85.0 53.0 31.0 0.03 0.17 0.09 0.12 -0.76 -1.2
144 24.0 85.0 56.0 28.0 0.02 0.24 0.07 0.0 -0.95 -1.6
145 22.0 85.0 56.0 30.0 0.01 0.26 0.07 -0.01 -1.01 -1.71
146 22.0 91.0 56.0 32.0 -0.02 0.33 0.09 -0.04 -0.93 -1.71
147 23.0 95.0 59.0 30.0 -0.15 0.38 0.15 -0.24 -0.34 -1.8
148 27.0 126.0 61.0 31.0 -0.22 0.4 0.17 -0.14 -0.56 -2.0
149 25.0 149.0 62.0 29.0 -0.32 0.4 0.23 0.07 -0.88 -2.13
150 25.0 168.0 64.0 28.0 -0.38 0.43 0.29 0.19 -0.64 -2.1
151 26.0 151.0 63.0 28.0 -0.42 0.46 0.31 0.37 0.35 -1.87
152 28.0 147.0 63.0 27.0 -0.55 0.48 0.3 0.5 0.42 -1.81
153 31.0 146.0 64.0 28.0 -0.78 0.64 0.27 0.2 0.43 -1.56
154 40.0 138.0 66.0 28.0 -0.89 0.67 0.26 -0.2 0.25 -1.14
155 38.0 130.0 64.0 34.0 -1.04 0.55 0.21 -0.1 0.19 -0.92
156 34.0 122.0 62.0 32.0 -1.14 0.44 0.11 -0.07 0.42 -0.44
157 37.0 131.0 61.0 40.0 -1.17 0.39 0.07 0.09 0.88 -0.16
158 35.0 124.0 62.0 39.0 -1.29 0.3 -0.0 -0.31 0.33 0.11
159 40.0 122.0 62.0 36.0 -1.35 0.13 -0.09 -0.2 -0.2 0.39
160 37.0 120.0 61.0 33.0 -1.3 0.09 -0.09 0.14 -0.16 0.42
161 42.0 116.0 60.0 31.0 -1.19 0.12 -0.12 0.09 0.03 0.33
162 38.0 107.0 57.0 30.0 -1.1 0.15 -0.05 0.24 0.4 0.24
163 33.0 101.0 57.0 30.0 -1.07 0.16 -0.06 0.01 0.54 0.03
164 31.0 97.0 54.0 29.0 -1.04 0.22 -0.04 -0.03 0.48 -0.03
165 29.0 92.0 52.0 28.0 -1.03 0.26 -0.01 -0.26 0.29 -0.48
166 28.0 89.0 51.0 26.0 -1.02 0.26 -0.02 0.33 0.8 -1.33
167 25.0 86.0 50.0 26.0 -1.09 0.4 -0.03 0.65 0.55 -1.46
168 23.0 86.0 50.0 25.0 -1.0 0.75 0.02 -0.44 0.2 -1.34
169 25.0 83.0 49.0 25.0 -0.81 0.65 -0.0 -2.08 -3.17 5.46
170 30.0 88.0 51.0 25.0 0.25 0.23 -0.19 -6.35 -9.57 22.39
171 29.0 86.0 51.0 25.0 2.18 0.63 -0.15 2.64 9.89 7.57
172 54.0 82.0 55.0 24.0 1.01 0.25 -0.02 -2.66 -0.49 -2.24
173 49.0 82.0 55.0 25.0 0.77 0.31 -0.32 -1.83 0.78 -0.45
174 42.0 82.0 52.0 24.0 0.88 0.26 -0.32 -0.72 1.6 0.61
175 37.0 84.0 50.0 23.0 0.66 0.13 -0.35 0.38 0.89 0.16
176 37.0 82.0 50.0 24.0 0.27 -0.07 -0.22 0.44 0.05 0.09
177 33.0 80.0 51.0 24.0 0.24 -0.24 0.01 0.86 -0.17 -0.02
178 34.0 80.0 50.0 24.0 0.29 -0.19 0.04 0.72 -0.05 -0.08
179 34.0 81.0 52.0 23.0 0.38 0.12 0.02 0.53 0.0 0.0
180 30.0 81.0 55.0 24.0 0.31 0.36 -0.0 0.19 -0.13 -0.04
181 30.0 79.0 61.0 24.0 0.31 0.39 0.01 0.02 0.17 -0.01
182 27.0 78.0 60.0 23.0 0.26 0.29 0.04 -0.03 0.19 0.04
183 33.0 76.0 58.0 24.0 0.21 0.21 0.04 -0.21 0.31 -0.04
184 30.0 75.0 60.0 25.0 0.19 0.22 0.01 -0.2 0.37 0.01
185 28.0 75.0 57.0 23.0 0.13 0.22 -0.03 -0.19 0.29 0.1
186 32.0 73.0 56.0 23.0 0.1 0.2 -0.03 -0.11 -0.01 -0.01
187 28.0 73.0 55.0 23.0 0.09 0.13 0.02 -0.03 -0.04 -0.09
188 45.0 72.0 56.0 23.0 0.08 0.07 0.01 -0.04 -0.04 -0.04
189 47.0 71.0 55.0 23.0 0.07 0.05 0.02 0.04 -0.02 -0.06
190 40.0 70.0 58.0 24.0 0.08 0.07 0.02 0.08 0.04 0.0
191 38.0 70.0 57.0 23.0 0.08 0.08 0.02 0.12 0.09 0.0
