1 16.0 109.0 56.0 23.0 0.02 -0.01 -0.02 0.03 0.08 -0.02
2 15.0 108.0 54.0 23.0 0.0 -0.0 -0.02 0.06 0.07 -0.02
3 12.0 106.0 53.0 23.0 -0.01 0.0 -0.01 0.01 0.07 0.0
4 18.0 102.0 51.0 23.0 -0.01 0.01 -0.01 -0.02 0.07 -0.02
5 16.0 98.0 54.0 23.0 -0.01 0.0 -0.0 -0.06 0.12 0.0
6 16.0 94.0 56.0 23.0 -0.02 -0.01 -0.0 -0.09 0.12 -0.03
7 15.0 89.0 55.0 23.0 -0.02 -0.01 -0.0 -0.05 0.1 -0.01
8 16.0 85.0 54.0 23.0 -0.03 -0.01 -0.0 0.03 0.07 -0.02
9 16.0 81.0 52.0 23.0 -0.03 0.0 -0.01 -0.02 0.06 -0.01
10 16.0 78.0 52.0 24.0 -0.04 -0.0 -0.01 -0.02 0.04 -0.06
11 16.0 75.0 53.0 23.0 -0.03 -0.0 -0.01 -0.08 0.02 -0.04
12 15.0 74.0 52.0 23.0 -0.03 -0.01 -0.01 -0.08 0.07 -0.07
13 16.0 74.0 50.0 23.0 -0.03 -0.02 -0.0 -0.06 0.05 -0.06
14 16.0 72.0 50.0 23.0 -0.02 -0.02 -0.01 0.0 0.14 -0.02
15 16.0 71.0 50.0 23.0 -0.03 -0.04 -0.01 -0.05 0.07 -0.05
16 16.0 72.0 52.0 24.0 -0.03 -0.04 -0.01 -0.04 0.09 -0.05
17 16.0 73.0 52.0 23.0 -0.03 -0.04 -0.01 -0.01 0.05 0.0
18 16.0 74.0 53.0 23.0 -0.04 -0.05 -0.01 -0.02 0.04 -0.03
19 16.0 75.0 52.0 25.0 -0.04 -0.05 -0.01 -0.02 0.05 -0.01
20 16.0 77.0 52.0 24.0 -0.04 -0.04 -0.0 -0.03 0.07 -0.02
21 16.0 77.0 52.0 24.0 -0.06 -0.06 0.0 -0.04 0.09 -0.01
22 16.0 80.0 55.0 27.0 -0.07 -0.06 0.01 -0.02 0.1 0.0
23 17.0 82.0 56.0 27.0 -0.09 -0.08 0.01 0.01 0.1 0.01
24 18.0 81.0 56.0 26.0 -0.13 -0.11 0.03 0.05 0.12 0.12
25 22.0 83.0 53.0 26.0 -0.17 -0.15 0.04 0.1 0.13 0.15
26 29.0 86.0 54.0 31.0 -0.26 -0.21 0.07 0.06 0.19 0.15
27 31.0 94.0 54.0 30.0 -0.33 -0.24 0.09 0.02 0.22 0.13
28 54.0 116.0 55.0 28.0 -0.35 -0.23 0.09 0.06 0.31 0.24
29 51.0 121.0 54.0 27.0 -0.39 -0.19 0.09 0.06 0.4 0.22
30 44.0 114.0 57.0 31.0 -0.38 -0.12 0.06 0.0 0.35 0.29
31 46.0 117.0 55.0 40.0 -0.37 -0.12 0.05 0.06 0.37 0.38
32 45.0 139.0 56.0 41.0 -0.36 -0.14 0.05 0.06 0.3 0.53
33 41.0 139.0 57.0 43.0 -0.36 -0.15 0.06 -0.15 0.23 0.65
34 36.0 138.0 59.0 39.0 -0.37 -0.18 0.07 -0.13 0.25 0.79
35 34.0 128.0 60.0 38.0 -0.36 -0.28 0.12 -0.39 0.95 1.14
36 34.0 133.0 62.0 34.0 -0.43 -0.23 0.13 -0.05 0.84 1.72
37 33.0 130.0 62.0 32.0 -0.53 -0.08 0.16 -0.35 1.37 1.46
38 36.0 123.0 64.0 31.0 -0.24 -0.21 -0.1 -4.7 -2.67 2.36
39 40.0 135.0 63.0 28.0 0.25 -1.09 -0.1 -0.59 0.47 2.01
40 38.0 131.0 70.0 27.0 0.05 -1.05 -0.12 0.06 0.78 1.84
41 54.0 121.0 76.0 26.0 0.22 -0.89 -0.1 -0.09 0.43 1.88
42 47.0 117.0 84.0 33.0 0.39 -0.55 -0.08 -0.36 0.44 1.74
43 40.0 114.0 81.0 30.0 0.43 -0.42 -0.09 -0.52 0.35 1.61
44 47.0 106.0 98.0 29.0 0.56 -0.35 -0.1 -1.05 0.35 1.56
45 55.0 111.0 104.0 28.0 0.65 -0.44 -0.13 -1.14 0.44 1.19
46 58.0 117.0 103.0 27.0 0.69 -0.55 -0.15 -1.29 0.31 0.91
47 73.0 123.0 104.0 26.0 0.73 -0.78 -0.16 -0.2 0.32 0.74
48 62.0 146.0 111.0 25.0 0.72 -0.59 -0.1 -0.55 0.09 0.21
49 68.0 140.0 111.0 25.0 0.72 -0.58 -0.09 -0.85 0.4 -0.29
50 59.0 135.0 101.0 24.0 0.7 -0.72 -0.09 -0.87 0.21 -0.7
51 73.0 133.0 99.0 24.0 0.71 -0.99 -0.09 -0.4 0.28 -1.19
52 65.0 132.0 109.0 24.0 0.68 -1.07 -0.11 -0.17 0.24 -1.19
53 55.0 126.0 112.0 24.0 0.64 -1.08 -0.16 -0.14 0.11 -1.23
54 53.0 125.0 103.0 23.0 0.59 -1.02 -0.18 -0.21 0.13 -1.08
55 67.0 122.0 101.0 24.0 0.56 -0.98 -0.19 -0.08 0.03 -0.98
56 84.0 122.0 101.0 23.0 0.47 -0.79 -0.17 -0.07 0.03 -0.73
57 71.0 119.0 128.0 23.0 0.33 -0.56 -0.15 -0.1 -0.01 -1.05
58 64.0 122.0 120.0 27.0 0.26 -0.46 -0.16 0.01 -0.15 -1.23
59 56.0 119.0 122.0 26.0 0.2 -0.32 -0.2 0.15 -0.22 -1.31
60 50.0 120.0 122.0 25.0 0.15 -0.21 -0.22 0.14 -0.4 -1.05
61 46.0 120.0 127.0 25.0 0.14 -0.16 -0.24 0.21 -0.41 -0.9
62 42.0 116.0 127.0 25.0 0.15 -0.06 -0.27 0.08 -0.57 -0.93
63 42.0 116.0 124.0 25.0 0.17 -0.01 -0.27 -0.09 -0.53 -0.86
64 37.0 118.0 118.0 26.0 0.17 0.03 -0.25 0.09 -0.51 -0.86
65 63.0 117.0 114.0 26.0 0.15 0.16 -0.19 0.22 -0.66 -1.06
66 63.0 117.0 120.0 25.0 0.15 0.29 -0.16 0.12 -0.67 -1.08
67 60.0 119.0 114.0 25.0 0.16 0.33 -0.14 0.03 -0.64 -1.07
68 56.0 118.0 111.0 25.0 0.18 0.31 -0.12 -0.1 -0.48 -1.03
69 54.0 114.0 112.0 24.0 0.2 0.22 -0.09 -0.31 -0.39 -0.86
70 48.0 120.0 116.0 24.0 0.2 0.17 -0.1 -0.2 -0.4 -0.91
71 48.0 119.0 111.0 24.0 0.2 0.06 -0.07 0.0 -0.45 -1.01
72 49.0 119.0 106.0 25.0 0.19 0.05 -0.04 0.3 -0.5 -1.12
73 44.0 118.0 98.0 25.0 0.17 0.07 -0.03 0.35 -0.42 -1.1
74 46.0 113.0 102.0 24.0 0.12 0.12 -0.02 0.02 -0.37 -1.25
75 45.0 111.0 95.0 24.0 0.11 0.06 0.0 -0.17 -0.44 -1.25
76 72.0 109.0 90.0 25.0 0.11 -0.01 0.0 -0.05 -0.31 -0.94
77 67.0 114.0 87.0 23.0 0.09 -0.06 -0.0 0.14 -0.08 -0.78
78 71.0 109.0 82.0 25.0 0.03 -0.02 -0.02 0.25 0.07 -0.9
79 60.0 108.0 79.0 24.0 0.0 -0.01 -0.03 0.28 0.05 -0.85
80 56.0 101.0 76.0 24.0 -0.03 0.02 -0.06 0.19 0.06 -0.67
81 50.0 106.0 78.0 24.0 -0.05 -0.0 -0.06 0.0 -0.04 -0.42
82 46.0 106.0 76.0 24.0 -0.0 -0.09 -0.06 0.13 0.0 -0.3
83 45.0 105.0 74.0 24.0 0.04 -0.11 -0.03 0.05 0.17 -0.07
84 43.0 104.0 73.0 25.0 0.04 -0.09 -0.03 -0.08 0.23 0.2
85 43.0 104.0 69.0 25.0 0.03 -0.01 -0.01 -0.24 0.31 0.22
86 51.0 100.0 65.0 25.0 0.01 0.05 0.01 -0.6 0.4 0.3
87 54.0 97.0 63.0 25.0 0.0 0.06 0.01 -0.73 0.34 0.13
88 45.0 95.0 66.0 24.0 -0.01 0.02 0.02 -0.55 0.29 0.04
89 43.0 92.0 65.0 24.0 0.01 -0.05 0.05 -0.18 0.24 0.06
90 40.0 94.0 71.0 29.0 0.03 -0.06 0.07 0.08 0.33 0.08
91 73.0 92.0 69.0 28.0 0.04 0.03 0.1 0.0 0.38 0.09
92 70.0 95.0 68.0 27.0 0.03 0.09 0.11 -0.28 0.29 0.2
93 74.0 93.0 66.0 27.0 0.06 0.09 0.11 -0.16 0.2 0.22
94 60.0 89.0 63.0 26.0 0.08 0.1 0.11 -0.22 0.19 0.17
95 51.0 92.0 65.0 26.0 0.09 0.12 0.09 -0.24 0.21 -0.13
96 47.0 90.0 70.0 26.0 0.09 0.12 0.08 -0.1 0.17 -0.23
97 51.0 89.0 74.0 26.0 0.09 0.13 0.09 -0.03 0.09 -0.31
98 48.0 91.0 71.0 25.0 0.07 0.18 0.11 -0.06 0.04 -0.15
99 52.0 87.0 68.0 25.0 0.05 0.22 0.13 -0.22 0.02 -0.17
100 45.0 85.0 67.0 25.0 0.04 0.24 0.13 -0.24 0.07 -0.12
101 68.0 87.0 68.0 24.0 0.02 0.21 0.1 -0.32 0.17 -0.18
102 63.0 90.0 71.0 25.0 0.02 0.13 0.07 -0.09 0.23 -0.26
103 58.0 86.0 70.0 24.0 0.02 0.09 0.06 0.07 0.19 -0.29
104 52.0 83.0 68.0 24.0 0.01 0.08 0.05 0.26 0.02 -0.14
105 53.0 85.0 65.0 24.0 0.02 0.1 0.04 0.2 -0.04 -0.05
106 48.0 83.0 66.0 24.0 0.03 0.16 0.02 -0.07 0.04 -0.06
107 46.0 82.0 64.0 20.0 0.04 0.15 -0.01 -0.22 0.13 -0.11
108 39.0 83.0 67.0 24.0 0.05 0.12 -0.01 -0.09 0.14 -0.2
109 37.0 81.0 64.0 24.0 0.04 0.07 -0.01 -0.11 0.13 -0.22
110 42.0 82.0 63.0 24.0 0.02 0.04 0.01 -0.15 0.19 -0.25
111 48.0 82.0 61.0 22.0 0.0 0.01 0.04 -0.06 0.24 -0.05
112 71.0 81.0 63.0 24.0 -0.01 0.01 0.04 0.02 0.23 -0.05
113 61.0 80.0 64.0 29.0 -0.03 0.03 0.02 -0.05 0.12 -0.03
114 57.0 78.0 67.0 28.0 -0.01 0.04 -0.01 -0.1 0.09 -0.01
115 50.0 78.0 65.0 27.0 0.01 0.04 -0.02 -0.14 0.09 -0.03
116 45.0 80.0 64.0 26.0 0.04 0.05 -0.02 -0.07 0.23 -0.1
117 45.0 79.0 62.0 25.0 0.04 0.07 -0.01 -0.08 0.25 -0.15
118 44.0 79.0 62.0 25.0 0.02 0.11 0.01 -0.16 0.19 -0.16
119 39.0 78.0 60.0 26.0 0.02 0.11 0.02 -0.24 0.12 -0.14
120 40.0 77.0 61.0 25.0 0.03 0.08 0.01 -0.2 0.13 -0.13
121 41.0 80.0 64.0 24.0 0.03 0.06 0.01 -0.18 0.19 -0.17
122 66.0 80.0 64.0 24.0 0.02 0.04 -0.0 -0.15 0.16 -0.29
123 71.0 81.0 64.0 24.0 0.01 0.02 0.0 -0.06 0.07 -0.38
124 59.0 80.0 63.0 25.0 0.0 0.01 0.0 0.0 0.14 -0.42
125 55.0 79.0 61.0 24.0 -0.01 0.03 0.0 0.01 0.14 -0.34
126 47.0 78.0 61.0 26.0 -0.01 0.05 0.0 -0.08 0.15 -0.19
127 42.0 79.0 60.0 23.0 -0.03 0.07 0.0 -0.31 0.11 -0.15
128 37.0 77.0 58.0 24.0 -0.05 0.03 0.0 -0.24 0.06 -0.06
129 32.0 79.0 58.0 24.0 -0.03 0.01 0.0 0.0 0.05 -0.22
130 28.0 77.0 57.0 25.0 -0.03 0.0 0.01 0.02 0.03 -0.27
131 42.0 76.0 58.0 24.0 -0.03 0.03 0.01 0.16 0.0 -0.39
132 42.0 76.0 60.0 24.0 -0.02 0.04 0.02 0.2 0.01 -0.39
133 36.0 74.0 59.0 24.0 -0.03 0.1 0.01 0.14 0.08 -0.45
134 32.0 72.0 57.0 25.0 -0.05 0.1 0.01 -0.11 -0.11 -0.6
135 29.0 71.0 55.0 28.0 -0.06 0.07 0.01 -0.01 -0.18 -0.79
136 33.0 73.0 54.0 27.0 -0.06 -0.03 0.01 0.16 -0.38 -0.92
137 62.0 75.0 53.0 26.0 -0.05 -0.08 0.02 0.28 -0.48 -0.98
138 53.0 79.0 47.0 25.0 -0.05 -0.08 0.03 0.35 -0.6 -1.15
139 47.0 84.0 50.0 28.0 -0.08 -0.02 0.06 0.28 -0.63 -1.24
140 40.0 86.0 50.0 28.0 -0.13 0.01 0.11 0.08 -0.6 -1.42
141 39.0 105.0 52.0 27.0 -0.16 0.04 0.14 -0.05 -0.56 -1.61
142 35.0 122.0 51.0 27.0 -0.2 0.09 0.19 -0.08 -0.57 -1.66
143 32.0 146.0 51.0 28.0 -0.27 0.14 0.23 -0.13 -0.41 -1.66
144 31.0 175.0 53.0 28.0 -0.3 0.18 0.23 -0.32 -0.48 -1.77
145 34.0 172.0 55.0 27.0 -0.39 0.21 0.22 0.13 -0.49 -1.7
146 52.0 157.0 58.0 28.0 -0.52 0.32 0.21 -0.23 -0.61 -1.67
147 80.0 154.0 66.0 27.0 -0.57 0.42 0.22 -0.68 -0.18 -1.57
148 70.0 137.0 63.0 27.0 -0.64 0.41 0.22 -0.71 0.01 -1.59
149 63.0 127.0 62.0 26.0 -0.73 0.36 0.16 0.0 -0.21 -1.54
150 56.0 118.0 62.0 25.0 -0.79 0.36 0.13 0.38 -0.3 -1.03
151 63.0 109.0 61.0 25.0 -0.84 0.5 0.17 -0.07 -0.46 -1.01
152 55.0 107.0 59.0 32.0 -0.92 0.49 0.19 -0.98 -0.16 -0.8
153 64.0 105.0 61.0 30.0 -0.94 0.34 0.22 -0.31 -0.02 -0.48
154 72.0 97.0 62.0 29.0 -0.97 0.11 0.25 -0.08 -0.02 -0.44
155 65.0 97.0 61.0 34.0 -0.97 0.13 0.23 -0.03 -0.37 -0.33
156 69.0 94.0 60.0 32.0 -0.95 0.14 0.23 0.3 -0.32 -0.11
157 59.0 116.0 58.0 33.0 -0.98 0.17 0.14 -0.14 -0.6 0.1
158 57.0 119.0 57.0 32.0 -0.91 0.11 0.09 0.02 -0.16 0.4
159 47.0 111.0 56.0 30.0 -0.88 0.12 0.0 0.16 0.19 0.28
160 40.0 106.0 54.0 29.0 -0.89 0.16 -0.1 0.11 0.26 0.16
161 39.0 101.0 51.0 28.0 -0.81 0.16 -0.19 -0.31 0.25 -0.09
162 33.0 93.0 52.0 27.0 -0.81 0.16 -0.23 -0.29 0.17 -0.39
163 37.0 88.0 51.0 26.0 -0.85 0.11 -0.29 -0.15 0.29 -0.57
164 61.0 85.0 50.0 25.0 -0.87 0.07 -0.28 0.14 1.06 -2.5
165 62.0 87.0 49.0 25.0 -0.72 0.46 -0.21 0.42 0.58 -1.94
166 52.0 86.0 49.0 24.0 0.17 0.77 -0.18 3.12 0.64 23.08
167 45.0 82.0 48.0 24.0 1.0 -0.15 -0.29 3.15 3.21 -1.23
168 39.0 81.0 51.0 25.0 1.06 -0.1 -0.45 -0.52 2.25 -0.7
169 35.0 82.0 49.0 24.0 1.11 0.42 -0.4 -0.94 2.05 0.43
170 31.0 83.0 49.0 24.0 0.35 0.41 -0.41 0.12 2.65 2.02
171 28.0 83.0 48.0 24.0 -0.0 0.26 -0.36 -0.19 0.92 0.09
172 26.0 83.0 47.0 24.0 -0.2 -0.09 -0.21 -0.27 0.76 -0.02
173 27.0 81.0 47.0 24.0 -0.11 -0.07 -0.13 0.05 0.1 -0.19
174 25.0 77.0 47.0 24.0 -0.07 -0.02 -0.1 0.31 0.02 -0.22
175 29.0 77.0 46.0 24.0 -0.07 0.06 -0.02 0.08 -0.34 -0.26
176 26.0 76.0 46.0 23.0 0.01 0.05 0.06 0.04 -0.23 -0.23
177 24.0 72.0 46.0 23.0 0.01 0.02 0.1 0.21 -0.18 -0.11
178 22.0 71.0 45.0 23.0 0.01 0.0 0.14 0.23 0.04 0.0
179 22.0 72.0 46.0 22.0 -0.02 0.05 0.11 0.14 0.13 -0.1
180 21.0 72.0 45.0 23.0 -0.03 0.08 0.11 0.0 0.31 -0.06
181 20.0 75.0 45.0 23.0 0.04 0.13 0.07 -0.12 0.18 -0.06
182 19.0 76.0 44.0 23.0 0.05 0.11 0.04 -0.38 0.36 -0.12
183 19.0 77.0 45.0 22.0 0.04 0.07 0.01 -0.44 0.34 -0.08
184 18.0 80.0 44.0 23.0 0.07 -0.0 -0.0 -0.43 0.3 -0.09
