1 16.0 77.0 70.0 24.0 -0.03 0.05 0.01 -0.26 0.04 -0.13
2 17.0 76.0 72.0 23.0 -0.0 0.02 0.0 -0.18 0.09 -0.07
3 17.0 80.0 73.0 23.0 0.01 0.01 -0.01 -0.03 0.12 -0.05
4 16.0 81.0 75.0 23.0 0.02 0.01 -0.01 0.01 0.12 -0.04
5 16.0 82.0 72.0 23.0 0.02 0.03 -0.02 -0.03 0.09 -0.05
6 17.0 81.0 72.0 24.0 0.02 0.03 -0.03 -0.05 0.03 -0.01
7 16.0 81.0 71.0 23.0 0.02 0.03 -0.03 -0.08 0.03 0.0
8 16.0 79.0 67.0 22.0 0.02 0.03 -0.02 -0.05 0.03 -0.07
9 17.0 80.0 70.0 23.0 0.01 0.01 -0.02 -0.04 0.01 -0.07
10 16.0 79.0 75.0 23.0 0.01 0.01 -0.02 0.04 0.04 0.0
11 16.0 81.0 70.0 23.0 -0.0 0.01 -0.01 0.06 0.0 -0.04
12 16.0 79.0 71.0 23.0 -0.01 0.01 0.01 0.0 0.07 -0.03
13 15.0 81.0 72.0 23.0 -0.01 0.01 0.01 0.0 0.09 -0.05
14 16.0 79.0 74.0 23.0 -0.03 0.01 0.01 -0.04 0.12 0.0
15 17.0 82.0 70.0 24.0 -0.04 0.0 0.01 -0.01 0.12 0.0
16 17.0 80.0 65.0 24.0 -0.05 -0.0 0.01 0.0 0.12 0.03
17 17.0 85.0 65.0 25.0 -0.04 -0.06 0.02 -0.09 0.03 -0.05
18 22.0 88.0 62.0 27.0 -0.05 -0.11 0.04 0.0 0.02 0.03
19 43.0 92.0 59.0 33.0 -0.05 -0.15 0.05 0.21 0.13 0.02
20 45.0 108.0 59.0 33.0 -0.12 -0.26 0.09 0.07 0.15 0.21
21 55.0 124.0 58.0 32.0 -0.28 -0.43 0.11 0.21 0.28 0.46
22 70.0 123.0 60.0 51.0 -0.37 -0.47 0.12 0.23 0.38 0.47
23 75.0 118.0 71.0 56.0 -0.45 -0.27 0.09 0.03 0.3 0.61
24 66.0 124.0 69.0 65.0 -0.41 -0.12 0.07 0.04 0.51 1.28
25 57.0 116.0 68.0 62.0 -0.43 -0.12 0.05 -0.14 0.54 1.53
26 54.0 107.0 67.0 54.0 -0.44 -0.22 0.06 -0.54 0.68 1.91
27 46.0 110.0 71.0 47.0 -0.43 -0.26 0.06 -0.77 0.7 1.82
28 40.0 110.0 69.0 42.0 -0.32 -0.43 0.05 0.47 0.59 1.95
29 35.0 110.0 69.0 40.0 -0.04 -0.83 -0.09 -4.35 -2.54 2.77
30 30.0 112.0 73.0 36.0 0.72 -1.47 -0.2 0.41 0.99 2.36
31 28.0 112.0 70.0 34.0 0.47 -1.2 0.0 0.32 0.95 2.24
32 26.0 130.0 74.0 32.0 0.66 -0.66 0.08 0.4 0.88 2.05
33 24.0 123.0 82.0 30.0 0.72 -0.34 0.12 -0.29 0.81 2.31
34 26.0 114.0 98.0 28.0 0.8 -0.06 0.15 -0.4 0.8 2.19
35 34.0 108.0 93.0 27.0 0.89 -0.1 0.15 -0.32 0.96 1.55
36 36.0 107.0 98.0 27.0 0.9 -0.18 0.13 -0.46 0.76 0.91
37 32.0 99.0 98.0 25.0 0.9 -0.36 0.1 -0.33 0.8 0.73
38 28.0 98.0 98.0 25.0 0.88 -0.35 0.07 -0.23 0.54 0.23
39 27.0 98.0 105.0 25.0 0.85 -0.32 0.06 -0.33 0.38 -0.11
40 29.0 105.0 102.0 24.0 0.8 -0.34 0.07 -0.41 0.08 -0.28
41 27.0 98.0 100.0 24.0 0.75 -0.39 0.07 -0.45 -0.02 -0.59
42 25.0 93.0 94.0 24.0 0.74 -0.43 0.07 -0.11 0.0 -1.18
43 30.0 89.0 98.0 24.0 0.7 -0.48 0.05 -0.09 0.03 -1.47
44 28.0 85.0 96.0 24.0 0.59 -0.44 0.06 0.11 -0.14 -1.79
45 28.0 87.0 93.0 23.0 0.55 -0.41 0.06 0.09 -0.21 -1.52
46 58.0 82.0 104.0 23.0 0.46 -0.29 0.06 -0.04 -0.23 -1.4
47 51.0 82.0 113.0 24.0 0.4 -0.26 0.04 -0.17 -0.32 -1.18
48 48.0 80.0 105.0 23.0 0.38 -0.22 0.03 -0.01 -0.35 -1.0
49 46.0 80.0 109.0 23.0 0.32 -0.07 -0.0 -0.1 -0.15 -1.19
50 48.0 78.0 111.0 24.0 0.21 0.02 -0.06 -0.04 -0.2 -1.44
51 41.0 79.0 103.0 24.0 0.15 0.04 -0.09 -0.3 -0.34 -1.67
52 37.0 77.0 104.0 24.0 0.02 -0.05 -0.17 -0.31 -0.42 -1.64
53 46.0 78.0 107.0 24.0 -0.14 -0.16 -0.25 -0.39 -0.67 -1.27
54 40.0 78.0 105.0 24.0 -0.16 -0.19 -0.28 -0.19 -0.66 -1.5
55 43.0 78.0 101.0 24.0 -0.16 -0.22 -0.32 -0.08 -0.58 -1.59
56 64.0 78.0 102.0 24.0 -0.17 -0.23 -0.29 0.43 -0.53 -1.81
57 59.0 75.0 113.0 23.0 -0.18 -0.2 -0.27 0.49 -0.67 -1.59
58 51.0 76.0 110.0 23.0 -0.23 -0.09 -0.21 0.36 -0.73 -1.25
59 56.0 77.0 103.0 24.0 -0.23 0.01 -0.18 0.09 -0.75 -0.87
60 55.0 83.0 104.0 24.0 -0.2 0.03 -0.18 -0.1 -0.52 -0.72
61 51.0 84.0 106.0 24.0 -0.15 0.05 -0.18 0.05 -0.46 -0.74
62 47.0 81.0 104.0 24.0 -0.13 0.06 -0.17 0.11 -0.25 -0.93
63 45.0 80.0 100.0 24.0 -0.14 0.07 -0.16 0.11 -0.21 -0.78
64 44.0 79.0 97.0 23.0 -0.15 0.12 -0.12 0.17 -0.3 -0.61
65 48.0 80.0 92.0 25.0 -0.12 0.19 -0.1 -0.07 -0.33 -0.25
66 65.0 79.0 92.0 25.0 -0.1 0.21 -0.1 -0.15 -0.33 -0.18
67 61.0 81.0 87.0 25.0 -0.06 0.19 -0.11 -0.19 -0.34 -0.26
68 55.0 79.0 90.0 24.0 -0.01 0.15 -0.12 -0.16 -0.24 -0.28
69 46.0 86.0 82.0 24.0 0.0 0.14 -0.14 -0.26 -0.21 -0.29
70 45.0 84.0 91.0 24.0 0.04 0.07 -0.13 -0.25 -0.16 -0.2
71 42.0 84.0 92.0 24.0 0.06 0.02 -0.13 -0.34 -0.21 -0.15
72 39.0 82.0 94.0 24.0 0.07 0.02 -0.11 -0.27 -0.08 -0.15
73 43.0 86.0 91.0 24.0 0.07 0.05 -0.08 -0.29 0.06 -0.24
74 37.0 99.0 101.0 24.0 0.04 0.09 -0.04 -0.28 0.22 -0.29
75 44.0 96.0 96.0 24.0 0.02 0.09 -0.02 -0.26 0.13 -0.23
76 40.0 94.0 93.0 25.0 -0.0 0.06 0.02 -0.27 0.14 -0.16
77 38.0 91.0 102.0 25.0 -0.0 -0.02 0.02 -0.29 0.26 0.03
78 39.0 94.0 99.0 24.0 -0.01 -0.05 0.01 -0.24 0.18 0.17
79 42.0 94.0 105.0 24.0 0.01 -0.09 0.01 -0.17 0.06 0.18
80 43.0 93.0 106.0 25.0 0.04 -0.08 -0.0 -0.07 0.04 0.01
81 62.0 102.0 105.0 24.0 0.06 -0.07 -0.01 -0.12 0.12 0.0
82 55.0 95.0 112.0 24.0 0.09 0.0 -0.01 -0.08 0.13 0.0
83 54.0 104.0 110.0 24.0 0.09 0.07 0.02 -0.37 0.32 -0.17
84 48.0 108.0 117.0 24.0 0.09 0.06 0.03 -0.47 0.23 -0.32
85 47.0 105.0 115.0 24.0 0.07 -0.04 0.06 -0.33 0.2 -0.29
86 43.0 111.0 112.0 23.0 0.06 -0.11 0.07 0.05 0.24 -0.23
87 71.0 114.0 113.0 24.0 0.06 -0.09 0.08 0.12 0.27 -0.25
88 63.0 110.0 110.0 24.0 0.04 -0.02 0.09 0.07 0.24 -0.34
89 54.0 107.0 108.0 24.0 0.03 0.04 0.08 0.02 0.27 -0.31
90 54.0 105.0 102.0 24.0 0.03 0.05 0.07 0.01 0.26 -0.18
91 47.0 115.0 101.0 24.0 0.03 0.07 0.06 0.11 0.28 -0.14
92 44.0 110.0 108.0 24.0 0.02 0.09 0.05 0.03 0.19 -0.06
93 43.0 114.0 104.0 23.0 0.02 0.09 0.04 -0.03 0.2 0.01
94 37.0 115.0 109.0 24.0 0.03 0.07 0.03 -0.09 0.11 0.05
95 38.0 110.0 113.0 24.0 0.05 0.05 0.02 -0.17 0.08 -0.12
96 66.0 110.0 107.0 24.0 0.05 0.03 0.01 -0.16 0.1 -0.22
97 57.0 106.0 108.0 24.0 0.05 -0.01 0.01 -0.1 0.19 -0.23
98 50.0 105.0 112.0 24.0 0.02 -0.02 0.03 0.03 0.23 -0.19
99 43.0 108.0 108.0 24.0 -0.0 -0.0 0.04 0.08 0.21 -0.08
100 37.0 109.0 101.0 23.0 -0.03 0.04 0.05 -0.02 0.09 -0.1
101 40.0 119.0 99.0 22.0 -0.04 0.03 0.04 -0.12 0.11 -0.11
102 34.0 110.0 105.0 24.0 -0.03 0.0 0.02 -0.04 0.13 -0.07
103 33.0 106.0 101.0 24.0 -0.02 -0.06 0.01 0.0 0.15 -0.09
104 49.0 103.0 98.0 24.0 -0.02 -0.07 0.02 0.03 0.18 -0.06
105 51.0 107.0 95.0 25.0 -0.03 -0.04 0.02 -0.03 0.11 -0.04
106 50.0 114.0 102.0 24.0 -0.04 -0.01 0.02 -0.09 0.03 -0.03
107 47.0 114.0 100.0 24.0 -0.04 -0.01 0.0 0.0 0.1 -0.15
108 40.0 111.0 93.0 24.0 -0.04 -0.01 -0.0 0.13 0.16 -0.21
109 35.0 108.0 90.0 24.0 -0.04 -0.01 -0.02 0.07 0.13 -0.18
110 36.0 107.0 82.0 24.0 -0.03 0.0 -0.03 0.01 0.1 -0.08
111 33.0 107.0 91.0 24.0 -0.02 0.01 -0.03 -0.17 0.04 0.08
112 41.0 104.0 96.0 24.0 -0.0 0.01 -0.04 -0.15 0.0 0.1
113 62.0 101.0 88.0 24.0 0.03 0.0 -0.04 -0.08 0.09 -0.04
114 51.0 104.0 85.0 24.0 0.02 0.0 -0.03 -0.08 0.04 -0.18
115 45.0 111.0 83.0 24.0 0.01 0.02 -0.01 -0.08 0.05 -0.2
116 49.0 125.0 83.0 23.0 0.01 0.01 0.0 -0.14 0.16 -0.25
117 48.0 117.0 93.0 23.0 -0.01 0.0 0.01 -0.1 0.16 -0.19
118 43.0 115.0 85.0 24.0 -0.03 -0.02 0.02 -0.08 0.11 -0.05
119 36.0 115.0 84.0 23.0 -0.04 -0.03 0.03 -0.03 0.15 0.04
120 31.0 113.0 79.0 24.0 -0.03 -0.01 0.03 -0.05 0.06 -0.04
121 32.0 111.0 79.0 24.0 -0.02 0.03 0.01 -0.05 0.02 -0.09
122 57.0 108.0 75.0 24.0 0.0 0.03 -0.0 0.0 0.02 -0.25
123 54.0 108.0 83.0 24.0 0.01 0.03 -0.0 0.04 0.07 -0.28
124 47.0 109.0 82.0 24.0 0.01 0.04 0.0 -0.02 0.08 -0.32
125 40.0 113.0 77.0 24.0 -0.01 0.03 0.01 -0.13 -0.05 -0.43
126 36.0 110.0 76.0 24.0 -0.01 0.01 0.0 -0.05 -0.11 -0.41
127 36.0 110.0 73.0 24.0 -0.02 -0.01 0.01 -0.1 -0.15 -0.51
128 33.0 110.0 69.0 23.0 -0.03 -0.01 0.01 -0.01 -0.04 -0.6
129 29.0 107.0 66.0 24.0 -0.04 -0.0 0.03 0.08 -0.07 -0.71
130 25.0 107.0 63.0 28.0 -0.07 0.0 0.04 0.07 -0.07 -0.65
131 24.0 108.0 60.0 27.0 -0.1 0.05 0.03 0.06 -0.18 -0.72
132 22.0 108.0 57.0 26.0 -0.12 0.06 0.02 -0.06 -0.39 -0.84
133 21.0 113.0 55.0 29.0 -0.15 0.05 -0.0 -0.07 -0.5 -0.89
134 22.0 115.0 55.0 26.0 -0.15 0.03 -0.02 0.08 -0.91 -1.15
135 20.0 112.0 52.0 27.0 -0.15 0.04 -0.03 0.16 -1.26 -1.4
136 21.0 113.0 51.0 26.0 -0.11 0.11 -0.02 0.17 -1.27 -1.67
137 21.0 109.0 51.0 25.0 -0.07 0.24 -0.01 0.0 -0.83 -1.81
138 22.0 109.0 52.0 25.0 -0.07 0.32 -0.0 -0.37 -0.66 -1.77
139 36.0 112.0 55.0 25.0 -0.13 0.41 -0.01 -0.49 -0.67 -1.73
140 34.0 120.0 54.0 28.0 -0.2 0.42 -0.01 -0.64 -0.82 -1.76
141 33.0 115.0 54.0 27.0 -0.23 0.37 -0.03 -0.01 -0.88 -1.9
142 49.0 121.0 56.0 26.0 -0.29 0.45 -0.03 -0.1 -0.74 -2.08
143 67.0 123.0 57.0 26.0 -0.35 0.62 -0.0 -0.4 -0.02 -2.17
144 79.0 122.0 59.0 26.0 -0.41 0.64 -0.0 -0.17 -0.06 -1.99
145 114.0 124.0 63.0 26.0 -0.56 0.52 -0.03 -0.01 -0.3 -1.8
146 101.0 114.0 62.0 28.0 -0.63 0.57 -0.04 -0.21 -0.15 -1.15
147 88.0 110.0 60.0 47.0 -0.66 0.65 -0.04 -0.45 0.89 -0.72
148 74.0 112.0 59.0 46.0 -0.78 0.85 -0.03 -0.54 0.94 -0.43
149 63.0 110.0 59.0 41.0 -0.95 0.87 -0.03 -0.63 0.74 -0.28
150 60.0 110.0 58.0 38.0 -1.03 0.76 -0.03 0.3 0.35 0.09
151 51.0 111.0 56.0 34.0 -1.06 0.61 0.02 0.31 0.42 0.32
152 49.0 112.0 55.0 33.0 -1.02 0.5 -0.0 -0.86 0.02 1.12
153 43.0 111.0 53.0 31.0 -1.0 0.44 0.01 -0.19 0.44 1.38
154 42.0 108.0 53.0 30.0 -0.91 0.3 -0.07 -0.21 0.52 1.38
155 37.0 107.0 52.0 28.0 -0.88 0.17 -0.17 -0.25 0.27 0.87
156 36.0 105.0 53.0 27.0 -0.87 0.09 -0.19 -0.22 -0.04 0.5
157 32.0 105.0 53.0 26.0 -0.77 -0.03 -0.18 0.2 0.0 0.22
158 29.0 105.0 54.0 25.0 -0.74 -0.05 -0.2 0.24 0.1 -0.13
159 39.0 104.0 53.0 25.0 -0.72 -0.05 -0.22 0.24 0.28 -0.6
160 39.0 104.0 52.0 25.0 -0.66 0.49 -0.1 -5.54 -0.94 2.43
161 35.0 105.0 50.0 25.0 1.3 -0.77 -0.43 2.11 3.48 11.79
162 33.0 104.0 50.0 24.0 1.96 -0.87 0.07 5.63 4.78 1.79
163 27.0 104.0 51.0 24.0 1.02 -0.27 -0.15 1.47 0.72 -1.73
164 28.0 107.0 51.0 24.0 0.91 0.22 -0.26 0.18 1.18 0.38
165 25.0 111.0 52.0 23.0 0.72 0.28 -0.29 0.08 1.32 1.1
166 23.0 109.0 52.0 21.0 0.27 0.27 -0.35 -0.01 0.44 0.39
167 22.0 105.0 51.0 23.0 0.07 0.11 -0.15 -0.26 -0.02 -0.09
168 21.0 103.0 49.0 23.0 0.07 0.04 -0.09 -0.17 -0.05 -0.11
169 20.0 105.0 48.0 23.0 0.18 0.05 -0.01 0.0 0.16 0.08
170 24.0 104.0 48.0 24.0 0.16 0.18 -0.0 -0.07 0.0 0.12
