1 20.0 99.0 59.0 24.0 -0.02 -0.01 0.0 -0.05 0.08 -0.05
2 18.0 100.0 56.0 24.0 -0.01 -0.01 0.0 -0.03 0.09 0.0
3 18.0 101.0 56.0 24.0 -0.02 -0.01 -0.0 0.04 0.07 0.0
4 18.0 101.0 56.0 24.0 -0.02 0.01 -0.0 0.02 0.09 -0.02
5 17.0 101.0 54.0 24.0 -0.03 0.01 -0.01 -0.02 0.07 -0.02
6 17.0 101.0 53.0 24.0 -0.04 0.01 -0.0 -0.03 0.06 -0.04
7 15.0 101.0 51.0 25.0 -0.05 0.01 -0.0 -0.06 0.06 -0.04
8 17.0 102.0 54.0 24.0 -0.04 0.0 0.0 -0.08 0.05 -0.02
9 16.0 102.0 56.0 24.0 -0.04 -0.01 0.0 -0.03 0.08 -0.02
10 16.0 102.0 55.0 24.0 -0.04 -0.0 0.01 0.0 0.07 -0.06
11 16.0 104.0 53.0 26.0 -0.04 0.0 0.0 -0.07 0.04 -0.05
12 17.0 103.0 55.0 27.0 -0.03 0.0 0.0 -0.05 0.06 -0.01
13 16.0 103.0 55.0 23.0 -0.03 0.0 0.0 -0.05 0.07 -0.04
14 16.0 101.0 60.0 26.0 -0.03 -0.0 0.0 -0.01 0.08 0.0
15 17.0 101.0 57.0 25.0 -0.04 0.0 -0.0 -0.03 0.11 -0.05
16 17.0 101.0 58.0 29.0 -0.04 0.0 -0.0 -0.01 0.14 0.0
17 16.0 103.0 56.0 28.0 -0.06 -0.01 -0.0 -0.04 0.14 0.0
18 17.0 102.0 54.0 28.0 -0.08 -0.04 0.01 -0.05 0.09 0.0
19 17.0 103.0 52.0 28.0 -0.1 -0.05 0.02 0.03 0.02 0.0
20 17.0 98.0 58.0 27.0 -0.1 -0.06 0.02 -0.02 0.01 -0.03
21 18.0 97.0 56.0 31.0 -0.12 -0.07 0.03 -0.02 0.01 -0.04
22 25.0 96.0 54.0 29.0 -0.13 -0.09 0.04 0.04 0.08 0.0
23 22.0 93.0 52.0 28.0 -0.15 -0.12 0.05 0.01 0.14 0.07
24 28.0 100.0 51.0 28.0 -0.19 -0.17 0.06 0.09 0.29 0.07
25 34.0 97.0 51.0 29.0 -0.29 -0.22 0.07 0.17 0.27 0.17
26 34.0 96.0 51.0 32.0 -0.33 -0.22 0.08 0.1 0.22 0.15
27 38.0 105.0 51.0 35.0 -0.36 -0.16 0.07 0.02 0.17 0.13
28 40.0 100.0 52.0 33.0 -0.36 -0.11 0.06 0.06 0.12 0.0
29 37.0 126.0 56.0 39.0 -0.28 -0.14 0.08 0.01 0.11 -0.03
30 36.0 127.0 59.0 36.0 -0.27 -0.13 0.09 0.15 0.15 0.44
31 31.0 123.0 56.0 36.0 -0.27 -0.09 0.1 0.01 0.45 0.58
32 31.0 172.0 58.0 35.0 -0.28 -0.08 0.07 0.01 0.51 0.76
33 36.0 207.0 61.0 46.0 -0.35 -0.17 0.08 -0.01 0.55 1.12
34 31.0 190.0 63.0 44.0 -0.36 -0.15 0.09 0.47 0.9 1.15
35 32.0 177.0 68.0 39.0 -0.43 -0.03 0.11 -0.31 0.28 1.27
36 29.0 167.0 65.0 36.0 -0.23 0.04 0.07 -1.36 0.15 1.54
37 26.0 160.0 67.0 33.0 0.76 -0.76 -0.39 2.38 3.02 3.28
38 23.0 162.0 71.0 31.0 0.31 -1.03 -0.12 -0.73 0.57 2.49
39 22.0 155.0 70.0 29.0 0.41 -0.85 -0.07 -0.04 0.46 1.74
40 23.0 147.0 73.0 28.0 0.52 -0.71 -0.06 0.41 0.72 1.92
41 37.0 133.0 72.0 28.0 0.52 -0.23 0.0 0.05 0.68 1.98
42 32.0 123.0 78.0 31.0 0.56 -0.14 0.02 -0.71 0.63 1.6
43 37.0 115.0 76.0 29.0 0.58 -0.21 0.01 -0.62 0.54 1.23
44 36.0 110.0 75.0 28.0 0.59 -0.45 -0.02 -0.49 0.55 0.79
45 33.0 101.0 74.0 27.0 0.61 -0.61 -0.04 -0.29 0.48 0.38
46 29.0 95.0 84.0 27.0 0.61 -0.65 -0.05 0.09 0.38 0.2
47 32.0 90.0 108.0 26.0 0.61 -0.62 -0.05 0.35 0.25 0.34
48 29.0 87.0 108.0 25.0 0.59 -0.48 -0.06 -0.32 0.33 0.52
49 28.0 84.0 101.0 25.0 0.59 -0.49 -0.08 -0.44 0.09 1.04
50 36.0 84.0 95.0 25.0 0.61 -0.41 -0.1 -0.7 0.0 0.82
51 36.0 82.0 105.0 25.0 0.51 -0.49 -0.18 -1.04 0.13 0.0
52 33.0 86.0 121.0 32.0 0.53 -0.57 -0.25 -1.21 0.23 -0.16
53 34.0 90.0 131.0 31.0 0.58 -0.81 -0.34 -0.68 0.19 -0.15
54 66.0 90.0 130.0 30.0 0.52 -0.85 -0.36 -0.64 0.24 -0.5
55 63.0 94.0 130.0 28.0 0.44 -0.8 -0.38 -0.32 0.0 -0.84
56 57.0 102.0 146.0 29.0 0.42 -0.65 -0.44 -0.45 -0.07 -1.14
57 55.0 104.0 138.0 28.0 0.44 -0.63 -0.44 -0.19 -0.32 -1.58
58 47.0 105.0 135.0 28.0 0.43 -0.62 -0.42 -0.01 -0.64 -1.89
59 50.0 106.0 125.0 28.0 0.45 -0.58 -0.35 0.1 -0.75 -2.1
60 55.0 106.0 134.0 27.0 0.48 -0.53 -0.24 0.34 -0.67 -1.96
61 72.0 105.0 129.0 27.0 0.46 -0.46 -0.17 0.47 -0.61 -1.52
62 59.0 107.0 125.0 27.0 0.43 -0.18 -0.09 0.52 -0.47 -1.27
63 53.0 108.0 121.0 25.0 0.34 0.12 -0.08 -0.15 -0.4 -1.19
64 46.0 105.0 117.0 25.0 0.29 0.18 -0.08 -0.77 -0.45 -1.45
65 45.0 106.0 122.0 30.0 0.26 0.05 -0.08 -0.79 -0.37 -1.63
66 45.0 103.0 121.0 29.0 0.24 -0.16 -0.08 -0.52 -0.4 -1.71
67 41.0 102.0 124.0 28.0 0.21 -0.22 -0.08 0.03 -0.51 -1.63
68 58.0 99.0 124.0 27.0 0.16 -0.18 -0.07 0.2 -0.5 -1.55
69 61.0 97.0 124.0 27.0 0.08 -0.01 -0.04 0.11 -0.51 -1.44
70 55.0 98.0 122.0 26.0 0.04 0.05 -0.02 -0.27 -0.57 -1.47
71 48.0 98.0 116.0 27.0 -0.0 0.03 -0.0 -0.31 -0.59 -1.45
72 45.0 99.0 110.0 26.0 -0.01 -0.07 0.0 0.06 -0.58 -1.39
73 42.0 99.0 110.0 26.0 -0.01 -0.09 -0.0 0.29 -0.56 -1.42
74 36.0 103.0 109.0 26.0 -0.02 -0.07 -0.01 0.26 -0.32 -1.32
75 39.0 95.0 105.0 25.0 -0.05 -0.06 -0.02 0.19 -0.25 -1.12
76 35.0 94.0 100.0 25.0 -0.07 -0.04 -0.02 0.23 -0.07 -0.71
77 32.0 89.0 92.0 24.0 -0.13 0.03 -0.04 0.2 -0.01 -0.6
78 38.0 88.0 87.0 25.0 -0.2 0.08 -0.07 0.11 0.06 -0.53
79 54.0 89.0 95.0 24.0 -0.21 0.08 -0.07 0.09 0.0 -0.42
80 61.0 85.0 97.0 24.0 -0.22 0.05 -0.07 0.07 0.03 -0.4
81 57.0 83.0 96.0 24.0 -0.2 -0.01 -0.08 0.14 0.04 -0.13
82 51.0 83.0 94.0 24.0 -0.18 -0.02 -0.09 0.02 0.09 0.06
83 44.0 84.0 87.0 24.0 -0.15 -0.02 -0.1 -0.18 0.21 0.23
84 42.0 86.0 82.0 26.0 -0.15 0.01 -0.09 -0.06 0.26 0.32
85 41.0 88.0 76.0 25.0 -0.16 0.04 -0.08 -0.3 0.28 0.13
86 41.0 88.0 71.0 25.0 -0.18 0.08 -0.07 -0.42 0.27 0.09
87 40.0 89.0 74.0 24.0 -0.16 0.02 -0.05 -0.14 0.21 0.1
88 37.0 90.0 79.0 23.0 -0.14 0.01 -0.04 0.28 0.1 0.14
89 32.0 89.0 85.0 26.0 -0.09 0.03 -0.03 0.33 0.08 0.18
90 30.0 87.0 81.0 25.0 -0.02 0.08 -0.02 0.31 0.11 0.46
91 36.0 87.0 87.0 26.0 0.02 0.12 -0.03 -0.03 0.26 0.56
92 32.0 84.0 82.0 25.0 0.07 0.16 -0.07 -0.22 0.34 0.58
93 36.0 85.0 78.0 24.0 0.09 0.15 -0.1 -0.6 0.51 0.48
94 32.0 85.0 82.0 25.0 0.08 0.14 -0.1 -0.72 0.46 -0.04
95 29.0 82.0 80.0 24.0 0.03 0.06 -0.08 -0.68 0.35 -0.09
96 33.0 81.0 79.0 24.0 0.01 -0.02 -0.03 -0.57 0.13 -0.07
97 50.0 80.0 74.0 24.0 0.01 -0.04 -0.0 -0.31 0.0 -0.01
98 51.0 78.0 72.0 24.0 0.02 -0.03 0.04 -0.28 0.04 0.07
99 47.0 77.0 79.0 24.0 0.04 0.01 0.07 -0.2 0.12 0.05
100 54.0 77.0 75.0 24.0 0.04 0.03 0.08 -0.29 0.06 0.07
101 49.0 74.0 77.0 24.0 0.05 0.04 0.09 -0.22 0.12 0.06
102 40.0 74.0 72.0 24.0 0.07 0.03 0.08 -0.05 0.1 -0.14
103 35.0 75.0 72.0 24.0 0.07 0.03 0.07 0.1 0.11 -0.25
104 31.0 76.0 70.0 24.0 0.06 0.05 0.04 0.02 0.17 -0.33
105 33.0 75.0 69.0 23.0 0.05 0.05 0.03 0.08 0.09 -0.37
106 37.0 75.0 69.0 23.0 0.06 0.05 0.02 0.04 0.1 -0.38
107 39.0 73.0 70.0 23.0 0.05 0.06 0.02 0.02 0.13 -0.35
108 36.0 73.0 67.0 23.0 0.02 0.07 0.01 -0.26 0.14 -0.42
109 32.0 73.0 63.0 23.0 -0.0 0.04 -0.0 -0.31 0.12 -0.31
110 29.0 72.0 62.0 23.0 -0.03 -0.02 -0.0 -0.16 0.09 -0.31
111 26.0 70.0 62.0 23.0 -0.04 -0.02 0.02 0.03 0.02 -0.25
112 26.0 70.0 62.0 29.0 -0.05 -0.01 0.02 -0.06 0.02 -0.23
113 27.0 71.0 58.0 27.0 -0.04 0.0 0.03 -0.06 0.07 -0.09
114 25.0 70.0 56.0 27.0 -0.04 0.01 0.03 -0.01 0.11 0.05
115 30.0 70.0 57.0 26.0 -0.04 0.02 0.02 -0.08 0.12 0.0
116 28.0 72.0 57.0 25.0 -0.03 0.02 0.01 -0.1 0.12 0.0
117 28.0 72.0 56.0 25.0 0.0 -0.01 0.0 -0.06 0.07 -0.02
118 26.0 73.0 56.0 25.0 0.02 -0.02 0.0 -0.03 0.08 0.0
119 28.0 71.0 56.0 24.0 0.04 -0.02 0.0 -0.08 0.08 0.0
120 25.0 69.0 55.0 24.0 0.04 -0.01 0.0 -0.1 0.1 -0.08
121 24.0 70.0 55.0 24.0 0.04 -0.0 0.0 -0.09 0.18 -0.09
122 24.0 69.0 54.0 24.0 0.02 0.03 0.02 -0.09 0.2 -0.13
123 31.0 70.0 53.0 28.0 0.0 0.04 0.02 -0.18 0.18 -0.22
124 27.0 72.0 53.0 27.0 -0.01 0.03 0.02 -0.06 0.14 -0.19
125 24.0 70.0 54.0 26.0 -0.0 -0.01 0.03 -0.01 0.1 -0.21
126 23.0 72.0 53.0 25.0 0.0 -0.01 0.02 0.01 0.02 -0.23
127 27.0 72.0 52.0 24.0 0.0 -0.01 0.02 -0.14 0.09 -0.23
128 26.0 71.0 53.0 25.0 0.02 -0.02 0.02 -0.12 0.12 -0.1
129 27.0 71.0 51.0 25.0 0.01 0.0 0.02 -0.16 0.25 -0.08
130 25.0 74.0 51.0 25.0 -0.01 0.02 0.02 -0.21 0.23 -0.19
131 23.0 73.0 54.0 25.0 -0.03 0.03 0.02 -0.25 0.18 -0.18
132 28.0 72.0 54.0 24.0 -0.02 -0.01 0.03 -0.24 0.07 -0.14
133 26.0 76.0 53.0 26.0 -0.01 -0.02 0.04 -0.06 0.05 -0.01
134 33.0 75.0 54.0 27.0 0.0 -0.02 0.06 0.0 0.06 -0.02
135 30.0 75.0 52.0 26.0 0.01 0.02 0.07 -0.01 0.08 -0.04
136 27.0 75.0 53.0 25.0 0.01 0.04 0.07 -0.04 0.18 -0.16
137 24.0 73.0 51.0 25.0 0.0 0.05 0.06 0.0 0.18 -0.18
138 22.0 72.0 50.0 26.0 -0.01 0.06 0.04 0.07 0.14 -0.25
139 22.0 74.0 50.0 26.0 -0.01 0.07 0.03 0.1 0.05 -0.34
140 20.0 73.0 49.0 25.0 -0.02 0.08 0.02 0.07 -0.01 -0.36
141 20.0 72.0 50.0 24.0 -0.02 0.08 0.02 0.08 -0.28 -0.54
142 20.0 71.0 52.0 24.0 -0.01 0.08 0.03 0.08 -0.23 -0.64
143 20.0 71.0 51.0 24.0 -0.03 0.08 0.05 -0.06 -0.17 -0.69
144 18.0 70.0 51.0 24.0 -0.05 0.05 0.08 0.0 -0.22 -0.7
145 18.0 71.0 50.0 24.0 -0.06 0.05 0.09 0.2 -0.5 -0.73
146 18.0 71.0 50.0 31.0 -0.09 0.1 0.11 0.21 -0.63 -0.77
147 17.0 75.0 51.0 31.0 -0.11 0.17 0.13 0.14 -1.16 -1.2
148 23.0 75.0 51.0 29.0 -0.1 0.21 0.16 0.09 -1.49 -1.82
149 35.0 79.0 52.0 28.0 -0.06 0.3 0.21 0.11 -1.6 -2.04
150 45.0 90.0 52.0 35.0 -0.02 0.41 0.26 0.08 -1.13 -2.53
151 63.0 104.0 56.0 39.0 -0.04 0.46 0.27 -0.24 -0.61 -2.64
152 75.0 109.0 58.0 40.0 -0.12 0.47 0.29 -0.16 -0.41 -2.72
153 70.0 107.0 59.0 37.0 -0.24 0.63 0.28 -0.21 -0.54 -2.54
154 66.0 103.0 61.0 34.0 -0.3 0.78 0.27 -0.42 -0.74 -1.99
155 81.0 108.0 62.0 31.0 -0.35 0.89 0.24 -0.58 -0.7 -1.71
156 83.0 112.0 65.0 30.0 -0.37 0.76 0.17 -0.8 -0.39 -1.46
157 71.0 113.0 66.0 38.0 -0.4 0.66 0.11 -0.75 -0.09 -1.24
158 66.0 128.0 68.0 34.0 -0.49 0.42 0.05 -0.5 0.09 -1.07
159 78.0 135.0 69.0 32.0 -0.6 0.36 0.02 -0.09 0.12 -0.98
160 77.0 136.0 70.0 33.0 -0.67 0.43 0.02 0.04 0.1 -1.2
161 70.0 141.0 72.0 32.0 -0.8 0.62 0.04 0.29 0.51 -0.75
162 62.0 134.0 71.0 34.0 -0.94 0.75 0.04 0.09 0.42 -0.22
163 52.0 136.0 70.0 39.0 -0.98 0.79 0.03 -0.18 0.34 0.34
164 44.0 130.0 67.0 37.0 -1.06 0.83 -0.05 0.42 0.44 0.53
165 39.0 124.0 65.0 37.0 -1.05 0.79 -0.04 -0.09 0.14 0.78
166 33.0 119.0 64.0 35.0 -0.97 0.75 -0.08 -0.82 0.38 1.08
167 29.0 112.0 62.0 32.0 -0.85 0.48 -0.19 -0.85 0.08 1.26
168 33.0 106.0 60.0 30.0 -0.78 0.24 -0.19 -0.06 0.29 1.02
169 32.0 103.0 58.0 29.0 -0.78 0.25 -0.15 0.49 0.41 0.35
170 29.0 103.0 57.0 28.0 -0.77 0.43 -0.2 0.5 0.44 0.09
171 25.0 102.0 55.0 27.0 -0.77 0.61 -0.22 0.58 1.54 -1.58
172 24.0 106.0 54.0 26.0 -0.52 0.79 -0.26 -3.78 -1.3 21.97
173 30.0 103.0 53.0 25.0 2.32 -0.58 -0.02 5.92 8.12 2.98
174 28.0 100.0 53.0 25.0 1.02 -0.79 -0.05 1.87 1.07 -2.01
175 30.0 100.0 56.0 25.0 1.06 -0.31 -0.13 0.82 1.48 0.31
176 28.0 104.0 54.0 25.0 0.69 0.17 -0.26 0.75 1.61 1.09
177 26.0 104.0 54.0 24.0 0.19 -0.03 -0.27 0.71 1.41 1.15
178 24.0 102.0 53.0 24.0 -0.04 0.03 -0.22 0.29 0.56 0.33
179 22.0 98.0 53.0 24.0 -0.29 0.11 -0.09 0.08 0.1 0.06
180 21.0 96.0 51.0 24.0 -0.11 0.1 -0.02 -0.23 0.03 -0.2
181 20.0 95.0 51.0 24.0 -0.06 0.15 0.0 -0.08 -0.13 0.03
182 19.0 95.0 50.0 23.0 -0.03 0.29 0.04 -0.22 -0.2 0.0
183 18.0 96.0 52.0 23.0 -0.1 0.25 0.09 -0.25 -0.29 -0.26
184 18.0 98.0 52.0 23.0 -0.07 0.16 0.12 -0.19 -0.16 -0.11
185 17.0 100.0 50.0 23.0 0.01 0.06 0.14 -0.08 -0.1 -0.07
186 17.0 103.0 50.0 24.0 0.05 0.08 0.12 0.0 -0.04 -0.08
187 17.0 103.0 49.0 24.0 0.06 0.11 0.1 -0.08 0.03 -0.11
188 17.0 104.0 51.0 23.0 0.08 0.16 0.07 -0.16 0.06 -0.13
189 17.0 105.0 52.0 24.0 0.11 0.15 0.04 -0.28 0.22 -0.07
190 18.0 107.0 52.0 23.0 0.12 0.11 0.03 -0.28 0.16 -0.06
191 16.0 106.0 50.0 23.0 0.14 0.04 0.01 -0.29 0.15 0.01
