1 18.0 101.0 79.0 27.0 0.09 0.09 -0.05 -0.11 0.09 -0.07
2 17.0 101.0 81.0 27.0 0.13 0.22 -0.06 -0.04 0.08 -0.04
3 16.0 102.0 82.0 27.0 0.15 0.3 -0.06 0.01 0.14 -0.03
4 17.0 102.0 85.0 27.0 0.12 0.32 -0.05 -0.05 0.11 -0.05
5 17.0 102.0 85.0 27.0 0.04 0.18 -0.03 -0.2 0.11 -0.13
6 17.0 102.0 84.0 27.0 0.01 0.09 -0.01 -0.16 0.11 -0.07
7 24.0 103.0 77.0 27.0 -0.04 -0.01 0.0 -0.1 0.1 -0.04
8 28.0 105.0 72.0 28.0 -0.06 -0.03 0.01 0.03 0.07 -0.09
9 25.0 103.0 70.0 27.0 -0.07 -0.02 0.02 -0.03 0.08 -0.11
10 23.0 103.0 70.0 27.0 -0.08 0.0 0.02 -0.15 0.08 -0.08
11 21.0 102.0 74.0 27.0 -0.08 -0.01 0.02 -0.17 0.11 -0.12
12 20.0 101.0 76.0 27.0 -0.09 -0.03 0.02 -0.15 0.11 -0.14
13 19.0 99.0 74.0 28.0 -0.09 -0.06 0.03 -0.16 0.1 -0.11
14 16.0 97.0 74.0 28.0 -0.07 -0.06 0.03 -0.17 0.15 -0.14
15 18.0 95.0 72.0 27.0 -0.07 -0.07 0.03 -0.14 0.14 -0.06
16 18.0 92.0 74.0 27.0 -0.07 -0.06 0.02 -0.14 0.12 -0.05
17 17.0 93.0 69.0 27.0 -0.06 -0.07 0.02 -0.06 0.08 -0.08
18 17.0 92.0 66.0 27.0 -0.06 -0.06 0.02 -0.1 0.08 -0.09
19 17.0 92.0 65.0 27.0 -0.05 -0.04 0.01 -0.13 0.13 -0.09
20 15.0 91.0 72.0 26.0 -0.04 -0.03 -0.0 -0.19 0.13 -0.14
21 16.0 90.0 75.0 26.0 -0.04 -0.05 -0.01 -0.16 0.09 -0.09
22 16.0 89.0 75.0 26.0 -0.04 -0.07 -0.01 -0.15 0.1 -0.08
23 16.0 88.0 74.0 26.0 -0.05 -0.08 -0.01 -0.12 0.13 -0.09
24 16.0 88.0 70.0 26.0 -0.05 -0.08 -0.01 -0.06 0.15 -0.07
25 17.0 87.0 70.0 26.0 -0.06 -0.09 -0.01 -0.06 0.15 -0.04
26 16.0 87.0 73.0 26.0 -0.08 -0.09 -0.0 0.01 0.11 -0.05
27 16.0 87.0 67.0 27.0 -0.09 -0.1 0.01 0.0 0.09 0.01
28 16.0 87.0 63.0 33.0 -0.13 -0.13 0.03 0.06 0.12 0.03
29 16.0 88.0 60.0 35.0 -0.17 -0.14 0.05 0.01 0.02 0.14
30 17.0 89.0 59.0 34.0 -0.19 -0.15 0.05 -0.12 -0.09 0.23
31 34.0 90.0 58.0 60.0 -0.25 -0.18 0.07 -0.19 -0.08 0.2
32 53.0 93.0 58.0 100.0 -0.33 -0.22 0.08 -0.17 0.18 0.41
33 68.0 97.0 59.0 95.0 -0.4 -0.25 0.09 -0.37 0.25 0.59
34 63.0 101.0 61.0 97.0 -0.53 -0.17 0.12 -0.41 0.27 0.62
35 60.0 97.0 59.0 115.0 -0.46 -0.09 0.13 -0.44 0.34 1.31
36 51.0 96.0 62.0 94.0 -0.42 -0.05 0.12 -0.37 0.35 1.51
37 51.0 98.0 61.0 89.0 -0.31 -0.15 0.1 -0.2 0.48 1.57
38 54.0 118.0 62.0 92.0 -0.29 -0.23 0.1 0.21 0.58 1.33
39 104.0 126.0 64.0 76.0 -0.3 -0.26 0.13 0.23 0.29 1.04
40 102.0 124.0 66.0 65.0 -0.24 -0.31 0.1 -0.5 -0.07 1.83
41 137.0 126.0 69.0 57.0 0.08 -0.39 0.14 0.18 0.59 1.57
42 112.0 118.0 70.0 49.0 0.11 -0.19 0.15 -0.28 0.04 2.25
43 121.0 115.0 72.0 43.0 0.55 0.0 0.14 -0.08 0.04 2.7
44 179.0 125.0 73.0 41.0 0.89 0.12 0.07 0.49 0.32 3.12
45 183.0 123.0 76.0 38.0 1.04 0.17 0.02 0.0 0.71 2.67
46 197.0 122.0 76.0 35.0 1.19 0.34 -0.06 0.1 0.91 2.51
47 244.0 124.0 82.0 33.0 1.21 0.57 -0.24 0.57 0.9 2.21
48 238.0 124.0 86.0 33.0 1.23 0.68 -0.36 0.2 0.68 1.61
49 254.0 125.0 87.0 32.0 1.23 0.8 -0.56 0.07 0.76 0.64
50 343.0 133.0 86.0 32.0 1.21 0.87 -0.73 0.5 0.84 0.07
51 379.0 145.0 88.0 29.0 1.16 0.9 -0.83 0.36 0.57 -0.94
52 360.0 140.0 88.0 28.0 1.07 0.89 -1.03 0.44 0.8 -1.37
53 372.0 147.0 102.0 27.0 0.93 0.6 -1.2 0.59 0.82 -1.93
54 404.0 146.0 98.0 27.0 0.81 0.4 -1.28 0.65 0.75 -2.18
55 375.0 144.0 103.0 26.0 0.64 0.12 -1.44 0.6 0.59 -2.31
56 418.0 138.0 104.0 26.0 0.49 0.09 -1.55 0.78 0.27 -2.39
57 436.0 153.0 102.0 29.0 0.4 0.11 -1.57 0.44 0.08 -2.5
58 413.0 147.0 114.0 29.0 0.14 0.06 -1.52 0.34 -0.05 -2.69
59 452.0 143.0 111.0 27.0 -0.07 0.06 -1.45 -0.32 -0.15 -2.61
60 431.0 141.0 137.0 28.0 -0.17 -0.04 -1.42 -0.28 -0.44 -2.04
61 415.0 132.0 136.0 27.0 -0.33 -0.34 -1.33 -0.36 -0.46 -1.91
62 456.0 144.0 142.0 29.0 -0.42 -0.47 -1.24 -0.35 -0.51 -1.58
63 447.0 140.0 141.0 29.0 -0.45 -0.46 -1.19 0.0 -0.68 -1.43
64 476.0 137.0 130.0 29.0 -0.5 -0.32 -1.06 -0.15 -0.81 -1.26
65 501.0 143.0 148.0 28.0 -0.49 -0.25 -0.95 -0.49 -0.44 -1.16
66 490.0 143.0 157.0 29.0 -0.48 -0.26 -0.9 -0.53 -0.47 -0.66
67 459.0 137.0 170.0 29.0 -0.5 -0.31 -0.81 -0.24 -0.72 -0.22
68 494.0 132.0 178.0 29.0 -0.5 -0.26 -0.79 0.1 -0.56 -0.09
69 442.0 153.0 216.0 33.0 -0.49 -0.17 -0.79 -0.18 -0.49 -0.18
70 446.0 156.0 210.0 35.0 -0.45 0.01 -0.77 -0.23 -0.53 -0.22
71 419.0 150.0 199.0 37.0 -0.4 0.08 -0.72 -0.05 -0.42 -0.19
72 476.0 152.0 195.0 35.0 -0.38 0.11 -0.69 -0.4 -0.27 0.22
73 459.0 154.0 223.0 34.0 -0.37 0.14 -0.65 -0.33 -0.21 0.2
74 470.0 151.0 224.0 33.0 -0.41 0.23 -0.65 0.08 -0.2 -0.14
75 433.0 153.0 233.0 32.0 -0.42 0.33 -0.63 -0.17 -0.22 -0.28
76 468.0 153.0 232.0 32.0 -0.45 0.5 -0.53 -0.36 -0.18 -0.23
77 485.0 159.0 235.0 37.0 -0.45 0.52 -0.45 -0.46 -0.14 -0.04
78 447.0 156.0 239.0 38.0 -0.43 0.5 -0.43 0.32 -0.13 -0.1
79 493.0 156.0 223.0 35.0 -0.42 0.44 -0.39 0.34 -0.23 -0.1
80 514.0 148.0 243.0 37.0 -0.37 0.56 -0.33 0.35 -0.19 -0.19
81 515.0 152.0 236.0 37.0 -0.33 0.61 -0.31 -0.07 -0.22 -0.2
82 456.0 143.0 222.0 34.0 -0.26 0.67 -0.24 -0.1 -0.24 -0.27
83 494.0 159.0 205.0 34.0 -0.21 0.66 -0.2 0.13 -0.15 -0.41
84 469.0 153.0 200.0 32.0 -0.19 0.64 -0.19 -0.04 -0.25 -0.67
85 426.0 152.0 199.0 34.0 -0.13 0.64 -0.15 -0.27 -0.27 -0.83
86 552.0 162.0 191.0 33.0 0.03 0.52 -0.08 -0.68 -0.26 -1.1
87 543.0 151.0 203.0 37.0 0.12 0.36 -0.05 -0.36 -0.15 -0.57
88 490.0 143.0 205.0 34.0 0.18 0.03 -0.05 -0.1 -0.07 -0.16
89 471.0 140.0 192.0 32.0 0.18 -0.07 -0.06 0.35 -0.06 -0.39
90 438.0 141.0 183.0 37.0 0.17 -0.04 -0.05 0.26 0.0 -0.6
91 433.0 143.0 211.0 37.0 0.14 0.1 0.0 0.1 0.03 -0.56
92 394.0 135.0 202.0 35.0 0.15 0.1 0.04 -0.3 0.09 -0.45
93 365.0 124.0 192.0 33.0 0.16 0.05 0.04 -0.26 0.14 -0.37
94 335.0 119.0 193.0 32.0 0.15 -0.08 0.0 -0.21 0.2 -0.37
95 360.0 114.0 177.0 31.0 0.11 -0.16 -0.02 0.2 0.34 -0.3
96 351.0 121.0 160.0 30.0 0.08 -0.14 -0.02 0.25 0.19 -0.25
97 345.0 118.0 180.0 32.0 0.03 0.01 -0.0 0.01 0.05 -0.21
98 357.0 119.0 173.0 31.0 0.02 0.12 0.01 -0.27 0.07 -0.21
99 361.0 119.0 162.0 34.0 0.02 0.15 0.01 -0.83 0.16 -0.06
100 349.0 116.0 163.0 33.0 0.02 0.12 0.03 -0.8 0.08 -0.03
101 343.0 120.0 159.0 32.0 0.03 0.02 0.04 -0.65 0.04 0.06
102 343.0 117.0 157.0 31.0 0.04 -0.02 0.04 -0.28 0.1 0.03
103 391.0 115.0 160.0 31.0 0.08 0.05 0.06 -0.25 0.13 0.08
104 402.0 111.0 181.0 31.0 0.12 0.17 0.08 -0.25 0.21 0.0
105 419.0 115.0 203.0 33.0 0.12 0.23 0.09 -0.46 0.28 0.13
106 407.0 111.0 201.0 34.0 0.05 0.24 0.1 -0.67 0.23 0.12
107 401.0 110.0 203.0 34.0 -0.0 0.15 0.08 -0.35 0.13 0.0
108 385.0 108.0 186.0 37.0 -0.01 0.11 0.07 -0.12 0.02 -0.02
109 385.0 112.0 182.0 37.0 0.02 0.09 0.08 -0.1 0.03 0.0
110 371.0 110.0 182.0 38.0 0.03 0.08 0.08 -0.21 0.09 -0.11
111 394.0 110.0 171.0 35.0 0.03 0.08 0.07 -0.26 0.19 -0.3
112 401.0 108.0 164.0 32.0 0.01 0.03 0.04 -0.31 0.22 -0.39
113 375.0 109.0 160.0 34.0 -0.03 -0.03 0.04 -0.2 0.16 -0.39
114 376.0 106.0 166.0 37.0 -0.04 -0.08 0.04 0.2 0.08 -0.1
115 342.0 106.0 158.0 34.0 -0.04 -0.07 0.04 0.26 0.1 0.01
116 318.0 108.0 158.0 33.0 -0.01 0.0 0.05 -0.03 0.09 -0.19
117 347.0 109.0 151.0 34.0 0.0 0.0 0.04 0.25 0.07 -0.35
118 346.0 112.0 162.0 34.0 0.01 -0.0 0.05 0.23 0.06 -0.37
119 331.0 113.0 165.0 35.0 0.01 0.03 0.05 0.16 0.1 -0.37
120 341.0 107.0 157.0 34.0 0.01 0.04 0.04 -0.14 0.14 -0.12
121 357.0 117.0 152.0 35.0 0.0 0.01 0.01 -0.18 0.21 -0.14
122 323.0 116.0 154.0 33.0 -0.02 -0.04 -0.02 0.0 0.09 -0.07
123 314.0 114.0 157.0 33.0 -0.03 -0.05 -0.02 -0.06 0.07 -0.02
124 304.0 113.0 158.0 37.0 -0.06 0.0 -0.02 -0.06 -0.02 0.04
125 293.0 110.0 151.0 35.0 -0.04 0.05 -0.01 -0.27 -0.01 0.16
126 303.0 112.0 158.0 34.0 -0.03 0.06 0.0 -0.39 -0.06 0.15
127 301.0 110.0 155.0 33.0 0.01 0.03 0.0 -0.4 0.01 -0.01
128 281.0 108.0 158.0 30.0 0.05 -0.01 0.0 -0.42 0.07 -0.07
129 265.0 109.0 159.0 30.0 0.06 -0.01 0.01 -0.37 0.13 -0.07
130 294.0 111.0 158.0 29.0 0.03 0.02 0.04 -0.19 0.17 0.11
131 290.0 110.0 158.0 28.0 0.0 0.08 0.05 -0.32 0.16 0.05
132 291.0 112.0 164.0 28.0 -0.0 0.09 0.05 -0.34 0.13 0.04
133 289.0 112.0 173.0 28.0 0.01 0.08 0.05 -0.31 0.11 0.0
134 302.0 112.0 169.0 27.0 0.03 0.02 0.06 -0.24 -0.01 0.04
135 296.0 112.0 173.0 29.0 0.06 -0.01 0.06 -0.14 -0.03 0.1
136 280.0 109.0 166.0 30.0 0.09 0.0 0.07 -0.14 -0.09 0.04
137 345.0 111.0 160.0 34.0 0.11 0.05 0.07 -0.29 -0.22 -0.06
138 287.0 110.0 171.0 33.0 0.13 0.08 0.09 -0.31 -0.21 -0.11
139 268.0 108.0 178.0 32.0 0.14 0.11 0.14 -0.34 -0.18 -0.27
140 254.0 110.0 175.0 34.0 0.16 0.13 0.18 -0.24 -0.01 -0.39
141 217.0 104.0 167.0 31.0 0.16 0.13 0.2 -0.13 0.05 -0.33
142 278.0 106.0 167.0 30.0 0.15 0.1 0.22 -0.18 -0.09 -0.42
143 256.0 105.0 164.0 30.0 0.16 0.01 0.22 -0.51 -0.2 -0.39
144 253.0 104.0 175.0 29.0 0.17 -0.08 0.22 -0.58 -0.23 -0.31
145 233.0 100.0 166.0 28.0 0.2 -0.26 0.22 -0.48 -0.27 -0.23
146 200.0 95.0 160.0 115.0 0.2 -0.38 0.27 -0.06 -0.38 -0.13
147 160.0 90.0 151.0 100.0 0.2 -0.37 0.31 0.09 -0.47 -0.07
148 134.0 90.0 142.0 88.0 0.22 -0.26 0.4 -0.05 -1.0 -0.23
149 110.0 87.0 136.0 78.0 0.28 -0.27 0.56 -0.09 -1.37 -0.51
150 101.0 92.0 127.0 67.0 0.31 -0.37 0.69 0.25 -1.34 -0.89
151 84.0 99.0 122.0 61.0 0.38 -0.62 1.03 0.46 -1.19 -1.74
152 77.0 100.0 116.0 54.0 0.46 -0.6 1.4 0.26 -0.71 -2.43
153 82.0 104.0 108.0 55.0 0.45 -0.61 1.54 0.16 -0.71 -2.55
154 123.0 111.0 105.0 53.0 0.18 -0.87 1.85 -0.1 -0.75 -2.9
155 100.0 129.0 99.0 99.0 0.07 -0.92 1.89 -0.26 -0.29 -3.27
156 81.0 144.0 91.0 87.0 -0.03 -0.87 1.88 -0.44 -0.26 -3.19
157 68.0 153.0 85.0 74.0 -0.47 -1.8 1.73 0.44 -0.43 -4.4
158 74.0 188.0 79.0 69.0 -0.57 -2.26 1.72 1.3 -0.05 -4.23
159 93.0 204.0 75.0 76.0 -0.94 -3.08 1.75 2.43 0.74 -3.29
160 86.0 195.0 71.0 92.0 -1.23 -2.91 1.81 1.68 0.82 -2.84
161 93.0 210.0 69.0 97.0 -1.33 -2.05 1.61 0.34 0.25 -0.63
162 84.0 227.0 65.0 99.0 -1.42 -1.88 1.46 0.35 0.12 0.13
163 91.0 228.0 62.0 94.0 -1.37 -1.82 1.18 0.19 0.02 0.85
164 97.0 239.0 60.0 84.0 -1.08 -1.99 1.02 0.3 0.72 0.94
165 108.0 231.0 58.0 74.0 -0.92 -2.01 0.95 -0.04 0.85 0.85
166 116.0 225.0 56.0 65.0 -0.62 -1.87 0.92 0.15 0.96 1.16
167 106.0 211.0 54.0 57.0 -0.27 -1.51 0.85 0.72 1.13 1.09
168 96.0 194.0 56.0 49.0 -0.08 -1.33 0.8 0.66 1.13 1.08
169 114.0 204.0 57.0 47.0 0.11 -1.01 0.68 0.5 1.32 1.38
170 111.0 213.0 56.0 45.0 0.15 -0.81 0.53 -0.21 1.3 0.97
171 99.0 194.0 55.0 43.0 0.18 -0.76 0.48 -0.33 1.08 0.71
172 101.0 175.0 53.0 40.0 0.24 -0.57 0.47 -0.31 0.7 0.59
173 96.0 158.0 51.0 36.0 0.14 -0.27 0.53 0.07 0.76 0.12
174 97.0 143.0 51.0 33.0 0.04 -0.15 0.54 0.02 0.88 0.02
175 86.0 133.0 50.0 31.0 -0.17 -0.04 0.53 0.19 0.75 -0.38
176 80.0 123.0 50.0 30.0 -0.36 0.02 0.5 0.65 0.6 -0.59
177 72.0 113.0 51.0 28.0 -0.57 0.09 0.51 0.4 0.74 -0.9
178 63.0 108.0 52.0 27.0 -0.63 0.15 0.46 1.12 0.53 -1.88
179 94.0 102.0 54.0 26.0 -0.93 0.16 0.3 -0.38 0.17 -1.04
180 85.0 95.0 59.0 27.0 -0.37 1.11 0.24 8.19 -2.53 19.57
181 71.0 90.0 89.0 27.0 0.26 2.24 -0.59 3.28 -5.36 4.01
182 60.0 85.0 125.0 28.0 1.14 0.69 -0.9 -0.54 1.56 -1.52
183 50.0 84.0 111.0 27.0 0.66 0.94 -0.61 0.42 1.09 -1.18
184 43.0 82.0 98.0 26.0 0.03 1.54 -0.46 -0.85 0.55 1.07
185 37.0 80.0 89.0 26.0 -0.14 1.19 -0.35 -1.09 -0.4 1.6
186 33.0 78.0 87.0 26.0 -0.12 0.76 -0.22 -0.38 -0.08 1.13
187 31.0 76.0 80.0 25.0 -0.02 0.3 -0.02 -0.54 0.38 -0.47
188 28.0 76.0 87.0 25.0 0.04 0.22 0.04 -0.69 0.31 -0.4
189 26.0 74.0 82.0 24.0 -0.0 0.13 0.06 0.29 0.13 -0.13
190 24.0 73.0 76.0 24.0 -0.09 0.18 0.11 1.12 0.1 0.03
191 28.0 74.0 83.0 24.0 -0.15 0.33 0.14 0.4 0.1 -0.26
192 30.0 73.0 85.0 24.0 -0.17 0.33 0.13 0.2 0.11 -0.18
193 28.0 71.0 90.0 24.0 -0.19 0.31 0.13 -0.05 0.1 -0.02
194 27.0 69.0 83.0 24.0 -0.17 0.2 0.1 -0.51 0.21 -0.24
195 29.0 71.0 82.0 23.0 -0.13 0.14 0.09 -0.5 0.16 -0.17
196 27.0 70.0 84.0 23.0 -0.05 0.01 0.05 -0.32 0.27 -0.12
197 25.0 70.0 83.0 23.0 0.01 -0.03 0.01 -0.13 0.24 -0.02
198 22.0 70.0 79.0 24.0 0.02 -0.04 0.01 0.1 0.2 -0.03
199 21.0 70.0 80.0 23.0 0.02 0.01 0.01 0.19 0.17 -0.14
