1 21.0 82.0 71.0 24.0 0.01 -0.02 -0.04 0.05 0.2 -0.06
2 20.0 80.0 71.0 23.0 -0.03 -0.04 -0.03 -0.05 0.19 -0.01
3 20.0 81.0 76.0 25.0 -0.04 -0.1 -0.01 0.0 0.16 -0.06
4 19.0 79.0 78.0 26.0 -0.05 -0.11 -0.0 0.21 0.16 -0.09
5 19.0 86.0 75.0 46.0 -0.06 -0.05 0.01 0.25 0.16 -0.04
6 18.0 91.0 70.0 46.0 -0.05 0.04 0.02 0.17 0.18 -0.13
7 20.0 91.0 67.0 41.0 -0.05 0.08 0.03 0.25 0.15 -0.19
8 19.0 88.0 64.0 36.0 -0.03 0.19 0.07 0.31 0.15 -0.17
9 21.0 87.0 65.0 34.0 -0.01 0.21 0.07 0.12 0.2 -0.11
10 16.0 86.0 66.0 32.0 -0.01 0.19 0.07 0.03 0.22 -0.13
11 19.0 85.0 75.0 30.0 -0.03 0.15 0.06 0.0 0.23 -0.09
12 19.0 83.0 79.0 29.0 -0.05 0.08 0.05 -0.23 0.18 -0.09
13 18.0 84.0 74.0 28.0 -0.04 0.04 0.05 -0.03 0.25 -0.04
14 17.0 85.0 71.0 27.0 -0.06 -0.01 0.06 -0.02 0.21 -0.02
15 17.0 86.0 70.0 26.0 -0.07 -0.03 0.06 0.01 0.21 -0.04
16 17.0 85.0 69.0 28.0 -0.07 -0.03 0.06 -0.02 0.13 -0.04
17 17.0 85.0 69.0 27.0 -0.09 -0.04 0.05 -0.08 0.11 -0.04
18 17.0 85.0 66.0 29.0 -0.08 -0.06 0.05 -0.12 0.03 -0.06
19 39.0 93.0 63.0 34.0 -0.07 -0.06 0.04 -0.15 0.03 -0.12
20 46.0 96.0 61.0 32.0 -0.06 -0.08 0.04 -0.1 0.03 -0.09
21 71.0 98.0 59.0 41.0 -0.04 -0.09 0.03 -0.35 0.0 0.01
22 102.0 98.0 58.0 40.0 -0.01 -0.1 0.02 -0.56 0.0 0.26
23 103.0 101.0 58.0 41.0 0.03 -0.17 0.01 -0.35 -0.03 0.37
24 108.0 101.0 58.0 37.0 0.07 -0.25 0.0 0.06 0.0 0.36
25 107.0 107.0 57.0 39.0 0.08 -0.27 0.01 0.78 0.25 0.61
26 141.0 120.0 57.0 37.0 0.07 -0.25 -0.02 0.79 0.35 0.62
27 172.0 135.0 58.0 52.0 -0.11 -0.15 0.0 1.31 -0.3 0.94
28 196.0 141.0 58.0 46.0 -0.08 -0.11 -0.02 1.1 0.23 0.7
29 181.0 139.0 59.0 40.0 0.04 -0.06 -0.14 0.75 -0.01 0.43
30 168.0 137.0 60.0 37.0 0.24 0.07 -0.28 0.41 0.04 0.96
31 193.0 135.0 60.0 34.0 0.4 0.05 -0.39 2.39 0.07 2.13
32 179.0 132.0 62.0 31.0 0.62 0.09 -0.57 1.59 0.04 2.76
33 179.0 133.0 60.0 30.0 0.74 0.68 -0.69 1.35 0.17 2.86
34 204.0 131.0 61.0 29.0 0.77 1.01 -0.76 0.74 0.44 2.45
35 194.0 131.0 61.0 28.0 0.76 1.42 -0.89 0.56 0.41 2.32
36 250.0 127.0 71.0 27.0 0.82 1.34 -0.97 -0.35 0.18 2.48
37 239.0 131.0 78.0 27.0 0.84 1.19 -1.03 -0.36 0.29 2.41
38 223.0 126.0 76.0 27.0 0.83 0.91 -1.22 -0.25 0.33 2.16
39 234.0 119.0 82.0 27.0 0.81 0.92 -1.36 0.51 0.54 1.26
40 226.0 127.0 86.0 26.0 0.83 1.04 -1.41 0.86 0.78 0.1
41 277.0 129.0 87.0 27.0 0.71 1.41 -1.44 0.01 0.77 -0.58
42 284.0 135.0 93.0 27.0 0.64 1.62 -1.41 0.11 0.51 -0.41
43 262.0 139.0 107.0 26.0 0.57 1.58 -1.41 -0.41 0.46 -0.69
44 271.0 141.0 116.0 26.0 0.47 1.37 -1.45 -0.53 0.29 -0.59
45 354.0 145.0 122.0 26.0 0.38 0.95 -1.47 -0.69 0.18 -0.86
46 333.0 134.0 131.0 27.0 0.35 0.75 -1.47 -0.42 0.27 -1.42
47 404.0 131.0 135.0 28.0 0.22 0.31 -1.44 -0.39 0.23 -1.55
48 401.0 148.0 126.0 29.0 0.11 -0.01 -1.34 -0.35 0.32 -1.62
49 368.0 136.0 129.0 30.0 0.03 -0.12 -1.28 -0.14 0.07 -1.86
50 350.0 133.0 132.0 30.0 -0.09 -0.28 -1.15 -0.32 -0.04 -1.73
51 367.0 134.0 130.0 29.0 -0.15 -0.31 -0.99 -0.18 -0.16 -1.79
52 346.0 130.0 123.0 28.0 -0.16 -0.27 -0.91 0.02 -0.22 -1.72
53 404.0 124.0 125.0 29.0 -0.16 -0.11 -0.75 0.04 -0.05 -1.8
54 346.0 124.0 119.0 29.0 -0.18 0.04 -0.61 0.2 0.11 -1.56
55 352.0 123.0 122.0 29.0 -0.21 0.11 -0.58 -0.08 -0.05 -1.12
56 362.0 131.0 134.0 30.0 -0.27 0.2 -0.56 -0.28 -0.2 -1.07
57 349.0 130.0 135.0 31.0 -0.28 0.12 -0.55 -0.49 -0.19 -1.11
58 391.0 126.0 132.0 30.0 -0.29 0.06 -0.53 -0.52 -0.13 -1.17
59 344.0 123.0 134.0 29.0 -0.32 -0.08 -0.46 -0.19 -0.14 -0.98
60 378.0 130.0 131.0 30.0 -0.32 -0.03 -0.41 0.35 0.05 -0.41
61 424.0 136.0 133.0 29.0 -0.33 0.04 -0.4 0.18 0.1 -0.33
62 443.0 137.0 151.0 29.0 -0.32 0.14 -0.38 0.23 -0.14 -0.21
63 412.0 139.0 153.0 29.0 -0.28 0.24 -0.36 0.17 -0.32 -0.11
64 419.0 145.0 145.0 30.0 -0.26 0.26 -0.34 -0.49 -0.71 0.11
65 431.0 147.0 138.0 29.0 -0.2 0.28 -0.33 -0.02 -0.62 0.09
66 413.0 139.0 149.0 29.0 -0.14 0.24 -0.31 -0.02 -0.51 -0.2
67 385.0 136.0 146.0 27.0 -0.11 0.23 -0.28 -0.25 -0.52 -0.68
68 386.0 132.0 137.0 30.0 -0.03 0.14 -0.21 -0.46 -0.48 -0.84
69 457.0 132.0 138.0 27.0 0.05 -0.07 -0.15 -0.21 -0.45 -1.03
70 415.0 138.0 147.0 26.0 0.09 -0.14 -0.11 0.36 -0.28 -1.05
71 409.0 138.0 143.0 27.0 0.16 -0.14 -0.03 0.68 -0.14 -0.79
72 375.0 134.0 142.0 27.0 0.2 -0.03 0.03 0.7 -0.06 -0.65
73 362.0 126.0 134.0 27.0 0.21 0.0 0.02 0.28 0.17 -0.73
74 374.0 133.0 145.0 27.0 0.2 -0.04 -0.03 0.24 0.21 -0.75
75 370.0 136.0 142.0 26.0 0.14 -0.06 -0.06 0.21 0.24 -0.82
76 334.0 126.0 141.0 26.0 0.1 -0.05 -0.06 0.42 0.24 -0.81
77 337.0 125.0 141.0 26.0 0.03 0.05 -0.04 0.39 0.25 -0.75
78 331.0 120.0 140.0 25.0 -0.02 0.14 -0.03 0.3 0.23 -0.42
79 349.0 120.0 137.0 26.0 -0.03 0.18 -0.03 0.04 0.19 -0.44
80 345.0 128.0 126.0 25.0 -0.07 0.23 -0.02 0.01 0.18 -0.4
81 307.0 138.0 133.0 25.0 -0.1 0.24 0.01 -0.22 0.22 -0.27
82 346.0 139.0 135.0 25.0 -0.11 0.21 0.01 -0.11 0.2 -0.04
83 320.0 137.0 132.0 28.0 -0.09 0.15 -0.02 0.0 0.16 0.07
84 368.0 137.0 129.0 28.0 -0.05 0.19 -0.03 -0.05 0.11 0.09
85 362.0 134.0 122.0 27.0 -0.04 0.19 -0.02 -0.63 0.22 0.02
86 358.0 141.0 123.0 27.0 -0.02 0.15 -0.0 -0.66 0.2 0.04
87 334.0 137.0 119.0 27.0 -0.03 0.07 0.02 -0.39 0.17 0.18
88 327.0 133.0 123.0 27.0 -0.02 0.05 0.03 -0.24 0.11 0.24
89 326.0 127.0 126.0 28.0 0.0 0.03 0.04 -0.23 0.1 0.27
90 304.0 130.0 134.0 28.0 0.04 -0.01 0.04 -0.14 0.15 0.29
91 304.0 137.0 130.0 27.0 0.05 -0.01 0.04 0.0 0.23 0.26
92 301.0 132.0 130.0 26.0 0.04 0.04 0.06 0.0 0.28 0.2
93 336.0 129.0 124.0 26.0 0.04 0.1 0.06 0.01 0.25 0.07
94 318.0 123.0 127.0 26.0 0.04 0.12 0.06 -0.01 0.18 -0.01
95 295.0 132.0 128.0 27.0 0.03 0.14 0.05 -0.09 0.22 -0.02
96 268.0 142.0 129.0 26.0 0.03 0.09 0.04 -0.18 0.07 -0.05
97 279.0 141.0 128.0 26.0 0.03 0.05 0.03 -0.12 -0.01 -0.04
98 281.0 132.0 118.0 25.0 0.03 0.02 0.03 -0.12 -0.03 -0.06
99 283.0 130.0 121.0 25.0 0.04 0.02 0.05 -0.01 -0.02 -0.12
100 316.0 130.0 121.0 25.0 0.04 0.02 0.06 -0.03 0.09 -0.22
101 311.0 123.0 121.0 26.0 0.06 -0.0 0.07 0.04 0.18 -0.13
102 297.0 124.0 113.0 26.0 0.05 -0.02 0.05 0.14 0.21 -0.04
103 304.0 123.0 107.0 26.0 0.04 -0.01 0.05 0.21 0.2 -0.14
104 283.0 119.0 114.0 25.0 0.02 0.01 0.03 0.12 0.19 -0.17
105 288.0 119.0 124.0 25.0 0.01 0.04 0.02 0.22 0.23 -0.13
106 264.0 125.0 119.0 26.0 0.01 0.07 0.01 0.18 0.15 -0.01
107 298.0 120.0 120.0 28.0 -0.0 0.15 0.01 0.09 0.19 0.02
108 282.0 116.0 113.0 28.0 -0.03 0.16 0.01 -0.48 0.05 -0.16
109 298.0 118.0 115.0 29.0 -0.03 0.12 0.01 -0.56 0.13 -0.19
110 307.0 113.0 111.0 26.0 -0.03 -0.03 0.01 -0.25 0.03 -0.08
111 315.0 111.0 105.0 26.0 -0.02 -0.07 0.01 0.09 0.14 0.14
112 327.0 116.0 100.0 25.0 -0.03 -0.02 0.01 -0.04 0.09 0.14
113 318.0 116.0 117.0 25.0 -0.03 0.08 0.03 -0.1 0.11 0.1
114 299.0 113.0 110.0 25.0 -0.01 0.1 0.03 -0.34 0.05 0.05
115 290.0 118.0 106.0 25.0 0.01 0.07 0.03 -0.37 0.1 -0.04
116 302.0 114.0 99.0 24.0 0.03 -0.02 0.04 -0.37 0.09 -0.07
117 290.0 110.0 99.0 26.0 0.03 -0.06 0.04 0.08 0.09 0.07
118 316.0 110.0 99.0 27.0 0.04 -0.03 0.05 0.04 0.09 -0.05
119 281.0 105.0 101.0 25.0 0.05 0.02 0.06 -0.12 0.07 -0.16
120 265.0 102.0 100.0 25.0 0.07 -0.01 0.06 -0.03 0.15 -0.19
121 262.0 107.0 101.0 27.0 0.08 -0.02 0.05 0.12 0.21 -0.02
122 247.0 102.0 105.0 26.0 0.07 0.0 0.06 0.04 0.18 0.0
123 218.0 99.0 95.0 26.0 0.07 0.02 0.07 -0.06 0.1 0.06
124 181.0 96.0 88.0 26.0 0.06 0.01 0.06 -0.02 -0.01 -0.05
125 144.0 92.0 80.0 28.0 0.08 0.01 0.06 -0.07 -0.09 -0.29
126 124.0 89.0 75.0 28.0 0.1 0.03 0.1 -0.13 -0.42 -0.51
127 111.0 90.0 69.0 29.0 0.12 0.04 0.14 -0.15 -0.55 -0.64
128 90.0 88.0 65.0 52.0 0.23 0.08 0.25 -0.16 -0.68 -0.92
129 76.0 84.0 63.0 53.0 0.35 0.04 0.42 -0.17 -0.96 -1.15
130 63.0 82.0 62.0 47.0 0.4 -0.04 0.53 -0.14 -1.05 -1.08
131 54.0 88.0 62.0 43.0 0.46 -0.29 0.82 0.07 -0.98 -1.25
132 49.0 89.0 61.0 53.0 0.45 -0.44 1.15 0.15 -0.88 -1.65
133 49.0 95.0 61.0 74.0 0.42 -0.46 1.3 0.13 -0.8 -1.87
134 45.0 95.0 61.0 104.0 0.3 -0.52 1.56 0.08 -0.2 -2.4
135 44.0 98.0 64.0 106.0 0.0 -0.66 1.76 -0.07 -0.14 -2.81
136 39.0 116.0 69.0 96.0 -0.15 -0.75 1.83 -0.25 -0.25 -3.01
137 45.0 131.0 71.0 96.0 -0.4 -0.89 1.88 -0.66 -0.22 -2.97
138 43.0 141.0 73.0 95.0 -0.6 -0.85 1.89 -0.69 -0.32 -2.97
139 41.0 169.0 74.0 86.0 -0.66 -0.82 1.93 -0.7 -0.28 -2.91
140 38.0 173.0 77.0 76.0 -0.71 -0.82 1.93 -1.12 0.44 -2.51
141 43.0 212.0 77.0 74.0 -0.98 -0.86 1.88 -1.39 0.04 -1.96
142 50.0 212.0 81.0 71.0 -1.1 -0.89 1.86 -1.11 0.0 -1.67
143 69.0 219.0 81.0 71.0 -1.14 -0.85 1.7 -0.61 0.13 -1.47
144 86.0 238.0 80.0 70.0 -1.09 -0.83 1.51 -0.13 0.35 -0.96
145 74.0 258.0 81.0 63.0 -1.14 -0.83 1.41 0.34 0.66 -0.86
146 85.0 258.0 81.0 59.0 -1.18 -1.09 1.23 0.51 0.69 -0.64
147 86.0 258.0 77.0 52.0 -1.17 -1.4 1.12 0.99 0.44 -0.14
148 82.0 235.0 72.0 46.0 -1.13 -1.45 1.06 1.17 0.44 0.09
149 70.0 213.0 67.0 41.0 -1.08 -1.44 0.92 1.42 0.56 0.44
150 62.0 190.0 64.0 39.0 -1.03 -1.49 0.72 1.74 0.81 0.35
151 53.0 169.0 61.0 39.0 -1.01 -1.55 0.62 1.94 0.83 0.31
152 48.0 150.0 60.0 36.0 -1.02 -1.5 0.47 2.21 0.54 0.12
153 54.0 136.0 57.0 34.0 -1.12 -1.27 0.29 1.11 0.25 -0.16
154 80.0 123.0 56.0 32.0 -1.14 -1.24 0.3 3.13 0.24 -1.43
155 66.0 111.0 54.0 30.0 -1.02 -1.26 0.19 3.86 -0.21 -1.09
156 56.0 102.0 60.0 28.0 0.57 -1.41 -0.24 9.3 -3.52 14.91
157 47.0 97.0 65.0 27.0 1.93 -0.07 -0.11 6.44 1.98 12.57
158 40.0 97.0 63.0 26.0 1.3 1.77 -0.31 1.54 -1.38 7.03
159 37.0 98.0 61.0 26.0 0.61 1.22 -0.37 -1.35 1.84 0.37
160 33.0 95.0 78.0 25.0 0.31 1.13 -0.34 -1.93 1.78 -0.04
161 29.0 97.0 81.0 25.0 0.08 0.86 -0.29 -1.62 0.6 0.36
162 26.0 98.0 86.0 23.0 0.16 0.29 -0.13 -0.75 0.29 0.57
163 24.0 98.0 83.0 24.0 0.13 0.09 -0.03 0.14 -0.18 0.17
164 23.0 101.0 80.0 24.0 0.17 -0.03 0.04 0.72 0.27 -0.17
165 21.0 103.0 78.0 24.0 0.1 0.17 0.07 0.6 0.07 -0.22
166 20.0 104.0 80.0 23.0 0.07 0.29 0.07 0.38 0.1 -0.23
167 20.0 106.0 82.0 23.0 -0.01 0.32 0.06 -0.1 0.0 -0.14
168 19.0 106.0 82.0 23.0 -0.09 0.14 0.11 -0.39 0.04 -0.05
169 18.0 106.0 80.0 23.0 -0.03 0.09 0.1 -0.49 0.17 -0.16
170 18.0 104.0 82.0 24.0 -0.01 0.05 0.07 -0.3 0.37 -0.18
171 18.0 103.0 81.0 23.0 0.06 0.06 0.02 -0.17 0.42 0.03
