1 41.0 125.0 50.0 23.0 -0.05 -0.25 0.03 -0.31 0.02 0.03
2 51.0 121.0 50.0 23.0 -0.06 -0.36 0.03 -0.2 0.0 0.0
3 46.0 123.0 49.0 23.0 -0.01 -0.41 0.03 -0.15 0.07 -0.04
4 45.0 123.0 48.0 23.0 0.01 -0.36 0.02 0.04 0.13 -0.05
5 41.0 122.0 49.0 23.0 0.02 -0.29 0.01 0.07 0.13 0.02
6 39.0 122.0 50.0 23.0 0.04 -0.22 -0.0 0.24 0.17 0.0
7 40.0 121.0 49.0 23.0 0.03 -0.08 -0.02 0.16 0.16 -0.02
8 48.0 121.0 48.0 23.0 0.03 -0.04 -0.03 -0.02 0.17 0.01
9 51.0 121.0 48.0 23.0 0.02 -0.01 -0.03 -0.06 0.19 0.01
10 56.0 121.0 48.0 23.0 0.01 0.01 -0.03 -0.02 0.17 0.04
11 56.0 120.0 47.0 23.0 0.01 0.0 -0.02 -0.01 0.14 0.01
12 54.0 121.0 48.0 23.0 -0.01 0.0 -0.01 -0.04 0.13 0.0
13 62.0 119.0 47.0 23.0 -0.01 -0.0 -0.01 -0.05 0.12 0.0
14 57.0 120.0 48.0 23.0 -0.02 -0.01 -0.0 0.0 0.12 0.0
15 49.0 116.0 49.0 22.0 -0.02 -0.02 0.01 0.0 0.15 0.01
16 59.0 117.0 49.0 23.0 -0.03 0.0 0.01 -0.01 0.12 -0.01
17 63.0 116.0 50.0 21.0 -0.03 0.0 0.01 -0.15 0.07 0.0
18 55.0 124.0 50.0 23.0 -0.04 -0.03 0.02 -0.16 0.08 0.0
19 54.0 127.0 50.0 23.0 -0.03 -0.07 0.02 -0.12 0.14 0.01
20 51.0 159.0 49.0 23.0 -0.02 -0.1 0.03 -0.07 0.18 0.01
21 58.0 166.0 49.0 23.0 -0.02 -0.09 0.02 0.0 0.18 0.08
22 67.0 150.0 49.0 23.0 -0.02 -0.09 0.01 0.01 0.15 0.02
23 71.0 159.0 50.0 24.0 -0.01 -0.08 0.01 -0.01 0.07 0.0
24 103.0 173.0 49.0 29.0 -0.02 -0.07 0.01 -0.02 0.0 0.11
25 119.0 196.0 49.0 28.0 0.03 -0.06 0.01 -0.01 -0.01 0.06
26 126.0 217.0 50.0 30.0 0.07 -0.07 0.0 -0.08 -0.06 -0.07
27 132.0 213.0 50.0 28.0 0.17 -0.14 0.01 -0.08 0.0 -0.06
28 140.0 217.0 50.0 28.0 0.2 -0.19 0.06 0.21 0.0 0.01
29 133.0 239.0 51.0 27.0 0.15 -0.2 0.09 0.0 0.0 0.08
30 170.0 265.0 49.0 27.0 0.16 -0.28 0.1 0.09 0.02 0.05
31 206.0 309.0 54.0 26.0 0.22 -0.39 0.09 0.03 -0.05 0.27
32 182.0 339.0 56.0 25.0 0.29 -0.42 0.09 0.0 -0.17 0.35
33 157.0 338.0 57.0 24.0 0.48 -0.44 0.05 -0.06 -0.17 0.58
34 141.0 410.0 59.0 25.0 0.68 -0.37 0.01 -0.34 -0.07 0.97
35 125.0 423.0 79.0 24.0 0.77 -0.33 -0.01 2.87 0.94 2.41
36 139.0 429.0 80.0 25.0 1.23 -0.64 -0.17 -0.43 0.21 1.94
37 135.0 417.0 76.0 25.0 1.08 -0.42 -0.15 0.26 0.39 2.42
38 119.0 486.0 76.0 25.0 1.06 -0.46 -0.18 0.27 0.67 1.66
39 136.0 527.0 73.0 29.0 1.0 -0.52 -0.23 0.3 0.61 1.52
40 138.0 537.0 80.0 30.0 0.96 -0.43 -0.25 -0.07 0.65 1.0
41 134.0 588.0 78.0 38.0 0.91 -0.43 -0.26 -0.31 0.3 1.03
42 134.0 600.0 86.0 39.0 0.8 -0.6 -0.23 -0.26 0.27 0.75
43 123.0 575.0 94.0 40.0 0.89 -0.91 -0.16 -0.43 0.17 0.37
44 113.0 510.0 89.0 44.0 0.94 -1.03 -0.09 -0.53 0.0 0.15
45 107.0 534.0 87.0 41.0 1.05 -1.16 0.03 -0.59 -0.12 0.13
46 124.0 504.0 105.0 37.0 1.05 -1.17 0.13 -0.12 -0.22 -0.05
47 125.0 519.0 115.0 37.0 1.06 -1.05 0.15 0.07 0.02 -0.24
48 122.0 503.0 120.0 41.0 1.13 -0.95 0.11 0.18 0.03 -0.14
49 153.0 507.0 116.0 39.0 1.19 -0.82 0.01 0.0 0.03 -0.11
50 158.0 522.0 126.0 48.0 1.17 -0.75 -0.03 0.0 -0.02 -0.1
51 148.0 543.0 126.0 46.0 1.13 -0.61 -0.11 -0.07 -0.07 -0.26
52 137.0 539.0 156.0 48.0 1.1 -0.5 -0.14 -0.12 0.03 -0.73
53 152.0 525.0 149.0 47.0 1.07 -0.45 -0.14 -0.05 -0.15 -0.46
54 184.0 510.0 159.0 42.0 1.04 -0.44 -0.13 -0.2 0.01 -0.64
55 188.0 492.0 172.0 42.0 0.99 -0.38 -0.12 -0.07 -0.27 -0.82
56 186.0 480.0 161.0 41.0 0.93 -0.32 -0.06 0.21 -0.48 -0.67
57 195.0 442.0 147.0 45.0 0.79 -0.22 -0.01 -0.23 -0.14 -0.72
58 184.0 416.0 134.0 42.0 0.61 -0.23 0.05 -0.37 -0.35 -0.98
59 183.0 425.0 132.0 41.0 0.54 -0.29 0.06 -0.17 -0.11 -1.41
60 190.0 406.0 133.0 44.0 0.41 -0.35 0.03 -0.07 -0.08 -1.46
61 194.0 421.0 128.0 50.0 0.31 -0.35 0.01 -0.18 0.0 -1.31
62 187.0 385.0 114.0 46.0 0.26 -0.33 -0.01 -0.26 0.04 -1.16
63 201.0 399.0 115.0 42.0 0.14 -0.32 -0.01 -0.24 0.02 -1.17
64 183.0 391.0 117.0 40.0 0.07 -0.37 -0.03 -0.2 0.1 -1.0
65 184.0 358.0 123.0 43.0 0.01 -0.36 -0.02 -0.33 0.12 -1.06
66 211.0 362.0 125.0 44.0 -0.07 -0.32 -0.01 -0.01 0.06 -0.91
67 195.0 363.0 125.0 41.0 -0.09 -0.35 0.01 -0.07 0.04 -0.55
68 197.0 372.0 131.0 42.0 -0.1 -0.35 0.02 -0.18 0.0 -0.27
69 232.0 404.0 163.0 39.0 -0.09 -0.3 0.04 -0.27 -0.01 -0.05
70 264.0 393.0 181.0 48.0 -0.09 -0.23 0.03 -0.45 0.04 0.22
71 280.0 355.0 162.0 46.0 -0.08 -0.23 0.02 -0.58 0.06 0.21
72 257.0 338.0 158.0 45.0 -0.1 -0.18 0.04 -1.17 0.07 -0.3
73 249.0 323.0 167.0 43.0 -0.13 -0.1 0.1 -1.38 -0.01 -0.49
74 237.0 347.0 161.0 43.0 -0.11 -0.04 0.16 -1.22 -0.04 -0.42
75 231.0 360.0 148.0 46.0 -0.13 0.03 0.27 -1.37 0.14 -0.05
76 279.0 362.0 151.0 53.0 -0.11 -0.04 0.27 -0.62 0.1 0.12
77 256.0 346.0 145.0 49.0 -0.09 -0.04 0.27 -0.3 0.19 -0.02
78 245.0 358.0 150.0 57.0 -0.06 0.01 0.26 0.03 0.24 -0.11
79 251.0 370.0 158.0 53.0 -0.02 0.03 0.2 0.25 0.16 0.07
80 246.0 359.0 156.0 52.0 -0.0 0.04 0.17 0.27 0.21 0.12
81 225.0 337.0 152.0 49.0 0.05 0.08 0.09 0.5 0.2 0.07
82 210.0 318.0 143.0 47.0 0.09 0.14 0.02 0.49 0.18 0.33
83 232.0 315.0 132.0 43.0 0.11 0.13 -0.03 0.53 0.2 0.38
84 217.0 327.0 126.0 41.0 0.08 0.11 -0.09 0.23 0.3 0.29
85 208.0 342.0 123.0 40.0 0.06 0.09 -0.14 0.22 0.39 -0.29
86 199.0 343.0 125.0 42.0 0.07 0.11 -0.16 0.28 0.23 -0.33
87 237.0 361.0 121.0 39.0 0.06 0.14 -0.12 0.06 0.17 0.02
88 262.0 381.0 111.0 37.0 0.04 0.08 -0.07 -0.12 0.18 0.27
89 256.0 387.0 113.0 36.0 0.01 0.04 -0.04 -0.14 0.11 0.24
90 224.0 361.0 128.0 34.0 -0.03 0.0 -0.02 0.04 0.18 -0.14
91 220.0 344.0 126.0 32.0 -0.01 -0.01 -0.01 0.19 0.03 -0.09
92 214.0 333.0 118.0 31.0 -0.01 -0.01 -0.01 0.16 0.0 0.05
93 215.0 335.0 113.0 33.0 0.02 0.01 -0.03 -0.09 0.04 0.18
94 209.0 405.0 119.0 32.0 -0.01 0.06 -0.04 -0.13 0.07 0.07
95 211.0 389.0 116.0 31.0 -0.01 0.06 -0.04 -0.15 0.04 0.0
96 210.0 412.0 112.0 32.0 -0.0 0.02 -0.05 -0.16 0.08 -0.42
97 185.0 378.0 137.0 31.0 -0.02 0.01 -0.03 -0.17 0.05 -0.11
98 184.0 350.0 127.0 32.0 -0.02 0.01 -0.03 -0.02 0.1 -0.36
99 180.0 361.0 120.0 31.0 -0.02 0.04 -0.03 -0.07 0.07 -0.21
100 168.0 351.0 114.0 30.0 -0.06 0.09 -0.03 -0.09 0.07 -0.02
101 155.0 349.0 112.0 30.0 -0.08 0.09 -0.04 -0.17 0.05 -0.03
102 208.0 346.0 113.0 28.0 -0.1 0.06 -0.03 -0.25 0.06 -0.09
103 188.0 339.0 105.0 32.0 -0.08 0.08 -0.03 -0.32 0.2 -0.37
104 159.0 327.0 109.0 31.0 -0.08 0.08 -0.02 -0.32 0.17 -0.27
105 134.0 304.0 127.0 31.0 -0.06 0.03 -0.02 -0.19 0.1 0.01
106 144.0 325.0 120.0 30.0 -0.08 0.03 -0.01 -0.17 0.13 0.2
107 154.0 322.0 118.0 28.0 -0.1 0.04 -0.0 -0.13 0.07 0.22
108 156.0 346.0 131.0 33.0 -0.12 0.07 0.01 -0.16 0.09 0.05
109 168.0 324.0 134.0 32.0 -0.1 0.13 0.05 -0.1 0.11 -0.41
110 159.0 347.0 143.0 32.0 -0.09 0.15 0.05 -0.14 0.09 -0.3
111 157.0 352.0 136.0 30.0 -0.07 0.09 0.02 -0.23 0.09 -0.05
112 147.0 364.0 128.0 30.0 -0.06 0.04 -0.02 -0.19 0.07 0.1
113 137.0 369.0 137.0 35.0 -0.07 0.04 -0.03 -0.18 0.09 0.14
114 166.0 364.0 153.0 32.0 -0.08 0.06 -0.03 -0.09 0.08 -0.04
115 160.0 359.0 149.0 37.0 -0.07 0.05 -0.03 -0.14 0.15 -0.11
116 143.0 352.0 144.0 35.0 -0.06 0.05 -0.02 -0.12 0.15 -0.06
117 171.0 335.0 128.0 33.0 -0.06 0.04 -0.01 -0.09 0.12 -0.05
118 179.0 324.0 121.0 31.0 -0.08 0.03 -0.01 -0.15 0.08 0.06
119 193.0 305.0 124.0 30.0 -0.08 0.03 -0.01 -0.01 0.09 -0.02
120 174.0 284.0 117.0 28.0 -0.08 0.13 -0.02 0.05 0.02 -0.03
121 141.0 273.0 114.0 28.0 -0.07 0.29 -0.05 0.18 0.04 -0.1
122 140.0 302.0 109.0 28.0 -0.07 0.39 -0.06 0.29 0.11 -0.21
123 120.0 298.0 108.0 27.0 -0.07 0.67 -0.09 0.35 0.22 -0.3
124 130.0 283.0 107.0 26.0 -0.1 1.08 -0.11 0.36 0.25 -0.26
125 111.0 283.0 97.0 26.0 -0.14 1.33 -0.12 0.37 0.24 -0.3
126 99.0 277.0 90.0 26.0 -0.26 1.79 -0.14 0.2 0.1 -0.44
127 92.0 265.0 85.0 26.0 -0.39 1.87 -0.15 0.01 -0.06 -0.75
128 77.0 255.0 79.0 27.0 -0.45 1.78 -0.16 -0.02 -0.07 -0.85
129 68.0 253.0 74.0 27.0 -0.56 1.61 -0.13 -0.15 0.0 -0.96
130 58.0 246.0 77.0 26.0 -0.71 1.78 -0.02 0.0 0.42 -0.83
131 50.0 245.0 86.0 26.0 -0.78 1.85 -0.06 -0.21 0.07 -1.13
132 52.0 239.0 80.0 25.0 -0.87 2.04 -0.01 0.76 -0.17 -0.53
133 68.0 238.0 74.0 25.0 -1.07 2.26 0.04 0.6 -0.05 -0.57
134 64.0 242.0 69.0 24.0 -1.22 2.2 0.06 0.56 0.22 -1.08
135 75.0 245.0 64.0 24.0 -1.32 1.77 0.02 -1.35 0.08 -1.93
136 67.0 246.0 62.0 24.0 -1.24 1.25 -0.09 -0.73 0.02 -1.53
137 55.0 247.0 61.0 24.0 -1.24 1.07 -0.12 -0.56 -0.22 -1.08
138 58.0 252.0 58.0 24.0 -1.21 0.92 -0.17 -0.14 -0.22 -0.65
139 55.0 263.0 58.0 24.0 -1.19 1.19 -0.21 0.17 -0.21 -0.64
140 51.0 277.0 57.0 24.0 -1.23 1.39 -0.2 -0.12 -0.18 -0.84
141 90.0 262.0 56.0 25.0 -1.27 1.58 -0.16 -1.23 -0.4 -1.8
142 90.0 252.0 55.0 25.0 -1.25 1.46 -0.09 -0.82 0.1 -1.16
143 80.0 241.0 57.0 24.0 -1.32 1.28 -0.12 -0.77 -0.11 -0.99
144 67.0 229.0 56.0 24.0 -1.24 0.58 -0.09 -0.4 -0.1 -0.2
145 57.0 220.0 56.0 24.0 -1.27 0.32 -0.1 -0.5 -0.25 0.07
146 47.0 211.0 54.0 24.0 -1.23 0.26 -0.09 -0.29 -0.11 0.11
147 41.0 204.0 55.0 23.0 -1.23 0.41 -0.12 0.26 0.19 0.04
148 36.0 199.0 54.0 23.0 -1.28 0.55 -0.06 0.72 0.3 -0.18
149 31.0 190.0 53.0 25.0 -1.29 0.6 -0.06 0.71 0.26 -0.22
150 36.0 182.0 54.0 24.0 -1.45 0.53 0.02 0.42 1.35 -1.59
151 32.0 173.0 58.0 24.0 -0.32 -2.86 0.09 -2.26 -3.02 3.13
152 29.0 159.0 56.0 24.0 -0.06 -3.26 -0.17 2.26 -1.39 6.39
153 27.0 148.0 54.0 23.0 0.48 -2.33 -0.05 -1.85 1.46 5.44
154 27.0 140.0 58.0 23.0 0.26 -1.01 0.02 1.8 0.43 -0.44
155 24.0 128.0 58.0 23.0 0.28 -0.72 -0.08 0.67 0.47 -0.97
156 23.0 119.0 57.0 23.0 0.16 -0.35 -0.16 0.86 0.27 -0.07
157 22.0 108.0 56.0 24.0 -0.01 -0.12 -0.16 0.86 -0.19 0.49
158 21.0 100.0 54.0 24.0 -0.03 -0.07 -0.15 0.95 -0.13 0.14
159 20.0 93.0 52.0 24.0 -0.08 -0.07 -0.03 0.58 -0.36 -0.2
160 19.0 87.0 54.0 23.0 -0.04 0.01 0.04 0.15 -0.19 -0.03
