1 28.0 144.0 52.0 24.0 -0.0 0.01 -0.01 -0.08 0.13 0.01
2 28.0 143.0 53.0 23.0 -0.01 0.0 -0.01 -0.05 0.13 -0.02
3 28.0 143.0 54.0 24.0 -0.01 0.0 -0.01 -0.04 0.1 0.0
4 31.0 143.0 54.0 23.0 -0.01 -0.0 -0.01 -0.05 0.12 0.0
5 29.0 143.0 54.0 23.0 -0.01 -0.01 -0.0 -0.02 0.12 0.0
6 27.0 141.0 54.0 23.0 -0.01 -0.01 -0.01 -0.01 0.12 0.02
7 25.0 140.0 54.0 23.0 -0.01 0.0 -0.01 -0.02 0.1 0.02
8 25.0 139.0 52.0 23.0 -0.01 0.0 -0.0 -0.05 0.09 0.0
9 24.0 139.0 53.0 23.0 -0.01 0.0 -0.01 -0.05 0.12 0.01
10 27.0 139.0 53.0 24.0 -0.0 -0.0 -0.01 -0.06 0.1 0.01
11 27.0 138.0 54.0 23.0 -0.0 -0.01 -0.01 -0.06 0.11 -0.02
12 26.0 137.0 53.0 23.0 -0.01 -0.01 -0.01 -0.02 0.15 0.03
13 28.0 133.0 52.0 23.0 -0.02 -0.02 -0.01 0.01 0.11 0.04
14 30.0 129.0 53.0 23.0 -0.03 -0.01 -0.01 0.01 0.09 0.0
15 50.0 128.0 53.0 23.0 -0.03 -0.01 -0.01 -0.02 0.05 0.01
16 46.0 126.0 54.0 23.0 -0.03 -0.01 0.0 -0.05 0.11 0.03
17 63.0 140.0 55.0 23.0 -0.06 -0.05 0.01 -0.07 0.14 0.01
18 63.0 177.0 55.0 24.0 -0.08 -0.08 0.01 -0.05 0.13 0.04
19 79.0 180.0 54.0 30.0 -0.08 -0.12 0.02 0.0 0.08 0.03
20 116.0 185.0 54.0 29.0 0.01 -0.18 0.02 0.0 0.07 0.06
21 120.0 194.0 56.0 47.0 0.04 -0.21 0.03 -0.04 0.09 0.03
22 118.0 193.0 58.0 43.0 0.11 -0.31 0.04 -0.26 -0.02 -0.03
23 107.0 206.0 59.0 38.0 0.2 -0.34 0.05 0.16 0.09 0.0
24 94.0 229.0 58.0 35.0 0.28 -0.34 0.05 0.28 0.11 0.04
25 95.0 243.0 57.0 38.0 0.43 -0.2 0.02 0.28 0.07 0.26
26 90.0 272.0 58.0 35.0 0.42 0.05 0.0 0.13 -0.02 0.0
27 93.0 307.0 56.0 33.0 0.45 0.12 -0.01 -0.05 -0.17 -0.08
28 86.0 335.0 64.0 30.0 0.57 0.21 -0.04 0.01 -0.18 0.13
29 86.0 317.0 68.0 29.0 0.47 0.22 0.0 0.23 -0.03 0.85
30 95.0 341.0 69.0 28.0 0.36 0.26 0.01 0.54 0.38 0.74
31 104.0 379.0 67.0 27.0 0.19 0.26 -0.02 0.04 0.06 1.22
32 90.0 362.0 65.0 27.0 0.18 0.21 -0.01 -0.68 -0.02 1.32
33 88.0 416.0 67.0 30.0 0.17 0.18 0.04 -1.84 0.24 1.1
34 79.0 434.0 79.0 29.0 0.28 -0.21 -0.05 -0.45 0.61 1.4
35 81.0 420.0 84.0 27.0 0.33 -0.64 -0.06 -0.38 0.3 1.32
36 92.0 439.0 78.0 29.0 0.36 -0.85 -0.06 -0.32 0.22 1.52
37 90.0 437.0 84.0 27.0 0.48 -1.15 -0.05 -0.3 0.19 0.74
38 77.0 460.0 90.0 27.0 0.69 -1.4 -0.11 -0.17 0.29 0.67
39 74.0 484.0 91.0 26.0 0.77 -1.4 -0.11 -0.14 0.28 0.66
40 78.0 471.0 94.0 25.0 1.09 -1.51 -0.18 1.09 0.8 1.13
41 70.0 490.0 92.0 26.0 0.98 -1.2 -0.05 -0.27 0.15 0.66
42 74.0 431.0 83.0 26.0 0.99 -1.09 -0.04 -0.08 0.33 0.45
43 81.0 455.0 79.0 25.0 0.99 -1.01 -0.03 -0.26 0.08 0.69
44 96.0 451.0 83.0 26.0 1.08 -0.96 -0.02 -0.13 0.21 0.24
45 137.0 454.0 82.0 30.0 1.11 -0.89 -0.0 -0.2 0.28 0.16
46 144.0 427.0 84.0 29.0 1.09 -0.76 0.04 -0.81 -0.09 0.04
47 147.0 408.0 92.0 39.0 1.12 -0.74 0.05 -1.17 0.03 0.24
48 177.0 375.0 92.0 36.0 1.15 -0.83 0.07 -1.03 0.11 0.41
49 166.0 368.0 92.0 33.0 1.23 -0.92 0.08 -0.76 0.08 -0.26
50 207.0 407.0 98.0 32.0 1.19 -0.85 0.15 -0.41 0.1 -0.39
51 194.0 404.0 108.0 35.0 1.19 -0.8 0.15 -0.47 0.02 -0.78
52 210.0 392.0 111.0 34.0 1.17 -0.74 0.18 -0.54 -0.19 -0.88
53 232.0 365.0 119.0 38.0 1.12 -0.66 0.19 -0.16 -0.36 -1.05
54 235.0 422.0 112.0 52.0 1.1 -0.65 0.18 -0.11 -0.36 -1.12
55 230.0 397.0 111.0 49.0 1.02 -0.61 0.17 -0.15 -0.58 -0.96
56 281.0 394.0 120.0 51.0 0.9 -0.55 0.16 -0.05 -0.28 -1.3
57 286.0 423.0 128.0 50.0 0.82 -0.49 0.15 -0.17 -0.4 -1.4
58 283.0 420.0 123.0 45.0 0.7 -0.46 0.14 -0.16 -0.27 -1.46
59 356.0 416.0 118.0 45.0 0.58 -0.44 0.15 -0.27 -0.31 -1.38
60 368.0 401.0 117.0 45.0 0.48 -0.4 0.17 -0.59 -0.27 -1.48
61 369.0 384.0 116.0 62.0 0.3 -0.29 0.19 -0.69 -0.21 -1.68
62 341.0 407.0 122.0 61.0 0.15 -0.19 0.2 -0.62 -0.26 -1.74
63 378.0 404.0 118.0 53.0 0.1 -0.14 0.19 -0.66 -0.34 -1.51
64 347.0 441.0 116.0 62.0 -0.0 -0.07 0.18 -0.65 -0.34 -0.81
65 345.0 421.0 110.0 58.0 -0.06 -0.04 0.15 -0.39 -0.36 -0.46
66 308.0 404.0 108.0 52.0 -0.08 -0.0 0.14 -0.24 -0.29 -0.4
67 320.0 384.0 111.0 47.0 -0.11 0.07 0.12 0.21 -0.21 -0.27
68 288.0 414.0 117.0 49.0 -0.13 0.04 0.07 0.35 -0.06 -0.4
69 300.0 413.0 114.0 62.0 -0.15 0.06 0.04 0.41 0.03 -0.33
70 279.0 384.0 112.0 61.0 -0.18 0.11 -0.01 0.54 0.21 -0.28
71 245.0 406.0 110.0 62.0 -0.2 0.15 -0.07 0.62 0.36 -0.47
72 212.0 393.0 109.0 57.0 -0.19 0.14 -0.08 0.53 0.38 -0.34
73 214.0 393.0 108.0 50.0 -0.19 0.12 -0.07 0.32 0.32 0.05
74 205.0 403.0 116.0 46.0 -0.21 0.07 -0.04 0.14 0.37 0.25
75 197.0 387.0 107.0 43.0 -0.23 0.06 -0.03 0.12 0.33 0.4
76 200.0 355.0 102.0 40.0 -0.26 0.05 -0.0 0.07 0.37 0.3
77 185.0 351.0 111.0 37.0 -0.22 0.02 -0.01 0.19 0.37 0.18
78 180.0 352.0 108.0 34.0 -0.2 0.01 -0.01 0.06 0.33 0.33
79 182.0 359.0 104.0 32.0 -0.15 -0.01 -0.02 0.05 0.22 0.54
80 186.0 416.0 104.0 33.0 -0.13 -0.01 -0.02 -0.05 0.19 0.51
81 212.0 385.0 102.0 33.0 -0.12 -0.02 -0.02 -0.17 0.17 0.33
82 210.0 359.0 96.0 31.0 -0.08 -0.05 -0.03 -0.14 0.11 -0.04
83 207.0 362.0 94.0 32.0 -0.05 -0.07 -0.01 -0.12 0.07 -0.02
84 210.0 325.0 100.0 36.0 -0.02 -0.06 -0.01 -0.16 0.08 -0.1
85 195.0 319.0 94.0 34.0 -0.02 -0.06 -0.01 -0.28 0.03 -0.01
86 207.0 303.0 91.0 33.0 -0.03 -0.03 -0.01 -0.34 0.11 -0.19
87 210.0 354.0 103.0 36.0 -0.03 -0.04 -0.01 -0.22 0.06 -0.19
88 192.0 384.0 108.0 34.0 -0.02 -0.05 -0.02 -0.1 0.09 -0.36
89 186.0 435.0 108.0 37.0 -0.0 -0.03 -0.02 -0.05 0.08 -0.31
90 192.0 405.0 118.0 36.0 0.05 0.0 -0.03 -0.02 0.04 -0.25
91 184.0 384.0 111.0 35.0 0.09 0.02 -0.03 -0.19 0.02 0.14
92 175.0 343.0 107.0 33.0 0.09 -0.01 -0.03 -0.44 0.15 0.25
93 169.0 377.0 99.0 31.0 0.08 -0.04 -0.03 -0.43 0.15 0.18
94 162.0 378.0 101.0 32.0 0.03 -0.02 -0.04 -0.36 0.17 0.22
95 184.0 383.0 106.0 32.0 0.01 -0.01 -0.03 -0.3 0.23 -0.23
96 189.0 350.0 102.0 30.0 -0.01 0.01 -0.03 -0.29 0.28 -0.58
97 179.0 386.0 98.0 30.0 -0.01 0.03 -0.01 -0.03 0.14 -0.1
98 158.0 367.0 105.0 29.0 -0.0 0.02 -0.0 -0.08 0.14 0.12
99 161.0 338.0 99.0 27.0 -0.01 -0.01 -0.0 -0.1 0.21 0.14
100 158.0 340.0 97.0 27.0 -0.04 0.04 -0.01 -0.01 0.28 0.02
101 166.0 339.0 93.0 26.0 -0.07 0.06 -0.02 0.0 0.28 -0.07
102 172.0 341.0 86.0 31.0 -0.11 0.06 -0.04 -0.02 0.21 -0.09
103 167.0 339.0 84.0 29.0 -0.13 0.07 -0.06 -0.04 0.16 -0.42
104 159.0 315.0 84.0 28.0 -0.14 0.08 -0.06 -0.07 0.07 -0.29
105 135.0 306.0 91.0 29.0 -0.12 0.08 -0.06 -0.01 0.02 -0.21
106 119.0 295.0 92.0 28.0 -0.11 0.05 -0.06 -0.13 0.0 0.13
107 144.0 294.0 86.0 27.0 -0.11 0.04 -0.05 -0.2 0.08 0.1
108 146.0 299.0 81.0 26.0 -0.11 0.04 -0.04 -0.17 0.1 0.08
109 162.0 272.0 80.0 26.0 -0.12 0.06 -0.03 -0.18 0.18 -0.04
110 184.0 305.0 79.0 26.0 -0.12 0.05 -0.03 -0.04 0.17 -0.14
111 153.0 293.0 75.0 26.0 -0.13 0.05 -0.02 -0.11 0.21 -0.11
112 149.0 283.0 73.0 25.0 -0.13 0.03 -0.02 -0.05 0.17 -0.01
113 151.0 299.0 70.0 25.0 -0.13 0.03 -0.02 0.0 0.12 -0.03
114 141.0 306.0 70.0 25.0 -0.13 0.01 -0.02 0.04 0.1 -0.01
115 126.0 290.0 73.0 25.0 -0.13 -0.06 -0.03 0.05 0.07 -0.13
116 128.0 288.0 75.0 25.0 -0.12 -0.1 -0.03 0.06 0.05 -0.23
117 117.0 278.0 71.0 27.0 -0.12 -0.1 -0.03 0.03 0.04 -0.21
118 104.0 289.0 69.0 26.0 -0.13 -0.05 -0.03 0.0 -0.01 -0.1
119 100.0 275.0 65.0 26.0 -0.14 -0.01 -0.03 -0.03 -0.03 -0.21
120 104.0 277.0 62.0 25.0 -0.15 0.06 -0.02 -0.11 -0.06 -0.24
121 106.0 252.0 61.0 26.0 -0.16 0.09 -0.02 -0.1 -0.04 -0.12
122 94.0 272.0 59.0 26.0 -0.18 0.09 -0.01 -0.12 -0.07 -0.4
123 80.0 243.0 58.0 26.0 -0.2 0.19 -0.01 -0.1 0.0 -0.5
124 86.0 241.0 55.0 25.0 -0.24 0.43 0.01 -0.09 0.0 -0.69
125 89.0 255.0 55.0 25.0 -0.27 0.57 0.03 -0.05 0.04 -0.69
126 79.0 248.0 53.0 24.0 -0.35 0.87 0.07 -0.04 -0.03 -0.58
127 71.0 241.0 53.0 24.0 -0.42 1.13 0.09 -0.1 0.07 -0.65
128 66.0 285.0 53.0 25.0 -0.51 1.24 0.11 0.09 -0.05 -0.54
129 62.0 315.0 52.0 25.0 -0.58 1.49 0.13 -0.33 -0.18 -0.97
130 65.0 321.0 53.0 25.0 -0.48 1.51 0.11 -0.44 0.06 -1.29
131 69.0 300.0 52.0 24.0 -0.49 1.55 0.15 -0.51 -0.19 -0.91
132 74.0 271.0 51.0 24.0 -0.5 1.54 0.14 -0.63 -0.2 -0.73
133 80.0 262.0 52.0 24.0 -0.5 1.24 0.09 -0.62 -0.14 -0.42
134 137.0 253.0 52.0 24.0 -0.5 1.09 0.04 -0.45 0.0 -0.17
135 117.0 235.0 53.0 24.0 -0.54 0.98 0.06 -0.43 0.01 -0.15
136 105.0 229.0 52.0 23.0 -0.65 1.17 0.07 -0.56 0.2 -0.24
137 122.0 219.0 52.0 24.0 -0.76 1.26 0.08 -0.01 0.25 0.01
138 116.0 212.0 52.0 24.0 -1.07 1.39 0.12 0.12 0.3 0.23
139 105.0 200.0 52.0 24.0 -1.27 1.38 0.1 0.07 0.17 0.45
140 89.0 197.0 51.0 24.0 -1.34 1.31 0.09 0.26 0.43 0.0
141 73.0 198.0 50.0 24.0 -1.32 1.01 -0.01 0.37 0.56 -0.11
142 67.0 198.0 50.0 24.0 -1.28 0.83 -0.15 0.11 0.32 -0.54
143 63.0 183.0 50.0 25.0 -1.24 0.83 -0.17 0.05 0.27 -1.14
144 69.0 191.0 51.0 26.0 -1.31 1.08 -0.2 0.13 0.23 -1.13
145 62.0 199.0 53.0 28.0 -1.4 1.05 -0.23 -1.44 -0.06 -1.21
146 55.0 214.0 53.0 27.0 -1.47 0.57 -0.26 -1.83 -0.24 -1.38
147 49.0 201.0 52.0 26.0 -1.37 -1.37 -0.43 -1.9 -0.23 -1.25
148 43.0 191.0 51.0 25.0 -1.17 -3.17 -0.54 -0.7 -0.71 -1.34
149 37.0 182.0 49.0 25.0 -0.98 -3.5 -0.41 0.52 0.19 -1.15
150 36.0 172.0 49.0 24.0 -1.09 -2.59 -0.27 1.14 0.19 -1.53
151 32.0 165.0 49.0 24.0 -1.31 -1.09 -0.03 1.13 -0.06 -1.49
152 35.0 155.0 54.0 25.0 -1.31 -0.4 -0.05 7.09 -2.38 13.62
153 30.0 145.0 55.0 24.0 -0.21 2.69 0.45 4.01 -2.66 13.22
154 39.0 138.0 54.0 24.0 0.19 1.29 -0.28 -3.03 0.68 -0.85
155 38.0 130.0 53.0 24.0 0.21 0.64 -0.37 -1.92 2.13 -1.91
156 33.0 124.0 51.0 24.0 0.11 0.38 -0.13 -2.56 0.28 -1.76
157 50.0 118.0 48.0 23.0 -0.04 0.38 -0.13 -0.98 -0.09 1.08
158 43.0 111.0 47.0 23.0 0.03 0.16 -0.14 0.54 0.05 0.66
159 36.0 106.0 50.0 23.0 0.03 -0.03 -0.04 0.75 0.07 -0.34
160 32.0 103.0 50.0 23.0 0.1 0.26 -0.01 0.41 0.14 -0.25
161 29.0 97.0 50.0 23.0 0.11 0.44 -0.04 0.28 0.06 0.05
162 36.0 92.0 49.0 23.0 -0.02 0.49 -0.05 0.2 0.03 0.01
163 36.0 90.0 49.0 23.0 -0.1 0.31 0.0 -0.2 -0.11 0.03
164 46.0 90.0 49.0 23.0 -0.08 0.23 0.03 -0.49 -0.05 -0.05
165 42.0 88.0 50.0 23.0 -0.02 0.15 0.02 -0.35 0.01 -0.08
166 36.0 85.0 50.0 23.0 0.02 0.16 -0.02 -0.25 0.07 0.0
167 34.0 82.0 49.0 24.0 0.05 0.18 -0.02 -0.16 0.53 0.11
168 30.0 77.0 48.0 23.0 0.03 0.11 -0.04 -0.3 0.39 0.06
169 39.0 76.0 48.0 23.0 0.01 -0.0 -0.03 -0.32 0.25 0.12
170 37.0 78.0 49.0 23.0 0.01 -0.05 -0.03 -0.01 0.16 0.05
