1 26.0 73.0 79.0 23.0 -0.05 -0.2 0.03 -0.05 0.15 -0.2
2 24.0 72.0 75.0 23.0 -0.05 -0.16 0.03 0.04 0.18 -0.16
3 28.0 73.0 77.0 24.0 -0.05 -0.11 0.02 0.04 0.12 -0.15
4 25.0 74.0 75.0 23.0 -0.04 -0.05 0.01 0.0 0.11 -0.19
5 24.0 73.0 78.0 24.0 -0.03 -0.01 0.0 -0.07 0.09 -0.2
6 27.0 72.0 74.0 23.0 -0.02 -0.0 0.01 -0.04 0.11 -0.17
7 26.0 73.0 77.0 23.0 -0.02 0.03 0.0 -0.02 0.1 -0.15
8 24.0 72.0 75.0 23.0 -0.01 0.07 -0.01 -0.03 0.13 -0.15
9 28.0 74.0 78.0 23.0 -0.01 0.09 -0.01 -0.06 0.15 -0.16
10 26.0 76.0 75.0 24.0 -0.01 0.08 -0.01 -0.03 0.16 -0.15
11 24.0 77.0 71.0 23.0 -0.03 0.04 -0.0 -0.09 0.16 -0.16
12 27.0 79.0 69.0 23.0 -0.03 0.02 -0.0 -0.1 0.15 -0.17
13 27.0 81.0 72.0 23.0 -0.03 -0.0 0.0 -0.13 0.1 -0.23
14 25.0 81.0 71.0 24.0 -0.03 -0.01 0.0 -0.05 0.14 -0.19
15 27.0 82.0 70.0 24.0 -0.02 -0.01 -0.01 -0.01 0.12 -0.16
16 26.0 83.0 69.0 23.0 -0.02 -0.0 -0.0 -0.04 0.11 -0.19
17 30.0 84.0 69.0 24.0 -0.02 -0.01 -0.0 -0.1 0.15 -0.21
18 27.0 83.0 66.0 23.0 -0.01 -0.01 0.0 -0.07 0.15 -0.21
19 26.0 89.0 74.0 23.0 -0.01 -0.0 0.0 -0.03 0.17 -0.17
20 40.0 122.0 69.0 23.0 -0.01 0.0 0.0 -0.01 0.14 -0.16
21 47.0 150.0 68.0 23.0 -0.01 0.01 0.0 -0.02 0.14 -0.21
22 63.0 154.0 70.0 23.0 -0.01 -0.01 0.0 -0.05 0.08 -0.21
23 67.0 170.0 73.0 23.0 0.1 -0.03 -0.03 -0.18 0.08 -0.24
24 56.0 157.0 75.0 23.0 0.13 -0.05 -0.03 -0.23 0.16 -0.21
25 50.0 163.0 82.0 23.0 0.15 -0.12 -0.03 -0.1 0.19 -0.19
26 44.0 162.0 75.0 23.0 0.14 -0.15 -0.0 0.12 0.21 -0.07
27 44.0 164.0 71.0 23.0 0.11 -0.14 0.0 0.19 0.08 -0.12
28 69.0 174.0 66.0 23.0 0.05 -0.1 0.02 0.18 0.03 -0.22
29 69.0 186.0 63.0 23.0 0.05 -0.09 0.04 0.03 0.01 -0.17
30 69.0 206.0 60.0 26.0 0.04 -0.09 0.05 0.0 0.03 -0.24
31 91.0 237.0 58.0 46.0 -0.02 -0.06 0.07 -0.08 0.08 -0.14
32 88.0 275.0 56.0 44.0 0.02 -0.04 0.05 0.22 0.18 -0.08
33 82.0 280.0 54.0 40.0 0.07 -0.03 0.03 0.35 0.09 -0.21
34 78.0 308.0 63.0 37.0 0.1 0.09 0.02 0.61 0.2 -0.13
35 74.0 313.0 65.0 35.0 0.14 0.09 0.04 -0.01 0.22 -0.14
36 82.0 308.0 63.0 31.0 0.15 0.02 0.05 -0.44 0.18 -0.09
37 106.0 295.0 60.0 31.0 0.18 -0.01 0.05 -0.36 0.16 -0.08
38 97.0 284.0 62.0 30.0 -0.03 0.31 0.05 0.05 0.15 -0.16
39 86.0 303.0 60.0 51.0 -0.04 0.36 0.03 0.12 0.08 -0.02
40 78.0 310.0 62.0 78.0 -0.07 0.57 0.01 -0.03 0.09 -0.13
41 79.0 297.0 67.0 68.0 -0.02 0.53 0.01 -0.17 0.16 0.15
42 94.0 337.0 67.0 76.0 0.01 0.53 0.01 -1.04 -0.1 1.12
43 90.0 337.0 67.0 70.0 0.19 0.45 0.04 -0.71 0.78 1.49
44 85.0 359.0 66.0 61.0 0.28 0.13 -0.03 -0.63 0.04 2.52
45 95.0 359.0 71.0 53.0 0.31 -0.15 -0.04 -0.29 0.79 3.02
46 89.0 403.0 77.0 47.0 0.71 -0.6 -0.14 -0.65 -0.38 2.37
47 85.0 442.0 77.0 42.0 1.0 -0.88 -0.17 -1.17 -0.12 2.04
48 102.0 430.0 82.0 38.0 1.32 -1.22 -0.33 1.43 1.03 2.53
49 130.0 468.0 89.0 35.0 1.46 -1.3 -0.31 0.03 0.5 1.35
50 115.0 426.0 89.0 43.0 1.44 -1.29 -0.29 -0.27 0.34 1.32
51 110.0 403.0 91.0 42.0 1.48 -1.29 -0.29 -0.26 0.16 0.73
52 118.0 437.0 90.0 42.0 1.47 -1.24 -0.25 -0.18 0.14 0.57
53 126.0 444.0 97.0 39.0 1.43 -1.25 -0.22 -0.5 -0.03 -0.22
54 129.0 398.0 94.0 39.0 1.42 -1.34 -0.19 -0.74 -0.1 -0.82
55 118.0 449.0 93.0 38.0 1.38 -1.39 -0.11 -0.73 -0.3 -1.03
56 159.0 464.0 99.0 42.0 1.31 -1.28 0.01 -0.5 -0.4 -1.55
57 161.0 493.0 110.0 48.0 1.24 -1.19 0.07 -0.82 -0.54 -1.95
58 177.0 480.0 115.0 47.0 1.13 -1.08 0.17 -0.58 -0.45 -2.42
59 213.0 445.0 105.0 44.0 0.99 -1.01 0.26 -0.74 -0.65 -2.44
60 213.0 461.0 109.0 44.0 0.93 -1.02 0.28 -0.74 -0.57 -2.43
61 244.0 414.0 112.0 43.0 0.74 -1.0 0.36 -0.7 -0.61 -2.44
62 257.0 389.0 112.0 47.0 0.53 -0.86 0.39 -0.85 -0.57 -2.53
63 274.0 375.0 128.0 46.0 0.4 -0.8 0.4 -0.66 -0.46 -2.12
64 252.0 381.0 131.0 44.0 0.21 -0.7 0.41 -0.7 -0.45 -1.88
65 252.0 399.0 127.0 53.0 0.06 -0.64 0.37 -0.32 -0.23 -1.57
66 241.0 451.0 126.0 49.0 0.01 -0.61 0.34 -0.3 -0.06 -1.55
67 241.0 419.0 124.0 53.0 -0.09 -0.51 0.31 -0.11 0.0 -1.7
68 233.0 419.0 123.0 47.0 -0.18 -0.41 0.3 0.06 -0.02 -1.31
69 225.0 428.0 126.0 47.0 -0.21 -0.39 0.3 -0.17 -0.02 -0.54
70 214.0 405.0 124.0 47.0 -0.23 -0.39 0.27 -0.05 0.03 -0.49
71 220.0 380.0 123.0 49.0 -0.25 -0.36 0.24 0.0 0.07 -0.29
72 204.0 356.0 117.0 46.0 -0.25 -0.34 0.21 0.1 0.15 -0.14
73 201.0 323.0 113.0 42.0 -0.21 -0.27 0.15 0.34 0.27 -0.2
74 198.0 327.0 119.0 39.0 -0.19 -0.18 0.1 0.3 0.29 0.26
75 206.0 301.0 124.0 38.0 -0.18 -0.14 0.07 0.34 0.3 0.58
76 179.0 292.0 114.0 43.0 -0.21 -0.02 0.0 0.22 0.3 0.67
77 172.0 319.0 114.0 41.0 -0.18 0.02 -0.06 0.02 0.43 0.04
78 187.0 303.0 116.0 39.0 -0.13 0.07 -0.08 0.21 0.52 -0.32
79 175.0 291.0 121.0 37.0 -0.07 0.15 -0.1 0.23 0.35 -0.38
80 158.0 287.0 124.0 34.0 0.0 0.13 -0.1 -0.17 0.24 0.08
81 172.0 296.0 115.0 33.0 0.03 0.11 -0.09 -0.32 0.26 0.3
82 179.0 306.0 110.0 35.0 0.02 0.09 -0.08 -0.21 0.27 0.12
83 166.0 317.0 109.0 42.0 0.04 0.09 -0.06 -0.24 0.36 -0.34
84 162.0 310.0 105.0 38.0 0.04 0.09 -0.04 -0.15 0.27 -0.54
85 167.0 311.0 107.0 38.0 0.04 0.08 -0.01 -0.2 0.21 -0.53
86 155.0 313.0 109.0 35.0 0.04 0.02 -0.01 -0.29 0.14 -0.25
87 162.0 313.0 109.0 33.0 0.05 0.02 -0.01 -0.24 0.17 -0.29
88 163.0 307.0 107.0 31.0 0.04 0.05 -0.01 -0.21 0.12 -0.34
89 147.0 328.0 104.0 37.0 0.03 0.06 -0.02 -0.22 0.14 -0.2
90 143.0 299.0 97.0 36.0 0.02 0.06 -0.03 -0.21 0.14 -0.23
91 171.0 322.0 101.0 38.0 0.01 0.1 -0.02 -0.21 0.07 -0.48
92 172.0 337.0 99.0 42.0 0.01 0.09 -0.02 -0.3 0.02 -0.48
93 159.0 332.0 102.0 39.0 0.03 0.07 -0.02 -0.35 -0.01 -0.46
94 152.0 310.0 100.0 36.0 0.04 0.03 -0.0 -0.29 -0.05 -0.45
95 168.0 318.0 97.0 36.0 0.04 0.01 0.0 -0.23 -0.02 -0.34
96 143.0 340.0 95.0 35.0 0.04 0.01 0.0 -0.16 0.0 -0.4
97 143.0 376.0 87.0 37.0 0.03 0.02 0.0 -0.15 0.09 -0.4
98 160.0 390.0 86.0 36.0 0.01 0.03 -0.01 0.03 0.11 -0.49
99 159.0 360.0 90.0 34.0 0.01 0.04 -0.01 0.02 0.19 -0.52
100 145.0 345.0 102.0 31.0 0.02 0.03 -0.03 0.02 0.1 -0.4
101 144.0 355.0 99.0 34.0 0.01 -0.0 -0.04 0.05 0.14 -0.18
102 140.0 338.0 91.0 32.0 0.01 -0.01 -0.06 0.01 0.15 -0.05
103 142.0 339.0 86.0 30.0 0.01 -0.01 -0.07 -0.02 0.18 -0.11
104 141.0 343.0 84.0 30.0 -0.0 0.02 -0.07 -0.05 0.14 -0.21
105 126.0 339.0 81.0 30.0 -0.02 0.04 -0.07 -0.15 0.13 -0.22
106 139.0 338.0 85.0 29.0 -0.02 0.03 -0.05 -0.1 0.18 -0.35
107 122.0 331.0 88.0 28.0 -0.02 0.01 -0.04 -0.2 0.13 -0.33
108 121.0 295.0 81.0 27.0 -0.03 -0.0 -0.04 -0.18 0.14 -0.28
109 118.0 320.0 92.0 26.0 -0.03 -0.02 -0.04 -0.14 0.07 -0.33
110 110.0 343.0 96.0 26.0 -0.02 -0.03 -0.04 -0.15 0.1 -0.33
111 101.0 331.0 97.0 25.0 -0.02 -0.01 -0.04 -0.15 0.11 -0.26
112 112.0 330.0 93.0 25.0 -0.01 0.02 -0.06 -0.22 0.15 -0.31
113 107.0 316.0 87.0 24.0 -0.01 0.01 -0.07 -0.21 0.14 -0.23
114 107.0 350.0 83.0 25.0 -0.01 -0.01 -0.07 -0.2 0.12 -0.26
115 112.0 339.0 87.0 25.0 0.0 -0.01 -0.05 -0.19 0.13 -0.24
116 103.0 309.0 86.0 25.0 0.0 -0.0 -0.05 -0.18 0.1 -0.25
117 98.0 322.0 90.0 25.0 0.01 -0.01 -0.05 -0.16 0.12 -0.26
118 117.0 331.0 88.0 24.0 0.02 -0.02 -0.05 -0.09 0.14 -0.26
119 108.0 324.0 93.0 25.0 0.02 -0.01 -0.05 -0.05 0.11 -0.2
120 106.0 318.0 90.0 25.0 0.01 -0.01 -0.05 -0.1 0.08 -0.21
121 96.0 313.0 85.0 24.0 0.01 -0.01 -0.04 -0.07 0.16 -0.19
122 127.0 351.0 82.0 25.0 0.0 0.0 -0.03 -0.09 0.18 -0.28
123 126.0 331.0 87.0 25.0 -0.01 0.02 -0.02 -0.11 0.16 -0.32
124 115.0 314.0 82.0 24.0 -0.01 0.03 -0.02 -0.26 0.07 -0.4
125 111.0 316.0 82.0 24.0 0.0 0.01 -0.02 -0.18 0.05 -0.32
126 117.0 318.0 83.0 25.0 0.01 0.02 -0.02 -0.2 0.06 -0.29
127 117.0 312.0 82.0 25.0 0.0 0.05 -0.01 -0.2 0.07 -0.34
128 113.0 296.0 76.0 25.0 -0.01 0.05 -0.0 -0.1 0.01 -0.42
129 108.0 285.0 72.0 25.0 -0.0 0.04 0.0 -0.07 0.0 -0.44
130 93.0 282.0 67.0 25.0 -0.01 0.05 0.0 -0.06 0.01 -0.55
131 79.0 263.0 65.0 24.0 -0.03 0.09 -0.0 -0.13 -0.03 -0.66
132 73.0 253.0 64.0 24.0 -0.04 0.1 -0.01 -0.22 -0.06 -0.67
133 64.0 252.0 63.0 25.0 -0.08 0.15 -0.02 -0.25 -0.08 -0.77
134 56.0 237.0 66.0 24.0 -0.12 0.2 -0.03 -0.2 -0.15 -0.64
135 53.0 273.0 65.0 24.0 -0.15 0.24 -0.03 -0.28 -0.16 -0.61
136 55.0 259.0 63.0 37.0 -0.2 0.3 -0.02 -0.27 -0.19 -0.83
137 60.0 260.0 61.0 40.0 -0.25 0.4 0.03 0.02 -0.23 -1.05
138 54.0 242.0 59.0 37.0 -0.29 0.5 0.08 0.06 -0.26 -1.24
139 52.0 226.0 57.0 33.0 -0.31 0.67 0.14 -0.63 -0.23 -1.36
140 45.0 243.0 57.0 32.0 -0.4 0.83 0.18 -0.45 -0.25 -0.82
141 39.0 217.0 56.0 30.0 -0.45 0.9 0.19 -0.34 -0.32 -0.65
142 45.0 252.0 55.0 35.0 -0.57 1.0 0.19 -0.29 -0.13 -0.58
143 70.0 281.0 54.0 33.0 -0.72 1.13 0.24 0.45 0.0 -0.93
144 68.0 280.0 53.0 31.0 -0.77 1.28 0.28 0.39 0.04 -1.29
145 83.0 348.0 52.0 29.0 -0.86 1.47 0.29 -0.35 0.14 -1.5
146 94.0 326.0 53.0 28.0 -0.91 1.44 0.31 -0.13 -0.08 -1.54
147 90.0 295.0 51.0 27.0 -0.87 1.5 0.29 0.41 0.15 -1.17
148 113.0 266.0 51.0 26.0 -0.98 1.44 0.27 0.24 0.0 -0.43
149 126.0 242.0 50.0 26.0 -1.12 1.29 0.19 0.24 0.39 -0.42
150 114.0 236.0 54.0 34.0 -1.2 1.2 0.14 0.03 0.48 -0.17
151 100.0 215.0 54.0 31.0 -1.3 1.0 0.03 0.14 0.32 0.19
152 97.0 199.0 53.0 30.0 -1.24 0.93 -0.09 0.93 0.32 0.83
153 100.0 191.0 54.0 28.0 -1.17 1.07 -0.18 1.47 0.6 0.81
154 82.0 184.0 54.0 27.0 -1.02 1.62 -0.32 1.18 0.65 0.27
155 80.0 191.0 56.0 26.0 -1.0 2.06 -0.4 -0.36 0.07 -1.15
156 80.0 187.0 56.0 25.0 -0.97 2.09 -0.41 -0.54 -0.13 -1.06
157 70.0 178.0 60.0 28.0 -0.88 1.77 -0.29 -0.85 -0.12 2.11
158 59.0 169.0 59.0 27.0 -0.69 1.32 -0.45 0.5 -0.69 0.35
159 49.0 161.0 59.0 26.0 -0.61 1.28 -0.47 -0.42 0.11 0.71
160 51.0 151.0 60.0 25.0 -0.53 0.59 -0.65 -8.22 -4.82 7.82
161 48.0 143.0 62.0 26.0 0.21 -0.57 -0.33 1.04 0.83 0.64
162 41.0 138.0 65.0 25.0 -0.27 -0.69 -0.16 0.45 1.24 -1.78
163 35.0 129.0 77.0 25.0 -0.15 -1.13 -0.09 -0.25 -0.46 -0.7
164 31.0 119.0 73.0 25.0 0.05 -0.84 -0.05 1.66 0.57 1.36
165 32.0 109.0 70.0 24.0 -0.02 -0.58 -0.01 2.05 0.65 1.1
166 33.0 100.0 71.0 24.0 -0.19 -0.16 -0.03 1.33 0.13 0.18
167 31.0 94.0 71.0 24.0 -0.21 0.09 -0.04 0.82 -0.37 -0.02
168 33.0 89.0 70.0 24.0 -0.11 0.23 -0.08 0.45 -0.27 -0.17
169 29.0 87.0 70.0 23.0 0.04 0.43 -0.13 -0.31 -0.38 -0.23
170 26.0 87.0 69.0 24.0 0.03 0.43 -0.1 -0.56 -0.28 -0.11
171 24.0 87.0 67.0 23.0 0.05 0.29 -0.05 -0.47 0.0 -0.11
172 24.0 86.0 66.0 23.0 0.08 -0.03 0.01 -0.12 0.01 0.0
173 28.0 87.0 65.0 23.0 0.05 -0.11 0.05 0.37 0.12 0.08
174 26.0 87.0 64.0 23.0 0.04 -0.07 0.06 0.37 0.09 0.05
175 26.0 89.0 63.0 23.0 0.04 0.06 0.04 0.07 0.18 0.03
176 24.0 92.0 63.0 23.0 0.06 0.11 -0.0 -0.23 0.25 0.05
177 22.0 96.0 62.0 23.0 0.06 0.09 -0.01 -0.32 0.27 0.04
178 22.0 99.0 61.0 23.0 0.05 -0.02 -0.0 -0.17 0.21 0.07
179 21.0 102.0 62.0 23.0 0.05 -0.07 -0.01 0.0 0.2 0.04
180 20.0 105.0 60.0 24.0 0.05 -0.07 -0.02 0.12 0.21 0.05
