1 46.0 74.0 62.0 24.0 -0.0 0.03 -0.0 -0.02 0.04 0.01
2 46.0 75.0 59.0 24.0 -0.0 0.02 -0.0 -0.09 0.03 0.01
3 45.0 77.0 62.0 24.0 -0.01 0.02 -0.01 -0.09 0.04 0.0
4 43.0 75.0 67.0 24.0 -0.01 -0.0 -0.01 0.0 0.06 0.01
5 37.0 75.0 65.0 24.0 -0.01 -0.01 -0.01 0.01 0.02 -0.01
6 83.0 76.0 62.0 24.0 -0.0 -0.0 -0.01 0.02 -0.02 -0.03
7 121.0 77.0 60.0 24.0 0.01 0.02 -0.02 -0.06 -0.02 -0.04
8 106.0 76.0 70.0 24.0 0.02 0.02 -0.02 0.07 0.08 0.04
9 90.0 75.0 75.0 25.0 0.01 0.02 -0.02 0.01 0.09 0.03
10 76.0 74.0 71.0 24.0 0.01 0.04 -0.03 -0.08 0.11 0.0
11 71.0 75.0 66.0 24.0 0.0 0.03 -0.03 -0.13 0.07 0.0
12 63.0 73.0 67.0 24.0 -0.01 0.0 -0.04 -0.14 0.04 -0.01
13 56.0 73.0 65.0 24.0 -0.01 -0.02 -0.03 0.05 -0.05 -0.01
14 48.0 71.0 69.0 25.0 -0.02 -0.03 -0.02 0.12 -0.05 -0.02
15 41.0 70.0 64.0 24.0 -0.02 -0.0 -0.01 0.02 -0.07 -0.03
16 36.0 70.0 61.0 24.0 -0.01 0.01 -0.01 -0.01 -0.07 -0.04
17 60.0 70.0 60.0 24.0 -0.0 0.01 -0.0 -0.14 -0.02 -0.03
18 57.0 71.0 62.0 24.0 0.01 0.01 -0.0 -0.08 0.04 -0.01
19 52.0 70.0 62.0 25.0 0.01 -0.02 0.0 0.01 0.07 0.0
20 43.0 69.0 71.0 24.0 0.02 -0.02 0.0 0.06 0.1 0.02
21 39.0 69.0 67.0 24.0 0.01 -0.01 -0.0 0.04 0.09 0.03
22 35.0 69.0 65.0 25.0 0.0 0.01 -0.01 0.0 0.09 0.0
23 31.0 68.0 66.0 24.0 -0.0 0.02 -0.02 -0.06 0.04 -0.01
24 31.0 69.0 64.0 25.0 -0.01 0.01 -0.02 -0.06 0.04 -0.01
25 33.0 70.0 67.0 25.0 -0.01 -0.0 -0.01 -0.03 -0.01 -0.01
26 30.0 71.0 65.0 25.0 -0.02 -0.01 -0.01 0.06 -0.02 -0.01
27 31.0 72.0 71.0 25.0 -0.01 -0.02 0.01 0.09 -0.03 -0.01
28 28.0 72.0 72.0 24.0 -0.02 -0.01 0.01 0.09 0.0 0.0
29 25.0 72.0 70.0 25.0 -0.02 0.0 0.01 -0.05 0.02 0.0
30 23.0 71.0 71.0 23.0 -0.01 0.02 0.01 -0.1 0.04 -0.01
31 22.0 71.0 67.0 25.0 0.01 0.01 -0.0 -0.16 0.06 0.0
32 23.0 72.0 71.0 24.0 0.01 0.01 -0.01 -0.13 0.04 -0.02
33 54.0 72.0 72.0 25.0 0.02 -0.02 -0.02 -0.04 0.06 0.0
34 49.0 73.0 69.0 25.0 0.03 -0.03 -0.03 0.04 0.07 0.0
35 45.0 72.0 70.0 25.0 0.03 -0.03 -0.03 0.12 0.08 0.02
36 38.0 71.0 67.0 25.0 0.02 -0.02 -0.03 0.04 0.05 0.01
37 30.0 70.0 62.0 25.0 0.01 -0.01 -0.03 -0.01 0.05 -0.01
38 30.0 70.0 66.0 24.0 0.0 -0.01 -0.03 0.01 0.05 0.01
39 31.0 72.0 64.0 25.0 -0.01 -0.03 -0.02 0.03 0.01 0.0
40 31.0 73.0 69.0 24.0 -0.02 -0.03 -0.01 0.25 0.01 0.03
41 70.0 87.0 67.0 25.0 -0.03 -0.01 -0.01 0.24 0.02 0.01
42 73.0 144.0 63.0 28.0 -0.02 0.04 -0.01 -0.09 0.05 -0.03
43 85.0 181.0 61.0 30.0 -0.02 0.04 -0.03 -0.71 0.03 -0.1
44 85.0 165.0 58.0 37.0 -0.03 -0.01 -0.05 -0.63 0.01 -0.09
45 79.0 179.0 57.0 45.0 0.06 -0.22 -0.08 -0.16 0.06 -0.07
46 83.0 203.0 57.0 42.0 0.09 -0.41 -0.05 0.73 0.09 0.1
47 123.0 230.0 58.0 43.0 0.08 -0.38 -0.01 0.84 0.02 0.15
48 154.0 265.0 60.0 76.0 0.02 -0.29 0.08 -0.1 -0.26 -0.03
49 171.0 257.0 61.0 66.0 0.08 -0.57 0.17 0.21 0.02 0.06
50 173.0 266.0 63.0 81.0 0.07 -0.86 0.2 0.57 -0.19 0.21
51 150.0 249.0 65.0 69.0 0.09 -1.1 0.21 0.39 -0.29 0.43
52 154.0 277.0 65.0 60.0 0.31 -0.81 0.15 0.07 -0.27 1.16
53 136.0 298.0 69.0 51.0 0.35 -0.67 0.14 0.2 -0.08 1.37
54 154.0 343.0 76.0 45.0 0.21 -0.43 0.18 -0.06 0.53 1.86
55 177.0 331.0 78.0 41.0 0.08 -0.42 0.13 -0.28 -0.15 2.89
56 165.0 355.0 83.0 37.0 0.36 -1.28 -0.01 -10.38 -7.59 2.24
57 156.0 348.0 86.0 35.0 1.58 -3.02 -0.29 -0.28 -0.59 2.53
58 162.0 344.0 85.0 33.0 1.46 -2.14 -0.22 1.57 1.13 2.81
59 169.0 364.0 79.0 32.0 1.42 -1.57 -0.27 0.89 0.92 3.28
60 144.0 349.0 80.0 32.0 1.46 -1.12 -0.38 0.35 0.33 3.22
61 138.0 326.0 82.0 30.0 1.68 -1.59 -0.46 0.54 0.55 1.73
62 169.0 310.0 84.0 30.0 1.8 -1.84 -0.48 0.71 0.63 1.19
63 153.0 304.0 84.0 30.0 1.84 -1.82 -0.44 0.27 0.39 0.78
64 160.0 312.0 93.0 32.0 1.74 -1.73 -0.42 -0.12 0.0 0.78
65 143.0 287.0 95.0 30.0 1.73 -1.78 -0.43 -0.2 -0.12 0.51
66 162.0 265.0 94.0 40.0 1.74 -1.87 -0.42 0.1 0.01 -0.34
67 199.0 274.0 93.0 40.0 1.64 -1.66 -0.35 0.08 -0.15 -0.56
68 190.0 300.0 109.0 41.0 1.57 -1.47 -0.32 0.05 -0.15 -0.82
69 177.0 312.0 122.0 42.0 1.45 -1.19 -0.26 -0.37 -0.44 -0.86
70 162.0 281.0 119.0 38.0 1.36 -1.16 -0.22 -0.38 -0.29 -1.19
71 224.0 254.0 112.0 44.0 1.3 -1.09 -0.21 -0.49 -0.39 -1.05
72 292.0 243.0 108.0 46.0 1.15 -0.91 -0.21 -0.73 -0.56 -0.95
73 276.0 228.0 107.0 56.0 0.96 -0.81 -0.19 -0.78 -0.51 -1.58
74 252.0 231.0 98.0 66.0 0.87 -0.81 -0.2 -0.89 -0.5 -1.56
75 236.0 232.0 105.0 69.0 0.71 -0.74 -0.17 -1.01 -0.39 -1.85
76 247.0 255.0 104.0 64.0 0.56 -0.62 -0.11 -1.6 -0.3 -1.38
77 231.0 280.0 117.0 58.0 0.5 -0.57 -0.06 -1.48 -0.16 -1.28
78 245.0 270.0 112.0 57.0 0.39 -0.55 0.06 -1.33 -0.38 -1.34
79 218.0 278.0 108.0 61.0 0.34 -0.52 0.11 -0.85 -0.46 -0.78
80 246.0 289.0 115.0 61.0 0.32 -0.43 0.12 -0.72 -0.39 -0.62
81 258.0 299.0 111.0 55.0 0.31 -0.33 0.09 -0.64 -0.41 -0.54
82 250.0 290.0 107.0 67.0 0.31 -0.33 0.05 -0.42 -0.33 -0.6
83 246.0 284.0 107.0 66.0 0.32 -0.32 0.03 -0.46 -0.31 -0.54
84 314.0 336.0 109.0 64.0 0.33 -0.23 0.01 -0.46 -0.3 -0.59
85 299.0 351.0 119.0 73.0 0.35 -0.31 -0.04 -0.08 -0.21 -0.17
86 281.0 327.0 135.0 64.0 0.38 -0.32 -0.07 -0.13 -0.23 -0.03
87 285.0 324.0 125.0 55.0 0.42 -0.2 -0.15 -0.32 -0.11 0.01
88 266.0 314.0 121.0 58.0 0.44 -0.11 -0.2 -0.36 0.04 -0.1
89 303.0 301.0 126.0 71.0 0.44 -0.08 -0.21 -0.61 0.13 -0.3
90 329.0 281.0 140.0 70.0 0.45 -0.09 -0.19 -0.61 0.06 -0.27
91 289.0 271.0 130.0 64.0 0.44 -0.12 -0.17 -0.4 0.05 -0.09
92 284.0 280.0 121.0 69.0 0.44 -0.12 -0.15 -0.43 0.01 -0.17
93 285.0 273.0 118.0 72.0 0.4 -0.13 -0.1 -0.43 -0.02 -0.18
94 288.0 264.0 134.0 77.0 0.36 -0.13 -0.05 -0.28 -0.04 -0.46
95 304.0 250.0 129.0 79.0 0.35 -0.11 -0.03 -0.3 0.0 -0.41
96 264.0 245.0 117.0 68.0 0.32 -0.14 0.0 -0.23 -0.01 -0.52
97 244.0 252.0 109.0 60.0 0.28 -0.21 0.04 -0.11 -0.02 -0.48
98 249.0 262.0 108.0 55.0 0.26 -0.19 0.06 -0.3 -0.1 -0.4
99 309.0 243.0 108.0 60.0 0.2 -0.15 0.08 -0.24 -0.06 -0.51
100 283.0 245.0 109.0 56.0 0.15 -0.15 0.09 -0.16 -0.13 -0.68
101 278.0 238.0 117.0 66.0 0.13 -0.17 0.09 -0.01 -0.13 -0.68
102 266.0 261.0 121.0 61.0 0.08 -0.13 0.1 -0.15 -0.14 -0.56
103 320.0 272.0 115.0 58.0 0.04 -0.12 0.09 -0.21 -0.09 -0.41
104 325.0 277.0 106.0 56.0 0.03 -0.13 0.08 -0.28 -0.04 -0.38
105 310.0 284.0 113.0 62.0 -0.01 -0.1 0.08 -0.25 0.0 -0.44
106 301.0 291.0 111.0 62.0 -0.05 -0.08 0.08 -0.11 -0.02 -0.59
107 287.0 268.0 120.0 58.0 -0.06 -0.07 0.07 -0.03 -0.06 -0.54
108 326.0 241.0 122.0 52.0 -0.07 -0.1 0.03 -0.05 -0.05 -0.35
109 300.0 222.0 111.0 52.0 -0.1 -0.02 -0.01 -0.24 0.13 -0.3
110 329.0 230.0 104.0 50.0 -0.12 0.03 -0.02 -0.34 0.12 -0.28
111 291.0 224.0 101.0 51.0 -0.15 -0.04 0.02 -0.3 0.08 -0.24
112 367.0 213.0 101.0 46.0 -0.17 -0.12 0.06 -0.01 0.04 -0.02
113 310.0 212.0 103.0 42.0 -0.17 -0.12 0.06 0.0 0.01 0.09
114 276.0 216.0 107.0 40.0 -0.17 -0.11 0.04 0.11 0.06 0.14
115 246.0 220.0 112.0 53.0 -0.16 -0.07 -0.01 0.33 0.14 -0.18
116 240.0 221.0 116.0 51.0 -0.15 -0.04 -0.02 0.29 0.13 -0.13
117 239.0 235.0 108.0 50.0 -0.13 -0.0 -0.02 -0.02 0.14 0.29
118 228.0 221.0 112.0 43.0 -0.12 0.0 -0.04 -0.28 0.14 0.27
119 211.0 205.0 105.0 46.0 -0.11 -0.01 -0.04 -0.26 0.13 0.19
120 221.0 200.0 111.0 55.0 -0.09 -0.02 -0.03 -0.13 0.17 0.15
121 203.0 218.0 113.0 50.0 -0.09 0.05 -0.02 -0.06 0.0 -0.02
122 276.0 205.0 111.0 47.0 -0.08 0.04 -0.01 0.04 0.02 0.16
123 268.0 222.0 105.0 47.0 -0.05 0.03 -0.01 0.11 0.07 0.14
124 248.0 214.0 106.0 45.0 -0.03 0.03 -0.02 0.12 0.14 0.13
125 244.0 214.0 108.0 47.0 -0.03 0.01 -0.02 0.08 0.12 0.09
126 230.0 217.0 110.0 47.0 -0.02 0.01 -0.02 0.0 0.09 0.03
127 264.0 211.0 116.0 50.0 -0.01 0.02 -0.02 0.08 0.1 0.07
128 275.0 194.0 111.0 44.0 -0.01 0.02 -0.03 0.0 0.03 0.11
129 251.0 208.0 102.0 46.0 -0.01 0.0 -0.04 -0.04 0.03 0.13
130 272.0 202.0 98.0 53.0 -0.0 0.02 -0.04 -0.21 0.05 0.04
131 250.0 249.0 95.0 52.0 0.0 -0.0 -0.03 -0.16 0.02 -0.01
132 306.0 244.0 100.0 52.0 0.0 -0.03 0.0 -0.23 -0.05 -0.01
133 286.0 224.0 102.0 49.0 0.0 -0.06 0.03 -0.13 -0.03 -0.06
134 292.0 236.0 102.0 51.0 0.01 -0.07 0.04 -0.09 -0.01 -0.07
135 268.0 226.0 99.0 47.0 0.01 -0.01 0.03 -0.17 0.08 -0.08
136 243.0 244.0 99.0 43.0 -0.01 -0.02 0.03 -0.06 0.1 -0.18
137 260.0 229.0 108.0 51.0 -0.02 -0.01 0.03 -0.04 0.11 -0.17
138 271.0 222.0 113.0 47.0 -0.04 0.0 0.03 -0.06 0.06 -0.11
139 255.0 207.0 107.0 50.0 -0.03 -0.04 0.03 -0.05 0.01 0.18
140 259.0 202.0 113.0 46.0 -0.02 -0.07 0.03 -0.09 0.04 0.19
141 227.0 221.0 117.0 42.0 -0.0 -0.03 0.02 -0.17 0.07 0.13
142 278.0 219.0 111.0 41.0 0.0 -0.02 0.01 -0.29 0.18 0.0
143 251.0 229.0 106.0 58.0 -0.01 -0.01 0.02 -0.21 0.14 -0.08
144 228.0 234.0 104.0 52.0 -0.0 -0.03 0.03 0.01 0.07 0.0
145 220.0 230.0 100.0 46.0 0.0 -0.06 0.03 0.03 0.0 0.02
146 253.0 232.0 97.0 42.0 0.01 -0.06 0.03 0.07 0.02 0.12
147 316.0 220.0 103.0 47.0 0.02 -0.02 0.01 -0.09 0.04 0.0
148 272.0 217.0 105.0 44.0 0.01 0.0 0.01 -0.24 0.05 -0.11
149 256.0 224.0 100.0 43.0 0.01 0.02 0.01 -0.38 0.05 -0.16
150 224.0 213.0 99.0 40.0 0.0 -0.03 0.03 -0.2 0.02 -0.16
151 207.0 204.0 104.0 39.0 -0.02 0.01 0.04 -0.05 -0.05 -0.27
152 267.0 206.0 103.0 38.0 -0.03 0.03 0.04 0.01 -0.05 -0.23
153 280.0 221.0 107.0 38.0 -0.05 0.09 0.04 -0.14 -0.04 -0.34
154 239.0 208.0 109.0 37.0 -0.06 0.03 0.05 -0.2 -0.04 -0.23
155 211.0 202.0 100.0 43.0 -0.06 -0.01 0.06 -0.17 -0.03 -0.16
156 199.0 189.0 99.0 40.0 -0.08 -0.0 0.07 -0.17 -0.09 -0.15
157 192.0 181.0 100.0 36.0 -0.1 0.1 0.06 -0.13 -0.15 -0.2
158 178.0 168.0 102.0 34.0 -0.1 0.13 0.06 -0.13 -0.21 -0.11
159 159.0 172.0 99.0 31.0 -0.09 0.11 0.04 -0.05 -0.2 -0.13
160 128.0 152.0 98.0 29.0 -0.09 0.15 0.03 -0.18 -0.18 -0.14
161 104.0 137.0 106.0 28.0 -0.09 0.15 0.02 -0.14 -0.2 -0.18
162 86.0 127.0 105.0 29.0 -0.1 0.22 -0.0 -0.16 -0.24 -0.3
163 71.0 119.0 103.0 26.0 -0.14 0.47 -0.03 -0.36 -0.34 -0.37
164 60.0 113.0 108.0 26.0 -0.18 0.66 -0.03 -0.38 -0.42 -0.51
165 69.0 134.0 119.0 25.0 -0.32 1.14 -0.01 -0.43 -0.46 -0.7
166 59.0 149.0 115.0 25.0 -0.65 1.84 0.14 -0.31 -0.58 -0.99
167 59.0 165.0 118.0 25.0 -0.65 1.84 0.14 -0.68 -0.78 -1.17
168 56.0 171.0 110.0 24.0 -0.98 2.47 0.33 -1.18 -0.85 -1.85
169 59.0 285.0 108.0 25.0 -1.24 3.52 0.47 -2.16 -0.9 -2.94
170 74.0 283.0 119.0 24.0 -1.32 3.83 0.52 -1.82 -0.98 -2.97
171 68.0 288.0 110.0 24.0 -1.4 4.06 0.53 -1.43 -0.95 -3.19
172 65.0 253.0 115.0 24.0 -1.66 3.97 0.38 -1.14 -1.6 -2.56
173 67.0 251.0 107.0 24.0 -1.68 3.74 0.37 -0.75 -1.25 -2.46
174 59.0 271.0 101.0 24.0 -1.64 4.03 0.21 0.12 -0.06 -2.27
175 58.0 297.0 97.0 24.0 -1.77 4.22 0.03 0.31 0.0 -2.09
176 52.0 284.0 94.0 24.0 -1.83 4.23 -0.05 0.57 0.08 -1.78
177 47.0 283.0 98.0 60.0 -1.9 4.16 -0.21 1.21 -0.21 0.0
178 43.0 275.0 96.0 68.0 -1.81 4.02 -0.41 1.09 -0.02 -1.12
179 42.0 244.0 94.0 57.0 -1.81 4.01 -0.45 1.61 0.17 -1.16
180 35.0 222.0 93.0 50.0 -1.57 4.05 -0.52 1.98 -0.02 -1.54
181 36.0 202.0 92.0 44.0 -1.3 4.08 -0.56 0.84 -0.31 -0.88
182 32.0 186.0 92.0 40.0 -1.22 4.13 -0.63 0.4 -0.3 -0.44
183 30.0 176.0 92.0 36.0 -1.02 3.93 -0.58 -1.14 -0.97 0.34
184 30.0 168.0 90.0 33.0 -0.9 3.77 -0.96 -1.23 -0.88 0.8
185 30.0 159.0 94.0 31.0 -0.87 3.54 -1.09 -1.46 -0.93 0.76
186 33.0 151.0 91.0 29.0 -0.92 2.72 -1.22 -1.18 -0.88 -0.15
187 54.0 145.0 89.0 28.0 -0.41 1.34 -1.04 -2.19 -2.93 -0.78
188 87.0 149.0 88.0 27.0 -0.44 0.84 -1.13 0.22 0.21 0.79
189 132.0 149.0 89.0 27.0 -0.05 -5.52 -0.13 -26.86 8.1 10.2
190 178.0 145.0 84.0 26.0 -0.13 -5.11 -0.3 -2.8 -0.32 -3.71
191 151.0 143.0 89.0 26.0 0.54 -3.06 0.12 0.9 -2.56 -0.67
192 126.0 145.0 84.0 25.0 0.93 -1.16 -0.25 -1.02 0.8 1.25
193 111.0 146.0 81.0 25.0 0.11 -2.27 0.02 0.63 0.82 0.18
194 92.0 151.0 78.0 25.0 0.04 -2.8 -0.02 1.43 0.24 -0.43
195 104.0 154.0 75.0 25.0 -0.46 -3.63 0.04 1.3 -0.24 -0.15
196 86.0 154.0 75.0 25.0 -0.35 -3.67 0.1 0.37 -0.43 0.46
197 71.0 153.0 84.0 25.0 -0.13 -3.11 0.11 1.19 -0.76 0.77
198 59.0 151.0 99.0 24.0 0.2 -1.64 0.07 2.02 -0.23 0.66
199 51.0 150.0 101.0 25.0 0.21 -0.32 -0.03 2.22 -0.36 1.0
200 53.0 147.0 93.0 25.0 0.2 0.07 -0.1 1.3 0.0 0.83
201 51.0 143.0 85.0 25.0 0.08 0.38 -0.11 -0.37 -0.16 0.33
202 45.0 140.0 88.0 25.0 0.05 0.25 -0.09 -0.94 -0.03 -0.46
203 39.0 135.0 84.0 25.0 0.05 0.11 -0.08 -0.91 0.0 -0.42
204 34.0 131.0 85.0 25.0 0.01 -0.17 -0.04 -0.61 -0.17 -0.17
205 32.0 128.0 83.0 25.0 0.01 -0.3 0.01 -0.18 -0.2 -0.12
206 29.0 127.0 82.0 25.0 -0.01 -0.27 0.02 0.05 -0.25 0.07
207 58.0 124.0 83.0 25.0 -0.01 -0.18 0.0 0.26 -0.2 0.0
208 53.0 121.0 83.0 25.0 -0.02 -0.09 0.02 0.18 -0.21 0.15
209 52.0 123.0 88.0 25.0 -0.02 -0.04 0.02 0.14 -0.16 0.19
210 54.0 116.0 81.0 25.0 -0.02 0.03 0.02 -0.05 -0.09 0.01
211 49.0 115.0 77.0 25.0 -0.02 0.04 -0.01 -0.43 0.05 -0.09
212 46.0 113.0 83.0 24.0 -0.02 0.03 -0.02 -0.48 0.02 -0.09
213 40.0 110.0 85.0 24.0 -0.02 0.0 -0.04 -0.23 -0.02 -0.02
214 35.0 108.0 81.0 24.0 -0.01 0.01 -0.05 -0.1 -0.11 0.07
215 32.0 105.0 80.0 24.0 -0.01 0.03 -0.06 -0.09 -0.16 0.0
216 36.0 107.0 83.0 24.0 0.01 0.07 -0.07 -0.25 -0.17 -0.11
217 65.0 106.0 85.0 25.0 0.0 0.06 -0.07 -0.2 -0.14 0.0
218 60.0 104.0 84.0 24.0 -0.01 0.04 -0.06 -0.16 -0.13 -0.03
219 53.0 102.0 79.0 24.0 -0.03 0.02 -0.05 -0.11 -0.09 0.01
220 46.0 100.0 76.0 24.0 -0.05 0.03 -0.03 -0.05 -0.07 0.0
221 42.0 99.0 75.0 24.0 -0.06 0.02 -0.03 -0.08 -0.13 0.0
222 47.0 96.0 80.0 24.0 -0.06 0.03 -0.03 -0.21 -0.13 -0.03
223 43.0 95.0 75.0 24.0 -0.07 0.02 -0.02 -0.2 -0.1 -0.02
224 46.0 94.0 76.0 24.0 -0.07 0.01 -0.02 -0.18 -0.05 -0.01
225 47.0 96.0 79.0 24.0 -0.09 -0.01 -0.0 -0.19 -0.07 -0.01
226 41.0 94.0 86.0 24.0 -0.09 -0.0 -0.0 -0.11 -0.05 0.0
