1 38.0 74.0 72.0 28.0 -0.04 -0.01 0.01 0.0 0.11 -0.05
2 39.0 74.0 69.0 26.0 -0.03 -0.0 0.01 -0.04 0.1 -0.02
3 37.0 76.0 68.0 26.0 -0.02 -0.03 0.01 -0.01 0.12 0.0
4 34.0 78.0 67.0 25.0 -0.02 -0.04 0.01 0.04 0.12 0.01
5 30.0 80.0 67.0 25.0 -0.02 -0.05 0.01 0.11 0.09 0.01
6 30.0 80.0 66.0 25.0 -0.03 -0.04 0.01 0.06 0.09 0.01
7 28.0 80.0 68.0 24.0 -0.03 -0.03 0.01 0.05 0.05 -0.01
8 26.0 84.0 67.0 25.0 -0.02 -0.01 0.01 0.09 0.06 0.02
9 29.0 87.0 65.0 25.0 -0.01 0.01 0.01 0.06 0.09 0.07
10 30.0 88.0 65.0 24.0 -0.01 0.04 -0.0 0.08 0.17 -0.01
11 28.0 89.0 62.0 24.0 -0.01 0.05 -0.01 0.0 0.1 0.0
12 25.0 87.0 60.0 24.0 -0.0 0.04 -0.02 -0.06 0.1 -0.03
13 30.0 86.0 59.0 25.0 -0.0 0.01 -0.02 -0.04 0.05 -0.04
14 31.0 85.0 75.0 25.0 0.0 -0.0 -0.01 0.05 0.06 -0.02
15 28.0 85.0 69.0 25.0 -0.0 -0.02 -0.02 0.09 0.08 0.01
16 27.0 85.0 66.0 25.0 -0.02 -0.02 -0.01 0.09 0.11 0.0
17 32.0 88.0 69.0 25.0 -0.02 -0.03 -0.01 0.11 0.1 0.02
18 31.0 90.0 69.0 25.0 -0.03 -0.03 0.0 0.11 0.1 0.0
19 54.0 90.0 68.0 26.0 -0.04 -0.02 0.0 0.02 0.11 0.0
20 71.0 96.0 65.0 30.0 -0.05 -0.03 0.01 0.0 0.1 0.02
21 75.0 99.0 62.0 29.0 -0.09 -0.03 -0.01 -0.08 0.09 -0.01
22 98.0 103.0 59.0 28.0 -0.15 -0.04 -0.02 -0.16 0.11 -0.02
23 102.0 131.0 57.0 38.0 -0.17 -0.09 -0.01 -0.21 0.14 0.04
24 102.0 147.0 55.0 45.0 -0.19 -0.21 0.01 0.01 0.27 0.11
25 152.0 164.0 54.0 45.0 -0.29 -0.42 0.05 0.17 0.42 0.24
26 177.0 173.0 53.0 51.0 -0.34 -0.6 0.09 -0.28 0.25 0.15
27 190.0 185.0 53.0 45.0 -0.41 -0.88 0.15 -0.36 0.15 0.16
28 169.0 206.0 57.0 53.0 -0.27 -1.02 0.11 -0.29 0.18 0.6
29 169.0 230.0 59.0 57.0 -0.22 -1.14 0.09 -0.54 0.11 1.38
30 179.0 293.0 59.0 54.0 -0.21 -1.78 0.1 -0.58 -0.03 1.58
31 165.0 385.0 62.0 50.0 0.04 -2.2 0.11 -0.15 0.16 1.42
32 149.0 413.0 70.0 48.0 0.23 -2.07 0.08 -0.41 -0.64 0.33
33 206.0 473.0 77.0 48.0 0.77 -1.21 0.01 -0.72 -0.79 1.24
34 180.0 431.0 84.0 44.0 1.8 -2.48 -0.26 6.74 3.16 3.69
35 173.0 407.0 95.0 40.0 1.51 -2.11 -0.16 1.89 0.38 3.86
36 153.0 420.0 96.0 43.0 1.71 -1.65 -0.24 2.22 0.5 3.74
37 143.0 442.0 92.0 39.0 1.73 -1.01 -0.36 1.09 0.52 3.08
38 140.0 431.0 90.0 37.0 1.77 -0.94 -0.37 0.47 0.34 2.74
39 163.0 399.0 89.0 39.0 1.91 -1.13 -0.49 0.4 0.55 2.38
40 146.0 378.0 89.0 38.0 1.98 -1.39 -0.52 0.76 0.55 1.18
41 139.0 394.0 85.0 36.0 1.97 -1.39 -0.52 0.54 0.26 0.75
42 152.0 422.0 91.0 38.0 1.96 -1.3 -0.46 0.3 0.16 0.38
43 148.0 462.0 105.0 41.0 1.96 -1.27 -0.44 0.02 -0.04 -0.02
44 135.0 416.0 100.0 41.0 1.95 -1.32 -0.43 -0.02 -0.27 -0.37
45 151.0 379.0 97.0 38.0 1.85 -1.31 -0.35 -0.09 -0.34 -0.47
46 161.0 362.0 101.0 47.0 1.76 -1.28 -0.29 -0.18 -0.38 -0.76
47 179.0 391.0 109.0 42.0 1.72 -1.25 -0.26 0.05 -0.45 -0.96
48 168.0 352.0 112.0 56.0 1.58 -1.12 -0.21 -0.1 -0.5 -0.96
49 205.0 323.0 123.0 71.0 1.44 -1.05 -0.17 -0.62 -0.74 -1.16
50 205.0 310.0 129.0 65.0 1.42 -1.14 -0.15 -0.64 -0.33 -1.54
51 258.0 314.0 128.0 67.0 1.33 -1.21 -0.1 -0.84 -0.27 -1.67
52 309.0 287.0 122.0 70.0 1.23 -1.34 -0.1 -0.98 -0.72 -0.93
53 284.0 274.0 117.0 79.0 1.12 -1.31 -0.02 -1.09 -0.3 0.21
54 265.0 269.0 121.0 77.0 0.75 -1.06 0.09 -0.9 -0.46 -0.48
55 258.0 257.0 120.0 97.0 0.49 -0.82 -0.01 -0.4 -0.32 -2.14
56 268.0 245.0 121.0 92.0 0.44 -0.74 -0.01 -0.14 -0.45 -2.22
57 271.0 253.0 125.0 84.0 0.41 -0.72 -0.0 -0.64 -0.53 -1.87
58 246.0 240.0 132.0 87.0 0.31 -0.71 -0.01 -0.72 -0.67 -1.34
59 257.0 238.0 120.0 87.0 0.24 -0.62 -0.02 -1.13 -0.58 -1.28
60 269.0 230.0 113.0 94.0 0.14 -0.49 -0.03 -1.28 -0.53 -1.25
61 256.0 246.0 113.0 93.0 0.07 -0.43 0.02 -1.48 -0.49 -1.52
62 233.0 262.0 122.0 89.0 0.05 -0.44 0.05 -1.39 -0.45 -1.04
63 228.0 257.0 120.0 98.0 0.02 -0.39 0.08 -1.13 -0.51 -0.88
64 275.0 263.0 110.0 92.0 0.01 -0.27 0.06 -0.87 -0.4 -0.93
65 298.0 258.0 117.0 86.0 0.02 -0.22 0.05 -0.96 -0.1 -0.57
66 294.0 238.0 120.0 88.0 0.05 -0.16 0.02 -0.81 -0.04 -0.49
67 307.0 239.0 124.0 87.0 0.06 -0.07 0.01 -0.83 0.12 -0.32
68 301.0 231.0 118.0 82.0 0.06 -0.03 0.0 -0.8 0.11 -0.33
69 287.0 227.0 113.0 75.0 0.04 -0.0 0.0 -0.66 0.1 -0.39
70 260.0 217.0 114.0 96.0 0.05 0.03 0.01 -0.51 0.03 -0.24
71 287.0 205.0 106.0 95.0 0.05 0.05 0.01 -0.25 0.08 -0.09
72 255.0 215.0 108.0 100.0 0.04 0.09 -0.01 -0.38 0.06 -0.23
73 266.0 227.0 105.0 89.0 0.03 0.04 -0.01 -0.42 0.11 -0.04
74 254.0 228.0 104.0 86.0 0.03 0.05 0.01 -0.36 0.03 -0.3
75 230.0 253.0 107.0 80.0 0.05 0.05 0.05 -0.41 0.0 -0.28
76 246.0 255.0 123.0 74.0 0.06 0.05 0.1 -0.33 -0.02 -0.25
77 318.0 307.0 120.0 78.0 0.07 0.04 0.11 -0.34 0.02 -0.16
78 283.0 309.0 112.0 75.0 0.08 -0.05 0.14 -0.26 0.05 -0.02
79 259.0 283.0 111.0 79.0 0.07 -0.08 0.16 0.37 0.13 -0.14
80 246.0 299.0 112.0 68.0 0.07 -0.07 0.15 0.55 0.06 0.0
81 223.0 282.0 118.0 75.0 0.09 -0.01 0.1 0.58 0.13 0.29
82 280.0 288.0 118.0 75.0 0.1 0.03 0.03 0.51 0.14 0.26
83 276.0 295.0 112.0 72.0 0.1 0.07 0.0 0.2 0.23 0.08
84 271.0 305.0 109.0 65.0 0.09 0.03 -0.02 0.2 0.25 -0.01
85 249.0 281.0 108.0 61.0 0.05 0.06 -0.03 0.14 0.19 -0.26
86 340.0 292.0 105.0 62.0 0.04 0.06 -0.02 0.0 0.06 -0.35
87 316.0 274.0 110.0 58.0 0.02 0.01 0.02 -0.04 0.03 -0.3
88 313.0 283.0 104.0 55.0 -0.01 -0.06 0.04 0.0 0.04 -0.27
89 341.0 281.0 100.0 51.0 -0.02 -0.06 0.05 0.01 0.08 -0.3
90 304.0 270.0 94.0 50.0 -0.05 -0.01 0.04 0.13 0.07 -0.31
91 301.0 277.0 92.0 54.0 -0.09 -0.04 0.01 0.34 -0.04 -0.47
92 294.0 252.0 106.0 51.0 -0.09 -0.03 -0.03 0.41 0.01 -0.45
93 277.0 240.0 105.0 45.0 -0.1 -0.0 -0.08 0.03 0.09 -0.16
94 244.0 240.0 97.0 41.0 -0.1 0.04 -0.11 -0.07 0.17 -0.12
95 230.0 241.0 91.0 41.0 -0.11 0.06 -0.12 -0.3 0.16 -0.1
96 211.0 225.0 89.0 45.0 -0.11 0.09 -0.11 -0.26 0.2 -0.2
97 238.0 217.0 92.0 44.0 -0.11 0.04 -0.08 -0.21 0.13 -0.34
98 263.0 224.0 92.0 40.0 -0.11 0.02 -0.07 -0.31 0.11 -0.22
99 255.0 206.0 94.0 47.0 -0.1 0.05 -0.06 -0.2 0.12 -0.2
100 233.0 192.0 92.0 44.0 -0.11 0.07 -0.05 -0.21 0.13 -0.34
101 213.0 184.0 97.0 40.0 -0.11 0.07 -0.05 -0.15 0.17 -0.35
102 217.0 188.0 94.0 38.0 -0.13 0.11 -0.04 -0.21 0.14 -0.41
103 201.0 182.0 95.0 44.0 -0.14 0.06 -0.02 -0.27 0.07 -0.32
104 204.0 175.0 93.0 48.0 -0.14 0.0 -0.01 -0.32 0.01 -0.21
105 217.0 186.0 98.0 46.0 -0.14 0.03 -0.01 -0.09 -0.05 -0.02
106 223.0 182.0 97.0 43.0 -0.12 0.04 -0.01 0.06 0.05 0.02
107 232.0 183.0 100.0 38.0 -0.11 0.05 -0.02 0.16 0.08 0.07
108 212.0 179.0 107.0 41.0 -0.08 0.07 -0.03 0.22 0.12 0.03
109 214.0 205.0 112.0 39.0 -0.06 0.05 -0.05 0.19 0.22 0.02
110 225.0 226.0 109.0 42.0 -0.05 0.07 -0.06 0.14 0.23 0.03
111 219.0 218.0 101.0 44.0 -0.04 0.05 -0.05 -0.01 0.23 -0.03
112 232.0 218.0 98.0 42.0 -0.02 0.01 -0.03 0.0 0.19 -0.04
113 227.0 219.0 101.0 37.0 -0.01 0.03 -0.01 0.0 0.14 -0.01
114 216.0 235.0 99.0 40.0 -0.02 0.04 0.01 -0.17 0.13 0.04
115 225.0 217.0 94.0 38.0 -0.03 0.03 0.03 -0.15 0.11 0.04
116 211.0 216.0 86.0 36.0 -0.03 0.03 0.03 -0.1 0.13 0.0
117 188.0 216.0 89.0 42.0 -0.02 0.04 0.05 -0.04 0.12 0.05
118 176.0 203.0 86.0 39.0 -0.0 0.09 0.03 -0.03 0.05 -0.02
119 160.0 208.0 84.0 36.0 0.0 0.08 0.02 -0.08 0.06 -0.02
120 182.0 199.0 83.0 35.0 0.01 0.08 -0.01 -0.14 -0.03 -0.21
121 160.0 199.0 81.0 32.0 0.01 0.12 -0.03 -0.21 -0.03 -0.27
122 132.0 190.0 102.0 30.0 0.01 0.11 -0.03 -0.2 -0.05 -0.31
123 109.0 187.0 96.0 29.0 -0.0 0.15 -0.04 -0.42 -0.24 -0.4
124 94.0 183.0 92.0 28.0 -0.04 0.28 -0.03 -0.57 -0.29 -0.54
125 121.0 181.0 100.0 27.0 -0.06 0.35 -0.01 -0.63 -0.31 -0.75
126 132.0 179.0 94.0 26.0 -0.12 0.57 0.07 -0.79 -0.35 -0.78
127 119.0 175.0 89.0 26.0 -0.24 0.77 0.19 -1.13 -0.43 -0.87
128 118.0 174.0 94.0 25.0 -0.33 0.79 0.26 -1.37 -0.4 -0.94
129 122.0 172.0 91.0 25.0 -0.56 0.64 0.35 -1.62 -0.47 -1.06
130 141.0 169.0 94.0 24.0 -0.8 0.55 0.4 -1.59 -0.42 -1.36
131 127.0 187.0 90.0 24.0 -0.93 0.55 0.43 -1.54 -0.45 -1.42
132 117.0 189.0 92.0 24.0 -1.17 0.6 0.49 -1.13 -0.35 -1.7
133 98.0 189.0 89.0 24.0 -1.28 0.6 0.55 -0.85 -0.17 -2.12
134 81.0 180.0 99.0 24.0 -1.34 0.62 0.56 -0.69 -0.41 -2.16
135 90.0 188.0 97.0 24.0 -1.52 0.66 0.59 -0.34 -0.74 -2.19
136 98.0 207.0 94.0 27.0 -1.7 0.85 0.67 0.24 0.41 -1.58
137 114.0 190.0 97.0 25.0 -1.83 1.23 0.62 0.04 0.01 -1.7
138 109.0 281.0 90.0 25.0 -2.05 1.65 0.59 -0.04 -0.02 -1.69
139 92.0 283.0 88.0 25.0 -2.1 1.84 0.58 0.61 -0.09 -1.63
140 78.0 264.0 89.0 24.0 -2.01 1.98 0.57 0.78 -0.14 -1.75
141 71.0 247.0 92.0 24.0 -1.9 2.18 0.55 0.73 -0.14 -0.31
142 63.0 235.0 86.0 39.0 -1.85 2.42 0.46 0.86 0.29 0.59
143 56.0 231.0 82.0 38.0 -1.85 2.6 0.38 0.88 -0.07 0.92
144 50.0 219.0 78.0 36.0 -1.8 3.02 0.23 1.23 0.1 0.88
145 59.0 204.0 74.0 34.0 -1.75 3.41 0.19 1.03 0.08 -0.13
146 59.0 195.0 72.0 33.0 -1.74 3.45 0.22 0.36 0.05 -0.32
147 53.0 193.0 68.0 55.0 -1.77 3.24 0.19 -2.11 -0.53 0.27
148 61.0 188.0 68.0 48.0 -1.45 2.88 0.11 -0.14 -0.85 1.16
149 53.0 182.0 68.0 45.0 -1.28 2.79 -0.01 -0.3 -0.68 0.78
150 48.0 178.0 69.0 40.0 -1.0 2.48 -0.08 -1.39 -0.4 0.44
151 49.0 175.0 70.0 37.0 -0.97 1.32 -0.09 -2.03 -0.73 0.53
152 42.0 172.0 71.0 34.0 -0.86 0.47 -0.13 -1.77 -0.87 0.58
153 37.0 170.0 72.0 32.0 -0.56 -1.16 -0.13 -0.19 -0.47 0.15
154 32.0 167.0 71.0 30.0 -0.44 -1.78 -0.27 0.29 -0.4 -1.19
155 31.0 167.0 69.0 29.0 -0.34 -1.93 -0.15 1.13 0.41 -2.07
156 27.0 166.0 70.0 31.0 -0.57 -1.51 -0.21 0.86 0.3 -3.22
157 39.0 170.0 77.0 32.0 -0.78 -0.96 -0.18 -19.71 -10.93 28.75
158 70.0 166.0 75.0 31.0 1.02 -0.84 -0.57 2.47 -1.84 17.72
159 62.0 159.0 80.0 35.0 0.3 -0.39 -0.51 -0.31 0.44 -4.26
160 55.0 156.0 76.0 32.0 1.15 -0.73 -0.32 -0.14 0.03 0.36
161 46.0 156.0 75.0 33.0 1.1 -0.37 -0.28 0.17 0.42 1.4
162 40.0 155.0 76.0 34.0 0.5 0.07 -0.34 0.49 1.07 0.76
