1 22.0 73.0 69.0 27.0 0.01 -0.01 -0.0 0.0 0.12 -0.04
2 24.0 74.0 71.0 26.0 0.0 -0.0 -0.01 0.01 0.12 -0.05
3 27.0 73.0 67.0 26.0 0.0 -0.0 -0.0 0.0 0.12 -0.04
4 25.0 74.0 64.0 26.0 0.0 -0.0 -0.0 0.01 0.13 -0.02
5 23.0 74.0 63.0 27.0 0.0 -0.01 -0.01 -0.01 0.11 -0.08
6 22.0 76.0 64.0 26.0 0.0 -0.01 -0.01 0.03 0.09 -0.01
7 21.0 78.0 70.0 26.0 0.01 -0.01 -0.01 0.0 0.05 -0.04
8 24.0 80.0 70.0 26.0 0.01 -0.01 -0.01 -0.02 0.09 -0.05
9 22.0 80.0 71.0 26.0 0.01 -0.02 -0.0 -0.02 0.13 -0.02
10 26.0 83.0 77.0 28.0 0.02 -0.02 -0.01 0.02 0.18 -0.02
11 31.0 82.0 71.0 28.0 0.01 -0.02 -0.01 0.02 0.19 -0.02
12 29.0 83.0 72.0 28.0 -0.01 -0.01 -0.01 0.05 0.17 -0.03
13 27.0 83.0 69.0 28.0 -0.01 -0.02 -0.01 0.03 0.09 -0.07
14 24.0 83.0 70.0 28.0 -0.01 -0.01 -0.0 0.05 0.09 -0.05
15 23.0 84.0 67.0 29.0 -0.01 -0.0 0.0 0.02 0.06 -0.05
16 24.0 82.0 67.0 28.0 -0.01 0.0 0.0 -0.02 0.03 -0.06
17 25.0 83.0 74.0 30.0 -0.01 -0.01 0.01 -0.03 0.08 -0.07
18 32.0 83.0 80.0 31.0 0.0 -0.01 0.01 0.0 0.1 -0.04
19 31.0 82.0 77.0 29.0 0.0 -0.01 0.01 0.01 0.15 -0.03
20 30.0 82.0 71.0 28.0 0.0 -0.0 -0.0 0.0 0.16 -0.02
21 28.0 81.0 68.0 28.0 0.01 -0.01 -0.01 -0.01 0.15 -0.05
22 26.0 78.0 71.0 27.0 0.01 -0.01 -0.02 -0.03 0.13 -0.03
23 26.0 78.0 74.0 28.0 0.01 -0.01 -0.01 0.01 0.11 -0.06
24 26.0 77.0 68.0 27.0 0.01 -0.02 -0.01 0.05 0.1 -0.02
25 26.0 77.0 64.0 27.0 0.0 -0.01 -0.0 0.06 0.11 -0.01
26 26.0 78.0 61.0 26.0 -0.0 -0.01 0.0 0.06 0.12 -0.04
27 34.0 78.0 63.0 26.0 -0.0 -0.01 0.01 0.05 0.15 -0.02
28 31.0 77.0 62.0 26.0 -0.01 -0.01 0.01 0.03 0.15 -0.02
29 31.0 77.0 68.0 26.0 -0.01 -0.01 0.0 0.01 0.15 -0.03
30 27.0 79.0 65.0 27.0 -0.02 -0.01 0.0 -0.02 0.14 -0.05
31 28.0 79.0 69.0 26.0 -0.01 -0.01 0.0 0.0 0.18 -0.01
32 27.0 79.0 64.0 25.0 -0.01 -0.02 -0.01 0.01 0.16 -0.05
33 26.0 79.0 60.0 26.0 -0.01 -0.02 -0.0 0.06 0.11 -0.04
34 24.0 78.0 60.0 26.0 -0.01 -0.03 -0.01 0.06 0.11 -0.03
35 23.0 82.0 65.0 27.0 -0.02 -0.02 0.0 0.1 0.15 -0.01
36 55.0 87.0 62.0 34.0 -0.03 -0.01 0.01 0.02 0.12 -0.02
37 77.0 97.0 59.0 33.0 -0.03 -0.01 0.01 0.08 0.14 0.02
38 83.0 160.0 56.0 34.0 -0.06 -0.04 -0.0 -0.35 0.18 -0.07
39 91.0 192.0 58.0 50.0 -0.13 -0.13 -0.02 -0.04 0.28 0.03
40 114.0 189.0 55.0 46.0 -0.17 -0.17 -0.02 0.24 0.33 0.09
41 117.0 189.0 54.0 42.0 -0.19 -0.26 0.02 -0.12 0.23 0.11
42 119.0 203.0 58.0 50.0 -0.3 -0.64 0.08 -0.08 0.06 0.24
43 119.0 260.0 58.0 57.0 -0.4 -0.91 0.13 -0.14 -0.06 0.21
44 116.0 279.0 56.0 73.0 -0.23 -1.03 0.13 -0.32 -0.24 0.29
45 120.0 314.0 57.0 73.0 -0.0 -1.11 0.13 0.01 -0.22 0.67
46 188.0 322.0 58.0 65.0 -0.04 -1.37 0.16 0.0 0.01 0.84
47 209.0 413.0 58.0 56.0 0.05 -1.57 0.12 0.19 -0.18 0.62
48 191.0 392.0 61.0 50.0 0.38 -1.23 0.0 -0.71 -0.47 1.72
49 175.0 454.0 67.0 45.0 0.55 -1.11 -0.02 -0.79 -0.73 2.63
50 192.0 464.0 75.0 40.0 1.84 -2.45 -0.62 5.65 4.56 4.05
51 214.0 459.0 78.0 44.0 1.77 -2.19 -0.34 1.78 1.23 3.15
52 203.0 488.0 86.0 39.0 1.84 -2.0 -0.31 1.4 0.98 3.16
53 193.0 468.0 97.0 36.0 1.73 -1.42 -0.4 1.1 0.9 3.07
54 176.0 454.0 93.0 41.0 1.76 -1.18 -0.48 0.41 0.89 2.57
55 156.0 429.0 87.0 46.0 1.77 -1.15 -0.48 0.23 0.55 1.95
56 155.0 385.0 87.0 57.0 1.81 -1.43 -0.51 0.43 0.76 1.0
57 190.0 381.0 85.0 54.0 1.77 -1.48 -0.47 0.5 0.42 0.5
58 240.0 470.0 84.0 48.0 1.82 -1.48 -0.47 0.12 0.18 0.26
59 209.0 424.0 93.0 56.0 1.89 -1.43 -0.44 -0.23 0.14 0.11
60 216.0 379.0 93.0 56.0 1.92 -1.32 -0.45 -0.27 0.03 0.39
61 193.0 350.0 91.0 73.0 1.93 -1.23 -0.41 -0.31 0.14 0.19
62 225.0 335.0 90.0 63.0 1.9 -0.95 -0.36 -0.24 -0.01 -0.41
63 219.0 351.0 96.0 65.0 1.83 -0.78 -0.28 -0.44 -0.05 -1.47
64 216.0 313.0 96.0 80.0 1.77 -0.73 -0.24 -0.35 -0.03 -1.42
65 282.0 295.0 98.0 98.0 1.65 -0.66 -0.21 -0.83 -0.16 -1.26
66 259.0 273.0 98.0 88.0 1.5 -0.65 -0.18 -0.68 -0.23 -1.38
67 245.0 282.0 102.0 82.0 1.41 -0.63 -0.15 -0.52 -0.52 -1.52
68 239.0 264.0 117.0 86.0 1.22 -0.63 -0.04 -0.79 -0.65 -1.51
69 320.0 259.0 121.0 89.0 1.06 -0.67 0.0 -1.12 -0.82 -1.14
70 288.0 243.0 119.0 84.0 0.97 -0.66 0.0 -0.65 -0.73 -1.43
71 268.0 240.0 111.0 94.0 0.81 -0.6 0.01 -0.76 -0.92 -1.6
72 280.0 234.0 110.0 97.0 0.69 -0.6 0.02 -0.92 -0.8 -1.53
73 324.0 216.0 125.0 91.0 0.63 -0.58 0.03 -0.87 -0.75 -1.45
74 348.0 219.0 117.0 91.0 0.48 -0.56 0.05 -1.43 -0.77 -1.08
75 333.0 215.0 112.0 107.0 0.32 -0.57 0.05 -1.13 -0.67 -1.54
76 310.0 206.0 112.0 104.0 0.25 -0.53 0.07 -1.08 -0.7 -1.82
77 319.0 197.0 110.0 95.0 0.15 -0.54 0.13 -1.33 -0.59 -1.63
78 360.0 197.0 116.0 101.0 0.04 -0.51 0.16 -0.95 -0.54 -1.62
79 347.0 196.0 109.0 94.0 -0.03 -0.46 0.17 -0.82 -0.46 -1.88
80 357.0 209.0 103.0 111.0 -0.16 -0.37 0.17 -0.8 -0.46 -1.64
81 334.0 223.0 108.0 104.0 -0.27 -0.26 0.16 -0.41 -0.33 -2.08
82 317.0 222.0 107.0 92.0 -0.3 -0.24 0.16 -0.51 -0.33 -1.89
83 345.0 202.0 100.0 89.0 -0.28 -0.27 0.14 -0.18 -0.31 -1.18
84 324.0 197.0 111.0 94.0 -0.33 -0.17 0.09 0.01 -0.18 -0.78
85 321.0 216.0 107.0 101.0 -0.36 -0.08 0.04 -0.12 -0.2 -0.63
86 344.0 224.0 109.0 135.0 -0.34 -0.02 -0.04 -0.09 -0.17 -0.48
87 349.0 219.0 113.0 124.0 -0.27 0.01 -0.06 -0.09 -0.16 -0.48
88 365.0 215.0 109.0 112.0 -0.24 0.03 -0.06 -0.21 -0.09 -0.39
89 366.0 210.0 105.0 101.0 -0.21 0.05 -0.04 -0.39 0.11 -0.22
90 381.0 202.0 104.0 99.0 -0.21 0.02 -0.0 -0.02 0.09 -0.32
91 355.0 190.0 113.0 91.0 -0.22 0.01 0.01 0.17 0.08 -0.35
92 378.0 199.0 118.0 87.0 -0.2 0.01 -0.02 0.35 0.23 -0.22
93 335.0 192.0 109.0 81.0 -0.19 0.08 -0.08 0.14 0.46 -0.01
94 340.0 199.0 108.0 93.0 -0.19 0.07 -0.09 0.1 0.46 0.03
95 339.0 206.0 107.0 84.0 -0.18 0.05 -0.09 0.01 0.41 0.02
96 314.0 220.0 107.0 75.0 -0.18 0.06 -0.08 0.0 0.31 0.03
97 290.0 201.0 108.0 67.0 -0.15 0.01 -0.07 0.01 0.29 0.07
98 290.0 195.0 101.0 74.0 -0.11 0.01 -0.06 -0.16 0.22 0.18
99 321.0 186.0 96.0 70.0 -0.09 0.01 -0.05 -0.36 0.29 0.32
100 285.0 199.0 95.0 63.0 -0.06 0.01 -0.01 -0.32 0.2 0.05
101 268.0 192.0 94.0 58.0 -0.04 -0.01 0.04 -0.2 0.14 -0.07
102 255.0 207.0 91.0 53.0 -0.04 0.0 0.04 -0.08 0.13 -0.24
103 321.0 209.0 96.0 50.0 -0.04 0.0 0.04 -0.09 0.1 -0.24
104 310.0 206.0 96.0 44.0 -0.04 -0.02 0.03 0.11 0.04 -0.42
105 300.0 197.0 93.0 44.0 -0.04 -0.02 0.03 0.1 0.05 -0.43
106 279.0 190.0 92.0 42.0 -0.04 0.0 0.0 0.15 0.04 -0.44
107 266.0 195.0 96.0 44.0 -0.05 -0.0 -0.0 0.02 0.04 -0.46
108 290.0 193.0 103.0 40.0 -0.05 0.0 -0.01 -0.14 0.05 -0.44
109 293.0 200.0 97.0 38.0 -0.07 0.01 -0.01 -0.26 0.03 -0.24
110 269.0 196.0 92.0 41.0 -0.09 -0.01 -0.0 -0.22 -0.01 -0.29
111 249.0 210.0 96.0 38.0 -0.09 -0.01 0.01 -0.06 0.01 -0.31
112 228.0 196.0 91.0 37.0 -0.08 0.01 0.0 -0.06 0.0 -0.28
113 201.0 184.0 86.0 34.0 -0.07 0.01 -0.01 0.0 0.08 -0.33
114 219.0 199.0 89.0 34.0 -0.06 -0.0 -0.01 -0.11 0.08 -0.21
115 231.0 185.0 92.0 38.0 -0.05 0.01 -0.01 -0.07 0.11 -0.18
116 256.0 196.0 89.0 38.0 -0.06 0.04 -0.02 -0.19 0.16 -0.11
117 251.0 196.0 95.0 38.0 -0.07 0.02 -0.02 -0.15 0.24 -0.24
118 240.0 201.0 100.0 40.0 -0.06 -0.02 -0.02 -0.12 0.23 -0.22
119 245.0 197.0 99.0 39.0 -0.06 0.01 -0.01 -0.11 0.2 -0.17
120 273.0 202.0 92.0 38.0 -0.06 0.02 -0.01 -0.29 0.1 -0.13
121 269.0 195.0 86.0 37.0 -0.06 -0.01 -0.0 -0.23 0.14 -0.14
122 234.0 193.0 93.0 37.0 -0.05 -0.01 0.03 -0.27 0.04 -0.22
123 286.0 221.0 90.0 39.0 -0.04 -0.03 0.04 -0.05 0.15 -0.1
124 289.0 214.0 94.0 37.0 -0.03 -0.01 0.04 -0.01 0.2 -0.14
125 262.0 202.0 96.0 35.0 -0.02 -0.01 0.03 0.03 0.21 -0.12
126 284.0 207.0 101.0 39.0 -0.01 -0.02 0.02 0.03 0.16 0.02
127 256.0 203.0 94.0 38.0 0.0 0.01 -0.0 0.06 0.15 0.03
128 303.0 218.0 91.0 35.0 0.02 0.04 -0.03 -0.07 0.06 0.0
129 326.0 217.0 94.0 36.0 0.03 0.04 -0.04 -0.11 0.05 -0.04
130 308.0 225.0 97.0 38.0 0.05 0.07 -0.06 -0.27 0.06 -0.16
131 285.0 242.0 98.0 44.0 0.05 0.05 -0.06 -0.34 0.11 -0.29
132 296.0 232.0 101.0 42.0 0.05 0.05 -0.03 -0.48 0.08 -0.36
133 329.0 231.0 99.0 43.0 0.03 0.01 0.02 -0.29 0.14 -0.36
134 299.0 240.0 97.0 42.0 0.02 -0.02 0.05 -0.15 0.06 -0.39
135 261.0 246.0 92.0 41.0 0.0 -0.03 0.05 -0.05 0.04 -0.36
136 227.0 243.0 92.0 39.0 0.0 -0.05 0.05 -0.02 0.06 -0.37
137 261.0 234.0 89.0 38.0 -0.0 -0.01 0.04 -0.01 -0.02 -0.26
138 289.0 262.0 94.0 37.0 0.0 -0.01 0.04 -0.03 -0.03 -0.24
139 249.0 240.0 91.0 39.0 -0.0 0.0 0.01 -0.07 -0.03 -0.27
140 239.0 250.0 95.0 39.0 0.0 0.01 -0.02 -0.04 -0.01 -0.28
141 277.0 259.0 96.0 47.0 0.01 0.04 -0.03 -0.29 0.0 -0.29
142 247.0 246.0 90.0 42.0 -0.01 0.02 -0.04 -0.34 0.03 -0.33
143 219.0 242.0 83.0 39.0 -0.01 0.01 -0.01 -0.35 -0.01 -0.39
144 248.0 241.0 79.0 35.0 -0.02 0.01 0.01 -0.26 0.0 -0.35
145 282.0 238.0 82.0 33.0 -0.03 0.04 0.03 -0.26 -0.01 -0.42
146 246.0 238.0 81.0 32.0 -0.05 0.11 0.04 -0.41 0.13 -0.57
147 234.0 235.0 79.0 31.0 -0.06 0.15 0.05 -0.54 0.1 -0.68
148 214.0 238.0 83.0 30.0 -0.11 0.22 0.1 -0.62 0.03 -0.75
149 192.0 236.0 77.0 29.0 -0.18 0.26 0.18 -0.58 -0.14 -0.67
150 160.0 233.0 73.0 28.0 -0.23 0.22 0.21 -0.34 -0.32 -0.59
151 139.0 229.0 82.0 26.0 -0.33 0.03 0.25 -0.25 -0.31 -0.61
152 116.0 230.0 81.0 27.0 -0.38 0.07 0.26 -0.05 -0.2 -0.56
153 105.0 230.0 85.0 26.0 -0.41 0.15 0.25 -0.25 -0.24 -0.49
154 92.0 244.0 79.0 27.0 -0.47 0.3 0.23 -0.27 -0.19 -0.51
155 81.0 242.0 76.0 26.0 -0.59 0.57 0.2 -0.5 -0.18 -0.63
156 70.0 274.0 77.0 26.0 -0.68 0.71 0.2 -0.62 -0.18 -0.84
157 66.0 259.0 79.0 27.0 -0.89 0.85 0.2 -0.8 -0.15 -1.09
158 65.0 292.0 83.0 26.0 -1.03 0.91 0.2 -0.6 -0.21 -1.53
159 68.0 276.0 85.0 26.0 -1.06 0.97 0.22 -0.69 -0.57 -1.98
160 65.0 258.0 80.0 25.0 -1.14 1.24 0.33 -0.43 -0.5 -1.87
161 96.0 258.0 75.0 25.0 -1.28 1.4 0.56 -0.4 0.23 -1.78
162 116.0 247.0 74.0 26.0 -1.16 1.64 0.54 -1.01 -0.24 -2.1
163 204.0 239.0 72.0 27.0 -1.27 2.27 0.5 -1.44 -0.26 -2.28
164 190.0 240.0 70.0 26.0 -1.41 2.39 0.46 -1.09 -0.06 -1.88
165 168.0 238.0 67.0 33.0 -1.47 2.37 0.43 -0.74 0.18 -1.59
166 151.0 240.0 70.0 33.0 -1.68 2.24 0.39 -0.52 0.05 -1.54
167 149.0 277.0 67.0 31.0 -1.88 1.94 0.33 -0.47 -0.12 -0.88
168 155.0 256.0 71.0 52.0 -1.93 1.71 0.28 -0.03 -0.15 -0.81
169 134.0 293.0 69.0 46.0 -1.89 1.28 0.15 0.4 -0.55 -0.23
170 123.0 278.0 69.0 49.0 -1.79 1.26 0.12 0.55 -0.18 -0.61
171 104.0 268.0 64.0 66.0 -1.76 1.35 0.09 0.36 -0.3 0.46
172 89.0 255.0 64.0 59.0 -1.56 1.74 0.06 0.55 -0.32 0.65
173 81.0 246.0 62.0 58.0 -1.45 2.14 -0.04 -0.17 -0.62 1.0
174 72.0 235.0 61.0 55.0 -1.38 2.28 0.01 0.58 -0.21 1.28
175 85.0 228.0 61.0 51.0 -1.1 2.34 -0.02 0.88 -0.07 1.35
176 78.0 220.0 59.0 49.0 -0.94 2.57 0.03 -0.24 -0.02 1.2
177 95.0 215.0 60.0 45.0 -0.92 2.67 0.08 -1.44 -0.07 1.06
178 86.0 210.0 59.0 42.0 -0.98 2.68 0.08 -2.06 -0.32 0.82
179 71.0 206.0 59.0 40.0 -0.89 2.16 -0.04 -1.2 -0.39 0.36
180 59.0 203.0 59.0 40.0 -0.77 1.73 0.03 0.18 -0.87 -0.63
181 51.0 201.0 58.0 39.0 -0.47 1.11 -0.09 -1.96 0.44 -0.38
182 50.0 202.0 59.0 36.0 -0.11 -0.58 -0.08 -1.25 -1.22 0.81
183 42.0 203.0 62.0 33.0 0.15 -1.66 -0.35 -4.79 -2.38 13.62
184 37.0 201.0 68.0 32.0 0.82 -3.21 -0.17 1.66 0.62 5.25
185 33.0 197.0 71.0 36.0 0.96 -1.05 -0.09 2.17 0.52 -1.02
186 66.0 195.0 82.0 45.0 1.08 -0.41 -0.13 0.71 0.14 0.38
187 57.0 196.0 88.0 49.0 0.9 -0.29 -0.16 -0.14 0.36 0.31
188 51.0 195.0 82.0 50.0 0.62 -0.45 -0.21 0.57 0.76 0.66
189 42.0 192.0 74.0 54.0 0.54 -0.44 -0.21 0.99 0.58 0.42
190 41.0 187.0 75.0 56.0 0.27 -0.31 -0.11 1.02 0.41 0.18
191 37.0 183.0 75.0 59.0 0.22 -0.21 -0.02 1.18 0.51 0.07
192 34.0 179.0 71.0 61.0 0.19 -0.09 -0.02 0.56 0.42 0.24
193 33.0 175.0 69.0 62.0 0.08 0.23 -0.06 0.27 0.4 0.18
194 56.0 170.0 77.0 60.0 0.03 0.43 -0.08 -0.41 0.19 -0.17
195 48.0 165.0 72.0 58.0 0.06 0.43 -0.08 -0.45 0.12 -0.07
196 82.0 160.0 69.0 59.0 0.1 0.22 -0.06 -0.35 0.07 -0.08
197 73.0 156.0 66.0 58.0 0.13 0.15 -0.06 -0.1 0.04 -0.13
198 62.0 150.0 68.0 60.0 0.15 0.15 -0.07 0.21 0.1 -0.02
199 52.0 146.0 64.0 54.0 0.2 0.21 -0.08 0.2 0.1 0.05
200 48.0 142.0 65.0 52.0 0.23 0.33 -0.09 0.33 0.2 0.13
201 48.0 137.0 66.0 50.0 0.22 0.37 -0.09 0.07 0.28 0.08
202 47.0 133.0 63.0 51.0 0.16 0.38 -0.08 -0.03 0.27 0.03
203 41.0 128.0 63.0 51.0 0.1 0.31 -0.06 0.02 0.27 0.04
204 37.0 124.0 63.0 51.0 0.07 0.25 -0.05 0.08 0.17 0.04
