1 90.0 194.0 59.0 31.0 0.02 -0.27 -0.0 -0.33 0.07 -0.15
2 86.0 251.0 60.0 46.0 -0.01 -0.38 -0.01 -0.28 0.09 0.04
3 89.0 331.0 62.0 42.0 0.03 -0.44 -0.02 -0.36 0.08 0.01
4 86.0 304.0 62.0 39.0 0.3 -0.6 -0.04 -0.9 0.15 -0.57
5 83.0 282.0 61.0 36.0 0.25 -0.75 -0.04 -0.56 0.27 -0.46
6 87.0 306.0 62.0 39.0 0.17 -0.87 -0.01 -0.31 0.2 -0.08
7 108.0 315.0 61.0 37.0 -0.02 -1.2 0.08 -0.58 0.02 0.78
8 100.0 383.0 59.0 34.0 -0.12 -1.34 0.2 -1.07 -0.2 1.92
9 95.0 355.0 62.0 43.0 -0.08 -1.34 0.26 -0.96 -0.24 1.49
10 95.0 342.0 62.0 39.0 0.02 -1.2 0.39 -1.51 -0.21 0.38
11 91.0 341.0 64.0 36.0 0.28 -1.78 0.39 -4.53 -3.07 0.79
12 88.0 394.0 65.0 34.0 0.8 -2.75 0.25 -3.41 1.51 1.37
13 94.0 433.0 66.0 35.0 0.74 -4.13 0.44 -1.75 -0.14 2.35
14 108.0 437.0 66.0 48.0 1.08 -4.37 0.56 -1.4 0.46 2.4
15 104.0 440.0 67.0 51.0 1.22 -4.33 0.6 -1.79 0.55 1.62
16 114.0 472.0 68.0 47.0 1.3 -4.71 0.66 -2.39 0.32 0.93
17 116.0 520.0 72.0 43.0 1.47 -5.58 0.55 -0.81 0.07 0.7
18 122.0 485.0 81.0 42.0 1.6 -5.95 0.44 -0.65 0.1 0.59
19 115.0 498.0 82.0 40.0 1.92 -6.14 0.26 -0.01 0.01 0.44
20 112.0 586.0 87.0 40.0 2.13 -5.48 0.16 1.01 0.15 0.29
21 124.0 614.0 86.0 45.0 2.18 -5.09 0.1 0.6 0.03 0.16
22 129.0 722.0 83.0 43.0 2.13 -4.73 -0.09 0.0 0.0 -0.33
23 134.0 769.0 90.0 47.0 2.21 -4.57 -0.38 0.35 0.0 -0.83
24 128.0 870.0 91.0 45.0 2.26 -4.24 -0.48 0.94 -0.05 -0.97
25 137.0 931.0 93.0 50.0 2.21 -3.13 -0.49 0.15 -0.09 -0.88
26 190.0 906.0 97.0 55.0 2.14 -2.43 -0.51 0.15 -0.23 -1.13
27 192.0 777.0 101.0 49.0 2.14 -2.15 -0.51 0.36 -0.62 -1.06
28 230.0 763.0 108.0 51.0 2.07 -1.48 -0.4 -0.12 -0.61 -1.15
29 287.0 712.0 115.0 49.0 1.97 -1.14 -0.35 -0.4 -0.82 -0.89
30 287.0 786.0 112.0 50.0 1.94 -1.03 -0.34 -0.39 -0.77 -0.97
31 304.0 801.0 118.0 55.0 1.71 -0.82 -0.26 -1.01 -0.88 -1.66
32 317.0 799.0 114.0 52.0 1.45 -0.62 -0.21 -1.23 -0.91 -2.39
33 329.0 740.0 121.0 57.0 1.3 -0.52 -0.17 -1.03 -0.9 -2.45
34 321.0 731.0 121.0 75.0 1.0 -0.37 -0.09 -0.75 -0.85 -2.4
35 330.0 717.0 124.0 87.0 0.73 -0.28 -0.04 -1.02 -0.88 -2.18
36 355.0 690.0 121.0 84.0 0.59 -0.3 -0.03 -1.02 -0.88 -2.27
37 350.0 663.0 125.0 89.0 0.36 -0.25 0.01 -0.72 -0.86 -2.04
38 372.0 611.0 125.0 90.0 0.13 -0.19 0.05 -0.6 -0.76 -1.63
39 372.0 655.0 125.0 97.0 0.02 -0.17 0.06 -0.52 -0.75 -1.51
40 352.0 610.0 120.0 108.0 -0.2 -0.11 0.05 -0.46 -0.63 -0.88
41 339.0 625.0 118.0 111.0 -0.36 -0.07 0.0 -0.45 -0.48 -0.76
42 326.0 561.0 122.0 121.0 -0.42 -0.04 -0.02 -0.28 -0.4 -0.75
43 347.0 551.0 126.0 124.0 -0.49 0.0 -0.05 -0.25 -0.3 -0.56
44 319.0 553.0 135.0 133.0 -0.48 0.05 -0.08 -0.22 -0.29 -0.13
45 298.0 585.0 132.0 131.0 -0.48 0.07 -0.09 -0.51 -0.22 0.36
46 274.0 544.0 123.0 134.0 -0.47 0.08 -0.1 -0.67 -0.1 0.57
47 253.0 555.0 125.0 140.0 -0.45 0.1 -0.07 -0.72 0.07 0.3
48 247.0 520.0 120.0 137.0 -0.43 0.09 -0.05 -0.53 0.12 0.16
49 220.0 509.0 124.0 143.0 -0.35 0.05 0.02 -0.2 0.24 0.14
50 204.0 524.0 121.0 145.0 -0.3 -0.02 0.05 -0.11 0.29 0.38
51 190.0 546.0 118.0 144.0 -0.27 -0.05 0.05 -0.11 0.37 0.44
52 179.0 546.0 123.0 138.0 -0.26 -0.05 0.06 -0.07 0.43 0.48
53 175.0 536.0 117.0 134.0 -0.23 -0.02 0.05 0.04 0.44 0.3
54 159.0 535.0 115.0 133.0 -0.21 0.0 0.04 -0.18 0.45 0.29
55 152.0 543.0 117.0 134.0 -0.16 0.04 0.04 -0.13 0.43 0.35
56 161.0 533.0 115.0 130.0 -0.14 0.1 0.03 -0.29 0.39 0.39
57 152.0 473.0 115.0 124.0 -0.13 0.11 0.03 -0.33 0.39 0.36
58 159.0 547.0 114.0 127.0 -0.1 0.09 0.04 -0.33 0.36 0.27
59 150.0 564.0 116.0 116.0 -0.07 0.07 0.07 -0.21 0.24 0.11
60 135.0 495.0 116.0 109.0 -0.05 0.05 0.07 -0.17 0.23 0.0
61 121.0 477.0 115.0 115.0 -0.02 0.04 0.07 -0.06 0.2 -0.03
62 128.0 464.0 113.0 104.0 -0.02 0.03 0.06 -0.14 0.21 0.08
63 120.0 425.0 115.0 103.0 -0.03 0.04 0.05 -0.2 0.21 0.09
64 117.0 433.0 111.0 100.0 -0.05 0.05 0.03 -0.13 0.21 -0.04
65 107.0 440.0 117.0 90.0 -0.06 0.08 0.03 -0.05 0.12 -0.28
66 98.0 414.0 118.0 84.0 -0.06 0.09 0.04 -0.06 0.07 -0.29
67 93.0 391.0 119.0 83.0 -0.06 0.07 0.04 -0.14 0.04 -0.22
68 92.0 411.0 119.0 79.0 -0.07 0.06 0.03 -0.21 -0.01 0.09
69 86.0 429.0 120.0 70.0 -0.08 0.06 0.03 -0.23 -0.03 0.11
70 96.0 448.0 121.0 70.0 -0.1 0.05 0.02 -0.26 -0.03 -0.05
71 93.0 440.0 123.0 64.0 -0.09 0.06 0.02 -0.16 -0.02 -0.07
72 96.0 418.0 121.0 60.0 -0.07 0.06 0.03 -0.09 -0.04 -0.01
73 85.0 454.0 123.0 57.0 -0.06 0.06 0.02 -0.14 -0.01 0.11
74 80.0 431.0 125.0 57.0 -0.05 0.05 0.02 -0.18 0.07 0.09
75 83.0 461.0 124.0 55.0 -0.03 0.03 0.0 -0.15 0.07 0.04
76 78.0 437.0 125.0 56.0 -0.02 0.05 -0.0 -0.15 0.09 -0.09
77 86.0 422.0 124.0 54.0 -0.03 0.07 -0.0 -0.14 0.13 -0.15
78 93.0 505.0 125.0 57.0 -0.05 0.08 0.0 -0.05 0.12 -0.13
79 89.0 483.0 123.0 58.0 -0.06 0.05 0.0 -0.13 0.2 -0.06
80 87.0 462.0 124.0 52.0 -0.05 0.02 -0.0 -0.15 0.14 -0.04
81 83.0 451.0 130.0 49.0 -0.04 -0.01 0.0 -0.16 0.12 0.01
82 90.0 421.0 133.0 46.0 -0.03 0.01 0.0 -0.13 0.09 0.1
83 86.0 429.0 138.0 45.0 -0.02 0.01 0.0 -0.15 0.11 0.05
84 88.0 420.0 134.0 40.0 -0.0 -0.0 -0.0 -0.13 0.09 0.01
85 95.0 412.0 132.0 40.0 0.01 -0.0 -0.01 -0.13 0.11 -0.07
86 94.0 382.0 130.0 38.0 0.01 0.01 -0.01 -0.2 0.06 -0.14
87 95.0 392.0 128.0 36.0 0.0 0.02 -0.01 -0.16 0.05 -0.1
88 107.0 395.0 132.0 35.0 -0.0 0.01 -0.01 -0.23 0.05 -0.15
89 100.0 365.0 136.0 32.0 -0.01 0.01 -0.01 -0.27 0.1 -0.2
90 109.0 367.0 131.0 35.0 -0.02 0.02 0.0 -0.18 0.1 -0.19
91 110.0 403.0 134.0 35.0 -0.03 0.03 0.01 -0.23 0.11 -0.06
92 105.0 427.0 128.0 34.0 -0.03 0.02 0.01 -0.22 0.07 -0.07
93 103.0 442.0 129.0 36.0 -0.04 0.01 0.02 -0.16 0.05 -0.15
94 105.0 436.0 133.0 37.0 -0.03 0.02 0.03 -0.18 0.01 -0.07
95 105.0 430.0 130.0 34.0 -0.03 0.02 0.03 -0.26 0.05 0.02
96 101.0 418.0 132.0 35.0 -0.01 0.01 0.02 -0.31 0.05 0.0
97 120.0 435.0 132.0 35.0 -0.02 0.01 0.02 -0.14 0.04 0.05
98 120.0 439.0 134.0 35.0 -0.01 0.01 0.02 -0.09 0.09 0.0
99 127.0 416.0 132.0 35.0 -0.01 0.02 0.01 -0.06 0.08 0.01
100 116.0 379.0 132.0 34.0 0.0 0.02 -0.0 0.0 0.11 0.08
101 115.0 396.0 137.0 34.0 0.01 0.02 -0.01 -0.01 0.14 0.06
102 120.0 391.0 132.0 35.0 0.01 0.03 -0.03 -0.06 0.15 0.0
103 122.0 389.0 135.0 33.0 0.01 0.03 -0.05 -0.13 0.14 -0.06
104 127.0 361.0 132.0 32.0 0.01 0.04 -0.05 -0.24 0.12 -0.07
105 124.0 335.0 133.0 31.0 0.0 0.07 -0.04 -0.28 0.09 -0.11
106 127.0 322.0 133.0 32.0 -0.0 0.08 -0.02 -0.23 0.05 -0.18
107 122.0 298.0 133.0 32.0 -0.0 0.1 -0.01 -0.34 -0.04 -0.17
108 121.0 314.0 132.0 31.0 -0.03 0.15 0.02 -0.36 -0.02 -0.25
109 117.0 281.0 132.0 30.0 -0.06 0.25 0.05 -0.41 -0.13 -0.31
110 114.0 280.0 132.0 30.0 -0.07 0.33 0.08 -0.33 -0.16 -0.41
111 105.0 263.0 131.0 30.0 -0.11 0.58 0.13 -0.28 -0.17 -0.43
112 102.0 244.0 132.0 30.0 -0.16 0.9 0.18 -0.17 -0.23 -0.61
113 99.0 236.0 132.0 28.0 -0.26 1.22 0.24 -0.06 -0.16 -0.77
114 86.0 219.0 130.0 28.0 -0.32 1.38 0.26 0.14 -0.23 -0.82
115 81.0 227.0 128.0 27.0 -0.51 1.79 0.32 0.28 -0.27 -0.87
116 75.0 271.0 128.0 26.0 -0.63 2.0 0.37 0.27 -0.28 -1.04
117 70.0 258.0 127.0 27.0 -0.9 2.51 0.48 0.35 -0.25 -1.29
118 65.0 241.0 122.0 26.0 -1.05 3.1 0.49 0.19 -0.08 -2.15
119 71.0 225.0 118.0 26.0 -1.18 3.37 0.5 0.37 -0.08 -2.11
120 65.0 209.0 116.0 28.0 -1.45 3.69 0.42 0.5 -0.08 -1.97
121 57.0 206.0 113.0 27.0 -1.69 3.71 0.26 0.71 -0.39 -1.17
122 56.0 205.0 109.0 27.0 -1.73 3.66 0.16 1.13 -0.29 -1.44
123 65.0 197.0 105.0 26.0 -1.83 3.66 -0.04 1.05 -0.25 -2.04
124 61.0 197.0 103.0 26.0 -1.83 3.87 -0.25 0.69 -0.31 -2.29
125 57.0 191.0 102.0 25.0 -1.73 3.93 -0.36 -0.02 -0.38 -2.45
126 57.0 175.0 97.0 25.0 -1.66 3.81 -0.57 0.1 -0.45 -2.29
127 54.0 169.0 96.0 25.0 -1.77 3.69 -0.68 -0.62 -0.87 -1.67
128 47.0 156.0 94.0 24.0 -1.86 3.49 -0.78 -1.06 -1.15 -1.21
129 43.0 146.0 91.0 27.0 -1.84 3.36 -0.84 -0.24 -1.08 -0.88
130 46.0 145.0 91.0 26.0 -1.86 3.11 -0.72 -1.14 -0.87 -0.47
131 45.0 139.0 87.0 25.0 -1.76 3.06 -0.8 -0.68 -0.85 -0.23
132 41.0 132.0 86.0 25.0 -1.59 3.05 -0.92 -0.5 -0.63 -0.01
133 38.0 129.0 85.0 26.0 -1.44 3.05 -0.9 -0.43 -0.3 0.0
134 38.0 124.0 84.0 26.0 -1.41 3.07 -0.89 -0.38 -0.48 0.15
135 35.0 117.0 82.0 26.0 -1.24 3.04 -0.97 -0.62 -0.57 0.26
136 36.0 116.0 81.0 25.0 -1.0 2.79 -1.02 -2.2 -2.07 0.49
137 41.0 111.0 79.0 25.0 -0.76 2.41 -0.87 -0.92 -2.24 1.17
138 41.0 106.0 76.0 29.0 -0.59 1.89 -1.28 -4.51 -1.57 5.28
139 61.0 107.0 74.0 29.0 -0.07 -0.76 -0.34 -2.23 -1.88 -3.89
140 60.0 105.0 71.0 29.0 -1.04 -2.44 0.24 3.52 -0.59 -1.69
141 50.0 103.0 70.0 28.0 0.58 -0.32 0.03 4.7 1.57 -0.56
142 46.0 100.0 69.0 29.0 0.45 1.27 -0.11 -0.53 0.01 1.29
143 47.0 98.0 67.0 31.0 0.15 0.23 -0.1 0.88 -0.25 0.25
144 46.0 99.0 65.0 33.0 0.07 -0.18 -0.15 0.31 -0.04 0.2
145 44.0 97.0 63.0 34.0 -0.1 -0.45 -0.13 -0.46 -0.21 0.09
146 43.0 97.0 61.0 33.0 -0.14 -0.52 -0.06 0.02 -0.38 -0.36
147 40.0 100.0 61.0 34.0 -0.13 -0.64 0.02 0.17 -0.49 -0.3
148 40.0 98.0 59.0 32.0 -0.06 -0.67 -0.0 -0.26 -0.24 0.12
149 38.0 101.0 60.0 34.0 -0.07 -0.65 -0.0 -0.18 -0.09 0.12
150 36.0 105.0 61.0 36.0 -0.05 -0.47 0.02 -0.07 -0.16 0.09
151 41.0 114.0 61.0 35.0 -0.02 -0.3 0.02 0.1 -0.16 0.07
152 40.0 136.0 63.0 33.0 0.01 -0.29 0.02 0.15 -0.08 0.0
153 38.0 159.0 64.0 33.0 0.07 -0.3 0.01 0.1 -0.14 0.01
154 35.0 165.0 65.0 31.0 0.1 -0.28 0.01 0.05 -0.2 0.01
155 34.0 166.0 66.0 31.0 0.13 -0.25 0.01 0.0 -0.19 0.0
156 34.0 157.0 68.0 30.0 0.17 -0.16 0.02 0.14 -0.05 0.07
157 34.0 150.0 69.0 30.0 0.21 -0.13 0.0 0.1 -0.01 0.19
158 31.0 147.0 70.0 29.0 0.2 -0.09 0.01 0.21 0.06 0.23
159 37.0 147.0 73.0 29.0 0.18 -0.05 0.01 0.15 0.04 0.2
160 36.0 141.0 73.0 28.0 0.1 -0.01 0.01 0.05 -0.04 0.07
161 35.0 141.0 76.0 29.0 0.08 0.03 0.01 -0.05 -0.06 0.03
162 38.0 141.0 79.0 30.0 0.06 0.07 0.01 -0.11 0.0 0.01
163 38.0 140.0 80.0 30.0 0.04 0.05 0.01 -0.18 0.01 0.09
164 38.0 141.0 83.0 30.0 0.02 0.05 0.01 -0.07 0.0 0.0
165 36.0 141.0 85.0 30.0 -0.01 0.03 -0.0 -0.12 -0.03 -0.01
166 34.0 141.0 85.0 30.0 -0.02 -0.01 -0.0 -0.05 -0.1 0.0
167 33.0 143.0 87.0 30.0 -0.01 -0.02 -0.0 0.06 -0.11 0.02
168 35.0 148.0 91.0 30.0 -0.01 -0.02 0.01 0.07 -0.09 0.06
169 36.0 149.0 92.0 30.0 -0.01 0.0 0.01 0.04 -0.07 0.02
170 36.0 150.0 94.0 30.0 -0.01 0.01 0.0 0.01 -0.02 0.0
