1 97.0 150.0 98.0 28.0 -0.01 0.0 -0.01 0.0 -0.02 0.0
2 95.0 149.0 97.0 28.0 -0.01 0.0 -0.0 -0.02 -0.02 -0.01
3 95.0 150.0 97.0 28.0 -0.01 0.0 0.0 -0.04 -0.02 -0.01
4 92.0 146.0 95.0 27.0 -0.01 -0.01 -0.0 0.01 -0.05 0.0
5 91.0 145.0 94.0 27.0 -0.0 -0.01 -0.0 -0.01 -0.03 0.0
6 94.0 145.0 96.0 27.0 -0.0 -0.01 -0.0 0.01 -0.03 0.0
7 95.0 143.0 96.0 27.0 -0.0 0.0 -0.0 0.01 -0.01 0.01
8 92.0 139.0 97.0 26.0 -0.0 0.0 -0.01 0.0 0.0 -0.01
9 93.0 137.0 98.0 27.0 -0.01 0.01 -0.0 0.0 -0.02 -0.02
10 89.0 132.0 97.0 26.0 0.0 0.02 -0.01 -0.06 -0.04 -0.02
11 90.0 133.0 99.0 26.0 0.0 0.01 0.0 -0.04 -0.04 -0.04
12 91.0 131.0 100.0 26.0 0.0 0.0 0.0 0.0 -0.04 -0.02
13 90.0 128.0 99.0 26.0 0.01 0.0 0.01 -0.02 -0.02 0.0
14 91.0 131.0 100.0 26.0 0.0 0.0 0.01 0.01 -0.02 -0.02
15 94.0 132.0 101.0 25.0 0.01 0.0 0.0 0.0 -0.01 -0.02
16 87.0 131.0 100.0 26.0 0.01 0.0 0.01 0.0 -0.01 0.0
17 86.0 131.0 100.0 25.0 0.01 0.0 0.0 0.0 0.0 -0.01
18 87.0 131.0 101.0 25.0 0.01 0.01 0.0 0.0 0.0 -0.02
19 82.0 131.0 98.0 26.0 0.01 0.01 0.0 0.0 0.0 0.0
20 81.0 131.0 98.0 25.0 0.01 0.02 0.0 -0.02 -0.01 -0.02
21 80.0 131.0 98.0 25.0 0.0 0.01 0.0 -0.01 0.0 -0.01
22 78.0 128.0 95.0 26.0 -0.0 0.01 -0.0 -0.02 0.01 -0.02
23 76.0 126.0 94.0 25.0 -0.01 0.0 -0.0 -0.04 -0.01 -0.03
24 78.0 123.0 94.0 25.0 -0.01 -0.0 0.0 -0.03 -0.01 -0.01
25 80.0 132.0 93.0 25.0 -0.02 -0.01 -0.0 -0.01 0.0 0.0
26 80.0 139.0 92.0 26.0 -0.02 -0.02 -0.0 -0.07 0.0 -0.05
27 82.0 157.0 93.0 26.0 -0.02 -0.02 -0.0 -0.08 -0.03 -0.05
28 78.0 189.0 91.0 26.0 -0.01 -0.04 0.0 -0.09 0.0 -0.01
29 76.0 218.0 90.0 26.0 -0.02 -0.06 0.01 -0.06 -0.05 0.0
30 79.0 241.0 90.0 37.0 -0.02 -0.09 0.02 -0.16 0.02 0.01
31 75.0 255.0 88.0 36.0 0.0 -0.19 0.02 -0.19 -0.01 0.01
32 77.0 242.0 90.0 34.0 0.02 -0.25 0.02 -0.36 -0.02 -0.1
33 87.0 323.0 94.0 47.0 0.06 -0.39 0.01 -0.39 0.02 -0.07
34 90.0 333.0 96.0 44.0 0.1 -0.55 -0.01 -0.55 0.0 -0.35
35 119.0 343.0 95.0 48.0 0.14 -0.64 -0.01 -0.12 -0.15 -0.2
36 109.0 330.0 95.0 70.0 0.24 -0.79 0.03 -0.44 -0.07 0.2
37 111.0 322.0 96.0 71.0 0.19 -0.98 0.13 -1.23 0.11 1.3
38 107.0 304.0 96.0 77.0 0.12 -1.2 0.18 -2.11 0.08 2.11
39 123.0 332.0 100.0 71.0 0.07 -2.04 0.19 -1.41 0.41 2.19
40 123.0 323.0 98.0 64.0 -0.08 -2.32 0.34 -1.38 -0.81 1.15
41 120.0 396.0 98.0 56.0 0.04 -2.26 0.3 1.41 4.95 2.02
42 125.0 464.0 101.0 49.0 1.08 -3.28 0.19 -1.72 -0.03 1.76
43 128.0 485.0 108.0 45.0 0.89 -3.79 0.48 -2.26 0.05 2.16
44 122.0 525.0 108.0 42.0 0.89 -3.79 0.48 -1.18 0.59 2.24
45 125.0 555.0 110.0 38.0 1.35 -4.5 0.44 -0.86 0.31 1.92
46 115.0 559.0 106.0 36.0 1.74 -5.12 0.27 0.34 0.45 1.51
47 115.0 609.0 106.0 34.0 1.74 -5.12 0.27 0.55 0.4 0.89
48 112.0 565.0 108.0 39.0 1.9 -4.6 0.0 0.78 0.37 0.79
49 120.0 534.0 102.0 39.0 2.01 -3.8 -0.11 0.86 0.5 -0.2
50 130.0 533.0 103.0 41.0 2.01 -3.8 -0.11 0.47 0.25 -0.48
51 140.0 604.0 104.0 37.0 1.96 -3.21 -0.27 0.23 -0.06 -0.41
52 127.0 720.0 104.0 38.0 1.99 -3.09 -0.42 0.11 0.0 -0.96
53 144.0 831.0 102.0 57.0 1.99 -3.09 -0.42 0.8 0.11 -1.33
54 131.0 795.0 99.0 57.0 1.87 -2.44 -0.46 0.68 0.03 -1.26
55 170.0 782.0 102.0 55.0 1.77 -1.82 -0.44 0.03 -0.12 -1.49
56 168.0 728.0 101.0 53.0 1.69 -1.59 -0.41 -0.02 -0.44 -1.43
57 174.0 836.0 96.0 48.0 1.58 -1.28 -0.35 -0.33 -0.21 -1.35
58 183.0 855.0 90.0 47.0 1.49 -1.03 -0.35 0.18 -0.35 -1.55
59 212.0 900.0 105.0 54.0 1.46 -0.95 -0.36 0.07 -0.59 -1.4
60 224.0 873.0 110.0 52.0 1.42 -0.82 -0.36 -0.21 -0.71 -1.53
61 229.0 835.0 104.0 53.0 1.28 -0.68 -0.33 -0.48 -0.59 -1.33
62 251.0 727.0 105.0 52.0 1.17 -0.59 -0.32 -0.46 -0.66 -1.2
63 278.0 670.0 98.0 51.0 0.95 -0.49 -0.33 -0.53 -0.64 -1.29
64 281.0 792.0 106.0 52.0 0.73 -0.4 -0.32 -0.44 -0.74 -1.45
65 292.0 730.0 103.0 48.0 0.64 -0.37 -0.31 -0.62 -0.66 -1.81
66 299.0 659.0 98.0 45.0 0.5 -0.29 -0.26 -0.73 -0.57 -1.97
67 294.0 616.0 93.0 44.0 0.31 -0.2 -0.19 -0.35 -0.39 -1.77
68 292.0 651.0 94.0 44.0 0.23 -0.17 -0.16 -0.29 -0.29 -1.56
69 290.0 584.0 94.0 46.0 0.07 -0.13 -0.11 -0.16 -0.27 -1.53
70 290.0 576.0 98.0 43.0 -0.07 -0.05 -0.09 -0.34 -0.18 -1.63
71 276.0 564.0 92.0 45.0 -0.14 -0.01 -0.06 -0.15 -0.08 -1.28
72 257.0 616.0 91.0 46.0 -0.26 0.06 -0.04 -0.11 -0.02 -1.05
73 255.0 587.0 94.0 45.0 -0.33 0.05 -0.07 -0.05 -0.06 -0.63
74 250.0 580.0 93.0 44.0 -0.34 0.03 -0.09 0.0 0.09 -0.65
75 229.0 577.0 100.0 48.0 -0.36 0.04 -0.09 -0.17 0.14 -0.55
76 222.0 539.0 98.0 47.0 -0.33 0.04 -0.09 -0.17 0.11 0.07
77 217.0 600.0 96.0 48.0 -0.3 0.06 -0.09 -0.16 0.29 0.1
78 205.0 587.0 96.0 47.0 -0.24 0.09 -0.06 -0.14 0.3 0.15
79 189.0 619.0 98.0 55.0 -0.2 0.07 -0.03 -0.34 0.37 0.33
80 219.0 603.0 99.0 54.0 -0.15 0.01 -0.02 -0.07 0.49 0.11
81 195.0 563.0 95.0 52.0 -0.05 -0.02 0.02 -0.12 0.56 0.02
82 176.0 528.0 99.0 55.0 0.01 -0.01 0.05 -0.08 0.66 0.22
83 156.0 550.0 100.0 51.0 0.02 -0.01 0.05 0.07 0.65 0.12
84 147.0 580.0 103.0 58.0 0.02 0.02 0.05 0.19 0.67 0.17
85 144.0 545.0 99.0 58.0 0.01 0.02 0.03 0.2 0.64 -0.09
86 147.0 567.0 98.0 56.0 0.02 0.0 0.03 0.13 0.64 -0.28
87 153.0 617.0 96.0 56.0 0.03 -0.02 0.03 0.26 0.56 -0.26
88 136.0 569.0 100.0 57.0 0.02 0.02 0.03 0.24 0.39 -0.02
89 127.0 563.0 106.0 55.0 0.01 0.02 0.02 0.09 0.32 -0.05
90 124.0 506.0 107.0 52.0 0.0 0.0 0.01 0.09 0.2 -0.16
91 121.0 462.0 119.0 51.0 0.01 0.03 0.01 0.06 0.15 -0.39
92 110.0 467.0 120.0 45.0 -0.0 0.05 0.02 -0.05 0.05 -0.14
93 110.0 522.0 124.0 43.0 -0.05 0.05 0.04 -0.09 0.06 -0.16
94 99.0 529.0 142.0 60.0 -0.07 0.02 0.03 0.05 0.05 -0.41
95 123.0 497.0 136.0 57.0 -0.08 0.03 0.03 -0.01 0.07 -0.42
96 114.0 505.0 128.0 54.0 -0.14 0.1 0.07 0.04 0.03 -0.37
97 114.0 454.0 123.0 50.0 -0.17 0.15 0.11 0.24 -0.01 -0.46
98 99.0 535.0 123.0 47.0 -0.16 0.14 0.1 0.07 0.05 -0.41
99 96.0 511.0 121.0 45.0 -0.12 0.1 0.08 0.09 0.01 -0.16
100 98.0 507.0 119.0 43.0 -0.1 0.1 0.04 0.0 0.08 -0.08
101 87.0 537.0 119.0 41.0 -0.09 0.11 0.02 0.05 0.08 -0.06
102 91.0 470.0 124.0 49.0 -0.08 0.1 -0.01 0.06 0.11 -0.17
103 89.0 479.0 117.0 54.0 -0.08 0.11 -0.03 0.03 0.19 -0.17
104 98.0 476.0 111.0 48.0 -0.08 0.12 -0.03 0.1 0.21 -0.2
105 91.0 457.0 111.0 45.0 -0.08 0.11 -0.03 0.04 0.26 -0.19
106 91.0 431.0 111.0 42.0 -0.07 0.06 -0.03 0.04 0.24 -0.16
107 95.0 429.0 110.0 40.0 -0.06 0.03 -0.04 -0.02 0.25 -0.24
108 85.0 441.0 108.0 39.0 -0.05 -0.01 -0.03 0.0 0.22 -0.16
109 77.0 454.0 107.0 36.0 -0.06 -0.01 -0.02 0.04 0.19 -0.07
110 76.0 412.0 110.0 35.0 -0.05 0.0 -0.02 0.06 0.21 -0.05
111 79.0 409.0 107.0 35.0 -0.05 0.03 -0.01 0.09 0.16 -0.18
112 78.0 387.0 109.0 33.0 -0.05 0.04 -0.0 0.05 0.23 -0.16
113 73.0 400.0 111.0 36.0 -0.05 0.04 -0.01 0.09 0.25 -0.19
114 71.0 407.0 113.0 35.0 -0.03 0.01 -0.01 0.13 0.17 -0.15
115 74.0 452.0 113.0 36.0 -0.0 -0.01 -0.01 0.01 0.18 -0.05
116 76.0 414.0 118.0 34.0 -0.0 -0.02 -0.0 0.02 0.15 -0.03
117 83.0 438.0 116.0 40.0 -0.01 -0.01 0.0 0.04 0.2 -0.04
118 86.0 453.0 116.0 39.0 -0.03 0.03 0.02 0.04 0.22 -0.15
119 95.0 451.0 117.0 36.0 -0.03 0.05 0.03 0.05 0.22 -0.25
120 96.0 539.0 123.0 38.0 -0.01 0.02 0.04 0.06 0.22 -0.35
121 99.0 487.0 119.0 35.0 0.01 0.0 0.03 -0.01 0.15 -0.01
122 95.0 470.0 117.0 33.0 0.01 -0.0 0.02 -0.09 0.18 -0.07
123 85.0 526.0 116.0 32.0 0.01 -0.03 -0.0 -0.01 0.16 -0.11
124 90.0 493.0 113.0 35.0 0.02 -0.0 -0.0 -0.04 0.11 -0.17
125 84.0 468.0 128.0 33.0 0.02 0.01 0.0 0.0 0.09 -0.24
126 81.0 450.0 128.0 32.0 0.03 0.04 0.02 -0.01 0.09 -0.27
127 80.0 522.0 129.0 33.0 0.03 0.05 0.03 -0.06 0.03 -0.11
128 82.0 510.0 127.0 32.0 0.03 0.05 0.02 -0.11 0.07 -0.16
129 92.0 469.0 123.0 30.0 0.0 0.08 0.02 -0.12 0.07 -0.37
130 89.0 434.0 120.0 29.0 -0.03 0.07 0.03 -0.04 0.03 -0.43
131 85.0 409.0 115.0 31.0 -0.05 0.06 0.03 -0.03 0.0 -0.45
132 89.0 379.0 111.0 32.0 -0.07 0.08 0.05 -0.02 0.01 -0.42
133 93.0 359.0 111.0 32.0 -0.1 0.17 0.08 -0.01 -0.07 -0.38
134 88.0 312.0 107.0 30.0 -0.1 0.23 0.1 0.03 -0.09 -0.41
135 82.0 282.0 106.0 29.0 -0.09 0.38 0.13 0.12 -0.16 -0.48
136 80.0 260.0 105.0 28.0 -0.1 0.67 0.19 0.25 -0.24 -0.49
137 74.0 246.0 104.0 27.0 -0.13 0.88 0.22 0.16 -0.22 -0.5
138 65.0 238.0 101.0 27.0 -0.25 1.35 0.34 -0.16 -0.16 -0.42
139 59.0 238.0 101.0 26.0 -0.45 1.59 0.42 -0.14 -0.01 -0.49
140 58.0 229.0 99.0 26.0 -0.53 1.65 0.41 -0.02 -0.06 -0.53
141 51.0 222.0 97.0 25.0 -0.61 1.8 0.38 0.28 -0.13 -0.69
142 47.0 211.0 96.0 25.0 -0.71 1.95 0.33 0.34 -0.08 -1.02
143 46.0 217.0 94.0 25.0 -0.81 2.0 0.32 0.38 -0.02 -1.09
144 47.0 216.0 92.0 24.0 -1.03 1.79 0.27 0.24 -0.1 -1.24
145 55.0 214.0 91.0 24.0 -1.1 1.49 0.2 0.53 -0.17 -1.63
146 60.0 207.0 88.0 24.0 -1.11 1.43 0.17 0.64 -0.19 -1.81
147 61.0 196.0 87.0 24.0 -1.08 1.47 0.12 0.14 -0.12 -2.4
148 78.0 186.0 86.0 24.0 -1.2 1.59 0.11 0.18 0.03 -2.36
149 86.0 182.0 84.0 24.0 -1.35 1.72 0.12 0.38 0.02 -2.21
150 79.0 179.0 84.0 23.0 -1.67 2.15 0.11 0.69 -0.12 -1.66
151 76.0 180.0 82.0 24.0 -1.95 2.72 0.02 0.4 -0.01 -1.55
152 74.0 175.0 81.0 24.0 -2.08 2.96 -0.02 0.15 -0.41 -1.42
153 65.0 170.0 79.0 24.0 -2.29 3.36 -0.15 0.3 -0.22 -1.52
154 81.0 163.0 79.0 27.0 -2.45 3.64 -0.28 0.66 -0.21 -1.25
155 72.0 159.0 77.0 25.0 -2.54 3.73 -0.35 0.64 -0.27 -0.85
156 63.0 157.0 76.0 26.0 -2.56 3.59 -0.53 0.93 -0.36 -0.47
157 55.0 150.0 74.0 27.0 -2.45 3.27 -0.5 0.37 -0.74 -0.52
158 52.0 145.0 75.0 26.0 -2.18 3.16 -0.61 0.3 -0.64 -0.43
159 47.0 142.0 73.0 26.0 -1.9 3.09 -0.8 -0.17 -0.73 -0.44
160 44.0 138.0 73.0 26.0 -1.7 2.81 -0.79 0.25 -0.85 -0.4
161 41.0 132.0 73.0 26.0 -1.6 2.54 -0.69 -0.65 -0.35 -0.46
162 39.0 128.0 72.0 25.0 -1.57 2.06 -0.67 -1.21 -1.86 -1.53
163 41.0 123.0 71.0 27.0 1.18 0.12 -0.82 -23.92 9.53 12.19
164 45.0 119.0 69.0 25.0 -0.08 -4.26 0.4 -2.66 0.28 -2.1
165 43.0 118.0 69.0 26.0 0.11 -2.57 0.08 3.59 -0.57 -0.53
166 41.0 115.0 69.0 26.0 0.61 0.2 -0.05 2.63 0.94 1.69
167 38.0 110.0 71.0 26.0 0.48 0.51 -0.16 0.77 -0.19 1.45
168 37.0 108.0 68.0 26.0 0.16 -0.04 -0.14 1.37 0.57 0.4
169 38.0 106.0 67.0 26.0 -0.14 -0.12 -0.18 0.64 0.19 0.39
170 37.0 106.0 65.0 26.0 -0.15 -0.13 -0.19 0.03 0.17 0.56
171 38.0 107.0 66.0 26.0 -0.06 -0.01 -0.06 0.2 0.2 0.12
172 36.0 105.0 65.0 26.0 0.01 0.14 -0.03 -0.15 0.01 0.13
173 34.0 104.0 64.0 26.0 0.02 0.21 -0.03 -0.12 0.17 0.1
174 33.0 103.0 65.0 26.0 -0.0 0.33 -0.05 -0.22 0.07 -0.05
175 32.0 102.0 63.0 27.0 0.01 0.33 -0.07 -0.3 -0.04 -0.09
176 33.0 104.0 63.0 28.0 0.02 0.3 -0.07 -0.18 -0.03 -0.09
177 33.0 104.0 63.0 28.0 0.07 0.14 -0.04 0.0 -0.01 -0.06
178 31.0 102.0 62.0 27.0 0.09 0.05 -0.02 0.03 -0.09 -0.01
179 34.0 107.0 62.0 26.0 0.08 0.05 -0.01 0.04 0.0 0.0
180 38.0 108.0 64.0 28.0 0.07 0.08 0.0 0.11 0.0 0.07
181 35.0 108.0 63.0 27.0 0.1 0.09 -0.01 0.13 0.05 0.09
182 35.0 111.0 64.0 28.0 0.12 0.09 -0.02 0.09 0.06 0.08
183 37.0 114.0 66.0 28.0 0.13 0.1 -0.04 0.13 0.07 0.08
184 36.0 113.0 64.0 28.0 0.13 0.1 -0.04 0.15 0.06 0.14
185 36.0 119.0 63.0 27.0 0.12 0.1 -0.03 0.19 0.04 0.13
186 38.0 122.0 64.0 27.0 0.1 0.12 -0.03 0.1 0.01 0.08
187 36.0 122.0 62.0 28.0 0.09 0.13 -0.04 0.01 0.0 0.09
