1 60.0 145.0 72.0 26.0 0.02 -0.02 0.01 0.03 0.07 0.0
2 61.0 151.0 72.0 26.0 0.01 -0.02 0.01 0.03 0.04 0.02
3 58.0 147.0 76.0 26.0 0.01 -0.02 0.0 0.0 0.06 0.01
4 60.0 163.0 76.0 25.0 0.01 -0.03 -0.0 0.01 0.06 0.01
5 60.0 205.0 75.0 26.0 0.0 -0.03 -0.01 0.04 0.05 0.04
6 62.0 237.0 75.0 26.0 -0.0 -0.04 -0.01 0.07 0.01 0.01
7 62.0 310.0 75.0 25.0 0.02 -0.06 -0.01 0.04 0.03 -0.03
8 63.0 336.0 75.0 33.0 0.07 -0.11 -0.01 -0.03 0.04 0.01
9 62.0 326.0 73.0 30.0 0.16 -0.17 -0.02 -0.12 0.0 -0.05
10 75.0 350.0 75.0 36.0 0.2 -0.22 -0.02 -0.08 -0.06 -0.01
11 77.0 365.0 78.0 33.0 0.26 -0.25 0.0 -0.04 -0.05 0.0
12 77.0 434.0 76.0 43.0 0.25 -0.31 0.02 -0.02 0.16 0.01
13 102.0 505.0 78.0 45.0 0.21 -0.38 0.01 -0.42 0.02 -0.06
14 115.0 501.0 76.0 51.0 0.13 -0.56 0.03 -0.46 -0.12 -0.19
15 102.0 455.0 78.0 57.0 0.28 -0.85 0.06 -1.21 0.0 -0.27
16 112.0 541.0 82.0 49.0 0.35 -1.09 0.09 -1.89 -0.15 0.46
17 105.0 514.0 83.0 44.0 0.25 -1.92 0.11 -1.63 0.43 0.79
18 117.0 540.0 80.0 69.0 0.07 -2.96 0.29 -1.58 0.35 1.21
19 110.0 495.0 84.0 64.0 -0.03 -3.29 0.35 -6.98 -6.09 1.39
20 106.0 523.0 88.0 56.0 0.62 -4.36 -0.01 2.68 3.68 2.4
21 122.0 555.0 93.0 52.0 0.45 -4.96 0.14 -0.16 -0.08 1.12
22 123.0 520.0 89.0 47.0 0.45 -4.76 0.18 0.38 0.11 1.76
23 130.0 588.0 94.0 43.0 0.98 -4.38 -0.1 -0.04 0.97 1.47
24 121.0 607.0 95.0 41.0 0.92 -3.85 -0.03 -1.73 -1.47 1.17
25 119.0 633.0 97.0 37.0 1.44 -4.19 -0.35 0.36 -0.14 1.37
26 120.0 698.0 96.0 47.0 1.74 -4.41 -0.39 1.0 0.02 1.25
27 117.0 703.0 95.0 42.0 1.76 -3.76 -0.32 1.52 0.34 1.02
28 119.0 763.0 91.0 43.0 1.78 -3.32 -0.36 0.56 0.24 0.3
29 107.0 801.0 92.0 42.0 1.82 -2.82 -0.43 0.66 0.29 0.13
30 104.0 726.0 91.0 41.0 1.87 -2.39 -0.49 0.73 0.13 -0.09
31 100.0 715.0 91.0 45.0 1.88 -2.21 -0.5 0.45 0.06 -0.15
32 102.0 643.0 92.0 44.0 1.84 -2.05 -0.51 0.49 -0.08 0.0
33 100.0 632.0 89.0 40.0 1.78 -1.85 -0.54 0.09 -0.2 -0.09
34 112.0 641.0 89.0 40.0 1.74 -1.76 -0.56 -0.22 -0.16 -0.75
35 131.0 627.0 104.0 39.0 1.66 -1.46 -0.55 -0.13 -0.09 -1.07
36 138.0 653.0 118.0 37.0 1.52 -1.16 -0.52 -0.37 -0.16 -0.93
37 146.0 590.0 114.0 36.0 1.47 -1.08 -0.53 -0.42 -0.36 -0.75
38 155.0 618.0 106.0 35.0 1.32 -0.8 -0.48 -0.5 -0.27 -0.63
39 163.0 610.0 101.0 35.0 1.17 -0.58 -0.45 -0.7 -0.26 -1.41
40 179.0 567.0 96.0 36.0 1.11 -0.54 -0.45 -0.94 -0.32 -1.89
41 198.0 563.0 97.0 35.0 1.03 -0.56 -0.45 -0.74 -0.35 -1.93
42 206.0 564.0 107.0 47.0 0.96 -0.53 -0.41 -0.36 -0.44 -1.28
43 222.0 618.0 101.0 46.0 0.93 -0.49 -0.37 -0.58 -0.44 -0.69
44 212.0 616.0 96.0 47.0 0.85 -0.37 -0.34 -0.9 -0.32 -0.86
45 242.0 665.0 96.0 53.0 0.78 -0.25 -0.32 -1.11 -0.29 -1.42
46 239.0 616.0 90.0 52.0 0.73 -0.19 -0.29 -1.43 -0.29 -1.65
47 233.0 615.0 92.0 55.0 0.63 -0.15 -0.24 -1.24 -0.23 -1.66
48 234.0 652.0 99.0 53.0 0.55 -0.2 -0.21 -0.85 -0.18 -1.47
49 219.0 638.0 96.0 54.0 0.5 -0.18 -0.18 -0.82 -0.1 -1.28
50 230.0 603.0 93.0 54.0 0.4 -0.15 -0.12 -0.99 -0.02 -1.38
51 223.0 587.0 88.0 56.0 0.27 -0.11 -0.05 -0.65 0.01 -1.35
52 216.0 603.0 97.0 64.0 0.2 -0.08 -0.02 -0.6 0.0 -1.03
53 213.0 578.0 95.0 69.0 0.08 -0.06 0.01 -0.35 0.03 -0.84
54 201.0 588.0 97.0 72.0 0.01 -0.06 0.01 -0.24 0.05 -0.54
55 202.0 542.0 93.0 77.0 -0.03 -0.05 0.02 -0.12 0.01 -0.01
56 196.0 478.0 97.0 82.0 -0.08 -0.03 0.01 -0.21 0.07 -0.02
57 185.0 545.0 91.0 85.0 -0.09 -0.04 -0.01 -0.01 0.07 0.01
58 183.0 498.0 88.0 83.0 -0.11 -0.02 -0.02 0.08 0.15 0.41
59 173.0 530.0 88.0 95.0 -0.11 0.03 -0.04 0.01 0.28 0.33
60 176.0 513.0 86.0 89.0 -0.13 0.04 -0.06 -0.04 0.43 -0.03
61 163.0 494.0 86.0 88.0 -0.11 0.06 -0.07 -0.36 0.44 -0.03
62 150.0 469.0 85.0 88.0 -0.06 0.06 -0.03 -0.16 0.39 0.22
63 140.0 510.0 85.0 90.0 -0.03 -0.01 -0.02 -0.09 0.37 0.32
64 132.0 472.0 87.0 90.0 0.01 -0.05 -0.01 -0.16 0.35 0.3
65 119.0 469.0 95.0 92.0 0.06 -0.05 0.02 -0.02 0.3 0.36
66 140.0 476.0 89.0 83.0 0.07 0.01 0.02 -0.15 0.31 0.37
67 128.0 454.0 89.0 88.0 0.07 0.01 0.03 -0.25 0.26 0.03
68 124.0 434.0 87.0 86.0 0.08 0.01 0.03 -0.34 0.27 0.01
69 121.0 422.0 99.0 85.0 0.08 0.03 0.05 -0.38 0.16 -0.21
70 113.0 407.0 99.0 79.0 0.07 0.03 0.05 -0.28 0.12 -0.42
71 108.0 405.0 96.0 73.0 0.07 0.03 0.06 -0.3 0.1 -0.52
72 107.0 455.0 91.0 71.0 0.05 0.0 0.08 -0.28 0.07 -0.55
73 98.0 423.0 94.0 72.0 0.03 -0.0 0.08 -0.26 0.07 -0.53
74 91.0 409.0 89.0 66.0 -0.02 0.01 0.09 -0.26 0.11 -0.48
75 99.0 473.0 95.0 70.0 -0.05 0.02 0.09 -0.17 0.08 -0.5
76 100.0 452.0 93.0 65.0 -0.07 0.03 0.08 -0.11 0.05 -0.4
77 100.0 474.0 89.0 63.0 -0.08 0.0 0.06 -0.12 0.03 -0.39
78 98.0 496.0 90.0 61.0 -0.08 -0.01 0.04 -0.17 0.03 -0.15
79 100.0 503.0 89.0 62.0 -0.09 0.02 0.03 -0.3 0.1 -0.05
80 102.0 468.0 88.0 63.0 -0.09 0.05 0.01 -0.24 0.12 -0.01
81 92.0 450.0 83.0 59.0 -0.09 0.08 0.0 -0.35 0.16 0.09
82 81.0 457.0 86.0 60.0 -0.09 0.1 0.01 -0.25 0.08 0.0
83 74.0 434.0 84.0 60.0 -0.1 0.1 0.0 -0.25 0.1 -0.14
84 91.0 432.0 87.0 60.0 -0.09 0.09 0.0 -0.25 0.07 -0.23
85 92.0 422.0 93.0 56.0 -0.09 0.07 0.0 -0.17 0.12 -0.29
86 82.0 433.0 96.0 57.0 -0.07 0.03 0.02 -0.15 0.12 -0.24
87 74.0 399.0 95.0 53.0 -0.07 0.03 0.04 -0.12 0.11 0.02
88 71.0 395.0 97.0 54.0 -0.07 0.01 0.04 -0.08 0.15 0.04
89 83.0 428.0 93.0 56.0 -0.05 -0.0 0.05 -0.08 0.13 0.02
90 88.0 444.0 93.0 55.0 -0.04 -0.01 0.05 -0.02 0.15 -0.05
91 76.0 462.0 95.0 55.0 -0.04 -0.01 0.05 -0.01 0.15 -0.09
92 69.0 459.0 101.0 53.0 -0.03 -0.01 0.05 -0.01 0.17 -0.1
93 68.0 440.0 104.0 51.0 -0.02 -0.0 0.04 -0.16 0.18 -0.04
94 84.0 459.0 99.0 47.0 -0.02 0.01 0.04 -0.19 0.15 -0.06
95 92.0 482.0 100.0 43.0 -0.04 0.01 0.04 -0.14 0.12 -0.1
96 87.0 443.0 96.0 40.0 -0.03 -0.01 0.05 -0.09 0.16 -0.19
97 81.0 458.0 100.0 39.0 -0.03 -0.01 0.05 -0.1 0.11 -0.12
98 77.0 446.0 101.0 41.0 -0.03 -0.01 0.06 -0.06 0.12 -0.09
99 82.0 421.0 98.0 39.0 -0.04 0.03 0.05 -0.13 0.19 -0.17
100 79.0 442.0 95.0 41.0 -0.05 0.04 0.04 -0.15 0.17 -0.14
101 69.0 453.0 105.0 40.0 -0.04 0.01 0.03 -0.09 0.12 -0.17
102 71.0 440.0 103.0 37.0 -0.03 -0.04 0.03 -0.15 0.1 -0.09
103 62.0 446.0 102.0 37.0 -0.03 -0.04 0.03 -0.12 0.1 -0.03
104 68.0 440.0 101.0 38.0 -0.03 -0.01 0.03 -0.16 0.13 -0.06
105 77.0 419.0 105.0 38.0 -0.03 0.04 0.04 -0.17 0.19 -0.1
106 70.0 382.0 107.0 37.0 -0.02 0.04 0.03 -0.07 0.2 0.0
107 78.0 374.0 102.0 37.0 -0.01 0.01 0.03 -0.09 0.24 -0.06
108 80.0 390.0 101.0 36.0 0.01 -0.02 0.02 -0.09 0.21 -0.02
109 82.0 412.0 99.0 37.0 0.01 -0.0 0.01 -0.13 0.17 -0.06
110 87.0 427.0 97.0 36.0 0.01 0.03 0.03 -0.13 0.19 -0.13
111 87.0 393.0 98.0 34.0 0.01 0.06 0.03 -0.1 0.12 -0.08
112 88.0 397.0 97.0 33.0 0.02 0.06 0.03 -0.05 0.06 -0.1
113 90.0 367.0 95.0 32.0 0.01 0.05 0.03 -0.07 0.04 -0.14
114 90.0 363.0 93.0 31.0 0.0 0.04 0.03 -0.06 0.06 -0.23
115 87.0 357.0 92.0 30.0 -0.0 0.07 0.04 -0.11 -0.02 -0.37
116 88.0 323.0 91.0 31.0 -0.02 0.17 0.05 -0.16 -0.06 -0.41
117 88.0 306.0 90.0 29.0 -0.05 0.36 0.07 -0.1 -0.17 -0.47
118 83.0 273.0 88.0 28.0 -0.06 0.51 0.09 -0.04 -0.22 -0.42
119 76.0 256.0 88.0 27.0 -0.08 0.89 0.15 -0.05 -0.23 -0.42
120 68.0 235.0 85.0 27.0 -0.2 1.28 0.25 -0.28 -0.23 -0.43
121 64.0 219.0 85.0 27.0 -0.28 1.4 0.29 -0.09 -0.19 -0.59
122 64.0 211.0 85.0 27.0 -0.43 1.52 0.33 0.25 -0.22 -0.53
123 67.0 212.0 84.0 26.0 -0.57 1.65 0.34 0.43 -0.13 -0.59
124 59.0 208.0 83.0 26.0 -0.65 1.79 0.34 0.2 0.1 -0.87
125 56.0 213.0 83.0 25.0 -0.81 2.18 0.32 0.3 0.16 -0.98
126 52.0 209.0 82.0 25.0 -1.11 2.56 0.3 0.47 0.2 -1.08
127 50.0 209.0 81.0 25.0 -1.26 2.7 0.27 0.56 0.12 -0.96
128 51.0 228.0 79.0 25.0 -1.49 2.8 0.18 0.58 0.13 -0.93
129 48.0 220.0 78.0 25.0 -1.6 2.71 0.04 0.52 0.04 -1.49
130 48.0 222.0 77.0 24.0 -1.59 2.62 -0.05 0.26 0.25 -2.24
131 50.0 215.0 76.0 24.0 -1.59 2.41 -0.19 -0.34 0.01 -2.88
132 49.0 200.0 74.0 25.0 -1.55 2.36 -0.25 -0.67 0.1 -3.4
133 51.0 208.0 72.0 24.0 -1.66 2.31 -0.21 -0.71 0.02 -3.51
134 55.0 197.0 73.0 24.0 -1.81 2.48 -0.12 -0.66 -0.18 -3.12
135 54.0 193.0 72.0 24.0 -1.85 2.63 -0.09 -0.49 -0.34 -2.4
136 53.0 182.0 71.0 40.0 -1.99 2.92 -0.08 -0.72 -0.58 -0.87
137 63.0 196.0 70.0 38.0 -2.12 2.97 -0.08 -0.54 -0.57 -0.64
138 65.0 213.0 68.0 35.0 -2.18 3.07 -0.25 -0.74 -0.79 -0.01
139 59.0 207.0 67.0 33.0 -2.12 3.01 -0.36 0.47 -0.58 -0.11
140 52.0 197.0 68.0 31.0 -2.05 2.89 -0.28 -0.14 -1.14 -0.22
141 48.0 179.0 67.0 30.0 -1.76 2.84 -0.47 -0.37 -0.59 -0.03
142 49.0 164.0 71.0 29.0 -1.67 2.74 -0.55 -0.74 -0.8 0.15
143 48.0 153.0 70.0 28.0 -1.35 2.46 -0.61 -1.0 -0.77 0.86
144 47.0 144.0 69.0 27.0 -1.3 2.39 -0.59 -0.3 -0.65 1.08
145 45.0 133.0 69.0 27.0 -1.26 2.38 -0.61 -0.21 -0.6 0.81
146 43.0 128.0 69.0 28.0 -0.97 2.23 -0.7 -0.23 -0.94 0.63
147 40.0 121.0 69.0 27.0 -0.6 1.87 -0.75 0.35 0.29 -0.36
148 44.0 118.0 71.0 27.0 -0.57 1.93 -0.82 -1.68 -2.23 0.16
149 45.0 114.0 71.0 27.0 0.68 -1.99 0.01 -25.18 -0.28 11.93
150 46.0 109.0 73.0 26.0 0.39 -1.12 0.15 4.46 -0.7 1.34
151 44.0 107.0 70.0 26.0 0.55 0.33 0.11 4.56 0.6 0.55
152 42.0 105.0 69.0 26.0 0.39 0.91 -0.13 -0.42 -0.26 0.41
153 39.0 103.0 68.0 26.0 0.08 -0.04 -0.1 -0.27 0.28 -0.13
154 45.0 105.0 66.0 27.0 -0.06 -0.21 -0.1 -0.24 0.18 -0.06
155 45.0 104.0 65.0 27.0 -0.11 -0.36 -0.04 -0.75 0.02 -0.04
156 41.0 101.0 62.0 27.0 -0.12 -0.46 0.04 -0.25 -0.33 -0.37
157 41.0 102.0 61.0 27.0 -0.1 -0.47 0.07 -0.12 -0.28 -0.31
158 40.0 103.0 60.0 28.0 -0.05 -0.49 0.08 -0.21 -0.22 -0.23
159 40.0 102.0 58.0 28.0 -0.06 -0.43 0.06 -0.31 -0.09 -0.16
160 47.0 106.0 60.0 28.0 -0.03 -0.38 0.05 -0.28 -0.17 -0.17
161 43.0 105.0 58.0 27.0 0.04 -0.25 0.01 -0.06 -0.23 -0.01
162 41.0 107.0 57.0 27.0 0.14 -0.2 0.0 0.04 -0.11 -0.04
163 39.0 109.0 58.0 26.0 0.17 -0.18 -0.0 0.06 -0.1 -0.07
164 37.0 109.0 58.0 27.0 0.15 -0.14 -0.01 -0.12 -0.07 -0.06
165 34.0 108.0 58.0 28.0 0.16 -0.11 -0.01 -0.2 -0.11 -0.16
166 36.0 112.0 60.0 28.0 0.17 -0.1 -0.02 -0.22 -0.05 -0.14
167 34.0 110.0 60.0 28.0 0.18 -0.1 -0.03 -0.22 -0.05 -0.04
168 31.0 112.0 62.0 28.0 0.17 -0.1 -0.04 -0.12 -0.08 -0.1
169 34.0 115.0 64.0 28.0 0.16 -0.11 -0.03 -0.12 -0.06 -0.09
170 33.0 116.0 65.0 29.0 0.12 -0.12 -0.03 -0.07 -0.11 -0.03
171 31.0 116.0 66.0 28.0 0.1 -0.14 -0.02 -0.09 -0.12 -0.06
172 30.0 119.0 69.0 28.0 0.1 -0.15 -0.02 -0.14 -0.11 -0.06
173 38.0 118.0 70.0 28.0 0.07 -0.16 -0.02 -0.07 -0.1 -0.03
174 36.0 121.0 71.0 28.0 0.04 -0.07 -0.01 -0.03 -0.1 0.02
175 39.0 126.0 74.0 28.0 0.03 -0.03 0.0 0.04 -0.1 0.05
176 37.0 125.0 74.0 29.0 0.03 0.01 0.0 -0.01 -0.13 -0.03
177 36.0 125.0 75.0 29.0 0.03 0.02 0.01 -0.08 -0.12 -0.09
178 39.0 129.0 77.0 29.0 0.02 0.03 0.02 -0.14 -0.06 -0.13
179 38.0 125.0 76.0 29.0 0.02 0.02 0.02 -0.22 -0.07 -0.12
180 36.0 126.0 76.0 29.0 0.01 -0.01 0.02 -0.22 -0.05 -0.11
181 37.0 130.0 77.0 30.0 0.01 -0.04 0.02 -0.2 -0.05 -0.13
182 36.0 132.0 77.0 30.0 0.01 -0.04 0.01 -0.12 -0.09 -0.11
183 37.0 134.0 77.0 32.0 0.01 -0.06 0.01 -0.19 -0.02 -0.09
184 40.0 139.0 79.0 32.0 0.01 -0.06 0.0 -0.08 -0.09 -0.08
185 38.0 138.0 78.0 31.0 0.02 -0.04 0.0 -0.05 -0.06 -0.05
186 37.0 142.0 79.0 32.0 0.02 -0.03 0.0 -0.06 -0.07 -0.06
187 37.0 147.0 80.0 35.0 0.02 -0.02 -0.0 -0.06 -0.04 -0.07
188 36.0 150.0 80.0 36.0 0.02 -0.03 -0.01 -0.13 -0.06 -0.09
189 34.0 153.0 78.0 35.0 0.03 -0.03 -0.01 -0.13 -0.05 -0.08
190 36.0 156.0 80.0 35.0 0.02 -0.04 -0.01 -0.16 -0.04 -0.11
191 35.0 155.0 78.0 34.0 0.02 -0.05 -0.01 -0.1 -0.06 -0.08
192 34.0 157.0 78.0 35.0 0.02 -0.05 -0.01 -0.1 -0.04 -0.02
193 34.0 160.0 80.0 37.0 0.01 -0.04 -0.01 -0.05 -0.06 -0.08
194 34.0 158.0 80.0 37.0 0.02 -0.03 -0.0 -0.06 -0.11 -0.09
195 34.0 159.0 79.0 37.0 0.02 -0.03 0.0 -0.12 -0.12 -0.07
196 37.0 157.0 81.0 36.0 0.02 -0.02 0.0 -0.16 -0.1 -0.11
