1 64.0 119.0 72.0 24.0 0.02 0.01 0.0 0.02 0.04 0.01
2 63.0 119.0 70.0 26.0 0.02 0.0 0.0 -0.02 0.08 0.0
3 58.0 116.0 67.0 25.0 0.02 -0.01 -0.0 0.02 0.09 0.05
4 60.0 117.0 69.0 25.0 0.02 -0.01 -0.0 0.04 0.13 0.06
5 58.0 116.0 68.0 25.0 0.01 -0.01 -0.01 0.14 0.1 0.1
6 54.0 113.0 67.0 25.0 -0.0 -0.0 -0.01 0.13 0.06 0.07
7 56.0 114.0 68.0 25.0 -0.01 0.01 -0.01 0.11 0.03 0.05
8 56.0 115.0 65.0 26.0 -0.0 0.02 -0.0 0.06 0.04 0.05
9 54.0 112.0 66.0 25.0 0.0 0.03 0.0 -0.03 0.03 0.01
10 55.0 137.0 67.0 25.0 0.0 0.02 0.0 -0.02 0.03 -0.01
11 53.0 147.0 65.0 23.0 -0.0 0.0 0.0 0.01 0.09 0.04
12 52.0 171.0 63.0 25.0 -0.01 -0.0 0.0 0.03 0.1 0.09
13 53.0 175.0 66.0 26.0 -0.0 -0.01 -0.0 0.05 0.11 0.11
14 51.0 197.0 65.0 27.0 0.02 -0.05 -0.0 -0.05 0.09 0.17
15 46.0 239.0 63.0 28.0 0.03 -0.08 -0.01 -0.23 0.08 0.12
16 54.0 274.0 65.0 31.0 0.09 -0.15 -0.01 -0.28 0.08 0.04
17 57.0 310.0 66.0 36.0 0.06 -0.2 -0.01 0.25 0.07 0.16
18 57.0 326.0 64.0 34.0 0.01 -0.2 0.0 0.11 0.04 0.5
19 79.0 409.0 70.0 34.0 0.01 -0.14 0.01 0.03 0.09 0.4
20 77.0 396.0 71.0 34.0 0.02 -0.06 0.03 -0.23 -0.14 0.22
21 75.0 435.0 74.0 67.0 0.07 -0.15 0.04 -1.47 -0.11 0.57
22 102.0 449.0 76.0 57.0 0.09 -0.69 0.08 -1.71 0.03 0.99
23 95.0 517.0 75.0 57.0 0.03 -1.78 0.07 -1.33 0.21 1.87
24 92.0 521.0 74.0 50.0 0.07 -2.29 0.06 -0.83 -0.06 1.44
25 94.0 577.0 78.0 44.0 0.52 -2.72 -0.11 -5.24 -5.09 1.79
26 102.0 573.0 81.0 40.0 1.27 -3.64 -0.08 -0.63 0.57 2.24
27 104.0 574.0 78.0 40.0 1.19 -3.39 0.03 -0.43 0.32 2.59
28 115.0 676.0 76.0 39.0 1.34 -3.4 -0.03 -0.7 0.62 2.99
29 108.0 714.0 82.0 40.0 1.55 -3.74 -0.16 -1.18 0.45 2.7
30 109.0 705.0 82.0 37.0 1.7 -4.02 -0.26 0.16 0.68 1.5
31 109.0 703.0 82.0 35.0 1.97 -4.34 -0.44 0.53 0.35 1.51
32 100.0 653.0 88.0 35.0 2.18 -3.88 -0.48 0.86 0.44 1.07
33 95.0 711.0 87.0 33.0 2.36 -3.27 -0.52 0.04 0.17 0.43
34 104.0 681.0 86.0 33.0 2.43 -3.15 -0.55 -0.07 0.14 0.28
35 103.0 687.0 89.0 35.0 2.45 -2.88 -0.59 0.53 0.17 -0.18
36 108.0 663.0 86.0 35.0 2.45 -2.6 -0.57 0.14 0.17 -0.63
37 129.0 617.0 88.0 37.0 2.3 -2.07 -0.54 0.16 0.02 -0.53
38 152.0 618.0 86.0 37.0 2.18 -1.66 -0.48 -0.1 -0.16 -0.74
39 172.0 617.0 84.0 36.0 2.12 -1.5 -0.46 -0.01 -0.43 -1.24
40 192.0 640.0 87.0 52.0 2.06 -1.22 -0.43 0.09 -0.49 -1.35
41 210.0 687.0 100.0 52.0 1.93 -0.9 -0.35 -0.33 -0.62 -1.88
42 226.0 746.0 110.0 54.0 1.75 -0.65 -0.31 -0.3 -0.82 -1.94
43 238.0 746.0 110.0 67.0 1.7 -0.57 -0.29 -0.33 -0.89 -1.76
44 252.0 748.0 105.0 61.0 1.55 -0.48 -0.25 -0.62 -0.88 -1.59
45 261.0 727.0 109.0 61.0 1.48 -0.5 -0.25 -0.68 -0.94 -1.82
46 267.0 741.0 106.0 68.0 1.29 -0.44 -0.24 -0.79 -0.9 -2.2
47 286.0 682.0 110.0 65.0 1.09 -0.35 -0.2 -0.88 -1.07 -2.17
48 290.0 727.0 104.0 69.0 1.01 -0.35 -0.18 -0.84 -0.92 -2.03
49 324.0 759.0 102.0 73.0 0.83 -0.36 -0.13 -0.68 -0.92 -1.86
50 312.0 798.0 108.0 83.0 0.63 -0.31 -0.09 -0.87 -0.72 -1.9
51 310.0 796.0 104.0 91.0 0.54 -0.3 -0.09 -0.99 -0.59 -1.84
52 296.0 821.0 112.0 93.0 0.35 -0.28 -0.06 -0.94 -0.51 -1.77
53 302.0 799.0 124.0 90.0 0.19 -0.26 -0.03 -0.48 -0.41 -1.41
54 288.0 755.0 114.0 86.0 0.12 -0.22 -0.01 -0.42 -0.3 -0.91
55 271.0 641.0 108.0 75.0 -0.02 -0.17 0.0 -0.45 -0.24 -0.55
56 265.0 727.0 104.0 78.0 -0.16 -0.18 -0.02 -0.32 -0.14 -0.43
57 257.0 692.0 108.0 73.0 -0.22 -0.16 -0.02 -0.26 -0.07 -0.23
58 238.0 759.0 109.0 70.0 -0.31 -0.06 -0.04 -0.42 0.01 -0.43
59 244.0 693.0 103.0 67.0 -0.33 0.07 -0.05 -0.35 0.1 -0.74
60 232.0 688.0 105.0 66.0 -0.35 0.13 -0.04 -0.33 0.12 -0.21
61 217.0 612.0 107.0 61.0 -0.32 0.15 0.0 -0.29 0.12 0.0
62 210.0 612.0 102.0 58.0 -0.31 0.14 0.03 -0.23 0.25 0.44
63 203.0 618.0 102.0 57.0 -0.32 0.14 0.04 -0.13 0.33 0.18
64 207.0 585.0 99.0 56.0 -0.31 0.16 0.06 -0.12 0.34 0.04
65 194.0 615.0 99.0 54.0 -0.29 0.16 0.08 -0.13 0.33 0.14
66 185.0 600.0 100.0 57.0 -0.28 0.14 0.09 0.02 0.41 0.19
67 162.0 571.0 102.0 54.0 -0.24 0.11 0.09 0.15 0.48 0.26
68 155.0 577.0 100.0 51.0 -0.21 0.11 0.09 0.06 0.45 0.29
69 142.0 542.0 99.0 47.0 -0.19 0.12 0.09 0.08 0.46 0.27
70 131.0 512.0 94.0 46.0 -0.17 0.13 0.09 0.11 0.41 0.21
71 130.0 553.0 98.0 47.0 -0.12 0.09 0.09 0.2 0.4 0.11
72 125.0 533.0 102.0 46.0 -0.1 0.08 0.09 0.05 0.39 0.14
73 107.0 514.0 104.0 46.0 -0.06 0.04 0.09 0.15 0.31 0.32
74 103.0 488.0 103.0 42.0 -0.02 0.02 0.06 0.15 0.25 0.12
75 95.0 483.0 101.0 44.0 -0.01 0.02 0.06 0.12 0.23 0.07
76 94.0 502.0 100.0 42.0 0.02 0.04 0.05 0.18 0.18 0.16
77 102.0 476.0 97.0 38.0 0.03 0.06 0.03 0.1 0.14 0.06
78 102.0 455.0 105.0 40.0 0.04 0.05 0.02 0.12 0.11 -0.02
79 99.0 463.0 108.0 41.0 0.04 0.03 0.0 0.04 0.07 -0.2
80 102.0 441.0 110.0 38.0 0.03 0.03 -0.01 -0.1 0.08 -0.28
81 96.0 424.0 113.0 37.0 0.02 0.02 -0.01 -0.05 0.04 -0.37
82 80.0 425.0 105.0 35.0 0.0 0.03 -0.01 -0.12 0.04 -0.34
83 76.0 427.0 109.0 34.0 -0.02 0.03 0.0 -0.05 -0.04 -0.33
84 130.0 428.0 112.0 32.0 -0.04 0.02 0.0 -0.08 -0.02 -0.29
85 116.0 443.0 108.0 35.0 -0.05 0.02 0.0 -0.21 -0.03 -0.26
86 115.0 428.0 109.0 35.0 -0.07 0.02 0.01 -0.1 -0.03 -0.13
87 102.0 409.0 110.0 33.0 -0.08 0.0 -0.0 -0.08 0.0 -0.1
88 93.0 426.0 119.0 32.0 -0.07 -0.01 -0.02 -0.01 0.06 -0.11
89 83.0 423.0 111.0 31.0 -0.06 0.01 -0.03 -0.09 0.03 0.0
90 72.0 460.0 105.0 30.0 -0.06 0.03 -0.03 -0.1 0.03 0.07
91 70.0 479.0 105.0 29.0 -0.06 0.08 -0.03 -0.2 0.1 0.01
92 70.0 489.0 101.0 29.0 -0.06 0.13 -0.03 -0.26 0.13 -0.21
93 73.0 468.0 102.0 30.0 -0.06 0.1 -0.03 -0.14 0.12 -0.23
94 74.0 488.0 105.0 30.0 -0.05 0.05 -0.01 -0.17 0.16 -0.23
95 73.0 499.0 104.0 29.0 -0.05 0.04 0.01 -0.33 0.17 -0.23
96 70.0 492.0 100.0 29.0 -0.05 0.03 0.01 -0.25 0.19 -0.14
97 75.0 477.0 100.0 32.0 -0.09 0.07 0.03 0.0 0.16 -0.11
98 71.0 440.0 100.0 29.0 -0.11 0.06 0.02 0.03 0.1 0.0
99 75.0 418.0 103.0 30.0 -0.09 0.03 0.02 0.12 0.08 0.01
100 72.0 414.0 107.0 29.0 -0.07 -0.0 0.01 0.02 0.01 0.08
101 82.0 500.0 106.0 29.0 -0.06 0.01 0.0 -0.16 0.1 0.01
102 75.0 440.0 104.0 27.0 -0.04 0.01 -0.0 -0.03 0.07 0.0
103 82.0 407.0 105.0 27.0 -0.02 0.02 -0.0 -0.05 0.14 -0.11
104 76.0 397.0 104.0 27.0 -0.02 0.01 0.0 0.01 0.22 -0.1
105 77.0 420.0 97.0 28.0 -0.02 -0.0 0.0 -0.04 0.29 -0.17
106 78.0 486.0 99.0 28.0 -0.02 -0.03 -0.01 -0.08 0.25 -0.16
107 78.0 479.0 98.0 27.0 -0.03 -0.02 0.01 -0.11 0.25 -0.22
108 84.0 460.0 94.0 27.0 -0.04 -0.01 0.02 -0.01 0.14 -0.24
109 81.0 430.0 103.0 26.0 -0.05 -0.01 0.03 0.0 0.1 -0.24
110 87.0 454.0 103.0 30.0 -0.05 -0.02 0.04 -0.04 0.08 -0.21
111 89.0 464.0 98.0 31.0 -0.06 -0.02 0.04 -0.03 0.1 -0.19
112 87.0 454.0 96.0 29.0 -0.07 -0.0 0.04 0.0 0.08 -0.13
113 91.0 445.0 93.0 28.0 -0.07 0.01 0.04 0.01 0.05 -0.17
114 89.0 420.0 93.0 27.0 -0.07 -0.0 0.04 0.01 0.04 -0.16
115 87.0 437.0 94.0 28.0 -0.06 -0.02 0.03 -0.02 0.04 -0.06
116 97.0 421.0 93.0 30.0 -0.05 0.01 0.01 -0.01 0.03 0.0
117 96.0 428.0 90.0 28.0 -0.05 0.01 0.01 -0.09 0.05 0.0
118 97.0 422.0 90.0 27.0 -0.05 0.03 -0.01 -0.09 0.06 -0.06
119 104.0 436.0 89.0 27.0 -0.04 0.03 -0.02 -0.08 0.06 -0.13
120 96.0 427.0 88.0 26.0 -0.04 0.04 -0.02 -0.08 0.06 -0.12
121 92.0 414.0 85.0 27.0 -0.05 0.05 -0.01 -0.1 0.08 -0.16
122 97.0 430.0 87.0 27.0 -0.06 0.03 0.0 -0.1 0.08 -0.16
123 87.0 409.0 85.0 26.0 -0.06 0.02 -0.0 -0.08 0.12 -0.2
124 86.0 373.0 86.0 26.0 -0.06 0.03 0.01 -0.08 0.09 -0.25
125 83.0 344.0 87.0 26.0 -0.05 0.04 0.02 -0.08 0.1 -0.23
126 74.0 338.0 89.0 25.0 -0.06 0.05 0.03 -0.06 0.08 -0.22
127 73.0 342.0 86.0 24.0 -0.07 0.09 0.04 -0.12 0.01 -0.22
128 75.0 327.0 86.0 25.0 -0.09 0.2 0.07 -0.2 -0.07 -0.24
129 72.0 352.0 84.0 25.0 -0.11 0.25 0.09 -0.2 -0.08 -0.31
130 70.0 338.0 83.0 24.0 -0.15 0.35 0.14 -0.23 -0.1 -0.29
131 67.0 327.0 81.0 25.0 -0.2 0.35 0.16 -0.23 -0.1 -0.47
132 62.0 298.0 84.0 24.0 -0.2 0.34 0.16 -0.21 -0.08 -0.52
133 59.0 275.0 95.0 25.0 -0.24 0.44 0.2 -0.17 -0.13 -0.67
134 53.0 251.0 89.0 25.0 -0.32 0.79 0.27 -0.08 -0.13 -0.66
135 50.0 243.0 87.0 27.0 -0.39 1.05 0.33 -0.06 -0.19 -0.53
136 51.0 251.0 83.0 27.0 -0.67 1.64 0.47 -0.01 -0.32 -0.48
137 45.0 249.0 80.0 27.0 -0.98 2.12 0.63 0.16 -0.22 -0.87
138 63.0 236.0 77.0 26.0 -1.07 2.33 0.67 0.19 -0.16 -1.34
139 75.0 225.0 77.0 27.0 -1.27 2.62 0.67 0.21 -0.17 -2.06
140 70.0 220.0 76.0 26.0 -1.47 2.81 0.6 0.22 -0.08 -2.51
141 65.0 210.0 75.0 26.0 -1.58 2.79 0.55 0.49 -0.09 -2.41
142 60.0 211.0 73.0 26.0 -1.72 2.81 0.41 0.75 -0.07 -2.26
143 63.0 205.0 71.0 25.0 -1.77 2.97 0.23 0.62 -0.31 -1.71
144 60.0 197.0 69.0 25.0 -1.76 3.1 0.16 0.67 -0.25 -1.5
145 73.0 239.0 68.0 28.0 -1.71 3.45 -0.01 0.64 -0.15 -0.97
146 74.0 239.0 66.0 28.0 -1.79 3.87 -0.17 0.71 -0.19 -0.93
147 74.0 224.0 65.0 27.0 -1.87 4.07 -0.26 0.26 -0.76 -1.64
148 82.0 207.0 65.0 26.0 -1.63 4.3 -0.47 -0.02 -0.56 -2.5
149 73.0 199.0 66.0 25.0 -1.77 4.12 -0.5 -0.92 -0.94 -1.45
150 65.0 185.0 63.0 25.0 -1.76 3.84 -0.53 -1.59 -0.53 -0.8
151 57.0 173.0 62.0 25.0 -1.7 3.06 -0.46 -1.18 -1.1 1.25
152 51.0 167.0 61.0 24.0 -1.44 2.35 -0.66 -1.18 -0.75 2.11
153 50.0 161.0 60.0 24.0 -1.39 2.16 -0.75 -0.95 -0.73 2.33
154 55.0 156.0 59.0 25.0 -1.23 2.1 -0.86 -0.62 -0.63 1.57
155 54.0 154.0 59.0 24.0 -1.02 2.3 -0.79 -0.21 0.39 1.07
156 51.0 150.0 59.0 24.0 -1.11 2.45 -0.79 -0.56 -0.36 0.14
157 50.0 143.0 59.0 25.0 -1.01 2.4 -0.84 -0.4 0.02 -0.23
158 45.0 140.0 59.0 25.0 -0.89 2.14 -0.79 -0.78 -0.41 -0.17
159 44.0 137.0 59.0 25.0 -0.64 1.81 -0.61 0.07 0.39 -0.21
160 41.0 136.0 60.0 27.0 -0.53 1.24 -0.74 0.01 -0.35 -0.38
161 37.0 131.0 61.0 31.0 -0.44 0.69 -0.72 -14.62 -3.21 9.49
162 43.0 130.0 60.0 31.0 0.29 -0.25 -0.72 -15.36 3.27 7.32
163 42.0 126.0 64.0 29.0 -0.32 -2.4 0.21 1.67 -0.75 -0.99
164 39.0 123.0 64.0 28.0 0.54 -0.46 0.21 1.11 0.15 -0.09
165 36.0 118.0 62.0 28.0 0.52 -0.01 0.12 0.59 0.16 0.31
166 35.0 112.0 62.0 29.0 0.3 -0.26 -0.05 -0.37 0.0 0.96
167 34.0 108.0 60.0 27.0 0.01 -0.86 -0.04 0.0 -0.02 0.59
168 36.0 105.0 60.0 27.0 -0.06 -0.92 -0.0 0.08 -0.05 0.26
169 36.0 103.0 62.0 28.0 -0.06 -0.86 0.07 0.1 -0.08 0.09
170 37.0 103.0 63.0 27.0 0.07 -0.77 0.06 0.51 0.07 0.34
171 36.0 101.0 65.0 27.0 0.09 -0.69 0.05 0.49 0.15 0.46
172 36.0 102.0 69.0 27.0 0.07 -0.42 0.02 0.64 0.25 0.54
173 34.0 100.0 69.0 26.0 0.03 -0.15 -0.01 0.53 0.15 0.33
174 33.0 99.0 68.0 27.0 0.04 -0.06 -0.03 0.43 0.07 0.3
175 33.0 101.0 68.0 27.0 0.1 0.07 -0.06 0.23 -0.03 0.18
176 33.0 101.0 69.0 28.0 0.13 0.14 -0.08 0.09 -0.05 0.1
177 34.0 104.0 71.0 27.0 0.13 0.17 -0.08 -0.13 -0.01 -0.03
178 34.0 107.0 71.0 27.0 0.1 0.18 -0.07 -0.18 -0.04 -0.05
179 34.0 108.0 69.0 27.0 0.08 0.11 -0.06 -0.21 -0.09 -0.08
180 32.0 111.0 69.0 27.0 0.09 0.07 -0.06 -0.15 -0.11 -0.05
181 32.0 115.0 69.0 28.0 0.09 -0.01 -0.03 0.01 -0.15 -0.01
182 32.0 120.0 70.0 29.0 0.07 -0.06 0.01 0.1 -0.1 0.07
183 31.0 123.0 69.0 28.0 0.06 -0.07 0.03 0.17 -0.08 0.09
184 35.0 125.0 70.0 28.0 0.05 -0.06 0.05 0.19 -0.07 0.16
185 38.0 126.0 70.0 28.0 0.05 -0.02 0.01 0.14 0.18 0.17
186 38.0 128.0 70.0 28.0 0.05 0.01 0.04 0.14 -0.01 0.13
187 37.0 129.0 72.0 28.0 0.03 0.06 0.03 0.09 -0.04 0.08
188 37.0 130.0 75.0 29.0 0.05 0.09 0.02 0.02 -0.02 0.08
189 37.0 132.0 76.0 28.0 0.05 0.1 0.02 0.03 -0.01 0.03
190 37.0 136.0 76.0 27.0 0.05 0.11 0.02 0.02 0.01 0.0
191 35.0 138.0 77.0 28.0 0.05 0.06 -0.0 -0.01 0.02 0.0
192 35.0 141.0 77.0 29.0 0.05 0.04 -0.01 0.0 0.0 0.04
193 38.0 143.0 79.0 29.0 0.05 0.01 -0.0 -0.02 -0.06 -0.01
194 37.0 147.0 81.0 29.0 0.06 0.0 -0.0 0.02 -0.04 0.03
