1 18.0 75.0 58.0 23.0 0.05 -0.06 0.0 -0.02 0.11 0.02
2 18.0 75.0 58.0 24.0 0.02 -0.04 0.01 0.02 0.1 0.0
3 19.0 76.0 58.0 24.0 0.01 -0.03 0.01 0.0 0.11 0.0
4 18.0 76.0 59.0 24.0 -0.02 -0.02 0.02 -0.02 0.07 0.01
5 19.0 77.0 58.0 24.0 -0.04 -0.01 0.03 -0.04 0.08 -0.02
6 18.0 78.0 58.0 24.0 -0.05 -0.01 0.03 -0.04 0.09 0.01
7 18.0 78.0 58.0 24.0 -0.06 -0.01 0.03 -0.06 0.06 0.01
8 18.0 77.0 59.0 24.0 -0.06 0.01 0.03 -0.09 0.07 -0.02
9 19.0 76.0 59.0 24.0 -0.05 0.01 0.02 -0.12 0.05 -0.04
10 18.0 76.0 60.0 24.0 -0.04 0.01 0.01 -0.13 0.08 -0.01
11 18.0 76.0 61.0 24.0 -0.02 0.0 0.0 -0.03 0.14 0.0
12 19.0 75.0 62.0 25.0 -0.02 -0.0 -0.0 0.02 0.16 0.0
13 37.0 78.0 63.0 34.0 -0.01 0.01 0.0 0.03 0.05 0.0
14 53.0 82.0 63.0 33.0 0.02 -0.0 0.01 0.02 0.03 0.02
15 79.0 86.0 63.0 35.0 0.01 -0.01 0.01 -0.21 -0.01 -0.04
16 84.0 91.0 61.0 55.0 -0.04 -0.05 -0.01 -0.39 0.01 0.0
17 94.0 101.0 63.0 58.0 -0.13 -0.26 0.03 0.12 0.31 0.1
18 95.0 142.0 68.0 71.0 -0.21 -0.38 0.09 0.33 0.4 0.25
19 115.0 166.0 65.0 63.0 -0.43 -0.73 0.2 0.71 0.21 0.18
20 124.0 175.0 63.0 55.0 -0.41 -0.67 0.2 0.46 -0.14 0.4
21 111.0 168.0 65.0 57.0 -0.39 -0.75 0.19 0.26 -0.19 0.45
22 115.0 163.0 68.0 56.0 -0.45 -0.86 0.19 -0.27 -0.02 1.03
23 99.0 155.0 70.0 55.0 -0.52 -1.28 0.1 -0.71 -0.16 0.85
24 96.0 152.0 72.0 48.0 -0.53 -1.68 0.07 -1.29 -0.04 0.89
25 152.0 141.0 69.0 44.0 -0.44 -2.15 0.03 -2.7 -0.62 1.41
26 149.0 137.0 71.0 43.0 0.41 -3.66 -0.49 5.04 0.01 2.14
27 137.0 125.0 72.0 40.0 2.3 -5.93 -1.06 6.45 4.62 3.42
28 170.0 126.0 75.0 37.0 1.58 -4.05 -0.46 2.32 0.63 1.66
29 170.0 144.0 75.0 35.0 1.34 -1.57 -0.09 1.51 0.85 2.62
30 164.0 148.0 75.0 40.0 1.22 -0.75 -0.07 0.56 0.72 3.05
31 146.0 143.0 79.0 37.0 1.42 -0.83 -0.32 0.88 0.31 2.87
32 176.0 139.0 80.0 34.0 1.94 -1.46 -0.56 1.37 0.52 1.89
33 180.0 134.0 83.0 35.0 2.03 -1.42 -0.57 1.09 1.12 1.49
34 162.0 132.0 89.0 33.0 1.83 -1.08 -0.54 1.11 0.66 1.12
35 150.0 129.0 90.0 32.0 1.74 -0.79 -0.56 0.45 0.53 0.67
36 153.0 135.0 91.0 33.0 1.75 -0.81 -0.54 0.21 0.25 0.36
37 140.0 138.0 92.0 33.0 1.7 -0.95 -0.49 0.15 0.09 0.02
38 184.0 137.0 93.0 53.0 1.54 -0.97 -0.45 -0.14 -0.07 -0.04
39 178.0 136.0 95.0 59.0 1.48 -0.94 -0.43 -0.32 -0.2 -0.06
40 188.0 137.0 95.0 55.0 1.37 -0.87 -0.37 -0.19 -0.12 -0.75
41 184.0 138.0 90.0 58.0 1.19 -0.86 -0.33 -0.64 -0.39 -0.63
42 171.0 143.0 90.0 62.0 1.13 -0.89 -0.33 -0.63 -0.39 -0.34
43 168.0 142.0 94.0 80.0 0.97 -0.91 -0.32 -1.04 -0.53 -0.19
44 213.0 151.0 94.0 78.0 0.91 -0.83 -0.33 -0.96 -0.57 -0.57
45 245.0 168.0 92.0 82.0 0.88 -0.79 -0.31 -0.47 -0.61 -1.4
46 234.0 169.0 88.0 74.0 0.94 -0.69 -0.27 -0.47 -0.66 -1.55
47 262.0 158.0 97.0 72.0 1.03 -0.71 -0.25 -1.02 -0.74 -0.68
48 247.0 185.0 96.0 65.0 1.05 -0.73 -0.26 -1.1 -0.76 -0.29
49 273.0 208.0 95.0 74.0 1.0 -0.66 -0.28 -1.26 -0.49 -0.5
50 238.0 240.0 99.0 93.0 0.92 -0.54 -0.3 -1.29 -0.55 -1.18
51 264.0 227.0 95.0 87.0 0.9 -0.51 -0.3 -1.3 -0.58 -1.37
52 286.0 215.0 95.0 84.0 0.88 -0.51 -0.27 -0.99 -0.55 -1.62
53 257.0 214.0 100.0 90.0 0.84 -0.45 -0.24 -1.07 -0.63 -1.09
54 264.0 263.0 104.0 92.0 0.78 -0.39 -0.24 -1.26 -0.62 -0.78
55 290.0 262.0 110.0 101.0 0.7 -0.33 -0.26 -1.32 -0.49 -0.78
56 262.0 318.0 129.0 179.0 0.6 -0.28 -0.24 -1.28 -0.6 -1.21
57 265.0 376.0 138.0 215.0 0.57 -0.28 -0.21 -1.36 -0.44 -1.3
58 262.0 473.0 142.0 257.0 0.57 -0.34 -0.14 -1.2 -0.59 -1.5
59 254.0 453.0 130.0 215.0 0.63 -0.4 -0.04 -1.21 -0.75 -0.62
60 287.0 380.0 130.0 193.0 0.68 -0.4 0.01 -1.45 -0.67 -0.4
61 285.0 343.0 125.0 162.0 0.67 -0.29 0.08 -1.43 -0.18 0.87
62 265.0 362.0 127.0 148.0 0.49 0.01 0.13 -1.11 0.38 -0.35
63 270.0 390.0 115.0 129.0 0.41 0.04 0.14 -0.81 0.58 -1.34
64 264.0 362.0 112.0 116.0 0.34 -0.01 0.2 -0.37 0.59 -1.47
65 241.0 332.0 113.0 109.0 0.26 0.01 0.21 0.16 0.85 -0.95
66 239.0 305.0 104.0 99.0 0.19 0.09 0.2 0.14 0.8 -0.83
67 251.0 344.0 100.0 97.0 0.02 0.19 0.15 0.28 0.7 -0.79
68 237.0 371.0 100.0 88.0 -0.1 0.14 0.08 0.43 0.58 -0.57
69 242.0 386.0 95.0 88.0 -0.15 0.15 0.05 0.52 0.52 -0.5
70 237.0 376.0 98.0 85.0 -0.2 0.18 0.0 0.39 0.24 -0.2
71 250.0 334.0 107.0 85.0 -0.2 0.15 -0.05 0.29 0.2 0.09
72 257.0 322.0 104.0 78.0 -0.2 0.14 -0.07 0.11 0.13 0.21
73 264.0 323.0 109.0 80.0 -0.19 0.15 -0.09 -0.15 0.19 0.73
74 258.0 320.0 103.0 70.0 -0.21 0.21 -0.08 -0.38 0.05 0.29
75 262.0 300.0 99.0 75.0 -0.21 0.19 -0.03 -0.43 -0.07 0.0
76 230.0 276.0 99.0 70.0 -0.14 0.09 0.04 -0.3 -0.13 0.27
77 203.0 283.0 103.0 66.0 -0.11 0.07 0.07 -0.38 -0.06 0.38
78 225.0 300.0 99.0 59.0 -0.05 0.03 0.09 -0.4 0.02 0.4
79 241.0 282.0 100.0 60.0 -0.04 0.05 0.1 -0.09 0.2 -0.01
80 276.0 278.0 93.0 58.0 -0.04 0.03 0.09 -0.02 0.21 -0.02
81 247.0 272.0 95.0 53.0 -0.07 0.01 0.08 0.03 0.16 -0.19
82 229.0 268.0 104.0 58.0 -0.07 0.0 0.07 0.25 0.11 -0.16
83 263.0 249.0 99.0 57.0 -0.06 -0.01 0.07 0.32 0.09 -0.01
84 290.0 240.0 97.0 53.0 -0.05 0.0 0.02 0.22 0.2 0.08
85 266.0 233.0 95.0 53.0 -0.06 0.05 -0.04 0.14 0.17 0.07
86 240.0 242.0 93.0 48.0 -0.06 0.06 -0.06 -0.09 0.17 -0.05
87 223.0 235.0 94.0 44.0 -0.08 0.06 -0.09 -0.18 0.15 -0.14
88 273.0 231.0 96.0 43.0 -0.08 0.06 -0.1 -0.16 0.17 -0.2
89 264.0 226.0 104.0 44.0 -0.09 0.06 -0.1 -0.35 0.14 -0.06
90 247.0 231.0 97.0 43.0 -0.09 0.03 -0.09 -0.42 0.13 0.0
91 220.0 233.0 91.0 43.0 -0.09 0.05 -0.06 -0.47 0.1 0.05
92 223.0 319.0 90.0 40.0 -0.09 0.06 -0.04 -0.4 0.09 -0.04
93 274.0 306.0 89.0 44.0 -0.07 0.04 -0.01 -0.29 0.14 -0.18
94 248.0 277.0 87.0 41.0 -0.05 0.06 0.01 -0.23 0.16 -0.2
95 258.0 241.0 87.0 40.0 -0.05 0.06 0.01 -0.27 0.27 -0.19
96 238.0 249.0 84.0 39.0 -0.06 0.03 0.01 -0.27 0.27 -0.16
97 285.0 272.0 83.0 39.0 -0.09 0.07 -0.01 -0.24 0.29 -0.15
98 271.0 267.0 82.0 38.0 -0.11 0.11 -0.01 -0.23 0.19 -0.16
99 259.0 249.0 80.0 38.0 -0.12 0.12 0.0 -0.17 0.12 -0.15
100 245.0 243.0 78.0 36.0 -0.1 0.1 0.01 -0.12 0.05 0.01
101 239.0 249.0 80.0 35.0 -0.09 0.11 0.01 -0.15 0.07 0.04
102 255.0 249.0 76.0 32.0 -0.08 0.09 0.01 -0.1 0.1 0.1
103 234.0 230.0 74.0 30.0 -0.06 0.05 0.01 -0.13 0.13 0.09
104 244.0 225.0 75.0 35.0 -0.06 0.04 0.0 -0.15 0.14 0.02
105 242.0 222.0 73.0 32.0 -0.07 0.07 0.0 -0.12 0.13 0.01
106 212.0 209.0 75.0 33.0 -0.08 0.11 0.01 -0.05 0.13 -0.02
107 190.0 205.0 80.0 35.0 -0.07 0.09 0.01 0.03 0.07 0.0
108 253.0 201.0 78.0 32.0 -0.06 0.05 0.01 0.08 0.11 0.01
109 277.0 202.0 85.0 31.0 -0.06 0.07 0.01 0.0 0.13 0.02
110 257.0 206.0 86.0 45.0 -0.06 0.07 0.01 -0.06 0.09 -0.06
111 212.0 226.0 82.0 42.0 -0.07 0.09 0.01 0.03 0.16 -0.06
112 188.0 218.0 78.0 39.0 -0.08 0.06 0.01 0.07 0.15 -0.09
113 211.0 221.0 80.0 36.0 -0.07 0.04 0.01 0.05 0.15 -0.01
114 178.0 192.0 90.0 33.0 -0.07 0.05 0.02 -0.01 0.07 0.03
115 160.0 175.0 85.0 31.0 -0.07 0.07 0.0 -0.1 0.0 0.08
116 176.0 155.0 84.0 30.0 -0.07 0.08 -0.0 -0.22 -0.11 -0.04
117 146.0 146.0 80.0 28.0 -0.08 0.14 -0.01 -0.27 -0.05 -0.1
118 125.0 137.0 78.0 27.0 -0.11 0.16 -0.01 -0.35 -0.08 -0.2
119 101.0 123.0 81.0 28.0 -0.12 0.16 -0.0 -0.38 -0.11 -0.3
120 86.0 118.0 89.0 25.0 -0.18 0.21 0.02 -0.4 -0.12 -0.31
121 95.0 117.0 84.0 25.0 -0.28 0.32 0.03 -0.55 -0.07 -0.53
122 84.0 115.0 88.0 25.0 -0.33 0.4 0.04 -0.72 -0.03 -0.68
123 68.0 104.0 81.0 24.0 -0.47 0.63 0.06 -0.89 -0.1 -0.81
124 60.0 105.0 85.0 24.0 -0.58 0.8 0.07 -0.96 -0.13 -0.98
125 61.0 112.0 85.0 24.0 -0.64 0.87 0.09 -0.9 -0.21 -1.15
126 53.0 122.0 81.0 24.0 -0.76 1.08 0.15 -0.66 -0.21 -1.23
127 53.0 130.0 76.0 24.0 -0.9 1.54 0.24 -0.48 -0.08 -1.56
128 49.0 135.0 73.0 24.0 -0.98 1.83 0.3 -0.34 -0.24 -1.51
129 61.0 159.0 71.0 23.0 -1.11 2.37 0.42 -0.38 -0.55 -1.37
130 99.0 164.0 79.0 24.0 -1.22 2.98 0.54 -0.58 -0.19 -1.53
131 101.0 234.0 76.0 23.0 -1.25 3.35 0.59 -1.58 -0.12 -2.25
132 93.0 207.0 74.0 24.0 -1.43 3.71 0.63 -1.8 -0.3 -1.4
133 82.0 183.0 71.0 23.0 -1.54 3.55 0.57 -0.62 0.14 -0.35
134 72.0 161.0 67.0 23.0 -1.67 3.34 0.53 -0.23 0.75 -0.75
135 66.0 142.0 64.0 26.0 -1.92 2.79 0.39 -0.21 0.01 -1.04
136 79.0 145.0 61.0 26.0 -1.9 2.08 0.21 0.78 0.23 -0.99
137 78.0 155.0 61.0 32.0 -1.96 2.17 0.18 0.17 -0.01 -0.79
138 79.0 186.0 59.0 30.0 -2.11 2.23 0.07 0.36 -0.05 -0.74
139 68.0 186.0 57.0 29.0 -2.21 2.16 -0.01 -0.27 -0.25 -1.05
140 59.0 190.0 55.0 27.0 -2.15 2.1 -0.03 0.11 -0.08 -1.34
141 53.0 208.0 54.0 26.0 -1.89 1.98 -0.12 0.07 0.0 -1.1
142 47.0 196.0 54.0 26.0 -1.63 1.81 -0.25 -0.04 -0.23 -0.33
143 44.0 191.0 53.0 25.0 -1.55 1.72 -0.3 0.78 -0.3 0.27
144 66.0 169.0 54.0 27.0 -1.4 1.56 -0.41 -0.82 -0.49 0.13
145 56.0 157.0 54.0 27.0 -1.27 1.29 -0.38 -0.48 -0.05 0.32
146 50.0 141.0 53.0 26.0 -1.22 1.11 -0.47 -0.77 -0.21 0.24
147 42.0 125.0 54.0 25.0 -1.21 0.61 -0.61 -0.55 -0.26 0.28
148 37.0 113.0 53.0 25.0 -1.29 -0.19 -0.7 -0.79 -0.52 -0.59
149 33.0 102.0 56.0 25.0 -1.26 -0.75 -0.74 -0.33 -0.44 -1.41
150 56.0 95.0 57.0 24.0 -1.18 -1.42 -0.76 -0.12 -0.25 -1.67
151 76.0 92.0 57.0 24.0 -1.26 -1.47 -0.7 -1.13 -0.83 -5.33
152 63.0 100.0 80.0 24.0 -1.15 -1.21 -0.75 -27.89 -22.68 29.71
153 57.0 96.0 72.0 24.0 1.24 -3.04 -0.46 14.16 8.77 -3.24
154 47.0 94.0 76.0 24.0 1.03 -0.86 -0.19 -0.22 -2.44 -2.83
155 41.0 96.0 76.0 24.0 0.97 -0.17 -0.09 1.03 -0.22 0.84
156 49.0 98.0 73.0 24.0 0.64 -0.21 -0.2 0.67 0.66 0.4
157 42.0 100.0 70.0 25.0 0.22 -0.03 -0.29 3.68 0.04 -0.66
158 44.0 101.0 69.0 24.0 0.27 0.32 -0.35 1.63 0.01 0.1
159 75.0 100.0 66.0 25.0 0.22 0.61 -0.12 0.41 0.05 0.16
160 64.0 100.0 67.0 25.0 0.14 0.7 -0.16 -1.09 0.37 -0.11
161 53.0 100.0 63.0 24.0 0.12 0.64 -0.11 -1.28 0.2 0.22
162 49.0 99.0 62.0 24.0 0.11 0.5 -0.13 -1.16 0.11 0.04
163 43.0 98.0 60.0 24.0 0.09 0.16 -0.06 -0.68 0.35 -0.04
164 37.0 97.0 60.0 24.0 0.08 0.01 -0.03 0.09 0.19 0.12
165 32.0 94.0 59.0 24.0 0.06 -0.15 -0.02 0.22 0.14 -0.07
166 29.0 91.0 59.0 24.0 0.06 -0.15 -0.02 0.23 0.08 0.03
167 30.0 89.0 59.0 24.0 0.06 -0.12 -0.01 0.07 0.01 0.01
168 27.0 87.0 60.0 24.0 0.03 -0.03 -0.02 -0.02 0.08 -0.02
169 31.0 87.0 60.0 24.0 0.03 0.02 -0.03 -0.08 -0.01 0.03
170 31.0 85.0 60.0 24.0 0.05 0.02 -0.03 -0.02 0.08 0.0
171 29.0 85.0 61.0 23.0 0.05 -0.0 -0.05 0.03 0.11 0.0
172 29.0 84.0 61.0 24.0 0.05 -0.0 -0.05 0.05 0.09 0.06
173 26.0 81.0 63.0 25.0 0.04 -0.01 -0.05 -0.04 0.01 -0.05
174 26.0 79.0 64.0 24.0 0.02 -0.01 -0.03 -0.05 0.01 -0.03
