1 49.0 82.0 70.0 23.0 0.04 -0.02 0.01 0.03 -0.05 -0.04
2 42.0 82.0 64.0 23.0 0.05 0.02 0.01 0.11 -0.04 -0.01
3 38.0 83.0 62.0 23.0 0.05 0.05 0.0 0.06 0.08 -0.02
4 34.0 82.0 66.0 23.0 0.04 0.08 -0.01 0.0 0.12 0.0
5 34.0 82.0 68.0 23.0 0.03 0.07 -0.03 -0.29 0.11 -0.02
6 38.0 81.0 65.0 23.0 0.02 0.04 -0.03 -0.2 0.19 0.0
7 43.0 80.0 68.0 23.0 -0.01 -0.04 -0.02 -0.09 0.21 0.02
8 52.0 81.0 65.0 23.0 -0.05 -0.09 -0.02 0.12 0.16 0.02
9 46.0 83.0 61.0 23.0 -0.07 -0.08 -0.01 0.21 0.03 -0.04
10 43.0 82.0 60.0 23.0 -0.08 -0.03 -0.01 0.15 0.01 -0.05
11 41.0 82.0 63.0 23.0 -0.07 0.04 -0.02 0.09 -0.03 -0.01
12 41.0 82.0 67.0 24.0 -0.06 0.07 -0.03 -0.13 -0.03 -0.06
13 36.0 81.0 67.0 24.0 -0.04 0.05 -0.03 -0.18 0.0 -0.06
14 55.0 80.0 64.0 23.0 -0.03 0.0 -0.03 -0.12 0.1 -0.02
15 50.0 79.0 62.0 23.0 -0.03 -0.02 -0.02 0.03 0.11 -0.02
16 43.0 79.0 61.0 23.0 -0.03 -0.03 -0.02 0.03 0.07 -0.01
17 46.0 78.0 63.0 23.0 -0.03 0.02 -0.03 0.07 0.05 -0.02
18 42.0 76.0 61.0 23.0 -0.03 0.04 -0.03 -0.08 0.03 -0.07
19 37.0 77.0 61.0 23.0 -0.02 0.05 -0.03 -0.13 0.08 -0.05
20 39.0 98.0 61.0 24.0 -0.01 -0.0 -0.03 -0.14 0.17 -0.01
21 41.0 134.0 59.0 23.0 -0.02 -0.03 -0.02 0.2 0.23 0.02
22 48.0 175.0 57.0 30.0 -0.03 -0.06 -0.02 0.23 0.18 0.01
23 65.0 190.0 55.0 30.0 0.01 -0.05 -0.04 0.02 0.18 0.02
24 81.0 206.0 53.0 29.0 0.07 -0.09 -0.04 -0.23 0.16 0.02
25 78.0 199.0 53.0 40.0 0.09 -0.26 -0.01 -0.08 0.11 -0.01
26 77.0 201.0 52.0 39.0 0.05 -0.43 0.05 0.36 0.13 0.26
27 121.0 185.0 57.0 110.0 -0.07 -0.47 0.09 0.43 0.14 0.24
28 125.0 171.0 57.0 92.0 -0.52 -0.83 0.21 -0.47 0.07 0.29
29 127.0 168.0 57.0 87.0 -0.85 -0.94 0.26 -0.53 -0.26 -0.28
30 109.0 191.0 56.0 72.0 -0.62 -0.71 0.2 -0.49 -0.18 0.21
31 141.0 201.0 56.0 63.0 -0.34 -0.65 0.16 -0.39 -0.11 0.1
32 158.0 243.0 55.0 58.0 -0.21 -0.8 0.15 -0.21 -0.25 0.4
33 186.0 239.0 58.0 50.0 -0.12 -0.85 0.12 -0.52 -0.06 0.5
34 163.0 236.0 58.0 46.0 0.08 -1.01 0.07 -0.61 -0.59 0.8
35 178.0 220.0 58.0 41.0 0.42 -1.13 -0.05 -0.96 -1.1 2.9
36 157.0 203.0 58.0 37.0 0.61 -1.27 -0.09 1.74 -2.82 4.02
37 154.0 218.0 62.0 34.0 1.8 -2.42 -0.43 0.0 -0.55 2.92
38 178.0 217.0 62.0 35.0 1.71 -1.8 -0.35 1.2 0.88 2.94
39 157.0 222.0 70.0 32.0 1.73 -1.54 -0.35 0.2 0.56 3.36
40 156.0 205.0 69.0 35.0 1.77 -1.27 -0.37 0.19 0.23 3.25
41 183.0 213.0 81.0 34.0 2.1 -1.34 -0.4 0.46 0.21 2.78
42 171.0 192.0 82.0 32.0 2.23 -1.39 -0.38 0.33 0.46 1.27
43 161.0 179.0 86.0 32.0 2.31 -1.44 -0.3 0.23 0.45 0.9
44 190.0 164.0 86.0 34.0 2.31 -1.37 -0.23 0.5 -0.08 0.64
45 181.0 161.0 88.0 44.0 2.32 -1.33 -0.2 0.34 -0.23 0.49
46 229.0 161.0 87.0 48.0 2.18 -1.23 -0.09 -0.35 -0.07 -0.16
47 273.0 191.0 85.0 48.0 2.04 -1.22 -0.05 -0.13 -0.24 -0.67
48 260.0 206.0 87.0 59.0 1.93 -1.16 -0.05 -0.59 -0.17 -1.3
49 334.0 208.0 87.0 62.0 1.61 -1.04 -0.07 -0.58 -0.29 -1.5
50 363.0 222.0 86.0 56.0 1.32 -0.93 -0.1 -0.53 -0.47 -2.06
51 378.0 218.0 90.0 63.0 1.2 -0.94 -0.12 -0.46 -0.51 -2.92
52 365.0 214.0 88.0 75.0 1.1 -0.83 -0.1 -0.66 -0.67 -2.65
53 377.0 222.0 92.0 82.0 1.12 -0.82 -0.1 -0.95 -0.81 -1.39
54 411.0 243.0 92.0 89.0 1.1 -0.85 -0.1 -1.03 -0.61 -1.1
55 365.0 247.0 99.0 91.0 0.97 -0.75 -0.1 -1.12 -0.62 -1.12
56 343.0 262.0 100.0 97.0 0.86 -0.71 -0.1 -0.99 -0.46 -1.43
57 340.0 284.0 106.0 98.0 0.82 -0.69 -0.11 -0.61 -0.41 -1.94
58 373.0 283.0 103.0 97.0 0.76 -0.58 -0.09 -0.8 -0.37 -1.69
59 412.0 257.0 99.0 97.0 0.71 -0.56 -0.09 -0.99 -0.33 -0.92
60 363.0 252.0 92.0 88.0 0.66 -0.53 -0.09 -1.01 -0.04 -0.67
61 345.0 241.0 95.0 86.0 0.54 -0.46 -0.08 -1.05 -0.03 -0.79
62 313.0 245.0 108.0 95.0 0.44 -0.41 -0.05 -0.66 0.08 -1.22
63 342.0 248.0 105.0 91.0 0.38 -0.36 -0.02 -0.53 0.05 -1.4
64 330.0 260.0 101.0 106.0 0.31 -0.4 0.03 -0.49 0.15 -1.38
65 319.0 282.0 104.0 96.0 0.23 -0.47 0.11 -0.49 0.21 -1.35
66 373.0 289.0 102.0 102.0 0.19 -0.47 0.17 -0.57 0.17 -1.09
67 363.0 262.0 100.0 93.0 0.1 -0.48 0.23 -0.37 0.26 -0.89
68 343.0 262.0 100.0 102.0 0.01 -0.47 0.27 -0.38 0.16 -0.65
69 330.0 260.0 101.0 101.0 -0.04 -0.43 0.26 0.13 0.0 -0.54
70 344.0 262.0 96.0 104.0 -0.08 -0.35 0.21 0.27 -0.08 -0.6
71 338.0 249.0 102.0 101.0 -0.07 -0.27 0.11 0.17 -0.11 -0.58
72 372.0 295.0 100.0 100.0 -0.07 -0.22 0.06 -0.21 -0.17 -0.29
73 379.0 300.0 98.0 96.0 -0.07 -0.17 -0.01 -0.28 -0.14 -0.33
74 370.0 323.0 96.0 100.0 -0.06 -0.12 -0.05 -0.3 -0.12 -0.54
75 326.0 280.0 94.0 92.0 -0.06 -0.09 -0.07 -0.18 -0.2 -0.39
76 322.0 279.0 92.0 95.0 -0.04 -0.07 -0.08 -0.12 -0.14 -0.17
77 324.0 262.0 89.0 90.0 -0.01 -0.0 -0.13 -0.11 -0.1 0.0
78 307.0 241.0 92.0 87.0 0.01 0.04 -0.14 -0.41 0.0 -0.16
79 285.0 251.0 90.0 79.0 0.04 0.09 -0.15 -0.5 -0.01 -0.24
80 279.0 279.0 86.0 100.0 0.04 0.09 -0.12 -0.48 0.1 -0.38
81 280.0 282.0 90.0 94.0 0.03 0.09 -0.1 -0.19 0.06 -0.51
82 297.0 287.0 92.0 99.0 0.02 0.11 -0.05 -0.16 0.1 -0.43
83 280.0 312.0 92.0 108.0 0.0 0.17 -0.06 -0.34 0.03 -0.49
84 272.0 315.0 88.0 101.0 -0.03 0.21 -0.07 -0.21 -0.06 -0.6
85 275.0 305.0 90.0 113.0 -0.06 0.21 -0.08 -0.3 -0.08 -0.52
86 292.0 315.0 89.0 109.0 -0.06 0.14 -0.07 -0.27 -0.18 -0.36
87 305.0 311.0 86.0 101.0 -0.06 0.12 -0.06 -0.26 -0.19 -0.22
88 282.0 292.0 82.0 97.0 -0.04 0.09 -0.03 -0.26 -0.16 -0.05
89 262.0 273.0 84.0 99.0 -0.03 0.08 -0.03 -0.36 -0.06 -0.06
90 272.0 308.0 81.0 99.0 -0.04 0.09 -0.03 -0.47 0.03 -0.21
91 260.0 327.0 82.0 96.0 -0.05 0.1 -0.02 -0.53 0.07 -0.22
92 244.0 318.0 82.0 86.0 -0.07 0.06 0.02 -0.44 0.0 -0.32
93 237.0 311.0 82.0 84.0 -0.08 0.04 0.04 -0.36 0.01 -0.23
94 226.0 299.0 81.0 75.0 -0.07 0.02 0.07 -0.32 0.06 -0.11
95 263.0 298.0 82.0 69.0 -0.06 -0.01 0.1 -0.05 0.13 -0.13
96 242.0 293.0 81.0 63.0 -0.07 -0.01 0.09 0.17 0.17 -0.15
97 261.0 271.0 82.0 68.0 -0.07 0.02 0.05 0.18 0.19 -0.17
98 240.0 305.0 83.0 63.0 -0.06 0.04 -0.01 0.24 0.19 -0.24
99 235.0 299.0 79.0 59.0 -0.06 0.07 -0.04 0.02 0.09 -0.15
100 246.0 289.0 80.0 56.0 -0.06 0.1 -0.08 -0.1 0.04 -0.15
101 262.0 279.0 79.0 56.0 -0.07 0.09 -0.07 -0.37 -0.01 -0.15
102 235.0 292.0 77.0 51.0 -0.08 0.08 -0.04 -0.35 -0.02 -0.26
103 237.0 279.0 74.0 52.0 -0.09 0.05 0.01 -0.36 -0.02 -0.23
104 217.0 256.0 76.0 49.0 -0.09 -0.01 0.08 -0.16 -0.04 -0.19
105 229.0 264.0 77.0 48.0 -0.09 -0.02 0.09 0.02 0.04 -0.22
106 226.0 256.0 73.0 46.0 -0.08 0.01 0.08 0.02 0.08 -0.04
107 199.0 299.0 71.0 57.0 -0.09 0.03 0.05 0.01 0.15 -0.15
108 210.0 271.0 71.0 53.0 -0.08 0.03 0.04 0.0 0.1 0.0
109 195.0 256.0 73.0 48.0 -0.06 0.0 0.03 0.03 0.08 0.0
110 248.0 296.0 70.0 44.0 -0.04 -0.0 0.02 -0.14 0.14 0.05
111 256.0 288.0 70.0 46.0 -0.04 0.01 0.0 -0.37 0.2 0.03
112 226.0 269.0 67.0 43.0 -0.04 0.03 0.01 -0.41 0.17 0.02
113 277.0 291.0 66.0 42.0 -0.02 0.01 0.03 -0.31 0.11 -0.03
114 260.0 317.0 71.0 47.0 -0.0 -0.0 0.04 -0.19 0.18 -0.04
115 290.0 304.0 70.0 47.0 0.02 -0.02 0.04 -0.13 0.23 -0.09
116 259.0 274.0 76.0 43.0 0.03 -0.02 0.04 -0.03 0.18 -0.14
117 248.0 268.0 79.0 42.0 0.03 -0.01 0.03 -0.02 0.13 -0.21
118 285.0 263.0 78.0 56.0 0.04 0.02 0.01 -0.01 0.1 -0.2
119 252.0 266.0 76.0 49.0 0.03 0.02 -0.01 -0.03 0.04 -0.2
120 230.0 270.0 75.0 46.0 0.03 0.02 -0.02 -0.08 0.02 -0.32
121 266.0 286.0 75.0 42.0 0.01 0.04 -0.0 -0.1 0.0 -0.34
122 232.0 267.0 73.0 40.0 -0.01 0.06 -0.0 -0.03 -0.07 -0.51
123 239.0 273.0 72.0 36.0 -0.03 0.07 0.0 -0.04 -0.11 -0.58
124 242.0 251.0 71.0 33.0 -0.05 0.05 0.02 -0.08 -0.16 -0.5
125 244.0 237.0 69.0 32.0 -0.07 0.02 0.02 -0.07 -0.22 -0.37
126 205.0 252.0 66.0 31.0 -0.08 0.03 0.02 -0.01 -0.23 -0.39
127 180.0 229.0 67.0 29.0 -0.09 0.03 0.02 -0.05 -0.25 -0.45
128 165.0 220.0 66.0 28.0 -0.09 0.08 0.0 -0.09 -0.22 -0.42
129 133.0 203.0 63.0 27.0 -0.11 0.12 -0.01 -0.27 -0.24 -0.44
130 119.0 193.0 65.0 26.0 -0.15 0.15 -0.02 -0.36 -0.2 -0.59
131 101.0 184.0 73.0 26.0 -0.2 0.19 0.01 -0.47 -0.16 -0.69
132 96.0 184.0 74.0 25.0 -0.23 0.22 0.03 -0.5 -0.19 -0.69
133 84.0 185.0 79.0 25.0 -0.33 0.3 0.08 -0.54 -0.15 -0.55
134 70.0 191.0 79.0 25.0 -0.45 0.46 0.15 -0.63 -0.14 -0.54
135 62.0 198.0 82.0 25.0 -0.52 0.58 0.18 -0.5 -0.08 -0.52
136 58.0 199.0 82.0 24.0 -0.68 0.92 0.23 -0.09 0.0 -0.72
137 56.0 197.0 82.0 24.0 -0.85 1.32 0.31 0.02 -0.03 -1.1
138 65.0 193.0 83.0 24.0 -0.91 1.48 0.36 0.2 0.07 -1.08
139 67.0 186.0 79.0 24.0 -1.04 1.68 0.44 -0.03 -0.07 -1.24
140 95.0 176.0 81.0 24.0 -1.14 1.73 0.48 -0.28 0.18 -1.72
141 103.0 167.0 80.0 23.0 -1.23 1.77 0.51 -0.77 -0.1 -1.69
142 100.0 172.0 78.0 24.0 -1.42 1.84 0.5 -0.99 0.24 -1.56
143 95.0 171.0 71.0 24.0 -1.59 2.06 0.41 -0.57 -0.16 -1.17
144 99.0 212.0 66.0 36.0 -1.62 2.13 0.35 -0.28 -0.44 -0.99
145 95.0 223.0 64.0 35.0 -1.7 2.09 0.26 0.66 0.19 -0.48
146 88.0 199.0 61.0 42.0 -1.78 2.13 0.15 0.55 0.15 -1.99
147 91.0 179.0 57.0 37.0 -1.74 2.12 0.13 1.17 0.31 -2.07
148 91.0 182.0 55.0 34.0 -1.75 2.47 0.17 -0.49 -0.26 -1.66
149 82.0 176.0 54.0 34.0 -1.69 2.49 0.16 -0.75 -0.29 -0.88
150 84.0 175.0 52.0 36.0 -1.67 2.36 0.16 -0.78 -0.52 -0.1
151 80.0 165.0 51.0 34.0 -1.6 2.15 0.16 -0.33 -0.32 -0.31
152 75.0 166.0 52.0 31.0 -1.52 2.19 0.19 -0.33 -0.12 -0.65
153 91.0 162.0 51.0 29.0 -1.52 2.24 0.23 -0.37 0.06 -0.66
154 85.0 163.0 51.0 28.0 -1.51 2.17 0.3 -1.28 0.15 -0.21
155 71.0 153.0 50.0 27.0 -1.51 1.63 0.3 -1.15 -0.24 0.43
156 61.0 159.0 48.0 27.0 -1.35 1.13 0.21 -0.69 -0.12 0.72
157 54.0 152.0 48.0 28.0 -1.18 0.61 0.05 0.62 -0.04 1.28
158 49.0 149.0 47.0 26.0 -1.1 0.59 0.04 0.7 -0.08 1.25
159 59.0 147.0 47.0 25.0 -1.06 0.65 -0.0 0.63 -0.13 1.09
160 54.0 144.0 47.0 25.0 -0.91 0.6 0.03 1.14 0.18 0.85
161 48.0 145.0 46.0 25.0 -0.88 0.45 -0.16 0.75 0.14 -0.48
162 41.0 145.0 46.0 25.0 -0.86 0.32 -0.23 1.03 0.2 -0.91
163 36.0 145.0 55.0 25.0 -0.84 0.27 -0.39 0.51 0.72 -1.92
164 31.0 150.0 67.0 24.0 -0.57 -0.11 -0.69 -18.38 -8.16 25.58
165 33.0 148.0 66.0 25.0 0.44 -1.88 -0.8 -4.77 -2.47 9.73
166 56.0 145.0 63.0 25.0 0.92 -1.6 -0.01 2.1 0.0 -1.85
167 51.0 142.0 61.0 25.0 0.86 -0.66 -0.15 -0.03 -0.12 -0.1
168 45.0 142.0 63.0 25.0 0.71 -0.76 -0.17 -0.11 0.31 0.18
169 40.0 142.0 61.0 26.0 0.26 -0.71 -0.29 1.03 0.05 0.52
170 35.0 141.0 61.0 25.0 0.25 -0.33 -0.23 1.99 -0.18 0.11
171 31.0 137.0 61.0 25.0 0.25 -0.24 -0.18 1.57 -0.18 0.04
172 28.0 133.0 66.0 25.0 0.39 -0.03 -0.08 0.83 -0.13 -0.05
173 25.0 128.0 64.0 25.0 0.46 0.29 -0.12 -0.15 0.24 0.11
174 25.0 126.0 61.0 25.0 0.41 0.35 -0.13 -0.22 0.34 0.16
175 24.0 125.0 63.0 25.0 0.22 0.24 -0.09 -0.03 0.31 0.15
176 22.0 122.0 59.0 25.0 0.15 0.08 -0.02 -0.02 0.28 0.08
177 21.0 119.0 57.0 25.0 0.16 0.03 -0.0 -0.01 0.27 0.04
178 21.0 117.0 58.0 25.0 0.12 -0.02 0.0 0.2 0.27 0.0
179 19.0 113.0 60.0 25.0 0.08 -0.02 0.0 0.12 0.19 0.08
180 19.0 109.0 59.0 24.0 0.07 -0.01 0.0 0.06 0.13 0.03
181 18.0 105.0 58.0 25.0 0.08 0.03 -0.01 0.1 0.16 0.02
182 18.0 99.0 57.0 25.0 0.11 0.03 -0.02 0.16 0.14 -0.04
183 18.0 94.0 55.0 25.0 0.12 0.02 -0.02 0.2 0.15 -0.04
184 18.0 89.0 56.0 25.0 0.11 0.01 -0.01 0.19 0.12 0.03
185 17.0 84.0 61.0 26.0 0.1 0.02 -0.0 0.1 0.14 -0.03
186 25.0 83.0 65.0 26.0 0.09 0.03 0.0 0.04 0.16 -0.01
187 24.0 81.0 63.0 26.0 0.07 0.02 0.0 -0.02 0.15 0.05
188 25.0 78.0 61.0 27.0 0.04 -0.01 0.01 0.06 0.17 0.06
189 26.0 76.0 64.0 27.0 0.03 -0.02 0.02 0.13 0.18 0.02
190 24.0 75.0 63.0 26.0 0.02 -0.03 0.02 0.18 0.16 0.03
191 22.0 73.0 67.0 26.0 0.02 -0.0 0.02 0.15 0.15 0.02
192 21.0 71.0 66.0 26.0 0.02 0.01 0.02 0.09 0.15 0.02
