1 39.0 109.0 62.0 24.0 -0.03 0.08 -0.01 0.07 0.08 0.01
2 39.0 109.0 59.0 24.0 -0.03 0.08 -0.01 0.03 0.06 -0.01
3 37.0 108.0 58.0 24.0 -0.03 0.07 -0.01 -0.01 0.04 -0.01
4 36.0 105.0 57.0 24.0 -0.03 0.05 -0.01 -0.04 0.01 -0.02
5 37.0 103.0 61.0 23.0 -0.02 0.03 -0.01 0.0 0.02 -0.04
6 36.0 101.0 64.0 24.0 -0.0 0.01 -0.01 0.02 0.05 -0.04
7 34.0 100.0 60.0 23.0 0.01 -0.0 -0.01 0.16 0.03 0.0
8 32.0 99.0 60.0 24.0 0.0 0.0 -0.02 0.09 0.01 -0.01
9 33.0 100.0 58.0 23.0 0.0 0.0 -0.02 0.07 0.01 0.0
10 32.0 98.0 56.0 24.0 0.0 0.0 -0.01 0.06 0.04 -0.01
11 28.0 98.0 58.0 24.0 0.0 0.0 -0.0 0.05 0.05 0.01
12 30.0 97.0 57.0 24.0 0.0 -0.0 0.0 0.05 0.07 0.0
13 29.0 97.0 62.0 23.0 0.0 -0.0 0.0 0.04 0.1 0.03
14 26.0 95.0 58.0 24.0 0.0 -0.0 0.0 0.06 0.1 0.02
15 25.0 99.0 56.0 24.0 0.0 -0.0 -0.0 0.04 0.1 -0.01
16 23.0 99.0 58.0 23.0 -0.0 -0.0 -0.0 0.0 0.08 -0.01
17 25.0 102.0 57.0 23.0 -0.01 -0.0 -0.0 0.0 0.1 0.0
18 27.0 100.0 59.0 23.0 -0.01 -0.01 -0.0 0.03 0.08 -0.01
19 26.0 100.0 56.0 24.0 -0.01 -0.01 0.0 0.1 0.06 0.0
20 24.0 99.0 59.0 23.0 -0.01 -0.01 0.0 0.09 0.08 0.0
21 23.0 99.0 59.0 23.0 -0.01 -0.01 0.0 0.1 0.09 -0.01
22 22.0 100.0 58.0 24.0 -0.01 0.01 -0.01 0.03 0.05 0.0
23 21.0 101.0 57.0 23.0 -0.01 0.01 -0.01 -0.01 0.06 0.0
24 20.0 99.0 60.0 23.0 -0.01 0.01 -0.01 0.01 0.05 -0.02
25 21.0 97.0 58.0 24.0 -0.0 -0.0 -0.01 0.02 0.02 0.0
26 22.0 97.0 55.0 24.0 0.01 -0.01 -0.01 0.15 0.02 0.0
27 30.0 95.0 54.0 23.0 0.02 -0.02 0.0 0.11 0.02 -0.03
28 54.0 98.0 52.0 24.0 0.03 -0.03 0.01 0.18 0.08 0.02
29 75.0 98.0 51.0 24.0 0.04 -0.04 0.01 0.17 0.1 0.01
30 122.0 101.0 52.0 37.0 0.0 -0.04 0.02 0.15 0.09 -0.03
31 119.0 111.0 52.0 39.0 -0.1 -0.05 -0.0 -0.11 0.22 0.08
32 129.0 120.0 51.0 36.0 -0.16 -0.11 0.01 -0.08 0.18 0.02
33 124.0 117.0 53.0 37.0 -0.21 -0.43 0.06 0.22 0.24 0.25
34 122.0 155.0 56.0 58.0 -0.46 -1.07 0.16 0.52 0.06 0.22
35 171.0 227.0 58.0 61.0 -0.58 -1.21 0.2 0.7 0.01 0.2
36 155.0 217.0 59.0 53.0 -0.49 -1.11 0.16 -0.38 -0.17 0.55
37 166.0 195.0 59.0 47.0 -0.38 -1.5 0.14 -0.63 -0.14 0.85
38 178.0 192.0 62.0 43.0 -0.33 -1.67 0.13 -0.51 0.06 0.94
39 208.0 212.0 62.0 38.0 -0.19 -2.06 0.08 -0.46 -0.22 1.02
40 193.0 199.0 61.0 36.0 0.22 -2.05 -0.03 -1.49 -1.01 1.66
41 199.0 231.0 68.0 34.0 0.44 -2.13 -0.11 -5.89 -2.48 0.96
42 191.0 233.0 68.0 39.0 1.69 -3.66 -0.49 5.33 2.9 2.89
43 188.0 244.0 70.0 41.0 1.32 -2.31 -0.37 2.92 0.84 2.57
44 170.0 251.0 78.0 38.0 1.19 -1.65 -0.36 2.34 0.33 2.94
45 163.0 233.0 82.0 35.0 1.26 -0.92 -0.53 0.58 0.16 2.53
46 161.0 211.0 81.0 37.0 1.64 -1.18 -0.66 0.67 0.26 2.14
47 160.0 201.0 82.0 37.0 1.79 -1.3 -0.68 0.97 0.74 1.67
48 148.0 180.0 80.0 39.0 1.81 -1.07 -0.56 0.39 0.34 1.28
49 157.0 168.0 87.0 49.0 1.73 -0.89 -0.45 0.2 0.07 1.31
50 181.0 163.0 85.0 45.0 1.71 -0.91 -0.43 -0.03 0.04 1.42
51 165.0 180.0 90.0 49.0 1.65 -0.96 -0.3 -0.04 0.09 1.18
52 153.0 172.0 86.0 49.0 1.54 -0.95 -0.24 0.0 0.23 0.59
53 183.0 173.0 89.0 56.0 1.42 -0.87 -0.21 -0.3 -0.08 0.41
54 202.0 188.0 88.0 52.0 1.34 -0.88 -0.18 -0.11 -0.06 -0.74
55 189.0 193.0 95.0 55.0 1.32 -0.87 -0.17 0.13 -0.14 -1.17
56 182.0 203.0 102.0 54.0 1.32 -0.82 -0.16 0.02 -0.28 -1.22
57 174.0 196.0 100.0 57.0 1.35 -0.83 -0.17 -0.08 -0.32 -1.18
58 174.0 204.0 97.0 66.0 1.37 -0.74 -0.18 -0.77 -0.42 -0.4
59 169.0 229.0 100.0 70.0 1.34 -0.73 -0.2 -0.87 -0.55 -0.19
60 186.0 232.0 104.0 75.0 1.26 -0.65 -0.24 -0.85 -0.5 -0.62
61 181.0 220.0 103.0 66.0 1.17 -0.6 -0.24 -0.76 -0.59 -1.22
62 193.0 213.0 111.0 70.0 1.15 -0.6 -0.25 -0.72 -0.67 -1.22
63 195.0 197.0 110.0 85.0 1.09 -0.57 -0.25 -0.8 -0.69 -1.1
64 217.0 190.0 109.0 81.0 1.01 -0.54 -0.26 -0.77 -0.7 -0.76
65 276.0 187.0 118.0 94.0 0.96 -0.53 -0.27 -0.84 -0.69 -0.74
66 263.0 217.0 113.0 95.0 0.89 -0.53 -0.28 -0.72 -0.45 -1.05
67 315.0 226.0 122.0 90.0 0.83 -0.48 -0.27 -0.52 -0.26 -1.38
68 379.0 214.0 128.0 109.0 0.79 -0.44 -0.26 -0.55 -0.02 -1.65
69 360.0 197.0 135.0 109.0 0.72 -0.36 -0.25 -0.61 0.2 -1.25
70 309.0 185.0 129.0 117.0 0.63 -0.33 -0.22 -0.5 0.18 -1.08
71 298.0 181.0 124.0 113.0 0.55 -0.32 -0.22 -0.46 0.18 -1.28
72 347.0 191.0 118.0 114.0 0.41 -0.21 -0.21 -0.57 0.09 -1.8
73 389.0 180.0 110.0 115.0 0.3 -0.21 -0.17 -0.65 -0.02 -1.58
74 364.0 181.0 112.0 105.0 0.27 -0.23 -0.15 -0.77 -0.11 -1.22
75 321.0 182.0 112.0 104.0 0.17 -0.14 -0.13 -0.78 0.0 -0.9
76 296.0 192.0 127.0 121.0 0.06 -0.07 -0.11 -0.86 -0.02 -0.89
77 344.0 176.0 127.0 159.0 0.03 -0.06 -0.09 -0.88 -0.13 -0.77
78 309.0 182.0 117.0 158.0 -0.01 -0.07 -0.07 -0.81 -0.2 -0.55
79 331.0 187.0 109.0 149.0 -0.03 -0.03 -0.05 -0.75 -0.16 -0.11
80 284.0 173.0 113.0 143.0 -0.02 -0.01 -0.04 -0.64 -0.17 -0.05
81 309.0 179.0 104.0 129.0 -0.01 0.02 -0.02 -0.56 -0.1 -0.1
82 277.0 204.0 97.0 124.0 0.0 0.05 0.01 -0.5 -0.08 0.16
83 273.0 193.0 92.0 115.0 0.0 0.04 0.03 -0.47 0.04 0.05
84 257.0 180.0 98.0 117.0 -0.01 0.09 0.05 -0.42 0.08 -0.08
85 234.0 173.0 92.0 105.0 -0.02 0.09 0.06 -0.38 0.09 -0.06
86 245.0 190.0 92.0 108.0 -0.02 0.06 0.07 -0.15 0.05 0.0
87 247.0 184.0 99.0 95.0 -0.04 0.07 0.07 -0.24 0.03 0.11
88 274.0 172.0 98.0 94.0 -0.05 0.11 0.06 -0.04 -0.05 0.0
89 293.0 216.0 101.0 88.0 -0.06 0.14 0.05 -0.07 -0.11 -0.06
90 273.0 208.0 99.0 92.0 -0.04 0.12 0.04 0.0 -0.03 -0.12
91 250.0 201.0 96.0 84.0 -0.06 0.11 0.04 -0.13 0.0 -0.27
92 235.0 187.0 92.0 76.0 -0.06 0.11 0.05 -0.22 0.04 -0.18
93 231.0 175.0 84.0 83.0 -0.08 0.09 0.08 -0.06 0.09 -0.16
94 223.0 174.0 84.0 81.0 -0.11 0.08 0.1 0.11 0.09 -0.26
95 214.0 186.0 82.0 77.0 -0.11 0.07 0.1 0.16 0.14 -0.22
96 251.0 192.0 90.0 71.0 -0.12 0.07 0.09 0.17 0.12 0.03
97 216.0 180.0 86.0 68.0 -0.12 0.06 0.08 0.08 0.16 0.18
98 220.0 175.0 81.0 73.0 -0.11 0.06 0.07 0.09 0.16 0.26
99 207.0 185.0 81.0 71.0 -0.09 0.04 0.06 -0.01 0.13 0.26
100 193.0 189.0 79.0 64.0 -0.08 0.06 0.06 -0.01 0.14 0.07
101 188.0 189.0 87.0 65.0 -0.08 0.09 0.06 -0.05 0.14 0.07
102 216.0 190.0 81.0 58.0 -0.06 0.12 0.06 -0.04 0.14 -0.01
103 257.0 182.0 79.0 55.0 -0.04 0.07 0.06 -0.01 0.11 0.01
104 270.0 194.0 79.0 50.0 -0.03 0.03 0.05 0.08 0.09 0.0
105 246.0 191.0 80.0 55.0 -0.01 0.01 0.05 0.13 0.13 0.0
106 233.0 193.0 84.0 59.0 -0.01 0.04 0.03 0.05 0.21 0.0
107 234.0 181.0 84.0 53.0 -0.01 0.07 0.02 -0.02 0.19 0.01
108 217.0 193.0 80.0 47.0 -0.02 0.06 0.01 -0.01 0.17 0.03
109 195.0 191.0 87.0 46.0 -0.02 0.02 0.0 0.1 0.21 0.07
110 206.0 197.0 92.0 56.0 -0.02 0.04 -0.01 0.05 0.19 0.08
111 230.0 212.0 91.0 51.0 -0.03 0.07 -0.03 0.02 0.22 0.0
112 243.0 232.0 93.0 59.0 -0.05 0.11 -0.05 -0.26 0.25 -0.02
113 215.0 226.0 91.0 66.0 -0.07 0.11 -0.05 -0.28 0.22 -0.13
114 208.0 225.0 87.0 58.0 -0.09 0.09 -0.04 -0.13 0.07 -0.4
115 272.0 226.0 85.0 59.0 -0.08 0.06 0.01 -0.14 0.03 -0.07
116 278.0 238.0 82.0 69.0 -0.07 0.03 0.02 -0.06 -0.01 -0.05
117 250.0 233.0 89.0 60.0 -0.04 -0.01 0.03 0.07 0.01 0.0
118 245.0 225.0 89.0 61.0 -0.03 0.0 0.01 0.21 0.09 -0.01
119 228.0 239.0 84.0 56.0 -0.03 0.0 -0.01 0.19 0.13 0.0
120 205.0 228.0 82.0 52.0 -0.02 -0.0 -0.05 0.18 0.19 -0.19
121 185.0 229.0 87.0 52.0 -0.03 0.04 -0.06 0.02 0.16 -0.21
122 168.0 230.0 89.0 48.0 -0.04 0.05 -0.06 -0.01 0.17 -0.25
123 217.0 242.0 87.0 43.0 -0.05 0.03 -0.03 -0.16 0.09 -0.19
124 207.0 229.0 86.0 40.0 -0.07 0.03 0.0 -0.22 0.03 -0.25
125 174.0 246.0 87.0 36.0 -0.07 0.04 0.01 -0.24 -0.01 -0.2
126 168.0 241.0 83.0 34.0 -0.08 0.05 0.02 -0.3 -0.09 -0.14
127 135.0 247.0 78.0 33.0 -0.11 0.09 0.01 -0.38 -0.24 -0.15
128 132.0 272.0 77.0 35.0 -0.14 0.11 -0.01 -0.33 -0.18 -0.17
129 141.0 257.0 77.0 33.0 -0.21 0.19 -0.03 -0.12 -0.12 -0.38
130 132.0 239.0 75.0 31.0 -0.33 0.45 -0.06 0.03 -0.22 -0.26
131 128.0 243.0 71.0 29.0 -0.4 0.69 -0.04 -0.18 -0.16 -0.44
132 112.0 236.0 72.0 28.0 -0.6 1.19 -0.05 -0.55 -0.11 -1.18
133 99.0 233.0 75.0 27.0 -0.81 1.16 -0.07 -0.75 -0.28 -1.88
134 85.0 231.0 72.0 26.0 -0.84 0.98 -0.08 -0.7 -0.21 -1.99
135 69.0 222.0 71.0 26.0 -0.87 0.89 -0.03 -0.55 -0.27 -1.85
136 64.0 217.0 70.0 25.0 -1.0 1.39 0.06 -0.37 -0.19 -1.4
137 77.0 218.0 65.0 27.0 -1.11 1.78 0.12 -0.76 -0.43 -0.94
138 80.0 224.0 61.0 24.0 -1.33 2.48 0.22 -0.61 -0.17 -1.27
139 83.0 213.0 59.0 25.0 -1.49 2.8 0.25 -1.81 -0.14 -2.45
140 75.0 257.0 64.0 24.0 -1.59 2.82 0.25 -1.56 -0.12 -2.75
141 71.0 238.0 65.0 24.0 -1.72 2.81 0.29 -1.61 -0.04 -2.84
142 71.0 236.0 64.0 32.0 -1.84 2.73 0.34 -1.13 0.01 -2.04
143 71.0 248.0 61.0 36.0 -1.94 2.62 0.38 -1.43 -0.02 -1.14
144 77.0 248.0 59.0 40.0 -2.08 2.81 0.35 -0.36 0.08 -0.83
145 74.0 260.0 56.0 37.0 -2.12 2.87 0.25 0.76 -0.14 -0.89
146 74.0 238.0 57.0 33.0 -2.13 2.94 0.26 0.2 -0.12 -1.02
147 71.0 220.0 56.0 31.0 -2.06 2.89 0.24 -0.57 -0.24 -1.39
148 67.0 206.0 55.0 31.0 -1.85 2.59 0.1 -0.55 -0.32 -0.61
149 60.0 198.0 54.0 29.0 -1.79 2.42 0.04 -0.26 -0.34 -0.23
150 58.0 192.0 52.0 28.0 -1.72 2.16 -0.09 -0.2 -0.64 0.4
151 60.0 190.0 52.0 27.0 -1.7 2.1 -0.1 0.75 -0.83 0.93
152 93.0 181.0 52.0 26.0 -1.61 1.98 -0.11 0.54 -0.63 0.94
153 83.0 176.0 52.0 26.0 -1.57 1.84 -0.32 -0.64 -0.45 -0.23
154 69.0 172.0 51.0 25.0 -1.63 1.32 -0.53 -2.08 -0.8 -1.1
155 57.0 167.0 50.0 24.0 -1.56 0.64 -0.55 0.32 -0.4 -1.44
156 49.0 164.0 50.0 25.0 -1.43 -0.45 -0.73 1.38 -0.52 -1.68
157 45.0 168.0 52.0 24.0 -1.19 -1.07 -0.83 -2.83 -6.27 12.42
158 86.0 167.0 57.0 25.0 -1.06 -1.16 -1.28 -32.69 -11.51 29.94
159 82.0 157.0 60.0 24.0 0.01 -3.92 0.04 0.01 -5.1 -8.22
160 73.0 150.0 59.0 24.0 1.25 -1.61 0.01 1.67 -1.0 2.29
161 61.0 146.0 61.0 24.0 1.46 -0.76 -0.19 2.3 0.2 2.95
162 52.0 143.0 62.0 24.0 0.68 -0.67 -0.14 1.59 0.38 0.33
163 45.0 143.0 62.0 24.0 0.24 -0.58 -0.22 3.23 0.13 0.63
164 40.0 138.0 62.0 24.0 0.13 -0.14 -0.25 3.49 0.24 0.63
165 35.0 130.0 63.0 24.0 0.02 0.39 -0.14 1.54 -0.69 -0.07
166 33.0 123.0 62.0 24.0 0.15 0.66 -0.09 -0.5 0.0 0.06
167 31.0 116.0 62.0 24.0 0.17 0.69 -0.08 -0.81 0.03 0.29
168 33.0 108.0 61.0 24.0 0.09 0.62 -0.07 -1.02 0.33 0.04
169 39.0 101.0 62.0 24.0 0.05 0.34 0.02 -0.84 0.43 -0.09
170 35.0 94.0 62.0 25.0 0.02 0.16 0.07 -0.71 0.04 0.05
171 32.0 89.0 61.0 23.0 0.02 -0.09 0.1 0.06 0.29 -0.05
172 30.0 86.0 62.0 24.0 0.04 -0.15 0.05 0.18 0.35 0.04
173 28.0 85.0 62.0 24.0 0.01 -0.13 0.04 0.14 0.24 0.07
