1 49.0 128.0 83.0 25.0 -0.03 -0.02 -0.01 -0.06 0.07 0.05
2 47.0 126.0 80.0 23.0 -0.03 -0.02 -0.01 -0.14 0.07 -0.03
3 55.0 124.0 82.0 23.0 -0.03 -0.03 -0.01 -0.15 0.07 -0.02
4 51.0 126.0 76.0 23.0 -0.03 -0.04 -0.01 -0.13 0.01 -0.01
5 49.0 129.0 85.0 24.0 -0.03 -0.03 -0.01 -0.04 0.0 0.0
6 47.0 126.0 81.0 24.0 -0.02 -0.02 -0.01 -0.02 0.0 0.03
7 43.0 126.0 85.0 23.0 -0.01 -0.0 -0.02 -0.06 -0.02 -0.01
8 51.0 124.0 81.0 23.0 -0.0 0.0 -0.02 -0.13 0.02 -0.06
9 47.0 121.0 78.0 23.0 0.0 0.0 -0.02 -0.11 0.03 -0.01
10 46.0 121.0 81.0 23.0 0.01 -0.01 -0.03 -0.07 0.03 0.0
11 47.0 122.0 78.0 24.0 0.02 -0.0 -0.03 -0.02 0.07 0.01
12 40.0 121.0 82.0 23.0 0.01 -0.0 -0.02 0.0 0.04 0.02
13 40.0 121.0 76.0 23.0 0.01 0.01 -0.02 -0.06 0.04 0.0
14 48.0 121.0 72.0 23.0 0.0 0.01 -0.02 -0.05 0.05 -0.01
15 54.0 120.0 71.0 23.0 -0.0 0.0 -0.02 -0.06 0.04 -0.02
16 57.0 123.0 73.0 23.0 -0.0 -0.0 -0.01 -0.02 0.03 0.06
17 65.0 129.0 70.0 23.0 -0.01 -0.0 -0.01 0.02 0.05 0.06
18 66.0 127.0 75.0 23.0 -0.02 0.01 -0.01 -0.06 0.05 -0.04
19 71.0 130.0 70.0 28.0 -0.02 0.0 -0.01 -0.09 0.04 -0.01
20 69.0 131.0 66.0 31.0 -0.01 0.0 -0.01 0.0 0.05 0.06
21 84.0 191.0 61.0 37.0 -0.02 -0.01 0.0 -0.03 0.0 0.03
22 95.0 248.0 64.0 35.0 0.02 -0.04 -0.0 -0.04 -0.07 0.0
23 103.0 238.0 62.0 34.0 0.05 -0.06 0.0 -0.01 -0.09 -0.23
24 87.0 270.0 64.0 32.0 0.21 -0.11 0.02 -0.09 -0.08 -0.13
25 84.0 273.0 65.0 30.0 0.24 -0.21 0.03 -0.23 0.03 -0.06
26 92.0 300.0 64.0 36.0 0.27 -0.26 0.03 -0.05 0.0 -0.16
27 118.0 382.0 68.0 34.0 0.33 -0.33 0.02 0.04 0.07 0.12
28 113.0 407.0 68.0 34.0 0.4 -0.45 0.02 -0.34 -0.01 0.5
29 104.0 454.0 78.0 32.0 0.46 -0.51 -0.0 0.0 0.22 0.68
30 91.0 516.0 74.0 32.0 0.53 -0.68 -0.02 -0.41 -0.05 0.97
31 93.0 458.0 76.0 30.0 0.45 -1.03 -0.04 -0.73 -0.01 0.46
32 104.0 521.0 79.0 29.0 0.49 -1.21 -0.04 -0.35 0.2 1.73
33 103.0 554.0 84.0 28.0 0.44 -1.47 -0.03 -0.97 0.19 1.76
34 95.0 521.0 82.0 27.0 0.57 -1.51 -0.07 -0.97 0.42 1.63
35 97.0 546.0 81.0 29.0 0.65 -1.4 -0.08 1.03 0.02 1.48
36 92.0 553.0 83.0 30.0 1.04 -1.82 -0.28 1.36 0.79 2.48
37 90.0 573.0 90.0 29.0 1.18 -1.66 -0.32 1.08 0.48 2.05
38 99.0 616.0 94.0 29.0 1.21 -1.52 -0.33 0.76 0.38 1.89
39 91.0 561.0 96.0 28.0 1.45 -1.21 -0.46 0.63 0.45 1.67
40 97.0 543.0 96.0 28.0 1.43 -0.9 -0.44 0.46 0.43 1.27
41 119.0 502.0 93.0 29.0 1.45 -0.82 -0.44 0.47 0.33 1.11
42 107.0 500.0 95.0 31.0 1.54 -0.91 -0.48 0.39 0.27 1.02
43 115.0 471.0 93.0 29.0 1.58 -0.92 -0.51 0.18 0.11 0.64
44 122.0 512.0 100.0 28.0 1.58 -0.93 -0.52 0.09 0.05 0.37
45 128.0 523.0 97.0 30.0 1.6 -0.87 -0.52 0.15 -0.07 0.39
46 123.0 541.0 104.0 30.0 1.65 -0.84 -0.51 -0.12 -0.05 0.15
47 126.0 527.0 99.0 31.0 1.69 -0.84 -0.51 -0.03 -0.14 0.01
48 134.0 502.0 93.0 34.0 1.66 -0.7 -0.49 -0.15 -0.28 -0.22
49 152.0 481.0 100.0 34.0 1.63 -0.58 -0.46 -0.01 -0.38 -0.57
50 145.0 460.0 119.0 33.0 1.61 -0.54 -0.44 -0.01 -0.47 -0.91
51 140.0 549.0 120.0 37.0 1.55 -0.46 -0.41 -0.2 -0.41 -0.84
52 144.0 495.0 108.0 34.0 1.47 -0.45 -0.41 -0.19 -0.42 -0.74
53 187.0 490.0 103.0 35.0 1.43 -0.41 -0.42 -0.31 -0.42 -1.3
54 191.0 448.0 99.0 32.0 1.32 -0.35 -0.43 -0.27 -0.46 -1.33
55 176.0 408.0 102.0 33.0 1.22 -0.33 -0.43 -0.52 -0.48 -1.38
56 177.0 393.0 104.0 32.0 1.18 -0.35 -0.43 -0.66 -0.55 -1.27
57 170.0 382.0 109.0 37.0 1.08 -0.36 -0.41 -0.67 -0.5 -1.2
58 161.0 408.0 102.0 35.0 0.94 -0.28 -0.38 -0.84 -0.57 -0.99
59 158.0 398.0 101.0 34.0 0.87 -0.28 -0.34 -0.79 -0.51 -1.33
60 144.0 392.0 102.0 33.0 0.72 -0.27 -0.3 -0.8 -0.5 -1.55
61 141.0 421.0 110.0 31.0 0.57 -0.24 -0.22 -0.79 -0.51 -1.47
62 142.0 434.0 124.0 30.0 0.5 -0.21 -0.19 -0.65 -0.42 -1.16
63 135.0 439.0 123.0 31.0 0.37 -0.17 -0.14 -0.81 -0.36 -1.19
64 145.0 450.0 123.0 31.0 0.24 -0.13 -0.12 -0.7 -0.34 -1.08
65 134.0 513.0 126.0 31.0 0.18 -0.1 -0.12 -0.77 -0.28 -0.94
66 143.0 482.0 125.0 30.0 0.07 -0.06 -0.09 -0.69 -0.21 -1.07
67 121.0 444.0 121.0 30.0 -0.01 -0.02 -0.05 -0.52 -0.22 -1.2
68 115.0 433.0 118.0 30.0 -0.04 0.0 -0.03 -0.4 -0.18 -0.72
69 118.0 422.0 109.0 30.0 -0.1 0.0 0.03 -0.31 -0.23 -0.53
70 123.0 406.0 110.0 29.0 -0.15 -0.01 0.06 -0.35 -0.1 -0.34
71 120.0 423.0 114.0 30.0 -0.18 0.0 0.07 -0.21 -0.04 -0.24
72 119.0 450.0 128.0 30.0 -0.24 0.06 0.09 -0.18 0.0 -0.19
73 118.0 443.0 125.0 28.0 -0.25 0.03 0.07 -0.05 -0.03 -0.29
74 124.0 440.0 122.0 28.0 -0.22 0.02 0.06 -0.02 -0.01 0.16
75 117.0 438.0 125.0 28.0 -0.21 0.03 0.07 -0.05 0.02 0.36
76 112.0 426.0 119.0 28.0 -0.18 0.02 0.05 0.04 0.11 0.47
77 144.0 416.0 117.0 27.0 -0.18 0.04 0.04 -0.08 0.11 0.46
78 146.0 464.0 114.0 29.0 -0.17 0.06 0.03 -0.05 0.13 0.36
79 132.0 501.0 111.0 29.0 -0.15 0.05 0.02 -0.14 0.09 0.19
80 114.0 456.0 110.0 28.0 -0.13 0.05 0.03 -0.04 0.06 0.06
81 128.0 500.0 100.0 26.0 -0.1 0.02 0.05 -0.07 0.05 0.11
82 134.0 506.0 110.0 27.0 -0.05 -0.0 0.08 -0.01 0.11 0.4
83 142.0 458.0 108.0 26.0 -0.04 -0.01 0.1 -0.08 0.15 0.39
84 132.0 447.0 107.0 26.0 -0.03 -0.0 0.11 0.01 0.16 0.37
85 151.0 448.0 106.0 27.0 -0.05 0.02 0.12 -0.04 0.11 0.2
86 149.0 426.0 105.0 26.0 -0.07 -0.0 0.12 0.0 0.09 0.0
87 127.0 407.0 106.0 30.0 -0.05 -0.03 0.11 0.02 0.03 -0.09
88 112.0 391.0 113.0 30.0 -0.05 -0.03 0.1 0.07 0.01 0.0
89 109.0 390.0 110.0 29.0 -0.06 -0.04 0.1 0.13 -0.05 0.08
90 108.0 414.0 106.0 29.0 -0.08 -0.02 0.08 0.21 -0.04 0.06
91 106.0 430.0 104.0 28.0 -0.09 0.01 0.05 0.2 -0.02 -0.11
92 105.0 380.0 96.0 27.0 -0.09 0.02 0.03 0.2 0.02 -0.16
93 118.0 363.0 95.0 27.0 -0.08 0.03 0.0 0.14 0.0 -0.05
94 110.0 374.0 91.0 26.0 -0.08 0.04 -0.01 -0.05 -0.04 0.1
95 108.0 362.0 95.0 26.0 -0.09 0.04 -0.03 -0.04 -0.05 0.11
96 100.0 415.0 93.0 26.0 -0.09 0.04 -0.05 -0.07 -0.06 0.06
97 99.0 407.0 96.0 28.0 -0.08 0.03 -0.05 -0.04 -0.05 0.05
98 94.0 380.0 89.0 28.0 -0.08 0.03 -0.05 -0.04 -0.03 -0.03
99 124.0 349.0 84.0 28.0 -0.07 0.05 -0.05 -0.11 -0.09 0.08
100 127.0 354.0 93.0 28.0 -0.06 0.04 -0.04 -0.12 -0.08 0.06
101 127.0 366.0 99.0 27.0 -0.06 0.04 -0.03 -0.19 -0.01 0.04
102 104.0 352.0 104.0 27.0 -0.05 0.04 -0.02 -0.07 0.01 -0.05
103 108.0 353.0 99.0 27.0 -0.04 0.04 -0.01 -0.03 -0.02 0.04
104 93.0 338.0 102.0 26.0 -0.03 0.05 -0.0 0.0 -0.01 0.06
105 102.0 369.0 105.0 25.0 -0.04 0.07 -0.01 -0.12 0.0 0.04
106 106.0 397.0 102.0 26.0 -0.04 0.03 -0.03 -0.11 0.0 0.02
107 129.0 384.0 93.0 25.0 -0.04 0.03 -0.03 -0.14 0.01 0.0
108 112.0 374.0 99.0 26.0 -0.06 0.05 -0.03 -0.19 0.06 -0.2
109 112.0 376.0 91.0 26.0 -0.08 0.04 0.0 -0.19 0.0 -0.23
110 101.0 370.0 98.0 25.0 -0.08 0.04 0.0 -0.2 -0.03 -0.14
111 94.0 351.0 94.0 25.0 -0.08 0.03 0.02 -0.13 -0.03 -0.05
112 103.0 338.0 94.0 26.0 -0.08 0.0 0.02 -0.11 -0.04 0.06
113 102.0 336.0 93.0 26.0 -0.08 0.0 0.02 -0.06 -0.01 0.02
114 107.0 334.0 93.0 26.0 -0.08 0.02 0.02 -0.09 0.02 0.09
115 118.0 355.0 87.0 25.0 -0.08 0.05 0.0 -0.04 0.04 0.01
116 112.0 350.0 84.0 26.0 -0.08 0.05 0.0 -0.11 0.06 -0.02
117 103.0 333.0 83.0 26.0 -0.09 0.05 0.0 -0.07 0.09 -0.13
118 98.0 333.0 82.0 26.0 -0.08 0.05 0.0 -0.2 0.06 -0.12
119 80.0 315.0 85.0 25.0 -0.08 0.05 0.01 -0.09 0.03 -0.11
120 69.0 326.0 83.0 25.0 -0.08 0.04 0.03 -0.25 -0.11 -0.02
121 64.0 316.0 82.0 25.0 -0.08 0.06 0.04 -0.32 -0.18 -0.09
122 57.0 293.0 76.0 24.0 -0.09 0.09 0.06 -0.41 -0.18 -0.19
123 48.0 283.0 70.0 24.0 -0.14 0.15 0.11 -0.41 -0.21 -0.28
124 44.0 278.0 66.0 24.0 -0.22 0.2 0.18 -0.55 -0.26 -0.5
125 39.0 245.0 62.0 24.0 -0.27 0.2 0.21 -0.6 -0.26 -0.62
126 34.0 246.0 60.0 24.0 -0.38 0.18 0.28 -0.45 -0.34 -0.88
127 31.0 275.0 58.0 23.0 -0.49 0.25 0.4 -0.22 -0.36 -1.02
128 28.0 286.0 56.0 23.0 -0.55 0.35 0.46 -0.12 -0.35 -1.11
129 26.0 297.0 53.0 23.0 -0.71 0.67 0.63 -0.07 -0.29 -1.57
130 25.0 297.0 54.0 23.0 -0.94 1.08 0.78 -0.32 -0.15 -1.86
131 23.0 281.0 52.0 23.0 -1.06 1.19 0.84 -0.96 -0.23 -2.02
132 22.0 253.0 51.0 23.0 -1.36 1.11 0.88 -0.87 -0.36 -1.78
133 21.0 241.0 50.0 26.0 -1.55 0.78 0.82 -0.56 -0.38 -1.57
134 28.0 234.0 51.0 25.0 -1.58 0.6 0.81 -0.44 -0.31 -1.54
135 46.0 261.0 50.0 26.0 -1.64 0.43 0.84 -0.33 -0.21 -1.4
136 49.0 250.0 50.0 25.0 -1.7 0.43 0.85 -0.88 -0.08 -1.48
137 45.0 236.0 49.0 24.0 -1.76 0.41 0.83 -1.15 -0.03 -1.43
138 49.0 240.0 50.0 30.0 -1.87 0.46 0.78 -0.56 -0.07 -0.54
139 52.0 238.0 51.0 36.0 -1.97 0.68 0.71 0.66 -0.08 0.09
140 64.0 225.0 51.0 39.0 -2.05 0.79 0.66 0.75 -0.09 0.34
141 63.0 219.0 50.0 35.0 -2.19 0.84 0.54 0.73 0.05 0.04
142 62.0 214.0 49.0 33.0 -2.15 0.82 0.41 -0.16 0.11 0.0
143 54.0 209.0 50.0 30.0 -2.11 0.75 0.33 -0.07 0.1 0.09
144 46.0 205.0 50.0 29.0 -2.02 0.7 0.2 0.46 0.05 0.08
145 41.0 203.0 51.0 28.0 -1.9 0.86 0.13 0.22 -0.03 -0.21
146 35.0 194.0 51.0 26.0 -1.85 0.95 0.08 0.39 0.14 -0.4
147 31.0 189.0 58.0 26.0 -1.74 1.09 0.14 0.64 -0.16 -1.29
148 28.0 182.0 64.0 27.0 -1.63 1.2 0.02 0.54 0.36 -1.99
149 25.0 173.0 76.0 27.0 -1.65 1.17 0.04 1.55 -1.0 -1.35
150 26.0 163.0 83.0 27.0 -0.14 2.34 0.52 6.01 -3.51 14.06
151 24.0 156.0 93.0 26.0 0.25 3.69 -0.35 -3.79 -1.82 6.96
152 29.0 150.0 86.0 26.0 0.3 2.0 -0.44 -2.26 0.6 2.33
153 26.0 143.0 80.0 25.0 0.25 1.26 -0.14 -3.63 0.85 -1.42
154 29.0 140.0 77.0 26.0 0.42 0.5 -0.17 -3.99 -0.32 0.01
155 54.0 133.0 70.0 25.0 0.37 0.12 -0.12 -2.17 0.66 0.17
156 47.0 127.0 72.0 25.0 0.33 -0.21 0.04 0.8 0.02 0.03
157 42.0 121.0 76.0 25.0 0.33 -0.11 0.07 1.58 -0.18 0.11
158 34.0 116.0 75.0 24.0 0.33 0.1 0.04 1.59 -0.02 -0.15
159 32.0 111.0 73.0 24.0 0.37 0.69 -0.04 0.94 -0.13 -0.15
160 29.0 109.0 69.0 25.0 0.33 0.82 -0.09 0.53 -0.13 0.15
161 26.0 105.0 67.0 25.0 0.26 0.78 -0.09 -0.12 0.16 0.12
162 35.0 102.0 79.0 25.0 0.2 0.44 -0.04 -0.81 0.0 0.16
163 32.0 100.0 77.0 25.0 0.3 0.16 -0.03 -0.44 0.18 0.0
164 27.0 95.0 78.0 25.0 0.31 0.13 -0.04 -0.2 0.21 0.01
165 27.0 93.0 73.0 24.0 0.25 0.23 -0.09 0.05 0.18 0.12
166 25.0 90.0 78.0 24.0 0.22 0.33 -0.1 0.1 0.11 0.17
167 23.0 86.0 79.0 24.0 0.21 0.36 -0.1 0.04 0.1 0.12
168 22.0 84.0 77.0 24.0 0.11 0.19 -0.07 -0.29 -0.02 0.0
169 21.0 82.0 73.0 24.0 0.09 0.05 -0.06 -0.12 -0.11 -0.07
170 57.0 86.0 73.0 24.0 0.09 0.05 -0.06 -0.05 -0.09 -0.01
171 48.0 79.0 76.0 24.0 0.1 0.09 -0.06 0.04 0.0 0.03
172 48.0 78.0 76.0 24.0 0.09 0.15 -0.06 0.2 0.06 0.15
173 42.0 76.0 78.0 24.0 0.07 0.17 -0.07 0.12 0.04 0.07
174 37.0 76.0 75.0 24.0 0.06 0.15 -0.05 0.15 0.0 0.0
