1 23.0 189.0 72.0 23.0 -0.01 -0.02 0.01 0.06 0.05 -0.02
2 24.0 189.0 69.0 23.0 -0.01 -0.01 0.01 0.07 0.08 0.0
3 23.0 188.0 75.0 23.0 -0.02 0.0 0.01 0.02 0.07 0.0
4 28.0 189.0 71.0 23.0 -0.02 -0.01 0.01 -0.04 0.06 -0.02
5 26.0 192.0 72.0 23.0 -0.02 -0.01 0.01 -0.03 0.06 -0.01
6 26.0 192.0 71.0 23.0 -0.01 -0.02 0.01 -0.04 0.08 -0.03
7 24.0 194.0 69.0 23.0 -0.01 -0.02 0.01 0.01 0.09 0.0
8 24.0 196.0 67.0 23.0 -0.01 -0.02 0.01 0.0 0.09 -0.01
9 24.0 197.0 66.0 23.0 -0.0 -0.01 0.0 0.0 0.09 0.0
10 24.0 198.0 65.0 23.0 0.0 0.01 -0.01 0.0 0.1 0.0
11 23.0 199.0 63.0 23.0 0.01 0.02 -0.01 -0.06 0.08 -0.03
12 22.0 199.0 67.0 23.0 0.02 0.03 -0.02 -0.06 0.08 -0.04
13 29.0 201.0 74.0 23.0 0.04 0.03 -0.03 0.01 0.04 0.0
14 29.0 203.0 72.0 23.0 0.05 0.04 -0.03 -0.01 0.04 0.0
15 29.0 204.0 70.0 23.0 0.07 0.04 -0.04 -0.12 0.04 -0.07
16 28.0 203.0 69.0 23.0 0.09 0.02 -0.04 -0.06 0.06 -0.04
17 33.0 201.0 69.0 23.0 0.09 -0.0 -0.04 -0.08 0.13 0.01
18 34.0 202.0 65.0 26.0 0.09 -0.04 -0.04 -0.03 0.16 0.04
19 42.0 201.0 64.0 25.0 0.07 -0.06 -0.04 0.02 0.17 0.02
20 76.0 208.0 61.0 26.0 0.06 -0.07 -0.04 0.01 0.09 -0.01
21 105.0 207.0 59.0 26.0 0.04 -0.08 -0.04 -0.04 0.1 -0.01
22 120.0 211.0 57.0 37.0 -0.0 -0.15 -0.03 -0.16 0.04 -0.07
23 162.0 234.0 58.0 37.0 -0.06 -0.22 -0.02 -0.36 -0.07 0.02
24 169.0 239.0 59.0 40.0 -0.11 -0.39 0.01 -0.32 -0.09 -0.01
25 192.0 253.0 59.0 38.0 -0.14 -0.65 0.03 -0.31 -0.18 -0.07
26 316.0 292.0 65.0 35.0 -0.09 -0.74 0.02 -0.12 -0.12 -0.2
27 281.0 292.0 64.0 35.0 0.09 -0.87 -0.05 -0.17 -0.18 -0.28
28 270.0 312.0 62.0 54.0 0.33 -1.23 -0.15 -0.72 -0.35 0.4
29 243.0 371.0 64.0 50.0 0.42 -1.54 -0.21 1.56 -0.66 0.91
30 219.0 457.0 70.0 48.0 0.65 -1.27 -0.35 1.32 -0.74 0.52
31 216.0 476.0 83.0 45.0 1.11 -0.71 -0.46 -0.93 -0.84 -0.7
32 177.0 488.0 81.0 47.0 1.38 -1.02 -0.6 1.8 2.06 0.71
33 169.0 435.0 93.0 47.0 1.5 -1.32 -0.5 -0.43 1.86 1.32
34 170.0 478.0 96.0 44.0 1.64 -2.08 -0.61 1.98 0.33 2.59
35 158.0 427.0 92.0 40.0 1.41 -1.75 -0.55 0.07 1.05 2.75
36 138.0 462.0 97.0 39.0 1.13 -1.01 -0.45 0.04 1.52 2.54
37 124.0 415.0 94.0 36.0 1.07 -0.62 -0.55 -0.14 1.29 2.02
38 109.0 430.0 96.0 38.0 1.1 -0.59 -0.56 0.44 1.04 2.26
39 101.0 463.0 97.0 39.0 1.21 -0.86 -0.58 0.54 0.92 1.93
40 130.0 498.0 94.0 36.0 1.34 -1.01 -0.58 1.03 0.81 1.49
41 128.0 555.0 91.0 33.0 1.34 -0.93 -0.57 0.93 0.66 1.41
42 131.0 530.0 97.0 32.0 1.43 -0.79 -0.58 0.21 0.29 0.98
43 148.0 504.0 94.0 36.0 1.48 -0.78 -0.54 0.21 0.22 0.77
44 129.0 542.0 109.0 36.0 1.43 -0.75 -0.49 0.12 0.12 0.54
45 125.0 502.0 106.0 33.0 1.48 -0.72 -0.5 -0.26 0.13 0.22
46 123.0 530.0 107.0 33.0 1.48 -0.72 -0.49 -0.23 -0.18 0.23
47 126.0 536.0 118.0 33.0 1.45 -0.71 -0.45 -0.32 -0.24 0.23
48 128.0 493.0 119.0 40.0 1.4 -0.66 -0.4 -0.45 -0.19 -0.19
49 150.0 502.0 120.0 44.0 1.35 -0.65 -0.35 -0.56 -0.42 -0.54
50 147.0 482.0 120.0 39.0 1.33 -0.64 -0.31 -0.48 -0.61 -1.01
51 143.0 480.0 122.0 40.0 1.3 -0.55 -0.21 -0.52 -0.62 -0.97
52 129.0 467.0 112.0 39.0 1.21 -0.49 -0.12 -0.68 -0.71 -1.05
53 139.0 441.0 121.0 36.0 1.16 -0.5 -0.09 -0.81 -0.78 -1.01
54 168.0 416.0 118.0 36.0 1.05 -0.51 -0.03 -0.58 -0.84 -1.24
55 148.0 407.0 110.0 40.0 0.87 -0.52 0.0 -0.56 -0.73 -1.33
56 136.0 365.0 116.0 54.0 0.8 -0.53 0.0 -0.32 -0.57 -1.71
57 156.0 353.0 125.0 58.0 0.66 -0.45 0.04 -0.35 -0.6 -1.8
58 186.0 423.0 139.0 67.0 0.56 -0.31 0.03 -0.71 -0.44 -1.88
59 192.0 409.0 135.0 65.0 0.51 -0.3 0.01 -0.95 -0.56 -1.85
60 227.0 399.0 140.0 71.0 0.43 -0.27 -0.02 -1.13 -0.67 -1.84
61 201.0 388.0 140.0 75.0 0.31 -0.18 -0.0 -1.21 -0.7 -1.41
62 204.0 433.0 146.0 90.0 0.22 -0.14 0.01 -1.11 -0.63 -1.45
63 238.0 493.0 151.0 92.0 0.09 -0.12 0.07 -0.99 -0.58 -1.46
64 219.0 541.0 143.0 87.0 0.01 -0.15 0.13 -0.81 -0.59 -1.56
65 217.0 538.0 136.0 85.0 -0.03 -0.14 0.16 -0.43 -0.61 -1.33
66 222.0 509.0 138.0 85.0 -0.06 -0.17 0.17 -0.22 -0.45 -0.89
67 225.0 517.0 149.0 104.0 -0.08 -0.19 0.16 -0.2 -0.41 -0.66
68 223.0 496.0 150.0 98.0 -0.08 -0.18 0.16 -0.15 -0.25 0.24
69 242.0 629.0 152.0 95.0 -0.07 -0.13 0.14 -0.24 -0.12 0.2
70 261.0 771.0 156.0 93.0 -0.06 -0.08 0.13 -0.25 -0.03 0.04
71 241.0 747.0 145.0 83.0 -0.03 -0.08 0.11 -0.26 -0.01 -0.13
72 247.0 734.0 176.0 106.0 -0.02 -0.09 0.13 -0.21 0.05 0.03
73 234.0 764.0 163.0 97.0 -0.0 -0.1 0.14 -0.14 0.28 -0.2
74 229.0 667.0 152.0 82.0 -0.01 -0.1 0.15 0.0 0.31 -0.15
75 233.0 676.0 143.0 74.0 -0.0 -0.05 0.16 0.25 0.3 -0.03
76 193.0 610.0 138.0 78.0 -0.02 -0.01 0.14 0.53 0.27 0.17
77 219.0 587.0 157.0 75.0 -0.03 0.05 0.12 0.41 0.29 -0.03
78 251.0 561.0 160.0 76.0 -0.06 0.12 0.07 0.55 0.13 -0.17
79 241.0 553.0 155.0 71.0 -0.07 0.06 0.01 0.3 0.12 0.07
80 255.0 593.0 152.0 75.0 -0.08 0.05 -0.01 0.28 0.17 0.04
81 230.0 575.0 160.0 67.0 -0.09 0.09 -0.03 0.2 0.13 -0.31
82 200.0 552.0 161.0 74.0 -0.09 0.07 -0.04 0.26 0.13 -0.44
83 181.0 542.0 152.0 62.0 -0.09 0.05 -0.04 0.01 0.09 -0.32
84 175.0 525.0 148.0 59.0 -0.12 0.02 -0.03 -0.19 0.13 -0.03
85 168.0 561.0 140.0 58.0 -0.14 0.05 -0.03 -0.11 0.17 -0.3
86 272.0 549.0 149.0 60.0 -0.15 0.08 -0.01 0.07 0.1 -0.41
87 238.0 592.0 150.0 54.0 -0.13 0.14 0.02 0.0 -0.05 -0.31
88 209.0 597.0 142.0 49.0 -0.09 0.04 0.03 0.0 -0.13 0.17
89 193.0 622.0 135.0 56.0 -0.08 0.01 0.03 0.02 -0.14 0.18
90 183.0 589.0 133.0 51.0 -0.07 0.02 0.02 0.07 -0.04 0.06
91 196.0 593.0 127.0 48.0 -0.06 0.04 -0.01 0.05 0.08 -0.05
92 167.0 557.0 126.0 45.0 -0.05 0.04 -0.03 0.07 0.06 -0.12
93 156.0 530.0 134.0 40.0 -0.05 0.06 -0.04 -0.04 0.1 -0.14
94 177.0 499.0 131.0 37.0 -0.04 0.03 -0.04 -0.13 0.02 -0.04
95 247.0 495.0 122.0 34.0 -0.03 0.04 -0.03 -0.09 0.0 -0.01
96 233.0 515.0 129.0 32.0 -0.03 0.06 -0.01 -0.18 -0.03 -0.16
97 201.0 537.0 125.0 33.0 -0.02 0.04 0.01 -0.09 0.0 -0.3
98 173.0 511.0 123.0 32.0 -0.02 0.03 0.02 -0.06 0.02 -0.47
99 158.0 471.0 119.0 31.0 -0.03 0.01 0.02 0.09 0.01 -0.52
100 144.0 433.0 118.0 33.0 -0.05 0.03 0.01 0.04 0.05 -0.29
101 164.0 456.0 115.0 31.0 -0.06 0.03 -0.01 0.07 0.03 -0.23
102 158.0 441.0 126.0 32.0 -0.09 0.07 -0.02 0.06 0.07 -0.28
103 187.0 478.0 118.0 42.0 -0.11 0.07 -0.04 -0.01 0.03 -0.2
104 171.0 477.0 124.0 39.0 -0.12 0.06 -0.04 -0.07 0.05 -0.18
105 169.0 458.0 123.0 36.0 -0.13 0.03 -0.05 -0.09 -0.06 -0.24
106 164.0 451.0 120.0 34.0 -0.11 0.05 -0.05 -0.13 -0.04 0.07
107 169.0 423.0 131.0 32.0 -0.1 0.05 -0.04 -0.18 -0.04 0.13
108 151.0 457.0 124.0 35.0 -0.07 0.05 -0.04 -0.09 -0.03 -0.01
109 138.0 438.0 124.0 36.0 -0.05 0.04 -0.02 -0.22 0.06 -0.03
110 144.0 417.0 119.0 31.0 -0.04 0.04 -0.02 -0.15 0.05 -0.09
111 136.0 440.0 118.0 30.0 -0.04 0.05 0.01 -0.18 0.08 -0.14
112 131.0 414.0 125.0 29.0 -0.03 0.02 0.01 -0.12 0.08 -0.11
113 137.0 434.0 128.0 28.0 -0.03 0.02 0.02 -0.07 0.07 -0.07
114 161.0 402.0 129.0 28.0 -0.03 0.02 0.02 -0.08 0.09 -0.1
115 161.0 408.0 120.0 27.0 -0.03 0.02 0.02 -0.07 0.06 -0.18
116 141.0 426.0 116.0 26.0 -0.04 0.02 0.02 -0.05 0.1 -0.24
117 159.0 431.0 106.0 27.0 -0.03 0.04 0.01 0.06 0.07 -0.33
118 161.0 399.0 109.0 26.0 -0.03 0.04 -0.0 0.12 0.04 -0.26
119 160.0 412.0 104.0 26.0 -0.03 0.04 -0.01 -0.03 0.04 -0.18
120 158.0 397.0 104.0 25.0 -0.03 0.02 -0.02 -0.02 0.04 -0.11
121 145.0 403.0 104.0 25.0 -0.03 0.04 -0.02 -0.05 0.02 -0.11
122 131.0 423.0 106.0 27.0 -0.04 0.07 -0.02 -0.09 0.03 -0.11
123 115.0 425.0 101.0 26.0 -0.04 0.09 -0.01 -0.06 -0.06 -0.27
124 102.0 403.0 104.0 25.0 -0.03 0.07 0.0 -0.09 -0.07 -0.22
125 93.0 407.0 108.0 28.0 -0.03 0.08 0.01 -0.05 -0.07 -0.22
126 121.0 421.0 111.0 27.0 -0.04 0.12 0.02 -0.13 -0.02 -0.16
127 117.0 416.0 109.0 27.0 -0.07 0.15 0.04 -0.22 -0.04 -0.28
128 112.0 413.0 107.0 27.0 -0.08 0.17 0.05 -0.34 -0.03 -0.45
129 97.0 413.0 104.0 27.0 -0.1 0.15 0.11 -0.33 -0.1 -0.55
130 90.0 422.0 103.0 26.0 -0.13 0.14 0.16 -0.21 -0.13 -0.49
131 76.0 413.0 94.0 26.0 -0.15 0.13 0.18 -0.17 -0.14 -0.47
132 73.0 418.0 94.0 25.0 -0.18 0.14 0.2 -0.05 -0.17 -0.55
133 68.0 414.0 95.0 25.0 -0.24 0.24 0.21 -0.02 -0.22 -0.49
134 72.0 431.0 90.0 27.0 -0.27 0.29 0.21 -0.08 -0.24 -0.52
135 77.0 408.0 84.0 26.0 -0.34 0.36 0.2 -0.13 -0.28 -0.68
136 71.0 389.0 79.0 26.0 -0.37 0.44 0.21 -0.22 -0.24 -0.95
137 60.0 357.0 77.0 25.0 -0.4 0.45 0.2 -0.17 -0.33 -1.0
138 58.0 355.0 76.0 25.0 -0.46 0.53 0.21 -0.05 -0.31 -0.9
139 54.0 345.0 73.0 24.0 -0.56 0.64 0.24 -0.08 -0.31 -0.85
140 68.0 377.0 71.0 24.0 -0.64 0.68 0.28 0.0 -0.28 -0.9
141 72.0 353.0 74.0 24.0 -0.81 0.78 0.36 0.12 -0.05 -1.06
142 66.0 366.0 78.0 24.0 -0.99 0.99 0.45 -0.08 0.14 -1.15
143 83.0 337.0 76.0 24.0 -1.09 1.13 0.45 -0.03 0.1 -1.2
144 85.0 312.0 72.0 25.0 -1.28 1.46 0.44 -0.31 0.3 -1.34
145 85.0 291.0 69.0 24.0 -1.58 1.58 0.44 0.37 0.42 -0.91
146 103.0 275.0 67.0 24.0 -1.72 1.57 0.39 0.28 0.39 -0.77
147 88.0 260.0 65.0 24.0 -1.89 1.32 0.23 -0.01 0.27 -0.59
148 78.0 258.0 64.0 37.0 -1.94 1.05 0.08 0.26 0.37 -0.4
149 69.0 251.0 61.0 45.0 -1.96 1.06 -0.0 0.53 0.38 -0.43
150 66.0 248.0 58.0 40.0 -1.99 1.34 -0.13 0.31 0.17 -0.91
151 95.0 242.0 56.0 37.0 -2.08 1.7 -0.15 -0.36 -0.01 -1.3
152 81.0 238.0 54.0 35.0 -2.14 1.81 -0.13 -0.29 0.03 -1.4
153 67.0 234.0 53.0 35.0 -2.17 1.8 -0.07 -1.38 -0.22 -2.04
154 57.0 220.0 52.0 39.0 -2.03 1.33 -0.05 -0.98 -0.39 -1.36
155 54.0 209.0 52.0 38.0 -1.97 0.93 -0.09 -1.35 -0.37 -0.93
156 45.0 196.0 54.0 34.0 -1.63 0.13 -0.08 -0.16 -0.63 -0.13
157 69.0 186.0 57.0 32.0 -1.48 -0.03 -0.11 0.37 -0.52 0.0
158 63.0 173.0 68.0 30.0 -1.43 0.04 -0.12 0.09 -0.59 -0.29
159 52.0 160.0 68.0 29.0 -1.41 0.28 -0.02 0.7 0.1 -0.7
160 47.0 149.0 75.0 27.0 -1.53 0.54 0.12 -2.31 -2.34 1.02
161 47.0 134.0 92.0 28.0 -1.07 0.37 0.34 -4.26 -6.47 18.67
162 40.0 123.0 102.0 27.0 1.15 1.16 -0.26 5.54 1.14 12.09
163 35.0 116.0 97.0 26.0 0.38 0.91 -0.43 -1.28 1.6 -1.87
164 35.0 106.0 91.0 26.0 0.39 0.91 -0.39 -1.32 1.33 -2.54
165 31.0 99.0 86.0 25.0 0.39 0.32 -0.14 -1.81 0.57 -0.38
166 28.0 99.0 82.0 25.0 0.2 -0.19 -0.1 0.79 0.2 -0.04
167 25.0 101.0 80.0 25.0 0.14 -0.3 -0.08 1.58 -0.02 0.6
168 30.0 103.0 90.0 25.0 0.14 -0.15 0.02 1.18 -0.13 0.1
169 27.0 105.0 88.0 25.0 0.19 0.15 0.03 0.8 0.21 -0.46
170 58.0 111.0 87.0 24.0 0.15 0.34 0.03 0.64 0.09 -0.26
171 49.0 115.0 77.0 24.0 0.06 0.56 0.06 0.39 -0.09 0.17
172 43.0 120.0 72.0 25.0 -0.02 0.4 0.06 -0.11 0.01 0.29
173 38.0 124.0 75.0 24.0 -0.04 0.33 0.07 -0.37 0.0 0.27
174 34.0 129.0 75.0 24.0 -0.01 0.25 0.04 -0.48 0.3 0.11
175 31.0 132.0 72.0 24.0 -0.04 0.17 0.04 -0.42 0.12 0.19
176 28.0 133.0 77.0 24.0 -0.01 0.1 0.03 -0.11 0.72 0.24
177 32.0 137.0 73.0 24.0 -0.02 0.05 0.01 -0.22 0.3 -0.01
178 29.0 141.0 71.0 24.0 -0.01 -0.0 0.01 -0.06 0.13 -0.02
179 26.0 142.0 72.0 24.0 0.0 -0.03 0.0 -0.05 0.07 -0.03
