1 36.0 141.0 69.0 23.0 0.0 0.01 0.0 -0.1 -0.01 -0.02
2 36.0 142.0 67.0 24.0 0.0 0.01 0.0 -0.09 -0.01 -0.02
3 36.0 143.0 67.0 24.0 0.0 0.01 0.0 -0.08 0.0 0.0
4 35.0 144.0 73.0 24.0 0.0 0.01 -0.0 -0.1 0.02 -0.04
5 36.0 145.0 70.0 24.0 0.02 0.01 -0.0 -0.07 0.03 -0.02
6 36.0 146.0 69.0 24.0 0.02 0.02 -0.01 -0.06 0.03 -0.01
7 35.0 145.0 68.0 24.0 0.03 0.04 -0.01 -0.12 0.02 0.0
8 35.0 146.0 68.0 25.0 0.03 0.03 -0.02 -0.1 0.01 -0.01
9 38.0 148.0 67.0 25.0 0.02 0.02 -0.01 -0.09 0.02 -0.04
10 39.0 148.0 64.0 24.0 0.02 0.0 -0.01 -0.09 0.0 0.03
11 38.0 150.0 74.0 24.0 0.01 -0.0 -0.0 -0.06 0.05 0.0
12 37.0 151.0 69.0 23.0 -0.01 -0.0 0.0 -0.09 0.01 -0.01
13 35.0 151.0 72.0 24.0 -0.0 0.0 0.0 -0.09 0.01 0.03
14 37.0 147.0 69.0 23.0 -0.0 0.0 -0.0 -0.11 0.03 0.01
15 48.0 158.0 67.0 24.0 -0.01 -0.0 -0.0 -0.05 0.02 0.04
16 67.0 167.0 66.0 24.0 -0.02 -0.02 0.0 -0.14 -0.01 -0.01
17 70.0 192.0 65.0 24.0 -0.01 -0.03 -0.02 -0.32 -0.08 -0.02
18 71.0 215.0 62.0 25.0 0.03 -0.05 -0.02 -0.4 -0.11 -0.04
19 76.0 231.0 61.0 24.0 0.19 -0.13 -0.03 -0.34 -0.12 -0.02
20 87.0 233.0 59.0 25.0 0.28 -0.2 -0.01 0.08 -0.08 0.04
21 78.0 240.0 60.0 29.0 0.28 -0.21 0.01 0.3 0.03 0.12
22 78.0 242.0 62.0 29.0 0.27 -0.2 0.01 0.11 -0.01 0.09
23 78.0 259.0 65.0 28.0 0.21 -0.14 0.02 0.24 0.09 0.19
24 88.0 293.0 65.0 27.0 0.22 -0.08 0.01 0.15 0.16 0.15
25 96.0 336.0 66.0 27.0 0.17 -0.14 -0.0 -0.23 0.23 0.78
26 88.0 412.0 68.0 34.0 0.17 -0.25 -0.05 -0.33 -0.16 0.01
27 94.0 425.0 75.0 35.0 0.32 -0.29 -0.07 -0.43 -0.27 -0.21
28 97.0 404.0 90.0 33.0 0.49 -0.43 -0.04 -0.53 -0.33 0.4
29 91.0 487.0 85.0 33.0 0.43 -0.92 0.02 -1.32 -0.51 1.71
30 98.0 581.0 79.0 31.0 0.49 -1.18 -0.01 -1.51 -0.33 1.76
31 92.0 572.0 81.0 30.0 1.29 -2.16 -0.2 0.74 1.63 1.67
32 94.0 536.0 83.0 29.0 1.07 -1.97 -0.18 0.31 1.13 1.92
33 89.0 555.0 92.0 35.0 1.01 -1.73 -0.22 0.34 0.73 2.52
34 88.0 585.0 99.0 34.0 1.17 -1.76 -0.42 1.02 0.26 2.54
35 91.0 600.0 95.0 33.0 1.37 -1.73 -0.59 0.7 0.42 1.92
36 89.0 648.0 111.0 31.0 1.38 -1.69 -0.63 0.25 0.33 1.45
37 82.0 594.0 120.0 30.0 1.39 -1.58 -0.68 0.0 0.32 1.09
38 81.0 555.0 120.0 29.0 1.49 -1.53 -0.72 0.1 -0.06 0.83
39 83.0 542.0 111.0 28.0 1.52 -1.5 -0.71 0.0 -0.17 0.72
40 88.0 564.0 110.0 30.0 1.55 -1.35 -0.66 -0.23 -0.25 0.15
41 89.0 575.0 111.0 30.0 1.55 -1.13 -0.57 -0.09 -0.14 -0.13
42 153.0 532.0 111.0 29.0 1.49 -1.02 -0.53 -0.33 -0.34 -0.02
43 140.0 515.0 104.0 29.0 1.5 -0.96 -0.49 -0.32 -0.42 0.05
44 151.0 537.0 104.0 30.0 1.47 -0.89 -0.46 -0.16 -0.51 0.08
45 140.0 491.0 103.0 30.0 1.42 -0.82 -0.44 -0.27 -0.41 -0.27
46 137.0 442.0 114.0 29.0 1.34 -0.67 -0.42 -0.22 -0.37 -0.39
47 122.0 513.0 112.0 30.0 1.26 -0.53 -0.42 0.0 -0.25 -0.55
48 138.0 540.0 109.0 49.0 1.2 -0.45 -0.38 -0.08 -0.46 -0.27
49 132.0 518.0 113.0 49.0 1.09 -0.36 -0.38 0.01 -0.2 -0.97
50 126.0 487.0 116.0 53.0 1.07 -0.15 -0.33 0.5 -0.45 -1.62
51 157.0 507.0 134.0 58.0 1.07 -0.09 -0.3 0.18 -0.43 -1.41
52 146.0 473.0 127.0 54.0 1.08 -0.08 -0.31 -0.55 -0.54 -0.06
53 153.0 513.0 123.0 47.0 1.05 -0.18 -0.35 -1.04 -0.61 0.15
54 156.0 476.0 114.0 43.0 1.01 -0.18 -0.33 -1.13 -0.53 0.05
55 158.0 477.0 119.0 40.0 0.93 -0.2 -0.28 -1.11 -0.4 -0.72
56 146.0 433.0 124.0 38.0 0.87 -0.27 -0.21 -0.96 -0.31 -0.73
57 159.0 501.0 134.0 40.0 0.84 -0.32 -0.17 -1.06 -0.36 -0.64
58 161.0 492.0 129.0 38.0 0.73 -0.33 -0.09 -1.03 -0.3 -0.53
59 145.0 481.0 130.0 39.0 0.61 -0.3 -0.04 -0.88 -0.1 -0.96
60 134.0 557.0 136.0 39.0 0.57 -0.3 -0.02 -0.71 -0.06 -1.11
61 140.0 504.0 138.0 40.0 0.46 -0.3 0.02 -0.61 -0.1 -1.29
62 157.0 514.0 141.0 39.0 0.37 -0.26 0.05 -0.61 -0.11 -1.21
63 152.0 515.0 135.0 40.0 0.31 -0.23 0.07 -0.61 -0.09 -1.22
64 156.0 494.0 136.0 38.0 0.21 -0.18 0.08 -0.46 -0.05 -1.11
65 185.0 485.0 134.0 38.0 0.1 -0.15 0.08 -0.26 -0.02 -1.19
66 185.0 558.0 137.0 38.0 0.04 -0.1 0.08 -0.24 -0.04 -0.89
67 181.0 696.0 129.0 41.0 -0.06 -0.04 0.05 -0.24 -0.04 -0.88
68 172.0 609.0 128.0 37.0 -0.14 0.03 0.04 -0.27 -0.12 -0.96
69 175.0 573.0 123.0 35.0 -0.15 0.05 0.03 -0.2 -0.1 -0.91
70 154.0 582.0 114.0 33.0 -0.18 0.08 0.03 -0.31 -0.17 -0.31
71 161.0 527.0 113.0 34.0 -0.21 0.07 0.02 -0.22 -0.17 -0.16
72 141.0 465.0 107.0 35.0 -0.23 0.07 0.02 -0.2 -0.19 -0.05
73 121.0 467.0 107.0 34.0 -0.27 0.1 0.01 -0.1 -0.11 -0.21
74 119.0 459.0 111.0 34.0 -0.28 0.14 0.02 -0.06 -0.09 -0.42
75 127.0 475.0 125.0 31.0 -0.26 0.14 0.03 -0.04 -0.07 -0.23
76 127.0 446.0 117.0 36.0 -0.22 0.11 0.02 -0.08 -0.04 0.23
77 141.0 398.0 115.0 33.0 -0.23 0.1 0.02 -0.17 -0.14 0.37
78 131.0 433.0 108.0 33.0 -0.22 0.1 0.02 -0.15 -0.1 0.31
79 120.0 420.0 102.0 32.0 -0.2 0.09 0.02 -0.18 -0.14 0.3
80 108.0 439.0 113.0 39.0 -0.19 0.09 0.02 -0.06 -0.06 0.14
81 101.0 418.0 114.0 37.0 -0.18 0.09 0.03 -0.04 -0.02 0.13
82 111.0 429.0 111.0 34.0 -0.16 0.06 0.03 0.02 0.08 0.23
83 111.0 408.0 102.0 35.0 -0.16 0.05 0.03 0.01 0.12 0.29
84 100.0 403.0 102.0 34.0 -0.16 0.04 0.02 0.02 0.09 0.19
85 96.0 409.0 106.0 32.0 -0.15 0.04 0.0 0.03 0.06 0.11
86 92.0 406.0 111.0 30.0 -0.14 0.04 -0.0 -0.14 0.02 0.0
87 88.0 391.0 115.0 30.0 -0.13 0.04 0.01 -0.05 -0.05 0.08
88 104.0 401.0 106.0 27.0 -0.13 0.03 0.0 -0.11 0.03 0.1
89 101.0 443.0 108.0 28.0 -0.14 0.03 0.01 -0.1 0.05 0.0
90 100.0 458.0 101.0 29.0 -0.14 0.04 0.01 -0.17 0.08 0.01
91 107.0 475.0 101.0 32.0 -0.13 0.01 0.02 -0.13 0.1 0.0
92 98.0 445.0 100.0 30.0 -0.12 0.0 0.02 -0.21 0.08 0.02
93 99.0 443.0 102.0 30.0 -0.09 -0.03 0.03 -0.12 0.04 0.05
94 93.0 462.0 105.0 32.0 -0.05 -0.02 0.03 -0.11 0.08 0.17
95 79.0 476.0 107.0 33.0 -0.04 0.0 0.03 -0.11 0.09 0.26
96 89.0 454.0 106.0 31.0 -0.02 0.02 0.02 -0.23 0.06 0.38
97 85.0 426.0 105.0 33.0 0.0 0.01 0.01 -0.23 0.11 0.27
98 109.0 418.0 110.0 35.0 0.01 0.01 0.01 -0.12 0.08 0.16
99 93.0 427.0 109.0 36.0 0.02 0.02 -0.0 -0.11 0.11 0.09
100 96.0 438.0 114.0 34.0 0.03 0.04 0.01 -0.02 0.08 -0.1
101 85.0 486.0 105.0 33.0 0.03 0.05 0.02 -0.05 0.13 -0.15
102 121.0 443.0 109.0 31.0 0.05 0.07 0.03 0.01 0.13 -0.12
103 105.0 409.0 111.0 30.0 0.03 0.1 0.04 -0.08 0.06 -0.03
104 115.0 406.0 102.0 42.0 0.03 0.09 0.04 -0.09 0.06 0.04
105 107.0 439.0 102.0 38.0 0.01 0.08 0.03 -0.19 0.02 0.05
106 129.0 409.0 97.0 35.0 -0.03 0.08 0.03 -0.11 -0.02 0.03
107 114.0 394.0 93.0 33.0 -0.02 0.07 0.03 -0.11 -0.03 0.04
108 97.0 374.0 102.0 31.0 -0.01 0.02 0.01 -0.07 -0.03 0.08
109 94.0 394.0 103.0 29.0 -0.01 0.02 0.01 -0.03 -0.01 -0.01
110 81.0 406.0 104.0 31.0 -0.01 0.03 0.0 -0.06 0.05 0.09
111 94.0 389.0 101.0 30.0 -0.03 0.04 -0.0 -0.11 0.08 0.04
112 92.0 376.0 112.0 29.0 -0.03 0.04 0.0 -0.1 0.02 -0.05
113 101.0 430.0 111.0 29.0 -0.03 0.05 0.01 -0.11 0.03 0.03
114 114.0 416.0 106.0 27.0 -0.03 0.01 0.01 -0.05 0.04 -0.01
115 123.0 373.0 107.0 26.0 -0.04 -0.02 0.01 -0.07 0.08 0.05
116 129.0 436.0 98.0 26.0 -0.04 -0.03 0.0 -0.09 0.06 0.15
117 108.0 412.0 98.0 26.0 -0.05 -0.03 -0.01 -0.1 0.03 0.09
118 100.0 439.0 94.0 30.0 -0.05 0.0 -0.0 -0.09 0.07 -0.13
119 107.0 392.0 95.0 28.0 -0.05 0.03 0.01 -0.12 0.0 -0.14
120 119.0 410.0 100.0 27.0 -0.04 0.04 0.01 -0.2 0.01 -0.1
121 116.0 383.0 100.0 27.0 -0.03 0.02 0.01 -0.22 -0.02 0.0
122 111.0 357.0 95.0 25.0 -0.04 0.03 0.02 -0.26 -0.03 -0.11
123 94.0 348.0 88.0 26.0 -0.07 0.04 0.02 -0.23 -0.03 -0.17
124 92.0 343.0 85.0 26.0 -0.1 0.06 0.02 -0.27 -0.04 -0.28
125 86.0 306.0 93.0 26.0 -0.12 0.08 0.03 -0.26 -0.08 -0.41
126 103.0 311.0 95.0 26.0 -0.15 0.13 0.04 -0.3 -0.1 -0.6
127 89.0 286.0 102.0 25.0 -0.2 0.2 0.08 -0.32 -0.19 -0.66
128 84.0 276.0 108.0 25.0 -0.23 0.22 0.1 -0.36 -0.31 -0.52
129 86.0 264.0 115.0 26.0 -0.33 0.28 0.15 -0.4 -0.32 -0.46
130 90.0 275.0 112.0 28.0 -0.49 0.38 0.2 -0.48 -0.31 -0.75
131 99.0 277.0 128.0 28.0 -0.56 0.46 0.23 -0.55 -0.33 -1.16
132 90.0 279.0 127.0 27.0 -0.69 0.67 0.31 -0.63 -0.37 -1.47
133 87.0 269.0 128.0 26.0 -0.83 0.72 0.39 -1.08 -0.42 -1.5
134 82.0 271.0 132.0 26.0 -0.88 0.68 0.4 -0.71 -0.44 -1.39
135 83.0 254.0 132.0 25.0 -1.02 0.74 0.47 -0.75 -0.43 -1.22
136 80.0 255.0 125.0 25.0 -1.18 0.94 0.53 -0.27 -0.21 -1.13
137 79.0 273.0 128.0 25.0 -1.31 1.08 0.58 -0.28 -0.1 -1.36
138 98.0 271.0 119.0 24.0 -1.53 1.32 0.62 -0.37 -0.14 -1.55
139 87.0 253.0 113.0 25.0 -1.61 1.29 0.56 -0.4 -0.29 -1.78
140 88.0 234.0 116.0 24.0 -1.64 1.25 0.52 -0.09 -0.27 -1.65
141 93.0 234.0 107.0 24.0 -1.76 1.16 0.5 0.09 -0.19 -1.44
142 120.0 228.0 100.0 24.0 -1.95 1.13 0.49 0.47 -0.09 -0.97
143 130.0 217.0 90.0 24.0 -2.01 1.1 0.44 0.33 -0.05 -0.82
144 105.0 216.0 80.0 23.0 -2.07 1.12 0.34 0.04 0.04 -0.94
145 108.0 214.0 76.0 24.0 -2.18 1.14 0.28 -0.14 0.01 -0.79
146 92.0 206.0 70.0 24.0 -2.23 1.09 0.25 -0.45 -0.15 -0.72
147 74.0 195.0 65.0 31.0 -2.25 0.89 0.16 -0.78 -0.35 -0.61
148 63.0 189.0 64.0 29.0 -2.3 0.75 0.15 -0.56 -0.81 -0.5
149 60.0 179.0 67.0 28.0 -2.07 0.58 0.14 -0.38 -0.46 0.0
150 50.0 167.0 74.0 27.0 -1.88 0.52 0.12 -0.44 -0.5 0.05
151 46.0 157.0 81.0 26.0 -1.81 0.43 0.16 0.12 -0.05 0.1
152 40.0 144.0 91.0 25.0 -1.8 0.42 0.1 0.85 -3.94 15.22
153 33.0 132.0 117.0 26.0 -0.19 2.28 0.66 9.76 -2.01 22.06
154 55.0 123.0 107.0 26.0 0.35 1.55 -0.27 -2.81 -0.43 2.27
155 61.0 113.0 95.0 25.0 0.67 0.21 -0.24 -1.55 1.57 -2.73
156 52.0 103.0 88.0 24.0 0.41 0.12 -0.3 -2.05 1.53 -2.82
157 50.0 99.0 89.0 24.0 -0.09 0.27 -0.14 -1.82 0.0 -1.62
158 43.0 91.0 85.0 24.0 -0.02 0.05 -0.09 0.97 -0.71 1.31
159 39.0 87.0 88.0 24.0 0.07 -0.06 0.06 1.17 -0.32 1.13
160 36.0 84.0 85.0 24.0 0.1 0.09 0.11 0.5 -0.03 -0.43
161 32.0 82.0 82.0 24.0 0.1 0.21 0.1 0.55 -0.15 -0.6
162 35.0 83.0 81.0 24.0 -0.01 0.43 0.03 0.61 -0.17 -0.31
163 32.0 83.0 84.0 24.0 -0.07 0.46 0.02 -0.03 -0.13 0.1
164 37.0 82.0 87.0 23.0 -0.09 0.38 0.02 -0.5 -0.12 0.05
165 45.0 82.0 86.0 23.0 -0.06 0.16 0.03 -0.67 0.05 0.18
166 40.0 83.0 85.0 23.0 -0.03 0.12 0.01 -0.65 0.25 0.12
167 37.0 86.0 80.0 23.0 -0.03 0.13 -0.0 -0.36 0.27 0.1
168 41.0 88.0 84.0 23.0 0.0 0.12 -0.04 -0.2 0.2 0.09
169 36.0 90.0 80.0 23.0 0.03 0.03 -0.04 -0.12 0.02 -0.06
170 32.0 89.0 79.0 23.0 0.05 0.0 -0.04 0.02 0.0 -0.06
171 29.0 90.0 77.0 23.0 0.08 0.01 -0.04 0.0 -0.01 -0.02
172 27.0 92.0 81.0 23.0 0.08 0.04 -0.03 -0.04 -0.07 -0.06
173 32.0 94.0 82.0 23.0 0.08 0.06 -0.04 -0.01 -0.06 -0.07
174 31.0 95.0 81.0 24.0 0.07 0.09 -0.05 -0.11 0.0 -0.01
