1 46.0 140.0 85.0 24.0 0.07 0.04 -0.01 -0.28 -0.06 -0.11
2 42.0 140.0 85.0 24.0 0.08 0.03 -0.03 -0.17 0.06 0.02
3 40.0 140.0 83.0 24.0 0.1 0.03 -0.05 -0.12 0.22 0.09
4 40.0 140.0 81.0 23.0 0.08 0.05 -0.08 -0.04 0.28 -0.01
5 38.0 141.0 87.0 24.0 0.07 0.05 -0.09 -0.1 0.21 0.0
6 36.0 140.0 89.0 23.0 0.03 0.04 -0.09 -0.13 0.16 -0.03
7 41.0 141.0 87.0 23.0 0.01 -0.01 -0.08 -0.09 0.08 -0.01
8 45.0 143.0 84.0 23.0 -0.0 -0.03 -0.07 0.12 -0.02 -0.02
9 45.0 144.0 83.0 24.0 -0.03 -0.08 -0.03 0.15 -0.07 -0.01
10 43.0 145.0 84.0 23.0 -0.05 -0.05 0.0 0.2 -0.12 -0.08
11 40.0 143.0 82.0 23.0 -0.06 -0.03 0.01 0.07 -0.11 -0.02
12 39.0 141.0 82.0 23.0 -0.07 0.02 0.03 -0.05 -0.1 -0.06
13 38.0 138.0 88.0 23.0 -0.07 0.03 0.03 -0.13 -0.02 -0.05
14 38.0 136.0 86.0 23.0 -0.07 0.02 0.03 -0.18 0.04 -0.04
15 35.0 136.0 86.0 23.0 -0.07 0.01 0.03 -0.14 0.05 0.0
16 35.0 135.0 83.0 24.0 -0.08 -0.01 0.03 -0.16 0.11 0.0
17 34.0 135.0 81.0 24.0 -0.09 -0.02 0.02 -0.18 0.09 -0.07
18 34.0 130.0 77.0 25.0 -0.09 -0.06 0.02 -0.2 0.08 -0.04
19 40.0 142.0 76.0 25.0 -0.08 -0.1 0.02 -0.05 -0.05 -0.12
20 49.0 134.0 73.0 25.0 -0.07 -0.12 0.03 0.03 -0.12 -0.1
21 83.0 136.0 72.0 27.0 -0.03 -0.13 0.03 -0.01 -0.14 -0.13
22 99.0 184.0 69.0 26.0 -0.02 -0.11 0.01 -0.29 -0.09 -0.14
23 93.0 181.0 69.0 27.0 -0.02 -0.13 0.0 -0.49 -0.02 -0.23
24 83.0 225.0 69.0 28.0 0.01 -0.24 -0.03 -0.38 0.0 -0.07
25 89.0 232.0 67.0 29.0 0.01 -0.56 -0.02 -0.12 0.1 -0.11
26 86.0 235.0 68.0 30.0 0.03 -0.75 -0.01 0.0 -0.03 0.11
27 79.0 258.0 65.0 43.0 0.14 -0.96 -0.02 0.32 0.04 0.19
28 104.0 263.0 65.0 45.0 0.29 -0.87 -0.04 0.3 0.09 0.28
29 110.0 291.0 64.0 41.0 0.25 -0.86 -0.03 -0.18 -0.08 0.5
30 100.0 340.0 66.0 39.0 0.3 -1.18 -0.03 -0.56 -0.11 0.36
31 95.0 350.0 71.0 36.0 0.32 -1.44 -0.02 -0.73 -0.19 0.74
32 78.0 345.0 72.0 34.0 0.31 -1.55 -0.02 -0.58 -0.24 0.63
33 82.0 431.0 77.0 31.0 0.48 -1.51 -0.03 -1.13 -0.63 0.39
34 86.0 477.0 81.0 34.0 0.74 -1.87 -0.06 -0.7 -0.09 1.24
35 101.0 547.0 81.0 31.0 0.83 -1.88 -0.03 2.18 3.34 1.84
36 90.0 560.0 81.0 37.0 1.41 -2.42 -0.21 1.3 0.79 1.66
37 90.0 521.0 85.0 37.0 1.25 -2.13 -0.06 0.97 0.9 1.51
38 82.0 531.0 80.0 36.0 1.22 -1.81 -0.05 1.11 0.83 1.65
39 80.0 579.0 86.0 36.0 1.09 -1.48 -0.07 1.21 0.59 1.74
40 85.0 580.0 89.0 34.0 1.04 -1.22 -0.14 0.39 0.66 1.95
41 93.0 558.0 98.0 33.0 1.05 -1.16 -0.22 0.03 0.59 1.25
42 131.0 521.0 91.0 31.0 1.24 -1.28 -0.4 0.72 0.87 0.43
43 121.0 480.0 88.0 37.0 1.31 -1.27 -0.53 0.77 0.63 -0.1
44 131.0 481.0 91.0 34.0 1.31 -1.18 -0.54 0.59 0.22 -0.04
45 130.0 490.0 91.0 35.0 1.31 -1.01 -0.59 0.08 0.15 -0.1
46 129.0 493.0 93.0 35.0 1.3 -0.91 -0.62 0.07 -0.14 -0.15
47 122.0 598.0 96.0 34.0 1.3 -0.85 -0.62 0.06 -0.38 -0.35
48 141.0 576.0 94.0 33.0 1.27 -0.79 -0.58 0.3 -0.48 -0.31
49 144.0 565.0 106.0 36.0 1.19 -0.67 -0.55 0.01 -0.38 -0.25
50 140.0 537.0 103.0 37.0 1.16 -0.64 -0.54 -0.3 -0.29 -0.24
51 135.0 531.0 97.0 40.0 1.1 -0.58 -0.57 -0.25 -0.18 -0.23
52 145.0 526.0 103.0 42.0 1.05 -0.51 -0.57 -0.39 -0.17 -0.46
53 134.0 526.0 97.0 57.0 1.02 -0.48 -0.58 -0.46 -0.02 -0.49
54 153.0 492.0 99.0 52.0 0.95 -0.36 -0.55 -0.53 -0.07 -0.41
55 181.0 502.0 103.0 48.0 0.93 -0.26 -0.51 -0.57 -0.12 -0.59
56 166.0 478.0 104.0 57.0 0.92 -0.24 -0.49 -0.83 -0.09 -0.71
57 218.0 446.0 102.0 58.0 0.89 -0.23 -0.42 -1.05 -0.17 -0.77
58 242.0 440.0 103.0 61.0 0.84 -0.23 -0.33 -1.16 -0.14 -1.07
59 195.0 431.0 102.0 54.0 0.79 -0.22 -0.28 -1.2 -0.29 -1.21
60 171.0 431.0 102.0 50.0 0.67 -0.22 -0.21 -1.26 -0.29 -1.45
61 155.0 398.0 97.0 44.0 0.51 -0.17 -0.13 -0.68 -0.31 -1.96
62 132.0 415.0 92.0 43.0 0.42 -0.16 -0.09 -0.35 -0.32 -2.07
63 115.0 416.0 99.0 43.0 0.24 -0.18 -0.04 -0.14 -0.4 -1.74
64 98.0 376.0 96.0 41.0 0.07 -0.14 -0.04 -0.19 -0.37 -1.48
65 94.0 347.0 91.0 37.0 -0.0 -0.1 -0.04 -0.07 -0.4 -1.37
66 112.0 352.0 88.0 37.0 -0.09 -0.04 -0.05 -0.01 -0.38 -1.35
67 126.0 379.0 89.0 34.0 -0.13 0.02 -0.03 -0.5 -0.27 -1.08
68 124.0 368.0 87.0 34.0 -0.15 0.01 -0.01 -0.64 -0.14 -0.99
69 136.0 338.0 86.0 32.0 -0.18 -0.11 -0.04 -0.7 -0.33 -0.45
70 127.0 378.0 84.0 30.0 -0.18 -0.2 -0.1 -0.4 -0.34 -0.29
71 114.0 375.0 82.0 36.0 -0.2 -0.17 -0.1 -0.25 -0.36 -0.29
72 107.0 381.0 84.0 35.0 -0.21 -0.0 -0.1 -0.28 -0.32 -0.19
73 109.0 373.0 83.0 33.0 -0.2 0.08 -0.12 -0.4 -0.21 -0.02
74 124.0 393.0 86.0 31.0 -0.19 0.06 -0.13 -0.45 -0.25 0.06
75 112.0 379.0 84.0 30.0 -0.12 0.05 -0.14 -0.47 -0.1 0.2
76 93.0 341.0 84.0 28.0 -0.1 0.07 -0.11 -0.48 0.09 0.11
77 82.0 355.0 91.0 28.0 -0.09 0.07 -0.09 -0.29 0.28 -0.04
78 118.0 341.0 92.0 28.0 -0.04 0.04 -0.04 -0.33 0.43 0.07
79 124.0 374.0 93.0 27.0 -0.03 0.02 -0.03 -0.24 0.52 -0.09
80 102.0 379.0 91.0 27.0 -0.03 0.01 -0.01 -0.19 0.58 -0.13
81 154.0 374.0 87.0 27.0 -0.01 0.02 0.05 -0.19 0.38 -0.13
82 141.0 363.0 87.0 26.0 -0.0 -0.01 0.05 -0.11 0.17 -0.1
83 126.0 363.0 88.0 29.0 0.02 -0.01 0.05 -0.08 0.07 -0.1
84 131.0 340.0 85.0 27.0 0.02 0.01 0.04 0.03 -0.2 -0.06
85 127.0 319.0 87.0 28.0 0.01 0.01 0.01 -0.08 -0.28 -0.16
86 114.0 326.0 84.0 28.0 0.01 0.01 0.0 -0.12 -0.21 -0.22
87 97.0 319.0 83.0 27.0 -0.02 0.02 -0.0 -0.14 -0.1 -0.23
88 85.0 344.0 85.0 27.0 -0.04 0.05 0.01 -0.21 0.09 -0.41
89 94.0 354.0 84.0 26.0 -0.06 0.04 0.02 -0.16 0.07 -0.43
90 88.0 361.0 85.0 26.0 -0.08 0.0 0.04 -0.02 0.04 -0.47
91 105.0 347.0 85.0 26.0 -0.08 -0.03 0.04 -0.1 -0.03 -0.42
92 105.0 322.0 81.0 26.0 -0.07 -0.03 0.03 -0.06 -0.07 -0.34
93 94.0 310.0 79.0 25.0 -0.06 -0.01 0.0 -0.05 -0.31 -0.06
94 100.0 293.0 74.0 26.0 -0.05 0.0 -0.04 -0.15 -0.4 0.01
95 89.0 331.0 77.0 27.0 -0.04 0.02 -0.07 -0.13 -0.4 0.05
96 77.0 350.0 73.0 26.0 -0.04 0.07 -0.1 -0.31 -0.31 -0.03
97 77.0 354.0 71.0 25.0 -0.03 0.08 -0.11 -0.36 -0.17 -0.24
98 103.0 352.0 78.0 28.0 -0.02 0.08 -0.11 -0.35 -0.09 -0.28
99 97.0 341.0 77.0 27.0 -0.03 0.06 -0.09 -0.43 0.04 -0.29
100 86.0 358.0 71.0 27.0 -0.05 0.06 -0.05 -0.4 0.26 -0.28
101 85.0 345.0 70.0 26.0 -0.05 0.05 -0.03 -0.35 0.31 -0.31
102 74.0 347.0 76.0 26.0 -0.07 0.06 0.0 -0.25 0.41 -0.25
103 79.0 334.0 72.0 25.0 -0.07 0.05 0.03 -0.24 0.41 -0.11
104 97.0 322.0 71.0 25.0 -0.06 0.04 0.03 -0.21 0.39 -0.07
105 87.0 370.0 69.0 25.0 -0.05 0.05 0.04 -0.04 0.25 0.13
106 75.0 350.0 69.0 24.0 -0.04 0.06 0.04 -0.05 0.12 0.17
107 85.0 337.0 67.0 25.0 -0.03 0.07 0.03 -0.03 -0.05 0.16
108 74.0 306.0 65.0 24.0 -0.02 0.1 0.02 -0.07 -0.17 0.1
109 69.0 283.0 62.0 26.0 -0.03 0.11 0.03 -0.16 -0.28 -0.29
110 65.0 276.0 59.0 24.0 -0.03 0.11 0.04 -0.13 -0.32 -0.31
111 61.0 283.0 58.0 24.0 -0.05 0.08 0.07 -0.17 -0.32 -0.62
112 58.0 268.0 57.0 24.0 -0.09 0.11 0.1 -0.15 -0.29 -0.9
113 53.0 251.0 56.0 23.0 -0.13 0.17 0.12 -0.23 -0.28 -0.97
114 64.0 242.0 56.0 24.0 -0.25 0.36 0.17 -0.12 -0.28 -1.15
115 57.0 237.0 55.0 23.0 -0.45 0.62 0.26 -0.26 -0.25 -1.04
116 60.0 265.0 53.0 23.0 -0.55 0.67 0.29 -0.54 -0.32 -1.11
117 51.0 254.0 53.0 24.0 -0.73 0.75 0.32 -0.29 -0.36 -1.31
118 53.0 243.0 53.0 24.0 -0.96 1.0 0.35 -0.19 0.0 -1.6
119 57.0 244.0 54.0 24.0 -1.08 1.18 0.34 -0.14 0.07 -1.52
120 72.0 269.0 54.0 24.0 -1.21 1.38 0.29 -0.36 -0.05 -1.65
121 81.0 256.0 54.0 24.0 -1.29 1.52 0.26 -0.25 -0.02 -1.9
122 72.0 251.0 56.0 23.0 -1.32 1.61 0.24 -0.15 0.12 -1.94
123 75.0 254.0 57.0 23.0 -1.39 1.59 0.18 -0.22 0.09 -1.5
124 63.0 241.0 59.0 23.0 -1.38 1.47 0.09 -0.54 0.13 -1.36
125 59.0 246.0 59.0 25.0 -1.44 1.41 0.06 -0.75 0.25 -1.68
126 53.0 242.0 58.0 25.0 -1.58 1.37 0.09 -1.27 0.14 -1.78
127 48.0 243.0 59.0 25.0 -1.8 1.37 0.18 -1.47 -0.1 -1.86
128 40.0 243.0 57.0 40.0 -1.91 1.31 0.25 -1.51 -0.04 -1.73
129 44.0 236.0 56.0 36.0 -2.09 1.15 0.35 -0.85 -0.14 -1.24
130 42.0 233.0 55.0 34.0 -2.16 0.9 0.43 -0.35 -0.24 -0.31
131 36.0 226.0 56.0 31.0 -2.18 0.78 0.46 -0.1 -0.11 -0.18
132 37.0 223.0 55.0 30.0 -2.27 0.7 0.5 -0.23 -0.06 0.27
133 36.0 218.0 57.0 28.0 -2.33 0.67 0.48 -0.06 -0.3 -0.12
134 31.0 210.0 59.0 27.0 -2.42 0.73 0.48 0.41 0.33 -0.44
135 28.0 204.0 63.0 26.0 -2.07 0.69 0.48 0.45 0.55 -1.26
136 41.0 198.0 64.0 26.0 -2.26 0.87 0.41 1.31 0.5 -4.89
137 35.0 186.0 63.0 25.0 -2.36 0.69 0.35 -1.88 -0.91 -7.12
138 35.0 176.0 71.0 25.0 1.12 -0.63 0.37 -0.52 -10.82 18.23
139 33.0 167.0 77.0 25.0 0.4 2.44 0.14 -4.36 -3.45 7.43
140 59.0 161.0 73.0 25.0 0.6 1.26 -0.2 -1.86 0.64 2.37
141 51.0 156.0 73.0 25.0 0.36 0.66 -0.17 -2.13 1.21 -1.01
142 44.0 150.0 68.0 24.0 0.25 0.55 -0.12 -1.81 1.15 -0.38
143 38.0 142.0 66.0 24.0 0.02 0.18 -0.16 -1.45 0.53 -0.51
144 34.0 137.0 65.0 25.0 -0.0 -0.28 -0.03 1.47 0.17 -0.06
145 31.0 133.0 68.0 24.0 -0.11 -0.3 0.07 1.58 -0.27 0.08
146 37.0 128.0 70.0 24.0 -0.02 -0.01 0.04 0.69 -0.02 -0.38
147 32.0 123.0 82.0 25.0 0.02 0.28 0.01 0.08 -0.12 -0.48
148 32.0 117.0 83.0 25.0 0.03 0.37 0.01 -0.46 -0.15 -0.05
149 26.0 110.0 82.0 25.0 0.02 0.26 0.03 -0.5 -0.17 0.1
150 26.0 107.0 77.0 24.0 0.02 0.07 0.02 -0.46 0.07 0.0
151 24.0 103.0 71.0 24.0 0.05 0.01 0.02 -0.31 0.27 0.01
152 23.0 97.0 70.0 24.0 0.05 -0.02 0.0 -0.44 0.27 0.15
153 22.0 94.0 85.0 24.0 0.07 0.03 -0.03 -0.09 0.25 0.1
154 20.0 90.0 78.0 24.0 0.03 0.07 -0.05 -0.16 0.09 -0.01
155 20.0 88.0 74.0 24.0 0.01 0.07 -0.04 -0.17 -0.02 0.03
156 19.0 86.0 68.0 24.0 0.03 0.03 -0.03 -0.05 0.0 -0.09
157 19.0 83.0 67.0 24.0 0.03 0.02 -0.02 -0.03 -0.03 -0.11
