1 134.0 187.0 89.0 195.0 0.01 0.02 0.01 -0.14 0.1 -0.03
2 120.0 186.0 86.0 212.0 0.0 0.02 0.01 -0.04 0.09 -0.12
3 101.0 185.0 94.0 224.0 -0.0 -0.01 0.01 -0.05 0.11 -0.06
4 97.0 185.0 92.0 237.0 0.01 0.01 0.0 -0.03 0.13 0.04
5 113.0 184.0 94.0 248.0 0.01 0.02 0.01 -0.11 0.14 0.06
6 109.0 182.0 94.0 256.0 0.01 0.01 0.01 -0.12 0.13 0.05
7 131.0 181.0 94.0 261.0 -0.0 -0.02 0.01 -0.06 0.14 0.05
8 129.0 181.0 96.0 271.0 0.0 -0.03 0.01 -0.06 0.12 0.03
9 136.0 183.0 97.0 279.0 0.01 -0.01 0.0 -0.07 0.13 -0.06
10 118.0 182.0 106.0 285.0 0.01 0.01 -0.0 -0.14 0.16 0.02
11 111.0 181.0 99.0 293.0 0.01 0.01 0.0 -0.11 0.14 0.14
12 119.0 177.0 100.0 303.0 0.01 0.02 0.0 -0.1 0.12 0.16
13 118.0 177.0 98.0 311.0 0.0 0.01 0.0 -0.04 0.16 0.13
14 116.0 176.0 103.0 320.0 0.0 0.0 0.0 -0.03 0.14 0.04
15 140.0 178.0 103.0 323.0 -0.0 -0.02 0.0 -0.06 0.15 -0.02
16 121.0 177.0 104.0 327.0 0.01 -0.04 0.01 0.0 0.12 -0.03
17 110.0 178.0 103.0 337.0 -0.0 -0.04 0.01 -0.07 0.09 -0.01
18 104.0 180.0 106.0 343.0 0.01 -0.05 0.0 -0.13 0.14 0.0
19 99.0 178.0 108.0 346.0 0.01 -0.04 0.0 -0.14 0.12 0.11
20 89.0 173.0 109.0 348.0 0.0 -0.04 0.0 -0.16 0.12 0.08
21 106.0 172.0 108.0 354.0 0.01 -0.01 0.01 -0.11 0.12 0.05
22 124.0 172.0 110.0 357.0 0.0 0.01 0.01 -0.08 0.09 0.11
23 130.0 166.0 110.0 362.0 0.01 0.0 0.01 -0.12 0.03 0.22
24 114.0 188.0 111.0 364.0 0.01 -0.05 0.02 -0.14 0.02 0.26
25 145.0 214.0 114.0 376.0 0.03 -0.1 0.02 -0.16 0.0 0.38
26 142.0 290.0 114.0 359.0 0.04 -0.1 0.02 -0.18 -0.06 0.39
27 154.0 280.0 115.0 360.0 0.19 -0.09 0.0 -0.2 -0.12 0.37
28 147.0 308.0 115.0 338.0 0.56 0.02 -0.04 -0.12 -0.07 0.06
29 140.0 317.0 118.0 370.0 0.71 0.06 -0.04 -0.15 0.05 -0.04
30 159.0 357.0 120.0 377.0 0.74 -0.06 -0.0 0.25 0.15 0.06
31 162.0 415.0 125.0 406.0 0.67 -0.19 0.02 0.03 0.01 0.18
32 162.0 378.0 125.0 399.0 0.64 -0.23 0.04 -0.17 -0.03 0.46
33 158.0 375.0 124.0 382.0 0.65 -0.26 0.03 0.56 0.08 0.29
34 165.0 378.0 128.0 387.0 0.63 -0.26 0.03 -0.09 -0.17 0.44
35 185.0 469.0 129.0 409.0 0.61 -0.29 0.04 -0.24 -0.29 1.51
36 160.0 516.0 132.0 423.0 0.74 -0.42 0.02 -0.37 -0.52 0.94
37 153.0 547.0 130.0 424.0 0.99 -0.56 0.04 0.37 -0.43 1.81
38 152.0 715.0 137.0 443.0 1.11 -0.53 0.08 -0.27 -0.27 1.65
39 128.0 779.0 136.0 440.0 1.42 -0.56 0.1 -0.42 -0.13 1.76
40 153.0 727.0 134.0 425.0 1.7 -0.69 0.12 -0.18 -0.06 1.5
41 153.0 770.0 137.0 443.0 1.8 -0.81 0.13 -0.2 0.07 1.51
42 170.0 849.0 140.0 418.0 1.72 -0.95 0.18 -0.33 0.37 2.05
43 157.0 916.0 137.0 407.0 1.74 -0.83 0.16 -0.38 0.17 0.95
44 156.0 818.0 136.0 398.0 1.71 -0.79 0.11 -0.17 0.46 1.02
45 211.0 831.0 135.0 383.0 1.5 -0.69 0.04 -0.22 0.45 0.55
46 201.0 874.0 133.0 372.0 1.35 -0.62 -0.03 0.29 0.5 0.04
47 188.0 779.0 134.0 368.0 1.29 -0.53 -0.1 0.26 0.44 -0.27
48 200.0 750.0 133.0 346.0 1.3 -0.43 -0.19 0.71 0.28 -1.49
49 207.0 762.0 130.0 329.0 1.3 -0.4 -0.22 0.51 0.2 -1.36
50 206.0 775.0 133.0 316.0 1.25 -0.4 -0.22 0.32 0.0 -1.06
51 212.0 771.0 130.0 291.0 1.17 -0.39 -0.19 -0.11 -0.39 -0.52
52 214.0 820.0 131.0 281.0 1.07 -0.34 -0.14 -0.4 -0.26 -0.8
53 228.0 772.0 128.0 251.0 1.01 -0.33 -0.13 -0.15 -0.21 -1.22
54 233.0 804.0 127.0 237.0 0.93 -0.3 -0.1 -0.02 -0.18 -1.43
55 243.0 745.0 130.0 219.0 0.86 -0.29 -0.09 -0.2 -0.31 -0.88
56 237.0 760.0 124.0 199.0 0.82 -0.28 -0.07 -0.32 -0.38 -0.67
57 212.0 677.0 130.0 177.0 0.75 -0.29 -0.08 -0.36 -0.39 -0.71
58 194.0 699.0 127.0 166.0 0.68 -0.24 -0.05 -0.51 -0.23 -0.63
59 204.0 699.0 127.0 149.0 0.64 -0.23 -0.04 -0.1 -0.39 -0.64
60 225.0 697.0 125.0 139.0 0.61 -0.19 -0.01 -0.04 -0.25 -0.73
61 219.0 679.0 124.0 127.0 0.6 -0.15 0.02 -0.21 -0.31 -0.52
62 233.0 701.0 124.0 119.0 0.59 -0.15 0.03 -0.16 -0.3 -0.24
63 201.0 724.0 122.0 107.0 0.59 -0.17 0.02 -0.21 -0.17 -0.28
64 205.0 763.0 126.0 98.0 0.6 -0.2 0.01 -0.13 -0.06 -0.09
65 203.0 733.0 124.0 88.0 0.58 -0.2 0.0 -0.04 -0.03 -0.04
66 200.0 690.0 123.0 77.0 0.56 -0.18 -0.01 -0.07 0.03 -0.21
67 225.0 690.0 123.0 70.0 0.51 -0.13 -0.02 -0.06 0.12 -0.41
68 227.0 735.0 124.0 63.0 0.47 -0.1 -0.02 -0.09 0.14 -0.34
69 234.0 700.0 124.0 55.0 0.4 -0.1 0.0 -0.01 0.27 -0.58
70 253.0 633.0 124.0 51.0 0.3 -0.05 0.02 0.0 0.33 -0.63
71 220.0 567.0 123.0 52.0 0.24 -0.04 0.03 0.04 0.32 -0.59
72 201.0 590.0 121.0 46.0 0.18 -0.04 0.04 0.01 0.32 -0.84
73 219.0 581.0 116.0 43.0 0.13 -0.06 0.06 0.04 0.23 -0.72
74 218.0 555.0 113.0 43.0 0.11 -0.07 0.06 0.09 0.23 -0.53
75 221.0 524.0 114.0 42.0 0.07 -0.06 0.05 0.05 0.14 -0.39
76 218.0 600.0 111.0 43.0 0.01 -0.04 0.02 0.03 0.07 -0.28
77 216.0 561.0 108.0 43.0 -0.02 -0.03 0.01 0.04 0.08 -0.23
78 231.0 542.0 110.0 40.0 -0.05 0.0 -0.04 -0.06 0.01 -0.24
79 205.0 522.0 105.0 39.0 -0.05 0.04 -0.05 -0.12 -0.04 -0.3
80 237.0 530.0 99.0 41.0 -0.04 0.05 -0.06 -0.16 -0.06 -0.34
81 213.0 555.0 99.0 46.0 -0.04 0.05 -0.04 -0.29 -0.08 -0.29
82 209.0 533.0 98.0 54.0 -0.05 0.04 -0.02 -0.36 -0.05 -0.4
83 239.0 589.0 96.0 59.0 -0.06 0.01 -0.01 -0.32 0.01 -0.54
84 258.0 558.0 95.0 60.0 -0.09 -0.02 0.01 -0.26 0.03 -0.47
85 237.0 529.0 93.0 58.0 -0.12 -0.02 0.02 -0.12 0.0 -0.29
86 206.0 613.0 88.0 65.0 -0.14 -0.01 0.02 -0.12 -0.04 -0.21
87 177.0 592.0 87.0 73.0 -0.17 -0.02 0.01 -0.09 -0.04 -0.27
88 176.0 618.0 84.0 76.0 -0.17 0.01 -0.0 0.05 -0.01 -0.29
89 237.0 579.0 81.0 80.0 -0.16 0.03 -0.0 0.05 0.0 -0.24
90 195.0 533.0 82.0 76.0 -0.14 0.05 -0.03 0.1 0.0 0.05
91 179.0 598.0 81.0 92.0 -0.13 0.04 -0.05 0.03 0.01 0.06
92 162.0 571.0 78.0 92.0 -0.12 0.05 -0.06 -0.06 0.06 0.05
93 195.0 534.0 75.0 96.0 -0.11 0.07 -0.06 -0.06 0.04 0.01
94 247.0 541.0 77.0 101.0 -0.09 0.06 -0.05 -0.14 0.08 0.03
95 214.0 543.0 78.0 103.0 -0.1 0.04 -0.04 -0.2 0.09 0.04
96 205.0 575.0 76.0 106.0 -0.1 0.01 -0.03 -0.06 0.09 -0.06
97 211.0 561.0 72.0 111.0 -0.1 -0.01 -0.01 -0.09 0.09 -0.08
98 254.0 565.0 72.0 122.0 -0.1 -0.04 0.0 -0.05 0.07 0.01
99 229.0 528.0 72.0 119.0 -0.11 -0.06 0.03 -0.02 0.01 0.11
100 194.0 513.0 69.0 129.0 -0.1 -0.05 0.02 0.06 0.06 -0.02
101 168.0 447.0 69.0 129.0 -0.09 -0.04 0.02 0.14 0.07 -0.04
102 155.0 479.0 67.0 139.0 -0.07 0.0 -0.01 0.08 0.06 0.04
103 143.0 450.0 66.0 148.0 -0.06 0.04 -0.03 0.0 0.08 0.0
104 152.0 431.0 67.0 151.0 -0.05 0.05 -0.05 0.0 0.07 -0.04
105 183.0 397.0 66.0 156.0 -0.04 0.07 -0.06 -0.09 0.06 -0.09
106 187.0 423.0 68.0 154.0 -0.05 0.1 -0.05 -0.25 0.07 0.03
107 164.0 452.0 66.0 168.0 -0.07 0.09 -0.04 -0.19 0.07 0.03
108 149.0 522.0 66.0 183.0 -0.08 0.05 -0.03 -0.14 0.03 -0.18
109 142.0 496.0 68.0 182.0 -0.08 0.02 -0.02 -0.17 0.03 -0.19
110 201.0 453.0 67.0 192.0 -0.08 0.01 -0.01 -0.23 0.02 -0.17
111 168.0 438.0 68.0 193.0 -0.07 0.01 0.0 -0.14 0.0 0.03
112 149.0 419.0 67.0 195.0 -0.07 0.0 0.01 -0.09 -0.01 0.04
113 159.0 466.0 67.0 202.0 -0.07 0.0 0.01 -0.07 -0.02 -0.01
114 152.0 416.0 66.0 203.0 -0.06 0.02 0.01 -0.05 -0.03 -0.12
115 139.0 420.0 68.0 208.0 -0.05 0.02 0.01 -0.05 0.04 -0.21
116 116.0 435.0 68.0 209.0 -0.05 0.02 0.01 0.0 0.03 -0.15
117 147.0 464.0 68.0 209.0 -0.06 0.0 0.0 0.0 0.03 -0.18
118 138.0 454.0 71.0 214.0 -0.07 0.01 -0.01 -0.04 -0.01 -0.25
119 133.0 538.0 71.0 215.0 -0.08 0.03 -0.01 -0.06 -0.02 -0.23
120 123.0 484.0 72.0 216.0 -0.09 0.06 -0.01 -0.03 -0.02 -0.17
121 134.0 431.0 72.0 223.0 -0.09 0.06 -0.01 -0.06 0.0 -0.13
122 131.0 496.0 74.0 223.0 -0.1 0.05 -0.01 -0.12 0.0 -0.15
123 151.0 438.0 74.0 216.0 -0.11 0.03 -0.01 0.07 0.0 -0.24
124 152.0 409.0 75.0 221.0 -0.09 0.06 0.0 0.02 0.04 -0.24
125 139.0 428.0 76.0 216.0 -0.09 0.06 0.01 -0.01 0.04 -0.13
126 146.0 380.0 77.0 222.0 -0.1 0.03 0.01 -0.08 0.08 -0.04
127 137.0 327.0 79.0 222.0 -0.12 0.04 0.0 -0.1 -0.02 -0.1
128 122.0 306.0 78.0 216.0 -0.15 0.05 0.0 -0.08 -0.06 -0.14
129 113.0 280.0 80.0 223.0 -0.2 0.11 0.02 0.08 -0.08 -0.3
130 93.0 258.0 77.0 219.0 -0.27 0.15 0.04 0.15 -0.02 -0.47
131 101.0 262.0 77.0 223.0 -0.32 0.19 0.05 0.13 -0.19 -0.27
132 90.0 261.0 76.0 218.0 -0.44 0.3 0.17 -0.24 -0.07 -0.36
133 81.0 249.0 77.0 223.0 -0.5 0.4 0.22 -0.37 0.02 -0.8
134 89.0 229.0 76.0 224.0 -0.57 0.46 0.24 -0.28 0.04 -0.88
135 80.0 236.0 76.0 224.0 -0.74 0.55 0.28 -0.26 0.17 -0.75
136 72.0 226.0 74.0 229.0 -0.81 0.54 0.27 -0.31 0.13 -0.91
137 98.0 225.0 74.0 231.0 -0.82 0.51 0.26 -0.42 0.22 -0.92
138 107.0 227.0 73.0 237.0 -0.96 0.47 0.27 -0.62 0.13 -0.89
139 88.0 224.0 70.0 235.0 -1.08 0.42 0.26 -1.01 0.08 -1.45
140 79.0 211.0 69.0 241.0 -1.15 0.38 0.26 -1.07 0.09 -1.43
141 81.0 196.0 66.0 238.0 -1.19 0.32 0.25 -0.73 -0.02 -1.39
142 69.0 181.0 64.0 236.0 -1.25 0.28 0.23 -0.39 0.04 -1.15
143 71.0 170.0 60.0 236.0 -1.42 0.34 0.21 -0.55 -0.07 -1.07
144 148.0 161.0 59.0 237.0 -1.54 0.51 0.22 -0.31 0.21 -0.88
145 124.0 148.0 57.0 235.0 -1.59 0.61 0.24 0.1 0.31 -0.67
146 127.0 140.0 56.0 234.0 -1.73 0.6 0.23 -0.19 0.33 -0.69
147 112.0 130.0 55.0 231.0 -1.79 0.39 0.12 0.34 0.38 -0.39
148 91.0 121.0 53.0 230.0 -1.83 0.37 0.07 0.55 0.35 -0.61
149 74.0 112.0 54.0 228.0 -1.87 0.36 -0.04 0.84 0.41 -0.7
150 66.0 104.0 54.0 224.0 -1.89 0.6 -0.14 1.23 0.32 -1.12
151 132.0 99.0 54.0 217.0 -1.92 0.78 -0.18 1.31 0.28 -0.99
152 125.0 98.0 53.0 213.0 -2.05 1.13 -0.27 0.79 -0.07 -1.07
153 107.0 99.0 52.0 211.0 -2.19 1.06 -0.39 0.54 -0.2 -1.57
154 129.0 100.0 53.0 209.0 -2.23 0.88 -0.45 2.14 0.52 -5.47
155 190.0 106.0 62.0 198.0 -2.25 0.67 -0.52 0.92 -0.02 -6.78
156 160.0 113.0 75.0 175.0 -0.79 0.78 0.07 -3.83 -6.02 7.24
157 182.0 124.0 77.0 152.0 0.69 0.52 -0.06 -2.49 -0.75 6.6
158 243.0 130.0 76.0 137.0 0.14 1.35 -0.07 -3.41 -2.26 6.54
159 207.0 134.0 72.0 119.0 -0.04 1.36 -0.22 -3.71 -1.26 5.72
160 167.0 139.0 69.0 103.0 0.07 1.01 -0.09 -1.76 -0.27 3.06
161 145.0 142.0 67.0 90.0 0.06 0.09 -0.05 0.28 0.53 0.84
162 123.0 145.0 64.0 76.0 -0.02 -0.39 0.03 1.47 0.57 -0.41
163 101.0 149.0 62.0 65.0 -0.06 -0.36 0.07 1.41 0.52 -1.07
164 116.0 154.0 71.0 57.0 -0.13 -0.14 0.0 1.01 0.58 -0.98
165 146.0 158.0 71.0 51.0 -0.19 0.1 -0.02 0.07 0.24 -0.56
166 119.0 160.0 73.0 45.0 -0.19 0.1 -0.01 -0.67 0.1 0.08
167 114.0 163.0 69.0 41.0 -0.12 -0.13 0.01 -0.68 0.11 0.17
168 98.0 165.0 67.0 38.0 -0.03 -0.23 0.03 -0.43 0.11 -0.04
169 86.0 169.0 65.0 35.0 -0.03 -0.19 0.03 -0.22 0.06 -0.23
170 100.0 170.0 66.0 36.0 -0.01 -0.05 0.02 -0.16 0.08 -0.3
171 89.0 171.0 65.0 31.0 0.02 0.01 0.01 -0.1 0.17 -0.35
172 107.0 171.0 64.0 29.0 0.02 -0.02 0.01 0.0 0.13 0.05
173 131.0 172.0 67.0 28.0 0.04 -0.04 0.03 0.08 0.11 0.2
