1 78.0 143.0 77.0 47.0 0.02 0.01 -0.01 0.03 0.12 0.07
2 69.0 143.0 79.0 50.0 0.01 0.01 -0.01 0.06 0.15 0.2
3 96.0 143.0 78.0 54.0 0.01 0.02 -0.0 0.05 0.19 0.19
4 88.0 141.0 75.0 56.0 0.0 -0.01 -0.0 0.05 0.16 0.19
5 96.0 142.0 76.0 60.0 -0.01 -0.02 -0.0 -0.01 0.12 0.1
6 79.0 140.0 80.0 68.0 -0.0 -0.02 -0.01 -0.04 0.12 0.05
7 70.0 140.0 80.0 72.0 -0.01 -0.0 -0.0 -0.08 0.09 0.02
8 68.0 140.0 81.0 75.0 0.01 -0.01 -0.0 -0.12 0.09 -0.02
9 70.0 139.0 80.0 79.0 0.01 -0.01 0.0 0.0 0.16 0.1
10 90.0 138.0 85.0 83.0 0.0 -0.02 0.0 -0.03 0.14 0.08
11 109.0 137.0 81.0 83.0 0.01 -0.01 0.0 0.0 0.14 0.08
12 94.0 137.0 80.0 84.0 0.01 -0.01 -0.0 0.04 0.09 0.07
13 94.0 137.0 80.0 82.0 0.02 -0.02 -0.01 0.03 0.13 0.06
14 114.0 139.0 82.0 86.0 -0.01 -0.01 0.0 -0.02 0.09 0.15
15 115.0 139.0 80.0 74.0 -0.01 -0.03 -0.0 -0.11 0.07 0.38
16 124.0 186.0 79.0 81.0 0.03 -0.08 -0.0 -0.27 0.03 0.5
17 168.0 216.0 79.0 87.0 0.05 -0.1 0.01 -0.38 -0.05 0.57
18 163.0 257.0 80.0 97.0 0.11 -0.13 0.0 -0.57 -0.15 0.85
19 148.0 301.0 80.0 107.0 0.48 -0.11 -0.02 -0.26 -0.25 0.73
20 175.0 348.0 82.0 127.0 0.92 -0.1 -0.03 -0.04 -0.15 -0.14
21 167.0 347.0 80.0 126.0 0.98 -0.22 0.0 0.39 -0.02 -0.43
22 205.0 379.0 83.0 141.0 0.91 -0.52 0.06 0.36 0.03 -0.25
23 207.0 457.0 84.0 145.0 0.8 -0.76 0.07 0.23 -0.03 0.92
24 230.0 535.0 85.0 159.0 0.78 -0.75 0.07 0.37 0.04 0.94
25 213.0 612.0 86.0 169.0 0.78 -0.57 -0.01 0.31 -0.2 1.02
26 187.0 593.0 86.0 175.0 0.95 -0.41 -0.06 -0.35 -0.36 0.52
27 187.0 653.0 85.0 181.0 1.13 -0.5 -0.15 0.46 0.3 1.11
28 200.0 724.0 88.0 188.0 1.28 -0.7 -0.15 0.04 0.05 1.46
29 207.0 701.0 92.0 196.0 1.37 -0.94 -0.13 0.0 0.14 2.15
30 194.0 763.0 93.0 207.0 1.42 -0.91 -0.1 -0.43 0.23 1.7
31 206.0 766.0 91.0 192.0 1.51 -0.91 -0.03 -0.42 0.14 1.63
32 189.0 721.0 89.0 193.0 1.51 -0.97 0.02 -0.29 0.51 1.32
33 186.0 664.0 91.0 194.0 1.46 -0.94 0.02 -0.12 0.47 1.01
34 227.0 784.0 91.0 199.0 1.27 -0.84 -0.03 0.01 0.57 0.98
35 206.0 903.0 88.0 185.0 1.25 -0.6 -0.1 0.26 0.34 0.55
36 201.0 906.0 88.0 200.0 1.22 -0.51 -0.16 0.06 0.24 0.16
37 200.0 967.0 87.0 187.0 1.2 -0.38 -0.21 0.01 0.16 -0.05
38 213.0 869.0 89.0 182.0 1.28 -0.35 -0.23 0.28 0.08 -0.44
39 203.0 843.0 86.0 174.0 1.25 -0.32 -0.21 -0.22 -0.02 -0.36
40 233.0 725.0 85.0 164.0 1.18 -0.29 -0.13 -0.24 -0.23 -0.14
41 226.0 682.0 85.0 161.0 1.14 -0.29 -0.07 -0.3 -0.13 -0.26
42 223.0 730.0 84.0 156.0 1.08 -0.27 -0.05 -0.39 -0.15 -0.31
43 219.0 698.0 83.0 155.0 1.04 -0.27 -0.01 -0.3 -0.07 -0.42
44 235.0 721.0 85.0 152.0 1.0 -0.26 0.0 -0.19 -0.18 -0.79
45 269.0 714.0 91.0 152.0 0.98 -0.25 0.02 -0.41 -0.35 -0.53
46 245.0 663.0 89.0 142.0 0.97 -0.22 0.04 -0.42 -0.28 -0.19
47 249.0 743.0 91.0 145.0 0.94 -0.24 0.07 -0.43 -0.24 -0.14
48 243.0 798.0 92.0 148.0 0.91 -0.24 0.08 -0.49 -0.2 -0.25
49 239.0 746.0 110.0 133.0 0.89 -0.29 0.09 -0.47 -0.24 -0.24
50 259.0 729.0 106.0 120.0 0.87 -0.35 0.1 -0.41 -0.27 -0.23
51 269.0 821.0 109.0 121.0 0.88 -0.36 0.11 -0.3 -0.21 0.09
52 328.0 847.0 105.0 109.0 0.86 -0.35 0.13 -0.34 -0.2 0.18
53 306.0 966.0 106.0 111.0 0.82 -0.31 0.11 -0.13 0.01 -0.15
54 307.0 896.0 112.0 99.0 0.81 -0.29 0.09 0.06 0.04 -0.18
55 306.0 856.0 106.0 102.0 0.79 -0.27 0.05 0.13 0.17 -0.12
56 287.0 851.0 124.0 105.0 0.73 -0.24 0.03 0.05 0.11 -0.04
57 313.0 966.0 116.0 100.0 0.7 -0.24 0.01 0.0 0.28 -0.44
58 294.0 916.0 122.0 94.0 0.63 -0.22 -0.02 0.0 0.26 -0.58
59 253.0 853.0 113.0 91.0 0.55 -0.19 -0.03 0.06 0.26 -0.93
60 263.0 906.0 105.0 87.0 0.51 -0.15 -0.03 0.16 0.14 -0.72
61 269.0 838.0 108.0 78.0 0.42 -0.13 -0.03 -0.01 0.08 -0.59
62 290.0 855.0 102.0 76.0 0.32 -0.15 -0.03 -0.2 0.04 -0.6
63 328.0 917.0 105.0 84.0 0.29 -0.13 -0.02 -0.23 0.03 -0.7
64 363.0 874.0 102.0 76.0 0.22 -0.13 0.0 -0.23 0.08 -0.89
65 296.0 812.0 105.0 68.0 0.18 -0.19 0.02 -0.16 0.13 -1.31
66 268.0 726.0 104.0 61.0 0.16 -0.22 0.03 -0.18 0.09 -0.79
67 288.0 702.0 101.0 55.0 0.11 -0.18 0.03 -0.16 0.06 -0.69
68 244.0 650.0 99.0 54.0 0.02 -0.11 0.01 -0.1 0.04 -0.61
69 244.0 670.0 105.0 74.0 -0.01 -0.06 -0.0 0.0 0.05 -0.71
70 279.0 613.0 99.0 65.0 -0.06 0.02 -0.01 0.08 0.02 -0.72
71 299.0 598.0 94.0 56.0 -0.06 0.03 -0.03 -0.08 -0.04 -0.68
72 304.0 585.0 98.0 51.0 -0.06 0.0 -0.03 -0.11 0.03 -0.45
73 286.0 628.0 97.0 52.0 -0.07 -0.0 -0.04 -0.2 0.06 -0.36
74 266.0 601.0 92.0 47.0 -0.1 0.03 -0.05 -0.28 0.08 -0.39
75 303.0 588.0 88.0 47.0 -0.12 0.05 -0.05 -0.19 0.06 -0.37
76 279.0 605.0 87.0 48.0 -0.15 0.09 -0.05 -0.19 0.1 -0.23
77 262.0 569.0 86.0 51.0 -0.17 0.07 -0.04 -0.11 0.12 -0.27
78 279.0 593.0 85.0 52.0 -0.17 0.06 -0.04 -0.07 0.11 -0.22
79 317.0 596.0 87.0 49.0 -0.17 0.05 -0.04 -0.07 0.08 -0.12
80 289.0 564.0 82.0 46.0 -0.17 0.02 -0.04 -0.2 0.14 -0.05
81 253.0 513.0 78.0 47.0 -0.17 0.01 -0.03 -0.09 0.16 -0.01
82 256.0 488.0 80.0 50.0 -0.17 0.01 -0.03 0.01 0.17 0.01
83 240.0 517.0 84.0 59.0 -0.17 0.03 -0.04 -0.01 0.17 0.05
84 272.0 509.0 79.0 58.0 -0.17 0.04 -0.04 -0.1 0.22 0.04
85 245.0 476.0 76.0 54.0 -0.18 0.04 -0.05 -0.07 0.16 -0.01
86 246.0 490.0 78.0 54.0 -0.16 0.06 -0.04 -0.09 0.08 0.05
87 215.0 482.0 82.0 55.0 -0.16 0.06 -0.05 -0.24 0.2 0.04
88 192.0 499.0 80.0 55.0 -0.15 0.05 -0.03 -0.18 0.26 0.0
89 224.0 520.0 77.0 54.0 -0.16 0.01 -0.03 -0.13 0.25 -0.04
90 239.0 505.0 75.0 56.0 -0.16 0.0 -0.02 -0.21 0.19 0.04
91 222.0 505.0 78.0 60.0 -0.17 0.01 -0.0 -0.18 0.18 -0.06
92 197.0 568.0 76.0 56.0 -0.17 0.03 0.01 -0.12 0.1 -0.02
93 207.0 518.0 75.0 62.0 -0.16 0.04 0.01 -0.08 0.06 0.19
94 219.0 511.0 76.0 66.0 -0.15 0.03 0.01 -0.05 0.12 0.1
95 208.0 537.0 74.0 63.0 -0.13 0.03 0.01 -0.03 0.11 0.03
96 196.0 570.0 77.0 62.0 -0.13 0.02 0.01 -0.06 0.13 0.06
97 205.0 530.0 77.0 70.0 -0.11 0.01 0.0 -0.02 0.12 0.17
98 199.0 510.0 74.0 66.0 -0.1 0.03 -0.01 -0.11 0.1 0.18
99 234.0 522.0 76.0 71.0 -0.08 0.04 -0.01 -0.05 0.15 0.09
100 208.0 494.0 76.0 71.0 -0.07 0.05 -0.01 -0.01 0.17 0.03
101 228.0 452.0 74.0 70.0 -0.06 0.03 -0.01 -0.06 0.14 0.0
102 201.0 526.0 76.0 78.0 -0.05 0.02 -0.01 -0.07 0.15 0.02
103 179.0 479.0 74.0 77.0 -0.06 0.03 -0.01 -0.06 0.1 0.06
104 150.0 430.0 75.0 73.0 -0.06 0.05 -0.01 -0.1 0.12 -0.1
105 231.0 484.0 76.0 86.0 -0.07 0.05 -0.02 -0.06 0.08 -0.11
106 206.0 456.0 75.0 83.0 -0.09 0.04 -0.02 -0.11 0.0 -0.14
107 208.0 428.0 74.0 83.0 -0.1 0.03 -0.01 -0.13 0.04 -0.19
108 166.0 397.0 74.0 89.0 -0.1 0.03 -0.01 -0.2 0.03 -0.13
109 153.0 407.0 74.0 91.0 -0.09 0.01 0.01 -0.06 0.03 -0.04
110 172.0 448.0 75.0 99.0 -0.1 0.0 0.01 -0.08 0.09 -0.08
111 198.0 448.0 75.0 96.0 -0.09 0.01 0.01 -0.11 0.06 -0.11
112 188.0 440.0 74.0 92.0 -0.1 0.0 0.01 0.0 0.09 -0.08
113 161.0 416.0 75.0 105.0 -0.12 -0.0 0.0 -0.02 0.08 -0.1
114 201.0 476.0 79.0 109.0 -0.11 0.01 0.0 -0.05 0.09 -0.17
115 171.0 452.0 77.0 107.0 -0.14 0.04 0.01 0.04 0.15 -0.14
116 162.0 436.0 76.0 111.0 -0.15 0.05 -0.0 0.02 0.2 -0.09
117 131.0 448.0 82.0 119.0 -0.15 0.05 -0.0 0.02 0.18 -0.1
118 120.0 424.0 78.0 110.0 -0.16 0.06 -0.01 0.05 0.1 -0.01
119 157.0 373.0 78.0 113.0 -0.15 0.06 -0.01 -0.02 0.05 -0.04
120 145.0 337.0 79.0 114.0 -0.15 0.08 -0.02 -0.07 0.06 -0.18
121 193.0 316.0 78.0 110.0 -0.17 0.11 -0.01 -0.08 0.01 -0.15
122 181.0 302.0 78.0 109.0 -0.22 0.12 0.0 -0.16 -0.02 -0.14
123 166.0 294.0 78.0 113.0 -0.25 0.13 0.02 -0.1 0.04 -0.23
124 137.0 278.0 80.0 116.0 -0.29 0.15 0.06 -0.05 0.14 -0.42
125 121.0 284.0 83.0 111.0 -0.38 0.22 0.14 -0.09 0.1 -0.42
126 111.0 271.0 83.0 120.0 -0.43 0.27 0.19 0.03 0.0 -0.4
127 121.0 274.0 82.0 119.0 -0.55 0.28 0.21 -0.2 0.24 -0.51
128 139.0 265.0 82.0 118.0 -0.63 0.33 0.21 -0.32 0.15 -0.46
129 141.0 250.0 84.0 116.0 -0.68 0.35 0.21 -0.18 0.18 -0.58
130 130.0 258.0 83.0 116.0 -0.75 0.39 0.2 -0.19 0.23 -0.92
131 168.0 247.0 83.0 118.0 -0.84 0.41 0.18 -0.21 0.13 -1.14
132 163.0 241.0 83.0 114.0 -0.87 0.38 0.17 -0.03 0.04 -1.08
133 166.0 238.0 85.0 119.0 -0.93 0.33 0.15 -0.02 0.0 -0.62
134 142.0 234.0 85.0 123.0 -1.05 0.34 0.16 -0.15 0.1 -0.65
135 161.0 232.0 82.0 123.0 -1.11 0.38 0.15 -0.37 0.09 -0.7
136 145.0 248.0 81.0 127.0 -1.11 0.36 0.11 -0.81 -0.11 -1.42
137 128.0 229.0 81.0 126.0 -1.19 0.26 0.11 -0.48 -0.14 -1.14
138 107.0 208.0 79.0 129.0 -1.24 0.23 0.1 0.06 -0.12 -0.66
139 134.0 195.0 79.0 132.0 -1.37 0.25 0.07 0.02 -0.04 -0.22
140 163.0 184.0 78.0 132.0 -1.46 0.4 0.04 0.24 0.01 0.32
141 145.0 166.0 77.0 137.0 -1.52 0.47 0.02 0.3 0.01 0.43
142 145.0 153.0 77.0 141.0 -1.55 0.6 -0.04 0.39 0.1 0.44
143 119.0 140.0 74.0 133.0 -1.57 0.62 -0.1 0.26 0.17 0.06
144 117.0 130.0 75.0 142.0 -1.54 0.6 -0.11 0.18 0.23 -0.01
145 180.0 128.0 75.0 147.0 -1.5 0.53 -0.13 0.06 0.19 -0.07
146 150.0 136.0 74.0 137.0 -1.51 0.37 -0.15 -0.42 -0.03 0.02
147 171.0 129.0 74.0 132.0 -1.45 0.25 -0.17 -0.08 -0.3 0.15
148 141.0 123.0 72.0 128.0 -1.26 0.19 -0.17 0.25 -0.18 0.08
149 139.0 119.0 72.0 121.0 -1.11 0.29 -0.14 0.38 -0.23 0.14
150 125.0 136.0 75.0 120.0 -1.05 0.4 -0.13 0.39 -0.2 0.19
151 108.0 142.0 75.0 112.0 -0.99 0.62 -0.11 0.3 -0.1 0.29
152 96.0 186.0 73.0 106.0 -0.94 0.56 -0.12 -0.29 -0.27 0.52
153 102.0 201.0 74.0 99.0 -0.89 0.45 -0.13 -0.23 -0.19 0.48
154 96.0 226.0 76.0 93.0 -0.81 0.38 -0.14 -0.33 -0.32 -0.02
155 142.0 228.0 73.0 85.0 -0.74 0.34 -0.12 -0.03 0.1 -0.09
156 161.0 233.0 82.0 76.0 -0.79 0.36 -0.15 0.49 0.17 -0.59
157 151.0 221.0 79.0 67.0 -0.77 0.59 -0.06 0.01 -0.29 0.84
158 126.0 209.0 84.0 60.0 -0.27 0.48 -0.08 -0.83 -1.35 3.33
159 163.0 202.0 95.0 53.0 -0.02 0.32 -0.12 -0.74 -0.99 3.64
160 197.0 201.0 93.0 47.0 0.06 0.34 -0.05 -0.98 -0.32 2.42
161 172.0 198.0 88.0 45.0 -0.09 0.54 0.0 -0.41 0.0 0.49
162 137.0 196.0 86.0 40.0 -0.12 0.52 -0.0 -0.26 0.01 0.0
163 136.0 192.0 83.0 36.0 -0.13 0.2 -0.02 -0.13 0.19 -1.11
164 132.0 191.0 82.0 34.0 -0.17 -0.07 0.02 0.18 0.15 -1.09
165 120.0 191.0 82.0 31.0 -0.18 -0.14 0.02 0.38 0.15 -0.92
166 146.0 190.0 87.0 29.0 -0.21 -0.15 0.04 0.31 -0.12 -0.41
167 124.0 190.0 88.0 28.0 -0.17 -0.04 0.03 0.0 -0.15 0.03
168 105.0 190.0 81.0 27.0 -0.15 -0.01 0.02 -0.34 -0.21 0.47
