1 104.0 147.0 79.0 71.0 -0.01 -0.04 -0.01 -0.07 0.11 0.04
2 122.0 148.0 77.0 74.0 -0.01 -0.03 -0.01 -0.1 0.14 0.12
3 112.0 148.0 76.0 77.0 -0.0 -0.03 -0.01 -0.08 0.12 0.04
4 137.0 146.0 78.0 79.0 -0.01 -0.02 -0.01 -0.09 0.16 0.02
5 121.0 145.0 78.0 84.0 -0.02 -0.01 -0.01 -0.14 0.17 0.06
6 111.0 145.0 77.0 86.0 -0.02 -0.03 -0.01 -0.06 0.11 0.07
7 103.0 144.0 81.0 93.0 -0.02 -0.05 -0.0 0.0 0.09 0.05
8 123.0 143.0 78.0 95.0 -0.01 -0.04 -0.0 -0.07 0.04 -0.02
9 113.0 141.0 77.0 97.0 -0.01 -0.03 -0.0 -0.06 0.05 -0.06
10 110.0 143.0 76.0 103.0 -0.0 -0.02 -0.0 -0.02 0.11 -0.05
11 91.0 142.0 79.0 98.0 -0.01 -0.02 -0.01 -0.04 0.05 -0.03
12 86.0 142.0 77.0 91.0 -0.01 -0.02 -0.01 -0.09 0.08 0.02
13 86.0 145.0 79.0 110.0 -0.01 -0.01 -0.01 -0.18 0.04 0.05
14 80.0 145.0 79.0 122.0 0.0 -0.04 0.0 -0.24 0.03 0.18
15 126.0 148.0 80.0 126.0 0.01 -0.05 -0.0 -0.12 0.06 0.07
16 118.0 153.0 82.0 126.0 0.02 -0.06 0.0 -0.06 0.15 0.03
17 105.0 162.0 79.0 119.0 0.03 -0.08 -0.0 -0.06 0.05 -0.06
18 121.0 168.0 81.0 134.0 0.04 -0.09 -0.01 -0.14 -0.04 0.01
19 114.0 185.0 80.0 132.0 0.07 -0.09 -0.01 -0.2 -0.07 0.06
20 117.0 207.0 81.0 126.0 0.13 -0.11 -0.01 -0.1 0.01 0.14
21 128.0 220.0 84.0 130.0 0.15 -0.1 -0.01 -0.05 -0.03 0.17
22 146.0 245.0 84.0 143.0 0.21 -0.1 -0.01 -0.04 -0.08 0.16
23 135.0 242.0 86.0 142.0 0.32 -0.1 -0.0 -0.08 0.02 0.01
24 146.0 242.0 89.0 148.0 0.33 -0.11 0.0 -0.15 0.04 -0.06
25 141.0 245.0 90.0 141.0 0.39 -0.13 0.0 0.1 0.04 0.05
26 136.0 282.0 90.0 137.0 0.41 -0.11 0.0 0.13 0.07 -0.05
27 132.0 275.0 91.0 132.0 0.42 -0.08 0.0 0.14 0.09 -0.19
28 123.0 279.0 91.0 131.0 0.44 -0.04 -0.02 0.18 0.13 -0.14
29 136.0 312.0 92.0 116.0 0.42 0.03 -0.03 0.16 0.11 -0.22
30 126.0 326.0 89.0 151.0 0.41 0.04 -0.03 -0.1 0.12 0.16
31 116.0 421.0 96.0 220.0 0.42 0.06 0.0 -0.16 0.01 0.32
32 125.0 427.0 97.0 218.0 0.57 -0.02 0.02 -0.29 -0.3 0.74
33 127.0 479.0 97.0 207.0 0.63 -0.08 0.03 -0.16 -0.28 0.76
34 123.0 442.0 96.0 182.0 0.77 -0.15 0.05 -0.07 -0.55 0.95
35 125.0 463.0 96.0 202.0 0.9 0.04 0.16 -0.48 0.19 1.43
36 115.0 571.0 98.0 206.0 0.97 0.14 0.1 -0.25 -0.03 1.93
37 127.0 547.0 101.0 212.0 1.2 -0.03 0.08 -0.5 -0.02 1.82
38 128.0 581.0 97.0 195.0 1.4 -0.32 0.08 -0.25 0.08 1.33
39 140.0 633.0 97.0 186.0 1.45 -0.49 0.08 0.04 0.28 0.92
40 144.0 663.0 98.0 199.0 1.5 -0.66 0.11 0.07 0.33 1.29
41 134.0 681.0 99.0 179.0 1.47 -0.65 0.1 0.03 0.24 1.8
42 128.0 710.0 97.0 183.0 1.51 -0.57 0.08 -0.18 0.14 1.17
43 111.0 663.0 98.0 178.0 1.51 -0.44 0.07 -0.21 0.39 1.11
44 128.0 657.0 99.0 182.0 1.39 -0.39 0.05 -0.32 0.11 0.63
45 134.0 653.0 98.0 176.0 1.36 -0.45 0.04 0.02 0.18 0.27
46 128.0 738.0 96.0 177.0 1.29 -0.45 0.01 0.09 0.07 0.02
47 114.0 760.0 95.0 162.0 1.31 -0.49 -0.02 0.12 -0.09 -0.28
48 125.0 707.0 95.0 149.0 1.3 -0.51 -0.0 -0.55 0.08 -0.57
49 165.0 727.0 92.0 140.0 1.23 -0.5 0.01 -0.27 -0.14 -0.36
50 166.0 677.0 91.0 145.0 1.33 -0.52 -0.02 -0.02 -0.13 -0.32
51 179.0 829.0 92.0 149.0 1.32 -0.47 -0.02 -0.2 -0.13 -0.86
52 168.0 823.0 87.0 125.0 1.24 -0.35 0.03 -0.45 -0.13 -1.1
53 180.0 790.0 87.0 124.0 1.16 -0.32 0.08 -0.15 -0.15 -1.01
54 192.0 791.0 86.0 112.0 1.14 -0.33 0.09 -0.1 -0.09 -0.92
55 209.0 771.0 83.0 98.0 1.07 -0.35 0.09 -0.14 -0.12 -0.81
56 208.0 770.0 85.0 96.0 0.96 -0.35 0.1 -0.35 -0.08 -0.87
57 217.0 800.0 87.0 87.0 0.9 -0.34 0.1 -0.28 -0.1 -1.04
58 182.0 728.0 84.0 76.0 0.79 -0.27 0.11 -0.14 -0.23 -0.97
59 220.0 782.0 87.0 77.0 0.71 -0.17 0.11 -0.08 -0.17 -0.81
60 220.0 752.0 84.0 67.0 0.68 -0.13 0.1 -0.07 -0.14 -0.56
61 211.0 789.0 87.0 61.0 0.62 -0.1 0.08 -0.05 -0.13 -0.47
62 200.0 785.0 86.0 63.0 0.56 -0.12 0.05 0.06 0.0 -0.41
63 204.0 695.0 83.0 55.0 0.52 -0.1 0.04 -0.05 -0.04 -0.29
64 213.0 626.0 83.0 52.0 0.47 -0.07 0.02 0.03 0.0 -0.44
65 214.0 657.0 82.0 47.0 0.42 -0.06 -0.0 0.08 -0.03 -0.4
66 184.0 649.0 78.0 43.0 0.4 -0.05 -0.0 0.06 0.02 -0.29
67 158.0 632.0 79.0 42.0 0.36 -0.04 0.01 0.02 0.04 -0.3
68 166.0 561.0 77.0 42.0 0.29 -0.05 0.01 -0.08 0.04 -0.28
69 251.0 573.0 75.0 44.0 0.26 -0.05 0.02 -0.11 0.09 -0.26
70 214.0 576.0 74.0 42.0 0.19 -0.08 0.04 -0.04 0.08 -0.29
71 199.0 569.0 75.0 38.0 0.15 -0.1 0.05 -0.01 0.12 -0.46
72 170.0 643.0 72.0 39.0 0.12 -0.11 0.04 -0.12 0.0 -0.41
73 164.0 613.0 70.0 36.0 0.07 -0.05 0.03 -0.08 -0.02 -0.21
74 191.0 622.0 69.0 34.0 0.06 -0.01 0.02 -0.05 -0.01 -0.28
75 198.0 606.0 69.0 32.0 0.05 -0.01 0.01 -0.08 0.0 -0.27
76 196.0 644.0 67.0 32.0 0.04 -0.02 -0.0 -0.06 0.05 -0.36
77 179.0 612.0 67.0 37.0 0.03 -0.01 -0.02 -0.11 0.06 -0.38
78 199.0 592.0 69.0 40.0 0.02 -0.01 -0.02 -0.07 0.06 -0.29
79 207.0 571.0 69.0 38.0 -0.01 0.02 -0.03 -0.13 0.03 -0.2
80 214.0 601.0 69.0 37.0 -0.04 0.04 -0.03 -0.13 -0.02 -0.14
81 209.0 604.0 67.0 48.0 -0.05 0.03 -0.03 -0.03 -0.02 -0.23
82 201.0 570.0 66.0 47.0 -0.02 0.01 -0.03 -0.17 0.0 -0.07
83 217.0 524.0 66.0 44.0 -0.0 -0.01 -0.02 -0.17 -0.03 0.13
84 273.0 577.0 68.0 55.0 -0.01 0.0 -0.02 -0.12 0.06 0.02
85 273.0 631.0 67.0 50.0 -0.03 0.02 -0.01 -0.14 0.08 -0.03
86 232.0 592.0 64.0 49.0 -0.03 0.0 -0.01 -0.04 0.09 -0.01
87 194.0 552.0 64.0 59.0 -0.03 -0.0 -0.0 0.06 0.08 -0.05
88 203.0 614.0 67.0 54.0 -0.03 -0.02 -0.01 0.04 0.07 0.01
89 215.0 571.0 67.0 55.0 -0.05 0.0 -0.03 -0.01 0.04 -0.01
90 229.0 587.0 69.0 61.0 -0.05 0.03 -0.04 -0.05 0.04 -0.07
91 193.0 591.0 66.0 57.0 -0.07 0.04 -0.05 0.02 0.02 -0.02
92 240.0 595.0 65.0 60.0 -0.07 0.01 -0.05 -0.05 0.02 0.04
93 211.0 515.0 68.0 57.0 -0.07 -0.0 -0.05 -0.04 0.03 -0.01
94 210.0 545.0 68.0 58.0 -0.08 0.02 -0.04 0.03 0.02 0.03
95 218.0 512.0 68.0 60.0 -0.08 0.02 -0.03 -0.08 0.04 0.03
96 240.0 531.0 66.0 56.0 -0.08 0.01 -0.03 -0.18 -0.01 0.0
97 259.0 518.0 66.0 59.0 -0.08 0.0 -0.03 -0.1 -0.04 -0.06
98 225.0 507.0 68.0 65.0 -0.09 0.01 -0.03 -0.03 -0.02 -0.09
99 232.0 495.0 69.0 64.0 -0.09 0.01 -0.02 -0.03 0.02 -0.14
100 205.0 473.0 70.0 69.0 -0.1 0.03 -0.02 0.01 0.05 -0.17
101 187.0 463.0 70.0 75.0 -0.11 0.03 -0.02 -0.06 0.08 0.0
102 239.0 426.0 71.0 70.0 -0.11 0.03 -0.02 -0.04 0.09 0.0
103 204.0 435.0 72.0 78.0 -0.13 0.02 -0.03 -0.06 0.01 0.03
104 179.0 438.0 71.0 75.0 -0.12 0.02 -0.03 -0.11 -0.04 0.05
105 198.0 480.0 72.0 75.0 -0.12 0.02 -0.02 -0.03 -0.02 0.12
106 212.0 438.0 72.0 80.0 -0.11 0.02 -0.01 -0.06 0.02 0.08
107 216.0 479.0 73.0 80.0 -0.12 0.02 -0.02 -0.09 0.04 0.06
108 231.0 473.0 75.0 85.0 -0.11 0.03 -0.02 -0.17 0.02 0.0
109 205.0 502.0 75.0 90.0 -0.12 0.03 -0.02 -0.15 0.07 -0.05
110 192.0 468.0 74.0 84.0 -0.12 0.01 -0.02 -0.11 0.03 -0.05
111 201.0 448.0 76.0 84.0 -0.12 0.01 -0.01 -0.07 0.04 -0.11
112 190.0 453.0 77.0 88.0 -0.12 0.02 -0.0 -0.13 0.03 -0.03
113 177.0 450.0 74.0 84.0 -0.14 0.04 0.0 -0.05 -0.01 0.0
114 148.0 414.0 75.0 85.0 -0.14 0.07 0.0 0.0 0.02 -0.17
115 151.0 399.0 75.0 91.0 -0.16 0.1 0.0 -0.08 0.03 -0.24
116 149.0 347.0 75.0 87.0 -0.19 0.1 -0.0 0.01 -0.03 -0.26
117 124.0 320.0 75.0 86.0 -0.2 0.11 -0.0 -0.02 -0.1 -0.47
118 108.0 302.0 76.0 85.0 -0.24 0.18 0.01 -0.01 -0.09 -0.46
119 101.0 277.0 74.0 82.0 -0.33 0.27 0.07 -0.05 0.0 -0.28
120 156.0 287.0 78.0 92.0 -0.41 0.29 0.11 -0.11 0.05 -0.24
121 140.0 274.0 76.0 90.0 -0.54 0.37 0.16 -0.07 0.01 -0.42
122 162.0 291.0 76.0 90.0 -0.64 0.42 0.2 -0.08 0.04 -0.92
123 164.0 254.0 75.0 91.0 -0.69 0.43 0.21 -0.23 0.23 -1.18
124 142.0 238.0 76.0 93.0 -0.79 0.33 0.21 -0.39 -0.08 -1.46
125 125.0 225.0 77.0 92.0 -0.81 0.18 0.21 -0.04 -0.06 -0.76
126 198.0 218.0 75.0 104.0 -0.84 0.15 0.22 0.13 -0.2 0.04
127 174.0 243.0 74.0 112.0 -0.87 0.12 0.18 0.19 -0.13 0.44
128 189.0 273.0 71.0 106.0 -0.94 0.28 0.15 -0.55 0.03 -0.06
129 175.0 256.0 71.0 112.0 -1.03 0.33 0.12 -0.89 0.1 -0.41
130 144.0 246.0 69.0 121.0 -1.16 0.18 0.08 -0.8 0.13 -1.67
131 129.0 225.0 69.0 121.0 -1.18 0.22 0.1 0.1 -0.02 -2.03
132 194.0 229.0 70.0 119.0 -1.18 0.31 0.11 0.17 -0.08 -1.79
133 163.0 209.0 67.0 122.0 -1.18 0.26 0.09 0.26 -0.35 -0.06
134 139.0 192.0 67.0 121.0 -1.12 0.33 0.07 0.15 -0.13 0.62
135 184.0 175.0 70.0 126.0 -1.15 0.42 0.05 0.11 -0.17 0.72
136 160.0 161.0 67.0 133.0 -1.26 0.53 -0.0 0.0 0.03 0.78
137 145.0 148.0 65.0 134.0 -1.38 0.46 -0.13 -0.2 0.19 0.33
138 170.0 138.0 67.0 146.0 -1.47 0.39 -0.19 0.17 0.26 0.15
139 185.0 130.0 66.0 142.0 -1.6 0.47 -0.26 0.66 0.25 -0.33
140 153.0 140.0 65.0 139.0 -1.61 0.59 -0.32 0.34 0.01 -0.33
141 170.0 128.0 62.0 150.0 -1.63 0.6 -0.32 0.25 0.05 -0.24
142 185.0 124.0 62.0 138.0 -1.55 0.46 -0.32 -0.2 -0.37 0.17
143 197.0 153.0 65.0 131.0 -1.38 0.28 -0.31 -0.04 -0.22 -0.09
144 162.0 141.0 68.0 132.0 -1.33 0.23 -0.27 -0.05 -0.21 -0.21
145 180.0 136.0 67.0 126.0 -1.26 0.19 -0.19 -0.08 -0.37 -0.16
146 176.0 126.0 71.0 124.0 -1.12 0.23 -0.14 -0.05 -0.38 0.23
147 142.0 119.0 73.0 122.0 -1.06 0.23 -0.13 0.22 -0.55 0.43
148 143.0 116.0 79.0 118.0 -0.94 0.25 -0.16 0.08 -0.42 0.3
149 194.0 117.0 76.0 109.0 -0.86 0.32 -0.19 0.03 -0.13 -0.11
150 165.0 116.0 75.0 103.0 -0.85 0.33 -0.21 0.12 -0.6 -1.16
151 132.0 118.0 73.0 102.0 -0.66 0.35 -0.14 -0.57 -0.79 1.35
152 151.0 122.0 74.0 92.0 -0.19 0.56 0.02 -2.33 -1.97 3.04
153 175.0 128.0 73.0 82.0 -0.19 0.56 0.02 -1.63 -1.37 3.45
154 167.0 127.0 73.0 78.0 0.24 -0.03 0.01 -1.54 0.08 1.18
155 141.0 128.0 79.0 74.0 0.12 -0.08 0.15 -0.53 0.1 0.39
156 128.0 132.0 77.0 67.0 0.12 -0.08 0.15 0.23 0.4 -0.11
157 105.0 133.0 80.0 58.0 0.08 -0.1 0.13 0.59 0.31 -0.25
158 166.0 135.0 75.0 56.0 0.02 -0.03 0.11 0.26 0.16 -0.21
159 136.0 136.0 80.0 53.0 0.02 -0.03 0.11 0.18 0.22 -0.09
160 161.0 136.0 78.0 52.0 0.02 -0.01 0.09 -0.1 0.29 0.21
161 141.0 138.0 79.0 49.0 0.01 -0.0 0.09 -0.22 0.15 0.6
162 175.0 136.0 74.0 49.0 0.01 -0.0 0.09 -0.29 0.1 0.67
163 140.0 135.0 73.0 45.0 0.0 0.08 0.06 -0.41 0.06 0.5
164 150.0 136.0 73.0 43.0 0.03 0.07 0.05 -0.26 0.1 0.33
165 120.0 137.0 69.0 41.0 0.04 0.06 0.05 -0.26 0.07 0.16
166 97.0 138.0 77.0 39.0 0.06 0.02 0.06 -0.17 -0.03 0.06
167 111.0 137.0 78.0 41.0 0.08 0.02 0.06 -0.25 -0.13 -0.07
168 162.0 139.0 76.0 37.0 0.09 0.01 0.06 -0.23 -0.07 -0.08
169 140.0 138.0 71.0 34.0 0.07 -0.02 0.06 -0.21 -0.01 0.0
170 142.0 137.0 71.0 33.0 0.05 -0.07 0.05 0.09 0.04 0.28
171 118.0 139.0 74.0 32.0 0.03 -0.04 0.05 0.1 0.08 0.34
