1 57.0 70.0 65.0 23.0 -0.17 0.0 -0.04 -0.1 0.06 0.04
2 54.0 70.0 65.0 24.0 -0.18 0.01 -0.05 -0.18 0.1 0.0
3 71.0 71.0 68.0 23.0 -0.17 0.02 -0.05 -0.16 0.09 0.07
4 63.0 70.0 63.0 24.0 -0.15 0.03 -0.07 -0.08 0.12 0.0
5 64.0 70.0 67.0 23.0 -0.12 0.07 -0.08 -0.1 0.1 0.07
6 66.0 70.0 72.0 24.0 -0.1 0.06 -0.09 -0.13 0.06 0.04
7 59.0 70.0 76.0 23.0 -0.1 0.06 -0.09 -0.04 0.04 0.02
8 53.0 71.0 72.0 23.0 -0.11 0.05 -0.09 -0.13 0.14 0.11
9 47.0 70.0 66.0 24.0 -0.13 0.03 -0.1 -0.14 0.15 0.17
10 95.0 71.0 67.0 24.0 -0.15 0.0 -0.09 -0.09 0.15 0.12
11 82.0 70.0 68.0 23.0 -0.17 -0.03 -0.09 -0.01 0.12 0.09
12 70.0 69.0 69.0 24.0 -0.17 -0.03 -0.09 0.03 0.09 0.12
13 64.0 70.0 63.0 24.0 -0.18 -0.04 -0.08 -0.05 0.09 0.13
14 59.0 69.0 60.0 24.0 -0.17 -0.04 -0.07 -0.03 0.04 -0.07
15 59.0 70.0 58.0 24.0 -0.12 0.02 -0.07 -0.17 -0.02 -0.08
16 77.0 71.0 60.0 24.0 -0.09 0.03 -0.08 -0.11 0.05 -0.08
17 68.0 73.0 76.0 24.0 -0.08 -0.01 -0.07 -0.1 0.05 0.02
18 65.0 89.0 70.0 24.0 -0.07 -0.03 -0.06 -0.16 0.09 0.18
19 76.0 151.0 66.0 28.0 -0.1 -0.13 -0.03 -0.23 0.04 0.18
20 84.0 211.0 63.0 29.0 -0.16 -0.34 0.01 -0.18 -0.01 0.18
21 127.0 270.0 60.0 30.0 -0.13 -0.51 0.04 0.03 -0.12 0.13
22 150.0 306.0 59.0 31.0 0.05 -0.58 0.04 -0.19 -0.08 0.08
23 129.0 276.0 58.0 32.0 0.34 -0.68 0.04 -0.74 -0.12 -0.1
24 118.0 237.0 57.0 32.0 0.41 -0.77 0.08 -0.73 0.0 0.3
25 120.0 201.0 57.0 35.0 0.3 -0.75 0.11 -0.51 -0.04 0.58
26 117.0 185.0 55.0 34.0 0.19 -0.73 0.14 0.14 -0.17 0.7
27 124.0 203.0 55.0 38.0 0.13 -0.62 0.17 0.04 -0.23 0.54
28 114.0 238.0 55.0 47.0 0.13 -0.63 0.18 0.04 -0.12 0.51
29 141.0 245.0 55.0 55.0 0.1 -0.63 0.15 -0.45 -0.08 0.28
30 138.0 267.0 56.0 69.0 0.15 -0.7 0.09 -1.0 -3.62 0.61
31 138.0 251.0 55.0 74.0 0.08 -0.66 -0.12 -2.09 1.75 -0.24
32 162.0 227.0 56.0 82.0 0.28 -0.78 0.03 -0.62 0.0 0.06
33 158.0 321.0 61.0 113.0 0.28 -1.0 0.04 -0.09 0.11 0.13
34 177.0 344.0 65.0 142.0 0.33 -1.14 0.07 -0.28 0.03 0.09
35 177.0 351.0 65.0 164.0 0.42 -1.31 0.14 -0.1 -0.12 0.31
36 174.0 448.0 65.0 164.0 0.57 -1.52 0.19 0.06 0.0 0.36
37 162.0 471.0 67.0 188.0 0.8 -1.4 0.19 0.04 0.08 0.15
38 174.0 478.0 67.0 191.0 0.97 -1.21 0.22 0.11 -0.02 0.62
39 183.0 482.0 71.0 221.0 1.01 -0.95 0.36 -0.73 0.52 2.39
40 174.0 579.0 76.0 238.0 1.15 -0.51 0.25 -0.65 -0.75 2.24
41 168.0 596.0 75.0 255.0 1.67 -0.98 0.13 -0.38 -0.01 2.24
42 160.0 615.0 76.0 258.0 1.92 -1.24 0.1 -0.21 0.32 1.87
43 165.0 680.0 88.0 268.0 1.92 -1.19 0.13 -0.16 0.33 1.78
44 171.0 646.0 95.0 256.0 1.95 -1.08 0.15 -0.08 0.4 1.16
45 159.0 606.0 91.0 268.0 1.86 -0.85 0.16 -0.3 0.49 1.33
46 148.0 671.0 84.0 254.0 1.75 -0.73 0.18 -0.53 0.42 1.53
47 145.0 690.0 83.0 242.0 1.67 -0.88 0.03 0.03 0.5 0.28
48 137.0 672.0 78.0 235.0 1.38 -0.53 -0.04 0.31 0.64 -0.75
49 132.0 644.0 74.0 235.0 1.23 -0.36 -0.08 0.22 0.31 -1.03
50 122.0 636.0 71.0 220.0 1.28 -0.28 -0.22 0.52 0.19 -0.97
51 134.0 665.0 69.0 213.0 1.27 -0.35 -0.31 0.71 0.09 -1.06
52 159.0 686.0 71.0 186.0 1.28 -0.35 -0.31 0.42 0.0 -1.26
53 157.0 676.0 70.0 180.0 1.33 -0.33 -0.3 0.44 -0.16 -1.28
54 159.0 637.0 72.0 163.0 1.29 -0.28 -0.22 0.07 -0.24 -1.37
55 158.0 639.0 71.0 156.0 1.28 -0.3 -0.2 -0.15 -0.28 -1.39
56 156.0 601.0 72.0 140.0 1.21 -0.41 -0.15 -0.22 -0.3 -1.46
57 137.0 613.0 75.0 128.0 1.14 -0.43 -0.11 -0.18 -0.41 -1.12
58 127.0 665.0 78.0 119.0 1.08 -0.42 -0.09 -0.26 -0.41 -0.87
59 164.0 671.0 83.0 116.0 0.95 -0.38 -0.06 -0.33 -0.41 -0.95
60 172.0 632.0 82.0 112.0 0.87 -0.32 -0.02 -0.45 -0.35 -1.17
61 185.0 686.0 83.0 101.0 0.85 -0.32 -0.01 -0.36 -0.38 -1.29
62 186.0 707.0 86.0 92.0 0.82 -0.3 0.03 -0.47 -0.27 -0.91
63 300.0 886.0 89.0 89.0 0.72 -0.31 0.08 -0.55 -0.24 -0.79
64 275.0 810.0 86.0 78.0 0.68 -0.29 0.11 -0.56 -0.14 -0.83
65 288.0 789.0 85.0 68.0 0.55 -0.3 0.15 -0.43 -0.05 -1.1
66 243.0 778.0 82.0 65.0 0.44 -0.26 0.18 -0.22 0.05 -0.8
67 211.0 790.0 84.0 56.0 0.4 -0.24 0.17 -0.13 0.21 -0.77
68 287.0 736.0 82.0 52.0 0.33 -0.17 0.15 -0.05 0.19 -0.62
69 295.0 678.0 80.0 48.0 0.29 -0.09 0.12 0.06 0.2 -0.46
70 273.0 749.0 83.0 46.0 0.28 -0.06 0.09 0.08 0.21 -0.36
71 235.0 676.0 81.0 42.0 0.25 -0.06 0.05 0.14 0.3 -0.23
72 217.0 684.0 80.0 39.0 0.24 -0.06 0.03 0.02 0.44 -0.44
73 185.0 705.0 78.0 41.0 0.19 -0.06 0.01 0.08 0.43 -0.46
74 164.0 652.0 75.0 42.0 0.16 -0.04 0.0 0.04 0.43 -0.47
75 262.0 665.0 73.0 41.0 0.14 -0.03 -0.0 0.11 0.35 -0.48
76 229.0 721.0 74.0 42.0 0.1 0.0 -0.01 0.04 0.33 -0.52
77 221.0 679.0 73.0 43.0 0.07 0.01 -0.01 0.2 0.32 -0.46
78 220.0 699.0 74.0 44.0 0.06 0.01 -0.01 0.26 0.23 -0.51
79 195.0 676.0 72.0 47.0 0.03 0.01 -0.02 0.17 0.22 -0.43
80 264.0 639.0 73.0 52.0 0.01 -0.02 -0.04 0.2 0.14 -0.36
81 257.0 644.0 77.0 68.0 -0.01 -0.03 -0.05 0.07 0.09 -0.33
82 214.0 622.0 78.0 68.0 -0.03 0.0 -0.06 0.1 0.06 -0.37
83 199.0 593.0 77.0 65.0 -0.05 0.02 -0.06 -0.02 0.01 -0.38
84 166.0 550.0 72.0 75.0 -0.06 0.02 -0.06 -0.17 -0.05 -0.22
85 174.0 527.0 73.0 80.0 -0.06 0.0 -0.05 -0.13 -0.06 -0.21
86 173.0 495.0 72.0 82.0 -0.07 0.03 -0.06 -0.18 -0.05 -0.19
87 197.0 498.0 69.0 84.0 -0.08 0.04 -0.06 -0.26 -0.11 -0.23
88 223.0 488.0 68.0 90.0 -0.09 0.06 -0.06 -0.28 -0.12 -0.24
89 194.0 468.0 72.0 93.0 -0.08 0.05 -0.05 -0.2 -0.18 -0.25
90 190.0 519.0 72.0 106.0 -0.07 0.06 -0.05 -0.37 -0.12 -0.38
91 157.0 473.0 71.0 111.0 -0.05 0.03 -0.03 -0.35 -0.14 -0.41
92 140.0 500.0 75.0 122.0 -0.03 0.01 -0.02 -0.26 -0.05 -0.26
93 183.0 502.0 76.0 117.0 -0.03 0.01 -0.01 -0.28 -0.02 -0.23
94 235.0 487.0 73.0 135.0 -0.06 0.02 -0.0 -0.29 -0.05 -0.18
95 247.0 491.0 73.0 144.0 -0.06 0.0 0.01 -0.19 0.01 -0.24
96 228.0 537.0 75.0 159.0 -0.07 0.0 0.02 -0.17 0.07 -0.22
97 208.0 488.0 77.0 170.0 -0.07 -0.01 0.02 -0.1 0.13 -0.26
98 248.0 472.0 75.0 171.0 -0.08 -0.02 0.01 -0.12 0.17 -0.41
99 242.0 478.0 77.0 182.0 -0.09 -0.02 0.01 -0.08 0.08 -0.11
100 211.0 472.0 79.0 201.0 -0.1 -0.02 0.01 -0.06 0.1 -0.15
101 182.0 475.0 82.0 199.0 -0.1 -0.01 -0.01 0.06 0.07 -0.26
102 167.0 459.0 83.0 211.0 -0.1 0.0 -0.01 0.03 0.09 -0.13
103 175.0 461.0 82.0 218.0 -0.1 0.02 -0.04 0.01 0.09 -0.11
104 224.0 475.0 82.0 221.0 -0.1 0.02 -0.05 -0.03 0.11 -0.1
105 200.0 449.0 84.0 223.0 -0.1 0.02 -0.06 -0.09 0.15 -0.12
106 216.0 469.0 85.0 229.0 -0.1 0.01 -0.04 -0.1 0.1 -0.03
107 199.0 494.0 84.0 234.0 -0.09 0.0 -0.03 -0.11 0.04 0.04
108 170.0 475.0 83.0 244.0 -0.08 0.0 -0.03 -0.14 0.03 0.06
109 205.0 458.0 83.0 250.0 -0.06 0.01 -0.03 -0.09 0.04 0.06
110 218.0 491.0 83.0 253.0 -0.05 0.02 -0.03 -0.18 0.03 0.07
111 182.0 468.0 81.0 260.0 -0.04 0.03 -0.02 -0.18 0.06 -0.08
112 156.0 502.0 84.0 271.0 -0.04 0.01 -0.02 -0.15 0.05 -0.12
113 166.0 521.0 84.0 276.0 -0.03 -0.0 -0.01 -0.13 0.05 -0.1
114 141.0 498.0 84.0 274.0 -0.03 -0.01 -0.01 -0.15 0.06 -0.1
115 228.0 476.0 86.0 289.0 -0.02 -0.02 -0.01 -0.11 0.07 -0.12
116 200.0 451.0 85.0 295.0 -0.03 -0.02 -0.01 -0.19 0.06 -0.12
117 183.0 427.0 87.0 298.0 -0.03 -0.01 -0.01 -0.15 0.1 -0.21
118 153.0 426.0 87.0 306.0 -0.03 -0.01 -0.01 -0.16 0.09 -0.2
119 135.0 423.0 87.0 308.0 -0.03 0.02 -0.02 -0.15 0.05 -0.15
120 135.0 406.0 90.0 321.0 -0.03 0.03 -0.02 -0.11 0.08 -0.16
121 195.0 386.0 90.0 323.0 -0.02 0.04 -0.03 -0.08 0.11 -0.19
122 181.0 386.0 90.0 327.0 -0.03 0.06 -0.03 -0.07 0.12 -0.25
123 162.0 405.0 90.0 333.0 -0.04 0.07 -0.04 -0.1 0.08 -0.28
124 135.0 383.0 96.0 344.0 -0.07 0.11 -0.06 -0.06 0.06 -0.46
125 130.0 355.0 94.0 343.0 -0.09 0.15 -0.06 -0.08 0.03 -0.7
126 107.0 321.0 93.0 338.0 -0.11 0.15 -0.06 -0.09 -0.02 -0.65
127 119.0 359.0 94.0 345.0 -0.14 0.17 -0.05 -0.28 -0.1 -0.56
128 109.0 333.0 94.0 348.0 -0.18 0.18 -0.02 -0.23 -0.09 -0.53
129 107.0 314.0 94.0 351.0 -0.21 0.2 0.01 -0.4 -0.15 -0.51
130 128.0 289.0 99.0 364.0 -0.29 0.2 0.05 -0.25 -0.18 -0.44
131 122.0 287.0 96.0 370.0 -0.36 0.21 0.09 -0.04 -0.14 -0.48
132 136.0 287.0 94.0 361.0 -0.41 0.25 0.13 0.04 -0.19 -0.41
133 127.0 294.0 92.0 364.0 -0.49 0.28 0.2 -0.12 -0.03 -0.38
134 111.0 325.0 95.0 369.0 -0.52 0.27 0.24 -0.1 0.03 -0.55
135 108.0 312.0 91.0 366.0 -0.51 0.24 0.23 0.32 -0.05 -0.45
136 130.0 298.0 86.0 359.0 -0.44 0.21 0.21 0.06 0.06 -0.44
137 134.0 280.0 86.0 361.0 -0.48 0.18 0.19 -0.01 0.03 -0.17
138 184.0 270.0 85.0 361.0 -0.5 0.17 0.2 0.03 0.0 0.42
139 150.0 254.0 83.0 357.0 -0.52 0.18 0.18 -0.01 0.07 0.5
140 134.0 242.0 83.0 363.0 -0.5 0.25 0.19 -0.02 0.25 0.09
141 124.0 231.0 79.0 352.0 -0.51 0.31 0.21 -0.28 0.21 -0.09
142 126.0 246.0 78.0 361.0 -0.57 0.37 0.21 -0.44 0.3 -0.11
143 116.0 253.0 77.0 369.0 -0.71 0.35 0.24 -0.96 0.27 -0.75
144 96.0 256.0 74.0 370.0 -0.77 0.36 0.26 -1.3 0.13 -1.48
145 109.0 246.0 75.0 371.0 -0.74 0.39 0.3 -0.94 0.03 -1.96
146 118.0 228.0 73.0 374.0 -0.79 0.34 0.33 -0.76 -0.05 -2.02
147 102.0 208.0 72.0 370.0 -0.88 0.32 0.37 -0.17 0.0 -1.18
148 92.0 208.0 69.0 363.0 -1.09 0.38 0.44 -0.18 -0.02 -0.78
149 80.0 204.0 70.0 368.0 -1.24 0.38 0.39 -0.13 0.09 -0.26
150 112.0 189.0 69.0 374.0 -1.24 0.52 0.34 0.02 0.28 -0.6
151 104.0 168.0 67.0 378.0 -1.32 0.89 0.24 -0.02 0.29 -0.86
152 139.0 163.0 64.0 365.0 -1.75 0.82 0.13 -0.75 0.21 -0.85
153 111.0 146.0 63.0 360.0 -1.87 0.64 0.04 0.28 0.26 -0.75
154 104.0 132.0 61.0 353.0 -1.98 0.48 -0.06 0.83 0.19 -0.97
155 107.0 123.0 58.0 353.0 -1.98 0.62 -0.08 0.83 0.22 -1.08
156 139.0 112.0 57.0 356.0 -1.96 0.72 -0.08 0.79 0.24 -1.18
157 144.0 106.0 57.0 362.0 -1.89 1.02 -0.1 0.71 0.2 -1.26
158 139.0 103.0 55.0 361.0 -1.91 1.18 -0.16 0.1 0.09 -0.73
159 123.0 101.0 54.0 358.0 -1.89 1.08 -0.22 -0.15 -0.46 -0.18
160 106.0 97.0 54.0 344.0 -1.82 0.68 -0.35 0.05 -0.38 -0.06
161 151.0 99.0 53.0 340.0 -1.72 0.55 -0.38 0.81 -0.37 -0.17
162 171.0 106.0 54.0 342.0 -1.68 0.62 -0.37 0.77 -0.35 -0.17
163 176.0 106.0 57.0 316.0 -1.65 0.71 -0.39 0.96 -0.29 -1.61
164 149.0 111.0 67.0 296.0 -1.2 1.79 0.06 -1.31 -3.72 5.62
165 181.0 121.0 74.0 274.0 -0.34 1.63 0.07 -3.82 -2.78 7.85
166 233.0 129.0 80.0 259.0 0.55 0.1 -0.48 -0.65 -0.17 4.63
167 218.0 136.0 73.0 243.0 0.13 0.24 -0.17 -2.05 -0.15 2.42
168 229.0 143.0 69.0 228.0 0.02 0.44 -0.05 -1.71 -0.23 1.26
