1 41.0 78.0 60.0 24.0 0.03 -0.0 0.0 -0.04 0.17 0.02
2 52.0 77.0 59.0 24.0 0.02 -0.02 0.01 -0.01 0.18 0.0
3 44.0 74.0 59.0 24.0 0.01 -0.03 0.01 0.1 0.18 -0.01
4 45.0 75.0 67.0 24.0 0.01 0.0 0.0 -0.05 0.12 0.0
5 40.0 73.0 65.0 23.0 0.01 0.0 0.0 -0.04 0.12 -0.01
6 35.0 71.0 63.0 24.0 0.01 0.0 -0.01 -0.16 0.12 -0.08
7 32.0 71.0 65.0 24.0 0.02 0.0 -0.01 -0.12 0.17 -0.02
8 28.0 71.0 66.0 24.0 0.02 -0.01 -0.02 -0.13 0.12 -0.02
9 26.0 71.0 67.0 24.0 0.03 -0.01 -0.02 -0.14 0.11 -0.04
10 27.0 71.0 74.0 24.0 0.03 -0.03 -0.03 -0.19 0.11 -0.02
11 29.0 72.0 72.0 24.0 0.03 -0.04 -0.03 -0.08 0.15 0.0
12 26.0 72.0 69.0 24.0 0.03 -0.05 -0.03 0.04 0.14 -0.02
13 30.0 73.0 69.0 23.0 0.03 -0.04 -0.02 0.1 0.12 -0.01
14 31.0 73.0 69.0 23.0 0.03 -0.02 -0.02 0.14 0.12 -0.02
15 31.0 73.0 66.0 22.0 0.01 -0.01 -0.01 0.11 0.14 0.0
16 28.0 73.0 62.0 23.0 0.0 0.0 -0.0 0.04 0.1 -0.01
17 48.0 87.0 58.0 23.0 -0.0 -0.02 0.01 -0.06 0.11 0.02
18 59.0 110.0 57.0 36.0 -0.01 -0.01 0.01 0.13 0.07 -0.02
19 58.0 134.0 56.0 33.0 0.0 0.02 0.0 0.21 0.1 -0.01
20 65.0 170.0 57.0 64.0 0.04 0.03 0.0 0.09 0.11 0.0
21 62.0 205.0 62.0 149.0 0.15 0.06 -0.01 0.29 0.19 0.09
22 94.0 232.0 60.0 129.0 0.26 0.1 -0.01 0.69 0.18 0.1
23 94.0 290.0 60.0 111.0 0.3 0.07 -0.02 0.62 0.15 0.0
24 96.0 274.0 59.0 136.0 0.27 -0.01 -0.03 -0.17 0.13 0.09
25 101.0 290.0 59.0 177.0 0.22 -0.33 -0.01 -0.1 0.26 0.18
26 98.0 266.0 59.0 173.0 0.13 -0.28 -0.04 -0.06 0.39 0.47
27 95.0 251.0 62.0 139.0 -0.08 0.18 -0.03 0.14 0.22 0.25
28 88.0 278.0 62.0 115.0 -0.08 0.4 -0.01 -0.26 0.34 0.94
29 89.0 277.0 62.0 96.0 -0.09 0.46 0.01 -1.23 0.3 0.99
30 89.0 254.0 60.0 81.0 0.09 -0.04 -0.01 -0.92 0.04 2.53
31 82.0 249.0 60.0 69.0 0.42 -0.35 -0.13 2.97 1.55 3.58
32 81.0 253.0 61.0 60.0 0.99 -1.0 -0.27 -0.06 0.23 2.55
33 76.0 263.0 58.0 56.0 0.98 -0.95 -0.18 0.08 0.84 1.78
34 84.0 244.0 61.0 50.0 1.16 -0.77 -0.19 0.04 0.7 2.37
35 78.0 225.0 59.0 45.0 1.26 -0.7 -0.18 -0.21 0.45 2.42
36 72.0 213.0 58.0 40.0 1.46 -0.71 -0.15 -0.27 0.67 2.15
37 77.0 242.0 59.0 37.0 1.65 -0.79 -0.14 -0.2 0.74 1.55
38 82.0 268.0 61.0 34.0 1.69 -0.82 -0.12 -0.18 0.72 1.26
39 72.0 252.0 58.0 32.0 1.66 -0.77 -0.07 -0.01 0.44 0.49
40 69.0 311.0 62.0 31.0 1.68 -0.83 -0.04 -0.11 0.16 0.16
41 65.0 292.0 64.0 30.0 1.69 -0.88 -0.05 -0.02 0.23 0.09
42 97.0 275.0 64.0 28.0 1.67 -0.75 -0.02 -0.01 0.05 -0.09
43 95.0 254.0 74.0 27.0 1.65 -0.74 -0.03 0.13 0.12 -0.02
44 102.0 292.0 87.0 30.0 1.6 -0.63 -0.06 -0.21 -0.02 -0.23
45 111.0 292.0 84.0 29.0 1.45 -0.5 -0.07 -0.23 -0.2 -0.4
46 116.0 270.0 90.0 31.0 1.4 -0.45 -0.08 -0.17 -0.43 -0.92
47 104.0 301.0 87.0 34.0 1.38 -0.45 -0.09 -0.22 -0.45 -1.22
48 113.0 312.0 86.0 50.0 1.26 -0.41 -0.11 -0.22 -0.47 -1.26
49 148.0 346.0 87.0 56.0 1.18 -0.28 -0.11 -0.64 -0.6 -1.59
50 152.0 317.0 102.0 57.0 1.17 -0.22 -0.12 -0.34 -0.75 -2.08
51 160.0 313.0 115.0 61.0 1.14 -0.06 -0.14 -0.33 -0.47 -1.86
52 143.0 298.0 113.0 54.0 0.95 0.17 -0.15 -0.37 -0.77 -0.55
53 129.0 312.0 103.0 49.0 0.82 0.2 -0.15 -0.48 -0.65 -0.77
54 129.0 308.0 102.0 44.0 0.62 0.11 -0.18 -0.32 -0.55 -1.56
55 128.0 277.0 117.0 47.0 0.39 0.1 -0.16 -0.21 -0.71 -1.41
56 140.0 265.0 104.0 41.0 0.3 0.12 -0.16 -0.26 -0.71 -1.19
57 131.0 304.0 101.0 40.0 0.16 0.04 -0.2 -0.09 -0.71 -1.14
58 112.0 271.0 95.0 37.0 0.04 0.1 -0.25 0.22 -0.71 -1.66
59 119.0 264.0 93.0 34.0 0.04 0.15 -0.27 0.27 -0.61 -1.63
60 100.0 256.0 100.0 33.0 -0.01 0.21 -0.27 0.0 -0.63 -0.73
61 100.0 250.0 99.0 32.0 -0.09 0.16 -0.28 -0.22 -0.47 -0.72
62 101.0 317.0 92.0 49.0 -0.13 0.15 -0.3 -0.2 -0.4 -0.81
63 118.0 310.0 89.0 43.0 -0.22 0.19 -0.27 -0.25 -0.35 -0.8
64 127.0 292.0 94.0 39.0 -0.29 0.21 -0.22 -0.12 -0.35 -0.9
65 116.0 303.0 93.0 35.0 -0.3 0.16 -0.19 -0.08 -0.33 -0.7
66 104.0 323.0 94.0 34.0 -0.29 0.13 -0.15 -0.16 -0.25 -0.24
67 95.0 312.0 96.0 33.0 -0.29 0.12 -0.15 -0.28 -0.15 -0.03
68 103.0 305.0 103.0 35.0 -0.28 0.07 -0.15 -0.05 -0.04 -0.28
69 99.0 293.0 100.0 33.0 -0.22 0.05 -0.15 0.05 0.08 -0.3
70 106.0 279.0 100.0 35.0 -0.21 0.14 -0.1 -0.31 -0.07 0.08
71 104.0 261.0 100.0 32.0 -0.19 0.13 -0.1 -0.19 -0.03 0.17
72 89.0 260.0 95.0 31.0 -0.14 0.1 -0.08 -0.24 0.16 0.32
73 91.0 266.0 99.0 29.0 -0.11 0.06 -0.06 -0.31 0.25 0.27
74 111.0 249.0 91.0 28.0 -0.1 0.05 -0.06 -0.29 0.32 0.19
75 112.0 236.0 89.0 27.0 -0.1 0.05 -0.04 -0.21 0.26 0.2
76 126.0 252.0 95.0 28.0 -0.09 0.03 -0.03 -0.16 0.24 0.16
77 107.0 242.0 99.0 33.0 -0.08 0.04 -0.04 -0.11 0.29 0.21
78 102.0 259.0 103.0 33.0 -0.07 0.07 -0.04 0.06 0.31 0.04
79 105.0 268.0 100.0 34.0 -0.07 0.07 -0.04 -0.05 0.13 0.13
80 95.0 280.0 94.0 34.0 -0.06 0.07 -0.05 0.01 0.21 -0.24
81 87.0 264.0 95.0 33.0 -0.04 0.03 -0.03 -0.13 0.13 0.01
82 71.0 250.0 94.0 34.0 -0.03 0.0 -0.03 -0.09 0.16 -0.04
83 121.0 269.0 91.0 37.0 -0.02 -0.05 -0.02 -0.1 0.1 0.0
84 109.0 333.0 87.0 43.0 0.0 -0.05 -0.03 -0.1 0.05 -0.07
85 123.0 333.0 100.0 51.0 0.01 -0.05 -0.03 -0.14 -0.02 -0.15
86 105.0 324.0 100.0 46.0 0.05 -0.01 -0.03 -0.11 0.02 -0.1
87 133.0 321.0 102.0 43.0 0.09 0.02 -0.02 -0.18 0.0 0.03
88 116.0 323.0 96.0 39.0 0.1 0.01 -0.02 -0.3 0.05 0.06
89 98.0 299.0 98.0 38.0 0.07 -0.01 -0.0 -0.29 0.16 -0.13
90 99.0 289.0 98.0 35.0 0.05 -0.05 0.01 -0.2 0.15 0.01
91 101.0 292.0 89.0 32.0 0.01 -0.05 0.01 -0.12 0.05 -0.33
92 102.0 276.0 92.0 32.0 -0.0 -0.06 0.02 0.02 0.07 -0.44
93 102.0 307.0 95.0 33.0 0.01 -0.03 0.02 0.06 -0.06 -0.19
94 93.0 304.0 102.0 33.0 0.02 -0.03 0.02 0.01 -0.02 -0.09
95 99.0 290.0 99.0 31.0 0.03 -0.02 -0.0 -0.02 -0.06 0.1
96 92.0 266.0 93.0 30.0 0.01 -0.0 -0.02 -0.13 0.1 0.02
97 101.0 270.0 106.0 31.0 -0.01 -0.01 -0.03 -0.18 0.03 0.02
98 108.0 281.0 111.0 29.0 -0.05 0.01 -0.03 -0.15 0.08 -0.44
99 94.0 274.0 106.0 28.0 -0.05 0.01 -0.03 -0.11 0.03 -0.38
100 90.0 305.0 102.0 30.0 -0.04 0.02 -0.02 -0.23 0.02 -0.18
101 82.0 277.0 95.0 28.0 -0.03 -0.02 0.0 -0.22 0.05 -0.11
102 89.0 291.0 97.0 28.0 -0.05 -0.03 0.01 -0.22 0.01 -0.23
103 85.0 275.0 92.0 27.0 -0.06 -0.03 0.02 -0.24 0.05 -0.08
104 90.0 277.0 89.0 27.0 -0.1 -0.03 0.02 -0.18 0.06 -0.2
105 85.0 284.0 83.0 28.0 -0.14 -0.05 0.03 -0.13 -0.02 -0.17
106 91.0 253.0 76.0 27.0 -0.15 -0.06 0.03 -0.11 -0.05 -0.25
107 84.0 238.0 72.0 26.0 -0.2 -0.08 0.04 -0.13 -0.09 -0.29
108 83.0 287.0 68.0 26.0 -0.28 -0.08 0.06 -0.18 -0.18 -0.48
109 84.0 286.0 67.0 26.0 -0.32 -0.07 0.08 -0.2 -0.23 -0.84
110 72.0 299.0 66.0 26.0 -0.34 -0.04 0.11 -0.07 -0.17 -0.88
111 62.0 275.0 65.0 24.0 -0.45 -0.03 0.16 -0.01 -0.48 -0.84
112 57.0 313.0 75.0 25.0 -0.49 -0.03 0.19 -0.25 -0.66 -1.06
113 50.0 327.0 71.0 26.0 -0.6 -0.05 0.23 -0.21 -0.75 -1.05
114 44.0 320.0 72.0 25.0 -0.67 0.01 0.26 -0.47 -0.75 -1.12
115 55.0 311.0 78.0 25.0 -0.7 0.03 0.28 -0.52 -0.69 -1.15
116 48.0 338.0 76.0 24.0 -0.74 0.13 0.32 -0.52 -0.72 -1.0
117 43.0 334.0 86.0 24.0 -0.79 0.21 0.41 -0.15 -0.34 -1.55
118 42.0 322.0 79.0 24.0 -0.88 0.33 0.45 -0.29 -1.13 -1.16
119 38.0 295.0 81.0 27.0 -1.03 0.3 0.51 -0.51 -0.69 -1.31
120 34.0 302.0 79.0 27.0 -1.12 0.25 0.55 0.17 -0.38 -1.18
121 29.0 292.0 87.0 26.0 -1.21 0.29 0.59 -0.45 -0.71 -0.91
122 28.0 267.0 86.0 25.0 -1.36 0.43 0.57 -0.32 -0.74 -0.87
123 30.0 244.0 79.0 26.0 -1.42 0.2 0.55 -0.05 -0.34 -1.12
124 32.0 223.0 73.0 26.0 -1.46 0.13 0.56 0.07 -0.3 -1.11
125 32.0 196.0 68.0 27.0 -1.61 0.16 0.61 0.06 -0.24 -1.14
126 31.0 189.0 63.0 26.0 -1.69 0.27 0.6 -0.5 -0.16 -1.21
127 43.0 184.0 61.0 25.0 -1.74 0.3 0.58 -0.01 -0.4 -1.07
128 38.0 235.0 59.0 25.0 -1.74 0.22 0.54 0.22 -0.28 -1.16
129 33.0 241.0 57.0 24.0 -1.73 0.22 0.43 0.4 -0.04 -1.16
130 28.0 219.0 57.0 24.0 -1.74 0.26 0.4 0.67 0.13 -1.83
131 26.0 242.0 60.0 24.0 -1.66 0.42 0.28 0.71 0.28 -2.34
132 24.0 211.0 67.0 24.0 -1.67 0.48 0.2 0.73 0.33 -2.79
133 21.0 191.0 78.0 24.0 -1.78 0.63 0.11 -0.23 0.22 -4.59
134 21.0 184.0 82.0 24.0 -2.18 0.86 0.21 2.14 0.77 -1.53
135 72.0 181.0 88.0 28.0 2.19 3.59 -0.06 10.59 4.82 17.97
136 64.0 217.0 108.0 28.0 1.23 1.28 -0.97 2.69 1.95 -5.34
137 61.0 312.0 98.0 27.0 0.15 1.24 -0.43 -5.15 1.29 0.86
138 77.0 476.0 93.0 28.0 0.28 0.75 -0.35 -4.47 3.89 0.59
139 87.0 514.0 85.0 37.0 0.05 0.15 -0.39 -1.8 0.71 -0.26
140 71.0 425.0 79.0 35.0 -0.02 -1.19 -0.28 -0.74 0.17 -0.15
141 60.0 355.0 79.0 31.0 -0.12 -1.41 0.01 0.36 -0.39 0.55
142 50.0 299.0 93.0 29.0 -0.06 -1.26 0.05 1.95 -0.49 -0.51
143 42.0 262.0 99.0 28.0 -0.02 -0.49 0.09 1.47 -0.22 -0.6
144 36.0 233.0 92.0 27.0 -0.03 0.25 0.12 1.66 -0.64 -0.34
145 39.0 221.0 87.0 28.0 -0.04 0.7 0.07 0.28 -0.97 -0.28
146 36.0 199.0 97.0 26.0 -0.09 0.76 0.06 -0.34 -0.64 -0.09
147 36.0 182.0 102.0 26.0 -0.18 0.21 0.08 -1.72 -0.36 -0.07
148 31.0 168.0 93.0 25.0 -0.11 0.04 0.05 -1.12 0.17 -0.08
149 28.0 156.0 90.0 24.0 0.01 -0.08 -0.0 -0.75 0.25 -0.05
150 53.0 169.0 97.0 24.0 0.23 0.06 -0.03 0.28 0.54 0.07
151 44.0 172.0 93.0 24.0 0.19 0.14 -0.04 0.42 0.74 0.15
