1 16.0 101.0 54.0 24.0 -0.12 -0.05 -0.08 0.0 0.19 -0.13
2 16.0 105.0 55.0 23.0 -0.14 -0.03 -0.04 0.03 0.04 -0.07
3 16.0 106.0 54.0 24.0 -0.14 -0.04 0.01 -0.06 -0.05 -0.07
4 16.0 105.0 52.0 23.0 -0.12 -0.05 0.02 -0.14 -0.08 -0.16
5 15.0 105.0 51.0 24.0 -0.05 -0.03 0.01 -0.11 -0.03 -0.12
6 16.0 103.0 50.0 23.0 -0.0 -0.01 0.01 -0.05 0.0 -0.06
7 16.0 104.0 50.0 24.0 0.01 -0.01 0.01 -0.07 0.02 -0.04
8 19.0 103.0 51.0 26.0 0.02 -0.03 0.01 -0.04 0.07 0.02
9 19.0 106.0 50.0 25.0 0.02 -0.05 0.02 -0.1 0.12 0.0
10 18.0 105.0 50.0 25.0 0.01 -0.06 0.02 -0.17 0.09 -0.06
11 26.0 108.0 51.0 25.0 0.03 -0.05 0.01 -0.16 0.13 -0.06
12 36.0 143.0 50.0 33.0 0.05 -0.03 0.0 -0.04 0.18 0.08
13 86.0 158.0 51.0 32.0 0.04 -0.02 0.01 -0.08 0.11 0.0
14 111.0 232.0 51.0 37.0 0.03 -0.03 -0.0 -0.24 0.0 0.0
15 96.0 253.0 51.0 34.0 0.12 -0.05 -0.02 -0.21 -0.09 -0.02
16 83.0 234.0 52.0 34.0 0.22 -0.07 -0.04 -0.19 -0.09 0.02
17 94.0 254.0 52.0 33.0 0.41 -0.15 -0.05 -0.12 0.0 -0.03
18 102.0 253.0 53.0 31.0 0.44 -0.23 -0.03 0.04 0.1 0.22
19 108.0 260.0 53.0 51.0 0.42 -0.23 -0.03 0.02 0.22 0.3
20 118.0 272.0 56.0 66.0 0.26 -0.21 -0.05 0.13 0.19 0.57
21 129.0 305.0 56.0 61.0 0.06 -0.02 -0.09 0.28 0.21 0.48
22 112.0 291.0 57.0 53.0 0.04 0.2 -0.14 0.13 0.05 0.29
23 101.0 287.0 58.0 46.0 0.05 0.22 -0.12 0.36 -0.28 0.66
24 123.0 269.0 58.0 41.0 -0.05 0.38 0.02 -1.36 0.71 0.51
25 129.0 272.0 56.0 37.0 0.18 0.18 -0.04 -0.32 0.52 0.69
26 109.0 346.0 56.0 37.0 0.42 0.08 -0.02 -0.59 0.46 0.73
27 93.0 340.0 56.0 38.0 0.54 0.25 0.03 -0.16 0.49 1.27
28 103.0 339.0 57.0 36.0 0.64 0.23 0.02 -0.12 0.45 1.62
29 101.0 369.0 57.0 34.0 0.85 -0.03 -0.01 -0.03 0.44 1.74
30 118.0 365.0 57.0 31.0 1.0 -0.21 -0.03 0.05 0.46 1.58
31 101.0 356.0 57.0 29.0 1.07 -0.21 -0.03 0.04 0.49 1.43
32 88.0 329.0 56.0 29.0 1.14 -0.18 -0.06 0.14 0.57 1.3
33 76.0 321.0 56.0 32.0 1.22 -0.13 -0.09 0.07 0.54 1.07
34 85.0 318.0 57.0 31.0 1.26 -0.11 -0.1 0.24 0.48 0.69
35 81.0 305.0 56.0 30.0 1.39 -0.1 -0.13 0.36 0.42 0.47
36 70.0 312.0 56.0 28.0 1.5 -0.15 -0.18 0.35 0.37 0.13
37 60.0 297.0 58.0 28.0 1.5 -0.21 -0.2 -0.12 0.2 0.12
38 57.0 326.0 56.0 27.0 1.51 -0.27 -0.2 -0.1 0.16 0.18
39 70.0 330.0 58.0 27.0 1.52 -0.25 -0.24 -0.07 0.03 0.44
40 60.0 292.0 58.0 26.0 1.5 -0.21 -0.22 0.02 0.1 0.21
41 60.0 275.0 62.0 25.0 1.45 -0.13 -0.19 -0.35 0.04 0.09
42 61.0 248.0 72.0 26.0 1.42 -0.16 -0.15 -0.2 -0.05 0.0
43 73.0 290.0 71.0 25.0 1.43 -0.19 -0.13 -0.29 -0.03 -0.07
44 89.0 281.0 91.0 27.0 1.46 -0.24 -0.11 -0.35 -0.04 -0.03
45 84.0 286.0 93.0 26.0 1.46 -0.31 -0.09 -0.02 -0.16 -0.26
46 93.0 307.0 93.0 27.0 1.42 -0.32 -0.08 -0.36 -0.28 -0.72
47 87.0 290.0 101.0 26.0 1.41 -0.3 -0.09 -0.31 -0.43 -0.61
48 100.0 299.0 100.0 27.0 1.23 -0.27 -0.08 -0.62 -0.51 -0.02
49 114.0 323.0 94.0 26.0 1.08 -0.07 -0.05 -0.34 -0.41 -0.57
50 112.0 322.0 113.0 26.0 0.87 0.0 -0.06 -0.47 -0.51 -0.82
51 126.0 320.0 106.0 26.0 0.65 0.03 -0.09 -0.12 -0.43 -1.76
52 132.0 294.0 115.0 29.0 0.56 -0.02 -0.07 -0.01 -0.48 -1.31
53 123.0 345.0 120.0 37.0 0.55 -0.03 -0.04 -0.47 -0.53 -0.98
54 132.0 344.0 114.0 35.0 0.56 -0.07 -0.02 -0.54 -0.36 -0.67
55 151.0 366.0 111.0 35.0 0.53 -0.06 -0.04 -0.3 -0.15 -1.18
56 134.0 324.0 117.0 35.0 0.49 -0.05 -0.03 -0.26 -0.26 -0.94
57 128.0 325.0 128.0 33.0 0.41 -0.11 0.0 -0.38 -0.31 -0.45
58 131.0 314.0 129.0 32.0 0.36 -0.15 0.0 -0.33 -0.48 -0.45
59 123.0 289.0 123.0 32.0 0.27 -0.18 -0.02 -0.26 -0.45 -0.62
60 111.0 293.0 111.0 37.0 0.18 -0.05 -0.06 0.06 -0.42 -0.81
61 179.0 289.0 117.0 37.0 0.15 0.04 -0.07 0.01 -0.32 -1.14
62 173.0 275.0 118.0 34.0 0.1 0.08 -0.07 -0.35 -0.42 -0.82
63 161.0 283.0 112.0 33.0 0.07 -0.04 -0.06 -0.34 -0.31 -0.83
64 141.0 285.0 106.0 31.0 0.06 -0.08 -0.06 -0.36 -0.28 -0.71
65 131.0 276.0 100.0 44.0 -0.05 0.0 -0.04 -0.28 -0.32 -0.78
66 151.0 302.0 100.0 47.0 -0.12 0.01 -0.05 -0.03 -0.26 -0.79
67 129.0 331.0 105.0 42.0 -0.14 0.02 -0.04 -0.08 -0.16 -0.65
68 143.0 296.0 99.0 39.0 -0.15 0.03 -0.03 -0.16 -0.35 -0.3
69 129.0 318.0 92.0 36.0 -0.19 -0.02 -0.03 -0.21 -0.23 0.03
70 120.0 324.0 85.0 48.0 -0.21 -0.05 -0.04 -0.08 -0.17 -0.48
71 121.0 313.0 81.0 44.0 -0.22 -0.06 -0.04 0.03 -0.08 -0.67
72 126.0 303.0 85.0 40.0 -0.22 0.02 -0.01 0.05 -0.26 -0.47
73 130.0 308.0 87.0 38.0 -0.22 0.01 0.01 -0.22 -0.24 0.07
74 130.0 303.0 84.0 37.0 -0.19 -0.04 0.02 -0.29 -0.17 0.09
75 124.0 295.0 81.0 34.0 -0.19 -0.04 0.02 -0.17 -0.03 0.02
76 132.0 278.0 82.0 32.0 -0.19 -0.03 0.03 0.06 0.05 -0.17
77 131.0 273.0 96.0 32.0 -0.15 -0.05 0.03 0.01 0.05 -0.08
78 128.0 255.0 93.0 31.0 -0.12 -0.06 0.04 0.12 0.13 0.0
79 121.0 248.0 89.0 30.0 -0.09 -0.06 0.03 0.1 0.17 0.31
80 99.0 226.0 90.0 28.0 -0.09 -0.02 0.02 0.04 0.19 0.3
81 95.0 240.0 89.0 29.0 -0.09 -0.02 -0.01 -0.02 0.24 0.15
82 89.0 248.0 83.0 28.0 -0.09 -0.02 -0.02 0.0 0.17 0.21
83 85.0 244.0 81.0 31.0 -0.1 -0.01 -0.02 0.02 0.06 -0.15
84 76.0 239.0 83.0 30.0 -0.07 -0.07 -0.02 0.01 -0.02 0.0
85 99.0 246.0 90.0 28.0 -0.07 -0.07 -0.01 0.06 -0.03 -0.04
86 99.0 245.0 84.0 30.0 -0.07 -0.04 -0.03 -0.06 -0.01 0.06
87 96.0 288.0 86.0 38.0 -0.09 -0.02 -0.07 -0.07 0.08 0.0
88 91.0 274.0 88.0 39.0 -0.1 -0.01 -0.08 0.04 0.06 -0.63
89 81.0 258.0 93.0 36.0 -0.07 -0.01 -0.1 0.2 0.09 -0.66
90 83.0 255.0 92.0 35.0 -0.06 0.02 -0.07 -0.06 -0.04 0.02
91 87.0 281.0 91.0 33.0 -0.06 0.02 -0.07 0.0 0.0 0.08
92 93.0 280.0 90.0 32.0 -0.04 0.06 -0.07 -0.16 0.0 0.04
93 85.0 268.0 88.0 35.0 -0.03 0.1 -0.08 -0.21 0.02 -0.05
94 77.0 261.0 83.0 34.0 -0.02 0.08 -0.08 -0.29 0.1 -0.29
95 102.0 282.0 87.0 38.0 -0.03 0.06 -0.08 -0.3 0.12 -0.15
96 101.0 264.0 81.0 35.0 -0.04 0.05 -0.06 -0.26 0.23 -0.03
97 88.0 266.0 80.0 35.0 -0.06 0.04 -0.05 -0.36 0.21 0.14
98 83.0 289.0 79.0 35.0 -0.08 0.0 -0.03 -0.36 0.21 0.22
99 75.0 296.0 81.0 32.0 -0.11 -0.02 0.0 -0.24 0.16 0.13
100 77.0 274.0 80.0 31.0 -0.08 -0.03 0.01 -0.18 0.04 0.17
101 69.0 279.0 76.0 29.0 -0.05 -0.05 0.03 -0.2 0.0 0.43
102 73.0 256.0 78.0 28.0 -0.02 -0.04 0.02 -0.1 -0.04 0.27
103 111.0 254.0 74.0 28.0 -0.01 -0.02 0.01 -0.31 -0.04 0.25
104 103.0 245.0 70.0 27.0 0.03 -0.02 -0.01 -0.25 -0.05 0.26
105 96.0 258.0 70.0 26.0 0.04 -0.0 -0.03 -0.14 -0.08 0.05
106 82.0 240.0 68.0 27.0 0.04 0.01 -0.03 -0.1 -0.18 -0.2
107 80.0 226.0 66.0 28.0 0.05 0.0 -0.04 -0.04 -0.17 -0.29
108 72.0 226.0 74.0 28.0 0.02 -0.0 -0.04 -0.04 -0.23 -0.67
109 72.0 213.0 73.0 27.0 0.05 -0.01 -0.05 -0.16 -0.31 -0.67
110 68.0 212.0 72.0 26.0 -0.04 -0.01 0.0 -0.05 -0.23 -0.69
111 59.0 209.0 68.0 26.0 -0.11 -0.04 0.04 -0.03 -0.34 -0.86
112 49.0 215.0 64.0 25.0 -0.14 -0.06 0.06 0.0 -0.44 -1.01
113 41.0 198.0 62.0 25.0 -0.22 -0.07 0.1 -0.03 -0.43 -1.07
114 52.0 200.0 61.0 24.0 -0.35 -0.06 0.15 -0.13 -0.43 -1.19
115 48.0 237.0 60.0 25.0 -0.42 -0.06 0.17 -0.2 -0.53 -1.36
116 46.0 279.0 59.0 24.0 -0.57 -0.05 0.23 -0.16 -0.48 -1.4
117 41.0 272.0 57.0 24.0 -0.7 -0.03 0.28 -0.04 -0.54 -1.72
118 38.0 255.0 59.0 25.0 -0.77 -0.0 0.3 -0.01 -0.59 -1.95
119 47.0 239.0 62.0 25.0 -0.89 0.11 0.34 0.15 -0.64 -1.94
120 51.0 252.0 65.0 25.0 -1.04 0.27 0.41 0.34 -0.42 -1.84
121 55.0 259.0 63.0 24.0 -1.13 0.38 0.42 0.01 -0.25 -2.29
122 52.0 235.0 60.0 24.0 -1.37 0.6 0.48 -0.93 -0.37 -2.23
123 52.0 211.0 58.0 24.0 -1.61 0.76 0.48 -1.05 -0.29 -2.26
124 53.0 190.0 58.0 24.0 -1.73 0.75 0.47 -0.37 -0.6 -1.1
125 62.0 172.0 55.0 24.0 -1.92 0.6 0.38 -0.26 -0.55 -0.61
126 64.0 157.0 53.0 24.0 -1.91 0.26 0.27 -0.59 -0.5 -0.02
127 70.0 147.0 53.0 28.0 -1.92 0.07 0.24 -0.06 -0.29 0.06
128 64.0 135.0 52.0 34.0 -1.98 -0.13 0.13 -1.1 -0.05 -0.09
129 59.0 125.0 53.0 36.0 -2.14 -0.01 0.25 -0.36 -0.31 0.46
130 51.0 116.0 53.0 33.0 -2.18 0.22 0.23 -0.76 -0.13 0.42
131 46.0 108.0 52.0 31.0 -2.25 0.48 0.16 -0.85 -0.39 0.2
132 44.0 102.0 52.0 29.0 -2.06 0.17 0.17 -0.83 -0.22 0.05
133 38.0 94.0 50.0 29.0 -1.94 0.02 0.15 -0.72 -0.39 -0.29
134 45.0 91.0 48.0 27.0 -1.76 -0.16 0.24 -0.63 -0.33 -0.42
135 74.0 149.0 48.0 26.0 -1.61 -0.12 0.32 -0.26 0.0 -0.73
136 64.0 159.0 48.0 25.0 -1.6 -0.05 0.35 0.38 0.26 -1.81
137 53.0 150.0 55.0 25.0 -1.48 0.04 0.46 -4.44 -2.88 6.71
138 45.0 137.0 61.0 26.0 1.64 -0.01 -0.61 12.84 3.55 0.87
139 44.0 122.0 77.0 25.0 1.64 -0.01 -0.61 -1.35 -0.4 -2.86
140 46.0 120.0 70.0 25.0 0.87 0.58 -0.31 -1.0 1.08 -0.28
141 42.0 121.0 65.0 25.0 0.29 1.12 -0.2 -0.61 1.46 1.36
142 36.0 121.0 62.0 24.0 0.29 1.12 -0.2 0.35 0.84 0.03
143 62.0 118.0 58.0 23.0 -0.2 0.98 -0.22 -0.17 -0.28 0.07
144 54.0 115.0 57.0 24.0 -0.07 0.84 -0.03 -0.84 -0.34 0.0
145 45.0 114.0 58.0 24.0 -0.07 0.84 -0.03 -1.2 -0.39 -0.28
146 39.0 113.0 62.0 23.0 0.11 0.4 -0.09 -1.09 -0.31 -0.2
147 34.0 111.0 61.0 23.0 0.24 0.22 -0.04 -0.41 -0.36 -0.11
148 42.0 110.0 57.0 23.0 0.24 0.22 -0.04 0.08 -0.04 -0.02
149 40.0 109.0 55.0 23.0 0.31 0.15 0.02 0.05 0.0 0.01
150 35.0 106.0 54.0 23.0 0.24 0.13 0.01 0.08 0.03 -0.04
151 30.0 105.0 53.0 23.0 0.24 0.13 0.01 -0.09 0.16 -0.07
152 29.0 105.0 58.0 24.0 0.21 0.21 -0.04 -0.36 0.22 0.08
153 25.0 104.0 60.0 23.0 0.22 0.19 -0.07 -0.42 0.31 0.01
154 24.0 104.0 57.0 23.0 0.19 0.15 -0.07 -0.34 0.27 0.03
155 23.0 105.0 56.0 24.0 0.11 0.04 -0.06 -0.34 0.23 0.03
156 21.0 104.0 56.0 23.0 0.08 -0.04 -0.06 -0.24 0.07 0.0
157 31.0 104.0 55.0 23.0 0.09 -0.04 -0.07 -0.16 0.06 -0.02
