1 17.0 122.0 81.0 24.0 0.03 -0.01 -0.0 -0.1 0.08 -0.01
2 17.0 115.0 75.0 23.0 0.03 -0.01 -0.0 -0.12 0.06 -0.03
3 16.0 112.0 78.0 24.0 -0.0 -0.03 0.0 -0.2 0.06 -0.01
4 16.0 111.0 81.0 23.0 -0.03 -0.06 0.0 -0.24 0.05 -0.04
5 17.0 109.0 82.0 24.0 -0.04 -0.08 0.0 -0.2 0.05 -0.04
6 17.0 109.0 74.0 24.0 -0.02 -0.06 0.0 -0.07 0.05 -0.04
7 16.0 107.0 74.0 26.0 -0.01 -0.01 -0.0 -0.04 0.06 -0.03
8 16.0 104.0 70.0 25.0 -0.01 0.02 0.0 -0.07 0.06 -0.02
9 16.0 100.0 66.0 25.0 -0.01 0.04 0.0 -0.16 0.08 -0.01
10 16.0 100.0 63.0 24.0 -0.03 0.0 0.0 -0.21 0.07 -0.02
11 15.0 98.0 64.0 24.0 -0.04 -0.06 0.0 -0.22 0.07 -0.06
12 16.0 95.0 60.0 24.0 -0.04 -0.07 0.0 -0.14 0.06 0.0
13 16.0 91.0 62.0 24.0 -0.03 -0.05 -0.0 -0.11 0.04 -0.02
14 21.0 109.0 60.0 24.0 -0.02 -0.03 0.0 -0.08 0.07 -0.03
15 33.0 120.0 58.0 27.0 -0.03 -0.06 0.0 -0.07 0.04 0.0
16 53.0 131.0 58.0 30.0 -0.07 -0.11 0.02 -0.04 0.06 0.01
17 103.0 168.0 57.0 40.0 -0.13 -0.17 0.03 0.01 0.15 0.03
18 112.0 220.0 57.0 37.0 -0.16 -0.18 0.03 0.1 0.14 -0.01
19 97.0 215.0 56.0 34.0 -0.16 -0.13 0.01 -0.03 0.03 -0.09
20 85.0 225.0 54.0 33.0 -0.09 -0.17 0.0 0.2 0.03 -0.02
21 91.0 233.0 53.0 53.0 -0.09 -0.2 0.0 -0.01 0.04 0.15
22 95.0 251.0 53.0 47.0 -0.08 -0.24 0.0 -0.25 0.07 0.19
23 100.0 247.0 52.0 45.0 -0.01 -0.24 -0.01 -0.53 0.06 0.2
24 111.0 237.0 52.0 40.0 0.06 -0.26 -0.03 -0.56 -0.04 0.0
25 114.0 234.0 51.0 37.0 0.17 -0.29 -0.05 -0.6 -0.1 0.11
26 98.0 256.0 51.0 35.0 0.2 -0.33 -0.06 -0.17 -0.27 0.1
27 87.0 258.0 54.0 34.0 0.2 -0.38 -0.06 -0.11 -0.12 0.31
28 89.0 322.0 54.0 33.0 0.35 -0.21 -0.07 -0.31 -0.2 0.02
29 83.0 290.0 54.0 38.0 0.47 -0.43 -0.07 -0.72 -0.08 1.18
30 87.0 271.0 53.0 37.0 0.55 -0.54 -0.1 -2.61 -0.95 1.6
31 81.0 346.0 53.0 32.0 1.05 -1.04 -0.26 0.63 -0.33 2.02
32 86.0 295.0 53.0 31.0 1.14 -0.8 -0.16 0.51 0.88 2.09
33 87.0 253.0 53.0 31.0 1.19 -0.6 -0.15 0.16 0.76 2.31
34 82.0 242.0 53.0 28.0 1.27 -0.37 -0.14 0.07 0.74 2.24
35 75.0 231.0 53.0 28.0 1.33 -0.23 -0.14 -0.16 0.77 1.92
36 81.0 209.0 54.0 28.0 1.38 -0.23 -0.15 0.23 0.72 1.41
37 74.0 185.0 56.0 26.0 1.48 -0.36 -0.19 0.19 0.71 1.28
38 74.0 189.0 59.0 26.0 1.5 -0.49 -0.19 0.24 0.61 0.93
39 76.0 182.0 61.0 26.0 1.49 -0.5 -0.19 0.04 0.56 0.8
40 76.0 216.0 62.0 25.0 1.43 -0.4 -0.15 -0.16 0.61 0.56
41 78.0 201.0 68.0 25.0 1.35 -0.39 -0.14 -0.24 0.25 0.24
42 82.0 185.0 76.0 24.0 1.35 -0.44 -0.16 -0.46 0.17 -0.24
43 90.0 185.0 79.0 24.0 1.29 -0.47 -0.13 -0.37 0.3 -0.42
44 94.0 202.0 82.0 23.0 1.24 -0.36 -0.09 -0.18 0.13 -0.45
45 101.0 191.0 88.0 24.0 1.23 -0.28 -0.12 -0.3 -0.13 -0.53
46 96.0 193.0 95.0 24.0 1.15 -0.21 -0.11 -0.21 -0.32 -0.64
47 93.0 276.0 94.0 30.0 1.04 -0.21 -0.12 -0.3 -0.22 -0.73
48 96.0 324.0 93.0 38.0 0.96 -0.19 -0.14 -0.31 -0.55 -0.69
49 115.0 319.0 106.0 41.0 0.87 -0.07 -0.17 -0.75 -0.4 -1.32
50 105.0 284.0 105.0 38.0 0.87 -0.07 -0.23 -0.31 -0.56 -1.25
51 103.0 282.0 107.0 42.0 0.79 -0.03 -0.21 -0.54 -0.68 -0.73
52 101.0 268.0 100.0 39.0 0.59 0.06 -0.18 -0.68 -0.72 -0.24
53 104.0 269.0 93.0 40.0 0.64 0.02 -0.21 -0.47 -0.41 -0.81
54 103.0 283.0 100.0 42.0 0.54 0.0 -0.2 -0.3 -0.49 -1.09
55 107.0 263.0 106.0 39.0 0.46 0.06 -0.16 -0.44 -0.64 -1.18
56 110.0 249.0 106.0 39.0 0.49 0.04 -0.13 -0.21 -0.63 -0.5
57 104.0 245.0 98.0 37.0 0.46 0.06 -0.11 -0.27 -0.71 -0.33
58 101.0 271.0 107.0 37.0 0.42 0.06 -0.08 -0.32 -0.5 -0.55
59 99.0 265.0 117.0 37.0 0.39 0.01 -0.07 -0.29 -0.39 -0.19
60 109.0 275.0 113.0 36.0 0.38 -0.0 -0.08 -0.2 -0.54 -0.43
61 106.0 290.0 116.0 41.0 0.34 0.0 -0.08 -0.01 -0.42 -0.45
62 110.0 273.0 117.0 37.0 0.31 0.02 -0.06 -0.12 -0.54 -0.44
63 103.0 276.0 117.0 34.0 0.32 0.01 -0.07 0.01 -0.52 -0.59
64 106.0 317.0 106.0 36.0 0.3 0.04 -0.08 -0.1 -0.55 -0.25
65 114.0 295.0 112.0 41.0 0.25 0.03 -0.09 -0.24 -0.49 -0.52
66 114.0 279.0 104.0 43.0 0.21 0.03 -0.09 -0.07 -0.31 -0.67
67 104.0 295.0 102.0 43.0 0.17 0.05 -0.08 0.13 -0.35 -0.89
68 96.0 298.0 109.0 39.0 0.13 0.02 -0.03 0.14 -0.36 -0.94
69 92.0 304.0 105.0 39.0 0.13 -0.01 -0.01 0.04 -0.42 -0.68
70 84.0 306.0 97.0 36.0 0.07 -0.05 0.0 -0.03 -0.25 -0.34
71 95.0 307.0 91.0 33.0 -0.01 -0.02 0.01 -0.07 -0.26 -0.46
72 113.0 286.0 110.0 32.0 -0.03 -0.03 0.0 -0.01 -0.29 -0.5
73 101.0 263.0 114.0 33.0 -0.07 -0.02 -0.03 -0.08 -0.19 -0.51
74 92.0 238.0 107.0 33.0 -0.09 -0.01 -0.06 -0.18 -0.13 -0.23
75 79.0 257.0 99.0 30.0 -0.11 0.01 -0.06 -0.22 -0.17 -0.29
76 77.0 255.0 101.0 29.0 -0.13 -0.01 -0.06 -0.26 -0.09 -0.21
77 72.0 264.0 101.0 28.0 -0.16 -0.04 -0.04 -0.36 -0.05 0.0
78 66.0 251.0 94.0 27.0 -0.18 -0.05 -0.05 -0.43 -0.01 -0.03
79 80.0 265.0 90.0 26.0 -0.2 -0.05 -0.05 -0.37 0.0 -0.38
80 109.0 254.0 90.0 26.0 -0.21 -0.04 -0.03 -0.17 0.01 -0.25
81 95.0 238.0 92.0 26.0 -0.2 -0.06 -0.02 -0.29 0.03 -0.16
82 87.0 228.0 93.0 25.0 -0.19 -0.07 -0.0 -0.23 0.11 -0.25
83 101.0 253.0 92.0 26.0 -0.18 -0.04 0.0 -0.21 0.08 -0.27
84 88.0 240.0 87.0 29.0 -0.16 -0.05 0.0 -0.12 0.09 -0.08
85 87.0 245.0 83.0 28.0 -0.16 -0.02 0.01 -0.14 0.07 0.03
86 87.0 238.0 85.0 28.0 -0.16 -0.0 0.0 -0.13 0.05 -0.12
87 113.0 252.0 101.0 28.0 -0.15 0.0 -0.0 -0.16 0.02 -0.02
88 141.0 257.0 103.0 28.0 -0.13 0.01 0.0 -0.3 0.04 -0.03
89 136.0 236.0 96.0 27.0 -0.09 -0.04 0.01 -0.31 0.04 -0.17
90 147.0 309.0 93.0 42.0 -0.08 -0.05 0.01 -0.24 0.11 -0.1
91 132.0 312.0 89.0 39.0 -0.09 -0.02 0.03 -0.29 0.13 0.01
92 117.0 295.0 94.0 38.0 -0.07 -0.01 0.04 -0.15 0.13 0.03
93 125.0 262.0 89.0 34.0 -0.08 -0.01 0.05 -0.09 0.1 0.08
94 112.0 255.0 92.0 34.0 -0.05 -0.04 0.05 -0.04 0.11 0.02
95 124.0 253.0 87.0 32.0 -0.03 -0.03 0.05 -0.04 0.07 0.21
96 120.0 241.0 84.0 33.0 -0.04 -0.02 0.05 -0.03 0.06 0.09
97 136.0 234.0 89.0 32.0 -0.02 -0.03 0.04 0.0 0.02 -0.06
98 116.0 243.0 86.0 31.0 -0.0 -0.01 0.02 -0.08 0.0 -0.08
99 107.0 237.0 83.0 30.0 -0.0 0.0 0.02 -0.16 0.01 0.01
100 99.0 255.0 84.0 27.0 0.0 -0.02 0.0 -0.12 0.13 0.06
101 92.0 233.0 79.0 27.0 -0.02 -0.04 0.0 -0.1 0.16 0.11
102 79.0 240.0 79.0 26.0 -0.03 -0.03 -0.0 -0.06 0.15 0.0
103 75.0 237.0 78.0 29.0 -0.05 -0.04 -0.02 -0.03 -0.01 -0.04
104 78.0 274.0 87.0 31.0 -0.03 -0.02 -0.03 0.1 0.0 -0.3
105 100.0 276.0 88.0 30.0 -0.02 0.0 -0.03 0.07 -0.05 -0.13
106 120.0 285.0 89.0 28.0 0.01 0.01 -0.03 -0.12 -0.01 -0.01
107 110.0 301.0 89.0 30.0 0.01 0.01 -0.03 -0.16 -0.09 0.0
108 98.0 270.0 90.0 29.0 0.01 0.01 -0.03 -0.14 -0.13 0.01
109 98.0 252.0 90.0 28.0 0.01 -0.0 -0.02 -0.1 -0.06 -0.11
110 107.0 240.0 92.0 28.0 -0.01 -0.02 -0.01 -0.11 -0.01 -0.12
111 100.0 267.0 98.0 28.0 -0.02 -0.04 -0.01 -0.08 0.0 -0.03
112 89.0 283.0 99.0 31.0 -0.04 -0.07 -0.0 0.0 0.0 -0.14
113 98.0 288.0 93.0 29.0 -0.05 -0.02 -0.02 0.05 0.01 -0.13
114 131.0 252.0 84.0 28.0 -0.04 -0.01 -0.03 0.06 0.03 -0.16
115 128.0 244.0 82.0 27.0 -0.04 0.01 -0.05 -0.13 0.03 0.0
116 111.0 225.0 81.0 27.0 -0.06 -0.01 -0.06 -0.26 -0.03 -0.03
117 106.0 234.0 78.0 27.0 -0.06 -0.02 -0.06 -0.22 -0.01 -0.04
118 96.0 247.0 77.0 26.0 -0.06 -0.03 -0.03 -0.23 -0.04 -0.03
119 88.0 231.0 82.0 25.0 -0.05 -0.03 0.01 -0.24 -0.04 -0.14
120 94.0 291.0 82.0 25.0 -0.04 -0.04 0.03 -0.17 -0.15 -0.04
121 82.0 276.0 81.0 24.0 -0.05 -0.04 0.04 -0.25 -0.05 -0.19
122 84.0 246.0 80.0 24.0 -0.09 -0.05 0.07 -0.16 -0.1 -0.34
123 81.0 219.0 76.0 24.0 -0.11 -0.05 0.07 -0.16 -0.19 -0.35
124 73.0 201.0 71.0 24.0 -0.15 -0.02 0.09 -0.13 -0.26 -0.37
125 68.0 222.0 70.0 24.0 -0.21 -0.0 0.11 -0.17 -0.29 -0.49
126 63.0 224.0 69.0 24.0 -0.25 -0.0 0.12 -0.13 -0.33 -0.57
127 70.0 275.0 68.0 24.0 -0.35 0.01 0.15 -0.11 -0.44 -0.72
128 63.0 281.0 73.0 24.0 -0.47 0.05 0.2 -0.04 -0.55 -0.98
129 68.0 285.0 69.0 23.0 -0.53 0.07 0.22 -0.19 -0.59 -1.07
130 64.0 253.0 66.0 24.0 -0.57 0.17 0.29 -0.24 -0.35 -1.29
131 68.0 235.0 67.0 24.0 -0.67 0.31 0.34 -0.51 -0.2 -1.23
132 60.0 220.0 79.0 25.0 -0.73 0.26 0.33 -0.23 -0.57 -1.38
133 61.0 208.0 85.0 25.0 -0.81 0.22 0.34 -0.37 -0.62 -1.41
134 59.0 183.0 96.0 25.0 -0.87 0.21 0.37 -0.25 -0.46 -1.4
135 76.0 161.0 97.0 25.0 -1.03 0.35 0.46 0.2 0.0 -1.22
136 68.0 148.0 89.0 25.0 -1.28 0.42 0.47 -0.28 -0.52 -0.64
137 62.0 138.0 93.0 25.0 -1.34 0.26 0.46 -1.21 -0.75 -0.31
138 57.0 128.0 93.0 24.0 -1.39 -0.04 0.44 -0.43 -0.49 -0.49
139 53.0 120.0 88.0 25.0 -1.72 0.04 0.46 0.48 -0.09 -0.55
140 56.0 113.0 80.0 25.0 -1.78 0.14 0.45 -0.43 -0.31 -0.55
141 58.0 110.0 76.0 24.0 -1.77 0.07 0.4 0.02 0.11 -0.58
142 53.0 107.0 72.0 24.0 -1.7 -0.02 0.35 -0.03 0.23 -0.65
143 53.0 106.0 72.0 25.0 -1.68 -0.03 0.35 -0.08 0.14 -0.38
144 48.0 100.0 73.0 24.0 -1.64 -0.14 0.29 -0.12 0.2 -0.37
145 42.0 98.0 70.0 27.0 -1.63 -0.22 0.3 -0.04 0.01 -0.06
146 38.0 93.0 68.0 25.0 -1.55 -0.26 0.23 -0.12 0.13 0.1
147 34.0 89.0 66.0 24.0 -1.5 -0.31 0.11 -0.12 0.05 -0.01
148 31.0 85.0 65.0 24.0 -1.43 -0.43 0.06 0.37 -0.06 -0.35
149 28.0 82.0 64.0 24.0 -1.4 -0.43 0.06 0.46 -0.15 -0.42
150 25.0 80.0 64.0 23.0 -1.35 -0.29 0.05 0.53 -0.04 -0.53
151 25.0 79.0 63.0 24.0 -1.36 -0.2 0.06 -0.06 -0.15 -0.94
152 30.0 78.0 62.0 23.0 -1.33 -0.21 0.05 -0.04 0.07 -1.68
153 28.0 81.0 70.0 23.0 -1.35 -0.09 0.04 0.56 -0.04 -1.98
154 25.0 85.0 72.0 23.0 -1.1 0.17 -0.01 -0.41 -1.44 -0.48
155 24.0 89.0 70.0 23.0 -0.55 0.53 0.13 2.32 -1.19 12.76
156 21.0 99.0 81.0 23.0 -0.1 2.48 0.17 0.66 -2.98 10.78
157 20.0 103.0 87.0 23.0 0.55 1.04 -0.43 -3.46 0.29 0.77
158 21.0 106.0 83.0 23.0 0.52 0.56 -0.46 -4.08 0.49 -1.43
159 36.0 107.0 79.0 25.0 0.56 0.01 -0.49 -0.3 2.55 -1.07
160 31.0 108.0 74.0 23.0 0.13 0.2 -0.13 0.45 0.34 0.99
161 28.0 110.0 69.0 23.0 0.18 -0.0 -0.02 1.24 0.18 0.76
162 26.0 113.0 69.0 23.0 0.16 -0.05 0.03 0.76 0.48 -0.22
163 24.0 115.0 76.0 23.0 0.09 0.22 -0.0 0.35 0.16 -0.49
164 22.0 115.0 75.0 23.0 0.09 0.34 -0.01 0.23 0.05 -0.07
165 21.0 117.0 71.0 23.0 0.04 0.56 0.02 0.09 -0.06 0.11
166 20.0 116.0 77.0 23.0 -0.02 0.52 0.01 -0.58 -0.07 0.21
167 21.0 116.0 72.0 23.0 -0.05 0.41 0.0 -0.99 0.01 0.0
168 19.0 117.0 69.0 23.0 -0.01 0.17 -0.05 -0.91 -0.07 -0.03
169 19.0 118.0 68.0 23.0 0.14 -0.01 -0.07 -0.36 0.06 -0.03
170 18.0 117.0 65.0 23.0 0.16 -0.06 -0.08 -0.11 0.17 -0.03
