1 56.0 82.0 57.0 23.0 0.02 -0.02 0.01 -0.12 0.03 -0.17
2 57.0 83.0 55.0 24.0 0.03 -0.03 0.0 -0.01 0.05 -0.18
3 56.0 83.0 54.0 24.0 0.03 -0.03 0.0 0.04 0.1 -0.17
4 49.0 82.0 53.0 23.0 0.02 -0.01 -0.0 0.0 0.09 -0.14
5 42.0 82.0 55.0 23.0 0.01 -0.01 0.0 -0.02 0.05 -0.14
6 37.0 81.0 58.0 23.0 0.01 -0.01 0.0 -0.06 0.03 -0.18
7 56.0 82.0 56.0 23.0 0.0 -0.04 0.0 -0.09 0.04 -0.18
8 66.0 81.0 53.0 23.0 -0.01 -0.1 0.01 -0.11 0.05 -0.15
9 56.0 79.0 52.0 23.0 -0.01 -0.12 0.01 -0.06 0.04 -0.18
10 53.0 79.0 51.0 23.0 -0.01 -0.13 0.0 -0.03 0.05 -0.14
11 47.0 78.0 50.0 23.0 0.01 -0.07 -0.01 0.01 0.06 -0.14
12 40.0 80.0 56.0 23.0 0.01 -0.06 -0.01 -0.08 0.05 -0.18
13 35.0 78.0 55.0 23.0 -0.01 -0.1 -0.01 -0.09 0.06 -0.14
14 37.0 78.0 54.0 23.0 -0.01 -0.11 0.01 -0.05 0.05 -0.2
15 64.0 83.0 55.0 23.0 -0.0 -0.1 0.01 0.15 0.06 -0.14
16 99.0 103.0 53.0 25.0 -0.02 -0.07 0.02 0.13 0.08 -0.11
17 116.0 101.0 52.0 24.0 -0.03 -0.04 0.02 -0.18 -0.01 -0.18
18 127.0 117.0 52.0 30.0 -0.05 -0.08 0.03 -0.69 -0.01 -0.2
19 122.0 138.0 52.0 38.0 -0.07 -0.27 0.04 -0.76 0.01 -0.16
20 127.0 139.0 53.0 46.0 0.01 -0.39 0.06 0.04 0.29 0.09
21 153.0 178.0 54.0 59.0 -0.03 -0.44 0.08 0.02 0.3 0.04
22 179.0 197.0 55.0 67.0 -0.17 -0.61 0.13 0.32 0.16 0.3
23 180.0 191.0 56.0 77.0 -0.17 -0.69 0.15 0.46 0.13 -0.07
24 231.0 211.0 57.0 85.0 -0.12 -0.76 0.13 -0.31 -0.31 0.3
25 215.0 215.0 57.0 77.0 0.07 -0.98 0.11 -0.14 -0.24 0.6
26 236.0 213.0 60.0 70.0 0.33 -0.83 0.02 0.03 -0.46 0.02
27 213.0 234.0 63.0 66.0 0.45 -0.68 0.01 -2.23 -1.49 1.18
28 215.0 216.0 59.0 56.0 0.89 -0.86 -0.13 -0.57 -0.5 2.02
29 221.0 216.0 63.0 50.0 1.19 -0.92 -0.18 1.1 0.62 4.52
30 228.0 238.0 64.0 45.0 1.11 -0.57 -0.21 -0.59 0.38 3.7
31 216.0 239.0 66.0 40.0 1.58 -0.4 -0.21 -1.25 -0.09 3.2
32 235.0 237.0 64.0 38.0 1.95 -0.39 -0.22 0.18 0.55 2.89
33 254.0 230.0 67.0 36.0 2.02 -0.3 -0.16 -0.54 0.42 1.92
34 251.0 223.0 66.0 33.0 2.12 -0.26 -0.11 -0.06 0.21 1.85
35 271.0 231.0 66.0 34.0 2.21 -0.29 -0.13 0.36 -0.07 1.38
36 268.0 223.0 66.0 32.0 2.23 -0.25 -0.12 0.28 0.08 0.56
37 280.0 226.0 70.0 37.0 2.21 -0.12 -0.14 0.28 -0.1 0.26
38 315.0 291.0 75.0 40.0 2.15 -0.06 -0.21 0.53 -0.01 -0.3
39 390.0 311.0 80.0 55.0 2.07 -0.09 -0.24 0.58 -0.13 -0.26
40 431.0 315.0 79.0 60.0 1.98 -0.08 -0.33 0.54 -0.31 -0.71
41 433.0 319.0 81.0 55.0 1.85 -0.02 -0.4 0.26 -0.41 -1.0
42 450.0 320.0 88.0 55.0 1.81 0.0 -0.45 0.24 -0.57 -1.09
43 468.0 349.0 84.0 54.0 1.73 0.17 -0.54 0.31 -0.73 -1.72
44 485.0 318.0 85.0 49.0 1.69 0.26 -0.6 0.58 -0.91 -1.98
45 466.0 326.0 84.0 51.0 1.62 0.29 -0.62 0.61 -0.84 -2.27
46 492.0 338.0 93.0 52.0 1.37 0.33 -0.62 0.15 -0.99 -2.07
47 492.0 342.0 90.0 52.0 1.16 0.31 -0.62 -0.26 -1.18 -1.72
48 493.0 367.0 91.0 57.0 1.06 0.29 -0.61 -0.17 -1.09 -1.77
49 488.0 364.0 102.0 55.0 0.89 0.28 -0.54 -0.1 -1.09 -2.16
50 531.0 371.0 102.0 62.0 0.75 0.2 -0.46 -0.13 -1.05 -2.26
51 485.0 339.0 98.0 61.0 0.69 0.12 -0.43 -0.35 -1.25 -2.13
52 495.0 343.0 103.0 72.0 0.62 0.02 -0.35 -0.28 -0.93 -1.43
53 523.0 335.0 114.0 85.0 0.47 0.07 -0.31 -0.28 -1.16 -1.36
54 540.0 319.0 109.0 77.0 0.43 0.04 -0.29 -0.22 -1.15 -1.52
55 475.0 320.0 112.0 68.0 0.33 0.06 -0.23 -0.2 -0.69 -1.57
56 444.0 305.0 121.0 64.0 0.22 0.01 -0.18 -0.18 -0.31 -1.63
57 548.0 347.0 157.0 76.0 0.16 0.03 -0.15 -0.31 -0.3 -1.5
58 487.0 325.0 146.0 75.0 0.03 0.06 -0.1 -0.09 -0.13 -1.46
59 431.0 302.0 145.0 87.0 -0.09 0.15 -0.04 -0.08 0.05 -1.89
60 411.0 311.0 133.0 84.0 -0.14 0.13 -0.02 -0.21 -0.01 -1.51
61 443.0 312.0 122.0 89.0 -0.19 0.01 -0.03 -0.19 -0.17 -0.29
62 431.0 290.0 121.0 96.0 -0.21 -0.03 -0.04 -0.26 -0.15 -0.1
63 414.0 283.0 125.0 90.0 -0.2 0.03 -0.03 -0.25 -0.11 0.01
64 417.0 260.0 121.0 79.0 -0.14 0.05 -0.01 -0.47 -0.08 -0.2
65 431.0 276.0 116.0 75.0 -0.09 0.01 0.02 -0.66 0.03 0.38
66 404.0 290.0 127.0 69.0 -0.08 -0.03 0.03 -0.64 0.17 0.17
67 377.0 324.0 115.0 75.0 -0.07 0.0 0.04 -0.55 0.2 0.1
68 356.0 325.0 113.0 70.0 -0.03 -0.03 0.01 -0.31 0.22 0.08
69 325.0 315.0 112.0 70.0 -0.03 -0.05 0.0 -0.29 0.32 -0.07
70 350.0 319.0 131.0 66.0 -0.02 0.03 -0.01 -0.17 0.44 -0.26
71 326.0 328.0 124.0 58.0 -0.03 0.09 0.02 -0.33 0.33 -0.43
72 298.0 320.0 141.0 56.0 -0.02 0.04 0.03 -0.36 0.21 -0.42
73 278.0 321.0 163.0 58.0 -0.05 -0.01 0.07 -0.28 0.14 -0.02
74 261.0 314.0 160.0 59.0 -0.07 0.03 0.08 -0.15 0.06 -0.2
75 302.0 307.0 155.0 60.0 -0.07 0.04 0.09 0.19 0.01 -0.27
76 309.0 311.0 159.0 56.0 -0.08 0.06 0.08 0.22 -0.16 -0.31
77 279.0 303.0 147.0 52.0 -0.07 0.09 0.03 0.37 -0.11 -0.49
78 355.0 315.0 139.0 54.0 -0.07 0.11 0.01 0.29 -0.15 -0.35
79 395.0 294.0 131.0 50.0 -0.09 0.11 -0.02 0.25 -0.14 -0.35
80 392.0 318.0 131.0 49.0 -0.08 0.1 -0.02 0.11 -0.2 -0.29
81 345.0 287.0 135.0 48.0 -0.07 0.08 -0.02 0.0 -0.2 -0.22
82 335.0 273.0 125.0 44.0 -0.05 0.04 -0.03 0.07 -0.11 -0.16
83 332.0 258.0 115.0 42.0 -0.05 0.09 -0.02 -0.01 -0.13 -0.21
84 316.0 273.0 113.0 42.0 -0.04 0.09 -0.02 -0.04 -0.12 -0.27
85 325.0 268.0 109.0 49.0 -0.03 0.03 -0.01 -0.05 -0.11 -0.37
86 284.0 262.0 103.0 47.0 -0.03 -0.01 0.01 -0.06 -0.12 -0.17
87 303.0 251.0 110.0 46.0 -0.03 -0.02 0.02 0.0 -0.11 -0.28
88 317.0 257.0 107.0 51.0 -0.0 -0.05 0.02 0.02 0.0 -0.33
89 299.0 276.0 103.0 48.0 -0.02 -0.03 0.03 0.0 0.04 -0.21
90 292.0 285.0 100.0 47.0 -0.02 -0.02 0.03 0.03 0.03 -0.25
91 319.0 292.0 100.0 48.0 -0.02 0.01 0.01 0.17 0.07 -0.23
92 337.0 294.0 98.0 50.0 -0.01 -0.04 -0.01 0.16 0.05 -0.24
93 355.0 297.0 103.0 46.0 0.0 -0.06 -0.03 0.12 0.07 -0.22
94 309.0 286.0 105.0 49.0 0.01 -0.03 -0.05 -0.19 0.08 -0.08
95 334.0 308.0 106.0 58.0 0.02 -0.04 -0.05 -0.32 -0.04 -0.04
96 291.0 309.0 105.0 53.0 0.02 -0.04 -0.04 -0.35 -0.03 -0.08
97 295.0 361.0 123.0 119.0 0.03 -0.06 -0.02 -0.33 -0.13 -0.24
98 311.0 339.0 119.0 104.0 0.06 -0.13 0.0 -0.64 -0.3 -0.08
99 302.0 296.0 109.0 87.0 0.1 -0.2 0.02 -0.65 -0.4 -0.02
100 284.0 298.0 113.0 72.0 0.17 -0.29 0.06 -0.34 -0.18 0.27
101 294.0 287.0 116.0 72.0 0.18 -0.12 0.11 -0.12 0.05 0.04
102 305.0 314.0 126.0 72.0 0.17 -0.01 0.11 0.05 0.18 -0.1
103 287.0 300.0 119.0 67.0 0.13 0.04 0.07 0.19 0.18 -0.64
104 336.0 320.0 114.0 58.0 0.09 -0.04 0.03 0.36 0.23 -1.03
105 370.0 319.0 109.0 63.0 0.05 -0.04 0.01 0.54 0.24 -0.94
106 328.0 306.0 107.0 60.0 -0.03 0.07 -0.03 0.54 0.15 -0.88
107 309.0 293.0 103.0 56.0 -0.08 0.11 -0.07 0.31 -0.11 -0.81
108 291.0 271.0 98.0 51.0 -0.1 0.09 -0.09 0.27 -0.17 -0.67
109 256.0 239.0 98.0 45.0 -0.15 0.06 -0.09 0.02 -0.31 -0.48
110 222.0 235.0 91.0 42.0 -0.17 0.07 -0.06 -0.25 -0.47 -0.46
111 198.0 251.0 86.0 37.0 -0.17 0.07 -0.04 -0.27 -0.49 -0.49
112 180.0 281.0 87.0 36.0 -0.2 0.08 0.01 -0.27 -0.54 -0.9
113 154.0 271.0 85.0 33.0 -0.25 0.1 0.06 -0.24 -0.53 -1.06
114 160.0 248.0 79.0 31.0 -0.31 0.1 0.07 -0.22 -0.51 -1.07
115 136.0 267.0 74.0 30.0 -0.45 0.06 0.09 -0.14 -0.44 -1.2
116 125.0 237.0 71.0 28.0 -0.64 0.01 0.08 -0.12 -0.25 -1.62
117 126.0 235.0 76.0 28.0 -0.74 0.04 0.07 -0.13 -0.23 -1.72
118 105.0 229.0 71.0 27.0 -0.94 0.0 0.08 -0.21 -0.35 -1.71
119 96.0 306.0 70.0 27.0 -1.03 -0.18 0.12 -0.67 -0.8 -1.76
120 83.0 269.0 67.0 26.0 -1.07 -0.21 0.17 -0.6 -0.8 -1.71
121 71.0 242.0 74.0 25.0 -1.14 -0.21 0.25 -1.05 -0.31 -1.91
122 70.0 215.0 71.0 25.0 -1.25 -0.14 0.32 -0.65 -0.01 -1.58
123 71.0 211.0 66.0 26.0 -1.32 -0.08 0.34 -0.59 0.04 -1.47
124 86.0 201.0 64.0 25.0 -1.47 -0.02 0.36 -0.2 -0.01 -1.44
125 78.0 189.0 60.0 26.0 -1.63 0.01 0.36 0.35 0.02 -1.27
126 71.0 162.0 58.0 25.0 -1.73 0.07 0.36 0.31 0.07 -1.28
127 72.0 145.0 61.0 58.0 -1.89 0.15 0.36 0.09 0.11 -1.18
128 61.0 133.0 66.0 52.0 -1.99 0.25 0.34 0.66 0.06 -0.85
129 86.0 123.0 72.0 46.0 -2.07 0.32 0.33 0.76 -0.03 -0.78
130 90.0 119.0 86.0 41.0 -2.28 0.45 0.3 1.02 0.07 -0.78
131 87.0 111.0 90.0 69.0 -2.51 0.55 0.26 0.12 0.13 -1.16
132 73.0 111.0 84.0 58.0 -2.6 0.42 0.22 -0.08 0.02 -1.58
133 61.0 112.0 78.0 50.0 -2.55 0.19 0.09 0.53 -0.4 -2.17
134 53.0 112.0 79.0 45.0 -2.39 0.22 -0.15 1.03 -0.22 -2.67
135 118.0 112.0 89.0 40.0 -2.41 0.29 -0.21 0.73 -0.41 -3.32
136 146.0 112.0 80.0 37.0 -2.48 0.19 -0.18 0.12 -0.64 -3.93
137 126.0 118.0 84.0 34.0 -2.53 0.02 -0.14 0.38 1.37 -5.13
138 103.0 130.0 106.0 33.0 -2.73 0.31 -0.13 -9.84 -18.26 22.56
139 85.0 128.0 94.0 32.0 1.32 -0.38 0.02 -1.69 -0.41 -7.06
140 125.0 127.0 90.0 30.0 0.77 0.67 -0.05 -4.04 2.18 -1.73
141 99.0 128.0 88.0 28.0 0.7 0.58 0.17 -1.48 0.31 1.39
142 84.0 128.0 81.0 27.0 0.06 0.3 -0.26 1.79 0.74 0.83
143 71.0 130.0 81.0 27.0 -0.34 0.16 -0.09 2.9 0.71 -0.4
144 61.0 130.0 80.0 26.0 -0.48 0.4 0.01 0.47 -0.25 -0.04
145 85.0 133.0 75.0 25.0 -0.31 0.61 0.05 -0.92 -0.96 -0.3
146 72.0 137.0 70.0 25.0 -0.06 0.53 0.02 -0.92 -0.6 -0.54
147 98.0 137.0 68.0 25.0 -0.1 0.24 0.05 -0.79 -0.63 -0.37
148 94.0 135.0 65.0 24.0 0.02 0.05 0.07 -0.51 -0.42 -0.43
149 77.0 134.0 68.0 24.0 0.22 0.01 0.06 0.15 0.07 -0.13
150 65.0 128.0 71.0 24.0 0.25 0.01 0.05 0.28 0.41 0.03
151 55.0 125.0 72.0 24.0 0.2 0.05 -0.02 0.29 0.75 -0.12
152 48.0 122.0 67.0 24.0 0.1 0.18 -0.07 -0.21 0.57 -0.09
153 51.0 119.0 62.0 24.0 0.12 0.21 -0.1 -0.53 0.41 -0.13
154 46.0 117.0 60.0 24.0 0.13 0.09 -0.09 -0.47 0.27 -0.21
