1 30.0 80.0 71.0 23.0 0.08 -0.13 0.03 -0.34 0.14 -0.2
2 28.0 79.0 70.0 24.0 0.11 -0.2 0.03 -0.08 0.23 -0.18
3 40.0 78.0 69.0 24.0 0.11 -0.17 0.02 0.19 0.29 -0.1
4 36.0 79.0 65.0 23.0 0.09 -0.12 0.02 0.09 0.38 -0.13
5 34.0 81.0 64.0 24.0 0.06 -0.1 0.01 -0.02 0.12 -0.16
6 37.0 82.0 71.0 23.0 0.06 -0.09 0.01 -0.07 0.09 -0.19
7 52.0 83.0 74.0 23.0 0.08 -0.06 0.0 -0.11 -0.04 -0.21
8 46.0 85.0 75.0 23.0 0.11 -0.03 -0.01 -0.13 -0.09 -0.22
9 39.0 85.0 76.0 23.0 0.12 0.0 -0.02 -0.11 -0.11 -0.22
10 39.0 83.0 75.0 24.0 0.14 0.03 -0.04 -0.09 0.06 -0.17
11 48.0 85.0 73.0 24.0 0.11 0.02 -0.05 -0.18 0.17 -0.11
12 45.0 86.0 71.0 24.0 0.08 -0.02 -0.04 -0.12 0.21 -0.07
13 45.0 99.0 66.0 24.0 0.04 -0.07 -0.03 -0.08 0.19 -0.16
14 54.0 102.0 64.0 23.0 0.01 -0.12 -0.01 0.01 0.18 -0.14
15 48.0 97.0 72.0 23.0 0.0 -0.13 -0.0 0.02 0.21 -0.18
16 43.0 106.0 67.0 23.0 -0.02 -0.15 0.03 0.15 0.29 -0.17
17 80.0 128.0 64.0 24.0 -0.04 -0.17 0.06 0.0 0.18 -0.16
18 84.0 139.0 61.0 23.0 -0.05 -0.18 0.08 -0.08 0.25 -0.2
19 73.0 127.0 59.0 23.0 -0.07 -0.28 0.12 -0.04 0.05 -0.09
20 74.0 118.0 56.0 23.0 -0.05 -0.34 0.13 -0.01 0.08 -0.24
21 95.0 153.0 56.0 23.0 -0.06 -0.38 0.15 -0.26 -0.07 -0.25
22 156.0 192.0 57.0 24.0 0.02 -0.52 0.2 -0.32 -0.23 -0.22
23 184.0 220.0 56.0 25.0 0.14 -0.64 0.21 -0.37 -0.32 -0.25
24 173.0 203.0 56.0 39.0 0.23 -0.74 0.2 0.22 -0.15 -0.47
25 204.0 213.0 69.0 68.0 0.37 -0.88 0.12 0.34 -0.26 -0.19
26 189.0 217.0 67.0 59.0 0.36 -0.84 0.06 -0.28 -0.23 0.02
27 236.0 231.0 69.0 54.0 0.35 -0.89 0.04 -0.45 -0.21 0.12
28 275.0 243.0 68.0 54.0 0.24 -1.1 -0.05 -0.41 -0.01 0.05
29 256.0 240.0 67.0 105.0 0.28 -1.35 -0.21 -1.13 -0.09 0.07
30 291.0 274.0 69.0 131.0 0.38 -1.47 -0.27 -0.71 -0.05 0.07
31 290.0 269.0 68.0 128.0 0.52 -1.42 -0.22 -0.76 -2.39 0.93
32 329.0 274.0 72.0 116.0 0.63 -1.07 -0.05 -0.74 -0.31 1.59
33 306.0 304.0 75.0 102.0 0.72 -0.79 -0.08 -0.4 -0.34 2.76
34 331.0 306.0 78.0 87.0 0.93 -0.27 0.04 0.37 1.6 3.68
35 351.0 314.0 82.0 79.0 1.24 -0.17 -0.18 1.28 1.05 3.3
36 349.0 295.0 84.0 69.0 1.35 -0.24 -0.21 0.93 0.89 3.45
37 345.0 309.0 86.0 61.0 1.59 -0.33 -0.27 1.14 0.8 3.82
38 348.0 298.0 84.0 54.0 1.69 -0.27 -0.31 0.78 0.77 2.56
39 369.0 297.0 89.0 47.0 1.71 -0.17 -0.32 0.67 0.76 1.98
40 382.0 307.0 90.0 47.0 1.75 -0.06 -0.3 0.57 0.45 0.53
41 392.0 291.0 89.0 53.0 1.77 -0.11 -0.32 0.09 0.11 -0.25
42 450.0 273.0 86.0 51.0 1.74 -0.17 -0.31 0.27 0.12 -1.05
43 502.0 301.0 93.0 60.0 1.66 -0.16 -0.29 -0.13 0.01 -1.73
44 493.0 296.0 92.0 57.0 1.56 -0.2 -0.25 -0.1 -0.04 -2.06
45 483.0 284.0 94.0 59.0 1.5 -0.26 -0.26 -0.05 -0.07 -2.06
46 433.0 298.0 97.0 68.0 1.37 -0.22 -0.31 -0.03 -0.17 -1.97
47 441.0 314.0 98.0 66.0 1.21 -0.07 -0.39 0.04 -0.22 -1.86
48 442.0 317.0 99.0 64.0 1.16 -0.03 -0.42 -0.14 -0.36 -2.0
49 415.0 309.0 97.0 60.0 1.05 0.05 -0.46 0.01 -0.42 -1.95
50 412.0 304.0 101.0 61.0 0.93 0.07 -0.47 -0.39 -0.56 -1.89
51 401.0 299.0 100.0 60.0 0.89 0.08 -0.47 -0.56 -0.57 -1.84
52 425.0 301.0 96.0 56.0 0.79 0.06 -0.45 -0.91 -0.56 -1.43
53 399.0 291.0 96.0 54.0 0.7 0.04 -0.41 -0.83 -0.58 -1.2
54 374.0 318.0 110.0 58.0 0.66 0.02 -0.4 -0.44 -0.37 -1.44
55 406.0 319.0 109.0 72.0 0.57 0.05 -0.38 -0.05 -0.4 -1.69
56 368.0 320.0 111.0 62.0 0.51 0.09 -0.39 -0.19 -0.42 -1.35
57 391.0 324.0 106.0 57.0 0.47 0.12 -0.38 -0.25 -0.32 -1.35
58 406.0 307.0 102.0 53.0 0.36 0.12 -0.34 -0.46 -0.27 -1.08
59 430.0 312.0 109.0 88.0 0.28 0.1 -0.3 -0.21 -0.39 -0.97
60 410.0 344.0 110.0 88.0 0.25 0.1 -0.31 -0.02 -0.4 -0.95
61 362.0 314.0 111.0 84.0 0.21 0.13 -0.35 0.19 -0.43 -0.73
62 389.0 285.0 115.0 95.0 0.18 0.17 -0.41 0.36 -0.45 -0.69
63 360.0 269.0 125.0 85.0 0.15 0.21 -0.44 0.37 -0.34 -0.8
64 354.0 262.0 123.0 82.0 0.07 0.26 -0.47 0.27 -0.31 -1.07
65 360.0 278.0 112.0 74.0 -0.0 0.24 -0.41 -0.32 -0.41 -0.97
66 356.0 256.0 103.0 69.0 -0.04 0.21 -0.37 -0.52 -0.42 -0.98
67 443.0 281.0 96.0 70.0 -0.11 0.15 -0.29 -0.44 -0.25 -0.48
68 383.0 273.0 97.0 71.0 -0.16 0.13 -0.23 -0.22 -0.19 -0.5
69 339.0 269.0 94.0 65.0 -0.16 0.11 -0.21 -0.26 -0.05 -0.53
70 383.0 286.0 93.0 60.0 -0.17 0.04 -0.15 -0.33 0.21 -0.47
71 357.0 273.0 88.0 52.0 -0.19 -0.0 -0.09 -0.47 0.23 -0.43
72 390.0 298.0 86.0 56.0 -0.2 -0.03 -0.05 -0.52 0.18 -0.37
73 374.0 280.0 82.0 49.0 -0.21 -0.08 0.01 -0.26 0.09 -0.2
74 332.0 279.0 80.0 45.0 -0.21 -0.08 0.02 -0.19 -0.03 -0.07
75 361.0 272.0 80.0 41.0 -0.17 -0.08 0.03 -0.1 0.02 -0.07
76 327.0 254.0 78.0 38.0 -0.13 -0.05 0.02 -0.04 0.05 -0.16
77 324.0 268.0 79.0 42.0 -0.08 -0.06 0.01 -0.07 0.05 -0.04
78 296.0 265.0 82.0 41.0 -0.07 -0.04 0.0 -0.03 0.13 -0.07
79 284.0 266.0 79.0 40.0 -0.06 0.02 -0.02 -0.1 0.15 -0.33
80 290.0 262.0 76.0 37.0 -0.04 0.01 -0.04 -0.01 0.19 -0.31
81 289.0 277.0 76.0 34.0 -0.02 0.03 -0.07 0.0 0.14 -0.28
82 313.0 268.0 81.0 41.0 -0.02 0.11 -0.11 -0.09 0.12 -0.29
83 299.0 256.0 78.0 37.0 -0.01 0.11 -0.14 -0.42 0.13 -0.35
84 277.0 244.0 76.0 42.0 -0.01 0.1 -0.13 -0.42 0.11 -0.27
85 278.0 268.0 75.0 47.0 -0.02 0.11 -0.09 -0.5 0.15 -0.18
86 294.0 252.0 73.0 42.0 -0.03 0.12 -0.06 -0.26 0.08 -0.25
87 318.0 256.0 75.0 39.0 -0.02 0.1 -0.06 -0.2 0.05 -0.32
88 349.0 268.0 73.0 35.0 0.01 0.08 -0.06 -0.17 0.08 -0.24
89 373.0 269.0 75.0 34.0 0.01 0.08 -0.06 -0.27 0.08 -0.3
90 408.0 261.0 75.0 33.0 0.0 0.08 -0.06 -0.26 0.05 -0.35
91 391.0 265.0 75.0 35.0 -0.01 0.06 -0.06 -0.04 0.04 -0.35
92 432.0 243.0 72.0 35.0 -0.01 0.05 -0.06 0.0 0.04 -0.3
93 441.0 237.0 81.0 37.0 -0.01 0.06 -0.09 0.15 0.03 -0.28
94 401.0 238.0 79.0 38.0 -0.01 0.08 -0.12 0.15 0.07 -0.26
95 399.0 317.0 81.0 36.0 -0.01 0.09 -0.13 -0.01 -0.02 -0.4
96 363.0 297.0 78.0 35.0 -0.02 0.1 -0.14 -0.01 -0.07 -0.52
97 347.0 286.0 79.0 35.0 -0.03 0.07 -0.12 -0.11 -0.26 -0.55
98 390.0 303.0 82.0 39.0 -0.03 0.04 -0.11 -0.02 -0.36 -0.45
99 386.0 295.0 78.0 41.0 -0.05 0.02 -0.11 -0.07 -0.36 -0.46
100 441.0 291.0 84.0 45.0 -0.05 0.01 -0.1 0.09 -0.25 -0.27
101 426.0 264.0 82.0 42.0 -0.04 0.02 -0.1 -0.01 -0.11 -0.18
102 393.0 255.0 78.0 43.0 -0.08 0.07 -0.1 -0.17 0.02 -0.21
103 383.0 267.0 79.0 41.0 -0.12 0.09 -0.09 -0.24 0.12 -0.11
104 380.0 288.0 81.0 55.0 -0.13 0.09 -0.08 -0.37 0.18 -0.28
105 392.0 272.0 80.0 52.0 -0.13 0.07 -0.05 -0.36 0.23 -0.28
106 359.0 280.0 81.0 48.0 -0.12 0.02 -0.02 -0.35 0.17 -0.25
107 371.0 276.0 81.0 46.0 -0.12 0.02 -0.01 -0.27 0.1 -0.02
108 347.0 274.0 77.0 41.0 -0.1 0.0 0.02 -0.21 0.13 0.04
109 335.0 257.0 77.0 41.0 -0.07 0.0 0.02 -0.01 0.17 0.06
110 340.0 252.0 74.0 37.0 -0.05 0.02 0.02 0.02 0.21 0.1
111 432.0 240.0 71.0 36.0 -0.03 0.06 0.0 0.03 0.14 -0.17
112 441.0 246.0 70.0 34.0 0.01 0.03 0.01 0.09 0.2 -0.48
113 362.0 214.0 68.0 33.0 0.01 0.01 0.03 0.17 0.01 -0.45
114 319.0 197.0 66.0 33.0 0.01 -0.03 0.06 0.26 -0.08 -0.5
115 277.0 178.0 67.0 31.0 0.01 -0.01 0.05 0.33 -0.16 -0.48
116 225.0 154.0 65.0 30.0 -0.03 0.03 0.05 0.13 -0.24 -0.55
117 223.0 145.0 62.0 29.0 -0.12 0.04 0.02 -0.03 -0.31 -0.58
118 184.0 131.0 59.0 28.0 -0.23 -0.02 0.03 -0.31 -0.33 -0.6
119 153.0 119.0 59.0 28.0 -0.32 -0.04 0.06 -0.5 -0.36 -0.83
120 156.0 118.0 57.0 28.0 -0.48 0.04 0.14 -0.43 -0.27 -1.0
121 141.0 123.0 57.0 27.0 -0.71 0.21 0.27 -0.64 -0.41 -1.34
122 122.0 114.0 57.0 27.0 -0.81 0.19 0.37 -1.58 -0.57 -1.87
123 100.0 107.0 59.0 27.0 -0.81 -0.04 0.58 -2.34 -0.52 -1.74
124 84.0 100.0 58.0 26.0 -0.88 -0.24 0.72 -1.66 -0.27 -1.44
125 79.0 96.0 57.0 27.0 -0.98 -0.25 0.78 -0.74 -0.22 -1.08
126 85.0 93.0 56.0 29.0 -1.18 -0.14 0.92 -0.71 -0.13 -1.02
127 82.0 94.0 57.0 28.0 -1.38 -0.19 1.02 -1.46 -0.06 -1.12
128 95.0 95.0 57.0 29.0 -1.5 -0.3 1.04 -1.7 0.16 -1.25
129 89.0 95.0 59.0 28.0 -1.66 -0.56 1.01 -2.13 0.07 -1.38
130 98.0 93.0 57.0 27.0 -1.68 -0.94 0.93 -1.3 -0.09 -1.06
131 145.0 101.0 56.0 27.0 -1.7 -1.08 0.92 -0.42 0.22 -0.98
132 136.0 108.0 58.0 26.0 -1.78 -1.03 0.98 0.17 0.09 -1.05
133 115.0 102.0 57.0 26.0 -1.81 -0.97 0.97 -0.18 0.0 -1.17
134 108.0 95.0 55.0 26.0 -1.77 -0.94 0.98 0.67 0.23 -0.9
135 109.0 92.0 55.0 25.0 -1.71 -0.89 0.96 1.03 0.43 -0.9
136 93.0 87.0 56.0 27.0 -1.73 -0.68 0.95 1.29 0.36 -1.23
137 85.0 85.0 66.0 25.0 -1.76 -0.52 0.92 1.76 0.46 -1.56
138 86.0 84.0 71.0 25.0 -1.8 -0.06 0.89 2.11 0.54 -1.71
139 88.0 83.0 69.0 25.0 -1.87 0.6 0.82 2.16 0.54 -2.04
140 79.0 82.0 68.0 25.0 -1.94 0.98 0.75 1.43 0.33 -2.34
141 176.0 85.0 67.0 25.0 -2.11 1.35 0.53 0.89 -0.03 -3.1
142 154.0 84.0 66.0 25.0 -2.08 0.77 0.25 -0.47 -0.85 -7.08
143 124.0 88.0 77.0 25.0 -1.53 0.31 0.01 5.16 -4.96 9.71
144 103.0 93.0 79.0 25.0 -0.15 2.13 0.29 6.15 -3.02 10.56
145 122.0 99.0 74.0 25.0 0.19 4.33 0.33 -1.68 -3.27 12.8
146 155.0 98.0 71.0 24.0 0.67 3.84 0.08 -6.45 0.47 -0.1
147 141.0 98.0 70.0 24.0 0.43 1.48 -0.46 -5.73 0.61 -1.19
148 133.0 98.0 71.0 24.0 0.52 0.49 -0.42 -1.88 0.37 0.22
149 142.0 97.0 71.0 24.0 0.56 0.16 -0.33 0.85 0.28 -0.04
150 138.0 98.0 74.0 25.0 0.52 -0.12 -0.03 2.04 0.51 0.12
151 122.0 98.0 77.0 24.0 0.05 0.02 0.06 1.68 0.13 0.09
152 107.0 101.0 75.0 25.0 -0.04 0.04 0.03 0.33 0.22 -0.25
153 89.0 101.0 79.0 24.0 -0.11 0.15 -0.0 -0.08 0.16 -0.15
154 77.0 102.0 75.0 25.0 -0.07 0.11 0.04 -0.68 -0.03 -0.17
155 65.0 103.0 73.0 25.0 -0.01 0.06 0.05 -0.32 0.05 -0.14
156 81.0 103.0 69.0 25.0 0.02 -0.02 0.04 -0.3 0.09 -0.24
157 69.0 102.0 71.0 25.0 0.02 -0.03 -0.02 -0.18 -0.07 -0.23
158 65.0 104.0 72.0 24.0 0.08 -0.05 -0.03 -0.17 0.26 -0.24
