1 36.0 89.0 66.0 24.0 0.0 -0.01 0.0 0.04 0.0 -0.16
2 33.0 86.0 70.0 24.0 0.01 0.02 0.0 -0.03 -0.01 -0.18
3 60.0 85.0 67.0 24.0 0.01 0.03 0.0 -0.05 0.0 -0.19
4 55.0 83.0 63.0 24.0 0.04 0.04 0.0 -0.08 0.01 -0.17
5 48.0 84.0 62.0 23.0 0.03 0.01 0.0 -0.08 0.06 -0.14
6 47.0 82.0 62.0 23.0 0.02 -0.02 0.0 -0.09 0.06 -0.13
7 41.0 81.0 63.0 23.0 0.01 -0.02 -0.0 -0.03 0.07 -0.19
8 47.0 82.0 67.0 23.0 0.01 0.01 -0.02 -0.02 -0.02 -0.21
9 55.0 78.0 69.0 23.0 0.02 0.04 -0.02 -0.04 -0.02 -0.22
10 60.0 81.0 65.0 23.0 0.05 0.05 -0.03 -0.15 -0.01 -0.19
11 52.0 82.0 68.0 23.0 0.05 0.02 -0.03 -0.12 0.03 -0.18
12 48.0 85.0 70.0 24.0 0.05 -0.02 -0.03 -0.09 0.03 -0.17
13 43.0 83.0 74.0 24.0 0.04 -0.03 -0.01 0.07 0.04 -0.16
14 39.0 81.0 69.0 23.0 0.02 -0.01 -0.01 0.06 0.04 -0.16
15 41.0 86.0 66.0 23.0 0.02 0.0 -0.01 0.0 0.02 -0.16
16 36.0 88.0 62.0 23.0 0.02 0.0 -0.0 -0.05 0.06 -0.16
17 35.0 93.0 60.0 23.0 0.01 -0.05 0.01 -0.09 0.08 -0.13
18 37.0 121.0 60.0 24.0 0.01 -0.09 0.01 -0.08 0.05 -0.13
19 82.0 141.0 60.0 24.0 0.0 -0.12 0.02 0.01 0.0 -0.16
20 83.0 139.0 60.0 24.0 0.03 -0.13 0.03 -0.12 -0.04 -0.17
21 79.0 141.0 59.0 26.0 0.03 -0.18 0.04 -0.17 -0.07 -0.25
22 95.0 162.0 60.0 27.0 0.04 -0.32 0.05 -0.48 -0.06 -0.17
23 105.0 169.0 58.0 33.0 0.04 -0.53 0.1 -0.24 0.03 -0.16
24 137.0 180.0 57.0 46.0 0.03 -0.6 0.12 -0.12 0.01 -0.07
25 147.0 180.0 58.0 42.0 0.01 -0.76 0.16 0.0 0.05 -0.07
26 178.0 178.0 60.0 38.0 -0.12 -0.95 0.24 -0.1 -0.12 -0.08
27 198.0 196.0 61.0 50.0 -0.12 -1.02 0.27 -0.02 -0.16 -0.18
28 244.0 214.0 58.0 70.0 0.02 -1.12 0.28 0.23 0.03 0.01
29 228.0 233.0 61.0 83.0 0.24 -1.11 0.21 0.41 0.13 0.13
30 202.0 211.0 60.0 69.0 0.31 -1.08 0.19 0.79 0.0 0.34
31 208.0 221.0 61.0 61.0 0.35 -0.9 0.14 0.7 -0.14 0.92
32 238.0 242.0 67.0 52.0 0.18 -0.61 0.13 -0.7 -0.85 2.0
33 227.0 257.0 66.0 46.0 0.37 -0.5 0.07 -1.41 -0.3 3.18
34 213.0 247.0 67.0 45.0 1.18 -0.67 -0.12 -0.32 0.19 2.76
35 233.0 242.0 68.0 42.0 1.47 -0.3 -0.05 -0.11 0.34 2.79
36 229.0 249.0 66.0 40.0 1.6 -0.22 -0.03 -0.49 0.45 3.27
37 220.0 252.0 65.0 37.0 1.77 -0.37 -0.03 -0.34 0.08 3.36
38 222.0 233.0 65.0 36.0 2.02 -0.49 -0.04 -0.05 0.47 2.07
39 275.0 227.0 70.0 34.0 2.09 -0.45 -0.03 0.34 0.44 1.91
40 284.0 234.0 76.0 33.0 2.16 -0.23 -0.04 0.45 0.32 1.42
41 333.0 247.0 85.0 35.0 2.16 -0.09 -0.1 0.54 0.24 0.64
42 412.0 251.0 92.0 39.0 2.15 -0.08 -0.13 0.32 0.17 0.23
43 400.0 258.0 92.0 37.0 2.11 -0.03 -0.18 0.6 -0.05 -0.39
44 472.0 284.0 93.0 38.0 2.0 -0.04 -0.22 0.16 -0.32 -0.69
45 451.0 334.0 87.0 50.0 1.94 -0.05 -0.23 -0.04 -0.39 -0.97
46 478.0 327.0 90.0 54.0 1.78 -0.1 -0.28 0.31 -0.38 -1.24
47 480.0 347.0 100.0 54.0 1.65 -0.0 -0.32 0.42 -0.6 -1.91
48 494.0 341.0 96.0 57.0 1.61 0.06 -0.34 0.58 -0.59 -1.99
49 498.0 355.0 98.0 59.0 1.54 0.13 -0.39 -0.03 -0.87 -1.22
50 518.0 373.0 93.0 68.0 1.47 0.11 -0.42 -0.04 -0.73 -1.49
51 513.0 350.0 109.0 76.0 1.42 0.14 -0.41 -0.08 -0.72 -1.56
52 491.0 381.0 119.0 122.0 1.33 0.17 -0.39 -0.07 -0.85 -1.83
53 549.0 379.0 126.0 164.0 1.29 0.11 -0.38 -0.19 -1.02 -1.65
54 515.0 370.0 132.0 161.0 1.26 0.1 -0.37 -0.12 -0.88 -1.69
55 514.0 388.0 129.0 162.0 1.19 0.17 -0.34 -0.38 -0.8 -1.52
56 623.0 394.0 129.0 148.0 1.13 0.22 -0.29 -0.82 -1.13 -1.49
57 654.0 378.0 118.0 121.0 1.06 0.22 -0.26 -0.78 -1.12 -1.34
58 590.0 349.0 118.0 113.0 0.94 0.18 -0.22 -0.47 -0.97 -1.38
59 667.0 372.0 115.0 102.0 0.88 0.19 -0.23 -0.18 -0.46 -2.05
60 598.0 368.0 109.0 91.0 0.7 0.28 -0.22 -0.2 -0.32 -2.16
61 566.0 377.0 103.0 83.0 0.51 0.31 -0.21 -0.12 -0.36 -2.37
62 582.0 364.0 113.0 88.0 0.28 0.3 -0.18 -0.23 -0.41 -2.25
63 602.0 367.0 107.0 83.0 0.17 0.29 -0.16 -0.07 -0.32 -2.3
64 509.0 363.0 109.0 78.0 -0.02 0.21 -0.14 -0.02 -0.27 -1.97
65 466.0 352.0 102.0 86.0 -0.1 0.16 -0.13 0.43 -0.34 -1.37
66 518.0 331.0 101.0 81.0 -0.24 0.12 -0.11 0.41 -0.37 -1.25
67 528.0 330.0 100.0 77.0 -0.33 0.19 -0.09 0.31 -0.3 -1.04
68 538.0 302.0 96.0 70.0 -0.35 0.19 -0.09 0.15 -0.44 -0.4
69 534.0 322.0 93.0 64.0 -0.36 0.1 -0.09 0.1 -0.39 -0.22
70 473.0 304.0 98.0 65.0 -0.35 0.1 -0.1 0.04 -0.23 0.0
71 455.0 299.0 95.0 61.0 -0.34 0.1 -0.11 0.09 -0.13 -0.06
72 406.0 301.0 100.0 63.0 -0.32 0.07 -0.12 0.03 -0.1 0.18
73 375.0 323.0 96.0 66.0 -0.28 0.04 -0.12 -0.12 -0.04 0.32
74 342.0 314.0 96.0 61.0 -0.27 0.05 -0.12 -0.28 -0.06 0.2
75 312.0 309.0 98.0 58.0 -0.25 0.07 -0.06 -0.47 -0.08 0.44
76 319.0 339.0 96.0 57.0 -0.22 -0.03 -0.03 -0.4 0.0 0.5
77 381.0 381.0 99.0 57.0 -0.19 -0.04 0.01 -0.09 0.15 0.28
78 345.0 366.0 91.0 55.0 -0.18 -0.05 0.01 0.13 0.23 0.15
79 393.0 344.0 90.0 50.0 -0.15 -0.04 -0.0 0.33 0.19 -0.05
80 383.0 342.0 93.0 47.0 -0.11 0.02 -0.02 0.39 0.29 -0.05
81 358.0 312.0 94.0 45.0 -0.11 0.04 -0.05 0.28 0.2 -0.16
82 324.0 313.0 94.0 56.0 -0.09 0.06 -0.06 0.29 0.08 -0.24
83 323.0 326.0 93.0 52.0 -0.09 0.05 -0.06 0.28 0.0 -0.06
84 347.0 311.0 93.0 53.0 -0.09 0.03 -0.08 0.2 -0.1 -0.11
85 330.0 310.0 97.0 58.0 -0.07 0.06 -0.11 -0.01 -0.23 -0.1
86 372.0 298.0 97.0 58.0 -0.04 0.06 -0.12 -0.33 -0.15 -0.02
87 387.0 320.0 91.0 56.0 -0.03 0.04 -0.11 -0.4 -0.22 -0.16
88 354.0 343.0 89.0 50.0 -0.03 0.01 -0.07 -0.36 -0.16 -0.19
89 332.0 332.0 86.0 44.0 -0.03 -0.0 -0.05 -0.28 -0.04 -0.41
90 341.0 378.0 89.0 49.0 -0.04 -0.03 -0.02 -0.22 0.0 -0.35
91 326.0 357.0 87.0 44.0 -0.08 0.0 -0.01 -0.01 0.01 -0.57
92 332.0 358.0 86.0 45.0 -0.08 0.01 -0.01 -0.13 -0.04 -0.42
93 336.0 367.0 89.0 51.0 -0.08 -0.02 -0.01 -0.03 -0.03 -0.18
94 325.0 351.0 84.0 48.0 -0.07 -0.04 -0.01 -0.16 -0.11 0.05
95 295.0 323.0 90.0 48.0 -0.06 -0.03 -0.01 -0.01 -0.14 0.0
96 324.0 301.0 88.0 48.0 -0.03 0.0 -0.01 0.01 -0.04 0.0
97 307.0 315.0 90.0 52.0 -0.01 0.02 -0.02 0.02 -0.01 -0.09
98 291.0 296.0 84.0 47.0 0.0 0.05 -0.03 -0.13 0.0 -0.18
99 320.0 281.0 82.0 42.0 0.02 0.07 -0.05 -0.18 -0.01 -0.21
100 308.0 270.0 86.0 43.0 0.04 0.02 -0.04 -0.18 0.0 -0.15
101 285.0 257.0 86.0 43.0 0.05 0.02 -0.03 -0.13 -0.03 -0.14
102 276.0 264.0 86.0 40.0 0.05 0.04 -0.01 -0.13 0.04 -0.13
103 272.0 263.0 83.0 43.0 0.05 0.07 0.01 -0.13 -0.08 -0.3
104 274.0 267.0 80.0 40.0 0.04 0.03 0.02 -0.03 -0.06 -0.35
105 277.0 251.0 79.0 36.0 0.03 -0.02 0.03 0.04 -0.08 -0.41
106 255.0 239.0 79.0 34.0 0.02 0.02 0.03 -0.04 -0.09 -0.36
107 226.0 255.0 82.0 46.0 0.01 0.02 0.02 -0.03 -0.11 -0.27
108 209.0 227.0 82.0 47.0 -0.01 -0.02 0.01 -0.06 -0.13 -0.24
109 201.0 227.0 88.0 61.0 -0.02 -0.06 0.0 -0.03 -0.19 -0.24
110 174.0 241.0 84.0 54.0 -0.03 -0.06 -0.0 -0.24 -0.3 -0.34
111 179.0 215.0 78.0 46.0 -0.07 -0.12 0.0 -0.3 -0.37 -0.45
112 148.0 213.0 77.0 42.0 -0.1 -0.2 0.04 -0.4 -0.41 -0.62
113 134.0 217.0 73.0 38.0 -0.12 -0.22 0.08 -0.43 -0.35 -0.78
114 118.0 194.0 71.0 34.0 -0.2 -0.21 0.13 -0.45 -0.36 -0.81
115 114.0 188.0 68.0 32.0 -0.34 -0.21 0.17 -0.36 -0.35 -1.04
116 96.0 175.0 65.0 30.0 -0.45 -0.23 0.2 0.04 -0.34 -1.65
117 115.0 165.0 64.0 28.0 -0.67 -0.25 0.26 -0.02 -0.41 -2.09
118 110.0 156.0 64.0 28.0 -0.84 -0.22 0.34 0.01 -0.39 -2.62
119 98.0 149.0 63.0 26.0 -0.95 -0.25 0.39 -0.13 -0.84 -2.44
120 106.0 142.0 63.0 27.0 -1.13 -0.37 0.45 -0.27 -0.91 -2.23
121 118.0 137.0 63.0 27.0 -1.36 -0.48 0.47 -0.74 -1.06 -1.23
122 122.0 132.0 61.0 29.0 -1.47 -0.51 0.47 -0.67 -0.98 -0.71
123 115.0 124.0 59.0 33.0 -1.66 -0.46 0.47 -0.26 -0.78 -0.74
124 111.0 118.0 58.0 31.0 -1.83 -0.35 0.45 -0.16 -0.52 -1.25
125 94.0 107.0 59.0 29.0 -1.91 -0.31 0.46 -0.43 -0.61 -1.22
126 108.0 101.0 65.0 28.0 -1.91 -0.33 0.45 -0.46 -0.58 -1.0
127 117.0 96.0 76.0 27.0 -1.8 -0.27 0.46 0.36 -0.05 -0.53
128 103.0 90.0 74.0 26.0 -1.77 -0.09 0.49 0.92 0.03 0.36
129 98.0 87.0 70.0 27.0 -1.73 0.29 0.55 1.07 0.23 0.79
130 86.0 85.0 67.0 26.0 -1.81 0.58 0.6 1.01 0.93 0.37
131 72.0 83.0 60.0 25.0 -1.91 0.53 0.63 0.03 0.7 0.09
132 64.0 82.0 59.0 25.0 -2.06 0.15 0.59 0.14 0.68 -0.11
133 64.0 80.0 58.0 24.0 -1.99 -0.04 0.49 0.57 0.75 -1.01
134 54.0 80.0 56.0 24.0 -1.96 -0.05 0.45 0.63 0.67 -2.12
135 53.0 81.0 56.0 24.0 -1.96 -0.05 0.44 0.61 0.68 -2.55
136 48.0 80.0 55.0 24.0 -2.0 -0.12 0.41 0.55 0.48 -3.27
137 44.0 81.0 54.0 24.0 -2.04 -0.14 0.39 0.27 -0.24 -4.6
138 41.0 83.0 57.0 25.0 -2.15 -0.18 0.36 0.72 -0.22 -4.77
139 40.0 85.0 62.0 26.0 -2.24 -0.17 0.25 0.76 -0.98 -5.08
140 63.0 90.0 80.0 24.0 -2.38 -0.13 0.21 0.85 -2.02 -7.43
141 53.0 104.0 97.0 24.0 -2.65 -0.03 0.28 1.69 -8.18 9.24
142 54.0 106.0 89.0 25.0 0.38 3.81 0.2 6.0 6.82 9.7
143 100.0 104.0 80.0 28.0 0.56 3.19 -0.07 -9.93 0.47 -4.03
144 129.0 105.0 72.0 28.0 0.03 1.52 -0.47 -3.11 1.69 -1.29
145 107.0 102.0 67.0 27.0 -0.06 1.14 -0.25 -4.74 0.67 0.06
146 87.0 103.0 59.0 25.0 0.3 0.61 -0.42 1.23 0.98 -0.07
147 71.0 103.0 59.0 26.0 0.52 -0.44 -0.1 1.87 0.51 0.23
148 63.0 104.0 57.0 25.0 0.17 -0.13 0.08 0.98 0.09 0.0
149 65.0 105.0 61.0 27.0 0.21 0.07 0.02 0.75 0.24 -0.55
150 58.0 109.0 60.0 26.0 0.18 0.19 -0.07 0.71 -0.1 -0.41
151 50.0 110.0 64.0 25.0 0.07 0.32 -0.06 -0.64 -0.35 -0.24
152 68.0 111.0 61.0 25.0 0.08 0.29 -0.04 -0.74 -0.2 -0.23
153 56.0 112.0 58.0 25.0 0.22 0.07 0.02 -0.37 -0.03 -0.17
154 48.0 113.0 57.0 26.0 0.29 0.04 0.01 0.32 0.18 -0.16
