1 67.0 93.0 77.0 24.0 0.03 0.0 -0.01 -0.01 0.09 -0.2
2 65.0 93.0 77.0 25.0 0.03 0.03 -0.01 0.12 0.14 -0.17
3 54.0 92.0 74.0 24.0 0.02 0.06 -0.01 0.08 0.14 -0.16
4 56.0 92.0 79.0 24.0 0.0 0.05 -0.0 -0.06 0.05 -0.15
5 65.0 92.0 82.0 25.0 -0.0 0.02 0.0 -0.17 0.09 -0.17
6 88.0 90.0 84.0 25.0 -0.0 0.01 0.0 -0.08 0.11 -0.2
7 73.0 90.0 81.0 24.0 0.01 -0.01 0.0 0.1 0.15 -0.19
8 68.0 89.0 79.0 24.0 -0.01 0.01 0.0 0.05 0.11 -0.16
9 68.0 87.0 74.0 26.0 -0.01 0.0 0.01 -0.04 0.07 -0.18
10 67.0 88.0 72.0 24.0 -0.01 0.01 0.0 -0.12 0.05 -0.21
11 69.0 86.0 73.0 27.0 0.01 0.03 -0.0 -0.11 0.04 -0.2
12 91.0 86.0 75.0 24.0 0.02 0.03 -0.01 -0.07 0.08 -0.18
13 75.0 85.0 79.0 24.0 0.02 0.02 -0.01 -0.11 0.09 -0.19
14 82.0 89.0 74.0 25.0 0.02 -0.01 -0.01 -0.09 0.18 -0.15
15 84.0 87.0 74.0 24.0 0.02 -0.02 -0.01 0.0 0.2 -0.15
16 87.0 97.0 69.0 24.0 -0.0 -0.04 -0.01 -0.05 0.08 -0.2
17 92.0 107.0 66.0 24.0 -0.02 -0.04 -0.01 0.06 0.01 -0.17
18 91.0 115.0 66.0 25.0 -0.03 -0.05 -0.0 -0.08 0.02 -0.19
19 88.0 122.0 63.0 25.0 -0.03 -0.09 -0.0 -0.19 0.0 -0.21
20 86.0 119.0 63.0 24.0 -0.03 -0.17 0.0 -0.17 -0.03 -0.22
21 119.0 126.0 64.0 26.0 -0.01 -0.21 0.01 -0.07 0.05 -0.12
22 138.0 125.0 62.0 31.0 0.01 -0.27 0.01 0.41 0.29 0.03
23 142.0 146.0 61.0 43.0 -0.1 -0.43 0.02 0.25 0.12 0.1
24 150.0 167.0 61.0 40.0 -0.11 -0.48 0.01 0.33 -0.01 0.26
25 202.0 221.0 62.0 71.0 -0.16 -0.66 -0.02 0.91 0.09 0.0
26 201.0 232.0 64.0 68.0 -0.09 -0.47 -0.12 -1.53 -0.42 0.09
27 186.0 221.0 61.0 87.0 0.04 -0.58 -0.17 -1.16 -0.55 0.18
28 187.0 232.0 62.0 79.0 0.26 -0.74 -0.24 -1.43 -0.84 0.04
29 197.0 219.0 62.0 69.0 0.57 -1.07 -0.24 -1.29 -0.79 0.28
30 244.0 207.0 62.0 58.0 0.68 -1.36 -0.32 2.36 1.85 0.88
31 240.0 230.0 62.0 55.0 0.45 -1.24 -0.06 -1.04 -0.3 0.25
32 269.0 221.0 63.0 50.0 1.02 -1.13 -0.06 0.99 1.08 1.13
33 293.0 234.0 66.0 46.0 1.28 -1.16 -0.15 2.03 0.58 1.48
34 320.0 246.0 69.0 48.0 1.15 -0.7 -0.06 0.23 0.13 1.93
35 331.0 234.0 71.0 45.0 1.33 -0.72 -0.19 1.17 0.49 2.48
36 333.0 258.0 69.0 43.0 1.45 -0.68 -0.25 1.15 0.81 2.35
37 325.0 260.0 69.0 39.0 1.48 -0.53 -0.31 0.91 0.76 2.16
38 313.0 282.0 73.0 41.0 1.56 -0.38 -0.35 1.24 0.59 2.04
39 308.0 263.0 77.0 41.0 1.6 -0.34 -0.39 1.04 0.44 1.95
40 312.0 287.0 76.0 42.0 1.68 -0.3 -0.42 0.77 0.5 1.53
41 309.0 288.0 84.0 49.0 1.7 -0.26 -0.47 0.32 0.55 0.76
42 303.0 301.0 81.0 46.0 1.71 -0.23 -0.5 0.36 0.48 0.58
43 341.0 320.0 79.0 43.0 1.64 -0.17 -0.52 0.25 0.13 0.26
44 359.0 345.0 80.0 40.0 1.58 -0.09 -0.54 0.14 0.03 -0.55
45 415.0 379.0 87.0 46.0 1.55 -0.1 -0.55 0.2 -0.08 -0.78
46 425.0 375.0 86.0 43.0 1.49 -0.16 -0.58 0.46 -0.21 -1.34
47 481.0 373.0 84.0 44.0 1.37 -0.07 -0.62 0.16 -0.54 -1.29
48 541.0 365.0 80.0 46.0 1.33 -0.06 -0.66 0.26 -0.68 -1.44
49 545.0 380.0 91.0 57.0 1.23 0.02 -0.69 -0.03 -0.55 -1.62
50 495.0 377.0 92.0 57.0 1.11 0.04 -0.71 -0.26 -0.73 -1.79
51 519.0 376.0 89.0 54.0 1.07 0.03 -0.72 -0.4 -0.62 -1.73
52 619.0 373.0 90.0 62.0 0.94 0.03 -0.72 -0.47 -0.77 -1.86
53 563.0 356.0 96.0 65.0 0.88 0.08 -0.7 -0.67 -0.8 -1.86
54 539.0 331.0 92.0 58.0 0.85 0.06 -0.68 -0.69 -0.85 -1.75
55 523.0 380.0 96.0 63.0 0.75 0.05 -0.63 -0.74 -0.73 -1.67
56 524.0 384.0 91.0 59.0 0.6 0.14 -0.59 -0.82 -0.8 -1.8
57 558.0 366.0 89.0 59.0 0.53 0.19 -0.58 -0.9 -0.83 -1.93
58 577.0 353.0 86.0 56.0 0.44 0.17 -0.54 -1.05 -0.61 -1.95
59 636.0 353.0 92.0 60.0 0.31 0.1 -0.42 -1.29 -0.48 -2.11
60 612.0 322.0 91.0 52.0 0.24 0.05 -0.32 -1.37 -0.46 -2.14
61 573.0 302.0 86.0 52.0 0.1 -0.11 -0.12 -1.27 -0.55 -1.29
62 537.0 294.0 87.0 47.0 -0.02 -0.17 -0.02 -0.54 -0.46 -0.81
63 488.0 314.0 90.0 73.0 -0.07 -0.11 -0.01 -0.52 -0.45 -0.88
64 459.0 301.0 86.0 66.0 -0.1 -0.01 -0.0 -0.3 -0.27 -0.99
65 422.0 297.0 83.0 65.0 -0.09 -0.01 0.03 -0.45 -0.15 -0.46
66 407.0 279.0 81.0 59.0 -0.08 -0.04 0.05 -0.52 -0.03 -0.31
67 465.0 281.0 84.0 58.0 -0.09 -0.05 0.08 -0.41 0.06 0.2
68 476.0 276.0 86.0 56.0 -0.07 0.02 0.08 0.05 0.12 0.08
69 508.0 279.0 87.0 53.0 -0.05 0.08 0.06 -0.2 0.11 -0.04
70 487.0 268.0 83.0 52.0 0.03 0.07 0.01 -0.03 0.19 -0.04
71 455.0 258.0 82.0 47.0 0.06 0.07 -0.02 -0.25 0.17 0.0
72 447.0 255.0 80.0 44.0 0.07 0.11 -0.02 -0.38 0.15 -0.06
73 413.0 273.0 80.0 43.0 0.06 0.14 -0.01 -0.33 0.11 -0.23
74 376.0 254.0 79.0 40.0 0.04 0.12 0.01 -0.35 0.0 -0.3
75 356.0 259.0 79.0 36.0 0.05 0.09 0.02 -0.13 -0.04 -0.25
76 411.0 312.0 77.0 39.0 0.08 0.05 0.03 -0.09 -0.04 -0.19
77 385.0 277.0 82.0 41.0 0.08 0.07 0.02 -0.26 -0.04 -0.14
78 413.0 283.0 80.0 41.0 0.08 0.08 0.01 -0.34 -0.06 -0.17
79 416.0 270.0 82.0 40.0 0.09 0.11 0.01 0.0 0.0 -0.32
80 373.0 260.0 79.0 39.0 0.1 0.15 0.01 0.21 0.06 -0.49
81 403.0 258.0 81.0 40.0 0.09 0.16 0.0 0.16 -0.02 -0.42
82 363.0 246.0 79.0 41.0 0.09 0.12 -0.01 0.08 -0.01 -0.49
83 345.0 244.0 79.0 38.0 0.07 0.11 -0.03 -0.1 -0.12 -0.43
84 349.0 244.0 76.0 35.0 0.05 0.1 -0.03 -0.06 -0.09 -0.58
85 323.0 244.0 80.0 35.0 0.02 0.1 -0.01 -0.2 -0.18 -0.67
86 319.0 232.0 81.0 38.0 0.0 0.03 0.03 0.07 -0.14 -0.65
87 347.0 254.0 84.0 36.0 -0.01 -0.01 0.03 0.16 -0.15 -0.56
88 323.0 247.0 84.0 34.0 -0.03 0.01 0.02 0.39 -0.1 -0.42
89 296.0 243.0 82.0 39.0 -0.05 0.06 -0.03 0.29 -0.01 -0.27
90 297.0 237.0 84.0 41.0 -0.06 0.06 -0.06 0.08 -0.04 -0.26
91 273.0 251.0 84.0 43.0 -0.08 0.06 -0.09 -0.09 -0.01 -0.42
92 284.0 263.0 84.0 41.0 -0.07 0.04 -0.06 -0.42 -0.09 -0.26
93 271.0 255.0 83.0 38.0 -0.07 0.02 -0.02 -0.46 -0.08 -0.22
94 263.0 237.0 78.0 34.0 -0.05 -0.03 0.02 -0.29 -0.05 -0.07
95 252.0 218.0 74.0 32.0 -0.04 -0.03 0.03 -0.13 -0.04 -0.09
96 279.0 227.0 75.0 31.0 -0.03 -0.02 0.03 -0.11 0.0 -0.15
97 324.0 224.0 75.0 38.0 -0.04 -0.02 0.03 -0.17 0.04 -0.28
98 298.0 218.0 71.0 36.0 -0.04 -0.03 0.03 -0.13 0.07 -0.31
99 288.0 228.0 72.0 33.0 -0.04 -0.03 0.03 -0.12 0.16 -0.27
100 293.0 226.0 74.0 33.0 -0.05 -0.02 0.04 -0.01 0.17 -0.36
101 309.0 226.0 71.0 33.0 -0.04 -0.01 0.03 0.05 0.07 -0.16
102 277.0 213.0 72.0 33.0 -0.04 -0.01 0.02 0.17 0.01 -0.21
103 279.0 224.0 72.0 30.0 -0.03 0.01 -0.03 0.25 0.01 -0.23
104 279.0 218.0 71.0 31.0 -0.03 0.06 -0.07 0.0 0.0 -0.26
105 287.0 214.0 70.0 29.0 -0.03 0.08 -0.09 -0.13 0.02 -0.28
106 271.0 213.0 69.0 29.0 -0.04 0.09 -0.09 -0.27 0.01 -0.42
107 258.0 219.0 67.0 29.0 -0.06 0.07 -0.07 -0.31 -0.03 -0.37
108 264.0 208.0 69.0 33.0 -0.07 0.07 -0.06 -0.32 -0.06 -0.39
109 278.0 203.0 69.0 32.0 -0.07 0.03 -0.03 -0.29 -0.06 -0.33
110 328.0 228.0 72.0 35.0 -0.07 0.01 -0.01 -0.33 -0.12 -0.17
111 303.0 217.0 72.0 33.0 -0.08 -0.01 -0.01 -0.34 -0.16 -0.11
112 299.0 208.0 70.0 32.0 -0.05 -0.02 0.0 -0.21 -0.15 -0.16
113 281.0 197.0 72.0 30.0 -0.03 -0.01 0.01 -0.08 -0.09 -0.14
114 284.0 187.0 71.0 29.0 -0.02 0.0 0.02 -0.08 -0.02 -0.13
115 299.0 196.0 73.0 34.0 -0.02 0.01 0.01 -0.06 0.04 -0.24
116 315.0 203.0 74.0 67.0 -0.01 0.01 -0.0 -0.12 0.1 -0.23
117 360.0 196.0 77.0 65.0 -0.01 0.01 -0.01 -0.09 0.07 -0.19
118 317.0 201.0 80.0 66.0 -0.02 0.05 -0.0 -0.37 -0.01 -0.47
119 284.0 198.0 78.0 61.0 -0.03 0.02 0.04 -0.75 -0.07 -0.55
120 254.0 182.0 74.0 53.0 -0.02 -0.01 0.09 -1.15 -0.11 -0.71
121 243.0 187.0 71.0 47.0 -0.05 -0.11 0.26 -1.47 -0.18 -0.74
122 274.0 176.0 70.0 43.0 -0.12 -0.21 0.44 -1.42 -0.38 -0.76
123 261.0 160.0 66.0 38.0 -0.16 -0.26 0.53 -1.22 -0.36 -0.93
124 207.0 143.0 65.0 35.0 -0.25 -0.26 0.65 -0.46 -0.46 -1.29
125 173.0 132.0 67.0 33.0 -0.34 -0.21 0.68 -0.03 -0.41 -1.6
126 139.0 117.0 66.0 31.0 -0.4 -0.17 0.66 0.17 -0.38 -1.71
127 113.0 114.0 64.0 29.0 -0.55 -0.08 0.62 0.24 -0.45 -2.25
128 95.0 122.0 64.0 27.0 -0.71 -0.07 0.55 0.55 -0.15 -2.85
129 79.0 122.0 63.0 27.0 -0.82 -0.04 0.53 0.65 0.12 -3.4
130 80.0 117.0 72.0 26.0 -1.13 0.02 0.54 0.12 0.24 -3.73
131 71.0 110.0 70.0 26.0 -1.43 -0.01 0.62 -0.79 -0.3 -2.55
132 58.0 102.0 67.0 25.0 -1.56 0.02 0.66 -1.06 -0.46 -2.14
133 50.0 95.0 72.0 25.0 -1.81 0.11 0.66 -0.51 -0.57 -1.39
134 43.0 92.0 67.0 24.0 -2.06 0.34 0.62 -0.04 -0.53 -0.32
135 37.0 92.0 65.0 24.0 -2.21 0.42 0.58 0.01 -0.51 0.23
136 37.0 90.0 63.0 28.0 -2.49 0.58 0.47 0.52 -0.39 0.98
137 39.0 93.0 61.0 30.0 -2.63 0.92 0.4 0.28 0.03 0.78
138 35.0 93.0 58.0 65.0 -2.68 1.09 0.39 0.1 0.08 0.39
139 50.0 88.0 58.0 56.0 -2.92 1.21 0.37 -0.65 -0.21 -0.31
140 44.0 89.0 58.0 48.0 -2.89 0.87 0.22 -0.66 -0.72 -0.99
141 47.0 98.0 57.0 42.0 -2.76 0.71 0.16 -0.24 -0.41 -1.28
142 52.0 103.0 56.0 38.0 -2.43 0.58 0.14 0.1 -0.58 -2.21
143 84.0 100.0 58.0 36.0 -2.04 0.68 0.05 1.75 -0.62 -2.45
144 73.0 100.0 62.0 32.0 -2.0 0.8 0.07 -1.43 0.04 -7.85
145 62.0 101.0 65.0 30.0 -1.76 0.01 -0.03 1.48 -4.03 3.48
146 57.0 113.0 70.0 29.0 0.42 0.13 0.27 -0.11 -3.8 8.22
147 57.0 122.0 71.0 28.0 0.59 -0.12 0.04 5.34 -0.96 11.39
148 54.0 120.0 71.0 27.0 0.12 3.19 0.32 -0.37 -2.56 10.73
149 63.0 146.0 72.0 27.0 1.29 2.01 -0.56 -0.57 1.08 -1.98
150 53.0 133.0 77.0 26.0 1.17 1.94 -0.56 -0.96 2.41 -0.84
151 51.0 128.0 72.0 26.0 0.55 1.58 -0.61 -0.95 1.28 0.89
152 44.0 127.0 75.0 25.0 0.12 0.02 -0.31 -0.74 0.47 -0.16
153 38.0 133.0 70.0 25.0 0.03 -0.26 -0.19 -0.13 0.17 0.22
154 59.0 129.0 72.0 24.0 -0.04 -0.36 -0.04 0.18 -0.3 -0.28
155 50.0 127.0 77.0 25.0 0.02 -0.27 -0.01 0.7 -0.18 -0.58
156 50.0 128.0 78.0 24.0 -0.03 -0.32 0.02 0.68 -0.29 -0.42
157 44.0 128.0 78.0 25.0 -0.06 -0.31 0.1 0.66 -0.28 -0.35
158 39.0 135.0 76.0 24.0 -0.01 -0.12 0.17 0.48 -0.27 -0.41
159 35.0 136.0 84.0 26.0 0.05 0.04 0.18 0.51 -0.18 -0.2
160 38.0 134.0 86.0 25.0 0.15 0.42 0.12 0.22 0.23 -0.04
161 32.0 133.0 78.0 25.0 -0.04 0.03 0.1 -0.77 0.35 -0.01
162 28.0 130.0 72.0 25.0 -0.08 -0.03 0.07 -0.85 0.4 0.02
163 27.0 128.0 71.0 24.0 -0.02 -0.01 0.03 -0.74 0.5 -0.09
