1 48.0 74.0 50.0 24.0 0.02 0.05 -0.01 -0.06 0.13 -0.01
2 45.0 74.0 51.0 23.0 0.01 0.03 -0.01 -0.08 0.11 -0.02
3 54.0 74.0 51.0 23.0 0.01 0.02 -0.01 -0.1 0.13 -0.02
4 67.0 72.0 50.0 23.0 -0.01 -0.02 0.0 0.0 0.1 -0.03
5 74.0 73.0 50.0 23.0 -0.02 -0.03 0.01 0.05 0.1 -0.06
6 64.0 73.0 50.0 24.0 -0.02 -0.02 0.01 0.02 0.1 -0.03
7 59.0 72.0 50.0 23.0 -0.01 -0.0 0.01 -0.06 0.13 -0.05
8 58.0 72.0 50.0 23.0 -0.01 -0.01 0.01 -0.09 0.12 -0.03
9 61.0 74.0 48.0 23.0 -0.01 -0.02 0.01 -0.08 0.13 -0.03
10 57.0 74.0 48.0 23.0 -0.01 -0.03 0.01 0.0 0.13 -0.05
11 50.0 74.0 49.0 23.0 -0.01 -0.01 0.0 -0.03 0.11 -0.03
12 48.0 74.0 49.0 23.0 -0.01 -0.01 0.0 -0.06 0.08 -0.03
13 49.0 75.0 50.0 23.0 -0.0 -0.0 0.0 -0.04 0.1 -0.06
14 55.0 75.0 50.0 23.0 -0.0 -0.02 0.0 -0.03 0.12 0.0
15 48.0 75.0 51.0 23.0 -0.01 -0.03 0.01 -0.02 0.15 -0.04
16 54.0 74.0 49.0 23.0 -0.02 -0.04 0.01 -0.03 0.15 -0.04
17 58.0 74.0 49.0 23.0 -0.03 -0.03 0.01 -0.05 0.08 -0.03
18 74.0 77.0 48.0 31.0 -0.03 -0.02 0.01 -0.11 0.1 -0.01
19 67.0 79.0 49.0 30.0 -0.03 -0.04 0.02 0.03 0.09 0.01
20 91.0 92.0 49.0 41.0 -0.07 -0.09 0.04 0.17 0.15 0.11
21 103.0 124.0 50.0 57.0 -0.1 -0.11 0.06 0.1 0.19 0.06
22 118.0 132.0 52.0 72.0 -0.17 -0.17 0.09 0.01 0.31 0.16
23 159.0 159.0 51.0 129.0 -0.25 -0.14 0.17 -0.08 0.22 0.17
24 166.0 193.0 56.0 179.0 -0.25 -0.14 0.21 -0.12 0.05 0.09
25 216.0 192.0 58.0 172.0 -0.2 -0.17 0.27 0.13 -0.07 -0.03
26 208.0 205.0 57.0 191.0 -0.03 -0.11 0.3 0.21 -0.41 -0.01
27 172.0 193.0 58.0 167.0 0.09 -0.02 0.3 0.08 -0.6 0.04
28 142.0 204.0 58.0 148.0 0.34 -0.04 0.29 -0.54 -1.07 0.5
29 116.0 238.0 58.0 122.0 0.45 -0.17 0.32 -0.93 -0.57 1.0
30 112.0 243.0 57.0 103.0 0.69 -0.43 0.33 -0.8 -0.51 1.23
31 103.0 232.0 57.0 129.0 0.85 -0.41 0.38 -1.06 -1.07 2.94
32 102.0 233.0 59.0 124.0 0.99 -0.27 0.41 -0.29 -0.43 2.34
33 82.0 234.0 66.0 101.0 1.17 -0.16 0.26 -2.38 0.74 3.25
34 69.0 219.0 68.0 85.0 1.5 -0.32 0.24 -1.06 0.48 2.52
35 63.0 191.0 68.0 72.0 1.65 -0.37 0.33 -0.97 0.71 2.63
36 64.0 170.0 74.0 61.0 1.7 -0.42 0.35 -0.89 0.59 2.64
37 63.0 193.0 75.0 54.0 1.75 -0.51 0.4 -0.69 0.64 2.37
38 61.0 201.0 72.0 48.0 1.75 -0.54 0.46 -0.62 0.59 1.45
39 61.0 179.0 69.0 44.0 1.75 -0.51 0.5 -0.54 0.44 1.25
40 68.0 167.0 80.0 40.0 1.83 -0.49 0.54 -0.34 0.43 0.0
41 73.0 179.0 87.0 36.0 1.79 -0.63 0.6 -0.27 0.15 -0.04
42 64.0 175.0 92.0 41.0 1.77 -0.68 0.6 -0.26 0.14 -0.02
43 58.0 165.0 100.0 38.0 1.74 -0.72 0.62 -0.05 -0.18 -0.15
44 78.0 163.0 100.0 36.0 1.7 -0.69 0.63 -0.08 -0.15 -0.72
45 87.0 155.0 101.0 34.0 1.63 -0.61 0.64 0.14 0.09 -1.28
46 84.0 139.0 96.0 32.0 1.49 -0.58 0.62 0.02 0.08 -1.35
47 105.0 130.0 90.0 39.0 1.4 -0.58 0.62 0.05 0.11 -1.44
48 122.0 126.0 90.0 36.0 1.24 -0.59 0.62 0.0 -0.03 -1.55
49 117.0 139.0 99.0 36.0 1.01 -0.55 0.64 -0.26 -0.03 -1.9
50 125.0 139.0 101.0 37.0 0.93 -0.55 0.63 -0.33 -0.09 -1.63
51 154.0 163.0 105.0 49.0 0.81 -0.54 0.61 -0.34 -0.03 -1.81
52 156.0 190.0 101.0 56.0 0.72 -0.43 0.6 -0.07 -0.08 -2.14
53 193.0 181.0 109.0 55.0 0.63 -0.29 0.62 -0.09 0.15 -2.53
54 221.0 173.0 106.0 56.0 0.56 -0.33 0.6 -0.07 -0.36 -2.09
55 252.0 163.0 100.0 50.0 0.45 -0.29 0.57 0.13 -0.06 -2.03
56 225.0 173.0 95.0 59.0 0.33 -0.33 0.46 -0.1 -0.53 -1.59
57 226.0 180.0 111.0 54.0 0.29 -0.35 0.4 0.02 -0.48 -1.6
58 267.0 168.0 119.0 50.0 0.2 -0.28 0.3 0.0 -0.65 -1.7
59 242.0 171.0 115.0 47.0 0.17 -0.2 0.27 0.08 -0.8 -1.2
60 238.0 172.0 115.0 42.0 0.1 -0.03 0.21 0.06 -0.85 -1.08
61 213.0 168.0 110.0 40.0 0.07 0.03 0.15 0.07 -0.95 -1.01
62 261.0 160.0 107.0 43.0 0.07 0.01 0.11 0.29 -0.81 -0.94
63 293.0 156.0 115.0 46.0 0.04 0.04 0.05 0.21 -0.76 -0.76
64 268.0 183.0 103.0 43.0 0.01 0.1 -0.0 0.26 -0.62 -0.72
65 256.0 179.0 111.0 46.0 -0.01 0.12 -0.05 0.25 -0.43 -0.59
66 217.0 193.0 114.0 43.0 -0.03 0.13 -0.06 0.14 -0.35 -0.6
67 230.0 176.0 110.0 48.0 -0.05 0.13 -0.08 0.05 -0.18 -0.5
68 240.0 165.0 103.0 43.0 -0.07 0.07 -0.08 -0.02 0.0 -0.35
69 287.0 185.0 108.0 40.0 -0.09 0.05 -0.07 0.07 0.06 -0.27
70 260.0 183.0 100.0 41.0 -0.1 0.05 -0.04 0.0 0.07 -0.18
71 247.0 178.0 99.0 39.0 -0.11 0.05 -0.04 -0.05 -0.02 -0.05
72 242.0 168.0 93.0 43.0 -0.12 0.02 -0.02 0.0 0.0 -0.08
73 252.0 169.0 94.0 42.0 -0.11 0.02 -0.01 0.02 0.04 -0.07
74 217.0 175.0 115.0 39.0 -0.1 0.03 -0.01 0.08 0.08 -0.14
75 213.0 164.0 117.0 40.0 -0.11 0.04 -0.02 0.12 0.13 -0.14
76 192.0 160.0 111.0 37.0 -0.09 0.03 -0.03 0.09 0.22 -0.08
77 194.0 165.0 108.0 34.0 -0.09 0.02 -0.04 0.01 0.28 0.0
78 217.0 155.0 117.0 37.0 -0.09 0.02 -0.05 -0.01 0.28 -0.05
79 191.0 153.0 117.0 36.0 -0.08 0.01 -0.03 -0.09 0.15 -0.04
80 238.0 147.0 120.0 36.0 -0.07 -0.01 -0.02 -0.1 0.1 -0.01
81 224.0 142.0 121.0 34.0 -0.07 -0.03 0.02 -0.08 0.09 0.0
82 213.0 159.0 117.0 32.0 -0.05 -0.01 0.04 0.23 -0.14 -0.02
83 222.0 163.0 109.0 30.0 -0.04 0.0 0.03 0.59 -0.34 -0.22
84 247.0 157.0 105.0 28.0 -0.04 -0.01 0.01 1.04 -0.51 -0.45
85 237.0 157.0 97.0 28.0 -0.04 -0.01 -0.1 1.41 -0.55 -0.61
86 230.0 151.0 90.0 28.0 -0.05 -0.01 -0.18 1.99 -0.65 -0.99
87 269.0 187.0 83.0 28.0 -0.09 0.06 -0.39 1.99 -0.63 -1.1
88 318.0 180.0 83.0 28.0 -0.13 0.13 -0.63 2.36 -0.63 -1.4
89 309.0 187.0 85.0 28.0 -0.16 0.21 -0.77 2.08 -0.67 -1.49
90 400.0 189.0 84.0 33.0 -0.21 0.27 -1.05 2.0 -0.77 -1.5
91 393.0 194.0 80.0 33.0 -0.19 0.19 -1.38 2.02 -0.62 -0.87
92 398.0 186.0 82.0 31.0 -0.22 0.2 -1.52 1.31 -0.51 -0.52
93 371.0 177.0 82.0 36.0 -0.26 0.23 -1.75 0.64 -0.22 -0.51
94 437.0 178.0 85.0 35.0 -0.32 0.19 -1.88 0.3 -0.15 -0.17
95 394.0 171.0 82.0 35.0 -0.35 0.19 -1.89 -0.87 -0.18 -0.08
96 385.0 183.0 83.0 34.0 -0.42 0.23 -1.78 -1.42 -0.17 0.11
97 346.0 177.0 81.0 35.0 -0.45 0.22 -1.58 -2.12 -0.14 0.27
98 324.0 173.0 80.0 58.0 -0.45 0.18 -1.46 -2.88 -0.1 0.72
99 307.0 165.0 78.0 51.0 -0.46 0.06 -1.17 -3.03 -0.09 0.74
100 299.0 178.0 82.0 52.0 -0.43 0.02 -0.84 -3.36 -0.05 0.39
101 271.0 184.0 96.0 47.0 -0.41 -0.01 -0.66 -3.54 -0.01 0.49
102 269.0 176.0 98.0 41.0 -0.32 -0.11 -0.3 -3.55 0.04 0.46
103 254.0 162.0 94.0 38.0 -0.25 -0.18 0.01 -3.23 0.21 0.51
104 264.0 193.0 91.0 40.0 -0.2 -0.19 0.16 -2.88 0.38 0.06
105 213.0 190.0 105.0 36.0 -0.15 -0.2 0.41 -2.65 0.44 -0.05
106 176.0 185.0 101.0 34.0 -0.15 -0.18 0.61 -2.37 0.5 -0.41
107 145.0 170.0 94.0 32.0 -0.14 -0.16 0.68 -2.15 0.42 -0.44
108 115.0 162.0 97.0 30.0 -0.12 -0.1 0.79 -2.01 0.3 -0.45
109 115.0 172.0 92.0 30.0 -0.11 0.04 0.94 -1.38 0.15 -0.52
110 103.0 178.0 91.0 29.0 -0.11 0.15 1.03 -1.35 0.11 -0.58
111 105.0 170.0 112.0 27.0 -0.15 0.31 1.19 -1.48 0.1 -0.61
112 114.0 156.0 108.0 31.0 -0.26 0.27 1.34 -2.42 0.11 -0.67
113 110.0 150.0 98.0 30.0 -0.35 0.17 1.39 -2.49 -0.07 -0.48
114 109.0 168.0 98.0 29.0 -0.41 -0.06 1.45 -1.62 -0.2 -0.22
115 123.0 175.0 102.0 27.0 -0.43 -0.14 1.55 -0.18 -0.33 -0.1
116 131.0 168.0 99.0 28.0 -0.43 -0.13 1.58 0.47 -0.49 0.01
117 156.0 161.0 97.0 27.0 -0.38 -0.12 1.57 0.68 -0.46 0.25
118 182.0 155.0 94.0 27.0 -0.3 -0.14 1.44 1.41 -0.44 0.37
119 203.0 154.0 105.0 31.0 -0.24 -0.15 1.36 1.73 -0.29 0.29
120 231.0 155.0 97.0 30.0 -0.15 -0.14 1.2 2.03 -0.24 0.25
121 218.0 160.0 95.0 29.0 -0.15 -0.07 1.02 2.76 -0.3 0.0
122 219.0 152.0 110.0 28.0 -0.14 -0.07 0.91 3.3 -0.34 -0.04
123 219.0 152.0 110.0 27.0 -0.1 -0.06 0.65 3.59 -0.45 -0.09
124 206.0 150.0 111.0 27.0 -0.05 -0.04 0.36 3.69 -0.57 0.02
125 203.0 152.0 104.0 30.0 -0.02 -0.03 0.2 3.9 -0.72 0.03
126 237.0 155.0 95.0 29.0 0.01 0.02 -0.13 3.76 -0.85 -0.05
127 260.0 150.0 90.0 29.0 0.02 0.09 -0.43 3.58 -0.98 -0.44
128 262.0 177.0 89.0 27.0 0.02 0.14 -0.56 2.72 -0.77 -0.74
129 259.0 169.0 92.0 27.0 -0.04 0.17 -0.77 2.49 -0.7 -0.82
130 263.0 164.0 95.0 31.0 -0.09 0.08 -0.91 2.01 -0.51 -0.77
131 265.0 163.0 88.0 30.0 -0.15 0.05 -0.95 1.79 -0.55 -0.64
132 309.0 157.0 81.0 31.0 -0.25 -0.01 -1.04 1.51 -0.59 -0.44
133 333.0 152.0 80.0 29.0 -0.33 -0.05 -1.14 1.05 -0.67 -0.38
134 385.0 158.0 87.0 32.0 -0.35 -0.08 -1.18 0.44 -0.67 -0.16
135 358.0 152.0 98.0 30.0 -0.31 -0.15 -1.27 0.3 -0.43 -0.15
136 342.0 146.0 101.0 36.0 -0.26 -0.16 -1.37 -0.34 -0.13 0.27
137 345.0 146.0 95.0 38.0 -0.26 -0.13 -1.39 -1.41 0.12 0.78
138 313.0 168.0 98.0 36.0 -0.26 -0.05 -1.38 -1.56 0.24 0.48
139 293.0 154.0 96.0 41.0 -0.24 -0.01 -1.27 -1.97 0.36 -0.03
140 352.0 149.0 102.0 38.0 -0.25 0.02 -1.17 -2.42 0.28 0.03
141 349.0 153.0 98.0 34.0 -0.23 -0.01 -0.96 -2.75 0.19 0.49
142 318.0 160.0 106.0 37.0 -0.2 -0.05 -0.71 -2.99 0.23 0.42
143 338.0 159.0 105.0 34.0 -0.17 -0.06 -0.58 -2.63 0.37 0.42
144 281.0 153.0 104.0 32.0 -0.08 -0.04 -0.37 -2.58 0.4 0.43
145 312.0 159.0 103.0 31.0 -0.02 -0.05 -0.18 -2.24 0.54 0.16
146 337.0 161.0 109.0 34.0 -0.0 -0.05 -0.1 -1.81 0.64 -0.01
147 335.0 163.0 103.0 34.0 0.02 -0.05 0.03 -1.64 0.63 -0.08
148 293.0 158.0 100.0 32.0 0.03 -0.02 0.11 -1.02 0.58 -0.26
149 286.0 150.0 99.0 33.0 0.04 -0.0 0.13 -0.92 0.5 -0.3
150 258.0 153.0 96.0 36.0 0.07 0.02 0.13 -0.57 0.52 -0.35
151 243.0 149.0 99.0 34.0 0.06 0.09 0.12 -0.51 0.49 -0.43
152 252.0 145.0 98.0 33.0 0.05 0.11 0.11 -0.39 0.37 -0.45
153 268.0 134.0 90.0 32.0 0.04 0.15 0.1 -0.42 0.32 -0.47
154 248.0 126.0 89.0 34.0 0.03 0.15 0.1 -0.33 0.25 -0.49
155 241.0 126.0 86.0 32.0 0.02 0.15 0.1 -0.32 0.27 -0.46
156 214.0 127.0 80.0 31.0 -0.02 0.14 0.12 -0.11 0.11 -0.36
157 207.0 116.0 77.0 33.0 -0.04 0.16 0.11 -0.15 0.01 -0.37
158 226.0 119.0 74.0 37.0 -0.05 0.14 0.1 -0.09 0.0 -0.37
159 249.0 113.0 89.0 36.0 -0.05 0.11 0.1 -0.07 0.0 -0.39
160 236.0 110.0 98.0 34.0 -0.06 0.12 0.1 0.02 0.03 -0.37
161 255.0 130.0 92.0 32.0 -0.07 0.1 0.1 0.03 0.03 -0.35
162 232.0 128.0 88.0 30.0 -0.1 0.1 0.11 0.06 -0.04 -0.21
163 219.0 141.0 87.0 37.0 -0.14 0.14 0.11 0.14 -0.09 -0.2
164 220.0 147.0 85.0 37.0 -0.15 0.15 0.09 0.12 -0.03 -0.28
165 217.0 147.0 83.0 37.0 -0.16 0.13 0.06 0.2 -0.03 -0.36
166 253.0 138.0 112.0 35.0 -0.15 0.14 0.03 0.17 -0.06 -0.26
167 217.0 136.0 110.0 36.0 -0.14 0.14 0.02 -0.01 -0.06 -0.26
168 201.0 129.0 101.0 33.0 -0.14 0.12 0.02 -0.16 -0.02 -0.21
169 227.0 123.0 92.0 39.0 -0.15 0.11 0.05 0.0 0.07 -0.45
170 244.0 116.0 86.0 35.0 -0.18 0.14 0.06 0.02 0.07 -0.54
171 226.0 124.0 82.0 34.0 -0.22 0.21 0.07 0.12 0.15 -0.6
172 239.0 116.0 79.0 31.0 -0.28 0.26 0.05 0.0 0.17 -0.84
173 196.0 112.0 80.0 30.0 -0.31 0.27 0.04 -0.03 0.26 -0.91
174 189.0 115.0 72.0 30.0 -0.38 0.24 0.02 -0.1 0.23 -1.32
175 183.0 134.0 69.0 29.0 -0.47 0.21 0.02 0.02 0.41 -1.55
176 188.0 128.0 70.0 35.0 -0.53 0.26 0.03 0.11 0.34 -1.66
177 156.0 123.0 74.0 31.0 -0.66 0.39 0.03 0.03 0.25 -1.63
178 128.0 114.0 76.0 30.0 -0.78 0.49 -0.04 0.2 0.34 -1.84
179 104.0 105.0 84.0 31.0 -0.84 0.56 -0.07 0.14 0.29 -1.81
180 94.0 115.0 78.0 30.0 -1.01 0.64 -0.12 -0.08 0.37 -1.86
181 88.0 107.0 81.0 31.0 -1.23 0.45 -0.14 -0.35 0.09 -2.19
182 85.0 103.0 81.0 32.0 -1.37 0.35 -0.13 -0.26 0.11 -2.22
183 74.0 100.0 77.0 30.0 -1.66 0.1 -0.05 -0.11 -0.1 -2.71
184 116.0 96.0 73.0 30.0 -1.91 -0.09 -0.08 0.15 -0.34 -2.72
185 126.0 92.0 78.0 29.0 -2.06 -0.09 -0.08 0.31 -0.65 -2.83
186 146.0 92.0 75.0 28.0 -2.31 -0.06 -0.13 0.91 -0.48 -3.4
187 140.0 92.0 73.0 35.0 -2.01 0.57 -0.2 9.38 0.05 19.92
188 119.0 90.0 78.0 35.0 -0.73 2.17 -0.63 10.06 2.18 -3.59
189 158.0 90.0 83.0 34.0 0.14 -0.6 -0.58 -0.04 -0.97 -6.5
190 163.0 91.0 78.0 32.0 0.59 0.66 -0.11 -2.83 0.59 -0.26
191 134.0 90.0 73.0 32.0 0.42 0.59 -0.19 -1.71 0.98 0.9
192 173.0 89.0 67.0 31.0 -0.35 0.02 -0.27 2.15 -0.02 0.61
193 148.0 85.0 64.0 29.0 -0.48 0.25 -0.09 0.81 -0.69 -0.53
194 141.0 86.0 64.0 29.0 -0.29 0.35 -0.01 0.02 -0.63 -0.75
195 123.0 88.0 64.0 28.0 0.11 0.38 -0.03 -0.08 0.06 -0.59
196 111.0 86.0 63.0 28.0 -0.04 0.34 -0.03 -0.27 -0.1 -0.08
197 138.0 87.0 65.0 28.0 -0.1 0.29 0.01 -0.55 -0.16 -0.14
198 133.0 83.0 66.0 28.0 -0.03 0.07 0.09 -0.45 0.0 -0.14
199 137.0 83.0 66.0 32.0 0.06 0.02 0.09 0.18 0.47 0.2
200 132.0 84.0 69.0 31.0 0.07 0.09 0.05 0.17 0.43 0.08
201 144.0 80.0 68.0 31.0 -0.04 0.25 0.02 -0.21 0.35 0.02
202 141.0 79.0 66.0 31.0 -0.07 0.15 -0.0 -0.49 0.29 0.04
203 126.0 78.0 68.0 30.0 -0.06 0.09 -0.0 -0.47 0.15 -0.12
204 135.0 80.0 65.0 31.0 -0.05 -0.0 0.0 -0.24 0.19 -0.03
205 118.0 78.0 63.0 30.0 -0.06 0.03 -0.0 0.1 0.22 -0.11
206 113.0 80.0 60.0 29.0 -0.04 0.07 -0.01 0.25 0.19 0.0
207 110.0 78.0 59.0 30.0 -0.04 0.11 -0.0 0.06 0.08 -0.03
208 95.0 76.0 58.0 32.0 -0.07 0.05 0.02 -0.09 -0.06 -0.08
209 105.0 78.0 56.0 33.0 -0.08 0.02 0.03 -0.09 -0.12 -0.16
210 92.0 77.0 59.0 33.0 -0.04 0.04 0.04 -0.07 -0.07 -0.04
211 125.0 77.0 58.0 35.0 -0.02 0.05 0.05 -0.08 0.04 -0.08
212 142.0 76.0 60.0 36.0 -0.01 0.08 0.03 -0.1 0.08 -0.08
213 131.0 76.0 64.0 35.0 0.01 0.11 0.01 -0.09 0.25 0.02
214 132.0 76.0 64.0 34.0 -0.0 0.06 0.01 -0.1 0.21 0.0
215 110.0 75.0 62.0 32.0 -0.01 0.04 0.0 -0.1 0.11 -0.03
216 99.0 74.0 59.0 30.0 -0.03 0.01 -0.0 -0.06 0.05 -0.08
217 86.0 75.0 59.0 30.0 -0.01 0.07 -0.02 -0.01 0.03 -0.07
218 90.0 76.0 58.0 30.0 0.01 0.1 -0.03 -0.06 0.02 -0.08
219 77.0 76.0 56.0 29.0 0.03 0.12 -0.04 -0.16 0.04 -0.13
220 69.0 76.0 57.0 28.0 0.04 0.04 -0.03 -0.16 0.13 -0.1
221 100.0 76.0 57.0 29.0 0.04 0.01 -0.03 -0.08 0.15 -0.07
222 96.0 76.0 58.0 29.0 0.04 0.02 -0.04 -0.03 0.18 0.0
223 83.0 74.0 56.0 29.0 0.02 0.04 -0.04 -0.03 0.2 0.02
224 77.0 74.0 62.0 29.0 0.01 0.03 -0.03 -0.08 0.16 -0.03
225 74.0 74.0 61.0 28.0 0.01 0.03 -0.03 -0.06 0.05 -0.06
