1 61.0 71.0 47.0 23.0 -0.01 -0.0 0.02 -0.07 0.04 -0.05
2 63.0 74.0 48.0 23.0 -0.01 0.0 0.02 -0.06 0.06 -0.03
3 57.0 74.0 48.0 24.0 -0.0 -0.0 0.01 -0.03 0.08 -0.03
4 53.0 73.0 49.0 23.0 -0.0 -0.0 0.01 -0.03 0.15 -0.02
5 46.0 72.0 50.0 23.0 -0.01 0.01 0.01 -0.04 0.13 -0.02
6 40.0 76.0 50.0 23.0 -0.01 0.0 0.0 -0.07 0.07 -0.06
7 37.0 72.0 50.0 23.0 -0.01 0.0 0.0 -0.09 0.05 -0.08
8 60.0 73.0 51.0 23.0 -0.01 -0.01 0.0 -0.02 0.04 -0.04
9 64.0 75.0 50.0 23.0 0.0 -0.0 0.01 0.0 0.09 -0.04
10 62.0 75.0 51.0 23.0 0.0 0.0 0.01 0.01 0.09 -0.07
11 56.0 74.0 50.0 23.0 -0.0 0.01 0.01 -0.06 0.09 -0.03
12 52.0 73.0 50.0 23.0 -0.01 -0.01 0.01 -0.08 0.07 -0.04
13 49.0 73.0 49.0 23.0 -0.01 -0.01 0.01 -0.04 0.06 -0.02
14 45.0 75.0 51.0 23.0 -0.01 -0.02 0.01 0.0 0.06 -0.05
15 61.0 73.0 50.0 23.0 -0.01 -0.01 0.01 -0.06 0.08 -0.04
16 61.0 73.0 50.0 23.0 -0.01 -0.01 0.01 -0.05 0.09 -0.05
17 55.0 73.0 50.0 23.0 -0.01 -0.01 0.0 -0.07 0.06 -0.05
18 52.0 73.0 51.0 23.0 -0.01 -0.01 0.0 -0.06 0.04 -0.05
19 53.0 73.0 52.0 23.0 -0.01 -0.0 0.0 -0.06 0.06 -0.06
20 60.0 73.0 52.0 23.0 -0.01 -0.02 0.0 -0.08 0.11 -0.03
21 58.0 74.0 53.0 23.0 -0.02 -0.06 0.01 -0.02 0.07 -0.07
22 77.0 74.0 53.0 23.0 -0.02 -0.06 0.01 -0.01 0.13 -0.03
23 71.0 74.0 52.0 23.0 -0.03 -0.05 0.01 0.07 0.1 0.01
24 74.0 76.0 52.0 23.0 -0.04 -0.05 0.02 -0.03 0.07 -0.03
25 71.0 76.0 51.0 23.0 -0.04 -0.05 0.02 -0.07 0.07 -0.07
26 66.0 79.0 50.0 23.0 -0.05 -0.06 0.03 -0.13 0.17 -0.03
27 58.0 98.0 50.0 24.0 -0.07 -0.08 0.03 -0.03 0.16 0.0
28 75.0 99.0 50.0 23.0 -0.08 -0.09 0.03 -0.01 0.09 0.0
29 70.0 102.0 50.0 23.0 -0.09 -0.09 0.03 0.14 0.03 -0.03
30 62.0 98.0 49.0 23.0 -0.09 -0.05 0.02 0.12 0.02 -0.05
31 57.0 107.0 48.0 23.0 -0.09 -0.02 0.02 0.03 0.0 -0.09
32 56.0 101.0 48.0 23.0 -0.07 -0.01 0.02 -0.22 0.02 -0.06
33 50.0 105.0 47.0 24.0 -0.04 -0.03 0.01 -0.2 0.13 -0.03
34 73.0 110.0 47.0 23.0 -0.04 -0.04 0.01 -0.07 0.11 -0.05
35 64.0 104.0 47.0 24.0 -0.05 -0.04 0.0 0.03 0.12 -0.03
36 93.0 113.0 47.0 24.0 -0.07 -0.05 -0.01 -0.03 0.04 -0.05
37 93.0 133.0 47.0 31.0 -0.09 -0.06 -0.0 -0.07 0.05 -0.05
38 95.0 179.0 48.0 29.0 -0.09 -0.08 0.01 -0.01 0.12 -0.01
39 90.0 175.0 50.0 40.0 -0.11 -0.15 0.03 -0.17 0.14 0.0
40 132.0 217.0 56.0 96.0 -0.11 -0.2 0.04 -0.05 0.2 0.08
41 152.0 230.0 56.0 118.0 -0.14 -0.33 0.08 -0.09 0.07 0.08
42 130.0 204.0 55.0 111.0 -0.19 -0.42 0.13 0.3 -0.04 0.07
43 117.0 239.0 59.0 197.0 -0.15 -0.39 0.15 0.29 0.03 0.04
44 112.0 263.0 58.0 196.0 -0.08 -0.23 0.18 0.51 0.07 0.11
45 125.0 266.0 59.0 170.0 -0.05 -0.08 0.23 -0.43 -0.22 0.2
46 115.0 284.0 59.0 196.0 0.03 -0.08 0.26 -0.19 -0.06 0.3
47 112.0 297.0 61.0 192.0 0.23 -0.1 0.31 -0.69 -0.37 0.5
48 94.0 305.0 60.0 181.0 0.39 -0.18 0.32 -2.58 -2.19 1.03
49 81.0 279.0 62.0 161.0 0.48 -0.31 0.13 0.81 -0.07 1.84
50 69.0 273.0 64.0 138.0 0.69 0.13 0.28 -0.75 3.63 3.36
51 67.0 257.0 80.0 113.0 1.25 0.33 0.24 -1.17 -1.7 2.34
52 86.0 230.0 109.0 96.0 1.43 0.27 0.32 -2.04 0.4 2.75
53 93.0 207.0 103.0 81.0 1.72 -0.09 0.43 -1.99 0.53 4.18
54 128.0 217.0 96.0 70.0 1.78 -0.38 0.59 -1.19 0.68 3.07
55 151.0 279.0 89.0 72.0 1.8 -0.56 0.63 -0.74 0.73 2.29
56 164.0 252.0 87.0 64.0 1.81 -0.74 0.69 -0.17 0.73 1.14
57 150.0 239.0 97.0 60.0 1.77 -0.67 0.68 0.22 0.22 0.79
58 128.0 223.0 107.0 51.0 1.76 -0.73 0.64 0.08 -0.14 0.93
59 151.0 209.0 95.0 47.0 1.9 -0.99 0.54 0.37 -0.09 0.49
60 182.0 188.0 88.0 45.0 1.98 -1.0 0.49 0.54 0.14 -0.36
61 158.0 182.0 84.0 45.0 1.94 -0.89 0.49 0.2 0.24 -0.54
62 160.0 224.0 85.0 47.0 1.7 -0.72 0.49 -0.09 -0.24 -0.77
63 146.0 213.0 84.0 41.0 1.66 -0.8 0.46 -0.01 -0.18 -2.34
64 154.0 224.0 88.0 43.0 1.68 -0.87 0.47 0.2 -0.21 -2.32
65 149.0 206.0 96.0 40.0 1.6 -0.84 0.55 -0.12 -0.17 -1.74
66 174.0 195.0 90.0 38.0 1.53 -0.77 0.56 0.07 -0.01 -1.36
67 153.0 193.0 90.0 35.0 1.47 -0.71 0.54 -0.08 0.06 -1.41
68 172.0 202.0 97.0 37.0 1.25 -0.53 0.52 -0.34 0.15 -1.75
69 165.0 193.0 112.0 41.0 1.08 -0.55 0.46 -0.37 0.0 -1.41
70 178.0 179.0 105.0 52.0 1.0 -0.57 0.43 -0.53 -0.02 -1.38
71 186.0 175.0 100.0 71.0 0.84 -0.48 0.43 -0.71 -0.14 -1.6
72 241.0 179.0 97.0 72.0 0.72 -0.39 0.47 -0.67 -0.29 -1.95
73 219.0 182.0 101.0 74.0 0.67 -0.36 0.51 -0.75 -0.37 -1.99
74 191.0 207.0 97.0 73.0 0.59 -0.36 0.58 -0.59 -0.5 -1.61
75 305.0 203.0 99.0 71.0 0.52 -0.35 0.6 -0.07 -0.64 -1.54
76 261.0 203.0 104.0 71.0 0.48 -0.34 0.58 0.15 -0.73 -1.6
77 249.0 195.0 98.0 81.0 0.39 -0.28 0.52 0.48 -0.89 -1.62
78 274.0 216.0 96.0 89.0 0.31 -0.27 0.43 1.0 -1.04 -1.69
79 349.0 200.0 94.0 94.0 0.29 -0.28 0.38 1.29 -1.13 -1.85
80 308.0 180.0 101.0 94.0 0.24 -0.28 0.24 1.83 -1.51 -1.9
81 290.0 169.0 110.0 97.0 0.18 -0.24 0.03 2.22 -1.52 -1.93
82 278.0 167.0 102.0 90.0 0.15 -0.2 -0.07 2.41 -1.53 -1.95
83 366.0 194.0 95.0 91.0 0.07 -0.15 -0.29 2.67 -1.47 -2.14
84 386.0 192.0 91.0 97.0 -0.05 -0.15 -0.51 2.64 -1.33 -2.07
85 352.0 189.0 86.0 95.0 -0.11 -0.12 -0.64 2.56 -1.22 -2.12
86 336.0 197.0 88.0 95.0 -0.23 -0.05 -0.92 2.69 -0.86 -1.87
87 355.0 187.0 89.0 91.0 -0.33 0.04 -1.22 2.34 -0.68 -1.23
88 390.0 194.0 92.0 91.0 -0.37 0.07 -1.39 2.08 -0.61 -1.0
89 369.0 186.0 97.0 83.0 -0.4 0.19 -1.69 1.64 -0.34 0.25
90 327.0 191.0 92.0 77.0 -0.45 0.26 -1.87 0.43 -0.31 0.43
91 283.0 209.0 87.0 80.0 -0.47 0.22 -1.91 -0.67 -0.2 0.69
92 319.0 198.0 94.0 86.0 -0.46 0.19 -1.88 -1.27 -0.07 0.44
93 351.0 189.0 94.0 74.0 -0.45 0.23 -1.66 -2.44 0.09 0.41
94 329.0 171.0 89.0 74.0 -0.43 0.21 -1.5 -2.94 0.15 0.45
95 287.0 167.0 89.0 69.0 -0.41 0.12 -1.16 -3.44 0.14 0.96
96 303.0 170.0 91.0 72.0 -0.35 0.02 -0.83 -3.62 0.35 1.01
97 300.0 164.0 89.0 65.0 -0.33 -0.01 -0.68 -3.62 0.45 0.93
98 255.0 160.0 91.0 64.0 -0.27 -0.02 -0.38 -3.55 0.54 0.67
99 206.0 148.0 89.0 58.0 -0.21 -0.04 -0.08 -3.34 0.55 0.4
100 204.0 158.0 106.0 57.0 -0.17 -0.05 0.06 -3.19 0.56 0.25
101 218.0 147.0 104.0 57.0 -0.12 0.01 0.31 -3.15 0.48 0.15
102 234.0 143.0 97.0 56.0 -0.13 0.08 0.56 -3.26 0.24 -0.4
103 236.0 151.0 99.0 53.0 -0.13 0.07 0.66 -2.89 0.17 -0.49
104 211.0 154.0 101.0 53.0 -0.15 -0.0 0.88 -2.56 0.05 -0.49
105 227.0 157.0 102.0 52.0 -0.14 -0.0 1.04 -1.87 -0.04 -0.82
106 235.0 172.0 92.0 53.0 -0.16 -0.03 1.11 -1.72 -0.16 -0.77
107 260.0 163.0 89.0 47.0 -0.19 -0.07 1.22 -1.23 -0.26 -0.91
108 228.0 158.0 92.0 47.0 -0.23 -0.09 1.26 -0.71 -0.24 -0.92
109 207.0 169.0 97.0 49.0 -0.26 -0.07 1.27 -0.49 -0.24 -0.93
110 179.0 168.0 93.0 45.0 -0.28 -0.03 1.27 0.08 -0.24 -0.77
111 257.0 160.0 95.0 45.0 -0.3 0.0 1.23 0.25 -0.14 -0.44
112 212.0 150.0 94.0 45.0 -0.32 0.02 1.19 0.72 -0.08 -0.15
113 211.0 153.0 98.0 51.0 -0.36 0.07 1.1 0.94 -0.12 -0.02
114 193.0 148.0 95.0 54.0 -0.37 0.09 0.99 1.67 -0.28 0.09
115 180.0 157.0 95.0 49.0 -0.36 0.1 0.92 1.83 -0.29 0.19
116 227.0 163.0 97.0 45.0 -0.31 0.15 0.76 2.24 -0.45 0.27
117 218.0 151.0 94.0 42.0 -0.25 0.17 0.58 2.38 -0.49 0.23
118 180.0 150.0 91.0 39.0 -0.19 0.16 0.48 2.31 -0.52 0.1
119 160.0 144.0 85.0 37.0 -0.1 0.11 0.27 2.23 -0.55 -0.03
120 160.0 144.0 83.0 35.0 -0.05 0.1 0.09 1.81 -0.4 -0.11
121 179.0 144.0 79.0 37.0 -0.06 0.11 0.03 1.71 -0.45 -0.2
122 167.0 145.0 75.0 36.0 -0.07 0.1 -0.09 1.59 -0.43 -0.2
123 177.0 137.0 70.0 34.0 -0.09 0.09 -0.17 1.51 -0.28 -0.32
124 172.0 125.0 79.0 33.0 -0.1 0.07 -0.21 1.49 -0.23 -0.28
125 154.0 118.0 81.0 32.0 -0.13 0.04 -0.3 1.57 -0.22 -0.09
126 147.0 168.0 77.0 34.0 -0.14 0.05 -0.41 1.63 -0.34 0.18
127 181.0 162.0 71.0 31.0 -0.14 0.08 -0.48 1.58 -0.47 0.31
128 231.0 149.0 70.0 31.0 -0.09 0.12 -0.63 1.74 -0.54 -0.09
129 280.0 161.0 87.0 33.0 -0.07 0.13 -0.77 1.95 -0.53 -0.39
130 241.0 149.0 87.0 33.0 -0.06 0.13 -0.86 1.78 -0.41 -0.74
131 266.0 146.0 85.0 46.0 -0.06 0.08 -1.07 1.78 -0.31 -0.55
132 289.0 148.0 80.0 43.0 -0.07 0.11 -1.3 1.11 -0.15 -0.48
133 322.0 148.0 82.0 44.0 -0.08 0.16 -1.4 0.78 -0.01 -0.46
134 287.0 142.0 94.0 49.0 -0.12 0.22 -1.53 0.14 0.09 -0.8
135 341.0 141.0 92.0 43.0 -0.19 0.23 -1.55 -1.49 0.26 -0.76
136 314.0 141.0 92.0 44.0 -0.22 0.18 -1.51 -2.1 0.27 -0.33
137 326.0 147.0 86.0 50.0 -0.32 0.02 -1.33 -3.36 0.36 0.29
138 292.0 143.0 82.0 46.0 -0.39 -0.11 -1.02 -3.95 0.37 0.62
139 299.0 147.0 88.0 45.0 -0.39 -0.15 -0.83 -4.01 0.41 0.69
140 284.0 137.0 82.0 41.0 -0.33 -0.14 -0.44 -4.07 0.26 1.11
141 281.0 139.0 77.0 38.0 -0.2 -0.15 -0.09 -3.63 0.39 1.26
142 301.0 136.0 82.0 35.0 -0.12 -0.14 0.06 -2.87 0.58 0.9
143 272.0 134.0 80.0 33.0 -0.0 -0.09 0.28 -2.23 0.75 0.45
144 251.0 124.0 78.0 41.0 0.05 -0.01 0.39 -1.25 0.78 -0.11
145 230.0 124.0 76.0 37.0 0.07 -0.01 0.4 -0.83 0.73 -0.24
146 235.0 117.0 75.0 37.0 0.13 0.03 0.37 -0.02 0.64 -0.59
147 216.0 135.0 73.0 35.0 0.15 0.11 0.29 0.07 0.6 -0.66
148 262.0 129.0 69.0 34.0 0.15 0.13 0.24 0.13 0.6 -0.68
149 238.0 123.0 74.0 35.0 0.11 0.15 0.16 0.12 0.35 -0.57
150 230.0 116.0 73.0 33.0 0.08 0.21 0.12 0.19 0.17 -0.43
151 256.0 116.0 71.0 35.0 0.06 0.23 0.1 0.0 0.0 -0.38
152 239.0 112.0 68.0 34.0 0.03 0.23 0.07 0.06 -0.01 -0.27
153 227.0 111.0 65.0 34.0 0.0 0.2 0.05 -0.03 -0.13 -0.22
154 222.0 124.0 65.0 33.0 -0.01 0.17 0.06 0.01 -0.2 -0.24
155 216.0 118.0 65.0 32.0 -0.02 0.16 0.08 0.14 -0.23 -0.2
156 223.0 109.0 63.0 30.0 -0.02 0.13 0.09 0.05 -0.28 -0.15
157 217.0 105.0 61.0 31.0 -0.01 0.08 0.1 0.08 -0.23 -0.2
158 193.0 104.0 60.0 30.0 0.0 0.0 0.11 0.17 -0.19 -0.08
159 174.0 101.0 59.0 29.0 -0.0 -0.04 0.11 0.22 -0.07 -0.13
160 143.0 96.0 63.0 32.0 -0.02 -0.04 0.11 0.26 0.0 -0.05
161 144.0 96.0 61.0 31.0 -0.04 -0.03 0.09 0.2 0.01 0.05
162 172.0 95.0 60.0 31.0 -0.06 -0.04 0.06 0.18 0.01 0.0
163 190.0 108.0 59.0 30.0 -0.07 -0.03 0.05 0.22 0.0 -0.05
164 175.0 102.0 58.0 29.0 -0.08 -0.01 0.02 0.23 -0.04 -0.14
165 140.0 96.0 56.0 27.0 -0.07 0.0 0.01 0.19 0.01 -0.12
166 111.0 99.0 60.0 26.0 -0.07 0.0 0.0 0.17 0.0 -0.16
167 99.0 95.0 63.0 26.0 -0.05 0.01 -0.03 0.23 0.0 -0.38
168 81.0 105.0 61.0 26.0 -0.04 0.08 -0.04 0.3 0.06 -0.53
169 71.0 107.0 58.0 26.0 -0.04 0.14 -0.05 0.24 0.13 -0.53
170 64.0 108.0 56.0 24.0 -0.07 0.28 -0.05 0.24 0.17 -0.84
171 57.0 101.0 53.0 24.0 -0.14 0.39 -0.01 -0.15 0.21 -1.28
172 78.0 96.0 52.0 24.0 -0.25 0.58 0.04 -0.27 0.23 -1.42
173 65.0 92.0 51.0 24.0 -0.42 0.91 0.12 -0.42 0.45 -1.85
174 55.0 86.0 51.0 24.0 -0.62 1.24 0.2 -0.54 0.44 -2.72
175 46.0 85.0 51.0 24.0 -0.75 1.34 0.24 -0.54 0.49 -3.01
176 41.0 100.0 53.0 23.0 -1.07 1.37 0.28 -0.69 0.36 -2.82
177 36.0 96.0 51.0 25.0 -1.43 1.27 0.31 -0.83 0.15 -2.68
178 42.0 107.0 49.0 24.0 -1.58 1.21 0.3 -0.68 0.24 -2.82
179 47.0 109.0 51.0 24.0 -1.9 1.13 0.29 -0.44 0.08 -2.8
180 67.0 110.0 51.0 24.0 -2.07 1.12 0.24 -0.16 0.3 -3.07
181 56.0 104.0 50.0 24.0 -2.21 1.13 0.21 -0.23 0.16 -2.83
182 53.0 99.0 50.0 24.0 -2.39 1.11 0.08 -0.47 -0.14 -2.54
183 54.0 93.0 49.0 24.0 -2.47 1.19 -0.16 0.28 0.12 -2.2
184 49.0 91.0 51.0 24.0 -2.51 1.17 -0.14 0.01 -0.83 -2.3
185 46.0 89.0 54.0 23.0 -2.54 0.92 -0.45 0.72 -0.12 -2.33
186 77.0 91.0 56.0 23.0 -2.78 0.11 -0.71 -0.15 -0.13 -3.78
187 160.0 100.0 67.0 24.0 -2.09 -0.59 -0.76 -7.81 0.39 7.11
188 136.0 98.0 66.0 24.0 0.65 -2.55 0.28 11.88 9.78 -3.53
189 157.0 96.0 82.0 24.0 0.57 -1.04 -0.29 0.99 -2.51 -3.91
190 135.0 97.0 77.0 24.0 0.7 -0.56 -0.3 -2.46 -0.27 -0.09
191 166.0 99.0 71.0 24.0 0.44 -0.2 -0.52 0.15 2.98 2.08
192 170.0 102.0 65.0 24.0 -0.34 -0.01 -0.46 5.08 0.45 -0.85
193 137.0 100.0 74.0 22.0 -0.47 0.15 -0.22 3.07 -0.31 -0.99
194 115.0 99.0 74.0 24.0 -0.17 0.36 -0.13 -0.01 -1.03 -0.31
195 135.0 101.0 73.0 25.0 0.08 0.41 -0.12 -0.45 0.01 -0.5
196 121.0 99.0 67.0 25.0 0.05 0.36 -0.1 -0.23 0.03 -0.46
197 122.0 97.0 64.0 26.0 -0.08 0.16 0.04 -0.19 -0.1 -0.26
198 99.0 94.0 65.0 26.0 -0.06 0.01 0.13 0.05 -0.04 -0.17
199 121.0 93.0 79.0 28.0 -0.03 -0.02 0.13 -0.03 -0.06 -0.11
200 109.0 90.0 80.0 33.0 0.05 0.08 0.08 -0.19 0.12 -0.06
201 110.0 87.0 74.0 32.0 -0.01 0.2 0.05 -0.52 0.44 0.07
202 104.0 86.0 68.0 35.0 -0.02 0.2 0.04 -0.62 0.53 0.04
203 91.0 85.0 69.0 35.0 -0.01 0.09 0.02 -0.58 0.49 -0.03
204 75.0 83.0 68.0 33.0 0.02 0.09 -0.01 -0.3 0.35 0.03
205 66.0 84.0 70.0 33.0 0.01 0.09 -0.02 -0.2 0.24 0.06
206 62.0 84.0 73.0 34.0 -0.01 0.08 -0.04 -0.15 0.1 -0.16
