1 86.0 78.0 54.0 24.0 -0.0 0.01 0.0 0.07 0.04 -0.02
2 105.0 77.0 58.0 24.0 0.0 0.02 0.0 0.0 0.1 0.0
3 93.0 77.0 57.0 24.0 0.0 0.02 0.01 -0.05 0.12 -0.01
4 89.0 77.0 63.0 23.0 -0.0 -0.02 0.01 -0.05 0.1 -0.03
5 74.0 76.0 60.0 24.0 0.0 -0.02 0.01 0.05 0.14 -0.02
6 61.0 75.0 58.0 24.0 -0.01 -0.02 0.01 0.05 0.15 0.02
7 54.0 74.0 56.0 24.0 -0.02 -0.01 0.01 -0.01 0.1 -0.02
8 45.0 74.0 60.0 24.0 -0.01 -0.01 0.01 0.02 0.1 -0.04
9 38.0 74.0 58.0 24.0 -0.02 -0.01 0.0 0.01 0.06 0.0
10 77.0 75.0 59.0 23.0 -0.01 -0.02 0.01 0.02 0.05 0.0
11 115.0 77.0 58.0 23.0 -0.01 -0.02 0.01 0.04 0.1 -0.03
12 97.0 78.0 56.0 23.0 -0.01 -0.0 0.01 0.06 0.07 -0.04
13 98.0 80.0 60.0 23.0 0.0 -0.01 0.01 0.05 0.16 -0.01
14 79.0 76.0 60.0 23.0 -0.01 -0.01 0.01 -0.01 0.09 -0.01
15 81.0 75.0 57.0 23.0 -0.02 -0.02 0.01 -0.03 0.08 -0.07
16 78.0 76.0 56.0 23.0 -0.01 -0.02 0.01 0.02 0.05 -0.07
17 97.0 77.0 55.0 23.0 -0.01 -0.02 0.01 0.07 0.09 -0.02
18 80.0 77.0 55.0 22.0 0.0 -0.01 0.01 0.01 0.09 -0.03
19 99.0 76.0 59.0 23.0 -0.0 -0.02 0.01 -0.03 0.11 -0.03
20 86.0 75.0 58.0 23.0 -0.01 -0.02 0.0 -0.03 0.11 0.0
21 78.0 76.0 56.0 23.0 -0.01 -0.03 0.0 -0.01 0.1 -0.01
22 70.0 75.0 54.0 23.0 -0.01 -0.04 0.01 0.05 0.1 -0.01
23 66.0 75.0 54.0 23.0 -0.0 -0.04 0.01 0.03 0.1 -0.02
24 88.0 75.0 55.0 23.0 0.0 -0.03 0.01 0.05 0.09 -0.03
25 73.0 76.0 65.0 21.0 0.0 -0.05 0.02 0.01 0.08 0.0
26 64.0 76.0 61.0 24.0 -0.0 -0.07 0.03 0.05 0.09 -0.03
27 58.0 74.0 58.0 23.0 -0.0 -0.07 0.03 0.04 0.09 -0.02
28 77.0 73.0 55.0 23.0 0.01 -0.03 0.03 0.06 0.1 -0.07
29 82.0 73.0 52.0 23.0 0.01 -0.01 0.02 0.0 0.14 -0.02
30 78.0 74.0 63.0 23.0 0.02 0.01 0.02 0.0 0.12 -0.03
31 67.0 74.0 65.0 23.0 0.02 0.01 0.01 -0.09 0.0 -0.07
32 58.0 73.0 61.0 23.0 0.03 -0.01 0.01 -0.01 0.11 0.11
33 96.0 73.0 59.0 23.0 0.02 -0.04 0.01 -0.01 0.13 0.04
34 86.0 73.0 55.0 24.0 -0.01 -0.11 0.01 0.05 0.17 -0.01
35 75.0 73.0 54.0 24.0 -0.02 -0.09 0.01 0.04 0.15 -0.05
36 80.0 88.0 52.0 23.0 -0.03 -0.09 0.02 0.03 0.12 -0.05
37 100.0 87.0 52.0 24.0 -0.03 -0.08 0.03 0.01 0.08 -0.06
38 85.0 85.0 51.0 28.0 -0.03 -0.07 0.03 0.08 0.07 -0.05
39 80.0 86.0 51.0 27.0 -0.02 -0.07 0.04 0.01 0.05 -0.04
40 69.0 99.0 50.0 26.0 -0.03 -0.1 0.04 -0.1 0.05 -0.1
41 100.0 94.0 50.0 26.0 -0.03 -0.13 0.04 -0.08 0.09 -0.05
42 90.0 88.0 55.0 25.0 0.0 -0.1 0.01 -0.11 0.08 -0.06
43 83.0 87.0 53.0 25.0 0.01 -0.1 0.01 -0.03 0.18 -0.02
44 87.0 82.0 53.0 28.0 0.02 -0.09 0.0 0.03 0.23 0.06
45 88.0 97.0 51.0 27.0 -0.04 -0.14 0.01 0.13 0.2 0.02
46 113.0 107.0 50.0 26.0 -0.05 -0.14 0.02 0.09 0.09 0.0
47 119.0 120.0 52.0 29.0 -0.06 -0.15 0.02 0.01 0.11 -0.06
48 112.0 152.0 54.0 43.0 -0.07 -0.22 0.03 -0.02 0.15 -0.06
49 151.0 158.0 52.0 39.0 -0.08 -0.27 0.04 -0.12 0.0 0.09
50 137.0 176.0 54.0 60.0 -0.07 -0.33 0.1 0.0 0.14 0.0
51 132.0 187.0 59.0 144.0 -0.01 -0.31 0.13 -0.06 -0.02 0.01
52 131.0 213.0 60.0 126.0 0.05 -0.33 0.15 0.17 0.13 -0.03
53 126.0 253.0 62.0 178.0 0.12 -0.38 0.21 -0.05 -0.16 0.21
54 112.0 276.0 59.0 154.0 0.29 -0.39 0.21 -0.12 -0.24 0.42
55 102.0 255.0 60.0 133.0 0.36 -0.42 0.25 -0.07 -0.32 0.61
56 93.0 256.0 59.0 109.0 0.43 -0.5 0.26 -0.3 -0.37 0.56
57 101.0 232.0 60.0 91.0 0.56 -0.55 0.28 -0.3 -0.26 0.82
58 123.0 251.0 57.0 77.0 0.78 -0.6 0.28 -0.49 -0.31 1.56
59 126.0 241.0 63.0 66.0 0.81 -0.47 0.4 -0.52 -1.72 3.47
60 111.0 226.0 64.0 58.0 0.92 0.04 0.32 -1.57 -1.42 3.79
61 136.0 216.0 66.0 51.0 1.27 -0.19 0.38 -0.75 0.02 3.08
62 119.0 196.0 74.0 45.0 1.4 -0.37 0.38 -1.03 0.82 2.56
63 150.0 182.0 81.0 42.0 1.58 -0.73 0.39 -0.81 0.63 2.45
64 145.0 198.0 84.0 40.0 1.66 -0.74 0.44 -0.13 0.5 2.49
65 142.0 208.0 82.0 38.0 1.66 -0.64 0.47 -0.19 0.61 1.73
66 186.0 202.0 88.0 35.0 1.67 -0.62 0.47 -0.43 0.3 1.61
67 159.0 180.0 103.0 33.0 1.75 -0.8 0.43 0.15 0.21 0.51
68 184.0 166.0 106.0 33.0 1.8 -0.86 0.42 0.37 0.05 0.3
69 222.0 190.0 101.0 31.0 1.81 -0.81 0.43 0.24 0.0 0.19
70 201.0 188.0 99.0 29.0 1.76 -0.7 0.42 0.42 0.19 -0.49
71 186.0 200.0 95.0 29.0 1.69 -0.67 0.41 0.29 0.23 -1.47
72 194.0 186.0 97.0 33.0 1.54 -0.6 0.4 0.64 0.26 -1.89
73 181.0 180.0 111.0 34.0 1.37 -0.68 0.4 0.49 -0.4 -2.05
74 168.0 174.0 116.0 32.0 1.28 -0.69 0.38 0.55 -0.16 -1.59
75 194.0 174.0 127.0 32.0 1.13 -0.66 0.31 0.31 -0.38 -1.45
76 197.0 200.0 118.0 32.0 0.97 -0.51 0.26 0.36 -0.4 -1.35
77 222.0 211.0 110.0 33.0 0.91 -0.45 0.24 0.07 -0.51 -1.28
78 203.0 210.0 112.0 44.0 0.84 -0.46 0.2 -0.12 -0.53 -1.35
79 191.0 203.0 112.0 44.0 0.8 -0.56 0.17 -0.27 -0.43 -1.09
80 243.0 190.0 117.0 43.0 0.78 -0.57 0.15 -0.34 -0.38 -0.84
81 226.0 181.0 112.0 46.0 0.78 -0.5 0.13 -0.36 -0.33 -0.79
82 269.0 199.0 119.0 42.0 0.75 -0.36 0.14 -0.6 -0.39 -0.62
83 250.0 213.0 112.0 50.0 0.73 -0.28 0.15 -0.9 -0.54 -0.94
84 314.0 220.0 112.0 47.0 0.72 -0.25 0.17 -0.75 -0.49 -1.09
85 304.0 214.0 107.0 46.0 0.7 -0.28 0.2 -0.64 -0.57 -1.11
86 289.0 191.0 110.0 49.0 0.68 -0.27 0.21 -0.51 -0.51 -1.2
87 312.0 180.0 111.0 66.0 0.63 -0.27 0.22 -0.39 -0.47 -1.31
88 280.0 169.0 103.0 88.0 0.53 -0.23 0.24 -0.16 -0.43 -1.57
89 291.0 158.0 100.0 82.0 0.47 -0.17 0.24 0.21 -0.36 -1.87
90 258.0 175.0 100.0 79.0 0.35 -0.06 0.25 0.03 -0.46 -1.72
91 223.0 164.0 94.0 72.0 0.23 0.07 0.22 0.11 -0.36 -1.47
92 200.0 161.0 89.0 73.0 0.18 0.1 0.2 -0.05 -0.17 -1.32
93 238.0 161.0 88.0 70.0 0.09 0.12 0.16 0.01 -0.13 -1.27
94 199.0 157.0 105.0 75.0 -0.01 0.19 0.16 0.05 -0.2 -1.21
95 231.0 159.0 110.0 70.0 -0.04 0.2 0.17 -0.11 -0.29 -0.89
96 222.0 171.0 114.0 65.0 -0.06 0.14 0.16 -0.07 -0.22 -0.7
97 189.0 179.0 113.0 58.0 -0.09 0.16 0.17 -0.17 -0.2 -0.35
98 209.0 180.0 108.0 61.0 -0.1 0.18 0.18 -0.16 -0.14 -0.56
99 229.0 181.0 99.0 65.0 -0.11 0.13 0.16 0.05 -0.01 -0.67
100 217.0 182.0 95.0 63.0 -0.14 0.13 0.18 0.3 0.11 -0.77
101 203.0 167.0 103.0 57.0 -0.16 0.16 0.18 0.34 0.09 -0.49
102 203.0 160.0 103.0 53.0 -0.19 0.17 0.17 0.41 0.04 -0.32
103 253.0 159.0 110.0 49.0 -0.21 0.1 0.13 0.21 -0.06 0.0
104 253.0 185.0 110.0 43.0 -0.2 0.08 0.11 0.31 -0.01 0.15
105 237.0 180.0 115.0 49.0 -0.18 0.09 0.06 0.33 0.03 0.17
106 247.0 180.0 107.0 52.0 -0.15 0.07 0.03 0.51 0.01 -0.04
107 262.0 169.0 98.0 47.0 -0.14 0.04 0.01 0.63 -0.05 0.03
108 272.0 176.0 93.0 42.0 -0.1 -0.0 -0.02 0.89 -0.14 0.03
109 268.0 182.0 90.0 38.0 -0.07 0.04 -0.09 0.99 -0.32 0.01
110 268.0 174.0 85.0 36.0 -0.05 0.03 -0.13 1.35 -0.55 -0.26
111 282.0 163.0 83.0 33.0 -0.01 0.01 -0.26 1.57 -0.55 -0.39
112 302.0 168.0 82.0 31.0 0.0 0.04 -0.41 1.68 -0.65 -0.78
113 311.0 176.0 80.0 30.0 -0.02 0.05 -0.5 1.92 -0.69 -1.12
114 338.0 177.0 80.0 28.0 -0.07 0.08 -0.71 1.96 -0.68 -1.21
115 409.0 188.0 76.0 28.0 -0.14 0.13 -0.98 1.85 -0.5 -1.37
116 336.0 172.0 75.0 28.0 -0.17 0.17 -1.12 1.72 -0.5 -1.36
117 323.0 189.0 75.0 29.0 -0.24 0.24 -1.36 1.51 -0.52 -1.31
118 313.0 174.0 74.0 30.0 -0.29 0.2 -1.53 1.06 -0.52 -0.82
119 404.0 175.0 73.0 29.0 -0.32 0.19 -1.58 0.48 -0.53 -0.37
120 359.0 176.0 82.0 29.0 -0.35 0.25 -1.62 0.0 -0.37 -0.22
121 331.0 179.0 78.0 28.0 -0.38 0.24 -1.59 -0.85 -0.32 -0.2
122 326.0 218.0 76.0 38.0 -0.38 0.18 -1.56 -1.49 0.09 -0.02
123 372.0 200.0 76.0 35.0 -0.39 0.17 -1.44 -1.92 0.17 0.0
124 349.0 216.0 75.0 38.0 -0.41 0.21 -1.23 -2.41 0.37 0.08
125 324.0 209.0 74.0 35.0 -0.42 0.21 -1.1 -2.6 0.47 0.27
126 264.0 181.0 79.0 33.0 -0.37 0.14 -0.81 -2.85 0.47 0.38
127 248.0 181.0 75.0 31.0 -0.3 0.05 -0.53 -3.26 0.49 0.87
128 215.0 171.0 73.0 30.0 -0.28 0.05 -0.37 -3.66 0.51 0.52
129 217.0 161.0 74.0 31.0 -0.27 -0.01 -0.04 -3.39 0.43 -0.01
130 219.0 156.0 85.0 33.0 -0.28 -0.05 0.28 -3.29 0.25 -0.34
131 199.0 155.0 84.0 32.0 -0.28 -0.05 0.43 -2.77 0.0 -0.46
132 168.0 147.0 85.0 31.0 -0.31 -0.02 0.72 -2.76 0.09 -0.57
133 159.0 167.0 91.0 29.0 -0.37 -0.02 0.99 -2.94 0.09 -0.77
134 162.0 155.0 90.0 28.0 -0.39 -0.02 1.13 -3.06 0.19 -1.02
135 184.0 148.0 86.0 31.0 -0.48 -0.1 1.41 -3.01 0.13 -0.92
136 210.0 159.0 85.0 30.0 -0.59 -0.18 1.65 -3.3 -0.08 -0.98
137 237.0 162.0 83.0 41.0 -0.64 -0.21 1.75 -2.55 -0.22 -0.75
138 250.0 163.0 87.0 37.0 -0.67 -0.25 1.9 -1.22 -0.3 -0.56
139 307.0 169.0 83.0 34.0 -0.67 -0.26 1.98 -0.76 -0.33 -0.33
140 266.0 169.0 86.0 32.0 -0.65 -0.26 1.96 0.53 -0.55 0.43
141 235.0 187.0 90.0 36.0 -0.55 -0.18 1.82 1.05 -0.52 0.46
142 242.0 182.0 92.0 39.0 -0.45 -0.06 1.59 1.86 -0.5 0.57
143 241.0 184.0 103.0 39.0 -0.4 -0.01 1.47 2.66 -0.48 0.43
144 263.0 190.0 99.0 39.0 -0.31 0.08 1.2 2.64 -0.46 0.28
145 234.0 200.0 92.0 38.0 -0.17 0.15 0.9 3.23 -0.53 0.33
146 224.0 187.0 98.0 35.0 -0.11 0.2 0.75 2.99 -0.48 0.43
147 275.0 177.0 104.0 34.0 -0.0 0.25 0.45 2.96 -0.36 0.47
148 248.0 173.0 100.0 33.0 0.06 0.29 0.19 2.75 -0.21 0.3
149 337.0 180.0 91.0 33.0 0.05 0.28 0.09 2.22 -0.3 0.09
150 293.0 177.0 89.0 31.0 0.04 0.23 -0.04 2.2 -0.39 0.07
151 287.0 172.0 91.0 30.0 -0.01 0.18 -0.11 2.15 -0.58 -0.1
152 258.0 155.0 91.0 29.0 -0.03 0.15 -0.13 2.1 -0.88 -0.26
153 273.0 164.0 84.0 28.0 -0.05 0.06 -0.2 2.11 -0.94 -0.36
154 260.0 162.0 80.0 28.0 -0.09 0.0 -0.3 2.4 -0.97 -0.72
155 324.0 163.0 75.0 27.0 -0.11 0.03 -0.36 2.49 -1.0 -1.04
156 305.0 164.0 75.0 26.0 -0.18 0.09 -0.54 2.6 -0.91 -1.17
157 287.0 177.0 75.0 38.0 -0.26 0.14 -0.79 2.3 -0.86 -1.24
158 268.0 173.0 74.0 34.0 -0.27 0.1 -0.93 2.53 -0.77 -1.18
159 271.0 199.0 80.0 41.0 -0.29 0.08 -1.22 2.3 -0.78 -1.19
160 308.0 193.0 85.0 40.0 -0.33 0.13 -1.45 1.79 -0.57 -0.95
161 285.0 184.0 78.0 41.0 -0.33 0.15 -1.56 0.51 -0.45 0.2
162 309.0 194.0 78.0 38.0 -0.33 0.12 -1.7 0.34 -0.55 0.9
163 296.0 198.0 76.0 35.0 -0.33 0.2 -1.7 -1.2 -0.42 1.16
164 322.0 197.0 77.0 33.0 -0.31 0.24 -1.64 -2.41 -0.22 1.31
165 361.0 188.0 88.0 31.0 -0.23 0.24 -1.41 -2.92 -0.11 1.29
166 356.0 186.0 85.0 30.0 -0.12 0.21 -1.06 -3.57 0.28 1.02
167 324.0 200.0 83.0 33.0 -0.08 0.18 -0.86 -3.58 0.55 0.77
168 339.0 218.0 81.0 37.0 -0.04 0.02 -0.49 -3.48 0.75 0.44
169 359.0 205.0 78.0 35.0 0.03 -0.22 -0.22 -2.77 0.94 0.11
170 335.0 185.0 83.0 35.0 0.04 -0.24 -0.1 -2.02 0.99 0.15
171 293.0 172.0 79.0 32.0 0.06 -0.18 0.07 -1.85 1.02 0.16
172 293.0 169.0 77.0 30.0 0.1 -0.13 0.15 -1.23 0.97 -0.03
173 276.0 184.0 79.0 31.0 0.1 -0.11 0.17 -0.62 0.89 -0.36
174 242.0 177.0 78.0 29.0 0.11 -0.05 0.19 -0.41 0.83 -0.42
175 222.0 176.0 78.0 29.0 0.11 0.02 0.17 -0.11 0.7 -0.56
176 240.0 172.0 74.0 35.0 0.1 0.05 0.15 -0.11 0.62 -0.58
177 242.0 160.0 72.0 33.0 0.09 0.1 0.09 -0.08 0.55 -0.43
178 214.0 165.0 70.0 32.0 0.06 0.17 0.06 -0.03 0.46 -0.43
179 217.0 164.0 67.0 29.0 0.03 0.18 0.06 -0.01 0.21 -0.57
180 214.0 165.0 66.0 28.0 0.05 0.13 0.05 -0.07 0.19 -0.53
181 238.0 190.0 63.0 27.0 0.04 0.12 0.05 -0.1 0.04 -0.57
182 224.0 179.0 60.0 26.0 0.03 0.12 0.06 -0.12 0.0 -0.62
183 190.0 173.0 59.0 26.0 -0.0 0.12 0.07 -0.18 0.07 -0.65
184 169.0 217.0 57.0 25.0 -0.08 0.17 0.08 -0.07 0.06 -0.84
185 144.0 193.0 56.0 25.0 -0.13 0.19 0.11 -0.09 0.1 -1.03
186 123.0 182.0 54.0 24.0 -0.2 0.23 0.14 -0.06 0.15 -1.12
187 142.0 192.0 53.0 24.0 -0.31 0.3 0.18 0.14 0.26 -1.6
188 145.0 170.0 51.0 24.0 -0.37 0.38 0.19 0.52 0.45 -2.32
189 130.0 156.0 52.0 24.0 -0.51 0.63 0.22 0.63 0.55 -2.39
190 114.0 144.0 52.0 24.0 -0.68 0.98 0.15 0.78 0.65 -2.58
191 117.0 136.0 51.0 24.0 -0.77 1.09 0.08 0.54 0.42 -2.75
192 133.0 137.0 60.0 24.0 -0.98 0.98 -0.09 0.51 0.14 -2.78
193 126.0 128.0 100.0 36.0 -1.2 0.7 -0.24 0.13 -0.31 -2.32
194 111.0 126.0 162.0 36.0 -1.29 0.59 -0.29 -0.01 -0.49 -2.14
195 116.0 187.0 152.0 36.0 -1.54 0.51 -0.33 -0.04 -0.6 -0.95
196 114.0 163.0 137.0 34.0 -1.91 0.77 -0.35 -1.56 -1.79 0.22
197 131.0 145.0 121.0 31.0 -1.93 0.67 -0.29 -0.67 -1.25 0.07
198 117.0 133.0 108.0 30.0 -1.98 0.48 -0.52 -0.25 -0.68 -2.18
199 175.0 121.0 95.0 29.0 -2.08 0.33 -0.52 -0.01 -0.67 -3.6
200 148.0 111.0 91.0 28.0 -2.08 0.19 -0.49 0.02 -0.61 -4.09
201 169.0 109.0 90.0 28.0 -1.62 0.51 -0.54 -15.94 -10.92 29.65
202 164.0 104.0 90.0 28.0 0.03 -0.63 -0.67 -1.45 -0.17 -7.32
203 149.0 102.0 89.0 27.0 0.27 -0.51 -0.34 1.04 0.14 -5.93
204 133.0 98.0 86.0 27.0 0.4 0.26 -0.08 -1.35 -0.32 1.24
205 134.0 96.0 79.0 29.0 -0.03 0.29 -0.35 2.81 0.75 1.28
206 174.0 98.0 73.0 28.0 -0.32 0.35 -0.31 3.09 0.84 0.53
207 153.0 96.0 71.0 28.0 -0.62 0.68 -0.11 0.39 -1.0 -0.15
208 130.0 95.0 77.0 28.0 -0.27 0.6 -0.08 -1.16 -0.71 -0.55
209 105.0 98.0 85.0 28.0 -0.06 0.49 -0.09 -1.6 -0.72 -0.71
210 166.0 99.0 78.0 28.0 -0.07 0.16 0.02 -0.47 -0.37 0.14
211 139.0 97.0 73.0 29.0 -0.13 -0.13 0.15 0.07 -0.07 0.0
212 177.0 96.0 73.0 31.0 -0.1 -0.18 0.15 0.4 0.25 -0.18
213 155.0 94.0 77.0 33.0 -0.04 -0.04 0.09 0.44 0.37 0.06
214 152.0 94.0 76.0 36.0 -0.15 0.14 0.05 0.06 0.57 0.19
215 133.0 93.0 74.0 35.0 -0.22 0.16 0.03 -0.19 0.6 0.27
216 132.0 91.0 71.0 33.0 -0.31 -0.04 0.03 -0.61 0.33 0.05
217 137.0 90.0 64.0 31.0 -0.27 -0.14 0.01 -0.44 0.27 -0.26
218 114.0 89.0 66.0 31.0 -0.25 -0.16 0.01 -0.33 0.2 -0.16
219 121.0 87.0 70.0 31.0 -0.2 -0.11 0.01 0.31 0.1 -0.01
220 123.0 89.0 71.0 31.0 -0.17 -0.11 -0.0 0.24 0.03 -0.15
221 152.0 88.0 71.0 29.0 -0.15 -0.1 -0.0 0.2 -0.06 -0.11
222 146.0 88.0 72.0 28.0 -0.12 -0.06 0.01 0.11 -0.06 -0.06
223 132.0 89.0 71.0 30.0 -0.09 -0.04 0.01 0.02 -0.03 -0.1
224 128.0 89.0 69.0 30.0 -0.07 -0.02 0.01 0.01 -0.06 0.0
225 110.0 92.0 71.0 29.0 -0.05 -0.02 0.0 0.05 0.08 0.01
226 100.0 93.0 70.0 29.0 -0.05 -0.03 -0.0 -0.01 0.18 -0.12
227 101.0 91.0 66.0 29.0 -0.04 -0.02 -0.0 -0.07 0.18 -0.11
228 103.0 91.0 65.0 29.0 -0.02 0.0 -0.01 0.02 0.18 -0.16
229 90.0 92.0 64.0 30.0 0.01 0.06 -0.01 0.01 0.14 -0.05
230 112.0 92.0 65.0 30.0 0.02 0.06 -0.02 -0.03 0.12 -0.01
231 114.0 92.0 73.0 29.0 0.01 0.04 -0.02 -0.03 0.08 -0.04
232 142.0 93.0 83.0 29.0 -0.0 0.01 -0.01 -0.05 0.14 0.0
233 168.0 112.0 81.0 30.0 -0.01 0.01 -0.0 -0.02 0.16 0.03
234 150.0 123.0 82.0 30.0 -0.03 0.03 0.01 0.05 0.14 0.08
235 143.0 117.0 79.0 31.0 -0.05 0.05 0.02 -0.01 0.19 0.02
236 137.0 111.0 73.0 30.0 -0.06 0.03 0.02 -0.05 0.18 -0.08
237 113.0 102.0 75.0 29.0 -0.06 -0.02 0.02 -0.17 0.21 -0.09
238 104.0 100.0 79.0 29.0 -0.05 -0.06 0.02 -0.01 0.18 -0.13
239 85.0 95.0 76.0 29.0 -0.03 -0.06 0.02 -0.02 0.19 -0.09
240 86.0 94.0 75.0 29.0 -0.03 -0.04 0.0 0.0 0.12 -0.04
241 76.0 108.0 73.0 29.0 -0.03 -0.04 0.0 -0.01 0.06 -0.08
242 103.0 101.0 71.0 29.0 -0.02 -0.05 0.0 0.01 0.01 -0.03
243 109.0 97.0 69.0 28.0 -0.01 -0.05 -0.0 0.02 0.07 -0.03
