1 25.0 83.0 54.0 24.0 -0.02 -0.02 -0.01 0.06 0.03 0.09
2 26.0 84.0 55.0 24.0 -0.03 -0.02 -0.01 0.07 0.01 0.05
3 25.0 85.0 54.0 24.0 -0.03 -0.03 -0.0 0.03 -0.02 0.06
4 24.0 84.0 53.0 24.0 -0.03 -0.03 -0.0 0.04 -0.02 0.07
5 26.0 85.0 55.0 24.0 -0.03 -0.02 -0.0 0.03 0.0 0.05
6 26.0 87.0 54.0 24.0 -0.03 -0.01 -0.0 0.07 0.0 0.04
7 26.0 97.0 54.0 24.0 -0.03 -0.01 0.0 0.02 0.01 0.07
8 26.0 130.0 55.0 25.0 -0.03 -0.02 0.0 -0.04 0.02 0.06
9 26.0 160.0 55.0 25.0 -0.03 -0.04 0.0 -0.08 0.01 0.08
10 28.0 186.0 55.0 42.0 -0.04 -0.06 0.0 0.03 0.02 0.2
11 36.0 213.0 57.0 44.0 -0.01 -0.1 0.02 0.05 0.19 0.3
12 40.0 269.0 58.0 45.0 0.07 -0.2 0.02 -0.13 0.21 0.11
13 36.0 258.0 60.0 44.0 0.11 -0.25 0.03 -0.07 0.18 0.07
14 41.0 318.0 61.0 39.0 0.13 -0.29 0.05 -0.36 0.08 0.04
15 38.0 312.0 62.0 36.0 0.14 -0.25 0.08 -0.3 0.21 0.21
16 40.0 327.0 62.0 33.0 0.13 -0.27 0.1 -0.55 0.28 0.4
17 44.0 330.0 64.0 40.0 0.1 -0.51 0.16 -1.28 0.16 0.88
18 42.0 338.0 63.0 45.0 0.15 -0.86 0.22 -1.73 0.21 1.26
19 42.0 341.0 63.0 41.0 0.15 -1.05 0.26 -1.75 0.15 1.28
20 41.0 346.0 63.0 37.0 0.15 -1.27 0.42 -1.28 0.24 1.16
21 39.0 368.0 61.0 34.0 0.61 -1.59 0.42 -3.65 0.03 2.05
22 36.0 348.0 63.0 32.0 0.83 -2.08 0.58 -0.91 1.67 2.38
23 36.0 368.0 62.0 31.0 0.82 -2.21 0.81 -1.29 0.64 2.18
24 35.0 382.0 66.0 31.0 0.95 -2.04 0.93 -1.02 0.79 1.91
25 34.0 348.0 67.0 32.0 0.96 -1.94 0.98 -0.89 0.89 1.74
26 38.0 376.0 70.0 33.0 0.99 -1.94 1.06 -0.85 0.65 1.34
27 42.0 360.0 69.0 31.0 0.99 -1.96 1.14 -0.38 0.6 1.02
28 46.0 400.0 70.0 31.0 0.96 -2.05 1.17 -0.49 0.48 0.91
29 46.0 416.0 72.0 30.0 1.01 -2.42 1.23 -0.85 0.21 0.39
30 45.0 404.0 73.0 29.0 1.12 -2.84 1.25 -0.9 0.14 0.12
31 52.0 547.0 76.0 28.0 1.13 -2.94 1.23 -0.67 0.07 0.13
32 49.0 495.0 72.0 27.0 1.15 -2.82 1.19 -0.22 -0.07 -0.12
33 51.0 465.0 72.0 27.0 1.14 -2.39 1.18 -0.36 -0.2 -0.54
34 51.0 478.0 91.0 26.0 1.14 -2.14 1.17 -0.27 -0.39 -0.91
35 45.0 440.0 86.0 25.0 1.11 -1.81 1.11 -0.34 -0.49 -1.1
36 43.0 418.0 88.0 25.0 1.11 -1.54 1.08 0.11 -0.65 -0.77
37 45.0 483.0 86.0 28.0 1.15 -1.49 1.05 0.09 -0.77 -0.79
38 44.0 452.0 89.0 27.0 1.2 -1.31 0.96 0.01 -0.63 -1.32
39 40.0 407.0 93.0 27.0 1.06 -1.12 0.89 0.4 -0.64 -1.66
40 43.0 372.0 87.0 26.0 1.0 -0.99 0.85 0.21 -0.75 -1.67
41 44.0 366.0 84.0 27.0 0.89 -0.87 0.75 0.3 -0.67 -1.42
42 47.0 381.0 83.0 26.0 0.79 -0.8 0.64 0.23 -0.77 -1.44
43 52.0 453.0 84.0 26.0 0.75 -0.73 0.6 0.26 -0.56 -1.55
44 50.0 416.0 85.0 31.0 0.68 -0.56 0.52 0.02 -0.55 -1.52
45 50.0 445.0 87.0 31.0 0.59 -0.58 0.44 0.21 -0.47 -1.4
46 46.0 429.0 91.0 36.0 0.54 -0.64 0.4 0.12 -0.62 -1.33
47 51.0 437.0 91.0 38.0 0.49 -0.81 0.31 0.17 -0.49 -1.32
48 58.0 415.0 93.0 37.0 0.42 -0.75 0.26 0.39 -0.35 -1.39
49 67.0 448.0 90.0 36.0 0.39 -0.57 0.25 0.35 -0.31 -1.41
50 79.0 447.0 98.0 35.0 0.32 -0.19 0.21 0.16 -0.2 -1.32
51 89.0 444.0 98.0 37.0 0.22 0.03 0.17 0.16 -0.24 -1.07
52 82.0 541.0 99.0 44.0 0.19 0.06 0.14 0.12 -0.24 -0.9
53 77.0 481.0 101.0 47.0 0.14 -0.06 0.06 0.07 -0.13 -0.77
54 82.0 492.0 99.0 49.0 0.09 -0.15 0.01 0.25 0.0 -0.83
55 72.0 467.0 95.0 52.0 0.07 -0.15 -0.02 0.09 0.06 -0.73
56 86.0 413.0 97.0 50.0 0.04 -0.09 -0.05 0.04 0.1 -0.49
57 81.0 395.0 91.0 47.0 -0.01 -0.04 -0.07 0.08 0.08 -0.52
58 80.0 359.0 88.0 51.0 -0.03 -0.02 -0.07 0.06 0.16 -0.49
59 78.0 336.0 96.0 50.0 -0.06 -0.01 -0.06 -0.16 0.16 -0.5
60 76.0 316.0 91.0 54.0 -0.08 -0.05 -0.06 -0.18 0.11 -0.51
61 72.0 335.0 95.0 49.0 -0.07 -0.08 -0.06 -0.17 0.09 -0.51
62 72.0 332.0 96.0 50.0 -0.08 -0.05 -0.05 -0.12 0.14 -0.26
63 72.0 311.0 93.0 48.0 -0.09 0.04 -0.04 -0.26 0.15 -0.16
64 71.0 324.0 89.0 45.0 -0.1 0.07 -0.04 -0.25 0.16 -0.22
65 70.0 297.0 86.0 47.0 -0.1 0.07 -0.05 -0.19 0.27 -0.31
66 69.0 308.0 85.0 46.0 -0.09 0.05 -0.05 -0.04 0.27 -0.32
67 65.0 316.0 90.0 48.0 -0.09 0.04 -0.05 -0.04 0.24 -0.25
68 67.0 297.0 87.0 44.0 -0.06 0.06 -0.04 -0.06 0.3 -0.23
69 76.0 320.0 87.0 43.0 -0.04 0.08 -0.03 -0.22 0.21 0.06
70 69.0 301.0 87.0 41.0 -0.04 0.09 -0.02 -0.23 0.27 0.14
71 67.0 283.0 85.0 41.0 -0.02 0.05 -0.0 -0.24 0.24 0.05
72 72.0 277.0 82.0 46.0 0.01 0.02 0.01 -0.18 0.24 0.03
73 77.0 308.0 81.0 43.0 0.02 0.02 0.02 -0.1 0.25 -0.05
74 70.0 313.0 85.0 42.0 0.03 0.05 0.03 -0.11 0.25 -0.12
75 68.0 310.0 90.0 39.0 0.03 0.09 0.03 -0.12 0.24 -0.06
76 64.0 320.0 85.0 38.0 0.03 0.1 0.03 -0.13 0.15 -0.06
77 61.0 333.0 88.0 35.0 0.03 0.09 0.05 -0.2 0.19 -0.07
78 60.0 298.0 85.0 35.0 0.02 0.02 0.05 -0.15 0.19 -0.1
79 63.0 290.0 81.0 34.0 0.02 -0.01 0.05 -0.1 0.21 -0.1
80 57.0 284.0 80.0 33.0 0.02 -0.01 0.05 -0.01 0.2 -0.17
81 58.0 273.0 83.0 36.0 0.02 0.0 0.04 0.07 0.1 -0.22
82 57.0 278.0 87.0 33.0 0.02 0.0 0.03 0.1 0.08 -0.21
83 61.0 263.0 85.0 33.0 0.02 0.03 0.02 0.04 0.07 -0.18
84 57.0 270.0 82.0 33.0 0.01 0.04 0.01 0.05 0.02 -0.17
85 52.0 256.0 81.0 31.0 0.01 0.05 0.0 0.03 0.06 -0.22
86 50.0 262.0 79.0 29.0 0.01 0.04 -0.01 -0.09 0.05 -0.27
87 50.0 277.0 86.0 29.0 -0.0 0.03 -0.03 -0.02 0.07 -0.21
88 53.0 281.0 82.0 28.0 -0.01 0.03 -0.03 -0.03 0.11 -0.23
89 56.0 283.0 82.0 27.0 -0.01 0.05 -0.03 -0.01 0.13 -0.26
90 51.0 272.0 81.0 28.0 -0.02 0.05 -0.02 -0.05 0.14 -0.12
91 50.0 262.0 88.0 26.0 -0.02 0.05 -0.02 -0.12 0.15 -0.07
92 49.0 271.0 87.0 26.0 -0.02 0.03 -0.01 -0.1 0.17 -0.07
93 49.0 246.0 86.0 25.0 -0.02 0.01 0.0 -0.1 0.1 -0.07
94 51.0 242.0 88.0 25.0 -0.02 -0.0 0.01 -0.08 0.08 -0.13
95 50.0 267.0 86.0 25.0 -0.02 0.02 0.01 -0.06 0.14 -0.14
96 48.0 270.0 84.0 25.0 -0.02 0.03 0.01 0.0 0.14 -0.07
97 42.0 267.0 79.0 25.0 -0.02 0.03 -0.0 0.0 0.14 -0.09
98 43.0 253.0 80.0 24.0 -0.03 0.01 0.0 -0.03 0.15 -0.13
99 43.0 270.0 84.0 25.0 -0.03 -0.01 0.0 -0.07 0.12 -0.12
100 46.0 269.0 84.0 25.0 -0.03 -0.01 0.0 -0.08 0.14 -0.12
101 43.0 288.0 86.0 24.0 -0.02 0.01 0.0 -0.08 0.12 -0.11
102 39.0 276.0 83.0 25.0 -0.02 0.01 -0.0 -0.01 0.14 -0.01
103 45.0 285.0 78.0 24.0 -0.02 0.01 -0.01 0.13 0.18 -0.07
104 46.0 291.0 84.0 24.0 -0.03 0.01 -0.01 0.08 0.17 -0.13
105 41.0 289.0 86.0 24.0 -0.03 0.02 -0.01 0.0 0.18 -0.17
106 41.0 284.0 86.0 24.0 -0.03 0.02 -0.01 0.04 0.18 -0.11
107 45.0 297.0 82.0 23.0 -0.03 -0.01 -0.02 -0.03 0.13 -0.01
108 45.0 289.0 80.0 24.0 -0.01 -0.05 -0.02 -0.04 0.15 0.01
109 46.0 308.0 77.0 24.0 -0.02 -0.05 -0.02 -0.02 0.17 0.01
110 52.0 304.0 83.0 24.0 -0.01 -0.01 -0.01 -0.09 0.15 -0.06
111 47.0 278.0 85.0 24.0 0.0 -0.03 -0.02 -0.01 0.18 -0.16
112 44.0 293.0 81.0 24.0 0.01 -0.03 -0.01 -0.03 0.16 -0.11
113 45.0 294.0 82.0 24.0 0.0 -0.01 -0.01 0.01 0.09 0.0
114 52.0 280.0 82.0 25.0 0.01 0.01 -0.01 -0.06 0.07 -0.13
115 55.0 278.0 83.0 25.0 0.01 0.02 -0.01 -0.05 0.03 -0.2
116 57.0 263.0 81.0 25.0 0.02 0.01 -0.02 -0.06 0.03 -0.23
117 55.0 238.0 79.0 25.0 0.02 -0.0 -0.02 0.0 0.0 -0.35
118 51.0 254.0 78.0 24.0 0.01 0.01 -0.03 -0.01 -0.01 -0.35
119 50.0 227.0 75.0 24.0 -0.01 0.04 -0.04 -0.02 -0.09 -0.52
120 52.0 216.0 73.0 25.0 -0.03 0.09 -0.06 0.04 -0.17 -0.65
121 65.0 200.0 71.0 24.0 -0.04 0.13 -0.07 -0.05 -0.27 -0.8
122 68.0 187.0 73.0 23.0 -0.05 0.21 -0.09 0.03 -0.37 -1.0
123 62.0 182.0 73.0 24.0 -0.07 0.42 -0.08 0.0 -0.56 -0.93
124 64.0 170.0 73.0 24.0 -0.07 0.54 -0.09 0.03 -0.6 -0.91
125 64.0 157.0 74.0 25.0 -0.11 0.84 -0.09 0.08 -0.68 -1.02
126 63.0 149.0 79.0 24.0 -0.18 1.17 -0.11 0.05 -0.84 -1.19
127 57.0 138.0 83.0 24.0 -0.22 1.37 -0.12 0.3 -0.83 -1.21
128 55.0 146.0 82.0 24.0 -0.32 1.92 -0.15 0.43 -0.81 -1.14
129 51.0 160.0 81.0 24.0 -0.48 2.47 -0.2 0.57 -1.02 -1.08
130 48.0 168.0 77.0 24.0 -0.56 2.68 -0.23 0.71 -0.94 -1.08
131 51.0 164.0 76.0 25.0 -0.74 2.91 -0.36 0.74 -0.84 -1.12
132 55.0 155.0 74.0 25.0 -0.96 2.94 -0.5 0.76 -0.75 -1.66
133 52.0 149.0 73.0 24.0 -1.06 2.97 -0.57 0.93 -0.7 -1.74
134 51.0 166.0 71.0 24.0 -1.13 2.98 -0.73 1.07 -0.52 -1.93
135 55.0 162.0 70.0 24.0 -1.16 2.84 -0.87 0.82 -0.27 -1.91
136 61.0 150.0 70.0 23.0 -1.15 2.76 -0.95 0.99 -0.22 -1.82
137 73.0 142.0 68.0 24.0 -1.24 2.64 -1.07 -0.04 -0.54 -1.2
138 77.0 145.0 67.0 25.0 -1.31 2.45 -1.29 -0.12 -0.52 -0.45
139 74.0 160.0 65.0 24.0 -1.34 2.38 -1.38 0.04 -0.48 -0.22
140 89.0 166.0 65.0 25.0 -1.33 2.22 -1.53 0.13 -0.38 -0.11
141 98.0 161.0 65.0 25.0 -1.27 2.17 -1.61 0.26 -0.14 -0.24
142 90.0 146.0 62.0 24.0 -1.23 2.15 -1.62 -0.36 -0.44 -0.46
143 109.0 150.0 62.0 24.0 -1.1 2.06 -1.66 -1.18 -0.22 0.05
144 110.0 140.0 62.0 24.0 -1.03 1.94 -1.54 -0.76 -0.21 1.39
145 104.0 164.0 63.0 26.0 -0.93 1.96 -1.6 -1.01 -0.24 1.74
146 105.0 182.0 65.0 24.0 -0.81 2.01 -1.64 -0.82 -0.12 1.09
147 96.0 177.0 65.0 24.0 -0.61 1.92 -1.57 -0.57 0.09 0.31
148 92.0 161.0 66.0 25.0 -0.53 1.85 -1.53 -1.34 -0.05 0.11
149 84.0 163.0 68.0 24.0 -0.34 1.64 -1.22 -0.59 0.28 0.04
150 75.0 165.0 68.0 24.0 -0.29 1.4 -0.98 -0.8 -0.19 0.3
151 67.0 155.0 67.0 24.0 -0.31 1.35 -1.04 -0.69 0.02 0.37
152 61.0 144.0 67.0 24.0 -0.18 1.09 -0.72 -0.33 0.18 0.29
153 56.0 135.0 66.0 24.0 -0.11 0.95 -0.77 -1.4 -0.48 0.62
154 57.0 123.0 66.0 24.0 0.01 0.95 -0.57 -7.06 -1.6 3.87
155 57.0 120.0 67.0 24.0 0.46 -0.85 0.21 -8.77 0.5 2.22
156 52.0 123.0 66.0 24.0 0.32 -0.31 0.06 1.88 -0.31 0.63
157 49.0 123.0 67.0 24.0 0.39 0.3 0.08 1.55 0.8 0.34
158 48.0 124.0 66.0 24.0 0.33 0.95 0.05 -0.66 0.56 0.06
159 43.0 120.0 64.0 23.0 0.22 0.46 0.05 -0.03 0.22 -0.21
160 42.0 127.0 64.0 24.0 0.18 0.25 0.02 -0.3 0.1 -0.09
161 40.0 121.0 63.0 25.0 0.09 -0.1 -0.01 -0.61 -0.15 0.0
162 44.0 126.0 65.0 25.0 0.06 -0.33 0.02 -0.15 -0.23 -0.12
163 43.0 133.0 66.0 24.0 0.03 -0.34 0.04 -0.1 -0.35 -0.06
164 47.0 130.0 64.0 24.0 0.01 -0.33 0.05 0.0 -0.28 0.12
165 48.0 126.0 66.0 24.0 -0.03 -0.29 0.05 0.03 -0.29 0.16
166 46.0 123.0 67.0 24.0 -0.05 -0.27 0.06 0.04 -0.26 0.18
167 43.0 122.0 66.0 24.0 -0.0 -0.27 0.08 0.14 0.0 0.25
168 41.0 117.0 66.0 24.0 -0.01 -0.25 0.08 0.14 -0.09 0.14
169 37.0 114.0 65.0 24.0 0.01 -0.22 0.07 0.13 -0.09 0.15
170 40.0 113.0 64.0 23.0 0.02 -0.18 0.06 0.14 -0.01 0.23
171 42.0 124.0 64.0 24.0 0.01 -0.1 0.05 0.07 -0.07 0.14
172 38.0 120.0 63.0 24.0 0.02 -0.06 0.05 0.01 -0.06 0.1
173 37.0 117.0 63.0 23.0 0.03 -0.02 0.04 -0.01 -0.07 0.08
174 33.0 115.0 62.0 24.0 0.04 -0.01 0.04 0.01 -0.01 0.08
175 34.0 116.0 61.0 24.0 0.04 -0.03 0.04 0.0 -0.03 0.12
176 34.0 125.0 60.0 24.0 0.02 -0.05 0.03 0.07 -0.05 0.11
177 31.0 122.0 61.0 24.0 0.01 -0.05 0.02 0.0 -0.06 0.09
178 38.0 121.0 61.0 24.0 0.01 -0.04 0.02 0.11 -0.09 0.08
179 36.0 119.0 60.0 24.0 0.02 -0.04 0.03 0.07 -0.06 0.13
180 35.0 119.0 60.0 24.0 0.02 -0.03 0.03 0.09 -0.09 0.09
181 33.0 116.0 60.0 24.0 0.02 -0.03 0.03 0.06 -0.08 0.09
182 30.0 116.0 59.0 24.0 0.02 -0.04 0.03 0.0 -0.05 0.05
183 31.0 118.0 58.0 24.0 0.02 -0.03 0.02 0.0 -0.03 0.1
184 31.0 118.0 57.0 28.0 0.02 -0.02 0.02 0.0 -0.03 0.06
185 30.0 119.0 58.0 28.0 0.02 -0.02 0.01 -0.02 -0.01 0.0
186 30.0 124.0 58.0 27.0 0.02 -0.03 0.0 -0.02 -0.01 0.08
187 29.0 118.0 58.0 26.0 0.01 -0.04 0.0 -0.01 0.0 0.09
188 28.0 116.0 57.0 26.0 0.0 -0.07 0.0 0.04 -0.01 0.13
189 28.0 115.0 57.0 25.0 -0.02 -0.07 0.0 0.03 -0.05 0.11
190 28.0 113.0 58.0 26.0 -0.02 -0.06 0.0 0.07 -0.07 0.11
191 26.0 112.0 56.0 26.0 -0.03 -0.05 0.0 0.09 -0.09 0.1
192 28.0 110.0 55.0 26.0 -0.03 -0.05 0.01 0.1 -0.12 0.12
193 27.0 107.0 54.0 26.0 -0.03 -0.04 0.01 0.05 -0.11 0.08
194 26.0 106.0 55.0 23.0 -0.03 -0.03 0.01 0.04 -0.1 0.05
