1 31.0 320.0 54.0 36.0 0.01 -0.02 -0.01 0.13 0.2 0.23
2 35.0 393.0 55.0 37.0 0.08 -0.12 -0.01 0.19 0.16 0.22
3 32.0 385.0 57.0 40.0 0.22 -0.22 -0.02 -0.31 0.28 -0.28
4 34.0 424.0 58.0 43.0 0.24 -0.36 -0.01 0.25 0.37 0.1
5 40.0 426.0 61.0 41.0 0.26 -0.59 0.06 0.0 0.77 0.17
6 40.0 414.0 61.0 67.0 -0.03 -0.95 0.22 -0.02 0.62 1.63
7 45.0 412.0 65.0 74.0 -0.16 -0.94 0.29 -0.12 0.59 2.18
8 45.0 432.0 65.0 64.0 -0.36 -0.8 0.39 -2.28 0.3 3.07
9 40.0 445.0 63.0 62.0 -0.57 -1.12 0.49 -3.4 -0.57 3.33
10 45.0 452.0 63.0 53.0 -0.46 -1.54 0.52 0.84 1.74 3.91
11 52.0 422.0 64.0 60.0 0.47 -3.41 0.64 -3.6 -0.57 2.97
12 48.0 415.0 62.0 51.0 0.64 -3.95 0.76 -2.67 0.7 2.59
13 46.0 455.0 63.0 46.0 0.77 -3.84 0.82 -1.54 0.69 2.18
14 44.0 409.0 66.0 44.0 1.2 -3.08 0.89 -0.53 1.18 1.8
15 43.0 429.0 67.0 51.0 1.48 -1.91 1.03 -0.33 1.18 1.45
16 51.0 414.0 71.0 46.0 1.52 -1.42 1.09 -0.7 0.89 1.41
17 47.0 406.0 73.0 44.0 1.6 -1.17 1.09 -0.49 0.53 1.41
18 45.0 388.0 84.0 40.0 1.75 -1.64 0.94 -0.06 0.17 0.98
19 50.0 404.0 91.0 38.0 1.86 -1.93 0.86 -0.03 -0.11 0.48
20 52.0 409.0 87.0 34.0 2.06 -2.14 0.77 0.57 0.1 -0.99
21 56.0 429.0 100.0 32.0 2.06 -1.67 0.78 0.57 -0.21 -1.28
22 71.0 429.0 95.0 31.0 1.99 -1.27 0.81 0.13 -0.39 -1.56
23 71.0 422.0 99.0 31.0 1.84 -0.83 0.83 0.02 -0.71 -1.55
24 106.0 400.0 94.0 30.0 1.67 -0.87 0.74 0.07 -0.83 -2.02
25 88.0 395.0 96.0 28.0 1.6 -0.98 0.68 -0.01 -0.95 -2.3
26 82.0 372.0 107.0 28.0 1.39 -1.06 0.6 0.02 -1.13 -2.65
27 71.0 367.0 106.0 29.0 1.2 -0.94 0.54 0.07 -1.07 -2.7
28 67.0 356.0 101.0 28.0 1.08 -0.81 0.53 -0.11 -1.22 -2.68
29 68.0 369.0 97.0 29.0 0.86 -0.59 0.48 0.01 -1.22 -2.52
30 61.0 395.0 105.0 28.0 0.66 -0.41 0.44 -0.19 -1.21 -2.55
31 60.0 354.0 108.0 31.0 0.58 -0.37 0.39 -0.05 -1.11 -2.57
32 61.0 363.0 109.0 35.0 0.42 -0.31 0.31 0.05 -1.03 -2.29
33 64.0 364.0 102.0 32.0 0.28 -0.28 0.27 0.03 -0.83 -1.73
34 68.0 405.0 100.0 32.0 0.22 -0.24 0.26 -0.37 -0.81 -1.53
35 66.0 437.0 98.0 31.0 0.11 -0.22 0.21 -0.46 -0.71 -1.23
36 71.0 403.0 101.0 37.0 0.02 -0.16 0.19 -0.32 -0.48 -1.01
37 65.0 380.0 108.0 40.0 -0.02 -0.15 0.17 -0.3 -0.42 -1.01
38 66.0 369.0 107.0 46.0 -0.06 -0.24 0.13 0.17 -0.32 -0.75
39 60.0 339.0 100.0 44.0 -0.07 -0.27 0.1 0.26 -0.23 -0.63
40 62.0 347.0 98.0 42.0 -0.04 -0.19 0.1 0.18 -0.15 -0.57
41 62.0 350.0 99.0 39.0 -0.01 0.01 0.1 -0.12 -0.02 0.0
42 67.0 348.0 95.0 40.0 -0.01 0.07 0.07 -0.19 0.08 0.03
43 71.0 366.0 96.0 38.0 -0.01 0.03 0.05 -0.18 0.1 0.06
44 72.0 375.0 101.0 42.0 0.04 -0.1 0.01 -0.08 0.18 -0.09
45 71.0 346.0 96.0 39.0 0.08 -0.09 -0.01 0.01 0.29 -0.28
46 71.0 332.0 94.0 40.0 0.09 -0.04 -0.02 0.02 0.3 -0.28
47 68.0 321.0 96.0 36.0 0.09 0.04 -0.02 -0.19 0.25 -0.22
48 67.0 322.0 97.0 34.0 0.09 0.03 -0.02 -0.21 0.2 -0.41
49 63.0 332.0 99.0 38.0 0.08 0.03 -0.02 -0.18 0.21 -0.5
50 60.0 328.0 100.0 37.0 0.04 0.05 -0.0 -0.15 0.22 -0.55
51 66.0 315.0 99.0 36.0 -0.0 0.03 0.02 -0.01 0.15 -0.68
52 66.0 323.0 112.0 35.0 -0.01 0.02 0.02 0.0 0.08 -0.74
53 76.0 321.0 114.0 39.0 -0.03 0.03 0.03 -0.03 0.01 -0.53
54 73.0 311.0 113.0 37.0 -0.05 0.02 0.0 0.03 0.06 -0.35
55 73.0 286.0 107.0 44.0 -0.06 -0.01 -0.02 0.1 0.07 -0.36
56 70.0 311.0 106.0 42.0 -0.08 -0.03 -0.06 0.06 0.13 -0.47
57 70.0 311.0 111.0 39.0 -0.08 0.05 -0.06 -0.02 0.14 -0.46
58 79.0 297.0 107.0 35.0 -0.07 0.09 -0.05 -0.12 0.15 -0.43
59 69.0 284.0 105.0 36.0 -0.05 0.08 -0.06 -0.35 0.16 0.05
60 67.0 338.0 102.0 34.0 -0.03 0.0 -0.07 -0.33 0.25 0.03
61 80.0 321.0 101.0 34.0 -0.04 -0.02 -0.06 -0.35 0.31 -0.08
62 82.0 325.0 102.0 33.0 -0.05 0.02 -0.05 -0.27 0.32 -0.21
63 78.0 321.0 101.0 32.0 -0.05 0.02 -0.02 -0.11 0.27 -0.29
64 71.0 295.0 111.0 30.0 -0.04 0.02 -0.0 -0.13 0.23 -0.22
65 72.0 302.0 109.0 29.0 -0.03 0.03 0.03 -0.13 0.19 -0.03
66 71.0 294.0 104.0 30.0 -0.01 0.02 0.04 -0.1 0.18 0.12
67 73.0 267.0 106.0 30.0 -0.01 0.01 0.04 -0.09 0.19 0.04
68 71.0 267.0 103.0 33.0 0.0 -0.01 0.03 -0.04 0.17 -0.12
69 68.0 324.0 106.0 31.0 0.01 -0.01 0.03 0.06 0.13 -0.19
70 73.0 298.0 112.0 30.0 0.01 -0.0 0.03 -0.01 0.1 -0.26
71 80.0 314.0 114.0 32.0 0.02 0.01 0.02 0.0 0.04 -0.13
72 74.0 292.0 108.0 32.0 0.03 -0.0 0.01 -0.07 0.04 -0.15
73 72.0 291.0 110.0 33.0 0.04 -0.01 -0.0 -0.07 0.04 -0.17
74 68.0 321.0 112.0 32.0 0.04 -0.01 -0.02 -0.09 0.03 -0.22
75 67.0 301.0 110.0 30.0 0.06 0.0 -0.03 -0.13 0.06 -0.35
76 68.0 303.0 113.0 32.0 0.05 0.01 -0.03 -0.17 0.09 -0.31
77 70.0 365.0 111.0 30.0 0.05 -0.02 -0.02 -0.15 0.05 -0.24
78 68.0 350.0 106.0 29.0 0.04 -0.01 -0.01 -0.17 0.05 -0.28
79 70.0 325.0 113.0 28.0 0.04 -0.02 0.0 -0.16 0.08 -0.29
80 71.0 310.0 114.0 28.0 0.03 -0.0 0.02 -0.14 0.08 -0.2
81 75.0 342.0 110.0 28.0 0.01 0.0 0.03 -0.11 0.08 -0.19
82 83.0 361.0 110.0 32.0 0.01 0.01 0.03 -0.13 0.07 -0.23
83 92.0 348.0 108.0 37.0 0.01 0.0 0.03 -0.07 0.11 -0.34
84 84.0 363.0 118.0 35.0 0.01 0.02 0.03 -0.07 0.1 -0.34
85 87.0 334.0 115.0 35.0 0.01 0.02 0.04 -0.08 0.08 -0.3
86 85.0 312.0 115.0 34.0 0.03 -0.01 0.02 -0.09 0.08 -0.12
87 80.0 343.0 106.0 32.0 0.02 0.0 0.01 -0.09 0.1 -0.15
88 84.0 318.0 112.0 33.0 0.01 0.01 0.01 -0.1 0.11 -0.2
89 77.0 315.0 121.0 33.0 0.0 0.01 0.02 -0.1 0.13 -0.27
90 71.0 298.0 119.0 32.0 -0.0 0.02 0.04 -0.12 0.1 -0.25
91 76.0 305.0 117.0 34.0 -0.0 0.02 0.04 -0.09 0.08 -0.25
92 74.0 300.0 116.0 34.0 -0.01 -0.01 0.04 -0.06 0.04 -0.16
93 66.0 297.0 109.0 34.0 -0.02 -0.01 0.03 -0.05 0.08 -0.26
94 68.0 310.0 107.0 36.0 -0.02 -0.01 0.03 0.0 0.05 -0.23
95 70.0 296.0 105.0 36.0 -0.02 0.02 0.03 -0.04 0.07 -0.13
96 67.0 296.0 106.0 36.0 -0.02 0.01 0.02 -0.07 0.05 -0.12
97 62.0 278.0 107.0 34.0 -0.02 -0.01 0.02 -0.07 0.05 -0.13
98 58.0 261.0 110.0 32.0 -0.02 -0.02 0.01 -0.03 -0.02 -0.12
99 54.0 253.0 112.0 33.0 -0.02 0.0 0.01 -0.02 -0.06 -0.14
100 55.0 265.0 112.0 32.0 -0.02 0.01 0.0 -0.04 -0.02 -0.13
101 57.0 256.0 111.0 33.0 -0.02 0.01 0.0 -0.02 0.0 -0.1
102 56.0 245.0 109.0 32.0 -0.01 -0.01 -0.0 -0.02 0.0 -0.19
103 60.0 275.0 108.0 32.0 -0.0 -0.02 -0.01 0.0 0.01 -0.22
104 62.0 281.0 105.0 31.0 -0.01 -0.02 -0.02 0.02 0.0 -0.19
105 64.0 280.0 101.0 32.0 -0.02 -0.01 -0.03 -0.07 0.03 -0.23
106 63.0 321.0 100.0 30.0 -0.02 -0.01 -0.03 -0.08 0.05 -0.26
107 60.0 322.0 103.0 29.0 -0.03 0.0 -0.03 -0.11 0.11 -0.18
108 60.0 294.0 95.0 29.0 -0.03 0.01 -0.03 -0.05 0.19 -0.1
109 58.0 272.0 95.0 27.0 -0.04 -0.0 -0.02 -0.03 0.14 -0.05
110 56.0 275.0 94.0 27.0 -0.03 -0.03 -0.0 -0.06 0.15 -0.15
111 55.0 276.0 91.0 28.0 -0.03 -0.03 0.0 -0.05 0.13 -0.06
112 58.0 258.0 91.0 28.0 -0.02 -0.02 0.0 -0.07 0.1 -0.05
113 53.0 231.0 92.0 28.0 -0.0 -0.0 -0.0 -0.09 0.07 -0.02
114 50.0 225.0 88.0 26.0 0.01 -0.01 -0.0 0.01 0.01 -0.14
115 60.0 226.0 89.0 26.0 0.01 -0.0 -0.01 0.04 0.0 -0.21
116 56.0 213.0 88.0 28.0 0.01 0.02 -0.01 0.04 -0.07 -0.43
117 54.0 213.0 84.0 27.0 -0.0 0.04 -0.03 0.05 -0.17 -0.63
118 52.0 220.0 83.0 26.0 -0.02 0.07 -0.04 0.05 -0.24 -0.71
119 52.0 206.0 81.0 27.0 -0.06 0.13 -0.08 0.03 -0.47 -0.95
120 50.0 187.0 78.0 27.0 -0.13 0.2 -0.12 0.09 -0.77 -1.33
121 57.0 181.0 78.0 26.0 -0.18 0.26 -0.14 0.19 -0.84 -1.45
122 74.0 187.0 77.0 27.0 -0.31 0.42 -0.16 0.29 -1.01 -1.72
123 107.0 217.0 74.0 26.0 -0.45 0.63 -0.19 0.35 -0.94 -1.97
124 114.0 210.0 76.0 26.0 -0.53 0.75 -0.22 0.32 -0.9 -2.04
125 113.0 204.0 78.0 26.0 -0.71 0.94 -0.35 -0.16 -0.86 -1.43
126 109.0 197.0 73.0 25.0 -0.94 0.95 -0.56 0.72 -0.8 -1.13
127 124.0 188.0 74.0 25.0 -0.97 1.1 -0.64 0.68 -0.68 -1.29
128 129.0 180.0 74.0 26.0 -1.09 1.43 -0.76 1.1 -0.72 -1.87
129 139.0 166.0 71.0 26.0 -1.21 1.93 -0.81 0.79 -0.75 -1.72
130 124.0 162.0 72.0 26.0 -1.28 2.12 -0.87 0.11 -0.85 -1.4
131 108.0 167.0 72.0 28.0 -1.43 2.15 -0.98 0.33 -0.65 -0.82
132 116.0 169.0 71.0 27.0 -1.5 2.08 -1.1 0.37 -0.71 -0.44
133 139.0 174.0 72.0 27.0 -1.49 2.08 -1.14 0.55 -0.67 -0.75
134 135.0 168.0 72.0 26.0 -1.4 2.24 -1.22 0.38 -0.73 -1.13
135 127.0 200.0 68.0 26.0 -1.26 2.36 -1.22 0.05 -0.69 -0.85
136 121.0 188.0 67.0 26.0 -1.21 2.33 -1.26 -0.34 -0.53 -0.65
137 114.0 186.0 68.0 26.0 -1.19 2.12 -1.27 -0.84 -0.58 -0.05
138 105.0 187.0 67.0 25.0 -1.14 1.91 -1.3 -0.57 -0.49 0.35
139 105.0 171.0 70.0 26.0 -1.11 1.92 -1.3 -0.82 0.0 0.63
140 102.0 160.0 68.0 26.0 -1.03 2.11 -1.18 -0.47 -0.12 0.64
141 94.0 147.0 63.0 25.0 -0.76 2.27 -1.23 -0.67 0.34 0.53
142 106.0 147.0 66.0 25.0 -0.73 2.35 -1.23 -0.79 0.0 0.56
143 97.0 143.0 64.0 24.0 -0.59 2.33 -1.09 -1.38 0.06 1.07
144 104.0 134.0 62.0 24.0 -0.44 2.36 -1.1 -1.84 0.18 1.27
145 101.0 127.0 64.0 25.0 -0.48 2.37 -0.98 -1.1 0.2 1.28
146 92.0 122.0 62.0 24.0 -0.42 2.45 -0.94 -0.68 0.57 0.94
147 81.0 114.0 62.0 24.0 -0.3 2.3 -0.85 -0.55 0.6 0.79
148 81.0 112.0 62.0 24.0 -0.31 2.04 -0.78 -0.62 0.04 0.43
149 81.0 107.0 61.0 24.0 -0.09 1.52 -0.88 -0.16 0.33 0.14
150 85.0 103.0 60.0 24.0 -0.2 1.15 -0.84 -1.71 -0.42 1.74
151 89.0 102.0 60.0 24.0 -0.29 1.19 -0.75 -12.78 -1.82 6.66
152 89.0 100.0 61.0 23.0 0.36 -1.19 0.18 -4.35 -0.55 -0.28
153 85.0 101.0 60.0 24.0 0.22 -0.86 0.16 1.78 0.72 1.05
154 84.0 104.0 61.0 24.0 0.25 0.23 0.0 0.37 0.46 1.51
155 79.0 102.0 60.0 23.0 0.17 0.5 -0.1 0.09 0.34 -0.23
156 80.0 102.0 59.0 24.0 0.04 0.07 -0.12 -0.1 0.04 -0.48
157 80.0 101.0 59.0 24.0 0.0 -0.04 -0.12 -0.3 0.02 -0.4
158 74.0 98.0 58.0 24.0 -0.02 -0.62 -0.02 -0.07 -0.18 -0.29
159 71.0 95.0 58.0 25.0 -0.01 -0.75 0.0 0.13 -0.21 -0.2
160 66.0 94.0 57.0 24.0 -0.01 -0.84 -0.0 0.12 -0.25 -0.09
161 63.0 93.0 57.0 24.0 0.04 -0.71 0.01 0.22 -0.31 0.08
162 60.0 92.0 56.0 24.0 0.04 -0.58 0.07 0.45 -0.28 0.36
163 63.0 95.0 58.0 24.0 0.04 -0.54 0.1 0.43 -0.3 0.51
164 56.0 94.0 58.0 24.0 0.07 -0.45 0.12 0.58 -0.16 0.73
165 56.0 92.0 58.0 24.0 0.07 -0.39 0.13 0.52 -0.05 0.7
166 58.0 92.0 59.0 24.0 0.05 -0.25 0.12 0.48 -0.01 0.63
167 55.0 93.0 58.0 24.0 0.05 -0.09 0.11 0.33 0.04 0.46
168 52.0 93.0 58.0 24.0 0.05 -0.03 0.1 0.23 0.08 0.35
169 53.0 93.0 59.0 25.0 0.05 0.05 0.08 0.18 0.1 0.24
170 49.0 93.0 58.0 24.0 0.05 0.06 0.07 0.11 0.09 0.28
171 49.0 92.0 58.0 25.0 0.04 0.06 0.07 0.13 0.09 0.21
172 55.0 94.0 60.0 25.0 0.02 0.05 0.06 0.12 0.09 0.16
173 51.0 93.0 59.0 25.0 0.01 0.03 0.05 0.04 0.05 0.03
174 47.0 91.0 58.0 24.0 0.01 0.02 0.05 -0.01 0.04 0.1
175 49.0 93.0 60.0 25.0 0.01 -0.02 0.04 0.02 0.04 0.1
176 49.0 93.0 59.0 25.0 0.0 -0.04 0.03 0.13 0.02 0.15
177 48.0 93.0 58.0 25.0 0.01 -0.05 0.03 0.17 -0.03 0.19
178 56.0 94.0 59.0 24.0 0.04 -0.04 0.03 0.31 -0.01 0.3
179 52.0 94.0 57.0 25.0 0.08 0.03 0.03 0.39 -0.07 0.32
180 47.0 93.0 56.0 25.0 0.09 0.09 0.03 0.36 -0.05 0.32
181 45.0 93.0 56.0 25.0 0.1 0.19 0.02 0.34 -0.04 0.25
182 46.0 91.0 56.0 25.0 0.12 0.24 0.02 0.21 -0.04 0.12
183 45.0 91.0 55.0 25.0 0.14 0.25 0.01 -0.02 0.0 0.02
184 44.0 93.0 55.0 25.0 0.12 0.21 0.01 -0.12 -0.08 -0.01
185 41.0 93.0 55.0 25.0 0.1 0.13 0.01 -0.18 0.0 -0.06
186 41.0 92.0 53.0 26.0 0.08 0.09 0.01 -0.2 0.0 -0.09
187 40.0 91.0 54.0 25.0 0.04 -0.02 0.01 -0.14 0.02 -0.03
