1 27.0 91.0 51.0 24.0 0.0 -0.02 -0.0 0.0 -0.04 0.02
2 29.0 92.0 51.0 24.0 0.0 -0.01 -0.01 0.02 -0.02 0.0
3 28.0 90.0 52.0 24.0 0.0 -0.01 -0.0 0.0 -0.04 0.0
4 28.0 91.0 51.0 24.0 0.0 -0.01 -0.01 0.0 -0.05 0.05
5 28.0 92.0 53.0 24.0 0.01 -0.01 -0.0 0.0 -0.04 0.04
6 27.0 109.0 52.0 24.0 0.0 -0.0 -0.0 0.01 -0.01 0.0
7 27.0 126.0 53.0 24.0 0.01 0.0 -0.0 0.02 -0.03 0.06
8 28.0 133.0 53.0 24.0 0.0 -0.0 -0.01 0.0 -0.02 0.04
9 27.0 132.0 52.0 24.0 0.0 0.0 -0.0 -0.02 -0.01 0.01
10 32.0 154.0 52.0 25.0 -0.0 -0.01 -0.01 -0.03 0.06 0.03
11 28.0 154.0 52.0 25.0 -0.0 -0.01 -0.01 -0.05 0.06 0.06
12 26.0 158.0 52.0 22.0 -0.01 -0.03 -0.02 -0.09 -0.01 0.05
13 24.0 161.0 52.0 25.0 -0.01 -0.04 -0.02 -0.1 -0.04 0.13
14 24.0 175.0 52.0 24.0 -0.03 -0.04 -0.01 0.02 -0.1 0.11
15 24.0 176.0 52.0 28.0 -0.03 -0.01 -0.0 0.04 -0.08 0.06
16 28.0 179.0 53.0 27.0 -0.04 0.01 0.0 0.06 -0.12 0.28
17 31.0 189.0 53.0 28.0 -0.06 0.06 0.01 0.08 -0.14 0.34
18 30.0 193.0 53.0 28.0 -0.06 0.1 0.04 0.29 -0.04 0.37
19 57.0 211.0 52.0 27.0 -0.05 0.15 0.05 -0.03 -0.03 0.18
20 56.0 231.0 53.0 27.0 -0.01 0.31 0.1 -0.07 -0.03 0.07
21 68.0 316.0 53.0 28.0 0.1 0.42 0.16 -0.83 0.24 0.09
22 73.0 366.0 56.0 27.0 0.15 0.36 0.19 -1.92 0.44 0.68
23 78.0 397.0 55.0 28.0 0.19 -0.05 0.22 -2.08 0.36 1.17
24 70.0 420.0 55.0 29.0 0.24 -0.59 0.23 -2.08 0.56 1.21
25 70.0 378.0 56.0 30.0 0.25 -0.8 0.26 -4.32 -1.4 1.16
26 70.0 397.0 58.0 30.0 0.39 -1.15 0.33 -3.4 1.89 1.67
27 68.0 425.0 59.0 30.0 0.68 -2.05 0.56 -3.16 0.69 1.98
28 73.0 407.0 65.0 29.0 0.64 -2.24 0.66 -3.76 1.0 2.61
29 70.0 427.0 67.0 33.0 0.94 -2.92 0.89 -3.57 0.68 2.58
30 62.0 396.0 74.0 33.0 1.13 -4.01 1.04 -2.65 1.06 2.15
31 66.0 410.0 77.0 33.0 1.18 -4.53 1.12 -1.72 0.68 1.65
32 57.0 414.0 81.0 33.0 1.36 -5.27 1.22 -0.96 0.61 1.48
33 68.0 427.0 84.0 32.0 1.56 -5.11 1.32 0.43 0.58 0.79
34 68.0 435.0 94.0 36.0 1.65 -4.78 1.35 0.46 0.4 0.15
35 69.0 426.0 92.0 36.0 1.79 -3.89 1.37 0.37 0.2 -0.02
36 69.0 448.0 94.0 34.0 1.88 -3.28 1.3 0.1 -0.11 0.28
37 73.0 432.0 95.0 35.0 1.87 -3.09 1.26 0.37 -0.36 -0.64
38 116.0 418.0 95.0 34.0 1.82 -2.71 1.08 0.55 -0.37 -1.05
39 122.0 471.0 100.0 39.0 1.78 -2.45 1.03 1.33 -0.29 -1.74
40 111.0 481.0 102.0 43.0 1.73 -2.15 1.03 0.15 -0.97 -1.53
41 123.0 466.0 95.0 42.0 1.57 -1.52 0.97 -0.11 -0.88 -1.51
42 191.0 492.0 93.0 51.0 1.49 -1.6 0.94 0.09 -1.05 -1.5
43 218.0 539.0 108.0 48.0 1.44 -1.62 0.9 -0.26 -1.32 -1.99
44 235.0 522.0 112.0 44.0 1.34 -1.4 0.75 0.45 -1.01 -2.51
45 200.0 471.0 108.0 45.0 1.15 -1.03 0.68 0.0 -1.33 -2.1
46 177.0 470.0 104.0 44.0 1.08 -0.97 0.63 -0.05 -1.22 -1.31
47 144.0 422.0 98.0 40.0 0.97 -0.97 0.48 -0.29 -1.16 -1.38
48 222.0 414.0 98.0 49.0 0.84 -0.93 0.37 -0.11 -0.94 -2.17
49 233.0 429.0 108.0 60.0 0.79 -0.78 0.34 -0.13 -0.87 -2.43
50 199.0 393.0 108.0 57.0 0.67 -0.33 0.3 -0.18 -0.94 -2.35
51 235.0 371.0 107.0 58.0 0.55 0.08 0.26 -0.36 -0.91 -1.9
52 197.0 370.0 98.0 54.0 0.46 0.21 0.24 -0.3 -0.93 -1.51
53 166.0 362.0 97.0 55.0 0.28 0.3 0.17 -0.33 -0.84 -1.49
54 142.0 356.0 94.0 56.0 0.13 0.15 0.07 -0.07 -0.77 -1.5
55 120.0 348.0 94.0 57.0 0.08 0.05 0.04 0.23 -0.55 -1.5
56 106.0 334.0 95.0 63.0 -0.04 -0.01 0.01 0.23 -0.47 -1.39
57 122.0 348.0 90.0 63.0 -0.13 0.09 -0.02 0.17 -0.36 -1.04
58 104.0 348.0 89.0 59.0 -0.16 0.14 -0.03 0.04 -0.15 -0.81
59 97.0 330.0 91.0 65.0 -0.17 0.18 -0.05 -0.03 -0.08 -0.75
60 87.0 307.0 89.0 65.0 -0.16 0.14 -0.07 -0.14 0.07 -0.56
61 73.0 327.0 97.0 66.0 -0.15 0.14 -0.07 -0.15 0.11 -0.33
62 73.0 315.0 91.0 61.0 -0.12 0.17 -0.05 -0.26 0.14 -0.02
63 83.0 374.0 90.0 78.0 -0.12 0.15 -0.03 -0.24 0.22 -0.04
64 138.0 345.0 89.0 73.0 -0.12 0.12 -0.02 -0.16 0.31 -0.45
65 119.0 337.0 88.0 68.0 -0.08 0.15 0.01 -0.26 0.41 -0.68
66 106.0 313.0 90.0 72.0 -0.09 0.21 0.06 -0.18 0.54 -0.74
67 93.0 292.0 91.0 70.0 -0.11 0.26 0.09 -0.16 0.56 -0.3
68 83.0 292.0 93.0 68.0 -0.13 0.23 0.12 -0.15 0.56 -0.17
69 79.0 316.0 96.0 62.0 -0.15 0.1 0.13 -0.13 0.46 -0.27
70 76.0 293.0 92.0 62.0 -0.16 0.03 0.13 0.08 0.44 -0.34
71 71.0 275.0 87.0 70.0 -0.15 0.0 0.13 0.08 0.44 -0.43
72 85.0 263.0 97.0 65.0 -0.15 -0.01 0.13 0.19 0.33 -0.29
73 81.0 283.0 108.0 65.0 -0.12 -0.01 0.11 0.16 0.25 -0.16
74 73.0 264.0 102.0 59.0 -0.09 -0.0 0.08 0.04 0.2 0.02
75 70.0 284.0 95.0 58.0 -0.07 0.05 0.05 0.07 0.21 -0.06
76 106.0 321.0 89.0 60.0 -0.08 0.09 0.04 0.03 0.24 -0.18
77 98.0 321.0 88.0 57.0 -0.07 0.11 0.04 0.05 0.3 -0.24
78 92.0 309.0 86.0 55.0 -0.06 0.09 0.04 0.09 0.22 -0.33
79 79.0 295.0 91.0 52.0 -0.04 0.07 0.04 0.01 0.18 -0.21
80 77.0 289.0 87.0 49.0 -0.01 0.06 0.03 0.01 0.23 -0.17
81 88.0 311.0 89.0 44.0 -0.01 0.1 0.03 0.0 0.23 -0.19
82 87.0 325.0 83.0 40.0 -0.02 0.1 0.03 0.0 0.29 -0.15
83 88.0 335.0 81.0 37.0 -0.03 0.07 0.03 0.07 0.28 -0.17
84 96.0 323.0 87.0 39.0 -0.03 0.0 0.02 0.09 0.22 -0.15
85 79.0 301.0 84.0 36.0 -0.02 -0.02 0.02 0.03 0.15 -0.05
86 73.0 300.0 80.0 34.0 -0.0 -0.02 0.01 0.02 0.13 -0.03
87 67.0 275.0 77.0 33.0 0.03 -0.03 -0.01 0.0 0.13 -0.07
88 59.0 257.0 75.0 32.0 0.05 -0.04 -0.03 0.0 0.18 -0.09
89 60.0 251.0 77.0 32.0 0.05 -0.02 -0.05 0.1 0.17 -0.1
90 76.0 250.0 79.0 33.0 0.03 0.02 -0.05 0.11 0.23 -0.22
91 67.0 247.0 79.0 32.0 0.01 0.03 -0.06 0.0 0.19 -0.3
92 68.0 276.0 79.0 31.0 -0.01 0.05 -0.04 -0.03 0.16 -0.44
93 62.0 277.0 82.0 30.0 0.0 0.01 -0.04 0.0 0.1 -0.49
94 62.0 256.0 77.0 29.0 0.01 -0.01 -0.03 -0.04 0.08 -0.33
95 63.0 261.0 86.0 32.0 0.02 -0.03 -0.03 -0.14 0.1 -0.33
96 58.0 269.0 83.0 31.0 0.0 -0.02 -0.02 -0.1 0.14 -0.37
97 59.0 266.0 85.0 30.0 -0.0 -0.02 -0.02 -0.12 0.17 -0.33
98 66.0 294.0 79.0 28.0 -0.02 0.01 -0.03 -0.16 0.19 -0.33
99 67.0 288.0 81.0 28.0 -0.02 0.02 -0.03 -0.09 0.19 -0.44
100 80.0 281.0 76.0 28.0 -0.02 0.02 -0.03 0.0 0.17 -0.32
101 85.0 276.0 77.0 30.0 -0.02 0.03 -0.02 -0.02 0.11 -0.3
102 75.0 275.0 81.0 31.0 -0.01 0.02 -0.02 -0.02 0.12 -0.28
103 71.0 264.0 85.0 30.0 -0.0 0.02 -0.01 -0.01 0.11 -0.23
104 78.0 250.0 82.0 30.0 0.0 0.02 -0.01 -0.08 0.16 -0.17
105 72.0 255.0 82.0 29.0 0.01 0.0 -0.01 -0.07 0.18 -0.2
106 70.0 257.0 86.0 28.0 0.01 0.0 -0.01 -0.1 0.16 -0.21
107 61.0 235.0 82.0 28.0 0.02 -0.0 -0.01 -0.07 0.16 -0.31
108 55.0 250.0 81.0 27.0 0.01 -0.0 0.0 0.02 0.14 -0.32
109 57.0 251.0 79.0 26.0 -0.01 0.0 0.01 0.0 0.11 -0.26
110 57.0 254.0 74.0 31.0 -0.03 -0.0 0.02 -0.01 0.08 -0.29
111 52.0 230.0 72.0 30.0 -0.03 -0.03 0.02 0.0 0.12 -0.33
112 55.0 204.0 66.0 29.0 -0.03 -0.02 0.02 0.02 0.11 -0.29
113 53.0 216.0 70.0 28.0 -0.04 0.0 0.01 0.06 0.03 -0.28
114 66.0 200.0 68.0 27.0 -0.03 0.02 0.0 0.15 0.01 -0.23
115 66.0 250.0 72.0 27.0 -0.03 0.03 -0.0 0.12 -0.02 -0.24
116 64.0 266.0 70.0 27.0 -0.02 0.03 -0.02 0.12 -0.04 -0.28
117 62.0 259.0 69.0 25.0 -0.02 0.04 -0.04 0.02 0.08 -0.36
118 59.0 227.0 72.0 26.0 -0.03 0.06 -0.04 0.0 0.1 -0.27
119 52.0 250.0 68.0 26.0 -0.04 0.05 -0.04 -0.02 0.03 -0.12
120 45.0 238.0 70.0 26.0 -0.04 -0.0 -0.04 -0.04 0.03 -0.22
121 45.0 244.0 71.0 28.0 -0.05 -0.0 -0.04 -0.09 0.01 -0.31
122 45.0 250.0 69.0 27.0 -0.07 0.01 -0.03 -0.13 0.11 -0.27
123 47.0 287.0 70.0 26.0 -0.08 0.03 -0.01 -0.18 0.12 -0.35
124 59.0 300.0 69.0 26.0 -0.08 0.02 -0.01 -0.15 0.06 -0.26
125 75.0 297.0 67.0 26.0 -0.06 -0.02 -0.0 -0.12 0.04 -0.27
126 78.0 278.0 65.0 26.0 -0.03 -0.02 -0.01 -0.08 -0.09 -0.36
127 80.0 245.0 64.0 26.0 -0.01 -0.01 -0.02 -0.07 -0.13 -0.37
128 96.0 236.0 63.0 25.0 0.01 0.02 -0.04 -0.07 -0.24 -0.36
129 110.0 225.0 62.0 24.0 0.02 0.05 -0.07 -0.06 -0.48 -0.66
130 113.0 196.0 62.0 24.0 0.04 0.07 -0.1 0.04 -0.61 -0.84
131 102.0 174.0 61.0 24.0 0.03 0.26 -0.15 0.07 -1.23 -1.67
132 105.0 154.0 61.0 24.0 0.05 0.7 -0.18 0.18 -1.37 -2.21
133 111.0 139.0 61.0 24.0 0.05 0.97 -0.21 0.22 -1.32 -2.34
134 111.0 133.0 60.0 24.0 0.04 1.59 -0.29 0.01 -1.2 -2.47
135 118.0 128.0 57.0 24.0 -0.12 2.1 -0.39 0.0 -1.12 -1.99
136 113.0 126.0 57.0 24.0 -0.24 2.19 -0.45 -0.01 -1.29 -1.17
137 99.0 121.0 55.0 24.0 -0.5 2.14 -0.6 0.43 -1.27 -0.38
138 109.0 145.0 56.0 24.0 -0.75 2.02 -0.77 0.84 -0.74 -0.19
139 114.0 144.0 56.0 24.0 -0.92 2.02 -0.84 0.98 -0.54 -0.21
140 112.0 140.0 55.0 24.0 -1.1 2.12 -1.0 0.56 -0.17 -0.63
141 106.0 153.0 55.0 23.0 -1.42 2.07 -1.12 0.35 -0.1 -0.52
142 110.0 174.0 55.0 24.0 -1.55 2.03 -1.16 0.4 -0.08 -0.36
143 109.0 190.0 55.0 24.0 -1.64 1.98 -1.22 0.89 -0.05 -0.5
144 106.0 197.0 54.0 24.0 -1.59 1.9 -1.29 0.63 -0.09 -0.95
145 92.0 190.0 55.0 27.0 -1.5 1.84 -1.32 0.23 -0.33 -1.39
146 94.0 170.0 56.0 26.0 -1.31 1.82 -1.28 0.25 -0.25 -2.0
147 92.0 155.0 55.0 26.0 -1.19 1.82 -1.25 -0.62 -0.1 -1.3
148 92.0 152.0 55.0 26.0 -1.19 1.75 -1.23 -0.68 -0.11 -0.69
149 95.0 144.0 55.0 25.0 -1.16 1.48 -1.2 -0.74 0.06 0.37
150 91.0 158.0 54.0 25.0 -1.18 1.36 -1.21 -0.61 -0.04 1.01
151 117.0 169.0 55.0 24.0 -1.22 1.42 -1.2 -0.47 0.12 1.2
152 103.0 164.0 55.0 24.0 -1.29 1.69 -1.16 0.13 0.17 1.05
153 92.0 173.0 58.0 25.0 -1.25 1.98 -1.05 0.0 -0.02 0.39
154 95.0 165.0 57.0 24.0 -1.09 2.01 -1.08 -0.48 0.51 0.22
155 95.0 152.0 56.0 24.0 -0.96 1.92 -1.07 -0.95 0.52 0.63
156 87.0 161.0 59.0 24.0 -0.84 1.56 -1.06 -1.1 0.66 1.26
157 82.0 152.0 59.0 24.0 -0.85 1.39 -0.97 -1.19 0.56 1.49
158 74.0 148.0 56.0 24.0 -0.76 1.25 -0.98 -0.64 0.68 1.62
159 89.0 157.0 55.0 24.0 -0.68 1.24 -0.9 -0.47 0.87 1.3
160 92.0 163.0 60.0 24.0 -0.71 1.26 -0.79 -0.04 0.39 1.23
161 79.0 147.0 58.0 24.0 -0.7 1.4 -0.91 0.03 0.25 0.66
162 78.0 151.0 57.0 24.0 -0.48 1.25 -0.74 0.28 0.02 0.43
163 67.0 145.0 60.0 23.0 -0.51 1.17 -0.75 0.24 0.53 0.29
164 71.0 146.0 55.0 23.0 -0.49 1.02 -0.71 -1.47 -0.79 -0.32
165 66.0 143.0 56.0 24.0 0.08 -0.39 -0.24 -10.24 0.67 1.77
166 65.0 130.0 56.0 23.0 0.25 -1.97 0.17 -1.55 -0.35 0.4
167 68.0 122.0 63.0 23.0 0.25 -0.57 0.1 2.11 -0.26 0.18
168 58.0 112.0 60.0 23.0 0.15 0.5 -0.0 -0.26 0.07 0.67
169 67.0 119.0 60.0 23.0 0.13 0.38 0.0 -0.23 0.2 0.29
170 61.0 113.0 58.0 24.0 0.08 -0.04 0.04 0.38 -0.02 0.09
171 69.0 109.0 56.0 25.0 0.08 -0.17 -0.04 -0.03 0.21 0.25
172 59.0 113.0 56.0 25.0 -0.03 -0.29 -0.0 0.08 0.09 0.26
173 52.0 118.0 55.0 24.0 -0.05 -0.41 0.06 0.07 0.03 0.14
174 49.0 110.0 54.0 23.0 -0.01 -0.33 0.03 0.0 0.12 0.16
175 58.0 104.0 54.0 24.0 -0.02 -0.23 0.01 0.05 0.08 0.28
176 51.0 102.0 53.0 24.0 -0.03 -0.05 0.04 -0.12 0.2 0.21
177 58.0 98.0 52.0 24.0 -0.03 0.0 0.01 0.22 0.03 0.25
178 54.0 97.0 54.0 25.0 0.01 -0.0 0.02 0.33 0.07 0.21
179 53.0 95.0 53.0 24.0 0.06 0.01 0.02 0.2 0.04 0.21
180 53.0 94.0 53.0 24.0 0.05 0.06 0.02 0.07 0.0 0.18
181 50.0 92.0 54.0 24.0 0.04 0.08 0.01 0.02 0.01 0.21
182 45.0 91.0 53.0 24.0 0.03 0.11 0.01 0.02 -0.01 0.02
183 46.0 89.0 52.0 25.0 0.05 0.08 0.01 0.0 -0.02 -0.09
184 46.0 90.0 52.0 24.0 0.06 0.06 0.02 -0.05 0.04 -0.01
185 42.0 86.0 52.0 24.0 0.06 0.01 0.01 -0.09 0.06 0.01
186 42.0 85.0 52.0 24.0 0.04 -0.05 0.01 0.0 0.07 0.04
187 40.0 84.0 53.0 25.0 0.04 -0.08 0.01 -0.01 0.04 0.05
188 38.0 84.0 52.0 25.0 0.03 -0.13 0.0 0.0 0.09 0.09
189 35.0 84.0 52.0 25.0 0.02 -0.13 0.0 0.11 0.05 0.14
190 36.0 85.0 52.0 25.0 0.02 -0.13 0.01 0.12 0.04 0.19
191 33.0 84.0 51.0 25.0 0.01 -0.07 0.01 0.18 0.03 0.23
192 33.0 84.0 51.0 25.0 0.01 -0.02 0.01 0.24 0.06 0.24
193 37.0 85.0 53.0 28.0 0.01 -0.0 0.01 0.19 0.01 0.18
194 35.0 85.0 54.0 29.0 -0.0 0.02 0.01 0.13 0.07 0.16
195 40.0 84.0 53.0 27.0 -0.01 0.02 0.01 0.03 0.06 0.12
196 38.0 85.0 55.0 27.0 -0.01 0.02 0.01 0.0 0.06 0.1
197 37.0 85.0 55.0 26.0 -0.01 0.0 0.0 0.0 0.04 0.02
198 45.0 85.0 54.0 26.0 -0.01 -0.01 -0.0 0.0 0.04 0.01
