1 24.0 97.0 68.0 24.0 -0.02 -0.01 -0.01 0.0 0.1 -0.02
2 25.0 95.0 67.0 24.0 -0.01 -0.02 -0.02 0.04 0.1 0.02
3 28.0 94.0 68.0 24.0 -0.01 -0.03 -0.02 0.02 0.08 0.03
4 28.0 92.0 68.0 23.0 -0.01 -0.03 -0.02 0.05 0.07 0.02
5 28.0 90.0 69.0 23.0 -0.01 -0.02 -0.02 0.11 0.09 0.06
6 27.0 90.0 69.0 24.0 -0.01 -0.01 -0.02 0.07 0.11 0.05
7 28.0 97.0 70.0 24.0 -0.01 -0.01 -0.01 0.08 0.11 0.02
8 28.0 97.0 68.0 25.0 -0.02 -0.0 -0.01 0.03 0.11 0.05
9 30.0 105.0 69.0 25.0 -0.03 0.0 -0.01 0.06 0.12 0.07
10 36.0 110.0 70.0 26.0 -0.04 0.01 -0.01 0.01 0.13 0.03
11 48.0 115.0 70.0 28.0 -0.07 0.02 0.0 -0.01 0.14 0.14
12 74.0 127.0 71.0 28.0 -0.07 0.03 0.0 0.01 0.2 0.15
13 84.0 152.0 71.0 29.0 -0.1 0.05 0.02 0.09 0.23 0.06
14 74.0 210.0 70.0 28.0 -0.12 0.07 0.01 -0.78 0.18 -0.05
15 72.0 220.0 69.0 33.0 -0.09 0.03 -0.01 -0.59 0.23 0.09
16 85.0 232.0 68.0 31.0 -0.0 -0.16 -0.05 -0.16 0.24 0.3
17 93.0 235.0 68.0 32.0 0.08 -0.35 -0.01 -0.26 0.14 0.53
18 117.0 249.0 71.0 30.0 0.14 -0.46 0.03 -0.86 -0.07 0.66
19 117.0 262.0 70.0 29.0 0.25 -0.87 0.05 -0.74 0.2 0.44
20 115.0 271.0 68.0 28.0 0.29 -1.3 0.03 -1.01 0.05 1.05
21 116.0 253.0 68.0 27.0 0.36 -1.61 0.06 -1.53 -0.12 1.43
22 108.0 238.0 68.0 31.0 0.67 -2.53 0.04 -3.28 -0.87 1.89
23 121.0 237.0 69.0 30.0 1.08 -4.04 -0.0 -1.54 0.66 3.04
24 134.0 224.0 71.0 28.0 1.23 -4.43 0.05 0.25 0.59 2.74
25 121.0 233.0 69.0 27.0 1.46 -4.26 0.08 0.59 0.82 2.67
26 120.0 217.0 69.0 26.0 1.68 -3.46 0.02 0.04 0.82 2.36
27 110.0 226.0 68.0 26.0 1.77 -3.12 -0.03 0.5 0.81 2.1
28 106.0 205.0 68.0 25.0 1.94 -2.71 -0.13 0.3 0.69 1.88
29 110.0 213.0 71.0 25.0 2.05 -2.61 -0.22 0.25 0.62 0.98
30 131.0 206.0 73.0 25.0 2.08 -2.65 -0.27 0.35 0.49 0.33
31 123.0 191.0 76.0 25.0 2.14 -2.55 -0.34 0.41 0.36 0.11
32 140.0 214.0 76.0 25.0 2.11 -2.22 -0.42 0.05 0.23 -0.35
33 144.0 197.0 73.0 24.0 2.11 -2.06 -0.44 -0.03 0.26 -0.39
34 121.0 242.0 72.0 24.0 2.03 -1.89 -0.48 -0.09 0.22 -0.42
35 114.0 245.0 71.0 24.0 1.94 -1.84 -0.52 -0.04 0.0 -0.62
36 122.0 231.0 69.0 25.0 1.9 -1.79 -0.53 -0.07 -0.12 -1.2
37 135.0 223.0 71.0 25.0 1.81 -1.64 -0.57 -0.19 -0.16 -1.17
38 151.0 211.0 70.0 25.0 1.69 -1.3 -0.57 0.05 -0.3 -1.13
39 192.0 254.0 71.0 31.0 1.62 -1.12 -0.57 -0.2 -0.17 -1.24
40 186.0 236.0 67.0 29.0 1.51 -0.9 -0.57 -0.13 -0.36 -1.25
41 197.0 256.0 72.0 36.0 1.46 -0.77 -0.58 -0.05 -0.21 -2.26
42 193.0 242.0 75.0 32.0 1.45 -0.59 -0.6 -0.17 -0.38 -1.76
43 196.0 229.0 73.0 31.0 1.32 -0.6 -0.6 -0.53 -0.75 -0.09
44 199.0 245.0 71.0 35.0 1.15 -0.63 -0.53 -1.42 -1.25 1.89
45 222.0 253.0 71.0 34.0 0.98 -0.74 -0.48 0.07 -0.37 -0.42
46 212.0 233.0 70.0 36.0 0.92 -1.1 -0.7 -0.41 -0.88 -1.02
47 247.0 231.0 70.0 34.0 0.46 -0.75 -0.71 -1.39 -0.37 -2.15
48 234.0 225.0 73.0 34.0 0.59 -0.81 -0.79 1.11 -0.22 -3.69
49 222.0 204.0 73.0 32.0 0.46 -0.43 -0.63 0.38 -0.83 -2.5
50 218.0 192.0 72.0 31.0 0.64 -0.45 -0.55 -0.39 -0.96 0.19
51 212.0 197.0 72.0 30.0 0.66 -0.51 -0.55 -0.7 -1.33 0.14
52 213.0 194.0 71.0 28.0 0.59 -0.48 -0.47 -1.5 -0.97 -0.09
53 225.0 190.0 72.0 29.0 0.53 -0.26 -0.36 -0.9 -0.8 -1.01
54 213.0 179.0 73.0 28.0 0.47 -0.14 -0.29 -1.01 -0.84 -1.05
55 229.0 187.0 71.0 29.0 0.4 -0.19 -0.16 -1.23 -0.87 -0.72
56 255.0 202.0 73.0 28.0 0.34 -0.34 -0.06 -1.03 -0.73 -0.51
57 244.0 207.0 76.0 27.0 0.29 -0.34 -0.02 -1.07 -0.64 -0.62
58 235.0 197.0 77.0 27.0 0.18 -0.28 0.06 -0.93 -0.33 -0.62
59 248.0 237.0 83.0 28.0 0.06 -0.16 0.13 -0.46 -0.14 -0.45
60 216.0 220.0 81.0 28.0 -0.0 -0.16 0.15 -0.29 -0.09 -0.34
61 199.0 215.0 83.0 27.0 -0.1 -0.19 0.17 -0.21 0.0 -0.47
62 231.0 212.0 84.0 26.0 -0.14 -0.13 0.15 0.11 0.25 -0.49
63 264.0 197.0 86.0 26.0 -0.16 -0.05 0.15 0.08 0.21 -0.43
64 259.0 189.0 86.0 25.0 -0.18 0.03 0.12 -0.11 0.17 -0.25
65 234.0 230.0 89.0 25.0 -0.2 0.04 0.09 -0.04 0.18 -0.03
66 229.0 226.0 87.0 25.0 -0.19 0.04 0.08 -0.02 0.25 -0.11
67 200.0 220.0 85.0 25.0 -0.21 0.04 0.06 -0.15 0.27 -0.17
68 190.0 205.0 93.0 24.0 -0.19 0.03 0.05 -0.09 0.15 0.01
69 222.0 207.0 92.0 25.0 -0.18 0.03 0.05 -0.05 0.18 0.05
70 240.0 178.0 84.0 24.0 -0.14 0.06 0.06 -0.09 0.24 0.22
71 227.0 177.0 84.0 24.0 -0.13 0.09 0.06 -0.36 0.14 0.3
72 208.0 187.0 81.0 24.0 -0.12 0.07 0.06 -0.25 0.14 0.22
73 194.0 177.0 88.0 24.0 -0.11 0.07 0.08 -0.2 0.15 -0.03
74 168.0 210.0 84.0 25.0 -0.11 0.05 0.09 -0.2 0.08 -0.01
75 158.0 204.0 83.0 24.0 -0.1 0.04 0.1 -0.13 0.1 0.03
76 191.0 211.0 79.0 24.0 -0.12 0.02 0.12 -0.22 0.06 0.09
77 198.0 212.0 81.0 25.0 -0.12 0.02 0.11 -0.21 0.05 -0.01
78 193.0 202.0 83.0 24.0 -0.13 0.03 0.11 -0.08 0.0 -0.09
79 184.0 205.0 81.0 25.0 -0.1 0.04 0.1 -0.1 0.08 -0.34
80 160.0 204.0 83.0 26.0 -0.08 0.03 0.08 0.05 0.05 -0.06
81 141.0 188.0 82.0 26.0 -0.07 0.03 0.07 -0.01 0.11 0.08
82 133.0 185.0 83.0 25.0 -0.06 0.05 0.04 -0.05 0.04 0.2
83 147.0 196.0 80.0 25.0 -0.05 0.1 0.01 -0.19 0.01 0.05
84 156.0 175.0 81.0 25.0 -0.04 0.1 0.0 -0.26 0.04 0.0
85 191.0 185.0 76.0 26.0 -0.03 0.06 -0.01 -0.25 0.0 -0.18
86 183.0 188.0 75.0 27.0 -0.02 0.02 0.01 -0.26 -0.01 -0.18
87 167.0 213.0 75.0 25.0 -0.03 0.0 0.02 -0.24 -0.07 -0.16
88 140.0 201.0 72.0 24.0 -0.03 -0.04 0.03 -0.19 -0.06 -0.15
89 148.0 199.0 68.0 24.0 -0.04 -0.03 0.06 -0.05 -0.02 -0.07
90 163.0 192.0 68.0 25.0 -0.06 -0.0 0.07 -0.15 -0.07 -0.1
91 145.0 176.0 67.0 26.0 -0.09 0.06 0.11 -0.15 -0.02 -0.18
92 127.0 177.0 69.0 25.0 -0.09 0.05 0.11 -0.27 0.01 -0.3
93 121.0 167.0 72.0 24.0 -0.08 -0.01 0.08 -0.17 0.07 -0.21
94 110.0 165.0 71.0 25.0 -0.05 -0.05 0.05 -0.01 0.03 0.04
95 138.0 163.0 73.0 25.0 -0.06 0.01 0.05 -0.16 0.0 0.13
96 141.0 158.0 72.0 25.0 -0.06 0.03 0.04 -0.1 0.0 0.06
97 120.0 148.0 71.0 25.0 -0.04 0.01 0.03 -0.09 0.04 -0.06
98 127.0 154.0 73.0 25.0 -0.03 -0.02 0.04 -0.04 0.04 0.01
99 121.0 157.0 76.0 24.0 -0.03 -0.03 0.04 0.01 0.1 -0.06
100 112.0 176.0 79.0 24.0 -0.02 -0.01 0.04 -0.09 0.19 0.0
101 99.0 207.0 82.0 24.0 -0.03 -0.02 0.03 -0.1 0.22 -0.03
102 106.0 191.0 78.0 25.0 -0.03 -0.04 0.03 -0.04 0.23 -0.02
103 156.0 190.0 76.0 26.0 -0.03 -0.03 0.03 -0.07 0.19 0.01
104 138.0 185.0 73.0 25.0 -0.05 0.01 0.03 -0.2 0.13 0.01
105 128.0 177.0 73.0 25.0 -0.05 0.01 0.03 -0.1 0.12 0.0
106 112.0 163.0 74.0 25.0 -0.03 0.01 0.04 -0.02 0.02 -0.2
107 111.0 165.0 79.0 26.0 -0.01 0.06 0.05 -0.18 -0.03 -0.09
108 132.0 153.0 78.0 25.0 0.0 0.06 0.06 -0.21 0.06 -0.04
109 116.0 152.0 72.0 25.0 0.02 0.03 0.05 -0.24 0.06 0.01
110 106.0 180.0 78.0 23.0 0.03 -0.01 0.04 -0.16 0.09 -0.08
111 102.0 181.0 76.0 24.0 0.03 -0.02 0.03 -0.2 0.14 0.0
112 100.0 162.0 78.0 24.0 0.01 -0.01 0.02 -0.12 0.06 -0.1
113 145.0 155.0 75.0 24.0 -0.01 0.0 0.02 -0.05 0.06 -0.19
114 141.0 176.0 74.0 23.0 -0.02 0.0 0.01 -0.12 0.0 -0.21
115 160.0 203.0 73.0 24.0 -0.03 0.02 0.02 -0.1 0.0 -0.16
116 158.0 200.0 73.0 24.0 -0.03 0.03 0.02 -0.12 0.05 -0.13
117 157.0 193.0 72.0 24.0 -0.03 0.04 0.02 -0.18 0.01 -0.06
118 131.0 178.0 75.0 23.0 -0.02 0.03 0.01 -0.11 0.07 -0.03
119 117.0 165.0 74.0 24.0 -0.01 -0.01 0.0 -0.08 0.02 -0.1
120 111.0 165.0 75.0 24.0 -0.01 -0.03 0.01 0.0 0.04 -0.04
121 116.0 166.0 75.0 24.0 0.0 -0.03 0.01 -0.09 0.09 -0.06
122 104.0 152.0 73.0 24.0 -0.02 0.01 0.02 -0.2 0.05 -0.04
123 124.0 159.0 76.0 24.0 -0.02 0.0 0.02 -0.09 0.03 -0.16
124 131.0 161.0 71.0 24.0 -0.01 -0.03 0.01 -0.04 0.08 -0.15
125 159.0 160.0 73.0 24.0 -0.03 0.0 0.02 -0.16 0.01 -0.07
126 134.0 172.0 75.0 24.0 -0.03 0.01 0.02 -0.1 0.05 -0.09
127 125.0 163.0 76.0 24.0 -0.03 -0.01 0.02 -0.13 0.07 -0.15
128 105.0 151.0 72.0 24.0 -0.03 -0.03 0.03 -0.16 0.11 -0.09
129 105.0 168.0 72.0 23.0 -0.03 -0.03 0.03 -0.17 0.12 -0.02
130 95.0 181.0 74.0 23.0 -0.03 -0.03 0.03 -0.15 0.02 0.0
131 109.0 165.0 72.0 24.0 -0.03 -0.03 0.05 -0.1 0.04 0.02
132 96.0 164.0 71.0 24.0 -0.02 -0.01 0.06 -0.09 0.02 0.02
133 96.0 170.0 71.0 24.0 -0.02 0.01 0.05 -0.16 0.02 -0.04
134 100.0 173.0 76.0 24.0 -0.0 0.0 0.03 -0.07 -0.01 -0.05
135 85.0 164.0 78.0 24.0 0.01 -0.01 0.03 -0.08 -0.01 0.0
136 72.0 147.0 75.0 24.0 0.01 0.0 0.02 -0.11 -0.05 0.01
137 103.0 140.0 74.0 24.0 0.0 0.01 0.02 -0.14 -0.02 -0.09
138 92.0 164.0 72.0 24.0 0.0 0.01 0.02 -0.18 -0.02 -0.15
139 121.0 159.0 71.0 23.0 -0.01 0.0 0.03 -0.15 -0.05 -0.23
140 106.0 144.0 71.0 24.0 -0.01 -0.01 0.04 -0.09 -0.03 -0.21
141 90.0 144.0 73.0 24.0 -0.02 -0.01 0.05 -0.02 -0.1 -0.23
142 78.0 141.0 73.0 24.0 -0.03 0.01 0.05 -0.09 -0.07 -0.18
143 69.0 134.0 71.0 24.0 -0.06 0.05 0.04 -0.17 -0.2 -0.17
144 58.0 135.0 68.0 23.0 -0.07 0.05 0.04 -0.18 -0.23 -0.19
145 62.0 136.0 66.0 24.0 -0.08 0.06 0.05 -0.22 -0.36 -0.27
146 55.0 130.0 65.0 24.0 -0.1 0.13 0.07 -0.29 -0.51 -0.39
147 48.0 130.0 65.0 23.0 -0.12 0.18 0.08 -0.3 -0.56 -0.43
148 44.0 121.0 65.0 24.0 -0.17 0.33 0.11 -0.2 -0.67 -0.58
149 39.0 115.0 64.0 24.0 -0.23 0.67 0.16 -0.08 -0.75 -0.81
150 41.0 131.0 62.0 23.0 -0.28 0.92 0.2 -0.16 -0.86 -0.83
151 45.0 126.0 60.0 24.0 -0.45 1.45 0.28 -0.72 -1.29 -0.79
152 42.0 121.0 58.0 23.0 -0.65 1.71 0.35 -0.67 -1.42 -1.02
153 45.0 116.0 56.0 23.0 -0.71 1.76 0.38 -0.67 -1.29 -0.96
154 45.0 120.0 54.0 23.0 -0.84 2.02 0.42 -1.05 -1.15 -1.07
155 52.0 117.0 53.0 24.0 -0.99 2.35 0.45 -0.99 -0.78 -1.36
156 46.0 124.0 52.0 23.0 -1.06 2.57 0.47 -0.66 -0.56 -1.44
157 46.0 131.0 52.0 23.0 -1.31 3.19 0.5 -0.23 -0.41 -1.53
158 82.0 150.0 51.0 24.0 -1.6 3.91 0.52 0.09 -0.27 -0.98
159 86.0 188.0 53.0 24.0 -1.74 4.21 0.49 0.31 -0.15 -0.77
160 92.0 183.0 53.0 24.0 -1.99 4.46 0.4 0.27 0.0 -0.53
161 83.0 225.0 53.0 23.0 -2.12 4.45 0.25 -0.27 0.24 -1.11
162 79.0 209.0 54.0 24.0 -2.16 4.35 0.15 -0.19 0.47 -1.17
163 71.0 192.0 54.0 24.0 -2.13 3.99 -0.01 0.08 0.15 -1.49
164 70.0 178.0 57.0 23.0 -1.89 3.45 -0.19 0.32 0.21 -1.2
165 73.0 170.0 59.0 23.0 -1.79 3.11 -0.26 0.81 0.08 -0.78
166 64.0 163.0 61.0 23.0 -1.65 2.92 -0.35 0.6 0.0 0.01
167 88.0 157.0 60.0 24.0 -1.58 3.13 -0.52 0.67 -0.11 0.39
168 80.0 152.0 64.0 24.0 -1.57 3.35 -0.61 0.89 0.03 0.36
169 72.0 142.0 66.0 24.0 -1.68 3.54 -0.72 0.08 -0.38 0.68
170 112.0 138.0 65.0 23.0 -1.64 3.07 -0.87 -0.62 -0.37 0.16
171 97.0 129.0 64.0 24.0 -1.59 2.75 -0.93 -0.69 -0.43 0.17
172 80.0 117.0 63.0 23.0 -1.48 2.03 -0.89 -0.22 -0.24 0.46
173 70.0 112.0 63.0 23.0 -1.47 1.94 -0.79 0.37 -0.55 0.72
174 97.0 106.0 63.0 23.0 -1.51 2.14 -0.79 0.02 -0.11 0.56
175 81.0 103.0 65.0 24.0 -1.47 2.35 -0.56 0.46 0.6 0.1
176 75.0 103.0 69.0 24.0 -1.32 2.2 -0.79 -0.35 0.28 -0.51
177 70.0 104.0 66.0 24.0 -1.37 1.48 -0.76 0.39 -0.25 -0.76
178 97.0 105.0 65.0 25.0 -1.26 1.14 -0.77 -0.96 -1.57 -0.79
179 100.0 105.0 65.0 25.0 0.03 0.45 -0.42 -14.01 2.59 2.63
180 126.0 110.0 66.0 31.0 -0.02 -2.25 0.65 4.78 -1.95 1.05
181 121.0 112.0 69.0 37.0 0.06 -0.28 0.39 2.56 0.75 0.36
182 103.0 114.0 68.0 41.0 0.11 0.52 -0.07 -0.17 0.88 -0.37
183 102.0 114.0 68.0 48.0 0.07 -0.01 -0.08 0.2 0.69 -0.57
184 89.0 115.0 68.0 50.0 0.05 -0.06 -0.09 -0.4 0.51 0.41
185 84.0 118.0 66.0 50.0 -0.19 -0.14 0.0 -0.02 0.03 0.36
186 75.0 118.0 64.0 50.0 -0.11 -0.2 0.01 0.12 0.16 0.11
187 70.0 117.0 64.0 48.0 -0.08 -0.19 -0.04 0.08 0.07 -0.3
188 60.0 116.0 62.0 46.0 -0.1 -0.06 -0.08 -0.44 -0.11 -0.13
189 62.0 115.0 62.0 44.0 -0.06 -0.03 -0.05 -0.19 -0.12 -0.13
190 58.0 112.0 64.0 46.0 -0.01 -0.0 -0.05 0.05 -0.04 -0.14
191 53.0 110.0 62.0 43.0 -0.02 -0.07 -0.03 0.03 -0.18 -0.03
192 58.0 110.0 60.0 43.0 0.03 -0.09 -0.02 0.02 -0.12 -0.01
193 54.0 107.0 60.0 42.0 0.03 -0.09 -0.0 0.03 -0.03 -0.04
194 49.0 107.0 60.0 40.0 0.04 -0.01 -0.01 0.03 -0.03 -0.09
195 43.0 104.0 59.0 38.0 0.04 0.0 -0.01 -0.01 -0.02 -0.08
196 44.0 103.0 62.0 39.0 0.09 -0.01 -0.01 0.0 -0.07 -0.08
197 42.0 102.0 61.0 37.0 0.08 -0.05 -0.01 0.04 -0.03 0.02
198 40.0 100.0 60.0 38.0 0.08 -0.07 0.01 0.06 0.03 0.05
199 49.0 102.0 64.0 37.0 0.05 -0.06 0.01 0.07 0.07 0.11
200 50.0 104.0 62.0 36.0 0.03 -0.06 0.02 0.1 0.03 0.06
201 47.0 101.0 62.0 37.0 0.03 -0.05 0.01 0.12 0.01 0.03
202 50.0 103.0 66.0 36.0 0.02 -0.04 0.0 0.05 0.06 0.02
203 51.0 103.0 64.0 34.0 0.01 -0.06 0.0 -0.02 0.11 0.05
204 45.0 102.0 66.0 35.0 0.0 -0.08 -0.0 -0.03 0.09 -0.02
205 42.0 98.0 64.0 35.0 -0.01 -0.1 0.0 -0.04 0.07 -0.03
206 42.0 99.0 62.0 35.0 -0.03 -0.11 -0.0 0.07 0.01 0.0
