1 39.0 95.0 63.0 24.0 -0.02 -0.0 -0.0 0.02 0.07 0.0
2 38.0 96.0 61.0 24.0 -0.02 -0.02 -0.0 0.02 0.04 0.0
3 37.0 95.0 66.0 24.0 -0.02 -0.03 -0.0 0.05 0.03 0.0
4 37.0 96.0 64.0 24.0 -0.02 -0.03 -0.0 0.02 0.03 0.02
5 42.0 96.0 62.0 23.0 -0.02 -0.04 -0.01 0.03 0.05 0.03
6 44.0 95.0 60.0 25.0 -0.02 -0.05 -0.0 0.05 0.04 0.04
7 50.0 96.0 60.0 24.0 -0.02 -0.05 -0.0 0.09 0.04 0.01
8 45.0 107.0 61.0 25.0 -0.03 -0.06 0.0 0.11 0.06 0.14
9 51.0 123.0 62.0 35.0 -0.03 -0.05 0.0 0.06 0.05 0.12
10 68.0 137.0 63.0 33.0 -0.04 -0.06 0.01 0.0 0.08 0.15
11 62.0 152.0 61.0 32.0 -0.06 -0.09 0.02 -0.1 0.12 -0.12
12 84.0 164.0 60.0 30.0 -0.07 -0.16 0.03 -0.75 0.2 -0.04
13 79.0 165.0 61.0 36.0 -0.05 -0.22 0.03 -0.6 0.26 0.03
14 83.0 186.0 61.0 34.0 0.02 -0.39 0.01 -0.61 0.32 0.22
15 103.0 205.0 59.0 32.0 0.06 -0.43 0.01 -0.58 0.24 0.6
16 130.0 209.0 62.0 31.0 0.1 -0.46 0.02 -0.77 0.19 0.87
17 116.0 203.0 63.0 33.0 0.21 -1.15 0.07 -1.41 -0.08 0.92
18 102.0 221.0 62.0 32.0 0.32 -1.6 0.1 -2.21 0.06 0.84
19 124.0 218.0 63.0 31.0 0.42 -2.1 0.14 -2.57 -0.36 0.94
20 133.0 215.0 61.0 28.0 1.42 -4.44 -0.06 0.04 1.41 3.37
21 140.0 214.0 61.0 29.0 1.41 -4.95 0.09 0.27 1.01 3.07
22 161.0 245.0 66.0 28.0 1.44 -5.05 0.32 0.05 0.0 2.95
23 154.0 254.0 67.0 28.0 1.6 -3.83 0.4 -0.34 0.78 2.73
24 162.0 261.0 69.0 28.0 1.6 -3.83 0.4 -1.29 0.63 1.87
25 155.0 247.0 72.0 27.0 1.92 -4.46 0.31 -1.07 0.49 1.72
26 199.0 235.0 76.0 26.0 2.21 -5.16 0.24 0.07 0.66 1.61
27 190.0 243.0 73.0 27.0 2.21 -5.16 0.24 -0.06 0.56 1.19
28 187.0 237.0 71.0 27.0 2.32 -4.63 0.16 -0.03 0.49 1.02
29 190.0 247.0 74.0 26.0 2.36 -3.93 0.03 0.61 0.52 0.46
30 178.0 241.0 76.0 26.0 2.3 -3.72 -0.01 -0.05 0.26 0.28
31 209.0 226.0 72.0 26.0 2.23 -3.43 -0.11 0.24 0.18 0.14
32 215.0 222.0 78.0 25.0 2.15 -3.04 -0.19 0.0 0.03 -0.1
33 203.0 226.0 72.0 24.0 2.08 -2.8 -0.21 -0.16 -0.21 -0.9
34 171.0 217.0 76.0 25.0 2.02 -2.45 -0.27 -0.1 -0.2 -1.06
35 162.0 216.0 70.0 26.0 1.92 -2.21 -0.33 -0.24 -0.28 -1.33
36 181.0 212.0 66.0 25.0 1.87 -2.12 -0.37 -0.34 -0.13 -1.1
37 226.0 206.0 66.0 26.0 1.63 -1.9 -0.33 -0.47 -0.74 -1.11
38 203.0 217.0 69.0 27.0 1.46 -1.72 -0.37 -0.45 -0.73 -1.43
39 204.0 218.0 71.0 29.0 1.41 -1.62 -0.37 -0.44 -0.72 -1.6
40 199.0 248.0 69.0 29.0 1.36 -1.38 -0.36 -0.59 -0.69 -1.92
41 225.0 227.0 69.0 29.0 1.37 -1.13 -0.39 -0.59 -0.78 -2.16
42 192.0 221.0 80.0 28.0 1.32 -1.0 -0.38 -0.78 -0.86 -0.13
43 225.0 213.0 74.0 31.0 1.11 -0.85 -0.38 -1.05 -0.9 -0.52
44 198.0 244.0 73.0 29.0 0.86 -0.81 -0.42 -0.33 -0.86 -1.2
45 194.0 261.0 92.0 31.0 0.73 -0.7 -0.4 -0.76 -1.08 -1.32
46 229.0 261.0 96.0 29.0 0.55 -0.87 -0.45 -0.49 -1.29 0.55
47 238.0 256.0 91.0 29.0 0.58 -0.73 -0.54 -0.29 -0.52 -2.58
48 222.0 243.0 92.0 28.0 0.44 -0.62 -0.53 -0.34 -0.71 -1.51
49 269.0 227.0 86.0 26.0 0.33 -0.33 -0.47 -0.46 -0.86 -0.72
50 258.0 217.0 94.0 26.0 0.37 -0.49 -0.48 -0.89 -0.76 -0.28
51 225.0 197.0 90.0 25.0 0.35 -0.49 -0.48 -1.0 -0.68 -1.06
52 260.0 200.0 88.0 25.0 0.26 -0.41 -0.4 -0.95 -0.67 -0.99
53 243.0 211.0 89.0 26.0 0.15 -0.27 -0.27 -0.54 -0.66 -0.87
54 243.0 202.0 83.0 25.0 0.09 -0.21 -0.22 -0.64 -0.61 -0.89
55 215.0 255.0 88.0 26.0 -0.01 -0.1 -0.13 -0.98 -0.44 -0.97
56 223.0 242.0 83.0 25.0 -0.09 -0.04 -0.06 -0.43 -0.28 -0.89
57 243.0 240.0 79.0 25.0 -0.12 -0.02 -0.02 -0.3 -0.11 -0.9
58 218.0 219.0 79.0 25.0 -0.17 -0.02 0.02 -0.3 -0.09 -0.91
59 240.0 215.0 90.0 25.0 -0.19 0.05 0.07 0.0 0.12 -1.07
60 249.0 209.0 83.0 24.0 -0.21 0.07 0.1 -0.26 0.24 -0.25
61 220.0 192.0 78.0 24.0 -0.23 0.04 0.1 -0.06 0.19 -0.08
62 207.0 220.0 78.0 33.0 -0.23 -0.0 0.06 -0.17 0.25 -0.15
63 212.0 214.0 74.0 37.0 -0.23 0.02 0.05 -0.06 0.35 -0.26
64 197.0 227.0 80.0 34.0 -0.23 0.11 0.07 0.06 0.35 -0.27
65 207.0 221.0 83.0 32.0 -0.19 0.09 0.11 -0.23 0.43 0.02
66 239.0 239.0 82.0 31.0 -0.17 0.05 0.12 -0.17 0.45 0.27
67 223.0 239.0 79.0 31.0 -0.15 0.06 0.14 -0.22 0.48 0.27
68 215.0 234.0 81.0 34.0 -0.11 0.08 0.15 0.1 0.46 -0.11
69 240.0 231.0 81.0 31.0 -0.09 0.09 0.16 0.11 0.42 -0.16
70 222.0 214.0 81.0 30.0 -0.06 0.06 0.17 0.18 0.37 -0.07
71 244.0 211.0 83.0 28.0 -0.0 0.02 0.14 0.21 0.42 0.14
72 222.0 203.0 87.0 29.0 0.01 0.04 0.12 0.09 0.39 0.14
73 194.0 193.0 90.0 28.0 0.01 0.07 0.1 0.08 0.37 0.08
74 178.0 213.0 93.0 27.0 0.03 0.04 0.08 0.14 0.25 -0.22
75 161.0 227.0 93.0 27.0 0.03 0.03 0.08 0.16 0.28 -0.29
76 195.0 224.0 93.0 25.0 0.04 0.02 0.06 0.05 0.32 -0.26
77 216.0 231.0 89.0 26.0 0.03 0.02 0.05 0.07 0.18 -0.21
78 209.0 228.0 85.0 29.0 0.01 0.02 0.04 0.0 0.14 -0.18
79 215.0 215.0 81.0 27.0 0.0 0.02 0.02 0.1 0.07 -0.3
80 199.0 201.0 88.0 26.0 0.01 -0.01 0.02 0.11 0.0 -0.32
81 176.0 191.0 88.0 26.0 0.02 0.0 0.01 0.0 0.0 -0.16
82 185.0 188.0 95.0 26.0 0.02 0.04 0.0 -0.04 0.01 -0.12
83 192.0 220.0 90.0 25.0 0.01 0.07 -0.01 -0.13 0.04 -0.14
84 189.0 212.0 87.0 25.0 0.01 0.04 -0.02 -0.06 0.1 -0.35
85 186.0 211.0 83.0 26.0 -0.01 0.02 -0.02 -0.1 0.13 -0.36
86 177.0 200.0 83.0 25.0 -0.03 -0.01 -0.02 -0.11 0.1 -0.36
87 167.0 196.0 80.0 25.0 -0.05 -0.01 -0.01 -0.03 0.2 -0.33
88 149.0 203.0 78.0 24.0 -0.07 0.03 0.0 -0.12 0.18 -0.25
89 218.0 203.0 81.0 25.0 -0.08 0.04 0.01 -0.09 0.14 -0.16
90 229.0 214.0 79.0 24.0 -0.08 0.04 0.01 -0.19 0.17 -0.2
91 236.0 233.0 78.0 24.0 -0.08 0.02 0.02 -0.23 0.17 -0.19
92 230.0 220.0 79.0 24.0 -0.07 -0.02 0.02 -0.21 0.19 -0.26
93 192.0 228.0 74.0 24.0 -0.06 -0.03 0.03 -0.07 0.21 -0.2
94 173.0 236.0 76.0 24.0 -0.05 -0.01 0.05 -0.12 0.19 -0.15
95 174.0 236.0 76.0 24.0 -0.05 0.02 0.05 -0.02 0.2 0.0
96 193.0 215.0 79.0 24.0 -0.05 0.03 0.05 -0.01 0.17 -0.08
97 192.0 223.0 77.0 24.0 -0.04 0.07 0.03 0.0 0.18 -0.12
98 185.0 212.0 82.0 24.0 -0.04 0.1 0.03 -0.14 0.2 -0.25
99 201.0 194.0 81.0 24.0 -0.03 0.08 0.03 -0.16 0.21 -0.28
100 189.0 206.0 81.0 24.0 -0.03 0.01 0.03 -0.18 0.25 -0.22
101 186.0 221.0 78.0 24.0 -0.05 0.01 0.04 -0.09 0.24 -0.15
102 219.0 203.0 77.0 23.0 -0.06 0.02 0.05 0.01 0.19 -0.24
103 211.0 219.0 77.0 24.0 -0.07 0.06 0.05 0.03 0.18 -0.2
104 201.0 214.0 80.0 23.0 -0.07 0.06 0.04 0.01 0.19 -0.2
105 181.0 213.0 76.0 24.0 -0.06 0.04 0.03 0.01 0.15 -0.15
106 167.0 191.0 81.0 24.0 -0.04 0.02 0.02 0.04 0.18 -0.11
107 163.0 199.0 86.0 24.0 -0.04 0.03 0.01 -0.01 0.08 -0.02
108 141.0 208.0 87.0 24.0 -0.04 0.03 0.0 0.0 0.07 -0.13
109 145.0 210.0 81.0 24.0 -0.05 0.02 0.0 -0.15 0.02 -0.15
110 130.0 220.0 77.0 24.0 -0.03 -0.01 -0.01 -0.02 0.04 -0.12
111 165.0 211.0 78.0 24.0 -0.04 -0.01 0.0 -0.08 0.08 -0.24
112 166.0 198.0 75.0 24.0 -0.04 -0.0 0.02 -0.04 0.13 -0.27
113 147.0 251.0 73.0 24.0 -0.04 -0.03 0.03 -0.07 0.23 -0.27
114 136.0 233.0 79.0 24.0 -0.04 -0.05 0.04 -0.02 0.21 -0.1
115 163.0 220.0 77.0 24.0 -0.06 -0.04 0.04 0.0 0.2 -0.06
116 182.0 198.0 73.0 24.0 -0.07 -0.04 0.04 0.0 0.11 0.0
117 171.0 183.0 77.0 24.0 -0.06 -0.04 0.04 0.0 0.13 -0.05
118 144.0 214.0 73.0 24.0 -0.05 -0.03 0.03 0.11 0.19 -0.07
119 127.0 216.0 70.0 24.0 -0.04 -0.02 0.01 -0.05 0.16 -0.11
120 112.0 211.0 75.0 24.0 -0.03 -0.02 0.01 0.0 0.18 -0.13
121 170.0 189.0 74.0 23.0 -0.02 -0.03 -0.01 0.0 0.19 -0.13
122 153.0 193.0 74.0 24.0 -0.01 0.02 -0.02 0.04 0.16 -0.05
123 122.0 174.0 73.0 23.0 -0.02 0.05 -0.02 -0.14 0.08 -0.09
124 107.0 171.0 70.0 24.0 -0.03 0.06 -0.01 -0.19 0.05 -0.15
125 94.0 166.0 67.0 24.0 -0.02 0.05 0.01 -0.22 -0.06 -0.25
126 98.0 160.0 61.0 23.0 -0.02 0.07 0.03 -0.23 -0.16 -0.26
127 90.0 166.0 63.0 23.0 -0.05 0.19 0.07 -0.19 -0.24 -0.29
128 79.0 209.0 61.0 23.0 -0.07 0.39 0.11 -0.11 -0.2 -0.39
129 67.0 199.0 60.0 23.0 -0.09 0.54 0.14 -0.07 -0.27 -0.36
130 59.0 191.0 61.0 24.0 -0.16 0.88 0.19 -0.17 -0.27 -0.36
131 56.0 182.0 59.0 23.0 -0.26 1.12 0.23 -0.19 -0.37 -0.39
132 54.0 179.0 57.0 23.0 -0.3 1.16 0.25 -0.19 -0.49 -0.56
133 47.0 232.0 57.0 23.0 -0.37 1.23 0.28 -0.08 -0.52 -0.67
134 47.0 210.0 56.0 24.0 -0.48 1.5 0.35 0.16 -0.65 -0.96
135 46.0 185.0 55.0 23.0 -0.54 1.78 0.4 0.34 -0.38 -1.2
136 52.0 170.0 56.0 23.0 -0.74 2.51 0.5 -0.2 -0.46 -1.39
137 48.0 155.0 54.0 24.0 -0.98 3.2 0.51 -0.97 -0.36 -1.52
138 54.0 165.0 55.0 23.0 -1.12 3.24 0.47 -0.93 -0.92 -1.58
139 49.0 156.0 53.0 23.0 -1.24 2.51 0.38 -0.64 -0.92 -1.65
140 53.0 181.0 53.0 24.0 -1.25 1.68 0.34 -0.51 -0.84 -1.98
141 49.0 174.0 52.0 23.0 -1.28 1.47 0.35 0.0 -0.64 -1.95
142 49.0 177.0 53.0 23.0 -1.39 1.65 0.38 0.04 -0.58 -1.82
143 50.0 178.0 52.0 23.0 -1.52 2.29 0.36 0.15 -0.57 -1.03
144 56.0 200.0 53.0 26.0 -1.59 2.64 0.33 0.18 -0.5 -1.14
145 54.0 227.0 54.0 25.0 -1.73 3.04 0.19 0.33 -0.39 -1.04
146 50.0 215.0 54.0 26.0 -1.79 3.06 0.06 -0.04 -0.5 -1.07
147 48.0 194.0 55.0 25.0 -1.8 2.91 0.01 0.24 -0.16 -1.16
148 43.0 193.0 56.0 25.0 -1.8 2.62 -0.09 0.13 -0.23 -1.03
149 40.0 188.0 56.0 24.0 -1.82 2.49 -0.16 0.44 -0.16 -0.59
150 41.0 180.0 56.0 23.0 -1.82 2.48 -0.22 0.3 -0.06 0.19
151 47.0 193.0 57.0 32.0 -1.89 2.47 -0.31 0.3 0.0 0.46
152 59.0 209.0 57.0 31.0 -1.88 2.42 -0.4 0.38 -0.05 0.51
153 60.0 192.0 59.0 29.0 -1.8 2.4 -0.43 0.34 0.05 -0.1
154 53.0 174.0 62.0 27.0 -1.67 2.41 -0.46 0.04 0.0 -0.11
155 46.0 159.0 60.0 26.0 -1.57 2.37 -0.48 0.12 -0.06 0.6
156 44.0 140.0 58.0 26.0 -1.47 2.3 -0.54 0.16 0.26 1.14
157 39.0 135.0 60.0 25.0 -1.33 2.23 -0.68 -0.17 0.26 1.44
158 37.0 130.0 59.0 26.0 -1.32 2.15 -0.7 -0.1 0.17 2.08
159 38.0 124.0 60.0 26.0 -1.29 2.17 -0.73 0.19 0.0 1.32
160 46.0 116.0 59.0 25.0 -1.13 2.37 -0.77 0.97 0.75 0.9
161 51.0 113.0 59.0 25.0 -0.95 2.61 -0.59 1.2 0.25 0.33
162 46.0 110.0 60.0 24.0 -0.88 2.81 -0.62 0.05 0.12 0.19
163 40.0 109.0 60.0 24.0 -0.97 2.86 -0.5 0.45 -0.1 0.22
164 36.0 109.0 61.0 24.0 -0.9 2.75 -0.71 0.37 -0.14 -0.24
165 36.0 108.0 59.0 24.0 -0.88 2.6 -0.8 -3.25 -3.53 5.52
166 37.0 101.0 62.0 24.0 0.08 0.82 -0.59 -16.0 3.93 4.37
167 38.0 102.0 63.0 24.0 0.06 -1.07 0.84 4.09 -0.73 0.81
168 35.0 98.0 63.0 24.0 0.39 0.84 0.46 1.82 0.77 0.17
169 36.0 99.0 61.0 25.0 0.15 1.81 -0.02 0.89 1.05 -0.43
170 34.0 98.0 61.0 25.0 -0.06 0.45 -0.07 0.0 0.48 -0.78
171 41.0 97.0 62.0 25.0 -0.07 0.13 -0.05 -0.89 0.17 0.32
172 38.0 96.0 63.0 25.0 -0.04 0.05 0.01 -0.95 0.13 0.54
173 35.0 95.0 64.0 24.0 -0.06 -0.1 0.06 0.25 0.13 0.0
174 35.0 93.0 65.0 25.0 -0.06 -0.15 0.06 0.14 0.24 -0.23
175 38.0 92.0 66.0 25.0 -0.06 -0.18 0.01 -0.22 0.02 0.02
176 35.0 90.0 66.0 24.0 -0.04 -0.1 -0.01 -0.01 0.0 0.21
177 37.0 89.0 67.0 24.0 -0.03 -0.06 -0.01 0.33 0.09 0.31
178 37.0 88.0 67.0 25.0 0.02 -0.04 -0.0 0.36 0.1 0.31
179 33.0 87.0 67.0 24.0 0.03 -0.03 0.0 0.33 0.15 0.27
180 33.0 86.0 66.0 24.0 0.03 -0.03 -0.0 0.09 0.03 0.18
181 32.0 86.0 66.0 24.0 0.04 0.0 -0.01 0.11 0.04 0.18
182 31.0 86.0 67.0 24.0 0.06 0.04 -0.01 0.15 0.01 0.14
183 32.0 86.0 64.0 24.0 0.06 0.03 -0.01 0.14 -0.02 0.14
184 32.0 88.0 66.0 25.0 0.04 -0.0 -0.01 0.15 0.0 0.13
185 33.0 88.0 66.0 24.0 0.03 -0.04 0.01 0.19 0.0 0.28
186 31.0 88.0 65.0 24.0 0.03 -0.03 0.01 0.2 0.03 0.21
187 30.0 89.0 65.0 24.0 0.01 -0.01 0.02 0.21 0.04 0.18
188 31.0 88.0 64.0 24.0 0.0 0.03 0.01 0.11 0.03 0.2
189 33.0 89.0 64.0 24.0 0.01 0.03 0.01 0.13 0.08 0.16
190 33.0 90.0 65.0 24.0 0.01 0.02 0.0 0.13 0.1 0.17
