1 92.0 111.0 74.0 29.0 -0.01 -0.01 -0.01 0.0 0.1 -0.01
2 82.0 112.0 73.0 28.0 -0.02 -0.02 -0.01 0.0 0.13 0.0
3 87.0 109.0 72.0 28.0 -0.02 -0.01 -0.0 0.0 0.08 0.0
4 75.0 105.0 71.0 28.0 -0.03 -0.01 -0.0 0.02 0.07 -0.01
5 95.0 105.0 70.0 28.0 -0.02 0.01 0.0 0.05 0.09 0.02
6 90.0 105.0 68.0 29.0 -0.02 0.01 0.01 -0.02 0.11 -0.01
7 92.0 112.0 72.0 31.0 -0.02 0.01 0.01 0.0 0.11 0.01
8 89.0 118.0 74.0 30.0 -0.03 -0.02 0.0 -0.1 0.16 0.02
9 79.0 123.0 72.0 31.0 -0.05 -0.03 0.01 -0.08 0.13 0.1
10 102.0 131.0 71.0 32.0 -0.05 -0.03 0.01 -0.08 0.13 0.0
11 116.0 125.0 68.0 31.0 -0.06 -0.01 0.02 0.02 0.13 -0.05
12 148.0 127.0 70.0 48.0 -0.07 0.01 0.03 0.02 0.23 0.19
13 191.0 137.0 68.0 61.0 -0.09 0.02 0.03 0.0 0.26 0.34
14 218.0 140.0 70.0 56.0 -0.1 0.08 0.03 -0.12 0.16 0.15
15 194.0 141.0 70.0 50.0 -0.01 0.13 0.04 -0.03 0.21 -0.19
16 234.0 133.0 68.0 45.0 0.04 0.1 0.05 -0.15 0.09 -0.18
17 203.0 135.0 70.0 44.0 0.12 -0.05 0.05 -0.62 0.23 0.27
18 174.0 137.0 71.0 48.0 0.16 -0.37 0.02 -1.25 0.21 0.81
19 176.0 158.0 68.0 44.0 0.17 -0.56 -0.01 -0.42 0.3 0.79
20 208.0 172.0 67.0 39.0 0.25 -0.79 0.01 -1.27 -0.11 0.77
21 183.0 183.0 62.0 37.0 0.35 -1.21 0.11 -2.54 -0.63 1.17
22 218.0 177.0 63.0 35.0 0.59 -1.62 0.05 -5.31 -2.49 2.12
23 214.0 171.0 65.0 33.0 1.14 -3.04 -0.01 -0.05 0.03 3.33
24 198.0 163.0 64.0 32.0 1.15 -2.81 0.31 0.03 0.75 2.38
25 206.0 163.0 64.0 33.0 1.2 -2.36 0.3 -0.39 -0.02 2.25
26 195.0 184.0 64.0 30.0 1.27 -2.03 0.35 -1.17 0.52 1.8
27 194.0 189.0 66.0 29.0 1.49 -2.85 0.28 -1.13 0.39 1.72
28 199.0 175.0 66.0 29.0 1.58 -3.54 0.24 -0.88 0.39 1.5
29 238.0 172.0 69.0 29.0 1.85 -4.66 0.14 -0.79 0.12 1.12
30 227.0 202.0 69.0 28.0 2.03 -4.76 0.07 0.12 0.48 0.61
31 242.0 204.0 68.0 32.0 2.01 -4.58 0.05 0.15 0.28 0.39
32 231.0 218.0 67.0 30.0 2.01 -4.21 -0.05 -0.39 0.1 -0.07
33 206.0 233.0 72.0 32.0 2.11 -3.95 -0.2 -0.24 -0.03 -0.18
34 239.0 229.0 74.0 31.0 2.13 -3.88 -0.24 -0.51 -0.06 -0.31
35 266.0 211.0 78.0 29.0 2.23 -3.68 -0.33 -0.32 -0.03 -0.56
36 265.0 221.0 74.0 29.0 2.19 -3.07 -0.37 -0.39 -0.1 -0.58
37 220.0 220.0 79.0 28.0 2.1 -2.82 -0.37 -0.56 -0.21 -0.97
38 211.0 225.0 78.0 27.0 2.03 -2.43 -0.42 -0.57 -0.29 -1.01
39 242.0 230.0 78.0 27.0 1.91 -1.99 -0.42 -0.6 -0.3 -1.1
40 243.0 220.0 74.0 27.0 1.84 -1.74 -0.41 -0.48 -0.33 -1.14
41 210.0 213.0 73.0 26.0 1.62 -1.51 -0.39 -0.91 -0.43 -1.02
42 204.0 213.0 69.0 26.0 1.48 -1.44 -0.43 -0.26 -0.5 -0.84
43 206.0 216.0 73.0 26.0 1.4 -1.28 -0.44 -0.67 -0.48 -1.28
44 186.0 254.0 73.0 27.0 1.18 -1.06 -0.43 -0.62 -0.55 -1.44
45 260.0 267.0 72.0 31.0 1.13 -0.9 -0.45 -0.5 -0.51 -1.54
46 251.0 280.0 73.0 40.0 1.11 -0.91 -0.47 -0.51 -0.63 -1.39
47 230.0 275.0 81.0 43.0 0.96 -1.06 -0.45 -1.09 -0.56 -0.62
48 214.0 268.0 77.0 39.0 0.91 -1.08 -0.55 -1.65 0.34 -1.4
49 234.0 250.0 78.0 36.0 0.91 -1.16 -0.67 -0.22 0.19 -1.97
50 265.0 230.0 85.0 34.0 0.7 -0.87 -0.72 0.23 -0.38 -1.33
51 250.0 213.0 82.0 30.0 0.7 -0.47 -0.64 -0.62 -0.75 -0.27
52 231.0 221.0 82.0 31.0 0.69 -0.44 -0.64 -0.59 -0.69 -0.34
53 276.0 240.0 83.0 29.0 0.48 -0.17 -0.53 -1.14 -0.97 -0.6
54 253.0 221.0 80.0 29.0 0.44 -0.1 -0.46 -1.08 -0.92 -0.54
55 287.0 216.0 80.0 30.0 0.26 -0.04 -0.32 -1.08 -0.86 -0.65
56 266.0 212.0 85.0 30.0 0.08 -0.03 -0.17 -0.94 -0.82 -0.79
57 245.0 193.0 83.0 30.0 0.02 0.01 -0.1 -0.92 -0.68 -1.14
58 267.0 184.0 81.0 29.0 -0.07 0.1 0.04 -0.86 -0.58 -1.5
59 262.0 184.0 80.0 28.0 -0.13 0.08 0.15 -0.68 -0.51 -1.14
60 335.0 198.0 81.0 28.0 -0.15 0.04 0.2 -0.49 -0.36 -0.26
61 282.0 192.0 78.0 28.0 -0.22 0.0 0.23 -0.5 -0.32 -0.25
62 260.0 209.0 77.0 29.0 -0.27 0.04 0.24 -0.33 -0.09 -0.29
63 267.0 202.0 79.0 26.0 -0.28 0.04 0.23 -0.12 0.02 -0.23
64 228.0 208.0 81.0 25.0 -0.24 0.04 0.19 -0.18 0.1 -0.29
65 223.0 199.0 77.0 25.0 -0.23 0.05 0.14 -0.14 0.13 0.05
66 239.0 195.0 76.0 25.0 -0.22 0.06 0.11 -0.15 0.19 0.11
67 234.0 193.0 73.0 27.0 -0.22 0.07 0.06 -0.14 0.23 0.04
68 263.0 189.0 76.0 26.0 -0.18 0.08 0.04 -0.06 0.29 -0.31
69 235.0 181.0 83.0 26.0 -0.16 0.12 0.06 -0.32 0.25 -0.05
70 211.0 173.0 81.0 25.0 -0.15 0.12 0.09 -0.3 0.26 0.18
71 237.0 188.0 79.0 25.0 -0.11 0.07 0.08 -0.49 0.3 0.44
72 234.0 188.0 80.0 25.0 -0.09 0.07 0.08 -0.47 0.31 0.44
73 250.0 181.0 78.0 24.0 -0.09 0.12 0.1 -0.48 0.32 0.23
74 221.0 191.0 78.0 24.0 -0.08 0.11 0.12 -0.19 0.34 0.04
75 217.0 180.0 81.0 25.0 -0.07 0.08 0.13 -0.01 0.37 0.0
76 200.0 174.0 80.0 24.0 -0.04 0.0 0.1 0.13 0.35 0.1
77 174.0 175.0 77.0 24.0 -0.04 0.02 0.07 0.02 0.31 0.22
78 236.0 180.0 79.0 25.0 -0.04 0.04 0.05 -0.06 0.16 0.17
79 236.0 193.0 75.0 25.0 -0.04 0.05 0.02 -0.15 0.17 0.06
80 213.0 197.0 73.0 25.0 -0.03 0.0 0.01 -0.14 0.1 0.01
81 228.0 187.0 80.0 24.0 -0.02 -0.02 0.01 -0.28 0.1 -0.01
82 201.0 189.0 79.0 24.0 -0.02 -0.03 0.01 -0.27 0.06 0.0
83 187.0 201.0 74.0 24.0 -0.04 0.02 0.01 -0.39 0.01 -0.17
84 229.0 213.0 74.0 23.0 -0.04 0.01 0.01 -0.33 0.0 -0.11
85 218.0 213.0 79.0 23.0 -0.04 0.01 0.01 -0.32 0.02 -0.18
86 206.0 214.0 75.0 24.0 -0.06 0.01 0.03 -0.22 0.05 -0.13
87 205.0 211.0 72.0 24.0 -0.05 -0.0 0.04 -0.26 0.04 -0.21
88 191.0 204.0 71.0 24.0 -0.04 -0.06 0.03 -0.23 0.05 -0.19
89 170.0 209.0 73.0 24.0 -0.05 -0.05 0.04 -0.31 0.02 -0.05
90 142.0 196.0 74.0 25.0 -0.05 -0.02 0.03 -0.33 0.07 0.01
91 221.0 195.0 71.0 23.0 -0.06 0.03 0.02 -0.34 0.03 -0.06
92 199.0 199.0 73.0 24.0 -0.05 0.04 0.01 -0.2 0.02 -0.09
93 202.0 180.0 76.0 24.0 -0.05 0.03 0.0 -0.12 0.05 -0.11
94 178.0 165.0 77.0 24.0 -0.03 0.03 0.0 -0.09 0.05 -0.05
95 148.0 167.0 79.0 23.0 -0.03 0.03 -0.01 -0.26 0.09 0.0
96 160.0 168.0 75.0 24.0 -0.02 0.02 -0.02 -0.12 0.02 0.02
97 206.0 166.0 73.0 23.0 -0.01 0.05 -0.01 -0.24 0.05 -0.01
98 217.0 168.0 74.0 24.0 -0.03 0.07 -0.0 -0.28 0.06 -0.06
99 191.0 197.0 73.0 24.0 -0.04 0.07 -0.0 -0.26 0.09 -0.09
100 187.0 209.0 78.0 24.0 -0.05 0.06 0.01 -0.36 0.09 -0.12
101 184.0 193.0 72.0 23.0 -0.04 0.02 0.02 -0.25 0.04 -0.18
102 166.0 176.0 70.0 23.0 -0.03 -0.01 0.03 -0.21 0.05 -0.04
103 158.0 165.0 73.0 23.0 -0.01 -0.04 0.04 -0.18 0.05 0.01
104 192.0 163.0 69.0 23.0 -0.02 -0.02 0.05 -0.12 0.09 -0.01
105 221.0 186.0 70.0 24.0 -0.03 0.01 0.05 -0.11 0.1 -0.05
106 240.0 173.0 73.0 24.0 -0.04 0.03 0.04 -0.13 0.09 -0.03
107 216.0 174.0 72.0 24.0 -0.04 0.01 0.03 -0.16 0.07 -0.1
108 187.0 167.0 72.0 22.0 -0.04 -0.0 0.02 -0.22 0.03 -0.03
109 168.0 182.0 77.0 24.0 -0.04 0.0 0.02 -0.22 0.0 -0.08
110 174.0 186.0 73.0 26.0 -0.04 -0.01 0.03 -0.26 0.05 -0.12
111 217.0 166.0 79.0 25.0 -0.04 -0.02 0.03 -0.27 0.02 -0.09
112 237.0 174.0 79.0 25.0 -0.02 -0.06 0.04 -0.18 0.02 -0.04
113 204.0 177.0 77.0 24.0 -0.03 -0.03 0.04 -0.13 0.07 -0.05
114 200.0 177.0 73.0 25.0 -0.04 -0.0 0.04 -0.11 0.11 -0.16
115 183.0 167.0 75.0 24.0 -0.05 0.02 0.04 -0.08 0.11 -0.12
116 158.0 186.0 78.0 25.0 -0.05 0.0 0.03 -0.05 0.16 -0.17
117 143.0 172.0 77.0 24.0 -0.05 0.0 0.03 -0.21 0.18 -0.09
118 149.0 176.0 77.0 24.0 -0.04 0.02 0.01 -0.17 0.14 -0.06
119 238.0 163.0 75.0 25.0 -0.03 0.0 0.0 -0.23 0.13 0.0
120 221.0 202.0 73.0 24.0 -0.03 -0.01 0.01 -0.13 0.07 0.06
121 187.0 194.0 80.0 24.0 -0.02 -0.01 0.01 -0.16 0.09 0.05
122 180.0 185.0 77.0 24.0 -0.0 0.02 0.02 -0.12 0.11 0.02
123 180.0 177.0 83.0 24.0 -0.0 0.03 0.02 -0.14 0.13 0.09
124 158.0 169.0 85.0 24.0 -0.0 0.02 0.02 -0.11 0.14 0.0
125 177.0 171.0 96.0 24.0 0.01 0.01 0.01 -0.04 0.1 -0.05
126 160.0 166.0 100.0 24.0 0.01 0.01 0.0 -0.06 0.06 -0.01
127 192.0 151.0 96.0 24.0 0.0 0.02 -0.0 -0.02 0.05 0.08
128 169.0 150.0 98.0 23.0 -0.04 0.06 -0.0 -0.22 0.11 0.03
129 173.0 180.0 92.0 24.0 -0.06 0.07 -0.01 -0.16 0.06 -0.21
130 170.0 173.0 94.0 26.0 -0.08 0.08 -0.01 -0.16 0.04 -0.27
131 176.0 188.0 93.0 26.0 -0.08 0.06 0.01 -0.13 -0.04 -0.28
132 161.0 177.0 90.0 25.0 -0.08 0.02 0.02 -0.15 -0.05 -0.12
133 156.0 171.0 89.0 25.0 -0.05 -0.04 0.03 -0.15 0.0 0.0
134 176.0 168.0 90.0 24.0 -0.03 -0.04 0.03 -0.2 0.03 0.13
135 163.0 163.0 86.0 25.0 -0.03 -0.01 0.03 -0.2 0.02 0.15
136 147.0 159.0 80.0 24.0 -0.03 0.06 0.02 -0.23 -0.09 0.06
137 144.0 162.0 74.0 25.0 -0.02 0.08 0.03 -0.16 -0.12 -0.05
138 116.0 165.0 69.0 25.0 -0.02 0.1 0.03 -0.13 -0.12 -0.2
139 108.0 159.0 66.0 24.0 -0.04 0.21 0.05 -0.13 -0.12 -0.18
140 98.0 152.0 69.0 24.0 -0.06 0.38 0.06 -0.11 -0.14 -0.22
141 80.0 157.0 70.0 25.0 -0.07 0.51 0.08 -0.02 -0.15 -0.19
142 68.0 157.0 67.0 23.0 -0.12 0.92 0.11 -0.03 -0.21 -0.12
143 58.0 151.0 63.0 24.0 -0.22 1.46 0.14 -0.1 -0.34 -0.21
144 55.0 144.0 63.0 24.0 -0.29 1.72 0.16 0.03 -0.36 -0.4
145 47.0 159.0 73.0 23.0 -0.45 2.18 0.22 -0.21 -0.47 -0.45
146 45.0 167.0 81.0 24.0 -0.63 2.46 0.3 0.1 -0.53 -0.89
147 40.0 175.0 101.0 24.0 -0.68 2.63 0.34 -0.51 -0.75 -1.06
148 40.0 181.0 94.0 24.0 -0.84 3.02 0.38 -0.34 -0.81 -1.19
149 37.0 196.0 87.0 23.0 -1.01 3.33 0.42 -0.19 -0.72 -1.46
150 55.0 174.0 81.0 24.0 -1.14 3.38 0.43 -0.92 -0.62 -2.61
151 59.0 187.0 83.0 24.0 -1.34 3.34 0.41 -0.81 -0.72 -2.86
152 58.0 184.0 79.0 24.0 -1.63 3.11 0.39 -1.2 -0.47 -3.41
153 61.0 189.0 74.0 25.0 -1.78 2.92 0.38 -0.69 -0.53 -2.98
154 61.0 193.0 73.0 26.0 -2.07 2.48 0.38 0.02 -0.87 -2.05
155 56.0 240.0 73.0 25.0 -2.26 2.25 0.32 0.37 -0.95 -1.62
156 85.0 245.0 73.0 27.0 -2.26 2.24 0.25 0.93 -0.76 -1.36
157 100.0 230.0 69.0 25.0 -2.33 2.55 0.11 1.09 -0.57 -1.37
158 97.0 214.0 73.0 24.0 -2.31 2.99 -0.1 0.87 -0.47 -1.44
159 85.0 200.0 74.0 25.0 -2.27 3.09 -0.2 0.11 -0.36 -0.55
160 78.0 207.0 73.0 28.0 -2.22 2.97 -0.35 0.03 -0.41 0.13
161 68.0 241.0 74.0 27.0 -2.12 2.53 -0.51 -0.22 -0.59 1.33
162 61.0 227.0 75.0 27.0 -2.01 2.28 -0.58 0.08 -0.36 1.32
163 52.0 225.0 73.0 26.0 -1.72 2.01 -0.66 -0.72 -0.09 1.01
164 47.0 207.0 75.0 25.0 -1.41 1.9 -0.56 -0.13 -0.19 1.61
165 50.0 180.0 78.0 25.0 -1.21 1.98 -0.59 -0.75 0.06 1.68
166 47.0 161.0 75.0 26.0 -0.96 2.23 -0.67 -0.91 0.04 1.59
167 45.0 145.0 74.0 26.0 -0.86 2.26 -0.65 -0.64 0.1 1.4
168 51.0 141.0 73.0 27.0 -0.83 2.3 -0.65 -0.46 0.31 0.99
169 51.0 133.0 75.0 26.0 -0.89 2.45 -0.61 -0.33 -0.04 0.63
170 60.0 124.0 77.0 26.0 -0.78 2.54 -0.47 -0.08 -0.42 0.06
171 91.0 115.0 76.0 26.0 -0.84 2.66 -0.38 0.66 -0.05 -0.28
172 90.0 108.0 74.0 25.0 -0.69 2.78 -0.45 0.46 -0.19 -0.34
173 83.0 106.0 72.0 25.0 -0.64 2.66 -0.54 0.82 0.26 -0.78
174 82.0 101.0 80.0 25.0 -0.67 2.56 -0.61 -4.4 -3.47 5.41
175 84.0 102.0 84.0 26.0 -0.5 2.15 -0.95 -28.18 -2.89 12.05
176 151.0 101.0 82.0 25.0 0.38 -1.93 0.62 4.53 -1.28 0.11
177 121.0 99.0 79.0 26.0 0.26 -0.97 0.58 1.17 0.47 0.97
178 102.0 99.0 75.0 26.0 0.31 1.52 0.09 0.34 0.94 0.65
179 122.0 99.0 72.0 26.0 0.14 0.4 0.01 -0.56 0.67 -0.44
180 102.0 95.0 72.0 26.0 0.03 0.01 -0.02 -0.57 0.29 0.15
181 86.0 95.0 71.0 26.0 -0.07 -0.19 -0.01 -0.47 0.36 0.35
182 82.0 96.0 72.0 25.0 -0.13 -0.26 0.03 0.09 0.28 0.09
183 70.0 94.0 71.0 26.0 -0.13 -0.3 0.02 0.18 0.24 -0.02
184 65.0 94.0 73.0 26.0 -0.13 -0.25 -0.03 0.01 0.1 0.2
185 59.0 93.0 73.0 27.0 -0.14 -0.1 -0.06 0.23 -0.03 0.17
186 54.0 91.0 76.0 27.0 -0.11 -0.04 -0.06 0.3 -0.02 0.16
187 48.0 91.0 74.0 27.0 -0.08 -0.02 -0.04 0.26 -0.06 0.15
188 47.0 89.0 74.0 26.0 -0.04 -0.0 -0.02 0.02 -0.11 -0.01
189 45.0 88.0 72.0 27.0 -0.04 0.0 -0.01 0.11 -0.14 -0.17
190 47.0 89.0 73.0 26.0 0.01 0.02 -0.0 0.0 -0.16 -0.17
191 43.0 91.0 74.0 27.0 0.03 -0.01 0.01 0.0 -0.11 -0.13
192 43.0 89.0 74.0 26.0 0.04 -0.03 0.01 0.0 -0.06 -0.04
193 50.0 89.0 75.0 26.0 0.04 -0.09 0.02 0.01 -0.03 0.03
194 45.0 89.0 75.0 25.0 0.03 -0.16 0.03 0.09 0.02 0.12
195 44.0 91.0 76.0 26.0 0.03 -0.17 0.03 0.14 0.02 0.16
196 41.0 93.0 73.0 25.0 0.04 -0.12 0.03 0.16 0.12 0.22
197 42.0 95.0 73.0 27.0 0.03 -0.04 0.02 0.22 -0.01 0.21
198 41.0 94.0 76.0 27.0 0.04 -0.01 0.02 0.2 0.06 0.22
