1 44.0 104.0 71.0 26.0 -0.04 -0.05 -0.02 0.03 0.02 0.02
2 41.0 108.0 71.0 26.0 -0.05 -0.08 -0.02 0.0 0.04 0.0
3 43.0 104.0 71.0 34.0 -0.05 -0.14 -0.02 -0.09 0.12 -0.07
4 41.0 102.0 69.0 32.0 -0.06 -0.2 -0.02 -0.1 0.1 -0.09
5 43.0 104.0 67.0 37.0 -0.08 -0.3 -0.02 -0.18 0.09 -0.04
6 44.0 102.0 65.0 34.0 -0.1 -0.33 -0.02 -0.02 0.03 0.12
7 78.0 126.0 65.0 40.0 -0.1 -0.3 0.0 0.15 0.08 0.41
8 95.0 145.0 69.0 37.0 -0.11 -0.12 0.03 0.36 0.1 0.58
9 111.0 172.0 68.0 36.0 -0.15 0.11 0.06 0.3 0.15 0.4
10 97.0 183.0 68.0 34.0 -0.14 0.23 0.06 0.02 0.24 0.34
11 92.0 196.0 66.0 33.0 -0.12 0.25 0.03 -0.53 0.09 0.31
12 83.0 191.0 68.0 37.0 -0.05 0.05 -0.01 -0.76 0.08 0.75
13 80.0 203.0 67.0 35.0 -0.0 -0.24 0.0 -1.28 0.13 0.66
14 92.0 203.0 66.0 34.0 0.13 -1.13 0.02 -1.53 -0.2 0.8
15 88.0 187.0 64.0 32.0 0.31 -1.81 0.09 -1.45 -0.04 0.72
16 83.0 173.0 65.0 31.0 0.38 -1.93 0.17 -1.99 -1.25 1.14
17 91.0 166.0 65.0 30.0 1.03 -2.3 -0.08 1.05 2.11 2.47
18 98.0 198.0 66.0 29.0 1.01 -2.58 0.21 0.44 0.39 1.64
19 139.0 227.0 72.0 28.0 1.0 -2.3 0.35 0.26 0.42 1.5
20 156.0 233.0 72.0 28.0 1.09 -1.17 0.38 -0.46 0.87 1.61
21 155.0 223.0 71.0 27.0 1.21 -1.07 0.41 -2.0 0.5 0.81
22 130.0 195.0 70.0 27.0 1.33 -1.83 0.37 -2.01 0.46 0.78
23 122.0 178.0 69.0 27.0 1.66 -3.78 0.26 -0.3 0.56 1.13
24 136.0 174.0 69.0 27.0 1.86 -4.63 0.24 0.41 0.87 1.31
25 133.0 172.0 69.0 27.0 1.86 -4.34 0.25 1.04 0.96 1.2
26 141.0 206.0 70.0 30.0 1.65 -3.14 0.25 0.1 0.6 0.82
27 155.0 202.0 69.0 32.0 1.62 -2.56 0.16 -0.28 0.44 0.47
28 145.0 208.0 70.0 42.0 1.66 -2.69 0.1 -0.33 0.28 0.04
29 141.0 188.0 68.0 39.0 1.89 -3.46 -0.03 -0.45 0.11 0.13
30 132.0 169.0 71.0 37.0 2.32 -3.99 -0.16 0.19 0.64 -0.6
31 134.0 154.0 69.0 34.0 2.28 -3.89 -0.2 0.71 0.43 0.06
32 131.0 162.0 71.0 44.0 1.99 -3.15 -0.25 0.58 0.19 0.14
33 144.0 210.0 72.0 44.0 1.71 -2.42 -0.32 -0.54 -0.06 -0.05
34 133.0 207.0 76.0 40.0 1.68 -2.36 -0.36 -0.87 -0.15 -1.65
35 146.0 185.0 72.0 40.0 1.86 -2.85 -0.53 -0.78 -0.37 -1.44
36 177.0 197.0 76.0 41.0 1.83 -2.92 -0.61 0.47 -0.56 0.13
37 184.0 193.0 72.0 40.0 1.66 -2.59 -0.63 -0.24 -0.5 0.82
38 184.0 181.0 76.0 41.0 1.51 -1.84 -0.63 -1.06 0.43 -2.25
39 225.0 172.0 75.0 40.0 1.09 -1.45 -0.66 -1.15 -0.89 -1.8
40 205.0 171.0 76.0 38.0 1.06 -1.29 -0.61 -0.9 -0.7 -1.86
41 223.0 168.0 80.0 40.0 1.16 -1.28 -0.54 -0.29 -1.03 -1.2
42 307.0 162.0 81.0 41.0 1.1 -1.07 -0.42 -0.9 -0.97 -0.94
43 294.0 155.0 80.0 40.0 0.98 -0.95 -0.36 -1.05 -1.05 -0.54
44 289.0 154.0 90.0 38.0 0.84 -0.73 -0.31 -0.94 -0.99 -0.41
45 262.0 155.0 93.0 41.0 0.75 -0.66 -0.27 -0.74 -0.99 -0.93
46 271.0 170.0 98.0 40.0 0.71 -0.61 -0.23 -0.8 -1.01 -0.94
47 310.0 171.0 96.0 44.0 0.62 -0.52 -0.18 -0.7 -1.02 -0.79
48 320.0 177.0 96.0 41.0 0.54 -0.36 -0.14 -0.53 -0.87 -0.61
49 371.0 183.0 96.0 46.0 0.49 -0.31 -0.1 -0.47 -0.8 -0.46
50 348.0 175.0 95.0 42.0 0.34 -0.21 -0.04 -0.71 -0.6 -0.81
51 317.0 205.0 99.0 44.0 0.26 -0.2 -0.03 -0.38 -0.48 -1.11
52 308.0 215.0 96.0 43.0 0.21 -0.19 -0.02 -0.32 -0.43 -1.1
53 322.0 200.0 95.0 40.0 0.14 -0.14 0.0 0.03 -0.18 -1.27
54 324.0 185.0 95.0 37.0 0.06 -0.07 0.01 -0.03 -0.06 -1.2
55 352.0 180.0 88.0 35.0 0.02 -0.04 0.01 -0.11 0.03 -0.85
56 312.0 193.0 90.0 37.0 -0.08 -0.01 -0.0 -0.26 0.04 -0.53
57 292.0 226.0 87.0 37.0 -0.14 0.02 -0.02 -0.09 0.12 -0.56
58 249.0 217.0 92.0 38.0 -0.18 0.03 -0.02 -0.04 0.06 -0.61
59 265.0 221.0 91.0 39.0 -0.23 0.06 -0.01 -0.13 -0.01 -0.38
60 287.0 203.0 90.0 36.0 -0.24 0.04 -0.0 -0.25 -0.01 -0.15
61 281.0 201.0 86.0 34.0 -0.23 0.01 0.01 -0.3 0.03 -0.03
62 288.0 194.0 88.0 32.0 -0.23 0.01 0.02 -0.43 0.06 0.15
63 257.0 192.0 86.0 31.0 -0.23 0.02 0.02 -0.5 0.15 0.19
64 243.0 184.0 81.0 29.0 -0.24 0.04 0.03 -0.4 0.16 0.04
65 234.0 178.0 85.0 30.0 -0.21 0.0 0.04 -0.29 0.19 0.01
66 212.0 172.0 86.0 30.0 -0.2 0.03 0.04 -0.37 0.17 0.03
67 237.0 168.0 98.0 30.0 -0.2 0.07 0.06 -0.36 0.13 0.06
68 241.0 199.0 94.0 31.0 -0.19 0.05 0.07 -0.27 0.14 0.1
69 235.0 192.0 89.0 30.0 -0.18 0.04 0.08 -0.25 0.15 0.0
70 224.0 202.0 92.0 29.0 -0.16 0.05 0.1 -0.21 0.15 -0.04
71 199.0 190.0 93.0 29.0 -0.12 0.06 0.11 -0.08 0.15 0.03
72 185.0 183.0 87.0 29.0 -0.11 0.07 0.11 -0.08 0.15 0.12
73 165.0 209.0 88.0 29.0 -0.08 0.07 0.09 -0.05 0.15 0.09
74 139.0 215.0 88.0 29.0 -0.06 0.05 0.07 -0.07 0.12 0.02
75 192.0 202.0 87.0 28.0 -0.04 0.05 0.06 -0.13 0.08 0.0
76 199.0 193.0 92.0 28.0 -0.02 0.08 0.07 -0.13 0.1 0.0
77 187.0 176.0 85.0 28.0 -0.03 0.07 0.09 -0.34 -0.01 0.06
78 182.0 166.0 84.0 30.0 -0.01 0.03 0.08 -0.03 -0.04 0.09
79 152.0 159.0 82.0 29.0 -0.01 0.02 0.07 -0.05 0.01 0.04
80 146.0 171.0 83.0 28.0 -0.04 0.08 0.08 -0.13 0.03 0.0
81 131.0 176.0 77.0 29.0 -0.05 0.09 0.07 -0.05 0.06 -0.14
82 126.0 167.0 77.0 28.0 -0.07 0.09 0.07 -0.06 0.02 -0.24
83 117.0 171.0 77.0 29.0 -0.09 0.1 0.07 0.03 -0.02 -0.29
84 114.0 190.0 82.0 28.0 -0.09 0.09 0.07 0.0 -0.01 -0.17
85 133.0 183.0 85.0 27.0 -0.09 0.08 0.06 0.02 0.02 -0.13
86 142.0 165.0 82.0 27.0 -0.08 0.08 0.04 -0.04 0.04 -0.02
87 185.0 149.0 80.0 27.0 -0.09 0.08 0.04 -0.12 0.03 0.11
88 183.0 151.0 83.0 27.0 -0.09 0.05 0.03 -0.18 0.06 0.04
89 164.0 165.0 85.0 26.0 -0.08 0.03 0.02 -0.02 0.06 -0.06
90 142.0 169.0 85.0 26.0 -0.07 0.05 0.02 -0.18 0.05 -0.06
91 126.0 171.0 85.0 25.0 -0.07 0.05 0.02 -0.14 0.06 -0.07
92 118.0 180.0 83.0 26.0 -0.07 0.05 0.03 -0.07 0.02 0.0
93 101.0 198.0 82.0 27.0 -0.07 0.07 0.03 -0.09 0.06 0.01
94 167.0 208.0 80.0 26.0 -0.08 0.1 0.02 -0.1 0.06 0.02
95 165.0 212.0 79.0 26.0 -0.06 0.06 0.01 -0.01 0.07 -0.03
96 156.0 192.0 85.0 26.0 -0.04 0.04 0.01 -0.12 0.13 -0.11
97 166.0 219.0 80.0 25.0 -0.03 0.01 0.01 -0.2 0.15 -0.11
98 150.0 209.0 82.0 24.0 -0.03 -0.01 -0.0 -0.13 0.11 -0.08
99 150.0 224.0 81.0 23.0 -0.03 -0.01 -0.0 -0.12 0.08 -0.03
100 131.0 223.0 79.0 25.0 -0.03 0.02 -0.01 -0.14 0.08 -0.02
101 114.0 206.0 79.0 24.0 -0.04 0.03 -0.01 -0.22 0.12 -0.07
102 127.0 201.0 82.0 24.0 -0.04 0.02 -0.01 -0.31 0.13 -0.03
103 143.0 200.0 83.0 22.0 -0.04 -0.0 0.0 -0.24 0.11 0.0
104 154.0 189.0 81.0 26.0 -0.03 0.02 0.01 -0.16 0.09 0.0
105 150.0 170.0 82.0 25.0 -0.02 0.02 0.02 -0.15 0.0 -0.02
106 127.0 160.0 77.0 25.0 0.0 -0.0 0.01 -0.16 0.09 -0.01
107 118.0 158.0 83.0 25.0 -0.0 -0.01 0.01 -0.07 0.05 0.03
108 142.0 145.0 79.0 25.0 -0.01 0.0 0.01 -0.19 0.09 0.0
109 133.0 146.0 78.0 24.0 -0.01 0.01 0.0 -0.18 0.07 0.03
110 116.0 153.0 76.0 24.0 -0.01 0.02 0.0 -0.1 0.07 -0.11
111 108.0 160.0 76.0 24.0 -0.01 0.02 0.0 -0.12 0.05 -0.09
112 113.0 157.0 77.0 24.0 -0.01 0.02 -0.0 -0.15 0.02 -0.11
113 133.0 152.0 77.0 24.0 -0.01 0.02 -0.0 -0.12 0.0 -0.07
114 148.0 139.0 77.0 23.0 -0.01 0.03 0.01 -0.15 0.0 -0.08
115 128.0 130.0 77.0 24.0 -0.02 0.03 0.02 -0.16 0.0 -0.06
116 114.0 140.0 79.0 24.0 -0.03 0.02 0.03 -0.23 -0.02 -0.1
117 112.0 168.0 77.0 24.0 -0.03 0.01 0.03 -0.14 -0.05 -0.1
118 100.0 166.0 79.0 24.0 -0.03 -0.01 0.03 -0.11 -0.04 -0.09
119 111.0 166.0 79.0 24.0 -0.03 0.02 0.03 -0.12 0.09 -0.21
120 101.0 167.0 79.0 24.0 -0.03 0.03 0.03 -0.08 0.09 -0.11
121 131.0 166.0 79.0 25.0 -0.03 0.02 0.03 -0.06 0.07 -0.1
122 160.0 160.0 77.0 24.0 -0.03 0.01 0.02 0.0 0.06 -0.12
123 135.0 161.0 74.0 24.0 -0.04 0.02 0.02 -0.06 0.01 -0.11
124 120.0 153.0 76.0 24.0 -0.05 0.02 0.01 -0.15 0.02 -0.12
125 129.0 151.0 80.0 24.0 -0.04 -0.0 0.01 -0.18 -0.01 -0.08
126 109.0 153.0 79.0 24.0 -0.04 -0.01 0.01 -0.14 0.0 -0.03
127 108.0 149.0 75.0 24.0 -0.05 0.01 0.01 -0.08 0.04 -0.03
128 113.0 155.0 72.0 22.0 -0.05 0.03 0.02 -0.13 0.05 -0.13
129 106.0 162.0 69.0 24.0 -0.04 0.02 0.02 -0.17 0.08 -0.1
130 101.0 176.0 71.0 24.0 -0.03 0.01 0.02 -0.16 0.1 -0.1
131 109.0 178.0 75.0 23.0 -0.03 0.01 0.02 -0.02 0.14 -0.05
132 104.0 165.0 78.0 24.0 -0.03 0.02 0.02 -0.02 0.14 0.04
133 115.0 165.0 75.0 24.0 -0.03 0.02 0.01 -0.07 0.12 0.08
134 116.0 184.0 74.0 24.0 -0.02 0.03 -0.01 -0.06 0.19 0.06
135 114.0 172.0 71.0 24.0 -0.02 0.03 -0.01 -0.06 0.13 0.0
136 120.0 162.0 72.0 24.0 0.0 -0.01 -0.01 -0.01 0.14 -0.03
137 101.0 172.0 74.0 24.0 0.02 -0.0 -0.0 -0.02 0.08 0.04
138 96.0 172.0 77.0 24.0 0.02 0.01 -0.0 -0.07 0.07 0.08
139 87.0 177.0 76.0 24.0 0.03 0.02 -0.01 -0.1 0.09 0.06
140 75.0 159.0 74.0 22.0 0.03 0.01 -0.01 -0.14 0.01 -0.13
141 64.0 150.0 79.0 23.0 0.03 0.01 -0.01 -0.17 -0.02 -0.18
142 84.0 139.0 78.0 24.0 0.01 0.02 0.01 -0.24 -0.06 -0.23
143 75.0 127.0 73.0 23.0 0.0 0.02 0.03 -0.28 -0.08 -0.27
144 73.0 131.0 74.0 23.0 -0.01 0.03 0.04 -0.26 -0.2 -0.34
145 66.0 145.0 73.0 24.0 -0.04 0.07 0.07 -0.27 -0.16 -0.37
146 62.0 149.0 70.0 24.0 -0.09 0.11 0.1 -0.31 -0.23 -0.36
147 56.0 142.0 69.0 22.0 -0.12 0.08 0.1 -0.15 -0.22 -0.45
148 55.0 135.0 68.0 23.0 -0.13 0.04 0.11 -0.05 -0.24 -0.43
149 47.0 134.0 66.0 23.0 -0.19 0.06 0.13 -0.17 -0.27 -0.37
150 50.0 135.0 66.0 22.0 -0.2 0.05 0.13 0.11 -0.33 -0.41
151 44.0 125.0 65.0 23.0 -0.22 0.13 0.15 0.02 -0.34 -0.47
152 44.0 122.0 65.0 23.0 -0.28 0.2 0.17 -0.05 -0.49 -0.45
153 41.0 118.0 63.0 24.0 -0.3 0.22 0.17 0.0 -0.77 -0.54
154 42.0 129.0 62.0 24.0 -0.34 0.32 0.21 0.04 -0.83 -0.63
155 41.0 119.0 62.0 23.0 -0.4 0.62 0.28 0.23 -0.79 -0.83
156 38.0 120.0 61.0 23.0 -0.47 0.8 0.32 -0.61 -0.72 -0.83
157 37.0 120.0 61.0 23.0 -0.6 0.95 0.35 -0.63 -0.64 -0.82
158 41.0 119.0 60.0 23.0 -0.71 0.98 0.37 -0.88 -0.59 -0.95
159 43.0 172.0 58.0 24.0 -0.77 0.99 0.38 -0.62 -0.46 -1.18
160 38.0 166.0 60.0 25.0 -0.93 1.19 0.47 -0.51 -0.49 -1.18
161 37.0 152.0 58.0 25.0 -1.11 1.63 0.6 -0.5 -0.51 -1.07
162 75.0 160.0 57.0 24.0 -1.19 1.9 0.66 -0.79 -0.69 -0.8
163 69.0 164.0 56.0 24.0 -1.38 2.32 0.71 -0.72 -0.66 -0.75
164 62.0 163.0 56.0 23.0 -1.5 2.58 0.69 -0.71 -0.42 -0.82
165 63.0 173.0 55.0 24.0 -1.55 2.55 0.65 -0.15 -0.19 -1.1
166 67.0 200.0 55.0 24.0 -1.64 2.46 0.58 -0.29 -0.14 -1.07
167 66.0 185.0 53.0 23.0 -1.64 2.28 0.49 -0.12 -0.33 -0.86
168 72.0 184.0 52.0 27.0 -1.63 2.14 0.44 0.16 -0.46 -0.9
169 69.0 167.0 51.0 23.0 -1.56 1.97 0.37 0.41 -0.27 -0.76
170 62.0 150.0 50.0 24.0 -1.52 2.07 0.29 0.18 -0.28 -0.98
171 55.0 140.0 51.0 24.0 -1.52 2.16 0.24 0.23 -0.18 -0.72
172 63.0 143.0 51.0 24.0 -1.61 2.31 0.17 0.38 -0.14 -0.43
173 65.0 132.0 50.0 24.0 -1.73 2.34 0.09 0.28 0.16 0.02
174 61.0 139.0 51.0 25.0 -1.74 2.2 0.03 0.61 0.32 0.0
175 58.0 136.0 51.0 25.0 -1.7 2.21 -0.12 0.09 0.44 0.12
176 52.0 126.0 50.0 24.0 -1.75 2.25 -0.15 0.45 0.51 0.42
177 46.0 120.0 50.0 24.0 -1.7 2.26 -0.25 0.29 0.5 0.79
178 41.0 115.0 50.0 27.0 -1.6 2.29 -0.39 0.29 0.48 1.02
179 40.0 110.0 50.0 24.0 -1.52 2.33 -0.4 0.41 0.3 1.28
180 35.0 101.0 51.0 23.0 -1.42 2.35 -0.45 0.56 0.52 1.06
181 32.0 98.0 51.0 21.0 -1.39 2.42 -0.47 -0.13 -0.24 0.73
182 29.0 93.0 54.0 23.0 -1.06 2.36 -0.52 0.13 1.25 0.6
183 34.0 89.0 52.0 23.0 -1.17 2.41 -0.56 -12.41 -4.13 21.31
184 40.0 87.0 51.0 23.0 0.14 0.39 -0.5 -9.73 5.71 12.02
185 35.0 85.0 52.0 23.0 -0.32 -0.46 0.23 0.69 -0.19 -2.05
186 31.0 85.0 53.0 24.0 0.27 0.66 0.33 -0.2 -0.44 -0.62
187 29.0 84.0 54.0 23.0 0.68 1.3 0.11 1.16 0.52 0.05
188 27.0 81.0 53.0 23.0 0.5 1.48 -0.09 0.81 0.36 0.4
189 27.0 83.0 52.0 23.0 0.35 1.15 -0.11 0.77 0.28 0.18
190 25.0 81.0 51.0 23.0 0.07 0.4 -0.1 -0.1 -0.06 -0.27
191 26.0 80.0 51.0 23.0 0.01 -0.1 -0.03 -0.38 -0.05 -0.05
192 31.0 81.0 51.0 23.0 0.02 -0.19 -0.01 -0.44 -0.11 0.03
193 29.0 79.0 50.0 24.0 0.06 -0.11 0.03 -0.34 0.28 0.28
194 27.0 79.0 51.0 24.0 -0.0 -0.06 0.04 -0.08 0.37 0.12
195 26.0 81.0 52.0 23.0 -0.05 -0.06 0.02 0.13 0.24 0.16
196 27.0 80.0 52.0 23.0 -0.08 -0.07 -0.01 0.2 0.24 0.17
197 23.0 79.0 52.0 24.0 -0.08 -0.04 -0.04 0.18 0.15 0.25
198 22.0 80.0 53.0 24.0 -0.09 -0.0 -0.05 0.22 0.04 0.21
199 22.0 80.0 53.0 23.0 -0.12 0.05 -0.03 0.13 -0.1 0.06
200 22.0 82.0 53.0 24.0 -0.12 0.11 -0.02 0.06 -0.07 -0.02
201 22.0 85.0 54.0 23.0 -0.09 0.15 -0.03 0.07 -0.18 0.01
202 21.0 85.0 55.0 23.0 -0.02 0.21 -0.02 0.0 -0.07 -0.06
203 20.0 87.0 55.0 24.0 0.02 0.17 -0.01 -0.05 -0.07 -0.05
204 19.0 90.0 57.0 24.0 0.03 0.13 -0.0 -0.04 0.05 -0.03
205 20.0 90.0 58.0 21.0 0.03 0.04 0.01 -0.07 -0.01 0.03
206 27.0 90.0 58.0 24.0 0.01 -0.01 0.01 -0.02 0.0 0.01
207 26.0 93.0 59.0 24.0 0.01 -0.03 0.01 0.03 0.04 0.06
