1 102.0 165.0 87.0 33.0 -0.01 0.02 0.0 -0.02 0.0 0.01
2 103.0 166.0 89.0 33.0 -0.01 0.01 0.0 0.01 0.0 0.05
3 112.0 172.0 92.0 34.0 -0.01 0.01 -0.0 0.0 0.0 0.04
4 109.0 178.0 94.0 34.0 -0.0 0.01 -0.01 -0.05 0.01 0.06
5 110.0 240.0 92.0 34.0 0.0 0.01 -0.02 -0.02 0.01 0.14
6 113.0 285.0 95.0 35.0 0.01 0.01 -0.02 0.0 -0.01 0.14
7 109.0 306.0 98.0 34.0 0.11 0.01 -0.03 -0.06 -0.12 0.0
8 101.0 317.0 97.0 48.0 0.35 -0.03 -0.06 -0.32 -0.01 0.07
9 95.0 298.0 101.0 57.0 0.44 -0.02 -0.09 -0.23 0.02 -0.02
10 99.0 282.0 105.0 63.0 0.55 0.04 -0.14 -0.06 0.43 0.39
11 101.0 309.0 105.0 101.0 0.39 0.18 -0.16 0.03 0.3 0.97
12 103.0 367.0 106.0 88.0 0.32 0.3 -0.15 0.1 0.39 1.01
13 100.0 362.0 103.0 87.0 0.25 0.5 -0.11 -0.8 0.07 0.28
14 100.0 370.0 115.0 83.0 0.27 0.56 -0.06 -1.77 0.04 0.08
15 95.0 383.0 122.0 71.0 0.44 0.39 0.06 -3.03 0.02 0.55
16 94.0 369.0 120.0 63.0 0.55 -0.13 0.27 -4.37 -0.45 1.8
17 94.0 388.0 119.0 62.0 0.65 -0.63 0.39 -4.54 -0.05 2.43
18 99.0 383.0 111.0 55.0 0.97 -2.49 0.66 -3.65 0.36 2.01
19 97.0 457.0 108.0 62.0 1.25 -3.19 0.92 -2.41 0.41 1.9
20 105.0 494.0 110.0 58.0 1.32 -3.03 1.03 -1.97 0.77 2.01
21 107.0 492.0 119.0 55.0 1.38 -2.33 1.15 -2.13 0.62 1.97
22 119.0 524.0 131.0 55.0 1.47 -1.92 1.28 -2.47 0.53 2.02
23 120.0 526.0 135.0 53.0 1.55 -2.13 1.37 -2.98 0.15 1.44
24 114.0 489.0 123.0 48.0 1.79 -3.42 1.49 -1.96 -0.06 1.01
25 109.0 525.0 116.0 52.0 2.08 -4.91 1.52 -0.38 -0.06 0.43
26 118.0 505.0 120.0 50.0 2.18 -5.25 1.53 0.72 0.06 -0.08
27 143.0 590.0 150.0 60.0 2.24 -4.93 1.5 0.37 -0.05 -0.26
28 159.0 566.0 138.0 55.0 2.12 -4.46 1.4 -0.74 -0.55 -0.55
29 142.0 492.0 125.0 53.0 2.12 -4.41 1.32 -0.44 -0.57 -1.01
30 133.0 427.0 115.0 55.0 2.06 -4.51 1.13 -0.09 -0.71 -1.29
31 136.0 437.0 111.0 54.0 2.04 -4.46 0.98 1.05 -0.54 -1.91
32 176.0 392.0 108.0 53.0 1.97 -4.2 0.93 0.57 -0.63 -1.79
33 161.0 387.0 105.0 54.0 1.78 -3.78 0.87 -0.25 -0.82 -1.83
34 184.0 385.0 99.0 54.0 1.71 -3.64 0.71 0.39 -0.76 -1.84
35 194.0 387.0 109.0 52.0 1.63 -3.53 0.69 0.07 -0.87 -2.14
36 212.0 356.0 102.0 49.0 1.48 -3.14 0.61 -0.54 -0.96 -2.31
37 231.0 359.0 97.0 46.0 1.24 -2.58 0.51 -0.05 -1.03 -1.97
38 229.0 415.0 97.0 45.0 1.12 -2.25 0.45 -0.19 -1.15 -2.03
39 251.0 401.0 93.0 43.0 0.91 -1.78 0.36 -0.19 -1.1 -2.05
40 293.0 374.0 91.0 42.0 0.69 -1.37 0.31 -0.37 -1.18 -2.21
41 288.0 342.0 96.0 44.0 0.6 -1.25 0.27 -0.25 -1.13 -2.05
42 326.0 319.0 96.0 45.0 0.46 -1.05 0.23 -0.29 -1.22 -1.95
43 304.0 303.0 99.0 42.0 0.35 -0.89 0.19 -0.44 -1.28 -1.43
44 322.0 359.0 96.0 46.0 0.29 -0.78 0.17 -0.66 -1.16 -0.98
45 338.0 354.0 92.0 47.0 0.16 -0.59 0.14 -0.75 -1.08 -0.84
46 318.0 351.0 90.0 48.0 0.07 -0.41 0.11 -0.62 -1.01 -0.99
47 324.0 315.0 91.0 49.0 0.03 -0.34 0.11 -0.53 -0.9 -0.8
48 309.0 290.0 93.0 49.0 0.0 -0.27 0.11 -0.59 -0.88 -0.65
49 301.0 284.0 93.0 52.0 -0.01 -0.16 0.13 -0.73 -0.64 -0.41
50 335.0 289.0 94.0 46.0 -0.03 -0.09 0.13 -0.5 -0.44 -0.48
51 305.0 279.0 98.0 48.0 -0.11 0.01 0.12 -0.47 -0.43 -0.61
52 290.0 280.0 98.0 46.0 -0.15 -0.09 0.1 0.03 -0.11 -0.65
53 258.0 265.0 100.0 45.0 -0.17 -0.12 0.09 0.06 0.04 -0.6
54 255.0 275.0 100.0 45.0 -0.19 -0.03 0.06 -0.1 0.2 -0.36
55 232.0 275.0 96.0 45.0 -0.24 0.1 0.03 -0.13 0.24 -0.23
56 220.0 267.0 99.0 48.0 -0.26 0.08 0.03 -0.1 0.28 -0.04
57 240.0 283.0 96.0 46.0 -0.25 -0.01 0.02 -0.11 0.3 -0.05
58 260.0 265.0 98.0 42.0 -0.23 0.07 0.02 -0.21 0.25 0.09
59 219.0 279.0 99.0 44.0 -0.21 0.1 0.02 -0.23 0.3 0.25
60 238.0 291.0 97.0 43.0 -0.19 0.09 0.01 -0.25 0.28 0.2
61 246.0 267.0 97.0 41.0 -0.15 0.06 0.01 -0.16 0.3 0.03
62 227.0 328.0 104.0 43.0 -0.13 0.07 0.02 -0.31 0.38 0.19
63 209.0 314.0 115.0 46.0 -0.08 0.01 0.03 -0.17 0.42 0.17
64 182.0 288.0 109.0 42.0 -0.03 -0.02 0.04 -0.17 0.33 0.07
65 209.0 267.0 106.0 40.0 -0.02 -0.02 0.04 -0.24 0.25 0.08
66 225.0 304.0 103.0 40.0 -0.01 0.03 0.04 -0.23 0.24 0.1
67 252.0 296.0 101.0 40.0 -0.02 0.06 0.04 -0.18 0.18 -0.07
68 225.0 266.0 110.0 39.0 -0.03 0.05 0.03 -0.16 0.21 -0.25
69 204.0 243.0 109.0 45.0 -0.01 0.03 0.02 -0.04 0.27 -0.2
70 200.0 279.0 107.0 41.0 0.0 0.02 0.02 -0.04 0.28 -0.08
71 189.0 274.0 107.0 41.0 0.0 0.02 0.02 -0.12 0.23 0.01
72 214.0 294.0 101.0 41.0 -0.0 0.06 0.02 -0.09 0.14 -0.02
73 202.0 292.0 105.0 41.0 -0.0 0.05 0.01 -0.02 0.11 0.03
74 217.0 306.0 105.0 41.0 0.0 0.04 0.01 -0.12 0.08 -0.06
75 197.0 294.0 101.0 39.0 0.01 0.05 -0.0 -0.09 0.08 0.0
76 229.0 283.0 102.0 36.0 0.03 0.04 -0.01 -0.14 0.07 -0.02
77 209.0 287.0 102.0 37.0 0.03 0.03 -0.02 -0.09 0.02 0.0
78 193.0 294.0 101.0 37.0 0.04 0.02 -0.02 -0.07 0.04 -0.04
79 199.0 296.0 95.0 40.0 0.03 0.02 -0.03 -0.17 0.02 -0.19
80 192.0 284.0 101.0 45.0 0.02 0.01 -0.03 -0.1 0.08 -0.28
81 174.0 308.0 103.0 45.0 0.0 0.04 -0.04 -0.15 0.03 -0.28
82 154.0 296.0 107.0 41.0 -0.03 0.03 -0.03 -0.27 0.04 -0.24
83 163.0 260.0 99.0 44.0 -0.03 -0.0 -0.02 -0.24 0.05 -0.11
84 155.0 247.0 98.0 42.0 -0.04 -0.02 -0.01 -0.21 0.02 -0.04
85 145.0 242.0 91.0 40.0 -0.06 0.03 -0.01 -0.23 0.06 -0.13
86 150.0 229.0 92.0 36.0 -0.07 0.04 -0.01 -0.14 0.11 -0.13
87 129.0 208.0 95.0 35.0 -0.06 0.02 -0.02 -0.11 0.1 -0.1
88 118.0 231.0 92.0 36.0 -0.06 0.02 -0.03 -0.13 0.12 -0.04
89 111.0 254.0 94.0 37.0 -0.06 0.03 -0.04 -0.2 0.11 -0.04
90 106.0 245.0 89.0 35.0 -0.05 0.04 -0.04 -0.22 0.08 -0.1
91 98.0 240.0 89.0 34.0 -0.04 0.05 -0.04 -0.29 0.11 -0.08
92 110.0 228.0 89.0 33.0 -0.04 0.06 -0.03 -0.3 0.13 -0.11
93 149.0 224.0 92.0 36.0 -0.05 0.06 -0.02 -0.27 0.09 -0.17
94 132.0 236.0 91.0 34.0 -0.05 0.03 0.0 -0.25 0.11 -0.21
95 124.0 222.0 89.0 35.0 -0.06 0.01 0.01 -0.23 0.15 -0.09
96 143.0 222.0 91.0 37.0 -0.06 -0.01 0.02 -0.19 0.11 -0.08
97 137.0 237.0 92.0 39.0 -0.06 0.02 0.02 -0.19 0.17 -0.09
98 117.0 228.0 89.0 38.0 -0.06 0.05 0.03 -0.17 0.22 -0.04
99 150.0 224.0 88.0 36.0 -0.06 0.03 0.02 0.01 0.18 -0.09
100 135.0 238.0 90.0 35.0 -0.05 0.02 0.02 -0.04 0.13 -0.05
101 131.0 235.0 92.0 34.0 -0.05 0.03 0.02 0.05 0.15 -0.02
102 126.0 218.0 94.0 33.0 -0.02 0.04 -0.01 0.0 0.18 0.01
103 138.0 240.0 92.0 31.0 -0.01 0.04 -0.02 -0.05 0.18 0.02
104 138.0 231.0 93.0 30.0 -0.01 0.02 -0.02 -0.16 0.19 -0.06
105 133.0 222.0 95.0 30.0 -0.01 0.02 -0.03 -0.18 0.17 -0.05
106 122.0 207.0 96.0 31.0 0.0 0.02 -0.03 -0.1 0.14 -0.05
107 132.0 220.0 96.0 30.0 -0.01 0.02 -0.02 -0.14 0.1 -0.03
108 138.0 240.0 93.0 31.0 -0.01 -0.01 -0.01 -0.21 0.09 -0.05
109 133.0 241.0 93.0 31.0 -0.01 0.01 0.01 -0.14 0.02 -0.14
110 117.0 224.0 96.0 32.0 -0.02 0.02 0.01 -0.16 0.02 -0.19
111 124.0 216.0 95.0 31.0 -0.01 -0.02 0.02 -0.12 0.07 -0.18
112 129.0 203.0 94.0 29.0 -0.01 -0.01 0.02 -0.12 0.09 -0.15
113 146.0 212.0 91.0 30.0 -0.02 0.01 0.01 -0.04 0.1 -0.05
114 152.0 209.0 94.0 30.0 -0.03 0.03 -0.0 -0.04 0.09 -0.04
115 153.0 229.0 89.0 31.0 -0.04 0.02 -0.02 -0.03 0.11 -0.13
116 138.0 210.0 94.0 31.0 -0.04 0.02 -0.01 -0.06 0.07 -0.12
117 130.0 202.0 95.0 31.0 -0.02 0.01 -0.01 -0.04 0.11 -0.1
118 120.0 199.0 91.0 30.0 -0.01 0.02 -0.01 -0.09 0.05 -0.01
119 117.0 201.0 94.0 28.0 -0.01 0.02 -0.01 -0.12 0.11 0.0
120 111.0 208.0 93.0 28.0 -0.01 0.04 -0.01 -0.15 0.09 -0.04
121 99.0 207.0 97.0 27.0 -0.02 0.05 0.0 -0.14 0.03 -0.09
122 96.0 225.0 98.0 28.0 -0.02 0.06 0.0 -0.04 -0.08 -0.22
123 95.0 247.0 94.0 28.0 -0.03 0.13 0.0 0.0 -0.2 -0.31
124 87.0 236.0 101.0 27.0 -0.06 0.26 -0.01 -0.03 -0.25 -0.39
125 82.0 238.0 102.0 26.0 -0.07 0.32 -0.01 -0.12 -0.25 -0.49
126 75.0 223.0 106.0 26.0 -0.1 0.45 -0.01 -0.17 -0.24 -0.51
127 97.0 239.0 111.0 25.0 -0.14 0.59 -0.01 -0.22 -0.35 -0.62
128 92.0 230.0 105.0 25.0 -0.17 0.66 -0.01 -0.11 -0.4 -0.58
129 89.0 230.0 100.0 24.0 -0.26 0.92 -0.03 0.04 -0.51 -0.56
130 91.0 259.0 96.0 25.0 -0.4 1.28 -0.05 0.21 -0.52 -0.65
131 88.0 267.0 92.0 25.0 -0.51 1.4 -0.06 0.16 -0.61 -0.82
132 79.0 265.0 91.0 24.0 -0.66 1.48 -0.12 0.29 -0.73 -1.18
133 79.0 252.0 87.0 33.0 -0.76 1.51 -0.18 0.36 -0.7 -1.42
134 86.0 235.0 89.0 57.0 -0.82 1.53 -0.2 -0.16 -0.7 -1.42
135 79.0 222.0 85.0 54.0 -0.96 1.61 -0.25 -0.25 -0.65 -1.3
136 83.0 220.0 84.0 48.0 -1.12 1.84 -0.26 -0.16 -0.56 -1.19
137 84.0 198.0 82.0 42.0 -1.24 1.95 -0.26 -0.43 -0.72 -1.03
138 85.0 184.0 84.0 39.0 -1.32 1.99 -0.24 -0.46 -0.79 -1.03
139 80.0 167.0 83.0 36.0 -1.38 1.86 -0.2 -0.42 -0.85 -1.32
140 83.0 164.0 80.0 34.0 -1.39 1.81 -0.18 -0.2 -0.56 -1.39
141 84.0 170.0 76.0 32.0 -1.44 1.86 -0.15 -0.23 -0.61 -1.46
142 82.0 158.0 76.0 31.0 -1.54 2.23 -0.15 0.22 -0.46 -1.49
143 95.0 157.0 75.0 31.0 -1.62 2.51 -0.16 0.07 -0.64 -1.37
144 93.0 160.0 74.0 31.0 -1.78 2.94 -0.24 -0.03 -0.61 -1.38
145 87.0 157.0 72.0 33.0 -1.86 3.15 -0.36 0.36 -0.53 -0.98
146 88.0 161.0 73.0 33.0 -1.92 3.17 -0.44 0.1 -0.26 -0.32
147 82.0 166.0 71.0 32.0 -2.01 2.91 -0.61 -0.07 -0.27 -0.13
148 85.0 158.0 72.0 32.0 -2.01 2.62 -0.75 0.1 -0.26 0.39
149 95.0 163.0 76.0 39.0 -1.97 2.51 -0.82 0.5 -0.15 0.61
150 88.0 172.0 76.0 44.0 -1.96 2.64 -0.94 0.58 0.05 0.69
151 83.0 177.0 75.0 55.0 -1.9 3.06 -1.0 0.51 -0.05 -0.04
152 86.0 190.0 77.0 66.0 -1.81 3.21 -1.02 -0.58 -0.16 -0.81
153 86.0 206.0 75.0 62.0 -1.56 3.05 -0.82 -0.51 -0.23 -0.72
154 82.0 207.0 75.0 59.0 -1.11 2.74 -0.84 -1.06 0.07 0.08
155 86.0 193.0 78.0 57.0 -0.94 2.72 -0.85 -1.41 -0.02 1.16
156 83.0 185.0 78.0 56.0 -0.91 2.8 -0.75 -0.62 0.07 1.46
157 82.0 176.0 79.0 56.0 -0.96 2.89 -0.78 -1.04 0.19 0.84
158 84.0 168.0 82.0 57.0 -0.9 2.89 -0.81 -1.4 -0.7 0.64
159 86.0 163.0 81.0 56.0 -0.76 2.71 -0.62 -0.36 -0.06 0.59
160 98.0 159.0 80.0 56.0 -0.73 2.58 -0.68 -0.45 -0.35 0.27
161 101.0 157.0 83.0 55.0 -0.68 2.31 -0.65 -0.79 -0.69 0.41
162 98.0 159.0 83.0 49.0 -0.3 1.22 -0.59 -15.19 -2.69 11.29
163 99.0 156.0 82.0 48.0 0.02 -2.75 0.62 -3.19 -1.2 -0.82
164 105.0 160.0 85.0 46.0 0.04 -1.67 0.55 1.9 0.97 0.54
165 103.0 165.0 85.0 44.0 0.2 0.78 0.09 0.65 0.57 1.61
166 98.0 163.0 85.0 44.0 0.1 0.37 0.06 0.26 0.55 0.07
167 103.0 165.0 88.0 43.0 0.02 0.09 0.04 0.22 0.05 0.08
168 96.0 168.0 88.0 41.0 0.04 0.07 -0.02 -0.05 0.0 0.21
169 91.0 163.0 86.0 41.0 0.01 0.03 -0.0 -0.04 0.06 0.36
170 102.0 165.0 90.0 41.0 0.01 0.0 0.01 0.27 -0.06 0.14
171 100.0 173.0 89.0 41.0 0.0 0.04 -0.0 0.01 -0.18 0.09
172 94.0 162.0 86.0 40.0 0.0 0.08 -0.01 -0.16 -0.29 0.05
173 96.0 159.0 87.0 39.0 0.02 0.13 -0.01 -0.14 -0.23 -0.07
174 89.0 156.0 84.0 38.0 0.05 0.2 -0.0 -0.15 -0.19 -0.06
175 85.0 152.0 83.0 37.0 0.05 0.13 0.02 -0.11 -0.15 -0.12
176 93.0 153.0 86.0 41.0 0.05 0.08 0.02 -0.13 -0.1 -0.06
177 95.0 154.0 85.0 39.0 0.05 0.02 0.04 -0.19 -0.12 0.0
178 96.0 151.0 83.0 39.0 0.04 -0.02 0.04 -0.02 -0.06 0.03
179 96.0 149.0 84.0 40.0 0.04 -0.02 0.04 -0.05 -0.07 0.01
180 89.0 148.0 82.0 38.0 0.05 -0.06 0.03 -0.07 -0.04 -0.02
