1 98.0 264.0 96.0 37.0 0.02 0.02 -0.0 0.0 -0.01 0.07
2 99.0 309.0 97.0 40.0 0.03 0.02 -0.01 -0.09 -0.13 -0.02
3 93.0 337.0 93.0 37.0 0.18 -0.01 -0.03 -0.24 -0.06 0.01
4 92.0 348.0 96.0 52.0 0.54 -0.09 -0.06 -0.29 0.04 0.06
5 103.0 381.0 99.0 56.0 0.64 -0.08 -0.07 -0.45 -0.01 0.1
6 99.0 381.0 113.0 51.0 0.57 0.06 -0.09 0.14 0.33 0.23
7 96.0 370.0 119.0 57.0 0.45 0.35 -0.09 0.17 0.39 0.6
8 106.0 397.0 119.0 85.0 0.44 0.47 -0.08 0.17 0.33 0.86
9 110.0 398.0 124.0 91.0 0.33 0.41 0.04 -1.0 0.26 1.33
10 101.0 383.0 114.0 88.0 0.31 0.1 0.13 -1.35 0.15 1.11
11 112.0 365.0 112.0 75.0 0.34 -0.11 0.16 -1.87 0.02 0.63
12 103.0 371.0 111.0 66.0 0.47 -0.47 0.29 -2.24 -0.77 0.55
13 98.0 379.0 109.0 61.0 0.95 -1.67 0.36 -2.8 -0.13 1.87
14 107.0 484.0 109.0 59.0 0.94 -1.77 0.5 -3.39 0.33 1.92
15 112.0 553.0 103.0 61.0 1.14 -2.16 0.66 -2.78 0.16 2.19
16 107.0 535.0 108.0 55.0 1.37 -2.36 0.7 -2.17 0.55 1.32
17 110.0 502.0 109.0 49.0 1.44 -2.53 0.76 -2.31 0.42 1.07
18 112.0 481.0 107.0 46.0 1.57 -3.2 0.84 -2.25 0.2 1.59
19 110.0 472.0 116.0 45.0 1.79 -4.27 0.89 -1.52 0.1 1.45
20 139.0 582.0 133.0 40.0 1.88 -4.66 0.91 -1.11 0.1 1.03
21 151.0 727.0 132.0 40.0 1.94 -5.14 0.98 -0.89 -0.22 -0.09
22 153.0 770.0 124.0 40.0 2.06 -5.62 0.93 -0.82 -0.41 -0.42
23 160.0 692.0 132.0 39.0 2.1 -5.71 0.89 0.13 -0.25 -0.1
24 151.0 630.0 122.0 38.0 2.1 -5.38 0.78 0.09 -0.27 -0.27
25 142.0 762.0 120.0 43.0 2.0 -4.57 0.65 0.05 -0.12 -0.56
26 162.0 743.0 113.0 40.0 1.94 -4.23 0.57 -0.14 -0.31 -0.71
27 162.0 693.0 117.0 39.0 1.86 -3.97 0.4 0.16 -0.42 -1.2
28 146.0 640.0 119.0 40.0 1.82 -3.64 0.25 0.36 -0.39 -1.32
29 159.0 581.0 109.0 56.0 1.77 -3.28 0.21 0.41 -0.45 -1.17
30 185.0 531.0 124.0 70.0 1.58 -2.45 0.16 -0.03 -0.57 -1.36
31 200.0 515.0 115.0 69.0 1.38 -1.78 0.12 -0.26 -0.66 -1.39
32 206.0 476.0 111.0 64.0 1.31 -1.6 0.13 0.2 -0.78 -1.72
33 241.0 409.0 105.0 66.0 1.2 -1.31 0.18 -0.17 -0.66 -1.76
34 243.0 385.0 101.0 66.0 1.02 -0.88 0.22 -1.0 -0.52 -1.27
35 259.0 388.0 105.0 65.0 0.94 -0.8 0.24 -0.94 -0.48 -1.32
36 323.0 401.0 111.0 76.0 0.83 -0.81 0.23 -0.65 -0.62 -1.45
37 296.0 376.0 122.0 85.0 0.71 -0.72 0.29 -0.5 -0.59 -1.61
38 298.0 381.0 120.0 88.0 0.65 -0.71 0.31 -0.46 -0.63 -1.42
39 297.0 383.0 114.0 86.0 0.55 -0.75 0.36 -0.32 -0.77 -1.22
40 305.0 366.0 133.0 85.0 0.45 -0.64 0.39 0.1 -0.68 -1.33
41 328.0 336.0 137.0 81.0 0.44 -0.55 0.38 0.13 -0.74 -1.07
42 351.0 312.0 133.0 90.0 0.4 -0.44 0.36 -0.13 -0.63 -0.83
43 366.0 356.0 124.0 89.0 0.31 -0.46 0.32 -0.22 -0.5 -0.43
44 348.0 337.0 118.0 79.0 0.25 -0.46 0.29 -0.19 -0.49 -0.46
45 355.0 323.0 110.0 81.0 0.16 -0.4 0.24 -0.04 -0.42 -0.59
46 382.0 326.0 119.0 80.0 0.1 -0.31 0.21 -0.23 -0.33 -0.62
47 356.0 379.0 120.0 86.0 0.08 -0.31 0.2 -0.2 -0.32 -0.65
48 366.0 370.0 115.0 88.0 0.06 -0.36 0.18 -0.2 -0.23 -0.43
49 317.0 359.0 123.0 76.0 0.03 -0.33 0.15 -0.22 -0.1 -0.44
50 295.0 385.0 125.0 86.0 0.02 -0.3 0.13 -0.22 -0.06 -0.34
51 310.0 372.0 130.0 87.0 -0.01 -0.22 0.12 -0.23 0.01 -0.44
52 340.0 416.0 119.0 85.0 -0.03 -0.15 0.12 -0.54 0.0 -0.35
53 305.0 387.0 116.0 79.0 -0.04 -0.18 0.11 -0.44 0.03 -0.19
54 311.0 392.0 132.0 80.0 -0.02 -0.2 0.11 -0.28 0.0 -0.09
55 266.0 377.0 126.0 77.0 -0.01 -0.1 0.07 -0.14 0.04 0.03
56 315.0 382.0 125.0 77.0 0.0 -0.08 0.05 -0.01 0.13 -0.14
57 288.0 347.0 136.0 73.0 0.04 -0.06 0.03 -0.24 0.14 -0.12
58 299.0 319.0 135.0 73.0 0.07 -0.04 0.01 -0.42 0.15 -0.07
59 274.0 315.0 124.0 65.0 0.08 -0.05 0.01 -0.47 0.22 0.0
60 282.0 345.0 119.0 66.0 0.07 -0.01 0.02 -0.39 0.21 -0.02
61 265.0 318.0 119.0 59.0 0.04 0.02 0.03 -0.48 0.13 -0.24
62 232.0 387.0 121.0 66.0 0.04 -0.01 0.03 -0.45 0.14 -0.29
63 220.0 362.0 118.0 63.0 0.01 0.01 0.06 -0.3 0.01 -0.4
64 223.0 349.0 114.0 68.0 0.03 0.02 0.08 -0.04 0.1 -0.3
65 205.0 342.0 120.0 65.0 0.03 0.02 0.1 -0.15 0.01 -0.38
66 253.0 406.0 112.0 58.0 0.01 0.03 0.1 -0.09 0.01 -0.29
67 232.0 400.0 118.0 55.0 -0.02 0.05 0.09 -0.17 0.0 -0.21
68 238.0 406.0 115.0 54.0 -0.03 0.04 0.08 -0.02 0.03 -0.13
69 253.0 387.0 112.0 50.0 -0.04 0.04 0.07 0.11 0.0 -0.15
70 232.0 373.0 115.0 53.0 -0.03 0.08 0.04 0.01 0.01 -0.03
71 279.0 357.0 115.0 52.0 -0.03 0.06 0.03 0.08 0.0 -0.08
72 248.0 323.0 114.0 49.0 -0.02 0.04 0.02 0.11 0.02 -0.08
73 294.0 351.0 111.0 49.0 -0.03 0.02 0.02 0.01 0.02 -0.04
74 242.0 310.0 114.0 48.0 -0.03 0.02 0.01 -0.05 0.09 0.01
75 216.0 312.0 119.0 48.0 -0.04 0.07 0.01 0.0 0.08 -0.14
76 189.0 333.0 114.0 46.0 -0.05 0.04 0.01 -0.11 0.0 -0.13
77 205.0 322.0 116.0 45.0 -0.05 0.04 0.02 -0.13 0.0 -0.15
78 188.0 334.0 120.0 46.0 -0.04 0.04 0.04 -0.1 0.03 0.02
79 216.0 321.0 119.0 43.0 -0.05 0.02 0.04 -0.13 0.03 -0.04
80 211.0 299.0 109.0 43.0 -0.06 -0.0 0.04 -0.09 0.07 -0.08
81 195.0 310.0 106.0 39.0 -0.07 0.03 0.05 -0.07 0.11 -0.14
82 172.0 315.0 107.0 48.0 -0.07 0.02 0.05 0.02 0.14 -0.16
83 215.0 305.0 108.0 43.0 -0.07 0.02 0.04 -0.01 0.11 -0.2
84 252.0 314.0 105.0 41.0 -0.07 0.0 0.03 0.06 0.07 -0.17
85 222.0 284.0 106.0 37.0 -0.05 0.02 0.02 0.05 0.07 -0.08
86 188.0 297.0 107.0 39.0 -0.04 0.03 0.01 0.02 0.04 -0.04
87 163.0 306.0 106.0 40.0 -0.04 0.02 -0.01 -0.1 0.14 0.06
88 189.0 303.0 101.0 37.0 -0.05 0.05 -0.03 -0.13 0.08 -0.1
89 180.0 288.0 95.0 39.0 -0.04 0.05 -0.03 -0.1 0.06 -0.11
90 182.0 265.0 99.0 36.0 -0.03 0.05 -0.03 -0.11 0.01 -0.15
91 234.0 242.0 99.0 33.0 -0.02 0.02 -0.01 -0.19 0.0 -0.18
92 215.0 228.0 95.0 32.0 -0.01 0.02 -0.0 -0.24 0.03 -0.19
93 191.0 228.0 96.0 33.0 -0.03 0.02 0.02 -0.24 0.03 -0.13
94 209.0 252.0 90.0 33.0 -0.05 0.02 0.03 -0.14 0.02 -0.17
95 205.0 242.0 88.0 31.0 -0.06 0.03 0.03 -0.13 0.0 -0.15
96 193.0 257.0 89.0 33.0 -0.07 0.01 0.04 -0.01 0.01 -0.15
97 175.0 271.0 93.0 33.0 -0.05 0.01 0.04 0.05 0.06 -0.11
98 210.0 262.0 98.0 33.0 -0.05 0.02 0.03 0.06 0.04 -0.01
99 203.0 244.0 95.0 35.0 -0.03 0.03 0.01 0.08 0.02 0.01
100 225.0 255.0 96.0 37.0 -0.02 0.06 -0.02 0.01 0.13 0.01
101 222.0 265.0 94.0 39.0 -0.01 0.05 -0.03 -0.04 0.1 -0.04
102 193.0 255.0 94.0 40.0 -0.01 0.03 -0.04 -0.07 0.09 -0.04
103 170.0 252.0 92.0 37.0 0.0 0.01 -0.03 -0.12 0.07 -0.11
104 166.0 265.0 98.0 35.0 0.01 0.02 -0.02 -0.13 0.04 -0.04
105 207.0 266.0 94.0 35.0 0.0 0.03 -0.01 -0.16 0.05 0.03
106 197.0 294.0 91.0 36.0 0.01 0.02 0.01 -0.15 0.02 -0.01
107 180.0 267.0 90.0 35.0 0.01 0.01 0.02 -0.15 0.04 -0.03
108 179.0 276.0 95.0 32.0 0.02 0.02 0.02 -0.04 0.0 -0.06
109 161.0 267.0 94.0 30.0 0.02 0.05 0.01 -0.01 0.06 -0.13
110 138.0 246.0 105.0 32.0 0.02 0.06 0.01 -0.08 0.06 -0.13
111 126.0 255.0 101.0 30.0 0.02 0.03 0.01 -0.1 0.03 -0.11
112 117.0 237.0 97.0 32.0 -0.0 0.01 0.01 -0.09 -0.02 -0.17
113 97.0 273.0 95.0 30.0 -0.01 0.02 0.01 -0.09 -0.12 -0.2
114 92.0 259.0 104.0 29.0 -0.02 0.05 0.01 -0.09 -0.13 -0.26
115 81.0 242.0 99.0 27.0 -0.03 0.07 0.02 -0.1 -0.13 -0.33
116 82.0 233.0 101.0 28.0 -0.03 0.09 0.03 -0.12 -0.18 -0.29
117 79.0 219.0 103.0 26.0 -0.07 0.18 0.03 -0.13 -0.33 -0.38
118 75.0 214.0 98.0 26.0 -0.1 0.29 0.02 -0.16 -0.48 -0.38
119 69.0 194.0 99.0 25.0 -0.12 0.36 0.01 -0.26 -0.59 -0.35
120 62.0 179.0 92.0 25.0 -0.19 0.54 0.0 -0.53 -0.62 -0.33
121 61.0 174.0 84.0 24.0 -0.32 0.68 -0.02 -0.78 -0.83 -0.37
122 53.0 182.0 84.0 25.0 -0.41 0.73 -0.04 -0.63 -1.01 -0.54
123 49.0 203.0 90.0 24.0 -0.6 0.97 -0.07 -0.13 -1.05 -1.17
124 50.0 191.0 86.0 24.0 -0.76 1.38 -0.1 -0.06 -1.23 -1.64
125 58.0 189.0 82.0 24.0 -0.81 1.56 -0.11 0.07 -1.05 -1.82
126 59.0 184.0 79.0 24.0 -0.94 1.68 -0.11 0.02 -0.75 -1.78
127 84.0 173.0 82.0 24.0 -1.12 1.68 -0.09 -0.18 -0.55 -1.79
128 75.0 170.0 83.0 24.0 -1.22 1.73 -0.1 -0.36 -0.58 -1.92
129 70.0 161.0 81.0 24.0 -1.41 1.92 -0.11 -0.43 -0.87 -1.66
130 73.0 173.0 87.0 25.0 -1.59 2.14 -0.14 -0.46 -1.0 -1.51
131 74.0 161.0 80.0 29.0 -1.69 2.22 -0.15 -0.3 -0.94 -1.46
132 73.0 155.0 83.0 28.0 -1.79 2.31 -0.17 -0.26 -0.82 -1.7
133 87.0 152.0 79.0 28.0 -1.92 2.48 -0.18 -0.42 -1.04 -1.57
134 95.0 149.0 76.0 29.0 -1.99 2.56 -0.21 -0.51 -0.82 -1.46
135 84.0 145.0 74.0 30.0 -2.14 2.64 -0.24 -0.22 -0.52 -1.19
136 80.0 150.0 72.0 37.0 -2.25 2.6 -0.33 0.14 0.04 -0.94
137 87.0 152.0 74.0 52.0 -2.31 2.57 -0.37 0.27 0.21 -0.75
138 101.0 149.0 74.0 49.0 -2.48 2.69 -0.47 1.01 0.43 -0.2
139 101.0 186.0 73.0 53.0 -2.58 2.97 -0.52 1.32 0.3 -0.48
140 101.0 236.0 74.0 46.0 -2.64 3.44 -0.6 0.54 -0.17 -0.54
141 95.0 258.0 71.0 42.0 -2.32 3.46 -0.71 0.28 -0.27 -0.39
142 88.0 241.0 69.0 38.0 -2.08 3.44 -0.75 -0.12 -0.36 0.5
143 92.0 220.0 70.0 35.0 -1.5 3.44 -0.83 -2.12 -0.87 0.78
144 83.0 201.0 70.0 38.0 -1.02 3.59 -0.7 -1.26 -0.54 2.17
145 81.0 194.0 69.0 37.0 -0.86 3.89 -0.79 -0.85 0.36 2.14
146 98.0 185.0 73.0 35.0 -0.72 4.36 -0.81 -2.47 -1.47 2.13
147 86.0 174.0 74.0 36.0 -0.43 4.43 -0.67 -1.44 -0.28 1.09
148 108.0 167.0 76.0 39.0 -0.42 4.4 -0.59 -6.51 -2.04 2.46
149 116.0 169.0 81.0 44.0 0.17 2.96 -0.51 -20.59 1.7 6.57
150 174.0 166.0 83.0 42.0 0.51 -1.77 0.47 3.93 -0.51 1.63
151 158.0 162.0 89.0 42.0 0.41 0.01 0.45 1.03 0.76 2.52
152 149.0 162.0 89.0 40.0 0.49 2.48 0.03 0.12 0.6 2.17
153 132.0 158.0 89.0 37.0 0.23 1.72 0.13 0.86 0.86 0.68
154 119.0 152.0 87.0 37.0 0.09 1.29 0.15 0.54 0.48 -0.13
155 116.0 149.0 87.0 40.0 -0.06 0.88 0.07 -0.24 0.37 0.0
156 107.0 148.0 85.0 39.0 -0.09 0.61 0.02 -0.24 0.21 -0.12
157 98.0 144.0 83.0 41.0 -0.1 0.52 0.03 -0.14 0.08 -0.28
158 106.0 143.0 83.0 43.0 -0.05 0.43 0.05 -0.46 0.03 -0.29
159 100.0 142.0 81.0 41.0 0.0 0.32 0.01 -0.51 -0.1 -0.38
160 95.0 142.0 79.0 44.0 -0.01 0.28 -0.02 -0.37 -0.26 -0.36
161 93.0 134.0 79.0 49.0 -0.03 0.25 -0.01 -0.41 -0.26 -0.32
162 86.0 132.0 77.0 53.0 -0.02 0.18 0.01 -0.26 -0.25 -0.19
163 77.0 129.0 75.0 55.0 0.01 0.05 0.02 -0.11 -0.19 -0.15
164 86.0 135.0 79.0 56.0 0.01 0.0 0.03 -0.12 -0.18 -0.12
165 81.0 139.0 77.0 53.0 0.02 -0.04 0.02 -0.11 -0.1 -0.19
166 78.0 139.0 77.0 54.0 0.02 -0.06 0.02 -0.11 -0.02 -0.07
167 109.0 146.0 83.0 55.0 0.05 -0.12 0.01 -0.03 0.01 0.02
168 102.0 153.0 82.0 53.0 0.06 -0.11 0.02 0.12 -0.02 0.3
169 96.0 151.0 82.0 50.0 0.06 -0.1 0.03 0.21 -0.08 0.36
170 103.0 156.0 87.0 47.0 0.06 -0.06 0.03 0.2 -0.08 0.33
171 97.0 162.0 85.0 44.0 0.06 -0.01 0.02 0.15 -0.09 0.26
172 93.0 161.0 84.0 43.0 0.05 0.01 0.02 0.02 -0.03 0.2
