1 94.0 167.0 80.0 31.0 -0.01 -0.07 -0.0 -0.02 0.0 0.01
2 95.0 175.0 80.0 30.0 -0.0 -0.09 -0.0 0.02 0.0 0.07
3 102.0 175.0 85.0 30.0 -0.0 -0.08 -0.01 0.04 0.01 0.12
4 97.0 168.0 84.0 31.0 0.0 -0.06 -0.01 0.09 0.01 0.16
5 95.0 171.0 84.0 30.0 0.01 -0.05 -0.01 0.05 0.02 0.12
6 102.0 197.0 90.0 31.0 0.03 -0.03 -0.02 0.06 0.0 0.12
7 98.0 213.0 89.0 31.0 0.03 -0.02 -0.02 0.05 -0.04 0.09
8 91.0 195.0 84.0 31.0 0.04 -0.01 -0.02 -0.02 -0.06 -0.01
9 89.0 192.0 88.0 30.0 0.07 -0.03 -0.02 -0.05 -0.04 -0.03
10 82.0 182.0 89.0 30.0 0.06 -0.03 -0.02 -0.1 -0.03 -0.04
11 75.0 195.0 92.0 31.0 0.05 -0.04 -0.02 -0.27 0.0 -0.19
12 81.0 197.0 94.0 31.0 0.05 -0.07 -0.03 -0.25 0.02 -0.2
13 83.0 233.0 91.0 30.0 0.07 -0.14 -0.04 -0.21 0.05 0.01
14 85.0 251.0 88.0 32.0 0.09 -0.21 -0.05 -0.2 0.05 -0.08
15 82.0 241.0 86.0 35.0 0.1 -0.36 -0.04 -0.13 -0.04 -0.08
16 77.0 272.0 86.0 34.0 0.15 -0.42 -0.03 0.0 -0.14 -0.07
17 82.0 303.0 86.0 36.0 0.18 -0.41 -0.02 0.2 -0.11 0.11
18 91.0 309.0 93.0 35.0 0.18 -0.34 0.0 0.25 -0.07 0.22
19 89.0 316.0 93.0 35.0 0.21 -0.22 0.01 0.33 0.02 0.54
20 93.0 360.0 96.0 34.0 0.23 -0.14 0.01 0.15 0.31 0.89
21 101.0 363.0 101.0 105.0 0.32 0.05 -0.0 0.17 0.31 0.89
22 96.0 375.0 100.0 114.0 0.33 0.28 -0.03 -0.23 0.52 0.74
23 100.0 372.0 99.0 108.0 0.32 0.35 -0.03 -0.75 0.53 0.94
24 103.0 419.0 110.0 103.0 0.26 0.37 0.03 -1.31 0.42 1.18
25 102.0 384.0 104.0 90.0 0.32 0.06 0.16 -2.41 0.46 1.87
26 96.0 470.0 113.0 76.0 0.41 -0.12 0.23 -2.8 0.38 1.98
27 102.0 489.0 119.0 70.0 0.58 -0.35 0.41 -4.73 0.76 2.76
28 102.0 463.0 122.0 64.0 1.0 -1.28 0.6 -3.96 0.43 2.02
29 104.0 451.0 118.0 60.0 1.06 -1.5 0.72 -2.73 0.73 2.25
30 123.0 490.0 130.0 54.0 1.29 -2.15 0.89 -2.47 0.56 2.29
31 115.0 611.0 125.0 50.0 1.42 -2.62 1.01 -1.91 0.61 2.01
32 115.0 614.0 128.0 50.0 1.49 -2.78 1.09 -2.07 0.43 1.22
33 110.0 557.0 128.0 45.0 1.63 -3.36 1.24 -1.85 0.38 0.91
34 119.0 550.0 129.0 42.0 1.7 -4.47 1.37 -1.21 0.17 0.66
35 111.0 543.0 121.0 45.0 1.77 -5.13 1.38 -0.43 0.02 0.05
36 158.0 576.0 126.0 53.0 1.99 -5.94 1.31 0.81 0.27 -0.11
37 157.0 556.0 121.0 54.0 2.05 -5.71 1.21 0.4 0.08 -0.73
38 142.0 591.0 123.0 53.0 1.99 -5.41 1.14 0.15 -0.11 -1.02
39 142.0 541.0 127.0 49.0 1.88 -5.15 0.95 -0.14 -0.17 -1.1
40 127.0 588.0 118.0 48.0 1.86 -5.2 0.72 0.74 -0.26 -1.25
41 147.0 597.0 114.0 52.0 1.88 -5.18 0.62 0.79 -0.29 -1.54
42 186.0 552.0 110.0 54.0 1.87 -4.41 0.5 0.62 -0.2 -1.53
43 200.0 523.0 104.0 53.0 1.67 -3.18 0.47 0.31 -0.66 -1.2
44 241.0 504.0 102.0 56.0 1.56 -2.66 0.44 -0.04 -0.78 -1.56
45 227.0 521.0 115.0 62.0 1.42 -2.2 0.39 0.43 -0.57 -1.77
46 238.0 549.0 108.0 58.0 1.33 -1.93 0.32 0.05 -0.71 -1.73
47 273.0 473.0 105.0 59.0 1.28 -1.73 0.28 -0.03 -0.64 -1.45
48 278.0 453.0 101.0 71.0 1.08 -1.21 0.18 -0.36 -0.85 -1.37
49 301.0 429.0 110.0 72.0 0.93 -0.92 0.09 0.13 -0.78 -1.64
50 311.0 404.0 113.0 76.0 0.84 -0.77 0.08 -0.6 -1.1 -1.64
51 336.0 363.0 128.0 74.0 0.74 -0.68 0.08 -0.59 -1.05 -1.39
52 335.0 448.0 122.0 76.0 0.6 -0.52 0.1 -0.98 -1.09 -0.67
53 369.0 422.0 122.0 77.0 0.6 -0.52 0.1 -0.72 -1.09 -0.68
54 330.0 396.0 133.0 83.0 0.48 -0.45 0.06 -0.66 -1.1 -1.1
55 338.0 412.0 136.0 81.0 0.38 -0.39 0.08 -0.78 -1.02 -1.08
56 318.0 377.0 149.0 81.0 0.38 -0.39 0.08 -0.57 -0.92 -0.72
57 285.0 348.0 153.0 87.0 0.34 -0.37 0.11 -0.84 -0.86 -0.57
58 314.0 354.0 151.0 80.0 0.17 -0.32 0.1 -0.81 -0.71 -0.65
59 330.0 360.0 144.0 92.0 0.17 -0.32 0.1 -0.35 -0.65 -0.77
60 279.0 364.0 144.0 82.0 0.08 -0.21 0.05 0.0 -0.55 -1.23
61 275.0 363.0 152.0 85.0 0.08 -0.15 0.07 -0.26 -0.4 -0.68
62 271.0 355.0 140.0 82.0 0.07 -0.16 0.06 -0.36 -0.32 -0.61
63 299.0 376.0 132.0 79.0 0.03 -0.1 0.05 -0.07 -0.08 -0.48
64 339.0 364.0 130.0 77.0 -0.05 -0.05 0.03 -0.34 -0.04 -0.51
65 342.0 315.0 123.0 80.0 -0.06 -0.07 0.02 -0.22 0.03 -0.5
66 296.0 312.0 118.0 73.0 -0.08 -0.05 0.01 -0.27 0.17 -0.37
67 267.0 298.0 116.0 68.0 -0.1 0.02 -0.01 -0.12 0.24 -0.19
68 316.0 304.0 120.0 62.0 -0.09 0.03 -0.01 -0.04 0.25 -0.19
69 281.0 313.0 121.0 61.0 -0.09 0.05 -0.01 -0.16 0.27 -0.06
70 261.0 285.0 113.0 59.0 -0.07 0.04 -0.01 -0.21 0.38 -0.14
71 276.0 267.0 112.0 61.0 -0.06 0.05 0.01 -0.19 0.38 -0.14
72 240.0 255.0 114.0 61.0 -0.04 0.03 0.06 -0.25 0.35 -0.1
73 213.0 257.0 126.0 55.0 -0.02 0.04 0.09 -0.17 0.36 -0.08
74 257.0 297.0 123.0 58.0 -0.0 0.04 0.1 -0.12 0.29 -0.11
75 243.0 286.0 119.0 53.0 0.03 0.03 0.12 -0.21 0.21 0.08
76 218.0 269.0 113.0 54.0 0.03 0.02 0.12 -0.2 0.23 0.11
77 246.0 263.0 115.0 54.0 0.03 0.04 0.11 -0.18 0.21 0.01
78 227.0 251.0 121.0 57.0 0.04 0.09 0.1 -0.02 0.14 -0.21
79 234.0 246.0 115.0 59.0 0.03 0.04 0.09 0.04 0.15 -0.11
80 221.0 270.0 110.0 57.0 0.02 0.04 0.08 0.07 0.16 -0.19
81 194.0 266.0 115.0 53.0 0.01 0.09 0.05 0.09 0.24 -0.21
82 208.0 327.0 112.0 71.0 0.0 0.1 0.02 0.01 0.27 -0.09
83 201.0 340.0 111.0 75.0 -0.01 0.08 -0.0 -0.01 0.25 -0.13
84 242.0 295.0 105.0 70.0 0.02 0.02 -0.01 -0.07 0.09 -0.05
85 226.0 305.0 110.0 62.0 0.03 0.05 -0.02 -0.03 0.12 0.0
86 202.0 303.0 109.0 56.0 0.03 0.06 -0.02 -0.07 0.09 -0.06
87 175.0 360.0 109.0 56.0 0.03 0.1 -0.03 -0.1 0.11 -0.07
88 176.0 330.0 105.0 52.0 0.03 0.1 -0.02 -0.21 0.08 -0.07
89 150.0 360.0 99.0 48.0 0.04 0.08 -0.01 -0.21 0.04 -0.15
90 178.0 357.0 107.0 44.0 0.05 0.05 0.0 -0.15 0.03 0.0
91 215.0 345.0 104.0 47.0 0.03 0.04 0.0 -0.07 0.04 -0.12
92 218.0 346.0 108.0 46.0 0.02 0.05 0.0 -0.07 0.02 -0.12
93 206.0 332.0 99.0 42.0 0.0 0.04 0.01 -0.06 0.0 -0.22
94 205.0 309.0 96.0 45.0 -0.01 -0.02 0.02 -0.01 0.05 -0.22
95 196.0 296.0 96.0 43.0 -0.01 -0.0 0.02 0.01 0.07 -0.21
96 211.0 300.0 97.0 43.0 -0.03 0.03 0.01 0.0 0.15 -0.14
97 190.0 298.0 94.0 40.0 -0.05 0.03 0.0 -0.1 0.16 -0.22
98 194.0 288.0 105.0 40.0 -0.06 -0.01 0.01 -0.06 0.11 -0.16
99 182.0 274.0 99.0 37.0 -0.06 0.0 0.01 -0.06 0.11 -0.09
100 167.0 270.0 97.0 38.0 -0.06 0.02 0.01 0.0 0.11 -0.01
101 182.0 274.0 96.0 38.0 -0.05 0.04 0.0 -0.03 0.12 -0.06
102 182.0 268.0 103.0 39.0 -0.04 0.03 0.0 -0.01 0.09 -0.07
103 183.0 279.0 97.0 35.0 -0.04 -0.0 -0.0 -0.08 0.21 -0.11
104 159.0 278.0 96.0 32.0 -0.05 0.02 -0.01 -0.09 0.21 -0.13
105 172.0 269.0 95.0 32.0 -0.05 0.02 -0.01 -0.09 0.21 -0.12
106 168.0 297.0 91.0 32.0 -0.04 0.04 0.0 -0.09 0.2 -0.08
107 165.0 278.0 91.0 32.0 -0.04 0.04 0.0 -0.02 0.13 -0.07
108 192.0 271.0 96.0 44.0 -0.02 0.01 -0.0 -0.01 0.1 -0.03
109 176.0 261.0 96.0 45.0 -0.01 0.04 -0.01 -0.14 0.11 0.0
110 164.0 249.0 91.0 39.0 -0.01 0.05 -0.01 -0.08 0.13 0.0
111 162.0 245.0 95.0 36.0 -0.0 0.02 -0.0 -0.19 0.11 -0.07
112 186.0 258.0 96.0 35.0 -0.0 0.04 0.02 -0.08 0.12 -0.16
113 169.0 265.0 95.0 33.0 -0.01 0.06 0.02 -0.07 0.1 -0.11
114 158.0 258.0 103.0 31.0 -0.01 0.07 0.02 -0.02 0.05 -0.17
115 175.0 285.0 109.0 30.0 -0.01 0.06 0.01 -0.04 0.06 -0.21
116 150.0 264.0 101.0 29.0 -0.02 0.06 0.02 -0.01 0.13 -0.21
117 162.0 246.0 100.0 28.0 -0.04 0.05 0.02 -0.06 0.14 -0.17
118 158.0 268.0 96.0 28.0 -0.05 0.04 0.02 -0.05 0.11 -0.12
119 135.0 268.0 104.0 27.0 -0.05 0.06 0.03 -0.03 0.03 -0.1
120 115.0 242.0 97.0 26.0 -0.06 0.07 0.03 -0.03 -0.02 -0.18
121 104.0 222.0 93.0 26.0 -0.06 0.11 0.03 -0.02 -0.15 -0.21
122 90.0 214.0 90.0 25.0 -0.06 0.16 0.02 -0.02 -0.25 -0.25
123 76.0 195.0 90.0 26.0 -0.08 0.29 0.01 -0.03 -0.44 -0.44
124 66.0 220.0 85.0 25.0 -0.1 0.47 0.01 -0.01 -0.51 -0.46
125 62.0 203.0 93.0 25.0 -0.12 0.61 0.01 0.01 -0.55 -0.49
126 53.0 192.0 92.0 24.0 -0.2 0.9 -0.01 -0.07 -0.61 -0.59
127 49.0 238.0 100.0 24.0 -0.31 1.2 -0.04 -0.02 -0.7 -0.63
128 47.0 262.0 120.0 24.0 -0.39 1.41 -0.06 -0.01 -0.59 -0.74
129 45.0 256.0 115.0 25.0 -0.62 1.91 -0.09 0.16 -0.84 -0.84
130 43.0 249.0 104.0 24.0 -0.81 2.39 -0.15 0.45 -0.68 -1.05
131 47.0 267.0 103.0 24.0 -0.91 2.67 -0.18 0.44 -0.65 -1.24
132 61.0 234.0 95.0 24.0 -1.04 3.21 -0.22 -0.01 -0.68 -1.71
133 62.0 237.0 94.0 24.0 -1.07 3.56 -0.24 -0.11 -0.63 -2.13
134 72.0 227.0 93.0 25.0 -1.28 4.2 -0.25 -0.25 -0.68 -2.11
135 78.0 224.0 87.0 24.0 -1.54 4.46 -0.28 -0.49 -0.92 -1.4
136 77.0 214.0 86.0 25.0 -1.72 4.32 -0.37 -0.14 -0.88 -1.15
137 99.0 209.0 85.0 28.0 -1.78 4.1 -0.42 -0.37 -1.0 -1.28
138 111.0 197.0 81.0 27.0 -1.86 3.59 -0.5 -0.17 -0.65 -1.52
139 105.0 193.0 77.0 32.0 -1.88 3.31 -0.54 0.2 -0.14 -1.83
140 108.0 180.0 76.0 31.0 -1.97 3.26 -0.52 0.35 -0.25 -1.73
141 102.0 168.0 75.0 32.0 -1.98 3.25 -0.63 0.22 -0.22 -1.11
142 91.0 156.0 73.0 32.0 -2.0 3.05 -0.73 0.31 -0.43 -0.64
143 89.0 148.0 74.0 31.0 -1.98 2.98 -0.79 0.41 -0.3 -0.43
144 85.0 139.0 73.0 32.0 -1.91 2.93 -0.93 0.38 -0.49 -0.2
145 80.0 132.0 72.0 31.0 -1.79 3.16 -1.04 0.62 -0.07 -0.37
146 85.0 127.0 75.0 31.0 -1.75 3.36 -1.08 0.29 -0.22 -0.76
147 80.0 122.0 73.0 31.0 -1.64 3.55 -1.12 0.06 -0.2 -0.35
148 72.0 120.0 70.0 32.0 -1.59 3.49 -1.15 -0.78 -0.46 0.77
149 71.0 119.0 72.0 32.0 -1.45 3.03 -1.19 -0.52 -0.15 1.1
150 67.0 119.0 71.0 31.0 -1.32 2.43 -1.06 -0.83 -0.46 1.38
151 62.0 124.0 70.0 32.0 -1.03 2.28 -1.2 -0.74 0.04 0.94
152 65.0 129.0 73.0 37.0 -1.0 2.34 -1.18 -0.81 0.19 0.83
153 68.0 136.0 75.0 40.0 -0.87 2.32 -1.15 -1.01 0.15 1.09
154 74.0 142.0 76.0 44.0 -0.72 2.02 -0.87 -0.96 0.0 1.34
155 86.0 146.0 77.0 49.0 -0.69 1.87 -0.88 -1.0 -0.31 1.26
156 90.0 155.0 79.0 52.0 -0.79 1.61 -0.86 -0.35 -0.5 0.84
157 88.0 155.0 78.0 56.0 -0.62 1.64 -0.85 0.71 -0.58 -0.08
158 91.0 156.0 81.0 63.0 -0.51 1.73 -0.85 -0.37 -0.9 -0.82
159 125.0 163.0 82.0 59.0 0.0 0.8 0.06 -14.69 -2.63 3.57
160 130.0 165.0 82.0 59.0 0.24 -2.05 0.79 2.7 -1.2 1.38
161 130.0 172.0 86.0 59.0 0.33 -1.06 0.32 1.34 0.67 1.91
162 130.0 185.0 90.0 55.0 0.35 0.02 0.03 0.35 0.96 0.54
163 123.0 186.0 87.0 50.0 0.29 -0.16 0.06 -0.27 0.3 -0.53
164 117.0 180.0 87.0 53.0 0.21 -0.46 0.05 -0.46 0.27 -0.62
165 110.0 181.0 87.0 52.0 0.22 -0.6 0.08 -0.83 0.13 0.08
166 114.0 183.0 84.0 51.0 0.14 -0.73 0.09 0.02 0.09 0.22
167 126.0 183.0 88.0 50.0 0.11 -0.75 0.1 0.12 0.06 0.21
168 121.0 190.0 88.0 49.0 0.09 -0.72 0.11 -0.09 0.16 0.29
169 133.0 188.0 86.0 45.0 0.07 -0.63 0.07 -0.05 0.19 0.45
170 131.0 187.0 89.0 45.0 0.07 -0.58 0.03 0.01 0.19 0.37
171 125.0 196.0 91.0 44.0 0.08 -0.48 0.01 0.19 0.03 0.38
172 128.0 197.0 88.0 44.0 0.08 -0.39 0.01 0.27 0.01 0.55
173 127.0 191.0 91.0 44.0 0.07 -0.22 0.01 0.39 -0.04 0.63
174 121.0 195.0 92.0 42.0 0.06 -0.05 0.01 0.49 -0.13 0.62
175 112.0 194.0 88.0 41.0 0.05 0.02 0.02 0.43 -0.17 0.47
176 118.0 192.0 91.0 43.0 0.06 0.18 0.02 0.23 -0.19 0.29
177 116.0 196.0 91.0 42.0 0.07 0.28 0.02 0.08 -0.12 0.12
178 106.0 191.0 88.0 44.0 0.06 0.28 0.01 -0.08 -0.08 -0.04
179 138.0 188.0 88.0 46.0 0.05 0.25 0.01 -0.2 -0.13 -0.06
180 129.0 190.0 88.0 44.0 0.02 0.08 0.0 -0.03 -0.13 0.05
181 117.0 186.0 86.0 44.0 0.01 0.06 0.01 -0.19 -0.11 0.06
182 114.0 183.0 86.0 45.0 -0.01 0.06 0.01 -0.11 -0.09 0.05
183 104.0 184.0 83.0 43.0 -0.02 0.02 -0.0 -0.04 -0.03 0.04
184 100.0 177.0 80.0 47.0 -0.03 -0.01 -0.01 -0.01 -0.07 0.16
185 97.0 173.0 82.0 48.0 -0.04 -0.02 -0.01 0.07 -0.07 0.17
186 92.0 175.0 80.0 45.0 -0.05 -0.02 -0.01 0.14 -0.05 0.12
187 90.0 171.0 77.0 43.0 -0.04 -0.01 -0.0 0.15 -0.14 0.18
188 98.0 174.0 81.0 42.0 -0.03 0.03 0.0 0.11 -0.1 0.17
189 94.0 179.0 81.0 40.0 -0.02 0.05 0.0 0.06 -0.04 0.11
190 89.0 174.0 79.0 40.0 -0.01 0.05 -0.0 0.0 -0.01 0.06
191 91.0 175.0 84.0 39.0 0.0 0.06 -0.01 0.0 -0.02 0.05
192 88.0 179.0 83.0 37.0 0.01 0.05 -0.02 -0.09 -0.07 -0.03
