1 129.0 191.0 115.0 39.0 -0.03 -0.0 0.01 -0.06 0.06 -0.08
2 118.0 183.0 112.0 39.0 -0.03 -0.01 0.01 -0.02 0.07 -0.02
3 116.0 182.0 109.0 39.0 -0.03 -0.01 0.01 -0.02 0.1 -0.03
4 115.0 183.0 110.0 39.0 -0.03 -0.01 0.01 -0.05 0.12 0.0
5 114.0 180.0 106.0 36.0 -0.04 -0.02 0.01 -0.12 0.08 -0.01
6 114.0 183.0 103.0 37.0 -0.04 -0.03 0.01 -0.12 0.08 -0.06
7 133.0 179.0 103.0 37.0 -0.04 -0.07 0.01 -0.05 0.06 -0.04
8 142.0 176.0 100.0 36.0 -0.05 -0.09 0.01 -0.06 0.1 -0.02
9 148.0 195.0 99.0 42.0 -0.07 -0.09 0.0 -0.12 0.13 -0.01
10 151.0 218.0 107.0 51.0 -0.1 -0.17 0.01 0.05 0.23 0.02
11 140.0 236.0 105.0 47.0 -0.13 -0.24 0.03 0.07 0.23 0.19
12 165.0 267.0 103.0 44.0 -0.17 -0.29 0.06 0.0 0.01 -0.06
13 182.0 257.0 107.0 51.0 -0.15 -0.37 0.1 -0.06 0.04 0.0
14 171.0 274.0 104.0 49.0 -0.03 -0.35 0.1 -0.06 0.01 0.0
15 169.0 329.0 109.0 54.0 0.05 -0.35 0.09 -0.11 0.03 0.12
16 180.0 356.0 114.0 96.0 0.08 -0.41 0.11 0.37 0.1 0.86
17 172.0 333.0 119.0 94.0 0.14 -0.39 0.09 0.11 0.11 0.88
18 175.0 381.0 118.0 87.0 0.16 -0.33 0.09 0.02 -0.04 1.13
19 188.0 430.0 119.0 78.0 0.24 -0.23 0.11 -0.13 0.07 1.55
20 176.0 462.0 116.0 70.0 0.35 -0.29 0.09 -0.48 0.06 1.46
21 166.0 482.0 112.0 60.0 0.4 -0.31 0.09 -1.64 -0.22 1.77
22 178.0 477.0 114.0 55.0 1.06 -1.08 -0.2 3.04 1.87 2.71
23 168.0 516.0 114.0 52.0 1.1 -1.7 -0.08 0.12 0.68 1.88
24 166.0 516.0 114.0 52.0 1.24 -1.82 -0.03 0.15 0.41 1.81
25 167.0 487.0 116.0 54.0 1.43 -1.58 -0.06 0.26 0.69 1.58
26 161.0 522.0 111.0 53.0 1.46 -1.39 -0.06 0.14 0.71 1.55
27 162.0 478.0 116.0 54.0 1.47 -1.38 -0.06 -0.05 0.56 1.16
28 164.0 528.0 118.0 49.0 1.63 -1.55 -0.09 -0.23 0.49 0.97
29 155.0 515.0 114.0 50.0 1.72 -1.86 -0.08 -0.02 0.25 0.79
30 148.0 516.0 117.0 50.0 1.7 -1.93 -0.07 0.34 0.5 0.11
31 167.0 512.0 128.0 48.0 1.68 -1.81 -0.04 0.33 0.37 0.27
32 177.0 567.0 126.0 57.0 1.55 -1.5 -0.05 -0.17 0.24 0.24
33 193.0 545.0 123.0 62.0 1.5 -1.37 -0.05 -0.31 0.04 0.14
34 196.0 539.0 127.0 66.0 1.48 -1.29 -0.07 -0.23 -0.1 -0.02
35 180.0 570.0 122.0 65.0 1.43 -1.38 -0.08 -0.1 -0.01 -0.58
36 186.0 654.0 130.0 61.0 1.4 -1.4 -0.09 -0.21 -0.11 -0.55
37 182.0 691.0 126.0 56.0 1.37 -1.24 -0.1 -0.21 -0.08 -0.47
38 176.0 693.0 116.0 54.0 1.31 -0.98 -0.1 -0.3 -0.24 -0.54
39 184.0 751.0 130.0 50.0 1.29 -0.89 -0.1 -0.39 -0.24 -0.68
40 216.0 790.0 136.0 54.0 1.28 -0.83 -0.12 -0.38 -0.32 -0.95
41 264.0 885.0 135.0 66.0 1.23 -0.77 -0.13 -0.54 -0.39 -0.97
42 268.0 961.0 140.0 64.0 1.16 -0.75 -0.11 -0.57 -0.42 -1.09
43 262.0 900.0 139.0 59.0 1.03 -0.66 -0.09 -0.74 -0.47 -1.14
44 251.0 916.0 138.0 54.0 0.94 -0.65 -0.09 -0.37 -0.5 -0.93
45 238.0 793.0 137.0 54.0 0.9 -0.64 -0.09 -0.2 -0.56 -0.88
46 251.0 747.0 136.0 53.0 0.85 -0.53 -0.09 -0.44 -0.55 -1.13
47 247.0 795.0 141.0 56.0 0.78 -0.43 -0.09 -0.68 -0.53 -1.17
48 258.0 896.0 154.0 57.0 0.74 -0.41 -0.09 -0.72 -0.58 -1.24
49 254.0 905.0 157.0 60.0 0.6 -0.33 -0.05 -0.81 -0.4 -1.4
50 267.0 953.0 150.0 68.0 0.48 -0.25 -0.02 -0.9 -0.45 -1.49
51 247.0 839.0 142.0 62.0 0.41 -0.23 0.01 -0.51 -0.48 -1.45
52 260.0 812.0 137.0 59.0 0.29 -0.23 0.03 -0.38 -0.53 -1.35
53 248.0 772.0 136.0 54.0 0.13 -0.15 0.06 -0.31 -0.42 -1.24
54 228.0 823.0 139.0 55.0 0.13 -0.15 0.06 -0.18 -0.36 -1.25
55 232.0 806.0 148.0 51.0 0.02 -0.06 0.06 -0.11 -0.24 -1.12
56 223.0 862.0 144.0 47.0 -0.03 -0.04 0.06 -0.19 -0.1 -1.26
57 220.0 836.0 142.0 63.0 -0.07 -0.06 0.01 -0.17 -0.14 -1.21
58 220.0 915.0 134.0 74.0 -0.13 -0.03 -0.01 -0.12 -0.1 -0.53
59 210.0 853.0 137.0 73.0 -0.18 0.03 -0.06 -0.25 -0.09 -0.3
60 203.0 750.0 139.0 67.0 -0.18 0.03 -0.06 -0.08 -0.09 -0.12
61 211.0 751.0 140.0 61.0 -0.2 0.05 -0.12 -0.2 0.08 0.01
62 186.0 785.0 138.0 60.0 -0.23 0.09 -0.14 -0.48 0.19 0.24
63 189.0 739.0 143.0 57.0 -0.26 0.08 -0.13 -0.49 0.26 0.18
64 187.0 752.0 146.0 65.0 -0.26 0.1 -0.1 -0.54 0.35 -0.2
65 182.0 770.0 162.0 57.0 -0.23 0.1 -0.05 -0.23 0.39 -0.44
66 201.0 774.0 154.0 56.0 -0.22 0.08 -0.02 -0.26 0.33 -0.23
67 208.0 748.0 151.0 54.0 -0.22 0.05 0.03 -0.46 0.26 0.26
68 207.0 727.0 141.0 54.0 -0.21 0.06 0.04 -0.44 0.18 0.13
69 204.0 661.0 149.0 55.0 -0.21 0.05 0.05 -0.44 0.23 -0.08
70 205.0 678.0 153.0 50.0 -0.17 0.0 0.08 -0.31 0.18 -0.12
71 186.0 674.0 147.0 51.0 -0.14 -0.0 0.11 -0.12 0.09 0.14
72 182.0 632.0 137.0 51.0 -0.13 -0.0 0.11 -0.18 0.08 0.13
73 184.0 634.0 134.0 55.0 -0.1 -0.01 0.11 -0.11 0.09 0.02
74 180.0 661.0 133.0 52.0 -0.08 0.01 0.11 0.08 0.2 -0.1
75 184.0 644.0 140.0 50.0 -0.08 0.04 0.09 0.0 0.21 -0.11
76 193.0 611.0 136.0 49.0 -0.09 0.08 0.07 -0.02 0.25 0.0
77 184.0 630.0 131.0 49.0 -0.09 0.08 0.05 0.05 0.25 0.04
78 194.0 599.0 135.0 48.0 -0.1 0.06 0.02 0.03 0.24 0.0
79 201.0 556.0 147.0 47.0 -0.09 0.03 0.01 0.06 0.16 -0.3
80 198.0 521.0 150.0 45.0 -0.08 0.05 0.02 -0.03 0.14 -0.19
81 187.0 482.0 155.0 45.0 -0.08 0.07 0.02 -0.09 0.15 -0.09
82 199.0 523.0 157.0 43.0 -0.08 0.09 0.02 -0.07 0.1 0.09
83 194.0 509.0 150.0 41.0 -0.09 0.07 0.01 -0.14 0.09 0.03
84 192.0 593.0 144.0 42.0 -0.08 0.04 -0.02 -0.18 0.13 -0.08
85 193.0 531.0 140.0 41.0 -0.07 0.05 -0.0 -0.05 0.07 -0.13
86 178.0 509.0 145.0 43.0 -0.07 0.05 0.0 -0.07 0.04 0.04
87 175.0 614.0 152.0 44.0 -0.06 0.02 0.0 -0.08 0.06 0.03
88 181.0 582.0 151.0 46.0 -0.05 0.01 -0.0 -0.19 0.07 0.07
89 191.0 576.0 143.0 43.0 -0.05 0.0 -0.01 -0.19 0.08 -0.05
90 181.0 566.0 144.0 43.0 -0.04 -0.0 -0.01 -0.1 0.05 -0.15
91 172.0 595.0 140.0 41.0 -0.04 0.02 0.0 -0.08 0.06 -0.1
92 159.0 588.0 150.0 38.0 -0.04 0.03 0.0 -0.14 0.11 -0.04
93 182.0 583.0 152.0 39.0 -0.04 0.02 0.0 -0.12 0.09 -0.01
94 174.0 554.0 154.0 38.0 -0.04 0.02 0.01 -0.2 0.06 -0.1
95 165.0 545.0 144.0 38.0 -0.04 0.0 0.03 -0.16 0.02 -0.13
96 168.0 577.0 137.0 37.0 -0.04 -0.0 0.04 -0.13 0.04 -0.12
97 168.0 558.0 136.0 39.0 -0.04 0.02 0.06 -0.09 0.03 -0.08
98 170.0 555.0 142.0 37.0 -0.04 0.03 0.07 -0.05 0.08 -0.14
99 166.0 672.0 151.0 39.0 -0.04 0.02 0.07 -0.18 0.22 -0.15
100 158.0 621.0 151.0 40.0 -0.04 0.0 0.04 -0.12 0.11 0.0
101 171.0 556.0 139.0 37.0 -0.04 -0.01 0.02 -0.02 0.1 0.05
102 182.0 567.0 139.0 37.0 -0.03 -0.0 0.0 -0.06 0.1 0.0
103 174.0 537.0 142.0 37.0 -0.03 0.01 -0.01 0.0 0.11 -0.04
104 161.0 532.0 136.0 42.0 -0.03 0.02 -0.01 -0.01 0.09 -0.05
105 175.0 560.0 134.0 45.0 -0.03 0.03 -0.01 -0.05 0.07 -0.05
106 184.0 553.0 130.0 45.0 -0.04 0.02 -0.02 -0.12 0.07 -0.16
107 160.0 525.0 121.0 43.0 -0.03 -0.0 -0.02 -0.12 0.04 -0.15
108 181.0 543.0 116.0 41.0 -0.03 -0.01 -0.01 -0.13 0.06 -0.17
109 167.0 570.0 117.0 40.0 -0.05 0.02 -0.01 -0.13 0.06 -0.22
110 155.0 542.0 109.0 37.0 -0.06 0.03 -0.0 -0.16 0.0 -0.1
111 154.0 541.0 119.0 38.0 -0.06 0.02 0.0 -0.08 0.04 -0.15
112 150.0 534.0 126.0 39.0 -0.06 -0.01 0.01 -0.1 0.01 -0.18
113 170.0 538.0 121.0 36.0 -0.06 -0.01 0.01 -0.19 0.1 -0.14
114 188.0 539.0 125.0 40.0 -0.06 0.0 0.02 -0.14 0.09 -0.03
115 186.0 527.0 130.0 41.0 -0.05 0.0 0.02 -0.11 0.07 -0.04
116 166.0 485.0 124.0 38.0 -0.05 -0.01 0.02 -0.06 0.06 -0.02
117 171.0 534.0 132.0 41.0 -0.03 -0.01 0.02 -0.07 0.07 0.0
118 173.0 482.0 129.0 39.0 -0.01 -0.02 0.01 -0.04 0.09 0.0
119 163.0 529.0 132.0 38.0 -0.01 0.02 0.0 -0.02 0.08 -0.03
120 166.0 510.0 134.0 37.0 -0.0 0.04 -0.01 0.01 0.11 0.0
121 163.0 514.0 130.0 45.0 -0.01 0.05 -0.02 -0.05 0.12 -0.01
122 162.0 481.0 122.0 43.0 -0.0 0.02 -0.02 -0.08 0.08 -0.11
123 179.0 464.0 125.0 41.0 -0.01 0.02 -0.01 -0.1 0.1 -0.13
124 167.0 440.0 129.0 49.0 -0.02 0.03 -0.0 -0.12 0.09 -0.23
125 170.0 430.0 125.0 47.0 -0.03 0.05 0.01 -0.16 0.0 -0.24
126 159.0 393.0 119.0 43.0 -0.05 0.11 0.05 -0.07 -0.01 -0.29
127 150.0 409.0 115.0 42.0 -0.06 0.1 0.07 -0.17 -0.11 -0.33
128 154.0 369.0 112.0 39.0 -0.06 0.1 0.07 -0.18 -0.17 -0.25
129 145.0 387.0 111.0 36.0 -0.06 0.12 0.08 -0.27 -0.21 -0.31
130 141.0 339.0 106.0 42.0 -0.08 0.25 0.09 -0.27 -0.16 -0.44
131 135.0 307.0 103.0 41.0 -0.09 0.33 0.1 -0.2 -0.15 -0.63
132 129.0 296.0 104.0 41.0 -0.12 0.56 0.14 -0.08 -0.19 -0.73
133 122.0 283.0 102.0 39.0 -0.22 0.69 0.17 -0.45 -0.3 -0.66
134 131.0 316.0 99.0 36.0 -0.27 0.68 0.17 -0.34 -0.34 -0.66
135 127.0 311.0 104.0 37.0 -0.34 0.72 0.15 -0.24 -0.21 -0.85
136 119.0 304.0 101.0 35.0 -0.37 0.92 0.15 -0.35 -0.21 -1.42
137 113.0 307.0 100.0 34.0 -0.42 1.04 0.15 -0.48 -0.19 -1.53
138 114.0 278.0 100.0 38.0 -0.56 1.2 0.19 -0.44 -0.37 -1.41
139 107.0 254.0 99.0 39.0 -0.64 1.13 0.18 -0.42 -0.43 -1.32
140 110.0 229.0 95.0 37.0 -0.68 1.06 0.18 -0.33 -0.46 -1.28
141 108.0 213.0 95.0 36.0 -0.76 1.05 0.18 -0.3 -0.37 -1.24
142 117.0 209.0 95.0 36.0 -0.92 1.14 0.21 -0.33 -0.24 -1.18
143 110.0 218.0 94.0 34.0 -1.01 1.2 0.21 -0.21 -0.13 -1.01
144 108.0 203.0 94.0 34.0 -1.17 1.41 0.21 0.04 -0.05 -1.08
145 108.0 256.0 95.0 33.0 -1.3 1.64 0.18 0.24 0.11 -1.15
146 125.0 266.0 94.0 33.0 -1.35 1.67 0.15 0.48 0.06 -0.96
147 142.0 265.0 102.0 33.0 -1.36 1.58 0.04 0.52 0.04 -0.9
148 146.0 256.0 107.0 32.0 -1.36 1.37 -0.07 0.14 0.07 -0.99
149 139.0 237.0 103.0 31.0 -1.34 1.27 -0.11 -0.19 0.15 -0.18
150 139.0 230.0 108.0 31.0 -1.38 1.08 -0.16 -0.11 0.23 0.02
151 133.0 267.0 106.0 31.0 -1.43 1.14 -0.21 0.08 0.35 0.51
152 130.0 283.0 104.0 31.0 -1.39 1.29 -0.23 -0.73 0.12 0.53
153 134.0 257.0 107.0 32.0 -1.39 1.52 -0.25 -0.67 0.07 0.38
154 135.0 251.0 112.0 38.0 -1.37 1.57 -0.31 -1.37 0.01 0.27
155 131.0 225.0 109.0 39.0 -1.46 1.5 -0.22 -0.63 0.06 0.81
156 124.0 211.0 111.0 38.0 -1.56 1.51 -0.25 -0.62 -0.01 1.02
157 120.0 203.0 110.0 38.0 -1.7 1.68 -0.3 -0.46 0.02 1.25
158 117.0 193.0 106.0 37.0 -1.75 1.76 -0.29 -0.3 -0.01 0.74
159 121.0 188.0 107.0 40.0 -1.81 1.74 -0.3 -0.1 0.05 0.37
160 121.0 195.0 110.0 40.0 -1.86 1.49 -0.33 0.1 0.19 -0.21
161 141.0 187.0 110.0 41.0 -1.88 1.3 -0.36 0.6 0.48 -1.4
162 139.0 186.0 111.0 42.0 -1.67 0.81 -0.5 -0.83 -1.15 -1.52
163 140.0 189.0 111.0 42.0 -0.53 -1.19 -0.85 -12.15 -1.38 10.85
164 126.0 183.0 110.0 40.0 -0.22 -3.5 -0.21 4.03 0.37 -2.26
165 132.0 187.0 117.0 40.0 0.44 -1.57 0.22 5.43 1.06 -0.84
166 132.0 195.0 123.0 40.0 0.71 0.09 -0.23 0.37 0.6 0.75
167 132.0 191.0 122.0 41.0 0.45 0.03 -0.19 0.9 0.08 0.38
168 132.0 191.0 122.0 41.0 0.12 -0.33 -0.23 0.79 -0.08 0.1
169 125.0 191.0 121.0 40.0 -0.02 -0.11 -0.18 0.19 -0.47 0.14
170 118.0 183.0 122.0 40.0 0.04 -0.09 -0.12 0.1 -0.71 -0.39
171 124.0 181.0 125.0 41.0 0.2 -0.1 -0.01 0.07 -0.53 -0.35
172 126.0 185.0 124.0 40.0 0.23 0.01 -0.02 0.13 -0.1 0.16
173 122.0 182.0 124.0 39.0 0.21 0.07 -0.01 0.15 0.06 0.1
174 139.0 190.0 130.0 38.0 0.1 0.1 0.01 0.17 0.1 0.04
175 146.0 202.0 132.0 41.0 0.11 0.04 0.05 0.1 0.2 0.04
176 144.0 198.0 134.0 40.0 0.11 0.04 0.04 0.09 0.23 0.03
177 151.0 203.0 137.0 41.0 0.06 0.04 0.04 -0.03 0.31 0.05
178 148.0 206.0 137.0 41.0 0.02 0.06 0.02 -0.18 0.32 0.08
179 147.0 197.0 134.0 40.0 0.0 0.07 0.01 -0.3 0.26 -0.01
180 148.0 193.0 133.0 41.0 0.0 0.05 -0.02 -0.3 0.27 -0.08
181 137.0 191.0 126.0 40.0 0.04 -0.01 -0.04 -0.32 0.18 -0.08
182 122.0 178.0 125.0 38.0 0.05 -0.03 -0.04 -0.08 0.1 -0.04
183 121.0 174.0 122.0 38.0 0.06 -0.06 -0.05 -0.05 0.09 0.0
184 111.0 172.0 118.0 37.0 0.06 -0.06 -0.05 -0.03 0.01 -0.05
185 103.0 163.0 114.0 37.0 0.07 -0.06 -0.05 0.0 0.02 -0.06
186 114.0 169.0 123.0 36.0 0.08 -0.05 -0.05 0.04 0.04 0.0
187 115.0 173.0 125.0 37.0 0.06 -0.05 -0.04 0.1 0.03 -0.04
188 107.0 166.0 123.0 37.0 0.06 -0.04 -0.03 0.11 0.01 0.0
189 115.0 173.0 128.0 37.0 0.04 -0.02 -0.02 0.07 0.1 0.06
190 114.0 177.0 130.0 37.0 0.0 -0.0 -0.02 0.06 0.08 0.01
191 110.0 170.0 124.0 37.0 -0.0 0.0 -0.01 -0.05 0.03 -0.02
192 119.0 169.0 125.0 37.0 -0.0 0.0 -0.01 -0.05 0.05 -0.02
193 113.0 167.0 123.0 36.0 -0.0 0.0 -0.0 -0.01 0.06 -0.04
194 105.0 161.0 120.0 35.0 -0.0 -0.01 0.0 -0.04 0.06 -0.03
195 109.0 164.0 117.0 36.0 -0.0 -0.0 -0.0 -0.01 0.04 0.0
196 113.0 167.0 119.0 37.0 -0.0 0.0 -0.0 0.0 0.06 0.0
197 108.0 162.0 117.0 36.0 -0.0 0.01 -0.0 -0.02 0.05 -0.02
198 113.0 163.0 118.0 36.0 -0.01 0.02 -0.01 -0.03 0.07 -0.02
199 107.0 162.0 115.0 36.0 -0.01 0.01 -0.01 -0.06 0.05 -0.04
200 96.0 157.0 114.0 36.0 -0.0 0.01 -0.0 -0.05 0.03 -0.03
201 110.0 162.0 117.0 38.0 0.0 0.01 -0.0 -0.07 0.05 -0.05
202 112.0 170.0 120.0 38.0 0.0 0.0 0.0 0.0 0.0 -0.03
203 116.0 172.0 121.0 38.0 0.01 0.0 0.0 -0.01 0.03 -0.03
204 135.0 180.0 125.0 41.0 0.01 0.01 0.0 -0.01 0.04 -0.04
205 127.0 181.0 128.0 40.0 0.01 0.01 -0.0 -0.05 0.07 -0.02
206 122.0 177.0 126.0 40.0 0.01 0.01 -0.0 -0.06 0.09 -0.01
207 128.0 181.0 125.0 41.0 0.01 0.01 -0.0 -0.05 0.08 -0.02
208 119.0 176.0 123.0 39.0 0.0 0.0 -0.0 -0.01 0.07 -0.02
209 119.0 178.0 121.0 39.0 0.0 0.0 -0.0 0.02 0.08 -0.02
210 132.0 186.0 124.0 40.0 -0.0 0.01 0.01 0.02 0.05 -0.01
211 129.0 188.0 124.0 41.0 0.0 0.04 0.01 -0.04 0.03 -0.04
212 129.0 184.0 122.0 40.0 0.01 0.04 0.01 -0.03 0.01 -0.01
213 138.0 190.0 129.0 42.0 0.01 0.04 0.0 -0.1 0.04 -0.02
214 132.0 189.0 127.0 41.0 0.01 0.02 -0.0 -0.1 0.08 -0.02
215 127.0 184.0 122.0 41.0 0.02 0.02 -0.01 -0.07 0.12 -0.03
216 126.0 185.0 125.0 41.0 0.01 0.01 -0.01 -0.04 0.12 -0.01
217 123.0 185.0 123.0 40.0 0.0 0.0 -0.01 0.0 0.1 0.0
218 126.0 187.0 124.0 41.0 0.0 0.0 -0.01 0.0 0.04 -0.01
219 153.0 197.0 135.0 41.0 -0.0 0.0 -0.01 0.0 0.03 0.0
220 147.0 199.0 136.0 43.0 -0.0 0.01 -0.0 0.0 0.0 -0.04
221 137.0 191.0 130.0 41.0 -0.0 0.01 0.0 -0.04 0.01 -0.03
222 135.0 190.0 130.0 42.0 -0.01 0.01 0.01 -0.04 0.0 -0.02
223 126.0 188.0 126.0 41.0 -0.0 0.02 0.01 -0.05 0.09 -0.01
224 120.0 182.0 123.0 40.0 -0.01 0.02 0.01 -0.08 0.1 -0.03
225 120.0 181.0 127.0 41.0 -0.01 0.02 -0.0 -0.07 0.1 -0.04
226 120.0 178.0 120.0 40.0 -0.01 0.01 -0.01 -0.06 0.09 -0.03
227 116.0 173.0 118.0 39.0 -0.0 0.0 -0.01 0.0 0.04 -0.01
228 120.0 175.0 119.0 38.0 -0.01 0.0 -0.01 -0.01 0.0 -0.01
229 113.0 171.0 117.0 38.0 -0.0 0.01 -0.01 -0.02 0.02 -0.05
230 112.0 167.0 115.0 39.0 -0.0 0.01 -0.01 -0.05 0.03 -0.03
231 118.0 169.0 118.0 38.0 -0.0 0.01 -0.0 -0.06 0.04 -0.01
232 118.0 173.0 116.0 38.0 -0.01 0.0 0.0 -0.05 0.14 0.0
233 118.0 166.0 111.0 37.0 -0.01 -0.0 0.0 -0.02 0.12 -0.01
234 115.0 163.0 111.0 38.0 -0.02 -0.0 -0.0 -0.01 0.08 -0.02
235 109.0 162.0 108.0 36.0 -0.02 0.0 -0.0 -0.06 0.04 -0.01
236 103.0 154.0 102.0 36.0 -0.03 -0.0 -0.0 -0.04 0.0 -0.04
237 107.0 155.0 103.0 36.0 -0.02 0.01 -0.0 -0.03 0.0 -0.04
238 105.0 158.0 104.0 35.0 -0.02 0.01 0.0 -0.04 0.01 -0.01
239 107.0 157.0 102.0 36.0 -0.02 0.01 -0.0 -0.08 0.05 -0.02
240 112.0 160.0 109.0 36.0 -0.02 0.01 -0.0 -0.07 0.07 -0.04
241 115.0 163.0 108.0 36.0 -0.01 0.0 -0.01 -0.06 0.09 0.0
242 110.0 160.0 113.0 36.0 -0.01 0.0 -0.01 -0.06 0.08 -0.02
243 122.0 167.0 119.0 37.0 -0.01 0.0 -0.01 -0.02 0.07 0.01
244 118.0 170.0 115.0 36.0 -0.01 0.01 -0.02 -0.04 0.03 -0.03
245 114.0 166.0 112.0 36.0 -0.01 0.01 -0.02 -0.07 0.03 -0.02
246 116.0 166.0 112.0 37.0 -0.0 0.01 -0.01 -0.06 0.01 -0.01
247 111.0 167.0 111.0 37.0 0.0 0.0 -0.01 -0.04 0.05 -0.02
248 116.0 164.0 109.0 37.0 -0.0 0.01 -0.01 -0.01 0.04 -0.01
249 139.0 175.0 118.0 39.0 0.0 0.01 -0.01 0.0 0.05 -0.05
250 133.0 181.0 119.0 39.0 -0.0 0.02 -0.01 -0.04 0.06 -0.01
251 129.0 174.0 114.0 38.0 -0.0 0.01 -0.01 -0.06 0.05 0.0
252 129.0 174.0 114.0 39.0 -0.0 0.0 -0.01 -0.03 0.04 -0.02
253 118.0 172.0 113.0 38.0 -0.0 -0.0 -0.0 -0.02 0.0 -0.03
254 107.0 162.0 106.0 37.0 -0.0 -0.01 -0.0 -0.03 0.06 0.0
255 115.0 187.0 107.0 39.0 -0.01 -0.0 0.0 -0.1 0.09 0.01
256 113.0 212.0 106.0 43.0 -0.01 -0.02 0.0 -0.04 0.14 0.03
257 153.0 351.0 104.0 74.0 -0.01 -0.03 0.0 0.0 0.18 0.06
258 183.0 398.0 109.0 75.0 0.03 -0.09 -0.0 0.29 0.07 0.1
259 191.0 416.0 110.0 67.0 0.31 -0.32 0.01 -0.67 -0.12 -0.51
260 169.0 384.0 106.0 88.0 0.33 -0.76 0.08 -1.22 -0.35 -0.59
261 182.0 361.0 110.0 90.0 0.07 -1.97 0.37 -0.84 0.07 -0.06
262 191.0 406.0 109.0 84.0 0.18 -2.12 0.41 -0.12 0.08 0.85
263 233.0 461.0 103.0 75.0 0.27 -1.99 0.37 -0.01 0.22 0.98
264 220.0 515.0 104.0 73.0 0.46 -1.63 0.27 -0.48 -0.27 1.07
265 201.0 497.0 109.0 74.0 0.86 -1.4 0.14 -0.26 -0.38 0.87
266 188.0 465.0 104.0 62.0 0.92 -1.44 0.12 0.31 -0.26 1.28
267 188.0 434.0 106.0 57.0 1.12 -1.36 0.12 1.53 -0.35 3.09
268 182.0 468.0 105.0 57.0 1.1 -0.87 0.02 0.67 0.79 3.43
269 167.0 462.0 104.0 51.0 1.13 -0.63 -0.02 0.74 0.98 3.22
270 176.0 495.0 113.0 47.0 1.25 -0.36 -0.15 0.05 0.88 2.44
271 156.0 520.0 112.0 44.0 1.38 -0.51 -0.21 0.32 0.87 1.92
272 159.0 491.0 115.0 48.0 1.47 -0.68 -0.23 0.39 0.97 1.66
273 179.0 543.0 123.0 58.0 1.58 -0.98 -0.22 0.45 0.64 1.31
274 178.0 497.0 120.0 59.0 1.64 -1.2 -0.2 0.59 0.35 1.3
275 167.0 516.0 121.0 55.0 1.73 -1.26 -0.21 0.68 0.34 1.26
276 175.0 541.0 124.0 59.0 1.75 -1.25 -0.2 0.47 0.4 0.85
277 177.0 518.0 122.0 59.0 1.72 -1.13 -0.18 0.72 0.4 0.26
278 172.0 525.0 118.0 56.0 1.73 -1.06 -0.19 0.34 0.23 -0.26
279 159.0 539.0 118.0 57.0 1.64 -1.05 -0.19 0.26 -0.02 -0.17
280 158.0 567.0 113.0 57.0 1.54 -0.99 -0.2 0.15 -0.21 -0.13
281 160.0 579.0 114.0 68.0 1.52 -0.96 -0.21 -0.03 -0.3 -0.3
282 169.0 638.0 124.0 70.0 1.53 -0.87 -0.25 -0.25 -0.49 -0.75
283 206.0 647.0 124.0 71.0 1.44 -0.84 -0.25 -0.29 -0.5 -1.11
284 201.0 729.0 118.0 80.0 1.38 -0.87 -0.25 -0.43 -0.6 -0.8
285 171.0 756.0 115.0 77.0 1.33 -0.88 -0.27 -0.42 -0.74 -0.26
286 171.0 758.0 110.0 71.0 1.29 -0.82 -0.29 -0.76 -0.72 -0.47
287 169.0 706.0 107.0 68.0 1.25 -0.75 -0.29 -0.99 -0.83 -0.89
288 178.0 751.0 115.0 76.0 1.17 -0.62 -0.27 -0.88 -0.8 -0.84
289 184.0 717.0 122.0 76.0 1.09 -0.58 -0.25 -0.69 -0.89 -0.64
290 182.0 806.0 117.0 73.0 1.08 -0.57 -0.26 -0.77 -0.82 -0.64
291 176.0 806.0 114.0 69.0 1.06 -0.53 -0.22 -1.03 -0.88 -0.74
292 171.0 841.0 114.0 71.0 1.02 -0.54 -0.19 -0.86 -0.76 -0.92
293 178.0 806.0 112.0 77.0 0.99 -0.53 -0.16 -0.79 -0.78 -0.72
294 204.0 910.0 124.0 91.0 0.94 -0.48 -0.15 -0.84 -0.73 -0.69
295 205.0 856.0 121.0 91.0 0.88 -0.43 -0.12 -0.98 -0.72 -0.79
296 265.0 852.0 128.0 90.0 0.84 -0.4 -0.11 -1.1 -0.74 -0.88
297 302.0 827.0 129.0 89.0 0.72 -0.36 -0.08 -0.83 -0.58 -1.1
298 285.0 820.0 130.0 92.0 0.62 -0.3 -0.05 -0.82 -0.5 -1.05
299 240.0 836.0 130.0 79.0 0.58 -0.26 -0.03 -0.74 -0.4 -0.96
300 257.0 837.0 138.0 73.0 0.45 -0.16 -0.01 -0.85 -0.31 -1.17
301 277.0 862.0 146.0 74.0 0.31 -0.08 0.0 -0.54 -0.29 -1.63
302 263.0 844.0 166.0 69.0 0.24 -0.06 0.01 -0.5 -0.26 -1.62
303 263.0 933.0 155.0 63.0 0.1 -0.0 0.04 -0.34 -0.31 -1.26
304 244.0 894.0 154.0 59.0 -0.02 0.06 0.04 -0.4 -0.26 -1.01
305 218.0 929.0 153.0 69.0 -0.09 0.09 0.04 -0.38 -0.28 -0.95
306 226.0 838.0 153.0 69.0 -0.19 0.14 0.03 -0.3 -0.25 -0.85
307 245.0 891.0 154.0 69.0 -0.25 0.14 0.02 -0.04 -0.19 -1.11
308 227.0 845.0 167.0 71.0 -0.27 0.14 0.01 0.14 -0.16 -0.79
309 223.0 943.0 158.0 71.0 -0.33 0.15 -0.01 0.02 -0.12 -0.12
310 231.0 888.0 158.0 62.0 -0.39 0.2 -0.04 -0.46 -0.05 -0.17
311 276.0 868.0 155.0 59.0 -0.39 0.22 -0.06 -0.44 0.01 -0.26
312 252.0 839.0 153.0 59.0 -0.4 0.23 -0.05 -0.34 0.07 -0.29
313 286.0 769.0 147.0 53.0 -0.38 0.21 -0.02 -0.23 0.07 0.0
314 270.0 801.0 154.0 52.0 -0.36 0.17 -0.01 -0.22 0.09 0.05
315 270.0 800.0 164.0 51.0 -0.33 0.14 0.02 -0.41 0.15 0.28
316 256.0 744.0 156.0 48.0 -0.3 0.14 0.05 -0.13 0.19 0.31
317 235.0 787.0 153.0 48.0 -0.28 0.14 0.05 -0.02 0.17 0.28
318 229.0 720.0 179.0 51.0 -0.24 0.1 0.04 0.1 0.24 0.1
319 220.0 730.0 170.0 58.0 -0.22 0.09 0.05 0.08 0.2 0.32
320 235.0 830.0 159.0 59.0 -0.2 0.1 0.05 0.0 0.23 0.26
321 218.0 820.0 153.0 56.0 -0.19 0.15 0.06 -0.08 0.22 0.25
322 195.0 822.0 170.0 51.0 -0.15 0.09 0.05 0.07 0.27 0.07
323 181.0 803.0 179.0 53.0 -0.14 0.05 0.05 0.09 0.17 0.09
324 173.0 851.0 166.0 55.0 -0.11 0.02 0.05 0.07 0.19 0.24
325 166.0 837.0 155.0 53.0 -0.1 0.05 0.04 -0.1 0.21 0.29
326 173.0 846.0 148.0 49.0 -0.1 0.04 0.04 -0.06 0.19 0.04
327 193.0 810.0 164.0 53.0 -0.09 0.01 0.04 -0.01 0.19 -0.17
328 267.0 842.0 162.0 55.0 -0.09 0.04 0.04 -0.08 0.11 -0.15
329 282.0 795.0 164.0 55.0 -0.09 0.04 0.04 -0.09 0.06 -0.09
330 263.0 785.0 170.0 54.0 -0.07 0.01 0.04 0.06 0.01 0.06
331 248.0 733.0 166.0 52.0 -0.06 -0.01 0.04 -0.05 0.09 0.01
332 256.0 697.0 153.0 50.0 -0.06 -0.01 0.04 -0.08 0.06 -0.11
333 228.0 704.0 149.0 48.0 -0.06 0.01 0.05 -0.08 0.04 -0.12
334 215.0 750.0 155.0 44.0 -0.07 0.02 0.03 -0.06 0.08 -0.2
335 204.0 728.0 154.0 42.0 -0.07 0.02 0.03 -0.05 0.07 -0.26
336 187.0 730.0 147.0 41.0 -0.08 0.01 0.03 -0.18 0.06 -0.09
337 196.0 700.0 154.0 41.0 -0.09 -0.02 0.03 -0.19 0.07 0.0
338 227.0 782.0 141.0 49.0 -0.08 -0.02 0.03 -0.19 0.08 -0.1
339 238.0 798.0 155.0 52.0 -0.08 0.01 0.03 -0.08 0.08 -0.05
340 205.0 719.0 146.0 47.0 -0.07 0.01 0.03 -0.09 0.04 -0.11
341 179.0 708.0 158.0 45.0 -0.06 -0.0 0.03 -0.02 0.07 -0.03
342 174.0 667.0 151.0 43.0 -0.05 0.01 0.03 -0.08 0.15 0.02
343 188.0 654.0 148.0 46.0 -0.06 0.05 0.01 -0.09 0.2 0.0
344 194.0 646.0 143.0 43.0 -0.07 0.06 0.01 -0.04 0.21 0.0
345 177.0 637.0 147.0 41.0 -0.07 0.05 0.01 -0.1 0.14 0.0
346 172.0 573.0 135.0 39.0 -0.05 0.01 0.01 -0.09 0.12 0.07
347 160.0 688.0 128.0 39.0 -0.04 -0.0 0.01 -0.07 0.11 0.16
348 153.0 667.0 149.0 37.0 -0.03 0.0 0.02 -0.05 0.12 0.12
349 157.0 730.0 156.0 42.0 -0.01 0.0 0.01 -0.04 0.08 0.02
350 188.0 649.0 151.0 42.0 -0.0 0.0 0.0 -0.02 0.12 0.1
351 225.0 686.0 153.0 44.0 0.01 0.0 -0.01 -0.1 0.07 0.11
352 214.0 751.0 141.0 48.0 0.0 0.02 -0.0 -0.15 0.14 -0.03
353 201.0 724.0 148.0 51.0 0.0 0.03 0.0 -0.13 0.1 -0.11
354 210.0 695.0 158.0 53.0 -0.01 0.01 0.02 -0.08 0.04 -0.28
355 190.0 732.0 149.0 51.0 -0.01 -0.04 0.02 -0.1 0.0 -0.27
356 178.0 682.0 146.0 46.0 -0.01 -0.05 0.02 -0.11 0.02 -0.05
357 176.0 633.0 146.0 43.0 -0.02 -0.02 0.03 -0.1 0.05 -0.11
358 175.0 670.0 140.0 42.0 -0.04 0.01 0.02 -0.08 0.04 -0.09
359 165.0 671.0 134.0 41.0 -0.05 0.01 0.02 -0.07 0.09 -0.14
360 156.0 636.0 138.0 41.0 -0.04 -0.01 -0.0 -0.1 0.08 -0.22
361 150.0 622.0 136.0 40.0 -0.05 -0.02 -0.01 -0.1 0.03 -0.08
362 150.0 617.0 129.0 38.0 -0.04 0.0 -0.01 -0.08 0.05 -0.09
363 167.0 611.0 140.0 36.0 -0.04 0.03 -0.01 -0.15 0.02 -0.01
364 158.0 543.0 129.0 36.0 -0.04 0.02 -0.01 -0.21 0.02 0.01
365 146.0 533.0 129.0 36.0 -0.03 0.01 -0.01 -0.16 0.03 -0.03
366 185.0 569.0 138.0 34.0 -0.02 0.02 0.0 -0.2 0.05 -0.08
367 177.0 582.0 143.0 35.0 -0.03 0.02 0.01 -0.05 0.08 -0.1
368 171.0 550.0 143.0 35.0 -0.03 0.03 0.01 -0.03 0.11 -0.11
369 159.0 508.0 139.0 35.0 -0.05 0.06 0.02 -0.09 0.11 -0.29
370 173.0 467.0 131.0 37.0 -0.06 0.02 0.03 -0.09 0.04 -0.13
371 165.0 529.0 129.0 36.0 -0.06 0.01 0.03 -0.09 0.06 -0.07
372 148.0 526.0 127.0 34.0 -0.07 0.02 0.03 -0.08 0.01 -0.1
373 155.0 462.0 130.0 36.0 -0.08 0.02 0.03 -0.09 0.05 -0.14
374 139.0 438.0 131.0 35.0 -0.08 0.01 0.03 -0.09 0.05 -0.17
375 145.0 411.0 127.0 35.0 -0.07 -0.01 0.03 -0.05 0.03 -0.06
376 143.0 441.0 119.0 41.0 -0.08 0.04 0.05 -0.17 -0.05 -0.04
377 140.0 437.0 113.0 39.0 -0.09 0.06 0.06 -0.14 -0.11 -0.05
378 127.0 399.0 112.0 37.0 -0.1 0.12 0.07 -0.14 -0.1 -0.14
379 121.0 370.0 115.0 35.0 -0.12 0.14 0.08 -0.16 -0.1 -0.3
380 114.0 389.0 112.0 34.0 -0.13 0.14 0.08 -0.17 -0.09 -0.39
381 110.0 341.0 110.0 34.0 -0.17 0.2 0.1 -0.1 -0.13 -0.28
382 106.0 319.0 101.0 33.0 -0.24 0.31 0.1 -0.26 -0.21 -0.42
383 115.0 287.0 99.0 32.0 -0.28 0.35 0.11 -0.23 -0.14 -0.48
384 108.0 284.0 94.0 32.0 -0.4 0.5 0.16 -0.27 -0.3 -0.46
385 106.0 286.0 93.0 31.0 -0.51 0.68 0.21 -0.33 -0.27 -0.62
386 112.0 267.0 92.0 30.0 -0.55 0.79 0.24 -0.53 -0.47 -0.97
387 112.0 262.0 89.0 29.0 -0.54 0.93 0.25 -0.64 -0.45 -1.56
388 106.0 252.0 85.0 29.0 -0.71 0.91 0.27 -0.53 -0.59 -1.65
389 102.0 235.0 82.0 28.0 -0.78 0.92 0.28 -0.4 -0.63 -1.61
390 131.0 228.0 85.0 29.0 -0.88 1.01 0.3 -0.32 -0.45 -1.38
391 138.0 230.0 84.0 29.0 -1.02 1.19 0.33 -0.67 -0.36 -1.19
392 131.0 216.0 80.0 29.0 -1.09 1.28 0.35 -0.63 -0.32 -1.24
393 118.0 225.0 79.0 29.0 -1.21 1.45 0.36 -0.07 -0.29 -1.46
394 112.0 230.0 77.0 29.0 -1.33 1.58 0.32 -0.11 -0.09 -1.7
395 107.0 235.0 76.0 28.0 -1.41 1.62 0.31 -0.22 -0.15 -1.88
396 113.0 247.0 78.0 28.0 -1.46 1.73 0.25 -0.45 0.01 -2.34
397 112.0 241.0 80.0 32.0 -1.58 1.69 0.22 -1.05 -0.58 -1.61
398 116.0 254.0 77.0 34.0 -1.63 1.64 0.18 -0.72 -0.51 -1.64
399 137.0 258.0 78.0 32.0 -1.65 1.46 0.08 -0.47 -0.67 -1.39
400 129.0 265.0 81.0 30.0 -1.67 1.24 0.02 0.12 -0.33 -0.76
401 118.0 249.0 84.0 31.0 -1.71 1.21 0.0 0.13 -0.34 -0.44
402 122.0 238.0 89.0 30.0 -1.73 1.28 -0.03 0.25 0.04 0.45
403 117.0 229.0 92.0 34.0 -1.72 1.37 -0.12 0.17 0.19 1.18
404 102.0 211.0 93.0 39.0 -1.74 1.34 -0.19 -0.02 -0.12 1.85
405 120.0 206.0 94.0 36.0 -1.76 1.25 -0.31 0.1 0.04 1.97
406 113.0 206.0 95.0 36.0 -1.73 1.3 -0.41 -0.59 -0.12 1.55
407 105.0 195.0 94.0 34.0 -1.75 1.32 -0.32 0.04 -0.03 1.45
408 108.0 194.0 95.0 35.0 -1.5 1.33 -0.41 -0.12 0.22 1.28
409 136.0 196.0 96.0 35.0 -1.43 1.4 -0.42 -0.16 -0.14 0.65
410 119.0 189.0 96.0 34.0 -1.34 1.36 -0.41 -0.06 0.0 0.4
411 125.0 187.0 100.0 34.0 -1.23 1.19 -0.39 0.28 -0.02 -0.63
412 116.0 188.0 101.0 34.0 -1.15 0.85 -0.42 0.41 0.1 -1.14
413 109.0 183.0 99.0 33.0 -1.15 0.65 -0.44 0.09 -0.33 -1.52
414 117.0 183.0 103.0 35.0 -0.72 0.11 -0.68 -13.79 -3.74 22.58
415 113.0 185.0 103.0 35.0 0.16 -1.43 -0.22 3.28 1.22 -2.35
416 112.0 182.0 103.0 35.0 0.08 -1.64 -0.03 2.17 0.04 -2.53
417 157.0 188.0 116.0 39.0 0.55 0.02 -0.06 0.93 0.13 0.15
418 146.0 191.0 115.0 40.0 0.49 0.46 -0.16 0.33 0.1 0.63
419 136.0 187.0 112.0 38.0 0.32 0.32 -0.21 0.71 0.21 0.39
420 124.0 181.0 109.0 38.0 0.09 0.21 -0.19 -0.15 -0.17 -0.09
421 124.0 173.0 106.0 38.0 0.11 0.14 -0.08 -0.31 -0.35 -0.19
422 115.0 167.0 112.0 38.0 0.17 0.06 -0.03 -0.32 -0.24 -0.32
423 108.0 165.0 112.0 38.0 0.27 -0.02 -0.03 -0.26 0.15 0.05
424 101.0 162.0 107.0 38.0 0.2 -0.02 -0.04 -0.09 0.28 0.18
425 102.0 163.0 107.0 38.0 0.11 -0.06 -0.03 0.08 0.28 0.07
426 111.0 172.0 110.0 37.0 0.06 -0.15 0.0 0.34 0.24 0.14
427 112.0 181.0 110.0 38.0 0.03 -0.14 0.01 0.42 0.2 0.07
428 114.0 182.0 110.0 39.0 0.02 -0.09 0.01 0.39 0.2 0.05
429 125.0 191.0 115.0 40.0 -0.01 0.05 0.0 0.0 0.08 -0.05
430 125.0 188.0 115.0 40.0 0.0 0.12 -0.01 -0.26 0.07 -0.12
431 116.0 182.0 113.0 39.0 0.03 0.12 -0.01 -0.31 0.08 -0.14
432 122.0 179.0 111.0 39.0 0.06 0.06 -0.02 -0.29 0.13 -0.04
433 112.0 175.0 105.0 38.0 0.06 -0.03 -0.02 -0.14 0.1 -0.01
434 95.0 168.0 102.0 38.0 0.07 -0.05 -0.02 0.0 0.16 -0.01
435 105.0 163.0 102.0 37.0 0.06 -0.05 -0.04 0.03 0.14 -0.02
436 97.0 157.0 102.0 37.0 0.07 -0.01 -0.04 0.01 0.13 -0.03
437 96.0 156.0 100.0 36.0 0.07 0.01 -0.05 0.0 0.1 -0.01
438 113.0 158.0 102.0 36.0 0.08 0.01 -0.05 0.01 0.18 0.0
439 110.0 160.0 104.0 37.0 0.05 0.01 -0.05 -0.01 0.12 0.0
440 109.0 161.0 107.0 37.0 0.04 0.02 -0.05 0.03 0.13 -0.01
441 110.0 162.0 109.0 36.0 0.04 0.03 -0.05 0.02 0.07 0.0
442 109.0 163.0 107.0 37.0 0.02 0.05 -0.05 -0.02 0.08 0.01
443 105.0 160.0 104.0 36.0 0.01 0.06 -0.04 -0.05 0.1 -0.05
444 105.0 159.0 104.0 36.0 0.01 0.05 -0.04 0.01 0.07 -0.03
445 112.0 160.0 104.0 36.0 0.02 0.07 -0.03 0.12 0.18 0.0
446 142.0 165.0 109.0 37.0 0.03 0.08 -0.03 0.14 0.18 0.01
447 134.0 164.0 107.0 38.0 0.02 0.11 -0.03 -0.01 0.17 0.03
448 125.0 161.0 102.0 37.0 0.02 0.13 -0.04 -0.18 0.13 -0.04
449 117.0 158.0 100.0 37.0 0.02 0.12 -0.05 -0.18 0.08 -0.05
450 113.0 155.0 97.0 36.0 0.03 0.09 -0.04 -0.04 0.05 -0.05
