1 110.0 157.0 98.0 34.0 0.01 -0.06 0.0 -0.05 0.0 0.01
2 105.0 152.0 99.0 33.0 0.01 -0.06 -0.0 0.01 0.0 0.03
3 116.0 168.0 105.0 33.0 0.01 -0.04 -0.0 0.0 0.0 0.02
4 112.0 171.0 104.0 35.0 0.02 -0.02 -0.0 0.0 -0.02 0.06
5 107.0 163.0 101.0 34.0 0.02 -0.01 -0.0 0.01 0.0 0.03
6 112.0 166.0 103.0 36.0 0.02 -0.01 -0.01 -0.01 0.0 0.02
7 108.0 174.0 103.0 41.0 0.01 -0.01 -0.0 -0.04 -0.06 0.08
8 108.0 178.0 100.0 43.0 0.0 0.01 0.0 -0.04 -0.07 -0.1
9 117.0 198.0 107.0 48.0 -0.0 0.02 0.02 0.03 -0.07 -0.13
10 118.0 223.0 104.0 49.0 0.01 0.03 0.05 -0.01 -0.07 -0.05
11 121.0 292.0 105.0 56.0 0.02 0.04 0.08 0.04 -0.14 -0.05
12 140.0 298.0 109.0 82.0 0.09 0.04 0.09 0.0 -0.2 0.0
13 156.0 309.0 109.0 127.0 0.31 0.07 0.11 0.1 -0.01 -0.49
14 155.0 316.0 108.0 130.0 0.36 0.09 0.12 0.27 -0.02 -0.54
15 165.0 323.0 112.0 127.0 0.4 0.17 0.15 0.24 0.03 -0.61
16 167.0 338.0 109.0 122.0 0.51 -0.15 0.23 -0.86 0.2 0.1
17 183.0 355.0 112.0 107.0 0.57 -0.59 0.29 -1.15 0.03 2.11
18 169.0 339.0 110.0 91.0 0.65 -1.37 0.4 -1.18 -0.05 2.67
19 159.0 327.0 105.0 84.0 1.02 -1.73 0.34 -1.47 -0.41 2.77
20 182.0 330.0 105.0 75.0 1.12 -1.66 0.35 -1.68 0.78 3.01
21 186.0 359.0 117.0 68.0 1.72 -2.63 0.4 3.34 1.36 3.67
22 175.0 442.0 112.0 63.0 1.43 -3.0 0.44 -0.61 0.58 2.32
23 162.0 508.0 113.0 56.0 1.49 -2.83 0.4 -0.72 0.89 1.6
24 170.0 532.0 119.0 53.0 1.58 -2.55 0.33 -0.64 0.56 1.79
25 162.0 501.0 112.0 53.0 1.59 -2.44 0.31 -0.28 0.61 1.63
26 162.0 556.0 108.0 50.0 1.59 -2.59 0.3 -0.3 0.55 1.32
27 168.0 566.0 106.0 53.0 1.57 -3.06 0.25 -0.18 0.41 0.82
28 160.0 504.0 110.0 49.0 1.6 -3.27 0.16 0.0 0.26 -0.31
29 149.0 517.0 113.0 49.0 1.54 -3.1 0.15 0.37 0.11 -0.73
30 147.0 548.0 120.0 49.0 1.38 -2.51 0.1 0.09 -0.02 -0.41
31 139.0 551.0 116.0 47.0 1.32 -2.09 0.03 -0.28 -0.41 -0.31
32 138.0 541.0 108.0 46.0 1.28 -2.06 -0.01 -0.46 -0.29 -0.5
33 133.0 517.0 109.0 45.0 1.08 -2.12 -0.02 -0.52 -0.43 -0.65
34 124.0 505.0 124.0 43.0 0.95 -2.06 -0.1 -0.25 -0.23 -1.39
35 118.0 527.0 124.0 43.0 0.85 -1.91 -0.13 -0.16 -0.16 -1.27
36 121.0 511.0 122.0 42.0 0.68 -1.63 -0.18 -0.27 -0.4 -0.99
37 132.0 502.0 126.0 50.0 0.64 -1.47 -0.25 -0.47 -0.31 -0.97
38 158.0 512.0 124.0 47.0 0.58 -1.43 -0.27 -0.19 -0.41 -1.25
39 161.0 555.0 120.0 48.0 0.57 -1.28 -0.31 0.0 -0.33 -1.41
40 157.0 499.0 124.0 46.0 0.53 -1.06 -0.29 0.02 -0.42 -1.38
41 157.0 557.0 125.0 49.0 0.51 -0.98 -0.27 -0.35 -0.46 -0.7
42 170.0 557.0 121.0 49.0 0.45 -0.82 -0.24 -0.53 -0.51 -0.46
43 175.0 599.0 116.0 55.0 0.36 -0.66 -0.22 -0.61 -0.49 -0.37
44 167.0 621.0 118.0 59.0 0.34 -0.6 -0.23 -0.48 -0.47 -0.42
45 174.0 627.0 117.0 68.0 0.33 -0.53 -0.25 -0.27 -0.36 -0.44
46 183.0 650.0 123.0 66.0 0.27 -0.49 -0.24 -0.1 -0.37 -0.29
47 194.0 673.0 118.0 62.0 0.28 -0.48 -0.24 0.16 -0.29 -0.12
48 185.0 660.0 127.0 60.0 0.3 -0.38 -0.26 -0.04 -0.24 0.0
49 181.0 785.0 120.0 60.0 0.35 -0.32 -0.27 -0.07 -0.18 0.07
50 178.0 734.0 125.0 56.0 0.35 -0.32 -0.26 -0.34 -0.17 0.26
51 177.0 637.0 125.0 50.0 0.39 -0.35 -0.28 -0.4 -0.17 0.24
52 185.0 629.0 121.0 54.0 0.43 -0.38 -0.28 -0.48 -0.01 0.19
53 185.0 620.0 125.0 52.0 0.43 -0.37 -0.25 -0.5 -0.14 0.24
54 175.0 679.0 126.0 64.0 0.42 -0.35 -0.18 -0.58 -0.12 0.15
55 172.0 693.0 131.0 63.0 0.39 -0.28 -0.12 -0.58 -0.22 0.28
56 178.0 695.0 135.0 61.0 0.38 -0.27 -0.09 -0.52 -0.07 -0.69
57 193.0 614.0 145.0 61.0 0.41 -0.3 -0.05 -0.53 -0.12 -0.87
58 177.0 575.0 144.0 57.0 0.4 -0.37 0.03 -0.48 -0.09 -0.82
59 167.0 559.0 157.0 54.0 0.39 -0.39 0.07 -0.4 0.07 -0.52
60 167.0 544.0 149.0 56.0 0.31 -0.36 0.12 -0.36 0.27 -0.42
61 167.0 549.0 145.0 51.0 0.22 -0.38 0.15 -0.46 0.38 -0.59
62 155.0 554.0 145.0 50.0 0.18 -0.4 0.16 -0.35 0.43 -0.88
63 145.0 567.0 145.0 52.0 0.12 -0.39 0.18 -0.37 0.45 -0.93
64 156.0 599.0 136.0 54.0 0.03 -0.32 0.2 -0.17 0.38 -1.01
65 154.0 588.0 135.0 52.0 0.01 -0.29 0.2 -0.3 0.31 -0.95
66 141.0 564.0 148.0 53.0 -0.05 -0.28 0.2 -0.31 0.21 -0.83
67 135.0 545.0 147.0 75.0 -0.08 -0.3 0.18 -0.28 0.15 -0.55
68 124.0 599.0 138.0 72.0 -0.09 -0.28 0.18 -0.36 0.01 -0.45
69 139.0 602.0 132.0 69.0 -0.1 -0.2 0.17 -0.37 0.0 -0.37
70 176.0 600.0 131.0 66.0 -0.07 -0.18 0.13 -0.23 -0.25 -0.01
71 180.0 672.0 120.0 60.0 -0.05 -0.17 0.1 -0.43 -0.3 0.13
72 183.0 620.0 122.0 62.0 -0.01 -0.09 0.07 -0.49 -0.28 0.13
73 189.0 638.0 136.0 62.0 0.04 -0.05 0.03 -0.45 -0.23 0.17
74 168.0 690.0 131.0 58.0 0.05 -0.02 0.03 -0.55 -0.12 0.04
75 167.0 661.0 139.0 69.0 0.07 0.0 0.02 -0.47 0.0 -0.28
76 156.0 648.0 152.0 67.0 0.09 0.0 -0.0 -0.35 -0.04 -0.33
77 146.0 624.0 137.0 61.0 0.09 0.02 -0.01 -0.25 -0.03 -0.16
78 178.0 597.0 134.0 57.0 0.07 0.07 -0.01 -0.3 -0.07 -0.17
79 187.0 592.0 134.0 53.0 0.03 0.11 0.02 -0.28 -0.1 -0.31
80 187.0 690.0 135.0 60.0 0.01 0.11 0.02 -0.26 -0.08 -0.44
81 166.0 643.0 128.0 55.0 -0.01 0.08 0.04 -0.07 -0.05 -0.51
82 165.0 627.0 126.0 53.0 -0.03 0.05 0.04 -0.06 0.0 -0.26
83 154.0 618.0 126.0 50.0 -0.03 0.05 0.04 0.06 0.0 -0.26
84 178.0 587.0 128.0 48.0 -0.04 0.07 0.04 0.1 0.0 -0.17
85 174.0 583.0 130.0 44.0 -0.07 0.1 0.02 0.07 -0.03 -0.16
86 182.0 623.0 123.0 44.0 -0.08 0.1 0.01 0.02 -0.01 -0.13
87 164.0 570.0 119.0 41.0 -0.09 0.1 0.01 -0.04 0.0 -0.16
88 161.0 514.0 132.0 40.0 -0.09 0.08 0.01 -0.01 0.0 -0.21
89 147.0 499.0 123.0 37.0 -0.08 0.09 0.01 -0.08 0.08 -0.23
90 137.0 508.0 117.0 36.0 -0.1 0.11 0.03 -0.07 0.03 -0.07
91 156.0 532.0 119.0 36.0 -0.1 0.08 0.05 -0.08 0.1 0.12
92 164.0 479.0 120.0 35.0 -0.11 0.07 0.05 -0.16 0.14 -0.09
93 159.0 561.0 125.0 35.0 -0.11 0.07 0.05 -0.03 0.15 -0.19
94 152.0 567.0 121.0 34.0 -0.1 0.05 0.04 -0.06 0.15 -0.17
95 141.0 515.0 121.0 33.0 -0.1 0.04 0.04 0.0 0.12 -0.1
96 138.0 517.0 120.0 35.0 -0.09 0.04 0.03 -0.01 0.18 -0.03
97 138.0 531.0 125.0 36.0 -0.09 0.06 0.02 0.02 0.09 0.01
98 152.0 514.0 131.0 36.0 -0.08 0.07 0.02 0.06 0.16 0.1
99 158.0 525.0 141.0 37.0 -0.05 0.07 0.01 0.04 0.16 0.13
100 169.0 500.0 137.0 39.0 -0.04 0.08 -0.01 0.0 0.16 0.04
101 154.0 555.0 135.0 38.0 -0.04 0.08 -0.01 -0.08 0.11 -0.02
102 141.0 519.0 130.0 40.0 -0.04 0.06 -0.02 -0.04 0.08 -0.02
103 145.0 484.0 132.0 38.0 -0.02 0.05 -0.01 0.0 0.04 -0.03
104 135.0 459.0 132.0 37.0 -0.01 0.04 -0.01 -0.07 0.01 -0.04
105 121.0 419.0 119.0 35.0 -0.01 0.04 -0.01 -0.15 -0.02 -0.06
106 112.0 417.0 116.0 36.0 -0.0 0.05 -0.02 -0.19 -0.02 -0.09
107 113.0 509.0 112.0 35.0 -0.01 0.06 -0.02 -0.21 0.02 0.02
108 124.0 458.0 109.0 35.0 -0.02 0.03 -0.01 -0.18 0.06 -0.01
109 130.0 448.0 109.0 33.0 -0.01 -0.01 -0.01 -0.13 0.09 -0.05
110 130.0 432.0 105.0 37.0 -0.0 -0.0 -0.0 -0.14 0.1 -0.06
111 138.0 458.0 105.0 38.0 -0.0 0.03 0.01 -0.06 0.05 0.0
112 137.0 460.0 105.0 36.0 0.0 0.01 0.01 -0.03 0.04 0.0
113 165.0 462.0 104.0 38.0 0.01 -0.0 -0.0 -0.06 0.05 -0.03
114 162.0 468.0 106.0 36.0 0.02 -0.01 -0.02 -0.06 0.08 -0.1
115 158.0 474.0 115.0 37.0 0.02 0.0 -0.03 -0.14 0.06 -0.1
116 146.0 482.0 118.0 37.0 0.02 0.0 -0.02 -0.15 0.06 -0.08
117 146.0 513.0 114.0 35.0 0.0 0.01 -0.02 -0.21 0.05 -0.1
118 145.0 495.0 113.0 34.0 -0.02 0.01 -0.0 -0.26 0.0 -0.29
119 141.0 555.0 112.0 37.0 -0.03 0.02 0.01 -0.25 0.02 -0.37
120 132.0 515.0 111.0 36.0 -0.05 0.03 0.03 -0.23 -0.02 -0.34
121 125.0 455.0 110.0 34.0 -0.06 0.03 0.04 -0.19 -0.05 -0.28
122 156.0 404.0 111.0 32.0 -0.06 0.03 0.04 -0.11 -0.09 -0.31
123 147.0 390.0 109.0 37.0 -0.08 0.06 0.05 -0.21 -0.13 -0.28
124 142.0 391.0 107.0 34.0 -0.1 0.1 0.05 -0.18 -0.11 -0.27
125 132.0 352.0 105.0 34.0 -0.11 0.15 0.05 -0.3 -0.19 -0.4
126 124.0 311.0 103.0 33.0 -0.14 0.22 0.06 -0.32 -0.2 -0.48
127 121.0 290.0 99.0 31.0 -0.17 0.33 0.09 -0.38 -0.24 -0.57
128 119.0 265.0 97.0 30.0 -0.2 0.42 0.11 -0.61 -0.36 -0.58
129 113.0 249.0 96.0 31.0 -0.27 0.62 0.17 -0.64 -0.41 -0.57
130 108.0 238.0 90.0 31.0 -0.39 0.8 0.24 -0.64 -0.43 -0.57
131 115.0 227.0 89.0 29.0 -0.47 0.9 0.28 -0.56 -0.35 -0.92
132 127.0 235.0 88.0 30.0 -0.63 1.13 0.33 -0.43 -0.35 -1.13
133 116.0 237.0 87.0 30.0 -0.73 1.41 0.33 -0.65 -0.32 -1.57
134 148.0 238.0 86.0 29.0 -0.78 1.53 0.34 -0.72 -0.48 -1.71
135 141.0 234.0 86.0 29.0 -0.9 1.69 0.33 -0.46 -0.45 -1.79
136 149.0 226.0 83.0 28.0 -1.09 1.83 0.32 -0.35 -0.54 -1.79
137 139.0 222.0 81.0 28.0 -1.18 1.89 0.31 -0.3 -0.42 -1.55
138 141.0 223.0 82.0 28.0 -1.37 1.88 0.31 -0.09 -0.31 -1.52
139 133.0 223.0 79.0 28.0 -1.51 1.99 0.27 -0.44 -0.32 -1.89
140 135.0 216.0 79.0 30.0 -1.6 2.02 0.23 -0.81 -0.11 -2.13
141 127.0 213.0 80.0 33.0 -1.79 2.2 0.19 -0.39 -0.17 -2.03
142 118.0 223.0 78.0 32.0 -1.92 2.44 0.1 0.26 0.07 -1.77
143 123.0 209.0 78.0 31.0 -1.95 2.52 0.03 0.55 -0.09 -1.2
144 127.0 209.0 82.0 31.0 -1.93 2.8 -0.1 0.46 -0.03 -1.09
145 120.0 215.0 87.0 31.0 -1.87 3.17 -0.24 0.69 0.03 -0.72
146 136.0 200.0 86.0 38.0 -1.9 3.41 -0.28 0.13 -0.16 0.6
147 126.0 196.0 85.0 37.0 -1.97 3.34 -0.45 -0.56 -0.24 0.92
148 111.0 185.0 83.0 38.0 -2.01 2.14 -0.7 -0.49 -0.45 1.47
149 105.0 183.0 84.0 35.0 -1.94 1.61 -0.81 -0.47 -1.28 0.74
150 105.0 183.0 89.0 34.0 -1.66 0.61 -0.73 0.43 -0.45 0.64
151 99.0 185.0 90.0 33.0 -1.42 0.57 -0.79 -0.16 -0.51 -0.07
152 106.0 182.0 90.0 34.0 -1.42 0.8 -0.69 0.45 -0.63 -0.21
153 105.0 181.0 93.0 34.0 -1.31 1.51 -0.48 0.81 -0.45 -0.41
154 108.0 181.0 94.0 34.0 -1.27 2.65 -0.29 1.1 -0.48 -0.48
155 106.0 174.0 100.0 36.0 -1.01 2.8 -0.42 -15.59 0.78 21.58
156 120.0 174.0 103.0 36.0 0.99 -1.84 -0.3 -4.93 3.2 3.69
157 120.0 177.0 103.0 35.0 0.0 -2.66 0.2 0.89 -0.43 -2.65
158 119.0 176.0 102.0 38.0 0.27 -1.48 0.2 -0.04 0.39 0.62
159 126.0 182.0 106.0 39.0 0.63 -0.12 -0.03 0.14 0.29 0.97
160 126.0 184.0 105.0 38.0 0.41 -0.38 -0.12 0.95 0.5 0.25
161 124.0 178.0 103.0 40.0 0.26 -0.59 -0.13 0.59 0.39 -0.04
162 133.0 184.0 108.0 41.0 0.08 -0.79 -0.1 0.12 0.13 0.15
163 135.0 191.0 111.0 43.0 0.07 -0.83 -0.02 0.14 -0.16 0.03
164 128.0 183.0 107.0 45.0 0.17 -0.72 -0.01 0.4 -0.02 0.1
165 137.0 187.0 110.0 46.0 0.29 -0.41 -0.01 0.48 0.05 0.14
166 131.0 190.0 110.0 45.0 0.23 -0.2 -0.02 0.42 0.0 0.18
167 131.0 186.0 110.0 44.0 0.19 -0.13 -0.02 0.08 0.05 0.11
168 141.0 190.0 113.0 44.0 0.17 -0.06 -0.04 0.03 0.19 0.06
169 134.0 189.0 110.0 43.0 0.18 -0.02 -0.05 -0.03 0.14 -0.02
170 125.0 179.0 106.0 42.0 0.17 -0.01 -0.05 -0.1 0.1 -0.01
171 121.0 175.0 104.0 42.0 0.13 -0.02 -0.05 -0.17 0.05 -0.01
172 114.0 171.0 101.0 40.0 0.13 -0.01 -0.05 -0.17 0.11 0.02
173 108.0 163.0 99.0 39.0 0.13 -0.03 -0.05 -0.06 0.15 0.0
174 120.0 170.0 103.0 40.0 0.11 -0.07 -0.05 0.06 0.12 0.06
175 123.0 175.0 103.0 40.0 0.09 -0.1 -0.04 0.0 0.09 0.06
176 122.0 173.0 103.0 40.0 0.07 -0.09 -0.03 0.04 0.03 0.0
177 129.0 181.0 106.0 40.0 0.05 -0.09 -0.02 0.07 0.01 -0.01
178 125.0 181.0 105.0 40.0 0.05 -0.07 -0.01 0.09 0.01 0.04
179 122.0 177.0 104.0 40.0 0.04 -0.06 -0.01 0.07 0.05 0.05
180 136.0 182.0 107.0 39.0 0.03 -0.03 -0.01 0.06 0.05 0.04
