1 131.0 191.0 118.0 41.0 -0.0 -0.02 0.0 -0.01 0.1 -0.08
2 129.0 192.0 113.0 40.0 0.0 -0.03 0.01 -0.05 0.08 -0.09
3 123.0 184.0 110.0 39.0 0.0 -0.03 0.0 -0.06 0.12 -0.1
4 128.0 182.0 115.0 40.0 0.01 -0.02 0.0 -0.09 0.16 -0.13
5 128.0 186.0 113.0 40.0 0.01 -0.02 0.0 -0.07 0.15 -0.03
6 122.0 177.0 118.0 40.0 0.01 -0.02 0.0 -0.05 0.2 -0.01
7 136.0 184.0 126.0 41.0 0.0 -0.03 0.0 0.0 0.19 -0.06
8 137.0 192.0 124.0 42.0 0.02 -0.01 -0.01 0.0 0.2 -0.05
9 136.0 194.0 124.0 42.0 0.02 -0.01 -0.02 0.0 0.28 -0.02
10 137.0 197.0 121.0 46.0 0.0 -0.02 -0.02 -0.02 0.18 -0.05
11 133.0 196.0 117.0 51.0 0.0 -0.05 0.0 -0.05 0.14 -0.12
12 125.0 193.0 113.0 57.0 0.0 -0.06 0.0 -0.1 0.05 -0.01
13 129.0 197.0 116.0 57.0 -0.02 -0.1 0.01 -0.07 0.05 0.05
14 126.0 222.0 113.0 63.0 -0.07 -0.15 0.03 0.15 0.27 0.28
15 145.0 256.0 113.0 115.0 -0.13 -0.2 0.05 0.2 0.23 0.38
16 166.0 271.0 121.0 103.0 -0.2 -0.17 0.11 0.62 0.39 0.49
17 160.0 308.0 119.0 106.0 -0.28 0.05 0.17 0.81 0.45 1.08
18 153.0 309.0 114.0 109.0 -0.36 0.18 0.2 0.79 0.45 1.14
19 158.0 322.0 120.0 103.0 -0.14 0.51 0.22 -0.46 0.54 1.62
20 155.0 304.0 116.0 96.0 0.02 0.72 0.25 -0.93 0.5 1.95
21 154.0 309.0 117.0 90.0 0.11 0.74 0.25 -0.78 0.45 1.92
22 162.0 309.0 122.0 83.0 0.35 0.68 0.23 -1.34 0.02 1.71
23 162.0 300.0 126.0 76.0 0.7 0.75 0.33 -0.65 0.77 1.38
24 155.0 289.0 125.0 70.0 0.91 0.72 0.44 -1.57 -0.91 2.75
25 159.0 268.0 127.0 67.0 1.34 0.42 0.39 -0.89 1.48 2.67
26 163.0 268.0 123.0 63.0 1.57 0.83 0.47 0.01 1.48 2.55
27 166.0 243.0 121.0 59.0 1.64 1.19 0.5 -0.05 1.41 2.37
28 183.0 252.0 128.0 58.0 1.73 1.85 0.52 0.0 1.41 1.82
29 183.0 252.0 130.0 59.0 1.72 2.19 0.51 -0.1 1.14 1.7
30 211.0 241.0 130.0 59.0 1.74 2.21 0.5 0.0 1.01 1.59
31 222.0 244.0 138.0 56.0 1.81 2.15 0.45 0.36 0.8 0.7
32 226.0 241.0 134.0 55.0 1.82 2.21 0.37 0.85 0.77 0.33
33 204.0 246.0 137.0 51.0 1.77 2.32 0.32 1.02 0.76 -0.07
34 230.0 251.0 143.0 51.0 1.64 2.58 0.19 1.31 0.69 -0.42
35 249.0 251.0 137.0 51.0 1.44 2.73 0.01 1.46 0.36 -0.6
36 255.0 237.0 131.0 47.0 1.4 2.78 -0.07 1.88 0.28 -0.62
37 281.0 230.0 129.0 50.0 1.26 2.94 -0.23 1.75 -0.2 -0.56
38 264.0 230.0 130.0 46.0 1.07 3.01 -0.39 2.22 -0.16 -0.73
39 248.0 241.0 128.0 49.0 0.95 3.07 -0.47 2.19 -0.46 -0.62
40 310.0 262.0 134.0 51.0 0.88 3.08 -0.62 1.76 -0.68 -0.91
41 340.0 272.0 129.0 59.0 0.68 2.75 -0.75 1.64 -0.86 -1.26
42 319.0 262.0 127.0 55.0 0.6 2.54 -0.78 1.63 -0.95 -1.8
43 286.0 262.0 128.0 54.0 0.48 2.04 -0.78 1.23 -1.2 -1.76
44 277.0 268.0 125.0 54.0 0.43 1.5 -0.75 0.78 -1.37 -1.19
45 272.0 243.0 117.0 51.0 0.39 1.29 -0.75 0.72 -1.45 -0.95
46 315.0 243.0 125.0 53.0 0.3 1.07 -0.73 0.51 -1.66 -0.77
47 292.0 249.0 120.0 49.0 0.18 0.9 -0.67 -0.13 -1.76 -1.19
48 266.0 234.0 115.0 47.0 0.11 0.82 -0.62 -0.25 -1.79 -1.21
49 239.0 230.0 116.0 49.0 0.04 0.49 -0.51 -0.23 -1.69 -1.29
50 254.0 229.0 118.0 46.0 -0.0 0.22 -0.37 -0.15 -1.55 -1.11
51 227.0 208.0 111.0 52.0 -0.02 0.15 -0.31 -0.09 -1.46 -0.89
52 252.0 219.0 112.0 49.0 -0.07 0.14 -0.2 0.19 -1.38 -0.59
53 268.0 220.0 109.0 48.0 -0.09 0.14 -0.13 0.18 -1.09 -0.49
54 233.0 233.0 103.0 45.0 -0.09 0.09 -0.1 0.34 -0.95 -0.55
55 259.0 227.0 110.0 46.0 -0.09 0.0 -0.06 0.56 -0.82 -0.54
56 240.0 226.0 110.0 46.0 -0.07 -0.06 -0.01 0.7 -0.63 -0.33
57 220.0 210.0 105.0 45.0 -0.07 -0.05 0.0 0.68 -0.5 -0.25
58 212.0 243.0 108.0 46.0 -0.06 -0.02 0.01 0.46 -0.35 0.0
59 216.0 243.0 107.0 53.0 -0.05 -0.09 -0.01 0.53 -0.27 0.12
60 258.0 236.0 103.0 50.0 -0.05 -0.1 -0.03 0.53 -0.24 0.14
61 226.0 225.0 103.0 46.0 -0.06 -0.07 -0.03 0.71 -0.13 -0.03
62 239.0 210.0 109.0 44.0 -0.04 -0.04 -0.02 0.42 -0.03 0.13
63 223.0 255.0 114.0 40.0 -0.03 -0.03 -0.03 0.2 -0.01 0.34
64 251.0 240.0 108.0 46.0 -0.01 -0.03 -0.03 -0.03 -0.09 0.34
65 243.0 232.0 109.0 46.0 0.01 -0.09 -0.04 -0.05 0.1 0.17
66 229.0 236.0 108.0 45.0 0.02 -0.09 -0.04 -0.01 0.12 0.1
67 209.0 233.0 112.0 44.0 0.0 -0.07 -0.03 -0.03 0.03 0.0
68 280.0 229.0 108.0 45.0 0.0 -0.08 0.01 -0.1 0.06 0.05
69 253.0 218.0 107.0 41.0 0.0 -0.12 0.02 -0.03 0.07 0.15
70 230.0 227.0 112.0 39.0 -0.02 -0.13 0.05 -0.13 -0.02 0.26
71 216.0 236.0 116.0 39.0 -0.02 -0.08 0.06 -0.07 0.02 0.17
72 198.0 224.0 114.0 38.0 0.0 -0.06 0.08 -0.09 -0.03 0.11
73 192.0 211.0 113.0 39.0 0.04 -0.08 0.1 -0.07 0.08 0.12
74 179.0 212.0 112.0 38.0 0.05 -0.17 0.1 0.11 0.05 0.2
75 195.0 210.0 114.0 37.0 0.06 -0.19 0.1 0.22 0.04 0.07
76 256.0 236.0 125.0 38.0 0.05 -0.07 0.09 0.37 0.07 0.01
77 240.0 251.0 131.0 41.0 0.02 0.05 0.08 0.18 -0.02 -0.02
78 229.0 247.0 130.0 40.0 0.0 0.06 0.08 0.15 -0.03 -0.07
79 205.0 238.0 128.0 40.0 0.01 -0.01 0.07 0.25 -0.08 -0.11
80 242.0 246.0 122.0 39.0 0.02 -0.1 0.06 0.26 -0.1 -0.02
81 219.0 222.0 120.0 38.0 0.02 -0.14 0.04 0.46 -0.04 -0.03
82 207.0 233.0 121.0 36.0 0.02 -0.08 0.03 0.36 0.02 -0.06
83 202.0 259.0 128.0 38.0 -0.01 0.03 0.01 0.29 0.01 -0.09
84 187.0 279.0 127.0 36.0 -0.02 0.08 -0.0 0.25 -0.01 -0.09
85 176.0 265.0 124.0 35.0 -0.03 0.08 -0.0 0.08 -0.05 -0.12
86 198.0 263.0 126.0 36.0 -0.02 0.03 -0.01 0.04 -0.09 0.01
87 236.0 255.0 126.0 36.0 -0.01 0.02 -0.0 0.0 -0.11 0.08
88 214.0 262.0 127.0 38.0 -0.0 -0.01 0.01 -0.06 -0.05 0.07
89 209.0 253.0 130.0 40.0 0.01 -0.11 0.02 0.0 0.0 0.05
90 199.0 262.0 132.0 37.0 0.01 -0.12 0.02 0.12 0.0 0.0
91 187.0 280.0 140.0 40.0 -0.01 -0.02 0.02 0.16 0.01 0.08
92 189.0 260.0 147.0 41.0 -0.03 0.06 0.02 0.03 -0.01 0.04
93 178.0 245.0 148.0 40.0 -0.03 0.04 0.02 0.0 -0.07 0.06
94 222.0 253.0 144.0 40.0 -0.03 -0.02 0.01 0.08 -0.01 0.07
95 197.0 260.0 140.0 39.0 -0.03 -0.07 0.01 0.26 0.06 -0.06
96 178.0 247.0 143.0 38.0 -0.03 -0.08 0.01 0.26 0.05 -0.02
97 171.0 243.0 141.0 38.0 -0.03 -0.07 0.0 0.3 0.0 0.15
98 143.0 241.0 145.0 39.0 -0.02 -0.02 -0.01 0.21 -0.02 0.21
99 145.0 239.0 145.0 42.0 -0.02 0.02 -0.02 0.15 -0.01 0.21
100 152.0 241.0 152.0 42.0 0.0 0.03 -0.03 0.07 -0.09 0.07
101 155.0 241.0 150.0 43.0 0.0 0.01 -0.02 0.11 -0.12 0.01
102 163.0 246.0 151.0 46.0 0.0 0.0 -0.01 0.05 -0.13 -0.08
103 167.0 255.0 156.0 46.0 0.01 -0.08 0.0 0.11 -0.08 -0.1
104 164.0 245.0 159.0 45.0 0.02 -0.15 -0.0 0.19 0.01 0.0
105 165.0 251.0 153.0 43.0 0.01 -0.16 -0.0 0.19 0.0 0.07
106 150.0 242.0 153.0 41.0 -0.02 -0.1 -0.03 0.16 0.06 0.08
107 147.0 253.0 153.0 40.0 -0.04 -0.0 -0.04 0.04 0.0 -0.07
108 169.0 263.0 150.0 40.0 -0.05 0.02 -0.04 0.02 -0.04 -0.13
109 158.0 253.0 147.0 38.0 -0.05 0.02 -0.04 -0.01 -0.08 -0.17
110 153.0 254.0 148.0 39.0 -0.04 -0.03 -0.02 0.03 -0.04 -0.05
111 143.0 237.0 148.0 38.0 -0.04 -0.04 -0.01 0.04 -0.05 0.04
112 140.0 232.0 151.0 41.0 -0.04 -0.02 0.0 0.0 0.0 0.08
113 154.0 234.0 150.0 43.0 -0.05 -0.01 0.0 0.0 0.04 0.07
114 140.0 229.0 149.0 42.0 -0.05 -0.0 0.0 -0.01 0.06 -0.03
115 151.0 241.0 149.0 48.0 -0.06 0.01 0.01 0.01 0.04 -0.01
116 157.0 234.0 159.0 49.0 -0.06 -0.01 0.01 0.04 0.03 -0.06
117 160.0 227.0 155.0 48.0 -0.06 -0.03 0.01 0.09 -0.01 -0.05
118 155.0 218.0 152.0 46.0 -0.07 -0.04 0.03 0.1 -0.15 0.0
119 146.0 207.0 150.0 45.0 -0.07 -0.06 0.04 0.09 -0.28 -0.03
120 142.0 210.0 148.0 44.0 -0.07 -0.08 0.05 0.27 -0.41 -0.14
121 130.0 202.0 147.0 43.0 -0.09 -0.13 0.08 0.09 -0.49 -0.35
122 134.0 192.0 146.0 44.0 -0.1 -0.18 0.11 0.1 -0.62 -0.46
123 129.0 185.0 151.0 49.0 -0.12 -0.21 0.13 0.12 -0.75 -0.48
124 122.0 176.0 145.0 46.0 -0.17 -0.29 0.17 0.18 -0.8 -0.55
125 123.0 172.0 152.0 62.0 -0.26 -0.47 0.22 0.52 -1.05 -0.7
126 121.0 175.0 155.0 92.0 -0.31 -0.59 0.25 0.57 -0.99 -0.67
127 122.0 166.0 154.0 135.0 -0.41 -0.83 0.31 0.7 -1.24 -0.77
128 125.0 177.0 157.0 164.0 -0.53 -1.12 0.38 0.88 -1.51 -0.77
129 123.0 175.0 152.0 178.0 -0.63 -1.27 0.43 0.92 -1.58 -0.83
130 125.0 172.0 150.0 150.0 -0.8 -1.47 0.51 0.48 -1.77 -0.46
131 129.0 180.0 151.0 137.0 -0.94 -1.61 0.55 0.95 -1.2 -0.41
132 132.0 188.0 150.0 116.0 -1.02 -1.71 0.58 1.3 -1.1 -0.53
133 128.0 211.0 147.0 101.0 -1.19 -1.89 0.65 0.92 -0.75 -0.78
134 137.0 213.0 146.0 88.0 -1.24 -1.97 0.63 -0.19 -0.64 -1.23
135 129.0 202.0 142.0 80.0 -1.22 -2.1 0.58 -0.5 -0.48 -1.42
136 120.0 193.0 139.0 74.0 -1.16 -2.59 0.39 0.56 0.26 -1.5
137 120.0 188.0 140.0 70.0 -1.16 -2.81 0.29 1.17 0.44 -1.37
138 118.0 184.0 138.0 64.0 -1.16 -3.0 0.13 1.37 0.59 -1.18
139 122.0 196.0 137.0 60.0 -1.18 -2.9 0.0 1.38 0.58 -0.68
140 134.0 202.0 137.0 58.0 -1.18 -2.8 -0.04 1.33 1.06 -0.59
141 137.0 196.0 133.0 55.0 -1.25 -2.61 -0.11 1.52 1.17 -0.76
142 128.0 187.0 131.0 52.0 -1.3 -2.28 -0.15 1.23 1.28 -0.81
143 127.0 183.0 130.0 51.0 -1.34 -2.14 -0.17 0.19 0.96 -0.57
144 122.0 183.0 129.0 49.0 -1.4 -2.08 -0.26 0.15 0.96 -0.3
145 123.0 180.0 129.0 52.0 -1.48 -2.2 -0.36 0.33 1.04 0.41
146 137.0 182.0 129.0 51.0 -1.49 -2.25 -0.42 0.38 1.06 0.69
147 135.0 179.0 127.0 49.0 -1.51 -2.18 -0.47 0.41 1.01 0.71
148 130.0 174.0 126.0 47.0 -1.44 -1.89 -0.45 0.88 0.88 0.3
149 129.0 177.0 126.0 46.0 -1.31 -1.72 -0.42 0.54 0.74 0.0
150 125.0 174.0 125.0 44.0 -1.15 -1.18 -0.46 0.55 0.92 -0.08
151 118.0 168.0 121.0 43.0 -1.15 -0.51 -0.47 0.43 0.56 -0.28
152 115.0 165.0 119.0 41.0 -1.11 -0.15 -0.5 0.29 0.29 -0.94
153 114.0 162.0 117.0 41.0 -1.09 0.44 -0.54 -0.21 0.06 -0.98
154 113.0 160.0 115.0 41.0 -1.04 0.57 -0.62 -0.6 0.02 -1.0
155 112.0 160.0 114.0 41.0 -0.92 0.52 -0.69 -22.66 -6.54 25.06
156 116.0 158.0 111.0 40.0 1.13 -2.87 -0.51 -5.15 -0.34 8.21
157 115.0 157.0 113.0 38.0 0.72 -3.11 -0.06 4.0 1.06 -0.1
158 113.0 157.0 115.0 39.0 1.12 -0.87 -0.14 0.85 0.86 -0.2
159 116.0 159.0 116.0 40.0 1.18 0.82 -0.27 0.0 0.84 -0.08
160 118.0 161.0 115.0 39.0 0.64 0.34 -0.41 1.1 0.43 0.43
161 119.0 162.0 111.0 39.0 0.42 -0.05 -0.42 0.24 0.4 0.5
162 123.0 163.0 109.0 40.0 0.1 -0.16 -0.36 0.25 0.32 0.26
163 121.0 163.0 111.0 40.0 0.1 0.03 -0.22 0.22 -0.03 -0.31
164 118.0 161.0 116.0 39.0 0.17 0.07 -0.17 -0.35 0.14 -0.17
165 116.0 158.0 110.0 39.0 0.21 0.09 -0.12 -0.46 0.05 -0.04
166 113.0 157.0 105.0 38.0 0.16 0.12 -0.08 -0.45 0.19 -0.22
167 112.0 156.0 103.0 38.0 0.12 0.06 -0.05 -0.22 0.07 -0.25
168 113.0 156.0 103.0 38.0 0.09 -0.08 0.02 -0.06 0.26 -0.21
169 111.0 156.0 104.0 38.0 0.08 -0.16 0.06 -0.01 0.34 -0.16
170 118.0 159.0 109.0 40.0 0.07 -0.17 0.06 -0.19 0.41 -0.07
171 118.0 162.0 107.0 40.0 0.03 -0.08 0.04 -0.2 0.4 -0.04
172 116.0 159.0 103.0 39.0 -0.02 0.01 0.04 -0.14 0.45 -0.03
173 113.0 157.0 101.0 39.0 -0.03 0.03 0.04 -0.23 0.45 -0.11
174 112.0 158.0 101.0 39.0 -0.02 0.03 0.03 -0.25 0.33 -0.19
175 113.0 159.0 106.0 39.0 -0.01 0.02 0.02 -0.31 0.23 -0.26
176 123.0 166.0 112.0 41.0 0.01 0.03 0.02 -0.35 0.23 -0.18
177 129.0 173.0 112.0 43.0 0.02 0.04 0.01 -0.3 0.2 -0.18
178 124.0 172.0 108.0 42.0 0.03 0.04 0.01 -0.33 0.2 -0.25
179 134.0 176.0 109.0 44.0 0.04 0.03 0.01 -0.26 0.2 -0.18
180 135.0 180.0 107.0 46.0 0.06 0.02 -0.0 -0.18 0.23 -0.19
181 128.0 175.0 110.0 43.0 0.06 0.01 -0.0 -0.16 0.19 -0.12
