1 115.0 179.0 100.0 43.0 -0.06 -0.04 -0.0 -0.08 0.15 -0.05
2 115.0 174.0 97.0 42.0 -0.06 -0.05 0.0 -0.02 0.15 0.0
3 133.0 184.0 104.0 42.0 -0.08 -0.08 0.02 -0.01 0.15 0.01
4 145.0 195.0 106.0 44.0 -0.09 -0.07 0.02 0.01 0.14 -0.02
5 139.0 189.0 103.0 43.0 -0.09 -0.05 0.02 -0.09 0.15 -0.11
6 152.0 197.0 106.0 46.0 -0.08 -0.02 0.01 -0.12 0.17 -0.13
7 160.0 204.0 104.0 43.0 -0.09 -0.04 0.01 -0.12 0.19 -0.01
8 151.0 228.0 104.0 45.0 -0.09 -0.06 0.02 0.01 0.14 0.08
9 179.0 267.0 115.0 64.0 -0.1 -0.07 0.03 0.06 0.14 0.12
10 199.0 268.0 120.0 83.0 -0.07 -0.06 0.02 -0.2 0.14 0.21
11 181.0 277.0 114.0 82.0 -0.02 -0.02 0.02 -0.28 0.24 0.39
12 191.0 290.0 124.0 76.0 0.04 0.02 0.0 -0.22 0.21 0.54
13 190.0 295.0 127.0 117.0 0.16 0.04 -0.01 0.09 0.32 1.19
14 197.0 304.0 125.0 133.0 0.21 0.09 -0.01 -0.15 0.31 1.59
15 209.0 326.0 129.0 117.0 0.26 0.29 0.01 -0.25 0.46 1.7
16 223.0 348.0 131.0 104.0 0.32 0.53 0.03 -0.2 0.41 1.59
17 230.0 343.0 131.0 90.0 0.4 0.68 0.06 -0.22 0.81 2.05
18 231.0 335.0 132.0 82.0 0.68 1.09 0.1 -1.55 0.97 2.0
19 230.0 346.0 135.0 74.0 0.99 1.28 0.16 -0.33 0.82 1.98
20 239.0 337.0 139.0 73.0 1.17 1.42 0.18 -0.16 0.77 2.32
21 261.0 362.0 145.0 75.0 1.42 1.81 0.19 0.0 0.8 2.33
22 285.0 376.0 145.0 72.0 1.62 2.18 0.17 -0.14 1.04 1.73
23 291.0 360.0 143.0 75.0 1.65 2.33 0.16 -0.25 1.12 1.6
24 271.0 337.0 148.0 71.0 1.62 2.59 0.13 -0.38 1.0 1.38
25 277.0 321.0 149.0 68.0 1.6 2.64 0.1 -0.13 0.91 0.87
26 244.0 301.0 151.0 64.0 1.61 2.57 0.08 0.11 0.87 0.14
27 276.0 297.0 161.0 70.0 1.64 2.53 0.07 0.23 0.85 -0.02
28 272.0 295.0 155.0 65.0 1.63 2.55 0.06 0.37 0.68 -0.08
29 270.0 277.0 153.0 62.0 1.59 2.57 0.05 0.23 0.42 0.27
30 319.0 284.0 157.0 63.0 1.44 2.36 0.05 0.53 0.32 0.34
31 318.0 305.0 153.0 64.0 1.37 2.25 0.03 0.36 0.35 -0.06
32 358.0 294.0 148.0 61.0 1.3 2.26 -0.01 0.64 0.18 -0.47
33 344.0 301.0 153.0 61.0 1.14 2.41 -0.07 0.66 0.07 -0.46
34 362.0 292.0 149.0 61.0 1.01 2.73 -0.14 0.61 -0.27 -0.27
35 317.0 281.0 144.0 68.0 1.01 2.82 -0.17 0.5 -0.36 -0.45
36 347.0 273.0 144.0 69.0 0.82 2.69 -0.25 0.66 -0.36 -0.38
37 436.0 267.0 142.0 65.0 0.69 2.45 -0.33 1.18 -0.29 -0.68
38 400.0 260.0 138.0 63.0 0.63 2.35 -0.37 1.32 -0.52 -0.86
39 364.0 271.0 144.0 60.0 0.53 2.21 -0.44 1.38 -0.52 -0.76
40 349.0 266.0 142.0 58.0 0.45 1.97 -0.48 0.92 -0.93 -0.74
41 382.0 257.0 135.0 59.0 0.42 1.76 -0.49 0.77 -0.97 -0.6
42 381.0 296.0 141.0 63.0 0.38 1.28 -0.5 0.7 -1.03 -0.55
43 363.0 305.0 146.0 62.0 0.33 0.91 -0.51 0.76 -1.2 -0.56
44 335.0 308.0 147.0 65.0 0.31 0.85 -0.5 0.96 -1.38 -0.67
45 332.0 286.0 161.0 62.0 0.25 0.85 -0.46 0.31 -1.44 -0.46
46 330.0 290.0 153.0 61.0 0.22 0.64 -0.41 0.0 -1.44 -0.58
47 306.0 287.0 151.0 65.0 0.2 0.45 -0.39 0.22 -1.58 -0.56
48 356.0 306.0 153.0 70.0 0.14 0.19 -0.32 0.18 -1.56 -0.78
49 346.0 317.0 152.0 67.0 0.09 0.03 -0.22 0.58 -1.5 -0.75
50 312.0 322.0 148.0 64.0 0.07 0.0 -0.17 -0.44 -1.78 -0.69
51 302.0 337.0 154.0 62.0 0.28 -0.11 -0.09 1.06 -1.16 -0.11
52 382.0 310.0 146.0 59.0 0.01 -0.03 -0.02 0.75 -0.71 -0.46
53 332.0 290.0 149.0 61.0 -0.0 0.0 -0.01 0.63 -0.59 -0.25
54 311.0 271.0 152.0 59.0 -0.02 -0.08 -0.02 0.63 -0.45 -0.32
55 278.0 268.0 143.0 56.0 -0.04 -0.22 -0.01 0.63 -0.28 0.01
56 293.0 253.0 137.0 52.0 -0.04 -0.24 -0.02 0.72 -0.18 0.11
57 269.0 254.0 140.0 55.0 -0.06 -0.22 -0.04 0.77 -0.12 0.16
58 288.0 251.0 135.0 52.0 -0.08 -0.11 -0.06 0.61 -0.06 0.07
59 292.0 253.0 133.0 53.0 -0.08 -0.07 -0.06 0.31 -0.09 0.03
60 280.0 257.0 139.0 54.0 -0.07 -0.05 -0.05 0.19 -0.15 0.05
61 268.0 252.0 137.0 51.0 -0.05 -0.08 -0.06 0.14 0.01 0.22
62 244.0 242.0 141.0 49.0 -0.04 -0.08 -0.06 0.1 0.13 0.03
63 240.0 248.0 144.0 50.0 -0.01 -0.04 -0.04 -0.1 0.04 -0.05
64 221.0 264.0 141.0 47.0 0.02 -0.04 -0.03 -0.31 0.0 -0.02
65 267.0 249.0 140.0 49.0 0.03 -0.06 -0.02 -0.31 0.09 0.0
66 273.0 273.0 151.0 50.0 0.03 -0.12 0.02 -0.36 0.1 0.01
67 266.0 280.0 154.0 51.0 0.01 -0.14 0.04 -0.12 0.1 0.09
68 255.0 288.0 156.0 50.0 -0.01 -0.1 0.04 -0.11 0.09 0.12
69 285.0 286.0 159.0 50.0 -0.05 0.04 0.04 -0.15 0.07 0.03
70 278.0 283.0 160.0 51.0 -0.06 0.03 0.04 -0.09 0.0 0.05
71 248.0 286.0 151.0 50.0 -0.06 -0.01 0.05 -0.16 -0.05 0.06
72 299.0 282.0 149.0 49.0 -0.05 -0.08 0.07 -0.15 -0.01 0.05
73 275.0 283.0 149.0 48.0 -0.03 -0.17 0.09 -0.17 -0.05 0.2
74 306.0 276.0 150.0 48.0 -0.02 -0.21 0.09 0.05 0.01 0.28
75 316.0 280.0 144.0 48.0 -0.01 -0.19 0.09 0.11 -0.05 0.33
76 290.0 274.0 146.0 47.0 -0.02 -0.08 0.09 0.06 -0.07 0.3
77 264.0 267.0 140.0 46.0 -0.02 -0.05 0.08 0.2 -0.05 0.04
78 235.0 259.0 141.0 47.0 -0.01 -0.02 0.07 0.17 -0.07 0.05
79 231.0 251.0 146.0 45.0 -0.0 -0.05 0.07 0.07 -0.12 0.05
80 221.0 251.0 144.0 44.0 -0.0 -0.08 0.07 0.05 -0.19 0.05
81 215.0 265.0 149.0 47.0 0.0 -0.14 0.07 0.1 -0.2 0.12
82 212.0 263.0 151.0 47.0 -0.0 -0.15 0.07 0.17 -0.16 0.23
83 198.0 256.0 153.0 47.0 -0.02 -0.13 0.07 0.21 -0.12 0.17
84 213.0 255.0 158.0 48.0 -0.03 -0.04 0.06 0.18 -0.12 0.19
85 203.0 265.0 159.0 53.0 -0.04 0.0 0.05 0.09 -0.12 0.1
86 197.0 257.0 158.0 50.0 -0.04 -0.01 0.03 0.18 -0.05 0.08
87 242.0 251.0 158.0 50.0 -0.03 -0.05 0.02 0.16 -0.01 0.11
88 226.0 246.0 163.0 51.0 -0.01 -0.09 0.0 0.25 0.0 0.13
89 201.0 236.0 157.0 51.0 -0.01 -0.09 -0.01 0.22 0.07 0.15
90 220.0 265.0 165.0 50.0 0.0 -0.02 -0.02 0.17 0.05 0.12
91 234.0 292.0 166.0 53.0 0.0 0.03 -0.03 0.02 -0.07 0.1
92 270.0 295.0 172.0 52.0 0.01 0.01 -0.03 0.08 -0.09 0.06
93 281.0 287.0 166.0 53.0 -0.0 -0.02 -0.02 0.04 -0.02 0.04
94 286.0 281.0 172.0 52.0 -0.01 -0.02 -0.02 0.04 0.0 0.04
95 261.0 255.0 167.0 50.0 -0.01 -0.01 -0.03 -0.01 0.0 0.03
96 265.0 260.0 167.0 51.0 -0.02 0.0 -0.03 -0.03 0.0 0.04
97 241.0 270.0 168.0 55.0 -0.02 0.01 -0.04 -0.1 0.01 0.03
98 225.0 254.0 165.0 52.0 -0.03 -0.01 -0.04 -0.07 0.0 -0.09
99 222.0 244.0 162.0 52.0 -0.04 -0.04 -0.03 -0.05 0.0 -0.08
100 240.0 247.0 160.0 49.0 -0.05 -0.03 -0.02 -0.09 0.0 0.07
101 217.0 243.0 162.0 46.0 -0.05 -0.01 -0.02 -0.09 0.03 0.06
102 216.0 248.0 166.0 47.0 -0.05 0.01 -0.01 -0.16 0.04 0.05
103 216.0 238.0 171.0 47.0 -0.04 -0.01 -0.01 -0.15 0.01 0.12
104 227.0 247.0 165.0 47.0 -0.04 -0.03 0.0 -0.11 -0.03 0.11
105 230.0 258.0 166.0 46.0 -0.03 -0.05 0.02 -0.13 0.0 0.15
106 210.0 257.0 171.0 46.0 -0.02 -0.09 0.03 -0.02 -0.06 0.09
107 195.0 244.0 166.0 52.0 -0.03 -0.1 0.04 0.06 -0.08 -0.01
108 192.0 244.0 165.0 56.0 -0.02 -0.11 0.04 0.13 -0.11 -0.07
109 187.0 247.0 166.0 55.0 -0.03 -0.14 0.04 0.23 0.01 -0.16
110 190.0 245.0 163.0 52.0 -0.04 -0.15 0.03 0.22 0.06 -0.09
111 203.0 250.0 167.0 54.0 -0.06 -0.15 0.01 0.23 0.03 -0.05
112 185.0 256.0 168.0 53.0 -0.08 -0.11 -0.0 0.13 0.0 0.15
113 186.0 241.0 162.0 50.0 -0.08 -0.08 -0.01 0.03 -0.06 0.15
114 197.0 240.0 159.0 49.0 -0.07 -0.03 -0.01 -0.02 -0.08 0.11
115 187.0 234.0 162.0 51.0 -0.06 0.01 0.0 -0.06 -0.09 0.15
116 199.0 227.0 161.0 50.0 -0.05 0.01 0.01 -0.05 -0.16 0.05
117 203.0 229.0 161.0 53.0 -0.05 -0.0 0.03 -0.05 -0.16 0.03
118 187.0 224.0 161.0 50.0 -0.06 -0.05 0.04 0.04 -0.36 -0.13
119 185.0 225.0 158.0 49.0 -0.07 -0.09 0.05 0.11 -0.5 -0.2
120 182.0 221.0 163.0 52.0 -0.09 -0.15 0.08 0.14 -0.52 -0.19
121 176.0 214.0 161.0 51.0 -0.11 -0.22 0.11 0.32 -0.63 -0.24
122 171.0 207.0 157.0 51.0 -0.13 -0.26 0.12 0.46 -0.74 -0.35
123 172.0 213.0 158.0 50.0 -0.18 -0.33 0.15 0.63 -0.91 -0.4
124 169.0 211.0 159.0 49.0 -0.24 -0.41 0.17 0.77 -0.99 -0.51
125 165.0 204.0 157.0 48.0 -0.28 -0.47 0.18 0.77 -0.94 -0.53
126 174.0 210.0 160.0 57.0 -0.37 -0.63 0.2 1.2 -0.88 -0.59
127 174.0 220.0 161.0 52.0 -0.48 -0.76 0.21 1.28 -1.08 -0.53
128 167.0 224.0 159.0 54.0 -0.54 -0.83 0.2 1.39 -1.1 -0.77
129 173.0 234.0 157.0 53.0 -0.64 -0.9 0.19 1.25 -1.08 -0.84
130 174.0 230.0 154.0 53.0 -0.74 -0.94 0.15 1.26 -0.74 -1.05
131 178.0 225.0 153.0 56.0 -0.8 -0.94 0.12 1.24 -0.68 -1.06
132 192.0 233.0 157.0 61.0 -0.92 -1.02 0.07 1.63 -0.68 -0.68
133 194.0 226.0 155.0 60.0 -1.03 -1.15 0.06 1.11 -0.72 -0.55
134 183.0 221.0 153.0 58.0 -1.08 -1.17 0.07 0.72 -0.79 -0.62
135 187.0 224.0 153.0 58.0 -1.12 -1.28 0.04 0.3 -0.43 -0.69
136 180.0 220.0 152.0 53.0 -1.14 -1.51 -0.02 0.22 -0.13 -0.56
137 175.0 215.0 151.0 57.0 -1.14 -1.66 -0.07 0.4 0.29 -0.46
138 188.0 229.0 155.0 55.0 -1.21 -1.9 -0.1 0.58 0.31 -0.44
139 186.0 229.0 156.0 55.0 -1.32 -1.94 -0.15 0.32 0.19 0.28
140 182.0 225.0 152.0 54.0 -1.37 -1.98 -0.15 0.17 0.27 0.52
141 171.0 226.0 151.0 52.0 -1.44 -1.93 -0.15 -0.13 0.61 0.71
142 169.0 228.0 147.0 53.0 -1.5 -1.76 -0.19 -0.54 0.7 0.34
143 160.0 220.0 142.0 52.0 -1.49 -1.69 -0.22 -0.52 0.54 0.47
144 163.0 220.0 140.0 54.0 -1.41 -1.77 -0.23 -0.4 0.69 0.59
145 158.0 213.0 138.0 51.0 -1.32 -1.83 -0.3 -0.11 0.73 0.82
146 153.0 203.0 134.0 49.0 -1.29 -1.84 -0.29 -0.15 0.28 0.87
147 163.0 212.0 137.0 49.0 -1.12 -1.86 -0.23 0.36 0.74 0.62
148 160.0 209.0 136.0 53.0 -1.05 -1.76 -0.19 0.47 0.63 0.72
149 154.0 207.0 133.0 50.0 -0.98 -1.7 -0.16 0.38 0.44 0.78
150 167.0 216.0 137.0 51.0 -0.93 -1.49 -0.15 0.44 0.54 0.62
151 168.0 224.0 138.0 52.0 -0.93 -1.26 -0.15 0.1 0.44 0.7
152 164.0 216.0 135.0 52.0 -0.93 -1.19 -0.15 -0.02 0.47 0.58
153 170.0 218.0 135.0 50.0 -0.92 -1.17 -0.16 -0.2 0.34 0.14
154 166.0 213.0 133.0 52.0 -0.9 -1.21 -0.18 0.03 0.49 -0.16
155 164.0 206.0 131.0 50.0 -0.9 -1.25 -0.17 0.17 0.53 -0.44
156 181.0 211.0 136.0 51.0 -0.79 -1.38 -0.19 0.4 0.26 -1.15
157 178.0 210.0 136.0 53.0 -0.69 -1.46 -0.21 -4.23 -0.08 4.61
158 168.0 198.0 133.0 49.0 -0.38 -2.45 -0.29 -1.78 -1.63 8.35
159 184.0 206.0 140.0 50.0 0.72 -2.35 0.19 1.71 1.05 5.46
160 189.0 217.0 141.0 53.0 0.7 -0.54 0.07 1.92 1.45 -0.11
161 188.0 213.0 141.0 52.0 0.57 -0.09 0.01 1.42 1.33 -0.64
162 208.0 225.0 147.0 53.0 0.34 0.31 -0.19 0.12 0.56 0.03
163 205.0 228.0 147.0 53.0 0.17 0.31 -0.23 -0.04 0.31 0.6
164 206.0 228.0 151.0 55.0 0.16 0.28 -0.21 -0.23 0.14 0.5
165 205.0 229.0 150.0 56.0 0.09 0.13 -0.1 -0.36 -0.06 -0.4
166 192.0 221.0 143.0 52.0 0.16 -0.05 -0.05 -0.5 0.14 -0.22
167 181.0 210.0 141.0 51.0 0.19 -0.13 -0.04 -0.52 0.25 -0.1
168 186.0 211.0 141.0 50.0 0.13 -0.26 -0.03 -0.35 0.21 0.12
169 187.0 217.0 141.0 52.0 0.1 -0.31 0.0 0.21 0.17 0.03
170 192.0 219.0 141.0 50.0 0.08 -0.28 0.01 0.25 0.2 0.03
171 212.0 234.0 148.0 51.0 0.09 -0.2 0.01 0.23 0.24 0.12
172 213.0 239.0 147.0 53.0 0.08 -0.07 0.0 0.06 0.27 0.08
173 200.0 227.0 140.0 52.0 0.07 -0.01 -0.01 -0.04 0.26 0.04
174 206.0 227.0 142.0 54.0 0.04 0.03 0.0 -0.19 0.35 -0.02
175 199.0 227.0 138.0 55.0 0.05 0.02 -0.0 -0.29 0.37 -0.11
176 196.0 220.0 142.0 55.0 0.05 0.01 -0.01 -0.28 0.29 -0.11
177 191.0 217.0 147.0 53.0 0.07 -0.03 -0.01 -0.26 0.28 -0.11
178 179.0 207.0 138.0 50.0 0.07 -0.07 -0.02 -0.09 0.27 -0.07
179 172.0 198.0 133.0 49.0 0.07 -0.09 -0.01 -0.06 0.27 -0.05
180 186.0 209.0 138.0 48.0 0.05 -0.1 -0.0 0.02 0.28 0.05
181 187.0 216.0 138.0 51.0 0.03 -0.1 0.01 0.04 0.3 0.03
182 190.0 216.0 142.0 51.0 0.01 -0.09 0.01 -0.03 0.19 0.02
183 192.0 220.0 140.0 51.0 0.01 -0.06 0.02 -0.11 0.24 -0.03
184 182.0 214.0 134.0 50.0 -0.01 -0.03 0.01 -0.06 0.18 0.03
185 172.0 204.0 130.0 49.0 -0.02 -0.03 0.01 -0.01 0.24 -0.01
186 166.0 200.0 128.0 48.0 -0.03 -0.01 0.01 -0.1 0.22 -0.06
187 159.0 196.0 125.0 46.0 -0.03 0.01 0.01 -0.18 0.26 -0.06
