1 145.0 203.0 121.0 47.0 -0.04 -0.04 0.01 0.0 0.15 0.0
2 153.0 217.0 125.0 51.0 -0.06 -0.06 0.02 -0.03 0.15 0.06
3 146.0 213.0 121.0 46.0 -0.07 -0.07 0.02 0.0 0.13 0.14
4 155.0 224.0 124.0 52.0 -0.1 -0.09 0.04 -0.02 0.18 0.17
5 163.0 240.0 122.0 52.0 -0.14 -0.09 0.04 -0.04 0.21 0.13
6 155.0 232.0 121.0 52.0 -0.17 -0.09 0.06 0.02 0.25 0.31
7 181.0 258.0 122.0 81.0 -0.19 -0.08 0.08 0.17 0.21 0.4
8 186.0 274.0 128.0 84.0 -0.17 -0.03 0.1 -0.01 0.14 0.59
9 178.0 279.0 124.0 73.0 0.01 -0.0 0.09 -0.36 0.13 0.51
10 207.0 312.0 130.0 69.0 0.07 0.05 0.08 -0.43 0.11 0.65
11 203.0 318.0 133.0 68.0 0.15 0.24 0.08 -0.71 -0.1 1.6
12 209.0 307.0 131.0 67.0 0.29 0.49 0.1 -0.15 0.58 1.85
13 228.0 287.0 136.0 62.0 0.35 0.78 0.06 0.27 0.55 1.89
14 240.0 297.0 146.0 62.0 0.51 1.52 0.07 0.49 0.48 2.03
15 222.0 305.0 145.0 68.0 0.73 2.02 0.14 -0.62 0.38 2.96
16 216.0 300.0 143.0 67.0 0.91 2.02 0.13 -0.34 0.77 2.77
17 228.0 297.0 146.0 65.0 1.32 1.87 0.12 -0.8 0.68 2.94
18 237.0 287.0 146.0 62.0 1.52 1.83 0.13 -0.16 1.0 2.78
19 252.0 278.0 145.0 62.0 1.83 2.06 0.14 -0.06 0.85 2.54
20 230.0 272.0 146.0 61.0 1.9 2.54 0.2 -0.04 1.01 1.8
21 228.0 271.0 144.0 57.0 1.94 2.73 0.21 0.13 1.0 1.48
22 220.0 277.0 147.0 60.0 1.98 2.83 0.22 0.04 0.99 1.1
23 220.0 290.0 148.0 60.0 1.95 2.82 0.21 0.52 0.94 0.93
24 205.0 277.0 142.0 59.0 1.91 2.8 0.18 0.66 0.6 0.71
25 212.0 265.0 146.0 60.0 1.86 2.84 0.14 0.73 0.51 0.67
26 225.0 283.0 148.0 61.0 1.75 2.93 0.05 1.01 0.29 0.65
27 278.0 279.0 141.0 58.0 1.58 2.96 -0.03 0.82 -0.03 0.22
28 303.0 281.0 139.0 58.0 1.49 2.88 -0.08 0.87 -0.18 0.12
29 301.0 287.0 139.0 58.0 1.32 2.6 -0.14 1.29 -0.32 -0.77
30 283.0 282.0 137.0 55.0 1.17 2.25 -0.18 1.35 -0.57 -0.95
31 294.0 276.0 148.0 67.0 1.14 2.09 -0.22 1.61 -0.39 -1.39
32 306.0 270.0 145.0 66.0 1.0 1.77 -0.32 1.64 -0.58 -1.13
33 294.0 262.0 136.0 61.0 0.93 1.63 -0.39 1.56 -0.71 -0.99
34 282.0 266.0 133.0 58.0 0.77 1.37 -0.54 1.38 -0.91 -0.94
35 281.0 286.0 135.0 58.0 0.62 1.11 -0.62 1.68 -1.15 -1.08
36 306.0 316.0 131.0 57.0 0.54 1.02 -0.63 1.25 -1.56 -1.65
37 283.0 315.0 148.0 59.0 0.43 0.86 -0.56 1.0 -1.69 -1.57
38 310.0 318.0 151.0 57.0 0.36 0.4 -0.48 0.17 -1.88 -1.26
39 273.0 313.0 141.0 57.0 0.29 -0.06 -0.44 0.2 -1.73 -1.25
40 259.0 303.0 139.0 62.0 0.24 -0.16 -0.41 0.39 -1.67 -1.25
41 234.0 284.0 143.0 58.0 0.13 -0.05 -0.36 0.87 -1.59 -1.17
42 251.0 267.0 143.0 55.0 0.05 0.07 -0.28 0.29 -1.58 -0.65
43 236.0 293.0 150.0 55.0 0.04 0.04 -0.25 0.2 -1.44 -0.51
44 231.0 313.0 146.0 59.0 0.02 -0.14 -0.2 0.35 -1.21 -0.46
45 240.0 294.0 136.0 53.0 -0.01 -0.2 -0.16 0.74 -0.88 -0.43
46 260.0 270.0 132.0 54.0 -0.04 -0.14 -0.15 0.76 -0.73 -0.3
47 236.0 262.0 130.0 52.0 -0.1 -0.02 -0.14 0.6 -0.55 -0.14
48 215.0 266.0 127.0 48.0 -0.14 0.04 -0.14 0.73 -0.46 -0.11
49 216.0 274.0 131.0 48.0 -0.2 0.19 -0.14 0.69 -0.4 0.01
50 228.0 274.0 133.0 49.0 -0.21 0.27 -0.13 0.42 -0.2 -0.05
51 219.0 262.0 134.0 51.0 -0.21 0.28 -0.13 0.22 -0.1 0.15
52 218.0 272.0 132.0 51.0 -0.17 0.23 -0.12 0.1 -0.05 0.18
53 217.0 286.0 135.0 51.0 -0.12 0.26 -0.11 0.11 -0.01 0.23
54 230.0 271.0 139.0 48.0 -0.07 0.34 -0.1 -0.13 0.07 0.44
55 230.0 259.0 142.0 48.0 -0.05 0.37 -0.09 -0.28 0.06 0.44
56 225.0 255.0 141.0 48.0 -0.03 0.34 -0.08 -0.45 0.13 0.24
57 216.0 255.0 137.0 46.0 -0.03 0.19 -0.06 -0.51 0.18 0.13
58 208.0 238.0 136.0 48.0 -0.03 0.09 -0.05 -0.52 0.15 0.06
59 197.0 241.0 138.0 46.0 -0.04 -0.04 -0.04 -0.32 0.19 -0.03
60 188.0 235.0 129.0 44.0 -0.04 -0.07 -0.01 -0.27 0.23 0.1
61 189.0 234.0 128.0 46.0 -0.06 -0.03 0.02 -0.39 0.18 0.26
62 190.0 225.0 132.0 46.0 -0.08 0.03 0.05 -0.36 0.14 0.22
63 204.0 220.0 128.0 45.0 -0.08 0.05 0.06 -0.36 0.09 0.18
64 203.0 225.0 132.0 45.0 -0.06 0.04 0.08 -0.45 0.07 0.19
65 187.0 223.0 132.0 46.0 -0.05 -0.02 0.11 -0.38 -0.02 0.14
66 172.0 220.0 126.0 43.0 -0.04 -0.09 0.14 -0.09 -0.05 0.18
67 181.0 217.0 129.0 45.0 -0.05 -0.08 0.15 0.01 -0.03 0.13
68 183.0 221.0 133.0 46.0 -0.05 -0.05 0.15 0.25 -0.03 0.13
69 165.0 231.0 132.0 43.0 -0.04 -0.03 0.15 0.27 -0.02 0.1
70 175.0 230.0 134.0 45.0 -0.03 -0.02 0.12 0.33 -0.09 0.13
71 173.0 230.0 137.0 43.0 -0.03 -0.03 0.1 0.24 -0.11 0.16
72 188.0 234.0 132.0 41.0 -0.02 -0.08 0.09 0.28 -0.13 0.08
73 197.0 226.0 135.0 43.0 -0.02 -0.11 0.08 0.28 -0.11 0.06
74 193.0 234.0 134.0 41.0 -0.02 -0.11 0.07 0.35 -0.06 0.18
75 182.0 233.0 132.0 40.0 -0.02 -0.09 0.06 0.41 -0.08 0.08
76 188.0 230.0 137.0 44.0 -0.02 -0.01 0.04 0.38 -0.11 0.02
77 193.0 223.0 139.0 46.0 -0.02 0.0 0.02 0.25 -0.05 0.11
78 192.0 234.0 139.0 46.0 -0.01 -0.02 0.01 0.24 -0.11 0.04
79 183.0 232.0 137.0 45.0 -0.01 -0.03 -0.01 0.23 -0.12 0.05
80 175.0 234.0 135.0 46.0 -0.02 -0.04 -0.01 0.15 -0.14 0.11
81 167.0 243.0 130.0 43.0 -0.03 -0.04 -0.0 0.0 -0.09 0.18
82 198.0 233.0 136.0 45.0 -0.03 -0.05 -0.01 -0.04 -0.11 0.17
83 191.0 226.0 134.0 45.0 -0.03 -0.08 -0.01 0.0 -0.11 0.08
84 173.0 223.0 133.0 43.0 -0.04 -0.07 -0.02 0.07 -0.04 0.12
85 172.0 220.0 135.0 44.0 -0.05 -0.01 -0.02 0.03 -0.04 0.14
86 158.0 218.0 132.0 42.0 -0.04 -0.0 -0.01 0.02 -0.1 0.12
87 156.0 215.0 132.0 41.0 -0.03 -0.01 -0.0 -0.07 -0.07 0.18
88 146.0 223.0 134.0 42.0 -0.01 -0.05 -0.0 -0.06 -0.04 0.22
89 149.0 223.0 135.0 41.0 -0.02 -0.04 0.01 -0.04 0.02 0.16
90 142.0 211.0 136.0 40.0 -0.02 -0.05 0.01 -0.02 -0.02 0.03
91 154.0 218.0 141.0 43.0 -0.02 -0.07 0.0 0.08 -0.04 0.08
92 159.0 223.0 146.0 43.0 -0.02 -0.04 0.02 0.12 -0.04 0.08
93 158.0 215.0 147.0 42.0 -0.03 -0.02 0.01 0.01 0.0 0.09
94 219.0 233.0 153.0 44.0 -0.03 -0.02 0.01 0.03 0.02 0.1
95 208.0 248.0 158.0 47.0 -0.03 -0.05 0.01 0.08 0.1 0.1
96 200.0 238.0 160.0 48.0 -0.04 -0.05 0.01 0.07 0.08 0.12
97 201.0 238.0 160.0 50.0 -0.03 -0.03 0.0 0.06 0.05 0.11
98 197.0 242.0 163.0 52.0 -0.03 -0.03 0.0 0.05 -0.01 0.08
99 182.0 241.0 158.0 52.0 -0.03 -0.03 0.0 0.04 0.0 0.01
100 191.0 252.0 154.0 55.0 -0.03 -0.02 0.0 0.1 0.0 -0.06
101 190.0 247.0 159.0 54.0 -0.03 -0.03 0.01 0.06 0.02 -0.06
102 174.0 232.0 154.0 52.0 -0.04 -0.03 0.01 -0.04 -0.08 -0.1
103 167.0 219.0 146.0 51.0 -0.04 -0.03 0.01 -0.04 -0.06 -0.03
104 162.0 210.0 145.0 49.0 -0.04 -0.04 0.03 0.01 -0.03 -0.06
105 144.0 201.0 137.0 46.0 -0.04 -0.06 0.04 -0.02 -0.09 0.08
106 157.0 199.0 139.0 45.0 -0.03 -0.05 0.05 0.01 -0.07 0.07
107 160.0 199.0 145.0 48.0 -0.03 -0.03 0.05 0.08 -0.06 0.02
108 150.0 200.0 140.0 45.0 -0.03 -0.02 0.05 0.02 -0.03 -0.01
109 149.0 210.0 144.0 46.0 -0.04 -0.03 0.06 0.08 -0.06 -0.02
110 173.0 206.0 141.0 44.0 -0.04 -0.05 0.07 0.05 -0.03 0.02
111 191.0 203.0 138.0 42.0 -0.03 -0.05 0.07 0.1 0.03 0.1
112 194.0 216.0 147.0 43.0 -0.04 -0.02 0.06 0.01 0.09 0.19
113 192.0 241.0 154.0 46.0 -0.06 0.02 0.04 0.05 0.12 0.15
114 174.0 243.0 154.0 45.0 -0.06 0.01 0.04 -0.05 0.05 0.12
115 181.0 233.0 156.0 45.0 -0.04 -0.03 0.03 -0.01 0.08 0.08
116 175.0 230.0 152.0 45.0 -0.01 -0.05 0.02 -0.02 0.08 0.2
117 169.0 211.0 152.0 43.0 -0.01 -0.04 0.02 0.0 0.09 0.16
118 190.0 221.0 153.0 43.0 -0.01 -0.02 0.02 0.0 0.02 0.14
119 179.0 236.0 162.0 49.0 -0.01 -0.02 0.04 -0.05 -0.05 0.04
120 164.0 231.0 152.0 47.0 -0.0 -0.05 0.04 0.0 -0.07 0.02
121 207.0 230.0 153.0 48.0 0.01 -0.13 0.04 0.06 -0.08 0.0
122 218.0 235.0 157.0 50.0 0.0 -0.14 0.04 0.15 -0.15 0.01
123 198.0 232.0 155.0 50.0 0.0 -0.1 0.05 0.15 -0.13 0.07
124 195.0 239.0 155.0 49.0 -0.01 -0.05 0.04 0.19 -0.12 0.02
125 186.0 231.0 156.0 49.0 -0.02 -0.02 0.03 0.16 -0.09 -0.15
126 170.0 210.0 146.0 46.0 -0.03 -0.0 0.03 0.09 -0.13 -0.19
127 172.0 225.0 146.0 46.0 -0.04 -0.01 0.02 0.09 -0.11 -0.2
128 180.0 227.0 145.0 44.0 -0.06 -0.04 0.02 0.08 -0.11 -0.08
129 176.0 213.0 142.0 42.0 -0.07 -0.05 0.03 0.1 -0.12 -0.08
130 167.0 202.0 140.0 43.0 -0.08 -0.05 0.03 0.13 -0.3 -0.07
131 158.0 199.0 139.0 47.0 -0.08 -0.06 0.04 0.1 -0.23 -0.06
132 155.0 191.0 138.0 46.0 -0.07 -0.08 0.05 0.11 -0.2 -0.01
133 151.0 190.0 138.0 46.0 -0.08 -0.09 0.07 0.15 -0.18 -0.01
134 151.0 189.0 136.0 44.0 -0.07 -0.12 0.09 0.08 -0.09 0.14
135 159.0 185.0 134.0 41.0 -0.06 -0.14 0.09 0.13 -0.01 0.1
136 167.0 194.0 141.0 41.0 -0.04 -0.15 0.07 0.11 0.09 0.14
137 168.0 202.0 146.0 48.0 -0.03 -0.11 0.05 0.02 0.27 0.2
138 156.0 196.0 143.0 45.0 -0.04 -0.08 0.04 0.0 0.22 0.18
139 162.0 206.0 141.0 46.0 -0.05 -0.01 0.02 -0.13 0.03 0.1
140 162.0 205.0 141.0 48.0 -0.06 -0.01 0.02 -0.17 0.09 0.13
141 159.0 194.0 136.0 45.0 -0.06 -0.04 0.02 -0.17 0.1 0.15
142 165.0 210.0 139.0 50.0 -0.05 -0.07 0.03 -0.1 0.19 0.04
143 172.0 212.0 139.0 50.0 -0.06 -0.06 0.04 -0.12 0.18 0.0
144 163.0 203.0 137.0 46.0 -0.06 -0.06 0.05 -0.18 0.09 0.0
145 165.0 206.0 139.0 50.0 -0.05 -0.07 0.06 -0.19 0.03 0.0
146 164.0 206.0 138.0 48.0 -0.06 -0.13 0.07 -0.01 -0.11 -0.11
147 148.0 203.0 131.0 45.0 -0.06 -0.16 0.08 0.0 -0.22 -0.12
148 146.0 201.0 127.0 45.0 -0.07 -0.21 0.11 -0.01 -0.08 -0.09
149 138.0 200.0 124.0 43.0 -0.08 -0.28 0.12 0.06 -0.06 -0.06
150 137.0 188.0 120.0 42.0 -0.09 -0.32 0.12 0.04 -0.05 -0.04
151 154.0 197.0 122.0 47.0 -0.1 -0.41 0.13 0.12 -0.14 0.0
152 164.0 202.0 125.0 51.0 -0.11 -0.42 0.12 0.22 -0.1 -0.05
153 158.0 207.0 121.0 49.0 -0.12 -0.42 0.12 0.2 -0.14 -0.13
154 158.0 213.0 121.0 49.0 -0.13 -0.42 0.12 0.23 -0.12 -0.14
155 160.0 211.0 121.0 48.0 -0.16 -0.43 0.12 0.16 -0.15 -0.09
156 149.0 202.0 120.0 50.0 -0.18 -0.42 0.13 0.16 -0.22 -0.12
157 160.0 192.0 122.0 50.0 -0.18 -0.43 0.14 0.12 -0.25 -0.15
158 160.0 198.0 122.0 46.0 -0.17 -0.43 0.15 0.09 -0.15 -0.27
159 155.0 195.0 116.0 45.0 -0.19 -0.43 0.16 -0.05 -0.07 -0.04
160 151.0 196.0 115.0 53.0 -0.19 -0.47 0.15 -0.01 -0.14 -0.09
161 142.0 191.0 116.0 52.0 -0.21 -0.55 0.15 0.06 -0.04 -0.01
162 144.0 197.0 115.0 48.0 -0.22 -0.58 0.15 0.16 0.0 0.05
163 182.0 228.0 124.0 47.0 -0.25 -0.63 0.13 0.21 0.0 0.0
164 180.0 235.0 124.0 49.0 -0.27 -0.66 0.14 0.56 -0.1 -0.11
165 162.0 217.0 117.0 46.0 -0.28 -0.68 0.14 0.48 -0.17 -0.2
166 164.0 213.0 116.0 47.0 -0.3 -0.68 0.16 0.3 -0.06 -0.21
167 162.0 222.0 115.0 47.0 -0.32 -0.62 0.14 0.3 0.12 -0.22
168 155.0 223.0 110.0 46.0 -0.34 -0.58 0.14 0.19 0.17 -0.24
169 149.0 228.0 108.0 48.0 -0.39 -0.51 0.13 0.14 0.18 -0.16
170 141.0 210.0 104.0 46.0 -0.42 -0.51 0.11 0.17 0.06 -0.17
171 136.0 197.0 99.0 43.0 -0.43 -0.56 0.12 0.13 -0.13 -0.05
172 141.0 194.0 101.0 47.0 -0.44 -0.64 0.14 0.22 -0.14 -0.08
173 141.0 201.0 102.0 48.0 -0.48 -0.75 0.17 0.33 -0.01 -0.15
174 136.0 204.0 102.0 45.0 -0.5 -0.8 0.18 0.4 -0.14 -0.25
175 143.0 209.0 104.0 44.0 -0.54 -0.89 0.19 0.34 -0.29 -0.58
176 141.0 204.0 105.0 43.0 -0.62 -1.06 0.21 0.49 -0.36 -1.0
177 136.0 197.0 101.0 46.0 -0.65 -1.18 0.22 0.27 -0.28 -1.04
178 143.0 198.0 104.0 48.0 -0.72 -1.47 0.21 0.22 -0.15 -0.84
179 140.0 195.0 102.0 49.0 -0.82 -1.64 0.16 0.4 -0.17 -0.89
180 135.0 189.0 100.0 48.0 -0.87 -1.67 0.14 0.73 -0.33 -1.1
181 139.0 196.0 102.0 50.0 -1.01 -1.64 0.1 0.75 -0.23 -1.25
182 140.0 197.0 101.0 47.0 -1.16 -1.58 0.07 0.85 -0.02 -1.38
183 136.0 192.0 100.0 45.0 -1.24 -1.57 0.06 0.77 0.14 -1.11
184 149.0 200.0 106.0 48.0 -1.35 -1.62 0.03 0.67 0.35 -1.36
185 152.0 211.0 107.0 50.0 -1.47 -1.74 -0.04 0.6 0.04 -1.49
186 145.0 199.0 102.0 49.0 -1.53 -1.82 -0.06 0.7 0.0 -1.48
187 147.0 199.0 107.0 46.0 -1.64 -1.98 -0.11 0.64 -0.06 -0.79
188 144.0 209.0 105.0 45.0 -1.74 -2.14 -0.14 0.62 0.45 -0.28
189 137.0 221.0 102.0 43.0 -1.82 -2.2 -0.14 -0.03 0.07 -0.23
190 151.0 233.0 109.0 42.0 -1.75 -2.35 -0.16 0.46 0.3 0.0
191 156.0 239.0 109.0 46.0 -1.76 -2.34 -0.19 0.47 0.28 0.11
192 150.0 229.0 105.0 46.0 -1.72 -2.29 -0.19 0.59 0.49 0.39
193 160.0 227.0 112.0 45.0 -1.64 -1.93 -0.22 0.8 0.65 0.39
194 159.0 232.0 109.0 43.0 -1.5 -1.43 -0.28 0.87 0.35 0.39
195 148.0 214.0 104.0 42.0 -1.45 -1.15 -0.36 0.81 0.39 0.31
196 152.0 209.0 109.0 41.0 -0.98 -0.73 -0.39 1.04 1.32 -0.48
197 152.0 211.0 105.0 41.0 -0.09 -0.56 -0.52 -11.85 -9.86 22.41
198 147.0 212.0 105.0 39.0 1.55 -1.37 -0.55 -2.9 -2.02 13.77
199 163.0 226.0 115.0 40.0 1.15 -0.06 -0.21 2.71 1.46 -0.15
200 161.0 248.0 113.0 42.0 0.77 0.74 -0.28 1.23 1.47 -2.18
201 149.0 251.0 105.0 40.0 0.64 1.08 -0.34 -0.31 1.03 -0.87
202 160.0 258.0 111.0 42.0 0.4 0.84 -0.43 -1.12 0.47 0.49
203 162.0 276.0 113.0 44.0 0.19 0.24 -0.35 -1.2 0.37 0.07
204 157.0 278.0 111.0 42.0 0.08 0.08 -0.28 -0.74 0.04 -0.19
205 163.0 281.0 118.0 43.0 0.33 -0.05 -0.21 -0.88 0.03 -0.54
206 157.0 290.0 118.0 43.0 0.43 -0.14 -0.15 -0.71 0.21 -0.04
207 144.0 284.0 116.0 41.0 0.41 -0.22 -0.12 -0.45 0.25 0.15
208 161.0 287.0 122.0 40.0 0.28 -0.4 -0.1 0.01 0.36 0.26
209 166.0 303.0 123.0 45.0 0.1 -0.52 -0.03 0.32 0.27 0.08
210 164.0 301.0 121.0 43.0 0.1 -0.56 0.01 0.68 0.31 0.14
211 180.0 305.0 124.0 45.0 0.12 -0.41 0.04 0.66 0.3 0.2
212 180.0 314.0 127.0 47.0 0.07 -0.19 0.04 0.3 0.35 0.18
213 174.0 307.0 127.0 46.0 0.03 -0.08 0.02 -0.05 0.34 0.07
214 192.0 309.0 133.0 50.0 0.01 0.05 0.02 -0.17 0.28 0.01
215 192.0 314.0 133.0 52.0 0.01 0.05 0.01 -0.34 0.28 -0.09
216 182.0 302.0 131.0 50.0 0.02 0.0 0.01 -0.44 0.28 -0.11
217 182.0 295.0 131.0 51.0 0.03 -0.03 0.01 -0.24 0.27 -0.12
218 177.0 294.0 132.0 49.0 0.02 -0.08 0.01 -0.12 0.24 -0.09
219 164.0 278.0 127.0 47.0 0.03 -0.08 0.01 -0.11 0.24 -0.07
220 159.0 273.0 125.0 46.0 0.03 -0.05 0.01 -0.11 0.28 -0.02
221 151.0 267.0 124.0 45.0 0.02 -0.03 0.01 -0.08 0.24 -0.01
222 152.0 261.0 124.0 45.0 0.02 -0.02 0.01 -0.08 0.22 -0.03
223 160.0 267.0 127.0 46.0 0.01 -0.01 0.01 -0.08 0.23 -0.02
224 156.0 265.0 121.0 46.0 0.02 0.01 0.01 -0.13 0.24 -0.08
225 166.0 261.0 127.0 47.0 0.02 0.02 0.01 -0.17 0.26 -0.08
226 182.0 276.0 132.0 52.0 0.02 0.02 0.0 -0.2 0.26 -0.07
227 181.0 276.0 130.0 52.0 0.03 0.02 -0.0 -0.22 0.26 -0.07
228 179.0 265.0 129.0 51.0 0.03 0.0 -0.01 -0.14 0.26 -0.04
229 177.0 263.0 126.0 51.0 0.02 -0.0 -0.01 -0.15 0.27 -0.04
230 166.0 254.0 123.0 48.0 0.01 -0.01 -0.01 -0.1 0.25 -0.05
231 157.0 239.0 119.0 47.0 0.01 -0.01 -0.01 -0.1 0.2 -0.04
232 160.0 239.0 117.0 47.0 -0.01 -0.02 0.0 -0.1 0.21 -0.04
233 154.0 235.0 111.0 46.0 -0.02 -0.02 0.01 -0.08 0.17 -0.07
234 145.0 223.0 110.0 44.0 -0.02 -0.02 0.01 -0.08 0.2 -0.04
235 148.0 222.0 111.0 44.0 -0.02 -0.02 0.02 -0.09 0.21 -0.05
236 143.0 219.0 110.0 42.0 -0.03 -0.02 0.01 -0.14 0.24 -0.05
237 133.0 207.0 104.0 40.0 -0.03 -0.03 0.01 -0.13 0.24 -0.02
238 127.0 200.0 107.0 39.0 -0.04 -0.03 0.02 -0.09 0.23 -0.06
239 122.0 194.0 104.0 38.0 -0.05 -0.03 0.02 -0.07 0.2 -0.02
240 115.0 187.0 101.0 37.0 -0.05 -0.02 0.02 -0.09 0.17 -0.07
241 113.0 183.0 103.0 39.0 -0.05 -0.02 0.01 -0.11 0.19 -0.09
