1 195.0 220.0 121.0 54.0 -0.04 -0.04 0.01 0.0 0.14 -0.04
2 196.0 220.0 125.0 55.0 -0.03 -0.04 0.01 -0.01 0.15 -0.02
3 191.0 226.0 124.0 55.0 -0.04 -0.03 0.0 0.0 0.12 -0.05
4 186.0 218.0 120.0 53.0 -0.04 -0.03 0.0 -0.01 0.2 -0.02
5 192.0 217.0 124.0 55.0 -0.04 -0.03 0.0 -0.02 0.17 -0.03
6 200.0 226.0 125.0 56.0 -0.04 -0.03 0.0 0.0 0.17 0.0
7 198.0 222.0 122.0 62.0 -0.04 -0.03 0.0 0.02 0.19 -0.02
8 213.0 229.0 127.0 62.0 -0.04 -0.01 0.0 0.0 0.14 -0.04
9 211.0 235.0 124.0 61.0 -0.03 0.0 -0.0 -0.04 0.15 -0.04
10 196.0 221.0 117.0 66.0 -0.03 -0.0 -0.01 -0.05 0.17 -0.03
11 191.0 212.0 119.0 63.0 -0.03 -0.01 -0.0 -0.02 0.15 -0.01
12 192.0 217.0 116.0 62.0 -0.04 -0.01 0.01 0.0 0.13 0.01
13 183.0 208.0 115.0 58.0 -0.04 -0.01 0.01 -0.03 0.13 -0.03
14 186.0 211.0 118.0 60.0 -0.03 -0.0 0.01 -0.03 0.13 -0.04
15 184.0 215.0 115.0 57.0 -0.03 -0.01 0.01 -0.03 0.14 0.0
16 176.0 206.0 113.0 55.0 -0.03 -0.01 0.01 -0.04 0.16 -0.02
17 179.0 221.0 116.0 67.0 -0.04 -0.02 0.02 -0.02 0.16 -0.01
18 182.0 224.0 113.0 63.0 -0.07 -0.03 0.03 0.1 0.19 0.06
19 180.0 230.0 118.0 69.0 -0.08 -0.03 0.04 0.14 0.15 0.09
20 205.0 260.0 129.0 66.0 -0.14 -0.03 0.06 0.16 0.17 0.15
21 200.0 286.0 128.0 93.0 -0.19 -0.05 0.12 0.28 0.2 0.19
22 210.0 290.0 128.0 94.0 -0.21 -0.06 0.14 -0.1 0.15 0.12
23 213.0 278.0 133.0 108.0 -0.14 0.13 0.13 -0.21 0.18 0.02
24 217.0 272.0 133.0 121.0 0.09 0.4 0.08 -0.03 0.34 0.15
25 247.0 297.0 142.0 104.0 0.17 0.45 0.06 0.06 0.18 0.54
26 275.0 314.0 147.0 100.0 0.2 0.52 0.06 0.8 0.4 1.0
27 271.0 333.0 145.0 104.0 0.3 0.63 0.07 0.33 0.24 1.3
28 256.0 331.0 145.0 102.0 0.34 0.64 0.12 -0.72 0.29 1.66
29 265.0 357.0 147.0 102.0 0.45 0.68 0.12 -0.57 0.5 1.73
30 256.0 371.0 144.0 93.0 0.57 0.76 0.05 -1.4 -0.34 1.96
31 261.0 402.0 144.0 85.0 0.87 0.72 0.05 -1.24 0.25 2.02
32 272.0 425.0 152.0 82.0 1.02 0.64 0.14 -0.81 0.88 1.98
33 286.0 504.0 150.0 81.0 1.32 0.74 0.21 -0.74 0.91 1.92
34 313.0 496.0 151.0 82.0 1.45 0.9 0.22 -0.48 0.82 1.59
35 307.0 516.0 168.0 79.0 1.65 1.22 0.22 -0.44 0.96 1.38
36 282.0 524.0 161.0 82.0 1.6 1.27 0.21 -0.53 1.12 1.49
37 277.0 506.0 164.0 76.0 1.57 1.2 0.19 0.15 1.38 1.16
38 325.0 493.0 172.0 81.0 1.5 1.26 0.14 0.09 1.15 0.94
39 302.0 461.0 170.0 81.0 1.43 1.23 0.05 0.6 1.1 0.37
40 329.0 455.0 179.0 79.0 1.37 1.29 0.0 0.57 0.8 -0.03
41 366.0 439.0 170.0 75.0 1.22 1.37 -0.02 0.49 0.57 0.01
42 348.0 424.0 167.0 77.0 1.14 1.43 -0.05 0.09 0.5 -0.16
43 336.0 442.0 162.0 72.0 1.08 1.52 -0.08 -0.1 0.24 0.0
44 322.0 415.0 165.0 70.0 0.94 1.55 -0.14 -0.16 0.08 0.06
45 419.0 414.0 162.0 71.0 0.8 1.49 -0.21 0.01 0.09 -0.17
46 377.0 445.0 163.0 68.0 0.76 1.53 -0.26 0.54 0.1 -0.46
47 336.0 425.0 167.0 69.0 0.69 1.7 -0.33 1.26 -0.03 -0.96
48 299.0 458.0 160.0 67.0 0.63 2.0 -0.3 1.2 -0.2 -1.12
49 311.0 482.0 160.0 65.0 0.6 2.02 -0.3 0.48 -0.45 -1.17
50 314.0 462.0 156.0 73.0 0.55 1.68 -0.29 0.31 -0.59 -1.14
51 350.0 461.0 148.0 68.0 0.5 1.17 -0.29 0.6 -0.65 -0.86
52 320.0 431.0 146.0 72.0 0.47 0.97 -0.3 0.84 -0.83 -0.81
53 356.0 452.0 148.0 68.0 0.4 0.82 -0.3 0.9 -0.8 -0.92
54 319.0 446.0 150.0 67.0 0.28 1.04 -0.29 0.26 -0.91 -0.86
55 333.0 433.0 144.0 64.0 0.21 1.11 -0.3 0.44 -1.44 -0.56
56 323.0 404.0 148.0 65.0 0.08 1.18 -0.31 0.79 -1.61 -0.31
57 330.0 418.0 141.0 58.0 -0.0 1.07 -0.26 0.88 -1.43 -0.63
58 334.0 396.0 136.0 56.0 -0.03 0.94 -0.21 0.7 -1.28 -0.89
59 316.0 371.0 139.0 59.0 -0.06 0.55 -0.12 0.75 -1.15 -0.83
60 292.0 384.0 142.0 60.0 -0.03 0.21 -0.06 0.8 -1.14 -0.68
61 262.0 385.0 138.0 57.0 -0.03 0.12 -0.05 0.7 -0.99 -0.3
62 280.0 377.0 154.0 60.0 0.02 0.04 -0.05 0.73 -0.94 -0.32
63 268.0 398.0 150.0 56.0 0.04 -0.0 -0.05 0.97 -0.58 -0.25
64 306.0 360.0 156.0 56.0 0.05 -0.03 -0.05 0.71 -0.37 -0.21
65 297.0 370.0 152.0 57.0 0.04 -0.1 -0.05 0.72 -0.33 -0.24
66 262.0 352.0 147.0 54.0 0.03 -0.12 -0.05 0.61 -0.25 -0.03
67 307.0 345.0 156.0 55.0 0.03 -0.11 -0.05 0.51 -0.19 -0.22
68 312.0 353.0 157.0 55.0 0.02 0.02 -0.04 0.4 -0.16 -0.15
69 300.0 357.0 154.0 52.0 0.02 0.05 -0.01 -0.02 -0.2 0.07
70 323.0 356.0 148.0 52.0 0.02 -0.02 -0.01 -0.05 -0.09 0.03
71 326.0 372.0 151.0 53.0 0.03 -0.19 -0.0 0.01 0.02 0.06
72 324.0 369.0 150.0 59.0 0.03 -0.2 0.0 0.16 0.01 0.06
73 353.0 406.0 155.0 60.0 0.01 -0.13 -0.0 0.21 -0.09 0.01
74 355.0 374.0 155.0 61.0 -0.01 -0.0 0.01 0.15 -0.06 0.06
75 326.0 362.0 158.0 58.0 -0.01 0.01 0.0 0.07 0.0 0.0
76 325.0 340.0 148.0 58.0 -0.01 -0.02 0.01 0.07 0.0 0.18
77 310.0 331.0 157.0 58.0 -0.01 -0.06 -0.0 0.04 0.06 0.14
78 294.0 316.0 160.0 63.0 -0.01 -0.13 -0.01 0.11 0.14 -0.03
79 290.0 337.0 157.0 59.0 -0.01 -0.14 -0.01 0.05 0.04 0.11
80 310.0 344.0 157.0 57.0 -0.01 -0.08 -0.01 0.06 0.03 0.17
81 297.0 317.0 162.0 61.0 -0.03 0.01 -0.01 0.07 -0.01 0.24
82 293.0 369.0 156.0 57.0 -0.04 0.03 -0.0 0.11 -0.18 0.1
83 298.0 357.0 160.0 57.0 -0.06 0.0 -0.0 0.1 -0.2 0.06
84 326.0 364.0 154.0 55.0 -0.06 -0.05 -0.01 0.09 -0.21 -0.37
85 332.0 356.0 159.0 51.0 -0.06 -0.1 -0.01 0.24 -0.05 -0.33
86 335.0 342.0 154.0 53.0 -0.05 -0.19 -0.02 0.2 -0.05 -0.11
87 332.0 350.0 154.0 51.0 -0.04 -0.28 -0.02 0.15 -0.09 0.05
88 290.0 315.0 146.0 49.0 -0.04 -0.28 -0.03 0.3 -0.18 0.11
89 276.0 338.0 149.0 50.0 -0.03 -0.18 -0.03 0.35 -0.18 0.02
90 259.0 330.0 143.0 49.0 -0.05 0.0 -0.01 0.16 -0.18 0.02
91 281.0 329.0 139.0 51.0 -0.05 0.04 -0.01 0.06 -0.07 -0.12
92 282.0 334.0 148.0 54.0 -0.05 0.02 -0.01 0.05 -0.09 -0.1
93 299.0 321.0 146.0 50.0 -0.05 0.01 -0.0 0.0 -0.03 0.0
94 271.0 327.0 148.0 57.0 -0.04 -0.01 -0.01 0.06 0.0 -0.07
95 271.0 324.0 148.0 59.0 -0.03 -0.01 -0.02 0.15 0.01 -0.07
96 254.0 305.0 156.0 63.0 -0.01 0.06 0.0 0.21 -0.1 -0.31
97 322.0 325.0 157.0 63.0 0.01 0.07 0.03 -0.08 -0.14 -0.18
98 321.0 331.0 163.0 63.0 0.02 0.03 0.08 -0.15 -0.11 -0.03
99 295.0 358.0 159.0 58.0 0.02 -0.09 0.1 -0.32 -0.11 0.14
100 306.0 363.0 164.0 57.0 0.01 -0.15 0.11 0.02 -0.02 0.19
101 297.0 361.0 170.0 56.0 -0.01 -0.12 0.1 0.09 0.01 0.19
102 338.0 369.0 171.0 66.0 -0.04 -0.03 0.08 0.21 0.01 -0.01
103 316.0 357.0 169.0 62.0 -0.05 0.0 0.07 0.14 0.0 -0.14
104 290.0 347.0 174.0 63.0 -0.06 -0.04 0.05 0.0 0.01 -0.09
105 322.0 358.0 178.0 63.0 -0.04 -0.18 0.03 0.0 0.0 -0.02
106 305.0 369.0 175.0 57.0 -0.04 -0.22 0.03 0.07 0.05 0.25
107 314.0 365.0 176.0 65.0 -0.03 -0.21 0.02 0.11 0.06 0.26
108 311.0 370.0 178.0 67.0 -0.03 -0.03 0.01 0.14 0.05 0.24
109 288.0 355.0 187.0 67.0 -0.02 0.05 0.01 -0.1 -0.03 -0.01
110 280.0 335.0 183.0 64.0 -0.01 0.14 -0.0 -0.09 -0.05 0.02
111 297.0 334.0 177.0 62.0 0.01 0.08 -0.0 -0.16 0.01 0.05
112 253.0 336.0 176.0 61.0 0.01 0.03 0.0 -0.1 0.06 0.06
113 261.0 360.0 188.0 63.0 -0.01 -0.03 0.0 0.05 0.12 0.01
114 257.0 366.0 185.0 66.0 -0.03 -0.03 0.01 0.1 0.01 0.03
115 268.0 354.0 174.0 68.0 -0.04 -0.02 0.01 0.06 -0.02 0.05
116 274.0 348.0 177.0 64.0 -0.04 -0.0 0.01 0.02 -0.07 0.15
117 257.0 315.0 174.0 60.0 -0.02 0.01 0.01 -0.02 -0.04 0.1
118 295.0 310.0 171.0 58.0 -0.01 0.01 0.01 -0.03 -0.06 0.06
119 281.0 334.0 175.0 63.0 0.0 0.01 0.02 0.06 -0.14 0.16
120 270.0 306.0 175.0 68.0 0.0 0.02 0.03 0.1 -0.1 0.0
121 264.0 319.0 170.0 71.0 0.0 0.03 0.04 0.14 -0.12 -0.06
122 252.0 395.0 178.0 69.0 -0.01 -0.01 0.04 0.16 -0.12 -0.13
123 235.0 377.0 176.0 64.0 -0.02 -0.03 0.04 0.21 -0.02 -0.14
124 265.0 346.0 171.0 61.0 -0.03 -0.03 0.04 0.27 0.03 -0.14
125 243.0 341.0 167.0 59.0 -0.03 -0.0 0.03 0.21 -0.01 -0.11
126 243.0 346.0 166.0 57.0 -0.03 0.01 0.01 0.25 -0.03 -0.11
127 236.0 326.0 164.0 56.0 -0.03 0.01 0.01 0.24 -0.08 -0.25
128 227.0 340.0 167.0 57.0 -0.02 0.02 0.02 0.18 -0.06 -0.23
129 220.0 333.0 167.0 56.0 -0.03 0.01 0.01 0.13 -0.04 -0.11
130 224.0 321.0 176.0 64.0 -0.04 0.0 0.01 0.12 0.01 -0.05
131 216.0 313.0 172.0 63.0 -0.05 0.02 -0.0 0.14 -0.03 -0.13
132 199.0 320.0 171.0 60.0 -0.07 0.04 -0.0 0.1 -0.15 -0.1
133 198.0 350.0 171.0 59.0 -0.07 0.04 0.0 0.11 -0.22 -0.11
134 210.0 336.0 178.0 64.0 -0.08 0.02 0.02 0.11 -0.21 -0.24
135 204.0 331.0 174.0 65.0 -0.09 0.01 0.05 0.06 -0.27 -0.31
136 204.0 317.0 173.0 63.0 -0.11 0.0 0.07 0.06 -0.23 -0.24
137 216.0 303.0 171.0 74.0 -0.15 -0.01 0.11 0.13 -0.27 -0.27
138 224.0 295.0 167.0 66.0 -0.19 -0.01 0.14 0.15 -0.31 -0.2
139 218.0 289.0 166.0 72.0 -0.22 0.01 0.16 0.16 -0.27 -0.19
140 219.0 305.0 168.0 70.0 -0.29 0.04 0.18 0.21 -0.39 -0.05
141 219.0 307.0 166.0 63.0 -0.34 0.02 0.19 0.48 -0.61 -0.15
142 206.0 277.0 163.0 70.0 -0.35 -0.01 0.2 0.36 -0.64 -0.18
143 207.0 263.0 163.0 65.0 -0.32 -0.14 0.22 0.36 -0.78 -0.57
144 200.0 251.0 169.0 74.0 -0.34 -0.21 0.27 0.53 -0.91 -0.38
145 212.0 249.0 159.0 70.0 -0.35 -0.24 0.29 0.57 -0.96 -0.29
146 217.0 241.0 180.0 142.0 -0.42 -0.3 0.35 0.42 -1.15 -0.31
147 254.0 247.0 176.0 189.0 -0.51 -0.49 0.42 0.1 -1.08 -0.16
148 285.0 234.0 188.0 199.0 -0.56 -0.69 0.46 0.58 -0.91 0.31
149 268.0 236.0 184.0 168.0 -0.65 -1.12 0.53 0.59 -1.07 0.65
150 271.0 232.0 192.0 145.0 -0.7 -1.34 0.55 0.36 -0.64 0.49
151 299.0 230.0 180.0 127.0 -0.73 -1.43 0.54 0.15 -0.55 0.16
152 268.0 232.0 176.0 114.0 -0.78 -1.5 0.44 0.84 -0.16 -0.76
153 256.0 234.0 176.0 110.0 -0.86 -1.42 0.36 1.08 0.23 -1.22
154 260.0 282.0 173.0 104.0 -0.89 -1.34 0.31 1.29 0.32 -1.5
155 258.0 320.0 180.0 91.0 -0.98 -1.09 0.18 1.86 0.22 -1.92
156 237.0 313.0 173.0 88.0 -1.06 -0.97 0.04 1.69 0.01 -2.21
157 235.0 294.0 171.0 80.0 -1.09 -0.94 -0.01 1.64 -0.06 -2.03
158 246.0 284.0 169.0 81.0 -1.17 -1.16 -0.1 1.07 0.28 -1.53
159 234.0 273.0 166.0 71.0 -1.26 -1.56 -0.25 1.44 1.05 -1.07
160 222.0 264.0 161.0 77.0 -1.3 -1.73 -0.33 1.77 1.13 -1.1
161 227.0 262.0 161.0 77.0 -1.4 -1.91 -0.5 1.98 0.98 -1.21
162 224.0 261.0 161.0 80.0 -1.49 -1.83 -0.63 2.01 0.6 -1.27
163 282.0 253.0 162.0 82.0 -1.51 -1.69 -0.67 2.3 0.72 -1.1
164 316.0 266.0 175.0 132.0 -1.62 -1.24 -0.68 1.07 0.42 -0.05
165 286.0 264.0 176.0 129.0 -1.55 -0.79 -0.81 -0.08 0.34 0.56
166 263.0 247.0 165.0 110.0 -1.57 -0.68 -0.86 -0.83 -0.19 1.02
167 253.0 244.0 159.0 100.0 -1.54 -0.99 -0.88 -1.06 -0.13 1.26
168 258.0 242.0 157.0 102.0 -1.49 -1.45 -0.87 -0.47 0.32 0.23
169 268.0 235.0 153.0 93.0 -1.42 -1.59 -0.83 -0.04 0.61 0.01
170 316.0 241.0 161.0 96.0 -1.02 -1.62 -0.61 0.73 1.24 0.28
171 356.0 247.0 168.0 92.0 -1.06 -0.88 -0.61 2.33 1.07 -0.87
172 327.0 241.0 167.0 95.0 -0.85 -0.12 -0.35 -4.68 0.78 2.37
173 327.0 247.0 168.0 88.0 0.31 -2.78 -0.55 -4.29 1.98 11.59
174 371.0 255.0 169.0 83.0 0.67 -2.23 0.24 4.14 1.49 -0.06
175 345.0 256.0 171.0 79.0 0.86 -0.13 0.07 3.1 0.93 -0.9
176 354.0 272.0 186.0 79.0 0.9 1.01 -0.06 0.48 1.22 0.22
177 340.0 274.0 186.0 77.0 0.22 0.29 -0.23 1.12 0.15 -0.06
178 310.0 256.0 180.0 75.0 0.13 0.11 -0.34 -0.61 -0.04 -0.07
179 301.0 256.0 184.0 73.0 0.02 -0.16 -0.16 -0.73 0.06 0.2
180 295.0 257.0 177.0 75.0 0.09 -0.19 -0.1 -0.54 0.22 -0.17
181 276.0 245.0 171.0 72.0 0.09 -0.14 -0.01 -0.43 0.14 -0.08
182 274.0 245.0 170.0 71.0 0.15 -0.1 -0.01 -0.27 0.32 -0.01
183 264.0 244.0 169.0 68.0 0.04 -0.22 0.04 -0.1 0.22 -0.14
184 296.0 248.0 174.0 71.0 0.04 -0.28 0.03 0.0 0.25 -0.12
185 321.0 270.0 185.0 74.0 0.03 -0.33 0.05 0.2 0.27 0.05
186 311.0 275.0 182.0 73.0 0.04 -0.25 0.04 0.23 0.29 0.11
187 308.0 270.0 178.0 71.0 0.06 -0.17 0.03 0.23 0.35 0.15
188 320.0 285.0 178.0 71.0 0.02 0.02 0.0 0.1 0.31 0.08
189 305.0 280.0 173.0 72.0 0.04 0.09 -0.01 -0.16 0.3 -0.08
190 293.0 264.0 169.0 71.0 0.05 0.09 -0.02 -0.22 0.31 -0.08
191 291.0 262.0 169.0 69.0 0.07 0.04 -0.02 -0.23 0.28 -0.1
192 286.0 256.0 165.0 66.0 0.06 -0.02 -0.01 -0.15 0.23 -0.07
193 288.0 243.0 161.0 67.0 0.06 -0.05 -0.0 -0.09 0.24 -0.03
194 282.0 251.0 171.0 64.0 0.06 -0.07 -0.0 0.07 0.28 0.03
195 277.0 251.0 165.0 66.0 0.04 -0.05 0.0 0.11 0.28 0.01
196 285.0 257.0 170.0 68.0 0.03 -0.03 0.0 0.08 0.28 0.04
197 313.0 275.0 176.0 70.0 0.01 0.02 -0.01 0.01 0.22 0.01
198 299.0 271.0 167.0 72.0 0.01 0.05 -0.01 -0.08 0.33 0.0
199 290.0 264.0 163.0 71.0 0.01 0.05 -0.01 -0.13 0.33 -0.03
200 282.0 262.0 159.0 75.0 -0.0 0.03 -0.02 -0.17 0.27 -0.08
201 252.0 244.0 146.0 70.0 -0.01 -0.01 -0.01 -0.03 0.23 -0.01
202 247.0 235.0 153.0 74.0 -0.02 -0.02 -0.0 0.0 0.23 -0.03
203 263.0 252.0 160.0 72.0 -0.03 -0.01 0.0 0.08 0.18 0.0
204 259.0 254.0 154.0 72.0 -0.03 0.02 0.02 0.01 0.22 -0.03
205 263.0 250.0 152.0 71.0 -0.04 0.02 0.02 -0.06 0.22 -0.07
206 259.0 251.0 152.0 70.0 -0.04 0.03 0.02 -0.12 0.28 -0.05
207 243.0 240.0 148.0 66.0 -0.04 0.0 0.02 -0.14 0.29 -0.03
208 229.0 232.0 144.0 66.0 -0.04 -0.01 0.01 -0.11 0.26 -0.04
209 243.0 240.0 149.0 67.0 -0.04 -0.02 0.01 0.01 0.25 0.0
