1 183.0 210.0 121.0 58.0 0.01 0.01 0.0 -0.09 0.17 -0.05
2 203.0 221.0 130.0 59.0 0.01 0.01 0.0 -0.11 0.18 -0.04
3 207.0 233.0 132.0 59.0 0.02 -0.01 -0.01 -0.04 0.18 -0.02
4 193.0 215.0 125.0 55.0 0.01 -0.02 -0.01 -0.03 0.21 -0.03
5 204.0 218.0 132.0 59.0 0.01 -0.02 -0.01 0.0 0.21 -0.02
6 205.0 224.0 132.0 58.0 -0.0 -0.03 -0.0 0.0 0.15 -0.02
7 194.0 214.0 128.0 58.0 -0.0 -0.03 0.0 0.02 0.12 -0.01
8 198.0 213.0 132.0 59.0 -0.01 -0.02 0.0 -0.03 0.11 -0.02
9 193.0 217.0 128.0 61.0 -0.0 -0.01 0.01 -0.03 0.13 -0.02
10 178.0 208.0 125.0 56.0 -0.0 -0.0 0.01 -0.1 0.12 -0.04
11 187.0 212.0 130.0 58.0 -0.01 0.0 0.01 -0.06 0.12 -0.06
12 200.0 228.0 133.0 59.0 0.0 -0.01 0.01 -0.02 0.18 0.0
13 194.0 226.0 130.0 59.0 -0.0 -0.01 0.0 -0.02 0.2 -0.04
14 211.0 232.0 141.0 58.0 0.0 -0.02 0.0 0.0 0.19 -0.01
15 216.0 242.0 140.0 58.0 0.0 -0.02 0.0 -0.01 0.19 -0.01
16 201.0 227.0 130.0 55.0 -0.0 -0.01 -0.01 0.01 0.17 -0.02
17 194.0 219.0 127.0 54.0 -0.01 -0.0 -0.01 -0.01 0.17 -0.01
18 189.0 218.0 124.0 64.0 -0.01 0.0 -0.01 -0.02 0.15 -0.02
19 174.0 205.0 114.0 61.0 -0.02 -0.0 -0.0 -0.05 0.14 -0.02
20 179.0 204.0 120.0 59.0 -0.02 -0.01 -0.0 -0.01 0.15 0.0
21 182.0 217.0 123.0 64.0 -0.05 -0.03 0.01 0.08 0.16 0.05
22 209.0 226.0 127.0 60.0 -0.08 -0.04 0.02 0.53 0.17 0.31
23 255.0 270.0 132.0 70.0 -0.18 -0.05 0.05 0.62 0.13 0.2
24 264.0 285.0 140.0 91.0 -0.17 0.16 0.05 0.3 0.01 -0.12
25 282.0 294.0 139.0 125.0 -0.09 0.34 0.03 -0.13 0.26 -0.01
26 279.0 320.0 148.0 122.0 0.05 0.41 -0.03 -0.19 0.25 0.0
27 297.0 355.0 153.0 111.0 0.08 0.27 -0.01 -0.52 0.13 0.42
28 300.0 349.0 148.0 108.0 0.22 0.24 0.04 -0.26 0.53 0.7
29 312.0 362.0 157.0 105.0 0.31 0.31 0.04 -0.09 0.61 0.95
30 313.0 381.0 158.0 101.0 0.55 0.59 0.04 -0.31 0.59 1.07
31 281.0 361.0 149.0 96.0 0.55 0.73 -0.0 -1.17 0.61 1.99
32 277.0 356.0 149.0 85.0 0.51 0.8 -0.01 -0.53 0.5 2.25
33 273.0 392.0 149.0 86.0 0.53 1.07 -0.04 -2.01 0.39 3.07
34 252.0 366.0 146.0 79.0 0.75 0.97 -0.13 -1.42 -0.34 2.59
35 258.0 402.0 145.0 81.0 1.06 0.73 0.01 -1.29 0.82 2.03
36 320.0 414.0 144.0 76.0 1.45 0.94 0.14 -1.13 1.01 1.83
37 287.0 449.0 138.0 72.0 1.59 1.09 0.21 -0.96 1.14 2.35
38 310.0 523.0 142.0 78.0 1.66 1.48 0.29 -0.8 1.13 2.13
39 287.0 508.0 144.0 75.0 1.68 1.48 0.28 -0.45 1.08 1.45
40 271.0 474.0 140.0 75.0 1.62 1.34 0.3 0.16 1.23 0.43
41 327.0 465.0 155.0 70.0 1.54 1.37 0.29 0.29 0.94 0.18
42 298.0 471.0 159.0 75.0 1.47 1.53 0.3 0.55 0.94 0.07
43 258.0 448.0 152.0 69.0 1.38 1.64 0.25 0.66 0.62 0.26
44 316.0 442.0 159.0 67.0 1.33 1.65 0.22 0.61 0.5 0.19
45 354.0 435.0 157.0 70.0 1.23 1.64 0.11 0.61 0.3 -0.58
46 384.0 398.0 152.0 68.0 1.18 1.64 0.08 0.85 0.14 -0.88
47 401.0 426.0 156.0 63.0 1.05 1.67 0.01 1.12 0.02 -1.0
48 368.0 404.0 157.0 62.0 0.95 1.74 -0.1 1.08 0.0 -0.82
49 402.0 378.0 155.0 63.0 0.88 1.76 -0.15 1.04 -0.25 -0.96
50 390.0 368.0 153.0 61.0 0.8 1.75 -0.26 1.21 -0.3 -1.03
51 374.0 373.0 147.0 65.0 0.68 1.55 -0.34 1.37 -0.35 -1.09
52 338.0 393.0 143.0 61.0 0.67 1.38 -0.41 1.24 -0.59 -1.08
53 455.0 417.0 136.0 63.0 0.66 1.31 -0.45 1.03 -0.72 -0.93
54 402.0 434.0 139.0 62.0 0.63 1.17 -0.46 0.64 -0.62 -0.76
55 380.0 397.0 132.0 58.0 0.59 1.09 -0.47 0.21 -0.79 -0.66
56 369.0 421.0 136.0 57.0 0.5 0.91 -0.5 0.0 -0.95 -0.86
57 351.0 405.0 145.0 63.0 0.36 0.75 -0.48 0.42 -1.12 -0.88
58 346.0 381.0 161.0 60.0 0.33 0.72 -0.45 0.21 -1.16 -0.93
59 332.0 406.0 182.0 63.0 0.3 0.76 -0.38 0.05 -1.12 -0.85
60 330.0 398.0 182.0 68.0 0.27 0.6 -0.3 -0.14 -1.16 -0.61
61 317.0 385.0 191.0 65.0 0.25 0.3 -0.23 -0.23 -1.04 -0.49
62 389.0 441.0 179.0 63.0 0.24 0.15 -0.19 -0.04 -0.96 -0.48
63 353.0 466.0 166.0 62.0 0.19 -0.02 -0.13 0.27 -0.84 -0.37
64 308.0 425.0 162.0 57.0 0.17 -0.04 -0.09 0.45 -0.76 -0.32
65 328.0 437.0 202.0 58.0 0.16 0.02 -0.05 0.41 -0.7 -0.31
66 327.0 408.0 182.0 59.0 0.13 0.13 -0.01 0.44 -0.66 -0.02
67 318.0 393.0 179.0 56.0 0.1 0.2 -0.01 0.4 -0.57 -0.13
68 301.0 495.0 184.0 66.0 0.07 0.23 -0.01 0.45 -0.57 -0.25
69 311.0 468.0 183.0 59.0 0.02 0.24 -0.03 0.67 -0.49 -0.44
70 365.0 435.0 182.0 56.0 -0.02 0.39 -0.04 0.64 -0.48 -0.69
71 354.0 442.0 174.0 55.0 -0.05 0.45 -0.04 0.57 -0.46 -0.52
72 325.0 455.0 166.0 54.0 -0.07 0.31 -0.03 0.48 -0.44 -0.22
73 321.0 451.0 155.0 51.0 -0.07 0.17 -0.03 0.47 -0.42 -0.13
74 294.0 450.0 153.0 52.0 -0.05 -0.03 -0.01 0.52 -0.32 -0.07
75 325.0 490.0 158.0 49.0 -0.04 -0.02 -0.01 0.45 -0.26 -0.08
76 296.0 475.0 147.0 47.0 -0.03 0.02 -0.01 0.41 -0.13 0.02
77 279.0 431.0 151.0 47.0 -0.03 0.06 -0.04 0.4 -0.12 0.03
78 262.0 418.0 143.0 43.0 -0.01 0.09 -0.05 0.41 -0.14 0.0
79 265.0 380.0 133.0 42.0 -0.01 0.13 -0.06 0.24 -0.05 0.01
80 305.0 374.0 150.0 42.0 -0.0 0.15 -0.07 0.17 -0.08 -0.06
81 328.0 353.0 139.0 41.0 -0.04 0.22 -0.05 0.05 -0.1 -0.12
82 294.0 316.0 152.0 40.0 -0.05 0.23 -0.05 -0.05 -0.11 -0.14
83 270.0 359.0 149.0 41.0 -0.06 0.22 -0.05 -0.13 -0.08 -0.2
84 272.0 345.0 151.0 40.0 -0.06 0.11 -0.03 -0.12 -0.06 -0.16
85 286.0 354.0 147.0 39.0 -0.05 0.09 -0.03 -0.02 -0.03 -0.11
86 275.0 333.0 138.0 43.0 -0.05 0.07 -0.01 -0.07 0.0 -0.07
87 296.0 329.0 137.0 42.0 -0.06 0.04 -0.01 -0.11 0.01 0.0
88 257.0 342.0 139.0 43.0 -0.06 0.03 -0.01 0.03 0.02 0.06
89 295.0 329.0 155.0 42.0 -0.08 0.06 0.0 0.06 0.03 0.08
90 267.0 300.0 157.0 45.0 -0.07 0.08 0.01 0.06 -0.09 0.15
91 268.0 303.0 150.0 44.0 -0.06 0.07 0.01 0.0 -0.11 0.07
92 261.0 302.0 148.0 43.0 -0.04 -0.01 0.03 0.01 -0.08 0.09
93 260.0 326.0 148.0 42.0 -0.02 -0.08 0.05 0.17 -0.15 0.1
94 239.0 350.0 149.0 40.0 -0.02 -0.07 0.05 0.29 -0.19 0.03
95 297.0 347.0 149.0 42.0 -0.03 -0.0 0.05 0.3 -0.18 -0.07
96 278.0 338.0 150.0 43.0 -0.04 0.03 0.03 0.22 -0.14 -0.19
97 260.0 310.0 149.0 41.0 -0.05 0.03 0.02 0.2 -0.04 -0.07
98 239.0 312.0 154.0 43.0 -0.06 -0.01 0.02 0.18 -0.01 -0.02
99 215.0 290.0 150.0 45.0 -0.05 -0.02 0.01 0.2 -0.06 0.03
100 242.0 281.0 151.0 45.0 -0.04 0.0 0.01 0.17 -0.08 0.06
101 228.0 272.0 146.0 42.0 -0.02 0.0 -0.0 0.07 -0.12 0.09
102 208.0 289.0 148.0 42.0 -0.01 0.0 -0.0 0.05 -0.06 0.02
103 223.0 322.0 149.0 42.0 -0.02 0.01 0.0 0.04 -0.1 -0.01
104 206.0 320.0 152.0 42.0 -0.03 0.03 0.0 0.02 -0.09 -0.1
105 186.0 297.0 151.0 41.0 -0.04 0.04 0.02 -0.1 -0.11 -0.13
106 242.0 299.0 154.0 41.0 -0.04 0.03 0.02 -0.03 -0.1 -0.15
107 241.0 308.0 152.0 40.0 -0.04 -0.01 0.03 0.0 -0.05 -0.09
108 249.0 276.0 157.0 39.0 -0.05 -0.03 0.03 0.04 -0.01 -0.09
109 221.0 280.0 155.0 39.0 -0.05 -0.06 0.03 0.16 0.02 -0.02
110 197.0 312.0 153.0 39.0 -0.06 -0.09 0.03 0.2 0.0 0.01
111 199.0 307.0 150.0 41.0 -0.06 -0.07 0.01 0.25 -0.08 -0.06
112 214.0 303.0 152.0 40.0 -0.05 -0.05 0.01 0.23 -0.12 -0.08
113 191.0 310.0 149.0 39.0 -0.05 -0.02 -0.0 0.13 -0.04 -0.06
114 179.0 294.0 142.0 38.0 -0.05 -0.04 -0.01 0.13 0.08 -0.02
115 166.0 292.0 143.0 38.0 -0.05 -0.05 -0.02 0.08 0.02 0.11
116 155.0 328.0 148.0 37.0 -0.06 -0.05 -0.02 0.13 -0.01 0.16
117 187.0 312.0 148.0 37.0 -0.06 0.04 -0.02 0.04 -0.1 0.12
118 185.0 342.0 151.0 38.0 -0.05 0.06 -0.01 -0.09 -0.03 -0.1
119 182.0 316.0 154.0 38.0 -0.04 0.04 -0.0 -0.14 -0.03 -0.09
120 168.0 305.0 147.0 36.0 -0.03 -0.04 -0.0 -0.04 0.05 -0.05
121 175.0 300.0 151.0 38.0 -0.03 -0.06 0.0 0.0 0.05 0.0
122 169.0 328.0 149.0 38.0 -0.03 -0.07 0.01 0.14 0.01 -0.03
123 157.0 341.0 150.0 37.0 -0.03 -0.06 0.0 0.09 -0.01 0.03
124 176.0 320.0 150.0 37.0 -0.03 -0.05 -0.0 0.1 -0.03 0.0
125 213.0 329.0 160.0 38.0 -0.03 -0.01 -0.0 0.08 -0.01 0.1
126 198.0 320.0 161.0 38.0 -0.03 -0.01 -0.01 -0.02 0.0 0.04
127 182.0 298.0 161.0 34.0 -0.03 -0.01 -0.01 0.02 0.01 -0.03
128 165.0 305.0 155.0 38.0 -0.03 -0.02 -0.02 0.02 0.01 -0.08
129 153.0 327.0 161.0 38.0 -0.04 -0.03 -0.01 -0.06 -0.05 -0.06
130 150.0 318.0 157.0 38.0 -0.04 -0.04 0.0 -0.02 -0.08 -0.04
131 147.0 304.0 156.0 39.0 -0.04 -0.06 0.0 0.01 -0.09 -0.12
132 166.0 306.0 152.0 39.0 -0.05 -0.05 0.0 0.03 0.01 -0.06
133 185.0 302.0 162.0 39.0 -0.05 -0.04 0.01 0.03 0.0 -0.06
134 209.0 303.0 159.0 38.0 -0.05 -0.02 0.01 -0.01 0.05 -0.11
135 192.0 304.0 163.0 38.0 -0.05 -0.03 0.01 -0.03 0.03 0.01
136 182.0 289.0 150.0 37.0 -0.04 -0.03 0.02 -0.02 -0.05 0.12
137 168.0 284.0 152.0 36.0 -0.02 -0.01 0.02 0.0 -0.08 0.06
138 154.0 279.0 156.0 37.0 -0.0 0.02 0.03 0.0 -0.02 -0.08
139 138.0 273.0 153.0 36.0 -0.0 0.02 0.03 0.0 -0.02 -0.09
140 143.0 312.0 160.0 44.0 -0.01 -0.01 0.04 0.0 0.0 -0.09
141 142.0 322.0 163.0 44.0 -0.01 -0.02 0.05 0.11 0.0 -0.17
142 131.0 352.0 158.0 43.0 -0.01 -0.02 0.05 0.05 -0.06 -0.12
143 126.0 317.0 154.0 42.0 -0.01 -0.04 0.05 0.1 -0.13 -0.08
144 118.0 310.0 153.0 40.0 -0.01 -0.05 0.07 0.11 -0.14 -0.17
145 122.0 283.0 154.0 39.0 -0.01 -0.07 0.07 0.09 -0.18 -0.14
146 116.0 306.0 152.0 38.0 -0.03 -0.07 0.08 0.18 -0.21 -0.15
147 125.0 282.0 150.0 37.0 -0.06 -0.08 0.11 0.09 -0.3 -0.21
148 135.0 288.0 150.0 37.0 -0.07 -0.07 0.12 0.06 -0.36 -0.23
149 128.0 262.0 149.0 36.0 -0.09 -0.08 0.15 0.0 -0.41 -0.31
150 122.0 237.0 147.0 37.0 -0.11 -0.12 0.18 0.22 -0.54 -0.22
151 122.0 227.0 145.0 37.0 -0.13 -0.14 0.22 0.25 -0.32 -0.39
152 121.0 218.0 143.0 38.0 -0.18 -0.21 0.25 0.19 -0.28 -0.45
153 127.0 205.0 142.0 38.0 -0.25 -0.35 0.26 0.23 -0.33 -0.31
154 127.0 197.0 141.0 37.0 -0.31 -0.44 0.27 0.33 -0.42 -0.35
155 145.0 194.0 143.0 40.0 -0.41 -0.56 0.31 0.47 -0.54 -0.1
156 142.0 211.0 143.0 40.0 -0.46 -0.79 0.32 0.41 -0.72 -0.04
157 139.0 240.0 145.0 53.0 -0.43 -0.88 0.3 0.57 -0.77 -0.17
158 145.0 244.0 142.0 53.0 -0.33 -0.99 0.28 0.63 -0.59 -0.55
159 142.0 236.0 143.0 51.0 -0.4 -1.05 0.27 1.35 -0.51 -0.09
160 140.0 216.0 141.0 49.0 -0.45 -1.05 0.26 1.48 -0.45 0.2
161 157.0 212.0 140.0 49.0 -0.57 -1.08 0.24 1.17 -0.61 0.18
162 157.0 211.0 140.0 49.0 -0.67 -1.18 0.2 0.96 -0.48 -0.29
163 144.0 210.0 138.0 53.0 -0.72 -1.17 0.17 0.74 -0.51 -0.56
164 152.0 208.0 141.0 51.0 -0.82 -1.12 0.15 0.7 -0.55 -1.43
165 161.0 213.0 142.0 50.0 -0.97 -0.86 0.11 0.35 -0.55 -2.4
166 160.0 214.0 144.0 63.0 -1.06 -0.81 0.11 0.57 -0.15 -2.59
167 158.0 210.0 141.0 58.0 -1.38 -0.93 0.1 0.71 -0.06 -2.23
168 155.0 207.0 139.0 61.0 -1.7 -1.33 0.15 -0.72 -0.39 -1.74
169 145.0 212.0 134.0 60.0 -1.81 -1.58 0.15 -0.55 -0.37 -1.61
170 151.0 218.0 135.0 65.0 -1.91 -2.0 0.14 -0.36 0.07 -1.53
171 151.0 226.0 136.0 62.0 -1.94 -2.23 0.06 0.37 0.59 -1.45
172 170.0 230.0 135.0 61.0 -1.97 -2.27 0.02 0.54 0.76 -1.33
173 169.0 220.0 135.0 63.0 -2.0 -2.2 -0.03 0.99 0.62 -1.17
174 167.0 229.0 136.0 68.0 -1.94 -1.81 -0.08 1.39 0.65 -0.88
175 162.0 227.0 133.0 66.0 -1.89 -1.48 -0.1 1.41 0.36 -0.39
176 172.0 234.0 136.0 65.0 -1.68 -0.84 -0.2 1.37 0.47 -0.04
177 177.0 244.0 139.0 63.0 -1.52 -0.33 -0.31 1.29 0.5 0.45
178 174.0 240.0 137.0 61.0 -1.42 -0.15 -0.35 1.07 0.57 0.48
179 184.0 241.0 142.0 57.0 -1.22 0.12 -0.42 0.84 0.55 0.79
180 229.0 247.0 143.0 58.0 -1.07 0.23 -0.53 0.12 0.23 0.93
181 204.0 240.0 141.0 57.0 -0.98 0.19 -0.59 0.29 0.61 0.83
182 213.0 242.0 144.0 58.0 -0.69 0.04 -0.62 0.19 -0.16 0.35
183 211.0 249.0 142.0 57.0 -0.78 0.28 -0.68 1.12 2.31 -1.82
184 197.0 234.0 144.0 53.0 -0.66 0.5 -0.53 -23.27 -8.26 19.27
185 240.0 241.0 147.0 52.0 1.05 -3.88 0.15 1.52 4.54 3.97
186 236.0 252.0 146.0 53.0 1.21 -0.01 0.17 3.96 1.47 0.2
187 228.0 248.0 144.0 52.0 1.12 1.21 0.02 1.23 1.44 0.95
188 235.0 254.0 155.0 58.0 0.78 0.96 -0.1 0.92 1.91 0.5
189 238.0 261.0 155.0 59.0 0.13 0.6 -0.3 0.43 1.17 0.27
190 225.0 248.0 149.0 57.0 -0.01 0.53 -0.35 0.34 0.79 0.31
191 224.0 247.0 147.0 54.0 -0.06 0.29 -0.22 -0.71 0.41 -0.05
192 213.0 244.0 142.0 52.0 -0.06 0.16 -0.2 -0.31 -0.13 -0.32
193 195.0 227.0 134.0 52.0 -0.03 0.12 -0.11 -0.46 -0.06 -0.3
194 208.0 224.0 134.0 54.0 0.02 0.14 -0.06 -0.73 -0.27 -0.27
195 203.0 225.0 134.0 54.0 -0.02 0.04 0.02 -0.59 -0.09 -0.47
196 196.0 217.0 134.0 51.0 0.01 -0.08 0.04 -0.3 -0.13 -0.25
197 197.0 217.0 132.0 54.0 0.02 -0.29 0.07 -0.15 0.05 -0.07
198 191.0 220.0 131.0 51.0 0.03 -0.36 0.08 -0.16 0.19 -0.06
199 180.0 213.0 131.0 50.0 0.06 -0.36 0.08 -0.25 0.31 -0.03
200 183.0 218.0 134.0 51.0 0.02 -0.33 0.06 -0.05 0.3 0.07
201 186.0 226.0 132.0 51.0 0.05 -0.24 0.05 0.14 0.45 0.07
202 183.0 222.0 128.0 49.0 0.05 -0.2 0.03 0.08 0.4 0.08
203 199.0 230.0 131.0 54.0 0.07 -0.15 0.02 0.08 0.45 0.06
204 198.0 235.0 134.0 53.0 0.06 -0.09 -0.01 0.02 0.37 0.05
205 185.0 223.0 129.0 52.0 0.05 -0.07 -0.02 -0.09 0.32 0.03
206 171.0 213.0 125.0 48.0 0.04 -0.05 -0.03 -0.16 0.3 -0.03
207 157.0 203.0 117.0 48.0 0.04 -0.05 -0.04 -0.12 0.22 -0.04
208 154.0 194.0 111.0 48.0 0.03 -0.06 -0.04 -0.05 0.23 -0.03
209 146.0 191.0 113.0 51.0 0.02 -0.07 -0.02 -0.02 0.23 0.0
210 145.0 192.0 109.0 50.0 0.02 -0.06 0.0 0.04 0.2 -0.02
211 146.0 195.0 110.0 51.0 0.02 -0.04 0.0 0.0 0.23 0.01
