1 150.0 194.0 117.0 49.0 -0.02 0.0 0.01 -0.05 0.17 0.0
2 148.0 197.0 119.0 47.0 -0.02 -0.0 0.0 -0.05 0.17 0.01
3 140.0 189.0 115.0 45.0 -0.02 -0.0 0.0 -0.09 0.16 -0.01
4 134.0 184.0 111.0 43.0 -0.02 -0.01 0.0 -0.13 0.15 -0.03
5 131.0 178.0 106.0 49.0 -0.02 -0.02 0.01 -0.08 0.1 -0.04
6 136.0 176.0 106.0 46.0 -0.01 -0.01 0.01 -0.09 0.12 -0.02
7 134.0 176.0 111.0 45.0 -0.01 -0.01 0.01 -0.05 0.1 -0.02
8 133.0 178.0 107.0 45.0 -0.0 -0.01 0.01 -0.03 0.15 0.0
9 127.0 179.0 106.0 52.0 -0.0 -0.01 0.01 -0.05 0.2 0.03
10 134.0 186.0 110.0 50.0 -0.01 0.0 0.01 -0.06 0.18 0.01
11 132.0 189.0 111.0 49.0 -0.01 0.0 0.01 -0.06 0.21 -0.02
12 130.0 185.0 113.0 51.0 -0.01 0.0 0.01 -0.04 0.22 -0.01
13 132.0 186.0 113.0 54.0 -0.03 -0.0 0.0 -0.04 0.22 0.03
14 129.0 184.0 109.0 51.0 -0.04 -0.0 0.0 -0.04 0.18 -0.01
15 125.0 182.0 106.0 47.0 -0.04 -0.01 0.01 -0.02 0.19 0.01
16 123.0 181.0 104.0 46.0 -0.06 -0.02 0.01 -0.17 0.15 -0.02
17 130.0 193.0 104.0 52.0 -0.1 -0.05 0.03 0.04 0.08 0.03
18 153.0 191.0 103.0 55.0 -0.11 -0.04 0.04 0.2 0.15 0.23
19 164.0 206.0 112.0 55.0 -0.13 0.03 0.07 0.21 0.18 0.29
20 161.0 222.0 111.0 60.0 -0.03 0.3 0.06 0.14 0.28 0.28
21 188.0 256.0 112.0 65.0 0.01 0.41 0.05 0.33 0.29 0.45
22 187.0 273.0 120.0 69.0 0.24 0.73 0.05 0.27 0.1 0.57
23 188.0 273.0 118.0 70.0 0.46 0.97 0.03 -0.23 0.08 1.0
24 190.0 277.0 116.0 63.0 0.53 0.99 0.02 -0.39 0.11 1.36
25 197.0 323.0 118.0 59.0 0.47 0.95 0.05 -0.71 0.53 1.38
26 186.0 350.0 115.0 57.0 0.49 0.91 0.07 -0.97 0.44 1.45
27 199.0 359.0 118.0 53.0 0.56 0.9 0.06 -1.1 0.15 1.49
28 214.0 362.0 116.0 50.0 1.02 0.74 -0.04 -1.62 2.07 2.2
29 231.0 397.0 114.0 48.0 1.09 0.5 0.09 -1.3 0.28 1.84
30 215.0 374.0 115.0 48.0 1.25 0.55 0.14 -1.42 0.84 1.76
31 211.0 382.0 118.0 52.0 1.48 0.73 0.15 -0.86 0.72 1.87
32 191.0 413.0 118.0 51.0 1.54 0.95 0.2 -0.55 1.02 1.94
33 196.0 441.0 116.0 50.0 1.54 1.01 0.22 -0.49 0.95 1.94
34 195.0 420.0 113.0 49.0 1.57 1.05 0.19 -0.45 0.76 0.72
35 230.0 382.0 115.0 52.0 1.55 1.08 0.17 0.0 0.86 0.31
36 203.0 352.0 117.0 53.0 1.53 1.15 0.16 0.14 0.84 0.19
37 240.0 338.0 138.0 50.0 1.48 1.37 0.1 0.5 0.95 -0.02
38 245.0 348.0 135.0 48.0 1.35 1.47 0.03 0.37 0.71 0.33
39 315.0 378.0 128.0 49.0 1.29 1.44 -0.01 0.5 0.43 0.2
40 343.0 399.0 129.0 46.0 1.21 1.24 -0.09 0.48 0.21 -0.2
41 302.0 391.0 122.0 45.0 1.08 1.17 -0.14 0.88 0.13 -1.23
42 345.0 390.0 122.0 43.0 0.99 1.22 -0.14 1.26 -0.01 -1.34
43 305.0 398.0 121.0 42.0 0.9 1.4 -0.18 1.11 -0.24 -1.2
44 293.0 378.0 123.0 41.0 0.8 1.33 -0.25 1.03 -0.39 -0.66
45 280.0 466.0 122.0 40.0 0.76 1.18 -0.27 0.89 -0.5 -0.63
46 307.0 427.0 114.0 45.0 0.72 0.82 -0.31 0.56 -0.56 -1.16
47 284.0 438.0 110.0 46.0 0.61 0.63 -0.34 0.91 -0.4 -1.29
48 263.0 499.0 115.0 44.0 0.55 0.63 -0.35 1.12 -0.36 -1.21
49 283.0 464.0 114.0 42.0 0.45 0.7 -0.37 0.94 -0.58 -0.75
50 256.0 461.0 116.0 42.0 0.38 0.64 -0.38 0.6 -0.64 -0.81
51 318.0 428.0 112.0 45.0 0.34 0.55 -0.39 0.55 -0.69 -0.91
52 290.0 414.0 120.0 43.0 0.26 0.31 -0.38 0.3 -0.73 -0.94
53 265.0 375.0 123.0 41.0 0.24 0.07 -0.37 0.25 -1.08 -0.84
54 276.0 372.0 122.0 41.0 0.23 0.03 -0.36 0.13 -1.13 -0.75
55 248.0 392.0 117.0 40.0 0.19 -0.0 -0.3 0.1 -1.06 -0.55
56 288.0 365.0 125.0 39.0 0.16 -0.04 -0.23 -0.13 -0.96 -0.37
57 271.0 366.0 126.0 37.0 0.14 -0.06 -0.2 0.0 -0.99 -0.42
58 243.0 355.0 129.0 44.0 0.11 -0.08 -0.14 0.18 -0.91 -0.53
59 228.0 345.0 132.0 42.0 0.08 -0.02 -0.08 0.36 -0.7 -0.37
60 251.0 340.0 127.0 42.0 0.07 0.02 -0.06 0.41 -0.65 -0.41
61 243.0 364.0 130.0 43.0 0.04 0.07 -0.02 0.42 -0.54 -0.3
62 269.0 348.0 127.0 41.0 0.01 0.04 -0.01 0.35 -0.31 -0.2
63 268.0 363.0 127.0 41.0 -0.01 0.04 -0.01 0.41 -0.35 -0.26
64 240.0 377.0 118.0 41.0 -0.03 0.11 -0.0 0.33 -0.17 -0.25
65 244.0 364.0 124.0 40.0 -0.05 0.17 -0.01 0.34 -0.1 -0.25
66 241.0 350.0 122.0 38.0 -0.06 0.16 -0.02 0.3 0.02 -0.22
67 290.0 378.0 130.0 38.0 -0.06 0.07 -0.02 0.12 0.03 -0.05
68 264.0 349.0 124.0 39.0 -0.05 -0.02 -0.02 0.2 0.06 0.03
69 251.0 362.0 122.0 39.0 -0.04 -0.02 -0.01 0.18 0.1 0.01
70 227.0 356.0 121.0 41.0 -0.03 0.06 0.01 0.08 0.18 0.01
71 249.0 352.0 120.0 39.0 -0.02 0.09 0.01 -0.2 0.21 -0.02
72 220.0 357.0 119.0 40.0 -0.03 0.18 0.02 -0.23 0.16 -0.01
73 281.0 350.0 129.0 38.0 -0.04 0.17 0.03 -0.18 0.11 0.0
74 258.0 337.0 132.0 39.0 -0.04 0.17 0.04 -0.16 0.12 -0.1
75 300.0 315.0 124.0 40.0 -0.06 0.17 0.05 -0.07 0.17 -0.05
76 280.0 323.0 121.0 39.0 -0.07 0.16 0.07 -0.03 0.08 -0.08
77 242.0 317.0 123.0 39.0 -0.08 0.15 0.08 -0.02 -0.01 -0.13
78 242.0 304.0 118.0 39.0 -0.06 0.1 0.09 0.06 0.04 -0.11
79 257.0 309.0 124.0 37.0 -0.03 0.01 0.09 0.12 0.16 0.06
80 227.0 329.0 127.0 38.0 -0.03 -0.03 0.09 0.2 0.19 0.12
81 226.0 320.0 127.0 41.0 -0.02 -0.04 0.09 0.23 0.14 0.14
82 212.0 309.0 123.0 39.0 -0.02 -0.01 0.07 0.21 -0.01 -0.06
83 252.0 310.0 117.0 39.0 -0.01 0.0 0.06 0.28 -0.05 -0.16
84 233.0 299.0 116.0 37.0 -0.01 0.01 0.04 0.25 -0.09 -0.16
85 250.0 305.0 122.0 36.0 -0.01 0.0 0.04 0.21 -0.1 -0.13
86 261.0 292.0 124.0 36.0 -0.02 -0.0 0.04 0.24 -0.07 -0.19
87 229.0 296.0 141.0 35.0 -0.02 -0.01 0.04 0.19 0.0 -0.04
88 220.0 307.0 132.0 39.0 -0.03 -0.02 0.03 0.16 0.0 0.07
89 223.0 299.0 134.0 37.0 -0.03 -0.02 0.03 0.2 -0.09 0.03
90 222.0 309.0 147.0 37.0 -0.03 -0.0 0.01 0.21 -0.05 0.0
91 254.0 318.0 150.0 36.0 -0.02 0.01 0.01 0.19 -0.06 0.0
92 234.0 305.0 144.0 37.0 -0.02 0.02 0.01 0.14 -0.04 -0.01
93 214.0 322.0 137.0 35.0 -0.02 0.01 -0.01 0.14 0.01 0.01
94 198.0 344.0 130.0 39.0 -0.04 -0.0 -0.02 0.18 0.19 0.09
95 209.0 342.0 138.0 37.0 -0.05 0.0 -0.02 0.05 0.1 0.0
96 235.0 346.0 136.0 37.0 -0.04 0.01 -0.03 -0.01 0.06 -0.02
97 239.0 327.0 135.0 36.0 -0.03 -0.02 -0.03 -0.04 0.05 0.13
98 236.0 308.0 140.0 35.0 -0.02 -0.04 -0.02 -0.05 0.06 -0.01
99 223.0 338.0 136.0 36.0 0.0 -0.03 -0.01 -0.04 0.1 -0.01
100 197.0 332.0 138.0 35.0 -0.01 -0.01 -0.0 -0.04 0.2 0.02
101 200.0 316.0 133.0 35.0 -0.01 -0.01 -0.01 -0.03 0.22 -0.09
102 182.0 303.0 129.0 34.0 -0.02 -0.02 -0.02 -0.09 0.14 -0.1
103 238.0 307.0 123.0 39.0 -0.03 -0.04 -0.01 -0.14 0.03 0.05
104 205.0 292.0 120.0 38.0 -0.03 -0.03 -0.01 -0.07 -0.05 -0.03
105 196.0 338.0 133.0 37.0 -0.02 0.02 0.02 -0.13 -0.02 -0.06
106 217.0 418.0 129.0 36.0 -0.02 -0.01 0.04 0.0 0.0 -0.08
107 228.0 389.0 133.0 36.0 -0.02 -0.03 0.05 0.07 0.04 -0.19
108 203.0 350.0 137.0 36.0 -0.02 -0.04 0.04 0.18 0.09 -0.2
109 256.0 370.0 145.0 35.0 -0.04 -0.0 0.03 0.18 0.03 -0.04
110 229.0 370.0 152.0 37.0 -0.04 0.01 0.03 0.15 0.09 -0.11
111 225.0 357.0 166.0 35.0 -0.04 0.02 0.02 0.15 0.11 -0.06
112 243.0 340.0 158.0 38.0 -0.04 0.0 0.0 0.14 0.05 -0.05
113 219.0 323.0 164.0 39.0 -0.05 -0.0 -0.0 0.12 0.02 -0.03
114 185.0 295.0 166.0 37.0 -0.05 0.02 -0.01 0.11 0.0 -0.05
115 181.0 295.0 177.0 37.0 -0.04 -0.01 -0.01 0.12 0.11 -0.04
116 216.0 309.0 173.0 37.0 -0.04 -0.02 -0.01 0.11 0.08 -0.04
117 208.0 326.0 161.0 45.0 -0.03 -0.03 -0.0 -0.02 0.05 0.05
118 247.0 330.0 160.0 44.0 -0.01 -0.04 -0.01 0.0 0.01 0.07
119 213.0 318.0 170.0 42.0 -0.01 -0.03 -0.01 -0.07 0.01 -0.07
120 220.0 297.0 159.0 40.0 -0.03 0.01 -0.02 -0.06 0.02 0.0
121 241.0 304.0 159.0 37.0 -0.04 -0.01 -0.01 0.01 0.02 -0.05
122 228.0 295.0 155.0 36.0 -0.05 -0.03 -0.01 0.02 0.07 -0.07
123 230.0 285.0 157.0 35.0 -0.06 -0.04 0.01 -0.03 0.11 -0.08
124 235.0 292.0 156.0 35.0 -0.06 -0.07 0.01 0.02 0.14 -0.06
125 212.0 304.0 158.0 34.0 -0.06 -0.07 0.02 0.05 0.1 0.02
126 200.0 295.0 159.0 39.0 -0.05 -0.05 0.02 0.03 0.15 0.03
127 203.0 301.0 163.0 37.0 -0.04 -0.01 0.02 0.04 0.09 0.0
128 181.0 296.0 160.0 45.0 -0.03 0.0 0.01 0.05 0.04 -0.01
129 191.0 297.0 162.0 45.0 -0.02 0.0 0.01 0.06 0.07 -0.05
130 170.0 283.0 150.0 43.0 -0.02 -0.0 0.01 0.1 0.0 -0.13
131 176.0 268.0 157.0 42.0 -0.02 -0.0 0.02 0.01 -0.07 -0.09
132 157.0 268.0 161.0 41.0 -0.04 0.0 0.03 0.03 -0.1 -0.11
133 145.0 281.0 160.0 39.0 -0.06 0.0 0.05 -0.02 0.0 -0.14
134 144.0 264.0 148.0 46.0 -0.07 -0.01 0.06 -0.07 0.0 -0.01
135 136.0 255.0 151.0 45.0 -0.08 -0.05 0.08 -0.02 -0.04 -0.04
136 132.0 259.0 145.0 44.0 -0.09 -0.05 0.09 -0.01 -0.13 -0.01
137 125.0 247.0 139.0 44.0 -0.08 -0.05 0.11 -0.01 -0.27 -0.19
138 122.0 227.0 140.0 42.0 -0.08 -0.06 0.14 -0.02 -0.3 -0.22
139 129.0 219.0 148.0 40.0 -0.07 -0.14 0.18 0.0 -0.4 -0.22
140 127.0 212.0 142.0 45.0 -0.08 -0.18 0.2 0.26 -0.59 -0.24
141 122.0 227.0 144.0 44.0 -0.12 -0.24 0.25 0.24 -0.65 -0.13
142 118.0 244.0 140.0 43.0 -0.16 -0.28 0.29 0.3 -0.4 -0.43
143 114.0 260.0 133.0 51.0 -0.18 -0.3 0.29 0.33 -0.36 -0.59
144 112.0 250.0 129.0 48.0 -0.19 -0.39 0.31 0.48 -0.42 -0.67
145 115.0 229.0 127.0 46.0 -0.23 -0.42 0.34 0.68 -0.66 -0.58
146 109.0 239.0 125.0 46.0 -0.27 -0.45 0.37 0.86 -0.94 -0.25
147 140.0 253.0 127.0 42.0 -0.33 -0.56 0.43 0.89 -0.91 -0.25
148 140.0 276.0 120.0 43.0 -0.4 -0.66 0.47 1.18 -0.82 -0.26
149 154.0 286.0 122.0 74.0 -0.42 -0.75 0.47 1.1 -1.0 -0.91
150 144.0 256.0 124.0 67.0 -0.43 -0.93 0.41 1.31 -0.9 -1.24
151 144.0 234.0 123.0 63.0 -0.49 -1.25 0.34 1.15 -1.25 -1.26
152 145.0 220.0 127.0 56.0 -0.53 -1.4 0.31 1.25 -1.32 -1.5
153 143.0 208.0 124.0 50.0 -0.66 -1.54 0.22 1.42 -1.39 -1.64
154 135.0 195.0 120.0 47.0 -0.84 -1.45 0.14 1.66 -0.75 -1.6
155 141.0 189.0 118.0 48.0 -0.92 -1.39 0.1 1.94 -0.08 -1.55
156 140.0 185.0 116.0 45.0 -1.11 -1.17 0.01 1.93 0.16 -1.02
157 142.0 180.0 112.0 49.0 -1.31 -0.91 -0.09 1.65 0.3 -0.76
158 141.0 180.0 110.0 46.0 -1.43 -0.77 -0.14 1.07 0.62 -0.51
159 136.0 177.0 108.0 51.0 -1.63 -0.6 -0.25 0.99 0.87 -0.37
160 136.0 177.0 104.0 56.0 -1.81 -0.57 -0.33 1.07 0.92 0.13
161 135.0 182.0 106.0 52.0 -1.88 -0.64 -0.34 0.57 0.84 0.2
162 140.0 186.0 106.0 49.0 -1.77 -0.77 -0.46 0.7 1.01 0.07
163 136.0 187.0 106.0 49.0 -1.74 -0.68 -0.47 0.13 0.89 -0.06
164 143.0 185.0 108.0 47.0 -1.69 -0.6 -0.45 -0.3 1.0 0.13
165 139.0 183.0 110.0 44.0 -1.62 -0.41 -0.45 -0.54 0.79 0.69
166 167.0 181.0 110.0 43.0 -1.52 -0.33 -0.44 -0.63 0.77 0.77
167 165.0 187.0 118.0 43.0 -1.45 -0.27 -0.44 0.28 0.94 0.33
168 162.0 188.0 120.0 42.0 -1.34 -0.02 -0.47 -0.14 -0.3 0.27
169 160.0 188.0 120.0 41.0 -0.89 0.18 -0.31 0.52 1.61 -0.79
170 250.0 193.0 123.0 43.0 -0.73 0.41 -0.34 -15.69 2.3 8.16
171 267.0 202.0 141.0 43.0 0.42 -4.2 0.19 4.12 3.2 0.95
172 237.0 208.0 140.0 41.0 0.82 -0.83 0.17 3.15 1.39 1.71
173 231.0 214.0 140.0 43.0 0.95 1.05 0.19 1.9 1.48 1.46
174 218.0 217.0 139.0 44.0 0.77 1.32 0.03 0.85 1.15 0.25
175 204.0 212.0 136.0 44.0 0.33 0.86 -0.26 -0.06 0.67 0.0
176 205.0 211.0 140.0 46.0 0.04 0.7 -0.19 -0.98 0.03 -0.07
177 200.0 214.0 142.0 43.0 -0.05 0.53 -0.3 -1.04 0.16 -0.33
178 188.0 207.0 137.0 42.0 0.09 0.32 -0.12 -0.58 0.24 -0.49
179 186.0 204.0 133.0 41.0 0.04 0.24 -0.03 -0.79 -0.09 -0.39
180 175.0 201.0 128.0 41.0 -0.16 0.15 -0.06 -0.75 -0.36 -0.44
181 195.0 194.0 128.0 40.0 -0.09 -0.13 0.03 -0.34 -0.11 -0.28
182 178.0 191.0 129.0 40.0 -0.06 -0.27 0.05 -0.12 0.06 -0.03
183 177.0 197.0 127.0 39.0 -0.1 -0.39 0.08 0.25 0.14 0.13
184 177.0 200.0 125.0 40.0 -0.01 -0.41 0.1 0.28 0.12 0.06
185 175.0 203.0 127.0 41.0 0.03 -0.37 0.11 0.12 0.34 0.05
186 171.0 209.0 130.0 42.0 0.06 -0.24 0.09 0.06 0.33 0.07
187 162.0 207.0 128.0 41.0 0.08 -0.11 0.06 0.1 0.42 0.12
188 162.0 212.0 130.0 42.0 0.09 -0.07 0.04 0.02 0.48 0.08
189 160.0 214.0 125.0 43.0 0.13 -0.01 0.02 -0.01 0.5 0.06
190 178.0 210.0 125.0 43.0 0.13 -0.02 -0.01 0.01 0.48 0.12
191 165.0 206.0 122.0 42.0 0.09 -0.03 -0.01 0.01 0.36 0.04
192 159.0 207.0 121.0 42.0 0.03 -0.01 -0.01 0.06 0.32 0.07
193 154.0 205.0 121.0 42.0 0.01 0.01 -0.01 0.0 0.21 -0.02
194 162.0 207.0 122.0 43.0 0.02 0.01 -0.01 -0.04 0.2 0.0
195 152.0 211.0 123.0 43.0 0.01 0.0 -0.01 -0.16 0.23 -0.03
196 146.0 203.0 119.0 42.0 -0.01 -0.04 -0.0 -0.14 0.2 -0.03
197 134.0 192.0 114.0 42.0 -0.01 -0.06 -0.01 -0.09 0.2 -0.03
198 128.0 190.0 110.0 41.0 -0.02 -0.1 0.0 -0.11 0.21 -0.02
199 168.0 193.0 110.0 38.0 -0.03 -0.12 0.0 0.0 0.21 -0.03
200 169.0 196.0 114.0 42.0 -0.03 -0.13 0.01 0.02 0.23 0.02
201 164.0 202.0 118.0 41.0 -0.03 -0.12 0.01 0.03 0.26 0.05
202 168.0 202.0 117.0 41.0 -0.03 -0.11 0.01 0.03 0.23 0.03
203 168.0 205.0 121.0 41.0 -0.03 -0.09 0.01 0.04 0.25 0.03
204 165.0 207.0 121.0 41.0 -0.03 -0.06 0.01 0.02 0.22 -0.01
205 155.0 201.0 115.0 42.0 -0.03 -0.03 0.0 -0.04 0.22 -0.03
206 150.0 195.0 113.0 42.0 -0.02 -0.03 0.0 -0.04 0.16 -0.03
207 141.0 195.0 113.0 42.0 -0.02 -0.03 0.0 -0.01 0.18 0.0
208 187.0 195.0 114.0 43.0 -0.01 -0.02 0.0 -0.03 0.19 0.0
209 164.0 190.0 113.0 42.0 -0.0 -0.02 -0.0 -0.01 0.22 0.0
210 160.0 191.0 112.0 42.0 0.0 -0.01 -0.01 0.01 0.24 0.01
211 154.0 192.0 111.0 41.0 0.0 -0.0 -0.01 -0.09 0.27 -0.02
212 146.0 189.0 108.0 43.0 0.0 -0.01 -0.01 -0.02 0.2 -0.03
213 138.0 190.0 104.0 42.0 0.0 -0.01 -0.01 -0.02 0.16 -0.02
214 136.0 187.0 105.0 42.0 0.0 -0.01 -0.01 -0.01 0.17 -0.01
215 133.0 187.0 109.0 43.0 0.01 -0.01 -0.01 -0.01 0.19 0.02
216 134.0 192.0 109.0 44.0 0.02 -0.01 -0.01 0.0 0.2 0.03
