1 125.0 186.0 111.0 41.0 -0.02 -0.02 -0.01 0.1 0.02 0.02
2 127.0 190.0 110.0 44.0 -0.02 0.01 -0.0 0.03 0.03 0.07
3 127.0 191.0 110.0 43.0 -0.02 0.0 -0.01 -0.05 0.0 0.0
4 123.0 188.0 108.0 42.0 -0.02 -0.01 -0.01 -0.03 0.01 0.0
5 115.0 185.0 104.0 41.0 -0.02 -0.03 -0.01 -0.03 0.0 -0.01
6 113.0 182.0 103.0 43.0 -0.01 -0.04 -0.0 -0.04 0.03 0.02
7 111.0 188.0 104.0 47.0 -0.01 -0.05 -0.0 0.06 0.1 0.12
8 116.0 189.0 105.0 49.0 -0.02 -0.05 0.0 0.12 0.13 0.15
9 122.0 197.0 106.0 47.0 -0.05 -0.01 0.01 0.16 0.09 0.19
10 148.0 201.0 108.0 47.0 -0.07 0.06 0.03 0.14 0.0 0.12
11 141.0 206.0 112.0 51.0 -0.04 0.25 0.07 0.07 0.05 0.27
12 144.0 206.0 109.0 52.0 0.0 0.39 0.1 -0.1 0.14 0.57
13 140.0 214.0 112.0 51.0 0.0 0.44 0.11 -0.37 0.05 0.68
14 146.0 217.0 112.0 49.0 -0.0 0.43 0.1 -0.47 0.1 1.05
15 141.0 257.0 112.0 47.0 0.04 0.17 0.13 -1.48 0.3 1.12
16 170.0 254.0 112.0 44.0 0.01 -0.27 0.18 -1.89 0.31 1.38
17 167.0 253.0 110.0 43.0 0.02 -1.47 0.23 -1.74 0.31 1.17
18 164.0 241.0 107.0 46.0 0.16 -2.47 0.21 -5.39 -5.47 2.5
19 168.0 238.0 106.0 45.0 0.62 -2.8 -0.08 1.05 1.26 3.62
20 175.0 230.0 107.0 45.0 1.33 -3.83 0.06 -0.87 0.28 3.14
21 184.0 231.0 106.0 44.0 1.32 -4.01 0.33 -1.02 0.4 2.54
22 172.0 233.0 111.0 47.0 1.41 -3.98 0.33 -1.44 0.48 2.35
23 171.0 233.0 113.0 48.0 1.67 -4.44 0.17 -0.83 0.37 1.94
24 170.0 252.0 116.0 46.0 2.05 -4.88 0.06 -0.18 -0.1 1.72
25 184.0 266.0 128.0 44.0 2.26 -5.0 -0.02 1.88 0.66 1.79
26 208.0 279.0 124.0 49.0 2.36 -4.75 -0.1 1.9 0.65 1.55
27 222.0 275.0 124.0 49.0 2.08 -4.18 -0.19 -1.08 0.59 0.13
28 208.0 294.0 128.0 51.0 2.12 -4.12 -0.25 -0.36 0.27 -1.03
29 196.0 304.0 126.0 51.0 2.2 -4.43 -0.54 0.26 0.4 -1.19
30 214.0 286.0 123.0 50.0 2.14 -3.94 -0.67 0.6 0.02 -1.23
31 232.0 273.0 125.0 50.0 2.1 -3.51 -0.71 0.45 -0.44 -0.71
32 231.0 260.0 123.0 49.0 1.96 -2.62 -0.68 -0.11 -0.3 -0.53
33 227.0 249.0 115.0 52.0 1.75 -1.89 -0.64 -0.51 -0.67 -0.58
34 246.0 252.0 121.0 55.0 1.68 -1.6 -0.63 -0.19 -0.32 -1.24
35 234.0 265.0 119.0 61.0 1.48 -1.13 -0.52 -0.36 -0.62 -1.38
36 229.0 258.0 123.0 62.0 1.3 -0.83 -0.5 -0.65 -0.75 -1.57
37 229.0 261.0 121.0 60.0 1.27 -0.74 -0.49 -0.67 -0.73 -1.3
38 211.0 263.0 125.0 64.0 1.19 -0.58 -0.47 -0.67 -0.8 -1.26
39 225.0 259.0 120.0 65.0 1.13 -0.47 -0.45 -0.82 -0.79 -1.22
40 244.0 309.0 124.0 66.0 1.06 -0.45 -0.43 -0.93 -0.79 -1.14
41 234.0 320.0 123.0 63.0 0.97 -0.44 -0.41 -0.95 -0.81 -1.09
42 235.0 308.0 122.0 72.0 0.92 -0.37 -0.39 -0.87 -0.63 -1.14
43 243.0 300.0 124.0 75.0 0.87 -0.34 -0.39 -0.62 -0.55 -1.04
44 227.0 284.0 134.0 77.0 0.75 -0.28 -0.37 -0.63 -0.49 -1.05
45 235.0 297.0 139.0 79.0 0.63 -0.22 -0.33 -0.63 -0.48 -0.96
46 261.0 306.0 134.0 82.0 0.58 -0.19 -0.32 -0.68 -0.48 -0.75
47 253.0 304.0 126.0 79.0 0.5 -0.22 -0.29 -0.8 -0.47 -0.79
48 234.0 302.0 131.0 97.0 0.42 -0.22 -0.25 -0.45 -0.29 -0.89
49 219.0 296.0 125.0 90.0 0.38 -0.19 -0.23 -0.73 -0.32 -0.96
50 199.0 282.0 117.0 84.0 0.28 -0.17 -0.17 -0.74 -0.29 -0.87
51 193.0 295.0 116.0 75.0 0.19 -0.17 -0.11 -0.23 -0.17 -0.58
52 183.0 294.0 111.0 72.0 0.14 -0.14 -0.1 -0.27 -0.06 -0.56
53 169.0 275.0 115.0 72.0 0.02 -0.1 -0.08 -0.26 -0.01 -0.7
54 154.0 278.0 111.0 71.0 -0.08 -0.08 -0.05 -0.25 -0.09 -0.69
55 149.0 285.0 113.0 71.0 -0.11 -0.08 -0.04 -0.54 -0.04 -0.4
56 178.0 278.0 110.0 67.0 -0.16 -0.07 -0.03 -0.62 0.03 -0.4
57 173.0 279.0 106.0 65.0 -0.2 -0.04 -0.02 -0.35 0.08 -0.48
58 173.0 306.0 109.0 63.0 -0.22 -0.01 0.0 -0.49 0.05 -0.36
59 160.0 287.0 105.0 62.0 -0.25 0.02 0.05 -0.43 0.05 -0.19
60 160.0 276.0 104.0 57.0 -0.22 -0.03 0.08 -0.35 0.04 0.24
61 144.0 277.0 102.0 52.0 -0.21 -0.04 0.08 -0.32 0.14 0.28
62 136.0 278.0 102.0 51.0 -0.18 0.01 0.06 -0.4 0.21 0.25
63 143.0 274.0 103.0 48.0 -0.15 0.04 0.04 -0.32 0.17 0.07
64 131.0 278.0 102.0 45.0 -0.13 0.02 0.03 -0.18 0.23 0.12
65 127.0 281.0 103.0 47.0 -0.09 -0.01 0.02 -0.1 0.25 0.21
66 132.0 260.0 104.0 45.0 -0.07 0.03 0.02 -0.07 0.32 0.24
67 133.0 271.0 104.0 50.0 -0.06 0.04 0.02 -0.14 0.28 0.31
68 143.0 275.0 105.0 50.0 -0.03 0.01 0.02 -0.1 0.31 0.33
69 178.0 282.0 108.0 49.0 0.0 0.0 0.02 0.0 0.32 0.34
70 185.0 269.0 108.0 54.0 0.03 0.01 0.02 -0.08 0.22 0.36
71 200.0 261.0 106.0 61.0 0.06 -0.02 0.01 0.04 0.2 0.38
72 173.0 254.0 103.0 56.0 0.08 -0.04 0.0 -0.05 0.11 0.28
73 159.0 260.0 106.0 55.0 0.08 -0.05 0.0 -0.17 0.03 0.1
74 178.0 269.0 122.0 54.0 0.09 -0.02 0.01 -0.18 0.01 0.09
75 177.0 272.0 122.0 52.0 0.09 0.01 0.04 -0.26 0.02 -0.03
76 157.0 282.0 116.0 48.0 0.1 -0.01 0.04 -0.22 -0.04 -0.1
77 161.0 297.0 113.0 43.0 0.1 -0.06 0.06 -0.08 -0.04 -0.03
78 198.0 321.0 118.0 44.0 0.1 -0.01 0.06 -0.08 0.01 -0.14
79 184.0 330.0 116.0 45.0 0.09 -0.0 0.05 -0.04 0.05 -0.39
80 177.0 314.0 120.0 42.0 0.09 -0.03 0.03 0.03 0.03 -0.37
81 195.0 316.0 125.0 39.0 0.08 -0.06 -0.01 0.12 0.05 -0.14
82 174.0 320.0 123.0 43.0 0.09 -0.04 -0.03 0.04 0.06 0.03
83 186.0 337.0 127.0 42.0 0.06 0.03 -0.06 -0.03 0.02 0.0
84 184.0 366.0 136.0 49.0 0.02 0.04 -0.09 0.01 0.0 -0.22
85 227.0 350.0 133.0 46.0 0.02 0.03 -0.1 -0.16 -0.1 -0.3
86 200.0 335.0 132.0 44.0 0.01 0.02 -0.08 -0.19 -0.02 -0.25
87 221.0 328.0 128.0 42.0 0.01 0.02 -0.06 -0.21 0.0 0.06
88 215.0 321.0 130.0 57.0 -0.01 0.02 -0.06 -0.38 0.09 0.0
89 204.0 314.0 127.0 54.0 -0.07 0.03 -0.03 -0.38 0.1 -0.07
90 195.0 317.0 119.0 49.0 -0.08 0.02 -0.01 -0.38 0.1 -0.18
91 187.0 306.0 125.0 45.0 -0.09 0.02 0.01 -0.22 0.09 -0.18
92 203.0 308.0 123.0 43.0 -0.08 0.0 0.04 -0.29 0.1 0.13
93 188.0 287.0 114.0 48.0 -0.08 -0.0 0.04 -0.26 0.09 0.25
94 197.0 284.0 115.0 43.0 -0.08 -0.01 0.04 -0.22 0.15 0.08
95 172.0 273.0 123.0 41.0 -0.07 -0.01 0.03 -0.15 0.14 0.08
96 189.0 266.0 124.0 38.0 -0.06 0.06 0.02 -0.2 0.13 -0.02
97 201.0 262.0 123.0 43.0 -0.06 0.05 0.02 -0.16 0.05 0.06
98 182.0 264.0 121.0 47.0 -0.04 0.02 0.01 -0.18 0.04 0.14
99 170.0 269.0 118.0 44.0 -0.03 0.02 0.01 -0.21 0.05 -0.01
100 158.0 266.0 119.0 48.0 -0.02 0.02 0.01 -0.23 0.09 -0.09
101 174.0 271.0 123.0 47.0 -0.02 -0.0 0.02 -0.14 0.05 0.0
102 168.0 268.0 121.0 43.0 -0.03 0.02 0.04 -0.1 0.1 -0.01
103 164.0 254.0 119.0 44.0 -0.04 0.04 0.04 -0.24 0.14 -0.09
104 168.0 263.0 117.0 45.0 -0.05 0.01 0.05 -0.18 0.13 -0.05
105 165.0 261.0 117.0 42.0 -0.05 -0.02 0.05 -0.17 0.09 0.0
106 164.0 273.0 118.0 46.0 -0.05 -0.01 0.05 -0.09 0.09 0.0
107 204.0 292.0 116.0 42.0 -0.06 0.02 0.05 -0.11 0.1 -0.04
108 229.0 284.0 112.0 40.0 -0.05 0.02 0.06 -0.07 0.05 -0.15
109 210.0 303.0 120.0 40.0 -0.05 0.02 0.06 -0.14 0.02 -0.02
110 203.0 318.0 119.0 43.0 -0.04 0.02 0.07 -0.08 0.02 0.15
111 191.0 302.0 120.0 41.0 -0.05 0.03 0.06 -0.21 0.01 0.1
112 193.0 272.0 122.0 52.0 -0.05 0.03 0.05 -0.07 0.07 0.01
113 181.0 264.0 128.0 49.0 -0.04 0.03 0.05 -0.07 0.05 0.0
114 174.0 265.0 131.0 46.0 -0.05 0.03 0.05 -0.06 0.06 -0.11
115 167.0 260.0 133.0 44.0 -0.05 0.04 0.04 -0.02 -0.05 -0.06
116 169.0 259.0 130.0 40.0 -0.06 0.09 0.04 -0.11 -0.1 -0.07
117 156.0 239.0 125.0 41.0 -0.08 0.13 0.05 -0.27 -0.19 -0.25
118 165.0 251.0 122.0 39.0 -0.07 0.13 0.06 -0.29 -0.27 -0.36
119 152.0 253.0 117.0 37.0 -0.09 0.16 0.09 -0.3 -0.31 -0.4
120 152.0 239.0 111.0 36.0 -0.13 0.12 0.12 -0.55 -0.33 -0.53
121 135.0 224.0 107.0 36.0 -0.15 0.1 0.14 -0.35 -0.35 -0.55
122 146.0 225.0 104.0 34.0 -0.25 0.15 0.19 -0.38 -0.37 -0.52
123 148.0 229.0 99.0 34.0 -0.37 0.27 0.24 -0.55 -0.47 -0.63
124 135.0 317.0 105.0 33.0 -0.42 0.37 0.28 -1.0 -0.72 -1.09
125 131.0 300.0 109.0 32.0 -0.5 0.58 0.36 -0.92 -0.76 -1.18
126 123.0 275.0 113.0 32.0 -0.63 0.59 0.43 -1.41 -0.92 -1.18
127 127.0 261.0 117.0 34.0 -0.68 0.49 0.45 -1.45 -0.95 -1.3
128 135.0 274.0 125.0 34.0 -0.81 0.35 0.49 -1.31 -0.97 -1.38
129 152.0 264.0 121.0 33.0 -1.02 0.56 0.6 -1.03 -0.77 -1.7
130 150.0 255.0 129.0 32.0 -1.19 0.76 0.67 -1.2 -0.64 -2.1
131 146.0 237.0 130.0 32.0 -1.45 1.27 0.82 -1.34 -0.6 -2.07
132 134.0 215.0 125.0 31.0 -1.58 1.82 0.86 -0.87 -0.56 -1.83
133 139.0 238.0 117.0 33.0 -1.69 2.12 0.88 -0.17 -0.07 -1.77
134 149.0 253.0 113.0 31.0 -2.01 2.85 0.9 0.14 0.0 -1.84
135 145.0 235.0 107.0 34.0 -2.29 3.28 0.83 0.45 0.16 -2.27
136 185.0 222.0 110.0 34.0 -2.39 3.38 0.76 0.79 0.23 -2.42
137 161.0 211.0 106.0 40.0 -2.53 3.42 0.6 1.01 0.37 -2.41
138 152.0 198.0 101.0 38.0 -2.68 3.4 0.4 0.92 0.06 -1.39
139 175.0 191.0 102.0 48.0 -2.75 3.51 0.29 1.35 0.25 -0.62
140 181.0 190.0 100.0 45.0 -2.84 3.75 0.01 1.48 0.01 -0.11
141 170.0 180.0 101.0 45.0 -2.76 3.67 -0.27 1.43 -0.05 0.11
142 163.0 178.0 103.0 44.0 -2.66 3.63 -0.43 -0.09 -1.1 -0.22
143 156.0 173.0 103.0 43.0 -2.4 3.56 -0.41 0.82 -0.74 0.52
144 150.0 171.0 106.0 56.0 -2.05 3.61 -0.68 0.26 -0.88 0.81
145 157.0 173.0 109.0 52.0 -1.95 3.58 -0.76 -3.17 -3.37 0.99
146 201.0 178.0 117.0 51.0 -1.07 2.71 -0.68 1.46 -0.84 1.42
147 193.0 178.0 121.0 50.0 -0.88 1.97 -1.2 -25.7 -19.34 28.18
148 255.0 178.0 122.0 51.0 1.42 -2.97 -1.28 -2.49 4.68 0.92
149 246.0 181.0 124.0 49.0 0.41 -1.94 0.51 5.15 3.38 -2.5
150 224.0 185.0 124.0 47.0 1.0 0.54 -0.06 0.51 -0.21 0.8
151 216.0 187.0 128.0 50.0 0.83 0.23 -0.15 -1.14 0.92 -1.05
152 210.0 186.0 127.0 49.0 0.12 -1.09 -0.1 -0.92 0.62 -0.54
153 208.0 182.0 124.0 45.0 0.06 -1.5 -0.16 -0.01 0.37 0.14
154 206.0 184.0 127.0 45.0 0.03 -1.57 -0.09 0.38 -0.03 0.63
155 204.0 188.0 128.0 45.0 0.12 -1.27 0.08 0.87 0.1 0.4
156 195.0 188.0 128.0 44.0 0.28 -0.76 0.01 1.03 0.35 0.17
157 201.0 196.0 130.0 45.0 0.2 -0.5 -0.02 0.89 -0.12 0.3
158 223.0 198.0 131.0 45.0 0.23 -0.05 -0.07 0.43 -0.14 0.09
159 206.0 190.0 128.0 44.0 0.27 0.2 -0.07 0.14 -0.01 0.0
160 207.0 198.0 133.0 44.0 0.29 0.21 -0.07 0.01 -0.02 0.0
161 203.0 201.0 133.0 46.0 0.32 0.07 -0.07 -0.4 0.09 -0.09
162 194.0 192.0 129.0 43.0 0.28 -0.08 -0.06 -0.49 0.06 -0.01
163 187.0 192.0 128.0 44.0 0.26 -0.15 -0.05 -0.36 0.07 -0.02
164 180.0 190.0 127.0 43.0 0.22 -0.26 -0.04 -0.22 0.12 0.02
165 181.0 189.0 127.0 42.0 0.22 -0.31 -0.03 0.05 0.13 0.08
166 182.0 193.0 129.0 43.0 0.22 -0.31 -0.03 0.18 0.08 0.09
167 183.0 196.0 131.0 46.0 0.18 -0.27 -0.02 0.37 0.15 0.12
168 178.0 194.0 129.0 45.0 0.12 -0.17 -0.03 0.32 0.06 0.14
169 180.0 197.0 132.0 45.0 0.12 -0.11 -0.03 0.3 0.08 0.12
170 177.0 199.0 135.0 46.0 0.08 -0.04 -0.02 0.15 0.16 0.12
171 173.0 197.0 130.0 45.0 0.04 -0.0 -0.02 0.06 0.1 0.1
172 181.0 203.0 134.0 48.0 0.02 0.01 -0.01 0.0 0.07 0.02
173 185.0 207.0 135.0 49.0 -0.0 0.01 -0.0 0.01 0.01 0.06
174 184.0 205.0 133.0 48.0 -0.03 -0.01 0.01 0.05 0.0 0.01
175 181.0 205.0 132.0 48.0 -0.04 -0.0 0.02 0.07 0.02 0.0
176 182.0 209.0 134.0 49.0 -0.06 0.01 0.03 0.05 0.03 0.02
177 185.0 209.0 133.0 48.0 -0.06 0.03 0.04 0.03 0.06 0.03
178 191.0 214.0 137.0 49.0 -0.07 0.03 0.04 0.0 0.06 0.0
179 189.0 216.0 137.0 51.0 -0.06 0.03 0.04 -0.05 0.07 0.03
180 180.0 210.0 133.0 49.0 -0.06 0.02 0.03 -0.07 0.09 0.01
181 191.0 208.0 134.0 50.0 -0.05 0.02 0.02 -0.13 0.04 -0.05
182 178.0 208.0 132.0 50.0 -0.03 -0.01 0.01 -0.18 0.11 0.03
