1 197.0 240.0 149.0 56.0 0.01 0.01 -0.01 0.01 0.01 0.06
2 220.0 252.0 156.0 57.0 0.01 0.0 -0.02 0.03 0.01 0.03
3 230.0 265.0 161.0 62.0 0.0 -0.02 -0.02 0.0 0.01 0.03
4 213.0 256.0 154.0 60.0 -0.0 -0.03 -0.02 0.01 0.01 0.05
5 210.0 255.0 153.0 58.0 -0.0 -0.03 -0.02 0.02 0.0 0.07
6 203.0 252.0 152.0 59.0 -0.01 -0.02 -0.02 0.07 -0.03 0.05
7 197.0 249.0 145.0 55.0 -0.01 -0.01 -0.02 0.09 0.02 0.13
8 204.0 255.0 149.0 62.0 -0.01 -0.01 -0.02 0.12 0.0 0.15
9 223.0 264.0 156.0 66.0 -0.01 0.02 -0.02 0.0 0.0 0.09
10 209.0 260.0 154.0 66.0 -0.01 0.05 -0.01 0.08 -0.02 0.11
11 207.0 263.0 152.0 96.0 -0.02 0.05 -0.02 0.11 -0.01 0.19
12 197.0 256.0 147.0 87.0 -0.03 0.09 -0.02 -0.05 -0.01 0.22
13 185.0 250.0 140.0 77.0 -0.04 0.11 -0.01 -0.2 0.03 0.19
14 194.0 258.0 144.0 87.0 -0.07 0.2 0.0 -0.11 0.06 0.33
15 222.0 272.0 151.0 81.0 -0.07 0.28 0.02 -0.61 0.25 0.44
16 203.0 270.0 145.0 88.0 -0.09 -0.05 -0.0 -1.11 0.19 0.65
17 217.0 278.0 142.0 80.0 -0.06 -0.34 -0.02 -1.27 0.29 0.92
18 228.0 284.0 145.0 74.0 -0.03 -0.96 0.03 -1.61 0.28 1.57
19 219.0 274.0 143.0 69.0 0.05 -1.72 0.09 -1.16 0.21 1.22
20 219.0 277.0 140.0 66.0 0.13 -1.96 0.11 -0.84 -0.11 0.89
21 218.0 314.0 140.0 65.0 0.56 -2.36 -0.03 -6.75 -6.13 2.66
22 204.0 315.0 138.0 61.0 1.4 -3.96 -0.12 -0.86 0.0 2.77
23 224.0 318.0 142.0 61.0 1.3 -4.23 0.07 -0.48 0.1 2.08
24 242.0 320.0 154.0 58.0 1.55 -4.17 0.17 0.12 0.41 1.51
25 231.0 332.0 154.0 62.0 1.66 -3.95 0.05 0.08 0.47 1.67
26 247.0 361.0 154.0 64.0 1.69 -4.09 0.04 -0.36 0.41 1.54
27 294.0 386.0 158.0 66.0 1.69 -4.93 -0.07 1.31 0.38 1.09
28 276.0 382.0 151.0 69.0 1.65 -5.58 -0.21 -2.3 -0.07 -0.17
29 294.0 383.0 159.0 74.0 1.84 -6.09 -0.38 -0.18 0.0 -1.29
30 275.0 380.0 170.0 73.0 2.2 -6.51 -0.72 1.59 0.34 -1.33
31 262.0 364.0 166.0 85.0 2.17 -6.01 -0.73 0.56 -0.14 0.24
32 289.0 375.0 162.0 79.0 2.0 -4.54 -0.79 0.19 -0.17 0.45
33 305.0 369.0 160.0 78.0 1.84 -3.32 -0.77 -0.4 -0.27 0.86
34 331.0 347.0 153.0 91.0 1.74 -2.72 -0.73 -0.97 -0.19 -0.06
35 323.0 321.0 152.0 81.0 1.6 -1.79 -0.57 -1.15 -0.03 -0.48
36 311.0 323.0 151.0 74.0 1.45 -1.15 -0.44 -0.44 -0.16 -0.88
37 305.0 316.0 149.0 81.0 1.32 -0.89 -0.36 -0.41 -0.17 -0.78
38 301.0 331.0 149.0 80.0 1.3 -0.8 -0.33 -0.74 -0.03 -0.85
39 273.0 345.0 146.0 78.0 1.13 -0.57 -0.21 -0.76 -0.32 -0.69
40 270.0 376.0 145.0 83.0 1.09 -0.47 -0.2 -0.74 -0.18 -1.21
41 297.0 391.0 163.0 78.0 1.05 -0.47 -0.18 -0.69 -0.38 -1.21
42 305.0 426.0 168.0 72.0 0.96 -0.45 -0.16 -0.67 -0.29 -1.28
43 296.0 422.0 168.0 73.0 0.87 -0.39 -0.14 -0.61 -0.2 -0.91
44 331.0 387.0 169.0 71.0 0.82 -0.36 -0.14 -0.63 -0.3 -0.66
45 340.0 386.0 186.0 70.0 0.73 -0.34 -0.13 -0.72 -0.23 -0.69
46 330.0 372.0 170.0 72.0 0.67 -0.33 -0.13 -0.57 -0.28 -0.62
47 315.0 381.0 170.0 83.0 0.59 -0.25 -0.11 -0.41 -0.26 -0.59
48 296.0 386.0 169.0 76.0 0.54 -0.24 -0.09 -0.19 -0.39 -0.52
49 307.0 383.0 176.0 67.0 0.51 -0.23 -0.09 -0.38 -0.3 -0.73
50 348.0 366.0 172.0 74.0 0.46 -0.21 -0.08 -0.38 -0.32 -0.66
51 334.0 389.0 171.0 72.0 0.4 -0.19 -0.05 -0.44 -0.24 -0.87
52 308.0 368.0 160.0 67.0 0.32 -0.21 -0.01 -0.42 -0.18 -1.07
53 281.0 373.0 162.0 69.0 0.27 -0.21 0.01 -0.28 -0.25 -1.07
54 273.0 398.0 157.0 75.0 0.18 -0.23 0.03 -0.24 -0.18 -1.13
55 320.0 431.0 149.0 70.0 0.07 -0.17 0.05 -0.28 -0.22 -0.82
56 288.0 409.0 155.0 66.0 0.02 -0.15 0.06 -0.29 -0.24 -0.81
57 309.0 391.0 151.0 61.0 -0.06 -0.11 0.05 -0.58 -0.43 -0.87
58 292.0 409.0 149.0 61.0 -0.08 -0.13 0.04 -0.24 -0.44 -0.56
59 268.0 379.0 147.0 64.0 -0.13 -0.1 0.03 -0.29 -0.45 -0.41
60 255.0 380.0 147.0 65.0 -0.16 0.0 0.01 -0.59 -0.45 -0.51
61 267.0 363.0 144.0 58.0 -0.15 0.03 -0.0 -0.68 -0.44 -0.36
62 260.0 368.0 148.0 54.0 -0.16 0.04 -0.0 -0.79 -0.46 -0.41
63 274.0 392.0 150.0 51.0 -0.14 0.03 0.03 -0.77 -0.32 -0.21
64 255.0 372.0 144.0 54.0 -0.14 0.03 0.05 -0.57 -0.28 -0.24
65 243.0 381.0 149.0 50.0 -0.09 0.02 0.09 -0.45 -0.26 -0.3
66 293.0 368.0 150.0 48.0 -0.05 -0.02 0.09 -0.19 -0.09 0.01
67 269.0 352.0 146.0 51.0 -0.03 0.01 0.05 -0.21 0.08 0.09
68 270.0 386.0 145.0 53.0 -0.03 0.05 0.03 -0.28 0.23 -0.12
69 268.0 393.0 155.0 56.0 -0.04 0.1 0.01 -0.16 0.31 -0.47
70 262.0 444.0 160.0 53.0 -0.05 0.1 0.03 -0.16 0.34 -0.25
71 265.0 412.0 157.0 55.0 -0.04 0.09 0.03 -0.17 0.37 -0.2
72 261.0 405.0 156.0 56.0 -0.02 0.08 0.03 -0.07 0.38 -0.07
73 272.0 394.0 154.0 52.0 -0.01 0.08 0.03 -0.2 0.35 0.11
74 268.0 404.0 149.0 52.0 -0.0 0.09 0.0 -0.21 0.3 0.15
75 272.0 424.0 151.0 53.0 0.01 0.06 0.01 -0.2 0.12 -0.07
76 246.0 415.0 149.0 56.0 0.01 0.06 0.02 -0.22 0.0 -0.14
77 259.0 404.0 153.0 53.0 0.01 0.09 0.04 -0.15 0.0 -0.12
78 255.0 408.0 157.0 52.0 0.01 0.11 0.05 -0.24 0.0 -0.04
79 254.0 423.0 149.0 48.0 0.01 0.08 0.05 -0.26 0.0 -0.01
80 242.0 385.0 149.0 49.0 0.02 0.06 0.04 -0.16 -0.02 0.01
81 230.0 400.0 144.0 48.0 0.0 0.04 0.04 -0.24 0.02 -0.08
82 210.0 433.0 137.0 46.0 -0.0 0.04 0.04 -0.18 0.06 -0.16
83 200.0 417.0 137.0 46.0 -0.03 0.05 0.03 -0.22 0.04 -0.19
84 189.0 399.0 136.0 49.0 -0.05 0.06 0.03 -0.07 0.08 -0.19
85 194.0 378.0 136.0 46.0 -0.06 0.07 0.03 -0.13 0.06 -0.21
86 179.0 386.0 130.0 44.0 -0.08 0.05 0.03 -0.11 0.05 -0.16
87 211.0 374.0 127.0 45.0 -0.09 -0.03 0.02 -0.03 0.0 -0.08
88 199.0 365.0 126.0 43.0 -0.08 -0.02 0.01 -0.01 -0.02 0.0
89 200.0 364.0 125.0 42.0 -0.07 0.01 -0.0 -0.11 -0.05 0.0
90 202.0 343.0 131.0 41.0 -0.06 -0.01 0.0 -0.1 0.0 0.03
91 221.0 342.0 136.0 42.0 -0.06 0.0 0.02 -0.15 0.07 -0.1
92 206.0 329.0 137.0 42.0 -0.06 -0.01 0.02 -0.16 0.09 -0.09
93 207.0 349.0 135.0 43.0 -0.07 -0.06 0.02 -0.09 0.12 0.0
94 190.0 333.0 130.0 47.0 -0.08 -0.06 0.02 -0.1 0.12 -0.03
95 189.0 342.0 131.0 46.0 -0.08 -0.01 0.0 -0.14 0.1 -0.07
96 176.0 324.0 129.0 44.0 -0.07 -0.0 -0.01 -0.11 0.1 -0.06
97 206.0 329.0 124.0 45.0 -0.06 -0.0 -0.01 -0.19 0.08 0.04
98 199.0 359.0 126.0 45.0 -0.05 0.02 -0.02 -0.19 0.08 0.07
99 227.0 400.0 122.0 46.0 -0.05 0.05 -0.02 -0.28 0.15 -0.08
100 204.0 380.0 128.0 55.0 -0.05 0.02 -0.02 -0.21 0.13 -0.16
101 191.0 352.0 128.0 54.0 -0.04 0.01 -0.02 -0.21 0.11 -0.16
102 179.0 396.0 128.0 54.0 -0.04 0.0 -0.02 -0.14 0.14 -0.1
103 179.0 377.0 131.0 49.0 -0.04 0.0 -0.01 -0.17 0.1 -0.07
104 207.0 353.0 127.0 48.0 -0.04 0.0 -0.0 -0.23 0.05 -0.05
105 199.0 341.0 124.0 45.0 -0.04 0.0 0.01 -0.1 0.01 -0.11
106 207.0 321.0 124.0 46.0 -0.03 0.0 0.01 -0.2 -0.04 -0.15
107 216.0 352.0 125.0 48.0 -0.03 0.03 0.02 -0.26 -0.03 -0.17
108 207.0 371.0 124.0 47.0 -0.04 0.06 0.01 -0.29 -0.03 -0.2
109 202.0 365.0 125.0 45.0 -0.05 0.02 0.0 -0.19 0.02 -0.16
110 191.0 342.0 126.0 43.0 -0.05 0.02 -0.0 -0.19 0.01 -0.18
111 227.0 345.0 125.0 44.0 -0.05 0.02 0.0 -0.21 0.05 -0.15
112 224.0 344.0 135.0 45.0 -0.04 0.0 0.01 -0.25 0.11 -0.04
113 232.0 330.0 134.0 43.0 -0.03 -0.01 0.01 -0.22 0.11 -0.04
114 214.0 358.0 130.0 41.0 -0.04 -0.03 0.03 -0.24 0.1 -0.01
115 210.0 360.0 125.0 46.0 -0.05 -0.03 0.03 -0.19 0.06 0.07
116 199.0 370.0 124.0 47.0 -0.05 -0.03 0.02 -0.2 0.07 0.0
117 204.0 347.0 124.0 48.0 -0.04 -0.0 0.01 -0.14 -0.03 -0.06
118 187.0 341.0 138.0 49.0 -0.03 0.01 0.01 -0.08 -0.16 -0.06
119 191.0 339.0 137.0 49.0 -0.01 0.02 0.01 -0.09 -0.16 0.0
120 188.0 314.0 135.0 46.0 -0.01 0.06 0.01 -0.17 -0.18 -0.04
121 203.0 281.0 130.0 44.0 -0.0 0.07 0.01 -0.29 -0.2 -0.25
122 185.0 255.0 126.0 43.0 -0.01 0.06 -0.0 -0.31 -0.21 -0.32
123 179.0 238.0 126.0 46.0 -0.04 0.16 0.02 -0.3 -0.24 -0.57
124 169.0 223.0 124.0 44.0 -0.08 0.23 0.03 -0.12 -0.21 -0.71
125 177.0 222.0 126.0 44.0 -0.18 0.48 0.07 0.13 -0.16 -0.76
126 173.0 234.0 126.0 43.0 -0.37 1.04 0.15 0.26 -0.11 -1.01
127 167.0 240.0 124.0 44.0 -0.51 1.46 0.21 -0.26 -0.27 -1.34
128 185.0 253.0 121.0 43.0 -0.79 2.3 0.33 -0.27 -0.34 -1.52
129 184.0 302.0 121.0 43.0 -0.96 2.84 0.39 -0.2 -0.37 -1.72
130 175.0 305.0 115.0 42.0 -1.04 3.01 0.41 -0.56 -0.67 -1.55
131 172.0 289.0 114.0 40.0 -1.13 3.14 0.38 -0.65 -0.83 -1.52
132 165.0 277.0 115.0 39.0 -1.11 3.11 0.28 -0.75 -1.02 -1.2
133 153.0 263.0 112.0 38.0 -1.13 3.07 0.23 -0.6 -1.08 -1.0
134 154.0 279.0 113.0 40.0 -1.15 3.06 0.14 -0.5 -1.0 -0.88
135 154.0 299.0 110.0 40.0 -1.14 3.36 0.03 -0.5 -0.81 -0.67
136 158.0 278.0 105.0 40.0 -1.14 3.45 -0.0 -0.51 -0.79 -0.99
137 161.0 267.0 106.0 44.0 -1.15 3.5 -0.03 -1.07 -0.73 -1.54
138 145.0 246.0 102.0 43.0 -1.19 3.57 -0.05 -0.25 -0.1 -1.69
139 135.0 223.0 101.0 45.0 -1.18 3.45 -0.07 -0.15 -0.41 -2.13
140 134.0 227.0 104.0 43.0 -1.19 3.34 -0.17 0.04 -0.41 -2.21
141 129.0 221.0 107.0 42.0 -1.34 3.47 -0.26 -0.26 -0.52 -2.23
142 133.0 222.0 102.0 40.0 -1.41 3.48 -0.32 0.05 -0.23 -1.81
143 127.0 240.0 105.0 42.0 -1.61 3.28 -0.44 0.24 -0.08 -1.38
144 132.0 235.0 106.0 40.0 -1.74 2.99 -0.58 0.73 -0.13 -0.71
145 144.0 227.0 103.0 39.0 -1.75 2.87 -0.65 0.56 -0.17 -0.67
146 147.0 233.0 105.0 43.0 -1.82 2.67 -0.75 -0.06 -0.39 -1.13
147 155.0 240.0 111.0 45.0 -1.77 2.31 -0.76 0.99 0.02 -0.75
148 179.0 227.0 111.0 42.0 -1.73 2.33 -0.87 0.2 -0.37 0.3
149 217.0 223.0 121.0 57.0 -1.72 2.3 -0.97 0.12 -0.5 0.54
150 211.0 222.0 123.0 56.0 -1.46 1.85 -0.8 0.09 -1.13 1.43
151 196.0 210.0 121.0 54.0 -1.48 1.83 -0.98 -1.69 -0.83 0.83
152 209.0 213.0 127.0 54.0 -1.53 1.18 -0.88 -0.58 -0.63 0.95
153 254.0 215.0 131.0 55.0 0.13 -3.8 0.09 -14.94 5.56 0.62
154 238.0 207.0 130.0 53.0 -0.38 -4.84 0.44 3.09 -0.33 -0.74
155 279.0 214.0 145.0 54.0 0.76 0.71 0.25 1.41 1.18 1.92
156 262.0 225.0 152.0 56.0 0.43 1.37 -0.07 0.74 1.78 1.93
157 248.0 216.0 149.0 56.0 0.24 0.69 -0.21 1.47 0.88 0.12
158 254.0 223.0 156.0 60.0 -0.26 0.11 -0.29 1.0 0.23 0.37
159 254.0 228.0 155.0 60.0 -0.28 0.03 -0.2 -0.72 -0.04 0.79
160 232.0 214.0 148.0 58.0 -0.27 -0.06 -0.1 0.12 -0.5 -0.09
161 230.0 214.0 148.0 62.0 -0.22 0.08 -0.01 0.36 -0.47 -0.34
162 221.0 214.0 146.0 59.0 -0.15 0.25 -0.08 -0.2 -0.4 -0.44
163 209.0 207.0 141.0 60.0 -0.14 0.32 -0.1 -0.48 -0.42 -0.56
164 208.0 209.0 142.0 63.0 -0.08 0.38 -0.03 -0.71 -0.44 -0.61
165 204.0 207.0 140.0 61.0 0.02 0.19 -0.0 -0.55 -0.31 -0.81
166 195.0 205.0 138.0 61.0 0.03 0.02 0.01 -0.59 -0.22 -0.82
167 206.0 211.0 144.0 63.0 0.06 -0.28 0.02 -0.62 -0.22 -0.71
168 204.0 212.0 143.0 60.0 0.06 -0.43 0.03 -0.66 -0.23 -0.36
169 194.0 205.0 139.0 58.0 0.05 -0.43 0.05 0.0 -0.13 0.24
170 206.0 212.0 145.0 60.0 0.02 -0.33 0.05 0.06 -0.15 0.29
171 208.0 219.0 145.0 61.0 0.0 -0.23 0.04 0.27 -0.05 0.3
172 195.0 211.0 141.0 59.0 0.01 -0.18 0.04 0.26 -0.01 0.22
173 225.0 229.0 153.0 59.0 0.03 -0.1 0.02 0.13 0.0 0.17
174 233.0 241.0 156.0 63.0 0.03 -0.05 0.0 -0.01 0.06 0.1
175 217.0 230.0 150.0 60.0 0.01 -0.03 0.0 -0.08 0.0 0.04
176 214.0 227.0 148.0 60.0 0.0 -0.02 -0.01 -0.18 0.0 0.01
177 199.0 217.0 140.0 57.0 -0.0 -0.02 -0.01 -0.21 -0.07 -0.13
178 170.0 199.0 129.0 56.0 -0.0 -0.02 -0.02 -0.17 -0.15 -0.12
179 159.0 193.0 125.0 56.0 -0.0 -0.02 -0.02 -0.15 -0.13 -0.09
180 146.0 186.0 120.0 54.0 -0.0 -0.04 -0.01 -0.17 -0.18 -0.13
181 137.0 180.0 114.0 51.0 0.0 -0.05 -0.01 -0.17 -0.17 -0.12
182 122.0 173.0 111.0 49.0 -0.0 -0.05 -0.01 -0.14 -0.19 -0.08
183 114.0 170.0 107.0 48.0 0.01 -0.04 -0.01 -0.11 -0.14 -0.09
184 110.0 165.0 104.0 47.0 0.01 -0.04 -0.0 -0.09 -0.14 -0.04
185 108.0 164.0 103.0 46.0 0.02 -0.03 -0.0 -0.08 -0.07 -0.03
186 102.0 162.0 102.0 44.0 0.02 -0.02 -0.01 -0.09 -0.07 -0.06
187 108.0 166.0 104.0 46.0 0.02 -0.02 -0.01 -0.14 -0.07 -0.09
188 119.0 177.0 110.0 50.0 0.01 -0.02 -0.0 -0.15 -0.08 -0.08
