1 211.0 237.0 143.0 62.0 0.0 -0.04 -0.02 -0.03 0.01 0.03
2 205.0 235.0 142.0 60.0 0.0 -0.03 -0.01 -0.04 0.0 0.0
3 233.0 249.0 151.0 60.0 0.0 -0.04 -0.01 0.0 0.0 0.0
4 236.0 259.0 155.0 67.0 0.01 -0.03 -0.01 0.01 0.01 0.03
5 233.0 255.0 153.0 67.0 0.01 -0.03 -0.01 0.04 0.06 0.03
6 255.0 269.0 163.0 66.0 0.0 -0.03 0.0 0.0 0.02 0.01
7 253.0 273.0 164.0 69.0 -0.01 -0.02 0.01 0.06 0.0 0.04
8 236.0 261.0 157.0 69.0 -0.0 -0.0 -0.01 0.03 0.11 0.08
9 248.0 274.0 160.0 76.0 -0.02 0.01 -0.01 0.02 0.07 0.1
10 247.0 280.0 161.0 84.0 -0.03 0.02 -0.02 0.02 0.16 0.13
11 255.0 282.0 157.0 77.0 -0.04 0.04 -0.03 0.09 0.14 0.33
12 262.0 278.0 162.0 72.0 -0.07 0.14 -0.01 0.0 0.11 0.4
13 255.0 287.0 162.0 74.0 -0.09 0.35 0.03 -0.36 0.24 0.4
14 247.0 285.0 160.0 75.0 -0.1 0.45 0.04 -0.22 0.38 0.68
15 249.0 340.0 162.0 76.0 -0.02 0.54 0.0 -0.05 0.53 0.77
16 248.0 359.0 160.0 69.0 0.03 0.28 0.01 -0.98 0.57 1.27
17 256.0 360.0 162.0 107.0 0.04 -0.09 0.03 -1.21 0.66 1.59
18 264.0 361.0 163.0 99.0 0.08 -1.24 0.13 -1.52 0.32 1.89
19 261.0 359.0 160.0 95.0 0.2 -1.84 0.19 -1.84 -0.56 1.38
20 263.0 404.0 160.0 93.0 0.58 -2.07 0.02 1.37 3.16 3.92
21 261.0 397.0 160.0 93.0 1.26 -3.47 0.08 -1.43 -0.83 3.46
22 256.0 400.0 155.0 86.0 1.5 -4.45 0.28 -0.68 0.2 2.13
23 254.0 381.0 161.0 82.0 1.68 -4.78 0.24 0.11 0.14 2.52
24 263.0 350.0 170.0 80.0 1.95 -5.08 0.02 -0.45 0.36 2.64
25 248.0 385.0 165.0 78.0 2.04 -5.06 -0.04 0.11 -0.04 2.55
26 262.0 404.0 156.0 77.0 2.04 -4.94 -0.04 1.36 0.39 1.76
27 248.0 397.0 155.0 74.0 1.75 -4.16 -0.11 -3.3 0.05 -0.68
28 245.0 398.0 151.0 69.0 2.2 -4.48 -0.45 -1.07 -0.77 -1.1
29 286.0 394.0 147.0 65.0 2.29 -4.38 -0.54 0.59 -0.18 -0.39
30 281.0 371.0 155.0 67.0 2.14 -3.24 -0.51 -0.07 -0.63 -0.02
31 246.0 342.0 148.0 66.0 2.07 -2.6 -0.43 -0.3 -0.49 0.63
32 246.0 335.0 140.0 60.0 1.98 -2.46 -0.42 -0.97 -0.58 0.04
33 245.0 315.0 141.0 57.0 1.89 -2.29 -0.41 -0.77 -0.54 -0.43
34 240.0 318.0 136.0 53.0 1.77 -1.84 -0.31 -0.21 -0.44 -1.3
35 289.0 304.0 132.0 51.0 1.69 -1.56 -0.27 -0.27 -0.73 -0.9
36 269.0 324.0 136.0 54.0 1.54 -1.06 -0.17 -0.66 -0.77 -0.71
37 284.0 326.0 143.0 57.0 1.39 -0.82 -0.18 -0.84 -0.95 -0.8
38 282.0 349.0 137.0 54.0 1.38 -0.77 -0.21 -0.59 -0.94 -1.38
39 281.0 328.0 139.0 58.0 1.33 -0.66 -0.2 -0.43 -1.11 -1.34
40 265.0 332.0 134.0 55.0 1.32 -0.53 -0.26 -0.57 -1.19 -1.4
41 265.0 310.0 130.0 51.0 1.25 -0.45 -0.28 -1.01 -1.2 -1.38
42 287.0 331.0 138.0 52.0 1.12 -0.3 -0.34 -1.34 -1.24 -1.45
43 278.0 340.0 135.0 56.0 0.99 -0.2 -0.39 -1.38 -1.22 -1.8
44 268.0 331.0 141.0 57.0 0.92 -0.16 -0.4 -1.11 -1.1 -1.65
45 260.0 327.0 141.0 63.0 0.81 -0.12 -0.4 -1.07 -1.01 -1.47
46 253.0 315.0 146.0 70.0 0.67 -0.1 -0.36 -0.82 -0.39 -1.2
47 274.0 305.0 140.0 67.0 0.59 -0.09 -0.34 -0.83 -0.14 -1.34
48 283.0 299.0 149.0 71.0 0.46 -0.09 -0.28 -0.65 0.07 -1.5
49 278.0 293.0 158.0 77.0 0.34 -0.05 -0.21 -0.3 0.14 -1.46
50 296.0 302.0 148.0 73.0 0.28 -0.03 -0.19 -0.33 0.28 -1.07
51 298.0 301.0 143.0 69.0 0.16 0.03 -0.15 -0.43 0.28 -0.94
52 283.0 290.0 140.0 69.0 0.03 0.03 -0.12 -0.37 0.21 -0.69
53 263.0 290.0 136.0 62.0 -0.03 0.02 -0.1 -0.29 0.12 -0.82
54 278.0 292.0 131.0 67.0 -0.15 0.04 -0.06 -0.32 0.1 -0.91
55 266.0 294.0 129.0 75.0 -0.21 0.04 -0.01 -0.28 -0.09 -0.71
56 271.0 304.0 144.0 65.0 -0.22 0.0 0.01 -0.32 -0.14 -0.51
57 287.0 304.0 140.0 64.0 -0.22 -0.08 0.05 -0.38 -0.21 0.09
58 260.0 296.0 138.0 61.0 -0.23 -0.03 0.08 -0.38 -0.18 0.25
59 248.0 285.0 136.0 60.0 -0.24 0.01 0.09 -0.35 -0.08 0.08
60 239.0 290.0 137.0 69.0 -0.25 0.03 0.09 -0.26 -0.01 -0.03
61 263.0 292.0 131.0 63.0 -0.23 -0.01 0.12 -0.29 0.0 -0.24
62 244.0 301.0 133.0 59.0 -0.21 -0.01 0.13 -0.32 0.03 -0.14
63 237.0 293.0 136.0 55.0 -0.18 0.0 0.12 -0.25 0.04 0.0
64 237.0 295.0 133.0 57.0 -0.17 0.02 0.1 -0.31 0.04 0.08
65 222.0 296.0 134.0 57.0 -0.17 0.01 0.1 -0.3 0.0 -0.07
66 222.0 301.0 133.0 58.0 -0.17 0.0 0.1 -0.25 0.02 -0.19
67 278.0 334.0 132.0 56.0 -0.17 0.02 0.12 -0.27 0.0 -0.34
68 254.0 312.0 128.0 54.0 -0.16 0.01 0.14 -0.2 -0.03 -0.15
69 237.0 309.0 132.0 52.0 -0.13 -0.01 0.14 -0.18 0.04 0.01
70 228.0 319.0 133.0 52.0 -0.13 0.03 0.12 -0.16 0.07 0.17
71 218.0 324.0 135.0 51.0 -0.14 0.04 0.1 -0.2 0.11 -0.01
72 242.0 325.0 142.0 49.0 -0.14 0.03 0.07 -0.15 0.15 -0.07
73 215.0 318.0 138.0 47.0 -0.12 0.02 0.06 -0.17 0.13 -0.15
74 206.0 304.0 137.0 46.0 -0.12 0.01 0.05 -0.27 0.23 -0.16
75 205.0 317.0 143.0 48.0 -0.1 0.01 0.06 -0.22 0.21 0.02
76 192.0 321.0 141.0 45.0 -0.1 0.04 0.08 -0.22 0.19 0.14
77 204.0 311.0 144.0 45.0 -0.1 0.05 0.08 -0.25 0.14 -0.01
78 214.0 320.0 143.0 53.0 -0.09 0.04 0.08 -0.24 0.12 0.0
79 221.0 321.0 142.0 57.0 -0.09 0.0 0.08 -0.31 0.1 -0.02
80 198.0 311.0 142.0 54.0 -0.08 -0.01 0.07 -0.08 0.12 -0.18
81 195.0 295.0 143.0 49.0 -0.07 -0.01 0.07 -0.08 0.09 -0.12
82 206.0 305.0 145.0 47.0 -0.05 0.0 0.07 -0.11 0.01 0.1
83 206.0 296.0 140.0 45.0 -0.04 0.0 0.07 -0.12 0.0 0.04
84 223.0 305.0 137.0 53.0 -0.04 -0.02 0.06 -0.1 0.03 -0.03
85 202.0 307.0 128.0 53.0 -0.04 -0.01 0.05 -0.07 0.01 -0.23
86 195.0 310.0 126.0 50.0 -0.04 -0.0 0.05 -0.01 0.0 -0.34
87 201.0 306.0 125.0 50.0 -0.06 0.02 0.04 -0.12 -0.04 -0.22
88 189.0 307.0 120.0 48.0 -0.06 -0.02 0.03 -0.16 -0.05 -0.11
89 208.0 298.0 128.0 46.0 -0.07 -0.02 0.03 -0.13 0.0 -0.11
90 215.0 302.0 141.0 46.0 -0.09 0.03 0.04 -0.21 0.03 -0.12
91 204.0 310.0 146.0 48.0 -0.09 0.02 0.04 -0.17 0.04 -0.03
92 207.0 312.0 138.0 49.0 -0.09 0.01 0.05 -0.22 0.01 -0.06
93 209.0 310.0 137.0 46.0 -0.07 -0.0 0.05 -0.12 0.05 -0.08
94 265.0 306.0 138.0 43.0 -0.05 -0.01 0.04 -0.04 0.02 0.12
95 235.0 287.0 138.0 43.0 -0.03 0.01 0.03 -0.01 0.03 0.13
96 235.0 304.0 138.0 44.0 -0.03 0.02 0.01 -0.05 0.08 0.0
97 235.0 317.0 131.0 48.0 -0.02 0.0 -0.01 -0.02 0.13 -0.11
98 233.0 307.0 131.0 46.0 -0.02 0.01 -0.02 -0.03 0.18 -0.15
99 229.0 309.0 132.0 44.0 -0.03 0.01 -0.01 -0.17 0.18 -0.24
100 244.0 300.0 127.0 41.0 -0.04 -0.01 -0.01 -0.2 0.13 -0.12
101 214.0 294.0 121.0 43.0 -0.04 -0.01 -0.01 -0.22 0.08 -0.13
102 209.0 283.0 131.0 43.0 -0.04 0.01 -0.0 -0.15 0.09 0.0
103 218.0 288.0 129.0 42.0 -0.04 0.01 -0.01 -0.17 0.07 0.01
104 215.0 290.0 128.0 46.0 -0.03 0.01 -0.01 -0.17 0.04 -0.02
105 201.0 294.0 129.0 47.0 -0.03 0.02 -0.01 -0.23 0.01 -0.07
106 218.0 286.0 128.0 47.0 -0.02 -0.01 -0.01 -0.19 0.04 -0.05
107 199.0 279.0 127.0 48.0 -0.02 -0.03 -0.0 -0.09 0.05 -0.17
108 193.0 277.0 125.0 48.0 -0.01 -0.04 -0.0 -0.15 0.11 -0.03
109 190.0 286.0 125.0 48.0 -0.01 -0.02 -0.01 -0.18 0.14 0.07
110 186.0 300.0 130.0 46.0 -0.0 -0.01 -0.01 -0.14 0.09 0.0
111 199.0 306.0 133.0 46.0 -0.0 0.01 -0.0 -0.15 0.06 -0.09
112 243.0 310.0 128.0 47.0 0.01 0.0 0.0 -0.18 -0.02 -0.06
113 208.0 284.0 126.0 50.0 0.01 -0.02 0.01 -0.14 0.01 -0.02
114 200.0 286.0 128.0 48.0 0.01 -0.02 0.0 -0.15 0.02 -0.1
115 191.0 282.0 128.0 48.0 -0.0 0.03 -0.01 -0.17 0.06 -0.11
116 179.0 275.0 125.0 53.0 -0.0 0.02 -0.02 -0.23 0.02 -0.11
117 176.0 282.0 124.0 50.0 -0.01 -0.01 -0.01 -0.16 -0.01 -0.17
118 205.0 287.0 120.0 50.0 -0.01 -0.02 -0.0 -0.12 0.02 -0.15
119 185.0 274.0 122.0 50.0 -0.02 -0.01 -0.01 -0.12 -0.01 -0.11
120 178.0 262.0 121.0 50.0 -0.03 0.02 -0.01 -0.13 -0.02 -0.18
121 170.0 263.0 115.0 47.0 -0.02 -0.0 -0.01 -0.22 -0.06 -0.18
122 166.0 256.0 115.0 45.0 -0.02 0.0 0.0 -0.21 -0.08 -0.24
123 171.0 250.0 118.0 47.0 -0.03 0.05 0.02 -0.34 -0.15 -0.18
124 167.0 243.0 119.0 49.0 -0.05 0.1 0.04 -0.44 -0.24 -0.35
125 165.0 234.0 117.0 50.0 -0.06 0.13 0.06 -0.44 -0.27 -0.43
126 175.0 230.0 117.0 49.0 -0.1 0.22 0.1 -0.43 -0.33 -0.62
127 164.0 227.0 116.0 46.0 -0.18 0.37 0.16 -0.28 -0.36 -0.71
128 163.0 240.0 118.0 45.0 -0.24 0.48 0.19 0.02 -0.37 -0.66
129 166.0 269.0 120.0 45.0 -0.42 0.8 0.25 -0.02 -0.28 -0.94
130 159.0 289.0 120.0 43.0 -0.59 1.33 0.28 -0.3 -0.36 -1.55
131 150.0 317.0 119.0 48.0 -0.64 1.64 0.29 -0.29 -0.34 -1.73
132 153.0 311.0 117.0 44.0 -0.78 2.12 0.28 -0.35 -0.46 -1.71
133 150.0 294.0 120.0 50.0 -0.94 1.99 0.24 -0.82 -0.8 -1.5
134 153.0 267.0 118.0 49.0 -0.99 1.69 0.21 -0.75 -0.74 -1.44
135 177.0 285.0 118.0 46.0 -0.98 1.32 0.16 -0.37 -0.6 -1.16
136 163.0 336.0 115.0 46.0 -1.09 1.54 0.21 -0.35 -0.33 -1.31
137 159.0 339.0 113.0 45.0 -1.16 1.86 0.25 -0.54 -0.35 -1.46
138 163.0 316.0 114.0 45.0 -1.27 2.83 0.3 -0.84 -0.34 -1.83
139 158.0 298.0 113.0 47.0 -1.4 3.53 0.26 -0.87 -0.47 -1.94
140 164.0 286.0 111.0 47.0 -1.45 3.68 0.22 -0.86 -0.55 -1.55
141 177.0 328.0 112.0 46.0 -1.54 3.59 0.14 -0.77 -0.5 -1.37
142 169.0 341.0 111.0 58.0 -1.57 3.35 0.03 -0.65 -0.3 -1.36
143 163.0 322.0 112.0 59.0 -1.6 3.24 -0.02 -0.2 -0.21 -1.38
144 162.0 300.0 114.0 59.0 -1.68 3.17 -0.08 -0.04 -0.33 -1.03
145 162.0 276.0 115.0 65.0 -1.76 3.02 -0.2 0.09 -0.49 -0.67
146 176.0 263.0 118.0 63.0 -1.78 2.91 -0.27 0.16 -0.58 -0.37
147 186.0 255.0 122.0 72.0 -1.81 2.7 -0.36 -0.01 -0.58 -0.07
148 182.0 253.0 125.0 65.0 -1.71 2.74 -0.48 0.59 0.11 0.1
149 196.0 252.0 130.0 67.0 -1.77 2.81 -0.39 0.54 -0.29 0.12
150 213.0 256.0 140.0 65.0 -1.68 3.07 -0.55 0.93 0.06 0.05
151 212.0 249.0 143.0 69.0 -1.69 3.56 -0.7 0.52 -0.11 0.68
152 200.0 238.0 145.0 64.0 -1.7 3.62 -0.76 0.62 -0.15 0.66
153 213.0 239.0 155.0 64.0 -1.61 3.55 -0.8 0.1 -0.97 0.43
154 220.0 234.0 157.0 63.0 -1.34 3.38 -0.71 0.06 -1.15 0.2
155 252.0 227.0 155.0 66.0 -1.22 3.45 -0.81 -0.32 -1.33 -0.04
156 257.0 230.0 157.0 68.0 -1.16 3.01 -0.87 -15.88 -8.87 18.41
157 266.0 226.0 157.0 67.0 0.44 -2.76 0.46 -6.34 2.73 -0.93
158 304.0 225.0 156.0 70.0 0.03 -2.94 0.75 2.79 -0.11 0.01
159 307.0 236.0 163.0 69.0 0.76 1.38 0.15 2.71 0.83 2.08
160 297.0 238.0 165.0 69.0 0.3 1.49 -0.16 1.54 0.98 0.28
161 289.0 235.0 166.0 72.0 0.06 0.81 -0.2 1.09 0.3 -0.12
162 300.0 244.0 170.0 75.0 -0.12 0.35 -0.23 0.33 -0.02 0.36
163 290.0 239.0 169.0 71.0 -0.1 0.39 -0.16 -0.69 -0.36 0.53
164 286.0 239.0 168.0 74.0 -0.09 0.33 -0.06 0.09 0.01 0.29
165 283.0 245.0 171.0 74.0 -0.1 0.31 -0.04 0.01 -0.08 -0.35
166 266.0 236.0 167.0 74.0 -0.14 0.19 -0.08 -0.54 -0.3 -0.41
167 260.0 230.0 165.0 81.0 -0.12 0.16 -0.09 -0.62 -0.21 -0.43
168 261.0 231.0 165.0 82.0 -0.08 0.19 -0.04 -0.46 -0.27 -0.33
169 245.0 225.0 160.0 80.0 -0.03 0.12 -0.03 -0.1 -0.29 -0.33
170 231.0 215.0 155.0 85.0 -0.01 0.0 -0.01 -0.05 -0.01 -0.27
171 232.0 216.0 157.0 87.0 0.0 -0.16 0.0 -0.11 -0.05 -0.13
172 227.0 214.0 155.0 83.0 0.03 -0.21 0.0 0.0 -0.12 -0.05
173 229.0 219.0 157.0 83.0 0.04 -0.21 0.0 0.03 -0.09 0.0
174 249.0 235.0 165.0 81.0 0.03 -0.2 0.0 0.12 -0.04 0.17
175 248.0 237.0 165.0 80.0 0.04 -0.19 0.01 0.23 -0.04 0.18
176 253.0 239.0 164.0 77.0 0.04 -0.17 0.02 0.22 -0.08 0.21
177 252.0 243.0 166.0 77.0 0.05 -0.14 0.01 0.13 -0.1 0.15
178 240.0 236.0 162.0 74.0 0.04 -0.14 0.02 0.13 -0.09 0.15
179 247.0 240.0 163.0 74.0 0.04 -0.13 0.03 0.06 -0.04 0.11
