0.836322 21 109 25 118
0.9205848 23 125 25 119
1.0357203 23 124 25 119
1.1289352 23 120 25 119
1.2198237 23 105 25 117
1.3214617 23 122 25 137
1.4204553 48 80 25 134
1.5183727 228 62 37 140
1.621091 393 61 69 261
1.7196104 615 76 73 362
1.8407779 736 82 67 372
1.9197796 711 85 57 298
2.0181395 599 91 48 258
2.1205093 531 93 52 290
2.2193364 535 93 46 271
2.321393 455 101 51 247
2.42005 369 101 43 230
2.5216778 324 101 38 231
2.6268761 300 102 43 234
2.7189017 319 98 38 224
2.8212056 286 100 40 233
2.919304 369 95 39 242
3.0215747 965 88 45 253
3.1319441 754 85 45 243
3.2328453 815 85 42 276
3.3211164 682 81 45 322
3.4190267 510 74 50 288
3.5214482 648 101 51 295
3.630675 532 85 47 301
3.7184055 488 81 49 311
3.8208249 308 84 44 288
3.919145 233 76 35 282
4.0211931 223 75 37 241
4.1199011 290 71 37 244
4.2292626 264 59 36 189
4.3205325 230 61 33 196
4.4208129 156 60 29 153
4.5207408 72 139 27 204
4.6196397 94 153 29 176
4.7325485 66 176 29 214
4.819873 44 163 26 202
4.9221126 30 146 25 178
5.0205009 25 110 25 154
5.1193014 24 91 26 133
5.2298155 24 98 27 140
5.3199001 23 97 31 133
5.4182485 24 94 33 138
5.5202061 23 84 35 145
5.6189615 53 80 40 153
5.7253552 542 74 60 186
5.8192509 724 69 99 254
5.9217587 676 77 148 354
6.0204436 665 79 118 359
6.1183231 683 78 89 335
6.2212861 612 82 60 378
6.3385384 577 75 44 401
6.4214456 441 81 47 342
6.5384037 531 94 48 428
6.6180465 489 86 39 348
6.721012 393 89 38 350
6.8191524 316 84 35 313
6.9209778 312 82 30 293
7.0198568 274 84 36 318
7.126899 291 83 35 318
7.2206137 220 88 39 354
7.3208175 232 87 44 353
7.4214745 202 86 41 307
7.5314683 199 82 37 334
7.6213428 239 88 42 337
7.7198886 228 83 43 340
7.8187842 198 90 48 328
7.9359031 201 90 53 367
8.0189155 264 84 55 333
8.1215822 252 81 57 321
8.267067 197 81 52 281
8.3441861 223 82 54 361
8.4206712 150 69 53 292
8.5189668 86 68 44 179
8.6215018 39 109 43 145
8.728607 32 121 39 170
8.8218103 25 201 30 250
8.9573143 25 140 27 215
9.0331402 24 114 24 170
9.1211071 24 107 26 174
9.2192798 26 96 25 164
9.321618 35 89 27 168
9.434545 42 80 32 136
9.5180156 47 83 41 143
9.6210084 61 80 47 133
9.7229537 71 79 54 123
9.8272622 85 73 75 120
9.9194066 265 72 86 131
10.0218915 655 74 116 188
10.1325472 587 74 120 348
10.2189158 577 88 115 408
10.3209196 477 76 96 308
10.419779 455 92 84 342
10.5438903 400 86 60 322
10.6201545 340 87 49 285
10.7186769 328 85 43 341
10.8210567 285 87 54 294
10.9189421 283 88 43 288
11.021751 247 93 38 277
11.1203273 215 103 36 293
11.2217205 181 91 34 325
11.3210733 195 85 30 306
11.4190351 232 95 30 328
11.5281868 310 110 30 364
11.6198754 724 97 31 295
11.7216044 504 101 33 330
11.8200348 420 91 30 325
11.9183109 316 77 30 264
12.0207189 303 88 32 297
12.1195067 263 88 28 305
12.2276513 233 87 26 297
12.320233 239 86 26 309
12.4223516 227 82 26 270
12.5204566 251 80 25 256
12.6191968 177 88 25 266
12.7258869 147 88 26 271
12.8199549 141 85 26 331
12.9257441 149 79 26 247
13.0206737 107 76 27 206
13.1185301 45 74 27 135
13.2292797 29 102 25 128
13.3192276 25 297 28 210
13.4215801 24 204 27 197
13.5203051 23 171 26 177
13.6187027 26 150 25 172
13.7211028 31 123 27 146
13.826255 33 123 25 164
13.9215553 33 99 24 145
14.0246275 33 86 25 134
14.1218774 30 83 25 127
14.2249541 46 73 26 128
14.3186658 68 68 27 142
14.421062 397 69 36 222
14.5198268 578 74 50 312
14.6309162 497 90 74 375
14.7205578 505 83 65 344
14.8472896 547 80 57 332
14.9251168 425 85 53 376
15.0194993 294 84 40 395
15.1220633 401 98 37 359
15.2203004 320 88 32 347
15.3339698 344 95 40 349
15.4209666 314 114 34 385
15.518774 276 103 31 374
15.6212858 249 109 29 395
15.7199371 309 111 35 392
15.8216859 218 116 31 366
15.9208067 245 117 39 392
16.0189733 248 104 36 363
16.1213732 192 103 32 358
16.219256 204 98 31 314
16.3214296 206 97 31 355
16.4205025 244 102 30 390
16.5672802 204 99 30 324
16.6467636 232 93 29 292
16.7225656 255 92 31 292
16.8212371 232 83 29 282
16.9202404 152 90 32 293
17.0339824 119 82 31 254
17.1207247 81 79 31 222
17.2190664 43 95 29 155
17.3215258 28 157 29 166
17.4193177 44 251 31 247
17.5219656 42 217 29 227
17.6369721 30 142 26 179
17.7188058 25 111 25 173
17.821391 25 108 25 167
17.9196833 24 104 25 141
18.021345 24 90 24 126
18.125471 23 87 24 122
18.2220195 23 90 25 123
18.3256681 27 81 26 125
18.4193682 80 75 28 121
18.5216771 520 80 36 202
18.6201183 472 85 43 279
18.7409044 513 85 53 355
18.8201956 594 103 93 388
18.9188516 569 107 71 346
19.0209719 572 85 58 307
19.1198886 494 89 47 278
19.2219675 515 81 36 333
19.3203264 500 85 40 340
19.4220341 472 91 35 296
19.521309 403 100 37 330
19.6193173 526 91 35 317
19.7216333 307 89 32 347
19.8544285 350 97 30 364
19.9330258 324 107 30 393
20.0209825 282 96 30 332
20.1216033 252 96 26 343
20.2216663 269 87 28 287
20.333422 224 94 30 329
20.4219389 222 79 26 287
20.5205063 226 84 28 309
20.6187968 194 77 27 292
20.7214065 220 75 26 316
20.8191469 200 83 27 299
20.9214068 233 84 28 277
21.0200629 214 79 29 286
21.1224547 164 87 27 332
21.2364887 164 79 27 300
21.3190257 161 76 27 249
21.4242586 117 78 28 265
21.5194805 61 70 27 171
21.6220308 37 78 27 158
21.7371704 27 95 26 145
21.8185234 26 109 25 133
21.9209203 24 120 26 265
22.0192168 24 91 24 209
22.1215198 23 86 26 148
22.2203219 24 78 25 165
22.3262923 22 69 25 142
22.4206905 23 71 25 185
22.5193608 23 71 26 183
22.6284244 24 70 26 185
22.7200883 23 67 26 168
22.8219638 23 67 27 166
22.9205983 23 68 26 166
23.0202016 24 67 26 161
23.1210166 24 65 25 159
23.2199159 23 65 26 165
23.3282462 23 64 27 161
23.4206063 24 62 26 148
23.5254917 23 62 25 150
23.6212873 23 61 26 124
23.7318954 23 58 26 136
23.8215717 23 57 28 139
24.0122986 24 57 26 141
