0.85322 23 170 32 157
0.9187051 25 126 49 154
1.0353443 24 122 35 138
1.1387903 23 145 32 124
1.2175159 23 117 27 116
1.3196423 23 114 29 117
1.4187541 23 120 27 144
1.5246461 23 132 26 219
1.6189206 89 127 34 250
1.7177758 139 117 49 237
1.8193845 110 105 44 250
1.9179562 140 104 43 213
2.0162875 155 108 61 243
2.1191038 184 115 63 254
2.2293544 107 110 43 264
2.3191429 94 102 42 210
2.4180694 64 94 47 243
2.5283345 59 107 41 247
2.6187016 73 91 40 209
2.7171033 79 106 41 227
2.8193008 41 88 39 206
2.9178353 28 107 37 254
3.0197216 24 157 40 227
3.1414057 23 142 40 193
3.2428366 26 136 37 191
3.3192277 28 122 46 217
3.4171003 25 111 39 267
3.5193552 25 111 32 239
3.6178188 24 103 33 214
3.7161605 23 106 30 231
3.8190122 23 111 28 269
3.9173117 35 119 35 226
4.0194529 49 103 48 213
4.1242669 41 101 55 231
4.2195945 156 96 52 242
4.3187311 180 105 44 237
4.4293655 129 96 38 223
4.5194268 136 104 41 240
4.6184319 98 98 33 208
4.7197458 104 114 29 209
4.8184028 91 89 29 214
4.9522442 114 97 26 229
5.0305099 189 113 27 225
5.1170466 254 101 27 195
5.219469 98 87 26 229
5.327361 59 96 25 221
5.4198109 32 205 24 219
5.5206641 39 158 27 201
5.6171934 78 183 30 224
5.7211923 51 142 29 176
5.8174729 35 124 30 229
5.9198081 42 132 27 200
6.0245016 31 109 26 184
6.1170107 44 118 28 210
6.2188515 37 114 28 204
6.3177526 33 111 26 207
6.4196158 30 111 26 203
6.538569 32 106 28 215
6.6220653 33 123 27 199
6.7186675 42 115 27 189
6.8175123 35 116 26 205
6.9194924 32 124 25 180
7.0180041 30 115 27 195
7.1198306 39 121 27 196
7.2183353 49 103 29 185
7.3170609 38 118 27 184
7.4260729 37 116 27 219
7.5177325 73 116 27 193
7.6195079 62 108 28 163
7.7184836 66 117 35 166
7.8168293 98 110 35 223
7.9207105 121 106 49 220
8.0176018 194 94 50 218
8.1282996 219 123 58 273
8.2346414 180 118 42 232
8.3200592 111 112 42 208
8.419132 180 120 40 255
8.5166791 127 96 37 234
8.6195869 114 95 34 228
8.7343383 113 86 32 207
8.819857 106 101 34 171
8.91819 131 91 31 211
9.0170068 84 92 30 194
9.1303649 63 95 29 189
9.2171349 57 101 33 191
9.3197366 33 91 28 194
9.4375238 26 125 26 222
9.5199933 34 154 27 237
9.6186088 31 145 30 219
9.7175154 37 128 30 190
9.8566015 31 120 29 214
9.9343324 33 118 29 207
10.0198846 39 106 29 196
10.1187166 29 127 27 211
10.2170151 32 130 29 222
10.3194168 34 108 30 219
10.4173535 47 102 30 232
10.5199416 50 120 28 227
10.6182476 40 133 27 244
10.716501 47 134 29 217
10.8193307 40 152 29 233
10.9221633 33 116 28 235
11.0196391 41 123 27 205
11.1182936 47 139 40 183
11.2219777 40 112 37 186
11.3190414 86 101 45 233
11.4288576 122 111 53 274
11.5348634 112 131 61 258
11.6179588 117 129 51 329
11.7196534 125 116 46 252
11.8183799 90 107 43 258
11.9198951 83 116 40 277
12.0193525 83 123 37 264
12.1308407 67 103 41 300
12.2195965 93 112 33 299
12.3183992 75 95 31 255
12.4200691 46 113 29 256
12.5190363 31 92 31 226
12.6276437 30 104 28 237
12.719289 25 131 26 230
12.8175411 25 131 26 254
12.9199755 39 157 27 234
13.0189289 39 119 31 200
13.1194624 30 119 30 215
13.2209357 27 106 26 195
13.3178869 31 113 27 208
13.423656 34 79 26 237
13.5179558 32 84 26 229
13.6162812 37 82 26 257
13.719299 34 86 26 229
13.8343936 31 82 29 222
13.9196772 31 89 28 203
14.0181187 29 99 30 159
14.1201061 35 117 34 190
14.2188566 59 120 42 220
14.3167133 67 110 45 198
14.4198559 101 135 50 246
14.5179201 145 131 58 297
14.6200636 104 117 44 285
14.7185497 95 97 37 294
14.8385161 101 100 40 243
14.9188423 78 102 44 251
15.0175732 89 95 33 237
15.1254349 88 93 43 217
15.2184337 135 101 47 270
15.3200732 108 110 39 238
15.4190819 75 101 36 211
15.5173561 99 109 34 238
15.6197158 101 115 33 236
15.7176636 78 105 30 237
15.8199763 101 106 34 220
15.9220037 76 98 28 206
16.0165572 36 113 28 222
16.1196451 27 136 27 222
16.2358305 29 161 29 222
16.3195693 27 178 29 244
16.4184779 38 147 29 273
16.5535531 62 141 45 249
16.6309061 55 114 41 292
16.7174378 40 96 33 258
16.8197895 32 81 31 206
16.9191099 31 77 30 207
17.0200957 33 81 27 195
17.1249759 23 82 28 192
17.2167229 26 82 27 199
17.3196639 25 73 26 191
17.4356632 25 72 27 212
17.5199477 25 75 26 238
17.6185848 25 70 26 227
17.7168737 25 71 27 212
17.8189373 26 63 26 210
17.9176064 25 66 25 195
18.0195616 24 69 26 205
18.197076 24 67 24 177
