0.8483143 23 60 27 132
0.9209614 23 135 30 163
1.0280101 23 81 26 141
1.1306239 23 72 25 125
1.2198955 24 66 25 129
1.3182203 23 91 25 122
1.4211742 36 214 38 210
1.5320801 35 391 58 371
1.6218924 43 610 94 504
1.7201943 48 882 116 879
1.8220831 132 954 163 966
1.9204125 464 954 156 966
2.0193818 463 954 188 967
2.1293223 257 828 162 968
2.2193667 159 753 160 893
2.3221754 158 602 127 804
2.4544382 196 555 92 772
2.5331955 219 674 96 692
2.6212234 205 522 68 759
2.7197024 120 586 104 809
2.8271098 83 521 76 718
2.9202912 95 532 60 753
3.0220616 158 513 55 747
3.1210552 168 541 68 727
3.2374042 99 571 82 809
3.3212108 100 538 65 751
3.4200659 128 462 75 806
3.5309096 101 481 65 760
3.6202211 72 395 45 704
3.7186267 92 425 52 676
3.82115 87 466 48 754
3.9195793 116 409 43 691
4.0216132 151 532 58 649
4.1200511 127 510 71 701
4.2221099 98 455 61 646
4.3205381 46 356 44 622
4.4188489 29 159 33 525
4.5217383 25 114 27 414
4.6354304 25 70 26 357
4.7219555 45 63 37 318
4.8203338 66 79 58 263
4.9249858 52 81 41 223
5.0214832 33 75 31 183
5.1272228 27 64 36 147
5.221918 27 59 33 171
5.3285106 25 121 33 238
5.4220668 29 309 49 338
5.5208285 34 554 75 477
5.6211341 111 662 157 758
5.721598 115 763 156 967
5.819845 85 767 136 966
5.9222269 289 877 188 967
6.0223917 525 805 151 967
6.1191852 370 749 141 873
6.2215197 255 662 177 828
6.3200177 185 606 155 791
6.4217797 150 671 97 736
6.5266934 122 595 96 757
6.6222712 96 564 101 710
6.7208773 68 584 96 725
6.8191949 56 514 71 589
6.921682 53 470 73 626
7.0200289 58 425 61 561
7.1221802 53 577 70 632
7.2311536 46 462 49 537
7.3193656 54 496 65 635
7.4217863 46 487 45 606
7.5195821 58 449 52 574
7.6218921 70 395 55 582
7.7208912 69 349 53 597
7.8318343 49 270 40 471
7.9213396 30 171 32 311
8.0197334 27 122 27 264
8.1218325 34 73 29 257
8.2380056 40 57 26 220
8.3221887 35 87 26 183
8.4207742 31 89 25 155
8.5195674 28 82 25 150
8.6303904 27 69 25 160
8.7203878 28 118 25 233
8.8221659 30 296 40 362
8.9205059 39 469 63 459
9.0194818 55 747 110 668
9.134918 62 732 109 825
9.2200332 161 953 229 968
9.3222818 192 767 199 951
9.431598 186 674 169 826
9.5225058 174 793 194 864
9.6228248 158 636 224 765
9.7192383 111 599 114 605
9.8246793 84 621 112 728
9.9205454 95 533 79 593
10.0272557 169 731 85 656
10.121388 103 652 114 717
10.2304007 611 597 78 615
10.3218117 479 538 97 623
10.4219781 197 600 90 723
10.5223692 149 632 130 698
10.6342502 141 493 96 588
10.7224485 144 616 102 530
10.8210133 95 597 94 666
10.9195847 143 624 106 761
11.02214 118 591 114 732
11.1335367 75 603 109 724
11.2221338 91 516 79 693
11.3213297 73 466 76 579
11.4342387 69 381 58 501
11.5369696 48 291 57 422
11.6197453 31 160 37 315
11.7222894 27 115 30 250
11.8411686 26 80 30 221
11.9187253 59 65 28 172
12.021778 58 62 29 160
12.1367343 40 59 28 135
12.2221576 40 52 26 127
12.320626 37 55 26 130
12.422355 31 56 26 136
12.52151 26 95 25 225
12.633545 26 203 28 238
12.7219566 24 350 34 339
12.8203808 40 562 98 742
12.9220894 85 702 160 959
13.0213977 146 954 198 963
13.1322681 354 782 199 894
13.2418874 299 678 191 827
13.3240661 286 631 151 778
13.4222265 164 632 149 824
13.5203328 95 708 113 800
13.6225102 116 579 90 711
13.7365878 80 510 70 708
13.819464 114 541 72 665
13.9222211 83 524 70 579
14.0280934 87 571 100 659
14.1225145 57 557 103 615
14.2284784 57 422 68 543
14.3195181 95 532 65 645
14.4215717 133 535 97 702
14.5204961 117 649 122 745
14.6329653 62 516 80 684
14.7204771 80 471 62 716
14.8244579 101 430 74 604
14.9216618 90 504 61 517
15.0263896 72 434 66 636
15.1217996 82 447 58 512
15.2207647 75 341 56 446
15.3376222 36 195 37 303
15.4211094 27 144 29 251
15.5197245 25 112 26 249
15.6219725 44 81 32 215
15.7240229 44 66 32 180
15.8222609 43 60 29 168
15.9210737 36 54 27 162
16.0194271 32 56 26 143
16.1254834 32 59 26 142
16.2202605 27 183 28 216
16.3383729 26 352 45 340
16.4204284 59 461 73 578
16.5224721 533 706 141 656
16.621126 423 810 228 834
16.7194116 310 852 185 715
16.821753 284 873 175 699
16.9207409 334 680 163 641
17.0303209 349 703 126 662
17.1213515 214 625 109 658
17.2191019 305 556 123 718
17.3216826 216 513 103 603
17.420421 203 591 102 679
17.5224893 158 552 72 701
17.6206441 182 531 71 704
17.7226657 127 603 89 749
17.8283799 116 562 69 688
17.9201094 165 565 68 553
18.0219272 200 655 77 615
18.1246817 127 661 87 641
18.2226079 115 577 81 618
18.331721 88 577 71 615
18.4197164 52 503 71 526
18.5217337 110 480 80 521
18.6205041 76 497 89 586
18.729423 117 444 68 563
18.8211166 88 574 74 575
18.9192637 99 485 89 585
19.0220167 117 443 83 580
19.1327115 72 349 56 461
19.2223564 38 214 40 323
19.3204472 30 161 37 261
19.4225821 25 154 31 190
19.5216939 54 111 37 155
19.6345035 81 74 44 118
19.7221447 48 64 32 120
19.8445586 32 59 28 142
19.9222383 28 57 28 151
20.0213486 30 63 26 176
20.1342862 28 61 26 177
20.2221108 25 65 25 161
20.348431 24 64 25 170
20.4290832 24 66 25 166
20.5210336 24 64 25 162
20.6190894 23 63 25 177
20.7219031 25 59 24 171
20.8773226 24 61 25 154
