0.838205 24 146 26 147
0.8840975 23 311 27 230
0.9972108 24 221 27 184
1.1045766 24 214 27 174
1.1826353 24 169 27 147
1.2625563 24 186 27 149
1.3389418 25 144 26 157
1.414387 24 145 27 168
1.512805 24 145 27 159
1.5925776 21 155 25 144
1.6639387 24 146 28 141
1.7366313 24 133 27 144
1.810738 178 115 41 139
1.8863469 634 80 83 131
1.962084 966 85 309 243
2.0393037 966 124 250 438
2.1158405 967 113 181 420
2.1937016 945 95 100 305
2.2725298 653 90 74 289
2.3481134 604 87 65 275
2.4236617 792 86 88 269
2.4998074 676 110 100 362
2.5769045 605 107 119 322
2.6540664 583 101 129 370
2.751349 575 90 144 316
2.8270008 534 101 132 333
2.9029189 614 99 138 301
2.978093 587 97 120 330
3.0541192 651 93 109 298
3.1310029 628 99 95 319
3.2112321 688 99 84 332
3.3139932 795 97 87 315
3.4241112 776 89 74 303
3.5143467 831 94 72 345
3.6125849 828 99 51 343
3.7113764 837 99 49 394
3.8137462 795 87 49 331
3.9119211 735 61 31 209
4.0143132 704 91 29 188
4.1128315 672 157 32 245
4.2146327 539 218 32 262
4.3307279 365 272 53 253
4.4113346 261 242 38 210
4.5142562 125 171 30 183
4.6289001 50 155 27 157
4.7142057 30 143 25 148
4.8127223 46 149 24 147
4.9115972 78 151 26 151
5.023058 967 118 33 147
5.1120564 967 83 51 246
5.2144392 967 96 102 374
5.3145279 969 124 130 573
5.4147483 967 111 102 476
5.5220983 967 97 83 402
5.6119716 922 93 77 349
5.7143394 732 110 70 368
5.8121872 699 113 56 329
5.9158328 525 107 45 355
6.013508 529 95 38 326
6.1245526 407 111 36 320
6.2136519 345 94 39 307
6.3125729 335 94 37 315
6.4244921 307 88 36 335
6.5130295 276 91 37 290
6.6111852 315 86 38 266
6.7134622 257 86 37 272
6.8116562 217 94 39 317
6.9144472 280 93 42 306
7.0286831 300 86 37 286
7.1146336 369 84 38 337
7.2135101 341 81 37 275
7.3114212 230 66 34 191
7.414354 102 62 28 135
7.5254656 44 68 27 115
7.6279894 29 174 26 168
7.7127456 25 187 26 194
7.8110369 74 354 40 323
7.9135553 140 303 36 265
8.0118352 158 201 29 208
8.1145844 159 166 26 162
8.2130038 169 149 25 148
8.3146001 177 112 25 131
8.4137576 190 105 25 134
8.5247097 224 102 32 133
8.6142993 320 82 67 135
8.7121823 431 90 65 156
8.8146754 592 88 84 271
8.924772 765 99 125 388
9.0112166 738 108 111 382
9.1142088 527 85 66 342
9.2552748 482 88 51 390
9.3333175 383 89 44 330
9.4127037 400 108 45 418
9.5148376 424 95 48 333
9.6236297 543 106 50 361
9.7117082 473 119 51 363
9.8144582 476 115 45 395
9.923362 409 122 38 349
10.0147477 321 119 35 331
10.1133696 263 115 35 346
10.2119804 255 107 38 313
10.3189609 203 99 30 284
10.4120954 268 92 30 274
10.5142642 243 97 31 367
10.6127857 234 88 30 324
10.7110597 248 85 32 289
10.8141067 271 90 33 291
10.956774 203 87 31 269
11.0328707 236 84 30 295
11.1124881 179 74 32 253
11.2148375 111 58 26 176
11.329047 47 65 30 131
11.412 30 146 28 152
11.5144026 25 172 27 177
11.6126867 26 253 28 214
11.7145221 43 218 28 198
11.8135946 83 162 27 169
11.9119648 103 143 25 144
12.0143644 127 121 26 136
12.1329096 139 125 25 139
12.2142417 177 87 25 123
12.3133587 390 93 32 188
12.4316351 450 101 46 258
12.5133669 638 107 80 309
12.6171744 430 98 56 291
12.7145921 455 94 56 355
12.8273508 426 94 52 387
12.914532 381 102 46 374
13.0135851 408 88 46 342
13.1240766 373 94 40 344
13.2143157 374 84 41 294
13.3143476 396 95 38 374
13.4147363 354 88 40 336
13.523811 541 101 41 382
13.6149538 515 105 38 421
13.7139974 580 97 41 375
13.8123723 539 102 36 369
13.9146251 524 99 41 405
14.0134666 512 93 40 388
14.1149927 472 106 41 425
14.2565109 537 111 40 444
14.3319954 455 97 45 393
14.4139557 471 114 39 407
14.5129279 446 108 35 449
14.6259006 284 80 31 324
14.7133142 174 61 27 195
14.8115198 69 61 25 156
14.914126 44 164 26 182
15.0124367 86 192 27 211
15.1146769 138 209 27 219
15.2126658 157 191 27 187
15.3150844 165 139 26 156
15.4138905 141 130 25 137
15.5116769 125 110 25 126
15.614475 487 87 29 169
15.726002 967 101 104 369
15.8146547 967 129 135 542
15.9213016 835 107 95 388
16.0117292 602 112 62 383
16.113904 426 101 52 388
16.2127749 445 89 51 356
16.328409 380 96 48 366
16.4130977 371 83 39 354
16.5149136 289 79 35 345
16.6135104 376 77 31 331
16.7125578 302 85 32 299
16.824934 307 78 38 358
16.912524 299 87 35 350
17.0150138 350 88 33 291
17.1314922 260 85 35 277
17.2120171 253 80 36 328
17.3142514 303 86 35 301
17.4122515 259 76 38 340
17.5189009 229 81 36 305
17.6130623 236 82 33 310
17.7113207 242 88 30 306
17.8136607 183 82 32 283
17.9119949 156 83 35 319
18.0142929 172 65 29 224
18.113144 114 58 28 193
18.2196798 90 52 27 130
18.3138184 43 52 26 118
18.418078 31 50 26 126
18.5140729 26 48 26 131
18.6129883 24 49 25 133
18.7273994 24 49 26 135
18.8135597 24 49 25 137
18.9118526 23 49 25 140
19.0142342 25 50 23 135
19.1288475 24 51 26 133
19.2144888 24 55 26 133
19.3134692 24 54 26 133
19.4235838 25 54 26 134
19.5136609 25 54 26 131
19.621275 24 56 26 123
19.8553636 23 54 26 118
