0.8370719 22 50 28 105
0.9151996 23 50 26 103
1.0334048 23 50 25 107
1.1352731 22 49 25 111
1.2141705 23 50 26 110
1.3162005 23 52 24 229
1.4153324 23 74 25 226
1.5211991 24 138 31 187
1.615454 23 144 38 164
1.7138194 25 121 30 144
1.8163905 71 139 40 262
1.920463 105 133 32 347
2.0130283 165 155 41 538
2.1152739 245 145 34 660
2.2140914 180 115 31 496
2.3256064 343 131 29 510
2.4147334 241 144 31 595
2.5164367 217 115 29 504
2.6155128 351 111 26 567
2.7228204 208 113 27 601
2.8161227 404 96 24 555
2.9142709 266 91 27 454
3.0163644 280 104 27 502
3.1152359 244 114 29 465
3.2329234 254 95 30 434
3.3158752 248 89 29 433
3.4142011 272 91 28 473
3.5162921 242 103 29 438
3.6148644 241 93 30 442
3.7131599 194 96 29 409
3.815592 230 95 28 474
3.9139243 207 89 26 434
4.0161061 177 95 27 394
4.1146182 196 94 26 420
4.216458 192 116 26 364
4.3155477 320 116 31 413
4.4134166 285 113 27 386
4.5160758 212 106 27 382
4.6143853 134 117 25 385
4.7162733 63 154 24 274
4.8150448 90 115 25 227
4.9307947 67 97 27 212
5.0155411 82 83 26 176
5.1141573 81 68 25 171
5.2159039 48 68 24 174
5.314335 41 61 24 164
5.4130411 49 54 25 158
5.515429 75 65 25 188
5.6132924 124 88 26 319
5.7156461 315 120 26 547
5.8140136 355 132 30 761
5.916178 346 112 29 685
6.0152462 317 109 29 605
6.1269529 222 109 27 596
6.2159698 187 107 27 534
6.3142715 184 98 26 496
6.4159646 229 108 26 507
6.5210455 190 112 25 508
6.6131641 225 96 24 525
6.7152132 171 89 26 424
6.8141748 123 81 25 410
6.9253584 163 87 26 419
7.0147 208 110 27 495
7.1164021 196 96 26 475
7.2153448 171 87 26 421
7.3137006 135 84 26 398
7.4160775 187 96 26 405
7.5138737 185 92 27 463
7.6164615 131 97 25 432
7.7307 212 95 25 561
7.8133402 175 85 25 463
7.9157216 200 86 29 442
8.0156778 102 81 26 347
8.1158499 73 76 25 367
8.2203935 68 71 26 331
8.316463 37 70 24 304
8.4238717 58 159 25 241
8.5136214 68 122 26 171
8.6157821 37 98 25 158
8.7146606 46 73 25 124
8.8286532 32 62 23 123
8.9151746 46 62 25 132
9.0135266 34 58 25 126
9.1154828 36 58 25 131
9.2143266 27 63 26 151
9.325917 94 102 25 309
9.414972 270 115 26 502
9.5167225 226 152 32 760
9.6152123 197 121 30 618
9.7142362 146 116 32 627
9.853264 217 116 26 541
9.9309957 280 99 29 554
10.016347 248 112 29 637
10.1148594 181 92 27 481
10.21388 146 98 26 427
10.3156679 146 87 27 463
10.4146319 177 103 24 489
10.5320404 163 105 25 495
10.6146642 113 96 25 476
10.7129574 181 100 25 460
10.8159743 130 93 25 476
10.9345887 140 91 24 424
11.0163774 97 94 25 408
11.1418064 117 90 25 475
11.2194721 129 97 25 502
11.3157047 139 90 25 502
11.4214375 175 89 24 473
11.5268738 140 77 25 415
11.6141655 176 88 25 419
11.7162707 142 83 25 484
11.81475 143 89 25 432
11.9133707 129 91 26 461
12.015938 153 85 25 443
12.1143109 112 82 24 411
12.2174062 134 88 29 425
12.3150297 189 84 26 437
12.4265606 279 86 25 428
12.5156424 231 84 26 344
12.6135795 134 158 25 327
12.7163198 138 119 28 194
12.8275964 111 115 26 187
12.9164883 54 78 25 190
13.0149454 40 66 25 220
13.113783 33 61 25 189
13.2395814 33 56 25 184
13.3162623 32 59 25 201
13.4162656 25 57 25 175
13.5149686 27 55 25 175
13.6131037 26 92 26 282
13.7160117 94 103 26 351
13.8141252 261 96 27 440
13.9159636 135 95 30 408
14.0149502 153 79 26 405
14.1246986 192 91 27 422
14.2150762 200 95 27 443
14.3133547 138 96 26 507
14.4163261 153 95 25 502
14.5315566 177 98 26 546
14.6165858 146 100 25 439
14.7152574 161 93 25 427
14.8304012 146 100 26 483
14.9159487 161 83 25 412
15.0137483 145 81 27 383
15.1165158 159 92 26 432
15.2247583 151 105 26 451
15.3167528 171 101 28 511
15.4207629 152 104 29 528
15.5138279 144 94 26 521
15.6159675 107 95 27 541
15.7142013 154 85 26 493
15.8164048 142 93 27 394
15.9149072 185 92 26 409
16.0139278 199 92 25 462
16.1229694 184 89 26 382
16.2146112 150 87 26 429
16.318895 98 78 25 420
16.4153062 104 78 25 370
16.5527511 72 70 25 366
16.6286523 46 68 24 355
16.7141365 44 104 24 313
16.8166427 29 136 25 264
16.9210207 44 136 24 198
17.0166572 32 88 27 185
17.1286421 34 70 25 180
17.213336 26 64 25 193
17.3163868 24 60 24 169
17.4339933 24 60 25 185
17.516542 23 61 25 202
17.6152253 23 58 24 192
17.7135557 23 59 25 178
17.8159385 24 59 24 197
17.9142601 23 57 25 165
18.0165338 25 60 25 193
18.1440812 24 59 24 164
18.2244569 25 59 25 172
18.315697 24 62 29 165
18.4136985 104 102 27 326
18.5162693 128 108 25 508
18.6148654 200 110 28 495
18.7168953 215 98 26 545
18.815611 264 118 27 549
18.9256119 298 112 28 541
19.0161829 210 114 27 558
19.1140434 157 105 25 495
19.2167253 185 107 27 484
19.314656 194 100 26 449
19.4169161 184 98 25 541
19.5327081 189 87 25 483
19.6142335 259 105 26 536
19.7164596 230 89 26 474
19.8451133 158 94 25 510
19.9211372 160 82 25 470
20.0156025 165 91 25 475
20.1181923 159 89 25 434
20.2164875 163 82 25 446
20.3146049 131 85 25 498
20.4164748 129 81 25 478
20.5148664 119 83 25 431
20.6137792 94 90 26 416
20.7256849 96 91 26 456
20.8138693 113 85 25 423
20.9163132 98 81 24 412
21.015004 119 78 26 361
21.1170963 108 78 25 367
21.2442408 87 79 25 385
21.3207547 81 85 27 443
21.420729 75 85 24 399
21.5146815 62 125 25 300
21.6168002 37 209 26 213
21.7151397 56 192 27 237
21.8133351 32 102 25 181
21.9157922 28 77 25 202
22.0143997 26 67 25 192
22.1170688 26 68 25 206
22.2150743 27 72 27 196
22.3168945 27 65 26 187
22.4178383 24 64 26 198
22.5136905 25 60 26 191
22.6166066 28 62 25 212
22.7263266 34 66 25 190
22.816672 28 65 27 181
22.9155522 27 60 25 176
23.0232622 24 57 25 163
23.1266651 26 55 25 167
23.2145876 26 56 25 160
23.3167053 24 58 25 130
23.4148022 26 56 25 124
23.5169518 24 57 25 130
23.6319839 23 60 25 130
23.7139091 23 58 25 122
23.8168629 24 54 25 117
23.9422377 23 53 25 118
24.0194607 24 52 26 119
24.1157674 23 51 25 115
24.2142585 23 57 25 131
24.3161865 23 58 25 124
24.4142808 23 54 25 123
24.5783222 23 55 25 115
