1 29.0 80.0 53.0 23.0 -0.01 -0.02 0.02 -0.04 0.06 -0.12
2 30.0 79.0 54.0 23.0 -0.02 -0.01 0.03 0.03 0.04 -0.1
3 32.0 80.0 53.0 23.0 -0.02 -0.01 0.04 0.0 0.07 -0.13
4 33.0 80.0 53.0 23.0 -0.02 -0.02 0.05 -0.04 0.07 -0.1
5 32.0 80.0 53.0 24.0 -0.03 -0.02 0.05 0.0 0.08 -0.06
6 32.0 81.0 53.0 25.0 -0.04 -0.03 0.05 -0.04 0.08 -0.02
7 30.0 83.0 53.0 27.0 -0.04 -0.03 0.04 -0.05 0.04 -0.01
8 30.0 83.0 54.0 25.0 -0.03 -0.02 0.02 -0.18 0.0 -0.05
9 29.0 81.0 54.0 25.0 -0.03 -0.01 0.02 -0.18 0.01 -0.08
10 27.0 81.0 53.0 25.0 -0.02 -0.0 0.01 -0.16 0.03 -0.1
11 27.0 78.0 54.0 31.0 -0.02 0.0 0.0 -0.08 0.04 -0.02
12 29.0 76.0 56.0 37.0 -0.02 0.0 0.01 0.0 -0.02 0.17
13 26.0 78.0 59.0 71.0 -0.02 0.02 0.01 0.03 -0.03 0.34
14 30.0 85.0 59.0 114.0 -0.03 0.05 0.04 -0.15 -0.22 0.64
15 51.0 98.0 59.0 107.0 -0.05 0.07 0.06 -0.11 -0.23 1.13
16 91.0 108.0 58.0 110.0 -0.15 0.15 0.11 -0.08 -0.1 1.34
17 105.0 115.0 59.0 132.0 -0.35 0.19 0.17 -0.64 0.16 1.75
18 99.0 111.0 58.0 110.0 -0.38 0.18 0.17 -0.66 0.72 1.94
19 100.0 137.0 57.0 96.0 -0.36 0.07 0.12 -0.56 1.0 2.68
20 102.0 129.0 56.0 84.0 -0.26 -0.23 0.1 -0.27 1.44 3.48
21 124.0 130.0 56.0 71.0 -0.22 -0.43 0.07 -0.69 1.42 3.84
22 119.0 147.0 55.0 61.0 -0.22 -0.57 -0.02 -0.94 1.84 3.64
23 112.0 142.0 56.0 53.0 0.06 -1.03 -0.18 -1.6 0.67 3.25
24 114.0 133.0 60.0 46.0 0.32 -1.33 -0.22 0.16 1.45 2.29
25 128.0 148.0 61.0 41.0 0.77 -1.26 -0.26 0.32 1.63 2.12
26 125.0 140.0 67.0 37.0 1.13 -0.62 -0.27 0.57 1.81 2.14
27 120.0 127.0 68.0 34.0 1.25 -0.32 -0.27 -0.02 2.0 2.53
28 130.0 119.0 72.0 31.0 1.28 -0.12 -0.26 -0.17 1.73 2.62
29 127.0 114.0 69.0 30.0 1.42 -0.5 -0.42 -0.18 2.16 1.34
30 186.0 113.0 67.0 28.0 1.43 -0.81 -0.52 -0.3 1.69 0.61
31 246.0 113.0 64.0 27.0 1.5 -1.32 -0.54 0.35 1.64 -0.58
32 270.0 111.0 72.0 26.0 1.44 -1.41 -0.64 0.54 1.45 -1.48
33 310.0 108.0 74.0 25.0 1.38 -1.42 -0.66 0.41 1.29 -2.37
34 269.0 108.0 71.0 25.0 1.15 -1.41 -0.69 0.58 1.14 -2.57
35 267.0 111.0 70.0 24.0 0.98 -1.45 -0.79 0.6 1.24 -3.08
36 256.0 112.0 70.0 24.0 0.79 -1.44 -0.81 1.15 0.62 -3.1
37 289.0 108.0 67.0 24.0 0.38 -1.26 -0.9 1.37 0.27 -3.16
38 293.0 111.0 72.0 23.0 0.05 -0.84 -1.05 0.83 -0.4 -2.96
39 294.0 112.0 74.0 25.0 -0.21 -0.6 -1.12 0.19 -0.9 -3.24
40 302.0 109.0 72.0 25.0 -0.6 -0.49 -1.19 -0.07 -1.13 -3.45
41 338.0 106.0 75.0 25.0 -0.89 -0.63 -1.25 -0.68 -1.58 -2.66
42 373.0 107.0 76.0 25.0 -0.98 -0.73 -1.2 -0.65 -2.11 -2.1
43 363.0 121.0 75.0 30.0 -1.11 -0.66 -1.11 -0.86 -3.41 -0.56
44 402.0 127.0 79.0 28.0 -1.05 -0.47 -1.04 -1.56 -3.23 -0.53
45 363.0 143.0 82.0 27.0 -0.92 -0.43 -0.98 -2.07 -3.2 -0.86
46 371.0 134.0 82.0 26.0 -0.71 -0.59 -0.66 -1.64 -2.98 -1.24
47 377.0 125.0 78.0 25.0 -0.42 -0.79 -0.29 -0.67 -2.7 -1.15
48 341.0 120.0 82.0 25.0 -0.28 -0.8 -0.13 -0.36 -2.64 -0.79
49 321.0 122.0 82.0 28.0 -0.02 -0.6 -0.03 0.39 -2.19 -0.31
50 311.0 129.0 81.0 32.0 0.15 -0.33 -0.07 0.28 -1.82 -0.6
51 273.0 134.0 83.0 32.0 0.22 -0.24 -0.11 0.45 -1.47 -0.97
52 298.0 136.0 98.0 37.0 0.24 -0.12 -0.13 0.18 -0.76 -1.99
53 275.0 133.0 96.0 35.0 0.15 -0.21 -0.09 0.07 -0.51 -2.09
54 283.0 124.0 93.0 33.0 0.09 -0.28 -0.07 0.03 -0.44 -1.78
55 286.0 119.0 93.0 31.0 0.03 -0.31 -0.05 0.31 -0.2 -1.31
56 266.0 134.0 90.0 29.0 -0.08 -0.17 -0.04 0.5 -0.01 -0.84
57 248.0 133.0 92.0 30.0 -0.11 -0.06 -0.04 0.32 0.03 -0.78
58 266.0 131.0 93.0 32.0 -0.17 0.04 -0.05 0.01 -0.15 -0.54
59 251.0 127.0 94.0 30.0 -0.18 0.01 -0.06 -0.3 0.01 -0.29
60 234.0 119.0 88.0 29.0 -0.19 -0.02 -0.05 -0.37 0.05 -0.23
61 209.0 116.0 91.0 28.0 -0.19 -0.03 -0.04 -0.1 0.07 0.2
62 246.0 125.0 89.0 26.0 -0.17 0.04 -0.07 -0.34 0.27 0.43
63 218.0 128.0 89.0 26.0 -0.17 0.07 -0.07 -0.49 0.27 0.48
64 238.0 123.0 85.0 26.0 -0.18 0.14 -0.05 -0.56 0.26 0.31
65 205.0 120.0 89.0 25.0 -0.13 0.11 -0.01 -0.68 0.16 0.15
66 221.0 112.0 91.0 25.0 -0.1 0.08 0.0 -0.66 0.23 0.12
67 219.0 120.0 93.0 24.0 -0.05 0.03 0.01 -0.65 0.21 0.2
68 243.0 120.0 89.0 24.0 -0.03 0.01 0.03 -0.44 0.25 0.26
69 250.0 116.0 83.0 25.0 -0.03 0.02 0.04 -0.29 0.32 0.29
70 212.0 114.0 82.0 25.0 -0.02 0.04 0.05 -0.22 0.36 0.1
71 237.0 124.0 77.0 25.0 0.0 0.01 0.03 -0.09 0.27 -0.08
72 219.0 115.0 77.0 24.0 0.01 0.0 0.03 -0.07 0.24 -0.14
73 225.0 111.0 76.0 24.0 0.02 -0.01 0.02 -0.05 0.22 -0.08
74 217.0 109.0 79.0 25.0 0.01 0.04 0.01 -0.07 0.18 0.08
75 231.0 113.0 75.0 25.0 0.01 0.07 0.01 -0.22 0.06 -0.03
76 251.0 115.0 73.0 25.0 0.03 0.09 0.02 -0.41 -0.03 -0.09
77 236.0 109.0 71.0 24.0 0.06 0.02 0.04 -0.33 0.12 -0.38
78 219.0 102.0 69.0 25.0 0.06 -0.02 0.06 -0.3 0.11 -0.44
79 217.0 97.0 71.0 24.0 0.05 -0.05 0.1 -0.13 0.09 -0.07
80 199.0 107.0 75.0 23.0 0.04 -0.05 0.1 -0.11 0.09 0.05
81 225.0 108.0 72.0 24.0 0.06 -0.05 0.08 -0.14 0.09 0.01
82 209.0 107.0 70.0 23.0 0.07 -0.03 0.03 -0.09 0.13 -0.12
83 222.0 109.0 71.0 28.0 0.05 0.03 0.03 0.01 0.15 -0.22
84 195.0 102.0 73.0 27.0 0.04 0.07 0.02 -0.05 0.16 -0.25
85 192.0 112.0 72.0 26.0 0.04 0.11 0.01 -0.34 0.2 -0.27
86 198.0 107.0 71.0 26.0 0.04 0.04 -0.02 -0.36 0.08 -0.28
87 183.0 101.0 73.0 25.0 0.03 0.01 -0.03 -0.3 0.07 -0.31
88 217.0 99.0 73.0 25.0 0.02 -0.03 -0.01 -0.33 0.09 -0.46
89 184.0 98.0 73.0 24.0 -0.01 -0.07 0.03 -0.09 0.06 -0.39
90 185.0 107.0 77.0 23.0 -0.02 -0.06 0.04 -0.03 0.1 -0.33
91 163.0 102.0 75.0 26.0 -0.03 -0.0 0.03 0.09 0.14 -0.34
92 164.0 99.0 80.0 26.0 -0.04 0.05 0.01 0.02 0.09 -0.35
93 144.0 98.0 75.0 25.0 -0.04 0.06 -0.0 0.02 0.0 -0.39
94 141.0 92.0 75.0 24.0 -0.03 0.07 -0.02 0.0 0.07 -0.39
95 129.0 94.0 74.0 24.0 -0.03 0.09 -0.01 -0.22 0.03 -0.47
96 116.0 106.0 75.0 25.0 -0.04 0.07 -0.01 -0.17 -0.02 -0.44
97 104.0 102.0 72.0 24.0 -0.06 0.06 0.01 -0.26 -0.04 -0.46
98 92.0 97.0 74.0 24.0 -0.05 0.05 0.03 -0.16 -0.02 -0.39
99 92.0 93.0 75.0 25.0 -0.06 0.07 0.05 -0.2 -0.1 -0.34
100 76.0 88.0 72.0 25.0 -0.07 0.11 0.08 -0.34 -0.14 -0.39
101 87.0 93.0 69.0 70.0 -0.08 0.05 0.11 -0.36 -0.38 -0.33
102 84.0 97.0 67.0 83.0 -0.07 0.03 0.13 -0.33 -0.53 -0.38
103 69.0 101.0 68.0 89.0 -0.04 0.09 0.19 -0.47 -1.08 -0.41
104 62.0 97.0 70.0 110.0 0.02 0.31 0.32 -0.66 -1.9 -0.51
105 51.0 114.0 73.0 98.0 0.09 0.52 0.41 -0.53 -2.14 -0.61
106 44.0 139.0 76.0 93.0 0.23 1.23 0.68 -0.44 -2.23 -1.02
107 40.0 169.0 75.0 80.0 0.31 2.0 1.02 -0.69 -1.54 -1.86
108 39.0 179.0 80.0 70.0 0.3 2.28 1.17 -0.65 -1.14 -1.94
109 39.0 224.0 80.0 143.0 0.17 2.7 1.47 -0.44 -0.87 -1.84
110 39.0 205.0 88.0 136.0 -0.04 3.12 1.7 -0.66 -1.39 -1.83
111 42.0 181.0 91.0 121.0 -0.14 3.33 1.79 -0.91 -1.5 -2.01
112 49.0 173.0 100.0 120.0 -0.2 3.69 1.91 -1.26 -0.48 -2.55
113 55.0 179.0 102.0 103.0 -0.36 3.91 1.94 -0.94 -0.27 -2.87
114 57.0 164.0 110.0 90.0 -0.47 3.89 1.96 -1.24 -0.13 -2.8
115 60.0 147.0 114.0 78.0 -0.68 3.66 1.93 -0.6 -0.33 -1.95
116 66.0 140.0 117.0 69.0 -0.97 3.33 1.88 -0.75 0.41 -0.94
117 78.0 132.0 119.0 58.0 -1.1 3.07 1.81 -0.42 0.7 -0.53
118 93.0 144.0 121.0 56.0 -1.34 2.37 1.56 0.0 0.57 -0.19
119 83.0 134.0 123.0 52.0 -1.4 1.98 1.38 1.11 0.33 -0.46
120 82.0 120.0 124.0 46.0 -1.38 1.38 1.02 1.05 0.41 -0.68
121 76.0 112.0 126.0 50.0 -1.28 1.13 0.7 1.97 0.52 -0.38
122 74.0 107.0 124.0 45.0 -1.27 1.09 0.56 1.8 0.37 0.47
123 73.0 106.0 123.0 42.0 -1.22 0.99 0.34 0.81 0.21 1.3
124 72.0 99.0 123.0 41.0 -1.27 0.72 0.21 1.36 -0.01 2.06
125 85.0 104.0 120.0 39.0 -1.24 0.24 0.04 1.5 -0.09 1.98
126 80.0 103.0 118.0 43.0 -1.22 0.03 -0.08 0.84 -0.25 1.8
127 78.0 97.0 112.0 39.0 -1.01 -0.29 -0.12 0.84 0.07 1.35
128 78.0 98.0 110.0 37.0 -0.86 -0.47 -0.37 0.73 -0.27 0.91
129 77.0 95.0 106.0 46.0 -0.76 -0.52 -0.47 0.78 -0.28 0.75
130 75.0 94.0 104.0 43.0 -0.57 -0.51 -0.56 0.35 -0.04 0.8
131 80.0 91.0 99.0 39.0 -0.59 -0.58 -0.54 0.24 0.27 0.9
132 76.0 87.0 95.0 35.0 -0.61 -0.7 -0.56 0.08 0.28 0.39
133 79.0 85.0 91.0 31.0 -0.55 -0.73 -0.47 -2.18 -0.02 0.55
134 78.0 84.0 86.0 31.0 -0.33 -0.75 -0.3 -13.9 0.34 8.91
135 74.0 82.0 86.0 32.0 0.35 -2.06 0.18 -9.09 -0.17 9.32
136 73.0 94.0 81.0 49.0 0.47 -3.0 0.23 3.42 1.47 4.85
137 63.0 99.0 81.0 56.0 0.42 -1.57 0.2 1.97 1.44 1.22
138 54.0 92.0 81.0 49.0 0.41 0.14 0.02 1.71 1.01 0.18
139 50.0 90.0 77.0 43.0 0.34 -0.1 -0.04 1.42 0.68 -0.51
140 46.0 89.0 80.0 39.0 0.21 -0.23 -0.09 0.54 0.12 0.01
141 40.0 87.0 77.0 35.0 0.2 -0.16 -0.09 0.21 0.03 0.31
142 37.0 86.0 75.0 33.0 0.23 -0.07 -0.07 -0.37 -0.18 0.43
143 33.0 89.0 73.0 30.0 0.27 -0.03 -0.05 -0.27 -0.05 0.0
144 29.0 87.0 70.0 29.0 0.27 0.02 -0.05 -0.38 0.18 -0.16
145 25.0 87.0 70.0 28.0 0.19 0.06 -0.07 -0.46 0.17 0.0
146 30.0 84.0 68.0 27.0 0.16 0.05 -0.08 -0.3 0.09 0.01
147 29.0 82.0 76.0 27.0 0.07 -0.03 -0.05 -0.13 0.01 -0.08
