1 24.0 79.0 63.0 23.0 0.0 0.05 0.02 0.06 0.07 0.04
2 27.0 79.0 60.0 23.0 0.01 0.08 0.02 0.07 0.07 0.02
3 27.0 78.0 59.0 23.0 0.02 0.09 0.01 0.01 0.16 0.0
4 27.0 75.0 64.0 23.0 0.01 0.08 0.01 0.07 0.12 0.02
5 25.0 77.0 63.0 23.0 0.01 0.07 0.01 0.05 0.13 0.05
6 26.0 77.0 63.0 23.0 0.02 0.09 0.0 0.07 0.07 0.04
7 25.0 76.0 59.0 23.0 0.02 0.11 -0.0 0.02 0.06 -0.04
8 27.0 76.0 58.0 23.0 0.03 0.11 -0.01 0.03 0.09 -0.06
9 25.0 74.0 57.0 23.0 0.03 0.07 -0.01 -0.01 0.14 -0.16
10 24.0 73.0 60.0 23.0 0.02 0.04 -0.01 -0.02 0.13 -0.1
11 25.0 75.0 64.0 23.0 0.02 -0.02 -0.02 -0.05 0.13 -0.05
12 24.0 76.0 63.0 23.0 0.03 -0.02 -0.03 0.06 0.02 0.06
13 22.0 77.0 60.0 23.0 0.04 -0.01 -0.03 0.11 0.04 0.07
14 21.0 77.0 61.0 23.0 0.05 0.03 -0.04 0.17 0.03 0.06
15 24.0 78.0 69.0 24.0 0.05 0.04 -0.03 0.12 0.04 -0.05
16 22.0 79.0 68.0 23.0 0.04 0.04 -0.02 0.04 0.07 -0.02
17 21.0 78.0 64.0 23.0 0.03 0.02 -0.02 0.0 0.11 -0.01
18 21.0 77.0 62.0 23.0 0.03 0.01 -0.02 0.01 0.09 0.04
19 33.0 78.0 62.0 23.0 0.02 0.01 -0.02 0.1 0.11 0.07
20 32.0 79.0 61.0 22.0 0.01 0.02 -0.02 0.13 0.08 0.08
21 30.0 83.0 59.0 22.0 -0.0 0.02 -0.01 0.16 0.16 0.15
22 37.0 86.0 59.0 23.0 -0.02 0.01 -0.01 0.11 0.11 0.14
23 38.0 86.0 60.0 38.0 -0.04 0.01 -0.01 0.1 0.0 0.24
24 54.0 94.0 58.0 35.0 -0.06 0.04 -0.01 0.07 0.09 0.29
25 83.0 102.0 60.0 61.0 -0.07 0.07 -0.02 -0.26 0.0 0.69
26 92.0 109.0 60.0 85.0 -0.08 0.17 -0.02 -0.6 0.04 0.96
27 125.0 117.0 59.0 94.0 -0.21 0.21 -0.03 -0.59 0.17 2.51
28 163.0 124.0 59.0 78.0 -0.31 0.28 -0.05 -0.83 0.91 5.07
29 168.0 139.0 58.0 73.0 -0.46 0.29 -0.08 -0.8 1.31 5.82
30 179.0 142.0 56.0 62.0 -0.45 0.01 -0.11 -0.68 1.93 4.94
31 253.0 137.0 62.0 53.0 -0.3 -0.37 -0.18 0.21 2.06 3.72
32 342.0 135.0 62.0 47.0 0.04 -1.07 -0.46 -0.47 1.38 3.4
33 359.0 143.0 63.0 43.0 0.59 -1.9 -0.67 0.86 2.09 4.45
34 369.0 149.0 67.0 38.0 0.76 -2.07 -0.65 0.88 1.76 3.82
35 334.0 142.0 70.0 35.0 1.11 -2.02 -0.77 0.56 1.78 3.27
36 325.0 138.0 67.0 34.0 1.38 -2.1 -0.91 0.25 1.09 1.61
37 295.0 130.0 64.0 32.0 1.57 -2.18 -0.98 -0.3 1.21 0.23
38 298.0 131.0 65.0 30.0 1.6 -2.38 -1.14 -0.54 1.36 -0.25
39 261.0 122.0 66.0 30.0 1.6 -2.84 -1.34 0.49 1.41 -1.19
40 296.0 124.0 88.0 28.0 1.56 -2.78 -1.4 1.05 1.03 -1.87
41 263.0 121.0 83.0 27.0 1.45 -2.44 -1.42 1.49 1.03 -2.08
42 288.0 135.0 80.0 26.0 1.16 -1.76 -1.36 0.96 0.69 -2.67
43 292.0 127.0 81.0 27.0 0.99 -1.51 -1.31 -0.27 0.3 -2.99
44 320.0 123.0 83.0 26.0 0.71 -1.36 -1.28 -0.27 -0.24 -2.33
45 307.0 125.0 79.0 26.0 0.42 -1.35 -1.29 -1.26 -0.53 -1.63
46 349.0 132.0 78.0 37.0 0.21 -1.39 -1.3 -0.85 -1.07 -1.37
47 307.0 138.0 74.0 33.0 0.09 -1.3 -1.38 -0.59 -1.52 -1.62
48 331.0 133.0 83.0 36.0 -0.17 -1.0 -1.2 -0.64 -1.85 -2.73
49 362.0 127.0 106.0 38.0 -0.25 -0.86 -1.07 -1.37 -1.8 -2.85
50 332.0 125.0 114.0 37.0 -0.34 -0.95 -0.87 -1.61 -1.52 -2.67
51 295.0 129.0 106.0 41.0 -0.31 -1.43 -0.81 -1.63 -1.64 -1.92
52 261.0 128.0 105.0 48.0 -0.28 -1.7 -0.8 -0.56 -1.87 -1.3
53 286.0 126.0 99.0 42.0 -0.3 -1.74 -0.78 -0.13 -1.92 -1.45
54 279.0 130.0 96.0 43.0 -0.36 -1.4 -0.76 -0.76 -1.83 -1.54
55 265.0 138.0 95.0 39.0 -0.38 -1.27 -0.72 -0.8 -1.64 -1.42
56 242.0 131.0 94.0 36.0 -0.34 -1.17 -0.61 -0.68 -1.68 -1.24
57 259.0 130.0 105.0 33.0 -0.34 -0.97 -0.42 -0.63 -1.7 -0.85
58 276.0 137.0 100.0 33.0 -0.36 -0.79 -0.32 -0.55 -1.65 -0.59
59 281.0 141.0 103.0 32.0 -0.38 -0.46 -0.14 -0.63 -1.54 -0.72
60 298.0 139.0 121.0 30.0 -0.31 -0.23 -0.05 -0.68 -1.23 -0.72
61 267.0 144.0 121.0 29.0 -0.27 -0.14 -0.03 -0.77 -1.0 -0.83
62 264.0 146.0 116.0 27.0 -0.19 -0.11 -0.04 -0.95 -0.58 -0.83
63 269.0 146.0 113.0 27.0 -0.11 -0.18 -0.0 -0.37 -0.35 -0.45
64 270.0 141.0 106.0 27.0 -0.11 -0.12 0.02 -0.06 -0.26 -0.38
65 259.0 143.0 111.0 31.0 -0.12 0.13 0.06 -0.06 -0.04 -0.38
66 246.0 143.0 109.0 30.0 -0.09 0.23 0.05 -0.45 0.12 -0.41
67 266.0 149.0 99.0 29.0 -0.06 0.16 0.04 -0.58 0.24 -0.29
68 288.0 145.0 97.0 28.0 -0.02 0.02 0.02 -0.28 0.31 0.0
69 255.0 143.0 104.0 27.0 -0.04 0.06 0.04 -0.29 0.36 0.06
70 229.0 144.0 110.0 27.0 -0.06 0.09 0.05 -0.34 0.37 0.12
71 231.0 138.0 102.0 27.0 -0.08 0.11 0.08 -0.19 0.25 0.16
72 208.0 138.0 98.0 31.0 -0.05 0.1 0.1 -0.25 0.32 0.22
73 259.0 131.0 98.0 31.0 -0.02 0.06 0.09 -0.17 0.3 0.25
74 243.0 129.0 96.0 30.0 0.05 -0.03 0.07 0.13 0.44 0.3
75 206.0 126.0 89.0 29.0 0.07 -0.0 0.06 0.02 0.42 0.26
76 198.0 141.0 83.0 28.0 0.07 0.03 0.05 -0.17 0.48 0.16
77 204.0 146.0 82.0 25.0 0.07 0.0 0.03 -0.29 0.3 0.02
78 187.0 141.0 81.0 31.0 0.07 -0.01 0.03 -0.08 0.2 -0.19
79 196.0 145.0 88.0 31.0 0.06 0.01 0.04 -0.07 0.22 -0.24
80 204.0 150.0 83.0 30.0 0.04 0.05 0.06 -0.05 0.14 -0.23
81 208.0 144.0 88.0 28.0 0.05 0.04 0.05 -0.05 0.26 -0.18
82 214.0 145.0 88.0 27.0 0.05 0.02 0.04 0.03 0.3 -0.15
83 200.0 141.0 86.0 26.0 0.02 0.04 0.03 -0.05 0.29 -0.12
84 235.0 153.0 79.0 26.0 -0.01 0.03 0.03 -0.1 0.24 -0.1
85 265.0 150.0 80.0 26.0 -0.02 0.02 0.02 -0.03 0.15 -0.13
86 267.0 141.0 82.0 27.0 -0.01 0.07 0.01 0.12 -0.04 -0.16
87 261.0 137.0 93.0 26.0 0.02 0.15 -0.01 -0.29 -0.06 -0.06
88 239.0 138.0 89.0 26.0 0.04 0.15 -0.02 -0.59 -0.06 -0.1
89 281.0 129.0 87.0 25.0 0.08 0.06 -0.04 -0.56 -0.05 -0.28
90 257.0 136.0 100.0 29.0 0.08 0.0 -0.02 -0.36 0.2 -0.27
91 245.0 152.0 95.0 30.0 0.05 0.01 0.0 -0.37 0.2 -0.35
92 231.0 139.0 93.0 30.0 0.01 0.03 0.04 -0.15 0.16 -0.25
93 224.0 125.0 90.0 28.0 0.0 0.07 0.05 -0.18 0.07 -0.23
94 195.0 113.0 85.0 26.0 0.02 0.07 0.04 -0.23 0.16 -0.23
95 194.0 110.0 88.0 26.0 0.03 0.01 0.03 -0.19 0.18 -0.21
96 193.0 104.0 87.0 25.0 0.03 -0.02 0.02 -0.03 0.05 -0.2
97 170.0 98.0 82.0 24.0 0.02 0.03 0.02 -0.06 0.02 -0.29
98 166.0 98.0 76.0 27.0 -0.01 0.12 0.03 -0.17 -0.04 -0.39
99 142.0 94.0 74.0 27.0 -0.01 0.12 0.04 -0.2 -0.3 -0.55
100 122.0 91.0 72.0 91.0 0.0 0.07 0.04 -0.16 -0.41 -0.5
101 102.0 86.0 71.0 87.0 0.0 0.09 0.06 -0.13 -0.84 -0.5
102 85.0 87.0 67.0 76.0 0.04 0.22 0.09 -0.43 -1.56 -0.69
103 77.0 87.0 66.0 81.0 0.08 0.3 0.12 -0.47 -1.91 -0.83
104 72.0 91.0 69.0 110.0 0.16 0.54 0.24 -0.85 -2.88 -1.4
105 62.0 91.0 71.0 93.0 0.27 0.8 0.44 -1.33 -3.16 -1.95
106 53.0 91.0 75.0 92.0 0.33 0.87 0.57 -1.55 -2.91 -2.22
107 55.0 104.0 75.0 111.0 0.38 0.91 0.91 -1.4 -2.66 -2.18
108 73.0 120.0 80.0 128.0 0.27 1.04 1.24 -1.55 -2.56 -2.78
109 91.0 145.0 89.0 115.0 0.19 1.15 1.38 -1.95 -2.45 -3.05
110 90.0 167.0 94.0 100.0 0.05 1.55 1.63 -2.68 -2.4 -3.3
111 77.0 160.0 97.0 108.0 0.03 1.73 1.74 -2.39 -1.1 -2.95
112 62.0 153.0 101.0 119.0 -0.04 1.7 1.78 -2.03 -0.7 -2.94
113 54.0 149.0 109.0 122.0 -0.23 1.5 1.81 -1.2 -0.36 -2.25
114 46.0 146.0 118.0 112.0 -0.49 1.47 1.82 -0.71 -0.55 -1.57
115 57.0 165.0 122.0 102.0 -0.59 1.56 1.79 -0.32 -0.04 -1.36
116 91.0 157.0 121.0 116.0 -0.75 1.79 1.68 0.5 1.12 -0.48
117 79.0 143.0 122.0 161.0 -0.92 1.99 1.52 0.12 1.52 -0.33
118 84.0 137.0 127.0 152.0 -1.01 2.03 1.4 -0.7 1.36 -0.3
119 70.0 133.0 129.0 169.0 -1.11 1.83 1.15 0.32 1.02 0.11
120 58.0 121.0 132.0 139.0 -1.08 1.48 0.92 0.37 1.52 0.99
121 53.0 120.0 129.0 112.0 -1.0 1.29 0.82 0.15 1.51 1.22
122 65.0 120.0 128.0 106.0 -0.86 0.81 0.73 0.94 1.71 1.77
123 57.0 116.0 125.0 91.0 -0.81 0.59 0.68 0.96 1.87 1.17
124 47.0 111.0 123.0 77.0 -0.85 0.28 0.59 0.51 2.29 1.16
125 41.0 105.0 122.0 75.0 -0.8 -0.28 0.45 1.69 1.66 1.12
126 36.0 99.0 117.0 64.0 -0.72 -0.76 0.18 2.05 1.4 1.07
127 33.0 95.0 116.0 56.0 -0.68 -0.87 0.04 2.05 0.95 0.81
128 30.0 91.0 114.0 49.0 -0.62 -0.95 -0.14 2.18 0.92 0.53
129 27.0 87.0 111.0 44.0 -0.63 -0.91 -0.2 1.49 2.97 -0.73
130 24.0 83.0 113.0 38.0 -0.72 -0.52 -0.31 0.88 1.43 3.19
131 23.0 83.0 107.0 36.0 -0.12 -0.66 -0.42 1.26 -2.79 7.67
132 21.0 85.0 102.0 33.0 0.81 -0.64 -0.29 2.26 0.0 5.51
133 20.0 88.0 96.0 31.0 1.13 -0.18 -0.27 1.65 0.59 4.15
134 18.0 90.0 97.0 29.0 0.7 0.59 -0.33 -1.1 0.48 1.24
135 18.0 94.0 97.0 28.0 0.56 0.78 -0.4 -1.0 0.09 0.8
136 18.0 98.0 97.0 26.0 0.46 1.16 -0.35 -0.37 -0.09 0.68
137 17.0 99.0 98.0 26.0 0.42 1.1 -0.22 0.04 -0.04 0.67
138 17.0 100.0 98.0 25.0 0.36 0.85 -0.18 0.33 0.03 0.45
139 19.0 103.0 95.0 25.0 0.23 0.48 -0.12 0.36 -0.02 0.53
140 18.0 105.0 95.0 24.0 0.26 0.56 -0.08 0.25 -0.07 0.27
141 18.0 106.0 90.0 24.0 0.27 0.65 -0.09 -0.17 0.39 -0.06
142 18.0 107.0 95.0 24.0 0.28 0.94 -0.13 -0.35 0.39 -0.01
143 21.0 110.0 94.0 24.0 0.24 1.02 -0.13 -0.41 0.39 0.21
144 22.0 110.0 87.0 23.0 0.23 0.98 -0.13 -0.31 0.16 0.08
