1 17.0 77.0 57.0 23.0 0.03 -0.03 0.01 -0.16 0.26 -0.24
2 17.0 78.0 59.0 23.0 0.04 -0.01 0.01 -0.11 0.32 -0.24
3 17.0 76.0 61.0 23.0 0.04 -0.02 0.01 -0.09 0.13 -0.16
4 17.0 75.0 56.0 23.0 0.03 -0.03 0.01 -0.07 0.22 -0.14
5 16.0 74.0 59.0 23.0 0.03 -0.03 0.0 0.02 0.15 -0.03
6 17.0 74.0 56.0 23.0 0.03 -0.02 0.01 0.04 0.14 0.0
7 16.0 74.0 60.0 23.0 0.03 -0.02 0.01 0.0 0.11 -0.04
8 16.0 72.0 59.0 23.0 0.01 -0.03 0.01 -0.03 0.12 -0.05
9 16.0 72.0 61.0 23.0 0.0 -0.03 0.01 -0.06 0.16 -0.06
10 16.0 72.0 61.0 23.0 -0.01 -0.04 0.01 -0.05 0.16 -0.06
11 16.0 74.0 59.0 23.0 -0.03 -0.04 0.0 -0.01 0.17 0.04
12 17.0 74.0 58.0 23.0 -0.04 -0.05 0.0 0.04 0.16 0.04
13 16.0 74.0 63.0 23.0 -0.05 -0.05 0.01 0.02 0.14 0.02
14 17.0 73.0 59.0 23.0 -0.05 -0.04 0.0 -0.03 0.11 -0.09
15 17.0 74.0 57.0 23.0 -0.05 -0.03 0.0 -0.04 0.11 -0.07
16 17.0 73.0 56.0 23.0 -0.04 -0.03 0.0 0.0 0.11 -0.1
17 17.0 73.0 56.0 23.0 -0.03 -0.03 0.0 0.0 0.11 0.0
18 18.0 76.0 56.0 23.0 -0.01 -0.02 -0.0 0.0 0.1 -0.08
19 17.0 75.0 60.0 23.0 0.01 -0.01 -0.01 0.0 0.11 -0.12
20 17.0 74.0 58.0 23.0 0.03 0.02 -0.01 0.0 0.14 -0.18
21 17.0 73.0 63.0 23.0 0.05 0.05 -0.0 0.01 0.16 -0.11
22 17.0 74.0 61.0 22.0 0.04 0.03 0.0 0.0 0.17 -0.12
23 17.0 73.0 59.0 25.0 0.05 0.02 0.01 -0.06 0.18 -0.11
24 16.0 73.0 64.0 23.0 0.04 -0.0 0.01 -0.06 0.15 -0.09
25 16.0 73.0 60.0 23.0 0.03 -0.01 0.01 -0.07 0.16 -0.11
26 16.0 74.0 65.0 23.0 0.02 -0.02 0.0 0.0 0.14 0.0
27 17.0 76.0 62.0 23.0 0.01 -0.02 0.01 -0.01 0.11 0.03
28 17.0 76.0 64.0 23.0 -0.0 -0.02 0.01 0.0 0.08 0.05
29 17.0 77.0 63.0 23.0 -0.01 -0.02 0.01 0.0 0.07 0.02
30 17.0 78.0 60.0 23.0 -0.02 -0.02 0.0 -0.01 0.08 0.0
31 17.0 78.0 60.0 23.0 -0.02 -0.01 0.01 -0.01 0.1 -0.02
32 18.0 78.0 64.0 23.0 -0.02 -0.02 0.01 -0.01 0.12 -0.04
33 18.0 79.0 61.0 24.0 -0.02 -0.01 0.01 -0.03 0.15 -0.04
34 17.0 78.0 64.0 23.0 -0.02 -0.01 0.0 -0.02 0.15 -0.06
35 17.0 76.0 63.0 23.0 -0.02 -0.01 0.0 -0.04 0.13 -0.1
36 17.0 77.0 62.0 23.0 -0.01 -0.01 0.0 0.0 0.14 -0.1
37 17.0 76.0 63.0 23.0 -0.01 -0.0 0.0 -0.02 0.16 -0.13
38 17.0 76.0 61.0 23.0 -0.0 -0.0 0.0 -0.01 0.15 -0.09
39 17.0 76.0 65.0 23.0 -0.01 -0.01 0.01 0.0 0.13 -0.04
40 17.0 75.0 61.0 23.0 -0.0 -0.01 0.01 0.01 0.13 -0.07
41 18.0 75.0 64.0 23.0 0.0 -0.0 0.01 -0.01 0.11 -0.03
42 17.0 75.0 63.0 23.0 0.01 0.01 0.0 -0.02 0.11 -0.07
43 17.0 75.0 63.0 22.0 0.01 0.01 0.0 -0.02 0.1 -0.11
44 16.0 74.0 61.0 23.0 0.01 0.0 0.0 -0.05 0.11 -0.07
45 17.0 75.0 66.0 23.0 0.01 -0.0 0.0 -0.03 0.14 -0.05
46 16.0 77.0 66.0 23.0 0.01 -0.0 -0.0 -0.03 0.17 -0.08
47 17.0 76.0 62.0 23.0 0.01 -0.01 0.0 -0.01 0.15 0.0
48 16.0 75.0 60.0 23.0 -0.0 -0.01 -0.0 0.0 0.1 -0.01
49 16.0 75.0 59.0 23.0 -0.0 -0.0 -0.0 0.0 0.11 -0.04
50 17.0 74.0 65.0 23.0 -0.0 -0.0 -0.01 0.02 0.12 0.0
51 17.0 74.0 60.0 23.0 -0.01 -0.01 -0.0 0.0 0.07 -0.08
52 16.0 74.0 64.0 23.0 -0.0 -0.02 0.0 -0.01 0.1 -0.15
53 16.0 74.0 62.0 23.0 0.0 -0.01 -0.0 -0.04 0.15 -0.09
54 17.0 75.0 65.0 23.0 0.01 -0.01 0.0 -0.06 0.13 -0.05
55 17.0 78.0 61.0 23.0 0.0 -0.01 -0.0 -0.06 0.17 -0.04
56 17.0 78.0 58.0 23.0 0.0 -0.0 -0.0 0.0 0.17 0.0
57 16.0 77.0 58.0 23.0 -0.0 0.0 -0.01 0.0 0.13 -0.01
58 16.0 79.0 65.0 23.0 -0.0 -0.0 -0.01 -0.01 0.13 -0.06
59 17.0 79.0 64.0 23.0 -0.01 -0.0 -0.01 -0.01 0.06 -0.05
60 16.0 78.0 62.0 23.0 -0.01 -0.01 -0.01 0.0 0.08 -0.09
61 16.0 77.0 59.0 23.0 -0.01 -0.01 -0.01 -0.01 0.09 -0.06
62 17.0 77.0 63.0 23.0 -0.01 -0.01 -0.01 0.0 0.09 -0.01
63 17.0 76.0 59.0 23.0 -0.01 -0.01 -0.0 0.01 0.11 -0.03
64 17.0 76.0 63.0 23.0 -0.01 -0.01 -0.01 0.0 0.11 -0.05
65 17.0 76.0 61.0 23.0 -0.02 -0.01 -0.0 -0.01 0.1 -0.03
66 18.0 78.0 63.0 23.0 -0.02 -0.01 -0.0 -0.01 0.12 -0.03
67 17.0 77.0 62.0 23.0 -0.02 -0.01 -0.0 0.03 0.13 -0.06
68 18.0 77.0 60.0 23.0 -0.02 -0.02 0.0 -0.04 0.14 -0.04
69 17.0 77.0 58.0 23.0 -0.02 -0.01 0.0 -0.11 0.1 0.02
70 17.0 75.0 56.0 33.0 -0.02 -0.0 0.0 -0.12 0.07 0.03
71 17.0 78.0 57.0 31.0 -0.03 0.03 0.0 -0.18 -0.01 0.24
72 17.0 78.0 56.0 30.0 -0.03 0.07 0.01 -0.14 -0.03 0.32
73 17.0 80.0 59.0 28.0 -0.03 0.09 0.01 -0.08 -0.04 0.45
74 16.0 81.0 57.0 27.0 -0.06 0.15 0.01 -0.11 -0.08 0.69
75 16.0 79.0 55.0 30.0 -0.11 0.25 0.01 0.01 -0.07 0.81
76 16.0 78.0 54.0 36.0 -0.12 0.31 0.01 0.04 0.03 0.57
77 16.0 81.0 54.0 34.0 -0.13 0.44 0.0 0.07 0.15 0.36
78 15.0 80.0 54.0 32.0 -0.15 0.54 0.0 -0.08 0.29 0.42
79 16.0 80.0 53.0 37.0 -0.15 0.58 -0.01 -0.16 0.29 0.46
80 17.0 81.0 54.0 41.0 -0.2 0.6 -0.02 -0.22 0.29 0.66
81 44.0 103.0 53.0 53.0 -0.26 0.56 -0.03 -0.58 0.06 1.04
82 58.0 107.0 52.0 61.0 -0.28 0.56 -0.05 -0.76 -0.01 0.96
83 69.0 128.0 53.0 56.0 -0.17 0.55 -0.08 -0.76 0.09 -0.05
84 61.0 144.0 58.0 60.0 0.03 0.65 -0.09 -0.74 0.4 -0.42
85 54.0 149.0 63.0 70.0 0.13 0.67 -0.06 -1.02 0.74 -0.45
86 55.0 146.0 66.0 61.0 0.27 0.51 0.0 -1.07 0.85 -0.38
87 64.0 142.0 63.0 53.0 0.37 0.22 0.09 -2.03 0.91 -0.22
88 74.0 135.0 66.0 46.0 0.43 0.1 0.15 -2.41 1.19 0.3
89 80.0 154.0 70.0 42.0 0.52 -0.29 0.37 -2.52 0.69 0.91
90 85.0 149.0 65.0 38.0 0.58 -0.55 0.49 -1.7 1.41 0.78
91 108.0 149.0 69.0 35.0 0.65 -0.58 0.56 -1.61 1.18 0.53
92 114.0 145.0 79.0 33.0 0.69 -0.76 0.65 -1.51 1.66 0.4
93 111.0 158.0 79.0 32.0 0.61 -1.24 0.76 -1.72 1.6 0.51
94 122.0 154.0 79.0 30.0 0.53 -1.68 0.76 -1.56 1.39 0.69
95 122.0 142.0 76.0 29.0 0.51 -2.4 0.73 -1.41 1.48 0.91
96 147.0 137.0 84.0 27.0 0.41 -3.18 0.59 -1.02 1.5 0.37
97 144.0 132.0 81.0 26.0 0.29 -3.45 0.59 0.31 1.15 -0.05
98 151.0 126.0 78.0 26.0 0.28 -3.49 0.63 0.04 2.38 -0.18
99 147.0 121.0 82.0 25.0 -0.04 -3.19 0.56 0.65 1.04 -0.75
100 165.0 122.0 82.0 25.0 0.09 -3.1 0.35 -0.04 1.2 -0.45
101 215.0 117.0 87.0 25.0 0.28 -3.02 0.21 1.16 1.56 -0.54
102 229.0 114.0 86.0 24.0 0.21 -2.81 0.08 1.63 2.29 -0.76
103 271.0 140.0 85.0 24.0 0.12 -2.36 0.04 1.45 1.67 -0.66
104 283.0 139.0 79.0 24.0 0.01 -1.96 -0.09 1.51 1.67 -1.01
105 280.0 132.0 73.0 24.0 -0.01 -1.82 -0.24 1.06 1.54 -1.12
106 270.0 126.0 78.0 23.0 -0.01 -1.53 -0.48 1.36 1.23 -1.55
107 253.0 129.0 75.0 23.0 0.03 -1.31 -0.58 1.24 1.26 -1.36
108 267.0 143.0 75.0 23.0 -0.16 -1.04 -0.58 0.2 1.29 -1.36
109 240.0 134.0 73.0 23.0 -0.29 -1.0 -0.56 0.52 0.42 -1.39
110 251.0 129.0 77.0 24.0 -0.36 -1.18 -0.55 0.35 -0.18 -1.4
111 242.0 121.0 84.0 25.0 -0.38 -1.35 -0.56 0.4 -0.16 -1.24
112 309.0 128.0 78.0 28.0 -0.46 -1.31 -0.57 1.02 -1.4 -1.49
113 314.0 121.0 78.0 27.0 -0.62 -1.15 -0.57 0.41 -1.92 -0.78
114 282.0 115.0 76.0 25.0 -0.86 -0.97 -0.58 -0.61 -3.45 -1.32
115 296.0 123.0 81.0 27.0 -0.32 -1.21 -0.39 0.35 -2.66 -1.06
116 279.0 116.0 92.0 35.0 -0.34 -0.98 -0.37 0.56 -2.66 -1.22
117 275.0 114.0 92.0 32.0 -0.34 -0.8 -0.4 0.31 -2.86 -1.1
118 254.0 111.0 86.0 31.0 -0.39 -0.44 -0.28 -0.06 -2.42 -0.8
119 268.0 126.0 88.0 29.0 -0.18 -0.28 -0.2 0.42 -3.33 -0.55
120 251.0 126.0 88.0 28.0 -0.06 -0.25 -0.13 -0.18 -2.02 -1.09
121 281.0 118.0 92.0 27.0 -0.01 -0.18 -0.03 0.0 -1.82 -1.34
122 287.0 113.0 94.0 26.0 -0.05 -0.1 0.04 0.07 -0.84 -1.58
123 264.0 119.0 96.0 26.0 -0.05 -0.09 0.05 -0.07 -0.61 -1.21
124 248.0 110.0 94.0 28.0 -0.09 -0.03 0.07 -0.03 -0.56 -0.6
125 250.0 121.0 95.0 26.0 -0.03 0.03 -0.02 0.0 -0.3 -0.68
126 246.0 111.0 96.0 26.0 -0.01 0.07 -0.05 -0.06 -0.01 -0.84
127 281.0 115.0 98.0 34.0 0.0 0.08 -0.09 -0.08 0.0 -0.83
128 289.0 117.0 98.0 32.0 -0.01 0.04 -0.11 -0.22 0.2 -0.91
129 271.0 108.0 98.0 30.0 -0.03 0.02 -0.09 -0.26 0.25 -0.78
130 249.0 122.0 99.0 28.0 -0.08 0.01 -0.05 -0.31 0.35 -0.66
131 234.0 114.0 93.0 28.0 -0.17 0.09 -0.04 -0.24 0.33 -0.26
132 237.0 107.0 91.0 27.0 -0.22 0.13 -0.03 -0.33 0.23 -0.04
133 232.0 102.0 90.0 25.0 -0.26 0.15 -0.01 -0.33 0.2 0.04
134 221.0 101.0 88.0 26.0 -0.19 0.11 -0.02 -0.31 0.22 0.24
135 197.0 108.0 85.0 25.0 -0.14 0.11 -0.03 -0.2 0.3 0.23
136 189.0 104.0 84.0 28.0 -0.05 0.12 -0.04 -0.28 0.26 0.14
137 175.0 98.0 82.0 27.0 0.05 0.12 -0.04 -0.34 0.3 0.09
138 171.0 111.0 88.0 26.0 0.07 0.1 -0.03 -0.56 0.31 0.16
139 168.0 105.0 84.0 25.0 0.09 0.01 0.01 -0.66 0.33 0.17
140 189.0 103.0 78.0 25.0 0.06 -0.02 0.06 -0.28 0.31 0.39
141 195.0 100.0 76.0 24.0 0.01 0.01 0.1 -0.36 -0.06 0.45
142 217.0 115.0 71.0 24.0 -0.02 0.04 0.14 -0.23 0.19 0.15
143 234.0 122.0 71.0 24.0 0.02 0.02 0.15 -0.03 0.25 -0.03
144 213.0 113.0 78.0 27.0 0.05 -0.03 0.14 0.0 0.41 -0.09
145 185.0 107.0 74.0 29.0 0.08 -0.13 0.12 0.14 0.45 0.0
146 178.0 104.0 72.0 27.0 0.1 -0.15 0.08 0.14 0.34 0.14
147 182.0 101.0 69.0 27.0 0.1 -0.12 0.05 0.15 0.3 0.19
148 172.0 96.0 67.0 26.0 0.13 -0.07 -0.0 0.03 0.3 -0.03
149 157.0 90.0 66.0 25.0 0.14 -0.04 -0.02 -0.1 0.23 -0.26
150 153.0 89.0 73.0 27.0 0.14 -0.03 -0.01 -0.1 0.16 -0.59
151 164.0 89.0 71.0 37.0 0.12 -0.02 0.04 -0.1 0.11 -0.67
152 148.0 85.0 71.0 33.0 0.07 -0.0 0.07 -0.28 0.19 -0.46
153 155.0 84.0 70.0 31.0 0.05 0.02 0.09 -0.25 0.26 -0.37
154 146.0 85.0 68.0 29.0 -0.01 0.1 0.09 0.02 0.14 -0.24
155 166.0 90.0 64.0 28.0 -0.03 0.14 0.07 0.08 0.2 -0.33
156 147.0 89.0 64.0 28.0 -0.01 0.14 0.05 0.12 0.18 -0.37
157 146.0 86.0 63.0 28.0 -0.01 0.09 0.02 0.01 0.15 -0.39
158 134.0 86.0 63.0 27.0 0.02 0.02 0.01 0.02 0.03 -0.31
159 124.0 85.0 62.0 26.0 0.03 0.01 0.01 -0.01 0.01 -0.26
160 147.0 89.0 60.0 25.0 0.07 0.01 0.01 -0.01 0.11 -0.31
161 147.0 87.0 60.0 25.0 0.06 0.02 0.03 -0.05 0.21 -0.48
162 131.0 87.0 62.0 25.0 0.04 0.03 0.03 -0.12 0.15 -0.49
163 126.0 89.0 69.0 24.0 0.03 -0.03 0.03 -0.1 0.16 -0.46
164 125.0 90.0 68.0 27.0 0.02 -0.06 0.03 0.06 0.2 -0.31
165 111.0 88.0 67.0 27.0 0.01 -0.05 0.03 0.07 0.24 -0.32
166 101.0 90.0 68.0 26.0 -0.01 -0.04 0.03 0.08 0.16 -0.2
167 94.0 90.0 65.0 26.0 -0.02 -0.04 0.02 0.0 0.14 -0.08
168 116.0 89.0 65.0 25.0 -0.02 -0.05 0.02 -0.03 0.19 -0.2
169 107.0 94.0 65.0 24.0 -0.03 -0.06 0.03 0.07 0.2 -0.23
170 92.0 90.0 68.0 31.0 -0.03 -0.01 0.03 0.14 0.28 -0.07
171 88.0 88.0 65.0 29.0 -0.03 0.02 0.02 0.14 0.25 -0.05
172 112.0 87.0 64.0 28.0 -0.0 0.03 -0.02 0.05 0.27 -0.07
173 117.0 88.0 65.0 27.0 0.02 -0.02 -0.05 -0.05 0.25 -0.11
174 115.0 86.0 63.0 26.0 0.02 -0.04 -0.06 -0.08 0.23 -0.1
175 118.0 90.0 64.0 25.0 0.01 -0.08 -0.06 -0.06 0.24 -0.16
176 109.0 114.0 69.0 31.0 -0.0 -0.06 -0.06 -0.08 0.23 -0.09
177 102.0 105.0 70.0 29.0 -0.02 -0.03 -0.05 -0.1 0.2 -0.09
178 106.0 100.0 67.0 27.0 -0.01 0.01 -0.02 -0.14 0.13 -0.3
179 98.0 98.0 65.0 27.0 0.0 -0.01 0.01 -0.19 0.14 -0.29
180 93.0 94.0 62.0 26.0 0.01 -0.02 0.02 -0.07 0.16 -0.15
181 114.0 92.0 63.0 25.0 -0.01 -0.01 0.02 -0.06 0.16 -0.24
182 109.0 91.0 59.0 25.0 -0.01 0.01 -0.0 -0.07 0.12 -0.34
183 91.0 88.0 59.0 27.0 -0.0 0.02 -0.01 -0.06 0.2 -0.33
184 77.0 88.0 61.0 27.0 -0.02 0.03 -0.01 -0.1 0.11 -0.34
185 76.0 90.0 61.0 26.0 -0.01 0.02 -0.01 -0.12 0.23 -0.27
186 77.0 88.0 59.0 25.0 -0.02 0.01 -0.02 -0.09 0.25 -0.17
187 73.0 89.0 62.0 25.0 -0.06 -0.0 -0.01 -0.15 0.16 -0.24
188 93.0 88.0 63.0 25.0 -0.07 0.0 -0.02 -0.03 0.05 -0.18
189 89.0 87.0 63.0 26.0 -0.05 0.01 -0.01 -0.02 0.05 -0.12
190 82.0 88.0 66.0 26.0 -0.03 0.03 -0.0 -0.02 0.05 -0.16
191 76.0 86.0 62.0 25.0 -0.01 0.03 0.0 0.08 0.0 -0.12
192 74.0 85.0 60.0 26.0 -0.0 0.04 -0.0 0.06 0.03 -0.19
193 63.0 84.0 58.0 29.0 0.01 0.03 -0.01 0.03 0.1 -0.27
194 61.0 102.0 58.0 29.0 -0.01 0.02 -0.02 0.06 0.1 -0.22
195 60.0 95.0 60.0 28.0 -0.02 0.03 -0.02 0.04 0.06 -0.22
196 52.0 91.0 58.0 30.0 -0.02 0.04 -0.02 0.07 -0.19 -0.18
197 50.0 88.0 58.0 28.0 0.0 0.03 -0.03 0.09 -0.26 -0.26
198 42.0 93.0 56.0 30.0 0.0 0.02 -0.02 0.04 -0.37 -0.43
199 37.0 91.0 53.0 39.0 0.02 0.01 -0.01 0.1 -0.53 -0.47
200 46.0 93.0 54.0 69.0 0.02 0.07 0.02 0.14 -1.02 -0.66
201 57.0 108.0 55.0 60.0 0.03 0.11 0.04 0.15 -1.22 -0.7
202 55.0 105.0 53.0 83.0 0.06 0.26 0.13 0.33 -1.82 -0.96
203 47.0 102.0 53.0 105.0 0.18 0.68 0.28 0.14 -2.03 -1.84
204 42.0 98.0 54.0 132.0 0.24 0.99 0.36 -0.06 -1.93 -1.88
205 36.0 99.0 57.0 121.0 0.3 1.62 0.5 -0.81 -1.67 -1.58
206 34.0 106.0 59.0 142.0 0.25 2.08 0.63 -0.76 -1.99 -1.38
207 30.0 124.0 62.0 115.0 0.21 2.25 0.7 -0.74 -2.23 -1.34
208 30.0 124.0 65.0 94.0 0.16 2.49 0.87 -0.37 -2.0 -1.9
209 36.0 116.0 65.0 96.0 0.06 2.81 1.06 -0.3 -1.21 -2.01
210 34.0 113.0 69.0 113.0 -0.01 3.06 1.16 -0.56 -0.6 -1.96
211 37.0 112.0 72.0 95.0 -0.25 3.4 1.3 -0.81 -0.44 -1.89
212 35.0 107.0 77.0 81.0 -0.41 3.57 1.36 -0.61 -0.39 -2.11
213 38.0 104.0 77.0 68.0 -0.48 3.66 1.35 -0.6 -0.14 -2.08
214 37.0 99.0 80.0 60.0 -0.66 3.71 1.27 -0.45 1.09 -2.15
215 45.0 97.0 82.0 53.0 -1.15 3.53 1.19 -0.37 0.37 -1.77
216 51.0 112.0 86.0 54.0 -1.23 3.26 1.1 -0.07 1.26 -1.45
217 61.0 106.0 86.0 47.0 -1.2 2.46 1.01 0.17 1.22 -0.69
218 61.0 104.0 86.0 42.0 -1.44 1.93 0.73 0.17 1.09 -0.65
219 64.0 107.0 84.0 39.0 -1.41 1.7 0.64 0.78 1.08 -0.33
220 77.0 105.0 85.0 48.0 -1.52 1.46 0.4 1.05 1.35 0.26
221 84.0 101.0 85.0 47.0 -1.52 1.1 0.24 0.95 1.24 1.32
222 85.0 94.0 83.0 43.0 -1.53 0.94 0.15 0.95 1.08 1.58
223 88.0 89.0 82.0 38.0 -1.37 0.72 -0.03 1.35 1.51 2.29
224 95.0 90.0 79.0 36.0 -1.18 0.6 -0.24 0.63 1.29 2.42
225 102.0 88.0 79.0 35.0 -0.95 0.48 -0.33 0.28 1.4 2.31
226 110.0 85.0 76.0 33.0 -0.76 0.2 -0.58 -0.5 -0.24 1.58
227 117.0 82.0 80.0 31.0 -0.2 -0.05 -0.57 1.27 1.7 0.38
228 128.0 82.0 85.0 29.0 -0.08 0.21 -0.3 -6.43 0.38 4.57
229 128.0 84.0 87.0 28.0 0.37 -1.12 0.16 -7.96 -0.9 7.48
230 135.0 82.0 87.0 27.0 0.51 -0.76 0.15 1.36 0.67 4.16
231 132.0 78.0 81.0 26.0 0.48 0.04 0.12 0.97 0.65 2.81
232 131.0 76.0 73.0 26.0 0.26 0.37 0.03 0.42 0.77 0.86
233 126.0 75.0 70.0 25.0 0.09 0.16 -0.05 0.12 0.18 -0.26
234 120.0 73.0 71.0 25.0 0.06 0.16 -0.05 -0.05 0.12 -0.19
235 112.0 72.0 71.0 24.0 -0.03 0.15 -0.04 -0.15 -0.3 0.16
236 109.0 73.0 71.0 24.0 -0.02 0.08 -0.0 0.09 -0.29 0.24
237 98.0 72.0 66.0 24.0 -0.01 0.08 0.01 0.09 -0.05 0.1
238 91.0 71.0 64.0 24.0 -0.04 0.15 -0.02 -0.12 -0.01 0.01
239 85.0 70.0 60.0 24.0 -0.06 0.22 -0.04 -0.11 0.01 -0.14
240 83.0 71.0 66.0 24.0 -0.05 0.23 -0.04 -0.12 -0.15 -0.11
241 80.0 72.0 67.0 23.0 -0.02 0.19 0.0 0.06 0.14 -0.17
