1 21.0 70.0 80.0 24.0 -0.02 -0.04 0.01 0.07 0.07 0.0
2 21.0 71.0 78.0 23.0 -0.02 -0.03 0.01 0.05 0.05 0.0
3 20.0 70.0 78.0 24.0 -0.02 -0.02 0.01 0.05 0.06 -0.01
4 20.0 70.0 76.0 23.0 -0.0 -0.01 0.01 0.08 0.03 -0.02
5 19.0 69.0 74.0 24.0 -0.0 -0.0 0.02 -0.02 0.04 -0.01
6 19.0 70.0 77.0 23.0 0.01 0.01 0.03 0.0 0.13 -0.03
7 19.0 70.0 79.0 24.0 0.01 0.0 0.02 -0.02 0.1 -0.07
8 19.0 69.0 78.0 23.0 0.02 -0.0 0.02 -0.05 0.08 -0.03
9 19.0 69.0 76.0 23.0 0.02 -0.01 0.01 0.01 0.08 0.0
10 18.0 70.0 77.0 23.0 0.02 -0.01 0.0 -0.02 0.1 -0.04
11 18.0 71.0 74.0 23.0 0.02 -0.01 0.0 0.09 0.06 -0.06
12 18.0 71.0 74.0 23.0 0.03 -0.02 0.0 0.0 0.06 0.0
13 17.0 70.0 75.0 21.0 0.02 -0.03 0.01 0.08 0.08 0.0
14 18.0 69.0 73.0 23.0 0.02 -0.03 0.01 0.01 0.1 0.0
15 17.0 69.0 74.0 23.0 0.02 -0.03 0.02 -0.01 0.1 0.01
16 17.0 70.0 74.0 32.0 0.01 -0.03 0.01 -0.02 0.13 0.05
17 18.0 77.0 75.0 67.0 0.01 -0.03 0.01 -0.03 0.13 0.04
18 18.0 83.0 83.0 173.0 -0.0 -0.03 0.0 -0.03 0.13 0.1
19 30.0 91.0 79.0 193.0 -0.03 -0.03 0.01 0.08 -0.03 0.28
20 87.0 113.0 74.0 169.0 -0.05 -0.03 0.02 0.07 -0.12 0.46
21 123.0 117.0 70.0 160.0 -0.09 0.02 0.07 0.13 -0.01 0.84
22 144.0 120.0 68.0 134.0 -0.09 0.21 0.09 -0.01 0.15 1.08
23 145.0 118.0 66.0 111.0 -0.09 0.27 0.08 0.06 0.25 1.6
24 214.0 137.0 62.0 91.0 -0.04 0.39 0.03 -0.24 0.46 2.95
25 242.0 154.0 61.0 79.0 -0.01 0.4 -0.05 0.22 1.13 3.28
26 235.0 181.0 63.0 67.0 0.03 0.35 -0.06 0.09 1.38 3.15
27 253.0 168.0 61.0 57.0 0.14 0.2 -0.13 -2.19 -0.75 3.65
28 262.0 202.0 61.0 50.0 0.84 -0.79 -0.54 -0.92 1.45 4.24
29 278.0 210.0 66.0 44.0 0.81 -1.51 -0.53 -1.12 0.88 3.93
30 318.0 192.0 67.0 39.0 1.07 -2.36 -0.69 0.37 1.54 3.04
31 275.0 176.0 66.0 36.0 1.45 -2.68 -0.88 0.55 1.67 2.46
32 239.0 164.0 75.0 33.0 1.55 -2.43 -1.03 0.67 1.59 2.23
33 243.0 158.0 78.0 31.0 1.56 -2.27 -1.04 1.22 1.74 1.3
34 293.0 166.0 77.0 30.0 1.54 -2.0 -1.16 0.93 1.59 0.72
35 334.0 161.0 74.0 32.0 1.54 -2.05 -1.2 0.79 1.75 0.23
36 322.0 147.0 72.0 31.0 1.38 -2.15 -1.37 0.53 1.85 -0.3
37 310.0 138.0 72.0 30.0 1.2 -2.35 -1.51 0.54 1.38 -1.33
38 346.0 140.0 82.0 28.0 1.1 -2.31 -1.54 0.52 1.15 -1.44
39 351.0 134.0 88.0 27.0 0.91 -2.18 -1.59 0.8 0.76 -2.08
40 341.0 141.0 90.0 26.0 0.68 -1.79 -1.56 0.92 0.59 -2.21
41 352.0 154.0 88.0 32.0 0.46 -1.56 -1.51 0.64 0.23 -2.03
42 402.0 148.0 90.0 30.0 0.13 -1.13 -1.42 -0.19 -0.95 -2.09
43 394.0 146.0 92.0 28.0 0.04 -0.94 -1.36 -0.74 -1.34 -1.96
44 368.0 150.0 99.0 27.0 0.02 -0.88 -1.33 -0.6 -1.79 -1.92
45 375.0 147.0 111.0 27.0 -0.12 -0.84 -1.23 -0.59 -1.94 -2.19
46 355.0 146.0 107.0 43.0 -0.23 -0.71 -1.02 -0.95 -1.8 -2.43
47 333.0 146.0 136.0 39.0 -0.28 -0.65 -0.91 -0.81 -2.18 -2.42
48 356.0 152.0 131.0 55.0 -0.29 -0.64 -0.71 -1.0 -2.18 -2.13
49 349.0 149.0 125.0 69.0 -0.32 -0.59 -0.58 -0.8 -1.79 -1.24
50 367.0 180.0 127.0 60.0 -0.34 -0.51 -0.55 -0.54 -1.58 -1.07
51 326.0 169.0 125.0 53.0 -0.35 -0.34 -0.5 -0.26 -1.57 -1.3
52 321.0 159.0 120.0 47.0 -0.24 -0.33 -0.45 -0.33 -1.25 -1.29
53 300.0 162.0 115.0 42.0 -0.19 -0.36 -0.44 -0.32 -0.94 -1.1
54 296.0 155.0 121.0 46.0 -0.14 -0.37 -0.38 -0.27 -0.82 -0.9
55 286.0 161.0 117.0 65.0 -0.19 -0.25 -0.33 -0.4 -0.83 -0.88
56 350.0 184.0 117.0 56.0 -0.2 -0.18 -0.28 -0.39 -0.85 -0.92
57 297.0 175.0 116.0 56.0 -0.21 -0.04 -0.2 -0.47 -0.67 -0.89
58 280.0 160.0 114.0 50.0 -0.19 -0.02 -0.15 -0.42 -0.47 -0.73
59 265.0 157.0 109.0 44.0 -0.18 -0.04 -0.12 -0.4 -0.41 -0.65
60 293.0 156.0 110.0 39.0 -0.14 -0.07 -0.05 -0.57 -0.17 -0.25
61 292.0 161.0 110.0 40.0 -0.15 -0.09 0.04 -0.41 0.01 -0.26
62 281.0 173.0 123.0 39.0 -0.17 -0.1 0.1 -0.42 0.07 -0.29
63 255.0 156.0 113.0 39.0 -0.18 -0.14 0.16 -0.29 0.25 0.0
64 251.0 150.0 125.0 36.0 -0.15 -0.14 0.13 -0.09 0.27 0.24
65 274.0 141.0 117.0 49.0 -0.11 -0.13 0.09 0.12 0.36 0.26
66 246.0 141.0 121.0 45.0 -0.05 -0.11 0.04 -0.04 0.48 0.13
67 245.0 134.0 118.0 41.0 -0.02 -0.11 0.03 -0.08 0.52 0.14
68 250.0 129.0 119.0 39.0 -0.03 -0.09 0.04 -0.09 0.49 0.19
69 244.0 149.0 116.0 37.0 -0.05 -0.06 0.06 -0.01 0.43 0.11
70 244.0 149.0 116.0 42.0 -0.03 -0.03 0.07 -0.01 0.47 -0.09
71 266.0 138.0 120.0 40.0 -0.01 -0.03 0.08 0.0 0.36 -0.1
72 279.0 143.0 115.0 37.0 0.02 0.01 0.08 0.04 0.32 -0.02
73 265.0 132.0 111.0 34.0 0.02 0.06 0.09 -0.09 0.32 -0.02
74 249.0 142.0 103.0 35.0 0.02 0.04 0.09 -0.31 0.38 -0.22
75 241.0 148.0 103.0 33.0 0.02 -0.09 0.1 -0.21 0.41 -0.23
76 257.0 138.0 100.0 35.0 0.0 -0.14 0.1 0.01 0.23 -0.29
77 261.0 140.0 94.0 32.0 0.0 -0.13 0.09 0.04 0.22 -0.25
78 234.0 144.0 86.0 31.0 0.0 -0.08 0.08 0.09 0.24 -0.14
79 254.0 142.0 86.0 29.0 -0.0 0.01 0.05 0.19 0.23 -0.21
80 235.0 144.0 91.0 38.0 0.01 0.04 0.05 0.15 0.26 -0.26
81 239.0 143.0 90.0 41.0 0.03 0.06 0.03 0.03 0.25 -0.15
82 249.0 135.0 85.0 39.0 0.05 0.06 0.0 0.12 0.23 -0.19
83 236.0 131.0 83.0 36.0 0.05 0.06 0.0 -0.01 0.27 -0.31
84 257.0 128.0 83.0 34.0 0.05 0.03 0.01 -0.09 0.26 -0.31
85 245.0 128.0 82.0 31.0 0.05 0.0 0.02 -0.2 0.23 -0.31
86 224.0 138.0 87.0 28.0 0.05 -0.02 0.03 -0.22 0.26 -0.31
87 237.0 134.0 86.0 28.0 0.02 -0.05 0.04 -0.14 0.32 -0.33
88 251.0 137.0 85.0 27.0 -0.01 -0.06 0.05 -0.03 0.33 -0.26
89 226.0 139.0 84.0 27.0 -0.01 -0.05 0.05 0.01 0.31 -0.22
90 203.0 145.0 85.0 26.0 0.01 -0.04 0.03 0.04 0.24 -0.22
91 190.0 141.0 82.0 25.0 0.03 -0.02 0.01 0.11 0.23 -0.31
92 217.0 135.0 78.0 25.0 0.03 0.01 0.0 0.09 0.24 -0.31
93 198.0 149.0 79.0 24.0 0.02 0.03 -0.01 0.03 0.24 -0.35
94 191.0 142.0 81.0 24.0 -0.01 0.05 -0.0 0.04 0.19 -0.25
95 253.0 147.0 88.0 24.0 -0.02 0.05 -0.01 0.0 0.17 -0.26
96 226.0 147.0 96.0 27.0 -0.01 0.03 -0.02 -0.03 0.13 -0.24
97 204.0 140.0 87.0 26.0 0.01 0.03 -0.02 -0.1 0.08 -0.21
98 202.0 134.0 85.0 26.0 0.01 0.04 -0.02 -0.15 0.1 -0.17
99 184.0 126.0 84.0 28.0 -0.01 0.05 -0.0 -0.18 -0.06 -0.33
100 168.0 137.0 81.0 31.0 0.0 0.04 0.04 -0.22 -0.2 -0.35
101 147.0 127.0 77.0 101.0 0.01 0.02 0.07 -0.25 -0.35 -0.32
102 123.0 116.0 72.0 89.0 0.04 0.01 0.12 -0.27 -0.88 -0.28
103 104.0 116.0 69.0 128.0 0.1 0.1 0.2 -0.26 -1.43 -0.31
104 92.0 109.0 67.0 132.0 0.14 0.19 0.26 -0.34 -1.95 -0.58
105 77.0 110.0 65.0 129.0 0.27 0.51 0.42 -0.22 -2.4 -1.04
106 67.0 115.0 70.0 119.0 0.39 1.03 0.63 -0.38 -2.68 -1.36
107 58.0 118.0 73.0 102.0 0.4 1.29 0.77 -0.51 -2.81 -1.47
108 50.0 113.0 75.0 85.0 0.41 1.65 1.05 -0.62 -2.91 -1.73
109 43.0 131.0 79.0 81.0 0.35 1.85 1.37 -0.76 -2.84 -2.48
110 51.0 203.0 85.0 71.0 0.3 1.94 1.54 -0.71 -2.76 -2.62
111 45.0 230.0 91.0 75.0 0.09 2.29 1.86 -0.63 -1.96 -3.3
112 39.0 228.0 95.0 67.0 -0.21 2.71 2.13 -0.57 -1.36 -3.76
113 43.0 232.0 101.0 64.0 -0.41 2.89 2.23 -0.53 -0.72 -4.04
114 39.0 203.0 103.0 68.0 -0.75 2.95 2.24 -0.57 0.48 -4.21
115 71.0 181.0 106.0 122.0 -1.08 2.97 2.05 -1.67 1.11 -2.97
116 63.0 171.0 108.0 108.0 -1.18 2.76 1.84 -1.49 1.54 -2.17
117 56.0 158.0 113.0 102.0 -1.49 2.17 1.41 -0.49 1.08 -1.03
118 49.0 140.0 116.0 96.0 -1.64 1.7 1.07 0.31 0.86 0.09
119 43.0 144.0 117.0 100.0 -1.64 1.55 0.97 0.84 0.94 0.22
120 43.0 136.0 115.0 89.0 -1.64 1.3 0.85 0.99 1.63 0.42
121 58.0 136.0 117.0 96.0 -1.63 1.19 0.91 1.28 1.88 0.9
122 79.0 137.0 116.0 90.0 -1.63 1.1 0.87 0.34 1.5 1.56
123 79.0 153.0 116.0 80.0 -1.67 0.64 0.65 -0.9 0.75 1.87
124 70.0 152.0 113.0 75.0 -1.43 -0.24 0.38 0.57 0.84 2.09
125 65.0 141.0 111.0 66.0 -1.31 -0.65 0.23 1.17 1.1 2.09
126 63.0 127.0 109.0 59.0 -1.03 -1.08 0.0 1.69 1.03 1.92
127 65.0 117.0 106.0 51.0 -0.76 -0.91 -0.1 1.85 0.92 1.9
128 60.0 109.0 104.0 47.0 -0.65 -0.63 -0.15 1.79 1.09 1.09
129 58.0 101.0 106.0 41.0 -0.14 -0.6 -0.2 -4.68 -1.54 7.03
130 71.0 95.0 108.0 38.0 0.95 -2.1 -0.16 4.08 1.5 8.95
131 62.0 89.0 99.0 35.0 0.93 -0.99 -0.05 2.58 -0.59 8.27
132 56.0 84.0 92.0 32.0 0.8 0.82 -0.13 0.99 0.21 3.53
133 52.0 83.0 90.0 31.0 0.6 1.04 -0.27 1.39 0.49 0.67
134 50.0 82.0 95.0 29.0 0.54 1.13 -0.31 0.57 0.47 -0.72
135 50.0 82.0 92.0 28.0 0.4 1.09 -0.25 -0.24 0.48 -0.7
136 50.0 83.0 91.0 27.0 0.32 0.92 -0.21 -0.99 0.09 0.27
137 47.0 85.0 89.0 26.0 0.21 0.36 -0.11 -0.71 -0.18 0.37
138 44.0 87.0 87.0 26.0 0.15 -0.04 0.01 -0.35 0.11 0.2
139 45.0 89.0 84.0 24.0 0.09 -0.12 0.04 -0.12 0.15 0.08
140 41.0 91.0 86.0 24.0 0.02 -0.09 0.05 -0.05 0.28 0.14
141 39.0 93.0 82.0 24.0 0.01 0.04 0.02 0.33 0.22 0.18
142 38.0 93.0 84.0 24.0 0.02 0.09 0.0 0.35 0.23 0.0
