1 20.0 77.0 82.0 24.0 0.02 0.0 -0.01 0.15 0.05 0.15
2 20.0 79.0 84.0 23.0 0.02 0.01 -0.01 0.1 0.02 0.16
3 19.0 81.0 82.0 25.0 0.0 0.0 -0.01 0.1 0.02 0.12
4 19.0 81.0 80.0 24.0 -0.01 -0.01 -0.0 0.1 0.04 0.05
5 19.0 81.0 86.0 24.0 -0.01 -0.01 0.0 0.02 0.08 0.03
6 18.0 82.0 87.0 24.0 -0.01 -0.01 0.0 -0.02 0.04 0.06
7 18.0 83.0 85.0 24.0 -0.01 0.0 0.0 -0.01 0.08 0.04
8 18.0 81.0 84.0 24.0 -0.01 0.01 0.0 0.0 0.08 0.14
9 18.0 81.0 84.0 31.0 -0.01 0.04 0.0 -0.04 0.08 0.2
10 18.0 84.0 84.0 35.0 -0.01 0.08 0.0 -0.02 0.06 0.28
11 28.0 92.0 84.0 32.0 -0.02 0.09 0.0 0.02 0.07 0.69
12 33.0 100.0 84.0 54.0 -0.04 0.12 0.01 -0.11 0.04 0.92
13 83.0 108.0 81.0 68.0 -0.05 0.22 0.01 -0.25 0.16 1.27
14 95.0 105.0 84.0 81.0 -0.06 0.31 0.01 -0.79 0.48 1.6
15 110.0 106.0 81.0 69.0 0.0 0.5 -0.04 -0.97 0.76 1.83
16 125.0 109.0 79.0 59.0 0.11 0.5 -0.08 -1.21 1.45 2.55
17 142.0 113.0 78.0 51.0 0.17 0.4 -0.09 -1.5 1.42 2.63
18 229.0 118.0 77.0 46.0 0.16 0.02 -0.03 -1.71 1.13 2.65
19 299.0 129.0 79.0 41.0 0.32 -0.63 -0.06 -2.4 1.13 2.65
20 280.0 131.0 80.0 37.0 0.39 -1.27 -0.24 -1.08 1.7 2.78
21 306.0 144.0 83.0 34.0 0.49 -1.47 -0.34 -1.23 1.23 2.64
22 271.0 165.0 85.0 32.0 0.72 -1.3 -0.51 -0.63 1.42 2.1
23 236.0 159.0 81.0 30.0 0.82 -1.26 -0.56 -0.36 0.96 0.64
24 227.0 147.0 81.0 28.0 0.96 -1.48 -0.67 -0.93 1.02 -0.07
25 200.0 139.0 81.0 27.0 1.12 -2.11 -0.6 -0.56 0.97 -1.13
26 204.0 128.0 83.0 27.0 1.17 -2.39 -0.53 1.01 0.27 -1.29
27 191.0 124.0 85.0 25.0 1.33 -2.61 -0.45 0.91 0.91 -1.35
28 202.0 117.0 89.0 25.0 1.3 -2.43 -0.41 1.34 0.68 -0.65
29 202.0 115.0 89.0 25.0 1.29 -2.36 -0.41 0.88 0.4 -0.48
30 206.0 121.0 89.0 24.0 1.28 -2.27 -0.48 0.65 0.51 -0.22
31 263.0 120.0 86.0 24.0 1.08 -2.5 -0.59 0.19 0.37 -0.91
32 287.0 116.0 86.0 24.0 1.02 -2.73 -0.63 0.55 0.68 -1.38
33 287.0 118.0 90.0 24.0 0.88 -3.04 -0.73 0.62 0.32 -1.54
34 246.0 133.0 90.0 23.0 0.76 -3.06 -0.89 0.96 0.56 -1.45
35 279.0 123.0 89.0 23.0 0.65 -2.9 -0.93 0.89 0.45 -1.55
36 299.0 119.0 84.0 23.0 0.37 -2.45 -1.02 0.38 0.42 -1.7
37 321.0 116.0 88.0 25.0 0.21 -2.34 -1.12 0.49 0.42 -1.55
38 283.0 115.0 96.0 24.0 0.1 -2.32 -1.12 0.11 0.22 -1.46
39 288.0 111.0 96.0 24.0 -0.13 -2.25 -1.08 0.25 -0.01 -1.26
40 298.0 112.0 95.0 24.0 -0.32 -1.92 -1.04 0.47 -0.86 -0.51
41 277.0 115.0 96.0 43.0 -0.44 -1.68 -0.99 -0.26 -1.37 -0.53
42 275.0 115.0 96.0 43.0 -0.55 -1.29 -0.93 -0.65 -1.47 -0.69
43 253.0 113.0 93.0 42.0 -0.52 -1.11 -0.85 -0.75 -1.55 -0.96
44 249.0 109.0 92.0 38.0 -0.49 -1.06 -0.8 -0.51 -1.9 -0.46
45 216.0 106.0 99.0 34.0 -0.45 -0.89 -0.6 -0.32 -1.89 -0.3
46 264.0 108.0 99.0 32.0 -0.41 -0.58 -0.35 -0.66 -2.01 -0.18
47 281.0 107.0 101.0 31.0 -0.29 -0.4 -0.31 -0.81 -1.68 -0.21
48 242.0 104.0 106.0 32.0 -0.09 -0.16 -0.18 -0.9 -1.43 -0.16
49 226.0 100.0 103.0 33.0 -0.03 0.03 -0.07 -0.8 -1.39 -0.23
50 214.0 102.0 102.0 31.0 -0.01 0.09 -0.03 -0.91 -1.26 -0.34
51 227.0 102.0 100.0 29.0 0.0 0.12 0.04 -0.97 -1.2 -0.36
52 227.0 104.0 102.0 27.0 0.06 0.09 0.09 -0.41 -0.96 -0.61
53 272.0 110.0 105.0 34.0 0.06 0.08 0.13 -0.42 -0.42 -1.06
54 250.0 106.0 100.0 32.0 0.07 -0.02 0.18 -0.27 -0.29 -1.11
55 231.0 101.0 95.0 30.0 0.06 -0.05 0.2 0.17 -0.06 -0.76
56 227.0 104.0 93.0 29.0 0.07 -0.05 0.18 0.25 0.01 -0.66
57 207.0 101.0 96.0 27.0 0.07 0.01 0.1 0.31 0.08 -0.6
58 243.0 101.0 100.0 29.0 0.07 0.02 0.01 -0.13 0.18 -0.58
59 224.0 106.0 91.0 29.0 0.04 -0.02 -0.03 -0.28 0.07 -0.57
60 252.0 105.0 88.0 27.0 0.03 -0.1 -0.07 -0.35 0.01 -0.39
61 257.0 100.0 94.0 27.0 -0.0 -0.1 -0.06 -0.31 0.06 -0.51
62 289.0 129.0 89.0 26.0 -0.02 -0.05 -0.04 -0.4 0.16 -0.65
63 272.0 130.0 88.0 26.0 -0.06 -0.04 0.0 -0.32 0.22 -0.57
64 261.0 121.0 85.0 25.0 -0.07 -0.09 0.0 -0.4 0.14 -0.44
65 251.0 114.0 86.0 25.0 -0.06 -0.13 -0.0 -0.02 0.09 -0.08
66 253.0 132.0 81.0 26.0 -0.06 -0.12 -0.03 -0.08 0.12 -0.08
67 278.0 137.0 78.0 34.0 -0.06 -0.05 -0.03 -0.06 0.17 0.05
68 271.0 125.0 72.0 31.0 -0.08 -0.01 -0.03 -0.05 0.18 0.02
69 237.0 114.0 80.0 30.0 -0.07 0.05 -0.03 -0.08 0.09 -0.14
70 241.0 115.0 76.0 29.0 -0.05 0.07 -0.03 -0.29 0.18 -0.11
71 241.0 117.0 76.0 27.0 -0.02 0.06 -0.04 -0.35 0.21 -0.04
72 256.0 137.0 80.0 26.0 -0.01 0.03 -0.04 -0.44 0.21 -0.01
73 247.0 132.0 85.0 26.0 -0.01 -0.01 -0.02 -0.54 0.26 -0.12
74 271.0 128.0 83.0 24.0 -0.02 -0.03 -0.0 -0.62 0.31 -0.05
75 267.0 139.0 85.0 25.0 -0.03 -0.07 0.05 -0.44 0.24 -0.04
76 260.0 139.0 83.0 24.0 -0.0 -0.04 0.09 -0.19 0.23 -0.15
77 263.0 134.0 83.0 24.0 0.01 -0.01 0.09 -0.36 0.13 -0.07
78 250.0 130.0 85.0 24.0 0.05 -0.01 0.07 -0.24 0.17 -0.01
79 239.0 123.0 82.0 24.0 0.08 -0.03 0.04 -0.33 0.16 -0.17
80 207.0 114.0 79.0 25.0 0.09 -0.04 0.04 -0.36 0.12 -0.19
81 224.0 110.0 76.0 24.0 0.06 -0.11 0.03 -0.39 0.18 -0.29
82 221.0 115.0 75.0 24.0 0.02 -0.16 0.04 -0.09 0.18 -0.38
83 224.0 114.0 72.0 24.0 -0.01 -0.14 0.06 0.17 0.08 -0.38
84 222.0 112.0 73.0 24.0 -0.06 -0.06 0.09 0.21 -0.1 -0.28
85 207.0 107.0 76.0 24.0 -0.05 -0.02 0.07 0.22 -0.1 -0.21
86 183.0 100.0 75.0 29.0 -0.03 -0.03 0.05 0.2 -0.04 -0.23
87 202.0 115.0 75.0 28.0 0.0 -0.08 0.0 0.29 0.0 -0.2
88 184.0 109.0 74.0 26.0 -0.01 -0.06 -0.02 0.31 0.18 -0.27
89 181.0 105.0 72.0 26.0 -0.02 -0.02 -0.03 0.21 0.21 -0.26
90 197.0 100.0 71.0 25.0 -0.05 0.03 -0.03 -0.04 0.15 -0.19
91 235.0 96.0 75.0 24.0 -0.05 0.01 -0.04 -0.13 0.08 -0.13
92 209.0 91.0 72.0 27.0 -0.05 -0.01 -0.05 -0.21 0.04 -0.08
93 192.0 89.0 74.0 27.0 -0.06 -0.07 -0.04 -0.17 0.02 -0.03
94 207.0 87.0 86.0 25.0 -0.05 -0.08 -0.04 -0.22 0.18 0.02
95 233.0 110.0 86.0 25.0 -0.06 -0.07 -0.04 -0.17 0.22 0.07
96 205.0 103.0 85.0 24.0 -0.07 -0.03 -0.05 -0.48 0.2 0.11
97 189.0 98.0 84.0 26.0 -0.07 -0.05 -0.04 -0.36 0.08 0.06
98 218.0 96.0 85.0 25.0 -0.05 -0.07 -0.04 -0.33 0.09 0.06
99 200.0 93.0 88.0 25.0 -0.01 -0.11 -0.02 -0.25 0.05 -0.22
100 225.0 91.0 86.0 28.0 0.03 -0.12 0.01 -0.06 0.15 -0.23
101 193.0 106.0 89.0 26.0 0.04 -0.1 0.02 -0.07 0.16 -0.1
102 180.0 106.0 85.0 26.0 0.06 -0.07 0.02 -0.08 0.33 -0.21
103 177.0 106.0 82.0 27.0 0.03 -0.06 0.02 -0.1 0.3 -0.29
104 186.0 102.0 83.0 29.0 0.01 -0.08 0.02 -0.03 0.18 -0.24
105 169.0 100.0 90.0 28.0 -0.02 -0.09 0.01 -0.08 0.02 -0.22
106 165.0 96.0 91.0 28.0 -0.02 -0.09 -0.01 -0.08 0.04 -0.24
107 138.0 92.0 86.0 29.0 -0.01 -0.09 -0.02 -0.1 0.06 -0.18
108 122.0 89.0 86.0 27.0 -0.0 -0.04 -0.0 -0.06 -0.05 -0.16
109 124.0 91.0 84.0 27.0 -0.01 0.01 0.02 -0.19 -0.47 -0.2
110 138.0 87.0 84.0 25.0 0.0 0.03 0.03 -0.23 -0.59 -0.12
111 127.0 89.0 79.0 102.0 0.04 0.06 0.06 -0.4 -0.92 -0.32
112 106.0 86.0 81.0 99.0 0.07 0.06 0.12 -0.33 -1.18 -0.58
113 91.0 88.0 83.0 86.0 0.09 0.07 0.16 -0.43 -1.65 -0.6
114 80.0 93.0 87.0 74.0 0.19 0.21 0.35 -0.54 -2.2 -0.79
115 68.0 91.0 86.0 107.0 0.25 0.29 0.44 -0.22 -2.52 -1.46
116 56.0 93.0 91.0 89.0 0.32 0.39 0.54 0.04 -2.16 -1.57
117 56.0 93.0 92.0 75.0 0.25 0.97 0.99 0.32 -2.23 -1.44
118 53.0 93.0 94.0 64.0 0.01 1.47 1.37 -0.51 -2.01 -1.48
119 47.0 96.0 99.0 54.0 -0.11 1.74 1.56 -1.5 -2.06 -1.68
120 41.0 104.0 103.0 53.0 -0.25 2.05 1.84 -2.14 -1.93 -1.25
121 35.0 114.0 109.0 47.0 -0.46 2.14 2.13 -1.04 -1.92 -1.85
122 60.0 130.0 117.0 52.0 -0.58 2.15 2.28 0.18 -1.48 -2.48
123 86.0 128.0 120.0 48.0 -0.84 2.11 2.48 0.42 -0.49 -2.81
124 82.0 118.0 124.0 43.0 -0.84 2.18 2.38 -1.67 0.26 -4.12
125 66.0 107.0 126.0 40.0 -0.82 1.94 2.16 -1.21 0.71 -3.56
126 57.0 102.0 127.0 35.0 -1.03 1.16 1.59 0.9 1.39 -2.19
127 52.0 106.0 128.0 44.0 -1.16 0.54 1.16 1.41 1.2 -0.36
128 49.0 106.0 130.0 40.0 -1.21 0.39 0.99 1.75 1.06 0.45
129 50.0 108.0 131.0 42.0 -1.26 0.5 0.71 3.11 0.75 1.28
130 56.0 113.0 129.0 38.0 -1.24 0.75 0.61 2.72 1.14 0.78
131 62.0 106.0 130.0 38.0 -1.04 1.38 0.47 1.9 1.17 0.02
132 56.0 102.0 127.0 35.0 -0.77 1.41 0.16 0.39 0.76 -0.43
133 53.0 102.0 129.0 42.0 -0.65 1.14 -0.02 0.43 1.04 0.23
134 55.0 98.0 127.0 40.0 -0.39 0.47 -0.23 0.48 1.0 0.75
135 66.0 98.0 124.0 37.0 -0.3 0.18 -0.4 0.2 1.17 0.62
136 62.0 93.0 120.0 34.0 -0.3 0.14 -0.48 -0.12 1.32 0.2
137 64.0 91.0 115.0 31.0 -0.3 0.01 -0.57 0.03 1.22 0.04
138 57.0 87.0 114.0 30.0 -0.36 -0.2 -0.66 -0.13 1.11 -0.74
139 51.0 82.0 110.0 29.0 -0.4 -0.39 -0.7 0.17 1.1 -1.81
140 49.0 78.0 109.0 27.0 -0.38 -0.84 -0.72 -0.41 0.91 -1.33
141 53.0 78.0 108.0 26.0 0.12 -1.95 -0.68 -3.47 2.33 1.91
142 49.0 75.0 103.0 26.0 0.64 -1.69 -0.29 -0.31 -0.42 7.98
143 48.0 79.0 102.0 28.0 1.33 -0.32 -0.39 0.65 0.26 8.69
144 53.0 82.0 99.0 29.0 1.19 -0.02 -0.4 -0.46 0.35 6.65
145 46.0 86.0 94.0 28.0 1.0 -0.08 -0.41 -1.13 0.98 1.04
146 42.0 92.0 95.0 27.0 0.74 0.12 -0.41 -0.66 0.95 -0.01
147 42.0 92.0 94.0 26.0 0.65 0.38 -0.44 -0.08 0.76 -0.78
148 42.0 94.0 97.0 25.0 0.57 0.28 -0.41 0.67 0.2 0.03
149 44.0 96.0 92.0 25.0 0.41 -0.01 -0.24 0.87 -0.14 0.33
150 43.0 96.0 89.0 24.0 0.31 -0.11 -0.14 0.59 -0.55 0.87
151 43.0 98.0 89.0 23.0 0.29 -0.03 -0.12 0.25 -0.51 0.82
152 45.0 97.0 82.0 24.0 0.22 0.23 -0.1 0.0 -0.49 0.51
153 44.0 95.0 82.0 23.0 0.17 0.43 -0.09 0.07 -0.32 0.3
154 41.0 95.0 83.0 23.0 0.12 0.47 -0.06 -0.08 -0.01 -0.03
155 41.0 94.0 78.0 23.0 0.05 0.39 0.0 -0.04 0.0 -0.11
156 42.0 94.0 76.0 23.0 -0.02 0.27 0.03 -0.04 0.12 -0.05
157 46.0 93.0 74.0 23.0 -0.05 0.22 0.05 -0.1 0.14 -0.02
