1 27.0 98.0 148.0 23.0 0.0 0.04 0.02 0.23 -0.04 0.22
2 31.0 93.0 141.0 23.0 0.01 0.07 0.06 0.38 -0.15 0.11
3 31.0 90.0 145.0 23.0 0.03 0.07 0.15 0.7 -0.11 0.21
4 38.0 92.0 126.0 23.0 0.0 0.07 0.21 0.14 -0.19 0.27
5 35.0 90.0 116.0 23.0 -0.01 0.11 0.23 -0.32 -0.05 0.17
6 32.0 88.0 106.0 23.0 -0.01 0.18 0.21 -0.5 0.21 -0.1
7 30.0 85.0 95.0 23.0 -0.02 0.27 0.13 -0.11 0.55 -0.22
8 29.0 83.0 88.0 23.0 -0.05 0.25 0.09 -0.21 0.42 -0.1
9 27.0 83.0 83.0 23.0 -0.08 0.21 0.05 -0.42 0.33 -0.19
10 34.0 80.0 77.0 23.0 -0.1 0.15 0.02 -0.17 0.19 -0.34
11 32.0 79.0 89.0 23.0 -0.1 0.12 0.02 -0.15 0.09 -0.39
12 31.0 82.0 90.0 23.0 -0.08 0.09 0.01 -0.15 0.06 -0.39
13 28.0 80.0 84.0 23.0 -0.05 0.05 -0.01 -0.03 0.08 -0.34
14 26.0 79.0 78.0 23.0 -0.04 0.03 -0.01 -0.07 0.1 -0.31
15 25.0 80.0 73.0 23.0 -0.02 0.01 -0.01 -0.01 0.08 0.07
16 27.0 81.0 69.0 24.0 -0.01 0.05 -0.01 -0.05 0.06 0.06
17 29.0 81.0 64.0 23.0 0.01 0.09 -0.01 -0.08 0.06 0.09
18 27.0 82.0 63.0 23.0 0.03 0.21 -0.01 -0.07 0.02 0.13
19 31.0 89.0 62.0 39.0 0.05 0.33 0.01 0.19 0.06 0.5
20 28.0 90.0 59.0 37.0 0.05 0.38 0.02 0.32 0.12 0.69
21 28.0 90.0 58.0 38.0 0.04 0.53 0.02 -0.06 0.05 1.17
22 36.0 94.0 57.0 36.0 0.08 0.81 0.01 0.05 0.01 1.13
23 34.0 100.0 55.0 34.0 0.11 0.96 0.01 -0.1 0.11 0.99
24 30.0 142.0 55.0 84.0 0.2 1.25 -0.02 -0.23 0.09 0.68
25 32.0 148.0 56.0 75.0 0.3 1.59 -0.06 -0.35 0.14 0.51
26 29.0 137.0 55.0 63.0 0.38 1.73 -0.07 -0.51 0.3 0.2
27 29.0 133.0 58.0 57.0 0.45 1.89 -0.07 -0.11 0.32 0.19
28 29.0 126.0 55.0 53.0 0.42 1.98 -0.03 -0.05 0.19 0.5
29 29.0 124.0 56.0 45.0 0.42 2.06 0.03 -0.28 0.23 0.86
30 28.0 120.0 62.0 41.0 0.5 2.71 0.24 -1.65 0.19 0.58
31 28.0 125.0 66.0 69.0 0.58 2.85 0.44 -1.6 0.37 0.36
32 33.0 118.0 69.0 58.0 0.63 2.93 0.5 -1.5 0.39 0.31
33 43.0 116.0 70.0 52.0 0.65 3.65 0.79 -2.11 0.36 0.36
34 41.0 113.0 76.0 46.0 0.8 4.23 0.91 -0.91 1.06 1.15
35 38.0 108.0 80.0 41.0 0.7 4.6 1.02 -1.38 0.73 0.88
36 37.0 105.0 92.0 37.0 0.57 5.01 1.21 -1.56 0.67 0.55
37 40.0 106.0 87.0 35.0 0.35 5.03 1.41 -1.08 0.43 -0.78
38 42.0 103.0 99.0 32.0 0.23 4.96 1.54 -1.03 0.26 -0.78
39 44.0 103.0 104.0 38.0 -0.03 4.73 1.77 -0.57 0.1 -1.11
40 48.0 103.0 117.0 38.0 -0.24 4.48 1.89 -0.46 0.34 -1.18
41 63.0 106.0 150.0 41.0 -0.43 4.3 1.83 -0.49 -0.04 -1.11
42 66.0 110.0 150.0 40.0 -0.92 3.9 1.78 0.44 -0.47 -0.82
43 62.0 110.0 140.0 43.0 -1.23 3.64 1.8 0.37 -0.99 -0.64
44 71.0 106.0 134.0 52.0 -1.3 3.57 1.79 0.11 -0.79 -0.87
45 77.0 108.0 136.0 64.0 -1.42 3.19 1.74 -0.72 -0.91 -0.88
46 81.0 106.0 142.0 87.0 -1.49 2.3 1.63 -0.48 -1.35 -0.84
47 94.0 108.0 147.0 119.0 -1.46 1.81 1.57 -0.01 -1.6 -0.64
48 95.0 106.0 163.0 132.0 -1.39 1.08 1.49 1.02 -1.75 -0.16
49 92.0 104.0 170.0 162.0 -1.3 0.87 1.43 1.37 -1.54 0.94
50 93.0 102.0 176.0 190.0 -1.31 0.81 1.35 1.01 -1.55 1.2
51 88.0 103.0 203.0 216.0 -1.23 0.57 1.23 1.15 -1.27 1.29
52 82.0 101.0 239.0 236.0 -1.16 0.18 1.07 1.39 -1.06 1.24
53 82.0 104.0 254.0 248.0 -1.1 -0.03 1.0 1.23 -1.06 1.2
54 77.0 107.0 264.0 275.0 -0.9 -0.51 0.81 1.35 -0.69 1.34
55 76.0 110.0 276.0 288.0 -0.72 -1.03 0.63 2.39 -0.57 1.4
56 71.0 106.0 294.0 282.0 -0.64 -1.09 0.51 3.19 -0.81 0.73
57 66.0 102.0 323.0 281.0 -0.44 -0.76 0.33 3.47 -0.42 0.24
58 60.0 98.0 331.0 279.0 -0.36 -0.15 0.16 1.9 -0.35 0.21
59 55.0 96.0 340.0 271.0 -0.3 0.03 0.1 1.69 0.0 0.17
60 51.0 94.0 349.0 261.0 -0.27 0.02 -0.03 0.31 -0.11 0.77
61 46.0 95.0 356.0 244.0 -0.23 -0.3 -0.09 0.46 -0.17 0.57
62 43.0 95.0 357.0 234.0 -0.22 -0.43 -0.13 0.65 -0.2 0.47
63 39.0 91.0 359.0 217.0 -0.18 -0.38 -0.18 0.77 -0.18 0.24
64 35.0 88.0 366.0 200.0 -0.15 -0.16 -0.21 0.87 -0.32 0.21
65 33.0 96.0 368.0 183.0 -0.09 -0.03 -0.2 0.51 -0.37 0.24
66 31.0 94.0 362.0 180.0 -0.02 0.04 -0.16 0.42 -0.38 0.22
67 29.0 98.0 356.0 164.0 0.04 -0.02 -0.13 0.42 -0.58 0.17
68 27.0 98.0 350.0 158.0 0.07 -0.05 -0.11 0.4 -0.67 0.09
69 25.0 100.0 351.0 150.0 0.13 -0.09 -0.09 0.71 -0.66 0.16
70 25.0 104.0 339.0 149.0 0.15 0.1 -0.06 0.54 -0.67 0.15
71 23.0 116.0 340.0 143.0 0.15 0.22 -0.05 0.2 -0.57 0.2
72 21.0 123.0 335.0 145.0 0.16 0.3 -0.03 -0.6 -0.4 0.18
73 23.0 118.0 329.0 155.0 0.13 0.16 -0.03 -0.63 -0.16 0.28
74 25.0 119.0 319.0 156.0 0.11 0.06 -0.03 -0.38 0.05 0.33
75 27.0 117.0 311.0 177.0 0.07 -0.08 -0.05 -0.02 0.14 0.39
76 25.0 117.0 302.0 172.0 0.04 -0.08 -0.07 -0.02 0.16 0.31
77 24.0 140.0 295.0 180.0 0.04 -0.04 -0.07 -0.09 0.23 0.17
78 23.0 135.0 289.0 184.0 0.06 0.04 -0.06 -0.27 0.28 0.06
79 22.0 133.0 284.0 195.0 0.06 0.04 -0.03 -0.65 0.31 0.17
80 22.0 137.0 276.0 202.0 0.06 0.01 -0.02 -0.64 0.3 0.22
81 26.0 138.0 265.0 208.0 0.04 -0.09 0.0 -0.31 0.19 0.03
82 25.0 141.0 260.0 214.0 0.01 -0.17 0.04 -0.01 0.16 -0.12
83 24.0 145.0 250.0 224.0 -0.02 -0.15 0.05 0.16 0.09 -0.15
84 26.0 146.0 242.0 242.0 -0.05 -0.05 0.07 0.14 0.0 0.02
85 27.0 150.0 237.0 249.0 -0.08 -0.02 0.07 0.05 -0.16 0.16
86 26.0 152.0 232.0 257.0 -0.09 -0.04 0.07 0.17 -0.27 0.22
87 25.0 153.0 220.0 270.0 -0.09 -0.11 0.05 0.4 -0.3 0.34
88 25.0 158.0 214.0 289.0 -0.07 -0.12 0.03 0.69 -0.48 0.33
89 25.0 160.0 205.0 299.0 -0.06 -0.1 0.01 0.69 -0.51 0.34
90 25.0 159.0 201.0 303.0 -0.02 -0.05 -0.01 0.51 -0.55 0.46
91 23.0 164.0 194.0 318.0 0.0 -0.03 -0.01 0.3 -0.57 0.42
92 27.0 166.0 184.0 334.0 0.01 -0.04 -0.02 0.3 -0.54 0.37
93 28.0 171.0 183.0 333.0 0.06 -0.05 -0.03 0.28 -0.34 0.16
94 30.0 174.0 175.0 338.0 0.08 -0.06 -0.02 0.31 -0.26 -0.07
95 31.0 173.0 169.0 347.0 0.09 -0.05 -0.02 0.4 -0.23 -0.11
96 33.0 173.0 160.0 348.0 0.09 -0.0 0.0 0.33 -0.19 -0.19
97 34.0 175.0 152.0 362.0 0.06 0.06 0.03 0.12 -0.15 -0.1
98 35.0 176.0 144.0 368.0 0.05 0.08 0.03 0.04 -0.13 -0.02
99 36.0 175.0 142.0 374.0 0.01 0.06 0.03 -0.15 -0.09 0.03
100 38.0 177.0 135.0 381.0 -0.02 -0.03 0.01 -0.02 -0.05 0.2
101 42.0 182.0 126.0 384.0 -0.03 -0.08 -0.0 0.08 -0.03 0.22
102 43.0 188.0 120.0 395.0 -0.03 -0.11 -0.02 0.34 -0.07 0.18
103 43.0 183.0 114.0 391.0 -0.01 -0.07 -0.02 0.26 -0.08 0.16
104 44.0 184.0 111.0 391.0 0.0 -0.06 -0.02 0.13 -0.06 0.13
105 46.0 184.0 104.0 389.0 0.03 -0.06 -0.01 0.03 -0.01 0.23
106 47.0 188.0 97.0 386.0 0.04 -0.08 0.0 0.13 0.05 0.11
107 46.0 186.0 90.0 386.0 0.04 -0.08 0.01 0.21 0.07 0.04
108 48.0 186.0 86.0 383.0 0.02 -0.03 0.03 0.21 0.04 0.0
109 50.0 187.0 84.0 381.0 0.02 -0.01 0.04 0.12 0.02 -0.05
110 50.0 191.0 80.0 384.0 -0.01 -0.04 0.04 0.14 0.02 -0.02
111 54.0 193.0 79.0 386.0 -0.04 -0.09 0.04 0.36 -0.07 -0.08
112 54.0 192.0 77.0 384.0 -0.05 -0.1 0.04 0.38 -0.14 -0.05
113 56.0 189.0 75.0 386.0 -0.08 -0.1 0.03 0.4 -0.17 -0.06
114 57.0 187.0 74.0 381.0 -0.08 -0.06 0.03 0.34 -0.19 0.08
115 60.0 190.0 76.0 380.0 -0.08 -0.04 0.03 0.31 -0.21 0.14
116 61.0 184.0 76.0 375.0 -0.06 -0.03 0.03 0.37 -0.19 0.11
117 61.0 182.0 72.0 381.0 -0.04 -0.02 0.04 0.42 -0.16 0.13
118 59.0 195.0 74.0 373.0 -0.03 -0.0 0.04 0.36 -0.16 0.21
119 66.0 187.0 76.0 368.0 -0.01 0.02 0.03 0.32 -0.11 0.21
120 68.0 184.0 76.0 363.0 0.0 0.01 0.01 0.36 -0.18 0.25
121 65.0 186.0 76.0 354.0 0.01 -0.04 -0.01 0.36 -0.24 0.2
122 71.0 183.0 73.0 350.0 0.02 -0.05 -0.02 0.37 -0.21 0.15
123 73.0 184.0 78.0 346.0 0.02 -0.03 -0.04 0.37 -0.21 0.16
124 73.0 183.0 85.0 353.0 0.02 -0.02 -0.05 0.3 -0.14 0.09
125 72.0 185.0 84.0 349.0 0.02 0.01 -0.06 0.14 -0.09 0.0
126 71.0 185.0 87.0 354.0 0.02 -0.02 -0.08 0.06 -0.08 0.0
127 76.0 181.0 87.0 346.0 0.0 -0.08 -0.09 0.2 -0.11 -0.11
128 74.0 179.0 94.0 336.0 0.0 -0.08 -0.09 0.19 -0.13 -0.17
129 73.0 180.0 96.0 334.0 -0.01 -0.03 -0.07 0.05 -0.19 -0.12
130 73.0 179.0 99.0 336.0 -0.02 -0.0 -0.06 0.01 -0.21 -0.04
131 77.0 174.0 101.0 327.0 -0.03 0.0 -0.03 0.09 -0.2 0.0
132 79.0 172.0 104.0 323.0 -0.03 -0.01 0.0 0.33 -0.22 0.14
133 83.0 167.0 106.0 318.0 -0.03 -0.0 0.0 0.42 -0.22 0.23
134 79.0 167.0 109.0 313.0 -0.01 0.0 -0.01 0.56 -0.18 0.23
135 85.0 166.0 112.0 306.0 -0.01 0.01 -0.03 0.61 -0.06 0.22
136 85.0 164.0 112.0 293.0 0.0 0.02 -0.05 0.51 0.02 0.12
137 86.0 162.0 117.0 296.0 0.02 0.04 -0.08 0.43 0.01 0.08
138 89.0 161.0 121.0 286.0 0.03 0.02 -0.11 0.36 0.02 0.14
139 93.0 168.0 125.0 290.0 0.04 0.0 -0.13 0.41 -0.04 0.01
140 91.0 159.0 130.0 276.0 0.05 0.02 -0.15 0.41 -0.1 -0.05
141 91.0 157.0 128.0 268.0 0.07 0.08 -0.17 0.43 -0.4 0.07
142 90.0 156.0 130.0 263.0 0.11 0.08 -0.19 0.33 -0.5 0.37
143 94.0 158.0 132.0 259.0 0.13 0.05 -0.2 0.44 -0.77 0.6
144 94.0 154.0 134.0 256.0 0.18 -0.04 -0.23 0.51 -1.03 0.88
145 92.0 154.0 135.0 253.0 0.23 -0.15 -0.28 0.65 -1.42 1.32
146 97.0 154.0 136.0 254.0 0.27 -0.24 -0.33 0.84 -1.54 1.48
147 97.0 153.0 139.0 247.0 0.46 -0.68 -0.55 1.25 -1.48 1.83
148 96.0 151.0 142.0 248.0 0.54 -0.95 -0.67 1.12 -1.35 1.83
149 92.0 155.0 143.0 232.0 0.63 -1.34 -0.82 1.22 -1.38 1.68
150 93.0 152.0 147.0 236.0 0.73 -2.83 -1.37 1.53 -1.55 0.57
151 94.0 151.0 152.0 216.0 0.77 -3.29 -1.53 1.63 -0.99 0.09
152 90.0 150.0 153.0 202.0 0.74 -4.14 -1.86 1.77 -0.76 -0.06
153 90.0 153.0 154.0 180.0 0.57 -4.91 -2.19 1.58 -0.21 -0.27
154 89.0 153.0 160.0 173.0 0.43 -5.2 -2.35 1.31 -0.13 -1.18
155 100.0 160.0 167.0 153.0 0.15 -5.48 -2.65 1.48 -0.12 -1.47
156 102.0 166.0 174.0 151.0 -0.15 -4.83 -2.78 2.3 0.22 -1.57
157 102.0 157.0 184.0 125.0 -0.27 -4.01 -2.81 3.2 0.15 -0.96
158 103.0 154.0 193.0 103.0 -0.52 -2.2 -2.77 2.91 -0.07 -0.97
159 108.0 150.0 202.0 97.0 -0.73 -0.95 -2.51 0.45 -0.47 -0.41
160 111.0 154.0 211.0 101.0 -0.79 -0.66 -2.39 -1.17 -0.57 -0.17
161 116.0 153.0 217.0 84.0 -0.83 -0.94 -2.15 -2.13 -0.46 -0.15
162 121.0 154.0 223.0 73.0 -0.9 -2.06 -1.76 -3.08 -0.7 -0.67
163 130.0 155.0 229.0 72.0 -0.72 -2.52 -1.82 -2.32 -0.06 -0.74
164 131.0 151.0 237.0 61.0 -0.64 -3.0 -1.69 -0.64 0.06 -0.57
165 135.0 144.0 244.0 66.0 -0.72 -2.53 -1.53 1.24 0.45 -0.56
166 131.0 144.0 248.0 56.0 -0.57 -2.11 -1.24 1.28 0.02 -0.26
167 129.0 139.0 251.0 50.0 -0.71 -1.3 -1.1 1.38 -0.03 -0.39
168 128.0 143.0 257.0 47.0 -0.62 -1.27 0.53 -13.34 2.04 4.8
169 168.0 138.0 257.0 40.0 -0.23 -3.48 0.49 5.4 -2.1 5.99
170 160.0 139.0 260.0 38.0 0.14 -0.61 0.21 4.47 -1.09 5.51
171 139.0 138.0 260.0 36.0 0.47 1.38 -0.01 1.06 0.17 1.03
172 130.0 134.0 258.0 35.0 0.55 1.21 -0.07 1.04 -0.35 -0.2
173 120.0 132.0 262.0 39.0 0.5 0.8 -0.09 0.38 -0.02 -0.27
174 114.0 128.0 264.0 42.0 0.32 0.57 -0.12 -0.07 -0.52 -0.25
175 112.0 128.0 258.0 45.0 0.25 0.44 -0.07 -0.27 -0.65 -0.28
176 116.0 124.0 258.0 44.0 0.16 0.21 0.02 -0.04 -0.55 -0.37
177 105.0 122.0 256.0 42.0 0.08 0.17 0.04 -0.56 -0.26 -0.61
178 101.0 121.0 252.0 40.0 0.03 0.19 0.03 -0.81 -0.11 -0.74
179 99.0 119.0 249.0 40.0 -0.04 0.12 0.03 -0.81 -0.05 -0.62
180 94.0 118.0 243.0 37.0 -0.1 -0.06 0.05 -0.23 0.17 -0.07
181 90.0 114.0 242.0 37.0 -0.13 -0.15 0.04 -0.22 0.05 0.08
182 89.0 111.0 238.0 36.0 -0.09 -0.27 0.04 -0.16 0.1 0.02
183 85.0 110.0 233.0 35.0 -0.03 -0.19 0.01 0.01 0.17 -0.08
184 88.0 106.0 227.0 35.0 -0.0 -0.1 -0.0 0.03 0.16 0.09
185 80.0 103.0 222.0 36.0 0.03 -0.01 -0.01 0.16 0.06 0.13
186 79.0 103.0 216.0 36.0 0.07 0.0 -0.02 0.1 0.01 0.13
187 76.0 99.0 206.0 38.0 0.1 -0.01 -0.01 0.15 -0.03 0.01
188 70.0 96.0 207.0 39.0 0.11 0.0 -0.01 0.19 -0.02 0.0
