1 47.0 83.0 106.0 24.0 -0.01 -0.05 0.01 -0.06 0.0 0.06
2 47.0 84.0 106.0 24.0 -0.01 -0.04 0.01 -0.06 0.01 0.02
3 46.0 83.0 108.0 24.0 -0.01 -0.03 0.01 -0.01 -0.04 -0.03
4 45.0 84.0 108.0 24.0 -0.02 -0.01 0.0 0.01 -0.02 0.02
5 49.0 83.0 111.0 24.0 -0.02 -0.01 0.0 0.0 -0.01 0.02
6 50.0 85.0 110.0 24.0 -0.02 -0.01 0.0 0.02 -0.01 0.02
7 53.0 86.0 112.0 23.0 -0.02 0.0 0.0 -0.06 -0.02 0.06
8 53.0 87.0 113.0 23.0 -0.02 0.01 0.0 -0.03 0.0 0.06
9 51.0 88.0 115.0 23.0 -0.03 0.03 0.0 -0.01 -0.04 -0.04
10 52.0 88.0 114.0 24.0 -0.03 0.03 -0.0 -0.06 -0.04 -0.06
11 49.0 90.0 114.0 23.0 -0.03 0.02 -0.0 -0.04 -0.04 -0.09
12 51.0 89.0 116.0 23.0 -0.03 0.0 0.0 -0.04 -0.06 -0.14
13 57.0 91.0 117.0 24.0 -0.02 0.0 0.0 0.0 -0.08 -0.14
14 62.0 92.0 118.0 23.0 -0.02 0.01 0.0 -0.01 -0.05 -0.07
15 60.0 93.0 118.0 23.0 -0.01 0.01 0.01 0.03 -0.01 -0.06
16 59.0 94.0 119.0 23.0 -0.01 0.01 0.01 -0.01 -0.01 -0.01
17 56.0 99.0 115.0 38.0 -0.01 0.01 0.01 -0.03 -0.02 -0.01
18 163.0 112.0 105.0 173.0 -0.01 0.03 0.01 0.0 0.03 0.04
19 195.0 128.0 103.0 214.0 -0.01 0.09 0.0 0.03 -0.01 0.12
20 221.0 120.0 110.0 191.0 0.02 0.23 -0.01 -0.08 -0.35 -0.14
21 190.0 124.0 116.0 157.0 0.19 0.73 -0.03 -0.29 -0.38 -0.13
22 169.0 129.0 115.0 203.0 0.26 1.07 -0.03 0.4 0.26 0.49
23 141.0 128.0 115.0 200.0 0.27 1.23 -0.03 0.03 0.43 0.7
24 125.0 132.0 114.0 166.0 0.29 1.53 -0.04 -0.45 0.45 1.66
25 114.0 127.0 107.0 234.0 0.36 2.06 -0.04 -0.54 0.32 1.75
26 106.0 121.0 114.0 218.0 0.43 2.34 -0.03 -0.4 0.18 1.31
27 95.0 115.0 118.0 174.0 0.57 2.6 0.15 -1.75 0.18 -1.09
28 89.0 111.0 126.0 163.0 0.63 2.27 0.44 -2.92 0.32 -0.74
29 82.0 103.0 136.0 135.0 0.59 2.11 0.58 -2.15 1.63 -0.2
30 76.0 111.0 132.0 119.0 0.36 2.44 1.01 -4.24 0.07 0.08
31 73.0 107.0 131.0 102.0 0.3 2.27 1.26 -3.08 0.23 -0.34
32 71.0 108.0 132.0 109.0 0.2 2.24 1.39 -2.98 0.24 -0.55
33 72.0 107.0 134.0 103.0 -0.02 2.27 1.63 -2.79 0.26 -0.97
34 74.0 108.0 128.0 91.0 -0.24 2.29 1.9 -2.08 0.15 -0.89
35 72.0 113.0 126.0 75.0 -0.31 2.3 1.99 -1.66 0.06 -0.72
36 72.0 116.0 119.0 98.0 -0.53 2.37 2.09 -1.4 0.17 -0.72
37 76.0 132.0 120.0 96.0 -0.83 2.33 2.13 -1.66 -0.21 -0.75
38 82.0 180.0 124.0 114.0 -0.9 2.22 2.14 -1.79 -0.49 -1.03
39 84.0 175.0 124.0 94.0 -0.96 1.86 2.22 -1.32 -0.55 -0.75
40 97.0 165.0 128.0 85.0 -0.99 1.5 2.32 0.25 -0.25 0.07
41 101.0 163.0 129.0 75.0 -1.03 1.44 2.3 0.35 -0.52 0.25
42 110.0 161.0 137.0 66.0 -1.03 1.57 2.27 0.92 -0.65 0.51
43 120.0 200.0 143.0 60.0 -1.07 1.72 2.2 1.27 -1.07 0.6
44 128.0 211.0 160.0 53.0 -1.07 1.76 2.15 1.35 -0.88 0.85
45 139.0 194.0 158.0 46.0 -1.16 1.55 1.98 1.14 -1.0 0.56
46 140.0 190.0 171.0 43.0 -1.14 1.23 1.81 1.1 -0.78 0.38
47 138.0 178.0 181.0 38.0 -1.15 1.14 1.69 1.5 -1.06 0.38
48 148.0 167.0 190.0 36.0 -1.12 0.99 1.5 2.14 -1.46 0.73
49 152.0 174.0 201.0 34.0 -1.05 0.99 1.31 1.84 -1.35 0.74
50 153.0 165.0 219.0 32.0 -0.97 0.99 1.18 1.71 -1.5 0.46
51 157.0 158.0 223.0 31.0 -0.85 0.81 0.99 1.53 -1.73 0.34
52 156.0 181.0 242.0 29.0 -0.83 0.53 0.77 1.01 -1.49 0.53
53 154.0 172.0 249.0 28.0 -0.8 0.47 0.64 3.22 -2.99 0.32
54 149.0 166.0 264.0 29.0 -0.69 0.26 0.48 1.35 -1.65 1.27
55 147.0 158.0 271.0 29.0 -0.55 0.1 0.37 1.15 -1.41 1.13
56 139.0 160.0 283.0 28.0 -0.49 -0.0 0.32 1.24 -1.21 1.19
57 135.0 155.0 289.0 27.0 -0.26 -0.2 0.17 1.54 -0.97 0.95
58 125.0 149.0 294.0 27.0 -0.09 -0.2 0.07 1.98 -0.88 0.68
59 118.0 146.0 301.0 26.0 -0.05 -0.12 0.0 1.54 -0.56 0.5
60 109.0 146.0 295.0 28.0 -0.07 -0.06 -0.06 0.99 -0.46 0.41
61 97.0 137.0 299.0 27.0 -0.09 -0.15 -0.07 0.69 -0.74 0.2
62 106.0 140.0 297.0 26.0 -0.05 -0.18 -0.1 0.68 -0.62 0.03
63 97.0 133.0 302.0 26.0 -0.02 -0.11 -0.11 0.65 -0.55 0.06
64 90.0 141.0 294.0 26.0 0.02 0.05 -0.11 0.24 -0.46 -0.06
65 82.0 134.0 294.0 26.0 0.04 0.12 -0.1 0.09 -0.34 -0.03
66 78.0 125.0 286.0 25.0 0.07 0.19 -0.09 -0.19 -0.14 0.13
67 71.0 118.0 283.0 25.0 0.08 0.21 -0.04 -0.21 -0.03 0.16
68 65.0 125.0 276.0 28.0 0.08 0.2 -0.02 -0.11 0.0 0.11
69 58.0 120.0 270.0 30.0 0.06 0.2 0.02 -0.19 -0.08 0.0
70 56.0 124.0 265.0 29.0 0.06 0.17 0.04 -0.11 0.06 0.09
71 51.0 116.0 263.0 31.0 0.04 0.16 0.04 -0.09 0.09 0.04
72 47.0 114.0 251.0 30.0 0.02 0.16 0.03 -0.13 0.07 -0.03
73 44.0 120.0 247.0 29.0 -0.03 0.14 -0.01 -0.15 0.14 0.01
74 44.0 113.0 238.0 29.0 -0.05 0.11 -0.02 -0.19 0.1 -0.01
75 39.0 124.0 230.0 30.0 -0.09 0.02 -0.03 -0.12 -0.05 0.02
76 47.0 120.0 225.0 29.0 -0.12 -0.03 -0.02 0.08 -0.18 -0.01
77 50.0 119.0 211.0 28.0 -0.11 -0.03 -0.01 0.07 -0.18 -0.06
78 46.0 111.0 210.0 29.0 -0.11 -0.01 0.0 0.19 -0.04 0.0
79 40.0 112.0 204.0 28.0 -0.09 -0.01 -0.0 0.1 -0.05 0.07
80 38.0 118.0 197.0 29.0 -0.08 -0.03 -0.0 0.12 -0.04 0.16
81 34.0 132.0 189.0 28.0 -0.06 -0.09 -0.0 0.16 -0.13 0.17
82 32.0 135.0 187.0 28.0 -0.04 -0.1 0.02 0.3 -0.19 0.11
83 30.0 122.0 179.0 29.0 -0.04 -0.09 0.03 0.33 -0.23 0.08
84 30.0 124.0 174.0 28.0 -0.01 -0.05 0.04 0.44 -0.15 0.01
85 29.0 115.0 166.0 29.0 -0.01 0.0 0.04 0.33 -0.19 0.0
86 27.0 118.0 162.0 27.0 -0.01 0.01 0.04 0.31 -0.21 -0.02
87 28.0 110.0 160.0 27.0 -0.01 -0.01 0.03 0.32 -0.21 -0.07
88 27.0 105.0 153.0 27.0 -0.01 -0.01 0.02 0.19 -0.14 -0.05
89 26.0 101.0 147.0 26.0 -0.01 -0.03 0.02 0.11 -0.17 0.01
90 29.0 103.0 139.0 26.0 -0.02 -0.08 0.01 0.17 -0.18 0.03
91 29.0 100.0 134.0 25.0 -0.01 -0.1 0.01 0.6 -0.17 -0.15
92 29.0 103.0 135.0 25.0 -0.0 -0.04 -0.0 0.57 -0.16 -0.16
93 27.0 112.0 131.0 25.0 -0.01 0.07 -0.02 0.46 -0.15 -0.04
94 30.0 109.0 126.0 25.0 -0.02 0.08 -0.02 0.0 -0.23 0.06
95 30.0 129.0 121.0 24.0 -0.03 0.05 -0.03 -0.09 -0.25 0.04
96 31.0 121.0 119.0 25.0 -0.04 -0.0 -0.04 -0.08 -0.33 0.09
97 34.0 117.0 118.0 24.0 -0.04 -0.03 -0.04 0.04 -0.35 0.16
98 34.0 112.0 113.0 24.0 -0.03 -0.04 -0.04 0.26 -0.21 0.27
99 33.0 108.0 110.0 24.0 -0.01 0.04 -0.04 0.22 -0.11 0.35
100 32.0 124.0 105.0 24.0 0.01 0.06 -0.05 0.21 0.02 0.29
101 33.0 121.0 102.0 24.0 0.04 0.05 -0.08 0.17 0.04 0.19
102 34.0 117.0 102.0 24.0 0.07 -0.0 -0.09 0.25 0.13 -0.05
103 36.0 111.0 100.0 24.0 0.07 -0.03 -0.1 0.19 0.14 -0.12
104 37.0 111.0 97.0 24.0 0.08 -0.06 -0.11 0.27 0.1 -0.21
105 35.0 112.0 94.0 23.0 0.07 -0.04 -0.09 0.23 -0.02 -0.28
106 38.0 113.0 94.0 24.0 0.06 -0.02 -0.08 0.14 -0.2 -0.31
107 40.0 118.0 91.0 24.0 0.03 0.01 -0.05 0.14 -0.25 -0.4
108 40.0 113.0 87.0 24.0 0.02 0.0 -0.03 0.36 -0.29 -0.58
109 39.0 112.0 82.0 23.0 0.0 0.02 -0.02 0.41 -0.33 -0.4
110 42.0 117.0 84.0 23.0 -0.02 0.09 -0.01 0.33 -0.34 -0.32
111 42.0 122.0 82.0 23.0 -0.05 0.09 -0.01 0.24 -0.29 -0.19
112 44.0 124.0 86.0 23.0 -0.06 0.08 0.0 0.18 -0.25 0.0
113 49.0 120.0 81.0 23.0 -0.06 0.05 0.01 0.19 -0.21 0.08
114 51.0 116.0 77.0 23.0 -0.05 0.02 0.0 0.21 -0.08 0.33
115 54.0 124.0 77.0 23.0 -0.04 0.01 0.0 0.21 -0.03 0.39
116 57.0 122.0 76.0 23.0 -0.01 0.01 -0.01 0.19 -0.02 0.39
117 57.0 122.0 76.0 23.0 0.02 0.0 -0.02 0.12 0.03 0.35
118 65.0 120.0 76.0 22.0 0.03 -0.01 -0.02 0.04 0.03 0.37
119 67.0 118.0 71.0 23.0 0.04 -0.04 -0.04 0.01 -0.03 0.39
120 70.0 115.0 73.0 23.0 0.03 -0.08 -0.06 0.04 -0.16 0.32
121 70.0 115.0 67.0 23.0 0.02 -0.1 -0.06 0.1 -0.44 0.37
122 69.0 115.0 63.0 23.0 0.02 -0.14 -0.09 0.11 -0.55 0.41
123 72.0 118.0 64.0 24.0 0.03 -0.22 -0.13 0.27 -0.76 0.48
124 80.0 120.0 61.0 23.0 0.05 -0.27 -0.16 0.48 -1.03 0.75
125 81.0 124.0 61.0 23.0 0.1 -0.4 -0.24 0.51 -1.12 0.85
126 80.0 124.0 73.0 23.0 0.19 -0.71 -0.36 0.53 -1.33 1.06
127 79.0 122.0 72.0 23.0 0.23 -0.99 -0.43 0.71 -1.38 1.27
128 77.0 120.0 70.0 23.0 0.32 -1.88 -0.63 0.91 -1.49 1.45
129 78.0 118.0 73.0 23.0 0.42 -3.01 -0.87 1.68 -1.56 1.34
130 78.0 120.0 75.0 23.0 0.48 -3.51 -1.0 2.81 -1.82 0.21
131 77.0 119.0 75.0 23.0 0.65 -4.19 -1.35 3.01 -1.76 -0.3
132 80.0 120.0 77.0 23.0 0.66 -4.64 -1.73 3.03 -1.14 -1.2
133 81.0 118.0 81.0 23.0 0.57 -4.83 -1.93 2.66 -0.62 -1.31
134 79.0 119.0 83.0 24.0 0.32 -5.15 -2.26 2.36 -0.34 -1.28
135 80.0 121.0 87.0 24.0 -0.08 -5.38 -2.58 1.54 -0.18 -1.27
136 81.0 121.0 94.0 25.0 -0.28 -5.41 -2.7 1.42 0.1 -1.46
137 90.0 128.0 99.0 29.0 -0.74 -5.21 -2.83 1.31 0.14 -1.54
138 88.0 126.0 106.0 33.0 -1.16 -4.62 -2.79 1.79 0.06 -1.56
139 89.0 128.0 113.0 34.0 -1.32 -4.12 -2.71 2.25 -0.35 -1.26
140 102.0 129.0 124.0 33.0 -1.57 -2.7 -2.53 2.06 -0.53 -1.07
141 98.0 136.0 130.0 34.0 -1.6 -1.13 -2.32 1.63 -0.64 -0.48
142 98.0 140.0 140.0 31.0 -1.57 -0.39 -2.24 0.05 -1.22 0.05
143 100.0 141.0 150.0 29.0 -1.42 0.56 -2.07 -0.36 -1.21 0.16
144 105.0 140.0 154.0 29.0 -1.24 0.76 -1.97 -1.3 -1.45 0.2
145 106.0 137.0 161.0 28.0 -1.2 0.59 -1.69 -0.61 -1.12 -0.03
146 102.0 136.0 166.0 27.0 -0.97 0.18 -1.81 -0.3 -1.18 -0.26
147 101.0 132.0 171.0 26.0 -0.94 -0.15 -1.98 0.42 -2.92 -0.45
148 101.0 137.0 178.0 26.0 -0.77 -0.37 -1.71 3.12 10.73 5.72
149 173.0 136.0 181.0 26.0 -1.68 -0.3 -0.2 -20.74 -16.49 5.38
150 148.0 134.0 184.0 25.0 0.26 -3.6 -0.04 6.83 3.83 -0.78
151 125.0 133.0 188.0 25.0 0.91 0.46 0.23 -1.86 1.47 -1.21
152 106.0 131.0 190.0 25.0 0.92 2.46 -0.03 -3.0 2.03 0.06
153 96.0 130.0 187.0 24.0 0.74 1.35 -0.19 1.16 0.77 0.33
154 95.0 129.0 186.0 24.0 0.64 1.09 -0.06 -0.41 0.27 0.02
155 98.0 129.0 186.0 23.0 0.19 0.4 -0.14 -0.67 0.13 0.07
156 87.0 128.0 179.0 23.0 -0.09 -0.36 -0.15 -0.28 -0.34 -0.59
157 77.0 127.0 181.0 23.0 -0.09 -0.34 -0.12 -0.43 -0.4 -0.82
158 76.0 125.0 177.0 23.0 0.0 -0.08 -0.07 -0.57 -0.07 -0.52
159 74.0 125.0 170.0 23.0 -0.04 -0.13 -0.04 -0.23 0.0 -0.11
160 76.0 121.0 171.0 23.0 -0.08 -0.18 -0.02 0.15 -0.15 0.03
161 75.0 119.0 168.0 23.0 -0.12 -0.22 0.01 0.24 0.13 0.04
162 74.0 117.0 166.0 23.0 -0.06 -0.19 0.02 0.27 0.13 0.0
163 71.0 116.0 161.0 23.0 -0.02 -0.16 0.02 -0.02 0.15 -0.05
164 70.0 112.0 160.0 23.0 0.01 -0.08 -0.02 -0.08 0.17 -0.08
165 67.0 110.0 154.0 23.0 0.04 -0.0 -0.04 -0.09 0.2 0.0
166 59.0 108.0 148.0 23.0 0.05 0.02 -0.04 -0.23 0.06 -0.11
167 59.0 104.0 149.0 23.0 0.09 0.03 -0.04 -0.27 0.06 -0.2
168 66.0 101.0 149.0 23.0 0.07 -0.03 -0.04 -0.2 -0.04 -0.2
169 60.0 99.0 138.0 23.0 0.05 -0.06 -0.04 -0.14 0.03 -0.09
170 53.0 95.0 138.0 23.0 0.02 -0.11 -0.03 -0.13 0.0 -0.14
171 49.0 93.0 135.0 23.0 -0.02 -0.17 -0.02 -0.14 0.03 -0.15
172 48.0 92.0 131.0 23.0 -0.04 -0.2 -0.02 -0.05 0.04 -0.15
173 48.0 89.0 125.0 23.0 -0.06 -0.23 -0.02 0.0 0.0 -0.13
174 47.0 86.0 122.0 23.0 -0.06 -0.2 -0.01 0.01 -0.04 0.03
175 45.0 85.0 117.0 23.0 -0.05 -0.17 0.0 0.13 -0.05 0.14
176 52.0 82.0 113.0 23.0 -0.03 -0.06 0.01 0.15 -0.03 0.19
177 49.0 82.0 110.0 23.0 -0.0 0.04 0.01 0.03 0.03 0.06
178 42.0 82.0 108.0 23.0 0.01 0.08 0.01 0.04 0.0 -0.01
179 42.0 80.0 102.0 23.0 0.02 0.14 0.01 0.0 0.0 -0.11
180 38.0 81.0 100.0 24.0 0.04 0.19 0.0 -0.03 0.01 -0.23
181 34.0 79.0 94.0 23.0 0.05 0.2 0.01 -0.16 0.0 -0.29
182 40.0 77.0 91.0 23.0 0.07 0.21 0.01 -0.16 -0.02 -0.28
183 37.0 77.0 88.0 23.0 0.07 0.2 0.02 -0.24 0.01 -0.27
184 33.0 76.0 90.0 23.0 0.08 0.18 0.02 -0.16 0.0 -0.2
185 35.0 76.0 86.0 23.0 0.06 0.14 0.03 -0.15 0.03 -0.2
