1 28.0 89.0 77.0 23.0 0.01 -0.0 -0.0 -0.05 0.01 -0.12
2 27.0 91.0 76.0 23.0 0.01 -0.0 0.0 -0.09 0.0 -0.09
3 27.0 92.0 75.0 23.0 0.01 -0.0 0.0 -0.09 0.05 -0.15
4 28.0 93.0 75.0 23.0 0.01 -0.0 0.0 -0.11 0.05 -0.16
5 28.0 91.0 73.0 23.0 0.01 -0.02 0.0 -0.06 0.07 -0.13
6 27.0 94.0 75.0 23.0 0.02 -0.03 0.0 -0.1 0.03 -0.13
7 31.0 94.0 75.0 23.0 0.02 -0.03 0.0 -0.08 0.04 -0.13
8 27.0 92.0 79.0 23.0 0.02 -0.02 0.01 -0.04 0.05 -0.03
9 27.0 91.0 75.0 23.0 0.02 -0.01 0.01 -0.03 0.06 -0.05
10 29.0 92.0 72.0 23.0 0.02 -0.01 0.0 -0.06 0.07 0.01
11 29.0 92.0 71.0 23.0 0.02 -0.0 0.0 -0.02 0.07 0.02
12 27.0 91.0 71.0 22.0 0.0 0.0 -0.0 -0.07 0.06 -0.06
13 27.0 92.0 71.0 23.0 -0.0 -0.0 -0.01 -0.06 0.08 -0.08
14 32.0 92.0 71.0 23.0 -0.01 -0.0 -0.01 -0.09 0.05 -0.07
15 30.0 91.0 71.0 23.0 -0.02 -0.01 -0.01 -0.07 0.04 -0.08
16 28.0 91.0 74.0 24.0 -0.02 -0.01 -0.01 -0.09 0.04 -0.09
17 28.0 91.0 72.0 23.0 -0.02 -0.01 -0.02 -0.06 0.08 -0.08
18 26.0 90.0 70.0 23.0 -0.02 0.0 -0.02 -0.02 0.08 -0.09
19 25.0 88.0 73.0 23.0 -0.02 -0.0 -0.02 -0.05 0.1 -0.08
20 23.0 89.0 72.0 23.0 -0.02 0.01 -0.02 -0.08 0.11 -0.02
21 22.0 88.0 68.0 25.0 -0.03 0.04 -0.04 -0.05 0.11 0.0
22 22.0 84.0 70.0 24.0 -0.04 0.05 -0.04 -0.09 0.11 0.05
23 21.0 85.0 70.0 24.0 -0.04 0.09 -0.05 0.08 0.09 0.05
24 22.0 85.0 70.0 24.0 -0.04 0.16 -0.06 0.0 0.07 0.09
25 26.0 88.0 68.0 31.0 -0.03 0.2 -0.05 -0.04 0.06 0.1
26 26.0 89.0 64.0 51.0 0.01 0.3 -0.06 -0.18 0.0 0.09
27 25.0 87.0 66.0 68.0 0.05 0.45 -0.05 -0.26 -0.03 0.13
28 28.0 89.0 65.0 75.0 0.06 0.48 -0.05 -0.28 -0.03 0.19
29 26.0 90.0 63.0 84.0 0.07 0.54 -0.06 -0.35 0.06 0.08
30 27.0 125.0 64.0 127.0 0.06 0.53 -0.06 -0.35 0.06 -0.01
31 30.0 137.0 62.0 160.0 0.06 0.48 -0.06 -0.51 0.02 -0.2
32 36.0 141.0 66.0 164.0 0.05 0.3 -0.05 -0.38 -0.11 -0.45
33 36.0 152.0 67.0 140.0 0.1 0.21 -0.01 -0.3 -0.39 -0.88
34 31.0 142.0 65.0 117.0 0.14 0.19 0.03 -0.37 -0.43 -0.75
35 36.0 130.0 64.0 117.0 0.26 0.24 0.12 -0.76 -0.28 -0.38
36 31.0 120.0 65.0 119.0 0.4 0.5 0.25 -1.65 -0.21 0.61
37 30.0 113.0 65.0 116.0 0.48 0.65 0.32 -1.8 -0.13 0.87
38 30.0 109.0 69.0 138.0 0.6 0.95 0.47 -1.87 -0.29 1.2
39 28.0 106.0 68.0 147.0 0.71 1.28 0.7 -1.57 0.23 1.02
40 27.0 118.0 66.0 120.0 0.76 1.46 0.78 -1.59 -0.06 0.91
41 25.0 118.0 68.0 103.0 0.84 1.95 0.97 -1.37 0.28 0.76
42 34.0 124.0 76.0 89.0 0.79 2.36 1.16 -1.33 0.6 0.75
43 31.0 116.0 74.0 81.0 0.72 2.46 1.24 -1.58 0.55 0.98
44 34.0 136.0 71.0 74.0 0.65 2.52 1.4 -1.88 0.25 1.25
45 32.0 149.0 77.0 66.0 0.6 2.43 1.54 -2.06 0.22 1.05
46 33.0 139.0 78.0 58.0 0.56 2.33 1.61 -1.96 0.27 0.96
47 53.0 137.0 84.0 55.0 0.5 2.25 1.75 -1.53 0.3 0.38
48 49.0 130.0 91.0 77.0 0.35 2.41 1.85 -0.73 0.21 0.32
49 50.0 121.0 113.0 98.0 0.27 2.67 1.93 -0.56 0.08 0.43
50 53.0 122.0 108.0 88.0 0.09 3.37 2.06 -0.09 0.17 0.35
51 55.0 120.0 101.0 77.0 -0.17 3.58 2.18 -0.77 -0.24 0.0
52 56.0 116.0 98.0 70.0 -0.29 3.47 2.24 -1.27 -0.45 -1.1
53 62.0 110.0 95.0 61.0 -0.55 3.01 2.28 -0.84 -0.75 -1.18
54 66.0 115.0 90.0 54.0 -0.74 2.5 2.28 0.0 -0.71 -0.79
55 74.0 114.0 94.0 49.0 -0.81 2.28 2.24 0.35 -0.98 -0.68
56 82.0 135.0 91.0 45.0 -0.96 1.79 2.1 0.47 -1.43 -0.43
57 84.0 148.0 110.0 41.0 -1.02 1.27 2.0 0.88 -1.95 -0.22
58 98.0 160.0 120.0 40.0 -1.06 1.04 1.89 1.13 -1.97 -0.16
59 100.0 190.0 128.0 37.0 -1.09 0.6 1.72 1.45 -2.58 0.17
60 107.0 244.0 138.0 35.0 -1.0 0.24 1.54 1.61 -2.59 0.55
61 114.0 243.0 156.0 32.0 -0.92 0.14 1.41 2.41 -2.35 0.43
62 113.0 226.0 164.0 31.0 -0.74 0.04 1.13 2.87 -2.01 0.6
63 114.0 224.0 179.0 30.0 -0.53 0.03 0.87 3.08 -1.16 0.9
64 110.0 206.0 187.0 29.0 -0.47 0.05 0.73 3.02 -0.89 0.97
65 110.0 201.0 192.0 28.0 -0.35 0.11 0.5 2.77 -0.62 0.87
66 104.0 200.0 209.0 27.0 -0.28 0.14 0.29 2.34 -0.34 0.65
67 104.0 182.0 216.0 28.0 -0.24 0.18 0.2 2.33 -0.31 0.54
68 101.0 181.0 218.0 27.0 -0.19 0.3 0.09 1.85 -0.19 0.18
69 98.0 171.0 230.0 29.0 -0.16 0.35 0.04 1.48 -0.07 0.17
70 92.0 181.0 235.0 28.0 -0.14 0.44 -0.03 1.06 -0.06 0.12
71 84.0 171.0 236.0 29.0 -0.15 0.45 -0.05 0.56 0.02 0.19
72 79.0 164.0 241.0 28.0 -0.15 0.42 -0.04 0.29 -0.03 -0.15
73 74.0 163.0 234.0 29.0 -0.15 0.33 -0.04 0.15 0.04 -0.08
74 66.0 167.0 233.0 28.0 -0.15 0.22 -0.04 0.04 0.05 -0.06
75 63.0 163.0 228.0 30.0 -0.14 0.16 -0.04 0.16 0.12 -0.13
76 56.0 155.0 226.0 28.0 -0.14 0.1 -0.03 0.18 0.11 -0.08
77 52.0 159.0 228.0 28.0 -0.14 0.05 -0.02 0.14 0.11 0.2
78 50.0 156.0 222.0 28.0 -0.14 0.04 -0.02 0.14 0.0 0.15
79 43.0 150.0 224.0 29.0 -0.11 0.07 -0.01 0.2 0.0 0.12
80 40.0 143.0 217.0 28.0 -0.09 0.09 -0.01 0.07 0.02 0.29
81 37.0 139.0 211.0 28.0 -0.08 0.07 -0.03 -0.03 -0.11 0.3
82 36.0 150.0 205.0 27.0 -0.09 -0.01 -0.05 0.0 -0.16 0.2
83 36.0 141.0 204.0 28.0 -0.09 -0.08 -0.06 0.07 -0.12 0.13
84 34.0 138.0 201.0 28.0 -0.1 -0.11 -0.06 0.3 -0.17 0.01
85 31.0 145.0 192.0 27.0 -0.09 -0.1 -0.08 0.39 -0.22 0.0
86 29.0 135.0 196.0 30.0 -0.09 0.02 -0.08 0.12 -0.31 0.01
87 27.0 152.0 192.0 30.0 -0.09 0.03 -0.08 -0.14 -0.38 -0.01
88 24.0 141.0 182.0 29.0 -0.08 -0.03 -0.08 -0.07 -0.33 0.11
89 23.0 136.0 178.0 29.0 -0.08 -0.14 -0.06 -0.16 -0.34 0.16
90 25.0 127.0 170.0 28.0 -0.07 -0.21 -0.05 0.05 -0.36 -0.06
91 25.0 132.0 161.0 29.0 -0.04 -0.28 -0.04 0.46 -0.29 -0.02
92 24.0 129.0 170.0 28.0 -0.01 -0.14 -0.04 0.56 -0.3 0.07
93 24.0 122.0 178.0 27.0 -0.0 -0.05 -0.04 0.2 -0.27 0.17
94 24.0 130.0 168.0 27.0 0.02 0.02 -0.04 0.09 -0.33 0.26
95 24.0 121.0 165.0 27.0 0.02 -0.03 -0.07 0.03 -0.35 0.28
96 23.0 120.0 157.0 27.0 0.03 -0.06 -0.08 0.09 -0.17 0.2
97 23.0 113.0 151.0 28.0 0.04 -0.1 -0.1 0.15 -0.08 0.18
98 30.0 114.0 145.0 29.0 0.05 -0.11 -0.12 0.13 0.06 0.06
99 29.0 110.0 140.0 28.0 0.06 -0.13 -0.13 0.22 0.04 0.0
100 27.0 121.0 139.0 27.0 0.07 -0.11 -0.13 0.23 -0.03 -0.02
101 28.0 118.0 132.0 27.0 0.07 -0.03 -0.11 0.16 -0.03 -0.15
102 27.0 116.0 136.0 26.0 0.07 -0.01 -0.09 0.09 0.0 -0.37
103 27.0 109.0 130.0 26.0 0.05 0.03 -0.06 0.18 0.0 -0.41
104 28.0 125.0 129.0 26.0 0.01 0.09 -0.04 0.2 0.04 -0.35
105 30.0 121.0 126.0 25.0 -0.01 0.11 -0.03 0.36 0.09 -0.34
106 28.0 120.0 121.0 25.0 -0.03 0.13 -0.01 0.32 0.11 -0.31
107 26.0 126.0 123.0 24.0 -0.05 0.11 -0.01 0.29 0.1 -0.24
108 30.0 121.0 117.0 24.0 -0.06 0.09 -0.01 0.31 0.0 -0.14
109 27.0 116.0 122.0 24.0 -0.06 0.02 0.01 0.29 0.05 -0.07
110 29.0 115.0 114.0 25.0 -0.05 0.0 0.0 0.31 -0.11 -0.07
111 32.0 127.0 113.0 25.0 -0.05 0.01 -0.0 0.24 -0.17 0.1
112 29.0 116.0 111.0 24.0 -0.07 0.04 -0.01 0.28 -0.22 0.12
113 29.0 110.0 112.0 24.0 -0.05 0.06 -0.0 0.28 -0.24 0.12
114 28.0 117.0 111.0 24.0 -0.05 0.08 -0.01 0.24 -0.26 0.13
115 26.0 109.0 105.0 24.0 -0.03 0.08 0.0 0.25 -0.29 0.17
116 28.0 103.0 103.0 24.0 -0.01 0.04 -0.01 0.27 -0.39 0.2
117 28.0 97.0 104.0 23.0 0.0 0.02 -0.03 0.39 -0.49 0.27
118 26.0 90.0 99.0 23.0 0.03 -0.03 -0.08 0.44 -0.54 0.34
119 25.0 87.0 100.0 24.0 0.05 -0.11 -0.14 0.57 -0.71 0.5
120 23.0 83.0 95.0 24.0 0.07 -0.17 -0.17 0.75 -0.8 0.63
121 24.0 79.0 94.0 24.0 0.12 -0.27 -0.25 0.94 -0.85 0.83
122 23.0 77.0 92.0 24.0 0.17 -0.42 -0.37 1.07 -0.9 0.94
123 22.0 75.0 89.0 24.0 0.21 -0.56 -0.45 1.01 -0.83 1.28
124 20.0 73.0 86.0 24.0 0.3 -1.12 -0.64 0.96 -0.81 1.36
125 19.0 73.0 85.0 24.0 0.38 -2.04 -0.92 1.48 -0.88 1.33
126 19.0 72.0 82.0 23.0 0.43 -2.52 -1.08 2.3 -0.77 0.75
127 18.0 70.0 82.0 24.0 0.49 -3.34 -1.46 2.6 -0.81 0.29
128 19.0 70.0 77.0 25.0 0.43 -3.97 -1.86 3.07 -0.82 -0.79
129 18.0 70.0 71.0 25.0 0.35 -4.18 -2.06 2.76 -0.55 -1.15
130 18.0 69.0 66.0 26.0 0.09 -4.69 -2.4 1.96 -0.41 -0.91
131 23.0 70.0 65.0 26.0 -0.24 -5.19 -2.72 1.95 -0.36 -1.15
132 21.0 76.0 66.0 26.0 -0.37 -5.14 -2.87 3.25 -0.31 -1.39
133 21.0 78.0 69.0 26.0 -0.67 -4.18 -3.09 3.52 -0.35 -1.61
134 21.0 79.0 74.0 28.0 -0.98 -2.79 -3.07 3.82 -0.29 -1.46
135 22.0 82.0 80.0 26.0 -1.15 -2.22 -2.96 1.77 -1.02 -0.84
136 25.0 86.0 89.0 26.0 -1.38 -1.48 -2.72 1.03 -1.2 -0.9
137 25.0 87.0 94.0 25.0 -1.39 -1.0 -2.57 -0.61 -1.39 -0.19
138 28.0 86.0 102.0 25.0 -1.36 -0.86 -2.49 -1.34 -1.34 -0.16
139 30.0 90.0 107.0 25.0 -1.26 -0.87 -2.39 -3.02 -1.8 0.19
140 30.0 91.0 111.0 25.0 -1.17 -1.27 -1.96 -1.81 -0.82 0.19
141 31.0 93.0 117.0 24.0 -1.12 -1.38 -1.94 -1.64 -0.74 0.43
142 32.0 93.0 131.0 24.0 -1.08 -1.61 -1.86 -0.73 0.11 0.22
143 44.0 93.0 132.0 24.0 -0.86 -2.12 -1.44 -0.67 -0.18 -0.05
144 40.0 98.0 141.0 24.0 -0.89 -2.27 -1.6 -27.63 0.28 20.92
145 71.0 99.0 143.0 24.0 -2.05 -3.1 -0.12 -26.87 -13.3 5.79
146 64.0 97.0 150.0 24.0 0.32 -2.85 0.28 2.48 0.09 -2.43
147 54.0 97.0 151.0 24.0 0.63 0.0 0.1 2.78 0.92 0.57
148 46.0 97.0 154.0 24.0 0.8 2.3 -0.24 -0.26 1.16 0.5
149 53.0 97.0 156.0 23.0 0.47 0.55 -0.11 0.32 0.15 0.24
150 48.0 100.0 157.0 24.0 0.35 0.19 -0.12 0.2 0.09 0.0
151 42.0 102.0 158.0 24.0 0.07 -0.13 -0.17 -0.49 -0.31 -0.18
152 38.0 102.0 159.0 24.0 0.05 -0.33 -0.08 0.18 -0.41 -0.51
153 33.0 104.0 156.0 24.0 0.1 -0.22 -0.04 -0.04 -0.1 -0.63
154 30.0 104.0 159.0 23.0 0.16 0.01 -0.06 -0.3 -0.05 -0.38
155 27.0 105.0 162.0 24.0 0.13 0.06 -0.09 -0.53 0.14 -0.18
156 31.0 105.0 161.0 24.0 0.09 0.07 -0.07 -0.3 0.23 -0.15
157 29.0 105.0 158.0 24.0 0.08 -0.03 -0.03 -0.15 0.24 -0.09
158 33.0 105.0 155.0 23.0 0.06 -0.14 -0.01 -0.15 0.1 -0.01
159 32.0 105.0 156.0 24.0 0.07 -0.16 -0.0 -0.25 0.22 -0.04
160 28.0 102.0 156.0 25.0 0.11 -0.14 -0.02 -0.28 0.38 0.04
161 29.0 104.0 154.0 24.0 0.04 -0.09 -0.06 -0.23 0.3 0.14
162 25.0 103.0 150.0 23.0 0.04 -0.07 -0.05 -0.18 0.29 0.07
163 28.0 100.0 148.0 23.0 0.03 -0.06 -0.07 -0.1 0.35 0.03
164 27.0 98.0 148.0 24.0 0.02 -0.08 -0.07 -0.06 0.18 0.0
165 32.0 96.0 148.0 24.0 0.03 -0.07 -0.08 -0.03 0.12 0.05
166 29.0 94.0 144.0 24.0 0.01 -0.05 -0.07 0.02 0.09 0.06
167 28.0 95.0 143.0 24.0 -0.02 -0.01 -0.06 0.12 0.01 0.13
168 28.0 91.0 141.0 25.0 -0.03 0.01 -0.05 0.09 -0.02 0.18
169 28.0 90.0 140.0 24.0 -0.05 0.09 -0.03 0.1 -0.06 0.26
170 26.0 90.0 140.0 24.0 -0.03 0.22 -0.01 0.15 -0.01 0.13
171 29.0 90.0 139.0 24.0 -0.02 0.28 -0.01 0.01 0.03 -0.08
172 28.0 88.0 132.0 24.0 0.01 0.37 -0.01 -0.02 0.04 -0.1
