1 24.0 79.0 76.0 24.0 -0.03 0.0 -0.01 -0.08 0.04 -0.1
2 29.0 80.0 79.0 24.0 -0.03 0.02 -0.01 -0.09 0.03 -0.13
3 33.0 79.0 72.0 24.0 -0.02 0.03 -0.01 -0.1 0.03 -0.12
4 32.0 80.0 68.0 24.0 -0.02 0.03 -0.01 -0.12 0.04 -0.12
5 28.0 78.0 70.0 24.0 -0.01 0.03 -0.01 -0.14 0.02 -0.19
6 27.0 77.0 72.0 24.0 0.01 0.04 -0.01 -0.19 0.01 -0.27
7 28.0 76.0 72.0 24.0 0.01 0.02 -0.01 -0.22 -0.01 -0.18
8 27.0 77.0 67.0 25.0 -0.0 -0.03 -0.01 -0.2 0.04 -0.11
9 28.0 77.0 65.0 25.0 -0.02 -0.07 -0.0 -0.12 0.06 -0.06
10 26.0 75.0 64.0 24.0 -0.03 -0.07 -0.0 -0.01 0.05 -0.07
11 24.0 75.0 66.0 24.0 -0.03 -0.05 -0.01 0.0 0.04 -0.03
12 23.0 78.0 66.0 24.0 -0.02 -0.03 -0.01 0.0 0.03 0.0
13 24.0 79.0 71.0 24.0 -0.02 -0.02 -0.01 0.0 0.03 -0.04
14 23.0 79.0 69.0 24.0 -0.02 -0.01 -0.01 -0.08 0.01 -0.05
15 21.0 79.0 69.0 24.0 -0.03 -0.01 -0.01 -0.05 0.07 -0.04
16 21.0 81.0 68.0 24.0 -0.03 -0.01 -0.01 -0.03 0.05 -0.01
17 20.0 83.0 66.0 23.0 -0.04 0.01 -0.01 0.0 0.01 0.01
18 20.0 88.0 66.0 26.0 -0.05 0.07 -0.0 0.11 0.02 0.13
19 20.0 90.0 63.0 26.0 -0.05 0.12 0.01 0.04 0.0 0.16
20 28.0 99.0 62.0 26.0 -0.06 0.23 0.02 0.03 0.0 0.29
21 25.0 105.0 63.0 55.0 -0.08 0.42 0.03 0.08 0.04 0.47
22 23.0 121.0 67.0 114.0 -0.07 0.55 0.05 0.32 0.18 0.61
23 23.0 120.0 64.0 124.0 0.01 0.86 0.06 0.47 0.17 0.54
24 25.0 118.0 68.0 135.0 0.13 1.22 0.06 0.52 0.0 0.88
25 26.0 110.0 66.0 117.0 0.21 1.45 0.08 0.04 -0.04 0.81
26 24.0 128.0 64.0 98.0 0.43 2.02 0.11 -0.5 -0.21 0.82
27 22.0 140.0 60.0 93.0 0.6 2.38 0.22 -2.62 -0.34 0.0
28 34.0 132.0 58.0 86.0 0.64 2.34 0.3 -2.98 -0.22 -0.26
29 31.0 128.0 64.0 74.0 0.71 1.97 0.6 -3.75 -0.36 -0.27
30 36.0 137.0 65.0 64.0 0.66 2.74 1.04 -3.97 1.17 -0.34
31 33.0 139.0 65.0 55.0 0.74 3.05 1.11 -2.96 0.99 0.98
32 32.0 148.0 68.0 48.0 0.78 3.44 1.32 -2.93 0.75 1.05
33 34.0 140.0 68.0 43.0 0.66 3.6 1.49 -2.77 0.71 0.86
34 39.0 139.0 79.0 39.0 0.61 3.49 1.59 -2.62 0.52 0.28
35 39.0 136.0 95.0 38.0 0.56 3.34 1.78 -1.64 0.21 0.39
36 53.0 133.0 118.0 39.0 0.46 3.67 1.96 -0.22 0.15 0.19
37 52.0 131.0 112.0 37.0 0.38 3.91 2.03 -0.17 0.0 0.3
38 57.0 132.0 122.0 41.0 0.15 4.26 2.13 -0.26 -0.3 0.42
39 50.0 168.0 128.0 42.0 -0.15 4.04 2.2 -0.06 -0.55 -0.15
40 51.0 165.0 127.0 42.0 -0.27 3.82 2.23 0.31 -0.66 -0.23
41 52.0 148.0 132.0 46.0 -0.45 3.41 2.24 1.17 -0.65 -1.66
42 49.0 139.0 130.0 42.0 -0.71 2.99 2.19 0.04 -1.02 -1.29
43 49.0 132.0 135.0 39.0 -0.84 2.75 2.11 -0.16 -1.17 -0.67
44 58.0 139.0 136.0 36.0 -1.02 2.08 1.93 0.36 -1.17 0.5
45 58.0 151.0 131.0 37.0 -1.11 1.5 1.77 1.73 -1.28 0.27
46 61.0 146.0 151.0 35.0 -1.12 1.42 1.68 2.07 -0.7 0.0
47 69.0 153.0 156.0 33.0 -1.18 1.41 1.51 1.59 -1.04 -0.08
48 68.0 154.0 150.0 45.0 -1.17 1.09 1.29 0.61 -1.0 0.52
49 67.0 162.0 167.0 40.0 -1.12 0.81 1.19 0.62 -0.98 0.64
50 71.0 157.0 162.0 37.0 -0.97 0.45 1.06 1.42 -0.87 0.76
51 67.0 166.0 168.0 34.0 -0.87 0.35 0.97 1.33 -0.91 1.02
52 66.0 153.0 179.0 34.0 -0.83 0.33 0.91 1.16 -0.81 1.03
53 63.0 162.0 187.0 36.0 -0.74 0.2 0.78 1.02 -0.74 0.88
54 61.0 157.0 203.0 36.0 -0.63 -0.08 0.67 1.0 -0.65 0.8
55 55.0 167.0 207.0 34.0 -0.57 -0.22 0.61 1.44 -0.64 0.79
56 58.0 167.0 208.0 31.0 -0.45 -0.35 0.47 1.94 -0.65 0.97
57 53.0 156.0 223.0 40.0 -0.35 -0.22 0.33 1.81 -0.7 0.84
58 53.0 149.0 231.0 36.0 -0.3 -0.14 0.27 1.71 -0.65 0.65
59 52.0 151.0 232.0 34.0 -0.22 -0.09 0.16 0.98 -0.68 0.36
60 53.0 147.0 236.0 32.0 -0.16 -0.19 0.06 0.88 -0.63 0.2
61 48.0 143.0 246.0 30.0 -0.13 -0.21 0.03 1.04 -0.56 0.17
62 49.0 158.0 242.0 28.0 -0.11 -0.13 -0.02 0.98 -0.37 0.08
63 45.0 152.0 242.0 27.0 -0.09 0.01 -0.05 0.81 -0.41 0.0
64 44.0 150.0 242.0 27.0 -0.08 0.05 -0.06 0.49 -0.48 0.0
65 44.0 146.0 244.0 26.0 -0.06 0.04 -0.07 0.42 -0.42 0.03
66 40.0 158.0 242.0 26.0 -0.03 0.03 -0.08 0.41 -0.33 0.05
67 37.0 153.0 237.0 25.0 -0.03 0.04 -0.09 0.37 -0.36 0.0
68 35.0 146.0 241.0 25.0 -0.01 0.05 -0.09 0.27 -0.35 0.13
69 33.0 136.0 231.0 27.0 0.0 0.04 -0.09 0.03 -0.26 0.1
70 34.0 143.0 228.0 26.0 0.01 0.02 -0.09 -0.05 -0.26 0.09
71 30.0 131.0 227.0 27.0 0.02 -0.03 -0.07 -0.05 -0.24 0.0
72 30.0 126.0 220.0 28.0 0.03 -0.04 -0.05 0.07 -0.21 -0.07
73 30.0 143.0 216.0 29.0 0.04 -0.03 -0.04 0.09 -0.13 0.0
74 27.0 141.0 209.0 28.0 0.05 0.0 -0.03 -0.03 -0.06 0.0
75 29.0 131.0 205.0 28.0 0.05 -0.0 -0.02 -0.05 0.0 -0.23
76 28.0 137.0 218.0 29.0 0.04 -0.0 -0.02 -0.12 0.01 -0.13
77 28.0 136.0 210.0 28.0 0.02 -0.04 -0.01 -0.17 -0.02 -0.09
78 26.0 131.0 206.0 28.0 -0.0 -0.09 0.01 -0.25 0.01 -0.03
79 28.0 132.0 194.0 27.0 -0.02 -0.14 0.01 -0.2 -0.04 -0.05
80 45.0 125.0 185.0 27.0 -0.03 -0.24 0.02 -0.21 -0.09 -0.11
81 83.0 124.0 181.0 28.0 -0.02 -0.32 0.03 0.28 -0.12 0.0
82 69.0 121.0 178.0 29.0 -0.02 -0.3 0.03 0.35 -0.13 0.08
83 57.0 121.0 171.0 30.0 -0.0 -0.2 0.03 0.63 -0.2 0.21
84 50.0 113.0 164.0 27.0 0.02 -0.13 0.01 0.62 -0.18 0.19
85 47.0 116.0 163.0 31.0 0.03 -0.12 -0.01 0.52 -0.19 0.16
86 45.0 127.0 158.0 32.0 0.05 -0.15 -0.05 0.5 -0.25 0.05
87 40.0 127.0 151.0 31.0 0.07 -0.13 -0.06 0.47 -0.22 -0.12
88 41.0 120.0 147.0 32.0 0.07 -0.09 -0.07 0.35 -0.2 -0.18
89 36.0 120.0 146.0 31.0 0.06 -0.03 -0.05 0.14 -0.16 -0.26
90 43.0 116.0 148.0 31.0 0.04 0.0 -0.03 0.12 -0.15 -0.25
91 42.0 112.0 137.0 30.0 0.03 0.01 -0.01 0.11 -0.11 -0.26
92 39.0 115.0 132.0 30.0 0.01 -0.01 0.0 0.07 -0.07 -0.16
93 35.0 121.0 128.0 30.0 -0.01 -0.03 0.01 0.26 -0.09 -0.1
94 31.0 113.0 126.0 29.0 -0.01 -0.03 0.02 0.44 -0.13 -0.13
95 34.0 108.0 121.0 28.0 0.0 0.01 0.02 0.48 -0.07 -0.09
96 39.0 106.0 118.0 28.0 0.01 0.05 0.02 0.24 -0.13 -0.06
97 37.0 121.0 127.0 27.0 0.02 0.05 0.02 0.16 -0.14 0.0
98 32.0 112.0 125.0 27.0 0.02 0.02 0.02 0.18 -0.13 0.0
99 39.0 114.0 116.0 26.0 0.02 0.01 0.01 0.33 -0.08 -0.03
100 35.0 120.0 113.0 26.0 0.01 0.01 0.0 0.35 -0.07 -0.05
101 31.0 113.0 111.0 25.0 0.0 0.02 -0.01 0.3 -0.16 -0.06
102 39.0 107.0 110.0 23.0 -0.0 0.02 -0.03 0.24 -0.19 -0.07
103 36.0 112.0 107.0 25.0 -0.0 0.01 -0.03 0.29 -0.12 0.04
104 42.0 115.0 104.0 24.0 -0.0 0.01 -0.04 0.35 -0.1 0.0
105 42.0 113.0 107.0 25.0 -0.0 0.03 -0.05 0.16 -0.08 0.0
106 39.0 110.0 105.0 25.0 0.0 0.01 -0.05 0.17 -0.07 0.09
107 36.0 137.0 104.0 25.0 0.01 -0.05 -0.05 0.18 -0.14 0.14
108 34.0 134.0 103.0 25.0 0.02 -0.06 -0.04 0.34 -0.18 0.0
109 31.0 125.0 102.0 25.0 0.03 -0.02 -0.03 0.27 -0.16 -0.04
110 41.0 122.0 100.0 25.0 0.03 0.05 -0.02 0.04 -0.1 0.0
111 38.0 116.0 96.0 24.0 0.04 0.03 -0.01 0.0 -0.16 0.11
112 36.0 112.0 90.0 24.0 0.04 0.0 -0.02 0.08 -0.21 0.16
113 33.0 108.0 87.0 24.0 0.03 -0.06 -0.03 0.33 -0.44 0.3
114 33.0 105.0 87.0 23.0 0.05 -0.17 -0.08 0.49 -0.59 0.4
115 31.0 101.0 82.0 24.0 0.06 -0.24 -0.11 0.62 -0.79 0.56
116 36.0 98.0 77.0 24.0 0.1 -0.41 -0.2 0.8 -0.97 0.8
117 39.0 95.0 73.0 23.0 0.16 -0.65 -0.33 0.83 -1.25 1.17
118 36.0 92.0 71.0 23.0 0.2 -0.84 -0.42 0.82 -1.3 1.25
119 31.0 90.0 67.0 23.0 0.28 -1.49 -0.63 1.04 -1.44 1.49
120 30.0 87.0 65.0 23.0 0.43 -2.41 -0.9 1.7 -1.24 1.11
121 27.0 87.0 62.0 23.0 0.5 -2.86 -1.06 2.24 -1.19 0.78
122 26.0 92.0 59.0 24.0 0.59 -3.56 -1.41 3.38 -0.92 -0.22
123 24.0 120.0 62.0 26.0 0.54 -3.98 -1.78 3.81 -0.59 -0.87
124 23.0 133.0 63.0 25.0 0.46 -4.13 -1.94 3.46 -0.42 -1.17
125 39.0 120.0 67.0 25.0 0.2 -4.41 -2.23 3.07 -0.02 -1.53
126 37.0 160.0 70.0 24.0 -0.19 -4.5 -2.5 2.51 -0.03 -1.21
127 32.0 182.0 73.0 24.0 -0.41 -4.47 -2.59 2.13 0.0 -1.03
128 31.0 177.0 79.0 24.0 -0.82 -4.23 -2.73 1.49 -0.18 -1.0
129 30.0 161.0 81.0 27.0 -1.17 -3.85 -2.81 0.01 -0.54 -0.83
130 32.0 154.0 88.0 27.0 -1.33 -3.72 -2.81 -0.58 -0.53 -0.85
131 35.0 146.0 95.0 27.0 -1.63 -3.56 -2.75 -1.47 -0.59 -0.59
132 31.0 142.0 101.0 26.0 -1.78 -3.61 -2.58 -1.84 -0.61 -0.53
133 27.0 143.0 107.0 26.0 -1.83 -3.63 -2.48 -1.37 -0.58 -0.25
134 28.0 141.0 115.0 25.0 -1.88 -3.43 -2.22 -1.22 -0.84 -0.17
135 27.0 141.0 122.0 26.0 -1.69 -2.7 -1.84 0.18 -0.59 0.88
136 26.0 139.0 128.0 39.0 -1.62 -2.15 -1.76 0.03 -0.61 1.19
137 29.0 141.0 135.0 36.0 -1.42 -1.27 -1.46 -0.33 -0.73 1.46
138 30.0 141.0 138.0 35.0 -1.2 -1.05 -1.26 0.09 -1.23 1.1
139 27.0 143.0 144.0 32.0 -1.04 -0.81 -1.16 0.02 -0.96 1.1
140 25.0 145.0 150.0 30.0 -0.8 -0.13 -1.05 -1.33 -2.28 0.2
141 26.0 147.0 156.0 29.0 -0.2 0.3 -0.58 -12.29 0.14 8.98
142 29.0 146.0 161.0 27.0 0.17 -0.48 -0.27 -28.08 -4.03 14.19
143 57.0 156.0 161.0 26.0 0.2 -1.99 0.14 4.5 0.2 1.63
144 59.0 146.0 167.0 26.0 0.56 1.18 0.03 -0.57 0.87 0.61
145 54.0 142.0 169.0 25.0 0.58 1.32 -0.06 -1.56 0.15 0.46
146 45.0 138.0 171.0 25.0 0.43 0.22 -0.08 0.06 0.39 -0.34
147 45.0 141.0 171.0 25.0 0.13 -0.2 -0.13 -0.57 -0.09 -0.36
148 39.0 135.0 171.0 24.0 0.07 -0.27 -0.12 -0.64 -0.26 -0.31
149 39.0 130.0 175.0 24.0 0.07 -0.35 -0.03 0.18 -0.05 -0.32
150 35.0 128.0 176.0 24.0 0.12 -0.08 -0.0 -0.35 -0.04 0.09
151 31.0 126.0 177.0 24.0 0.13 0.06 -0.0 -0.23 0.22 0.14
152 39.0 124.0 176.0 24.0 0.05 0.18 -0.0 0.13 0.2 0.11
153 34.0 125.0 174.0 24.0 0.04 0.26 0.03 0.14 0.26 0.09
154 63.0 122.0 175.0 24.0 0.03 0.29 0.02 0.08 0.22 0.04
155 55.0 118.0 171.0 23.0 0.08 0.36 0.02 0.08 0.16 -0.01
156 47.0 113.0 171.0 24.0 0.13 0.53 -0.01 -0.18 0.14 -0.07
157 41.0 112.0 167.0 24.0 0.15 0.61 -0.01 -0.18 0.16 -0.05
158 38.0 108.0 167.0 24.0 0.14 0.68 -0.03 -0.16 0.23 -0.17
159 40.0 107.0 166.0 24.0 0.15 0.65 -0.03 -0.39 0.11 -0.31
160 35.0 104.0 164.0 24.0 0.14 0.61 -0.04 -0.34 0.15 -0.35
161 31.0 100.0 161.0 25.0 0.14 0.52 -0.05 -0.43 0.07 -0.33
162 28.0 97.0 160.0 26.0 0.11 0.39 -0.04 -0.37 0.08 -0.32
163 34.0 94.0 157.0 26.0 0.09 0.33 -0.03 -0.36 0.09 -0.3
164 30.0 93.0 157.0 26.0 0.05 0.22 -0.02 -0.35 0.08 -0.22
165 36.0 91.0 153.0 26.0 -0.0 0.16 -0.0 -0.16 0.05 -0.11
166 33.0 89.0 151.0 25.0 -0.02 0.14 0.0 -0.16 0.01 -0.11
167 29.0 86.0 148.0 25.0 -0.03 0.14 0.01 -0.13 0.08 -0.05
168 27.0 84.0 146.0 25.0 -0.04 0.17 -0.0 -0.07 0.11 -0.06
169 50.0 83.0 143.0 25.0 -0.03 0.19 -0.01 -0.13 0.12 -0.06
170 60.0 80.0 144.0 26.0 -0.03 0.21 -0.02 -0.08 0.06 -0.18
171 51.0 78.0 137.0 26.0 -0.01 0.24 -0.03 -0.04 0.04 -0.09
172 47.0 79.0 136.0 29.0 0.01 0.26 -0.02 -0.07 0.02 -0.07
