1 20.0 76.0 46.0 25.0 -0.0 -0.0 -0.0 -0.1 -0.01 -0.06
2 28.0 77.0 46.0 25.0 -0.01 -0.0 -0.0 -0.11 -0.02 -0.06
3 19.0 78.0 46.0 25.0 -0.01 -0.01 -0.01 -0.08 0.0 -0.07
4 20.0 77.0 46.0 25.0 -0.01 -0.01 -0.0 -0.07 -0.01 -0.04
5 20.0 78.0 46.0 23.0 -0.01 -0.01 0.0 -0.05 0.01 -0.04
6 20.0 77.0 45.0 25.0 -0.02 -0.0 -0.0 -0.09 0.02 -0.06
7 19.0 75.0 45.0 25.0 -0.01 -0.01 0.0 -0.06 0.03 -0.06
8 19.0 75.0 45.0 24.0 -0.01 -0.01 0.0 -0.05 0.0 -0.05
9 19.0 74.0 42.0 24.0 -0.01 -0.01 0.0 -0.07 0.0 -0.04
10 19.0 73.0 44.0 24.0 -0.01 -0.01 0.0 -0.07 0.0 -0.06
11 19.0 73.0 43.0 24.0 -0.0 0.01 0.0 -0.06 0.0 -0.05
12 19.0 72.0 45.0 24.0 -0.0 0.01 0.0 -0.1 0.0 -0.06
13 19.0 70.0 45.0 24.0 -0.0 0.01 0.0 -0.09 0.05 -0.06
14 19.0 70.0 47.0 25.0 -0.01 0.0 0.0 -0.11 0.04 -0.07
15 19.0 80.0 48.0 31.0 -0.02 -0.01 0.01 -0.04 0.04 -0.08
16 18.0 105.0 48.0 30.0 -0.03 -0.02 0.01 -0.06 0.02 -0.07
17 20.0 119.0 49.0 39.0 -0.03 -0.02 0.01 -0.02 0.02 0.0
18 20.0 176.0 50.0 37.0 -0.02 -0.02 0.01 -0.12 0.03 -0.04
19 32.0 231.0 50.0 52.0 0.0 -0.02 0.01 -0.05 0.0 0.18
20 52.0 230.0 50.0 47.0 0.08 -0.1 0.02 0.0 -0.01 0.28
21 48.0 255.0 49.0 52.0 0.2 -0.1 0.05 -0.33 0.07 0.03
22 54.0 239.0 52.0 75.0 0.18 -0.13 0.07 -0.52 -0.2 -0.17
23 65.0 243.0 52.0 77.0 0.3 -0.05 0.1 -0.58 -0.2 -0.04
24 70.0 295.0 55.0 65.0 0.37 -0.04 0.15 -0.81 -0.2 0.28
25 64.0 280.0 53.0 56.0 0.4 -0.05 0.18 -0.47 -1.06 0.43
26 65.0 278.0 54.0 50.0 0.48 0.14 -0.11 0.68 -1.93 0.56
27 67.0 302.0 53.0 44.0 0.56 -0.17 0.16 -1.24 -0.16 1.83
28 60.0 310.0 52.0 44.0 0.57 -0.55 0.32 -7.87 -9.58 5.09
29 66.0 387.0 52.0 39.0 1.1 -2.23 -0.57 -0.84 5.95 4.07
30 74.0 452.0 53.0 45.0 1.0 -3.16 0.56 -1.87 -0.68 3.76
31 90.0 461.0 54.0 50.0 1.26 -3.48 0.69 -0.87 0.52 3.28
32 81.0 455.0 54.0 45.0 1.55 -3.63 0.77 -0.76 0.82 3.09
33 72.0 435.0 53.0 40.0 1.8 -3.69 0.77 -0.38 0.7 2.83
34 63.0 431.0 56.0 37.0 1.89 -3.61 0.75 -0.32 0.38 2.6
35 58.0 426.0 59.0 34.0 2.15 -3.56 0.7 -0.42 0.22 2.42
36 63.0 412.0 62.0 33.0 2.43 -3.51 0.63 -0.23 0.13 1.77
37 57.0 406.0 64.0 31.0 2.48 -3.39 0.61 -0.4 -0.12 0.75
38 50.0 415.0 72.0 30.0 2.64 -3.28 0.52 -0.22 -0.32 -0.04
39 45.0 381.0 72.0 34.0 2.84 -3.16 0.4 -0.22 -0.45 -0.28
40 47.0 441.0 71.0 35.0 2.83 -3.05 0.38 -0.9 -0.9 -0.75
41 47.0 473.0 69.0 33.0 2.72 -2.75 0.43 -1.06 -1.15 -0.89
42 47.0 474.0 69.0 33.0 2.72 -2.45 0.44 -1.06 -1.26 -1.37
43 51.0 457.0 73.0 31.0 2.71 -2.28 0.42 -1.55 -1.37 -1.72
44 56.0 449.0 77.0 35.0 2.61 -2.01 0.44 -1.48 -1.57 -1.74
45 58.0 438.0 78.0 32.0 2.61 -1.73 0.5 -1.4 -1.43 -2.1
46 66.0 425.0 80.0 32.0 2.6 -1.54 0.57 -0.97 -1.48 -2.33
47 75.0 424.0 76.0 38.0 2.43 -1.14 0.66 -1.16 -1.61 -2.56
48 85.0 406.0 76.0 38.0 2.29 -1.06 0.69 -1.25 -1.55 -2.45
49 93.0 429.0 79.0 40.0 2.19 -1.11 0.73 -0.8 -1.4 -2.46
50 110.0 435.0 76.0 57.0 2.01 -1.09 0.77 -0.9 -1.27 -2.33
51 106.0 445.0 78.0 70.0 1.83 -0.87 0.76 -0.7 -1.12 -2.26
52 104.0 505.0 83.0 97.0 1.73 -0.69 0.77 -0.24 -1.13 -2.18
53 100.0 488.0 79.0 134.0 1.55 -0.35 0.76 -0.06 -1.12 -2.11
54 101.0 438.0 79.0 183.0 1.39 -0.16 0.71 0.21 -1.2 -1.91
55 100.0 424.0 81.0 295.0 1.32 -0.12 0.65 0.21 -1.04 -1.94
56 107.0 434.0 84.0 384.0 1.17 -0.14 0.51 0.24 -0.96 -1.87
57 96.0 385.0 79.0 535.0 0.97 -0.13 0.35 0.1 -0.88 -1.67
58 83.0 425.0 77.0 724.0 0.89 -0.09 0.27 0.23 -0.7 -1.53
59 84.0 411.0 75.0 918.0 0.71 0.01 0.14 0.29 -0.59 -1.49
60 73.0 396.0 83.0 967.0 0.58 0.16 0.02 -0.04 -0.55 -1.26
61 69.0 369.0 81.0 967.0 0.48 0.17 -0.02 0.02 -0.49 -0.99
62 66.0 401.0 87.0 967.0 0.32 0.14 -0.09 0.01 -0.45 -0.92
63 70.0 419.0 91.0 967.0 0.23 0.21 -0.16 -0.49 -0.15 -0.81
64 73.0 380.0 93.0 967.0 0.17 0.28 -0.18 -0.56 -0.11 -0.7
65 64.0 366.0 97.0 967.0 0.04 0.43 -0.18 -0.53 0.13 -0.19
66 57.0 386.0 99.0 967.0 -0.05 0.47 -0.16 -0.45 0.14 0.18
67 55.0 381.0 100.0 967.0 -0.06 0.42 -0.15 -0.31 0.11 0.14
68 61.0 383.0 105.0 967.0 -0.08 0.33 -0.13 -0.2 0.22 0.16
69 61.0 388.0 116.0 967.0 -0.1 0.27 -0.14 -0.28 0.32 0.32
70 60.0 401.0 119.0 967.0 -0.13 0.23 -0.14 -0.24 0.3 0.39
71 67.0 379.0 123.0 967.0 -0.13 0.17 -0.17 -0.44 0.42 0.52
72 65.0 407.0 125.0 967.0 -0.14 0.18 -0.16 -0.37 0.5 0.51
73 68.0 398.0 127.0 967.0 -0.15 0.2 -0.15 -0.27 0.51 0.57
74 68.0 394.0 125.0 967.0 -0.12 0.26 -0.13 -0.18 0.51 0.4
75 69.0 395.0 131.0 967.0 -0.09 0.29 -0.12 -0.33 0.5 0.28
76 69.0 375.0 133.0 967.0 -0.09 0.27 -0.12 -0.36 0.6 0.28
77 61.0 362.0 131.0 967.0 -0.1 0.22 -0.13 -0.47 0.59 0.5
78 58.0 361.0 133.0 967.0 -0.09 0.18 -0.11 -0.52 0.57 0.27
79 65.0 414.0 131.0 967.0 -0.08 0.17 -0.1 -0.58 0.52 0.12
80 68.0 388.0 132.0 967.0 -0.08 0.2 -0.08 -0.63 0.36 -0.07
81 65.0 355.0 132.0 967.0 -0.07 0.21 -0.06 -0.49 0.3 -0.02
82 59.0 348.0 132.0 967.0 -0.09 0.15 -0.03 -0.41 0.16 0.18
83 57.0 369.0 130.0 967.0 -0.1 0.06 -0.01 -0.32 0.15 0.21
84 58.0 342.0 129.0 967.0 -0.09 0.02 -0.0 -0.25 0.16 0.06
85 48.0 327.0 125.0 967.0 -0.08 0.02 -0.0 -0.2 0.21 0.02
86 56.0 340.0 125.0 967.0 -0.06 0.06 -0.01 -0.21 0.28 -0.05
87 62.0 332.0 122.0 967.0 -0.04 0.1 -0.03 -0.4 0.28 0.04
88 58.0 356.0 122.0 967.0 -0.03 0.1 -0.03 -0.42 0.24 0.09
89 62.0 354.0 116.0 967.0 -0.01 0.07 -0.03 -0.4 0.14 -0.05
90 62.0 363.0 113.0 967.0 0.01 0.06 -0.03 -0.41 0.04 -0.03
91 60.0 371.0 114.0 967.0 0.02 0.02 -0.03 -0.36 -0.02 0.13
92 56.0 356.0 110.0 967.0 0.03 0.0 -0.03 -0.42 -0.02 0.15
93 56.0 341.0 106.0 966.0 0.03 0.05 -0.02 -0.37 0.02 -0.03
94 64.0 350.0 104.0 919.0 0.03 0.1 -0.02 -0.38 0.02 -0.1
95 55.0 364.0 102.0 895.0 0.03 0.16 -0.01 -0.3 0.02 -0.13
96 70.0 373.0 101.0 861.0 0.01 0.17 0.0 -0.18 0.08 -0.16
97 65.0 364.0 101.0 817.0 -0.02 0.14 0.01 -0.13 0.03 -0.24
98 65.0 363.0 95.0 782.0 -0.04 0.08 0.01 0.0 0.0 -0.36
99 57.0 343.0 92.0 737.0 -0.07 0.05 0.01 0.01 0.0 -0.3
100 51.0 310.0 88.0 706.0 -0.09 0.04 0.01 0.01 -0.01 -0.26
101 51.0 342.0 84.0 677.0 -0.12 0.05 -0.01 -0.06 0.08 -0.07
102 50.0 327.0 85.0 633.0 -0.14 0.09 -0.03 -0.09 0.07 -0.02
103 48.0 314.0 82.0 595.0 -0.14 0.1 -0.03 -0.12 0.15 0.01
104 43.0 327.0 76.0 554.0 -0.13 0.1 -0.02 -0.15 0.17 0.14
105 41.0 312.0 76.0 524.0 -0.12 0.09 -0.02 -0.15 0.19 0.13
106 40.0 300.0 76.0 481.0 -0.09 0.05 -0.01 -0.12 0.22 0.05
107 43.0 300.0 76.0 453.0 -0.06 0.02 0.01 -0.16 0.17 -0.03
108 46.0 335.0 73.0 420.0 -0.04 0.01 0.02 -0.18 0.08 -0.11
109 54.0 309.0 69.0 378.0 -0.03 0.02 0.03 -0.2 0.07 -0.15
110 58.0 311.0 65.0 352.0 -0.05 0.06 0.05 -0.32 -0.01 -0.19
111 62.0 307.0 61.0 323.0 -0.06 0.08 0.06 -0.24 -0.01 -0.15
112 48.0 302.0 61.0 292.0 -0.07 0.07 0.08 -0.08 -0.09 -0.12
113 49.0 272.0 67.0 262.0 -0.07 0.02 0.08 0.02 -0.07 -0.11
114 48.0 335.0 64.0 231.0 -0.05 -0.01 0.07 0.02 -0.04 -0.11
115 53.0 347.0 64.0 202.0 -0.05 -0.01 0.07 0.04 -0.04 -0.09
116 54.0 331.0 62.0 183.0 -0.04 0.02 0.04 0.0 0.03 -0.06
117 48.0 340.0 59.0 163.0 -0.03 0.04 0.02 -0.03 0.07 0.02
118 43.0 333.0 61.0 134.0 -0.01 0.11 0.0 0.0 0.1 -0.02
119 42.0 318.0 60.0 117.0 0.01 0.16 -0.02 0.05 0.1 -0.05
120 53.0 318.0 59.0 107.0 0.02 0.16 -0.02 0.04 0.09 -0.06
121 54.0 307.0 57.0 95.0 0.02 0.11 -0.04 0.08 0.09 -0.15
122 55.0 320.0 56.0 80.0 0.02 0.04 -0.04 0.11 0.08 -0.42
123 54.0 290.0 61.0 69.0 0.03 0.03 -0.03 0.05 0.11 -0.41
124 54.0 304.0 65.0 58.0 0.03 0.11 -0.0 0.03 0.15 -0.24
125 58.0 298.0 63.0 53.0 -0.01 0.14 0.03 0.01 0.14 0.19
126 55.0 308.0 62.0 47.0 -0.04 0.07 0.05 -0.09 0.22 0.32
127 58.0 342.0 59.0 43.0 -0.04 0.01 0.07 -0.01 0.22 0.23
128 56.0 322.0 62.0 40.0 -0.02 -0.08 0.08 -0.01 0.22 0.11
129 51.0 325.0 65.0 36.0 0.0 -0.08 0.07 -0.05 0.24 0.12
130 49.0 283.0 61.0 34.0 0.02 -0.06 0.06 -0.06 0.2 0.11
131 49.0 258.0 59.0 32.0 0.06 -0.0 0.04 0.08 0.07 0.14
132 48.0 247.0 58.0 31.0 0.1 0.07 -0.01 0.07 -0.09 0.03
133 59.0 229.0 54.0 29.0 0.12 0.15 -0.07 0.03 -0.19 -0.22
134 55.0 199.0 53.0 29.0 0.11 0.29 -0.14 -0.01 -0.33 -0.4
135 67.0 174.0 51.0 28.0 0.1 0.4 -0.18 -0.07 -0.41 -0.92
136 63.0 150.0 49.0 27.0 0.06 0.77 -0.26 -0.03 -0.47 -1.14
137 54.0 136.0 49.0 26.0 -0.02 1.32 -0.35 0.1 -0.53 -1.78
138 51.0 124.0 50.0 26.0 -0.08 1.63 -0.41 0.21 -0.66 -2.22
139 44.0 134.0 51.0 32.0 -0.27 2.22 -0.55 0.28 -0.76 -2.37
140 44.0 138.0 50.0 30.0 -0.59 2.54 -0.71 -0.21 -1.01 -1.76
141 49.0 124.0 52.0 29.0 -0.73 2.63 -0.79 -0.11 -0.75 -1.34
142 43.0 114.0 54.0 31.0 -1.04 2.84 -0.94 -0.09 -0.65 -1.42
143 49.0 107.0 56.0 33.0 -1.33 3.22 -1.07 0.03 -0.62 -1.94
144 46.0 104.0 59.0 33.0 -1.48 3.43 -1.13 0.01 -0.66 -1.8
145 45.0 105.0 58.0 33.0 -1.84 3.54 -1.25 0.15 -0.72 -1.49
146 44.0 109.0 59.0 31.0 -2.13 3.43 -1.35 0.27 -0.63 -0.73
147 42.0 112.0 59.0 30.0 -2.25 3.41 -1.42 0.0 -0.6 -0.52
148 38.0 119.0 61.0 31.0 -2.49 3.47 -1.56 0.19 -0.46 -0.79
149 36.0 130.0 64.0 54.0 -2.7 3.73 -1.71 0.33 -0.38 -1.61
150 36.0 131.0 64.0 58.0 -2.74 3.88 -1.78 0.75 -0.13 -2.04
151 36.0 139.0 67.0 86.0 -2.87 4.05 -1.84 0.31 -0.79 -2.17
152 34.0 148.0 68.0 103.0 -2.76 3.84 -1.89 0.17 -1.05 -2.49
153 38.0 156.0 68.0 139.0 -2.66 3.63 -1.89 -0.59 -1.38 -2.35
154 36.0 165.0 70.0 191.0 -2.5 3.11 -1.8 -0.46 -1.38 -1.87
155 43.0 169.0 75.0 255.0 -2.44 2.5 -1.7 -0.91 -1.15 -0.52
156 47.0 177.0 74.0 294.0 -2.38 2.13 -1.69 -1.33 -1.11 0.64
157 42.0 182.0 74.0 341.0 -2.24 1.5 -1.65 -1.13 -1.16 0.81
158 39.0 187.0 74.0 376.0 -1.97 1.25 -1.58 -1.06 -1.1 -0.03
159 39.0 184.0 75.0 420.0 -1.86 1.23 -1.55 -0.72 -0.97 -0.28
160 39.0 186.0 76.0 467.0 -1.63 1.26 -1.44 -0.59 -0.9 0.03
161 36.0 193.0 75.0 504.0 -1.42 0.99 -1.39 -0.86 -0.81 1.26
162 35.0 189.0 79.0 554.0 -1.34 0.77 -1.37 -0.76 -0.67 1.25
163 33.0 192.0 77.0 606.0 -1.31 0.38 -1.25 1.1 -0.3 1.18
164 36.0 193.0 78.0 640.0 -1.19 0.03 -1.16 1.37 -0.16 1.53
165 33.0 187.0 77.0 676.0 -1.1 -0.09 -0.9 2.76 -0.41 1.87
166 30.0 183.0 79.0 718.0 -0.84 0.01 -1.12 2.33 -1.17 1.62
167 28.0 184.0 77.0 742.0 -0.87 0.06 -1.09 -26.22 -1.3 28.62
168 27.0 178.0 77.0 769.0 -0.48 -0.7 -0.65 -0.3 -1.95 -4.64
169 24.0 176.0 79.0 792.0 0.13 -0.88 -0.04 2.99 -1.91 -5.23
170 24.0 175.0 81.0 803.0 1.08 1.48 -0.22 2.52 -0.25 0.71
171 25.0 173.0 82.0 825.0 1.11 1.39 -0.34 -0.47 0.43 -0.46
172 21.0 170.0 81.0 843.0 1.0 0.57 -0.37 -0.48 0.63 -0.23
173 21.0 169.0 80.0 857.0 0.67 0.12 -0.35 -0.76 0.62 0.69
174 20.0 169.0 76.0 869.0 0.45 0.14 -0.35 -0.63 0.58 0.8
175 20.0 168.0 73.0 876.0 0.22 0.06 -0.33 -0.36 0.22 -0.1
176 20.0 166.0 72.0 875.0 0.18 -0.3 -0.3 -0.47 0.05 -0.53
177 19.0 169.0 72.0 879.0 0.14 -0.53 -0.32 -0.52 -0.15 -0.5
178 18.0 165.0 71.0 881.0 0.12 -0.75 -0.36 -0.43 -0.19 -0.55
179 17.0 164.0 71.0 880.0 0.14 -0.72 -0.35 -0.38 -0.06 -0.1
180 18.0 164.0 68.0 879.0 0.12 -0.74 -0.31 -0.14 -0.06 0.0
181 21.0 161.0 70.0 875.0 0.04 -0.82 -0.23 0.36 -0.01 0.28
182 21.0 163.0 70.0 872.0 -0.03 -0.87 -0.15 0.52 -0.04 0.39
183 20.0 163.0 67.0 871.0 -0.03 -0.85 -0.12 0.61 -0.11 0.32
184 19.0 166.0 66.0 861.0 0.01 -0.65 -0.1 0.62 -0.11 0.31
185 19.0 163.0 64.0 855.0 0.1 -0.35 -0.09 0.71 0.04 0.49
186 18.0 160.0 61.0 845.0 0.14 -0.19 -0.08 0.74 0.06 0.46
187 18.0 158.0 63.0 835.0 0.2 0.07 -0.05 0.44 0.0 0.22
188 18.0 156.0 61.0 828.0 0.23 0.22 -0.04 0.03 0.14 0.07
189 19.0 154.0 64.0 817.0 0.24 0.25 -0.04 -0.15 0.13 -0.08
190 18.0 152.0 60.0 799.0 0.25 0.23 -0.04 -0.23 0.07 -0.1
191 18.0 151.0 58.0 787.0 0.24 0.14 -0.06 -0.22 0.07 -0.13
192 20.0 148.0 56.0 770.0 0.24 0.1 -0.06 -0.35 0.07 -0.14
193 20.0 146.0 57.0 755.0 0.22 0.02 -0.08 -0.21 0.04 -0.09
194 20.0 146.0 54.0 741.0 0.18 -0.07 -0.07 -0.17 0.02 -0.07
195 19.0 143.0 55.0 729.0 0.16 -0.1 -0.07 -0.06 0.0 -0.02
196 19.0 143.0 56.0 711.0 0.14 -0.15 -0.07 -0.05 -0.05 -0.08
197 19.0 141.0 57.0 703.0 0.13 -0.18 -0.06 -0.02 0.0 0.0
198 19.0 142.0 56.0 690.0 0.14 -0.18 -0.06 0.0 -0.01 0.03
199 20.0 141.0 56.0 678.0 0.13 -0.18 -0.06 0.02 0.0 0.04
200 20.0 140.0 56.0 667.0 0.12 -0.18 -0.06 0.02 0.05 0.04
201 19.0 140.0 55.0 654.0 0.11 -0.19 -0.06 0.06 0.02 0.04
202 19.0 139.0 55.0 642.0 0.09 -0.17 -0.06 0.05 0.04 0.03
203 19.0 138.0 56.0 633.0 0.08 -0.17 -0.07 0.08 0.02 0.03
204 18.0 139.0 56.0 621.0 0.09 -0.16 -0.06 0.09 0.03 0.06
205 17.0 136.0 56.0 606.0 0.08 -0.14 -0.06 0.06 0.01 0.05
206 18.0 136.0 55.0 595.0 0.08 -0.11 -0.05 0.14 0.01 0.08
207 17.0 134.0 53.0 581.0 0.07 -0.09 -0.04 0.12 0.04 0.11
208 18.0 132.0 58.0 566.0 0.07 -0.06 -0.04 0.12 0.0 0.04
209 17.0 132.0 57.0 554.0 0.07 -0.02 -0.02 0.05 0.04 0.02
210 18.0 132.0 59.0 540.0 0.07 -0.01 -0.03 0.05 0.0 0.03
211 17.0 130.0 58.0 524.0 0.07 0.0 -0.02 0.0 0.01 0.01
212 18.0 131.0 58.0 512.0 0.06 -0.01 -0.01 -0.07 0.05 0.0
213 18.0 130.0 58.0 501.0 0.06 -0.03 -0.02 -0.1 0.0 -0.02
214 19.0 131.0 55.0 490.0 0.04 -0.07 -0.02 0.03 0.07 0.02
215 19.0 132.0 55.0 481.0 0.02 -0.09 -0.02 -0.06 0.06 0.01
216 20.0 130.0 58.0 470.0 0.01 -0.1 -0.02 0.0 0.07 0.03
217 20.0 131.0 57.0 455.0 0.0 -0.1 -0.02 0.0 0.04 0.01
