1 17.0 69.0 47.0 23.0 0.06 0.1 0.04 -0.06 0.05 -0.04
2 16.0 69.0 47.0 23.0 0.06 0.07 0.05 -0.12 0.12 -0.06
3 17.0 70.0 47.0 23.0 0.04 0.05 0.05 -0.03 0.13 -0.02
4 16.0 70.0 49.0 25.0 0.04 0.05 0.04 -0.06 0.11 -0.02
5 15.0 70.0 50.0 23.0 0.02 0.04 0.02 -0.08 0.1 -0.02
6 17.0 69.0 50.0 23.0 0.0 0.04 0.0 -0.11 0.15 -0.02
7 17.0 71.0 49.0 22.0 -0.01 0.03 -0.01 -0.15 0.15 0.0
8 17.0 71.0 48.0 23.0 -0.04 0.01 -0.02 0.0 0.12 -0.03
9 17.0 73.0 48.0 23.0 -0.05 0.02 -0.03 -0.03 0.07 -0.03
10 17.0 73.0 47.0 23.0 -0.06 0.02 -0.03 0.02 0.07 -0.02
11 17.0 74.0 48.0 23.0 -0.05 0.03 -0.02 0.0 0.06 -0.05
12 17.0 76.0 48.0 24.0 -0.04 0.03 -0.01 0.01 0.09 -0.07
13 16.0 77.0 48.0 23.0 -0.04 0.03 -0.01 0.02 0.11 -0.04
14 16.0 78.0 49.0 23.0 -0.03 0.02 -0.0 0.02 0.13 -0.07
15 16.0 77.0 49.0 23.0 -0.02 0.03 0.01 0.1 0.07 -0.01
16 16.0 75.0 49.0 23.0 -0.01 0.04 0.01 0.1 0.09 0.0
17 16.0 74.0 48.0 23.0 0.01 0.08 0.01 0.08 0.06 -0.04
18 16.0 74.0 48.0 23.0 0.04 0.12 0.02 0.05 0.04 -0.02
19 15.0 73.0 49.0 23.0 0.06 0.13 0.03 -0.07 0.03 -0.06
20 15.0 72.0 49.0 23.0 0.08 0.11 0.03 -0.13 0.0 -0.1
21 16.0 71.0 50.0 23.0 0.09 0.06 0.04 -0.25 0.05 -0.14
22 16.0 70.0 49.0 23.0 0.09 0.03 0.05 -0.17 0.03 -0.06
23 17.0 70.0 50.0 23.0 0.09 -0.01 0.06 -0.15 0.06 -0.08
24 16.0 69.0 50.0 23.0 0.07 -0.02 0.05 -0.02 0.1 -0.01
25 16.0 70.0 49.0 23.0 0.06 -0.01 0.04 0.05 0.12 -0.01
26 16.0 106.0 48.0 23.0 0.04 0.02 0.03 0.04 0.19 0.02
27 16.0 121.0 49.0 23.0 0.02 0.04 0.02 0.08 0.16 0.04
28 15.0 116.0 49.0 23.0 0.01 0.06 0.01 0.08 0.17 0.01
29 16.0 127.0 49.0 23.0 -0.01 0.09 -0.01 0.1 0.16 0.05
30 16.0 170.0 48.0 23.0 -0.02 0.14 -0.02 0.06 0.13 0.04
31 23.0 222.0 48.0 23.0 -0.01 0.15 -0.01 0.02 0.13 0.06
32 21.0 266.0 48.0 24.0 0.06 0.15 -0.0 0.07 0.11 0.09
33 34.0 257.0 49.0 25.0 0.17 0.17 0.02 0.01 0.19 0.28
34 36.0 257.0 49.0 25.0 0.22 0.17 0.04 -0.11 0.24 0.33
35 54.0 296.0 50.0 27.0 0.03 0.11 0.08 0.48 -0.32 -0.01
36 57.0 301.0 49.0 45.0 0.17 0.35 0.07 1.01 -0.13 0.31
37 49.0 289.0 52.0 67.0 0.25 0.46 0.06 0.74 0.23 0.45
38 61.0 310.0 52.0 57.0 0.29 0.66 0.04 -0.21 0.37 0.93
39 65.0 392.0 53.0 58.0 0.32 0.9 0.08 0.01 -0.24 1.55
40 60.0 397.0 54.0 52.0 0.4 0.87 0.15 -2.22 0.57 1.95
41 56.0 375.0 56.0 70.0 0.55 0.46 0.47 -1.79 0.34 2.14
42 49.0 365.0 58.0 61.0 1.19 -0.78 -0.26 -4.29 -2.51 5.01
43 45.0 348.0 59.0 59.0 1.77 -1.84 -0.04 -0.4 7.59 4.45
44 41.0 355.0 59.0 60.0 1.54 -2.8 0.71 -2.74 -1.33 3.56
45 50.0 447.0 60.0 55.0 1.97 -2.68 0.94 -1.74 0.2 3.52
46 49.0 425.0 63.0 50.0 2.15 -2.53 1.0 -1.91 0.35 3.3
47 44.0 450.0 64.0 47.0 2.47 -2.38 1.12 -2.49 0.23 2.77
48 40.0 444.0 78.0 45.0 2.77 -2.73 1.24 -1.9 0.04 2.05
49 37.0 456.0 81.0 44.0 2.96 -2.92 1.27 -0.95 0.15 1.39
50 34.0 484.0 79.0 41.0 3.15 -3.01 1.33 -0.98 -0.19 1.29
51 35.0 501.0 75.0 41.0 3.26 -2.94 1.35 -0.41 -0.61 -0.57
52 42.0 539.0 74.0 47.0 3.27 -2.88 1.31 -0.48 -0.85 -1.08
53 39.0 496.0 74.0 41.0 3.12 -2.63 1.3 -0.66 -1.3 -1.56
54 40.0 494.0 83.0 55.0 3.07 -2.38 1.29 -0.63 -1.42 -2.36
55 40.0 517.0 82.0 49.0 3.01 -2.14 1.3 -0.35 -1.46 -2.3
56 40.0 555.0 78.0 55.0 2.9 -1.74 1.31 -0.41 -1.67 -2.03
57 53.0 558.0 78.0 56.0 2.63 -1.37 1.34 -0.5 -2.35 -2.43
58 64.0 561.0 76.0 79.0 2.5 -1.27 1.45 -0.71 -1.78 -2.8
59 56.0 503.0 87.0 121.0 2.2 -1.35 1.37 -0.57 -2.31 -3.32
60 51.0 466.0 93.0 186.0 1.94 -1.48 1.32 -0.32 -1.85 -2.66
61 56.0 522.0 92.0 302.0 1.8 -1.39 1.28 -0.11 -1.68 -2.43
62 65.0 489.0 89.0 439.0 1.56 -1.03 1.19 0.11 -1.66 -2.45
63 64.0 486.0 89.0 603.0 1.26 -0.59 1.09 -0.03 -1.7 -3.1
64 69.0 487.0 85.0 803.0 1.1 -0.45 1.04 -0.01 -1.61 -3.11
65 59.0 446.0 88.0 967.0 0.74 -0.27 0.87 0.19 -1.32 -2.83
66 49.0 421.0 94.0 967.0 0.43 -0.11 0.7 0.08 -1.25 -2.38
67 62.0 413.0 99.0 967.0 0.3 -0.03 0.63 0.26 -1.11 -2.13
68 56.0 396.0 108.0 967.0 0.08 0.13 0.48 0.25 -1.03 -1.42
69 79.0 364.0 117.0 967.0 -0.01 0.25 0.34 0.16 -0.94 -1.4
70 84.0 371.0 122.0 967.0 -0.05 0.28 0.27 0.15 -0.65 -1.33
71 86.0 360.0 131.0 967.0 -0.11 0.36 0.15 0.13 -0.43 -1.2
72 78.0 358.0 146.0 967.0 -0.18 0.35 0.06 -0.21 -0.33 -0.66
73 72.0 353.0 156.0 967.0 -0.2 0.27 0.01 -0.41 -0.33 -0.42
74 72.0 358.0 166.0 967.0 -0.2 0.16 -0.06 -0.27 -0.06 -0.17
75 70.0 345.0 172.0 967.0 -0.18 0.16 -0.09 -0.15 0.09 -0.1
76 71.0 347.0 179.0 967.0 -0.16 0.18 -0.09 -0.1 0.15 -0.03
77 70.0 338.0 186.0 967.0 -0.15 0.18 -0.07 -0.17 0.07 0.31
78 68.0 380.0 192.0 967.0 -0.1 0.14 -0.08 -0.15 0.24 0.14
79 64.0 400.0 195.0 967.0 -0.07 0.12 -0.08 -0.25 0.23 -0.01
80 61.0 421.0 198.0 967.0 -0.01 0.1 -0.08 -0.29 0.3 -0.26
81 63.0 380.0 192.0 967.0 0.04 0.16 -0.06 -0.21 0.35 -0.36
82 58.0 355.0 196.0 966.0 0.05 0.19 -0.04 -0.28 0.32 -0.23
83 66.0 360.0 196.0 967.0 0.05 0.22 -0.02 -0.42 0.34 -0.01
84 65.0 354.0 193.0 967.0 0.03 0.17 0.01 -0.3 0.34 0.09
85 65.0 327.0 191.0 967.0 0.0 0.14 0.02 -0.18 0.22 0.03
86 55.0 313.0 187.0 968.0 0.0 0.14 0.04 0.0 0.23 -0.5
87 52.0 306.0 186.0 967.0 -0.02 0.15 0.04 0.01 0.17 -0.66
88 47.0 318.0 175.0 967.0 -0.03 0.14 0.03 0.01 0.2 -0.55
89 42.0 324.0 177.0 967.0 -0.06 0.08 0.01 -0.06 0.01 -0.28
90 39.0 306.0 170.0 967.0 -0.05 0.05 -0.02 -0.22 0.01 -0.18
91 36.0 282.0 165.0 968.0 -0.05 0.06 -0.03 -0.28 0.04 -0.19
92 40.0 297.0 156.0 967.0 -0.05 0.11 -0.04 -0.25 -0.02 -0.28
93 38.0 306.0 152.0 933.0 -0.06 0.13 -0.06 -0.2 -0.14 -0.14
94 34.0 298.0 144.0 879.0 -0.06 0.11 -0.08 -0.24 -0.12 -0.16
95 30.0 279.0 142.0 824.0 -0.03 0.05 -0.09 -0.21 -0.02 -0.27
96 27.0 264.0 134.0 770.0 -0.01 0.04 -0.1 -0.25 -0.01 -0.18
97 24.0 266.0 135.0 723.0 -0.0 0.05 -0.09 -0.21 -0.02 -0.14
98 23.0 260.0 130.0 676.0 0.03 0.09 -0.09 -0.25 0.05 -0.14
99 37.0 272.0 125.0 629.0 0.04 0.11 -0.08 -0.28 0.07 -0.3
100 39.0 283.0 121.0 576.0 0.05 0.16 -0.05 -0.17 0.06 -0.48
101 38.0 309.0 118.0 532.0 0.03 0.19 -0.03 -0.16 0.1 -0.65
102 37.0 293.0 114.0 477.0 0.03 0.17 -0.02 -0.03 0.13 -0.55
103 32.0 290.0 113.0 442.0 -0.01 0.09 0.0 0.01 0.13 -0.49
104 30.0 308.0 111.0 398.0 -0.03 -0.03 0.0 0.06 0.05 -0.39
105 32.0 297.0 105.0 347.0 -0.02 -0.05 -0.0 0.07 0.07 -0.43
106 30.0 298.0 104.0 311.0 -0.03 -0.03 -0.01 0.1 0.03 -0.46
107 30.0 350.0 101.0 274.0 -0.02 0.02 -0.02 -0.04 -0.08 -0.44
108 28.0 333.0 98.0 238.0 -0.01 0.03 -0.03 0.0 -0.05 -0.4
109 26.0 341.0 95.0 196.0 -0.0 0.06 -0.03 0.04 -0.14 -0.32
110 25.0 340.0 92.0 166.0 0.02 0.12 -0.05 0.03 -0.14 -0.37
111 23.0 304.0 90.0 138.0 0.01 0.13 -0.05 -0.07 -0.18 -0.41
112 23.0 284.0 89.0 114.0 -0.01 0.13 -0.07 -0.05 -0.21 -0.47
113 23.0 297.0 87.0 96.0 -0.03 0.13 -0.09 -0.03 -0.24 -0.52
114 27.0 290.0 83.0 80.0 -0.04 0.14 -0.09 -0.08 -0.22 -0.6
115 30.0 322.0 82.0 69.0 -0.08 0.17 -0.1 -0.06 -0.25 -0.67
116 27.0 307.0 79.0 60.0 -0.13 0.26 -0.12 -0.26 -0.42 -0.71
117 28.0 276.0 74.0 51.0 -0.15 0.33 -0.13 -0.18 -0.42 -0.79
118 28.0 249.0 71.0 46.0 -0.22 0.47 -0.15 -0.14 -0.43 -0.85
119 27.0 217.0 67.0 42.0 -0.3 0.63 -0.16 -0.21 -0.45 -0.96
120 29.0 263.0 62.0 38.0 -0.35 0.7 -0.18 0.04 -0.41 -0.98
121 32.0 229.0 60.0 35.0 -0.45 0.81 -0.2 0.23 -0.37 -1.01
122 32.0 220.0 57.0 33.0 -0.55 0.91 -0.24 0.45 -0.43 -1.16
123 31.0 189.0 56.0 30.0 -0.61 0.94 -0.27 0.23 -0.63 -1.03
124 33.0 182.0 54.0 29.0 -0.77 0.95 -0.34 0.24 -0.38 -1.01
125 36.0 249.0 55.0 28.0 -0.92 1.0 -0.4 0.39 -0.35 -0.92
126 35.0 253.0 57.0 33.0 -1.01 1.05 -0.45 0.43 -0.37 -0.76
127 40.0 223.0 58.0 31.0 -1.1 1.18 -0.54 0.4 -0.2 -0.99
128 42.0 256.0 61.0 38.0 -1.34 1.2 -0.62 -0.28 -0.33 -0.65
129 42.0 221.0 64.0 35.0 -1.44 1.22 -0.64 -0.51 -0.18 -0.28
130 42.0 217.0 68.0 33.0 -1.69 1.21 -0.65 -0.47 -0.32 -0.27
131 47.0 204.0 73.0 34.0 -1.78 1.36 -0.64 -0.12 -0.05 -0.39
132 49.0 304.0 75.0 37.0 -1.75 1.46 -0.64 -0.13 -0.06 -1.08
133 51.0 268.0 78.0 34.0 -1.61 1.66 -0.66 -0.56 0.04 -0.82
134 52.0 271.0 82.0 40.0 -1.6 1.65 -0.64 -1.14 -0.37 -0.36
135 55.0 252.0 84.0 43.0 -1.56 1.55 -0.62 -0.7 -0.37 -0.24
136 64.0 241.0 87.0 64.0 -1.5 1.22 -0.61 -0.59 -0.38 -0.2
137 57.0 229.0 88.0 69.0 -1.4 0.95 -0.58 -0.28 -0.38 -0.49
138 58.0 224.0 92.0 101.0 -1.38 0.89 -0.58 -0.08 -0.55 -0.63
139 64.0 211.0 94.0 125.0 -1.32 1.21 -0.6 -0.02 -0.53 -1.05
140 70.0 219.0 96.0 152.0 -1.24 2.0 -0.7 0.13 -0.41 -1.82
141 64.0 213.0 99.0 190.0 -1.24 2.53 -0.77 -0.79 -0.82 -1.15
142 61.0 216.0 102.0 219.0 -1.42 3.26 -0.89 -0.85 -0.92 -0.87
143 63.0 219.0 103.0 261.0 -1.59 3.52 -1.02 -0.83 -0.74 -0.59
144 70.0 210.0 107.0 307.0 -1.67 3.56 -1.06 0.28 -0.61 -1.56
145 74.0 206.0 107.0 325.0 -1.76 3.84 -1.12 1.0 -0.49 -2.17
146 74.0 204.0 106.0 348.0 -1.94 4.22 -1.12 0.53 -0.74 -2.09
147 76.0 201.0 106.0 375.0 -2.01 4.25 -1.11 -0.56 -1.08 -1.05
148 72.0 197.0 106.0 400.0 -2.01 4.08 -1.24 -0.66 -1.46 -0.82
149 73.0 193.0 106.0 426.0 -1.92 4.16 -1.41 -0.3 -1.2 -1.12
150 69.0 188.0 105.0 451.0 -1.86 4.17 -1.46 -0.41 -1.16 -0.49
151 69.0 182.0 105.0 482.0 -1.74 3.73 -1.57 -0.46 -1.22 0.0
152 84.0 166.0 124.0 690.0 -1.59 2.69 -1.38 -0.32 -2.95 1.22
153 84.0 170.0 117.0 649.0 -1.0 2.1 -1.48 1.56 -1.6 0.57
154 85.0 175.0 111.0 583.0 -1.4 1.68 -1.55 2.2 -0.81 0.52
155 131.0 174.0 108.0 572.0 -0.8 -1.65 -0.38 -3.18 -0.47 0.81
156 127.0 164.0 104.0 563.0 -0.55 -3.21 -0.63 1.1 0.4 -0.4
157 110.0 163.0 102.0 570.0 0.3 -0.5 0.0 0.85 0.99 -0.43
158 98.0 161.0 104.0 584.0 0.48 0.54 0.02 2.23 0.19 0.31
159 92.0 156.0 104.0 603.0 0.39 0.43 -0.28 0.53 -0.24 -0.41
160 87.0 154.0 101.0 616.0 0.36 -0.15 -0.28 -0.13 -0.07 0.22
161 83.0 151.0 99.0 627.0 0.24 -0.31 -0.35 -0.5 0.23 0.26
162 73.0 149.0 98.0 633.0 0.05 -0.3 -0.41 -0.25 -0.28 -0.03
163 66.0 147.0 97.0 631.0 0.04 -0.31 -0.33 -0.13 -0.1 -0.3
164 59.0 145.0 96.0 630.0 0.08 -0.36 -0.25 -0.47 -0.08 -0.14
165 51.0 143.0 95.0 632.0 0.05 -0.39 -0.25 -0.3 -0.15 -0.05
166 46.0 141.0 93.0 637.0 -0.01 -0.41 -0.2 -0.09 -0.21 -0.11
167 43.0 138.0 93.0 641.0 0.07 -0.45 -0.15 -0.01 -0.31 0.01
168 38.0 135.0 89.0 642.0 0.1 -0.48 -0.13 0.18 -0.25 0.06
169 35.0 133.0 86.0 641.0 0.11 -0.48 -0.08 0.34 -0.22 0.22
170 32.0 132.0 85.0 642.0 0.09 -0.4 -0.06 0.2 -0.15 0.19
171 31.0 131.0 85.0 642.0 0.09 -0.36 -0.04 0.12 -0.18 0.07
172 26.0 131.0 82.0 639.0 0.13 -0.27 -0.02 0.04 -0.18 0.09
173 25.0 129.0 80.0 636.0 0.17 -0.19 -0.01 0.12 -0.17 0.17
174 24.0 126.0 79.0 630.0 0.18 -0.15 -0.03 0.2 -0.11 0.14
175 22.0 128.0 77.0 624.0 0.2 -0.1 -0.03 0.15 -0.18 0.16
176 22.0 125.0 76.0 618.0 0.19 -0.07 -0.03 0.18 -0.13 0.12
177 21.0 125.0 74.0 613.0 0.17 -0.06 -0.03 0.07 -0.15 0.14
178 21.0 125.0 73.0 610.0 0.15 -0.02 -0.01 0.08 -0.09 0.15
179 20.0 125.0 76.0 607.0 0.14 0.03 -0.01 0.01 -0.09 0.05
180 19.0 124.0 73.0 600.0 0.14 0.05 0.0 0.04 -0.07 0.06
181 18.0 124.0 70.0 594.0 0.12 0.06 0.0 0.0 -0.06 0.04
182 18.0 123.0 68.0 586.0 0.12 0.05 0.0 -0.04 -0.02 0.0
183 17.0 122.0 67.0 576.0 0.11 0.03 -0.0 -0.06 -0.01 0.0
184 17.0 121.0 67.0 568.0 0.08 -0.01 -0.01 -0.15 -0.05 -0.02
185 16.0 120.0 67.0 559.0 0.05 -0.06 -0.01 -0.08 -0.09 0.04
186 17.0 119.0 63.0 549.0 0.03 -0.07 -0.0 0.06 -0.09 0.04
187 16.0 119.0 62.0 542.0 0.03 -0.08 -0.0 0.04 -0.09 0.05
188 18.0 116.0 62.0 534.0 0.03 -0.09 -0.0 0.02 -0.12 0.04
189 16.0 114.0 62.0 526.0 0.03 -0.09 -0.0 0.0 -0.12 0.03
190 16.0 112.0 61.0 518.0 0.03 -0.08 -0.01 0.0 -0.12 0.01
191 16.0 112.0 61.0 512.0 0.02 -0.1 0.0 0.0 -0.12 0.0
192 16.0 111.0 62.0 503.0 0.02 -0.1 0.01 -0.01 -0.14 0.02
193 16.0 109.0 61.0 496.0 0.02 -0.11 0.02 0.0 -0.14 0.02
194 16.0 108.0 61.0 486.0 0.02 -0.11 0.03 -0.03 -0.12 0.0
195 16.0 108.0 60.0 478.0 0.03 -0.12 0.04 0.0 -0.09 0.03
196 16.0 106.0 59.0 473.0 0.02 -0.13 0.04 -0.02 -0.08 0.05
197 17.0 104.0 61.0 475.0 0.02 -0.13 0.04 0.06 -0.1 0.06
198 17.0 106.0 60.0 459.0 0.02 -0.12 0.03 0.03 -0.11 0.06
199 17.0 107.0 60.0 453.0 0.02 -0.09 0.04 0.05 -0.14 0.1
200 16.0 109.0 60.0 442.0 0.03 -0.01 0.05 0.11 -0.12 0.07
201 15.0 109.0 58.0 428.0 0.03 0.01 0.05 0.08 -0.11 0.04
202 17.0 110.0 56.0 420.0 0.04 0.03 0.05 0.08 -0.07 0.06
203 17.0 111.0 55.0 415.0 0.03 0.05 0.05 0.01 -0.09 0.0
204 19.0 111.0 53.0 406.0 0.03 0.04 0.05 -0.08 -0.06 -0.06
205 19.0 115.0 55.0 397.0 0.02 -0.01 0.04 0.02 -0.08 0.0
206 19.0 111.0 53.0 384.0 0.0 -0.03 0.04 -0.09 -0.02 -0.03
207 18.0 112.0 52.0 372.0 -0.0 -0.05 0.03 -0.05 0.0 -0.01
208 19.0 112.0 54.0 362.0 -0.01 -0.09 0.03 -0.01 -0.02 0.01
209 19.0 112.0 55.0 354.0 -0.02 -0.13 0.01 0.0 -0.06 0.04
210 19.0 111.0 54.0 346.0 -0.03 -0.14 0.01 0.0 -0.06 0.01
211 17.0 111.0 54.0 337.0 -0.02 -0.14 0.01 0.05 -0.1 0.02
212 18.0 111.0 54.0 329.0 -0.02 -0.12 0.01 0.02 -0.12 0.01
213 18.0 114.0 54.0 319.0 -0.01 -0.11 0.01 0.01 -0.11 0.03
214 18.0 114.0 54.0 312.0 -0.01 -0.1 0.02 0.03 -0.09 0.05
