1 20.0 83.0 58.0 24.0 0.07 0.01 0.05 -0.16 0.02 -0.11
2 21.0 83.0 56.0 23.0 0.08 -0.03 0.04 -0.13 0.05 -0.1
3 21.0 82.0 55.0 23.0 0.08 -0.05 0.04 -0.11 0.04 -0.04
4 21.0 81.0 55.0 24.0 0.08 -0.05 0.02 -0.07 0.05 -0.02
5 20.0 81.0 54.0 23.0 0.07 -0.04 0.01 -0.05 0.05 0.0
6 20.0 81.0 56.0 24.0 0.06 -0.04 0.0 -0.07 0.08 0.0
7 20.0 82.0 57.0 23.0 0.04 -0.04 -0.0 -0.07 0.04 0.0
8 20.0 84.0 57.0 23.0 0.02 -0.05 -0.0 -0.02 0.07 -0.03
9 19.0 84.0 56.0 24.0 0.01 -0.04 -0.01 0.0 0.09 -0.01
10 19.0 83.0 58.0 23.0 -0.02 -0.04 -0.01 0.02 0.12 0.01
11 22.0 83.0 59.0 23.0 -0.04 -0.03 -0.01 0.05 0.07 0.0
12 19.0 83.0 57.0 23.0 -0.04 -0.02 -0.01 0.05 0.03 0.01
13 18.0 82.0 56.0 20.0 -0.05 -0.0 -0.01 0.0 0.02 -0.03
14 19.0 83.0 55.0 23.0 -0.04 0.02 -0.0 -0.02 -0.01 -0.05
15 19.0 81.0 54.0 23.0 -0.03 0.02 0.0 -0.11 0.01 -0.08
16 14.0 82.0 56.0 23.0 -0.02 0.01 0.01 -0.14 0.02 -0.09
17 18.0 82.0 55.0 23.0 -0.01 -0.0 0.01 -0.12 0.03 -0.07
18 19.0 82.0 55.0 23.0 -0.01 -0.01 0.01 -0.13 0.07 -0.03
19 18.0 100.0 57.0 24.0 -0.02 -0.03 0.01 -0.1 0.1 -0.03
20 20.0 112.0 57.0 23.0 -0.04 -0.05 0.0 0.01 0.12 0.0
21 25.0 166.0 58.0 23.0 -0.05 -0.05 0.0 0.08 0.08 0.0
22 46.0 203.0 58.0 23.0 -0.06 -0.04 0.0 0.08 0.05 0.02
23 52.0 228.0 55.0 23.0 0.01 -0.05 0.01 -0.13 0.03 -0.05
24 57.0 208.0 54.0 23.0 0.04 -0.08 0.02 -0.52 0.06 -0.22
25 79.0 187.0 52.0 22.0 0.1 -0.2 0.02 -0.5 0.13 -0.15
26 91.0 182.0 51.0 23.0 0.09 -0.34 0.0 0.57 0.17 -0.07
27 83.0 204.0 54.0 36.0 0.11 -0.34 -0.04 0.98 0.29 0.65
28 114.0 213.0 52.0 34.0 0.21 0.0 -0.14 0.85 0.3 0.75
29 105.0 202.0 53.0 32.0 0.34 0.52 -0.26 -0.04 0.02 0.58
30 111.0 217.0 57.0 54.0 0.39 0.76 -0.29 -0.52 -0.03 0.48
31 96.0 270.0 55.0 47.0 0.45 1.03 -0.31 -0.18 -0.07 0.53
32 82.0 281.0 54.0 43.0 0.54 1.18 -0.43 -2.05 -0.33 1.04
33 72.0 315.0 55.0 37.0 0.57 1.01 -0.39 -1.98 0.74 1.89
34 77.0 314.0 54.0 35.0 0.42 0.38 0.05 -2.0 0.31 2.02
35 70.0 322.0 53.0 43.0 0.45 -0.42 0.22 -7.16 -6.05 3.54
36 68.0 358.0 53.0 46.0 1.2 -1.89 -0.57 -2.89 0.66 2.96
37 61.0 393.0 53.0 42.0 1.04 -3.02 0.68 -3.01 -1.75 2.32
38 54.0 469.0 54.0 39.0 1.36 -3.43 1.05 -1.39 -0.13 2.32
39 48.0 453.0 56.0 35.0 1.55 -3.44 1.11 -0.62 0.14 2.36
40 47.0 438.0 57.0 33.0 1.85 -3.38 1.18 -0.46 0.0 2.36
41 41.0 433.0 55.0 33.0 2.0 -3.27 1.21 -0.07 -0.05 2.34
42 43.0 551.0 61.0 37.0 2.08 -3.37 1.22 -0.19 -0.52 1.73
43 42.0 612.0 62.0 35.0 2.38 -3.61 1.15 0.56 -0.25 0.82
44 43.0 586.0 64.0 35.0 2.47 -3.5 1.1 0.53 -0.36 0.32
45 37.0 529.0 64.0 36.0 2.46 -3.4 1.11 0.83 -0.57 0.04
46 57.0 558.0 65.0 35.0 2.54 -3.07 0.96 0.55 -0.72 0.01
47 77.0 533.0 68.0 38.0 2.56 -2.64 0.87 0.47 -0.85 -0.9
48 107.0 482.0 70.0 34.0 2.6 -2.34 0.8 -0.69 -1.02 -1.87
49 100.0 541.0 83.0 38.0 2.5 -1.76 0.73 -0.84 -1.08 -2.03
50 83.0 486.0 83.0 35.0 2.54 -1.54 0.64 -0.18 -1.12 -2.38
51 70.0 458.0 86.0 38.0 2.52 -1.43 0.62 0.25 -1.19 -2.51
52 63.0 456.0 84.0 47.0 2.2 -1.22 0.64 0.11 -1.07 -2.8
53 58.0 447.0 83.0 43.0 1.92 -1.46 0.59 -0.15 -1.64 -2.72
54 57.0 475.0 85.0 51.0 1.83 -1.6 0.5 -0.94 -1.79 -2.67
55 54.0 442.0 83.0 54.0 1.58 -1.67 0.42 -0.93 -1.79 -2.65
56 54.0 471.0 79.0 69.0 1.32 -1.39 0.39 -1.5 -1.71 -2.25
57 48.0 440.0 89.0 81.0 1.23 -1.19 0.38 -1.44 -1.26 -2.15
58 44.0 425.0 81.0 90.0 1.07 -0.7 0.38 -1.36 -1.13 -2.19
59 43.0 411.0 81.0 113.0 0.94 -0.33 0.39 -1.41 -0.89 -2.0
60 40.0 413.0 79.0 155.0 0.86 -0.24 0.39 -1.65 -0.93 -1.56
61 36.0 407.0 76.0 208.0 0.7 -0.22 0.39 -1.59 -0.81 -1.61
62 40.0 427.0 78.0 274.0 0.6 -0.15 0.36 -1.12 -0.39 -1.97
63 52.0 436.0 82.0 360.0 0.58 -0.04 0.35 -1.26 -0.23 -2.14
64 77.0 421.0 81.0 455.0 0.5 0.16 0.32 -1.19 -0.17 -2.12
65 71.0 405.0 86.0 557.0 0.41 0.26 0.3 -0.93 -0.08 -1.71
66 67.0 377.0 86.0 722.0 0.33 0.3 0.3 -0.41 0.14 -0.77
67 76.0 382.0 85.0 869.0 0.17 0.31 0.27 -0.38 0.08 -0.44
68 72.0 387.0 84.0 967.0 0.08 0.27 0.22 -0.18 0.41 -0.03
69 78.0 394.0 82.0 966.0 0.04 0.27 0.22 0.03 0.57 0.09
70 80.0 404.0 86.0 967.0 0.01 0.32 0.2 0.16 0.53 0.09
71 65.0 391.0 87.0 967.0 0.02 0.36 0.21 0.36 0.52 0.22
72 74.0 391.0 89.0 966.0 0.03 0.34 0.19 0.31 0.71 0.48
73 76.0 395.0 97.0 967.0 0.05 0.27 0.17 0.18 0.65 0.59
74 71.0 380.0 100.0 967.0 0.08 0.22 0.14 0.23 0.62 0.7
75 67.0 381.0 102.0 967.0 0.11 0.18 0.13 0.31 0.51 0.36
76 58.0 413.0 105.0 967.0 0.18 0.07 0.12 0.35 0.43 0.26
77 51.0 389.0 107.0 967.0 0.21 -0.04 0.11 0.41 0.26 0.02
78 48.0 358.0 114.0 967.0 0.22 -0.07 0.09 0.27 0.17 -0.28
79 57.0 367.0 114.0 967.0 0.23 -0.08 0.05 0.16 0.15 -0.27
80 59.0 342.0 118.0 967.0 0.19 -0.06 0.01 -0.01 -0.06 -0.39
81 52.0 327.0 114.0 967.0 0.17 -0.04 -0.01 -0.17 -0.19 -0.53
82 58.0 318.0 115.0 967.0 0.11 -0.03 -0.03 -0.26 -0.2 -0.69
83 52.0 312.0 112.0 967.0 0.08 -0.03 -0.05 -0.31 -0.17 -0.78
84 61.0 296.0 108.0 967.0 0.07 -0.01 -0.05 -0.37 -0.14 -0.78
85 53.0 325.0 109.0 967.0 0.04 -0.01 -0.03 -0.34 -0.14 -0.72
86 47.0 315.0 111.0 967.0 0.03 -0.0 -0.02 -0.36 -0.17 -0.63
87 53.0 289.0 115.0 967.0 0.03 0.02 -0.02 -0.61 -0.16 -0.5
88 52.0 284.0 110.0 967.0 -0.02 0.07 -0.01 -0.62 -0.09 -0.39
89 52.0 298.0 105.0 967.0 -0.07 0.1 -0.01 -0.64 0.07 -0.15
90 44.0 275.0 107.0 967.0 -0.09 0.1 -0.01 -0.47 0.07 -0.14
91 44.0 263.0 105.0 967.0 -0.09 0.09 0.0 -0.47 0.02 -0.14
92 41.0 269.0 103.0 967.0 -0.08 0.11 0.02 -0.48 0.0 -0.03
93 40.0 292.0 102.0 967.0 -0.08 0.13 0.03 -0.54 -0.11 0.08
94 49.0 281.0 100.0 968.0 -0.02 0.22 0.04 -0.49 -0.13 0.09
95 51.0 266.0 99.0 967.0 0.03 0.33 0.05 -0.31 -0.18 -0.05
96 49.0 270.0 98.0 967.0 0.04 0.36 0.06 -0.23 -0.13 -0.14
97 48.0 274.0 100.0 967.0 0.04 0.32 0.04 0.09 -0.12 -0.39
98 41.0 258.0 100.0 967.0 0.03 0.17 0.02 0.21 -0.15 -0.54
99 46.0 285.0 101.0 967.0 0.01 0.09 0.0 0.19 -0.14 -0.57
100 46.0 280.0 101.0 937.0 -0.04 0.0 -0.03 0.17 -0.14 -0.46
101 49.0 303.0 102.0 897.0 -0.1 0.02 -0.05 0.06 -0.01 -0.31
102 42.0 301.0 102.0 846.0 -0.12 0.02 -0.05 0.04 0.02 -0.31
103 37.0 297.0 102.0 797.0 -0.13 0.03 -0.07 0.06 0.0 -0.17
104 36.0 276.0 100.0 750.0 -0.13 0.01 -0.07 0.11 0.1 -0.09
105 34.0 251.0 98.0 691.0 -0.12 0.01 -0.08 0.06 0.05 -0.07
106 42.0 287.0 99.0 644.0 -0.11 -0.01 -0.09 0.1 0.06 -0.1
107 37.0 273.0 103.0 592.0 -0.09 -0.01 -0.09 0.13 -0.02 -0.23
108 36.0 270.0 97.0 545.0 -0.07 -0.01 -0.1 0.04 -0.03 -0.46
109 38.0 337.0 93.0 497.0 -0.06 -0.03 -0.12 0.03 -0.04 -0.54
110 43.0 327.0 90.0 460.0 -0.06 -0.03 -0.13 -0.18 -0.01 -0.49
111 39.0 361.0 90.0 416.0 -0.07 -0.03 -0.14 -0.3 0.0 -0.45
112 35.0 345.0 90.0 376.0 -0.07 0.0 -0.13 -0.49 0.0 -0.28
113 34.0 337.0 87.0 340.0 -0.09 0.07 -0.09 -0.53 0.01 -0.28
114 36.0 317.0 86.0 293.0 -0.1 0.09 -0.07 -0.59 0.07 -0.22
115 41.0 311.0 85.0 258.0 -0.09 0.1 -0.04 -0.46 0.05 -0.25
116 41.0 320.0 86.0 223.0 -0.07 0.05 -0.01 -0.35 0.01 -0.23
117 40.0 319.0 86.0 186.0 -0.06 0.01 -0.0 -0.3 0.0 -0.16
118 40.0 287.0 85.0 158.0 -0.03 -0.03 0.01 -0.22 -0.01 -0.1
119 38.0 326.0 84.0 133.0 -0.01 -0.03 0.01 -0.2 0.04 -0.1
120 40.0 319.0 80.0 107.0 0.0 -0.02 0.01 -0.2 0.05 -0.05
121 36.0 290.0 84.0 92.0 0.03 0.04 0.01 -0.21 0.08 -0.13
122 34.0 270.0 84.0 78.0 0.04 0.06 0.0 -0.14 0.03 -0.12
123 38.0 290.0 81.0 66.0 0.04 0.07 -0.01 -0.11 -0.01 -0.13
124 35.0 263.0 81.0 57.0 0.05 0.07 -0.01 -0.14 -0.05 -0.2
125 38.0 315.0 78.0 50.0 0.05 0.07 -0.01 -0.14 -0.03 -0.24
126 50.0 316.0 79.0 44.0 0.04 0.06 -0.0 -0.12 -0.07 -0.28
127 51.0 299.0 78.0 41.0 0.03 0.04 0.0 -0.14 -0.05 -0.27
128 48.0 281.0 76.0 39.0 0.02 0.03 0.01 -0.1 -0.13 -0.24
129 45.0 254.0 76.0 35.0 0.0 0.01 0.02 -0.02 -0.21 -0.22
130 47.0 240.0 74.0 34.0 -0.01 -0.02 0.01 0.0 -0.25 -0.23
131 46.0 257.0 73.0 34.0 -0.01 -0.02 -0.02 0.0 -0.22 -0.39
132 46.0 221.0 71.0 32.0 -0.02 0.01 -0.02 -0.03 -0.29 -0.5
133 41.0 193.0 71.0 30.0 -0.03 0.08 -0.06 0.0 -0.33 -0.54
134 46.0 176.0 69.0 32.0 -0.03 0.14 -0.08 0.0 -0.35 -0.62
135 41.0 152.0 68.0 34.0 -0.05 0.32 -0.12 -0.02 -0.4 -0.7
136 44.0 138.0 64.0 35.0 -0.1 0.54 -0.16 -0.21 -0.61 -0.92
137 42.0 140.0 63.0 37.0 -0.2 0.87 -0.2 -0.3 -0.87 -1.22
138 48.0 128.0 62.0 35.0 -0.28 1.08 -0.23 -0.53 -1.26 -1.65
139 46.0 119.0 60.0 37.0 -0.46 1.56 -0.31 -0.65 -1.31 -1.94
140 47.0 112.0 58.0 43.0 -0.69 2.04 -0.42 -0.53 -0.8 -1.73
141 69.0 124.0 56.0 44.0 -0.82 2.24 -0.47 -0.43 -0.66 -1.56
142 67.0 132.0 54.0 57.0 -1.04 2.54 -0.62 -0.09 -0.17 -1.33
143 58.0 133.0 53.0 63.0 -1.24 2.82 -0.77 0.12 -0.01 -1.68
144 56.0 157.0 52.0 57.0 -1.34 2.89 -0.85 0.16 0.03 -1.74
145 61.0 147.0 51.0 57.0 -1.63 2.86 -0.96 -0.09 0.02 -1.24
146 62.0 135.0 49.0 61.0 -1.9 2.78 -1.03 -0.29 0.16 -0.9
147 55.0 136.0 49.0 70.0 -2.03 2.71 -1.04 -0.13 0.2 -0.78
148 61.0 127.0 52.0 87.0 -2.21 2.6 -1.08 0.31 0.31 -0.68
149 104.0 119.0 52.0 102.0 -2.31 2.57 -1.11 0.54 -0.04 -0.54
150 84.0 123.0 52.0 115.0 -2.34 2.52 -1.13 0.56 -0.09 -0.34
151 74.0 124.0 54.0 139.0 -2.35 2.27 -1.21 0.48 -0.49 0.12
152 65.0 127.0 55.0 160.0 -2.28 1.98 -1.32 0.16 -0.75 0.25
153 59.0 123.0 56.0 184.0 -2.23 1.86 -1.36 -0.01 -0.8 0.08
154 56.0 125.0 56.0 202.0 -2.04 1.86 -1.39 0.38 -0.66 -1.27
155 59.0 124.0 57.0 232.0 -1.89 1.94 -1.38 0.46 -0.63 -1.99
156 58.0 121.0 62.0 290.0 -1.6 2.13 -1.3 0.03 -0.65 -1.84
157 52.0 128.0 59.0 300.0 -1.41 2.29 -1.24 0.01 -0.77 -0.87
158 49.0 131.0 60.0 328.0 -1.35 2.4 -1.26 -1.38 -1.61 -0.3
159 52.0 132.0 60.0 362.0 -1.33 2.64 -1.32 -1.17 -1.36 -0.46
160 51.0 131.0 61.0 387.0 -1.34 2.8 -1.32 -0.92 -1.14 -0.39
161 47.0 134.0 62.0 417.0 -1.33 2.73 -1.3 -0.7 -0.91 0.16
162 48.0 138.0 63.0 446.0 -1.33 2.31 -1.25 -0.59 -0.8 0.4
163 49.0 142.0 64.0 472.0 -1.36 1.45 -1.28 -0.8 -1.78 0.54
164 52.0 139.0 64.0 499.0 -1.37 0.9 -0.97 1.5 -0.4 -0.04
165 54.0 139.0 64.0 529.0 -0.99 0.15 -1.13 2.0 -0.99 -0.51
166 63.0 135.0 65.0 558.0 -1.11 -1.1 -0.82 -22.12 0.12 17.04
167 66.0 129.0 66.0 561.0 -0.9 -2.1 -1.05 0.35 -4.01 -5.2
168 57.0 123.0 66.0 576.0 0.0 -1.04 -0.39 -1.56 0.2 -3.27
169 49.0 124.0 68.0 594.0 0.56 -0.63 0.01 0.31 -0.39 0.52
170 50.0 123.0 72.0 616.0 0.6 -0.68 -0.01 2.04 -0.47 1.07
171 51.0 124.0 70.0 640.0 0.41 -0.46 -0.19 2.19 -0.47 0.93
172 50.0 122.0 68.0 660.0 0.32 -0.2 -0.37 0.7 -0.2 0.86
173 47.0 121.0 66.0 681.0 0.14 -0.16 -0.42 0.18 -0.49 0.46
174 42.0 118.0 66.0 696.0 -0.03 -0.02 -0.35 0.24 -0.31 0.14
175 39.0 117.0 66.0 703.0 0.01 0.17 -0.25 -0.3 -0.14 -0.2
176 34.0 116.0 64.0 710.0 0.03 0.21 -0.23 -0.44 -0.12 -0.24
177 32.0 114.0 64.0 717.0 0.09 0.14 -0.2 -0.58 0.13 -0.34
178 29.0 113.0 62.0 722.0 0.09 0.01 -0.2 -0.51 0.05 -0.1
179 26.0 109.0 61.0 727.0 0.14 -0.06 -0.2 -0.2 0.25 -0.07
180 24.0 108.0 59.0 731.0 0.15 -0.15 -0.19 -0.21 0.22 -0.04
181 22.0 107.0 59.0 731.0 0.13 -0.26 -0.16 -0.18 0.16 0.0
182 21.0 105.0 58.0 728.0 0.13 -0.33 -0.16 0.11 0.2 0.02
183 20.0 105.0 57.0 723.0 0.1 -0.43 -0.16 0.12 0.1 0.0
184 20.0 104.0 56.0 719.0 0.07 -0.49 -0.19 0.06 0.01 0.06
185 19.0 104.0 56.0 714.0 0.07 -0.48 -0.19 0.18 -0.03 0.12
186 15.0 102.0 55.0 709.0 0.1 -0.41 -0.19 0.2 -0.12 0.15
187 18.0 101.0 53.0 702.0 0.15 -0.29 -0.17 0.22 -0.18 0.11
188 17.0 100.0 52.0 695.0 0.18 -0.22 -0.15 0.29 -0.14 0.05
189 17.0 100.0 51.0 685.0 0.22 -0.11 -0.13 0.14 -0.11 0.02
190 17.0 100.0 50.0 678.0 0.26 -0.04 -0.1 0.0 -0.12 0.01
191 17.0 100.0 49.0 668.0 0.27 -0.02 -0.09 -0.09 -0.03 -0.06
192 17.0 99.0 48.0 656.0 0.27 -0.01 -0.09 -0.16 -0.02 -0.05
193 17.0 97.0 48.0 648.0 0.24 -0.04 -0.07 -0.32 -0.08 -0.08
194 17.0 96.0 47.0 637.0 0.22 -0.06 -0.06 -0.24 0.06 -0.09
195 16.0 95.0 47.0 626.0 0.19 -0.12 -0.09 -0.15 0.02 -0.01
196 17.0 94.0 47.0 617.0 0.15 -0.17 -0.09 -0.08 0.0 0.03
197 17.0 95.0 47.0 607.0 0.12 -0.19 -0.09 -0.06 0.01 0.0
198 17.0 96.0 48.0 594.0 0.08 -0.22 -0.09 0.0 0.03 0.0
199 17.0 97.0 47.0 584.0 0.03 -0.25 -0.09 0.07 0.08 0.04
200 17.0 98.0 47.0 573.0 0.0 -0.26 -0.09 0.14 0.07 0.15
201 17.0 100.0 46.0 561.0 -0.04 -0.24 -0.09 0.19 0.03 0.09
202 17.0 100.0 46.0 551.0 -0.06 -0.19 -0.08 0.12 -0.06 0.0
203 17.0 100.0 45.0 539.0 -0.05 -0.16 -0.07 0.0 -0.09 0.02
204 17.0 100.0 45.0 528.0 0.0 -0.12 -0.08 -0.07 -0.05 -0.06
205 17.0 100.0 45.0 520.0 0.03 -0.13 -0.07 -0.24 -0.05 -0.1
206 17.0 100.0 45.0 511.0 0.03 -0.15 -0.08 -0.23 -0.06 -0.1
207 16.0 100.0 45.0 499.0 0.05 -0.21 -0.09 -0.11 -0.12 -0.09
208 17.0 100.0 45.0 488.0 0.04 -0.28 -0.09 -0.15 -0.1 -0.12
209 19.0 99.0 45.0 478.0 0.04 -0.32 -0.09 -0.12 -0.05 -0.11
210 18.0 98.0 44.0 461.0 0.04 -0.39 -0.08 0.06 0.06 0.06
211 18.0 98.0 45.0 452.0 0.04 -0.37 -0.04 0.16 0.16 0.15
212 18.0 98.0 45.0 440.0 0.03 -0.29 -0.03 0.36 0.2 0.2
213 18.0 97.0 45.0 428.0 0.02 -0.24 -0.03 0.37 0.17 0.14
214 18.0 95.0 45.0 420.0 -0.0 -0.15 -0.04 0.25 0.06 0.14
215 19.0 95.0 44.0 414.0 -0.01 -0.05 -0.06 0.18 0.02 0.08
216 19.0 92.0 45.0 406.0 -0.0 -0.01 -0.06 -0.03 -0.04 -0.07
217 19.0 90.0 45.0 399.0 0.01 0.0 -0.05 -0.08 -0.08 -0.03
218 19.0 88.0 44.0 389.0 0.01 -0.0 -0.04 -0.11 -0.06 -0.08
219 19.0 89.0 45.0 377.0 0.01 -0.02 -0.03 -0.14 -0.08 -0.07
220 20.0 89.0 44.0 369.0 0.02 -0.04 -0.03 -0.2 -0.03 -0.09
221 20.0 90.0 44.0 359.0 0.02 -0.06 -0.03 -0.09 0.05 -0.04
222 20.0 88.0 44.0 347.0 0.0 -0.09 -0.04 -0.02 0.06 -0.03
223 20.0 86.0 45.0 338.0 -0.02 -0.11 -0.04 0.1 0.04 0.04
224 20.0 87.0 45.0 327.0 -0.03 -0.11 -0.04 0.06 0.02 0.06
225 21.0 88.0 45.0 317.0 -0.03 -0.09 -0.02 0.11 -0.03 0.02
226 21.0 87.0 45.0 310.0 -0.0 -0.05 -0.01 0.02 -0.06 -0.02
227 21.0 87.0 45.0 304.0 0.01 -0.04 -0.01 0.0 -0.06 -0.01
