1 19.0 91.0 59.0 22.0 -0.01 -0.05 -0.01 0.0 0.0 -0.01
2 19.0 90.0 61.0 23.0 -0.01 -0.04 -0.0 0.01 0.01 -0.01
3 20.0 89.0 59.0 23.0 -0.0 -0.03 -0.0 0.01 0.01 -0.01
4 19.0 90.0 59.0 23.0 -0.0 -0.02 -0.0 -0.02 0.01 -0.02
5 19.0 88.0 59.0 23.0 -0.0 -0.01 -0.0 -0.04 0.05 -0.04
6 19.0 90.0 59.0 23.0 0.0 -0.01 -0.0 -0.03 0.02 -0.05
7 19.0 90.0 58.0 23.0 -0.0 -0.02 -0.0 0.0 0.02 0.0
8 18.0 89.0 58.0 23.0 -0.0 -0.02 -0.01 -0.01 0.0 -0.03
9 18.0 88.0 58.0 23.0 -0.0 -0.02 -0.01 -0.01 0.01 -0.03
10 19.0 89.0 58.0 23.0 0.0 -0.01 -0.0 0.0 0.01 0.0
11 18.0 89.0 58.0 23.0 0.0 -0.01 -0.0 -0.03 0.01 -0.02
12 19.0 88.0 57.0 23.0 -0.0 -0.01 -0.0 -0.02 0.02 0.01
13 19.0 88.0 57.0 23.0 -0.0 -0.01 0.0 -0.03 0.02 -0.05
14 18.0 85.0 56.0 23.0 -0.0 -0.01 -0.0 -0.02 0.02 -0.02
15 18.0 84.0 56.0 23.0 -0.01 -0.02 -0.01 0.0 0.03 -0.01
16 18.0 123.0 58.0 23.0 -0.01 -0.02 -0.0 0.03 -0.01 0.0
17 20.0 169.0 58.0 23.0 -0.01 -0.01 0.0 -0.04 -0.05 -0.06
18 26.0 259.0 56.0 25.0 0.02 -0.03 0.03 -0.22 -0.02 -0.16
19 28.0 296.0 54.0 25.0 0.17 -0.2 0.04 -0.73 0.09 -0.23
20 28.0 348.0 53.0 25.0 0.26 -0.33 0.04 -0.37 0.02 0.26
21 25.0 326.0 52.0 26.0 0.32 -0.37 0.03 0.77 0.04 0.56
22 27.0 343.0 52.0 42.0 0.39 -0.02 0.04 0.41 -0.07 0.86
23 36.0 346.0 52.0 60.0 0.43 0.18 0.02 -1.92 0.67 0.26
24 37.0 339.0 54.0 58.0 0.55 0.52 -0.16 0.12 0.09 0.17
25 37.0 356.0 53.0 51.0 0.46 0.54 -0.15 -1.27 -0.56 0.66
26 32.0 337.0 54.0 45.0 0.41 0.31 -0.05 -1.94 -0.41 1.53
27 27.0 371.0 55.0 42.0 0.33 -0.62 0.37 -3.33 0.12 1.83
28 28.0 355.0 53.0 39.0 0.65 -1.74 0.19 -9.15 -12.78 5.1
29 35.0 380.0 56.0 56.0 1.44 -2.98 -0.35 0.78 9.32 3.58
30 34.0 389.0 55.0 51.0 1.24 -3.47 0.7 -1.61 -0.64 2.69
31 41.0 404.0 58.0 55.0 1.49 -3.23 0.97 -1.6 0.09 2.15
32 62.0 439.0 60.0 49.0 1.61 -3.04 1.02 -1.64 0.09 1.94
33 56.0 414.0 62.0 43.0 1.89 -2.73 1.12 -0.52 0.21 1.46
34 52.0 422.0 70.0 40.0 2.14 -2.59 1.17 -0.67 0.02 1.3
35 44.0 432.0 71.0 38.0 2.25 -2.71 1.19 -0.58 0.1 0.91
36 37.0 388.0 75.0 35.0 2.34 -3.14 1.19 -0.27 -0.21 0.8
37 42.0 433.0 76.0 46.0 2.4 -3.49 1.16 0.02 -0.23 0.23
38 39.0 434.0 73.0 46.0 2.39 -3.63 1.11 -0.38 -0.41 0.15
39 39.0 460.0 71.0 44.0 2.35 -3.73 0.98 -0.21 -0.64 -0.78
40 38.0 487.0 70.0 47.0 2.29 -3.5 0.87 0.61 -0.65 -1.89
41 39.0 467.0 70.0 45.0 2.24 -3.25 0.86 0.31 -0.78 -1.89
42 48.0 484.0 79.0 54.0 2.19 -2.7 0.81 -0.36 -1.14 -1.95
43 54.0 503.0 76.0 58.0 2.07 -2.2 0.77 -0.99 -1.34 -1.99
44 53.0 523.0 74.0 60.0 2.04 -2.1 0.75 -0.92 -1.18 -1.86
45 48.0 484.0 72.0 70.0 1.96 -1.93 0.74 -0.76 -1.51 -2.14
46 49.0 472.0 73.0 72.0 1.88 -1.73 0.78 -0.2 -1.23 -2.67
47 55.0 539.0 82.0 107.0 1.76 -1.54 0.74 0.02 -1.3 -2.72
48 79.0 501.0 95.0 127.0 1.52 -1.22 0.68 -0.7 -1.44 -2.25
49 82.0 545.0 89.0 150.0 1.29 -1.15 0.68 -0.7 -1.35 -1.91
50 70.0 489.0 85.0 199.0 1.19 -1.15 0.66 -0.68 -1.15 -1.92
51 76.0 498.0 83.0 276.0 1.0 -1.05 0.6 -0.57 -0.85 -2.1
52 74.0 476.0 78.0 352.0 0.82 -0.76 0.54 -0.35 -0.78 -2.01
53 61.0 472.0 83.0 472.0 0.74 -0.57 0.52 -0.32 -0.71 -2.01
54 54.0 448.0 83.0 625.0 0.55 -0.29 0.49 -0.52 -0.55 -1.86
55 62.0 474.0 81.0 779.0 0.45 -0.33 0.47 -0.27 -0.52 -1.71
56 57.0 443.0 80.0 967.0 0.42 -0.39 0.45 -0.08 -0.4 -1.65
57 54.0 407.0 79.0 967.0 0.35 -0.53 0.39 -0.15 -0.34 -1.4
58 59.0 396.0 81.0 966.0 0.3 -0.55 0.32 -0.11 -0.21 -1.24
59 53.0 383.0 80.0 967.0 0.27 -0.47 0.28 -0.1 -0.14 -1.16
60 66.0 365.0 80.0 968.0 0.19 -0.15 0.2 -0.13 0.1 -0.76
61 84.0 394.0 81.0 967.0 0.1 0.17 0.13 -0.17 0.2 -0.62
62 69.0 405.0 85.0 968.0 0.08 0.27 0.09 -0.3 0.16 -0.52
63 65.0 409.0 92.0 967.0 0.07 0.35 0.03 -0.4 0.28 -0.39
64 66.0 412.0 94.0 967.0 0.06 0.27 0.01 -0.32 0.21 -0.03
65 63.0 388.0 95.0 968.0 0.06 0.17 -0.01 -0.05 0.09 0.42
66 57.0 401.0 97.0 967.0 0.11 0.01 -0.04 -0.05 0.1 0.42
67 60.0 486.0 99.0 967.0 0.18 0.0 -0.06 -0.21 0.24 0.1
68 58.0 536.0 102.0 967.0 0.21 0.04 -0.07 -0.23 0.28 0.0
69 63.0 513.0 108.0 967.0 0.27 0.17 -0.09 -0.26 0.21 -0.23
70 58.0 452.0 110.0 967.0 0.32 0.18 -0.1 -0.28 0.12 -0.71
71 57.0 439.0 111.0 967.0 0.33 0.11 -0.11 -0.22 0.12 -0.61
72 60.0 430.0 118.0 967.0 0.26 -0.06 -0.13 -0.16 0.05 -0.08
73 75.0 412.0 113.0 967.0 0.22 -0.09 -0.12 -0.14 0.16 -0.13
74 75.0 386.0 112.0 967.0 0.21 -0.04 -0.11 -0.32 0.21 -0.4
75 78.0 409.0 113.0 968.0 0.12 0.14 -0.07 -0.51 0.28 -0.62
76 67.0 409.0 115.0 967.0 0.0 0.33 -0.02 -0.49 0.13 -0.35
77 65.0 389.0 112.0 967.0 -0.04 0.36 0.0 -0.45 0.11 -0.23
78 56.0 430.0 114.0 967.0 -0.09 0.27 0.03 -0.41 0.05 -0.1
79 54.0 393.0 110.0 967.0 -0.09 0.09 0.03 -0.36 0.1 -0.03
80 48.0 381.0 115.0 967.0 -0.08 0.04 0.04 -0.38 0.14 0.02
81 49.0 375.0 113.0 967.0 -0.07 0.04 0.05 -0.39 0.07 0.07
82 48.0 365.0 112.0 967.0 -0.04 0.08 0.06 -0.39 0.0 0.03
83 44.0 327.0 113.0 967.0 -0.03 0.09 0.06 -0.33 -0.01 0.03
84 40.0 312.0 110.0 967.0 -0.01 0.1 0.07 -0.12 0.0 -0.28
85 38.0 392.0 106.0 967.0 -0.0 0.09 0.06 -0.17 -0.06 -0.36
86 41.0 390.0 109.0 967.0 -0.01 0.08 0.05 -0.17 -0.13 -0.37
87 37.0 354.0 109.0 967.0 -0.03 0.05 0.02 -0.27 -0.13 -0.39
88 45.0 344.0 107.0 967.0 -0.06 0.06 0.02 -0.25 -0.09 -0.48
89 41.0 352.0 104.0 958.0 -0.08 0.06 0.02 -0.2 -0.11 -0.48
90 42.0 342.0 100.0 915.0 -0.1 0.06 0.02 -0.2 -0.08 -0.38
91 40.0 336.0 102.0 866.0 -0.13 0.05 0.02 -0.19 -0.07 -0.33
92 35.0 349.0 104.0 824.0 -0.13 0.05 0.01 -0.16 -0.03 -0.28
93 42.0 361.0 101.0 785.0 -0.15 0.08 0.0 -0.25 0.0 -0.14
94 40.0 351.0 96.0 740.0 -0.16 0.07 -0.01 -0.26 -0.01 -0.17
95 35.0 327.0 97.0 695.0 -0.15 0.05 0.0 -0.2 0.0 -0.34
96 32.0 307.0 97.0 654.0 -0.14 0.01 -0.0 -0.24 -0.03 -0.33
97 38.0 304.0 97.0 615.0 -0.14 -0.01 0.0 -0.16 0.0 -0.29
98 36.0 295.0 93.0 574.0 -0.12 -0.03 0.01 -0.17 -0.02 -0.25
99 41.0 335.0 92.0 538.0 -0.1 -0.04 0.01 -0.17 -0.02 -0.29
100 37.0 341.0 91.0 498.0 -0.08 -0.04 0.01 -0.12 0.02 -0.29
101 35.0 316.0 92.0 456.0 -0.07 -0.02 0.0 -0.15 0.0 -0.34
102 49.0 301.0 92.0 413.0 -0.06 0.01 -0.01 -0.28 -0.01 -0.29
103 59.0 328.0 93.0 376.0 -0.06 0.02 -0.01 -0.18 -0.01 -0.24
104 53.0 305.0 92.0 336.0 -0.05 0.04 -0.0 -0.16 0.0 -0.24
105 49.0 288.0 93.0 312.0 -0.02 0.03 0.0 -0.16 0.03 -0.26
106 42.0 322.0 92.0 275.0 -0.0 0.03 0.0 -0.2 0.0 -0.16
107 38.0 337.0 89.0 241.0 0.0 0.02 0.0 -0.17 0.0 -0.12
108 44.0 321.0 89.0 213.0 0.02 0.04 -0.01 -0.14 -0.02 -0.14
109 41.0 295.0 86.0 178.0 0.03 0.05 -0.01 0.01 -0.05 -0.2
110 37.0 330.0 87.0 150.0 0.04 0.05 -0.01 0.01 -0.06 -0.18
111 38.0 297.0 88.0 132.0 0.04 0.01 -0.02 0.03 -0.14 -0.31
112 33.0 288.0 85.0 110.0 0.05 -0.02 -0.03 0.0 -0.23 -0.41
113 35.0 282.0 88.0 92.0 0.03 -0.04 -0.05 -0.01 -0.25 -0.44
114 31.0 267.0 92.0 80.0 -0.0 0.02 -0.07 -0.19 -0.23 -0.32
115 28.0 281.0 87.0 68.0 -0.03 0.09 -0.07 -0.25 -0.15 -0.39
116 26.0 268.0 86.0 60.0 -0.05 0.13 -0.08 -0.24 -0.16 -0.4
117 29.0 270.0 83.0 53.0 -0.08 0.15 -0.08 -0.21 -0.15 -0.38
118 26.0 276.0 83.0 47.0 -0.09 0.13 -0.08 -0.27 -0.07 -0.21
119 29.0 284.0 81.0 42.0 -0.11 0.08 -0.07 -0.25 -0.09 -0.19
120 38.0 269.0 81.0 39.0 -0.11 0.03 -0.06 -0.13 -0.02 -0.23
121 37.0 297.0 80.0 35.0 -0.11 0.04 -0.05 -0.11 0.0 -0.24
122 35.0 278.0 79.0 33.0 -0.11 0.05 -0.04 -0.12 -0.03 -0.29
123 39.0 272.0 78.0 32.0 -0.08 0.13 -0.04 -0.01 -0.07 -0.54
124 42.0 240.0 77.0 30.0 -0.08 0.18 -0.04 0.04 -0.14 -0.66
125 45.0 215.0 76.0 28.0 -0.08 0.34 -0.06 0.15 -0.26 -0.91
126 41.0 189.0 75.0 27.0 -0.11 0.64 -0.1 0.15 -0.37 -1.15
127 40.0 180.0 73.0 27.0 -0.17 1.01 -0.14 0.16 -0.39 -1.58
128 38.0 156.0 70.0 26.0 -0.23 1.2 -0.17 0.12 -0.32 -1.6
129 39.0 139.0 68.0 25.0 -0.41 1.54 -0.25 -0.19 -0.33 -1.35
130 38.0 124.0 65.0 32.0 -0.54 1.66 -0.29 -0.27 -0.33 -1.2
131 42.0 118.0 64.0 32.0 -0.78 1.91 -0.39 -0.31 -0.23 -1.13
132 46.0 109.0 61.0 32.0 -1.0 2.33 -0.5 -0.44 -0.09 -1.1
133 44.0 103.0 61.0 35.0 -1.1 2.57 -0.55 -0.09 0.14 -1.47
134 42.0 105.0 58.0 46.0 -1.25 3.23 -0.67 -0.11 0.09 -1.63
135 44.0 103.0 56.0 46.0 -1.53 3.92 -0.82 -0.48 -0.03 -1.3
136 48.0 106.0 55.0 57.0 -1.7 4.13 -0.88 0.06 0.0 -1.19
137 47.0 109.0 54.0 77.0 -1.98 4.46 -1.02 0.35 -0.06 -1.43
138 44.0 119.0 55.0 118.0 -2.27 4.68 -1.15 1.12 -0.16 -2.43
139 49.0 113.0 55.0 117.0 -2.35 4.66 -1.21 0.82 -0.61 -3.92
140 49.0 113.0 54.0 137.0 -2.45 4.2 -1.28 0.46 -0.89 -3.81
141 48.0 119.0 53.0 160.0 -2.45 3.51 -1.27 -0.93 -1.54 -2.62
142 49.0 123.0 53.0 196.0 -2.43 3.23 -1.28 -0.91 -1.66 -1.77
143 49.0 126.0 53.0 236.0 -2.38 2.91 -1.35 -0.71 -1.54 -1.4
144 52.0 128.0 57.0 293.0 -2.4 2.78 -1.45 -0.4 -1.59 -0.48
145 49.0 137.0 56.0 324.0 -2.4 2.69 -1.5 -0.66 -1.77 0.47
146 51.0 139.0 57.0 371.0 -2.36 2.37 -1.61 -1.1 -1.93 0.62
147 51.0 139.0 56.0 406.0 -2.26 2.09 -1.75 -0.57 -1.71 0.57
148 54.0 137.0 61.0 457.0 -2.15 1.96 -1.79 -0.55 -1.61 0.38
149 51.0 143.0 63.0 510.0 -1.91 1.69 -1.8 -0.24 -1.34 0.77
150 52.0 147.0 62.0 550.0 -1.75 1.23 -1.72 0.29 -1.01 1.35
151 54.0 135.0 60.0 581.0 -1.62 0.89 -1.71 1.24 -1.21 0.54
152 55.0 124.0 60.0 617.0 -0.98 0.0 -1.36 2.0 -0.16 0.06
153 54.0 118.0 69.0 654.0 -0.83 -0.3 -1.42 3.35 0.4 -0.76
154 54.0 118.0 66.0 685.0 -0.89 -0.25 -1.74 1.74 -2.53 0.31
155 71.0 139.0 65.0 718.0 -0.99 -0.48 -1.23 -27.4 2.39 17.28
156 69.0 130.0 68.0 723.0 -1.08 -2.6 -0.86 2.95 -4.13 -4.1
157 65.0 122.0 84.0 740.0 0.34 -1.72 -0.46 -2.84 0.58 -3.3
158 53.0 113.0 82.0 765.0 1.05 0.32 -0.03 2.51 0.42 0.61
159 54.0 110.0 78.0 785.0 0.79 0.27 -0.24 0.5 -0.1 0.37
160 53.0 105.0 72.0 806.0 0.59 0.08 -0.39 0.12 -0.11 0.27
161 54.0 101.0 69.0 829.0 0.26 -0.21 -0.4 -0.28 0.1 0.52
162 45.0 98.0 69.0 841.0 -0.12 -0.51 -0.32 -0.47 -0.22 -0.14
163 41.0 96.0 65.0 848.0 -0.16 -0.59 -0.28 -0.4 -0.41 -0.38
164 37.0 94.0 67.0 857.0 0.04 -0.54 -0.18 -0.44 -0.22 -0.3
165 32.0 93.0 65.0 860.0 0.14 -0.47 -0.19 -0.13 -0.06 -0.13
166 30.0 92.0 63.0 864.0 0.16 -0.44 -0.21 0.04 0.12 0.07
167 27.0 92.0 58.0 867.0 0.24 -0.42 -0.21 -0.13 0.12 0.1
168 26.0 91.0 56.0 868.0 0.17 -0.49 -0.2 0.02 0.15 0.0
169 24.0 93.0 56.0 868.0 0.16 -0.54 -0.17 0.28 0.2 0.06
170 22.0 99.0 56.0 871.0 0.13 -0.61 -0.14 0.23 0.09 0.2
171 21.0 113.0 55.0 870.0 0.14 -0.51 -0.13 0.38 -0.02 0.06
172 20.0 108.0 56.0 853.0 0.15 -0.44 -0.12 0.35 -0.04 0.04
173 21.0 104.0 60.0 827.0 0.2 -0.32 -0.12 0.3 -0.18 0.09
174 19.0 101.0 62.0 816.0 0.25 -0.28 -0.07 0.17 -0.2 0.13
175 18.0 102.0 64.0 807.0 0.28 -0.25 -0.04 0.18 -0.17 0.13
176 19.0 102.0 62.0 800.0 0.27 -0.19 -0.02 0.18 0.01 0.17
177 19.0 103.0 61.0 786.0 0.2 -0.14 -0.03 0.0 0.12 0.19
178 18.0 104.0 57.0 782.0 0.16 -0.11 -0.04 -0.11 0.11 0.1
179 18.0 102.0 55.0 765.0 0.12 -0.06 -0.05 -0.3 0.15 -0.03
180 19.0 103.0 61.0 755.0 0.1 -0.06 -0.07 -0.15 0.17 -0.04
181 18.0 101.0 60.0 741.0 0.09 -0.1 -0.09 -0.06 0.11 -0.05
182 19.0 103.0 58.0 729.0 0.06 -0.17 -0.1 -0.03 0.12 -0.01
183 20.0 103.0 58.0 716.0 0.03 -0.21 -0.09 0.11 0.06 0.07
184 19.0 102.0 57.0 702.0 0.02 -0.21 -0.09 0.09 0.0 0.05
185 19.0 102.0 62.0 688.0 0.02 -0.17 -0.08 0.18 -0.03 0.07
186 19.0 102.0 59.0 679.0 0.06 -0.1 -0.07 0.09 -0.03 0.02
187 19.0 103.0 61.0 667.0 0.07 -0.07 -0.07 0.02 0.0 0.03
188 20.0 104.0 61.0 657.0 0.09 -0.01 -0.06 0.03 0.01 0.0
189 20.0 105.0 64.0 647.0 0.08 -0.0 -0.06 -0.11 0.03 -0.04
190 20.0 105.0 62.0 630.0 0.07 -0.01 -0.06 -0.11 0.0 -0.01
191 19.0 104.0 59.0 615.0 0.04 -0.03 -0.05 -0.01 -0.04 0.0
192 22.0 102.0 57.0 601.0 0.02 -0.04 -0.03 0.05 -0.09 0.05
193 20.0 105.0 55.0 589.0 0.02 -0.04 -0.02 0.05 -0.03 0.03
194 22.0 105.0 58.0 573.0 0.01 -0.02 0.0 -0.03 -0.03 -0.01
195 22.0 105.0 64.0 563.0 0.01 -0.02 0.01 -0.02 -0.02 0.0
196 25.0 103.0 62.0 545.0 0.01 -0.02 0.01 -0.12 -0.02 -0.04
197 26.0 104.0 60.0 535.0 0.01 -0.02 0.01 -0.17 0.0 -0.04
198 26.0 103.0 60.0 522.0 0.01 -0.04 0.01 -0.1 -0.02 -0.01
199 27.0 104.0 61.0 507.0 0.01 -0.04 0.01 -0.13 -0.02 -0.04
200 27.0 103.0 60.0 493.0 0.02 -0.04 0.0 -0.15 0.0 -0.06
201 26.0 102.0 61.0 483.0 0.03 -0.06 -0.02 -0.08 -0.03 -0.01
202 26.0 102.0 63.0 470.0 0.03 -0.07 -0.02 -0.03 0.05 0.01
203 26.0 100.0 62.0 462.0 0.02 -0.07 -0.04 0.0 0.02 0.03
204 31.0 100.0 64.0 453.0 0.0 -0.07 -0.04 0.07 0.01 0.04
205 28.0 99.0 61.0 441.0 -0.01 -0.08 -0.04 0.08 0.02 0.0
206 29.0 98.0 62.0 433.0 -0.0 -0.06 -0.03 0.13 0.0 0.05
207 30.0 99.0 60.0 425.0 -0.0 -0.02 -0.02 0.08 0.0 -0.02
208 30.0 99.0 59.0 417.0 0.01 -0.0 -0.01 -0.01 0.05 -0.01
209 34.0 101.0 61.0 414.0 0.02 0.01 -0.01 -0.06 0.01 -0.04
210 34.0 101.0 59.0 408.0 0.03 0.01 -0.01 -0.1 0.01 -0.04
211 33.0 102.0 59.0 398.0 0.03 0.0 -0.02 -0.1 0.03 -0.03
212 34.0 103.0 57.0 389.0 0.02 -0.01 -0.02 -0.01 0.0 0.0
213 34.0 104.0 58.0 380.0 0.01 -0.02 -0.01 -0.02 0.01 -0.02
214 34.0 105.0 68.0 370.0 0.01 -0.02 -0.01 0.0 0.0 0.0
215 35.0 105.0 65.0 361.0 -0.0 -0.02 0.0 0.05 0.0 0.02
216 35.0 106.0 64.0 354.0 -0.01 -0.0 0.01 0.06 0.0 -0.01
217 35.0 107.0 64.0 342.0 -0.01 0.0 0.01 -0.04 -0.04 -0.03
218 37.0 110.0 65.0 333.0 -0.01 0.01 0.02 -0.07 -0.02 -0.05
219 37.0 109.0 61.0 324.0 0.01 0.01 0.03 -0.14 -0.05 -0.08
220 36.0 110.0 61.0 318.0 0.02 -0.01 0.02 -0.12 -0.04 -0.09
221 37.0 108.0 59.0 309.0 0.04 -0.03 0.03 -0.14 -0.01 -0.06
222 38.0 110.0 61.0 300.0 0.06 -0.04 0.03 -0.11 0.0 -0.05
223 36.0 111.0 59.0 291.0 0.08 -0.04 0.03 -0.12 0.0 -0.02
224 37.0 109.0 58.0 279.0 0.08 -0.05 0.03 -0.05 0.03 -0.01
225 36.0 109.0 64.0 270.0 0.08 -0.04 0.01 -0.05 0.03 -0.01
226 36.0 111.0 62.0 261.0 0.08 -0.04 0.01 -0.04 0.01 0.0
227 36.0 107.0 63.0 253.0 0.07 -0.04 0.0 -0.02 0.09 0.02
228 37.0 105.0 62.0 248.0 0.03 -0.04 -0.01 0.0 0.08 -0.02
229 37.0 102.0 65.0 243.0 0.01 -0.04 -0.01 0.07 0.1 0.1
230 40.0 101.0 62.0 240.0 -0.02 -0.03 -0.02 0.09 0.07 0.03
231 38.0 99.0 60.0 233.0 -0.04 0.0 -0.02 0.04 0.0 0.02
232 38.0 97.0 60.0 226.0 -0.04 0.02 -0.02 0.03 -0.02 0.0
233 38.0 98.0 60.0 217.0 -0.03 0.04 -0.01 -0.11 -0.04 -0.09
234 40.0 98.0 58.0 209.0 -0.01 0.03 -0.01 -0.14 -0.01 -0.08
235 39.0 97.0 58.0 202.0 -0.0 0.03 0.0 -0.13 -0.03 -0.05
236 36.0 98.0 60.0 196.0 0.0 0.01 0.01 -0.15 0.02 -0.05
237 36.0 99.0 63.0 191.0 -0.0 -0.02 0.01 -0.11 0.06 -0.02
238 34.0 97.0 61.0 187.0 -0.01 -0.02 0.0 -0.03 0.09 0.0
239 38.0 99.0 59.0 182.0 -0.04 -0.02 -0.01 0.03 0.07 -0.01
240 35.0 99.0 58.0 178.0 -0.05 0.0 -0.01 0.06 0.03 0.01
241 35.0 99.0 59.0 173.0 -0.06 0.02 -0.01 0.07 0.03 0.04
242 36.0 100.0 61.0 170.0 -0.04 0.05 -0.01 0.08 0.0 0.0
243 36.0 99.0 61.0 165.0 -0.02 0.07 0.0 -0.04 -0.02 -0.08
244 36.0 99.0 65.0 159.0 -0.01 0.06 0.01 -0.09 0.0 -0.06
245 37.0 97.0 63.0 153.0 0.02 0.04 0.01 -0.18 0.01 -0.1
246 39.0 96.0 61.0 143.0 0.04 -0.01 0.02 -0.18 0.0 -0.11
247 39.0 94.0 62.0 135.0 0.04 -0.03 0.02 -0.21 0.02 -0.09
248 39.0 94.0 59.0 127.0 0.06 -0.06 0.01 -0.13 0.0 -0.01
249 38.0 91.0 57.0 121.0 0.07 -0.07 0.01 -0.01 0.02 -0.02
250 40.0 92.0 56.0 116.0 0.07 -0.07 0.01 -0.04 0.02 0.0
251 39.0 91.0 58.0 111.0 0.08 -0.05 -0.0 -0.03 0.01 0.0
252 41.0 91.0 56.0 104.0 0.06 -0.03 -0.01 -0.04 0.04 -0.01
253 42.0 92.0 58.0 98.0 0.05 -0.03 -0.01 -0.02 0.05 0.0
254 41.0 93.0 55.0 92.0 0.02 -0.03 -0.02 -0.04 0.12 0.0
255 40.0 93.0 55.0 86.0 -0.02 -0.04 -0.03 0.0 0.1 -0.02
256 40.0 91.0 53.0 84.0 -0.03 -0.05 -0.03 -0.02 0.08 0.02
257 39.0 89.0 54.0 79.0 -0.05 -0.04 -0.04 0.02 0.0 0.01
258 38.0 89.0 53.0 76.0 -0.04 -0.02 -0.04 0.02 -0.02 -0.02
259 37.0 88.0 55.0 74.0 -0.04 -0.01 -0.03 -0.03 -0.05 -0.02
260 38.0 89.0 55.0 71.0 -0.02 0.0 -0.02 -0.1 -0.01 -0.07
261 38.0 89.0 56.0 66.0 -0.01 -0.0 -0.02 -0.12 0.0 -0.07
262 38.0 89.0 58.0 64.0 -0.01 -0.02 -0.01 -0.15 0.0 -0.08
263 41.0 90.0 58.0 61.0 -0.0 -0.02 -0.01 -0.05 0.06 -0.02
264 39.0 88.0 57.0 61.0 -0.01 -0.03 -0.01 0.03 0.08 -0.02
265 38.0 90.0 58.0 58.0 -0.01 -0.03 -0.01 0.03 0.1 0.03
266 37.0 90.0 62.0 58.0 -0.02 -0.01 -0.0 0.1 0.07 0.02
267 39.0 90.0 64.0 57.0 -0.02 0.02 0.0 0.09 0.07 -0.01
268 39.0 91.0 62.0 54.0 -0.01 0.03 0.01 0.05 0.03 0.0
269 37.0 91.0 61.0 56.0 0.0 0.04 0.01 0.0 0.0 -0.03
270 37.0 92.0 62.0 56.0 0.03 0.03 0.02 -0.1 -0.06 -0.07
271 37.0 93.0 63.0 55.0 0.04 0.03 0.02 -0.13 -0.07 -0.08
272 36.0 93.0 62.0 52.0 0.08 0.03 0.02 -0.23 -0.09 -0.14
273 34.0 91.0 65.0 48.0 0.09 0.01 0.02 -0.26 -0.07 -0.15
274 33.0 91.0 65.0 43.0 0.09 -0.01 0.02 -0.27 -0.08 -0.1
275 33.0 89.0 65.0 41.0 0.1 -0.05 0.02 -0.17 0.01 -0.03
276 31.0 89.0 66.0 40.0 0.09 -0.06 0.03 -0.15 0.02 -0.06
277 30.0 89.0 66.0 37.0 0.09 -0.06 0.03 -0.07 0.09 -0.03
278 31.0 89.0 67.0 36.0 0.08 -0.06 0.02 0.0 0.14 -0.01
279 33.0 90.0 65.0 34.0 0.05 -0.06 0.01 0.0 0.19 0.05
280 30.0 91.0 65.0 31.0 0.04 -0.07 -0.0 0.04 0.17 0.05
281 31.0 91.0 63.0 31.0 0.01 -0.05 -0.03 0.1 0.11 0.06
282 32.0 92.0 64.0 31.0 -0.01 -0.02 -0.03 0.09 0.01 0.02
283 31.0 92.0 67.0 30.0 -0.02 0.0 -0.03 0.07 -0.01 0.0
284 33.0 90.0 64.0 29.0 -0.02 0.02 -0.02 -0.09 -0.04 -0.04
285 34.0 89.0 63.0 29.0 -0.01 0.01 0.0 -0.1 -0.02 -0.05
