1 17.0 70.0 61.0 37.0 0.02 -0.01 0.0 -0.04 0.11 -0.03
2 16.0 69.0 60.0 35.0 0.02 -0.0 0.0 -0.07 0.11 -0.03
3 16.0 69.0 60.0 33.0 0.03 -0.0 0.01 -0.09 0.11 -0.03
4 16.0 69.0 60.0 31.0 0.03 -0.0 0.01 -0.12 0.11 -0.03
5 16.0 70.0 59.0 30.0 0.04 -0.01 0.0 -0.1 0.13 -0.02
6 16.0 69.0 57.0 29.0 0.05 -0.03 0.01 -0.1 0.13 -0.06
7 16.0 70.0 56.0 28.0 0.06 -0.03 0.01 -0.07 0.12 -0.05
8 16.0 69.0 55.0 28.0 0.07 -0.04 0.01 -0.06 0.13 -0.02
9 17.0 70.0 54.0 28.0 0.07 -0.04 0.0 -0.09 0.15 -0.02
10 17.0 69.0 53.0 28.0 0.06 -0.05 0.0 -0.1 0.16 -0.05
11 15.0 68.0 53.0 27.0 0.06 -0.04 -0.01 -0.09 0.15 -0.02
12 16.0 68.0 53.0 27.0 0.05 -0.05 -0.01 -0.05 0.13 -0.02
13 17.0 68.0 53.0 26.0 0.04 -0.05 -0.01 -0.03 0.08 0.0
14 16.0 67.0 52.0 26.0 0.04 -0.04 -0.01 -0.01 0.04 -0.05
15 16.0 67.0 51.0 25.0 0.05 -0.03 -0.0 0.0 0.06 -0.04
16 16.0 66.0 51.0 25.0 0.05 -0.02 0.01 -0.02 0.11 -0.02
17 16.0 66.0 51.0 25.0 0.05 -0.01 0.01 -0.03 0.13 0.0
18 16.0 67.0 51.0 26.0 0.05 0.0 0.01 -0.11 0.19 -0.04
19 16.0 73.0 53.0 46.0 0.05 0.0 0.0 -0.06 0.18 -0.02
20 20.0 82.0 55.0 72.0 0.04 -0.01 0.0 -0.06 0.2 -0.03
21 30.0 84.0 58.0 84.0 0.02 -0.01 0.0 0.02 0.14 -0.03
22 49.0 102.0 56.0 74.0 0.01 0.0 0.0 0.02 0.13 0.0
23 84.0 149.0 56.0 65.0 -0.01 0.04 0.02 0.15 0.01 0.04
24 98.0 163.0 54.0 61.0 -0.03 0.08 0.05 -0.37 0.07 0.14
25 87.0 196.0 59.0 107.0 -0.05 0.03 0.1 -0.3 0.25 0.17
26 106.0 202.0 59.0 131.0 -0.21 -0.27 0.21 0.72 0.67 0.69
27 110.0 249.0 59.0 127.0 -0.78 -1.19 0.43 -0.25 -1.21 0.92
28 104.0 249.0 59.0 103.0 -0.61 -1.1 0.3 -0.68 -0.51 1.12
29 88.0 247.0 61.0 90.0 -0.19 -1.32 0.15 0.53 -0.18 3.85
30 83.0 226.0 59.0 75.0 -0.25 -1.56 0.12 -5.4 -3.8 7.04
31 80.0 241.0 60.0 64.0 0.8 -2.24 -0.35 3.7 3.53 6.09
32 69.0 226.0 58.0 57.0 1.53 -2.12 -0.05 1.59 1.51 4.42
33 63.0 215.0 57.0 51.0 2.14 -1.24 -0.03 1.8 1.86 4.31
34 56.0 228.0 58.0 45.0 2.35 -0.88 -0.08 1.58 2.06 4.1
35 52.0 282.0 57.0 41.0 2.64 -0.82 -0.2 0.6 1.8 3.22
36 55.0 270.0 57.0 37.0 3.03 -1.4 -0.35 0.98 1.51 1.92
37 62.0 238.0 55.0 34.0 3.21 -1.59 -0.38 1.25 1.79 0.7
38 59.0 236.0 55.0 32.0 3.35 -1.79 -0.41 1.34 1.8 0.56
39 61.0 239.0 55.0 30.0 3.24 -1.61 -0.38 0.64 1.39 0.08
40 71.0 230.0 54.0 29.0 3.19 -1.54 -0.43 0.28 1.09 -0.18
41 72.0 233.0 53.0 30.0 3.28 -1.65 -0.47 0.13 0.94 -0.76
42 78.0 266.0 52.0 30.0 3.29 -1.73 -0.47 0.06 0.7 -0.69
43 90.0 279.0 52.0 30.0 3.19 -1.81 -0.43 0.1 0.64 -0.56
44 91.0 269.0 52.0 30.0 3.15 -1.72 -0.47 0.08 1.34 -1.29
45 86.0 252.0 51.0 35.0 3.06 -1.55 -0.35 0.04 0.89 -1.56
46 75.0 273.0 53.0 40.0 2.8 -1.26 -0.36 -0.27 0.94 -1.6
47 78.0 276.0 53.0 38.0 2.6 -1.07 -0.34 -0.58 0.73 -1.4
48 77.0 285.0 52.0 35.0 2.5 -1.02 -0.31 -0.58 0.65 -1.74
49 82.0 259.0 51.0 33.0 2.31 -0.92 -0.3 -0.38 0.69 -1.78
50 78.0 273.0 52.0 31.0 2.04 -0.8 -0.27 -0.06 0.34 -1.8
51 104.0 283.0 50.0 30.0 1.88 -0.68 -0.28 -0.03 0.11 -1.87
52 86.0 279.0 50.0 29.0 1.61 -0.38 -0.28 -0.18 0.0 -1.87
53 82.0 255.0 49.0 28.0 1.28 -0.09 -0.31 -0.57 -0.54 -1.65
54 71.0 263.0 49.0 26.0 1.12 -0.07 -0.31 -0.56 -1.24 -1.4
55 58.0 227.0 51.0 26.0 0.83 -0.17 -0.36 -0.34 -1.98 -1.03
56 51.0 215.0 52.0 27.0 0.52 -0.27 -0.43 -0.65 -2.9 -0.59
57 47.0 217.0 53.0 28.0 0.34 -0.27 -0.47 -1.18 -4.01 0.01
58 50.0 210.0 52.0 41.0 -0.01 -0.21 -0.56 -1.26 -4.45 0.24
59 48.0 196.0 54.0 42.0 -0.31 -0.12 -0.6 -1.59 -5.32 0.71
60 57.0 180.0 58.0 38.0 -0.45 -0.09 -0.58 -1.87 -6.52 1.03
61 65.0 194.0 60.0 35.0 -0.64 -0.08 -0.46 -2.03 -6.7 0.9
62 74.0 206.0 61.0 35.0 -0.7 -0.07 -0.31 -2.27 -6.87 0.25
63 75.0 204.0 63.0 39.0 -0.68 -0.06 -0.2 -2.53 -6.68 -0.19
64 77.0 217.0 65.0 37.0 -0.54 -0.09 -0.01 -2.51 -6.7 -0.25
65 73.0 190.0 65.0 40.0 -0.34 -0.08 0.23 -2.18 -6.27 -0.47
66 65.0 164.0 66.0 43.0 -0.34 -0.08 0.23 -2.16 -5.81 -0.59
67 65.0 150.0 65.0 45.0 -0.3 0.13 0.31 -2.18 -5.14 -0.46
68 64.0 143.0 65.0 81.0 -0.36 0.66 0.36 -2.27 -5.24 0.08
69 74.0 135.0 66.0 82.0 -0.36 0.66 0.36 -2.45 -4.86 0.25
70 65.0 121.0 66.0 72.0 -0.48 1.06 0.42 -2.36 -4.75 0.11
71 68.0 121.0 64.0 77.0 -0.78 1.32 0.52 -2.35 -4.61 -0.51
72 65.0 139.0 66.0 69.0 -0.78 1.32 0.52 -2.03 -4.23 -0.73
73 72.0 156.0 64.0 108.0 -1.04 1.3 0.61 -1.99 -3.84 -0.75
74 65.0 162.0 66.0 91.0 -1.08 1.24 0.61 -1.82 -3.11 -0.98
75 68.0 182.0 65.0 77.0 -1.16 1.3 0.61 -1.41 -2.63 -1.17
76 82.0 202.0 66.0 68.0 -1.3 1.36 0.5 -1.46 -1.3 -1.02
77 81.0 216.0 66.0 72.0 -1.53 1.39 0.42 -1.39 -1.63 -0.9
78 72.0 234.0 67.0 62.0 -1.61 1.41 0.38 -0.3 0.24 -0.31
79 68.0 207.0 64.0 56.0 -1.75 1.43 0.19 -0.07 1.13 0.1
80 70.0 205.0 64.0 54.0 -1.91 1.34 0.03 0.66 3.04 1.37
81 62.0 205.0 64.0 48.0 -1.97 1.3 -0.04 0.98 4.45 3.18
82 58.0 204.0 63.0 53.0 -2.02 1.26 -0.15 1.21 4.76 3.52
83 57.0 205.0 64.0 60.0 -1.91 1.29 -0.25 1.91 5.24 3.98
84 51.0 197.0 63.0 55.0 -1.64 1.23 -0.36 2.41 5.67 3.94
85 47.0 218.0 64.0 88.0 -1.43 1.12 -0.33 2.2 5.91 4.43
86 50.0 218.0 64.0 92.0 -0.98 0.78 -0.28 2.17 5.55 4.42
87 44.0 209.0 64.0 129.0 -0.76 0.63 -0.25 1.95 4.98 3.52
88 38.0 189.0 64.0 148.0 -0.33 0.39 -0.11 1.92 4.82 3.16
89 40.0 206.0 64.0 186.0 -0.03 0.25 0.05 2.11 4.77 2.86
90 52.0 200.0 62.0 215.0 0.11 0.16 0.15 2.22 4.72 2.47
91 51.0 203.0 65.0 263.0 0.37 -0.05 0.29 2.23 4.53 2.25
92 46.0 213.0 65.0 304.0 0.64 -0.32 0.36 2.27 4.1 1.63
93 40.0 202.0 64.0 336.0 0.78 -0.41 0.35 2.16 3.68 1.43
94 34.0 196.0 63.0 396.0 1.04 -0.42 0.27 2.13 3.56 1.23
95 31.0 199.0 62.0 444.0 1.24 -0.28 0.24 1.95 3.34 0.74
96 28.0 196.0 59.0 493.0 1.34 -0.25 0.24 1.72 3.03 0.78
97 26.0 177.0 60.0 547.0 1.53 -0.35 0.25 1.39 2.94 0.71
98 24.0 171.0 58.0 581.0 1.7 -0.57 0.28 0.94 3.04 0.95
99 22.0 159.0 55.0 619.0 1.76 -0.63 0.29 0.38 3.21 1.09
100 22.0 166.0 52.0 647.0 1.84 -0.6 0.32 0.23 2.99 1.34
101 21.0 164.0 64.0 665.0 1.93 -0.63 0.36 0.44 2.7 1.52
102 20.0 155.0 70.0 670.0 2.0 -0.64 0.32 0.37 2.44 0.92
103 19.0 147.0 69.0 664.0 2.04 -0.54 0.32 0.59 2.18 0.8
104 18.0 141.0 83.0 639.0 1.98 -0.17 0.23 0.37 1.39 0.33
105 18.0 135.0 83.0 597.0 1.91 0.08 0.19 0.37 0.98 0.57
106 18.0 129.0 74.0 536.0 1.68 0.58 0.08 0.09 0.68 0.71
107 17.0 124.0 72.0 478.0 1.38 0.9 -0.01 -0.07 0.17 0.68
108 17.0 117.0 68.0 404.0 1.16 0.94 -0.08 -0.16 -0.77 -0.14
109 16.0 108.0 67.0 321.0 0.81 0.71 -0.2 -0.08 -1.1 -0.33
110 17.0 100.0 65.0 263.0 0.6 0.42 -0.36 -0.07 -1.82 -1.0
111 17.0 97.0 64.0 210.0 0.49 0.3 -0.45 -0.77 -2.9 -1.0
112 19.0 109.0 62.0 167.0 0.22 0.34 -0.58 -0.97 -3.36 -1.06
113 19.0 134.0 61.0 140.0 0.05 0.44 -0.69 -1.14 -3.64 -1.54
114 18.0 143.0 59.0 121.0 -0.04 0.4 -0.73 -1.17 -3.94 -1.82
115 17.0 197.0 57.0 107.0 -0.23 0.0 -0.81 -1.03 -5.09 -1.76
116 17.0 188.0 56.0 112.0 -0.35 -0.5 -0.72 -1.16 -5.6 -1.57
117 17.0 192.0 55.0 100.0 -0.33 -0.73 -0.66 -1.53 -6.39 -1.29
118 18.0 196.0 53.0 93.0 -0.33 -1.03 -0.52 -1.82 -6.31 -1.08
119 19.0 191.0 53.0 104.0 -0.42 -1.25 -0.32 -1.84 -6.53 -0.84
120 20.0 203.0 52.0 119.0 -0.41 -1.28 -0.22 -1.77 -6.13 -0.41
121 22.0 228.0 52.0 135.0 -0.39 -1.17 -0.13 -1.96 -5.91 -0.43
122 22.0 212.0 52.0 135.0 -0.33 -1.03 0.02 -1.88 -5.38 -0.51
123 22.0 259.0 52.0 143.0 -0.26 -0.98 0.03 -2.01 -4.57 -0.83
124 22.0 224.0 52.0 160.0 -0.19 -0.88 0.03 -1.85 -4.31 -0.82
125 21.0 206.0 52.0 161.0 -0.17 -0.81 0.06 -1.92 -3.28 -0.84
126 34.0 183.0 53.0 207.0 -0.21 -0.75 0.06 -2.42 -3.38 0.03
127 31.0 166.0 57.0 253.0 -0.34 -0.52 0.11 -2.54 -3.59 0.35
128 29.0 159.0 59.0 299.0 -0.52 -0.39 0.21 -2.64 -4.14 0.68
129 35.0 151.0 66.0 258.0 -0.62 -0.45 0.26 -3.07 -5.49 1.56
130 31.0 150.0 63.0 223.0 -0.7 -0.56 0.39 -2.96 -5.2 1.57
131 42.0 147.0 64.0 237.0 -0.82 -0.57 0.54 -2.76 -4.66 0.6
132 41.0 137.0 62.0 199.0 -0.89 -0.51 0.63 -2.43 -4.9 0.07
133 44.0 172.0 63.0 168.0 -0.92 -0.21 0.75 -2.09 -4.83 -0.58
134 46.0 197.0 60.0 155.0 -1.13 0.19 0.78 -1.25 -3.64 -0.89
135 53.0 197.0 60.0 159.0 -1.14 0.41 0.69 -0.95 -1.45 -1.0
136 62.0 194.0 61.0 136.0 -1.41 0.48 0.43 -0.86 -0.33 -0.86
137 61.0 192.0 60.0 114.0 -1.65 0.5 0.16 -0.28 0.41 -0.52
138 58.0 191.0 60.0 100.0 -1.79 0.61 0.01 0.01 0.89 -0.24
139 61.0 198.0 62.0 96.0 -2.11 0.98 -0.25 0.67 2.33 1.66
140 60.0 191.0 62.0 123.0 -2.33 1.28 -0.48 1.19 3.92 1.49
141 59.0 193.0 64.0 167.0 -2.38 1.39 -0.6 1.22 4.28 1.09
142 54.0 183.0 70.0 259.0 -2.41 1.5 -0.76 1.97 4.74 1.05
143 50.0 192.0 78.0 355.0 -2.18 1.29 -0.82 1.82 5.3 2.77
144 50.0 182.0 87.0 460.0 -2.05 1.14 -0.72 2.03 5.47 3.36
145 53.0 171.0 94.0 567.0 -1.72 0.79 -0.61 2.2 5.91 3.28
146 62.0 191.0 101.0 658.0 -1.44 0.6 -0.45 2.2 5.42 2.47
147 63.0 198.0 107.0 750.0 -1.29 0.54 -0.33 2.13 5.17 2.08
148 60.0 174.0 112.0 829.0 -0.93 0.47 -0.1 1.82 4.75 1.48
149 62.0 174.0 115.0 862.0 -0.71 0.25 0.17 1.28 4.62 1.71
150 73.0 164.0 115.0 896.0 -0.62 0.13 0.28 1.4 4.16 1.74
151 80.0 160.0 116.0 930.0 -0.53 -0.27 0.47 1.22 3.4 1.85
152 76.0 154.0 115.0 930.0 -0.4 -0.81 0.55 1.14 2.42 1.46
153 75.0 152.0 111.0 913.0 -0.32 -0.94 0.59 1.18 2.29 0.96
154 72.0 142.0 106.0 890.0 -0.21 -0.84 0.63 1.13 2.08 -0.03
155 70.0 135.0 102.0 875.0 -0.08 -0.5 0.62 0.6 1.44 -0.46
156 68.0 129.0 96.0 834.0 -0.06 -0.4 0.59 0.32 1.35 -0.61
157 60.0 123.0 87.0 782.0 -0.04 -0.26 0.55 -0.1 1.02 -0.73
158 64.0 119.0 82.0 747.0 0.01 -0.17 0.52 -0.27 0.94 -1.03
159 60.0 121.0 75.0 683.0 -0.02 -0.11 0.51 -0.43 0.79 -1.18
160 54.0 122.0 68.0 615.0 -0.14 0.12 0.49 -0.38 0.66 -1.55
161 58.0 122.0 64.0 564.0 -0.27 0.5 0.47 -0.14 0.44 -2.0
162 52.0 122.0 61.0 494.0 -0.35 0.76 0.48 -0.04 0.43 -2.07
163 61.0 124.0 61.0 418.0 -0.47 1.32 0.45 0.08 0.4 -2.21
164 53.0 121.0 61.0 359.0 -0.62 1.97 0.37 0.04 0.29 -2.26
165 47.0 117.0 64.0 283.0 -0.71 2.28 0.32 0.08 0.29 -2.3
166 51.0 107.0 65.0 225.0 -0.91 2.77 0.2 -0.06 0.06 -1.73
167 46.0 103.0 69.0 194.0 -1.26 2.88 0.08 -0.39 -0.4 -0.92
168 76.0 103.0 71.0 157.0 -1.39 2.79 0.03 -0.17 -0.47 -0.89
169 72.0 106.0 73.0 145.0 -1.67 2.07 -0.07 0.11 -0.56 -1.8
170 65.0 107.0 75.0 148.0 -1.7 0.4 -0.05 -0.55 -1.33 -2.07
171 63.0 102.0 77.0 159.0 -1.57 -0.31 -0.14 -0.6 -1.42 -1.64
172 61.0 111.0 79.0 191.0 -1.5 -1.21 -0.22 -1.59 -2.1 -0.44
173 67.0 110.0 80.0 196.0 -1.48 -1.12 -0.2 -0.66 -2.02 0.06
174 59.0 112.0 83.0 226.0 -1.44 -0.7 -0.19 -0.33 -1.88 -0.32
175 57.0 108.0 85.0 257.0 -1.32 0.31 -0.21 -0.13 -1.84 -1.93
176 53.0 106.0 86.0 273.0 -1.26 1.02 -0.23 -0.24 -1.61 -2.29
177 47.0 106.0 88.0 300.0 -1.3 1.14 -0.27 -0.16 -1.52 -2.23
178 39.0 107.0 88.0 316.0 -1.45 0.92 -0.4 0.16 -1.57 -1.74
179 32.0 103.0 89.0 329.0 -1.52 0.41 -0.57 0.95 -1.34 -2.34
180 38.0 108.0 91.0 338.0 -1.57 0.18 -0.64 1.46 -1.17 -3.55
181 106.0 177.0 101.0 504.0 -1.79 0.3 -0.96 -11.8 -7.4 29.25
182 109.0 184.0 100.0 457.0 -2.31 0.2 -0.57 -1.3 -4.19 -6.46
183 88.0 166.0 98.0 411.0 -1.12 0.41 -1.07 -4.68 -2.02 -4.13
184 71.0 144.0 101.0 396.0 0.85 -0.21 -0.28 -1.19 -1.14 0.26
185 61.0 130.0 102.0 382.0 1.36 -0.3 -0.12 -0.93 0.28 0.65
186 50.0 116.0 101.0 370.0 1.37 -0.23 -0.09 -0.24 0.39 0.58
187 43.0 108.0 98.0 362.0 0.69 -0.42 -0.12 1.64 -0.43 0.0
188 39.0 102.0 98.0 356.0 0.26 -0.39 0.01 1.34 -0.53 0.0
189 38.0 95.0 97.0 351.0 0.16 -0.23 -0.0 0.23 0.31 0.07
190 32.0 89.0 96.0 345.0 -0.12 -0.14 -0.01 -0.24 0.56 0.59
191 29.0 84.0 95.0 338.0 -0.36 -0.14 -0.07 -0.17 0.81 0.25
192 26.0 80.0 93.0 331.0 -0.43 -0.1 -0.13 -0.12 0.52 0.03
193 24.0 77.0 92.0 325.0 -0.47 0.01 -0.16 0.19 0.58 -0.1
194 22.0 75.0 90.0 324.0 -0.29 -0.12 -0.1 -0.17 0.3 -0.34
195 22.0 73.0 87.0 316.0 -0.17 -0.19 -0.06 0.3 0.25 -0.1
196 21.0 74.0 84.0 309.0 -0.07 -0.08 -0.01 0.35 0.02 0.1
197 19.0 75.0 82.0 301.0 -0.07 0.04 -0.02 -0.09 0.04 0.02
198 19.0 74.0 80.0 296.0 -0.09 0.06 -0.03 -0.45 -0.05 -0.05
199 18.0 76.0 79.0 289.0 -0.07 0.05 -0.04 -0.48 -0.13 -0.07
200 18.0 77.0 79.0 283.0 -0.02 -0.01 -0.04 -0.36 -0.17 -0.07
201 17.0 79.0 78.0 274.0 0.01 -0.05 -0.03 -0.27 -0.15 -0.04
202 17.0 80.0 77.0 268.0 0.04 -0.12 -0.01 -0.17 -0.01 0.03
203 18.0 81.0 76.0 263.0 0.06 -0.15 0.01 0.03 0.12 0.0
204 17.0 83.0 76.0 255.0 0.07 -0.15 0.01 0.04 0.2 0.0
205 17.0 84.0 74.0 250.0 0.07 -0.12 -0.0 0.01 0.2 -0.01
206 17.0 84.0 73.0 247.0 0.08 -0.08 -0.01 -0.03 0.2 -0.01
207 17.0 85.0 73.0 239.0 0.08 -0.07 -0.02 -0.06 0.2 0.02
208 17.0 86.0 72.0 233.0 0.06 -0.07 -0.03 -0.07 0.18 -0.03
209 16.0 86.0 72.0 228.0 0.05 -0.07 -0.03 -0.04 0.15 -0.01
210 16.0 87.0 72.0 221.0 0.04 -0.06 -0.03 -0.01 0.12 0.0
211 17.0 87.0 71.0 213.0 0.04 -0.05 -0.03 -0.03 0.09 0.0
212 17.0 88.0 72.0 207.0 0.05 -0.04 -0.02 -0.09 0.1 -0.01
213 17.0 90.0 71.0 201.0 0.06 -0.04 -0.02 -0.13 0.12 0.0
214 17.0 89.0 70.0 200.0 0.06 -0.05 -0.01 -0.1 0.14 -0.01
215 16.0 90.0 69.0 196.0 0.06 -0.06 -0.01 -0.08 0.13 0.0
216 16.0 90.0 68.0 191.0 0.06 -0.06 -0.01 -0.05 0.14 -0.01
217 16.0 89.0 67.0 185.0 0.06 -0.04 -0.01 -0.05 0.2 0.0
218 16.0 86.0 66.0 179.0 0.06 -0.04 -0.02 -0.09 0.19 0.0
219 17.0 86.0 65.0 173.0 0.05 -0.04 -0.02 -0.1 0.15 0.0
220 17.0 87.0 65.0 168.0 0.04 -0.04 -0.01 -0.05 0.18 0.0
221 17.0 86.0 64.0 161.0 0.04 -0.03 -0.01 -0.04 0.13 -0.01
222 18.0 86.0 63.0 155.0 0.04 -0.03 -0.01 -0.05 0.13 -0.01
223 17.0 86.0 64.0 149.0 0.03 -0.02 -0.0 -0.09 0.09 -0.03
224 16.0 85.0 63.0 145.0 0.03 -0.02 -0.0 -0.1 0.12 0.0
225 16.0 84.0 64.0 138.0 0.03 -0.03 0.0 -0.1 0.12 0.0
226 17.0 84.0 64.0 132.0 0.03 -0.03 0.01 -0.06 0.17 -0.01
227 16.0 83.0 65.0 126.0 0.02 -0.04 0.02 0.06 0.18 0.0
228 16.0 82.0 64.0 119.0 0.01 -0.03 0.03 0.09 0.16 0.0
229 16.0 82.0 65.0 115.0 -0.0 0.01 0.03 0.0 0.14 0.0
230 17.0 82.0 65.0 113.0 -0.01 0.04 0.02 -0.19 0.06 -0.04
231 16.0 82.0 64.0 107.0 -0.0 0.06 0.02 -0.23 0.07 -0.04
232 16.0 83.0 64.0 106.0 0.01 0.03 0.01 -0.24 0.08 -0.04
233 16.0 83.0 64.0 101.0 0.01 0.02 0.01 -0.16 0.09 0.0
234 16.0 83.0 64.0 97.0 0.02 -0.01 0.01 -0.13 0.11 0.0
235 16.0 83.0 64.0 95.0 0.03 -0.01 -0.0 -0.08 0.12 -0.01
236 16.0 85.0 63.0 93.0 0.04 -0.01 -0.01 -0.11 0.1 -0.03
237 15.0 86.0 61.0 91.0 0.05 -0.01 -0.02 -0.14 0.13 -0.02
238 16.0 86.0 61.0 89.0 0.05 -0.03 -0.02 -0.14 0.16 -0.02
