1 16.0 73.0 55.0 23.0 -0.03 0.01 -0.01 0.01 0.06 0.01
2 16.0 74.0 55.0 23.0 -0.03 0.02 0.0 -0.03 0.04 -0.01
3 16.0 74.0 53.0 23.0 -0.03 0.02 0.0 -0.06 0.09 -0.03
4 16.0 73.0 53.0 23.0 -0.04 0.02 0.01 -0.06 0.1 -0.02
5 14.0 73.0 55.0 23.0 -0.03 0.02 -0.0 -0.07 0.09 -0.06
6 16.0 72.0 54.0 23.0 -0.03 0.01 -0.01 -0.12 0.11 -0.05
7 16.0 71.0 55.0 24.0 -0.03 -0.01 -0.01 -0.1 0.07 -0.02
8 16.0 70.0 54.0 23.0 -0.02 -0.01 -0.01 -0.09 0.05 -0.03
9 16.0 69.0 56.0 23.0 -0.02 -0.01 -0.01 -0.07 0.05 -0.07
10 16.0 69.0 55.0 23.0 -0.01 -0.01 -0.02 -0.05 0.05 -0.04
11 16.0 69.0 55.0 23.0 -0.0 -0.0 -0.02 -0.04 0.04 -0.03
12 19.0 68.0 53.0 23.0 0.0 0.0 -0.02 -0.08 0.04 -0.02
13 16.0 67.0 56.0 23.0 0.01 -0.01 -0.02 -0.1 0.06 -0.03
14 17.0 67.0 54.0 23.0 0.02 -0.02 -0.02 -0.08 0.09 -0.02
15 16.0 67.0 52.0 23.0 0.01 -0.03 -0.02 -0.06 0.09 -0.01
16 16.0 67.0 54.0 23.0 0.01 -0.02 -0.03 -0.03 0.13 0.0
17 16.0 68.0 54.0 23.0 -0.01 -0.02 -0.02 0.0 0.1 -0.02
18 16.0 68.0 55.0 23.0 -0.01 -0.01 -0.02 0.0 0.06 -0.02
19 16.0 67.0 54.0 23.0 -0.02 -0.01 -0.01 0.0 0.03 -0.02
20 16.0 67.0 51.0 24.0 -0.02 -0.01 -0.0 -0.02 0.02 -0.05
21 16.0 67.0 52.0 23.0 -0.02 -0.01 0.01 0.0 0.09 -0.04
22 16.0 67.0 51.0 23.0 -0.03 -0.01 0.02 -0.04 0.12 -0.02
23 15.0 66.0 50.0 23.0 -0.03 -0.01 0.01 -0.06 0.12 0.0
24 16.0 67.0 53.0 23.0 -0.03 -0.01 0.01 -0.07 0.11 -0.02
25 16.0 66.0 51.0 23.0 -0.02 -0.01 0.0 -0.09 0.09 -0.01
26 15.0 66.0 50.0 23.0 -0.02 -0.01 0.0 -0.06 0.04 -0.05
27 16.0 66.0 48.0 23.0 -0.02 -0.02 -0.0 -0.07 0.07 -0.04
28 16.0 66.0 48.0 23.0 -0.02 -0.01 -0.0 -0.06 0.05 -0.04
29 16.0 67.0 50.0 23.0 -0.01 -0.01 -0.0 -0.05 0.08 -0.01
30 16.0 70.0 48.0 23.0 -0.01 -0.02 -0.0 -0.02 0.07 -0.03
31 17.0 71.0 48.0 21.0 -0.01 -0.0 -0.0 -0.11 0.08 -0.02
32 23.0 80.0 48.0 33.0 -0.01 -0.03 0.0 -0.1 0.08 -0.02
33 33.0 91.0 49.0 32.0 -0.02 -0.04 0.01 -0.11 0.05 -0.07
34 49.0 109.0 48.0 36.0 -0.03 -0.05 0.02 0.15 0.07 -0.06
35 76.0 125.0 50.0 44.0 -0.07 -0.03 0.05 0.05 -0.04 -0.01
36 95.0 140.0 52.0 42.0 -0.07 -0.02 0.09 -0.35 0.13 -0.09
37 128.0 216.0 52.0 39.0 -0.09 -0.19 0.13 -0.32 0.38 0.13
38 125.0 232.0 51.0 43.0 -0.22 -0.47 0.2 0.54 0.48 0.52
39 132.0 238.0 54.0 57.0 -0.35 -0.75 0.26 0.65 0.39 0.78
40 141.0 276.0 53.0 51.0 -0.67 -1.37 0.44 0.34 -0.76 1.57
41 127.0 291.0 53.0 49.0 -0.25 -0.83 0.42 -0.02 -0.12 2.24
42 112.0 291.0 54.0 43.0 -0.08 -0.69 0.42 -0.35 -0.09 2.64
43 105.0 283.0 54.0 40.0 0.36 -0.67 0.43 -1.5 0.39 3.85
44 87.0 275.0 55.0 37.0 1.04 -0.94 0.17 -2.76 -0.91 5.31
45 85.0 245.0 54.0 35.0 1.6 -1.21 0.08 0.93 2.12 4.26
46 80.0 231.0 54.0 32.0 1.95 -1.14 0.14 0.96 2.21 3.94
47 69.0 221.0 60.0 30.0 2.3 -0.73 0.06 1.33 2.71 3.24
48 60.0 200.0 61.0 32.0 2.42 -0.54 0.03 1.1 2.54 2.97
49 65.0 190.0 59.0 32.0 2.54 -0.49 0.03 0.92 2.35 2.7
50 71.0 172.0 57.0 30.0 2.64 -0.73 0.12 0.86 1.99 1.73
51 63.0 184.0 57.0 31.0 2.67 -1.14 0.17 1.05 1.93 1.49
52 59.0 192.0 56.0 31.0 2.73 -1.64 0.2 0.84 1.55 0.91
53 72.0 217.0 56.0 33.0 2.78 -1.65 0.17 0.74 1.17 0.48
54 79.0 221.0 59.0 37.0 2.81 -1.56 0.14 0.43 0.95 0.1
55 80.0 211.0 59.0 44.0 2.83 -1.36 0.07 -0.01 0.56 -0.04
56 79.0 198.0 61.0 55.0 2.8 -1.32 0.02 -0.08 0.25 -0.1
57 76.0 181.0 63.0 69.0 2.79 -1.36 -0.02 -0.02 0.05 -0.08
58 71.0 178.0 67.0 80.0 2.72 -1.33 -0.04 -0.04 0.33 -0.5
59 66.0 170.0 72.0 91.0 2.56 -1.11 -0.09 0.25 0.64 -1.47
60 57.0 170.0 71.0 109.0 2.48 -0.98 -0.13 0.31 0.72 -1.31
61 52.0 177.0 72.0 121.0 2.25 -0.73 -0.09 -0.02 0.48 -0.89
62 48.0 194.0 72.0 130.0 2.06 -0.7 -0.17 -0.05 0.23 -0.34
63 61.0 186.0 73.0 135.0 1.94 -0.67 -0.2 -0.31 0.09 -0.25
64 54.0 226.0 73.0 132.0 1.73 -0.6 -0.25 -0.23 0.11 -0.82
65 46.0 271.0 72.0 126.0 1.55 -0.5 -0.28 -0.09 0.14 -1.33
66 40.0 251.0 74.0 105.0 1.46 -0.42 -0.27 -0.06 0.07 -1.97
67 36.0 228.0 74.0 94.0 1.3 -0.31 -0.27 0.14 0.08 -1.9
68 36.0 201.0 75.0 81.0 1.06 -0.28 -0.27 -0.51 -0.56 -0.96
69 37.0 238.0 76.0 69.0 0.93 -0.29 -0.3 -0.83 -0.72 -0.59
70 39.0 231.0 77.0 61.0 0.75 -0.37 -0.39 -0.78 -0.9 -0.43
71 47.0 217.0 76.0 52.0 0.61 -0.33 -0.46 -0.65 -1.24 -0.74
72 60.0 199.0 78.0 45.0 0.52 -0.28 -0.47 -0.63 -1.84 -0.94
73 66.0 191.0 79.0 42.0 0.19 -0.14 -0.48 -0.66 -3.49 -1.07
74 71.0 169.0 84.0 38.0 -0.01 -0.13 -0.5 -0.76 -4.25 -0.63
75 79.0 162.0 87.0 34.0 -0.12 -0.19 -0.55 -1.77 -5.63 -0.01
76 86.0 166.0 89.0 34.0 -0.24 -0.34 -0.58 -1.98 -6.51 0.08
77 86.0 164.0 94.0 31.0 -0.36 -0.35 -0.53 -1.94 -6.6 -0.26
78 85.0 153.0 98.0 30.0 -0.44 -0.32 -0.44 -1.69 -6.51 -0.47
79 92.0 190.0 99.0 28.0 -0.49 -0.24 -0.24 -1.71 -6.3 -0.96
80 98.0 170.0 102.0 27.0 -0.47 -0.16 -0.1 -2.05 -5.78 -1.02
81 102.0 156.0 103.0 30.0 -0.46 -0.12 -0.02 -2.04 -5.55 -1.06
82 101.0 155.0 103.0 28.0 -0.47 -0.01 0.1 -1.83 -4.57 -0.93
83 100.0 139.0 103.0 41.0 -0.53 0.11 0.18 -1.83 -4.13 -0.86
84 99.0 137.0 105.0 48.0 -0.55 0.18 0.22 -1.86 -3.78 -0.78
85 100.0 143.0 104.0 58.0 -0.62 0.39 0.3 -2.05 -3.49 -0.3
86 93.0 134.0 101.0 53.0 -0.74 0.76 0.37 -1.35 -3.38 -0.24
87 89.0 130.0 95.0 98.0 -0.79 1.03 0.39 -1.41 -3.81 0.0
88 91.0 143.0 93.0 101.0 -0.96 1.43 0.47 -1.55 -4.29 0.0
89 85.0 134.0 93.0 97.0 -1.14 1.43 0.53 -2.38 -4.56 -0.84
90 77.0 142.0 94.0 99.0 -1.15 1.36 0.54 -2.34 -3.7 -1.51
91 72.0 157.0 90.0 96.0 -1.07 1.33 0.57 -2.88 -3.18 -1.53
92 70.0 149.0 89.0 105.0 -1.23 1.22 0.72 -3.59 -3.88 -1.17
93 62.0 148.0 87.0 98.0 -1.31 1.01 0.8 -3.55 -4.03 -1.09
94 71.0 153.0 84.0 87.0 -1.43 0.4 0.89 -2.47 -2.84 -0.23
95 59.0 165.0 78.0 75.0 -1.2 0.01 0.82 -2.29 -0.17 0.3
96 71.0 171.0 76.0 70.0 -1.29 0.07 0.87 -1.81 0.74 0.96
97 70.0 193.0 74.0 84.0 -1.69 0.58 1.0 -1.12 0.38 0.92
98 73.0 209.0 73.0 81.0 -1.92 0.93 0.89 0.22 0.23 0.54
99 83.0 204.0 71.0 75.0 -1.99 0.98 0.85 1.21 1.46 0.67
100 96.0 217.0 71.0 69.0 -1.93 1.07 0.65 1.34 3.17 2.39
101 88.0 234.0 70.0 95.0 -1.95 1.14 0.59 1.84 4.05 3.74
102 77.0 247.0 67.0 102.0 -1.9 1.33 0.45 2.45 3.94 4.37
103 66.0 235.0 66.0 99.0 -1.74 1.12 0.37 3.8 4.31 5.1
104 57.0 220.0 66.0 95.0 -1.57 0.83 0.32 3.84 5.34 5.06
105 51.0 209.0 65.0 86.0 -1.09 0.37 0.16 4.25 5.71 4.8
106 52.0 194.0 63.0 94.0 -0.7 0.49 -0.01 3.94 5.68 4.77
107 46.0 180.0 62.0 90.0 -0.52 0.65 -0.05 3.7 4.97 4.36
108 40.0 185.0 61.0 119.0 -0.16 0.62 -0.05 3.76 4.65 4.11
109 39.0 189.0 59.0 119.0 0.18 0.08 0.02 3.59 3.89 3.09
110 35.0 190.0 58.0 121.0 0.36 -0.23 0.03 3.23 3.27 2.1
111 42.0 190.0 56.0 120.0 0.65 -0.5 -0.01 3.07 3.12 1.72
112 40.0 194.0 57.0 112.0 0.81 -0.3 -0.12 2.26 2.7 0.91
113 40.0 180.0 57.0 110.0 0.87 -0.17 -0.18 1.91 2.52 0.68
114 36.0 171.0 58.0 114.0 0.98 -0.05 -0.26 2.0 2.65 0.56
115 35.0 169.0 58.0 125.0 1.05 -0.35 -0.29 1.91 2.59 0.79
116 32.0 173.0 59.0 133.0 1.12 -0.59 -0.31 1.82 2.91 0.88
117 38.0 165.0 66.0 139.0 1.27 -0.94 -0.38 1.66 2.97 0.71
118 33.0 177.0 66.0 137.0 1.36 -0.97 -0.46 1.04 3.14 0.91
119 30.0 172.0 64.0 137.0 1.39 -0.88 -0.5 0.28 3.08 1.74
120 31.0 171.0 64.0 134.0 1.4 -0.69 -0.52 0.04 2.76 1.92
121 32.0 159.0 67.0 130.0 1.48 -0.72 -0.51 -0.43 2.17 1.49
122 31.0 142.0 68.0 125.0 1.55 -0.76 -0.52 -0.21 1.54 0.52
123 34.0 155.0 73.0 120.0 1.62 -0.66 -0.47 -0.16 1.41 -0.05
124 41.0 157.0 80.0 106.0 1.62 -0.26 -0.44 -0.03 0.81 -0.72
125 37.0 163.0 85.0 99.0 1.6 -0.04 -0.4 -0.79 0.01 -0.59
126 39.0 174.0 80.0 84.0 1.56 0.18 -0.36 -0.93 -0.18 -0.37
127 36.0 163.0 76.0 72.0 1.41 -0.09 -0.3 -0.6 -0.7 0.01
128 33.0 174.0 73.0 62.0 1.33 -0.23 -0.29 -0.43 -0.69 -0.48
129 29.0 187.0 73.0 53.0 1.27 -0.49 -0.26 -0.61 -0.91 -0.7
130 28.0 168.0 73.0 47.0 1.14 -0.5 -0.25 -0.25 -1.24 -1.11
131 25.0 147.0 75.0 43.0 1.03 -0.46 -0.28 -0.64 -1.85 -0.96
132 23.0 133.0 76.0 38.0 0.79 -0.48 -0.35 -0.62 -2.32 -0.93
133 22.0 140.0 80.0 40.0 0.57 -0.57 -0.41 -1.19 -2.73 -0.71
134 22.0 141.0 79.0 39.0 0.43 -0.65 -0.42 -1.35 -2.83 -0.56
135 26.0 141.0 77.0 35.0 0.24 -1.11 -0.46 -1.81 -3.28 -0.03
136 30.0 180.0 74.0 33.0 0.0 -1.71 -0.42 -1.88 -3.94 0.26
137 28.0 167.0 73.0 31.0 -0.02 -1.93 -0.39 -1.6 -4.46 0.18
138 24.0 161.0 71.0 30.0 -0.01 -1.93 -0.31 -1.44 -4.99 -0.09
139 24.0 151.0 70.0 30.0 -0.04 -1.44 -0.22 -1.47 -5.47 -0.63
140 22.0 156.0 67.0 29.0 -0.13 -0.87 -0.14 -1.52 -5.39 -0.9
141 31.0 150.0 65.0 33.0 -0.16 -0.62 -0.12 -1.67 -5.36 -0.81
142 28.0 142.0 62.0 31.0 -0.22 -0.28 -0.04 -1.77 -5.28 -0.6
143 27.0 133.0 60.0 30.0 -0.19 -0.22 0.03 -1.51 -4.79 -0.71
144 25.0 122.0 61.0 45.0 -0.17 -0.21 0.06 -1.59 -4.14 -0.95
145 32.0 118.0 61.0 46.0 -0.19 -0.11 0.11 -1.57 -3.38 -1.19
146 35.0 109.0 66.0 105.0 -0.24 -0.01 0.13 -1.66 -2.74 -0.77
147 41.0 116.0 66.0 89.0 -0.38 0.4 0.18 -2.02 -2.61 -0.54
148 44.0 111.0 64.0 86.0 -0.46 1.06 0.3 -2.47 -2.38 0.3
149 51.0 113.0 61.0 79.0 -0.54 1.37 0.37 -2.45 -2.17 0.55
150 45.0 106.0 60.0 78.0 -0.73 1.35 0.53 -1.94 -2.2 0.62
151 39.0 100.0 62.0 92.0 -0.72 0.82 0.61 -1.72 -2.95 0.53
152 34.0 98.0 63.0 144.0 -0.68 0.49 0.62 -1.72 -3.61 0.28
153 38.0 113.0 81.0 336.0 -0.62 0.24 0.65 -1.47 -3.3 0.2
154 34.0 108.0 76.0 302.0 -0.72 0.68 0.68 -1.19 -3.31 0.59
155 40.0 107.0 76.0 323.0 -0.82 0.95 0.72 -1.09 -3.31 0.72
156 36.0 106.0 74.0 318.0 -0.84 1.05 0.72 -1.37 -2.84 0.24
157 47.0 103.0 72.0 287.0 -0.82 0.78 0.66 -1.26 -2.53 -0.51
158 59.0 102.0 70.0 252.0 -0.83 0.63 0.62 -0.77 -1.98 -0.6
159 50.0 102.0 67.0 211.0 -0.85 0.6 0.56 -0.57 0.57 -0.77
160 45.0 104.0 68.0 207.0 -1.07 0.86 0.5 0.31 1.59 -0.51
161 56.0 109.0 67.0 215.0 -1.23 0.87 0.46 0.69 1.29 -0.18
162 52.0 110.0 68.0 237.0 -1.34 0.81 0.3 1.51 1.56 0.19
163 46.0 112.0 67.0 296.0 -1.39 0.76 0.08 2.24 3.72 1.09
164 44.0 119.0 67.0 367.0 -1.41 0.79 -0.02 2.36 4.83 1.08
165 38.0 137.0 74.0 566.0 -1.44 1.04 -0.13 2.44 5.06 0.91
166 48.0 147.0 77.0 719.0 -1.49 1.16 -0.16 2.19 4.05 1.12
167 50.0 154.0 80.0 888.0 -1.41 1.1 -0.21 2.23 2.93 1.52
168 44.0 147.0 86.0 967.0 -1.16 0.8 -0.31 1.97 2.27 1.55
169 41.0 148.0 88.0 967.0 -0.97 0.55 -0.39 1.74 2.64 1.57
170 39.0 149.0 93.0 967.0 -0.83 0.5 -0.39 1.81 3.11 1.46
171 42.0 148.0 97.0 967.0 -0.66 0.54 -0.35 1.3 3.3 1.21
172 43.0 144.0 99.0 967.0 -0.51 0.41 -0.26 1.08 2.61 0.72
173 45.0 144.0 102.0 967.0 -0.44 0.27 -0.22 1.08 2.32 0.65
174 49.0 143.0 101.0 967.0 -0.29 0.05 -0.18 1.05 1.95 0.51
175 51.0 141.0 100.0 966.0 -0.19 0.01 -0.15 0.94 1.98 0.14
176 50.0 143.0 100.0 967.0 -0.17 0.05 -0.12 0.83 2.04 0.07
177 57.0 148.0 97.0 967.0 -0.15 0.22 -0.07 0.52 1.67 -0.3
178 57.0 146.0 95.0 967.0 -0.14 0.24 -0.03 0.37 1.33 -0.44
179 58.0 143.0 90.0 967.0 -0.16 0.17 -0.02 0.16 0.85 -0.3
180 53.0 144.0 84.0 966.0 -0.12 0.04 0.01 0.12 0.64 -0.31
181 56.0 142.0 80.0 967.0 -0.15 0.1 0.01 0.03 0.42 -0.45
182 57.0 140.0 74.0 967.0 -0.19 0.17 0.02 -0.12 0.38 -0.45
183 57.0 135.0 69.0 967.0 -0.23 0.34 0.03 -0.15 0.22 -0.55
184 52.0 131.0 66.0 967.0 -0.31 0.43 0.05 -0.26 0.04 -0.31
185 49.0 126.0 62.0 967.0 -0.33 0.41 0.05 -0.24 -0.07 -0.25
186 44.0 118.0 59.0 967.0 -0.36 0.31 0.05 -0.23 0.0 -0.3
187 47.0 116.0 59.0 967.0 -0.4 0.29 0.05 -0.15 -0.04 -0.27
188 46.0 110.0 56.0 967.0 -0.42 0.35 0.05 -0.12 0.05 -0.35
189 48.0 107.0 58.0 967.0 -0.47 0.59 0.04 0.0 0.08 -0.5
190 44.0 103.0 59.0 967.0 -0.49 0.94 0.03 0.19 0.21 -0.72
191 46.0 98.0 59.0 966.0 -0.52 1.12 0.03 0.22 0.17 -0.76
192 41.0 91.0 62.0 869.0 -0.62 1.39 0.01 0.21 0.31 -0.49
193 45.0 88.0 65.0 760.0 -0.7 1.54 -0.04 0.37 0.29 -0.42
194 48.0 85.0 66.0 651.0 -0.73 1.59 -0.05 0.05 0.46 -0.46
195 43.0 87.0 67.0 538.0 -0.84 1.57 -0.09 0.11 0.43 -0.42
196 40.0 90.0 69.0 438.0 -0.96 1.55 -0.1 0.5 0.44 -0.71
197 48.0 88.0 72.0 349.0 -0.97 1.55 -0.11 0.23 0.34 -0.95
198 48.0 95.0 74.0 289.0 -0.98 1.51 -0.1 0.26 0.24 -1.2
199 54.0 101.0 75.0 251.0 -1.04 1.62 -0.14 -0.03 -0.07 -0.68
200 51.0 104.0 79.0 243.0 -1.08 1.73 -0.17 -0.1 -0.04 -0.38
201 50.0 108.0 79.0 259.0 -1.18 1.97 -0.21 0.16 -0.19 -0.49
202 44.0 109.0 81.0 281.0 -1.19 2.09 -0.26 0.4 -0.32 -1.23
203 43.0 116.0 83.0 317.0 -1.18 2.1 -0.29 0.46 -0.32 -1.43
204 51.0 122.0 83.0 354.0 -1.25 2.0 -0.36 0.03 -0.7 -1.52
205 53.0 132.0 83.0 388.0 -1.32 1.87 -0.45 -0.13 -0.74 -1.11
206 49.0 127.0 85.0 441.0 -1.38 1.73 -0.5 -0.43 -0.86 -0.88
207 51.0 129.0 87.0 520.0 -1.43 1.29 -0.55 -0.18 -0.82 -1.07
208 67.0 133.0 84.0 498.0 -1.42 0.62 -0.57 -0.23 -0.84 -1.0
209 61.0 136.0 85.0 527.0 -1.41 0.33 -0.58 -0.51 -1.07 -0.63
210 56.0 139.0 82.0 541.0 -1.34 -0.04 -0.59 -0.25 -0.93 -0.19
211 59.0 145.0 82.0 564.0 -1.31 -0.31 -0.61 -0.23 -0.88 0.28
212 50.0 142.0 80.0 579.0 -1.25 -0.44 -0.61 -0.14 -0.66 0.25
213 45.0 142.0 80.0 594.0 -1.11 -0.72 -0.63 0.33 -0.44 -0.4
214 41.0 144.0 80.0 610.0 -0.82 -0.95 -0.63 1.2 0.21 -1.13
215 41.0 148.0 80.0 623.0 -0.91 -0.93 -0.73 2.58 -1.89 2.95
216 38.0 161.0 79.0 625.0 -0.16 -0.8 -0.53 -3.94 4.35 0.54
217 35.0 152.0 79.0 614.0 -0.42 -1.43 -0.45 -1.1 -1.38 -4.04
218 32.0 149.0 80.0 611.0 0.39 -0.94 -0.4 -0.69 -1.15 -0.23
219 30.0 147.0 81.0 609.0 1.26 -0.47 -0.39 0.31 -0.09 0.74
220 32.0 146.0 82.0 606.0 0.9 -0.51 -0.32 0.05 0.18 -0.11
221 31.0 143.0 82.0 605.0 0.68 -0.74 -0.29 0.32 0.08 0.17
222 30.0 141.0 82.0 597.0 0.29 -1.05 -0.2 0.49 0.08 0.28
223 31.0 138.0 82.0 591.0 0.17 -1.06 -0.08 -0.09 -0.24 0.03
224 29.0 132.0 81.0 580.0 0.19 -1.06 -0.0 0.0 -0.09 0.06
225 26.0 129.0 81.0 567.0 0.17 -0.94 0.1 0.43 0.12 0.29
226 24.0 127.0 80.0 554.0 0.18 -0.69 0.12 0.62 0.2 0.19
227 23.0 125.0 80.0 543.0 0.18 -0.53 0.09 0.6 0.22 0.13
228 22.0 123.0 79.0 535.0 0.15 -0.3 0.05 0.41 0.38 0.08
229 21.0 120.0 79.0 527.0 0.09 -0.16 -0.0 0.3 0.46 0.04
230 22.0 120.0 79.0 519.0 0.06 -0.12 -0.03 0.23 0.42 0.02
231 21.0 119.0 77.0 511.0 0.01 -0.04 -0.05 0.07 0.35 0.0
232 20.0 117.0 76.0 501.0 -0.02 -0.01 -0.05 -0.13 0.2 0.0
233 19.0 115.0 75.0 488.0 -0.02 -0.02 -0.05 -0.16 0.18 0.02
