1 22.0 89.0 79.0 27.0 -0.08 -0.21 0.07 0.75 -0.03 -0.01
2 20.0 88.0 75.0 27.0 -0.07 -0.03 0.04 0.43 -0.13 -0.02
3 20.0 87.0 74.0 26.0 -0.06 0.02 0.03 0.34 -0.08 -0.06
4 18.0 88.0 76.0 28.0 -0.03 0.09 -0.01 -0.25 0.03 -0.07
5 18.0 88.0 71.0 27.0 0.0 0.05 -0.03 -0.35 0.08 -0.06
6 18.0 90.0 69.0 26.0 0.02 0.01 -0.04 -0.23 0.12 -0.06
7 18.0 91.0 67.0 26.0 0.05 -0.02 -0.06 -0.03 0.13 -0.04
8 18.0 92.0 71.0 25.0 0.07 -0.01 -0.07 0.03 0.09 -0.08
9 17.0 92.0 67.0 24.0 0.09 -0.01 -0.08 0.0 0.12 -0.05
10 17.0 92.0 72.0 29.0 0.09 -0.0 -0.07 -0.07 0.13 0.0
11 17.0 91.0 68.0 28.0 0.1 -0.01 -0.08 -0.08 0.1 0.04
12 15.0 96.0 66.0 27.0 0.09 -0.04 -0.07 -0.01 0.1 0.06
13 17.0 96.0 65.0 31.0 0.05 -0.06 -0.04 0.25 0.08 0.07
14 18.0 101.0 66.0 29.0 0.01 -0.05 -0.01 0.27 0.09 0.05
15 29.0 145.0 64.0 32.0 -0.01 -0.03 0.0 0.14 0.1 0.06
16 50.0 214.0 66.0 87.0 -0.05 -0.02 0.03 0.19 0.13 0.12
17 97.0 222.0 65.0 122.0 -0.05 -0.02 0.05 0.35 0.09 0.13
18 126.0 311.0 62.0 113.0 -0.09 0.01 0.08 0.28 0.03 0.06
19 128.0 320.0 66.0 123.0 -0.15 -0.0 0.1 -0.22 0.12 0.11
20 117.0 378.0 73.0 209.0 -0.19 -0.16 0.14 0.79 0.5 0.7
21 161.0 373.0 69.0 171.0 -0.06 -0.3 0.19 1.3 0.76 1.46
22 164.0 379.0 66.0 150.0 -0.04 -0.31 0.24 0.78 1.48 5.28
23 174.0 381.0 65.0 126.0 0.21 -0.6 0.22 -1.77 0.63 6.13
24 143.0 403.0 73.0 104.0 0.74 -1.03 -0.16 -1.57 0.29 5.9
25 162.0 398.0 86.0 89.0 1.45 -1.64 -0.27 1.76 1.62 6.13
26 142.0 429.0 99.0 75.0 1.8 -1.51 -0.33 1.64 1.79 6.39
27 163.0 433.0 91.0 66.0 2.32 -1.26 -0.55 1.39 2.05 5.78
28 211.0 488.0 89.0 58.0 2.63 -1.27 -0.67 1.07 1.57 4.38
29 186.0 493.0 103.0 52.0 2.77 -1.37 -0.69 0.82 1.33 1.61
30 209.0 433.0 115.0 45.0 2.94 -1.64 -0.65 0.66 1.07 1.14
31 211.0 409.0 113.0 41.0 2.94 -1.65 -0.6 0.16 1.08 0.81
32 269.0 403.0 112.0 37.0 2.82 -1.58 -0.56 -0.26 0.2 0.5
33 229.0 392.0 106.0 36.0 2.68 -1.59 -0.61 -0.55 0.15 0.17
34 261.0 406.0 107.0 35.0 2.49 -1.7 -0.57 -0.95 -0.22 -1.51
35 316.0 401.0 123.0 39.0 2.4 -1.81 -0.55 -0.64 -0.44 -2.31
36 400.0 389.0 125.0 36.0 2.16 -1.84 -0.56 -0.8 -0.65 -2.52
37 336.0 353.0 129.0 38.0 1.83 -1.69 -0.54 -0.71 -1.4 -2.17
38 379.0 363.0 133.0 59.0 1.7 -1.57 -0.5 -1.49 -1.48 -2.31
39 409.0 354.0 136.0 68.0 1.32 -1.34 -0.47 -1.52 -1.41 -2.46
40 430.0 362.0 153.0 70.0 1.01 -1.04 -0.4 -1.4 -1.69 -3.01
41 419.0 337.0 159.0 64.0 0.94 -0.93 -0.37 -1.02 -1.88 -2.41
42 518.0 317.0 177.0 108.0 0.75 -0.78 -0.34 -1.13 -1.86 -1.99
43 526.0 343.0 201.0 119.0 0.53 -0.62 -0.29 -1.63 -2.06 -1.87
44 589.0 319.0 221.0 121.0 0.38 -0.56 -0.26 -1.25 -2.02 -2.55
45 598.0 294.0 246.0 124.0 0.1 -0.47 -0.15 -0.66 -1.78 -2.81
46 573.0 288.0 260.0 128.0 -0.16 -0.3 -0.11 -1.08 -2.19 -2.11
47 636.0 308.0 311.0 181.0 -0.26 -0.16 -0.1 -1.23 -1.91 -0.86
48 745.0 341.0 286.0 240.0 -0.43 0.05 -0.07 -0.66 -2.0 -1.01
49 831.0 346.0 294.0 266.0 -0.64 0.25 0.04 -1.29 -1.79 -1.25
50 917.0 388.0 292.0 263.0 -0.69 0.27 0.12 -1.15 -1.83 -0.15
51 948.0 361.0 265.0 250.0 -0.72 0.11 0.25 -0.44 -1.64 -0.22
52 965.0 332.0 256.0 318.0 -0.67 -0.11 0.29 -0.53 -1.31 0.74
53 964.0 330.0 251.0 304.0 -0.63 -0.1 0.28 -0.36 -0.97 0.49
54 964.0 375.0 255.0 361.0 -0.56 -0.17 0.27 -0.4 -0.82 0.6
55 964.0 381.0 244.0 420.0 -0.53 -0.23 0.24 -0.27 -0.67 -0.33
56 964.0 372.0 242.0 378.0 -0.51 -0.27 0.27 -0.13 -0.5 0.18
57 964.0 411.0 260.0 373.0 -0.48 -0.21 0.3 -0.39 -0.67 0.14
58 964.0 447.0 279.0 502.0 -0.39 -0.19 0.28 -0.08 -0.52 0.62
59 965.0 433.0 288.0 471.0 -0.33 -0.16 0.25 -0.01 -0.18 0.6
60 965.0 401.0 279.0 422.0 -0.27 -0.07 0.2 -0.31 0.0 -0.19
61 964.0 383.0 263.0 382.0 -0.21 -0.02 0.2 -0.42 0.05 -0.15
62 964.0 367.0 248.0 350.0 -0.21 0.02 0.2 -0.33 -0.04 0.08
63 964.0 361.0 251.0 373.0 -0.2 0.08 0.16 -0.32 -0.2 -0.15
64 965.0 461.0 248.0 378.0 -0.11 0.02 0.11 -0.2 -0.04 0.28
65 874.0 429.0 238.0 385.0 -0.07 0.03 0.09 -0.15 -0.03 0.22
66 798.0 439.0 267.0 465.0 -0.01 0.03 0.07 -0.63 0.39 0.21
67 739.0 440.0 251.0 429.0 -0.03 0.01 0.08 -0.17 0.47 -0.47
68 673.0 408.0 228.0 375.0 -0.04 -0.01 0.09 0.22 0.07 -0.1
69 704.0 364.0 259.0 339.0 -0.04 -0.01 0.08 0.25 0.03 0.01
70 696.0 326.0 249.0 330.0 -0.02 0.03 -0.02 0.54 -0.07 0.25
71 620.0 388.0 228.0 398.0 0.01 0.04 -0.07 0.18 0.02 0.62
72 633.0 394.0 233.0 387.0 0.03 0.06 -0.17 0.24 0.07 -0.03
73 640.0 373.0 245.0 393.0 0.07 0.07 -0.18 -0.11 0.04 -0.11
74 633.0 343.0 245.0 352.0 0.08 0.06 -0.15 -0.17 0.0 0.0
75 665.0 332.0 225.0 317.0 0.06 0.06 -0.12 -0.25 0.11 0.17
76 634.0 348.0 221.0 311.0 0.04 -0.02 -0.06 -0.53 0.18 0.35
77 604.0 327.0 232.0 291.0 0.02 -0.05 -0.03 -0.41 0.19 -0.18
78 660.0 313.0 241.0 247.0 0.01 -0.07 0.03 -0.28 0.15 -0.11
79 695.0 304.0 231.0 227.0 0.02 -0.1 0.05 -0.21 0.05 0.07
80 814.0 374.0 250.0 247.0 0.03 -0.12 0.05 0.05 0.16 0.35
81 770.0 352.0 227.0 222.0 0.02 -0.07 0.03 0.42 0.17 -0.26
82 831.0 366.0 224.0 206.0 0.04 -0.01 0.01 0.27 0.18 -0.15
83 868.0 360.0 214.0 184.0 0.06 -0.01 -0.01 0.36 0.26 -0.3
84 839.0 361.0 231.0 214.0 0.08 -0.02 -0.07 0.13 0.36 -0.23
85 753.0 356.0 226.0 213.0 0.02 -0.01 -0.1 0.01 0.35 -0.35
86 697.0 363.0 226.0 207.0 -0.01 -0.03 -0.1 -0.02 0.17 -0.22
87 681.0 341.0 208.0 206.0 -0.05 0.04 -0.08 -0.14 -0.04 -0.19
88 672.0 337.0 220.0 185.0 -0.01 0.03 -0.02 -0.23 -0.16 0.41
89 664.0 343.0 227.0 170.0 0.01 0.01 -0.01 -0.24 0.0 0.49
90 713.0 333.0 217.0 148.0 0.07 -0.03 -0.04 -0.21 0.05 0.43
91 710.0 316.0 200.0 153.0 0.12 -0.03 -0.07 -0.14 0.2 -0.12
92 663.0 299.0 219.0 141.0 0.13 -0.02 -0.08 -0.07 0.18 -0.28
93 705.0 299.0 220.0 145.0 0.1 -0.02 -0.06 -0.18 0.27 -0.23
94 692.0 373.0 208.0 190.0 0.06 -0.01 -0.03 -0.25 0.34 -0.07
95 748.0 366.0 213.0 190.0 0.04 -0.04 -0.02 -0.17 0.27 -0.09
96 782.0 338.0 215.0 197.0 0.02 -0.06 0.01 -0.22 0.09 0.0
97 687.0 326.0 202.0 169.0 0.03 -0.05 0.01 -0.16 0.05 -0.08
98 604.0 319.0 205.0 160.0 0.04 -0.04 0.01 -0.12 0.07 -0.02
99 634.0 321.0 193.0 151.0 0.03 -0.02 -0.0 -0.14 0.05 -0.16
100 611.0 325.0 197.0 202.0 0.04 -0.01 -0.01 -0.01 0.0 -0.32
101 559.0 328.0 185.0 169.0 0.04 -0.01 -0.01 -0.1 0.02 -0.18
102 532.0 344.0 208.0 214.0 0.04 0.02 -0.0 -0.06 0.04 -0.24
103 639.0 384.0 205.0 215.0 0.03 0.09 -0.01 -0.19 0.06 -0.24
104 668.0 413.0 191.0 215.0 0.03 0.12 -0.02 -0.24 0.05 -0.29
105 626.0 404.0 208.0 189.0 0.06 0.05 -0.02 -0.18 0.06 -0.24
106 670.0 372.0 203.0 167.0 0.14 0.02 -0.03 -0.2 -0.02 -0.13
107 603.0 337.0 185.0 149.0 0.15 0.03 -0.04 -0.08 -0.03 -0.02
108 584.0 343.0 168.0 135.0 0.11 0.09 -0.03 -0.14 0.09 -0.06
109 562.0 347.0 165.0 153.0 0.07 0.07 -0.02 -0.12 0.04 0.0
110 496.0 357.0 170.0 135.0 0.06 0.08 -0.02 -0.1 0.07 -0.13
111 466.0 349.0 182.0 111.0 0.04 0.07 -0.0 -0.12 0.02 -0.21
112 435.0 356.0 212.0 99.0 0.05 0.04 0.01 -0.1 -0.08 0.04
113 394.0 334.0 206.0 87.0 0.04 0.04 0.01 -0.13 -0.08 0.0
114 326.0 302.0 196.0 73.0 0.04 0.07 0.01 -0.18 -0.12 -0.03
115 301.0 273.0 195.0 63.0 0.05 0.15 0.01 -0.37 -0.27 -0.33
116 245.0 297.0 179.0 56.0 0.05 0.19 0.01 -0.39 -0.33 -0.47
117 198.0 277.0 190.0 50.0 0.06 0.25 0.05 -0.59 -0.51 -0.51
118 183.0 293.0 183.0 46.0 0.03 0.22 0.08 -0.72 -0.73 -0.16
119 170.0 285.0 172.0 43.0 -0.02 0.21 0.09 -0.82 -1.06 -0.08
120 154.0 405.0 153.0 39.0 -0.13 0.3 0.07 -0.81 -1.02 -0.17
121 163.0 452.0 151.0 36.0 -0.19 0.46 0.08 -0.67 -1.07 -0.22
122 161.0 489.0 157.0 36.0 -0.2 0.55 0.1 -0.63 -1.17 -0.32
123 152.0 529.0 199.0 35.0 -0.2 0.85 0.18 -0.66 -1.35 -0.76
124 160.0 485.0 208.0 44.0 -0.24 1.18 0.29 -0.6 -1.67 -0.81
125 198.0 596.0 233.0 54.0 -0.25 1.34 0.35 -0.69 -1.48 -0.94
126 184.0 594.0 219.0 51.0 -0.33 1.67 0.5 -1.96 -1.11 -1.2
127 179.0 543.0 215.0 50.0 -0.59 1.7 0.56 -1.53 -2.49 -0.25
128 170.0 467.0 196.0 45.0 -0.93 1.6 0.73 -2.55 -1.61 0.6
129 159.0 531.0 167.0 51.0 -0.87 1.49 0.58 -0.44 -1.17 -1.96
130 147.0 462.0 156.0 46.0 -0.98 1.67 0.52 -1.22 0.02 -1.53
131 136.0 401.0 152.0 58.0 -1.03 1.87 0.56 -0.01 -0.39 -1.32
132 162.0 334.0 130.0 58.0 -1.05 1.84 0.57 -1.25 0.19 -2.95
133 168.0 297.0 118.0 54.0 -1.15 1.49 0.67 -1.44 -0.64 -1.99
134 147.0 259.0 111.0 53.0 -1.22 1.27 0.72 -1.21 -0.8 -1.85
135 135.0 222.0 101.0 47.0 -1.35 0.92 0.74 -0.45 -0.51 -1.64
136 129.0 200.0 95.0 42.0 -1.44 0.83 0.8 -0.11 -0.29 -1.43
137 118.0 181.0 89.0 40.0 -1.51 0.9 0.81 -0.2 -0.23 -1.59
138 104.0 164.0 82.0 36.0 -1.64 1.18 0.78 0.78 -0.23 -1.44
139 132.0 157.0 80.0 33.0 -1.84 1.45 0.7 0.91 -0.09 -0.53
140 117.0 145.0 77.0 31.0 -1.94 1.43 0.68 0.77 -0.25 0.71
141 113.0 136.0 75.0 29.0 -2.0 1.0 0.53 1.02 -0.02 0.58
142 105.0 126.0 74.0 29.0 -1.94 0.51 0.4 2.26 -0.49 -0.03
143 107.0 125.0 72.0 31.0 -1.93 0.46 0.31 0.84 0.85 0.53
144 105.0 120.0 70.0 30.0 -2.1 0.5 0.43 1.25 -0.16 1.88
145 107.0 122.0 71.0 28.0 -1.88 0.18 0.06 0.76 -0.06 2.48
146 96.0 123.0 68.0 29.0 -1.88 0.0 -0.01 1.08 -0.04 2.62
147 91.0 116.0 69.0 30.0 -1.66 -0.41 -0.18 1.6 0.17 2.09
148 86.0 119.0 71.0 46.0 -1.44 -0.46 -0.28 1.68 0.37 1.74
149 80.0 123.0 76.0 42.0 -1.33 -0.33 -0.34 1.31 0.25 1.72
150 74.0 127.0 75.0 35.0 -1.15 -0.05 -0.42 0.78 0.07 1.74
151 70.0 132.0 78.0 35.0 -1.03 0.12 -0.47 0.13 -0.08 0.93
152 65.0 134.0 77.0 33.0 -1.01 0.07 -0.47 0.33 0.1 0.08
153 60.0 138.0 82.0 34.0 -0.79 0.58 -0.35 -1.22 -1.3 6.21
154 55.0 140.0 88.0 32.0 0.68 2.98 -0.33 4.34 2.94 4.19
155 54.0 137.0 96.0 31.0 0.98 1.58 -0.51 0.43 0.49 -1.19
156 64.0 137.0 86.0 29.0 0.53 0.38 -0.39 -0.62 0.75 -1.02
157 59.0 137.0 78.0 28.0 0.2 0.76 -0.35 -1.53 1.04 0.28
158 84.0 136.0 73.0 27.0 0.21 0.86 -0.34 -1.92 0.78 0.6
159 69.0 135.0 76.0 26.0 0.46 0.27 -0.29 -0.88 0.25 -0.24
160 61.0 134.0 83.0 26.0 0.46 -0.4 -0.08 0.63 -0.04 0.01
161 51.0 134.0 79.0 25.0 0.43 -0.2 -0.08 0.7 0.01 0.06
162 43.0 133.0 72.0 25.0 0.37 -0.1 -0.1 0.68 -0.09 0.06
163 37.0 131.0 68.0 25.0 0.26 0.02 -0.11 0.71 -0.15 0.09
164 33.0 128.0 67.0 25.0 0.17 0.11 -0.07 0.56 -0.1 0.0
165 29.0 124.0 64.0 25.0 0.12 0.1 -0.06 -0.13 0.04 0.05
166 26.0 121.0 71.0 25.0 0.07 0.06 -0.06 -0.26 0.1 0.06
167 25.0 118.0 66.0 25.0 0.05 0.03 -0.05 -0.23 0.17 0.04
168 23.0 114.0 66.0 24.0 0.05 0.0 -0.03 -0.09 0.24 0.02
