1 19.0 88.0 49.0 23.0 -0.01 -0.02 -0.01 0.0 0.06 -0.03
2 20.0 89.0 50.0 23.0 -0.01 -0.01 -0.01 0.0 0.04 -0.01
3 18.0 92.0 49.0 23.0 -0.01 -0.01 -0.02 0.0 0.05 -0.05
4 18.0 90.0 48.0 23.0 -0.01 -0.02 -0.01 0.02 0.07 -0.04
5 18.0 90.0 48.0 23.0 -0.01 -0.02 -0.01 0.06 0.05 -0.02
6 17.0 89.0 50.0 23.0 -0.01 -0.02 -0.01 0.03 0.03 -0.02
7 18.0 122.0 50.0 23.0 -0.01 -0.02 -0.01 0.0 0.04 -0.03
8 19.0 148.0 49.0 23.0 -0.01 -0.02 -0.01 0.0 0.05 -0.03
9 21.0 184.0 49.0 25.0 -0.01 -0.02 -0.01 0.01 0.05 -0.05
10 29.0 214.0 49.0 26.0 0.0 -0.04 -0.0 0.0 0.05 -0.01
11 33.0 223.0 52.0 31.0 0.06 -0.1 -0.0 -0.28 0.1 0.02
12 39.0 228.0 53.0 31.0 0.1 -0.16 0.0 -0.38 0.06 0.04
13 59.0 218.0 54.0 36.0 0.16 -0.36 0.03 -0.45 -0.01 -0.06
14 63.0 211.0 53.0 50.0 0.11 -0.62 0.12 1.16 0.13 -0.09
15 67.0 229.0 53.0 70.0 0.04 -0.63 0.15 0.69 0.23 0.09
16 70.0 232.0 57.0 74.0 -0.08 -0.57 0.2 0.24 -0.06 0.34
17 64.0 232.0 59.0 62.0 -0.29 -0.96 0.32 -0.06 -0.5 0.13
18 53.0 214.0 60.0 53.0 -0.37 -1.2 0.31 -0.08 -0.74 -0.16
19 45.0 224.0 58.0 47.0 -0.0 -0.79 0.15 0.3 -0.37 0.0
20 43.0 303.0 59.0 42.0 0.12 -0.42 0.04 0.69 -0.79 0.0
21 55.0 324.0 60.0 38.0 0.1 -0.22 0.03 -1.27 -0.21 -0.03
22 65.0 365.0 60.0 35.0 0.14 -0.09 -0.04 -0.96 -0.08 0.09
23 84.0 373.0 58.0 38.0 0.19 -0.19 -0.07 -0.39 -0.15 0.08
24 97.0 528.0 60.0 35.0 0.27 -0.33 -0.1 0.22 -3.12 0.83
25 94.0 588.0 60.0 35.0 0.25 -0.45 0.16 0.14 6.53 0.68
26 95.0 735.0 66.0 30.0 0.53 -0.71 -0.11 0.88 0.82 1.27
27 96.0 698.0 71.0 33.0 0.7 -0.68 -0.13 0.42 0.51 1.17
28 87.0 663.0 77.0 31.0 0.93 -0.45 -0.18 1.03 0.73 0.72
29 83.0 628.0 77.0 29.0 1.08 -1.09 -0.19 1.61 1.32 3.57
30 92.0 570.0 77.0 27.0 1.17 -1.24 -0.21 1.82 1.32 3.81
31 86.0 558.0 76.0 27.0 1.41 -1.23 -0.31 2.2 1.94 3.37
32 83.0 510.0 72.0 28.0 1.53 -0.86 -0.46 2.1 1.99 3.17
33 71.0 482.0 72.0 26.0 1.57 -0.65 -0.55 1.94 2.1 2.83
34 68.0 479.0 69.0 27.0 1.66 -0.52 -0.72 1.84 1.69 3.16
35 80.0 540.0 74.0 30.0 1.86 -0.76 -0.89 1.15 1.27 2.24
36 96.0 512.0 81.0 34.0 1.94 -0.92 -0.94 0.92 1.23 1.86
37 100.0 545.0 90.0 32.0 2.1 -1.14 -1.03 0.22 1.14 0.94
38 106.0 536.0 86.0 31.0 2.14 -1.28 -1.02 -0.52 0.71 0.63
39 140.0 473.0 80.0 29.0 2.18 -1.32 -0.96 -0.39 0.88 0.62
40 138.0 425.0 86.0 34.0 2.18 -1.27 -0.88 -0.86 0.33 -0.03
41 141.0 400.0 83.0 32.0 2.15 -1.21 -0.81 -1.17 -0.03 -0.52
42 153.0 400.0 82.0 30.0 2.16 -1.16 -0.78 -1.33 0.01 -0.84
43 136.0 452.0 83.0 29.0 2.05 -0.99 -0.7 -0.99 -0.11 -1.93
44 152.0 406.0 92.0 27.0 1.93 -0.81 -0.6 -0.52 -0.2 -2.23
45 166.0 390.0 96.0 26.0 1.87 -0.75 -0.57 -0.75 -0.27 -2.16
46 184.0 404.0 100.0 27.0 1.59 -0.69 -0.46 -0.81 -0.88 -1.69
47 211.0 383.0 110.0 33.0 1.39 -0.67 -0.43 -1.2 -1.03 -1.61
48 236.0 382.0 111.0 33.0 1.26 -0.62 -0.38 -1.17 -0.95 -1.45
49 207.0 408.0 114.0 35.0 1.07 -0.49 -0.35 -0.63 -1.13 -1.52
50 247.0 443.0 108.0 32.0 0.93 -0.16 -0.34 -1.03 -1.28 -1.71
51 249.0 491.0 126.0 37.0 0.86 -0.05 -0.32 -0.97 -1.37 -2.04
52 259.0 475.0 142.0 48.0 0.72 0.05 -0.26 -1.12 -1.1 -2.07
53 319.0 408.0 159.0 84.0 0.57 -0.02 -0.2 -1.02 -1.01 -2.23
54 331.0 385.0 184.0 120.0 0.49 -0.02 -0.18 -1.02 -0.42 -2.26
55 426.0 376.0 191.0 110.0 0.33 0.25 -0.1 -0.64 -0.94 -1.45
56 408.0 407.0 237.0 130.0 0.22 0.29 -0.09 -0.96 -1.08 0.64
57 449.0 397.0 246.0 190.0 0.09 0.49 -0.13 -0.42 -0.86 -0.47
58 430.0 437.0 277.0 321.0 0.07 0.75 -0.22 -0.73 -1.64 -4.92
59 453.0 385.0 362.0 334.0 -0.1 0.7 -0.15 -1.16 -1.64 -0.19
60 492.0 378.0 316.0 325.0 -0.51 0.68 0.18 -2.26 -2.08 -0.5
61 568.0 410.0 294.0 347.0 -0.67 0.77 0.12 -0.44 -1.51 0.65
62 581.0 411.0 309.0 347.0 -0.78 0.64 0.04 -0.26 -1.57 -1.76
63 651.0 371.0 306.0 340.0 -0.99 0.55 0.12 0.3 -1.4 -0.95
64 685.0 348.0 274.0 310.0 -1.14 0.46 0.28 -0.86 -1.83 0.17
65 784.0 327.0 253.0 273.0 -1.11 0.32 0.24 -0.68 -1.25 0.92
66 712.0 305.0 255.0 241.0 -0.96 0.13 0.28 -0.89 -1.52 0.94
67 709.0 288.0 234.0 212.0 -0.85 -0.06 0.27 -1.01 -1.22 0.82
68 680.0 286.0 220.0 201.0 -0.78 -0.1 0.25 -0.34 -1.16 0.17
69 684.0 251.0 199.0 185.0 -0.6 -0.11 0.26 -0.11 -1.12 0.26
70 709.0 275.0 204.0 185.0 -0.41 -0.14 0.27 -0.34 -0.69 1.01
71 632.0 296.0 192.0 200.0 -0.33 -0.16 0.26 0.0 -0.32 0.35
72 597.0 276.0 201.0 187.0 -0.21 -0.15 0.24 0.16 -0.15 0.36
73 645.0 271.0 191.0 171.0 -0.16 -0.13 0.22 0.37 -0.04 0.22
74 634.0 342.0 225.0 207.0 -0.14 -0.14 0.22 0.3 -0.08 0.21
75 727.0 338.0 199.0 171.0 -0.13 -0.04 0.19 0.14 -0.02 -0.05
76 739.0 342.0 209.0 177.0 -0.13 -0.07 0.17 -0.26 -0.03 0.05
77 727.0 318.0 207.0 169.0 -0.12 -0.1 0.18 -0.24 0.05 0.13
78 643.0 335.0 195.0 214.0 -0.09 -0.1 0.2 -0.35 0.01 0.23
79 644.0 327.0 185.0 211.0 -0.08 -0.08 0.23 0.0 0.09 0.0
80 573.0 301.0 190.0 198.0 -0.07 -0.07 0.26 -0.05 0.17 0.01
81 609.0 285.0 180.0 163.0 -0.04 0.0 0.27 0.02 0.23 0.04
82 613.0 281.0 160.0 164.0 -0.03 -0.0 0.25 0.07 0.47 -0.15
83 655.0 346.0 174.0 167.0 -0.04 -0.02 0.23 0.2 0.43 -0.34
84 600.0 431.0 176.0 195.0 -0.04 -0.02 0.2 0.37 0.34 -0.15
85 604.0 443.0 175.0 184.0 0.01 -0.01 0.13 0.55 0.22 0.07
86 612.0 435.0 174.0 191.0 0.04 -0.01 0.08 0.26 0.05 -0.03
87 580.0 389.0 174.0 197.0 0.19 0.03 -0.04 0.22 0.1 -0.22
88 542.0 380.0 162.0 173.0 0.18 0.01 -0.09 0.0 0.21 -0.32
89 554.0 341.0 163.0 157.0 0.14 0.01 -0.08 -0.04 0.28 -0.34
90 540.0 312.0 150.0 137.0 0.08 -0.01 -0.03 -0.17 0.32 -0.32
91 538.0 313.0 149.0 152.0 0.04 0.0 0.02 -0.07 0.23 -0.07
92 556.0 297.0 142.0 158.0 0.02 0.0 0.04 -0.06 0.16 -0.08
93 565.0 273.0 146.0 132.0 0.02 -0.01 0.05 0.07 0.11 0.18
94 563.0 280.0 144.0 120.0 0.03 0.02 0.03 0.01 0.13 0.06
95 552.0 302.0 144.0 139.0 0.04 0.03 0.02 0.0 0.16 0.17
96 549.0 278.0 150.0 145.0 0.06 0.05 0.01 0.01 0.14 -0.22
97 510.0 284.0 144.0 130.0 0.06 0.05 0.01 -0.12 0.02 -0.27
98 616.0 284.0 144.0 136.0 0.06 0.05 0.01 -0.21 -0.06 -0.28
99 591.0 303.0 151.0 154.0 0.05 0.03 0.01 -0.3 -0.15 -0.33
100 559.0 314.0 144.0 135.0 0.04 0.02 0.02 -0.3 -0.13 -0.41
101 494.0 294.0 138.0 147.0 0.03 0.02 0.05 -0.3 -0.15 -0.41
102 589.0 267.0 142.0 138.0 0.04 0.0 0.06 -0.14 -0.08 -0.55
103 536.0 267.0 148.0 128.0 0.06 -0.02 0.09 -0.1 -0.11 -0.37
104 559.0 273.0 146.0 141.0 0.05 -0.03 0.08 -0.06 -0.06 -0.47
105 561.0 296.0 139.0 125.0 0.03 -0.01 0.08 0.08 0.0 -0.36
106 567.0 288.0 138.0 132.0 -0.03 0.03 0.03 0.18 0.0 -0.43
107 557.0 279.0 141.0 141.0 -0.05 0.06 0.02 0.12 -0.02 -0.33
108 636.0 257.0 138.0 133.0 -0.07 0.06 0.01 0.08 -0.04 -0.25
109 606.0 252.0 147.0 121.0 -0.06 0.09 -0.02 -0.11 0.0 0.0
110 585.0 241.0 167.0 116.0 -0.05 0.09 -0.03 -0.1 0.07 -0.11
111 532.0 235.0 185.0 120.0 -0.06 0.1 -0.02 -0.27 0.19 -0.14
112 470.0 251.0 174.0 112.0 -0.1 0.13 -0.0 -0.39 0.26 0.01
113 482.0 247.0 161.0 129.0 -0.14 0.16 0.01 -0.27 0.22 -0.11
114 459.0 232.0 147.0 123.0 -0.16 0.12 0.05 -0.04 0.04 -0.32
115 478.0 243.0 159.0 114.0 -0.13 0.08 0.07 0.03 -0.08 -0.23
116 476.0 239.0 158.0 116.0 -0.11 0.05 0.07 0.04 -0.12 -0.01
117 475.0 256.0 149.0 115.0 -0.06 0.03 0.05 0.02 -0.03 0.11
118 502.0 258.0 151.0 111.0 -0.05 0.05 0.03 -0.11 0.03 -0.17
119 519.0 263.0 156.0 113.0 -0.05 0.05 0.03 -0.09 0.06 -0.29
120 484.0 244.0 152.0 117.0 -0.05 0.05 0.02 -0.07 0.02 -0.45
121 461.0 239.0 146.0 114.0 -0.05 0.04 0.03 -0.16 -0.05 -0.33
122 494.0 231.0 143.0 133.0 -0.05 0.03 0.03 -0.22 -0.03 -0.24
123 527.0 238.0 139.0 129.0 -0.05 0.03 0.04 -0.18 -0.06 -0.23
124 485.0 232.0 152.0 147.0 -0.05 0.01 0.05 -0.09 -0.06 -0.39
125 523.0 247.0 153.0 132.0 -0.06 0.0 0.05 0.02 -0.06 -0.25
126 546.0 282.0 176.0 151.0 -0.07 0.04 0.04 0.07 0.02 0.06
127 556.0 276.0 172.0 169.0 -0.08 0.07 0.02 0.13 0.13 0.08
128 619.0 270.0 158.0 159.0 -0.08 0.08 0.0 0.22 0.16 0.0
129 565.0 281.0 157.0 160.0 -0.07 0.1 -0.01 0.0 0.2 0.03
130 519.0 266.0 155.0 140.0 -0.07 0.1 -0.01 0.02 0.2 0.03
131 445.0 256.0 148.0 133.0 -0.06 0.07 -0.02 0.01 0.2 -0.01
132 490.0 282.0 161.0 161.0 -0.04 0.05 -0.02 0.09 0.09 0.03
133 422.0 291.0 160.0 165.0 -0.01 0.03 -0.03 0.0 0.03 0.13
134 433.0 274.0 151.0 153.0 0.01 0.01 -0.02 -0.06 0.05 0.14
135 416.0 264.0 154.0 142.0 0.04 0.01 -0.02 -0.01 0.15 0.04
136 434.0 257.0 156.0 143.0 0.08 -0.01 -0.01 0.02 0.2 0.04
137 450.0 252.0 151.0 130.0 0.09 -0.03 -0.01 0.14 0.25 -0.01
138 457.0 273.0 142.0 139.0 0.11 -0.03 -0.03 0.18 0.17 0.03
139 460.0 272.0 144.0 156.0 0.12 -0.0 -0.05 0.13 0.25 -0.11
140 476.0 275.0 158.0 142.0 0.12 0.01 -0.06 -0.01 0.29 -0.23
141 467.0 285.0 156.0 168.0 0.11 0.02 -0.05 -0.15 0.26 -0.34
142 423.0 265.0 153.0 145.0 0.09 0.02 -0.02 -0.32 0.2 -0.46
143 438.0 297.0 149.0 125.0 0.07 0.02 0.01 -0.34 0.16 -0.42
144 422.0 291.0 142.0 115.0 0.05 -0.0 0.04 -0.26 0.07 -0.41
145 417.0 286.0 141.0 116.0 0.03 -0.02 0.06 -0.14 0.06 -0.38
146 446.0 297.0 156.0 132.0 0.03 -0.03 0.06 0.04 0.13 -0.44
147 489.0 306.0 149.0 109.0 0.01 0.01 0.03 0.03 0.17 -0.36
148 426.0 294.0 160.0 109.0 -0.01 0.04 0.01 0.03 0.22 -0.41
149 493.0 308.0 162.0 169.0 -0.01 0.04 -0.0 0.02 0.23 -0.4
150 524.0 288.0 167.0 178.0 -0.03 0.02 -0.02 0.03 0.17 -0.28
151 498.0 280.0 153.0 161.0 -0.04 0.02 -0.0 -0.04 0.11 -0.16
152 562.0 279.0 172.0 148.0 -0.05 0.02 0.0 -0.14 0.07 -0.08
153 550.0 292.0 182.0 174.0 -0.03 0.01 0.01 -0.1 0.11 0.08
154 485.0 285.0 198.0 148.0 -0.03 0.01 0.02 -0.05 0.11 -0.02
155 487.0 304.0 189.0 174.0 -0.03 0.02 0.02 -0.02 0.15 0.0
156 453.0 288.0 180.0 157.0 -0.04 0.04 0.01 0.0 0.22 -0.01
157 453.0 282.0 188.0 194.0 -0.05 0.04 0.0 0.06 0.25 -0.17
158 485.0 273.0 191.0 177.0 -0.04 0.04 0.01 0.01 0.19 -0.09
159 461.0 262.0 178.0 158.0 -0.02 0.01 0.01 0.03 0.21 -0.01
160 451.0 275.0 171.0 138.0 0.0 -0.0 0.01 0.0 0.24 0.03
161 425.0 260.0 163.0 135.0 0.01 -0.01 0.01 0.01 0.26 0.02
162 401.0 267.0 154.0 123.0 0.02 0.0 -0.01 0.01 0.23 -0.1
163 394.0 253.0 143.0 113.0 0.03 -0.0 -0.02 0.03 0.2 -0.11
164 410.0 280.0 144.0 144.0 0.03 -0.01 -0.01 0.01 0.15 -0.17
165 379.0 267.0 142.0 121.0 0.03 -0.02 -0.01 -0.06 0.09 -0.12
166 337.0 259.0 135.0 101.0 0.04 -0.04 0.01 -0.05 0.03 -0.06
167 384.0 287.0 121.0 128.0 0.04 -0.04 0.01 0.01 -0.02 -0.05
168 386.0 268.0 121.0 116.0 0.04 -0.04 0.01 0.07 -0.01 -0.12
169 336.0 273.0 119.0 113.0 0.05 -0.07 -0.01 0.1 0.02 -0.19
170 312.0 244.0 116.0 98.0 0.05 -0.08 -0.01 0.13 0.01 -0.22
171 248.0 238.0 114.0 83.0 0.04 -0.09 -0.03 0.1 -0.07 -0.34
172 207.0 238.0 109.0 71.0 0.04 -0.09 -0.04 0.08 -0.15 -0.38
173 186.0 231.0 107.0 64.0 0.04 -0.07 -0.04 0.04 -0.24 -0.42
174 153.0 230.0 120.0 59.0 0.05 -0.13 -0.04 -0.17 -0.46 -0.8
175 130.0 226.0 122.0 52.0 0.11 -0.29 -0.03 -0.24 -0.51 -0.67
176 105.0 237.0 122.0 50.0 0.1 -0.32 -0.03 -0.24 -0.59 -0.18
177 92.0 227.0 116.0 46.0 0.02 -0.36 -0.04 -0.57 -0.84 -0.1
178 85.0 244.0 113.0 46.0 -0.06 -0.38 -0.02 -0.75 -1.06 -0.39
179 90.0 261.0 123.0 47.0 -0.11 -0.36 0.01 -0.91 -1.16 -0.46
180 83.0 330.0 144.0 49.0 -0.19 -0.29 0.07 -1.13 -1.28 -0.44
181 78.0 294.0 185.0 50.0 -0.25 -0.19 0.19 -1.49 -1.65 -0.74
182 94.0 385.0 286.0 65.0 -0.27 -0.1 0.27 -1.55 -1.68 -0.96
183 109.0 511.0 412.0 87.0 -0.38 0.18 0.49 -1.94 -1.08 -1.4
184 102.0 513.0 380.0 80.0 -0.47 0.65 0.74 -1.23 -1.1 -0.92
185 142.0 589.0 365.0 98.0 -0.5 0.94 0.87 -0.68 -0.9 -0.7
186 121.0 583.0 332.0 82.0 -0.76 1.18 1.06 -1.27 -0.81 -1.01
187 103.0 497.0 311.0 70.0 -0.93 0.77 1.07 -1.15 -1.18 -1.56
188 88.0 426.0 267.0 60.0 -0.98 0.3 1.06 -0.81 -1.62 -0.82
189 75.0 369.0 237.0 53.0 -1.18 0.35 1.01 0.97 0.17 -1.43
190 62.0 316.0 204.0 53.0 -1.34 0.61 0.93 -0.22 -1.03 -0.84
191 56.0 293.0 176.0 50.0 -1.5 1.18 0.88 0.26 -0.62 -0.21
192 58.0 258.0 152.0 52.0 -1.54 1.28 0.81 -0.12 -0.34 -2.08
193 59.0 235.0 133.0 46.0 -1.5 1.09 0.82 -0.25 -0.1 -1.61
194 57.0 209.0 118.0 41.0 -1.56 0.78 0.93 -0.46 0.17 -1.21
195 49.0 191.0 108.0 39.0 -1.6 0.61 0.94 -0.05 0.13 -0.21
196 47.0 192.0 102.0 41.0 -1.65 0.73 0.94 0.17 0.1 -0.08
197 49.0 175.0 104.0 51.0 -1.71 1.19 0.91 0.83 0.32 0.06
198 51.0 159.0 100.0 45.0 -1.81 1.68 0.91 0.95 0.56 -0.53
199 45.0 175.0 92.0 44.0 -1.85 1.86 0.92 1.59 0.59 -0.58
200 44.0 185.0 87.0 43.0 -1.96 2.13 0.88 1.65 0.64 -0.55
201 51.0 186.0 85.0 40.0 -2.05 2.2 0.79 2.42 0.36 -1.12
202 50.0 161.0 82.0 40.0 -2.06 2.09 0.64 0.06 0.32 -0.65
203 52.0 149.0 83.0 39.0 -2.12 1.38 0.64 0.38 -0.14 -0.1
204 46.0 140.0 81.0 43.0 -1.9 0.75 0.25 0.26 -0.17 0.96
205 42.0 137.0 82.0 47.0 -1.76 0.51 0.03 0.72 0.08 1.14
206 44.0 133.0 81.0 42.0 -1.6 0.33 -0.13 1.43 0.0 1.65
207 41.0 131.0 80.0 38.0 -1.49 0.35 -0.06 0.54 -0.09 2.37
208 37.0 129.0 78.0 35.0 -1.38 0.33 -0.04 -0.09 -0.11 1.89
209 36.0 129.0 77.0 32.0 -1.14 0.29 -0.07 0.0 -0.03 1.36
210 33.0 127.0 76.0 30.0 -0.96 0.28 -0.15 0.13 0.41 -0.02
211 30.0 128.0 74.0 29.0 -0.91 0.45 -0.1 -2.9 0.1 0.44
212 27.0 127.0 73.0 27.0 -0.3 0.42 -0.26 -3.25 -0.99 12.45
213 25.0 125.0 73.0 27.0 1.19 0.77 -0.3 4.53 3.13 -1.29
214 23.0 119.0 81.0 27.0 0.31 0.12 -0.32 -0.28 0.18 -2.56
215 22.0 117.0 77.0 25.0 0.81 0.39 -0.35 -0.28 0.0 0.26
216 20.0 118.0 73.0 25.0 0.68 0.71 -0.47 -0.51 0.86 0.8
217 19.0 118.0 71.0 25.0 0.5 0.69 -0.48 -1.03 0.46 -0.13
218 18.0 114.0 70.0 24.0 0.45 0.31 -0.39 -0.95 0.39 -0.17
219 18.0 110.0 67.0 24.0 0.38 -0.1 -0.19 -0.37 0.05 -0.01
220 18.0 105.0 64.0 24.0 0.39 -0.21 -0.15 -0.02 0.06 -0.06
221 17.0 101.0 63.0 23.0 0.34 -0.29 -0.12 0.05 0.06 0.04
222 18.0 99.0 62.0 24.0 0.26 -0.26 -0.12 0.6 0.24 0.08
223 16.0 95.0 61.0 24.0 0.21 -0.2 -0.1 0.65 0.08 -0.03
224 17.0 92.0 62.0 24.0 0.16 -0.09 -0.06 0.62 0.07 0.04
225 16.0 88.0 60.0 24.0 0.11 0.0 -0.05 0.41 0.26 0.05
226 17.0 86.0 60.0 23.0 0.09 0.04 -0.05 0.09 0.26 0.06
227 17.0 83.0 58.0 24.0 0.05 0.06 -0.04 0.03 0.24 0.08
228 16.0 81.0 58.0 24.0 0.03 0.06 -0.04 0.01 0.26 -0.01
229 16.0 80.0 59.0 23.0 0.01 0.05 -0.03 -0.02 0.2 -0.02
230 16.0 78.0 59.0 24.0 0.01 0.03 -0.03 -0.07 0.2 0.0
231 16.0 77.0 58.0 23.0 0.02 -0.0 -0.02 0.01 0.22 -0.03
232 16.0 76.0 55.0 24.0 0.02 -0.02 -0.02 0.08 0.22 0.0
233 16.0 74.0 54.0 25.0 0.02 -0.03 -0.01 0.12 0.22 -0.02
234 16.0 73.0 53.0 25.0 0.02 -0.02 -0.02 0.04 0.17 -0.04
235 16.0 71.0 57.0 25.0 0.02 -0.01 -0.03 0.06 0.16 0.0
236 16.0 70.0 54.0 25.0 0.02 -0.0 -0.03 0.05 0.19 -0.01
237 16.0 68.0 53.0 25.0 0.03 -0.0 -0.04 -0.02 0.18 -0.06
238 18.0 68.0 54.0 24.0 0.04 -0.01 -0.04 0.06 0.22 -0.01
239 16.0 68.0 55.0 24.0 0.04 -0.02 -0.03 0.08 0.21 0.01
240 17.0 68.0 54.0 24.0 0.03 -0.03 -0.03 0.1 0.21 0.01
241 16.0 68.0 54.0 24.0 0.03 -0.02 -0.03 0.05 0.23 0.01
242 16.0 70.0 52.0 24.0 0.02 -0.01 -0.02 0.09 0.21 0.0
