1 18.0 86.0 70.0 25.0 -0.01 0.0 -0.04 -0.06 0.06 0.0
2 17.0 85.0 67.0 24.0 0.0 -0.01 -0.03 -0.02 0.04 0.0
3 15.0 84.0 69.0 27.0 0.02 -0.0 -0.03 0.0 0.11 -0.01
4 17.0 83.0 67.0 26.0 0.02 0.0 -0.03 0.0 0.13 0.0
5 17.0 82.0 63.0 25.0 0.01 -0.01 -0.03 0.06 0.12 0.0
6 17.0 81.0 64.0 24.0 0.0 -0.01 -0.02 0.07 0.1 -0.02
7 18.0 86.0 64.0 24.0 0.0 -0.01 -0.01 0.04 0.06 0.0
8 16.0 84.0 64.0 24.0 -0.0 0.0 -0.01 0.02 0.08 0.0
9 17.0 83.0 64.0 27.0 -0.01 0.01 -0.0 -0.01 0.09 -0.01
10 16.0 84.0 62.0 26.0 -0.0 0.01 -0.0 -0.02 0.1 0.01
11 16.0 83.0 61.0 25.0 -0.01 -0.0 0.0 -0.03 0.09 0.0
12 17.0 83.0 59.0 25.0 -0.01 -0.01 -0.0 0.02 0.09 -0.02
13 17.0 84.0 58.0 26.0 -0.0 -0.01 -0.0 0.01 0.07 -0.03
14 17.0 83.0 58.0 25.0 -0.0 0.0 -0.0 -0.01 0.09 -0.02
15 17.0 85.0 60.0 25.0 0.0 0.01 -0.01 -0.06 0.1 -0.02
16 23.0 88.0 62.0 29.0 0.0 -0.0 -0.01 -0.04 0.14 -0.01
17 43.0 88.0 62.0 29.0 0.0 -0.03 0.0 0.0 0.15 0.03
18 63.0 104.0 63.0 30.0 -0.02 -0.04 0.01 0.06 0.12 0.01
19 88.0 168.0 60.0 57.0 -0.03 -0.05 0.02 0.26 0.11 0.11
20 94.0 204.0 61.0 54.0 -0.09 -0.03 0.03 0.21 0.11 0.08
21 109.0 239.0 61.0 75.0 -0.11 -0.07 0.03 -0.21 0.06 0.07
22 120.0 296.0 60.0 81.0 -0.11 -0.19 0.04 0.33 0.14 0.16
23 141.0 416.0 65.0 95.0 -0.05 -0.3 0.09 0.43 0.11 0.2
24 150.0 386.0 69.0 91.0 0.1 -0.53 0.07 0.53 0.2 0.82
25 173.0 389.0 77.0 80.0 0.1 -0.85 0.06 0.1 -0.1 2.02
26 191.0 395.0 76.0 69.0 0.03 -1.51 0.15 -5.8 -0.14 5.25
27 186.0 446.0 83.0 59.0 1.05 -3.31 -0.36 1.4 0.7 5.23
28 158.0 401.0 101.0 50.0 1.61 -3.6 -0.3 3.35 1.29 5.88
29 160.0 395.0 115.0 51.0 2.17 -1.88 -0.4 3.51 1.98 4.45
30 144.0 390.0 121.0 46.0 2.38 -0.48 -0.59 2.72 2.25 5.36
31 137.0 450.0 118.0 42.0 2.42 -0.24 -0.7 1.19 1.67 4.48
32 126.0 423.0 110.0 44.0 2.6 -0.83 -0.88 1.43 1.5 3.6
33 160.0 411.0 123.0 42.0 2.76 -1.46 -0.98 1.74 1.52 0.94
34 186.0 377.0 131.0 38.0 2.74 -1.52 -1.01 1.58 1.21 0.59
35 171.0 424.0 128.0 37.0 2.56 -1.32 -1.05 1.24 0.98 0.58
36 171.0 424.0 115.0 38.0 2.37 -1.2 -1.03 0.21 0.46 0.16
37 172.0 387.0 111.0 41.0 2.3 -1.23 -1.03 -0.33 0.19 -1.35
38 159.0 439.0 117.0 42.0 2.08 -1.29 -0.93 0.14 0.14 -1.32
39 178.0 447.0 123.0 42.0 1.9 -1.25 -0.93 -0.99 -0.43 -1.42
40 214.0 432.0 117.0 41.0 1.85 -1.19 -0.9 -0.75 -0.43 -1.28
41 235.0 423.0 114.0 45.0 1.66 -0.8 -0.82 -0.69 -0.87 -1.3
42 269.0 407.0 119.0 42.0 1.48 -0.69 -0.61 -1.16 -0.79 -1.26
43 243.0 408.0 136.0 38.0 1.4 -0.7 -0.58 -1.05 -0.98 -1.33
44 293.0 422.0 146.0 37.0 1.27 -0.8 -0.51 -1.2 -1.13 -1.38
45 283.0 395.0 144.0 35.0 1.14 -0.78 -0.44 -0.95 -1.38 -1.57
46 293.0 406.0 142.0 33.0 1.09 -0.76 -0.41 -0.98 -1.42 -1.52
47 312.0 381.0 144.0 39.0 0.95 -0.68 -0.38 -0.85 -1.34 -1.59
48 327.0 364.0 138.0 50.0 0.81 -0.54 -0.31 -0.86 -1.36 -1.45
49 352.0 343.0 131.0 80.0 0.71 -0.46 -0.28 -0.9 -1.49 -1.67
50 333.0 344.0 128.0 76.0 0.54 -0.28 -0.22 -0.78 -1.46 -1.89
51 445.0 330.0 131.0 77.0 0.35 -0.15 -0.14 -0.71 -1.24 -2.09
52 421.0 314.0 146.0 94.0 0.25 -0.14 -0.08 -1.23 -1.4 -1.72
53 410.0 301.0 205.0 96.0 0.07 -0.23 0.02 -1.17 -1.46 -1.6
54 529.0 290.0 202.0 126.0 -0.14 -0.16 0.03 -0.83 -1.66 -1.69
55 570.0 275.0 236.0 135.0 -0.26 -0.09 0.07 -1.24 -1.71 -0.81
56 559.0 276.0 231.0 146.0 -0.39 0.08 0.16 -0.99 -1.37 -0.41
57 567.0 280.0 258.0 173.0 -0.48 0.03 0.18 -0.56 -1.39 0.11
58 657.0 322.0 243.0 231.0 -0.56 0.08 0.2 -0.61 -1.31 -0.74
59 623.0 319.0 219.0 247.0 -0.62 -0.0 0.22 -0.15 -1.06 -0.5
60 649.0 353.0 204.0 297.0 -0.6 -0.06 0.23 -0.03 -1.1 -0.46
61 703.0 344.0 199.0 288.0 -0.57 -0.11 0.2 0.07 -0.76 0.0
62 688.0 325.0 191.0 265.0 -0.54 -0.14 0.16 -0.32 -0.66 0.03
63 701.0 347.0 203.0 251.0 -0.48 -0.16 0.1 -0.11 -0.61 -0.37
64 688.0 342.0 190.0 270.0 -0.44 -0.19 0.1 -0.6 -0.52 0.18
65 790.0 325.0 187.0 265.0 -0.38 -0.29 0.12 -0.75 -0.35 0.46
66 850.0 357.0 177.0 328.0 -0.28 -0.22 0.12 -0.44 -0.44 0.0
67 907.0 415.0 179.0 359.0 -0.22 -0.23 0.14 -0.62 -0.11 0.48
68 889.0 385.0 175.0 323.0 -0.11 -0.25 0.13 -0.68 -0.07 0.04
69 821.0 392.0 195.0 306.0 -0.02 -0.15 0.14 -0.99 -0.19 0.36
70 791.0 380.0 212.0 314.0 0.01 -0.09 0.14 -0.94 0.0 0.36
71 910.0 390.0 211.0 293.0 0.02 0.02 0.14 -1.0 0.02 0.42
72 834.0 371.0 215.0 398.0 -0.01 0.04 0.2 -0.88 0.26 -0.29
73 829.0 359.0 204.0 422.0 -0.02 0.0 0.22 -0.01 0.41 -0.7
74 794.0 333.0 201.0 364.0 -0.02 -0.02 0.29 0.06 0.27 -0.86
75 806.0 320.0 201.0 329.0 0.0 0.01 0.28 0.34 0.17 -0.1
76 801.0 285.0 188.0 332.0 -0.01 0.06 0.23 0.42 0.25 0.07
77 729.0 286.0 190.0 325.0 -0.04 0.09 0.1 0.53 0.27 0.01
78 669.0 285.0 180.0 331.0 -0.03 0.16 -0.02 0.54 0.11 -0.4
79 624.0 279.0 191.0 272.0 -0.01 0.17 -0.04 0.03 0.17 0.0
80 604.0 291.0 197.0 272.0 0.02 0.21 -0.04 -0.04 0.14 0.22
81 610.0 323.0 185.0 330.0 0.06 0.12 -0.02 -0.42 0.12 0.6
82 581.0 322.0 169.0 292.0 0.06 0.07 -0.01 -0.23 0.17 0.44
83 522.0 291.0 169.0 244.0 0.04 0.07 0.03 0.08 -0.03 -0.48
84 571.0 273.0 164.0 204.0 0.06 0.04 0.08 -0.08 0.03 -0.26
85 558.0 262.0 162.0 177.0 0.06 0.02 0.09 -0.16 0.12 -0.04
86 520.0 255.0 157.0 177.0 0.03 -0.05 0.08 0.13 0.19 0.05
87 653.0 283.0 147.0 229.0 0.01 -0.02 0.05 0.27 0.11 -0.02
88 581.0 275.0 172.0 203.0 -0.0 0.01 0.04 0.27 0.08 -0.15
89 620.0 260.0 173.0 193.0 0.01 0.01 0.02 0.32 0.12 -0.17
90 555.0 267.0 162.0 187.0 0.02 0.01 -0.01 0.22 0.1 0.1
91 602.0 301.0 158.0 215.0 0.02 -0.01 -0.02 0.01 0.17 0.14
92 566.0 274.0 155.0 196.0 -0.0 -0.0 -0.04 0.03 0.24 -0.14
93 552.0 263.0 170.0 185.0 0.0 0.02 -0.03 0.04 0.18 -0.2
94 675.0 243.0 164.0 170.0 0.03 0.01 -0.01 -0.05 0.2 0.03
95 713.0 267.0 172.0 182.0 0.03 -0.02 0.01 -0.09 0.11 0.09
96 669.0 281.0 171.0 187.0 0.01 -0.04 0.02 0.09 0.2 -0.12
97 564.0 266.0 167.0 169.0 -0.02 -0.01 0.01 0.1 0.2 -0.29
98 574.0 248.0 161.0 163.0 -0.03 0.03 -0.01 0.02 0.06 -0.36
99 487.0 245.0 150.0 148.0 -0.02 0.01 -0.01 -0.11 0.0 -0.12
100 493.0 286.0 145.0 200.0 -0.02 -0.0 -0.01 -0.03 0.06 -0.11
101 451.0 289.0 136.0 220.0 -0.03 -0.0 -0.01 -0.07 -0.01 -0.1
102 451.0 260.0 130.0 183.0 -0.02 0.02 -0.01 -0.02 0.11 -0.31
103 506.0 255.0 125.0 185.0 -0.01 0.03 -0.01 -0.07 0.16 -0.31
104 444.0 269.0 123.0 185.0 -0.02 0.06 -0.01 -0.09 0.12 -0.28
105 485.0 256.0 130.0 186.0 -0.04 0.04 -0.0 0.03 0.15 -0.32
106 493.0 248.0 133.0 171.0 -0.05 0.03 -0.01 0.02 0.15 -0.28
107 516.0 260.0 130.0 194.0 -0.07 0.05 -0.02 -0.04 0.09 -0.12
108 488.0 248.0 137.0 200.0 -0.08 0.04 -0.03 -0.04 0.05 -0.14
109 479.0 239.0 143.0 182.0 -0.07 0.06 -0.03 -0.07 0.02 -0.17
110 440.0 249.0 144.0 181.0 -0.05 0.06 -0.02 -0.18 0.1 0.12
111 465.0 239.0 134.0 173.0 -0.04 0.08 -0.0 -0.05 0.14 -0.14
112 451.0 240.0 133.0 153.0 -0.03 0.09 -0.0 -0.1 0.13 -0.1
113 428.0 244.0 130.0 135.0 -0.02 0.04 0.01 -0.09 0.18 -0.1
114 401.0 259.0 123.0 167.0 -0.04 -0.01 0.01 -0.01 0.15 -0.03
115 365.0 235.0 123.0 150.0 -0.04 -0.01 0.01 0.1 0.14 -0.05
116 351.0 218.0 123.0 131.0 -0.03 0.01 0.01 0.07 0.0 0.02
117 303.0 197.0 118.0 109.0 -0.02 -0.01 -0.0 0.04 -0.05 0.0
118 264.0 174.0 132.0 91.0 -0.01 0.0 -0.01 -0.01 -0.05 -0.01
119 237.0 185.0 147.0 79.0 -0.01 0.02 -0.01 -0.09 -0.19 -0.18
120 201.0 247.0 159.0 69.0 -0.02 0.02 -0.03 -0.28 -0.29 -0.26
121 174.0 328.0 171.0 66.0 -0.04 -0.02 -0.04 -0.37 -0.45 -0.24
122 152.0 355.0 170.0 65.0 -0.08 -0.1 -0.09 -0.33 -0.57 -0.34
123 136.0 402.0 153.0 82.0 -0.03 -0.07 -0.15 -0.23 -0.99 -0.65
124 128.0 432.0 165.0 75.0 0.03 0.01 -0.15 -0.21 -1.22 -0.52
125 119.0 439.0 175.0 72.0 0.06 0.22 -0.1 -0.48 -1.75 -0.35
126 120.0 428.0 180.0 63.0 0.0 0.59 -0.04 -0.77 -1.92 -0.63
127 122.0 424.0 179.0 54.0 -0.02 0.84 0.0 -1.07 -1.92 -0.89
128 117.0 440.0 175.0 54.0 -0.08 1.29 0.15 -2.39 -2.19 -1.65
129 126.0 416.0 195.0 52.0 -0.21 1.63 0.42 -2.7 -2.3 -1.61
130 138.0 448.0 200.0 76.0 -0.3 1.78 0.58 -3.01 -2.55 -1.4
131 133.0 502.0 181.0 75.0 -0.55 1.96 0.78 -3.49 -2.72 -1.41
132 121.0 456.0 168.0 63.0 -0.89 1.84 0.94 -2.87 -2.17 -1.24
133 118.0 506.0 160.0 70.0 -0.94 1.84 1.1 -0.61 -0.37 -1.75
134 112.0 525.0 143.0 62.0 -1.01 2.01 1.01 -1.04 -1.81 -2.44
135 100.0 454.0 133.0 54.0 -1.3 2.3 1.05 -1.21 -0.98 -2.13
136 99.0 384.0 117.0 47.0 -1.37 2.35 1.03 -1.11 -0.67 -2.92
137 99.0 338.0 107.0 42.0 -1.63 2.18 0.96 -0.05 -0.1 -1.99
138 94.0 287.0 98.0 38.0 -1.76 2.05 0.95 -0.16 0.34 -1.37
139 116.0 274.0 118.0 81.0 -1.95 1.63 0.86 0.21 0.61 -1.41
140 152.0 265.0 117.0 81.0 -2.18 1.41 0.72 0.77 0.77 -0.89
141 137.0 237.0 120.0 80.0 -2.31 1.38 0.65 2.18 0.75 0.15
142 112.0 210.0 111.0 68.0 -2.43 1.53 0.45 2.58 0.82 0.4
143 103.0 193.0 105.0 62.0 -2.37 1.66 0.17 2.23 1.31 1.13
144 87.0 183.0 94.0 56.0 -2.39 1.7 0.07 -0.39 2.0 2.08
145 86.0 164.0 87.0 49.0 -2.32 1.71 -0.06 0.96 0.56 1.96
146 118.0 153.0 83.0 68.0 -2.13 1.47 -0.18 1.04 0.46 2.91
147 219.0 141.0 82.0 69.0 -2.0 1.31 -0.26 0.8 0.49 2.68
148 194.0 129.0 86.0 67.0 -1.66 0.96 -0.43 1.06 0.67 2.54
149 166.0 119.0 82.0 99.0 -1.34 0.77 -0.4 1.42 1.11 2.62
150 137.0 121.0 78.0 93.0 -1.2 0.74 -0.43 1.14 0.8 2.25
151 117.0 120.0 77.0 79.0 -1.01 0.71 -0.56 0.86 0.39 1.86
152 111.0 122.0 76.0 68.0 -0.94 0.77 -0.63 0.48 0.21 1.29
153 94.0 125.0 73.0 58.0 -0.93 0.79 -0.64 -0.68 0.13 1.96
154 137.0 128.0 74.0 55.0 -0.69 0.68 -0.48 -9.29 -2.75 23.94
155 164.0 126.0 70.0 49.0 0.73 0.49 -0.21 -0.3 -0.62 -4.57
156 136.0 124.0 72.0 44.0 0.54 -0.64 -0.14 -2.1 -0.54 -2.6
157 109.0 126.0 77.0 39.0 1.1 -0.44 -0.03 -0.04 0.15 -0.22
158 96.0 130.0 72.0 36.0 0.63 -0.44 -0.11 0.79 0.63 0.68
159 82.0 133.0 67.0 34.0 0.45 -0.58 -0.15 0.38 0.06 0.21
160 68.0 136.0 63.0 31.0 0.06 -0.82 -0.07 0.41 -0.36 0.25
161 58.0 133.0 60.0 30.0 -0.01 -0.81 0.06 1.07 -0.36 0.09
162 52.0 127.0 58.0 29.0 0.03 -0.69 0.01 1.32 0.0 -0.02
163 45.0 125.0 56.0 27.0 0.08 -0.22 -0.1 1.01 0.02 0.07
164 39.0 123.0 59.0 27.0 0.07 0.17 -0.18 0.33 0.19 0.05
165 34.0 121.0 59.0 26.0 0.05 0.24 -0.2 -0.34 0.33 -0.06
166 32.0 116.0 56.0 26.0 0.03 0.2 -0.21 -0.48 0.3 0.0
167 34.0 113.0 55.0 25.0 0.02 0.03 -0.2 -0.52 0.3 -0.02
168 30.0 110.0 54.0 25.0 0.03 -0.06 -0.19 -0.26 0.3 -0.05
169 28.0 107.0 53.0 25.0 0.03 -0.21 -0.14 -0.05 0.27 0.05
170 27.0 104.0 53.0 25.0 0.04 -0.3 -0.1 0.08 0.21 -0.03
171 26.0 102.0 52.0 25.0 0.04 -0.33 -0.08 0.27 0.1 0.03
