1 17.0 102.0 60.0 22.0 -0.02 -0.21 0.06 0.15 0.16 -0.02
2 16.0 100.0 58.0 23.0 -0.01 -0.15 0.04 0.16 0.15 -0.01
3 16.0 97.0 60.0 23.0 -0.01 -0.07 0.02 0.09 0.2 -0.06
4 16.0 96.0 62.0 23.0 -0.01 -0.04 -0.0 0.03 0.2 -0.04
5 17.0 93.0 61.0 24.0 -0.01 -0.02 -0.02 -0.07 0.13 -0.04
6 16.0 91.0 59.0 22.0 -0.0 -0.03 -0.03 -0.07 0.13 -0.04
7 18.0 91.0 57.0 23.0 0.0 -0.05 -0.02 -0.04 0.14 -0.03
8 16.0 91.0 57.0 23.0 0.01 -0.06 -0.02 0.0 0.13 -0.01
9 16.0 91.0 57.0 23.0 0.01 -0.05 -0.02 0.07 0.1 -0.03
10 16.0 90.0 56.0 23.0 0.02 -0.04 -0.02 0.07 0.09 0.0
11 18.0 90.0 58.0 23.0 0.02 -0.02 -0.02 0.08 0.14 -0.01
12 16.0 95.0 58.0 23.0 0.02 -0.0 -0.03 0.02 0.14 -0.03
13 17.0 99.0 56.0 23.0 0.02 -0.0 -0.03 0.01 0.15 -0.03
14 20.0 108.0 55.0 23.0 0.02 -0.0 -0.03 0.06 0.17 0.0
15 24.0 118.0 54.0 23.0 0.01 -0.0 -0.01 0.05 0.15 -0.01
16 69.0 151.0 54.0 24.0 0.0 -0.0 -0.01 0.06 0.14 0.0
17 100.0 176.0 54.0 33.0 0.01 -0.02 -0.0 0.09 0.09 0.02
18 101.0 210.0 54.0 47.0 0.03 -0.05 -0.02 -0.3 0.08 0.02
19 102.0 235.0 54.0 57.0 0.04 -0.11 -0.03 0.0 0.18 0.08
20 101.0 270.0 54.0 76.0 0.03 -0.26 -0.01 0.47 0.41 0.33
21 110.0 323.0 57.0 103.0 -0.14 -0.47 0.04 1.49 0.36 0.53
22 127.0 331.0 57.0 87.0 -0.2 -0.48 0.03 2.02 0.27 0.63
23 118.0 374.0 57.0 79.0 -0.14 -0.09 -0.03 1.07 0.41 1.55
24 104.0 353.0 59.0 77.0 -0.16 0.16 -0.07 -0.41 0.56 2.78
25 98.0 387.0 63.0 76.0 -0.1 0.21 -0.09 -0.36 0.24 4.37
26 94.0 489.0 69.0 66.0 0.47 -0.47 -0.42 2.49 0.7 5.48
27 88.0 534.0 81.0 57.0 1.47 -1.82 -0.42 0.18 0.98 5.33
28 130.0 497.0 102.0 52.0 1.75 -1.71 -0.46 2.76 1.67 5.12
29 146.0 541.0 104.0 51.0 2.25 -0.46 -0.65 1.74 1.65 4.83
30 146.0 614.0 104.0 51.0 2.49 0.19 -0.75 0.06 1.34 4.21
31 163.0 565.0 104.0 44.0 2.61 0.2 -0.76 -0.16 1.27 3.71
32 143.0 529.0 134.0 42.0 2.84 -0.37 -0.76 -0.96 1.06 2.01
33 147.0 504.0 128.0 37.0 2.94 -1.38 -0.69 -0.27 0.68 1.09
34 161.0 535.0 123.0 35.0 2.93 -1.73 -0.69 -0.27 0.4 0.9
35 156.0 508.0 111.0 33.0 2.82 -1.83 -0.65 -0.51 0.02 -0.27
36 162.0 514.0 108.0 33.0 2.75 -1.69 -0.7 -0.75 -0.33 -0.96
37 191.0 464.0 114.0 31.0 2.56 -1.34 -0.65 -0.97 -0.46 -1.27
38 232.0 445.0 109.0 30.0 2.43 -1.19 -0.55 -1.36 -1.07 -1.53
39 200.0 433.0 122.0 38.0 2.38 -1.2 -0.53 -1.02 -0.88 -1.76
40 183.0 456.0 138.0 36.0 2.21 -1.21 -0.46 -1.17 -0.99 -1.87
41 190.0 462.0 147.0 34.0 2.0 -0.96 -0.42 -1.55 -1.32 -2.08
42 213.0 448.0 140.0 36.0 1.92 -0.91 -0.31 -1.1 -1.22 -2.06
43 236.0 460.0 148.0 37.0 1.68 -0.81 -0.24 -1.06 -1.22 -1.95
44 265.0 437.0 141.0 45.0 1.43 -0.67 -0.12 -0.87 -1.24 -2.37
45 285.0 427.0 145.0 57.0 1.31 -0.62 -0.09 -0.8 -1.28 -2.41
46 276.0 413.0 157.0 56.0 1.12 -0.69 0.01 0.02 -1.26 -2.49
47 267.0 374.0 154.0 54.0 0.9 -0.63 0.09 -0.5 -1.38 -1.85
48 251.0 461.0 154.0 65.0 0.76 -0.57 0.15 -0.72 -1.27 -1.47
49 331.0 471.0 146.0 96.0 0.53 -0.47 0.15 -0.76 -1.39 -1.59
50 317.0 702.0 141.0 92.0 0.32 -0.4 0.14 -0.21 -1.16 -1.93
51 329.0 682.0 139.0 83.0 0.23 -0.38 0.17 0.16 -1.57 -1.83
52 304.0 598.0 135.0 92.0 0.09 -0.36 0.15 0.07 -1.69 -1.41
53 336.0 557.0 134.0 85.0 0.01 -0.41 0.09 0.12 -1.47 -0.77
54 325.0 673.0 171.0 96.0 -0.02 -0.39 0.07 -0.08 -1.42 -0.9
55 331.0 650.0 180.0 87.0 -0.08 -0.29 0.04 -0.11 -1.32 -0.91
56 347.0 753.0 177.0 131.0 -0.14 -0.31 0.0 -0.02 -1.05 -0.58
57 343.0 884.0 187.0 126.0 -0.16 -0.35 -0.01 0.12 -0.97 -0.6
58 357.0 769.0 182.0 155.0 -0.2 -0.34 -0.04 0.0 -1.0 -0.39
59 329.0 715.0 182.0 160.0 -0.19 -0.31 -0.07 -0.17 -0.73 -0.02
60 342.0 629.0 211.0 142.0 -0.2 -0.29 -0.09 -0.2 -0.57 0.01
61 311.0 565.0 234.0 122.0 -0.19 -0.2 -0.12 -0.25 -0.55 -0.01
62 305.0 530.0 267.0 103.0 -0.19 -0.12 -0.11 -0.56 -0.47 0.49
63 377.0 558.0 228.0 116.0 -0.18 -0.09 -0.1 -0.67 -0.29 0.42
64 372.0 508.0 209.0 138.0 -0.17 -0.11 -0.05 -0.69 -0.2 0.46
65 362.0 487.0 215.0 125.0 -0.15 -0.12 -0.0 -0.24 -0.16 0.14
66 400.0 451.0 198.0 112.0 -0.13 -0.14 0.03 -0.44 -0.02 0.34
67 382.0 440.0 200.0 113.0 -0.09 -0.11 0.04 -0.34 0.07 0.31
68 339.0 444.0 189.0 95.0 -0.09 0.02 0.02 -0.27 0.15 0.08
69 374.0 444.0 186.0 102.0 -0.08 0.04 0.02 -0.08 0.24 -0.13
70 360.0 477.0 196.0 87.0 -0.06 0.05 0.04 -0.1 0.15 -0.12
71 360.0 516.0 191.0 87.0 -0.04 0.02 0.07 -0.08 0.11 0.06
72 409.0 477.0 195.0 84.0 -0.03 0.02 0.08 -0.18 0.24 0.05
73 388.0 445.0 192.0 95.0 -0.02 0.05 0.08 -0.18 0.26 -0.06
74 375.0 457.0 173.0 111.0 -0.01 0.03 0.08 0.0 0.36 0.11
75 379.0 429.0 192.0 91.0 -0.01 0.02 0.08 0.23 0.25 -0.02
76 385.0 429.0 211.0 87.0 0.01 0.02 0.08 0.24 0.1 0.18
77 364.0 404.0 209.0 93.0 0.04 0.02 0.05 0.13 0.14 0.27
78 391.0 408.0 211.0 85.0 0.06 0.01 0.03 -0.11 0.12 0.0
79 410.0 434.0 199.0 83.0 0.08 -0.01 -0.01 -0.11 0.1 0.07
80 398.0 435.0 192.0 82.0 0.09 0.01 -0.03 -0.05 0.0 -0.13
81 364.0 404.0 185.0 77.0 0.09 0.01 -0.03 -0.11 -0.14 -0.18
82 347.0 383.0 176.0 65.0 0.09 0.02 -0.01 0.04 -0.08 -0.13
83 412.0 354.0 173.0 78.0 0.09 0.03 0.01 -0.04 -0.04 -0.21
84 439.0 333.0 175.0 79.0 0.09 0.03 0.01 -0.11 -0.04 -0.37
85 421.0 344.0 184.0 70.0 0.03 -0.02 0.04 -0.03 0.0 -0.42
86 457.0 344.0 184.0 66.0 0.0 -0.03 0.05 0.0 -0.06 -0.25
87 434.0 361.0 186.0 64.0 -0.01 -0.03 0.03 0.01 -0.04 -0.15
88 441.0 341.0 199.0 65.0 -0.01 -0.0 0.0 0.06 -0.06 -0.15
89 405.0 345.0 200.0 61.0 -0.01 0.0 -0.01 0.0 -0.07 -0.21
90 374.0 364.0 183.0 77.0 -0.01 -0.01 -0.01 -0.05 0.0 -0.15
91 378.0 405.0 185.0 86.0 -0.02 -0.03 -0.02 -0.16 -0.03 -0.2
92 381.0 394.0 169.0 96.0 -0.03 -0.05 0.0 -0.01 0.03 -0.25
93 379.0 347.0 160.0 86.0 -0.03 -0.07 0.0 0.05 0.03 -0.17
94 344.0 336.0 181.0 77.0 -0.03 -0.04 0.01 0.03 0.01 -0.11
95 341.0 314.0 177.0 93.0 -0.02 -0.05 0.02 -0.07 0.01 0.1
96 365.0 398.0 176.0 87.0 -0.01 -0.07 0.02 -0.04 0.06 0.05
97 427.0 369.0 166.0 80.0 0.0 -0.05 0.02 -0.02 0.07 -0.07
98 396.0 372.0 186.0 83.0 0.0 -0.04 0.02 -0.03 0.06 -0.11
99 383.0 369.0 175.0 108.0 -0.0 -0.04 0.01 0.04 0.18 -0.2
100 355.0 387.0 173.0 101.0 -0.0 -0.03 0.0 -0.01 0.22 -0.13
101 344.0 354.0 162.0 92.0 -0.01 -0.03 -0.0 -0.1 0.18 -0.07
102 347.0 346.0 166.0 85.0 -0.02 -0.04 0.0 -0.23 0.19 -0.02
103 324.0 322.0 149.0 90.0 -0.03 -0.08 0.04 -0.21 0.2 -0.1
104 364.0 347.0 144.0 80.0 -0.05 -0.09 0.07 -0.05 0.12 -0.1
105 321.0 332.0 145.0 71.0 -0.07 -0.06 0.07 0.11 0.0 -0.24
106 320.0 314.0 150.0 85.0 -0.07 -0.05 0.04 0.13 -0.09 -0.05
107 333.0 302.0 144.0 87.0 -0.06 0.02 0.0 0.09 -0.03 -0.04
108 316.0 303.0 156.0 82.0 -0.06 0.04 -0.01 0.09 0.05 -0.23
109 294.0 298.0 167.0 80.0 -0.06 0.07 -0.03 0.06 0.06 -0.32
110 406.0 305.0 156.0 102.0 -0.06 0.09 -0.04 0.1 0.01 -0.29
111 368.0 316.0 148.0 107.0 -0.07 0.1 -0.05 -0.08 -0.06 -0.35
112 371.0 304.0 143.0 95.0 -0.08 0.11 -0.04 -0.03 -0.03 -0.31
113 341.0 309.0 136.0 92.0 -0.08 0.06 -0.02 -0.29 -0.08 0.04
114 299.0 298.0 130.0 105.0 -0.08 0.02 -0.01 -0.26 0.0 0.03
115 302.0 340.0 135.0 96.0 -0.07 -0.03 0.02 -0.21 0.0 0.12
116 276.0 321.0 158.0 84.0 -0.04 -0.02 0.04 -0.2 0.08 0.1
117 252.0 329.0 159.0 84.0 -0.03 -0.02 0.04 -0.09 0.17 0.01
118 242.0 322.0 149.0 77.0 -0.01 -0.02 0.05 -0.05 0.16 -0.02
119 214.0 302.0 149.0 71.0 -0.02 -0.0 0.04 0.0 0.04 -0.2
120 212.0 295.0 146.0 62.0 -0.02 0.0 0.04 0.13 0.05 -0.23
121 190.0 270.0 152.0 54.0 -0.03 0.0 0.03 0.13 -0.1 -0.16
122 169.0 253.0 146.0 47.0 -0.05 0.01 0.01 0.13 -0.3 -0.24
123 138.0 228.0 136.0 48.0 -0.07 0.01 0.01 0.05 -0.41 -0.21
124 117.0 221.0 123.0 42.0 -0.12 0.04 -0.0 -0.09 -0.61 -0.33
125 98.0 207.0 126.0 39.0 -0.22 0.06 -0.0 -0.45 -1.01 -0.29
126 82.0 198.0 110.0 35.0 -0.3 0.08 0.01 -0.46 -1.17 -0.3
127 77.0 187.0 106.0 32.0 -0.51 0.17 0.01 -0.74 -1.82 -0.71
128 72.0 183.0 97.0 31.0 -0.76 0.53 0.0 -0.53 -2.16 -1.21
129 62.0 168.0 97.0 29.0 -0.85 0.93 0.0 -0.4 -2.55 -1.78
130 62.0 159.0 103.0 28.0 -0.94 1.92 0.0 -0.14 -2.32 -2.5
131 65.0 148.0 99.0 27.0 -1.13 2.66 -0.0 0.06 -2.07 -2.6
132 71.0 152.0 98.0 27.0 -1.25 2.85 -0.02 0.1 -1.92 -2.58
133 73.0 159.0 90.0 26.0 -1.52 2.96 -0.06 0.21 -1.79 -2.51
134 107.0 219.0 86.0 26.0 -1.83 3.01 -0.13 -0.1 -1.59 -1.89
135 102.0 224.0 87.0 26.0 -1.97 3.07 -0.17 0.4 -1.24 -1.51
136 114.0 287.0 86.0 25.0 -2.1 3.29 -0.24 0.06 -1.24 -1.47
137 108.0 298.0 91.0 25.0 -2.16 3.34 -0.28 0.04 -0.89 -1.47
138 113.0 280.0 89.0 24.0 -2.16 3.36 -0.29 0.11 -0.91 -1.23
139 102.0 283.0 84.0 24.0 -2.09 2.82 -0.3 -1.83 -1.44 -0.35
140 101.0 262.0 79.0 39.0 -2.02 1.96 -0.22 -2.17 -0.56 0.48
141 100.0 250.0 78.0 63.0 -2.03 1.49 -0.23 -1.68 -0.74 2.14
142 99.0 259.0 72.0 86.0 -1.86 1.42 -0.12 -1.76 0.82 0.17
143 101.0 258.0 71.0 102.0 -1.8 1.75 -0.04 -0.55 0.39 -0.94
144 101.0 224.0 68.0 85.0 -1.84 1.87 0.02 -0.54 0.78 -0.99
145 89.0 202.0 64.0 71.0 -1.83 1.59 0.37 -1.28 0.64 -0.51
146 82.0 187.0 62.0 61.0 -1.69 0.94 0.35 -2.52 1.17 0.54
147 73.0 178.0 60.0 54.0 -1.63 0.56 0.28 -1.85 1.34 1.05
148 71.0 169.0 59.0 47.0 -1.58 0.06 0.22 -0.46 1.42 2.58
149 68.0 166.0 57.0 49.0 -1.56 -0.27 0.27 -0.01 1.7 2.68
150 75.0 158.0 62.0 43.0 -1.58 -0.32 0.23 1.2 1.58 1.36
151 75.0 147.0 61.0 38.0 -1.62 -0.29 0.12 0.71 1.63 0.89
152 63.0 142.0 59.0 35.0 -1.69 -0.32 0.14 1.14 0.98 0.21
153 58.0 137.0 56.0 32.0 -1.67 -0.4 0.06 0.58 0.93 -0.11
154 50.0 131.0 54.0 31.0 -1.6 -0.78 -0.1 1.06 0.19 -0.87
155 43.0 130.0 53.0 29.0 -1.48 -1.2 -0.26 1.22 0.1 -1.63
156 37.0 129.0 54.0 28.0 -1.47 -1.32 -0.35 1.32 0.23 -2.12
157 42.0 134.0 58.0 32.0 -1.28 -1.16 -0.64 -20.42 -8.85 24.26
158 36.0 128.0 56.0 37.0 0.56 -3.61 0.49 1.06 7.57 1.67
159 31.0 119.0 74.0 33.0 -0.25 -4.08 0.17 5.65 -1.27 -3.47
160 28.0 114.0 69.0 32.0 1.31 -0.63 -0.14 2.66 -0.43 0.3
161 26.0 116.0 67.0 30.0 0.75 0.11 -0.28 0.81 0.32 0.79
162 23.0 118.0 66.0 29.0 0.49 0.07 -0.33 1.52 0.51 0.57
163 22.0 119.0 63.0 28.0 0.17 0.15 -0.35 1.34 0.37 0.19
164 21.0 116.0 67.0 27.0 0.14 0.22 -0.21 0.56 -0.03 0.14
165 19.0 112.0 68.0 26.0 0.15 0.22 -0.15 0.3 -0.04 -0.03
166 18.0 108.0 70.0 26.0 0.12 0.16 -0.09 -0.58 0.2 0.1
167 18.0 104.0 66.0 25.0 0.08 0.08 -0.06 -0.36 0.4 0.3
168 17.0 101.0 66.0 24.0 0.02 0.05 -0.02 -0.38 0.29 0.16
169 17.0 98.0 64.0 24.0 -0.03 -0.04 0.05 0.06 0.26 -0.01
170 17.0 94.0 67.0 24.0 -0.06 -0.08 0.06 0.33 0.13 0.0
171 17.0 89.0 74.0 24.0 -0.04 -0.06 0.06 0.33 0.22 -0.05
172 17.0 85.0 74.0 24.0 -0.03 0.02 0.02 0.16 0.2 0.03
173 16.0 83.0 72.0 21.0 -0.01 0.04 -0.01 -0.17 0.22 -0.02
174 17.0 80.0 68.0 23.0 -0.01 0.04 -0.03 -0.28 0.21 -0.12
