1 39.0 94.0 85.0 25.0 -0.02 -0.05 -0.02 -0.17 0.15 -0.03
2 52.0 92.0 90.0 24.0 -0.01 -0.04 -0.03 -0.12 0.14 -0.05
3 44.0 88.0 95.0 24.0 0.0 -0.05 -0.05 0.05 0.09 -0.04
4 38.0 86.0 92.0 24.0 0.01 -0.05 -0.05 0.06 0.1 0.0
5 38.0 85.0 86.0 24.0 0.02 -0.04 -0.04 0.09 0.11 0.0
6 33.0 85.0 98.0 24.0 0.02 -0.02 -0.03 0.09 0.1 -0.05
7 31.0 84.0 95.0 25.0 0.02 -0.01 -0.03 0.05 0.11 0.01
8 45.0 85.0 94.0 24.0 0.02 0.0 -0.03 0.03 0.11 0.02
9 41.0 83.0 91.0 21.0 0.0 0.0 -0.02 0.0 0.14 0.04
10 39.0 83.0 83.0 24.0 -0.01 -0.0 -0.01 0.07 0.13 0.02
11 36.0 83.0 85.0 24.0 -0.01 0.0 -0.01 0.06 0.15 0.0
12 34.0 80.0 79.0 26.0 -0.02 -0.0 0.0 0.01 0.14 0.0
13 39.0 82.0 83.0 27.0 -0.03 -0.01 0.0 0.02 0.13 0.0
14 42.0 93.0 77.0 27.0 -0.03 -0.01 0.01 0.0 0.11 -0.04
15 54.0 108.0 72.0 26.0 -0.02 -0.02 0.01 0.01 0.13 -0.01
16 66.0 145.0 72.0 38.0 -0.02 -0.02 0.02 0.01 0.16 0.0
17 76.0 229.0 68.0 41.0 -0.05 -0.03 0.01 0.06 0.16 0.01
18 87.0 239.0 66.0 42.0 -0.07 -0.07 0.02 0.15 0.17 0.0
19 150.0 259.0 67.0 80.0 -0.08 -0.09 0.01 0.07 0.14 0.09
20 158.0 280.0 68.0 96.0 -0.11 -0.15 0.01 -0.07 0.22 0.17
21 156.0 300.0 77.0 82.0 -0.17 -0.33 0.04 -0.13 0.23 0.53
22 167.0 383.0 75.0 105.0 -0.16 -0.37 0.04 -0.18 0.26 1.03
23 179.0 367.0 70.0 89.0 -0.05 -0.38 0.04 -0.08 0.46 2.5
24 182.0 335.0 68.0 87.0 -0.05 -1.0 0.12 0.02 0.82 3.34
25 184.0 351.0 67.0 77.0 -0.02 -1.11 0.07 -2.58 -1.1 4.13
26 187.0 383.0 89.0 67.0 0.93 -1.57 -0.4 1.44 1.68 4.64
27 179.0 425.0 102.0 60.0 1.29 -1.76 -0.44 1.7 1.15 4.51
28 168.0 415.0 97.0 53.0 1.61 -1.64 -0.53 1.43 1.03 4.67
29 151.0 487.0 92.0 46.0 2.08 -1.5 -0.68 0.85 1.29 4.52
30 152.0 493.0 99.0 42.0 2.44 -1.57 -0.77 0.7 1.46 2.92
31 143.0 471.0 98.0 38.0 2.53 -1.63 -0.81 0.77 1.25 2.55
32 141.0 457.0 106.0 40.0 2.74 -1.76 -0.87 0.6 0.87 1.74
33 130.0 448.0 115.0 40.0 2.81 -1.69 -0.86 0.15 0.69 0.76
34 175.0 441.0 109.0 37.0 2.83 -1.64 -0.89 0.06 0.49 0.62
35 281.0 417.0 122.0 38.0 2.76 -1.69 -0.84 -0.26 0.07 0.13
36 261.0 427.0 138.0 40.0 2.67 -1.66 -0.82 -0.61 0.1 -0.35
37 290.0 398.0 131.0 37.0 2.57 -1.59 -0.77 -1.03 -0.34 -0.62
38 324.0 364.0 120.0 42.0 2.39 -1.46 -0.64 -0.79 -0.46 -1.05
39 292.0 386.0 119.0 38.0 2.14 -1.25 -0.56 -1.04 -0.88 -1.49
40 285.0 353.0 117.0 41.0 2.05 -1.2 -0.52 -0.95 -0.73 -2.05
41 327.0 347.0 133.0 46.0 1.77 -1.02 -0.34 -0.73 -0.82 -2.32
42 448.0 351.0 150.0 47.0 1.49 -0.82 -0.33 -1.1 -1.15 -2.18
43 406.0 369.0 148.0 54.0 1.36 -0.76 -0.29 -0.84 -1.14 -2.11
44 455.0 365.0 146.0 52.0 1.14 -0.59 -0.21 -0.77 -1.68 -2.57
45 484.0 335.0 192.0 50.0 0.88 -0.41 -0.12 -0.92 -1.79 -2.22
46 502.0 315.0 175.0 60.0 0.73 -0.39 -0.05 -1.17 -1.69 -1.99
47 442.0 296.0 165.0 56.0 0.54 -0.41 -0.01 -1.28 -1.74 -1.35
48 495.0 330.0 174.0 87.0 0.35 -0.3 0.06 -1.12 -1.61 -1.75
49 527.0 318.0 218.0 104.0 0.26 -0.27 0.08 -0.9 -1.32 -1.8
50 570.0 353.0 245.0 146.0 0.07 -0.14 0.1 -0.13 -1.03 -2.33
51 640.0 351.0 254.0 213.0 -0.15 -0.05 0.12 -0.51 -1.04 -0.97
52 684.0 362.0 232.0 281.0 -0.21 -0.02 0.1 -0.6 -0.99 -0.71
53 717.0 364.0 239.0 284.0 -0.32 0.08 0.09 -0.63 -0.85 -0.47
54 726.0 352.0 281.0 252.0 -0.4 0.23 0.06 -0.54 -0.92 -0.56
55 755.0 347.0 264.0 248.0 -0.42 0.2 0.07 -0.51 -1.07 -0.48
56 748.0 353.0 242.0 236.0 -0.43 0.04 0.03 -0.28 -0.65 0.53
57 866.0 338.0 265.0 267.0 -0.47 0.1 -0.03 -0.75 -1.02 0.28
58 895.0 330.0 245.0 280.0 -0.43 0.04 -0.05 -0.77 -0.84 0.44
59 860.0 335.0 227.0 278.0 -0.36 -0.03 -0.07 -0.33 -0.75 -0.02
60 899.0 299.0 233.0 280.0 -0.31 -0.09 -0.01 -0.29 -0.86 -0.05
61 891.0 323.0 229.0 366.0 -0.27 -0.13 0.01 0.0 -0.73 0.07
62 864.0 321.0 241.0 334.0 -0.18 -0.1 -0.01 -0.23 -0.42 0.34
63 814.0 328.0 251.0 326.0 -0.14 -0.04 0.01 -0.3 -0.26 -0.22
64 799.0 329.0 261.0 338.0 -0.11 -0.04 0.03 -0.16 -0.18 -0.2
65 927.0 316.0 291.0 293.0 -0.14 -0.06 0.09 -0.5 -0.18 -0.02
66 853.0 313.0 281.0 277.0 -0.15 -0.07 0.16 -0.76 -0.02 0.47
67 889.0 346.0 275.0 314.0 -0.24 -0.04 0.19 -0.36 -0.05 -0.17
68 903.0 323.0 252.0 324.0 -0.16 -0.04 0.22 0.13 -0.01 -0.18
69 861.0 329.0 251.0 281.0 -0.12 -0.04 0.21 0.29 -0.03 0.17
70 913.0 340.0 278.0 278.0 -0.11 -0.01 0.18 0.29 0.02 0.06
71 865.0 349.0 267.0 308.0 -0.09 -0.01 0.09 0.03 0.19 0.43
72 797.0 338.0 258.0 288.0 -0.13 -0.02 -0.01 0.38 0.21 -0.22
73 739.0 317.0 254.0 253.0 -0.13 0.02 -0.05 0.37 0.11 -0.53
74 678.0 338.0 262.0 224.0 -0.09 0.06 -0.01 -0.12 0.09 0.45
75 695.0 360.0 250.0 232.0 -0.05 0.07 0.0 -0.49 0.0 0.81
76 696.0 346.0 246.0 266.0 -0.04 0.04 0.01 -0.44 0.08 0.79
77 660.0 325.0 265.0 229.0 -0.02 0.05 0.03 -0.1 -0.1 -0.28
78 714.0 337.0 270.0 214.0 0.02 0.04 0.08 -0.01 -0.03 0.3
79 784.0 315.0 287.0 231.0 0.04 0.02 0.09 0.02 0.02 0.4
80 753.0 292.0 286.0 208.0 0.06 -0.05 0.08 -0.01 0.14 0.38
81 742.0 302.0 259.0 186.0 0.07 -0.08 0.04 0.13 0.27 0.09
82 750.0 303.0 246.0 225.0 0.07 -0.07 0.03 0.13 0.32 -0.1
83 689.0 286.0 252.0 213.0 0.06 -0.08 0.03 0.05 0.32 -0.13
84 785.0 287.0 246.0 182.0 0.03 -0.04 0.05 -0.02 0.19 -0.13
85 743.0 268.0 228.0 174.0 0.03 -0.03 0.07 -0.06 0.04 -0.08
86 838.0 273.0 222.0 168.0 0.01 -0.05 0.08 0.0 0.02 -0.04
87 788.0 311.0 197.0 180.0 0.01 -0.05 0.06 -0.13 0.06 0.0
88 760.0 283.0 204.0 161.0 0.01 -0.04 0.04 -0.12 0.04 -0.27
89 712.0 276.0 196.0 172.0 0.02 -0.04 0.03 -0.18 0.0 -0.09
90 673.0 262.0 198.0 160.0 0.01 -0.04 0.02 -0.16 0.01 -0.1
91 626.0 260.0 211.0 165.0 0.0 -0.02 0.03 -0.16 -0.05 -0.09
92 635.0 254.0 217.0 155.0 0.01 0.02 0.02 -0.12 -0.04 -0.12
93 578.0 256.0 195.0 145.0 0.02 0.03 0.0 -0.08 -0.01 -0.24
94 544.0 251.0 190.0 136.0 0.02 0.01 0.0 -0.15 -0.07 -0.37
95 562.0 261.0 184.0 155.0 0.02 -0.01 0.0 0.0 0.07 -0.55
96 602.0 251.0 186.0 149.0 -0.0 0.01 0.0 -0.15 0.07 -0.45
97 572.0 253.0 197.0 137.0 -0.02 0.01 0.0 -0.04 0.13 -0.49
98 618.0 268.0 196.0 163.0 -0.06 0.06 -0.01 -0.26 0.12 -0.2
99 619.0 261.0 178.0 174.0 -0.07 0.06 0.01 -0.2 0.14 -0.1
100 614.0 292.0 176.0 202.0 -0.07 0.04 0.02 -0.14 0.1 -0.06
101 587.0 285.0 182.0 175.0 -0.05 0.03 0.04 -0.15 0.04 -0.01
102 546.0 276.0 185.0 155.0 -0.03 0.02 0.03 -0.1 0.09 0.06
103 568.0 265.0 173.0 152.0 -0.03 0.03 0.03 -0.18 0.14 0.03
104 544.0 257.0 165.0 139.0 -0.02 0.03 0.02 -0.19 0.13 -0.02
105 540.0 277.0 169.0 130.0 -0.02 0.02 0.02 -0.15 0.14 -0.04
106 545.0 272.0 168.0 129.0 -0.02 0.02 0.04 -0.09 0.12 -0.04
107 511.0 282.0 167.0 135.0 -0.0 0.02 0.05 -0.01 0.18 0.08
108 486.0 281.0 171.0 154.0 -0.01 0.03 0.05 0.04 0.24 0.01
109 446.0 266.0 197.0 136.0 -0.01 0.04 0.04 0.21 0.28 -0.09
110 525.0 268.0 192.0 133.0 -0.02 0.09 0.02 -0.02 0.16 -0.01
111 544.0 255.0 176.0 136.0 -0.02 0.12 0.0 -0.19 0.17 0.03
112 525.0 251.0 180.0 128.0 -0.02 0.12 0.01 -0.13 0.11 -0.05
113 512.0 235.0 192.0 112.0 -0.02 0.14 0.03 -0.26 0.16 -0.05
114 455.0 233.0 181.0 108.0 -0.0 0.06 0.05 -0.17 0.1 -0.18
115 370.0 217.0 175.0 95.0 -0.0 0.03 0.06 -0.09 0.1 -0.18
116 327.0 218.0 167.0 93.0 -0.01 -0.02 0.08 0.0 -0.08 -0.2
117 279.0 213.0 160.0 79.0 -0.01 -0.06 0.08 0.05 -0.21 -0.25
118 247.0 214.0 151.0 70.0 -0.01 -0.07 0.08 0.02 -0.35 -0.35
119 223.0 199.0 147.0 59.0 -0.04 -0.1 0.08 -0.04 -0.42 -0.26
120 196.0 214.0 160.0 54.0 -0.05 -0.13 0.07 -0.22 -0.62 -0.06
121 183.0 233.0 160.0 50.0 -0.09 -0.21 0.03 -0.31 -0.73 -0.04
122 174.0 274.0 142.0 54.0 -0.17 -0.21 -0.0 -0.45 -1.04 -0.06
123 161.0 282.0 135.0 51.0 -0.21 -0.18 -0.03 -0.59 -1.65 -0.75
124 167.0 283.0 141.0 46.0 -0.27 -0.18 -0.05 -0.64 -1.88 -1.04
125 164.0 305.0 134.0 41.0 -0.29 -0.24 0.02 -0.83 -2.0 -1.17
126 171.0 327.0 122.0 39.0 -0.38 -0.22 0.16 -0.92 -2.15 -1.33
127 168.0 317.0 122.0 40.0 -0.43 -0.21 0.23 -1.11 -2.13 -1.43
128 188.0 371.0 123.0 44.0 -0.55 -0.04 0.55 -0.88 -1.87 -1.76
129 181.0 359.0 130.0 45.0 -0.59 0.06 0.67 -0.98 -1.55 -1.9
130 177.0 345.0 132.0 44.0 -0.77 0.3 0.84 -1.04 -1.52 -1.62
131 175.0 361.0 126.0 64.0 -0.97 0.72 0.91 -0.41 -1.22 -0.87
132 179.0 423.0 117.0 57.0 -1.08 0.96 0.91 -1.23 -1.56 0.29
133 172.0 417.0 114.0 110.0 -1.19 1.36 0.89 -0.24 0.95 -0.16
134 165.0 399.0 108.0 154.0 -1.28 1.78 0.78 -1.22 -0.53 -1.72
135 147.0 434.0 110.0 209.0 -1.36 1.85 0.8 -1.34 -0.53 -0.95
136 153.0 420.0 107.0 186.0 -1.48 1.59 0.91 -0.92 -0.84 -0.11
137 149.0 379.0 97.0 152.0 -1.27 1.31 0.94 -0.79 0.07 -1.06
138 164.0 320.0 88.0 135.0 -1.34 1.2 0.95 -2.36 0.06 -0.17
139 161.0 279.0 81.0 127.0 -1.34 1.05 0.84 -1.11 0.5 -0.39
140 151.0 245.0 76.0 115.0 -1.4 1.42 0.75 -0.22 0.52 -1.06
141 141.0 220.0 74.0 104.0 -1.39 1.8 0.72 0.49 0.69 -1.44
142 135.0 193.0 79.0 88.0 -1.48 2.72 0.62 0.46 0.6 -1.22
143 139.0 176.0 78.0 77.0 -1.58 3.14 0.5 -0.25 0.88 -0.14
144 122.0 155.0 73.0 65.0 -1.53 2.99 0.3 -1.1 1.17 0.77
145 140.0 139.0 71.0 56.0 -1.51 2.29 0.32 0.18 0.6 1.38
146 134.0 132.0 73.0 49.0 -1.44 1.61 0.1 0.71 0.87 2.45
147 135.0 119.0 67.0 44.0 -1.45 1.36 -0.01 0.69 0.97 2.72
148 123.0 113.0 63.0 58.0 -1.44 0.95 -0.06 0.77 0.62 2.7
149 117.0 109.0 62.0 79.0 -1.25 0.76 -0.1 0.89 0.65 2.5
150 116.0 115.0 61.0 72.0 -1.14 0.69 -0.14 0.95 0.75 1.95
151 111.0 113.0 59.0 62.0 -0.93 0.5 -0.26 0.97 0.7 2.15
152 112.0 114.0 58.0 54.0 -0.79 -0.06 -0.35 0.27 0.61 2.03
153 106.0 114.0 58.0 47.0 -0.74 -0.3 -0.36 0.71 0.53 1.74
154 106.0 113.0 60.0 42.0 -0.65 -0.32 -0.38 0.84 0.66 1.39
155 107.0 116.0 58.0 38.0 -0.7 0.11 -0.38 0.6 0.8 1.25
156 96.0 118.0 55.0 34.0 -0.73 0.44 -0.44 -1.04 -0.63 14.84
157 87.0 119.0 58.0 32.0 0.21 0.82 -0.52 3.08 1.52 -0.92
158 79.0 120.0 70.0 31.0 0.29 0.87 -0.4 0.19 -0.08 -2.34
159 74.0 122.0 66.0 29.0 0.42 0.92 -0.4 -0.16 -0.21 0.08
160 69.0 124.0 62.0 28.0 0.36 0.79 -0.41 -0.42 0.06 0.45
161 63.0 124.0 59.0 27.0 0.19 0.53 -0.37 -0.6 0.15 0.24
162 55.0 121.0 59.0 27.0 0.21 0.36 -0.32 -0.86 -0.22 -0.05
163 48.0 117.0 63.0 32.0 0.3 0.07 -0.17 -0.71 -0.37 -0.07
164 43.0 113.0 69.0 30.0 0.34 -0.14 -0.1 -0.1 -0.28 -0.03
165 38.0 111.0 65.0 28.0 0.29 -0.16 -0.09 0.23 -0.17 0.15
166 35.0 109.0 63.0 27.0 0.21 -0.08 -0.07 0.34 -0.12 0.19
167 31.0 107.0 67.0 26.0 0.14 -0.02 -0.03 0.45 -0.05 0.08
168 26.0 104.0 65.0 26.0 0.13 0.01 -0.02 0.42 0.15 0.11
169 26.0 100.0 66.0 33.0 0.09 0.06 0.01 0.31 0.26 0.12
170 25.0 98.0 64.0 31.0 0.03 0.08 0.01 0.08 0.2 0.09
171 24.0 92.0 74.0 29.0 0.0 0.07 0.02 -0.02 0.2 0.07
172 23.0 89.0 73.0 29.0 -0.01 0.06 0.01 -0.06 0.16 0.03
173 22.0 86.0 71.0 27.0 -0.02 0.03 0.02 -0.17 0.12 -0.03
174 21.0 84.0 67.0 26.0 -0.01 0.01 0.02 -0.09 0.16 0.0
175 20.0 81.0 66.0 30.0 -0.0 -0.04 0.02 -0.03 0.15 -0.01
