1 27.0 74.0 57.0 26.0 -0.0 -0.02 -0.01 -0.13 0.09 -0.03
2 27.0 74.0 57.0 28.0 -0.01 -0.02 -0.01 -0.13 0.13 -0.02
3 25.0 73.0 59.0 27.0 -0.01 -0.02 -0.01 -0.13 0.09 -0.06
4 23.0 73.0 59.0 26.0 -0.0 -0.01 -0.01 -0.17 0.09 -0.08
5 21.0 74.0 58.0 24.0 0.0 -0.02 -0.01 -0.16 0.09 -0.06
6 24.0 76.0 57.0 25.0 0.01 -0.02 -0.01 -0.15 0.12 -0.03
7 24.0 75.0 57.0 29.0 0.0 -0.02 -0.0 -0.08 0.15 -0.06
8 23.0 75.0 57.0 28.0 0.0 -0.02 -0.01 -0.14 0.13 -0.03
9 23.0 74.0 56.0 27.0 -0.0 -0.02 -0.01 -0.09 0.11 -0.04
10 22.0 75.0 61.0 26.0 -0.0 -0.02 -0.01 -0.11 0.1 -0.04
11 23.0 77.0 59.0 25.0 -0.0 -0.02 -0.01 -0.11 0.09 -0.04
12 28.0 77.0 58.0 29.0 -0.01 -0.02 -0.0 -0.12 0.08 -0.06
13 27.0 77.0 59.0 28.0 -0.0 -0.02 -0.0 -0.1 0.11 -0.02
14 27.0 74.0 57.0 27.0 -0.01 -0.02 -0.0 -0.12 0.11 -0.03
15 23.0 75.0 57.0 26.0 -0.01 -0.02 -0.0 -0.14 0.1 -0.04
16 23.0 75.0 58.0 26.0 -0.01 -0.01 -0.0 -0.14 0.11 -0.05
17 30.0 74.0 58.0 32.0 -0.0 -0.01 -0.01 -0.15 0.09 -0.05
18 27.0 72.0 57.0 31.0 -0.0 -0.01 -0.0 -0.15 0.1 -0.04
19 25.0 72.0 56.0 29.0 -0.0 -0.01 -0.0 -0.13 0.07 -0.04
20 28.0 75.0 57.0 35.0 -0.0 -0.01 -0.0 -0.14 0.09 -0.01
21 35.0 75.0 57.0 32.0 -0.01 -0.03 0.0 -0.1 0.1 -0.03
22 33.0 78.0 57.0 36.0 -0.02 -0.03 0.0 -0.11 0.1 0.01
23 50.0 86.0 56.0 45.0 -0.03 -0.04 0.01 -0.04 0.09 0.1
24 103.0 91.0 58.0 77.0 -0.09 -0.14 0.03 -0.02 0.09 0.22
25 103.0 101.0 57.0 72.0 -0.17 -0.19 0.06 -0.26 0.22 0.16
26 127.0 117.0 55.0 76.0 -0.24 -0.21 0.08 -0.33 0.23 0.09
27 139.0 122.0 54.0 66.0 -0.31 -0.14 0.14 -0.01 -0.09 0.16
28 144.0 124.0 57.0 61.0 -0.17 -0.1 0.12 0.08 -0.08 0.17
29 173.0 123.0 56.0 53.0 -0.05 -0.06 0.09 0.4 -0.14 0.4
30 160.0 131.0 56.0 48.0 0.1 0.13 -0.0 0.32 -0.06 1.1
31 182.0 139.0 55.0 43.0 0.19 0.37 -0.15 0.44 0.05 0.78
32 189.0 141.0 58.0 59.0 0.26 0.49 -0.24 0.23 0.26 1.0
33 168.0 137.0 59.0 59.0 0.48 0.66 -0.42 -0.18 0.75 1.73
34 180.0 135.0 56.0 52.0 0.58 0.65 -0.47 -0.3 0.36 2.23
35 158.0 145.0 55.0 45.0 0.82 0.84 -0.49 -0.5 0.4 2.19
36 204.0 141.0 57.0 41.0 1.14 0.65 -0.54 -1.69 1.12 2.89
37 211.0 134.0 58.0 42.0 1.67 0.05 -0.59 -0.29 1.61 2.77
38 202.0 138.0 58.0 37.0 1.62 -0.83 -0.51 0.26 2.12 2.56
39 183.0 144.0 58.0 34.0 1.72 -0.63 -0.43 0.95 1.74 2.74
40 186.0 171.0 57.0 34.0 1.84 -0.01 -0.48 0.96 1.7 2.89
41 194.0 164.0 58.0 32.0 1.88 0.17 -0.5 0.71 1.51 2.8
42 257.0 172.0 59.0 30.0 2.01 0.19 -0.55 0.22 1.48 2.34
43 224.0 161.0 59.0 30.0 2.08 0.07 -0.56 0.07 1.64 1.64
44 225.0 157.0 61.0 33.0 2.16 -0.29 -0.52 0.01 1.52 1.46
45 228.0 143.0 60.0 31.0 2.29 -0.63 -0.45 0.0 1.5 1.23
46 199.0 148.0 60.0 29.0 2.32 -0.73 -0.43 -0.09 1.33 0.99
47 183.0 155.0 61.0 28.0 2.35 -0.72 -0.44 -0.17 1.18 0.9
48 159.0 162.0 61.0 29.0 2.34 -0.5 -0.48 -0.1 1.02 0.62
49 158.0 153.0 64.0 31.0 2.31 -0.22 -0.54 -0.53 0.68 0.1
50 131.0 136.0 63.0 29.0 2.28 -0.15 -0.57 -0.98 0.31 -0.33
51 118.0 130.0 65.0 28.0 2.26 -0.16 -0.56 -1.64 -0.46 -0.51
52 101.0 121.0 64.0 27.0 2.22 -0.2 -0.56 -2.38 -1.06 -1.45
53 87.0 116.0 66.0 27.0 2.09 -0.26 -0.44 -2.46 -1.41 -1.64
54 75.0 119.0 67.0 33.0 1.92 -0.23 -0.21 -2.95 -1.89 -1.85
55 63.0 119.0 68.0 31.0 1.82 -0.18 -0.08 -3.63 -2.39 -2.0
56 53.0 130.0 69.0 30.0 1.58 -0.16 0.29 -3.93 -2.53 -2.21
57 46.0 126.0 66.0 32.0 1.3 -0.42 0.74 -4.65 -2.98 -2.87
58 40.0 127.0 67.0 30.0 1.0 -0.75 1.24 -5.35 -3.04 -3.36
59 34.0 121.0 67.0 32.0 0.86 -0.9 1.53 -5.57 -3.05 -3.35
60 31.0 117.0 68.0 49.0 0.5 -0.96 2.19 -5.63 -3.4 -2.96
61 28.0 143.0 69.0 44.0 0.29 -0.99 2.53 -5.53 -3.55 -2.52
62 28.0 151.0 75.0 41.0 -0.13 -1.11 3.2 -4.81 -3.82 -2.21
63 28.0 160.0 79.0 39.0 -0.48 -1.28 3.85 -4.47 -3.97 -1.83
64 61.0 151.0 82.0 44.0 -0.64 -1.42 4.17 -3.61 -4.23 -1.13
65 155.0 151.0 84.0 41.0 -0.72 -1.76 4.64 -3.29 -4.34 -0.94
66 150.0 152.0 87.0 39.0 -0.65 -2.0 4.93 -1.24 -4.45 -0.9
67 179.0 153.0 87.0 37.0 -0.6 -2.06 5.02 0.08 -3.93 -1.39
68 203.0 155.0 85.0 34.0 -0.49 -2.0 5.12 0.32 -3.68 -1.75
69 189.0 160.0 84.0 32.0 -0.71 -1.66 5.05 0.68 -4.02 -3.14
70 166.0 182.0 84.0 29.0 -0.81 -1.47 4.84 1.72 -4.5 -3.25
71 167.0 179.0 86.0 37.0 -0.67 -1.07 4.05 5.15 -4.51 -2.0
72 168.0 174.0 87.0 34.0 -0.33 -0.66 3.0 7.59 -3.25 -0.57
73 244.0 173.0 86.0 32.0 -0.27 -0.46 2.53 8.31 -2.51 0.21
74 238.0 190.0 86.0 30.0 -0.22 -0.26 1.58 8.3 -2.27 0.12
75 270.0 188.0 85.0 29.0 -0.04 -0.2 0.51 8.6 -1.85 -0.03
76 234.0 185.0 84.0 26.0 -0.01 -0.03 -0.01 8.98 -1.41 0.07
77 226.0 178.0 82.0 27.0 -0.02 0.59 -1.05 8.59 -1.48 0.12
78 203.0 176.0 81.0 26.0 0.17 1.13 -1.94 7.02 -1.47 0.29
79 207.0 173.0 80.0 26.0 0.18 1.26 -2.34 5.8 -2.15 0.36
80 261.0 162.0 78.0 26.0 0.23 1.35 -3.06 4.81 -2.37 0.18
81 263.0 158.0 76.0 25.0 0.36 1.4 -3.6 4.52 -2.63 -0.13
82 252.0 159.0 75.0 25.0 0.42 1.49 -3.81 4.22 -2.81 -0.43
83 232.0 154.0 70.0 30.0 0.58 1.75 -4.15 3.02 -3.27 -1.18
84 251.0 158.0 71.0 29.0 0.76 2.05 -4.47 2.57 -3.67 -1.03
85 267.0 171.0 70.0 28.0 0.82 2.19 -4.63 1.48 -4.19 -0.23
86 297.0 169.0 67.0 27.0 1.03 2.44 -4.96 1.31 -4.26 -0.19
87 331.0 175.0 65.0 28.0 1.28 2.75 -5.18 -0.33 -4.32 -1.25
88 340.0 168.0 62.0 31.0 1.44 2.87 -5.26 -0.63 -4.31 -1.6
89 386.0 160.0 60.0 30.0 1.79 3.08 -5.35 -0.94 -4.2 -1.63
90 396.0 152.0 60.0 46.0 2.06 3.2 -5.41 -2.46 -4.31 -1.55
91 364.0 149.0 59.0 42.0 2.19 3.14 -5.36 -2.71 -4.09 -1.63
92 352.0 146.0 60.0 38.0 2.22 2.99 -5.08 -3.31 -3.96 -1.68
93 328.0 137.0 62.0 35.0 2.09 3.19 -4.63 -3.7 -3.63 -2.35
94 330.0 139.0 63.0 35.0 1.95 3.37 -4.29 -6.41 -3.74 -3.94
95 287.0 133.0 64.0 32.0 1.66 2.68 -3.49 -6.34 -3.44 -3.9
96 258.0 137.0 66.0 43.0 1.29 0.38 -2.66 -7.04 -2.67 -3.14
97 254.0 130.0 68.0 38.0 1.03 -0.7 -2.17 -7.06 -2.16 -3.21
98 242.0 127.0 71.0 35.0 0.44 -1.68 -1.22 -7.11 -1.35 -3.28
99 215.0 120.0 75.0 35.0 0.04 -1.13 -0.48 -5.91 -0.44 -2.75
100 194.0 112.0 78.0 33.0 -0.07 -0.63 -0.24 -5.4 0.14 -2.53
101 165.0 112.0 81.0 37.0 -0.28 0.16 0.16 -4.64 0.5 -2.01
102 152.0 106.0 85.0 35.0 -0.36 0.38 0.48 -4.02 0.6 -1.8
103 130.0 107.0 86.0 49.0 -0.39 0.29 0.62 -3.68 0.7 -1.89
104 116.0 101.0 89.0 80.0 -0.39 -0.01 0.89 -3.38 0.57 -1.77
105 107.0 104.0 89.0 71.0 -0.42 -0.13 1.17 -3.25 0.25 -1.77
106 93.0 96.0 88.0 61.0 -0.45 -0.08 1.3 -3.64 -0.1 -1.96
107 80.0 95.0 89.0 73.0 -0.53 0.0 1.59 -3.94 -0.45 -2.29
108 67.0 94.0 89.0 65.0 -0.68 -0.22 1.96 -3.9 -0.87 -1.88
109 56.0 96.0 87.0 59.0 -0.8 -0.45 2.17 -3.93 -1.12 -1.85
110 47.0 98.0 84.0 65.0 -1.03 -0.94 2.61 -3.51 -1.65 -1.62
111 41.0 100.0 82.0 60.0 -1.26 -1.23 3.03 -3.31 -1.9 -1.76
112 36.0 97.0 82.0 52.0 -1.38 -1.3 3.26 -3.25 -2.03 -1.91
113 32.0 98.0 78.0 50.0 -1.63 -1.38 3.68 -2.78 -2.57 -1.62
114 28.0 111.0 75.0 44.0 -1.76 -1.54 4.06 -2.59 -2.73 -1.42
115 25.0 124.0 71.0 41.0 -1.85 -1.64 4.24 -2.42 -3.27 -1.52
116 24.0 132.0 68.0 36.0 -1.94 -1.93 4.56 -2.02 -3.8 -1.16
117 29.0 137.0 67.0 34.0 -1.87 -2.2 4.87 -0.44 -4.19 0.05
118 47.0 140.0 66.0 36.0 -1.76 -2.3 4.98 -0.09 -4.12 0.06
119 55.0 152.0 69.0 50.0 -1.49 -2.66 5.1 -0.28 -3.82 -0.57
120 51.0 142.0 70.0 52.0 -1.3 -3.27 5.21 0.0 -4.03 -1.44
121 126.0 137.0 71.0 46.0 -1.23 -3.46 5.25 0.5 -4.16 -1.59
122 214.0 138.0 67.0 42.0 -1.05 -3.25 5.22 2.77 -4.56 -1.75
123 219.0 160.0 65.0 39.0 -0.91 -2.46 4.93 4.75 -4.54 -1.3
124 252.0 191.0 64.0 35.0 -0.78 -2.04 4.68 6.83 -4.69 -0.81
125 253.0 217.0 62.0 32.0 -0.46 -1.26 3.89 7.98 -4.34 -0.19
126 249.0 202.0 62.0 34.0 -0.11 -0.95 2.77 10.57 -3.74 -0.39
127 249.0 190.0 62.0 32.0 -0.03 -0.87 2.13 11.24 -3.38 -0.2
128 237.0 171.0 61.0 32.0 0.1 -0.49 0.76 11.56 -2.55 0.35
129 250.0 166.0 59.0 31.0 0.1 0.09 -0.55 9.58 -1.85 0.54
130 217.0 169.0 58.0 29.0 0.06 0.35 -1.15 8.78 -1.62 0.41
131 195.0 195.0 57.0 31.0 0.01 0.76 -2.19 6.41 -1.86 0.04
132 179.0 187.0 55.0 30.0 0.15 0.93 -2.97 5.33 -2.19 -0.08
133 194.0 173.0 54.0 29.0 0.15 0.92 -3.29 4.81 -2.47 -0.26
134 226.0 158.0 52.0 28.0 0.29 0.95 -3.74 3.68 -3.09 -0.67
135 215.0 151.0 51.0 27.0 0.5 1.15 -4.09 2.95 -3.84 -0.66
136 246.0 152.0 50.0 26.0 0.61 1.28 -4.18 2.53 -4.05 -0.59
137 226.0 181.0 51.0 32.0 0.67 1.69 -4.41 2.1 -4.48 -0.8
138 238.0 193.0 50.0 30.0 0.79 2.03 -4.62 0.71 -4.64 -1.09
139 223.0 177.0 51.0 29.0 0.84 2.21 -4.7 0.55 -4.68 -1.26
140 231.0 174.0 53.0 29.0 0.99 2.59 -4.82 -0.12 -4.58 -1.45
141 254.0 165.0 57.0 27.0 1.11 3.02 -4.87 -0.46 -4.79 -1.42
142 290.0 164.0 60.0 31.0 1.22 3.26 -4.88 -0.69 -4.97 -1.53
143 262.0 150.0 64.0 34.0 1.65 3.77 -4.94 -1.83 -4.69 -1.91
144 288.0 145.0 68.0 32.0 2.0 4.45 -4.87 -2.16 -4.23 -2.14
145 242.0 133.0 70.0 31.0 2.19 4.85 -4.79 -3.65 -4.07 -2.45
146 245.0 124.0 72.0 31.0 2.39 5.09 -4.55 -4.54 -3.81 -2.93
147 238.0 121.0 74.0 29.0 2.49 3.78 -4.18 -5.1 -3.74 -3.14
148 208.0 119.0 77.0 28.0 2.49 2.95 -3.97 -5.26 -3.58 -3.27
149 200.0 124.0 81.0 43.0 2.15 1.55 -3.31 -5.01 -3.24 -3.48
150 183.0 122.0 83.0 49.0 1.53 1.26 -2.51 -6.22 -2.98 -4.42
151 181.0 122.0 85.0 56.0 1.22 1.32 -2.14 -6.96 -2.66 -5.23
152 168.0 118.0 86.0 49.0 0.65 0.8 -1.39 -5.73 -1.57 -5.02
153 148.0 120.0 91.0 61.0 0.14 -0.1 -0.77 -4.97 -0.94 -4.85
154 140.0 115.0 94.0 65.0 -0.11 -0.43 -0.45 -4.67 -0.57 -4.43
155 125.0 117.0 93.0 61.0 -0.55 -0.57 0.08 -3.74 -0.23 -3.95
156 113.0 116.0 94.0 54.0 -0.93 -0.36 0.42 -2.38 0.05 -2.8
157 99.0 110.0 96.0 47.0 -1.08 -0.25 0.55 -2.27 0.15 -2.49
158 93.0 104.0 97.0 43.0 -1.31 -0.21 0.76 -1.93 0.08 -1.89
159 79.0 98.0 99.0 42.0 -1.5 -0.46 0.96 -1.3 0.06 -1.82
160 71.0 97.0 97.0 48.0 -1.53 -0.56 1.0 -1.14 -0.05 -1.91
161 74.0 97.0 95.0 46.0 -1.59 -0.77 1.11 -0.73 -0.48 -1.29
162 74.0 95.0 98.0 50.0 -1.67 -0.98 1.23 -0.66 -0.82 -0.78
163 79.0 92.0 96.0 59.0 -1.71 -1.07 1.28 -0.53 -0.85 -0.64
164 67.0 91.0 94.0 80.0 -1.79 -1.29 1.37 -0.75 -1.18 -0.67
165 57.0 93.0 92.0 70.0 -1.84 -1.51 1.43 -0.39 -1.52 -1.31
166 49.0 94.0 91.0 61.0 -1.86 -1.55 1.46 -0.24 -1.51 -1.65
167 46.0 90.0 87.0 55.0 -1.95 -1.49 1.57 0.32 -1.51 -1.7
168 55.0 91.0 86.0 48.0 -2.11 -1.52 1.7 0.65 -1.79 -0.59
169 60.0 87.0 87.0 43.0 -2.22 -1.63 1.76 0.85 -1.76 -0.2
170 55.0 89.0 85.0 38.0 -2.45 -1.91 1.8 0.67 -1.52 -0.15
171 51.0 88.0 84.0 36.0 -2.52 -2.27 1.73 0.13 -1.41 -1.0
172 47.0 85.0 83.0 33.0 -2.49 -2.32 1.67 0.47 -1.25 -1.44
173 52.0 85.0 85.0 36.0 -2.48 -2.01 1.59 2.0 -1.13 -1.1
174 62.0 88.0 84.0 31.0 -2.52 -1.57 1.49 2.19 -1.2 -0.24
175 87.0 96.0 85.0 32.0 -2.49 -1.39 1.4 2.07 -1.33 0.09
176 81.0 97.0 85.0 30.0 -2.44 -1.23 1.22 1.53 -1.06 -0.24
177 77.0 99.0 86.0 28.0 -2.36 -1.39 1.01 1.32 -1.16 -0.55
178 66.0 94.0 87.0 29.0 -2.26 -1.4 0.91 1.61 -0.94 -0.43
179 59.0 94.0 87.0 28.0 -2.08 -1.11 0.78 1.67 -0.7 -0.42
180 69.0 101.0 88.0 27.0 -2.05 -0.6 0.77 1.47 -0.51 0.81
181 66.0 105.0 90.0 27.0 -2.05 -0.34 0.71 1.53 -0.53 1.36
182 75.0 99.0 91.0 26.0 -2.0 0.0 0.53 1.59 -0.25 1.91
183 69.0 94.0 91.0 25.0 -1.66 0.31 0.34 1.68 0.05 1.24
184 60.0 91.0 94.0 26.0 -1.48 0.63 0.24 1.78 0.15 0.88
185 51.0 93.0 94.0 28.0 -1.24 1.66 0.03 1.5 0.37 0.82
186 44.0 97.0 95.0 31.0 -1.15 2.39 -0.05 0.51 0.11 1.51
187 41.0 104.0 94.0 33.0 -1.09 2.45 -0.12 0.28 0.15 1.58
188 37.0 104.0 95.0 37.0 -1.01 1.89 -0.22 -0.33 0.24 1.3
189 35.0 104.0 96.0 34.0 -0.8 0.98 -0.27 -0.23 0.18 0.92
190 32.0 105.0 96.0 32.0 -0.76 0.65 -0.29 0.02 0.14 0.9
191 44.0 104.0 98.0 34.0 -0.71 0.44 -0.29 0.36 0.05 0.97
192 44.0 104.0 96.0 32.0 -0.65 0.48 -0.28 0.46 0.14 0.89
193 41.0 104.0 96.0 29.0 -0.5 0.46 -0.23 0.05 -0.17 0.54
194 43.0 109.0 97.0 30.0 -0.26 0.38 -0.25 0.47 0.12 -0.04
195 37.0 121.0 97.0 30.0 -0.06 -0.33 -0.38 -4.52 1.11 14.7
196 38.0 123.0 94.0 32.0 -0.09 -0.75 -0.11 -1.46 3.53 4.97
197 37.0 115.0 94.0 30.0 -0.3 -0.95 -0.01 -1.63 0.06 -1.89
198 33.0 114.0 95.0 28.0 0.59 -0.21 -0.09 -1.09 -0.16 0.33
199 30.0 112.0 96.0 27.0 0.84 0.03 -0.14 0.25 0.57 0.36
200 27.0 113.0 95.0 26.0 0.61 0.07 -0.17 0.95 0.34 0.04
201 27.0 114.0 94.0 29.0 0.23 -0.1 -0.13 0.8 0.06 0.1
202 29.0 116.0 93.0 28.0 0.1 -0.19 -0.11 0.56 -0.02 0.11
203 31.0 116.0 92.0 27.0 -0.04 -0.3 -0.09 -0.25 0.04 -0.07
204 33.0 116.0 92.0 26.0 -0.06 -0.37 -0.07 -0.54 0.08 -0.05
205 29.0 111.0 90.0 25.0 -0.04 -0.39 -0.06 -0.73 0.05 -0.04
206 27.0 110.0 87.0 25.0 0.02 -0.43 -0.04 -0.61 0.11 -0.07
207 26.0 106.0 86.0 28.0 0.02 -0.45 -0.03 -0.03 0.23 0.03
208 24.0 104.0 83.0 28.0 -0.03 -0.52 -0.01 0.01 0.19 0.08
209 24.0 99.0 82.0 26.0 -0.05 -0.51 -0.03 0.14 0.24 0.08
210 31.0 98.0 80.0 25.0 -0.05 -0.46 -0.04 0.04 0.26 0.03
211 27.0 93.0 79.0 25.0 -0.06 -0.4 -0.07 0.07 0.24 0.04
212 25.0 90.0 77.0 25.0 -0.04 -0.26 -0.09 0.1 0.17 0.04
213 25.0 88.0 76.0 24.0 -0.02 -0.18 -0.09 0.15 0.05 -0.02
