1 16.0 69.0 68.0 25.0 -0.01 -0.02 0.01 -0.05 0.07 0.0
2 17.0 69.0 63.0 25.0 -0.01 -0.01 0.01 -0.07 0.07 0.01
3 16.0 70.0 63.0 25.0 -0.02 -0.0 0.0 -0.04 0.1 -0.01
4 17.0 70.0 59.0 25.0 -0.03 0.0 0.0 -0.05 0.1 -0.04
5 16.0 68.0 61.0 26.0 -0.02 -0.0 -0.0 -0.05 0.08 -0.06
6 17.0 69.0 59.0 28.0 -0.01 -0.01 -0.01 -0.1 0.09 -0.09
7 17.0 71.0 61.0 27.0 -0.01 -0.03 -0.01 -0.15 0.06 -0.07
8 20.0 71.0 60.0 26.0 -0.01 -0.04 -0.01 -0.13 0.04 -0.01
9 20.0 72.0 59.0 26.0 -0.01 -0.05 -0.02 -0.11 0.05 0.02
10 31.0 75.0 58.0 28.0 -0.02 -0.08 -0.03 0.0 0.16 0.04
11 59.0 80.0 58.0 37.0 -0.04 -0.09 -0.02 0.04 0.23 0.04
12 60.0 88.0 59.0 68.0 -0.09 -0.13 -0.0 0.0 0.38 0.16
13 89.0 93.0 61.0 91.0 -0.24 -0.26 0.01 -0.52 0.37 0.55
14 111.0 126.0 61.0 130.0 -0.36 -0.38 0.03 -0.27 0.38 0.61
15 114.0 127.0 62.0 157.0 -0.64 -0.7 0.12 -0.12 0.04 1.69
16 137.0 155.0 64.0 156.0 -0.9 -0.94 0.28 -0.25 -0.14 2.15
17 151.0 173.0 63.0 126.0 -0.81 -0.88 0.29 -0.6 -0.14 2.18
18 171.0 195.0 61.0 106.0 -0.44 -0.9 0.26 -0.22 0.45 2.12
19 151.0 199.0 60.0 103.0 -0.07 -1.0 0.19 0.41 0.29 1.42
20 143.0 224.0 59.0 85.0 0.12 -0.83 0.14 0.05 0.34 1.51
21 151.0 216.0 56.0 74.0 0.86 -0.75 -0.14 1.02 1.04 5.09
22 151.0 201.0 54.0 62.0 1.69 -1.43 -0.52 3.83 1.44 5.32
23 183.0 228.0 52.0 52.0 1.96 -1.09 -0.66 3.69 0.63 4.95
24 188.0 236.0 50.0 47.0 2.45 0.09 -0.96 3.08 1.28 3.5
25 178.0 245.0 50.0 41.0 2.78 0.97 -1.19 2.31 1.01 2.99
26 215.0 219.0 49.0 37.0 2.96 1.14 -1.28 2.2 0.76 2.81
27 247.0 199.0 49.0 35.0 3.32 0.93 -1.45 1.65 0.65 2.08
28 260.0 184.0 48.0 32.0 3.45 0.33 -1.6 1.86 0.23 1.62
29 243.0 167.0 47.0 30.0 3.49 -0.0 -1.69 2.19 0.02 1.15
30 275.0 158.0 47.0 29.0 3.55 -0.51 -1.91 2.48 -0.39 0.81
31 262.0 155.0 47.0 28.0 3.54 -0.59 -2.13 1.84 -0.68 -0.23
32 248.0 177.0 48.0 26.0 3.49 -0.51 -2.26 1.96 -0.69 -0.39
33 237.0 204.0 48.0 26.0 3.32 -0.38 -2.53 1.72 -1.24 -0.4
34 215.0 191.0 48.0 25.0 3.11 -0.43 -2.75 0.33 -1.82 -0.91
35 231.0 174.0 49.0 24.0 3.0 -0.49 -2.83 0.36 -1.91 -1.3
36 225.0 162.0 48.0 24.0 2.69 -0.43 -2.83 0.0 -2.23 -2.59
37 265.0 155.0 48.0 24.0 2.28 -0.09 -2.67 -1.22 -2.46 -3.3
38 253.0 141.0 49.0 24.0 2.09 0.01 -2.55 -2.17 -2.48 -3.55
39 221.0 138.0 49.0 25.0 1.69 0.05 -2.22 -3.0 -2.86 -2.95
40 216.0 130.0 49.0 29.0 1.32 -0.2 -1.83 -4.09 -3.0 -2.46
41 176.0 125.0 53.0 45.0 1.03 -0.32 -1.59 -4.4 -3.16 -2.39
42 154.0 127.0 56.0 42.0 0.56 -0.38 -1.12 -4.48 -2.93 -2.54
43 130.0 119.0 61.0 42.0 0.17 -0.19 -0.58 -5.89 -3.21 -2.35
44 119.0 121.0 62.0 62.0 0.03 -0.13 -0.32 -6.63 -3.35 -2.34
45 105.0 118.0 65.0 57.0 -0.09 -0.3 0.29 -7.93 -3.99 -2.09
46 99.0 112.0 66.0 58.0 -0.15 -0.59 1.06 -8.43 -4.04 -2.04
47 90.0 128.0 70.0 54.0 -0.21 -0.72 1.54 -8.55 -4.13 -1.99
48 81.0 133.0 72.0 55.0 -0.31 -0.93 2.59 -7.71 -3.91 -1.56
49 75.0 165.0 68.0 82.0 -0.49 -1.12 3.64 -7.01 -3.6 -1.33
50 79.0 148.0 76.0 69.0 -0.59 -1.22 4.13 -5.59 -3.49 -1.15
51 111.0 186.0 78.0 66.0 -0.75 -1.38 4.95 -4.5 -3.76 -0.82
52 108.0 177.0 77.0 64.0 -0.79 -1.47 5.53 -1.59 -4.17 -0.04
53 102.0 182.0 88.0 61.0 -0.73 -1.47 5.74 -0.77 -4.2 0.0
54 93.0 207.0 87.0 59.0 -0.55 -1.56 5.97 0.24 -4.34 -0.93
55 190.0 190.0 88.0 54.0 -0.33 -1.75 5.96 -0.12 -4.41 -1.85
56 182.0 199.0 93.0 53.0 -0.21 -1.68 5.94 -0.1 -4.31 -1.9
57 187.0 202.0 94.0 49.0 -0.23 -1.4 5.84 1.34 -4.85 -1.27
58 214.0 216.0 102.0 44.0 -0.28 -1.16 5.57 3.53 -4.84 -0.6
59 298.0 219.0 106.0 40.0 -0.27 -1.14 5.31 5.06 -5.34 -0.98
60 262.0 207.0 118.0 37.0 0.01 -1.29 4.43 7.53 -5.08 -1.51
61 277.0 200.0 118.0 35.0 0.17 -1.17 3.86 11.94 -3.65 -1.04
62 284.0 201.0 116.0 32.0 0.33 -0.48 2.54 12.81 -3.15 -0.45
63 278.0 202.0 117.0 34.0 0.32 0.09 1.08 12.62 -2.89 0.13
64 291.0 199.0 114.0 32.0 0.34 0.19 0.32 11.45 -2.41 -0.12
65 265.0 200.0 110.0 37.0 0.5 0.39 -1.28 11.39 -2.38 -0.33
66 237.0 197.0 107.0 37.0 0.32 1.07 -2.72 9.34 -2.89 -0.84
67 218.0 187.0 103.0 34.0 0.23 1.46 -3.34 7.87 -3.41 -1.34
68 233.0 182.0 98.0 31.0 0.21 2.07 -4.35 5.63 -3.91 -1.33
69 219.0 186.0 96.0 30.0 0.25 2.26 -5.13 4.08 -4.73 -1.06
70 243.0 176.0 93.0 29.0 0.3 2.17 -5.42 1.82 -5.16 -0.56
71 253.0 164.0 86.0 33.0 0.43 1.69 -5.84 1.3 -5.21 -0.58
72 271.0 160.0 86.0 40.0 0.44 1.34 -6.05 1.09 -5.21 -1.18
73 314.0 160.0 82.0 36.0 0.45 1.38 -6.07 0.94 -4.99 -2.76
74 312.0 149.0 77.0 35.0 0.43 1.86 -5.96 0.58 -4.95 -3.23
75 323.0 153.0 73.0 33.0 0.38 2.52 -5.76 -2.02 -4.96 -2.77
76 299.0 147.0 68.0 31.0 0.43 2.65 -5.65 -3.73 -4.36 -1.75
77 292.0 159.0 64.0 31.0 0.51 2.34 -5.41 -4.45 -4.16 -1.52
78 329.0 154.0 64.0 35.0 0.57 1.59 -5.08 -5.43 -3.37 -0.95
79 362.0 150.0 61.0 44.0 0.55 1.33 -4.83 -6.64 -2.56 -1.24
80 307.0 137.0 60.0 39.0 0.26 1.16 -4.08 -8.02 -2.68 -1.57
81 287.0 135.0 61.0 37.0 -0.13 0.87 -3.07 -8.98 -2.15 -1.99
82 253.0 140.0 64.0 43.0 -0.17 0.54 -2.58 -9.39 -1.61 -0.36
83 217.0 150.0 66.0 64.0 -0.35 -0.35 -1.54 -9.38 -1.25 0.07
84 193.0 146.0 65.0 69.0 -0.42 -0.79 -0.62 -8.15 -0.2 0.08
85 176.0 141.0 68.0 60.0 -0.38 -0.76 -0.2 -7.24 0.21 -0.37
86 146.0 128.0 75.0 90.0 -0.24 -0.36 0.46 -6.89 0.53 -0.38
87 124.0 120.0 76.0 87.0 -0.01 -0.12 0.94 -6.09 0.97 0.32
88 109.0 125.0 76.0 93.0 0.07 -0.14 1.16 -5.79 0.7 0.67
89 94.0 124.0 73.0 80.0 0.19 -0.32 1.57 -5.05 0.42 0.7
90 82.0 119.0 75.0 70.0 0.25 -0.33 2.0 -4.16 0.32 0.84
91 70.0 116.0 71.0 64.0 0.25 -0.23 2.23 -4.53 -0.32 0.06
92 60.0 105.0 71.0 57.0 0.24 -0.11 2.66 -4.99 -0.88 -0.57
93 52.0 99.0 72.0 72.0 0.28 -0.2 3.01 -5.53 -1.46 -2.28
94 43.0 98.0 71.0 68.0 0.27 -0.29 3.35 -4.75 -2.0 -2.14
95 38.0 109.0 72.0 60.0 0.22 -0.26 3.6 -4.56 -2.19 -1.67
96 34.0 112.0 73.0 64.0 -0.02 -0.15 4.13 -3.42 -3.19 -1.3
97 32.0 107.0 75.0 55.0 -0.38 -0.08 4.66 -2.67 -3.78 -1.96
98 27.0 112.0 83.0 46.0 -0.61 -0.42 5.07 -2.17 -3.81 -2.1
99 25.0 106.0 82.0 47.0 -0.88 -0.92 5.47 -1.11 -4.62 -1.23
100 27.0 114.0 85.0 44.0 -0.87 -1.09 5.55 0.32 -4.69 -1.19
101 66.0 153.0 79.0 43.0 -0.9 -1.41 5.72 1.05 -4.7 -1.16
102 58.0 158.0 77.0 39.0 -0.93 -1.87 5.73 2.02 -4.64 -0.96
103 53.0 162.0 75.0 36.0 -0.86 -1.96 5.66 3.29 -4.28 -1.05
104 54.0 172.0 77.0 35.0 -1.04 -1.85 5.46 2.87 -4.06 -1.65
105 182.0 165.0 76.0 33.0 -1.09 -1.38 4.82 2.4 -5.45 -2.95
106 208.0 158.0 76.0 31.0 -0.84 -1.2 4.33 5.98 -5.25 -1.64
107 207.0 174.0 77.0 30.0 -0.44 -0.93 3.1 7.77 -5.28 -0.51
108 209.0 175.0 76.0 29.0 -0.03 -0.81 1.82 11.62 -4.3 0.84
109 221.0 168.0 75.0 27.0 0.04 -0.66 1.19 11.65 -4.18 0.83
110 207.0 171.0 73.0 27.0 0.21 -0.26 -0.22 11.25 -3.26 0.21
111 219.0 170.0 72.0 26.0 0.27 0.31 -1.65 10.48 -2.7 0.12
112 198.0 165.0 68.0 26.0 0.33 0.6 -2.28 9.11 -2.56 -0.01
113 210.0 166.0 68.0 25.0 0.47 1.01 -3.3 7.79 -2.51 -0.2
114 191.0 160.0 67.0 27.0 0.38 1.27 -4.14 5.78 -3.7 -0.15
115 220.0 158.0 65.0 26.0 0.43 1.32 -4.44 5.48 -3.95 -0.37
116 245.0 183.0 63.0 26.0 0.55 1.43 -4.96 5.16 -4.27 -1.06
117 265.0 169.0 62.0 28.0 0.65 1.74 -5.35 3.62 -4.66 -1.55
118 240.0 165.0 61.0 27.0 0.72 1.92 -5.5 2.97 -4.83 -1.6
119 268.0 175.0 59.0 26.0 0.83 2.3 -5.65 1.49 -4.59 -1.34
120 300.0 164.0 60.0 29.0 0.87 2.67 -5.65 0.89 -4.46 -1.57
121 295.0 154.0 62.0 38.0 0.9 2.76 -5.6 0.64 -4.24 -1.68
122 291.0 149.0 60.0 44.0 0.84 2.56 -5.38 -2.1 -4.08 -1.35
123 252.0 143.0 60.0 55.0 0.95 1.8 -5.17 -5.23 -4.1 -0.75
124 286.0 139.0 63.0 53.0 1.09 1.32 -5.03 -5.13 -3.68 -0.91
125 272.0 135.0 63.0 48.0 1.15 0.63 -4.49 -4.73 -3.18 -2.23
126 279.0 130.0 64.0 48.0 0.75 -0.16 -3.62 -7.18 -2.89 -3.04
127 285.0 139.0 64.0 42.0 0.49 -0.46 -3.1 -7.58 -2.52 -2.69
128 238.0 130.0 67.0 38.0 0.22 -0.66 -2.22 -7.64 -1.97 -1.62
129 221.0 127.0 69.0 35.0 -0.23 -0.61 -1.28 -6.91 -1.16 -1.46
130 262.0 122.0 72.0 38.0 -0.42 -0.56 -0.94 -6.37 -0.89 -1.31
131 245.0 113.0 74.0 34.0 -0.73 -0.43 -0.34 -4.59 -0.11 -1.51
132 234.0 111.0 78.0 35.0 -0.9 -0.18 0.11 -3.31 0.43 -1.7
133 196.0 111.0 78.0 33.0 -0.91 -0.1 0.25 -2.84 0.47 -1.58
134 167.0 105.0 83.0 61.0 -0.79 -0.11 0.38 -1.88 0.69 -0.99
135 150.0 108.0 82.0 56.0 -0.73 -0.3 0.46 -1.4 0.53 0.14
136 125.0 103.0 83.0 61.0 -0.69 -0.37 0.49 -1.23 0.39 0.39
137 111.0 104.0 82.0 66.0 -0.67 -0.36 0.55 -0.71 0.28 0.39
138 120.0 112.0 85.0 101.0 -0.63 -0.2 0.6 -0.59 0.02 -0.06
139 103.0 110.0 82.0 107.0 -0.59 -0.11 0.62 -0.55 -0.11 -0.22
140 102.0 104.0 79.0 98.0 -0.56 -0.01 0.7 -1.21 -0.74 -0.56
141 90.0 97.0 77.0 83.0 -0.47 -0.07 0.81 -0.81 -0.81 -0.17
142 91.0 95.0 76.0 73.0 -0.48 -0.1 0.88 -0.71 -0.79 -0.04
143 78.0 91.0 75.0 62.0 -0.51 -0.17 0.98 -0.5 -0.62 -0.1
144 106.0 108.0 74.0 63.0 -0.56 -0.15 1.04 -0.13 -0.55 -0.31
145 93.0 103.0 71.0 54.0 -0.59 -0.14 1.06 0.26 -0.57 -0.04
146 91.0 101.0 69.0 54.0 -0.65 -0.06 1.07 0.47 -0.4 0.19
147 78.0 96.0 69.0 48.0 -0.62 -0.08 1.0 0.94 -0.11 0.4
148 64.0 104.0 66.0 43.0 -0.56 -0.1 0.94 0.99 0.0 0.32
149 93.0 122.0 66.0 53.0 -0.49 -0.14 0.81 0.91 0.07 0.18
150 77.0 117.0 66.0 48.0 -0.41 -0.12 0.7 1.17 0.05 0.79
151 63.0 106.0 65.0 44.0 -0.39 -0.11 0.66 1.3 0.17 1.18
152 53.0 100.0 66.0 44.0 -0.32 -0.23 0.53 1.05 0.43 0.86
153 44.0 96.0 64.0 40.0 -0.22 -0.3 0.4 0.93 0.33 0.27
154 39.0 92.0 65.0 40.0 -0.19 -0.24 0.37 0.59 0.27 0.03
155 34.0 91.0 62.0 36.0 -0.16 -0.05 0.36 -0.19 -0.15 -0.56
156 31.0 91.0 62.0 34.0 -0.25 0.12 0.5 -0.37 -0.41 -0.13
157 27.0 95.0 61.0 38.0 -0.34 0.17 0.61 -0.42 -0.4 -0.12
158 25.0 94.0 61.0 35.0 -0.54 0.22 0.84 0.03 -0.5 -0.68
159 26.0 97.0 60.0 32.0 -0.77 0.38 1.08 -0.21 -0.64 -1.3
160 23.0 93.0 59.0 33.0 -0.88 0.52 1.17 -0.43 -0.66 -1.66
161 24.0 90.0 58.0 31.0 -1.09 0.89 1.33 -0.73 -0.78 -2.12
162 24.0 87.0 58.0 29.0 -1.4 1.11 1.46 0.11 -0.69 -1.24
163 32.0 91.0 58.0 28.0 -1.55 1.11 1.47 0.26 -0.57 -1.11
164 36.0 95.0 59.0 30.0 -1.8 0.97 1.42 0.1 -0.52 -1.69
165 41.0 95.0 61.0 35.0 -1.97 0.79 1.36 0.84 -0.65 -2.01
166 50.0 93.0 59.0 33.0 -2.09 0.71 1.33 1.09 -0.65 -1.43
167 59.0 97.0 58.0 34.0 -2.22 0.4 1.13 1.49 -0.41 0.35
168 61.0 101.0 58.0 36.0 -2.06 0.01 0.83 1.72 0.0 0.37
169 57.0 99.0 57.0 33.0 -1.92 -0.06 0.67 1.86 0.12 0.09
170 68.0 98.0 58.0 34.0 -1.7 0.18 0.45 1.79 0.18 0.07
171 62.0 93.0 57.0 32.0 -1.57 0.39 0.28 1.38 0.19 1.2
172 69.0 95.0 57.0 31.0 -1.49 0.37 0.18 0.9 -0.04 1.59
173 60.0 96.0 56.0 33.0 -1.25 0.11 0.09 0.6 0.07 1.3
174 52.0 100.0 56.0 31.0 -1.1 0.03 -0.03 0.39 -0.07 0.68
175 60.0 98.0 56.0 29.0 -1.06 0.08 -0.02 0.33 -0.12 0.42
176 52.0 99.0 57.0 35.0 -0.96 0.24 0.0 0.03 -0.06 -0.13
177 49.0 100.0 59.0 64.0 -0.91 0.39 0.05 0.22 0.09 -0.95
178 46.0 100.0 62.0 89.0 -0.92 0.45 0.06 0.37 0.09 -1.22
179 52.0 105.0 58.0 83.0 -1.03 0.58 0.08 1.23 0.0 -0.71
180 59.0 107.0 57.0 71.0 -1.18 0.6 0.08 1.74 -0.05 -0.34
181 65.0 105.0 57.0 61.0 -1.19 0.7 0.05 1.69 0.0 -0.2
182 74.0 100.0 57.0 57.0 -1.23 0.92 -0.06 1.71 0.15 -0.45
183 61.0 102.0 56.0 50.0 -1.23 1.03 -0.25 0.72 0.25 -0.26
184 55.0 101.0 57.0 45.0 -1.22 0.98 -0.35 0.68 -0.01 0.06
185 51.0 104.0 58.0 40.0 -0.72 0.27 -0.35 -3.86 -1.24 7.57
186 60.0 103.0 59.0 37.0 -0.36 -2.32 -0.06 0.09 -0.14 4.01
187 57.0 96.0 61.0 34.0 -0.46 -2.41 0.04 0.77 2.0 -1.13
188 54.0 91.0 63.0 32.0 0.45 -0.1 -0.05 0.82 0.48 0.42
189 51.0 90.0 65.0 31.0 0.72 1.23 -0.31 2.32 0.55 0.9
190 52.0 91.0 64.0 29.0 0.57 1.04 -0.32 2.6 0.64 0.65
191 54.0 91.0 64.0 27.0 0.16 0.49 -0.24 1.29 0.14 0.15
192 57.0 91.0 65.0 26.0 -0.09 0.32 -0.16 0.3 -0.33 0.36
193 56.0 89.0 65.0 26.0 -0.14 0.27 -0.14 -0.56 -0.28 0.23
194 56.0 86.0 66.0 25.0 -0.14 0.18 -0.13 -1.11 -0.14 -0.32
195 56.0 84.0 67.0 25.0 -0.04 -0.11 -0.03 -1.0 -0.07 -0.63
196 54.0 81.0 67.0 25.0 -0.02 -0.23 0.0 -0.74 -0.09 -0.46
197 50.0 78.0 68.0 24.0 -0.0 -0.46 0.04 0.14 0.12 -0.06
198 54.0 76.0 67.0 24.0 -0.07 -0.75 0.06 0.3 0.14 0.06
199 49.0 74.0 67.0 24.0 -0.09 -0.84 0.06 0.3 0.14 0.0
200 47.0 73.0 66.0 24.0 -0.11 -0.94 0.08 0.04 0.1 0.06
201 48.0 71.0 65.0 24.0 -0.04 -0.94 0.07 0.11 0.08 0.01
202 45.0 71.0 64.0 23.0 -0.01 -0.87 0.06 0.46 0.04 0.17
203 43.0 69.0 63.0 23.0 0.06 -0.64 0.01 0.63 0.03 0.22
