1 16.0 66.0 60.0 24.0 0.0 -0.0 0.0 0.08 0.08 0.01
2 17.0 65.0 61.0 24.0 0.0 -0.0 0.0 0.09 0.11 0.03
3 16.0 65.0 60.0 25.0 0.0 -0.01 -0.0 0.1 0.08 0.04
4 17.0 65.0 60.0 24.0 -0.0 -0.01 -0.0 0.11 0.08 0.01
5 17.0 66.0 60.0 25.0 -0.0 -0.01 -0.0 0.11 0.07 0.02
6 16.0 67.0 60.0 24.0 0.0 -0.0 -0.01 0.09 0.07 0.01
7 16.0 68.0 59.0 24.0 -0.0 -0.0 -0.01 0.08 0.09 0.02
8 16.0 68.0 59.0 24.0 0.0 -0.0 -0.0 0.1 0.1 0.03
9 16.0 69.0 58.0 23.0 0.0 -0.01 -0.0 0.1 0.07 0.03
10 16.0 70.0 59.0 24.0 0.0 -0.01 -0.01 0.11 0.09 0.0
11 16.0 71.0 58.0 23.0 0.0 -0.01 -0.01 0.12 0.09 0.04
12 17.0 71.0 57.0 24.0 0.0 -0.0 -0.01 0.11 0.05 0.01
13 16.0 71.0 57.0 24.0 0.0 -0.0 -0.01 0.09 0.06 0.0
14 16.0 71.0 58.0 24.0 0.0 0.0 -0.01 0.07 0.1 0.0
15 16.0 71.0 58.0 23.0 0.0 -0.0 -0.01 0.07 0.09 0.02
16 16.0 71.0 57.0 24.0 0.0 -0.0 -0.01 0.05 0.09 0.01
17 16.0 72.0 58.0 24.0 0.0 -0.01 -0.01 0.08 0.1 0.01
18 16.0 71.0 58.0 24.0 -0.0 -0.01 -0.01 0.11 0.09 0.03
19 17.0 70.0 58.0 24.0 -0.0 -0.01 -0.0 0.13 0.09 0.01
20 16.0 69.0 58.0 24.0 -0.01 -0.01 -0.0 0.12 0.08 0.02
21 16.0 68.0 58.0 23.0 -0.01 -0.01 0.0 0.11 0.06 0.05
22 16.0 67.0 58.0 23.0 -0.01 -0.01 0.0 0.07 0.08 0.01
23 16.0 67.0 58.0 24.0 -0.01 -0.0 0.0 0.1 0.09 0.02
24 16.0 67.0 56.0 24.0 -0.01 -0.01 0.0 0.11 0.08 0.01
25 16.0 67.0 56.0 23.0 -0.01 -0.01 -0.0 0.09 0.1 0.02
26 16.0 68.0 56.0 26.0 -0.02 -0.01 0.0 0.08 0.08 0.03
27 16.0 68.0 56.0 31.0 -0.02 -0.01 -0.0 0.05 0.06 0.04
28 16.0 67.0 56.0 33.0 -0.02 -0.01 0.0 0.08 0.06 0.01
29 26.0 73.0 55.0 39.0 -0.02 -0.02 -0.0 0.03 0.03 0.06
30 31.0 79.0 55.0 50.0 -0.04 -0.07 0.01 0.03 0.06 0.08
31 50.0 90.0 56.0 59.0 -0.08 -0.14 0.02 0.17 0.18 0.29
32 115.0 105.0 59.0 83.0 -0.16 -0.2 0.04 0.01 0.52 0.55
33 154.0 123.0 58.0 133.0 -0.51 -0.38 0.15 0.04 0.38 0.58
34 141.0 123.0 57.0 116.0 -0.9 -0.5 0.27 0.16 -0.68 0.59
35 179.0 132.0 55.0 94.0 -0.69 -0.1 0.24 0.53 -0.44 1.66
36 179.0 139.0 54.0 82.0 -0.22 0.38 0.18 0.79 -0.06 2.69
37 162.0 132.0 53.0 72.0 0.18 0.93 0.09 0.63 -0.65 4.04
38 163.0 147.0 52.0 60.0 0.39 1.26 0.08 1.43 0.17 3.49
39 161.0 187.0 51.0 53.0 0.88 1.75 -0.0 0.34 -0.94 4.07
40 156.0 186.0 50.0 47.0 2.11 1.53 -0.52 1.92 3.74 5.17
41 156.0 176.0 49.0 41.0 2.19 1.29 -0.37 0.83 1.75 4.53
42 155.0 164.0 49.0 37.0 2.62 0.97 -0.4 0.99 1.68 4.43
43 172.0 174.0 49.0 34.0 2.96 1.01 -0.53 1.16 1.65 3.67
44 238.0 183.0 49.0 32.0 3.07 1.07 -0.55 1.11 1.11 2.96
45 212.0 169.0 48.0 30.0 3.32 1.19 -0.6 1.08 0.92 2.73
46 207.0 159.0 48.0 29.0 3.5 1.3 -0.62 0.75 0.64 1.37
47 248.0 152.0 50.0 34.0 3.55 1.22 -0.62 0.85 0.37 0.81
48 251.0 141.0 51.0 32.0 3.59 1.3 -0.62 0.51 0.27 -0.11
49 203.0 127.0 52.0 30.0 3.5 1.31 -0.59 0.29 -0.14 -0.74
50 159.0 118.0 50.0 32.0 3.42 1.11 -0.57 -0.41 -0.74 -1.47
51 130.0 109.0 49.0 31.0 3.16 0.37 -0.51 -0.59 -0.83 -1.73
52 107.0 104.0 53.0 33.0 2.82 -0.4 -0.39 -1.38 -1.0 -2.88
53 85.0 96.0 57.0 33.0 2.6 -0.63 -0.3 -2.66 -1.21 -3.3
54 70.0 92.0 60.0 33.0 2.13 -0.86 -0.03 -3.42 -1.48 -3.4
55 60.0 90.0 60.0 34.0 1.75 -1.41 0.33 -5.14 -1.85 -3.67
56 49.0 96.0 59.0 43.0 1.56 -1.94 0.56 -5.47 -2.16 -3.59
57 43.0 96.0 60.0 39.0 1.17 -2.92 1.1 -5.31 -2.42 -3.3
58 37.0 90.0 61.0 37.0 0.75 -3.13 1.77 -4.71 -2.59 -3.56
59 32.0 88.0 75.0 34.0 0.5 -2.88 2.11 -5.04 -2.97 -3.63
60 29.0 88.0 82.0 37.0 0.04 -2.44 2.8 -5.15 -3.03 -3.57
61 26.0 86.0 85.0 35.0 -0.48 -2.33 3.47 -5.26 -3.47 -3.27
62 24.0 94.0 85.0 33.0 -0.76 -2.37 3.77 -4.48 -4.02 -2.98
63 29.0 96.0 85.0 32.0 -1.17 -2.49 4.3 -4.24 -4.18 -3.07
64 55.0 110.0 83.0 29.0 -1.4 -2.46 4.79 -3.12 -4.6 -3.43
65 142.0 119.0 82.0 29.0 -1.38 -2.43 4.97 -2.71 -4.53 -3.1
66 194.0 133.0 81.0 28.0 -1.37 -2.36 5.24 -1.44 -4.73 -2.72
67 178.0 145.0 84.0 27.0 -1.26 -2.29 5.39 0.05 -4.48 -2.37
68 279.0 176.0 84.0 27.0 -1.21 -2.23 5.43 0.48 -4.48 -3.45
69 266.0 181.0 85.0 26.0 -1.24 -2.15 5.29 1.42 -4.99 -3.77
70 248.0 172.0 88.0 27.0 -1.05 -1.85 4.61 5.17 -4.99 -3.25
71 217.0 163.0 88.0 27.0 -0.89 -1.44 4.1 9.8 -4.48 -1.14
72 274.0 165.0 92.0 26.0 -0.53 -0.57 2.9 11.62 -3.33 0.79
73 264.0 166.0 92.0 25.0 -0.37 -0.22 1.64 11.37 -3.08 1.21
74 228.0 168.0 93.0 25.0 -0.22 -0.27 0.91 11.65 -2.94 1.12
75 193.0 174.0 91.0 25.0 0.21 -0.1 -0.62 11.65 -2.08 0.56
76 211.0 175.0 90.0 26.0 0.17 0.61 -1.92 9.83 -1.89 0.44
77 203.0 168.0 88.0 28.0 0.16 1.0 -2.49 9.01 -2.02 0.62
78 214.0 171.0 87.0 27.0 0.17 1.49 -3.38 5.98 -2.74 0.59
79 191.0 170.0 85.0 26.0 0.3 1.43 -4.06 5.0 -3.29 0.19
80 190.0 170.0 84.0 26.0 0.43 1.3 -4.3 4.13 -3.5 -0.46
81 175.0 172.0 83.0 25.0 0.7 1.09 -4.64 3.58 -4.08 -0.93
82 202.0 162.0 80.0 25.0 1.01 1.1 -4.86 1.84 -4.51 -0.62
83 219.0 152.0 78.0 25.0 1.1 1.26 -4.96 1.47 -4.59 -0.31
84 203.0 154.0 75.0 33.0 1.18 1.76 -5.09 0.91 -4.73 -0.27
85 232.0 154.0 72.0 31.0 1.25 2.34 -5.15 -0.61 -4.33 -1.26
86 226.0 165.0 69.0 30.0 1.27 2.59 -5.14 -0.84 -4.26 -1.41
87 223.0 156.0 66.0 28.0 1.37 3.01 -5.0 -2.08 -4.01 -2.11
88 286.0 157.0 63.0 47.0 1.57 3.22 -4.86 -2.68 -4.15 -2.36
89 295.0 152.0 64.0 66.0 1.75 3.33 -4.77 -2.62 -3.91 -2.49
90 277.0 156.0 64.0 60.0 1.98 3.68 -4.57 -4.65 -4.02 -2.57
91 270.0 143.0 62.0 61.0 1.96 3.02 -4.08 -5.73 -3.84 -2.28
92 293.0 135.0 59.0 54.0 1.93 2.25 -3.84 -6.24 -3.63 -1.91
93 311.0 132.0 59.0 54.0 1.67 0.71 -3.19 -5.52 -3.01 -1.61
94 310.0 135.0 57.0 52.0 1.09 0.05 -2.33 -6.04 -2.07 -2.6
95 266.0 130.0 58.0 45.0 0.81 0.18 -1.9 -6.1 -1.74 -2.91
96 250.0 125.0 57.0 40.0 0.43 0.77 -1.21 -4.97 -0.59 -3.37
97 213.0 119.0 62.0 46.0 0.15 0.92 -0.71 -4.31 -0.11 -2.89
98 184.0 113.0 65.0 41.0 0.01 0.65 -0.48 -4.29 0.12 -2.88
99 179.0 113.0 63.0 40.0 -0.19 -0.19 -0.07 -3.75 0.53 -2.6
100 163.0 108.0 65.0 36.0 -0.32 -0.6 0.25 -3.12 0.83 -2.3
101 142.0 102.0 68.0 38.0 -0.39 -0.58 0.4 -2.99 0.87 -1.67
102 132.0 102.0 67.0 34.0 -0.5 -0.33 0.68 -2.87 0.78 -0.94
103 118.0 105.0 72.0 66.0 -0.61 -0.08 0.92 -3.26 0.62 -0.74
104 105.0 98.0 70.0 62.0 -0.64 0.0 1.03 -3.46 0.57 -0.9
105 95.0 95.0 71.0 67.0 -0.62 0.03 1.27 -3.77 0.26 -1.5
106 85.0 94.0 69.0 70.0 -0.58 -0.2 1.58 -4.11 -0.23 -1.52
107 74.0 95.0 70.0 60.0 -0.59 -0.39 1.78 -4.27 -0.49 -1.47
108 66.0 99.0 69.0 58.0 -0.69 -0.76 2.24 -4.31 -1.16 -1.27
109 58.0 99.0 66.0 54.0 -0.9 -1.12 2.76 -3.84 -1.5 -1.3
110 49.0 94.0 65.0 49.0 -1.02 -1.27 3.04 -3.49 -1.79 -1.26
111 43.0 90.0 63.0 47.0 -1.32 -1.51 3.58 -3.16 -2.17 -1.66
112 37.0 92.0 61.0 43.0 -1.55 -1.57 4.06 -2.25 -2.71 -1.44
113 32.0 100.0 62.0 40.0 -1.7 -1.61 4.3 -1.61 -3.0 -1.09
114 29.0 95.0 67.0 42.0 -1.94 -1.77 4.73 -1.6 -3.63 -0.67
115 32.0 90.0 63.0 40.0 -1.93 -1.98 5.01 -0.53 -4.06 -0.65
116 55.0 117.0 65.0 40.0 -1.87 -2.11 5.11 -0.03 -4.19 -0.73
117 60.0 116.0 68.0 39.0 -1.67 -2.41 5.25 1.79 -4.09 -0.07
118 52.0 137.0 68.0 36.0 -1.52 -2.73 5.29 1.94 -3.87 -0.44
119 43.0 142.0 68.0 35.0 -1.48 -2.74 5.27 1.69 -3.73 -1.13
120 38.0 133.0 69.0 32.0 -1.48 -2.19 5.11 1.99 -4.22 -3.07
121 47.0 130.0 71.0 35.0 -1.4 -1.36 4.63 2.83 -4.44 -2.47
122 49.0 139.0 72.0 33.0 -1.35 -1.09 4.29 4.82 -4.86 -0.69
123 68.0 138.0 72.0 32.0 -0.94 -1.0 3.48 6.6 -4.11 0.68
124 96.0 128.0 71.0 30.0 -0.56 -1.05 2.73 7.8 -3.32 1.06
125 114.0 126.0 72.0 29.0 -0.37 -1.01 2.29 7.89 -2.96 0.85
126 111.0 134.0 69.0 30.0 -0.12 -0.72 1.34 8.17 -1.95 0.31
127 110.0 134.0 70.0 29.0 -0.08 -0.22 0.4 8.31 -1.68 0.26
128 135.0 148.0 71.0 30.0 -0.05 -0.03 -0.04 8.09 -1.58 0.23
129 139.0 152.0 70.0 28.0 0.13 0.14 -0.87 7.04 -1.51 0.12
130 175.0 171.0 69.0 28.0 0.22 0.22 -1.24 6.25 -1.47 -0.02
131 221.0 163.0 68.0 31.0 0.31 0.37 -1.96 5.4 -1.63 -0.05
132 213.0 154.0 68.0 30.0 0.34 0.47 -2.58 4.54 -2.04 -0.32
133 208.0 153.0 67.0 28.0 0.39 0.51 -2.84 3.95 -2.26 -1.14
134 308.0 158.0 67.0 27.0 0.5 0.68 -3.23 3.62 -2.47 -1.56
135 353.0 163.0 67.0 27.0 0.61 1.5 -3.71 3.43 -2.81 -1.96
136 348.0 174.0 64.0 27.0 0.61 1.5 -3.71 2.0 -3.25 -1.71
137 395.0 196.0 64.0 25.0 0.64 1.86 -4.01 1.92 -3.3 -1.65
138 402.0 199.0 63.0 25.0 0.81 2.12 -4.46 1.53 -3.52 -1.39
139 373.0 196.0 62.0 25.0 0.81 2.12 -4.46 1.46 -3.75 -1.42
140 384.0 223.0 62.0 24.0 1.07 3.02 -4.7 -0.56 -3.95 -1.26
141 392.0 209.0 61.0 25.0 1.52 3.73 -4.97 -1.65 -3.92 -0.95
142 408.0 206.0 62.0 25.0 1.95 2.85 -5.07 -2.71 -3.68 -0.2
143 338.0 184.0 62.0 26.0 2.19 2.24 -5.11 -2.57 -3.51 0.06
144 291.0 176.0 64.0 26.0 2.33 1.4 -5.12 -2.95 -3.49 0.26
145 287.0 162.0 65.0 25.0 2.24 1.35 -4.99 -4.04 -3.77 -1.11
146 299.0 158.0 64.0 27.0 1.99 1.46 -4.51 -4.65 -3.86 -1.58
147 251.0 147.0 63.0 28.0 1.66 1.31 -3.85 -6.42 -3.98 -2.87
148 209.0 133.0 63.0 28.0 1.41 1.01 -3.39 -7.0 -3.81 -3.58
149 187.0 128.0 64.0 27.0 0.87 0.44 -2.4 -7.28 -3.62 -3.85
150 195.0 124.0 65.0 26.0 0.26 0.2 -1.36 -6.95 -2.54 -4.33
151 178.0 125.0 67.0 35.0 -0.0 0.11 -0.93 -6.44 -1.78 -4.24
152 154.0 115.0 68.0 33.0 -0.45 -0.04 -0.24 -5.38 -1.19 -3.59
153 144.0 109.0 69.0 31.0 -0.81 -0.28 0.26 -4.58 -0.82 -3.18
154 120.0 105.0 71.0 33.0 -0.97 -0.39 0.45 -3.0 -0.52 -2.16
155 125.0 102.0 68.0 32.0 -1.23 -0.38 0.75 -2.58 -0.39 -1.85
156 121.0 98.0 69.0 36.0 -1.38 -0.13 0.92 -2.1 -0.61 -1.65
157 136.0 97.0 69.0 34.0 -1.39 -0.02 0.98 -2.02 -0.74 -1.94
158 111.0 95.0 65.0 32.0 -1.39 0.03 1.08 -1.74 -0.75 -1.71
159 101.0 91.0 67.0 35.0 -1.41 -0.16 1.18 -1.54 -0.98 -1.12
160 87.0 87.0 65.0 32.0 -1.44 -0.27 1.23 -1.11 -1.04 -0.99
161 71.0 85.0 64.0 32.0 -1.53 -0.33 1.32 -0.81 -1.38 -1.34
162 89.0 92.0 62.0 32.0 -1.66 -0.1 1.39 -0.49 -1.65 -1.92
163 83.0 91.0 61.0 29.0 -1.75 0.08 1.44 -0.16 -1.84 -1.31
164 74.0 92.0 59.0 33.0 -1.97 0.32 1.47 -0.54 -1.63 -1.16
165 63.0 94.0 57.0 31.0 -2.11 0.27 1.41 -0.12 -1.65 -1.11
166 53.0 94.0 55.0 29.0 -2.16 0.22 1.38 0.82 -1.39 -1.61
167 45.0 94.0 57.0 32.0 -2.22 0.15 1.27 1.12 -1.33 -1.72
168 48.0 92.0 56.0 31.0 -2.24 0.26 1.14 1.82 -1.18 -1.32
169 43.0 92.0 56.0 31.0 -2.29 0.33 1.08 2.14 -0.86 -0.64
170 70.0 92.0 56.0 33.0 -2.42 0.38 0.95 1.73 -0.73 -0.65
171 80.0 93.0 55.0 31.0 -2.61 0.28 0.85 1.32 -0.57 -0.41
172 88.0 91.0 58.0 50.0 -2.72 0.17 0.83 0.77 -0.43 0.26
173 72.0 94.0 56.0 47.0 -2.76 -0.17 0.57 0.91 -0.23 0.69
174 61.0 92.0 56.0 52.0 -2.67 -0.46 0.42 1.37 -0.18 1.18
175 57.0 94.0 55.0 50.0 -2.59 -0.52 0.38 0.86 -0.18 1.97
176 49.0 91.0 54.0 43.0 -2.39 -0.55 0.34 0.4 -0.08 2.64
177 67.0 93.0 54.0 40.0 -2.22 -0.7 0.36 -0.01 0.16 3.79
178 59.0 93.0 53.0 36.0 -2.11 -0.82 0.34 -0.66 0.5 3.24
179 50.0 91.0 54.0 39.0 -1.77 -1.11 0.28 -0.82 0.55 2.66
180 43.0 87.0 53.0 36.0 -1.44 -1.34 0.26 0.07 0.81 1.48
181 39.0 88.0 52.0 33.0 -1.32 -1.35 0.25 0.6 0.79 1.52
182 42.0 91.0 52.0 31.0 -1.16 -1.2 0.22 0.87 0.84 1.89
183 89.0 90.0 52.0 29.0 -1.03 -0.99 0.13 0.84 0.7 1.55
184 78.0 90.0 51.0 28.0 -1.0 -0.91 0.1 0.03 0.81 0.29
185 64.0 92.0 52.0 32.0 -0.89 -1.09 0.02 -0.27 1.06 0.77
186 56.0 101.0 50.0 31.0 -0.66 -1.76 0.07 -1.79 0.65 4.33
187 49.0 98.0 53.0 29.0 -0.45 -2.1 0.04 -1.85 0.34 4.7
188 43.0 98.0 61.0 28.0 0.06 -1.76 0.1 -0.17 0.43 3.15
189 40.0 96.0 66.0 27.0 0.25 -0.33 0.04 1.37 0.89 0.0
190 36.0 94.0 63.0 26.0 0.21 0.12 -0.04 0.89 0.69 -0.18
191 43.0 95.0 59.0 25.0 0.06 0.44 -0.14 0.49 0.56 -0.25
192 39.0 94.0 57.0 25.0 -0.08 0.26 -0.16 -0.62 0.24 -0.11
193 35.0 93.0 55.0 24.0 -0.1 0.12 -0.14 -1.43 -0.08 -0.21
194 30.0 92.0 53.0 24.0 -0.02 -0.2 -0.06 -1.27 -0.11 -0.37
195 27.0 90.0 52.0 24.0 0.06 -0.28 -0.02 -0.77 -0.13 -0.36
196 25.0 86.0 53.0 24.0 0.06 -0.28 -0.02 -0.32 0.05 -0.06
197 23.0 84.0 52.0 28.0 0.05 -0.24 -0.02 -0.19 0.11 0.02
198 23.0 81.0 51.0 25.0 0.01 -0.18 0.01 0.2 0.27 0.09
199 24.0 77.0 51.0 25.0 0.02 -0.12 0.01 0.17 0.31 0.03
200 22.0 78.0 51.0 24.0 0.03 0.02 -0.0 -0.08 0.3 0.0
