1 35.0 87.0 56.0 26.0 0.0 -0.02 -0.01 -0.03 0.12 -0.01
2 32.0 86.0 57.0 25.0 -0.01 -0.02 -0.0 -0.05 0.07 0.0
3 34.0 85.0 57.0 25.0 -0.01 -0.02 -0.0 -0.05 0.1 0.0
4 35.0 85.0 55.0 33.0 -0.01 -0.02 -0.0 0.01 0.02 -0.03
5 33.0 87.0 55.0 31.0 -0.02 -0.01 0.0 -0.03 0.02 -0.01
6 30.0 86.0 55.0 29.0 -0.01 -0.01 0.0 -0.01 0.0 -0.02
7 29.0 85.0 53.0 28.0 -0.01 0.0 0.01 -0.02 0.0 -0.03
8 31.0 83.0 54.0 27.0 -0.01 -0.01 0.01 -0.04 0.09 -0.02
9 30.0 82.0 54.0 30.0 -0.01 -0.02 0.01 -0.06 0.09 0.01
10 45.0 83.0 54.0 30.0 -0.02 -0.04 0.01 -0.03 0.07 -0.04
11 42.0 82.0 55.0 29.0 -0.02 -0.04 0.01 -0.03 0.07 -0.02
12 37.0 80.0 55.0 28.0 -0.02 -0.03 0.01 -0.05 0.08 -0.04
13 35.0 78.0 54.0 27.0 -0.01 -0.02 0.0 -0.01 0.06 -0.01
14 34.0 78.0 54.0 26.0 -0.01 -0.01 0.0 -0.04 0.04 -0.01
15 41.0 78.0 54.0 30.0 -0.01 -0.01 -0.0 -0.05 0.03 -0.03
16 38.0 75.0 56.0 29.0 -0.0 -0.01 -0.0 -0.1 0.05 -0.05
17 44.0 74.0 56.0 28.0 0.0 -0.03 -0.01 -0.05 0.04 0.0
18 50.0 75.0 55.0 28.0 0.0 -0.03 -0.01 -0.08 0.06 -0.03
19 45.0 76.0 56.0 30.0 0.0 -0.04 -0.01 -0.04 0.07 0.0
20 59.0 79.0 58.0 31.0 0.0 -0.03 -0.0 -0.02 0.05 0.0
21 73.0 84.0 57.0 41.0 -0.0 -0.03 -0.0 -0.01 0.12 -0.01
22 98.0 98.0 57.0 56.0 -0.03 -0.04 0.0 -0.12 0.06 0.0
23 123.0 105.0 59.0 72.0 -0.08 -0.09 0.01 -0.25 0.1 0.12
24 137.0 120.0 61.0 81.0 -0.13 -0.17 0.03 -0.32 0.15 0.17
25 156.0 132.0 63.0 115.0 -0.31 -0.42 0.11 -0.1 0.39 0.37
26 209.0 131.0 66.0 137.0 -0.43 -0.5 0.15 0.49 0.15 0.82
27 218.0 150.0 66.0 140.0 -0.35 -0.29 0.1 0.97 0.11 1.06
28 237.0 144.0 69.0 112.0 -0.08 0.31 -0.03 1.1 0.22 2.1
29 229.0 135.0 71.0 94.0 0.47 0.66 -0.22 0.21 0.87 4.74
30 222.0 128.0 72.0 79.0 0.8 0.72 -0.3 0.37 0.86 5.36
31 251.0 128.0 71.0 66.0 1.75 0.96 -0.6 1.2 2.73 6.45
32 302.0 126.0 70.0 57.0 2.27 0.57 -0.6 -1.02 2.09 5.17
33 344.0 121.0 69.0 50.0 2.5 0.46 -0.53 0.53 2.78 4.87
34 295.0 119.0 67.0 44.0 2.84 0.62 -0.53 0.95 2.57 3.98
35 266.0 119.0 66.0 40.0 3.01 0.84 -0.51 1.35 2.37 3.4
36 242.0 117.0 65.0 40.0 3.02 0.88 -0.49 1.15 2.2 2.73
37 245.0 124.0 65.0 37.0 3.03 0.86 -0.48 0.8 1.64 2.1
38 217.0 118.0 65.0 34.0 2.97 0.84 -0.44 0.4 1.26 0.38
39 197.0 117.0 65.0 33.0 2.97 0.87 -0.4 0.45 1.18 0.0
40 167.0 114.0 64.0 30.0 2.88 0.83 -0.32 -0.01 0.78 -0.83
41 138.0 114.0 64.0 31.0 2.72 0.53 -0.26 -0.85 0.26 -0.5
42 113.0 106.0 65.0 30.0 2.62 0.35 -0.21 -1.18 -0.14 -0.18
43 93.0 105.0 64.0 41.0 2.39 0.12 -0.15 -2.04 -0.83 -0.89
44 78.0 108.0 65.0 42.0 2.22 0.11 0.01 -2.37 -1.05 -1.53
45 65.0 105.0 63.0 39.0 2.13 0.2 0.11 -3.14 -1.28 -2.06
46 54.0 100.0 63.0 36.0 1.91 0.23 0.46 -3.61 -1.98 -1.99
47 46.0 106.0 66.0 47.0 1.6 -0.19 0.88 -5.33 -3.09 -2.25
48 40.0 105.0 70.0 46.0 1.47 -0.67 1.13 -5.61 -3.4 -2.4
49 35.0 108.0 70.0 41.0 1.06 -1.74 1.74 -6.42 -4.38 -2.96
50 30.0 109.0 74.0 44.0 0.86 -2.51 2.41 -6.44 -4.75 -3.71
51 28.0 113.0 76.0 40.0 0.62 -2.7 2.85 -6.26 -4.86 -3.75
52 25.0 117.0 84.0 38.0 0.08 -2.74 3.67 -5.76 -5.34 -3.56
53 29.0 124.0 86.0 38.0 -0.5 -2.69 4.45 -5.78 -5.87 -3.63
54 69.0 127.0 90.0 38.0 -0.73 -2.66 4.8 -4.5 -6.09 -3.31
55 122.0 132.0 99.0 39.0 -1.03 -2.62 5.26 -3.92 -6.05 -2.81
56 201.0 162.0 115.0 40.0 -1.18 -2.6 5.56 -1.94 -5.87 -2.29
57 287.0 173.0 115.0 36.0 -1.11 -2.61 5.61 -1.09 -5.59 -2.22
58 311.0 173.0 112.0 34.0 -0.85 -2.67 5.65 0.46 -5.2 -2.53
59 363.0 191.0 114.0 36.0 -0.61 -2.61 5.41 0.74 -4.98 -4.62
60 320.0 205.0 116.0 34.0 -0.59 -2.54 5.18 0.91 -5.17 -5.37
61 313.0 209.0 120.0 31.0 -0.59 -1.7 4.28 7.2 -5.09 -3.96
62 307.0 221.0 122.0 31.0 -0.6 -0.35 3.1 10.23 -3.79 -1.53
63 295.0 213.0 123.0 29.0 -0.61 0.02 2.46 10.31 -3.49 -0.77
64 295.0 218.0 124.0 28.0 -0.48 -0.04 1.15 10.17 -3.37 0.19
65 334.0 222.0 122.0 30.0 -0.2 0.01 -0.24 10.59 -2.02 -0.44
66 282.0 229.0 121.0 29.0 -0.27 0.34 -0.88 10.01 -1.66 -0.49
67 282.0 227.0 120.0 28.0 -0.38 1.34 -1.97 8.74 -1.47 -0.07
68 258.0 220.0 117.0 26.0 -0.3 1.96 -2.78 6.09 -1.8 1.56
69 232.0 212.0 115.0 27.0 -0.21 2.02 -3.1 5.32 -2.08 1.86
70 254.0 208.0 109.0 26.0 0.05 1.79 -3.62 3.98 -2.68 1.8
71 229.0 199.0 110.0 26.0 0.46 1.63 -3.96 3.78 -3.18 1.1
72 274.0 201.0 109.0 25.0 0.69 1.65 -4.09 3.51 -3.58 0.78
73 247.0 198.0 106.0 28.0 1.14 1.97 -4.36 2.37 -3.68 0.23
74 227.0 182.0 103.0 28.0 1.33 2.26 -4.48 1.92 -3.96 0.17
75 203.0 166.0 101.0 30.0 1.7 2.8 -4.71 1.06 -4.15 -0.06
76 227.0 177.0 99.0 26.0 2.02 3.37 -4.88 0.54 -4.48 -0.58
77 200.0 171.0 94.0 28.0 2.19 3.62 -4.93 -0.92 -4.42 -1.55
78 226.0 164.0 91.0 28.0 2.54 4.18 -4.96 -1.29 -4.34 -2.02
79 258.0 162.0 86.0 27.0 2.93 4.91 -5.0 -1.5 -4.18 -2.39
80 274.0 153.0 81.0 26.0 3.12 5.36 -4.91 -2.85 -3.65 -2.94
81 282.0 145.0 75.0 26.0 3.24 6.01 -4.48 -2.93 -3.55 -3.02
82 302.0 140.0 71.0 25.0 3.27 5.38 -3.98 -2.8 -3.24 -3.09
83 279.0 132.0 66.0 25.0 3.19 4.68 -3.7 -2.23 -3.17 -3.0
84 277.0 125.0 65.0 28.0 2.78 2.98 -3.12 -2.2 -2.66 -3.91
85 243.0 120.0 60.0 28.0 2.14 1.77 -2.49 -3.18 -2.14 -5.09
86 203.0 114.0 58.0 27.0 1.76 1.38 -2.21 -3.32 -1.34 -5.72
87 211.0 109.0 58.0 26.0 1.06 0.79 -1.74 -3.57 -1.22 -5.49
88 288.0 107.0 58.0 25.0 0.43 0.44 -1.33 -4.29 -1.04 -5.05
89 273.0 103.0 57.0 25.0 0.15 0.34 -1.13 -4.89 -0.7 -4.44
90 247.0 105.0 58.0 25.0 -0.33 0.12 -0.68 -4.52 -0.57 -4.32
91 204.0 105.0 59.0 26.0 -0.7 -0.27 -0.23 -3.67 0.09 -3.95
92 169.0 101.0 61.0 26.0 -0.85 -0.48 -0.0 -3.06 0.42 -3.88
93 149.0 95.0 61.0 25.0 -1.02 -0.71 0.42 -2.96 0.47 -3.55
94 127.0 93.0 64.0 25.0 -1.06 -0.72 0.74 -2.55 0.4 -2.15
95 104.0 89.0 63.0 25.0 -1.08 -0.7 0.86 -2.27 0.34 -1.68
96 87.0 88.0 65.0 24.0 -1.1 -0.78 1.04 -1.97 0.29 -1.77
97 72.0 86.0 65.0 24.0 -1.14 -1.02 1.19 -1.87 0.07 -2.23
98 59.0 86.0 63.0 24.0 -1.17 -1.13 1.27 -2.26 -0.53 -2.51
99 50.0 81.0 65.0 24.0 -1.33 -1.16 1.47 -2.68 -0.84 -2.63
100 46.0 82.0 64.0 24.0 -1.58 -1.24 1.75 -3.02 -1.37 -2.71
101 37.0 82.0 65.0 27.0 -1.77 -1.34 1.93 -2.92 -1.87 -2.58
102 33.0 83.0 64.0 29.0 -2.13 -1.78 2.34 -3.08 -2.04 -2.47
103 29.0 105.0 63.0 29.0 -2.5 -2.45 2.84 -3.12 -2.79 -1.82
104 27.0 114.0 67.0 31.0 -2.62 -2.76 3.09 -3.15 -3.07 -1.99
105 25.0 120.0 63.0 29.0 -2.89 -3.48 3.68 -2.76 -3.5 -1.45
106 29.0 127.0 64.0 34.0 -3.03 -4.21 4.24 -2.21 -3.87 -0.81
107 32.0 157.0 63.0 32.0 -3.02 -4.47 4.51 -0.75 -4.44 0.03
108 69.0 172.0 67.0 32.0 -2.73 -4.87 4.93 -0.64 -4.5 0.0
109 121.0 183.0 67.0 30.0 -1.97 -5.02 5.1 -0.9 -4.51 -0.5
110 167.0 173.0 66.0 29.0 -1.56 -5.07 5.2 -0.08 -4.28 -1.78
111 165.0 173.0 69.0 31.0 -1.18 -4.86 5.38 -0.22 -4.54 -2.46
112 206.0 164.0 70.0 29.0 -0.91 -3.95 5.3 2.2 -5.26 -3.25
113 170.0 175.0 77.0 28.0 -0.76 -3.22 5.1 4.65 -5.05 -2.27
114 230.0 170.0 73.0 31.0 -0.68 -1.81 4.5 6.18 -4.91 -0.34
115 273.0 186.0 72.0 36.0 -0.51 -1.31 3.77 7.21 -4.29 0.65
116 353.0 215.0 72.0 33.0 -0.35 -1.28 3.37 8.17 -3.02 0.02
117 329.0 247.0 69.0 32.0 -0.04 -1.26 2.49 8.92 -2.72 -0.08
118 291.0 232.0 68.0 31.0 0.04 -0.81 1.46 9.81 -2.45 -0.04
119 278.0 216.0 66.0 34.0 0.04 -0.54 0.93 9.87 -2.12 0.39
120 260.0 203.0 64.0 32.0 0.09 -0.17 -0.22 9.67 -1.83 0.59
121 283.0 218.0 62.0 31.0 0.41 -0.01 -1.3 7.91 -1.07 0.72
122 245.0 213.0 59.0 32.0 0.37 0.06 -1.76 6.76 -1.11 0.78
123 228.0 208.0 57.0 31.0 0.29 0.17 -2.58 6.25 -1.32 0.86
124 202.0 195.0 56.0 29.0 0.35 0.25 -3.15 4.64 -1.89 0.99
125 238.0 187.0 55.0 28.0 0.4 0.23 -3.37 3.94 -2.53 0.93
126 264.0 180.0 57.0 30.0 0.47 0.26 -3.76 3.31 -2.77 0.43
127 257.0 174.0 58.0 34.0 0.68 0.46 -3.97 3.35 -3.06 0.0
128 210.0 166.0 58.0 50.0 0.76 0.69 -4.09 2.14 -3.71 -0.6
129 204.0 155.0 59.0 45.0 0.79 1.2 -4.33 2.02 -4.03 -0.62
130 186.0 144.0 60.0 40.0 0.87 1.78 -4.56 1.29 -4.12 -0.44
131 224.0 143.0 60.0 36.0 0.87 2.08 -4.68 0.51 -4.45 -0.84
132 233.0 152.0 61.0 34.0 1.06 2.46 -4.88 0.41 -4.48 -0.95
133 297.0 142.0 65.0 31.0 1.28 2.73 -4.96 -1.06 -4.41 -2.13
134 311.0 147.0 68.0 30.0 1.45 2.93 -4.98 -1.7 -4.25 -2.35
135 292.0 138.0 72.0 29.0 1.72 3.51 -4.88 -2.9 -4.49 -2.48
136 342.0 130.0 77.0 28.0 2.12 4.15 -4.71 -3.16 -4.23 -2.49
137 363.0 129.0 82.0 30.0 2.28 4.31 -4.6 -4.21 -4.05 -2.83
138 386.0 127.0 83.0 30.0 2.23 3.79 -4.17 -4.15 -3.81 -2.85
139 346.0 125.0 85.0 31.0 2.03 2.56 -3.54 -4.22 -3.46 -3.12
140 288.0 119.0 92.0 37.0 1.83 2.09 -3.2 -5.03 -2.82 -4.14
141 292.0 115.0 95.0 53.0 1.33 1.66 -2.49 -5.09 -2.6 -4.38
142 296.0 129.0 96.0 70.0 0.8 1.17 -1.86 -5.24 -1.66 -4.88
143 260.0 124.0 97.0 61.0 0.58 0.66 -1.57 -5.05 -0.69 -4.3
144 293.0 120.0 99.0 62.0 0.09 -0.42 -0.91 -5.18 -0.25 -3.52
145 292.0 122.0 100.0 54.0 -0.36 -0.98 -0.26 -4.92 -0.1 -3.28
146 255.0 115.0 103.0 47.0 -0.54 -1.03 0.02 -3.34 -0.11 -2.56
147 234.0 108.0 103.0 42.0 -0.77 -0.92 0.34 -2.96 -0.08 -2.28
148 215.0 104.0 103.0 38.0 -0.9 -0.73 0.52 -2.16 0.08 -1.6
149 224.0 102.0 104.0 36.0 -0.9 -0.62 0.58 -1.31 0.12 -0.81
150 217.0 108.0 101.0 34.0 -0.84 -0.48 0.63 -1.17 0.11 -0.74
151 197.0 109.0 100.0 32.0 -0.76 -0.46 0.67 -0.47 -0.31 -0.36
152 184.0 107.0 100.0 31.0 -0.71 -0.49 0.69 -0.2 -0.45 -0.22
153 162.0 103.0 101.0 30.0 -0.65 -0.58 0.71 -0.12 -0.46 -0.18
154 130.0 95.0 100.0 30.0 -0.59 -0.6 0.69 0.07 -0.57 -0.22
155 109.0 94.0 97.0 30.0 -0.58 -0.51 0.68 -0.16 -0.94 -0.57
156 91.0 91.0 96.0 43.0 -0.59 -0.18 0.65 -0.31 -1.38 -0.57
157 76.0 90.0 92.0 46.0 -0.73 0.21 0.69 -0.55 -1.75 -0.61
158 65.0 91.0 91.0 50.0 -0.82 0.31 0.73 -0.42 -2.08 -0.36
159 68.0 89.0 90.0 45.0 -1.03 0.38 0.87 -0.43 -2.18 -0.49
160 57.0 85.0 88.0 41.0 -1.28 0.41 1.04 -0.61 -2.47 -1.27
161 48.0 82.0 87.0 37.0 -1.41 0.4 1.11 -0.5 -2.57 -1.5
162 43.0 81.0 85.0 34.0 -1.6 0.24 1.2 -0.36 -2.58 -1.59
163 37.0 81.0 83.0 32.0 -1.81 0.09 1.25 0.53 -2.25 -0.76
164 32.0 89.0 82.0 31.0 -1.93 0.09 1.27 0.75 -2.07 -0.54
165 29.0 96.0 82.0 29.0 -2.19 0.16 1.3 1.17 -1.92 -0.69
166 41.0 93.0 82.0 29.0 -2.44 0.32 1.3 1.32 -1.97 -1.29
167 53.0 89.0 82.0 33.0 -2.57 0.46 1.28 0.49 -1.92 -1.4
168 89.0 89.0 80.0 36.0 -2.81 0.57 1.17 0.18 -1.77 -1.34
169 91.0 90.0 78.0 33.0 -2.92 0.36 0.95 -0.05 -1.43 -1.2
170 89.0 89.0 76.0 32.0 -2.91 0.19 0.82 1.36 -1.15 -0.26
171 77.0 86.0 76.0 30.0 -2.88 -0.01 0.61 1.89 -0.94 0.21
172 70.0 93.0 76.0 28.0 -2.9 -0.1 0.48 2.11 -0.32 1.18
173 78.0 94.0 77.0 31.0 -2.88 -0.22 0.41 1.65 -0.04 0.7
174 94.0 92.0 76.0 29.0 -2.69 -0.46 0.19 2.06 -0.24 0.35
175 80.0 93.0 74.0 31.0 -2.6 -0.73 0.34 1.43 0.17 0.94
176 67.0 95.0 74.0 29.0 -2.48 -0.83 0.16 0.92 -0.02 2.47
177 61.0 92.0 73.0 28.0 -2.39 -1.03 -0.07 0.95 -0.01 2.58
178 64.0 95.0 74.0 32.0 -2.26 -1.32 -0.06 0.94 0.22 2.23
179 59.0 97.0 74.0 32.0 -2.15 -1.45 -0.04 0.87 0.45 2.09
180 85.0 93.0 75.0 33.0 -1.91 -1.44 -0.03 0.75 0.46 2.04
181 95.0 96.0 75.0 31.0 -1.68 -1.11 -0.01 0.76 0.61 1.38
182 85.0 96.0 76.0 30.0 -1.65 -0.93 0.02 1.3 0.59 1.54
183 71.0 101.0 75.0 28.0 -1.53 -0.72 -0.01 1.07 0.67 1.74
184 77.0 101.0 75.0 35.0 -1.4 -0.97 -0.1 1.15 0.38 2.05
185 78.0 101.0 77.0 33.0 -1.28 -1.08 -0.16 1.26 0.55 1.5
186 78.0 102.0 73.0 35.0 -1.11 -1.03 -0.25 0.97 0.32 1.11
187 65.0 99.0 71.0 32.0 -1.0 -0.53 -0.28 0.32 0.25 0.97
188 70.0 98.0 70.0 30.0 -0.96 -0.27 -0.29 -0.12 -1.05 1.79
189 62.0 99.0 70.0 28.0 -0.87 -0.26 -0.1 -2.18 0.18 7.85
190 59.0 101.0 68.0 32.0 -0.48 -0.71 -0.23 -1.11 1.51 -0.52
191 50.0 94.0 69.0 31.0 -0.61 -0.43 0.05 -2.27 -0.32 -1.87
192 44.0 91.0 69.0 28.0 -0.03 -0.57 -0.01 -1.58 -0.4 -0.66
193 38.0 92.0 68.0 27.0 0.71 -0.17 -0.11 0.55 0.5 0.03
194 38.0 93.0 66.0 26.0 0.79 -0.09 -0.19 1.04 0.32 0.0
195 35.0 94.0 66.0 26.0 0.45 -0.06 -0.2 0.62 0.04 -0.51
196 33.0 94.0 65.0 28.0 0.1 -0.12 -0.16 0.15 -0.08 -0.05
197 41.0 94.0 65.0 27.0 0.04 -0.13 -0.14 -0.06 0.13 0.24
198 38.0 95.0 64.0 26.0 0.03 -0.1 -0.11 -0.67 0.32 0.07
199 34.0 94.0 62.0 25.0 0.11 -0.17 -0.08 -0.76 0.25 -0.02
