1 16.0 68.0 80.0 23.0 -0.03 -0.0 0.01 -0.03 0.08 -0.02
2 16.0 67.0 81.0 23.0 -0.03 -0.0 0.01 -0.1 0.06 -0.05
3 16.0 67.0 79.0 23.0 -0.03 -0.04 0.01 -0.09 0.08 -0.03
4 16.0 67.0 75.0 23.0 -0.03 -0.05 0.0 -0.03 0.09 -0.03
5 15.0 67.0 76.0 23.0 -0.03 -0.06 -0.0 0.03 0.05 -0.04
6 16.0 67.0 83.0 23.0 -0.04 -0.06 0.0 0.06 0.03 -0.03
7 16.0 67.0 84.0 24.0 -0.04 -0.06 0.0 -0.01 0.03 -0.09
8 16.0 66.0 81.0 23.0 -0.03 -0.05 0.0 0.0 0.04 -0.07
9 16.0 67.0 87.0 24.0 -0.03 -0.04 0.0 -0.01 0.07 0.0
10 16.0 66.0 81.0 23.0 -0.03 -0.04 0.0 0.0 0.09 -0.05
11 16.0 67.0 77.0 23.0 -0.02 -0.05 0.01 0.05 0.1 -0.04
12 17.0 71.0 73.0 23.0 -0.04 -0.08 0.01 -0.08 0.08 -0.06
13 18.0 72.0 78.0 24.0 -0.04 -0.1 0.02 0.0 0.06 -0.01
14 21.0 76.0 94.0 24.0 -0.04 -0.08 0.01 0.0 0.07 -0.05
15 34.0 79.0 88.0 24.0 -0.05 -0.1 0.02 -0.05 0.08 -0.03
16 32.0 79.0 87.0 24.0 -0.06 -0.15 0.03 -0.13 0.07 -0.08
17 31.0 78.0 81.0 25.0 -0.06 -0.16 0.03 -0.19 0.07 -0.11
18 32.0 83.0 82.0 26.0 -0.06 -0.19 0.02 -0.2 0.06 -0.01
19 35.0 82.0 93.0 25.0 -0.08 -0.27 0.02 -0.27 0.05 0.05
20 36.0 87.0 89.0 26.0 -0.08 -0.33 0.03 -0.21 0.08 0.0
21 33.0 89.0 84.0 27.0 -0.07 -0.41 0.06 0.09 0.19 0.18
22 36.0 92.0 78.0 29.0 -0.11 -0.47 0.08 -0.02 0.0 0.16
23 35.0 99.0 76.0 28.0 -0.16 -0.6 0.16 0.05 0.04 0.2
24 49.0 95.0 75.0 28.0 -0.21 -0.69 0.2 -0.07 0.07 0.39
25 43.0 91.0 74.0 27.0 -0.23 -0.85 0.28 -0.24 0.2 0.66
26 51.0 90.0 74.0 28.0 -0.26 -0.93 0.32 -0.28 0.21 0.57
27 54.0 91.0 70.0 31.0 -0.3 -1.12 0.39 -0.56 0.27 0.83
28 54.0 97.0 68.0 70.0 -0.28 -1.23 0.4 -0.74 0.49 1.18
29 50.0 95.0 66.0 59.0 -0.22 -1.42 0.37 -0.77 0.65 1.17
30 51.0 92.0 65.0 52.0 -0.09 -1.47 0.38 -0.28 0.54 0.58
31 52.0 90.0 65.0 46.0 -0.13 -1.11 0.6 -3.51 1.47 0.58
32 55.0 96.0 66.0 42.0 -0.0 -1.02 0.56 -0.69 1.31 0.07
33 57.0 96.0 71.0 38.0 0.12 -1.15 0.61 -0.18 1.08 0.2
34 72.0 96.0 70.0 35.0 0.19 -1.08 0.66 0.13 1.17 0.78
35 74.0 98.0 75.0 32.0 0.19 -0.83 0.78 0.53 1.19 1.3
36 65.0 96.0 79.0 31.0 0.17 -0.3 0.84 -0.27 1.17 1.39
37 64.0 89.0 84.0 30.0 0.25 -0.25 0.82 -0.28 1.34 1.62
38 62.0 104.0 86.0 28.0 0.33 -0.26 0.82 0.08 1.59 1.76
39 53.0 105.0 83.0 28.0 0.43 -0.16 0.82 0.48 1.75 1.23
40 49.0 106.0 92.0 27.0 0.47 -0.11 0.82 0.74 1.59 0.78
41 87.0 103.0 92.0 26.0 0.53 -0.05 0.86 0.78 1.31 0.74
42 106.0 105.0 95.0 29.0 0.7 0.01 0.84 0.51 1.44 0.72
43 91.0 110.0 90.0 40.0 0.81 0.05 0.83 0.77 1.3 0.79
44 110.0 134.0 90.0 94.0 0.82 0.03 0.84 1.03 0.97 0.92
45 158.0 139.0 88.0 81.0 0.91 -0.02 0.72 1.66 0.71 0.81
46 212.0 166.0 87.0 69.0 1.06 -0.05 0.57 1.81 0.82 0.58
47 206.0 210.0 95.0 58.0 1.16 -0.07 0.45 1.91 0.73 0.95
48 187.0 213.0 105.0 53.0 1.29 -0.1 0.23 2.42 0.65 1.98
49 186.0 209.0 101.0 47.0 1.51 -0.07 -0.14 2.06 0.24 3.31
50 242.0 197.0 116.0 46.0 1.64 -0.11 -0.35 1.73 0.13 3.41
51 214.0 188.0 121.0 42.0 1.97 -0.33 -0.82 1.47 0.09 2.51
52 215.0 173.0 128.0 39.0 2.25 -0.49 -1.1 1.14 -0.29 1.63
53 212.0 153.0 136.0 35.0 2.34 -0.5 -1.16 0.74 -0.43 0.85
54 265.0 155.0 139.0 34.0 2.35 -0.4 -1.17 -0.18 -0.95 0.58
55 242.0 144.0 127.0 31.0 2.3 -0.33 -1.08 -1.11 -1.04 0.05
56 203.0 134.0 117.0 34.0 2.23 -0.31 -1.02 -1.22 -1.29 -0.2
57 220.0 136.0 127.0 31.0 2.07 -0.35 -0.88 -1.27 -1.65 -1.03
58 261.0 126.0 120.0 30.0 1.79 -0.36 -0.67 -1.31 -2.31 -1.99
59 264.0 123.0 121.0 28.0 1.64 -0.37 -0.58 -1.53 -2.55 -2.11
60 273.0 114.0 126.0 27.0 1.41 -0.49 -0.4 -1.49 -2.88 -2.29
61 247.0 114.0 116.0 30.0 1.27 -0.54 -0.33 -1.27 -3.33 -2.33
62 218.0 115.0 115.0 28.0 1.01 -0.54 -0.22 -1.23 -3.43 -2.37
63 227.0 111.0 112.0 28.0 0.79 -0.44 -0.15 -0.87 -3.22 -2.7
64 247.0 110.0 112.0 26.0 0.65 -0.38 -0.1 -0.99 -3.18 -2.9
65 209.0 104.0 120.0 27.0 0.49 -0.35 -0.07 -0.88 -2.92 -2.76
66 213.0 105.0 123.0 38.0 0.33 -0.35 -0.05 -0.89 -2.56 -2.55
67 188.0 119.0 111.0 35.0 0.22 -0.31 -0.05 -1.1 -2.02 -2.34
68 183.0 118.0 101.0 35.0 0.06 -0.29 -0.04 -1.03 -1.79 -2.34
69 167.0 120.0 102.0 34.0 -0.11 -0.29 0.04 -0.54 -1.41 -2.24
70 153.0 127.0 95.0 32.0 -0.19 -0.29 0.11 -0.13 -1.31 -1.71
71 182.0 137.0 92.0 41.0 -0.33 -0.27 0.21 0.03 -1.27 -1.38
72 223.0 148.0 88.0 44.0 -0.4 -0.22 0.2 0.83 -1.0 -0.64
73 240.0 150.0 83.0 40.0 -0.41 -0.21 0.17 1.2 -0.79 -0.51
74 231.0 147.0 78.0 58.0 -0.41 -0.2 0.08 1.76 -0.64 -0.49
75 227.0 173.0 78.0 93.0 -0.38 -0.19 -0.07 2.25 -0.58 -0.33
76 356.0 171.0 77.0 77.0 -0.35 -0.21 -0.17 3.47 -0.7 -0.63
77 374.0 177.0 84.0 65.0 -0.28 -0.18 -0.43 3.46 -0.82 -0.78
78 351.0 179.0 82.0 57.0 -0.17 -0.15 -0.75 3.38 -1.34 -0.65
79 343.0 167.0 90.0 50.0 -0.08 -0.18 -0.95 3.06 -1.47 1.15
80 347.0 174.0 85.0 48.0 0.1 -0.22 -1.34 2.43 -1.43 1.8
81 371.0 167.0 87.0 48.0 0.22 -0.26 -1.74 2.56 -1.01 0.55
82 369.0 155.0 106.0 57.0 0.22 -0.24 -1.91 1.41 -0.92 -0.41
83 328.0 152.0 115.0 50.0 0.27 -0.22 -2.17 1.16 -0.79 -0.58
84 322.0 141.0 115.0 45.0 0.29 -0.4 -2.28 0.24 -0.48 -0.14
85 305.0 142.0 122.0 45.0 0.26 -0.48 -2.3 -1.02 -0.52 0.37
86 251.0 131.0 116.0 48.0 0.11 -0.56 -2.3 -1.14 -0.59 0.4
87 253.0 134.0 116.0 47.0 -0.08 -0.52 -2.16 -1.37 -0.9 0.19
88 243.0 125.0 137.0 42.0 -0.13 -0.51 -2.07 -2.18 -0.95 0.25
89 257.0 129.0 130.0 44.0 -0.15 -0.58 -1.83 -2.32 -0.76 0.43
90 275.0 130.0 134.0 50.0 -0.18 -0.7 -1.56 -2.76 -0.41 0.88
91 237.0 124.0 131.0 47.0 -0.2 -0.74 -1.42 -2.5 -0.34 0.69
92 288.0 130.0 120.0 42.0 -0.15 -0.75 -1.13 -2.49 -0.1 0.68
93 258.0 133.0 121.0 39.0 -0.21 -0.69 -0.87 -2.73 0.0 0.41
94 277.0 126.0 117.0 36.0 -0.17 -0.67 -0.78 -2.8 0.12 0.37
95 302.0 126.0 118.0 35.0 -0.1 -0.62 -0.55 -2.73 0.34 0.13
96 312.0 126.0 116.0 33.0 -0.16 -0.58 -0.27 -2.64 0.48 -0.16
97 324.0 123.0 112.0 32.0 -0.17 -0.57 -0.14 -2.63 0.48 -0.29
98 262.0 123.0 106.0 32.0 -0.19 -0.52 0.09 -2.21 0.7 -0.24
99 233.0 125.0 105.0 32.0 -0.2 -0.45 0.27 -1.72 0.56 -0.36
100 245.0 129.0 113.0 31.0 -0.21 -0.42 0.33 -1.49 0.46 -0.42
101 263.0 120.0 126.0 30.0 -0.22 -0.36 0.42 -1.33 0.41 -0.45
102 271.0 124.0 119.0 38.0 -0.21 -0.3 0.46 -0.99 0.33 -0.26
103 239.0 117.0 116.0 37.0 -0.2 -0.25 0.46 -0.97 0.23 -0.24
104 245.0 121.0 127.0 35.0 -0.19 -0.13 0.45 -0.93 -0.05 -0.43
105 246.0 117.0 121.0 32.0 -0.18 -0.05 0.45 -1.07 -0.32 -0.64
106 217.0 113.0 113.0 35.0 -0.15 -0.04 0.45 -1.03 -0.4 -0.73
107 264.0 112.0 121.0 33.0 -0.12 -0.02 0.47 -1.1 -0.78 -0.89
108 225.0 110.0 128.0 33.0 -0.16 0.03 0.5 -1.09 -1.16 -1.04
109 188.0 110.0 121.0 31.0 -0.23 0.08 0.56 -1.14 -1.64 -1.22
110 170.0 108.0 111.0 30.0 -0.26 0.09 0.59 -1.3 -1.9 -1.5
111 282.0 110.0 102.0 29.0 -0.35 0.12 0.64 -1.48 -2.43 -1.96
112 235.0 107.0 112.0 28.0 -0.5 0.16 0.74 -1.53 -2.55 -2.0
113 238.0 110.0 110.0 30.0 -0.59 0.19 0.8 -1.49 -2.7 -2.67
114 209.0 111.0 104.0 34.0 -0.87 0.22 0.92 -1.21 -2.4 -2.98
115 205.0 109.0 101.0 34.0 -1.01 0.26 0.95 -1.24 -2.11 -3.04
116 173.0 105.0 94.0 40.0 -1.31 0.39 1.01 -0.48 -1.48 -2.74
117 163.0 111.0 87.0 39.0 -1.61 0.52 1.01 -0.42 -1.48 -2.45
118 158.0 133.0 81.0 53.0 -1.72 0.52 0.98 -0.26 -1.69 -1.95
119 146.0 127.0 82.0 47.0 -1.86 0.52 0.91 -0.06 -1.29 -1.4
120 137.0 123.0 79.0 50.0 -1.95 0.61 0.83 0.01 -0.69 -0.53
121 127.0 128.0 86.0 71.0 -1.98 0.63 0.8 0.0 -0.16 -0.16
122 122.0 131.0 86.0 76.0 -2.02 0.67 0.76 0.35 0.27 0.51
123 119.0 123.0 80.0 75.0 -2.05 0.74 0.72 1.03 0.43 2.11
124 147.0 129.0 78.0 67.0 -1.99 0.75 0.65 0.8 0.35 2.57
125 134.0 137.0 73.0 69.0 -1.82 0.67 0.45 1.3 0.5 3.05
126 179.0 137.0 83.0 61.0 -1.28 0.38 0.45 0.95 0.73 3.28
127 174.0 130.0 82.0 57.0 -1.17 0.37 0.38 1.43 0.92 3.22
128 159.0 124.0 79.0 50.0 -1.0 0.42 0.27 1.32 1.7 3.35
129 156.0 130.0 80.0 54.0 -0.53 0.18 0.23 1.79 2.7 3.28
130 134.0 122.0 81.0 47.0 -0.64 0.18 0.17 1.31 1.45 3.02
131 145.0 116.0 87.0 42.0 -0.38 0.09 0.08 1.41 1.47 2.62
132 128.0 111.0 89.0 38.0 -0.25 0.05 0.06 1.09 1.28 2.19
133 122.0 113.0 88.0 39.0 -0.17 -0.01 0.07 1.14 1.53 2.12
134 123.0 119.0 83.0 37.0 -0.09 -0.06 0.06 0.79 1.12 1.71
135 126.0 120.0 81.0 35.0 -0.07 -0.07 0.09 0.52 0.85 1.29
136 110.0 115.0 92.0 33.0 -0.02 -0.06 0.1 0.42 0.6 1.09
137 102.0 110.0 91.0 31.0 0.05 -0.06 0.14 -0.06 0.35 0.44
138 95.0 108.0 85.0 30.0 0.09 -0.11 0.2 -0.29 0.27 0.28
139 85.0 105.0 85.0 34.0 0.1 -0.13 0.23 -0.42 0.23 -0.02
140 83.0 107.0 78.0 37.0 0.07 -0.1 0.29 -0.38 0.14 -0.29
141 77.0 112.0 76.0 35.0 0.02 -0.04 0.33 -0.46 -0.01 -0.63
142 84.0 109.0 73.0 33.0 0.01 -0.0 0.33 -0.44 0.0 -0.65
143 72.0 104.0 75.0 31.0 0.01 0.01 0.33 -0.65 -0.05 -0.7
144 68.0 128.0 75.0 33.0 0.04 0.02 0.33 -0.64 0.09 -0.94
145 82.0 134.0 70.0 32.0 0.05 0.04 0.33 -0.6 0.1 -1.03
146 73.0 184.0 65.0 30.0 0.04 0.08 0.36 -0.31 0.26 -1.01
147 70.0 179.0 63.0 32.0 0.01 0.15 0.37 -0.33 0.33 -0.8
148 67.0 180.0 61.0 30.0 -0.01 0.2 0.36 -0.15 0.29 -0.78
149 58.0 205.0 60.0 28.0 -0.04 0.31 0.37 -0.17 0.25 -0.62
150 55.0 221.0 58.0 28.0 -0.03 0.43 0.38 -0.31 0.23 -0.54
151 46.0 198.0 57.0 27.0 -0.04 0.47 0.38 -0.2 0.15 -0.49
152 39.0 169.0 56.0 26.0 -0.04 0.57 0.38 -0.01 0.07 -0.61
153 35.0 153.0 59.0 26.0 -0.06 0.65 0.36 0.41 0.16 -0.81
154 31.0 140.0 58.0 26.0 -0.08 0.75 0.34 0.65 0.18 -1.01
155 27.0 131.0 59.0 25.0 -0.14 1.03 0.31 0.74 0.22 -1.44
156 25.0 118.0 60.0 25.0 -0.25 1.36 0.27 1.04 0.23 -1.65
157 23.0 112.0 62.0 24.0 -0.34 1.52 0.25 1.04 0.1 -2.03
158 22.0 111.0 64.0 33.0 -0.54 1.81 0.22 1.08 0.12 -2.46
159 21.0 112.0 62.0 31.0 -0.87 1.99 0.17 0.12 -0.28 -1.81
160 20.0 109.0 62.0 30.0 -1.09 2.02 0.13 -0.21 -0.64 -1.53
161 19.0 113.0 63.0 28.0 -1.19 1.44 -0.27 -6.11 -2.44 9.37
162 19.0 107.0 62.0 27.0 -0.29 1.34 -0.13 4.45 2.05 -2.17
163 18.0 97.0 63.0 26.0 0.0 0.71 -0.35 -1.37 -1.48 -4.51
164 18.0 92.0 70.0 26.0 0.75 0.03 -0.26 -1.95 -0.5 0.11
165 19.0 90.0 69.0 26.0 0.6 0.15 -0.3 -0.84 0.25 0.68
166 19.0 93.0 68.0 26.0 0.47 0.06 -0.25 -0.29 -0.08 0.86
167 19.0 89.0 67.0 25.0 0.16 -0.36 -0.12 -0.14 -0.22 -0.09
168 19.0 88.0 69.0 25.0 0.12 -0.66 -0.02 0.32 -0.63 -0.19
169 19.0 86.0 68.0 24.0 0.17 -0.54 -0.09 0.83 -0.27 -0.23
170 18.0 84.0 67.0 25.0 0.17 -0.31 -0.16 0.87 -0.17 -0.02
171 18.0 82.0 69.0 24.0 0.13 -0.1 -0.18 0.31 0.0 0.07
172 18.0 82.0 67.0 24.0 0.09 -0.06 -0.19 0.04 0.04 -0.03
173 18.0 82.0 67.0 24.0 0.05 -0.12 -0.16 -0.08 0.19 -0.01
174 19.0 79.0 70.0 24.0 0.05 -0.15 -0.11 0.03 0.26 -0.01
175 17.0 76.0 68.0 24.0 0.04 -0.15 -0.08 0.09 0.22 -0.02
176 17.0 74.0 72.0 23.0 0.03 -0.12 0.0 0.05 0.2 0.08
177 17.0 74.0 70.0 23.0 -0.01 -0.16 0.06 0.04 0.15 0.0
178 16.0 73.0 68.0 23.0 -0.02 -0.14 0.07 0.12 0.11 -0.01
179 16.0 74.0 69.0 24.0 -0.03 -0.1 0.08 0.14 0.02 -0.03
180 19.0 76.0 66.0 24.0 -0.04 -0.07 0.08 0.0 -0.02 -0.05
181 19.0 74.0 73.0 23.0 -0.05 -0.08 0.08 -0.1 -0.05 -0.05
182 18.0 72.0 70.0 24.0 -0.05 -0.1 0.06 -0.14 -0.07 -0.04
183 18.0 73.0 67.0 24.0 -0.04 -0.09 0.05 -0.13 -0.02 -0.07
184 17.0 72.0 74.0 24.0 -0.03 -0.1 0.05 -0.17 0.0 -0.07
185 13.0 72.0 80.0 24.0 -0.03 -0.1 0.04 -0.06 0.02 -0.05
186 16.0 72.0 83.0 27.0 -0.02 -0.13 0.04 -0.02 0.06 -0.01
187 16.0 74.0 78.0 26.0 -0.02 -0.13 0.04 -0.11 0.07 0.0
188 17.0 76.0 73.0 26.0 -0.02 -0.15 0.04 -0.1 0.09 -0.06
189 17.0 76.0 71.0 26.0 -0.02 -0.16 0.04 0.02 0.03 -0.03
190 17.0 78.0 70.0 26.0 -0.02 -0.16 0.04 0.1 0.02 -0.03
191 38.0 79.0 71.0 25.0 -0.03 -0.16 0.05 0.02 -0.02 -0.09
192 41.0 78.0 72.0 25.0 -0.03 -0.15 0.05 0.05 -0.03 -0.03
