1 16.0 69.0 50.0 23.0 -0.04 -0.05 0.03 0.19 0.01 -0.17
2 15.0 68.0 50.0 23.0 -0.03 -0.02 0.03 0.1 0.03 -0.17
3 16.0 69.0 49.0 23.0 -0.03 -0.02 0.02 0.0 0.02 -0.17
4 16.0 68.0 49.0 23.0 -0.02 -0.02 0.02 -0.01 0.02 -0.18
5 16.0 68.0 49.0 24.0 -0.01 -0.04 0.01 0.04 0.03 -0.19
6 16.0 68.0 48.0 23.0 0.0 -0.04 -0.0 0.04 0.03 -0.19
7 16.0 67.0 48.0 24.0 0.01 -0.04 -0.01 0.05 0.06 -0.19
8 16.0 67.0 48.0 23.0 0.02 -0.05 -0.02 0.01 0.05 -0.18
9 16.0 67.0 48.0 23.0 0.02 -0.04 -0.02 0.0 0.05 -0.19
10 16.0 67.0 48.0 23.0 0.02 -0.07 -0.02 0.0 0.01 -0.18
11 17.0 68.0 48.0 23.0 0.0 -0.12 -0.01 0.03 0.02 -0.16
12 20.0 73.0 48.0 24.0 -0.01 -0.15 0.0 0.14 0.0 -0.19
13 25.0 79.0 50.0 25.0 -0.02 -0.2 0.03 0.12 0.0 -0.17
14 39.0 83.0 50.0 25.0 -0.05 -0.23 0.05 -0.02 0.1 -0.09
15 79.0 92.0 50.0 26.0 -0.07 -0.26 0.06 -0.34 0.24 -0.09
16 92.0 98.0 50.0 30.0 -0.15 -0.37 0.06 -0.5 0.22 -0.05
17 87.0 100.0 52.0 30.0 -0.27 -0.5 0.12 0.45 0.24 0.16
18 93.0 123.0 52.0 30.0 -0.32 -0.52 0.17 0.74 0.33 0.15
19 103.0 123.0 53.0 42.0 -0.54 -0.9 0.35 0.6 -0.13 0.55
20 101.0 117.0 53.0 64.0 -0.55 -1.23 0.26 0.55 -0.59 0.82
21 107.0 135.0 55.0 63.0 -0.4 -1.12 0.1 -6.49 -0.68 2.96
22 95.0 158.0 55.0 54.0 -0.94 -0.55 -0.63 -1.69 -1.31 3.33
23 89.0 153.0 58.0 48.0 -0.82 -1.14 0.14 0.13 0.2 3.29
24 88.0 152.0 67.0 42.0 -0.48 -1.39 0.11 -0.11 -0.95 3.49
25 87.0 140.0 67.0 38.0 0.18 -1.48 0.06 2.41 1.75 2.98
26 82.0 133.0 87.0 35.0 0.58 -1.15 -0.13 1.68 1.15 3.72
27 76.0 125.0 93.0 33.0 0.81 -0.95 -0.18 0.89 0.96 4.33
28 89.0 116.0 89.0 31.0 1.25 -0.68 -0.3 0.72 1.05 4.19
29 103.0 130.0 86.0 29.0 1.62 -0.52 -0.39 0.36 1.18 3.35
30 91.0 122.0 89.0 28.0 1.76 -0.46 -0.44 0.03 1.29 2.54
31 82.0 126.0 90.0 27.0 1.86 -0.67 -0.47 0.13 0.97 2.35
32 97.0 127.0 107.0 26.0 1.94 -0.67 -0.51 -0.02 0.71 1.75
33 115.0 143.0 99.0 26.0 1.98 -0.71 -0.51 0.31 0.45 0.77
34 174.0 140.0 98.0 26.0 2.09 -0.78 -0.48 0.3 0.58 0.6
35 148.0 134.0 96.0 25.0 2.16 -0.9 -0.45 -0.08 0.31 -0.05
36 177.0 133.0 97.0 24.0 2.18 -0.98 -0.42 0.02 0.15 0.1
37 152.0 155.0 88.0 25.0 2.22 -1.1 -0.38 -0.24 0.19 -0.2
38 181.0 191.0 86.0 24.0 2.11 -1.11 -0.37 -0.2 -0.27 -0.34
39 181.0 194.0 89.0 24.0 2.08 -1.14 -0.34 -0.01 -0.83 -1.23
40 206.0 173.0 89.0 24.0 1.98 -1.07 -0.34 -0.33 -1.12 -1.34
41 218.0 159.0 97.0 24.0 2.0 -1.05 -0.36 -0.52 -1.47 -1.45
42 263.0 149.0 100.0 25.0 1.91 -1.01 -0.35 -0.96 -1.95 -1.78
43 268.0 137.0 100.0 24.0 1.82 -1.0 -0.4 -1.16 -2.12 -1.99
44 228.0 130.0 97.0 24.0 1.64 -0.97 -0.36 -1.12 -2.45 -2.92
45 246.0 127.0 98.0 24.0 1.56 -0.93 -0.34 -1.09 -2.53 -3.17
46 254.0 125.0 112.0 23.0 1.32 -0.77 -0.27 -1.32 -2.57 -3.29
47 248.0 129.0 106.0 23.0 1.08 -0.66 -0.17 -1.3 -2.51 -3.42
48 217.0 126.0 101.0 24.0 0.95 -0.61 -0.12 -1.0 -2.49 -3.39
49 177.0 119.0 99.0 25.0 0.67 -0.52 -0.07 -0.93 -2.9 -3.45
50 178.0 115.0 96.0 28.0 0.59 -0.45 -0.06 -0.46 -2.34 -2.89
51 270.0 114.0 104.0 27.0 0.44 -0.41 -0.05 0.12 -2.32 -2.73
52 244.0 129.0 96.0 26.0 0.16 -0.33 -0.1 0.44 -2.33 -2.59
53 240.0 127.0 96.0 26.0 0.05 -0.24 -0.18 0.92 -2.18 -2.31
54 199.0 128.0 92.0 25.0 0.01 -0.2 -0.23 1.14 -2.1 -2.2
55 227.0 121.0 89.0 25.0 -0.04 -0.16 -0.36 1.66 -2.02 -1.99
56 298.0 120.0 89.0 25.0 -0.11 -0.07 -0.53 2.55 -1.85 -1.71
57 311.0 123.0 91.0 25.0 -0.12 -0.04 -0.63 3.17 -1.64 -1.32
58 278.0 117.0 91.0 24.0 -0.15 0.04 -0.88 3.38 -1.51 -0.95
59 254.0 111.0 103.0 24.0 -0.17 0.04 -1.23 3.61 -1.72 -0.66
60 240.0 108.0 96.0 24.0 -0.15 0.01 -1.43 3.69 -1.72 -0.57
61 300.0 107.0 90.0 24.0 -0.08 -0.08 -1.85 3.46 -1.96 -0.12
62 293.0 111.0 86.0 25.0 -0.04 -0.14 -2.22 3.14 -1.93 -0.24
63 268.0 119.0 86.0 25.0 -0.05 -0.17 -2.39 2.34 -1.58 -0.34
64 288.0 121.0 87.0 30.0 -0.08 -0.24 -2.7 1.61 -1.4 -0.64
65 256.0 138.0 91.0 29.0 -0.14 -0.34 -2.89 0.36 -1.28 -0.45
66 224.0 138.0 106.0 31.0 -0.2 -0.41 -2.95 -0.11 -1.34 -0.15
67 297.0 136.0 105.0 29.0 -0.23 -0.44 -2.94 -2.08 -1.43 0.58
68 296.0 127.0 100.0 28.0 -0.24 -0.67 -2.72 -3.24 -1.18 0.7
69 256.0 154.0 96.0 28.0 -0.26 -0.73 -2.57 -3.44 -1.08 0.68
70 291.0 151.0 103.0 28.0 -0.29 -0.67 -2.17 -3.85 -0.87 0.53
71 304.0 142.0 115.0 27.0 -0.33 -0.57 -1.64 -4.27 -0.72 0.13
72 302.0 136.0 120.0 27.0 -0.32 -0.56 -1.39 -4.52 -0.51 0.14
73 360.0 153.0 116.0 31.0 -0.29 -0.56 -0.93 -4.81 -0.04 0.39
74 375.0 169.0 109.0 34.0 -0.34 -0.54 -0.55 -4.65 0.39 0.11
75 375.0 167.0 117.0 32.0 -0.36 -0.53 -0.35 -4.36 0.45 -0.1
76 320.0 157.0 124.0 33.0 -0.38 -0.5 0.03 -3.71 0.53 -0.55
77 289.0 151.0 122.0 31.0 -0.41 -0.45 0.34 -3.07 0.41 -0.44
78 326.0 157.0 114.0 29.0 -0.43 -0.45 0.48 -2.85 0.38 -0.32
79 349.0 147.0 111.0 29.0 -0.41 -0.42 0.67 -2.2 0.4 -0.11
80 299.0 153.0 105.0 28.0 -0.38 -0.32 0.74 -1.89 0.42 -0.05
81 261.0 142.0 107.0 33.0 -0.38 -0.28 0.76 -1.44 0.23 0.06
82 273.0 142.0 122.0 34.0 -0.32 -0.24 0.75 -1.1 -0.07 -0.14
83 286.0 138.0 118.0 34.0 -0.24 -0.21 0.73 -0.55 -0.25 -0.11
84 243.0 135.0 115.0 32.0 -0.21 -0.19 0.71 -0.43 -0.27 -0.16
85 236.0 126.0 121.0 31.0 -0.14 -0.13 0.65 -0.15 -0.25 -0.35
86 215.0 121.0 121.0 31.0 -0.1 -0.09 0.57 -0.05 -0.31 -0.38
87 245.0 118.0 113.0 30.0 -0.12 -0.05 0.53 -0.13 -0.36 -0.39
88 209.0 117.0 107.0 30.0 -0.14 -0.01 0.49 -0.32 -0.73 -0.63
89 208.0 115.0 113.0 29.0 -0.17 -0.0 0.49 -0.43 -0.99 -0.72
90 231.0 115.0 128.0 29.0 -0.18 -0.0 0.5 -0.46 -1.17 -0.78
91 206.0 117.0 121.0 29.0 -0.24 0.03 0.55 -0.37 -1.69 -0.91
92 187.0 112.0 120.0 30.0 -0.35 0.13 0.58 -0.63 -2.46 -0.99
93 163.0 111.0 120.0 30.0 -0.4 0.17 0.61 -1.07 -3.26 -1.3
94 156.0 113.0 112.0 30.0 -0.54 0.19 0.68 -1.61 -3.91 -1.96
95 134.0 108.0 127.0 35.0 -0.72 0.17 0.85 -1.67 -4.03 -2.84
96 120.0 106.0 120.0 35.0 -0.84 0.18 0.96 -1.5 -3.73 -3.01
97 135.0 103.0 121.0 36.0 -1.19 0.25 1.16 -0.74 -2.42 -2.93
98 123.0 101.0 124.0 42.0 -1.56 0.45 1.25 0.1 -1.43 -2.16
99 140.0 101.0 117.0 38.0 -1.75 0.6 1.24 0.15 -0.85 -1.75
100 150.0 113.0 112.0 47.0 -2.05 0.76 1.09 0.1 0.75 -0.41
101 132.0 110.0 102.0 44.0 -2.28 0.69 0.91 0.59 1.64 0.19
102 133.0 113.0 100.0 56.0 -2.33 0.64 0.85 0.94 1.66 0.96
103 179.0 111.0 102.0 55.0 -2.22 0.67 0.75 1.84 2.01 1.91
104 209.0 145.0 97.0 95.0 -2.05 0.78 0.58 1.22 2.02 2.55
105 266.0 139.0 89.0 89.0 -1.9 0.71 0.47 0.77 1.94 2.67
106 241.0 135.0 87.0 81.0 -1.41 0.29 0.33 0.58 2.02 2.82
107 198.0 135.0 96.0 72.0 -0.94 0.08 0.25 0.86 1.82 3.11
108 181.0 129.0 106.0 64.0 -0.68 -0.01 0.2 0.72 1.98 2.95
109 178.0 127.0 95.0 57.0 -0.38 -0.09 0.17 0.22 1.68 2.71
110 238.0 124.0 88.0 51.0 -0.14 -0.12 0.2 -0.27 1.61 2.12
111 205.0 131.0 81.0 47.0 -0.05 -0.14 0.23 0.0 1.53 1.24
112 167.0 141.0 77.0 51.0 -0.02 -0.1 0.27 0.23 1.37 0.31
113 140.0 148.0 73.0 51.0 -0.03 -0.04 0.28 0.14 1.09 -0.57
114 125.0 138.0 70.0 45.0 -0.04 -0.03 0.28 0.08 1.02 -0.89
115 101.0 127.0 66.0 41.0 -0.08 -0.0 0.27 0.0 0.9 -1.28
116 84.0 130.0 65.0 39.0 -0.11 0.06 0.29 -0.5 0.48 -1.24
117 71.0 139.0 63.0 36.0 -0.1 0.1 0.31 -0.75 0.44 -1.06
118 63.0 146.0 60.0 40.0 -0.11 0.19 0.37 -1.23 0.39 -0.78
119 55.0 184.0 59.0 37.0 -0.15 0.35 0.47 -1.21 0.45 -0.79
120 47.0 177.0 58.0 43.0 -0.17 0.48 0.53 -1.33 0.47 -0.79
121 50.0 182.0 56.0 48.0 -0.24 0.86 0.69 -1.22 0.53 -0.92
122 47.0 226.0 54.0 42.0 -0.29 1.32 0.85 -0.83 0.63 -1.13
123 44.0 202.0 53.0 39.0 -0.31 1.57 0.93 -0.88 0.7 -1.16
124 40.0 191.0 57.0 39.0 -0.33 1.98 1.02 -0.71 0.92 -1.25
125 36.0 176.0 56.0 35.0 -0.4 2.09 1.04 -0.36 1.23 -0.5
126 35.0 165.0 55.0 33.0 -0.47 2.01 1.04 -0.17 1.13 -0.1
127 38.0 149.0 54.0 31.0 -0.54 1.73 1.0 0.73 0.86 0.2
128 36.0 156.0 56.0 30.0 -0.58 1.41 0.92 0.51 0.81 -0.3
129 41.0 138.0 59.0 31.0 -0.47 1.16 0.99 0.24 0.31 -0.37
130 39.0 130.0 59.0 29.0 -0.32 0.93 0.65 0.16 0.69 -0.67
131 36.0 134.0 61.0 32.0 -0.35 0.79 0.44 0.3 0.22 -0.1
132 33.0 131.0 59.0 32.0 -0.35 0.76 0.35 0.64 0.07 0.35
133 37.0 125.0 60.0 30.0 -0.4 0.66 0.23 0.0 -0.18 0.68
134 51.0 120.0 60.0 29.0 -0.3 0.57 0.13 -0.41 -0.35 0.21
135 49.0 117.0 63.0 28.0 -0.27 0.55 0.08 -0.57 -0.35 -0.07
136 44.0 115.0 63.0 26.0 -0.18 0.53 -0.0 -0.53 -0.43 -0.52
137 42.0 113.0 67.0 26.0 -0.14 0.47 -0.06 -0.92 -1.14 -0.32
138 40.0 113.0 65.0 25.0 0.09 0.1 -0.22 -2.97 -2.74 0.51
139 42.0 114.0 67.0 25.0 0.57 -0.79 -0.37 0.73 -1.55 4.11
140 42.0 112.0 68.0 24.0 0.63 -0.41 -0.37 1.95 -1.85 3.43
141 40.0 107.0 69.0 24.0 0.6 -0.09 -0.38 1.8 -1.48 0.0
142 42.0 105.0 71.0 24.0 0.62 0.37 -0.5 0.23 -1.28 -1.41
143 43.0 105.0 75.0 24.0 0.77 0.6 -0.59 -1.05 -0.65 -0.88
144 46.0 103.0 91.0 24.0 0.82 0.64 -0.6 -1.27 -0.3 -0.43
145 50.0 102.0 94.0 23.0 0.61 0.39 -0.48 -0.87 -0.01 0.09
146 77.0 102.0 104.0 23.0 0.31 -0.04 -0.23 0.62 0.3 0.34
147 76.0 98.0 103.0 23.0 0.2 -0.15 -0.12 1.19 0.41 0.3
148 63.0 96.0 97.0 23.0 0.04 -0.07 0.06 1.84 0.74 0.87
149 61.0 94.0 95.0 23.0 -0.1 0.2 0.18 1.54 0.97 0.57
150 54.0 95.0 88.0 23.0 -0.15 0.32 0.21 1.25 1.05 0.45
151 51.0 93.0 93.0 23.0 -0.23 0.54 0.23 0.03 0.88 0.16
152 44.0 93.0 85.0 23.0 -0.28 0.57 0.2 -0.53 0.58 -0.06
153 40.0 91.0 83.0 23.0 -0.29 0.51 0.19 -0.9 0.32 -0.25
154 36.0 92.0 79.0 24.0 -0.29 0.31 0.14 -0.85 0.28 -0.51
155 32.0 90.0 86.0 24.0 -0.25 0.2 0.15 -0.99 -0.37 -0.61
156 29.0 89.0 85.0 23.0 -0.18 0.02 0.09 -0.64 -0.1 -0.61
