1 40.0 75.0 67.0 23.0 -0.09 -0.07 0.11 -0.21 0.04 -0.25
2 62.0 76.0 71.0 23.0 -0.06 -0.08 0.08 -0.13 0.08 -0.27
3 56.0 74.0 70.0 24.0 -0.04 -0.08 0.06 -0.15 0.1 -0.18
4 50.0 74.0 73.0 24.0 -0.01 -0.06 0.03 -0.16 0.1 -0.21
5 44.0 74.0 72.0 23.0 0.02 -0.04 -0.01 -0.18 0.06 -0.28
6 41.0 73.0 72.0 24.0 0.03 -0.03 -0.03 -0.12 0.04 -0.27
7 37.0 73.0 78.0 24.0 0.06 -0.03 -0.05 -0.14 0.05 -0.25
8 33.0 72.0 74.0 23.0 0.07 -0.03 -0.07 -0.05 0.05 -0.2
9 59.0 74.0 79.0 23.0 0.08 -0.02 -0.07 0.01 0.09 -0.18
10 54.0 73.0 76.0 23.0 0.07 -0.03 -0.05 0.07 0.1 -0.17
11 47.0 73.0 76.0 24.0 0.06 -0.03 -0.04 0.09 0.09 -0.14
12 41.0 72.0 74.0 23.0 0.05 -0.02 -0.03 0.09 0.07 -0.11
13 40.0 71.0 72.0 24.0 0.02 0.0 -0.01 0.04 0.08 -0.11
14 37.0 69.0 76.0 23.0 -0.01 -0.0 0.01 0.0 0.07 -0.18
15 32.0 69.0 72.0 24.0 -0.02 -0.01 0.02 -0.02 0.07 -0.21
16 31.0 68.0 69.0 24.0 -0.04 -0.04 0.04 0.0 0.04 -0.2
17 33.0 69.0 66.0 24.0 -0.06 -0.07 0.05 -0.05 0.08 -0.05
18 36.0 69.0 65.0 24.0 -0.06 -0.07 0.05 -0.1 0.1 -0.03
19 36.0 71.0 66.0 23.0 -0.08 -0.1 0.06 -0.13 0.09 0.0
20 73.0 74.0 62.0 23.0 -0.1 -0.15 0.07 0.05 0.1 -0.03
21 63.0 76.0 62.0 25.0 -0.1 -0.16 0.08 -0.14 0.2 -0.06
22 64.0 75.0 62.0 28.0 -0.13 -0.17 0.08 -0.26 0.23 0.01
23 74.0 80.0 61.0 40.0 -0.2 -0.25 0.09 -0.16 0.19 0.12
24 93.0 90.0 60.0 46.0 -0.23 -0.32 0.1 -0.24 0.36 0.39
25 86.0 93.0 61.0 48.0 -0.39 -0.6 0.16 -0.28 0.46 0.52
26 77.0 95.0 59.0 49.0 -0.74 -0.99 0.28 -0.27 0.64 0.89
27 72.0 97.0 59.0 42.0 -0.95 -1.22 0.35 -0.72 0.41 1.29
28 73.0 99.0 59.0 47.0 -0.95 -1.15 0.41 -1.06 0.55 1.5
29 84.0 121.0 62.0 43.0 -0.56 -1.16 0.39 -0.75 0.94 1.96
30 132.0 141.0 65.0 41.0 -0.46 -1.27 0.4 -0.7 0.86 1.7
31 146.0 133.0 66.0 38.0 -0.34 -1.67 0.37 -0.93 0.94 1.37
32 128.0 123.0 74.0 35.0 0.02 -2.18 0.28 -1.05 1.81 1.46
33 112.0 111.0 82.0 36.0 0.39 -2.4 0.29 0.3 1.89 1.87
34 131.0 121.0 93.0 34.0 0.72 -2.4 0.29 0.83 3.17 1.79
35 139.0 125.0 98.0 31.0 0.92 -1.56 0.32 2.32 2.21 4.62
36 152.0 128.0 96.0 30.0 1.0 -0.98 0.28 0.78 2.37 4.5
37 132.0 122.0 101.0 30.0 1.18 -0.72 0.15 0.82 2.14 4.34
38 153.0 122.0 101.0 28.0 1.42 -0.74 0.02 0.41 1.98 3.33
39 157.0 117.0 101.0 28.0 1.58 -0.81 -0.09 0.79 1.86 2.4
40 199.0 118.0 107.0 27.0 1.73 -0.83 -0.21 0.67 1.6 2.13
41 171.0 133.0 112.0 26.0 1.81 -0.78 -0.26 0.62 1.09 1.41
42 185.0 145.0 109.0 28.0 1.86 -0.75 -0.3 0.84 0.52 0.89
43 246.0 191.0 102.0 27.0 1.89 -0.66 -0.33 0.78 0.27 0.66
44 212.0 227.0 99.0 27.0 1.86 -0.56 -0.39 0.46 -0.59 -0.34
45 197.0 243.0 98.0 26.0 1.86 -0.56 -0.43 0.03 -0.91 -0.64
46 227.0 231.0 107.0 25.0 1.87 -0.62 -0.48 -0.09 -1.48 -1.37
47 213.0 208.0 101.0 25.0 1.91 -0.64 -0.55 -0.41 -1.9 -1.16
48 232.0 195.0 105.0 25.0 1.92 -0.62 -0.54 -0.75 -2.1 -0.9
49 264.0 221.0 103.0 25.0 1.81 -0.55 -0.47 -1.63 -2.41 -0.87
50 245.0 199.0 104.0 27.0 1.68 -0.54 -0.39 -1.93 -2.53 -2.04
51 212.0 176.0 103.0 28.0 1.6 -0.55 -0.33 -2.01 -2.6 -2.37
52 260.0 160.0 110.0 28.0 1.47 -0.64 -0.23 -1.89 -2.7 -2.79
53 299.0 157.0 108.0 27.0 1.23 -0.63 -0.16 -1.7 -2.78 -2.82
54 267.0 146.0 104.0 27.0 1.15 -0.62 -0.11 -1.62 -2.4 -2.76
55 262.0 151.0 103.0 26.0 0.82 -0.5 -0.04 -1.7 -2.41 -2.8
56 259.0 144.0 106.0 27.0 0.53 -0.37 -0.03 -1.61 -2.22 -2.73
57 274.0 138.0 109.0 27.0 0.43 -0.35 0.02 -1.47 -2.17 -2.67
58 224.0 138.0 103.0 29.0 0.27 -0.3 0.12 -0.87 -1.72 -2.61
59 189.0 130.0 103.0 29.0 0.08 -0.19 0.21 -0.6 -1.62 -2.31
60 198.0 137.0 96.0 29.0 0.02 -0.15 0.25 -0.3 -1.28 -1.78
61 176.0 132.0 95.0 26.0 -0.11 -0.04 0.3 0.04 -1.05 -1.49
62 239.0 133.0 91.0 31.0 -0.21 0.05 0.31 1.06 -0.85 -1.12
63 210.0 137.0 87.0 30.0 -0.26 0.08 0.29 1.53 -0.87 -1.04
64 195.0 131.0 84.0 28.0 -0.31 0.16 0.19 2.42 -0.95 -0.99
65 214.0 125.0 82.0 28.0 -0.3 0.19 -0.05 3.66 -0.96 -0.68
66 331.0 124.0 79.0 27.0 -0.27 0.18 -0.23 4.0 -1.03 -0.58
67 301.0 129.0 79.0 26.0 -0.14 0.13 -0.7 4.58 -0.9 -0.76
68 323.0 123.0 83.0 26.0 -0.03 0.09 -1.23 4.48 -0.98 -0.82
69 302.0 123.0 92.0 26.0 0.02 0.08 -1.51 3.86 -0.97 -0.16
70 320.0 123.0 90.0 27.0 0.08 0.09 -2.02 3.46 -1.2 0.44
71 343.0 123.0 89.0 27.0 0.09 0.11 -2.44 1.72 -1.43 0.62
72 297.0 118.0 104.0 31.0 0.1 0.05 -2.61 1.19 -1.36 0.44
73 296.0 129.0 117.0 41.0 0.09 -0.17 -2.87 0.59 -1.18 -0.11
74 262.0 120.0 133.0 38.0 0.03 -0.35 -2.94 -0.2 -1.16 -0.63
75 319.0 119.0 123.0 36.0 -0.04 -0.38 -2.89 -0.59 -1.24 -0.53
76 294.0 142.0 126.0 34.0 -0.21 -0.38 -2.62 -2.35 -1.29 -0.04
77 242.0 145.0 137.0 35.0 -0.33 -0.47 -2.28 -3.33 -1.22 0.06
78 257.0 132.0 123.0 45.0 -0.36 -0.52 -2.09 -3.53 -1.08 0.27
79 245.0 137.0 115.0 41.0 -0.42 -0.55 -1.68 -3.75 -0.95 0.3
80 204.0 131.0 111.0 42.0 -0.46 -0.48 -1.2 -3.86 -0.87 0.19
81 235.0 131.0 125.0 38.0 -0.48 -0.41 -0.97 -4.09 -0.77 0.24
82 211.0 129.0 115.0 35.0 -0.43 -0.4 -0.57 -4.53 -0.54 0.35
83 189.0 130.0 108.0 34.0 -0.36 -0.49 -0.22 -3.74 0.06 0.47
84 214.0 140.0 100.0 32.0 -0.34 -0.49 -0.07 -3.31 0.22 0.45
85 257.0 136.0 102.0 36.0 -0.32 -0.35 0.22 -2.62 0.4 0.12
86 223.0 129.0 101.0 33.0 -0.29 -0.21 0.42 -2.4 0.56 0.05
87 217.0 128.0 103.0 33.0 -0.24 -0.2 0.48 -2.2 0.44 0.07
88 197.0 132.0 99.0 34.0 -0.17 -0.23 0.54 -1.42 0.51 0.1
89 187.0 131.0 109.0 32.0 -0.1 -0.19 0.53 -0.85 0.45 0.07
90 224.0 129.0 117.0 31.0 -0.03 -0.16 0.5 -0.52 0.53 -0.1
91 210.0 138.0 110.0 32.0 -0.03 -0.05 0.44 -0.39 0.37 -0.1
92 256.0 134.0 103.0 30.0 -0.0 0.03 0.36 -0.25 0.05 -0.32
93 223.0 125.0 112.0 29.0 0.0 0.05 0.34 -0.29 -0.11 -0.42
94 194.0 121.0 113.0 28.0 0.03 0.06 0.29 -0.39 -0.59 -0.63
95 176.0 121.0 105.0 28.0 0.04 0.04 0.27 -0.63 -0.85 -0.78
96 200.0 120.0 100.0 26.0 0.03 0.03 0.27 -0.76 -0.89 -0.84
97 213.0 122.0 97.0 26.0 -0.01 0.0 0.31 -0.68 -1.19 -1.0
98 202.0 118.0 97.0 28.0 -0.05 0.02 0.35 -0.8 -1.57 -1.04
99 195.0 119.0 90.0 28.0 -0.16 0.08 0.42 -0.91 -2.08 -1.32
100 196.0 113.0 91.0 29.0 -0.24 0.07 0.47 -1.0 -2.71 -1.62
101 168.0 106.0 86.0 30.0 -0.29 0.05 0.49 -1.24 -3.45 -2.32
102 186.0 120.0 81.0 29.0 -0.42 0.06 0.54 -1.43 -3.43 -2.37
103 171.0 114.0 81.0 29.0 -0.62 0.17 0.59 -1.86 -3.61 -2.56
104 165.0 113.0 77.0 27.0 -0.75 0.26 0.62 -1.71 -3.04 -2.64
105 150.0 124.0 73.0 36.0 -1.02 0.47 0.71 -1.51 -2.75 -2.75
106 142.0 122.0 72.0 53.0 -1.28 0.54 0.78 -1.3 -2.25 -2.91
107 122.0 116.0 68.0 47.0 -1.41 0.51 0.79 -0.97 -1.85 -2.71
108 123.0 128.0 75.0 44.0 -1.62 0.48 0.77 -0.96 -1.49 -2.56
109 127.0 136.0 76.0 40.0 -1.79 0.57 0.78 -0.97 -0.48 -1.72
110 122.0 132.0 77.0 38.0 -1.88 0.64 0.8 -0.18 0.21 0.19
111 133.0 124.0 74.0 36.0 -2.08 0.85 0.88 0.19 0.5 0.52
112 170.0 158.0 72.0 42.0 -2.25 0.89 0.9 1.04 0.57 1.23
113 145.0 159.0 69.0 45.0 -2.2 0.85 0.8 1.41 1.32 2.54
114 148.0 145.0 66.0 42.0 -2.02 0.71 0.64 2.41 1.81 2.93
115 171.0 143.0 64.0 40.0 -1.67 0.53 0.46 1.8 1.75 4.21
116 176.0 138.0 64.0 36.0 -1.5 0.47 0.32 1.54 1.59 4.34
117 144.0 126.0 79.0 33.0 -1.18 0.43 0.07 1.45 1.99 4.26
118 131.0 122.0 84.0 31.0 -0.75 0.24 -0.02 1.12 2.01 4.1
119 112.0 115.0 79.0 30.0 -0.57 0.15 -0.03 0.88 1.93 4.42
120 124.0 113.0 74.0 28.0 -0.37 0.01 0.03 0.49 1.79 3.75
121 118.0 151.0 71.0 38.0 -0.24 -0.11 0.11 0.39 1.81 2.35
122 122.0 137.0 70.0 44.0 -0.2 -0.15 0.17 0.51 1.47 0.88
123 104.0 131.0 68.0 40.0 -0.16 -0.12 0.25 0.55 1.43 0.92
124 96.0 122.0 67.0 36.0 -0.09 -0.16 0.28 -0.03 0.96 1.42
125 85.0 118.0 66.0 34.0 -0.08 -0.17 0.3 -0.13 0.97 1.25
126 72.0 113.0 63.0 34.0 -0.01 -0.27 0.3 -0.3 0.86 1.2
127 62.0 141.0 61.0 38.0 0.0 -0.19 0.33 -0.93 0.77 0.32
128 60.0 198.0 63.0 47.0 0.01 -0.14 0.35 -1.17 0.85 0.05
129 108.0 213.0 62.0 42.0 0.03 -0.05 0.45 -1.01 0.8 -0.13
130 101.0 188.0 61.0 40.0 0.04 0.02 0.62 -1.1 0.65 -0.57
131 83.0 168.0 59.0 36.0 0.07 0.02 0.71 -1.17 0.33 -0.32
132 67.0 165.0 56.0 33.0 0.13 -0.09 0.82 -1.09 0.32 -0.23
133 57.0 155.0 55.0 31.0 0.21 -0.1 0.83 -0.96 0.45 -0.19
134 49.0 158.0 55.0 30.0 0.21 -0.04 0.83 -0.6 0.55 -0.37
135 41.0 158.0 54.0 29.0 0.18 0.2 0.89 -0.86 0.54 -0.28
136 37.0 146.0 52.0 28.0 0.09 0.54 0.95 -0.73 0.49 -0.41
137 34.0 135.0 52.0 27.0 0.04 0.68 0.99 -0.37 0.43 -0.75
138 29.0 123.0 52.0 26.0 -0.09 0.75 1.07 -0.05 0.38 -0.74
139 27.0 117.0 51.0 25.0 -0.23 0.71 1.11 0.5 0.28 -0.86
140 25.0 110.0 51.0 25.0 -0.32 0.7 1.13 0.8 0.19 -1.06
141 22.0 105.0 52.0 25.0 -0.46 0.82 1.09 0.85 0.17 -1.14
142 21.0 103.0 64.0 25.0 -0.68 1.05 1.03 0.37 -0.01 -1.25
143 20.0 101.0 66.0 24.0 -0.82 1.07 0.96 0.67 -0.4 -0.36
144 19.0 100.0 72.0 24.0 -0.95 1.02 0.68 0.81 -1.39 1.05
145 19.0 99.0 91.0 24.0 0.16 0.84 0.02 4.43 -1.52 3.4
146 18.0 96.0 88.0 24.0 0.16 0.84 0.02 2.07 -1.05 0.36
147 15.0 92.0 93.0 24.0 0.3 1.22 -0.18 1.75 -0.86 -0.45
148 18.0 91.0 88.0 23.0 0.1 2.21 -0.31 0.23 -0.13 -1.2
149 17.0 90.0 87.0 23.0 0.1 2.21 -0.31 -1.68 -0.54 0.23
150 17.0 90.0 82.0 23.0 0.14 2.0 -0.32 -2.78 -0.28 0.71
151 23.0 88.0 78.0 23.0 0.07 0.31 0.0 -1.65 0.03 -0.07
152 21.0 85.0 80.0 23.0 0.07 0.31 0.0 -0.78 0.13 -0.17
153 21.0 81.0 82.0 23.0 0.04 -0.03 0.06 -0.29 0.06 -0.09
154 20.0 80.0 79.0 23.0 0.02 -0.04 0.1 0.82 0.15 0.07
155 19.0 78.0 79.0 23.0 0.02 -0.04 0.1 0.49 0.23 -0.06
156 18.0 78.0 89.0 23.0 -0.02 0.06 0.07 0.24 0.21 -0.11
157 18.0 76.0 93.0 23.0 -0.03 0.02 0.06 -0.31 0.35 -0.04
158 18.0 75.0 104.0 24.0 -0.03 -0.0 0.05 -0.41 0.34 -0.01
159 18.0 73.0 99.0 24.0 -0.02 -0.04 0.02 -0.23 0.3 0.11
160 18.0 72.0 102.0 23.0 -0.03 -0.09 0.0 -0.08 0.26 0.1
161 18.0 71.0 94.0 23.0 -0.02 -0.08 0.0 0.03 0.19 -0.05
162 17.0 70.0 95.0 23.0 0.0 -0.04 0.02 0.06 0.19 0.0
163 18.0 71.0 93.0 23.0 0.02 -0.02 0.03 0.0 0.14 -0.08
164 18.0 70.0 89.0 24.0 0.01 -0.01 0.04 -0.07 0.13 -0.07
165 18.0 69.0 87.0 23.0 -0.0 -0.03 0.05 -0.09 0.13 -0.04
166 17.0 68.0 82.0 23.0 -0.01 -0.03 0.04 -0.04 0.11 0.0
167 17.0 69.0 91.0 23.0 -0.03 -0.04 0.03 0.0 0.12 -0.07
168 17.0 69.0 89.0 23.0 -0.03 -0.02 0.02 0.0 0.11 -0.07
169 17.0 69.0 91.0 23.0 -0.03 -0.0 0.02 0.03 0.09 0.02
170 19.0 70.0 85.0 24.0 -0.03 0.0 0.02 -0.03 0.13 -0.07
171 20.0 70.0 84.0 23.0 -0.03 0.0 0.02 -0.06 0.13 -0.09
172 19.0 74.0 79.0 25.0 -0.02 -0.02 0.03 -0.08 0.11 -0.08
173 20.0 74.0 88.0 24.0 -0.01 -0.01 0.03 -0.1 0.14 -0.05
174 19.0 73.0 83.0 23.0 -0.02 -0.02 0.01 -0.13 0.14 -0.05
175 19.0 72.0 84.0 23.0 -0.02 -0.01 0.0 -0.11 0.11 -0.05
176 18.0 72.0 83.0 23.0 -0.01 -0.01 -0.0 -0.04 0.14 -0.04
177 18.0 72.0 81.0 24.0 -0.03 -0.03 0.0 -0.01 0.16 -0.02
178 17.0 70.0 84.0 23.0 -0.03 -0.04 0.01 -0.01 0.1 -0.01
179 21.0 71.0 85.0 23.0 -0.04 -0.04 0.01 0.03 0.1 -0.02
180 19.0 72.0 77.0 24.0 -0.03 -0.03 0.02 0.05 0.11 -0.05
181 19.0 72.0 75.0 23.0 -0.02 0.0 0.02 0.04 0.08 -0.07
182 18.0 72.0 73.0 23.0 -0.02 0.02 0.02 -0.06 0.12 -0.12
183 17.0 73.0 76.0 23.0 -0.02 0.02 0.02 -0.1 0.15 -0.07
184 19.0 72.0 80.0 23.0 -0.02 -0.02 0.01 -0.13 0.17 0.04
