1 96.0 82.0 63.0 23.0 0.01 -0.0 -0.01 -0.16 0.12 -0.03
2 82.0 78.0 60.0 23.0 0.0 -0.01 -0.0 -0.14 0.07 -0.09
3 70.0 79.0 58.0 23.0 0.0 -0.01 -0.01 -0.16 0.04 -0.11
4 63.0 79.0 57.0 23.0 0.01 -0.03 -0.01 -0.11 0.06 -0.08
5 56.0 80.0 55.0 23.0 0.02 -0.02 -0.01 -0.07 0.05 -0.07
6 97.0 82.0 54.0 23.0 0.02 -0.02 -0.01 -0.07 0.04 -0.08
7 93.0 82.0 58.0 23.0 0.02 -0.01 -0.01 -0.1 0.02 -0.09
8 81.0 80.0 55.0 23.0 0.02 -0.01 -0.0 -0.14 0.07 -0.09
9 67.0 75.0 53.0 23.0 0.02 -0.02 -0.01 -0.11 0.1 -0.11
10 63.0 81.0 53.0 23.0 0.02 -0.02 -0.01 -0.13 0.09 -0.08
11 82.0 81.0 52.0 23.0 0.02 -0.02 -0.01 -0.08 0.08 -0.03
12 98.0 80.0 51.0 23.0 0.01 -0.02 -0.01 -0.12 0.09 -0.06
13 93.0 82.0 50.0 23.0 0.01 -0.03 -0.01 -0.1 0.1 -0.06
14 94.0 81.0 49.0 23.0 0.0 -0.01 -0.01 -0.08 0.07 -0.05
15 87.0 82.0 52.0 23.0 0.0 -0.01 -0.01 -0.06 0.06 -0.09
16 82.0 81.0 51.0 23.0 0.0 -0.01 -0.01 -0.09 0.05 -0.06
17 83.0 81.0 52.0 23.0 -0.01 -0.03 0.0 -0.15 0.08 -0.08
18 78.0 81.0 53.0 24.0 -0.0 -0.03 0.0 -0.13 0.08 -0.09
19 75.0 80.0 51.0 23.0 -0.01 -0.02 -0.0 -0.08 0.09 -0.03
20 114.0 81.0 55.0 23.0 -0.02 -0.01 -0.0 -0.14 0.09 -0.1
21 104.0 84.0 53.0 23.0 -0.02 -0.02 -0.0 -0.24 0.06 -0.13
22 98.0 85.0 52.0 23.0 0.0 -0.03 -0.0 -0.12 0.06 -0.07
23 96.0 85.0 52.0 23.0 -0.0 -0.04 -0.01 -0.08 0.07 -0.07
24 84.0 84.0 50.0 23.0 -0.01 -0.05 -0.0 -0.08 0.07 -0.1
25 98.0 81.0 50.0 23.0 -0.01 -0.07 -0.01 -0.07 0.04 -0.06
26 89.0 81.0 50.0 23.0 -0.01 -0.06 -0.01 -0.09 0.06 -0.09
27 99.0 80.0 49.0 23.0 -0.01 -0.05 -0.0 0.02 0.17 -0.07
28 104.0 79.0 52.0 21.0 -0.02 -0.06 -0.0 -0.13 0.1 -0.06
29 102.0 78.0 50.0 23.0 -0.02 -0.06 0.01 -0.09 0.05 -0.09
30 103.0 79.0 50.0 23.0 -0.01 -0.05 0.01 -0.08 0.05 -0.06
31 99.0 78.0 49.0 22.0 -0.01 -0.02 0.01 -0.04 0.04 -0.06
32 91.0 78.0 49.0 23.0 -0.01 -0.01 0.01 -0.16 0.05 -0.06
33 97.0 78.0 49.0 23.0 -0.01 -0.01 0.01 -0.19 0.11 -0.1
34 93.0 78.0 49.0 23.0 -0.01 -0.03 0.0 -0.17 0.11 -0.08
35 90.0 78.0 49.0 23.0 -0.01 -0.03 -0.0 -0.11 0.06 -0.07
36 103.0 80.0 51.0 24.0 -0.01 -0.03 -0.01 -0.06 0.06 -0.05
37 90.0 81.0 51.0 23.0 -0.02 -0.04 -0.01 -0.07 0.06 -0.09
38 93.0 83.0 49.0 23.0 -0.02 -0.03 -0.02 -0.08 0.02 -0.08
39 88.0 80.0 50.0 23.0 -0.01 -0.02 -0.02 -0.05 0.06 -0.08
40 77.0 81.0 49.0 23.0 -0.02 -0.03 -0.01 -0.07 0.11 -0.06
41 82.0 85.0 49.0 23.0 -0.02 -0.05 -0.01 -0.08 0.06 -0.11
42 81.0 85.0 49.0 23.0 -0.02 -0.06 -0.01 -0.07 0.05 -0.08
43 76.0 86.0 50.0 23.0 -0.02 -0.06 0.0 -0.11 0.05 -0.1
44 83.0 98.0 50.0 23.0 -0.03 -0.07 0.0 -0.1 0.04 -0.07
45 76.0 108.0 52.0 23.0 -0.01 -0.08 0.01 -0.11 0.0 -0.09
46 70.0 115.0 51.0 23.0 0.03 -0.1 -0.0 -0.17 0.0 -0.05
47 59.0 121.0 50.0 24.0 0.05 -0.15 0.01 -0.08 0.0 -0.07
48 51.0 138.0 50.0 26.0 0.07 -0.17 0.01 -0.15 0.0 -0.05
49 65.0 158.0 51.0 29.0 0.1 -0.21 0.02 -0.16 0.08 0.01
50 73.0 172.0 51.0 27.0 0.09 -0.25 0.03 0.1 0.17 -0.05
51 71.0 180.0 51.0 27.0 0.1 -0.23 0.06 -0.04 0.1 -0.12
52 86.0 171.0 50.0 26.0 0.15 -0.21 0.09 -0.11 -0.05 -0.06
53 97.0 159.0 50.0 26.0 0.18 -0.24 0.09 0.01 0.07 0.06
54 84.0 156.0 50.0 26.0 0.12 -0.29 0.09 -0.12 0.03 0.07
55 80.0 147.0 51.0 25.0 0.06 -0.29 0.08 -0.2 0.15 0.02
56 91.0 141.0 54.0 25.0 0.01 -0.3 0.07 -0.12 0.11 0.11
57 82.0 134.0 55.0 31.0 -0.01 -0.3 0.06 -0.09 0.2 0.0
58 78.0 124.0 53.0 29.0 -0.05 -0.28 0.07 0.06 0.25 -0.09
59 81.0 117.0 52.0 28.0 -0.07 -0.23 0.07 -0.03 0.18 -0.13
60 82.0 117.0 57.0 27.0 -0.07 -0.16 0.07 -0.15 0.18 -0.07
61 92.0 116.0 59.0 26.0 -0.08 -0.13 0.03 -0.34 0.12 0.1
62 91.0 113.0 57.0 27.0 -0.09 -0.13 0.02 -0.26 0.21 0.24
63 123.0 113.0 56.0 43.0 -0.12 -0.18 0.02 -0.17 0.21 0.27
64 111.0 107.0 56.0 39.0 -0.13 -0.14 0.02 0.08 0.24 -0.1
65 117.0 107.0 55.0 35.0 -0.12 -0.09 0.03 -0.15 0.19 0.05
66 159.0 117.0 59.0 32.0 -0.1 -0.05 0.04 -0.15 0.21 0.29
67 145.0 114.0 60.0 30.0 -0.07 -0.06 0.04 0.13 0.25 0.94
68 158.0 113.0 61.0 29.0 -0.07 -0.01 0.07 0.17 0.52 2.2
69 165.0 121.0 61.0 27.0 -0.07 0.2 0.1 0.07 -0.34 3.16
70 149.0 117.0 60.0 26.0 0.03 0.63 0.08 0.12 0.95 2.57
71 165.0 111.0 61.0 26.0 0.06 0.76 0.06 -0.9 2.04 3.02
72 212.0 118.0 66.0 25.0 0.27 0.74 0.09 -0.75 2.32 3.14
73 199.0 124.0 66.0 25.0 0.53 0.44 0.11 -0.41 3.2 3.42
74 178.0 131.0 66.0 36.0 0.67 0.3 0.12 0.11 3.24 3.83
75 153.0 126.0 64.0 38.0 0.92 0.17 0.16 0.6 3.18 3.71
76 137.0 121.0 67.0 35.0 1.19 0.34 0.16 1.07 3.01 3.19
77 124.0 117.0 68.0 32.0 1.42 0.53 0.19 0.28 2.04 3.21
78 124.0 121.0 67.0 30.0 1.66 0.42 0.13 -0.42 1.66 3.12
79 103.0 119.0 65.0 32.0 2.04 0.04 0.13 -0.47 1.05 3.03
80 85.0 109.0 68.0 30.0 2.21 -0.1 0.12 -0.38 0.37 2.55
81 69.0 102.0 81.0 28.0 2.47 -0.13 0.12 -0.5 0.11 2.43
82 59.0 108.0 80.0 27.0 2.6 0.06 0.14 -1.43 -0.71 2.03
83 76.0 115.0 76.0 27.0 2.69 0.1 0.16 -1.72 -1.58 1.22
84 122.0 121.0 70.0 26.0 2.79 0.1 0.31 -1.61 -1.61 0.8
85 175.0 116.0 77.0 25.0 2.73 0.16 0.51 -1.25 -2.6 -0.69
86 226.0 113.0 77.0 24.0 2.68 0.24 0.59 -1.31 -3.18 -1.39
87 197.0 114.0 80.0 24.0 2.59 0.44 0.76 -0.62 -3.56 -1.94
88 192.0 117.0 82.0 24.0 2.42 0.59 0.84 -0.44 -3.47 -2.28
89 185.0 118.0 78.0 24.0 2.26 0.65 0.86 -0.49 -3.86 -3.24
90 243.0 118.0 73.0 24.0 1.88 0.51 0.85 -0.29 -3.77 -3.51
91 285.0 121.0 75.0 23.0 1.68 0.04 0.75 0.13 -3.65 -3.68
92 256.0 120.0 79.0 23.0 1.37 -0.14 0.64 0.86 -3.35 -3.53
93 248.0 125.0 76.0 23.0 1.2 -0.11 0.57 0.91 -3.23 -3.46
94 236.0 126.0 76.0 22.0 0.87 0.03 0.42 0.97 -3.04 -3.36
95 208.0 124.0 76.0 24.0 0.74 0.08 0.33 0.96 -2.27 -3.16
96 168.0 118.0 75.0 24.0 0.52 0.13 0.1 0.62 -1.79 -3.03
97 140.0 118.0 75.0 27.0 0.2 0.1 -0.03 0.55 -1.42 -2.72
98 114.0 132.0 76.0 31.0 0.09 0.07 -0.09 0.44 -0.96 -2.41
99 90.0 121.0 81.0 29.0 -0.12 0.14 -0.16 0.35 -0.71 -2.35
100 76.0 113.0 82.0 28.0 -0.26 0.36 -0.17 -0.22 -0.56 -1.92
101 64.0 106.0 79.0 27.0 -0.33 0.46 -0.14 -1.55 -0.57 -0.89
102 52.0 117.0 80.0 23.0 -0.42 0.56 -0.06 -1.91 -0.46 -0.88
103 45.0 121.0 80.0 28.0 -0.44 0.65 0.05 -2.42 -0.04 -1.41
104 39.0 119.0 81.0 27.0 -0.46 0.73 0.15 -2.58 0.04 -1.66
105 47.0 116.0 79.0 26.0 -0.53 0.95 0.43 -2.57 0.15 -1.86
106 43.0 125.0 78.0 25.0 -0.7 1.21 0.81 -2.32 0.05 -1.64
107 38.0 128.0 75.0 30.0 -0.88 1.41 1.18 -2.22 0.08 -1.22
108 77.0 120.0 79.0 28.0 -0.96 1.47 1.32 -2.12 -0.08 -0.8
109 154.0 119.0 78.0 27.0 -1.14 1.51 1.48 -2.49 -0.17 -0.55
110 212.0 117.0 80.0 26.0 -1.24 1.44 1.51 -2.23 -0.39 -0.2
111 210.0 126.0 76.0 26.0 -1.47 1.2 1.51 -2.11 -0.75 1.0
112 180.0 133.0 74.0 25.0 -1.36 0.86 1.33 -0.11 -1.27 1.5
113 168.0 132.0 73.0 26.0 -1.19 0.79 1.19 1.11 -1.34 0.97
114 220.0 132.0 77.0 25.0 -0.69 0.83 0.88 1.84 -1.22 0.75
115 196.0 127.0 78.0 25.0 -0.29 1.0 0.67 1.2 -1.1 0.94
116 186.0 131.0 76.0 25.0 -0.13 0.97 0.59 1.03 -1.05 1.17
117 162.0 125.0 76.0 24.0 0.07 0.62 0.5 1.09 -0.7 1.35
118 182.0 127.0 76.0 25.0 0.13 0.2 0.4 1.56 -0.69 1.14
119 160.0 126.0 73.0 24.0 0.15 0.09 0.36 1.68 -0.69 1.05
120 159.0 141.0 70.0 23.0 0.15 0.03 0.34 2.16 -0.68 1.14
121 195.0 135.0 69.0 24.0 0.07 0.15 0.34 2.18 -0.68 1.33
122 165.0 133.0 70.0 23.0 0.01 0.17 0.33 1.89 -0.72 1.62
123 141.0 141.0 68.0 24.0 -0.08 0.03 0.27 1.97 -0.72 1.63
124 153.0 145.0 74.0 24.0 -0.02 -0.27 0.14 2.27 -0.57 1.52
125 169.0 142.0 74.0 24.0 0.03 -0.38 0.05 2.12 -0.58 1.37
126 188.0 144.0 77.0 24.0 0.1 -0.5 -0.11 1.69 -0.56 0.85
127 162.0 139.0 75.0 26.0 0.15 -0.5 -0.22 1.1 -0.67 0.64
128 136.0 144.0 82.0 26.0 0.15 -0.48 -0.27 0.72 -0.79 0.35
129 118.0 144.0 89.0 25.0 0.12 -0.54 -0.32 0.09 -1.33 -0.26
130 108.0 142.0 89.0 25.0 0.07 -0.68 -0.32 0.04 -1.55 -0.63
131 101.0 143.0 85.0 24.0 0.04 -0.7 -0.29 0.02 -1.76 -1.14
132 136.0 137.0 81.0 24.0 -0.1 -0.61 -0.21 -0.14 -2.21 -1.5
133 138.0 141.0 94.0 24.0 -0.29 -0.43 -0.12 -0.36 -2.91 -2.01
134 118.0 135.0 97.0 23.0 -0.4 -0.31 -0.08 -0.43 -3.2 -2.12
135 118.0 132.0 93.0 24.0 -0.63 -0.1 -0.01 -0.46 -3.54 -2.49
136 121.0 135.0 96.0 23.0 -0.87 0.12 0.03 -0.69 -3.54 -3.56
137 119.0 128.0 96.0 23.0 -1.01 0.2 0.03 -0.95 -3.34 -3.94
138 125.0 142.0 91.0 31.0 -1.42 0.16 0.05 -2.14 -2.08 -3.73
139 146.0 145.0 86.0 36.0 -1.93 -0.26 0.04 -2.0 -1.13 -3.2
140 143.0 144.0 87.0 41.0 -2.16 -0.39 0.01 -0.99 -0.64 -2.72
141 171.0 157.0 82.0 39.0 -2.57 -0.24 0.03 0.11 -0.18 -2.18
142 163.0 158.0 83.0 37.0 -2.89 0.29 0.12 0.01 0.62 -0.06
143 160.0 148.0 83.0 34.0 -2.98 0.53 0.12 -0.08 0.93 0.59
144 158.0 139.0 77.0 35.0 -2.88 0.63 0.03 -0.29 1.66 2.15
145 147.0 144.0 90.0 33.0 -2.65 0.36 -0.05 -0.24 1.72 4.46
146 129.0 136.0 87.0 32.0 -2.4 0.22 -0.11 -0.06 1.97 4.87
147 154.0 135.0 81.0 30.0 -1.85 0.19 -0.16 0.16 2.39 5.34
148 194.0 127.0 83.0 29.0 -1.34 0.33 -0.08 -0.07 2.16 5.02
149 209.0 124.0 81.0 28.0 -0.98 0.28 -0.12 -0.44 2.47 4.72
150 205.0 122.0 86.0 28.0 -0.43 0.12 -0.15 -0.61 2.49 3.52
151 179.0 117.0 82.0 27.0 -0.06 -0.13 -0.06 -0.52 2.51 2.67
152 191.0 117.0 77.0 25.0 0.04 -0.2 -0.01 -0.31 2.11 1.77
153 161.0 110.0 75.0 25.0 0.16 -0.25 0.13 -0.2 1.73 1.07
154 139.0 109.0 80.0 27.0 0.17 -0.16 0.24 0.0 1.07 0.23
155 159.0 106.0 75.0 26.0 0.16 -0.09 0.28 0.0 0.77 -0.01
156 160.0 112.0 69.0 26.0 0.12 0.02 0.32 0.16 0.3 -0.41
157 158.0 105.0 67.0 26.0 0.07 0.07 0.32 0.22 0.1 -0.61
158 151.0 103.0 69.0 25.0 -0.0 0.04 0.3 0.31 0.0 -0.72
159 197.0 98.0 69.0 24.0 -0.03 0.03 0.29 0.83 -0.29 -0.72
160 206.0 99.0 66.0 24.0 -0.07 0.05 0.24 1.23 -0.54 -0.68
161 199.0 99.0 72.0 32.0 -0.09 0.12 0.12 1.51 -0.78 -0.57
162 346.0 106.0 72.0 30.0 -0.1 0.14 0.05 2.11 -1.16 -0.47
163 345.0 111.0 70.0 37.0 -0.16 0.15 -0.24 3.38 -1.81 0.1
164 337.0 112.0 68.0 34.0 -0.18 0.15 -0.38 3.84 -1.85 0.32
165 295.0 114.0 74.0 33.0 -0.18 0.14 -0.55 4.67 -2.12 0.37
166 267.0 122.0 70.0 31.0 -0.05 0.01 -1.19 5.07 -2.54 0.66
167 258.0 132.0 66.0 30.0 -0.01 -0.09 -1.44 4.72 -2.81 0.78
168 283.0 129.0 66.0 29.0 0.11 -0.31 -1.94 4.01 -2.86 0.93
169 250.0 125.0 67.0 28.0 0.18 -0.34 -2.42 3.06 -2.4 0.96
170 247.0 124.0 68.0 28.0 0.19 -0.31 -2.64 1.8 -2.69 1.0
171 234.0 116.0 108.0 27.0 0.3 -0.43 -2.91 0.45 -2.49 0.53
172 220.0 129.0 105.0 26.0 0.47 -0.68 -3.05 -1.32 -1.5 0.21
173 190.0 131.0 121.0 25.0 0.5 -0.78 -3.05 -1.88 -1.38 0.51
174 246.0 141.0 106.0 25.0 0.45 -0.82 -2.87 -3.12 -1.01 1.02
175 236.0 135.0 98.0 25.0 0.41 -0.77 -2.59 -4.72 -0.25 0.61
176 248.0 132.0 91.0 32.0 0.37 -0.74 -2.39 -5.23 0.04 0.07
177 228.0 125.0 88.0 30.0 0.24 -0.61 -1.95 -5.63 1.09 -0.84
178 233.0 121.0 86.0 31.0 0.11 -0.43 -1.4 -6.14 1.15 -1.14
179 251.0 119.0 86.0 30.0 0.06 -0.37 -1.12 -6.17 1.36 -1.01
180 216.0 117.0 86.0 28.0 0.03 -0.23 -0.67 -5.55 1.45 -0.91
181 237.0 115.0 82.0 27.0 0.0 -0.12 -0.27 -4.77 1.67 -0.96
182 250.0 118.0 78.0 34.0 -0.01 -0.08 -0.09 -3.69 1.61 -1.06
183 233.0 111.0 80.0 31.0 0.0 0.0 0.18 -2.55 1.53 -1.17
184 227.0 104.0 74.0 30.0 -0.0 0.06 0.39 -1.36 1.49 -1.09
185 203.0 101.0 72.0 29.0 -0.01 0.06 0.44 -1.11 1.39 -0.96
186 203.0 101.0 72.0 27.0 -0.05 0.04 0.45 -0.24 1.09 -0.61
187 176.0 101.0 68.0 26.0 -0.03 0.04 0.4 0.04 0.93 -0.32
188 204.0 112.0 70.0 26.0 -0.03 0.05 0.37 0.08 0.75 -0.21
189 200.0 107.0 65.0 25.0 0.01 0.03 0.32 0.21 0.49 0.01
190 234.0 106.0 69.0 26.0 -0.06 -0.01 0.26 -0.02 0.19 0.16
191 250.0 104.0 67.0 25.0 -0.07 -0.07 0.25 0.15 -0.04 0.27
192 196.0 97.0 64.0 25.0 -0.06 -0.11 0.24 0.14 -0.14 0.38
193 198.0 95.0 65.0 24.0 -0.07 -0.06 0.23 0.1 -0.31 0.51
194 171.0 94.0 62.0 24.0 -0.08 -0.05 0.23 0.11 -0.34 0.5
195 152.0 94.0 61.0 25.0 -0.07 -0.05 0.24 0.15 -0.36 0.28
196 207.0 94.0 59.0 24.0 -0.05 -0.06 0.24 0.4 -0.35 0.07
197 170.0 90.0 58.0 24.0 -0.06 -0.06 0.23 0.48 -0.34 0.07
198 143.0 93.0 61.0 24.0 -0.04 -0.08 0.19 0.49 -0.25 0.04
199 124.0 92.0 62.0 25.0 -0.03 -0.09 0.12 0.55 -0.22 0.1
200 139.0 93.0 61.0 24.0 -0.03 -0.08 0.09 0.54 -0.12 0.2
201 155.0 94.0 61.0 27.0 -0.03 -0.06 0.01 0.49 -0.09 0.23
202 155.0 91.0 58.0 26.0 -0.01 -0.06 -0.07 0.31 -0.1 -0.01
203 152.0 90.0 56.0 25.0 0.0 -0.08 -0.09 0.16 -0.1 -0.11
204 127.0 89.0 58.0 25.0 0.04 -0.12 -0.14 0.09 -0.07 -0.13
205 114.0 86.0 62.0 24.0 0.06 -0.1 -0.15 0.06 0.05 -0.08
206 107.0 87.0 62.0 24.0 0.06 -0.07 -0.16 -0.01 0.12 -0.14
207 109.0 90.0 61.0 24.0 0.05 -0.02 -0.16 -0.18 0.22 -0.36
208 127.0 93.0 60.0 27.0 0.01 -0.01 -0.15 -0.37 0.25 -0.5
209 118.0 93.0 60.0 26.0 -0.01 -0.02 -0.14 -0.41 0.23 -0.52
210 101.0 92.0 58.0 25.0 -0.03 -0.05 -0.11 -0.5 0.3 -0.63
211 100.0 89.0 59.0 26.0 -0.07 -0.05 -0.08 -0.44 0.25 -0.63
212 85.0 88.0 61.0 25.0 -0.08 -0.05 -0.07 -0.42 0.24 -0.64
213 83.0 119.0 58.0 27.0 -0.1 0.01 -0.03 -0.34 0.28 -0.7
214 86.0 130.0 58.0 27.0 -0.14 0.08 -0.01 -0.47 0.2 -0.69
215 104.0 130.0 57.0 27.0 -0.15 0.09 0.01 -0.48 0.24 -0.76
216 86.0 123.0 56.0 27.0 -0.16 0.09 0.02 -0.29 0.14 -0.87
217 76.0 128.0 56.0 26.0 -0.16 0.09 0.03 -0.28 0.13 -0.87
218 79.0 142.0 58.0 27.0 -0.16 0.09 0.03 -0.14 0.04 -0.93
219 112.0 215.0 58.0 26.0 -0.15 0.14 0.03 0.03 0.22 -1.3
220 111.0 203.0 59.0 25.0 -0.14 0.24 -0.01 0.13 0.17 -1.71
221 100.0 185.0 59.0 25.0 -0.16 0.28 -0.03 0.03 0.27 -2.15
222 93.0 166.0 56.0 25.0 -0.35 0.29 -0.1 0.14 0.07 -2.34
223 95.0 150.0 58.0 24.0 -0.6 0.09 -0.16 -0.09 -0.08 -3.13
224 79.0 134.0 63.0 24.0 -0.74 -0.03 -0.19 0.09 0.14 -3.44
225 88.0 122.0 65.0 23.0 -1.05 -0.21 -0.24 0.48 0.09 -3.79
226 86.0 114.0 65.0 24.0 -1.49 -0.04 -0.24 2.32 0.73 -2.07
227 78.0 110.0 90.0 26.0 -1.41 0.65 -0.23 -12.54 -6.14 23.31
228 73.0 109.0 85.0 26.0 -0.65 0.33 -0.83 -2.53 -3.04 -7.59
229 125.0 108.0 81.0 26.0 0.46 -0.29 0.05 -1.25 -1.02 -2.57
230 141.0 100.0 81.0 25.0 0.44 -0.01 0.13 -1.24 -1.26 1.09
231 182.0 95.0 76.0 25.0 0.09 -0.15 -0.0 0.03 -0.06 0.59
232 159.0 91.0 73.0 24.0 -0.09 0.06 -0.05 1.16 0.03 0.01
233 143.0 88.0 69.0 24.0 -0.08 0.06 -0.05 1.0 -0.16 -0.33
234 125.0 85.0 73.0 23.0 0.04 0.14 0.02 0.28 -0.29 -0.07
235 104.0 85.0 70.0 24.0 0.05 0.24 -0.0 -0.3 0.38 -0.13
236 91.0 82.0 68.0 23.0 0.03 0.27 -0.03 -0.52 0.32 0.08
237 74.0 79.0 67.0 24.0 -0.05 0.25 -0.02 -0.44 0.22 0.11
238 100.0 81.0 63.0 24.0 -0.08 0.09 0.03 -0.38 0.09 -0.23
239 106.0 81.0 62.0 23.0 -0.05 0.04 0.05 -0.32 0.08 -0.11
240 94.0 80.0 61.0 23.0 -0.05 0.04 0.03 -0.06 0.02 -0.11
241 80.0 78.0 59.0 23.0 -0.03 0.07 0.03 -0.11 -0.02 -0.11
242 69.0 79.0 58.0 23.0 -0.03 0.08 0.02 -0.13 -0.11 -0.01
243 84.0 81.0 57.0 23.0 -0.03 0.06 0.01 -0.2 -0.12 -0.16
244 89.0 81.0 56.0 23.0 -0.01 0.06 0.01 -0.25 -0.07 -0.05
245 87.0 78.0 54.0 23.0 -0.0 0.07 0.01 -0.24 -0.01 0.0
246 95.0 79.0 55.0 23.0 0.01 0.07 -0.01 -0.07 0.06 -0.12
247 84.0 79.0 57.0 23.0 0.01 0.1 -0.02 -0.18 0.07 -0.02
248 100.0 78.0 55.0 23.0 0.01 0.09 -0.02 -0.17 0.06 -0.03
249 104.0 79.0 53.0 22.0 -0.0 0.08 -0.02 -0.23 0.08 -0.09
250 111.0 81.0 53.0 23.0 0.0 0.07 -0.03 -0.2 0.07 -0.02
