1 16.0 73.0 51.0 23.0 -0.0 -0.02 -0.04 0.04 0.08 0.0
2 16.0 74.0 52.0 23.0 -0.02 -0.02 -0.05 0.06 0.08 -0.01
3 15.0 72.0 53.0 23.0 -0.04 -0.03 -0.05 0.05 0.06 -0.03
4 16.0 72.0 54.0 23.0 -0.05 -0.03 -0.04 0.1 0.03 -0.02
5 16.0 70.0 54.0 23.0 -0.06 -0.04 -0.02 0.12 0.02 -0.01
6 16.0 70.0 55.0 23.0 -0.06 -0.04 -0.02 0.14 0.0 -0.02
7 16.0 69.0 55.0 23.0 -0.06 -0.03 -0.0 0.14 0.01 -0.01
8 16.0 69.0 56.0 23.0 -0.06 -0.01 0.01 0.09 -0.03 -0.06
9 16.0 71.0 56.0 23.0 -0.05 -0.01 0.01 0.07 -0.04 -0.04
10 16.0 72.0 57.0 23.0 -0.03 0.01 0.02 0.01 -0.05 -0.03
11 16.0 73.0 57.0 23.0 -0.01 -0.0 0.02 -0.06 -0.02 -0.07
12 16.0 73.0 58.0 23.0 -0.0 -0.01 0.02 -0.02 0.0 -0.09
13 16.0 73.0 59.0 23.0 0.01 -0.03 0.02 0.01 0.04 -0.04
14 15.0 74.0 59.0 23.0 0.02 -0.04 0.02 0.05 0.03 -0.03
15 15.0 72.0 59.0 23.0 0.02 -0.04 0.02 0.02 0.0 -0.04
16 16.0 72.0 58.0 23.0 0.03 -0.03 0.02 0.01 0.02 -0.04
17 16.0 71.0 58.0 23.0 0.02 -0.04 0.02 0.0 0.03 -0.04
18 16.0 71.0 59.0 23.0 0.02 -0.05 0.02 0.02 0.03 -0.05
19 15.0 73.0 59.0 23.0 0.02 -0.06 0.03 0.03 0.02 0.0
20 16.0 72.0 59.0 23.0 0.01 -0.06 0.03 0.1 0.04 0.0
21 16.0 71.0 58.0 23.0 -0.0 -0.05 0.03 0.08 0.06 -0.01
22 16.0 70.0 58.0 23.0 -0.01 -0.03 0.03 0.04 0.04 0.0
23 17.0 69.0 57.0 23.0 -0.03 -0.02 0.02 0.03 0.07 -0.01
24 16.0 68.0 58.0 23.0 -0.03 -0.02 0.02 0.02 0.04 -0.05
25 17.0 70.0 57.0 23.0 -0.04 -0.03 0.03 0.01 0.03 -0.02
26 45.0 74.0 58.0 23.0 -0.04 -0.04 0.03 0.0 -0.01 -0.05
27 39.0 74.0 58.0 26.0 -0.04 -0.05 0.04 -0.05 -0.05 -0.1
28 40.0 79.0 56.0 32.0 -0.03 -0.07 0.04 -0.14 0.02 -0.05
29 55.0 84.0 57.0 30.0 -0.06 -0.13 0.04 -0.14 0.13 -0.02
30 62.0 86.0 59.0 28.0 -0.08 -0.16 0.05 -0.19 0.16 -0.02
31 76.0 92.0 59.0 27.0 -0.15 -0.27 0.04 -0.45 0.34 0.01
32 95.0 103.0 60.0 29.0 -0.26 -0.49 0.09 -0.04 0.35 0.2
33 121.0 116.0 60.0 43.0 -0.35 -0.6 0.13 0.05 0.42 0.22
34 163.0 149.0 62.0 60.0 -0.66 -0.99 0.24 0.11 0.54 0.38
35 199.0 153.0 63.0 58.0 -1.13 -1.64 0.34 -0.03 0.01 0.39
36 172.0 159.0 64.0 51.0 -1.07 -1.53 0.32 1.05 -0.29 0.45
37 188.0 158.0 65.0 46.0 -0.57 -0.77 0.11 0.46 -0.51 1.36
38 162.0 172.0 69.0 40.0 -0.31 -0.49 -0.15 3.38 -7.04 5.05
39 152.0 173.0 70.0 37.0 -0.76 -0.13 -0.46 -5.32 -2.42 4.12
40 161.0 165.0 74.0 37.0 0.43 0.25 -0.17 1.66 0.28 2.41
41 161.0 159.0 86.0 34.0 0.75 0.45 -0.3 0.23 0.54 1.8
42 152.0 148.0 82.0 31.0 0.9 0.46 -0.3 -0.07 0.38 2.57
43 140.0 148.0 85.0 29.0 1.08 0.48 -0.41 -0.19 0.73 3.41
44 178.0 167.0 81.0 31.0 1.27 0.44 -0.43 -0.39 0.86 2.26
45 163.0 159.0 91.0 29.0 1.38 0.31 -0.46 -0.12 1.03 1.64
46 177.0 151.0 94.0 28.0 1.47 0.02 -0.53 -0.59 0.87 0.98
47 170.0 146.0 99.0 27.0 1.54 -0.31 -0.6 -0.05 0.99 0.94
48 159.0 142.0 94.0 26.0 1.5 -0.38 -0.64 0.13 0.89 0.12
49 164.0 139.0 97.0 25.0 1.37 -0.45 -0.68 0.55 0.78 -0.72
50 182.0 141.0 93.0 25.0 1.16 -0.41 -0.66 0.48 0.17 -1.34
51 222.0 129.0 87.0 26.0 1.09 -0.37 -0.64 0.37 0.0 -1.52
52 209.0 126.0 85.0 25.0 0.96 -0.36 -0.54 0.1 -0.25 -1.62
53 206.0 128.0 87.0 24.0 0.82 -0.36 -0.41 0.48 -0.45 -1.7
54 203.0 126.0 88.0 24.0 0.75 -0.32 -0.34 0.61 -0.41 -1.89
55 279.0 127.0 94.0 24.0 0.65 -0.13 -0.27 0.66 -0.16 -1.84
56 274.0 124.0 92.0 23.0 0.57 -0.05 -0.27 0.43 0.15 -1.71
57 287.0 125.0 89.0 24.0 0.52 -0.06 -0.29 0.49 0.52 -1.41
58 252.0 125.0 83.0 26.0 0.39 -0.08 -0.34 0.61 0.62 -1.02
59 235.0 129.0 82.0 26.0 0.33 0.01 -0.44 1.34 0.97 -0.87
60 310.0 143.0 78.0 25.0 0.31 0.11 -0.49 1.32 0.95 -0.88
61 307.0 164.0 78.0 23.0 0.28 0.27 -0.54 0.59 0.85 -0.46
62 264.0 155.0 76.0 26.0 0.36 0.15 -0.55 -0.29 1.09 0.31
63 244.0 168.0 76.0 25.0 0.48 0.02 -0.55 -0.39 1.25 0.64
64 264.0 168.0 74.0 25.0 0.69 -0.17 -0.54 0.05 1.69 1.09
65 265.0 177.0 76.0 25.0 0.91 -0.16 -0.5 0.4 1.66 1.3
66 232.0 193.0 77.0 24.0 1.0 -0.09 -0.5 -0.16 1.82 1.49
67 197.0 207.0 73.0 25.0 1.17 -0.03 -0.52 -1.0 1.88 2.14
68 173.0 208.0 74.0 30.0 1.33 -0.11 -0.51 -1.31 1.91 2.52
69 152.0 227.0 70.0 25.0 1.42 -0.17 -0.51 -1.32 1.94 2.43
70 213.0 225.0 74.0 28.0 1.52 -0.15 -0.45 -1.09 1.56 2.18
71 181.0 198.0 83.0 30.0 1.58 0.02 -0.3 -1.65 0.86 1.46
72 194.0 184.0 79.0 29.0 1.64 0.06 -0.2 -1.78 0.36 1.36
73 217.0 177.0 76.0 27.0 1.6 0.06 0.11 -2.69 -0.84 1.65
74 236.0 166.0 74.0 26.0 1.63 -0.04 0.38 -2.57 -1.71 1.35
75 247.0 159.0 82.0 25.0 1.65 -0.05 0.5 -2.59 -2.1 0.73
76 237.0 151.0 80.0 25.0 1.66 0.06 0.74 -2.29 -2.63 -0.39
77 261.0 152.0 79.0 24.0 1.63 0.26 0.91 -1.63 -3.16 -1.31
78 439.0 162.0 76.0 24.0 1.61 0.29 1.01 -1.44 -3.35 -1.63
79 402.0 157.0 87.0 24.0 1.49 0.27 1.16 -1.06 -3.63 -2.26
80 347.0 148.0 92.0 23.0 1.4 0.2 1.2 0.48 -3.9 -2.83
81 285.0 138.0 92.0 24.0 1.21 -0.01 1.19 0.87 -3.91 -2.75
82 287.0 133.0 90.0 24.0 1.08 -0.11 0.97 1.49 -3.22 -3.03
83 297.0 131.0 89.0 24.0 0.99 -0.11 0.84 1.63 -2.86 -3.45
84 302.0 138.0 87.0 25.0 0.68 0.02 0.58 1.43 -2.63 -3.63
85 260.0 146.0 93.0 24.0 0.38 0.17 0.42 0.87 -1.54 -3.46
86 216.0 147.0 100.0 24.0 0.22 0.21 0.34 0.21 -1.22 -3.15
87 192.0 146.0 107.0 24.0 0.05 0.15 0.31 0.08 -0.82 -2.61
88 167.0 139.0 105.0 26.0 -0.23 0.25 0.38 -0.42 -0.9 -2.08
89 148.0 151.0 103.0 31.0 -0.35 0.31 0.46 -1.13 -0.85 -1.48
90 143.0 165.0 106.0 30.0 -0.51 0.42 0.62 -1.22 -0.98 -1.43
91 132.0 157.0 104.0 29.0 -0.71 0.6 0.87 0.13 -1.4 -0.74
92 118.0 163.0 114.0 27.0 -0.79 0.79 1.05 0.21 -1.5 -0.46
93 102.0 146.0 115.0 27.0 -0.93 1.35 1.37 0.03 -1.45 -0.35
94 89.0 167.0 111.0 26.0 -1.0 1.96 1.61 -1.44 -1.22 -1.05
95 76.0 149.0 109.0 36.0 -1.01 2.16 1.72 -1.52 -0.94 -1.29
96 65.0 141.0 114.0 34.0 -1.17 2.31 1.96 -1.93 -1.4 -1.21
97 62.0 130.0 120.0 33.0 -1.5 2.11 2.21 -1.78 -2.28 -1.02
98 71.0 139.0 119.0 30.0 -1.66 1.88 2.34 -1.29 -2.28 -0.12
99 144.0 162.0 115.0 30.0 -1.86 1.31 2.52 -0.55 -2.22 0.39
100 150.0 172.0 110.0 37.0 -2.11 1.08 2.5 -1.95 -2.4 0.88
101 149.0 165.0 117.0 35.0 -2.03 1.16 2.31 -1.0 -2.46 2.6
102 146.0 160.0 118.0 39.0 -1.62 0.78 1.7 0.34 -2.0 2.48
103 130.0 152.0 122.0 36.0 -1.09 -0.14 1.17 3.14 -1.0 2.28
104 140.0 152.0 116.0 34.0 -0.87 -0.55 1.06 3.69 0.05 2.62
105 166.0 146.0 124.0 31.0 -0.4 -0.58 0.89 4.02 0.35 2.65
106 152.0 160.0 125.0 30.0 -0.11 -0.01 0.6 3.91 0.9 2.81
107 133.0 145.0 123.0 29.0 0.02 0.24 0.44 1.96 1.02 2.29
108 129.0 138.0 117.0 27.0 0.3 0.2 0.09 1.69 1.22 2.03
109 108.0 129.0 114.0 31.0 0.52 -0.24 -0.13 1.33 1.13 1.35
110 105.0 125.0 120.0 30.0 0.56 -0.41 -0.19 0.93 0.5 -0.09
111 112.0 129.0 119.0 29.0 0.52 -0.49 -0.21 0.73 0.04 -0.5
112 106.0 122.0 115.0 28.0 0.42 -0.36 -0.14 -0.65 -1.26 -1.18
113 146.0 122.0 106.0 27.0 0.34 -0.26 -0.1 -1.4 -2.47 -1.8
114 135.0 133.0 100.0 26.0 0.2 -0.01 -0.06 -1.5 -3.04 -2.22
115 131.0 137.0 106.0 27.0 -0.01 0.2 -0.01 -1.47 -4.35 -2.91
116 125.0 135.0 97.0 27.0 -0.16 0.26 0.01 -1.38 -4.5 -3.56
117 133.0 142.0 102.0 26.0 -0.39 0.41 0.02 -1.01 -3.82 -3.87
118 114.0 142.0 100.0 28.0 -0.65 0.61 -0.03 -0.7 -3.67 -4.15
119 135.0 133.0 95.0 43.0 -0.84 0.75 -0.08 -0.92 -3.66 -4.02
120 142.0 137.0 95.0 53.0 -1.24 0.84 -0.21 -0.83 -3.47 -4.04
121 154.0 141.0 88.0 48.0 -1.55 0.73 -0.27 -1.01 -1.44 -3.0
122 143.0 165.0 83.0 85.0 -1.94 0.46 -0.28 -0.58 -1.0 -2.6
123 167.0 155.0 88.0 83.0 -2.16 0.41 -0.27 0.07 -0.45 -1.54
124 159.0 166.0 88.0 86.0 -2.64 0.59 -0.38 1.17 0.58 0.67
125 145.0 174.0 82.0 86.0 -2.73 0.74 -0.41 0.94 1.28 2.02
126 178.0 227.0 87.0 166.0 -2.74 0.84 -0.43 0.86 1.44 3.24
127 159.0 219.0 86.0 145.0 -2.45 0.8 -0.48 0.72 1.6 3.99
128 136.0 219.0 98.0 139.0 -2.27 0.71 -0.48 1.04 2.03 4.28
129 175.0 221.0 96.0 121.0 -1.8 0.34 -0.36 0.21 2.1 6.17
130 180.0 212.0 96.0 111.0 -1.16 0.02 -0.33 0.17 2.23 6.94
131 166.0 209.0 96.0 115.0 -0.88 -0.07 -0.29 0.56 2.05 6.67
132 132.0 204.0 102.0 103.0 -0.33 -0.14 -0.24 0.7 2.27 5.41
133 116.0 203.0 101.0 93.0 0.12 -0.28 -0.2 0.28 2.18 3.43
134 107.0 194.0 97.0 91.0 0.28 -0.4 -0.18 0.37 2.01 2.87
135 96.0 191.0 100.0 81.0 0.48 -0.56 -0.16 0.55 1.62 1.37
136 95.0 188.0 100.0 75.0 0.5 -0.54 -0.08 0.84 1.25 0.67
137 83.0 186.0 113.0 70.0 0.45 -0.45 -0.03 1.12 1.07 0.42
138 69.0 178.0 109.0 69.0 0.32 -0.22 0.03 1.23 0.51 0.06
139 67.0 172.0 100.0 65.0 0.23 -0.06 -0.0 0.92 0.09 -0.13
140 57.0 169.0 90.0 57.0 0.2 -0.05 -0.03 0.94 -0.47 -0.39
141 77.0 160.0 83.0 49.0 0.11 -0.05 -0.08 0.88 -0.85 -0.83
142 136.0 154.0 77.0 48.0 0.0 -0.04 -0.14 1.4 -1.29 -1.06
143 113.0 150.0 72.0 42.0 -0.08 0.01 -0.17 1.52 -1.42 -1.03
144 166.0 159.0 67.0 40.0 -0.2 0.29 -0.29 2.53 -1.81 -0.45
145 193.0 164.0 65.0 38.0 -0.23 0.55 -0.61 4.68 -2.63 0.56
146 241.0 174.0 61.0 35.0 -0.17 0.61 -0.83 5.12 -2.82 0.81
147 284.0 169.0 60.0 34.0 0.11 0.47 -1.49 5.13 -2.95 0.98
148 310.0 173.0 60.0 34.0 0.45 0.03 -2.31 4.88 -2.71 0.58
149 283.0 156.0 61.0 31.0 0.57 -0.24 -2.77 4.74 -2.5 1.03
150 235.0 150.0 67.0 49.0 0.99 -0.86 -3.69 3.08 -1.95 0.87
151 237.0 148.0 76.0 43.0 1.17 -1.51 -4.35 1.24 -2.04 1.11
152 190.0 142.0 79.0 45.0 1.26 -1.74 -4.57 0.29 -2.18 0.88
153 178.0 139.0 84.0 45.0 1.3 -2.02 -4.6 -2.02 -2.02 0.98
154 233.0 145.0 88.0 45.0 1.11 -1.94 -4.06 -5.97 -1.16 0.47
155 251.0 145.0 87.0 48.0 0.98 -1.75 -3.64 -6.53 -0.75 0.49
156 205.0 159.0 89.0 42.0 0.65 -1.03 -2.6 -7.02 -0.32 0.12
157 202.0 151.0 90.0 47.0 0.32 -0.13 -1.51 -7.19 -0.04 -0.33
158 192.0 145.0 84.0 41.0 0.16 0.2 -1.03 -7.17 0.03 -0.56
159 160.0 137.0 87.0 45.0 -0.02 0.45 -0.23 -7.11 0.0 -1.36
160 140.0 128.0 83.0 41.0 -0.12 0.31 0.34 -5.5 0.1 -1.25
161 161.0 126.0 80.0 41.0 -0.15 0.31 0.54 -3.49 0.07 -1.04
162 145.0 119.0 76.0 38.0 -0.16 0.42 0.74 -2.2 0.33 -1.12
163 133.0 125.0 75.0 34.0 -0.18 0.54 0.78 -1.18 0.5 -1.06
164 122.0 151.0 75.0 34.0 -0.18 0.52 0.74 -0.79 0.84 -0.9
165 129.0 146.0 73.0 34.0 -0.11 0.46 0.59 0.0 0.31 -0.61
166 124.0 140.0 70.0 33.0 -0.06 0.41 0.48 0.47 0.14 -0.37
167 114.0 176.0 67.0 33.0 -0.04 0.4 0.4 0.44 0.09 -0.41
168 111.0 177.0 67.0 31.0 0.02 0.34 0.31 0.41 0.04 -0.37
169 130.0 191.0 65.0 30.0 0.11 0.28 0.25 0.3 0.15 -0.25
170 109.0 197.0 63.0 28.0 0.11 0.26 0.24 0.24 0.22 -0.28
171 104.0 187.0 62.0 27.0 0.05 0.18 0.26 0.23 0.22 -0.2
172 86.0 186.0 62.0 27.0 -0.04 0.13 0.3 0.37 0.16 0.04
173 99.0 187.0 63.0 26.0 -0.08 0.1 0.32 0.54 0.15 0.19
174 89.0 194.0 63.0 25.0 -0.13 0.1 0.33 0.49 -0.01 0.23
175 78.0 193.0 63.0 25.0 -0.12 0.11 0.3 0.51 -0.16 0.05
176 66.0 214.0 64.0 28.0 -0.12 0.12 0.27 0.41 -0.18 -0.1
177 83.0 198.0 64.0 27.0 -0.1 0.13 0.24 0.69 -0.28 -0.66
178 70.0 175.0 64.0 26.0 -0.1 0.2 0.21 0.75 -0.13 -1.04
179 64.0 163.0 66.0 39.0 -0.12 0.24 0.18 0.74 -0.19 -1.44
180 61.0 160.0 64.0 43.0 -0.14 0.37 0.11 0.95 0.02 -1.79
181 55.0 163.0 63.0 39.0 -0.2 0.52 0.07 1.45 -0.03 -2.85
182 51.0 159.0 63.0 41.0 -0.22 0.6 0.04 1.08 0.2 -2.66
183 43.0 161.0 64.0 43.0 -0.48 0.81 -0.0 0.27 -0.45 -2.16
184 37.0 147.0 63.0 42.0 -0.58 1.11 -0.02 0.87 -0.51 -2.55
185 33.0 158.0 64.0 57.0 -0.67 1.31 -0.03 1.21 -0.47 -2.7
186 30.0 149.0 64.0 56.0 -0.87 1.58 -0.06 0.82 -0.86 -2.92
187 28.0 135.0 63.0 48.0 -1.06 1.82 -0.09 1.4 -0.91 -2.64
188 25.0 122.0 62.0 43.0 -1.09 1.88 -0.15 1.43 -1.28 -2.43
189 24.0 113.0 61.0 38.0 -1.18 1.82 -0.48 -0.13 -3.12 1.48
190 133.0 129.0 63.0 79.0 1.14 0.29 -0.43 -24.98 -4.23 27.15
191 112.0 128.0 62.0 68.0 -0.47 -1.48 0.08 3.23 1.94 -2.62
192 92.0 125.0 62.0 58.0 0.01 -1.49 0.09 -2.52 -2.85 -3.98
193 88.0 120.0 63.0 51.0 0.75 0.27 0.16 0.59 -0.14 0.29
194 87.0 113.0 60.0 45.0 0.64 0.44 0.11 0.55 0.16 0.88
195 75.0 104.0 58.0 40.0 0.34 -0.36 -0.0 1.73 0.02 0.08
196 65.0 97.0 57.0 37.0 -0.03 -1.05 0.08 1.21 -0.55 0.51
197 79.0 93.0 59.0 34.0 -0.12 -0.94 0.13 1.31 -0.41 0.78
198 65.0 90.0 59.0 31.0 -0.14 -0.34 0.08 0.98 0.23 0.71
199 58.0 90.0 65.0 29.0 -0.22 0.28 -0.01 0.75 0.48 0.64
200 50.0 88.0 64.0 28.0 -0.21 0.45 -0.0 0.08 0.29 0.15
201 49.0 87.0 60.0 26.0 -0.17 0.58 0.01 -0.28 0.17 -0.03
202 47.0 87.0 57.0 26.0 -0.16 0.37 0.07 -0.55 -0.07 -0.03
203 41.0 86.0 55.0 26.0 -0.17 0.27 0.09 -0.52 -0.05 -0.13
204 37.0 86.0 53.0 25.0 -0.22 0.12 0.11 -0.74 -0.2 -0.21
205 35.0 85.0 52.0 25.0 -0.21 0.13 0.07 -0.33 -0.14 0.05
206 53.0 83.0 50.0 24.0 -0.2 0.17 0.04 -0.09 -0.15 0.01
207 60.0 81.0 50.0 24.0 -0.17 0.22 0.01 0.26 -0.35 -0.04
208 56.0 79.0 50.0 24.0 -0.13 0.19 0.01 0.33 -0.37 -0.01
209 52.0 77.0 49.0 26.0 -0.1 0.18 0.01 0.26 -0.34 -0.07
210 44.0 76.0 49.0 23.0 -0.04 0.17 0.01 0.08 -0.31 -0.14
211 40.0 75.0 49.0 23.0 0.03 0.14 -0.0 -0.2 -0.23 -0.22
212 35.0 74.0 48.0 23.0 0.06 0.11 -0.01 -0.25 -0.22 -0.19
213 34.0 74.0 49.0 23.0 0.08 0.05 -0.02 -0.28 -0.2 -0.13
214 39.0 74.0 49.0 23.0 0.09 0.01 -0.02 -0.15 -0.12 -0.02
215 43.0 76.0 49.0 23.0 0.09 -0.05 -0.03 -0.15 -0.14 -0.02
216 37.0 74.0 50.0 23.0 0.08 -0.1 -0.03 0.02 -0.12 0.04
217 35.0 73.0 51.0 23.0 0.08 -0.12 -0.04 0.06 -0.1 0.03
218 32.0 73.0 51.0 23.0 0.08 -0.11 -0.04 0.08 -0.1 0.0
219 31.0 71.0 51.0 23.0 0.07 -0.07 -0.03 0.1 -0.15 0.03
220 36.0 70.0 52.0 23.0 0.07 -0.05 -0.03 0.1 -0.14 0.03
221 33.0 71.0 52.0 23.0 0.06 -0.02 -0.02 0.1 -0.17 0.06
222 30.0 70.0 51.0 24.0 0.06 -0.01 -0.01 0.09 -0.19 0.0
