1 82.0 82.0 85.0 23.0 0.01 0.0 -0.01 -0.06 0.03 -0.01
2 77.0 80.0 81.0 23.0 0.01 0.01 -0.02 -0.13 0.04 -0.05
3 81.0 81.0 77.0 23.0 0.0 0.01 -0.02 -0.17 0.03 -0.05
4 77.0 87.0 73.0 23.0 0.01 -0.0 -0.02 -0.13 0.06 -0.06
5 70.0 83.0 83.0 23.0 0.0 -0.0 -0.02 -0.12 0.06 -0.05
6 67.0 84.0 86.0 23.0 0.0 -0.0 -0.02 -0.04 0.01 -0.05
7 71.0 82.0 82.0 23.0 0.0 0.01 -0.01 -0.06 0.0 -0.04
8 79.0 82.0 84.0 23.0 0.01 0.01 -0.01 -0.06 -0.01 -0.08
9 79.0 83.0 91.0 23.0 0.01 0.01 -0.0 -0.1 0.01 -0.08
10 78.0 84.0 92.0 26.0 0.01 0.01 -0.0 -0.13 0.0 0.0
11 79.0 85.0 92.0 23.0 -0.0 0.01 0.0 -0.14 0.05 0.01
12 76.0 85.0 84.0 23.0 -0.01 0.01 0.0 -0.18 0.07 -0.05
13 74.0 88.0 82.0 23.0 -0.02 -0.01 0.0 -0.14 0.06 -0.04
14 68.0 87.0 80.0 23.0 -0.02 -0.03 0.0 -0.13 0.02 -0.1
15 64.0 86.0 85.0 23.0 -0.02 -0.03 -0.0 -0.08 0.0 -0.08
16 83.0 89.0 85.0 23.0 -0.02 -0.03 -0.0 -0.11 0.0 -0.07
17 77.0 87.0 81.0 23.0 -0.01 -0.02 -0.01 -0.1 0.02 -0.06
18 73.0 86.0 79.0 23.0 -0.01 -0.02 -0.0 -0.12 0.04 -0.07
19 69.0 85.0 77.0 23.0 -0.01 -0.03 -0.0 -0.1 0.04 -0.05
20 83.0 87.0 84.0 23.0 -0.01 -0.05 -0.0 -0.07 0.02 -0.09
21 102.0 87.0 81.0 24.0 -0.01 -0.04 -0.0 -0.09 0.01 -0.04
22 89.0 84.0 76.0 23.0 -0.01 -0.03 -0.0 -0.12 0.02 -0.02
23 81.0 86.0 71.0 23.0 -0.01 -0.04 -0.0 -0.16 0.05 -0.09
24 76.0 89.0 69.0 25.0 -0.01 -0.05 0.0 -0.13 0.09 -0.01
25 90.0 102.0 65.0 46.0 -0.02 -0.09 0.0 -0.1 0.11 0.09
26 123.0 119.0 65.0 45.0 -0.02 -0.13 0.01 -0.16 -0.01 0.07
27 129.0 134.0 63.0 63.0 -0.02 -0.15 0.03 0.06 0.06 0.2
28 121.0 142.0 62.0 57.0 -0.04 -0.2 0.09 0.19 0.3 0.42
29 127.0 143.0 67.0 48.0 -0.08 -0.26 0.17 0.22 0.36 0.55
30 132.0 139.0 65.0 44.0 -0.1 -0.26 0.19 -0.04 0.44 1.36
31 119.0 139.0 71.0 41.0 -0.1 -0.29 0.18 -0.1 0.69 1.73
32 132.0 150.0 73.0 37.0 -0.05 -0.26 0.12 -0.72 0.75 2.78
33 136.0 147.0 82.0 34.0 0.02 -0.23 0.09 -0.04 0.87 3.72
34 129.0 140.0 84.0 32.0 0.19 0.09 0.05 0.03 0.89 3.77
35 146.0 140.0 88.0 30.0 0.52 0.51 0.1 -1.8 0.99 3.92
36 128.0 131.0 88.0 29.0 0.83 0.36 0.16 -1.53 1.78 3.82
37 122.0 123.0 87.0 27.0 1.29 -0.1 0.21 -0.99 1.36 3.99
38 145.0 130.0 85.0 26.0 1.7 -0.33 0.22 -0.39 2.06 3.78
39 136.0 129.0 78.0 25.0 1.81 -0.3 0.21 -0.37 2.01 3.38
40 134.0 130.0 76.0 25.0 1.89 -0.13 0.23 -0.63 2.02 2.8
41 136.0 126.0 74.0 25.0 1.94 -0.03 0.23 -0.7 1.53 2.17
42 119.0 124.0 69.0 25.0 2.0 -0.06 0.21 -0.97 1.19 0.96
43 133.0 128.0 76.0 24.0 2.13 -0.28 0.25 -1.06 1.07 0.66
44 187.0 124.0 80.0 22.0 2.25 -0.46 0.33 -0.81 0.63 0.34
45 250.0 122.0 89.0 24.0 2.24 -0.46 0.38 -0.83 0.01 0.34
46 225.0 123.0 97.0 23.0 2.31 -0.46 0.51 -0.53 -0.57 0.24
47 267.0 122.0 104.0 24.0 2.33 -0.46 0.56 -0.46 -1.3 -0.5
48 277.0 119.0 104.0 23.0 2.3 -0.44 0.56 -0.06 -1.84 -0.83
49 233.0 117.0 104.0 23.0 2.15 -0.3 0.46 0.16 -2.59 -1.59
50 220.0 119.0 100.0 24.0 2.01 -0.23 0.34 0.22 -3.13 -2.17
51 209.0 115.0 102.0 24.0 1.92 -0.19 0.29 0.26 -3.42 -2.95
52 180.0 115.0 92.0 23.0 1.78 -0.19 0.16 0.25 -3.48 -3.08
53 200.0 114.0 89.0 23.0 1.53 -0.14 0.07 0.26 -3.41 -3.23
54 196.0 129.0 87.0 23.0 1.4 -0.1 0.03 0.36 -3.19 -3.28
55 239.0 125.0 85.0 23.0 1.15 0.01 -0.05 0.48 -2.98 -3.13
56 251.0 120.0 84.0 23.0 0.92 0.09 -0.14 0.29 -2.36 -3.01
57 241.0 119.0 83.0 24.0 0.81 0.12 -0.19 0.3 -2.0 -2.71
58 213.0 119.0 81.0 24.0 0.55 0.12 -0.26 -0.14 -1.6 -2.52
59 184.0 121.0 79.0 30.0 0.35 0.03 -0.29 -0.35 -1.05 -2.25
60 146.0 113.0 76.0 29.0 0.24 -0.02 -0.28 -0.5 -0.57 -1.94
61 121.0 116.0 80.0 27.0 0.04 -0.01 -0.21 -0.63 -0.39 -1.83
62 98.0 107.0 83.0 26.0 -0.14 0.1 -0.1 -1.19 -0.27 -1.35
63 79.0 104.0 81.0 27.0 -0.22 0.15 -0.04 -2.39 -0.33 -0.24
64 67.0 101.0 80.0 28.0 -0.28 0.19 0.06 -2.64 -0.27 -0.08
65 56.0 97.0 76.0 27.0 -0.28 0.24 0.23 -3.15 -0.19 -0.27
66 51.0 104.0 82.0 26.0 -0.26 0.32 0.35 -3.24 -0.15 -0.72
67 46.0 97.0 81.0 25.0 -0.25 0.52 0.68 -3.16 -0.27 -0.82
68 47.0 96.0 89.0 25.0 -0.27 0.75 1.1 -2.88 -0.38 -0.98
69 46.0 99.0 85.0 26.0 -0.32 0.85 1.3 -2.58 -0.3 -1.24
70 58.0 97.0 84.0 25.0 -0.44 1.04 1.68 -1.98 -0.28 -1.21
71 102.0 106.0 79.0 25.0 -0.66 1.24 2.0 -1.79 -0.29 -1.48
72 139.0 116.0 77.0 24.0 -0.83 1.38 2.09 -3.49 -0.59 -1.17
73 141.0 125.0 77.0 24.0 -0.95 1.37 2.0 -2.98 -0.7 -0.85
74 156.0 124.0 78.0 25.0 -0.81 0.9 1.69 -0.14 -0.71 -0.04
75 180.0 139.0 75.0 30.0 -0.77 0.73 1.54 0.92 -0.68 0.36
76 173.0 132.0 75.0 31.0 -0.65 0.68 1.3 1.06 -0.53 0.6
77 172.0 138.0 76.0 30.0 -0.47 0.79 1.08 1.59 -0.59 0.88
78 223.0 143.0 80.0 28.0 -0.34 0.81 0.97 1.72 -0.71 1.07
79 213.0 137.0 77.0 27.0 -0.07 0.65 0.77 2.57 -0.99 1.43
80 215.0 136.0 78.0 26.0 0.13 0.48 0.57 2.64 -1.18 1.4
81 187.0 129.0 77.0 26.0 0.22 0.39 0.43 2.83 -1.26 1.34
82 209.0 131.0 80.0 26.0 0.41 0.29 0.14 2.69 -1.15 1.23
83 192.0 136.0 81.0 26.0 0.5 0.19 -0.06 2.71 -1.19 0.99
84 186.0 138.0 81.0 25.0 0.52 0.15 -0.13 2.3 -1.08 0.67
85 188.0 139.0 81.0 25.0 0.46 0.08 -0.2 2.3 -1.11 0.64
86 191.0 131.0 84.0 25.0 0.38 -0.01 -0.23 1.75 -0.87 0.58
87 178.0 126.0 98.0 25.0 0.33 -0.08 -0.24 1.35 -0.8 0.84
88 172.0 128.0 96.0 25.0 0.23 -0.23 -0.28 1.1 -0.79 0.9
89 167.0 125.0 92.0 25.0 0.13 -0.34 -0.26 0.91 -1.01 0.66
90 152.0 130.0 90.0 24.0 0.07 -0.36 -0.23 0.59 -1.38 -0.06
91 166.0 125.0 85.0 24.0 -0.03 -0.34 -0.18 0.46 -1.5 -0.26
92 165.0 125.0 87.0 24.0 -0.09 -0.28 -0.14 0.16 -1.93 -0.65
93 190.0 127.0 82.0 24.0 -0.14 -0.25 -0.12 -0.4 -2.73 -1.35
94 167.0 129.0 80.0 23.0 -0.23 -0.25 -0.07 -0.67 -3.04 -1.63
95 225.0 131.0 79.0 24.0 -0.39 -0.33 0.0 -0.81 -3.99 -2.88
96 195.0 131.0 75.0 24.0 -0.49 -0.36 0.04 -0.79 -4.3 -3.79
97 178.0 129.0 72.0 23.0 -0.74 -0.35 0.12 -0.96 -4.25 -4.15
98 176.0 127.0 73.0 24.0 -1.12 -0.28 0.13 -1.27 -3.64 -4.26
99 171.0 129.0 72.0 27.0 -1.33 -0.23 0.11 -1.39 -2.95 -3.9
100 149.0 129.0 69.0 32.0 -1.83 -0.05 0.08 -0.86 -1.59 -2.66
101 166.0 133.0 74.0 37.0 -2.31 0.22 0.11 -0.29 -0.67 -2.31
102 177.0 139.0 75.0 33.0 -2.5 0.34 0.15 -0.04 -0.3 -1.49
103 203.0 140.0 73.0 37.0 -2.74 0.42 0.19 -0.14 0.16 -0.22
104 191.0 141.0 74.0 40.0 -2.8 0.38 0.16 0.08 0.51 2.25
105 171.0 129.0 71.0 36.0 -2.76 0.33 0.14 -0.06 0.71 2.89
106 173.0 126.0 68.0 34.0 -2.53 0.28 0.09 0.01 1.36 4.25
107 162.0 122.0 71.0 34.0 -2.14 0.27 -0.01 -0.23 1.95 5.12
108 151.0 115.0 75.0 32.0 -2.13 0.29 0.16 0.56 1.15 5.26
109 186.0 111.0 80.0 31.0 -1.38 0.28 -0.06 -0.13 2.22 4.65
110 212.0 112.0 74.0 30.0 -0.83 0.17 -0.03 -0.4 2.26 4.08
111 208.0 107.0 69.0 28.0 -0.6 0.1 -0.01 -0.1 2.6 3.8
112 196.0 103.0 67.0 27.0 -0.35 0.02 0.06 -0.11 2.39 2.54
113 162.0 100.0 69.0 27.0 -0.2 -0.07 0.15 0.23 2.34 1.85
114 150.0 103.0 75.0 26.0 -0.17 -0.08 0.19 0.53 1.95 1.38
115 133.0 104.0 72.0 31.0 -0.06 -0.02 0.18 0.51 1.59 1.1
116 136.0 103.0 69.0 41.0 0.0 0.05 0.16 0.1 1.1 0.27
117 145.0 104.0 65.0 37.0 0.05 0.05 0.14 0.09 0.96 -0.01
118 136.0 102.0 64.0 35.0 0.06 0.06 0.14 0.08 0.58 -0.4
119 139.0 104.0 62.0 32.0 0.01 0.1 0.13 0.1 0.46 -0.49
120 134.0 111.0 59.0 30.0 0.01 0.13 0.12 0.05 0.41 -0.49
121 124.0 109.0 58.0 29.0 0.02 0.14 0.07 0.02 0.09 -0.39
122 123.0 108.0 57.0 27.0 -0.01 0.14 0.03 0.16 -0.11 -0.42
123 143.0 106.0 56.0 27.0 -0.0 0.13 0.02 0.4 -0.35 -0.39
124 139.0 112.0 57.0 26.0 -0.01 0.09 -0.01 0.94 -0.7 -0.37
125 160.0 113.0 56.0 25.0 -0.0 0.06 -0.05 1.98 -0.97 -0.35
126 164.0 111.0 55.0 25.0 -0.02 0.07 -0.09 2.25 -1.08 -0.22
127 158.0 114.0 56.0 27.0 -0.02 0.04 -0.25 2.81 -1.17 0.04
128 174.0 117.0 57.0 26.0 0.0 -0.03 -0.52 3.75 -1.61 0.37
129 154.0 112.0 59.0 25.0 0.03 -0.04 -0.7 3.95 -1.76 0.28
130 131.0 107.0 62.0 27.0 0.15 -0.05 -1.09 3.97 -1.83 0.14
131 121.0 109.0 65.0 61.0 0.24 -0.11 -1.52 3.31 -1.67 0.16
132 140.0 121.0 65.0 61.0 0.22 -0.19 -1.74 2.18 -1.76 -0.04
133 136.0 118.0 62.0 67.0 0.31 -0.45 -2.09 1.53 -1.81 -0.1
134 114.0 115.0 61.0 57.0 0.29 -0.57 -2.28 0.53 -1.48 -0.01
135 178.0 117.0 63.0 49.0 0.27 -0.56 -2.33 0.09 -1.33 0.0
136 157.0 110.0 62.0 44.0 0.2 -0.51 -2.36 -0.73 -0.9 0.07
137 146.0 105.0 60.0 42.0 0.15 -0.52 -2.33 -2.04 -0.44 0.52
138 144.0 104.0 60.0 38.0 0.1 -0.54 -2.28 -2.32 -0.29 0.69
139 163.0 107.0 59.0 36.0 0.02 -0.46 -2.11 -3.14 -0.05 0.77
140 153.0 106.0 60.0 34.0 0.04 -0.32 -1.88 -3.34 0.28 0.64
141 161.0 106.0 58.0 32.0 0.01 -0.24 -1.71 -3.51 0.33 0.52
142 154.0 105.0 57.0 31.0 0.03 -0.12 -1.39 -3.86 0.55 0.22
143 138.0 100.0 61.0 29.0 0.1 -0.14 -1.08 -3.84 0.73 0.04
144 119.0 97.0 62.0 27.0 0.15 -0.16 -0.93 -3.62 1.01 -0.19
145 123.0 100.0 59.0 27.0 0.19 -0.16 -0.65 -3.47 1.2 -0.34
146 143.0 100.0 61.0 30.0 0.15 -0.09 -0.38 -3.16 1.07 -0.53
147 181.0 101.0 60.0 30.0 0.11 -0.06 -0.26 -2.94 1.08 -0.62
148 152.0 97.0 60.0 29.0 0.06 0.0 -0.05 -2.08 0.93 -0.75
149 145.0 96.0 60.0 28.0 0.03 0.06 0.1 -1.61 0.92 -0.73
150 143.0 98.0 59.0 27.0 0.01 0.07 0.15 -1.41 0.89 -0.7
151 131.0 100.0 59.0 26.0 -0.0 0.05 0.21 -0.86 0.79 -0.49
152 113.0 97.0 59.0 25.0 -0.01 0.03 0.25 -0.5 0.74 -0.4
153 119.0 93.0 58.0 26.0 -0.01 0.03 0.26 -0.27 0.62 -0.3
154 109.0 92.0 59.0 25.0 -0.03 0.05 0.27 -0.07 0.48 -0.19
155 96.0 89.0 58.0 25.0 -0.03 0.07 0.26 0.08 0.36 -0.05
156 103.0 94.0 58.0 26.0 -0.05 0.08 0.25 0.06 0.28 -0.05
157 102.0 94.0 56.0 25.0 -0.07 0.1 0.21 0.12 0.1 0.03
158 84.0 91.0 57.0 25.0 -0.05 0.08 0.2 0.13 0.08 0.05
159 68.0 87.0 58.0 25.0 -0.04 0.09 0.18 0.12 0.05 0.09
160 65.0 87.0 56.0 25.0 -0.03 0.07 0.16 0.28 -0.01 0.08
161 68.0 96.0 55.0 25.0 -0.03 0.07 0.16 0.42 0.0 -0.08
162 110.0 114.0 55.0 25.0 -0.03 0.07 0.17 0.56 0.0 -0.23
163 118.0 124.0 53.0 24.0 -0.05 0.05 0.16 0.53 0.03 -0.37
164 103.0 118.0 54.0 24.0 -0.07 0.05 0.16 0.12 0.01 -0.86
165 90.0 109.0 54.0 26.0 -0.09 0.11 0.14 0.12 -0.02 -0.96
166 77.0 107.0 54.0 25.0 -0.15 0.2 0.09 0.32 0.01 -1.26
167 64.0 100.0 54.0 25.0 -0.15 0.2 0.09 0.55 0.0 -2.07
168 56.0 93.0 66.0 24.0 -0.27 0.28 0.08 0.53 0.02 -2.26
169 69.0 90.0 65.0 24.0 -0.57 0.31 0.06 0.66 -0.07 -2.83
170 87.0 87.0 98.0 24.0 -0.57 0.31 0.06 0.88 0.0 -3.09
171 95.0 87.0 86.0 24.0 -1.02 0.33 0.08 0.82 -0.01 -3.3
172 81.0 83.0 80.0 24.0 -1.46 0.3 0.09 -0.28 -0.26 -4.37
173 67.0 80.0 72.0 24.0 -1.46 0.3 0.09 -1.26 -0.44 -5.18
174 62.0 82.0 68.0 25.0 -2.15 0.07 -0.05 -2.9 -1.58 6.52
175 77.0 90.0 65.0 42.0 -0.88 0.32 -0.23 5.6 6.55 12.09
176 74.0 92.0 63.0 37.0 -0.67 -0.46 -0.47 0.34 -3.32 -5.96
177 140.0 92.0 62.0 34.0 0.73 -0.4 0.07 -1.32 -0.35 -2.24
178 146.0 91.0 60.0 33.0 0.36 -0.3 0.17 -1.14 -0.14 1.06
179 120.0 90.0 58.0 30.0 0.34 -0.41 0.02 1.76 0.29 0.36
180 99.0 87.0 56.0 29.0 0.23 -0.24 -0.12 1.61 0.21 0.24
181 98.0 85.0 54.0 27.0 0.16 0.07 -0.07 0.77 -0.58 -0.32
182 112.0 82.0 53.0 27.0 0.29 0.22 -0.11 0.65 0.03 -0.16
183 92.0 81.0 52.0 25.0 0.34 0.43 -0.18 -0.02 0.35 -0.18
184 78.0 79.0 50.0 25.0 0.28 0.46 -0.2 -0.47 0.22 0.15
185 75.0 79.0 49.0 24.0 0.24 0.39 -0.16 -0.49 0.41 0.02
186 116.0 81.0 48.0 25.0 0.16 0.23 -0.09 -0.57 0.35 0.06
187 118.0 81.0 48.0 24.0 0.09 0.15 -0.03 -0.54 0.42 0.15
188 126.0 82.0 47.0 24.0 0.05 0.12 0.0 -0.36 0.22 0.0
189 118.0 81.0 46.0 23.0 -0.03 0.06 0.03 -0.22 0.17 0.02
190 99.0 80.0 47.0 24.0 -0.06 0.0 0.03 -0.24 -0.04 -0.08
191 81.0 77.0 49.0 23.0 -0.07 -0.02 0.04 -0.09 -0.08 -0.2
192 69.0 76.0 47.0 23.0 -0.05 0.0 0.04 -0.08 -0.16 -0.03
193 73.0 76.0 46.0 24.0 -0.03 0.04 0.03 -0.02 -0.08 -0.08
194 83.0 77.0 46.0 23.0 -0.04 0.06 0.02 -0.19 0.0 -0.06
195 98.0 81.0 46.0 23.0 -0.04 0.1 0.01 -0.23 0.03 -0.03
196 112.0 80.0 46.0 23.0 -0.04 0.09 -0.0 -0.23 0.11 -0.08
197 94.0 77.0 46.0 23.0 -0.05 0.06 -0.0 -0.25 0.05 -0.07
198 80.0 77.0 46.0 21.0 -0.03 0.02 0.0 -0.22 0.06 -0.02
199 84.0 76.0 47.0 23.0 -0.03 0.0 -0.0 -0.27 -0.01 -0.08
200 79.0 76.0 47.0 23.0 -0.02 0.01 0.0 -0.23 -0.01 -0.07
201 71.0 80.0 48.0 22.0 -0.01 0.0 -0.01 -0.19 0.0 -0.03
202 72.0 79.0 48.0 23.0 -0.01 0.01 -0.02 -0.12 0.03 -0.07
203 60.0 80.0 47.0 23.0 -0.02 0.01 -0.03 -0.2 0.01 -0.04
204 58.0 78.0 48.0 23.0 -0.03 0.0 -0.03 -0.1 0.02 -0.06
205 58.0 78.0 48.0 22.0 -0.03 0.0 -0.03 -0.15 0.01 -0.11
206 76.0 77.0 48.0 23.0 -0.03 0.01 -0.02 -0.13 0.0 -0.06
207 64.0 76.0 47.0 23.0 -0.02 -0.0 -0.01 -0.1 0.0 -0.05
208 56.0 76.0 46.0 23.0 -0.01 0.0 -0.01 -0.12 0.0 -0.05
209 53.0 76.0 47.0 23.0 -0.01 0.01 -0.02 -0.16 0.0 -0.08
210 56.0 77.0 46.0 23.0 0.0 0.01 -0.02 -0.17 0.02 -0.1
