1 86.0 76.0 80.0 23.0 -0.02 0.07 0.0 -0.18 0.11 -0.08
2 80.0 77.0 81.0 23.0 -0.02 0.04 0.0 -0.21 0.09 -0.14
3 75.0 80.0 83.0 23.0 -0.03 0.01 0.0 -0.14 0.09 -0.12
4 74.0 80.0 84.0 23.0 -0.03 0.0 0.0 -0.06 0.05 -0.09
5 80.0 78.0 79.0 23.0 -0.03 -0.01 0.0 -0.05 0.07 -0.07
6 70.0 75.0 75.0 23.0 -0.03 -0.01 0.0 0.0 0.05 -0.09
7 90.0 77.0 69.0 23.0 -0.02 -0.0 0.0 -0.01 0.06 -0.12
8 82.0 81.0 66.0 23.0 -0.02 -0.0 0.0 -0.07 0.01 -0.08
9 77.0 79.0 70.0 23.0 -0.01 0.0 -0.0 -0.06 0.02 -0.09
10 70.0 79.0 69.0 23.0 -0.0 0.01 -0.01 -0.07 0.04 -0.09
11 66.0 78.0 65.0 23.0 0.0 0.01 -0.01 -0.09 0.01 -0.1
12 65.0 80.0 68.0 23.0 0.01 0.01 -0.01 -0.06 0.04 -0.07
13 72.0 78.0 67.0 23.0 0.02 0.02 -0.02 -0.07 0.06 -0.05
14 97.0 79.0 77.0 23.0 0.02 0.02 -0.02 -0.1 0.05 -0.05
15 81.0 77.0 74.0 23.0 0.02 0.03 -0.03 -0.06 0.09 -0.04
16 69.0 75.0 71.0 23.0 0.02 0.02 -0.03 -0.07 0.08 -0.01
17 62.0 76.0 67.0 22.0 0.02 0.02 -0.02 -0.06 0.08 -0.05
18 57.0 75.0 71.0 23.0 0.01 0.02 -0.02 -0.07 0.08 -0.03
19 56.0 76.0 66.0 23.0 0.0 0.01 -0.01 -0.06 0.06 -0.04
20 57.0 77.0 69.0 23.0 0.0 0.01 -0.01 -0.05 0.06 -0.06
21 54.0 77.0 68.0 23.0 0.0 0.02 -0.01 -0.05 0.07 -0.07
22 76.0 78.0 67.0 23.0 -0.01 0.02 -0.0 -0.08 0.06 -0.04
23 78.0 78.0 69.0 24.0 -0.01 0.01 0.0 -0.1 0.08 -0.04
24 69.0 79.0 72.0 23.0 -0.01 0.0 0.0 -0.1 0.1 -0.07
25 69.0 78.0 72.0 23.0 -0.01 -0.01 0.01 -0.07 0.08 -0.04
26 64.0 78.0 71.0 23.0 -0.01 -0.01 0.01 -0.05 0.08 -0.05
27 64.0 76.0 67.0 23.0 -0.02 -0.01 0.0 -0.1 0.08 -0.07
28 63.0 79.0 67.0 23.0 -0.01 -0.02 0.0 -0.1 0.04 -0.05
29 56.0 77.0 62.0 23.0 -0.01 -0.03 0.0 -0.08 0.04 -0.09
30 50.0 76.0 60.0 23.0 -0.01 -0.02 0.0 -0.08 0.02 -0.09
31 79.0 77.0 58.0 23.0 -0.0 -0.02 -0.0 -0.08 0.05 -0.06
32 81.0 77.0 60.0 23.0 -0.0 -0.02 -0.0 -0.07 0.03 -0.06
33 75.0 74.0 72.0 23.0 -0.0 -0.05 -0.0 -0.08 0.07 -0.08
34 69.0 81.0 68.0 23.0 -0.01 -0.07 -0.0 -0.1 0.08 -0.07
35 78.0 81.0 67.0 23.0 -0.01 -0.08 -0.01 -0.1 0.09 -0.06
36 76.0 79.0 73.0 22.0 -0.01 -0.08 -0.01 -0.09 0.09 0.01
37 79.0 83.0 79.0 23.0 -0.02 -0.08 -0.01 -0.12 0.09 -0.04
38 82.0 84.0 76.0 23.0 -0.03 -0.08 -0.01 -0.13 0.09 -0.06
39 77.0 83.0 83.0 23.0 -0.05 -0.11 -0.01 -0.18 0.1 -0.07
40 100.0 86.0 100.0 24.0 -0.06 -0.14 0.0 -0.04 0.08 -0.03
41 106.0 84.0 122.0 23.0 -0.06 -0.17 0.01 -0.09 0.06 0.0
42 120.0 84.0 108.0 24.0 -0.09 -0.17 0.02 -0.12 0.05 0.13
43 137.0 86.0 101.0 23.0 -0.11 -0.18 0.02 -0.35 0.04 0.12
44 129.0 87.0 92.0 23.0 -0.16 -0.25 0.03 -0.32 0.06 0.04
45 110.0 84.0 88.0 23.0 -0.19 -0.37 0.03 -0.11 0.2 0.17
46 141.0 96.0 88.0 35.0 -0.21 -0.43 0.04 -0.17 0.08 0.24
47 137.0 99.0 83.0 34.0 -0.26 -0.55 0.08 -0.16 0.11 0.28
48 130.0 127.0 87.0 34.0 -0.3 -0.65 0.11 -0.08 0.09 0.1
49 144.0 139.0 89.0 32.0 -0.28 -0.69 0.14 0.06 0.11 -0.13
50 149.0 146.0 87.0 31.0 -0.18 -0.75 0.17 0.34 0.17 -0.11
51 168.0 146.0 92.0 35.0 -0.17 -0.71 0.17 0.13 0.07 0.08
52 176.0 138.0 84.0 35.0 -0.15 -0.7 0.17 -0.06 0.11 0.29
53 173.0 130.0 79.0 37.0 -0.1 -0.7 0.13 -0.31 0.21 0.45
54 174.0 128.0 78.0 40.0 -0.08 -0.69 0.07 -0.63 -0.11 0.32
55 166.0 135.0 77.0 36.0 -0.04 -0.67 0.01 -1.69 -1.87 0.66
56 159.0 128.0 80.0 33.0 0.14 -0.69 -0.18 0.26 0.36 -0.15
57 146.0 139.0 78.0 31.0 0.0 -0.31 0.39 -0.99 -3.09 0.74
58 133.0 137.0 75.0 38.0 0.13 0.06 0.78 -0.21 -1.04 -0.33
59 144.0 135.0 83.0 35.0 0.2 -0.21 0.24 -0.18 0.71 -0.23
60 137.0 131.0 84.0 33.0 0.21 -0.22 0.23 0.08 0.29 -0.09
61 122.0 126.0 82.0 31.0 0.18 -0.2 0.23 0.0 0.36 0.25
62 124.0 129.0 98.0 29.0 0.19 -0.17 0.2 0.42 0.37 0.54
63 141.0 125.0 95.0 28.0 0.23 -0.08 0.13 0.34 0.44 0.7
64 145.0 118.0 94.0 27.0 0.24 -0.02 0.09 0.24 0.52 0.76
65 181.0 121.0 87.0 27.0 0.28 0.01 -0.01 0.15 0.58 0.74
66 168.0 118.0 98.0 25.0 0.31 -0.04 -0.09 0.31 0.77 0.34
67 157.0 120.0 103.0 26.0 0.32 -0.05 -0.1 0.21 0.83 0.07
68 144.0 115.0 99.0 30.0 0.32 -0.06 -0.11 0.17 0.85 0.19
69 150.0 112.0 100.0 29.0 0.33 -0.04 -0.11 0.02 0.82 0.48
70 139.0 113.0 101.0 28.0 0.34 -0.04 -0.1 0.05 0.83 0.41
71 170.0 111.0 95.0 28.0 0.36 -0.0 -0.08 0.27 1.09 0.33
72 174.0 114.0 95.0 27.0 0.4 0.07 -0.07 0.29 1.35 0.6
73 214.0 136.0 89.0 34.0 0.43 0.12 -0.07 0.09 2.18 1.05
74 220.0 147.0 95.0 34.0 0.45 0.14 -0.09 0.19 2.34 1.16
75 234.0 148.0 96.0 32.0 0.52 0.22 -0.12 0.99 2.69 0.8
76 215.0 159.0 89.0 32.0 0.56 0.3 -0.12 0.99 2.66 0.96
77 215.0 149.0 91.0 31.0 0.67 0.49 -0.07 1.07 2.63 1.5
78 293.0 141.0 89.0 43.0 0.79 0.66 -0.07 0.3 2.27 2.65
79 238.0 136.0 84.0 52.0 0.85 0.62 -0.08 -0.21 2.13 2.91
80 196.0 133.0 77.0 55.0 1.12 0.22 -0.17 -0.32 1.84 3.34
81 185.0 133.0 81.0 49.0 1.45 -0.04 -0.24 0.27 1.83 3.44
82 245.0 130.0 90.0 44.0 1.61 -0.04 -0.23 -0.55 1.97 3.46
83 289.0 128.0 91.0 39.0 1.91 -0.1 -0.17 -1.29 1.46 3.5
84 254.0 120.0 85.0 40.0 2.16 -0.3 -0.04 -1.22 0.81 3.43
85 286.0 121.0 92.0 36.0 2.31 -0.43 0.02 -1.14 -0.11 3.27
86 254.0 126.0 91.0 34.0 2.47 -0.5 0.06 -0.87 -1.07 2.54
87 287.0 125.0 98.0 31.0 2.52 -0.41 0.11 -1.0 -2.61 0.75
88 349.0 119.0 91.0 29.0 2.52 -0.36 0.11 -1.17 -3.2 0.1
89 340.0 118.0 97.0 28.0 2.43 -0.36 0.21 -1.17 -4.04 -1.75
90 355.0 121.0 93.0 27.0 2.36 -0.44 0.27 -0.71 -4.19 -2.31
91 326.0 122.0 90.0 26.0 2.24 -0.42 0.31 -0.6 -4.44 -2.54
92 450.0 130.0 84.0 26.0 1.9 -0.25 0.33 -0.2 -4.46 -3.36
93 405.0 127.0 91.0 25.0 1.59 -0.08 0.24 -0.12 -4.32 -4.12
94 337.0 123.0 93.0 24.0 1.42 -0.03 0.2 -0.25 -3.97 -4.15
95 364.0 125.0 96.0 24.0 1.17 -0.09 0.02 -0.2 -3.66 -4.14
96 316.0 124.0 93.0 24.0 0.77 -0.12 -0.08 0.01 -3.04 -3.84
97 284.0 114.0 89.0 24.0 0.62 -0.1 -0.11 0.06 -2.78 -3.66
98 246.0 131.0 84.0 32.0 0.4 -0.03 -0.15 -0.01 -1.62 -3.08
99 209.0 125.0 81.0 30.0 0.05 0.04 -0.16 -0.02 -1.14 -2.8
100 227.0 119.0 78.0 32.0 -0.05 0.02 -0.18 -0.03 -0.86 -2.79
101 206.0 117.0 78.0 31.0 -0.17 -0.07 -0.19 -0.84 0.09 -2.19
102 195.0 120.0 77.0 29.0 -0.31 -0.38 -0.24 -1.99 0.03 -1.83
103 196.0 118.0 76.0 28.0 -0.29 -0.61 -0.24 -2.23 0.26 -1.16
104 157.0 114.0 77.0 28.0 -0.25 -0.81 -0.11 -1.82 0.27 -0.45
105 129.0 112.0 80.0 27.0 -0.22 -0.51 0.15 -2.04 0.41 0.06
106 104.0 114.0 79.0 26.0 -0.2 -0.31 0.29 -2.21 0.52 0.27
107 85.0 120.0 84.0 26.0 -0.17 -0.02 0.51 -2.38 0.51 0.64
108 72.0 134.0 83.0 34.0 -0.2 0.16 0.71 -1.94 0.32 0.1
109 61.0 136.0 93.0 32.0 -0.21 0.27 0.82 -1.7 0.18 -0.2
110 51.0 153.0 94.0 30.0 -0.28 0.62 1.11 -1.38 0.33 -0.73
111 62.0 141.0 89.0 29.0 -0.4 1.04 1.45 -1.75 0.37 0.12
112 58.0 137.0 89.0 27.0 -0.51 1.23 1.61 -2.29 0.18 0.21
113 90.0 145.0 82.0 30.0 -0.66 1.58 1.88 -2.74 0.08 0.03
114 118.0 136.0 87.0 29.0 -0.9 1.78 2.03 -4.46 -0.62 -0.99
115 108.0 129.0 89.0 33.0 -0.92 1.77 2.06 -4.46 -0.87 -1.07
116 88.0 133.0 93.0 34.0 -0.7 1.48 2.05 -3.36 -1.34 -0.33
117 107.0 132.0 89.0 33.0 -0.51 1.06 2.05 -0.33 -1.85 0.36
118 175.0 138.0 98.0 32.0 -0.49 0.98 2.03 0.43 -2.08 0.25
119 169.0 140.0 96.0 30.0 -0.43 1.06 1.99 2.36 -2.04 0.0
120 165.0 142.0 94.0 29.0 -0.34 1.31 1.77 2.22 -1.96 0.1
121 196.0 144.0 97.0 27.0 -0.27 1.33 1.59 2.31 -1.75 0.36
122 194.0 146.0 95.0 30.0 -0.06 0.96 1.17 3.07 -1.29 0.65
123 201.0 142.0 93.0 29.0 0.12 0.57 0.77 3.53 -0.69 0.82
124 189.0 138.0 92.0 29.0 0.15 0.54 0.59 3.19 -0.56 0.8
125 178.0 151.0 93.0 32.0 0.12 0.59 0.27 2.26 -0.14 0.78
126 166.0 144.0 88.0 31.0 0.03 0.42 0.07 2.1 -0.18 0.48
127 162.0 134.0 90.0 30.0 0.0 0.27 0.03 2.25 -0.3 0.49
128 144.0 137.0 95.0 28.0 -0.06 0.04 0.02 2.05 -0.53 0.99
129 129.0 131.0 96.0 27.0 -0.09 -0.04 -0.01 1.89 -0.39 1.34
130 144.0 144.0 89.0 27.0 -0.07 -0.07 -0.05 1.67 -0.31 1.55
131 129.0 139.0 87.0 26.0 -0.05 -0.19 -0.15 1.18 -0.31 1.41
132 125.0 134.0 83.0 25.0 -0.01 -0.29 -0.21 0.99 -0.38 1.03
133 118.0 136.0 93.0 25.0 0.02 -0.3 -0.24 0.78 -0.54 0.6
134 105.0 135.0 91.0 25.0 0.08 -0.34 -0.29 0.43 -0.59 0.15
135 127.0 132.0 84.0 24.0 0.14 -0.38 -0.34 -0.3 -0.94 -0.37
136 124.0 134.0 78.0 25.0 0.14 -0.42 -0.35 -0.39 -1.04 -0.6
137 122.0 135.0 82.0 24.0 0.12 -0.41 -0.36 -0.68 -1.48 -1.0
138 117.0 138.0 93.0 24.0 0.03 -0.32 -0.33 -0.99 -2.68 -1.76
139 101.0 136.0 95.0 24.0 -0.02 -0.27 -0.29 -1.1 -3.19 -2.07
140 118.0 139.0 95.0 24.0 -0.1 -0.16 -0.23 -1.45 -3.73 -3.07
141 114.0 140.0 89.0 23.0 -0.26 -0.08 -0.13 -1.93 -3.78 -3.6
142 113.0 143.0 85.0 24.0 -0.38 -0.09 -0.06 -2.4 -3.8 -4.04
143 116.0 142.0 85.0 24.0 -0.72 -0.18 0.08 -2.56 -3.66 -4.64
144 129.0 139.0 91.0 35.0 -1.1 -0.2 0.22 -1.91 -2.41 -3.78
145 130.0 153.0 85.0 54.0 -1.35 -0.14 0.31 -1.58 -1.83 -3.35
146 130.0 148.0 81.0 53.0 -1.9 0.14 0.49 -1.05 -0.86 -2.67
147 152.0 145.0 78.0 51.0 -2.36 0.49 0.57 -0.34 0.12 -1.31
148 138.0 138.0 75.0 47.0 -2.52 0.6 0.56 -0.2 0.45 -0.68
149 136.0 163.0 75.0 65.0 -2.71 0.65 0.49 0.68 0.94 1.58
150 133.0 169.0 71.0 57.0 -2.72 0.62 0.4 1.27 1.27 2.52
151 190.0 153.0 72.0 53.0 -2.61 0.62 0.34 1.42 1.44 2.92
152 169.0 146.0 73.0 73.0 -2.35 0.71 0.21 1.05 0.85 4.33
153 194.0 143.0 77.0 66.0 -1.84 0.56 0.12 0.93 0.93 5.02
154 159.0 135.0 76.0 57.0 -1.65 0.49 0.04 0.5 1.81 4.89
155 190.0 134.0 85.0 49.0 -1.15 0.34 0.02 0.81 1.78 4.34
156 172.0 131.0 81.0 44.0 -0.6 0.24 -0.07 0.34 2.26 3.59
157 154.0 131.0 75.0 44.0 -0.47 0.22 -0.04 0.36 2.29 3.3
158 132.0 127.0 75.0 39.0 -0.24 0.15 0.01 0.31 2.05 2.16
159 118.0 129.0 81.0 36.0 -0.12 0.06 0.09 0.2 1.61 1.5
160 115.0 128.0 80.0 34.0 -0.03 0.01 0.13 0.25 1.48 1.28
161 115.0 121.0 79.0 35.0 0.05 -0.03 0.19 0.4 0.94 0.71
162 117.0 121.0 79.0 33.0 0.1 -0.03 0.19 0.45 0.71 0.4
163 115.0 124.0 78.0 30.0 0.12 -0.01 0.18 0.5 0.56 0.03
164 146.0 128.0 76.0 29.0 0.14 0.02 0.14 0.55 0.37 -0.3
165 130.0 122.0 74.0 28.0 0.08 0.07 0.08 0.65 -0.05 -0.78
166 134.0 118.0 73.0 27.0 0.08 0.06 0.04 0.71 -0.17 -0.87
167 136.0 114.0 73.0 28.0 0.04 0.04 -0.04 1.04 -0.49 -0.96
168 144.0 114.0 71.0 26.0 -0.0 0.06 -0.15 2.03 -0.94 -0.75
169 141.0 120.0 72.0 25.0 -0.03 0.09 -0.22 2.43 -1.11 -0.59
170 173.0 120.0 72.0 26.0 -0.06 0.13 -0.42 3.38 -1.67 -0.24
171 184.0 125.0 70.0 26.0 -0.03 0.13 -0.75 3.99 -1.9 -0.03
172 194.0 121.0 73.0 66.0 0.01 0.1 -0.95 4.4 -2.27 -0.15
173 254.0 127.0 71.0 58.0 0.11 0.01 -1.42 4.73 -2.52 -0.17
174 241.0 141.0 72.0 49.0 0.21 -0.03 -1.94 4.17 -1.98 -0.1
175 232.0 137.0 74.0 43.0 0.24 -0.07 -2.2 3.65 -1.89 0.05
176 229.0 141.0 74.0 40.0 0.29 -0.13 -2.7 2.54 -1.68 0.38
177 252.0 149.0 74.0 40.0 0.27 -0.23 -3.05 0.55 -1.72 0.89
178 293.0 165.0 73.0 40.0 0.25 -0.28 -3.13 -0.1 -1.97 0.98
179 282.0 164.0 76.0 37.0 0.26 -0.37 -3.11 -2.13 -1.92 0.05
180 355.0 152.0 97.0 34.0 0.35 -0.46 -2.86 -3.76 -1.48 -0.11
181 350.0 146.0 90.0 34.0 0.38 -0.44 -2.67 -4.09 -1.23 0.18
182 300.0 134.0 85.0 32.0 0.32 -0.24 -2.13 -5.48 -0.55 1.49
183 262.0 143.0 82.0 31.0 0.15 -0.23 -1.51 -5.86 0.31 0.51
184 242.0 137.0 80.0 30.0 0.07 -0.3 -1.21 -5.55 0.93 -0.43
185 226.0 130.0 79.0 29.0 -0.14 -0.32 -0.69 -5.26 1.18 -1.03
186 244.0 122.0 82.0 30.0 -0.2 -0.34 -0.32 -4.23 1.19 -1.05
187 239.0 115.0 80.0 30.0 -0.24 -0.34 -0.17 -3.93 1.07 -0.89
188 207.0 111.0 78.0 28.0 -0.27 -0.27 0.05 -2.51 1.08 -0.62
189 191.0 109.0 77.0 28.0 -0.23 -0.11 0.17 -1.72 1.14 -0.51
190 177.0 106.0 80.0 27.0 -0.21 -0.03 0.19 -1.41 1.12 -0.57
191 159.0 104.0 81.0 24.0 -0.14 0.04 0.21 -0.54 1.17 -0.56
192 168.0 106.0 85.0 25.0 -0.09 0.11 0.17 -0.32 1.28 -0.65
193 163.0 108.0 85.0 26.0 -0.06 0.13 0.13 -0.23 1.21 -0.64
194 159.0 109.0 82.0 25.0 -0.02 0.15 0.11 -0.16 1.15 -0.47
195 168.0 105.0 86.0 25.0 -0.01 0.15 0.09 -0.09 0.99 0.0
196 144.0 101.0 83.0 29.0 0.0 0.15 0.08 -0.15 0.99 0.11
197 161.0 106.0 82.0 24.0 -0.02 0.12 0.1 -0.15 0.66 0.34
198 155.0 102.0 77.0 24.0 -0.01 0.1 0.12 -0.19 0.47 0.33
199 142.0 99.0 76.0 24.0 -0.01 0.05 0.14 -0.16 0.47 0.32
200 124.0 97.0 75.0 24.0 -0.01 0.0 0.15 0.22 0.35 0.23
201 117.0 98.0 73.0 24.0 -0.01 0.01 0.14 0.25 0.29 0.1
202 125.0 98.0 71.0 24.0 -0.03 0.02 0.12 0.29 0.22 0.07
203 124.0 119.0 70.0 23.0 -0.02 -0.01 0.09 0.24 0.2 0.03
204 107.0 114.0 71.0 24.0 -0.02 -0.04 0.08 0.14 0.01 -0.01
205 104.0 109.0 71.0 24.0 0.02 -0.07 0.06 0.17 0.0 0.0
206 91.0 122.0 69.0 24.0 0.02 -0.05 0.05 0.23 0.0 0.0
207 101.0 143.0 70.0 24.0 0.02 -0.03 0.04 0.24 0.06 -0.19
208 143.0 152.0 70.0 24.0 -0.02 0.03 0.02 0.27 0.1 -0.37
209 129.0 144.0 70.0 23.0 -0.06 0.05 0.0 0.23 0.09 -0.91
210 109.0 147.0 69.0 23.0 -0.09 0.07 -0.0 0.12 0.08 -1.3
211 123.0 154.0 69.0 23.0 -0.15 0.06 -0.01 0.13 0.07 -1.49
212 126.0 150.0 70.0 27.0 -0.23 0.03 -0.03 0.21 0.03 -1.73
213 137.0 138.0 68.0 27.0 -0.28 0.03 -0.04 0.19 -0.02 -1.68
214 147.0 131.0 69.0 30.0 -0.42 0.04 -0.06 0.31 -0.24 -1.79
215 132.0 126.0 71.0 29.0 -0.51 0.05 -0.1 0.14 -0.36 -1.85
216 120.0 117.0 70.0 28.0 -0.55 0.04 -0.14 0.14 -0.26 -2.24
217 112.0 107.0 67.0 27.0 -0.63 0.06 -0.2 0.17 -0.3 -2.4
218 102.0 100.0 64.0 26.0 -0.77 0.18 -0.25 0.41 -0.03 -3.15
219 83.0 94.0 64.0 26.0 -0.87 0.28 -0.28 -0.32 -0.18 -2.98
220 76.0 93.0 64.0 26.0 -1.06 0.26 -0.29 -0.19 -0.33 -2.87
221 108.0 93.0 62.0 25.0 -1.16 0.54 -0.25 -14.81 -5.79 28.58
222 89.0 89.0 62.0 25.0 0.07 1.27 -0.15 5.04 2.94 -2.25
223 86.0 88.0 69.0 25.0 0.27 -0.5 -0.08 -1.23 -0.11 -3.72
224 83.0 90.0 66.0 24.0 0.4 -0.07 0.11 -1.28 0.21 0.41
225 67.0 88.0 62.0 24.0 0.21 -0.04 0.02 0.4 0.39 1.15
226 57.0 87.0 61.0 24.0 -0.04 -0.2 -0.08 1.61 0.12 0.52
227 93.0 87.0 59.0 23.0 0.03 -0.17 -0.06 1.0 -0.2 -0.83
228 88.0 86.0 60.0 23.0 0.1 -0.1 -0.03 0.39 -0.38 -0.01
229 93.0 86.0 60.0 23.0 0.18 0.13 -0.01 0.37 -0.33 -0.13
230 79.0 87.0 61.0 24.0 0.18 0.22 -0.05 -0.27 -0.17 -0.11
231 84.0 85.0 60.0 23.0 0.15 0.18 -0.04 -0.18 0.01 0.05
232 85.0 86.0 59.0 23.0 0.1 0.1 0.0 -0.21 0.03 -0.17
233 106.0 84.0 59.0 23.0 0.14 0.11 0.0 -0.15 0.2 -0.01
234 117.0 86.0 60.0 23.0 0.13 0.12 0.0 -0.01 0.45 0.07
235 111.0 85.0 59.0 24.0 0.06 0.16 -0.01 -0.05 0.55 0.1
236 111.0 83.0 60.0 23.0 -0.0 0.15 -0.02 -0.23 0.54 0.09
237 94.0 83.0 59.0 23.0 -0.02 0.14 -0.02 -0.31 0.44 -0.03
238 90.0 81.0 60.0 22.0 -0.05 0.12 -0.01 -0.3 0.29 -0.06
239 84.0 80.0 60.0 23.0 -0.05 0.1 -0.0 -0.23 0.04 -0.12
240 77.0 78.0 61.0 23.0 -0.04 0.09 0.0 -0.17 -0.06 -0.15
241 79.0 78.0 60.0 23.0 -0.03 0.09 0.0 -0.11 -0.1 -0.12
242 89.0 81.0 61.0 23.0 -0.01 0.08 0.0 -0.12 -0.08 -0.16
243 74.0 78.0 63.0 23.0 0.01 0.09 -0.0 -0.15 0.05 -0.16
244 71.0 77.0 63.0 23.0 0.02 0.06 -0.01 -0.18 0.1 -0.13
245 72.0 76.0 63.0 23.0 0.03 0.06 -0.02 -0.19 0.13 -0.05
246 76.0 75.0 62.0 23.0 0.03 0.05 -0.03 -0.21 0.23 -0.03
247 95.0 78.0 61.0 23.0 0.01 0.06 -0.03 -0.25 0.24 -0.03
248 80.0 79.0 62.0 23.0 0.01 0.06 -0.04 -0.2 0.17 -0.09
249 69.0 78.0 63.0 23.0 0.0 0.05 -0.05 -0.15 0.15 -0.1
250 96.0 78.0 62.0 23.0 0.01 0.05 -0.05 -0.16 0.12 -0.1
251 94.0 77.0 63.0 23.0 0.01 0.05 -0.05 -0.15 0.05 -0.11
252 83.0 79.0 62.0 22.0 0.02 0.06 -0.05 -0.1 0.09 -0.07
