1 41.0 69.0 47.0 24.0 0.01 -0.01 -0.01 -0.02 -0.05 0.0
2 37.0 69.0 47.0 23.0 -0.0 -0.01 -0.01 -0.01 -0.09 -0.02
3 34.0 70.0 48.0 23.0 -0.0 -0.01 -0.01 0.02 -0.09 0.01
4 33.0 70.0 49.0 23.0 -0.01 -0.02 -0.01 0.05 -0.1 0.0
5 30.0 70.0 49.0 23.0 -0.01 -0.02 -0.0 0.06 -0.1 -0.01
6 27.0 71.0 50.0 25.0 -0.01 -0.01 -0.0 -0.01 -0.1 -0.02
7 30.0 72.0 48.0 23.0 -0.01 0.0 0.0 0.0 -0.1 0.0
8 28.0 72.0 48.0 23.0 -0.01 0.0 -0.0 -0.04 -0.09 -0.03
9 30.0 73.0 49.0 22.0 -0.01 -0.0 0.0 -0.02 -0.07 0.0
10 26.0 70.0 48.0 23.0 -0.01 -0.01 -0.01 -0.02 -0.07 -0.01
11 47.0 73.0 48.0 23.0 -0.01 -0.01 -0.01 -0.02 -0.08 -0.02
12 49.0 74.0 48.0 23.0 -0.01 -0.01 -0.01 -0.01 -0.08 -0.01
13 42.0 73.0 47.0 23.0 -0.01 -0.01 -0.02 -0.01 -0.08 -0.02
14 42.0 72.0 46.0 23.0 -0.02 -0.01 -0.01 0.0 -0.1 -0.03
15 39.0 72.0 47.0 23.0 -0.01 -0.01 -0.01 0.0 -0.1 -0.02
16 39.0 71.0 46.0 23.0 -0.01 -0.01 -0.01 -0.02 -0.08 -0.03
17 36.0 70.0 47.0 23.0 -0.01 -0.02 -0.01 0.01 -0.05 -0.02
18 34.0 71.0 46.0 23.0 -0.01 -0.02 -0.01 0.01 -0.1 0.0
19 31.0 71.0 46.0 23.0 -0.01 -0.01 -0.01 0.0 -0.08 -0.01
20 31.0 70.0 46.0 23.0 -0.01 -0.01 -0.01 -0.01 -0.09 -0.02
21 30.0 70.0 47.0 23.0 -0.01 -0.01 -0.01 -0.01 -0.07 0.0
22 38.0 72.0 48.0 23.0 -0.02 -0.02 -0.01 -0.02 -0.06 0.01
23 37.0 74.0 48.0 24.0 -0.02 -0.03 -0.01 -0.02 -0.08 0.0
24 44.0 74.0 49.0 23.0 -0.03 -0.03 -0.01 -0.03 -0.07 -0.01
25 63.0 78.0 49.0 23.0 -0.05 -0.04 -0.02 -0.1 -0.07 0.04
26 98.0 83.0 53.0 26.0 -0.08 -0.08 -0.02 -0.12 -0.05 0.01
27 123.0 96.0 52.0 26.0 -0.1 -0.1 -0.03 -0.63 0.26 0.29
28 152.0 111.0 57.0 56.0 -0.23 -0.26 -0.02 -0.66 0.28 0.48
29 284.0 135.0 57.0 50.0 -0.47 -0.64 0.03 -0.57 0.45 0.58
30 249.0 161.0 56.0 51.0 -0.68 -1.02 0.09 -2.01 0.54 0.92
31 303.0 173.0 56.0 45.0 -1.47 -2.34 0.33 -2.7 -0.25 0.75
32 293.0 171.0 61.0 40.0 -0.71 -1.74 0.14 1.03 0.73 1.16
33 298.0 169.0 66.0 37.0 -0.37 -1.55 0.04 0.75 0.92 2.61
34 274.0 154.0 67.0 34.0 -0.17 -1.45 0.08 1.38 1.86 3.86
35 242.0 143.0 71.0 31.0 0.03 -0.82 -0.08 0.77 1.31 3.62
36 296.0 131.0 69.0 30.0 0.16 -0.45 -0.19 -0.02 4.09 4.46
37 279.0 147.0 68.0 28.0 0.92 -0.16 -0.57 0.26 2.09 3.74
38 246.0 139.0 64.0 27.0 1.0 -0.35 -0.44 -0.22 2.76 2.6
39 229.0 134.0 81.0 27.0 1.02 -0.44 -0.37 -0.2 2.54 2.44
40 286.0 134.0 86.0 26.0 1.15 -0.56 -0.27 -0.33 2.41 2.57
41 317.0 133.0 82.0 27.0 1.26 -0.48 -0.18 -0.05 1.83 2.78
42 307.0 142.0 75.0 26.0 1.23 -0.36 -0.12 0.11 1.84 2.58
43 249.0 142.0 73.0 27.0 1.32 -0.04 -0.15 0.44 1.51 2.18
44 231.0 130.0 71.0 27.0 1.48 0.35 -0.15 0.78 1.18 1.32
45 182.0 147.0 67.0 28.0 1.58 0.48 -0.19 0.55 0.93 1.26
46 152.0 175.0 68.0 43.0 1.69 0.52 -0.16 -0.29 0.1 0.87
47 128.0 169.0 66.0 42.0 1.85 0.37 -0.13 -0.6 -0.42 0.69
48 177.0 194.0 75.0 46.0 1.99 0.3 -0.06 -0.62 -1.03 0.6
49 171.0 177.0 84.0 41.0 2.28 0.15 0.22 -1.66 -1.78 0.93
50 147.0 169.0 79.0 37.0 2.54 -0.18 0.51 -2.03 -1.76 0.81
51 229.0 173.0 77.0 35.0 2.57 -0.3 0.64 -2.29 -2.3 0.42
52 217.0 160.0 82.0 32.0 2.72 -0.37 0.8 -2.28 -2.36 0.23
53 285.0 151.0 86.0 30.0 2.65 -0.08 0.87 -1.22 -2.74 -0.49
54 326.0 165.0 86.0 29.0 2.63 0.05 0.84 -0.83 -2.7 -0.71
55 356.0 170.0 89.0 28.0 2.44 0.26 0.9 -0.78 -2.98 -1.93
56 358.0 157.0 96.0 27.0 2.18 0.17 0.89 -0.32 -3.06 -3.24
57 384.0 155.0 103.0 27.0 2.03 0.07 0.85 0.04 -3.18 -3.65
58 422.0 149.0 98.0 25.0 1.63 -0.11 0.76 0.91 -3.5 -4.11
59 376.0 147.0 97.0 37.0 1.23 -0.23 0.6 0.69 -3.39 -3.89
60 359.0 145.0 94.0 36.0 1.0 -0.26 0.51 0.66 -3.36 -3.7
61 367.0 148.0 90.0 33.0 0.61 -0.31 0.34 0.97 -3.21 -3.57
62 366.0 154.0 98.0 31.0 0.3 -0.3 0.22 1.08 -2.5 -2.97
63 327.0 143.0 95.0 29.0 0.12 -0.23 0.2 0.83 -2.39 -2.73
64 349.0 145.0 100.0 28.0 -0.12 -0.13 0.13 0.51 -1.95 -1.93
65 387.0 144.0 92.0 32.0 -0.26 -0.1 0.09 0.63 -1.62 -1.37
66 341.0 136.0 88.0 31.0 -0.3 -0.08 0.04 0.72 -1.35 -0.98
67 299.0 131.0 85.0 30.0 -0.39 0.03 -0.05 0.38 -0.91 -0.68
68 265.0 148.0 86.0 29.0 -0.35 0.08 -0.16 0.05 -0.45 -0.51
69 256.0 147.0 83.0 28.0 -0.39 0.11 -0.18 -0.51 -0.38 -0.36
70 267.0 161.0 79.0 27.0 -0.28 0.04 -0.19 -0.65 -0.1 -0.29
71 230.0 155.0 77.0 42.0 -0.19 -0.01 -0.15 -0.77 0.09 -0.32
72 189.0 137.0 73.0 38.0 -0.16 0.01 -0.1 -0.87 0.15 -0.3
73 167.0 132.0 72.0 36.0 -0.12 0.11 -0.0 -1.19 0.43 -0.31
74 147.0 137.0 72.0 34.0 -0.11 0.27 0.11 -1.54 0.48 -0.47
75 126.0 149.0 72.0 34.0 -0.12 0.35 0.19 -1.75 0.5 -0.61
76 111.0 137.0 68.0 32.0 -0.16 0.54 0.41 -1.4 0.35 -0.58
77 97.0 130.0 75.0 30.0 -0.28 0.92 0.72 -1.08 0.22 -0.23
78 89.0 140.0 79.0 30.0 -0.33 1.17 0.87 -0.93 0.33 -0.35
79 84.0 140.0 75.0 28.0 -0.44 1.75 1.17 -1.59 0.43 -0.93
80 72.0 145.0 77.0 27.0 -0.62 2.12 1.46 -2.32 0.44 -1.37
81 66.0 139.0 75.0 26.0 -0.79 2.08 1.63 -2.37 0.21 -1.14
82 90.0 137.0 73.0 26.0 -1.13 1.83 1.87 -2.81 -0.23 -0.68
83 87.0 147.0 70.0 25.0 -1.23 1.46 1.97 -2.69 -0.9 -0.65
84 84.0 141.0 75.0 25.0 -1.2 1.33 1.99 -2.39 -1.11 -0.59
85 100.0 193.0 87.0 25.0 -0.98 1.27 1.91 -0.31 -1.63 1.12
86 83.0 173.0 87.0 25.0 -0.83 1.28 1.82 1.45 -1.73 1.61
87 106.0 164.0 85.0 26.0 -0.6 1.52 1.57 1.07 -1.65 1.46
88 128.0 155.0 84.0 25.0 -0.35 1.46 1.32 1.18 -1.26 1.23
89 124.0 159.0 82.0 24.0 -0.26 1.27 1.22 1.44 -0.85 0.99
90 119.0 157.0 101.0 24.0 -0.11 0.76 1.0 1.75 -0.82 1.02
91 120.0 163.0 97.0 24.0 0.04 0.38 0.74 2.01 -0.68 0.86
92 124.0 180.0 92.0 24.0 0.13 0.31 0.61 1.25 -0.24 0.91
93 228.0 178.0 87.0 47.0 0.16 0.29 0.41 0.94 -0.14 0.94
94 222.0 175.0 84.0 41.0 0.1 0.17 0.29 1.08 -0.35 1.17
95 193.0 162.0 82.0 38.0 0.07 0.11 0.24 1.21 -0.49 0.78
96 217.0 162.0 106.0 34.0 0.06 -0.01 0.14 1.38 -0.59 0.54
97 211.0 153.0 105.0 32.0 0.11 -0.17 0.07 1.69 -0.46 0.59
98 195.0 151.0 100.0 30.0 0.12 -0.25 0.05 1.37 -0.64 0.8
99 255.0 155.0 93.0 29.0 0.08 -0.41 0.02 1.34 -0.91 0.88
100 219.0 153.0 91.0 28.0 0.1 -0.46 -0.07 1.44 -0.93 0.42
101 209.0 149.0 101.0 28.0 0.1 -0.42 -0.13 1.19 -1.23 -0.2
102 174.0 156.0 101.0 31.0 0.08 -0.3 -0.26 0.91 -1.38 -0.43
103 157.0 152.0 95.0 30.0 0.04 -0.24 -0.36 -0.01 -2.05 -1.15
104 158.0 147.0 101.0 28.0 0.03 -0.26 -0.4 -0.49 -2.59 -1.86
105 163.0 142.0 97.0 27.0 0.0 -0.23 -0.44 -0.64 -2.97 -2.1
106 155.0 147.0 96.0 26.0 -0.13 -0.13 -0.42 -1.46 -3.72 -2.84
107 184.0 146.0 100.0 26.0 -0.22 -0.07 -0.4 -1.84 -3.7 -3.36
108 186.0 141.0 89.0 25.0 -0.49 -0.01 -0.38 -1.77 -3.53 -3.65
109 177.0 149.0 88.0 25.0 -0.89 0.05 -0.32 -1.71 -3.36 -3.74
110 163.0 146.0 86.0 26.0 -1.12 0.08 -0.25 -0.72 -2.91 -3.34
111 142.0 147.0 79.0 29.0 -1.57 0.11 -0.16 -0.44 -2.73 -3.15
112 132.0 164.0 75.0 36.0 -1.99 0.27 -0.15 0.29 -1.93 -2.12
113 127.0 152.0 71.0 36.0 -2.16 0.4 -0.19 0.51 -0.59 -0.48
114 133.0 152.0 72.0 37.0 -2.43 0.6 -0.33 0.57 -0.22 -0.1
115 151.0 146.0 74.0 34.0 -2.54 0.65 -0.46 0.31 0.22 1.19
116 132.0 155.0 73.0 48.0 -2.5 0.61 -0.51 0.69 1.11 2.38
117 111.0 157.0 69.0 59.0 -2.42 0.62 -0.59 0.36 1.32 2.98
118 117.0 156.0 67.0 56.0 -2.18 0.69 -0.67 -0.59 1.89 3.58
119 172.0 149.0 65.0 50.0 -2.02 0.63 -0.65 -1.0 1.68 3.69
120 164.0 145.0 73.0 47.0 -1.65 0.37 -0.48 -1.27 1.63 3.91
121 186.0 145.0 83.0 43.0 -1.24 0.04 -0.25 -0.94 1.93 4.44
122 157.0 142.0 81.0 38.0 -1.05 -0.06 -0.15 -0.65 1.79 4.52
123 129.0 139.0 81.0 35.0 -0.63 -0.2 -0.02 -0.54 1.83 4.25
124 127.0 139.0 78.0 32.0 -0.28 -0.17 0.02 0.0 1.82 2.74
125 130.0 137.0 82.0 31.0 -0.17 -0.14 0.05 0.19 1.59 1.57
126 125.0 147.0 89.0 31.0 -0.03 -0.11 0.12 0.35 1.46 1.14
127 105.0 141.0 88.0 29.0 0.07 -0.14 0.17 0.61 0.88 0.54
128 101.0 144.0 83.0 28.0 0.07 -0.14 0.17 0.68 0.51 0.37
129 85.0 141.0 83.0 27.0 0.07 -0.06 0.16 0.94 0.5 0.29
130 82.0 142.0 88.0 26.0 0.06 0.14 0.07 0.82 0.52 -0.02
131 100.0 144.0 85.0 25.0 0.06 0.14 0.07 0.43 0.28 -0.44
132 128.0 149.0 80.0 32.0 0.04 0.15 0.02 0.39 0.17 -0.58
133 124.0 153.0 79.0 32.0 -0.05 0.02 0.03 0.88 -0.4 -0.5
134 140.0 148.0 84.0 28.0 -0.05 0.02 0.03 1.18 -0.84 -0.39
135 123.0 139.0 79.0 28.0 -0.08 0.1 -0.05 1.35 -0.96 -0.3
136 138.0 138.0 76.0 29.0 -0.09 0.07 -0.17 1.97 -1.43 0.1
137 136.0 137.0 73.0 27.0 -0.11 0.04 -0.25 2.76 -2.03 0.45
138 126.0 138.0 73.0 26.0 -0.08 0.03 -0.48 3.59 -2.59 0.63
139 133.0 139.0 71.0 25.0 0.03 0.04 -0.84 3.95 -2.69 0.77
140 148.0 151.0 69.0 26.0 0.08 0.0 -1.06 3.77 -2.45 0.7
141 155.0 150.0 68.0 46.0 0.26 -0.2 -1.52 3.96 -2.46 0.75
142 141.0 148.0 67.0 43.0 0.44 -0.47 -2.05 3.65 -2.33 0.83
143 190.0 146.0 83.0 39.0 0.53 -0.55 -2.31 2.87 -1.99 0.63
144 162.0 133.0 92.0 36.0 0.6 -0.62 -2.7 2.18 -1.96 0.47
145 140.0 131.0 84.0 33.0 0.62 -0.8 -2.91 -0.1 -1.95 1.33
146 178.0 129.0 89.0 38.0 0.62 -0.95 -2.99 -1.47 -1.7 1.32
147 205.0 134.0 90.0 39.0 0.63 -1.19 -3.07 -1.71 -1.11 1.07
148 174.0 138.0 101.0 35.0 0.55 -1.08 -2.9 -3.09 -0.4 0.43
149 322.0 159.0 106.0 50.0 0.46 -0.87 -2.73 -5.48 0.03 0.15
150 415.0 160.0 110.0 62.0 0.32 -0.58 -2.19 -5.93 0.48 0.09
151 360.0 154.0 106.0 53.0 0.1 -0.44 -1.44 -6.96 1.01 -0.63
152 317.0 150.0 103.0 56.0 0.06 -0.46 -1.06 -6.9 1.53 -0.83
153 293.0 145.0 100.0 58.0 -0.06 -0.51 -0.4 -6.48 1.68 -0.87
154 307.0 139.0 104.0 56.0 -0.05 -0.45 0.09 -4.31 1.62 -0.69
155 280.0 131.0 112.0 49.0 -0.06 -0.35 0.3 -3.1 1.56 -0.74
156 317.0 133.0 119.0 43.0 0.01 -0.18 0.53 -2.64 1.46 -0.76
157 279.0 130.0 111.0 42.0 0.12 -0.1 0.57 -0.92 1.34 -0.88
158 261.0 128.0 100.0 43.0 0.16 -0.05 0.55 -0.05 1.2 -0.93
159 296.0 132.0 102.0 38.0 0.19 0.05 0.42 0.54 1.1 -1.11
160 269.0 127.0 105.0 39.0 0.16 0.11 0.24 0.65 0.9 -1.04
161 244.0 129.0 94.0 36.0 0.17 0.11 0.17 0.51 0.65 -1.02
162 263.0 127.0 96.0 34.0 0.16 0.09 0.08 0.5 0.52 -0.95
163 223.0 128.0 92.0 33.0 0.05 0.1 0.06 0.44 0.47 -0.62
164 197.0 126.0 89.0 32.0 -0.01 0.1 0.05 0.28 0.28 -0.32
165 183.0 122.0 85.0 33.0 -0.08 0.11 0.04 0.2 0.08 -0.17
166 177.0 118.0 89.0 31.0 -0.13 0.12 0.04 -0.03 -0.16 0.2
167 253.0 119.0 84.0 32.0 -0.15 0.09 0.04 -0.19 -0.27 0.32
168 209.0 116.0 86.0 30.0 -0.14 -0.01 0.06 -0.14 -0.35 0.48
169 181.0 112.0 84.0 29.0 -0.1 -0.1 0.08 -0.08 -0.35 0.48
170 174.0 113.0 76.0 28.0 -0.07 -0.12 0.08 0.12 -0.27 0.35
171 150.0 113.0 71.0 28.0 -0.05 -0.11 0.08 0.18 -0.28 0.23
172 169.0 119.0 68.0 27.0 -0.04 -0.07 0.07 0.28 -0.22 -0.03
173 140.0 118.0 64.0 26.0 -0.04 -0.06 0.06 0.41 -0.15 -0.56
174 125.0 123.0 62.0 26.0 -0.05 -0.14 0.03 0.43 -0.06 -0.72
175 106.0 140.0 60.0 27.0 -0.06 -0.21 -0.02 0.71 -0.04 -1.19
176 98.0 134.0 58.0 27.0 -0.08 -0.22 -0.04 0.75 -0.04 -1.55
177 99.0 135.0 58.0 27.0 -0.15 -0.22 -0.07 0.76 -0.02 -1.64
178 88.0 135.0 59.0 26.0 -0.25 -0.2 -0.09 0.82 0.05 -1.95
179 118.0 131.0 57.0 27.0 -0.32 -0.19 -0.1 0.53 -0.04 -1.88
180 111.0 125.0 56.0 26.0 -0.45 -0.12 -0.15 0.45 -0.11 -1.76
181 119.0 155.0 58.0 26.0 -0.57 -0.01 -0.22 0.14 -0.21 -1.41
182 101.0 145.0 58.0 26.0 -0.64 0.03 -0.25 0.29 -0.48 -1.46
183 125.0 139.0 60.0 26.0 -0.74 0.16 -0.26 -0.1 -0.47 -1.46
184 115.0 129.0 61.0 29.0 -0.82 0.17 -0.27 -0.15 -0.42 -1.65
185 108.0 121.0 60.0 27.0 -0.88 0.14 -0.28 -0.07 -0.4 -1.78
186 117.0 112.0 61.0 26.0 -0.97 0.11 -0.3 -0.17 -0.32 -1.8
187 98.0 105.0 98.0 26.0 -1.06 0.11 -0.34 0.02 -0.19 -2.55
188 81.0 99.0 164.0 25.0 -1.13 0.23 -0.35 -0.93 0.25 -2.14
189 122.0 96.0 180.0 24.0 -1.0 0.12 -0.46 -13.99 -6.52 28.41
190 144.0 95.0 158.0 25.0 0.53 0.19 -0.28 8.81 5.92 2.47
191 201.0 98.0 142.0 24.0 0.3 -0.25 -0.16 -1.15 0.73 -1.41
192 167.0 93.0 121.0 25.0 0.54 0.47 -0.15 0.54 0.74 -0.33
193 139.0 88.0 107.0 25.0 -0.03 0.45 -0.33 0.05 0.92 0.51
194 137.0 87.0 98.0 25.0 -0.07 0.15 -0.36 0.55 0.82 0.13
195 115.0 87.0 92.0 25.0 -0.04 -0.12 -0.14 0.61 0.5 -0.68
196 98.0 83.0 91.0 24.0 0.12 -0.14 0.01 0.08 -0.78 -0.21
197 84.0 81.0 87.0 24.0 0.15 -0.1 0.06 0.33 -0.81 -0.07
198 115.0 80.0 83.0 23.0 0.13 0.02 0.07 0.5 -0.68 -0.23
199 105.0 79.0 78.0 24.0 0.07 0.1 0.11 0.34 -0.68 -0.24
200 125.0 81.0 76.0 24.0 0.05 0.07 0.14 0.19 -0.68 -0.35
201 115.0 81.0 76.0 23.0 0.03 0.04 0.15 -0.13 -0.27 -0.17
202 95.0 78.0 70.0 23.0 0.0 0.03 0.13 -0.1 0.02 0.2
203 77.0 75.0 68.0 23.0 -0.02 0.03 0.15 -0.1 0.07 0.11
204 70.0 74.0 66.0 23.0 0.0 0.09 0.07 -0.36 0.23 0.07
205 74.0 76.0 67.0 23.0 -0.04 0.11 0.06 -0.31 0.38 -0.07
206 70.0 78.0 63.0 23.0 -0.03 0.1 0.05 -0.38 0.29 -0.06
207 100.0 82.0 58.0 23.0 0.01 0.05 0.02 -0.34 0.27 -0.04
208 104.0 81.0 61.0 23.0 0.03 0.06 -0.0 -0.31 0.14 -0.11
209 93.0 80.0 60.0 25.0 0.03 0.06 -0.02 -0.3 0.06 -0.14
210 83.0 79.0 57.0 22.0 0.04 0.04 -0.03 -0.21 -0.02 -0.14
211 74.0 78.0 60.0 23.0 0.06 0.03 -0.05 -0.12 -0.01 -0.18
212 68.0 77.0 62.0 23.0 0.08 0.01 -0.04 0.0 0.03 -0.02
213 62.0 79.0 69.0 23.0 0.1 0.04 -0.06 0.08 0.1 0.02
214 67.0 78.0 67.0 22.0 0.07 0.06 -0.06 -0.05 0.04 0.0
215 59.0 77.0 64.0 23.0 0.06 0.06 -0.07 -0.08 0.16 -0.01
216 76.0 77.0 63.0 23.0 0.03 0.04 -0.06 -0.13 0.18 -0.05
217 73.0 76.0 61.0 23.0 0.02 -0.01 -0.03 -0.11 0.09 -0.04
218 64.0 76.0 60.0 23.0 0.01 -0.03 -0.02 -0.09 0.05 -0.05
