1 53.0 73.0 70.0 30.0 0.02 0.0 -0.01 -0.1 0.07 0.0
2 49.0 74.0 70.0 30.0 0.0 0.01 -0.03 -0.08 0.1 0.04
3 41.0 74.0 68.0 30.0 -0.01 0.01 -0.04 -0.11 -0.04 -0.01
4 36.0 73.0 64.0 30.0 -0.03 0.01 -0.04 -0.09 -0.09 -0.03
5 32.0 72.0 62.0 29.0 -0.02 0.01 -0.04 -0.13 -0.15 -0.05
6 28.0 72.0 66.0 28.0 -0.01 0.0 -0.03 -0.15 -0.15 -0.08
7 33.0 73.0 81.0 27.0 0.0 -0.01 -0.02 -0.15 -0.14 -0.08
8 34.0 72.0 79.0 27.0 0.02 -0.04 -0.01 -0.07 -0.07 -0.08
9 30.0 72.0 72.0 27.0 0.04 -0.03 -0.01 -0.02 -0.04 0.0
10 27.0 71.0 71.0 26.0 0.04 -0.03 -0.01 -0.18 0.0 -0.01
11 25.0 73.0 69.0 26.0 0.03 -0.03 -0.01 -0.18 -0.04 0.0
12 24.0 74.0 67.0 27.0 0.02 -0.05 -0.01 0.01 -0.06 0.01
13 25.0 74.0 68.0 25.0 -0.0 -0.07 -0.0 0.07 -0.07 0.0
14 23.0 73.0 66.0 26.0 -0.02 -0.04 0.01 0.06 -0.06 -0.03
15 26.0 75.0 63.0 26.0 -0.03 -0.01 0.03 -0.04 -0.05 -0.03
16 21.0 75.0 65.0 25.0 -0.04 -0.01 0.03 -0.05 -0.05 -0.06
17 25.0 77.0 66.0 25.0 -0.04 -0.02 0.04 -0.17 -0.01 0.0
18 23.0 78.0 62.0 25.0 -0.03 -0.04 0.04 -0.25 0.0 0.0
19 22.0 79.0 59.0 25.0 -0.04 -0.06 0.04 -0.28 0.01 -0.04
20 27.0 81.0 58.0 35.0 -0.05 -0.13 0.04 -0.11 0.01 0.0
21 65.0 102.0 60.0 66.0 -0.06 -0.16 0.05 0.23 -0.01 0.14
22 109.0 139.0 58.0 60.0 -0.09 -0.18 0.08 0.15 -0.03 0.17
23 139.0 146.0 56.0 70.0 -0.16 -0.08 0.1 -0.11 -0.1 0.31
24 177.0 158.0 57.0 95.0 -0.17 0.04 0.16 0.48 0.2 0.54
25 166.0 200.0 57.0 89.0 -0.23 -0.01 0.23 0.62 0.52 0.73
26 193.0 228.0 60.0 87.0 -0.78 -1.42 0.52 0.39 -1.12 1.35
27 220.0 273.0 58.0 75.0 -0.35 -1.53 0.29 -0.68 -0.26 2.86
28 185.0 279.0 57.0 67.0 -0.42 -1.8 0.27 -0.14 -0.01 3.74
29 183.0 259.0 60.0 64.0 -0.55 -2.0 0.17 -4.51 -3.26 6.4
30 205.0 298.0 62.0 59.0 1.22 -3.29 -0.83 4.3 2.67 6.7
31 196.0 274.0 62.0 52.0 1.57 -2.72 -0.91 1.75 0.83 4.53
32 171.0 248.0 65.0 47.0 2.33 -1.39 -1.05 1.56 0.83 5.12
33 156.0 232.0 71.0 45.0 2.78 -0.47 -1.18 -0.44 0.61 4.64
34 136.0 224.0 74.0 41.0 2.99 -0.41 -1.19 -0.46 0.34 4.61
35 115.0 224.0 72.0 37.0 3.34 -0.87 -1.19 -0.36 0.17 2.78
36 107.0 210.0 73.0 34.0 3.51 -1.23 -1.13 -0.17 -0.19 1.15
37 103.0 202.0 76.0 36.0 3.52 -1.24 -1.1 -0.05 -0.34 0.28
38 140.0 190.0 83.0 33.0 3.34 -1.08 -1.01 -0.18 -0.48 -1.15
39 128.0 190.0 83.0 35.0 3.08 -0.99 -0.88 -0.64 -1.24 -1.5
40 122.0 179.0 81.0 33.0 3.01 -0.98 -0.85 -1.31 -1.35 -1.93
41 117.0 178.0 92.0 31.0 2.78 -0.9 -0.69 -0.85 -1.57 -2.27
42 126.0 186.0 101.0 31.0 2.48 -0.7 -0.59 -1.28 -2.04 -2.65
43 173.0 180.0 97.0 30.0 2.37 -0.58 -0.51 -1.2 -2.09 -2.72
44 161.0 186.0 92.0 31.0 2.06 -0.45 -0.33 -1.29 -2.3 -2.85
45 176.0 187.0 90.0 30.0 1.73 -0.39 -0.21 -1.1 -2.14 -2.69
46 158.0 185.0 88.0 35.0 1.61 -0.39 -0.17 -1.22 -2.23 -2.64
47 140.0 198.0 87.0 36.0 1.31 -0.34 -0.13 -1.12 -1.97 -2.61
48 139.0 198.0 85.0 34.0 1.03 -0.21 -0.15 -0.61 -2.0 -2.79
49 130.0 203.0 82.0 35.0 0.9 -0.1 -0.12 -0.44 -1.8 -2.81
50 135.0 211.0 91.0 34.0 0.71 -0.09 -0.08 -0.72 -1.75 -2.05
51 190.0 211.0 94.0 32.0 0.65 -0.12 -0.08 -0.77 -1.47 -1.25
52 191.0 208.0 89.0 41.0 0.56 -0.14 -0.1 -0.8 -1.45 -1.17
53 163.0 223.0 91.0 45.0 0.39 -0.04 -0.08 -0.55 -1.27 -1.21
54 148.0 209.0 93.0 45.0 0.33 -0.0 -0.06 -0.15 -0.91 -1.41
55 137.0 228.0 94.0 41.0 0.24 0.01 -0.02 -0.06 -0.85 -1.3
56 125.0 218.0 102.0 41.0 0.17 -0.03 -0.02 -0.06 -0.49 -0.81
57 121.0 210.0 96.0 44.0 0.14 -0.04 -0.04 -0.1 -0.35 -0.65
58 136.0 210.0 92.0 40.0 0.05 -0.01 -0.07 -0.14 -0.34 -0.6
59 122.0 209.0 88.0 45.0 -0.06 -0.02 -0.09 -0.11 -0.17 -0.6
60 107.0 213.0 91.0 57.0 -0.1 -0.02 -0.1 0.05 -0.11 -0.52
61 164.0 219.0 93.0 53.0 -0.16 0.02 -0.1 0.01 -0.09 -0.42
62 156.0 228.0 100.0 53.0 -0.2 0.02 -0.1 -0.01 -0.07 -0.21
63 157.0 249.0 107.0 48.0 -0.21 0.02 -0.1 -0.46 -0.15 0.13
64 151.0 259.0 108.0 50.0 -0.21 0.03 -0.09 -0.61 -0.18 0.19
65 135.0 242.0 106.0 50.0 -0.19 -0.0 -0.05 -0.49 -0.2 0.3
66 129.0 251.0 115.0 55.0 -0.16 -0.03 -0.02 -0.45 -0.21 0.31
67 144.0 229.0 110.0 51.0 -0.11 -0.06 0.03 -0.38 -0.12 0.25
68 129.0 241.0 110.0 50.0 -0.08 -0.02 0.06 -0.09 -0.08 0.04
69 133.0 248.0 106.0 49.0 -0.06 0.0 0.07 -0.07 -0.01 -0.17
70 131.0 248.0 106.0 46.0 -0.02 0.01 0.08 -0.04 0.05 -0.16
71 118.0 236.0 111.0 45.0 -0.01 0.01 0.07 -0.14 0.07 -0.16
72 123.0 259.0 103.0 47.0 -0.01 0.03 0.07 -0.24 -0.01 -0.31
73 137.0 257.0 107.0 47.0 -0.04 0.02 0.07 -0.24 0.0 -0.39
74 128.0 252.0 105.0 57.0 -0.05 0.01 0.07 -0.11 -0.14 -0.41
75 128.0 248.0 102.0 54.0 -0.06 0.01 0.07 -0.19 -0.14 -0.29
76 132.0 235.0 106.0 52.0 -0.05 0.01 0.07 -0.16 -0.13 -0.32
77 126.0 247.0 108.0 51.0 -0.04 0.02 0.08 -0.21 -0.17 -0.14
78 118.0 257.0 104.0 46.0 -0.05 0.03 0.06 -0.33 -0.14 0.0
79 155.0 265.0 99.0 52.0 -0.05 0.03 0.06 -0.26 -0.11 -0.03
80 153.0 253.0 95.0 53.0 -0.03 0.04 0.06 -0.08 0.02 -0.12
81 139.0 268.0 93.0 53.0 -0.03 0.06 0.05 -0.06 0.03 -0.17
82 133.0 254.0 119.0 51.0 -0.02 0.05 0.05 0.01 0.02 -0.17
83 117.0 250.0 114.0 50.0 -0.0 0.03 0.03 -0.01 -0.01 -0.14
84 125.0 255.0 103.0 59.0 0.0 0.02 0.02 -0.05 -0.05 -0.05
85 107.0 268.0 102.0 58.0 0.0 0.02 0.01 -0.05 -0.02 -0.1
86 134.0 300.0 98.0 62.0 0.0 0.03 0.01 -0.04 -0.11 -0.19
87 130.0 290.0 106.0 57.0 0.0 0.03 0.01 -0.11 -0.08 -0.11
88 126.0 280.0 99.0 63.0 0.01 0.01 0.02 -0.09 -0.14 -0.16
89 113.0 267.0 98.0 57.0 -0.0 0.0 0.03 -0.09 -0.13 -0.07
90 102.0 258.0 95.0 58.0 -0.01 0.0 0.03 -0.14 -0.15 -0.08
91 107.0 289.0 93.0 62.0 -0.02 -0.01 0.03 -0.14 -0.16 -0.21
92 102.0 385.0 94.0 56.0 -0.02 -0.03 0.04 -0.13 -0.15 -0.16
93 119.0 463.0 91.0 53.0 -0.02 -0.05 0.04 -0.16 -0.12 -0.17
94 120.0 459.0 93.0 58.0 0.0 -0.03 0.04 -0.26 -0.13 -0.19
95 110.0 405.0 90.0 56.0 0.07 -0.01 0.04 -0.3 -0.21 -0.18
96 98.0 359.0 101.0 52.0 0.09 -0.01 0.03 -0.28 -0.18 0.18
97 97.0 335.0 106.0 53.0 0.08 -0.01 0.03 -0.27 -0.14 0.22
98 94.0 313.0 102.0 51.0 0.07 0.0 0.03 -0.23 0.01 0.22
99 88.0 327.0 96.0 50.0 0.05 0.0 0.03 -0.19 0.05 0.06
100 117.0 287.0 107.0 49.0 0.04 -0.02 0.03 -0.17 0.03 -0.02
101 107.0 253.0 150.0 48.0 0.03 -0.05 0.01 -0.1 0.03 -0.03
102 96.0 248.0 174.0 44.0 0.02 -0.05 -0.0 -0.11 0.08 -0.03
103 95.0 299.0 170.0 44.0 -0.01 -0.04 -0.01 -0.12 0.06 0.04
104 94.0 276.0 150.0 48.0 -0.08 0.0 -0.01 -0.25 0.08 0.09
105 93.0 298.0 134.0 47.0 -0.09 0.02 -0.0 -0.2 0.0 -0.21
106 87.0 289.0 129.0 51.0 -0.11 0.02 0.01 -0.01 -0.05 -0.5
107 106.0 267.0 136.0 50.0 -0.12 0.02 0.05 -0.03 -0.14 -0.43
108 105.0 259.0 136.0 48.0 -0.1 -0.0 0.05 -0.11 -0.15 -0.05
109 102.0 283.0 125.0 47.0 -0.09 -0.01 0.07 -0.15 -0.19 0.1
110 97.0 282.0 118.0 50.0 -0.09 0.01 0.07 -0.08 -0.21 0.11
111 99.0 273.0 111.0 52.0 -0.08 0.01 0.07 -0.16 -0.27 0.0
112 94.0 271.0 107.0 51.0 -0.06 -0.01 0.06 -0.12 -0.29 -0.09
113 87.0 274.0 111.0 54.0 -0.06 -0.04 0.04 -0.09 -0.21 -0.12
114 75.0 265.0 109.0 51.0 -0.06 -0.03 0.03 -0.07 -0.2 -0.13
115 117.0 243.0 103.0 55.0 -0.07 -0.02 0.02 -0.01 -0.2 -0.22
116 103.0 242.0 95.0 53.0 -0.07 -0.01 0.03 -0.05 -0.17 -0.25
117 96.0 252.0 94.0 52.0 -0.07 -0.02 0.03 -0.05 -0.2 -0.15
118 82.0 236.0 105.0 52.0 -0.07 -0.04 0.03 -0.11 -0.22 -0.09
119 72.0 249.0 103.0 51.0 -0.08 -0.05 0.02 -0.02 -0.28 -0.11
120 78.0 264.0 166.0 52.0 -0.09 -0.04 0.02 -0.07 -0.24 -0.08
121 76.0 269.0 158.0 54.0 -0.12 -0.02 0.01 -0.11 -0.26 0.05
122 79.0 295.0 142.0 53.0 -0.14 0.01 0.0 -0.12 -0.2 -0.04
123 100.0 255.0 128.0 57.0 -0.15 0.01 0.0 -0.14 -0.21 -0.18
124 90.0 248.0 120.0 51.0 -0.12 0.02 0.02 0.05 -0.09 -0.51
125 91.0 258.0 114.0 48.0 -0.11 0.03 0.04 -0.06 -0.14 -0.18
126 79.0 231.0 112.0 45.0 -0.1 0.03 0.04 -0.09 -0.2 -0.08
127 65.0 230.0 101.0 43.0 -0.1 0.04 0.04 -0.09 -0.14 -0.11
128 57.0 207.0 93.0 41.0 -0.11 0.08 0.02 -0.19 -0.29 -0.31
129 48.0 183.0 87.0 44.0 -0.13 0.11 0.02 -0.21 -0.35 -0.46
130 42.0 163.0 83.0 38.0 -0.17 0.19 0.03 -0.58 -0.61 -0.87
131 38.0 149.0 79.0 37.0 -0.25 0.32 0.07 -1.0 -0.88 -1.19
132 34.0 132.0 73.0 36.0 -0.29 0.39 0.12 -1.09 -0.94 -1.37
133 35.0 119.0 73.0 35.0 -0.47 0.64 0.3 -0.97 -1.24 -1.83
134 41.0 119.0 71.0 33.0 -0.74 0.95 0.54 -0.98 -1.35 -2.17
135 38.0 125.0 69.0 33.0 -0.89 1.08 0.66 -0.69 -1.51 -2.58
136 41.0 112.0 67.0 31.0 -1.28 1.28 0.87 -0.65 -1.27 -3.04
137 43.0 104.0 64.0 31.0 -1.6 1.43 0.97 -0.64 -1.05 -3.14
138 51.0 101.0 63.0 34.0 -1.77 1.53 1.0 -0.51 -0.86 -3.09
139 57.0 96.0 63.0 42.0 -2.13 1.72 1.01 -0.35 -0.84 -2.37
140 52.0 94.0 64.0 44.0 -2.49 1.73 0.95 -0.38 -0.63 -1.92
141 45.0 95.0 66.0 44.0 -2.64 1.65 0.9 -0.36 -0.37 -1.74
142 57.0 106.0 66.0 90.0 -2.94 1.34 0.83 -0.1 -0.32 -1.19
143 65.0 110.0 65.0 82.0 -3.17 1.06 0.78 -0.38 -0.08 -0.82
144 63.0 114.0 64.0 125.0 -3.27 1.01 0.77 -0.63 -0.08 -0.81
145 59.0 134.0 64.0 169.0 -3.26 1.07 0.65 -0.53 0.02 -1.13
146 50.0 124.0 60.0 155.0 -3.09 1.04 0.52 0.01 -0.3 -1.39
147 43.0 111.0 60.0 126.0 -3.0 1.0 0.46 0.11 -0.44 -1.42
148 38.0 101.0 57.0 102.0 -2.78 0.55 0.44 -0.11 -0.78 -1.06
149 34.0 94.0 56.0 87.0 -2.47 0.36 0.42 -1.09 -0.86 -0.51
150 68.0 90.0 56.0 78.0 -2.38 0.43 0.56 -0.02 -1.15 -0.55
151 59.0 84.0 57.0 74.0 -2.17 0.61 0.35 -0.02 -0.67 -0.74
152 55.0 81.0 59.0 68.0 -2.23 0.5 0.22 -0.87 -0.41 -1.34
153 49.0 80.0 60.0 61.0 -2.21 0.29 0.2 -0.64 -0.49 -1.74
154 40.0 83.0 80.0 53.0 -1.62 -0.73 0.09 -5.91 -8.52 3.84
155 37.0 86.0 97.0 53.0 3.41 1.46 0.09 9.03 2.7 26.71
156 68.0 83.0 98.0 47.0 2.87 1.53 -0.37 16.28 11.69 4.3
157 66.0 80.0 89.0 49.0 0.38 1.21 -0.98 -3.43 -0.18 -3.36
158 57.0 78.0 87.0 57.0 0.5 1.66 -0.67 -3.26 2.13 0.56
159 49.0 78.0 85.0 64.0 0.53 1.68 -0.76 -2.43 2.14 0.86
160 44.0 82.0 81.0 63.0 0.94 0.41 -0.72 -1.87 1.58 -0.17
161 38.0 85.0 78.0 60.0 0.36 -0.47 -0.32 -0.33 0.16 0.72
162 34.0 86.0 77.0 59.0 0.11 -0.57 -0.15 1.27 0.46 0.49
163 31.0 85.0 76.0 61.0 0.09 -0.23 -0.17 1.54 -0.09 -0.2
