1 16.0 86.0 70.0 24.0 -0.07 -0.04 0.07 -0.03 0.06 -0.02
2 16.0 83.0 71.0 24.0 -0.07 -0.05 0.06 -0.01 0.01 -0.03
3 16.0 81.0 69.0 24.0 -0.06 -0.05 0.06 0.0 0.0 -0.02
4 16.0 79.0 69.0 24.0 -0.05 -0.03 0.05 -0.09 0.01 -0.06
5 16.0 78.0 67.0 24.0 -0.02 -0.02 0.04 -0.11 0.01 -0.07
6 16.0 77.0 68.0 24.0 -0.01 -0.02 0.03 -0.13 0.05 -0.05
7 16.0 76.0 69.0 24.0 0.02 -0.01 0.0 -0.11 0.07 -0.05
8 17.0 77.0 72.0 24.0 0.04 -0.02 -0.02 -0.07 0.12 -0.01
9 16.0 76.0 67.0 24.0 0.05 -0.02 -0.03 -0.04 0.1 0.0
10 16.0 76.0 64.0 23.0 0.06 -0.03 -0.04 -0.08 0.05 -0.04
11 16.0 76.0 60.0 24.0 0.06 -0.03 -0.05 -0.17 0.07 0.0
12 16.0 76.0 65.0 24.0 0.06 -0.05 -0.05 -0.1 0.05 -0.01
13 16.0 76.0 63.0 23.0 0.05 -0.08 -0.05 0.01 0.09 -0.02
14 16.0 75.0 67.0 24.0 0.05 -0.08 -0.04 0.08 0.08 -0.01
15 16.0 74.0 68.0 25.0 0.05 -0.07 -0.04 0.07 0.07 0.0
16 16.0 73.0 65.0 24.0 0.03 -0.06 -0.03 0.04 0.15 0.01
17 16.0 73.0 61.0 24.0 -0.01 -0.09 -0.01 -0.06 0.17 0.04
18 22.0 78.0 60.0 31.0 -0.04 -0.1 0.01 0.11 0.21 0.06
19 24.0 78.0 59.0 40.0 -0.09 -0.13 0.05 0.39 0.24 0.14
20 40.0 84.0 57.0 77.0 -0.18 -0.12 0.1 0.58 0.35 0.33
21 117.0 107.0 58.0 90.0 -0.26 -0.11 0.13 0.58 0.35 0.45
22 111.0 108.0 58.0 93.0 -0.58 -0.22 0.2 -0.22 0.35 0.68
23 101.0 125.0 56.0 119.0 -0.81 -0.37 0.26 -0.34 -0.31 0.68
24 102.0 129.0 58.0 108.0 -0.57 -0.21 0.23 -0.13 0.02 0.89
25 119.0 188.0 55.0 100.0 -0.48 -0.63 0.18 -0.1 0.11 2.57
26 139.0 205.0 55.0 94.0 -0.51 -0.99 0.17 -0.42 -0.37 3.34
27 152.0 223.0 57.0 80.0 -0.37 -1.29 -0.03 -2.79 -3.38 3.69
28 144.0 218.0 58.0 69.0 0.82 -1.7 -0.41 2.83 1.43 2.04
29 132.0 225.0 58.0 63.0 0.93 -1.65 -0.46 1.91 0.27 3.47
30 139.0 263.0 59.0 62.0 1.58 -0.88 -0.6 1.53 0.17 3.8
31 125.0 274.0 62.0 53.0 2.09 -0.7 -0.81 0.85 -0.01 3.95
32 121.0 248.0 61.0 46.0 2.56 -0.91 -0.94 0.58 0.19 3.57
33 116.0 237.0 72.0 45.0 3.13 -1.28 -1.07 0.91 0.52 3.51
34 121.0 257.0 70.0 40.0 3.21 -1.21 -1.18 1.11 0.82 2.66
35 126.0 251.0 75.0 41.0 3.09 -1.06 -1.21 0.54 0.12 1.95
36 119.0 256.0 88.0 38.0 3.04 -0.95 -1.16 0.21 -0.08 0.98
37 125.0 250.0 81.0 39.0 3.04 -1.1 -1.17 0.04 -0.49 0.66
38 127.0 225.0 86.0 37.0 3.0 -1.14 -1.15 0.05 -0.58 -0.2
39 128.0 219.0 86.0 34.0 2.91 -1.1 -1.1 -0.1 -0.87 -0.2
40 152.0 216.0 86.0 33.0 2.7 -0.85 -1.02 -0.64 -0.94 -0.33
41 138.0 220.0 88.0 33.0 2.6 -0.75 -0.93 -1.04 -1.2 -1.16
42 165.0 215.0 87.0 31.0 2.52 -0.71 -0.88 -0.96 -1.24 -1.23
43 156.0 204.0 100.0 31.0 2.3 -0.65 -0.74 -1.04 -1.29 -1.6
44 170.0 211.0 128.0 37.0 2.17 -0.63 -0.67 -1.22 -1.48 -1.96
45 195.0 216.0 150.0 39.0 1.91 -0.63 -0.57 -1.41 -1.57 -1.99
46 178.0 233.0 169.0 42.0 1.65 -0.59 -0.46 -1.19 -1.53 -2.38
47 179.0 241.0 152.0 42.0 1.5 -0.49 -0.39 -1.6 -2.0 -2.11
48 163.0 245.0 138.0 56.0 1.23 -0.54 -0.31 -1.6 -1.54 -2.39
49 152.0 265.0 142.0 49.0 0.91 -0.45 -0.2 -1.22 -1.35 -2.86
50 140.0 256.0 139.0 46.0 0.76 -0.39 -0.13 -0.98 -1.35 -2.66
51 170.0 251.0 149.0 40.0 0.58 -0.38 -0.03 -1.09 -1.32 -2.2
52 207.0 243.0 142.0 38.0 0.41 -0.35 0.06 -1.04 -1.36 -1.54
53 188.0 232.0 136.0 38.0 0.32 -0.31 0.07 -0.95 -1.16 -1.47
54 166.0 217.0 138.0 35.0 0.18 -0.24 0.08 -0.82 -1.05 -1.4
55 145.0 240.0 127.0 36.0 0.12 -0.2 0.1 -0.45 -0.84 -1.2
56 136.0 219.0 132.0 33.0 0.08 -0.16 0.11 -0.49 -0.63 -1.04
57 147.0 214.0 120.0 34.0 0.0 -0.11 0.1 -0.41 -0.57 -0.7
58 153.0 217.0 112.0 35.0 -0.06 -0.04 0.1 -0.44 -0.42 -0.77
59 129.0 261.0 112.0 34.0 -0.09 -0.01 0.09 -0.4 -0.39 -0.61
60 112.0 254.0 114.0 31.0 -0.13 0.04 0.05 -0.32 -0.4 -0.56
61 106.0 254.0 120.0 30.0 -0.14 0.03 0.02 -0.23 -0.35 -0.65
62 122.0 250.0 115.0 29.0 -0.14 0.03 0.02 -0.33 -0.3 -0.18
63 146.0 241.0 107.0 27.0 -0.15 0.05 0.02 -0.34 -0.21 -0.18
64 146.0 232.0 116.0 29.0 -0.18 0.09 0.04 -0.36 -0.07 -0.26
65 150.0 227.0 107.0 29.0 -0.19 0.1 0.06 -0.25 -0.01 -0.45
66 135.0 219.0 111.0 30.0 -0.23 0.1 0.12 -0.21 -0.03 -0.48
67 117.0 225.0 117.0 29.0 -0.25 0.1 0.2 -0.11 -0.03 -0.31
68 101.0 220.0 111.0 29.0 -0.25 0.11 0.24 -0.44 -0.09 0.17
69 88.0 220.0 116.0 28.0 -0.26 0.13 0.28 -0.48 0.2 0.15
70 118.0 215.0 113.0 27.0 -0.22 0.09 0.24 -0.37 0.04 0.08
71 104.0 230.0 109.0 32.0 -0.18 0.04 0.22 0.1 0.11 0.09
72 94.0 230.0 107.0 30.0 -0.15 0.04 0.2 0.12 0.05 0.22
73 84.0 227.0 122.0 28.0 -0.13 0.09 0.16 0.1 0.13 0.11
74 86.0 250.0 118.0 28.0 -0.11 0.09 0.15 0.11 0.19 0.2
75 86.0 251.0 114.0 28.0 -0.08 0.07 0.1 0.08 0.22 0.24
76 77.0 252.0 110.0 27.0 -0.06 0.09 0.06 0.13 0.16 0.15
77 107.0 256.0 121.0 29.0 -0.05 0.08 0.05 0.05 0.12 0.12
78 96.0 266.0 117.0 28.0 -0.02 0.06 0.02 0.02 0.09 0.1
79 88.0 259.0 109.0 29.0 0.01 0.05 0.01 0.06 0.11 0.05
80 100.0 263.0 112.0 28.0 0.02 0.04 0.02 -0.02 0.05 0.05
81 97.0 277.0 111.0 30.0 0.02 0.01 0.02 -0.03 0.04 0.0
82 97.0 281.0 107.0 28.0 0.03 -0.05 0.04 0.03 0.03 -0.12
83 116.0 267.0 110.0 27.0 0.04 -0.06 0.05 0.02 -0.03 -0.15
84 110.0 268.0 113.0 26.0 0.04 -0.06 0.06 0.07 0.0 -0.14
85 104.0 267.0 109.0 30.0 0.03 -0.05 0.06 0.09 -0.01 -0.05
86 105.0 271.0 104.0 28.0 0.03 -0.03 0.05 -0.08 0.0 -0.02
87 92.0 303.0 108.0 28.0 0.02 -0.03 0.05 -0.07 -0.04 0.07
88 92.0 299.0 110.0 29.0 0.03 -0.05 0.05 -0.08 -0.06 -0.03
89 130.0 271.0 114.0 28.0 0.03 -0.06 0.05 0.02 -0.02 0.08
90 114.0 250.0 111.0 27.0 0.04 -0.05 0.04 0.0 -0.05 0.02
91 102.0 273.0 109.0 27.0 0.04 -0.05 0.02 0.01 -0.03 -0.17
92 97.0 259.0 117.0 28.0 0.04 -0.05 0.01 0.01 0.0 -0.23
93 92.0 241.0 109.0 27.0 0.03 -0.02 -0.0 -0.05 0.03 -0.18
94 94.0 250.0 104.0 27.0 0.01 -0.0 -0.02 -0.15 0.12 -0.19
95 96.0 246.0 116.0 25.0 0.0 0.0 -0.02 -0.17 0.13 -0.17
96 99.0 249.0 103.0 27.0 -0.01 0.0 -0.01 -0.14 0.14 -0.14
97 90.0 228.0 95.0 26.0 -0.03 0.02 -0.01 -0.19 0.1 -0.18
98 106.0 235.0 92.0 25.0 -0.03 0.02 -0.0 -0.19 -0.03 -0.15
99 90.0 239.0 96.0 27.0 -0.03 -0.01 0.0 -0.22 -0.02 -0.16
100 96.0 238.0 101.0 26.0 -0.03 -0.04 0.02 -0.22 -0.03 -0.1
101 89.0 236.0 105.0 27.0 -0.02 -0.05 0.02 -0.18 -0.04 0.0
102 112.0 247.0 106.0 32.0 -0.01 -0.08 0.03 -0.14 -0.03 -0.02
103 108.0 249.0 109.0 31.0 0.01 -0.03 0.03 -0.18 -0.06 0.02
104 100.0 284.0 103.0 31.0 0.01 -0.02 0.03 -0.18 -0.03 -0.02
105 90.0 267.0 96.0 31.0 0.01 -0.01 0.03 -0.18 -0.01 -0.1
106 85.0 241.0 94.0 29.0 0.0 -0.01 0.05 -0.17 -0.04 -0.31
107 75.0 212.0 91.0 28.0 0.0 0.0 0.06 -0.2 -0.1 -0.22
108 72.0 196.0 84.0 27.0 -0.02 0.03 0.08 -0.27 -0.21 -0.26
109 61.0 187.0 77.0 26.0 -0.04 0.07 0.09 -0.3 -0.33 -0.49
110 54.0 170.0 72.0 26.0 -0.06 0.09 0.1 -0.35 -0.49 -0.72
111 46.0 164.0 68.0 26.0 -0.1 0.16 0.13 -0.38 -0.54 -0.79
112 41.0 147.0 64.0 25.0 -0.18 0.3 0.17 -0.6 -0.92 -1.18
113 36.0 136.0 61.0 25.0 -0.23 0.4 0.2 -0.92 -1.24 -1.48
114 32.0 131.0 57.0 24.0 -0.42 0.69 0.29 -1.1 -1.45 -1.6
115 29.0 128.0 55.0 25.0 -0.66 0.89 0.43 -1.3 -2.01 -2.38
116 27.0 123.0 54.0 24.0 -0.78 0.91 0.51 -0.87 -2.08 -2.77
117 27.0 118.0 51.0 24.0 -1.06 0.98 0.71 -0.6 -1.99 -3.05
118 35.0 122.0 50.0 24.0 -1.41 1.22 0.87 -0.47 -1.88 -3.4
119 51.0 128.0 50.0 24.0 -1.62 1.41 0.94 -0.45 -1.48 -3.33
120 47.0 120.0 51.0 25.0 -2.07 1.79 1.06 -1.03 -1.23 -3.35
121 52.0 120.0 52.0 24.0 -2.56 1.91 1.05 -1.43 -1.19 -2.71
122 46.0 116.0 50.0 25.0 -2.71 1.79 1.01 -0.38 -1.17 -1.73
123 44.0 113.0 50.0 24.0 -2.98 1.7 0.84 -0.32 -0.94 -1.48
124 42.0 109.0 51.0 40.0 -3.24 1.75 0.68 0.47 -0.71 -0.64
125 43.0 107.0 52.0 55.0 -3.34 1.84 0.62 0.72 -0.29 0.29
126 41.0 107.0 52.0 51.0 -3.55 1.86 0.52 0.72 -0.31 0.82
127 58.0 126.0 52.0 56.0 -3.58 1.78 0.4 -0.68 -0.19 0.5
128 97.0 124.0 56.0 91.0 -3.54 1.57 0.33 0.19 -0.59 0.44
129 82.0 124.0 56.0 82.0 -3.35 0.95 0.18 -1.51 -0.27 0.46
130 74.0 122.0 55.0 86.0 -3.03 0.45 0.18 0.4 -0.6 1.05
131 64.0 120.0 54.0 80.0 -2.74 0.2 -0.02 0.55 -0.73 2.02
132 59.0 119.0 54.0 68.0 -2.32 -0.17 -0.14 0.67 -0.8 2.17
133 62.0 118.0 55.0 59.0 -1.91 -0.14 -0.11 0.6 -0.33 1.8
134 80.0 117.0 56.0 50.0 -1.73 0.01 -0.15 0.68 0.19 -0.67
135 68.0 115.0 63.0 45.0 -1.57 0.2 -0.16 0.65 0.67 -3.82
136 57.0 118.0 69.0 39.0 0.08 -0.03 -0.09 -0.27 -2.94 11.17
137 48.0 118.0 68.0 36.0 0.94 0.13 -0.14 1.49 1.29 10.59
138 42.0 117.0 67.0 33.0 1.0 1.08 -0.37 1.69 1.36 5.76
139 45.0 117.0 71.0 31.0 0.72 0.43 -0.5 -1.35 1.53 -1.32
140 39.0 118.0 69.0 29.0 0.59 0.29 -0.43 -1.3 1.11 -0.66
141 69.0 120.0 68.0 28.0 0.59 0.03 -0.3 0.09 0.64 0.69
142 59.0 121.0 67.0 27.0 0.52 -0.06 -0.29 1.23 0.3 0.1
143 48.0 120.0 69.0 26.0 0.4 0.0 -0.24 1.2 0.12 0.14
144 42.0 118.0 70.0 26.0 0.29 0.26 -0.1 0.9 -0.12 0.17
145 36.0 118.0 79.0 25.0 0.3 0.58 -0.12 -0.02 -0.1 -0.11
146 31.0 117.0 77.0 25.0 0.28 0.65 -0.12 -0.2 -0.06 -0.07
147 40.0 115.0 78.0 24.0 0.22 0.5 -0.1 -0.33 -0.04 0.0
148 35.0 114.0 79.0 24.0 0.17 0.28 -0.08 -0.39 -0.02 -0.04
149 32.0 112.0 76.0 24.0 0.17 0.21 -0.06 -0.34 0.06 -0.01
150 28.0 111.0 72.0 24.0 0.21 0.16 -0.06 -0.1 0.12 0.05
151 26.0 110.0 72.0 23.0 0.21 0.13 -0.05 -0.03 0.29 0.0
152 24.0 109.0 74.0 24.0 0.2 0.12 -0.05 -0.13 0.29 0.02
153 22.0 109.0 74.0 23.0 0.17 0.05 -0.05 -0.14 0.31 0.05
154 21.0 109.0 66.0 24.0 0.13 -0.05 -0.05 -0.02 0.15 0.01
155 25.0 107.0 70.0 23.0 0.12 -0.07 -0.05 0.02 0.08 0.02
