1 15.0 72.0 73.0 23.0 0.02 -0.02 -0.0 -0.05 0.09 0.0
2 16.0 72.0 71.0 23.0 0.01 -0.03 0.01 0.0 0.09 0.0
3 17.0 73.0 90.0 23.0 -0.0 -0.03 0.02 0.02 0.1 0.0
4 21.0 73.0 97.0 23.0 -0.02 -0.04 0.03 -0.2 0.1 0.0
5 62.0 76.0 101.0 23.0 -0.02 -0.05 0.03 -0.36 0.15 0.01
6 89.0 79.0 104.0 23.0 -0.04 -0.11 0.06 -0.29 0.15 0.12
7 92.0 77.0 95.0 23.0 -0.09 -0.19 0.1 0.18 0.1 0.15
8 76.0 79.0 84.0 23.0 -0.13 -0.2 0.13 0.29 0.05 0.09
9 63.0 76.0 86.0 23.0 -0.17 -0.14 0.15 0.35 -0.05 -0.06
10 53.0 75.0 80.0 24.0 -0.17 -0.06 0.14 0.33 -0.02 -0.1
11 45.0 74.0 78.0 23.0 -0.16 -0.01 0.12 0.08 0.03 -0.04
12 45.0 73.0 77.0 23.0 -0.13 0.03 0.1 -0.19 0.02 -0.13
13 39.0 72.0 75.0 23.0 -0.09 0.02 0.06 -0.18 0.09 -0.06
14 37.0 73.0 82.0 23.0 -0.07 0.0 0.05 -0.2 0.11 -0.09
15 35.0 72.0 76.0 23.0 -0.03 -0.02 0.02 -0.17 0.15 -0.1
16 31.0 72.0 76.0 24.0 0.01 -0.01 -0.01 -0.16 0.12 -0.07
17 30.0 73.0 75.0 23.0 0.03 -0.02 -0.02 -0.14 0.09 -0.07
18 38.0 77.0 74.0 23.0 0.04 -0.05 -0.03 0.04 0.07 -0.02
19 52.0 87.0 69.0 24.0 0.03 -0.08 -0.03 -0.03 0.09 0.0
20 71.0 147.0 65.0 38.0 0.02 -0.09 -0.03 -0.18 0.19 0.07
21 73.0 159.0 64.0 39.0 -0.05 -0.16 -0.02 -0.1 0.34 0.17
22 90.0 159.0 62.0 51.0 -0.11 -0.2 -0.0 0.21 0.32 0.44
23 96.0 185.0 61.0 57.0 -0.23 -0.34 0.05 0.57 0.3 0.66
24 109.0 187.0 69.0 51.0 -0.37 -0.39 0.14 0.72 0.12 0.57
25 127.0 174.0 81.0 52.0 -0.34 -0.34 0.16 -0.33 0.26 1.16
26 149.0 187.0 77.0 50.0 -0.26 -0.32 0.14 -0.5 0.28 1.9
27 153.0 189.0 78.0 69.0 -0.4 -0.83 0.14 -1.22 0.58 2.51
28 210.0 246.0 76.0 73.0 -0.51 -1.34 0.12 -1.53 -0.13 3.29
29 203.0 305.0 76.0 68.0 -0.18 -1.92 -0.2 -3.06 -1.87 3.14
30 213.0 318.0 91.0 61.0 0.8 -2.13 -0.38 0.3 0.03 2.6
31 197.0 336.0 92.0 54.0 1.47 -1.25 -0.35 1.26 0.64 4.39
32 182.0 329.0 88.0 55.0 1.71 -0.72 -0.35 0.89 0.61 4.88
33 192.0 335.0 84.0 51.0 2.06 -0.32 -0.43 -0.11 0.13 4.45
34 194.0 331.0 82.0 46.0 2.56 -0.75 -0.63 0.8 0.79 2.17
35 178.0 324.0 91.0 42.0 2.72 -0.99 -0.71 1.17 0.82 1.74
36 174.0 321.0 100.0 39.0 2.77 -0.98 -0.78 1.26 0.59 0.39
37 160.0 300.0 102.0 36.0 2.77 -0.87 -0.87 1.16 0.13 0.92
38 170.0 296.0 99.0 35.0 2.76 -0.81 -0.88 0.9 -0.15 1.04
39 166.0 311.0 98.0 34.0 2.78 -0.94 -0.94 1.32 -0.21 0.01
40 149.0 290.0 107.0 31.0 2.73 -0.96 -0.96 0.36 -0.51 -0.49
41 179.0 274.0 144.0 38.0 2.65 -0.9 -0.96 0.51 -0.61 -0.81
42 172.0 253.0 138.0 47.0 2.53 -0.9 -0.96 0.25 -0.92 -0.6
43 185.0 255.0 146.0 60.0 2.41 -0.92 -0.93 0.22 -1.13 -1.19
44 162.0 242.0 170.0 56.0 2.14 -0.89 -0.86 0.54 -1.27 -1.6
45 189.0 280.0 177.0 64.0 1.9 -0.67 -0.79 -0.11 -1.56 -1.59
46 183.0 285.0 170.0 69.0 1.82 -0.6 -0.77 -1.12 -1.44 -0.9
47 183.0 270.0 152.0 60.0 1.6 -0.53 -0.73 -1.2 -1.54 -1.06
48 170.0 314.0 153.0 56.0 1.43 -0.56 -0.6 -1.64 -1.48 -1.77
49 206.0 304.0 156.0 56.0 1.34 -0.58 -0.51 -1.65 -1.53 -1.71
50 212.0 277.0 152.0 50.0 1.18 -0.62 -0.38 -1.21 -1.47 -1.37
51 230.0 292.0 155.0 49.0 1.01 -0.53 -0.25 -1.24 -1.46 -1.37
52 198.0 279.0 165.0 47.0 0.95 -0.52 -0.22 -0.79 -1.36 -1.44
53 221.0 293.0 151.0 44.0 0.85 -0.5 -0.16 -0.66 -1.39 -1.48
54 244.0 319.0 144.0 43.0 0.69 -0.41 -0.15 -0.58 -1.32 -1.52
55 235.0 306.0 138.0 39.0 0.62 -0.38 -0.17 -0.48 -1.09 -1.55
56 245.0 273.0 132.0 39.0 0.47 -0.31 -0.2 -0.47 -1.0 -1.63
57 220.0 305.0 134.0 36.0 0.32 -0.16 -0.22 -0.69 -0.85 -1.83
58 222.0 283.0 134.0 48.0 0.24 -0.11 -0.21 -0.61 -0.77 -1.79
59 208.0 257.0 131.0 43.0 0.11 -0.03 -0.18 -0.65 -0.7 -1.77
60 196.0 264.0 129.0 41.0 -0.04 -0.04 -0.14 -0.59 -0.69 -1.38
61 189.0 246.0 123.0 42.0 -0.08 -0.06 -0.12 -0.49 -0.67 -1.03
62 173.0 252.0 126.0 39.0 -0.15 -0.08 -0.11 -0.32 -0.48 -0.75
63 222.0 258.0 119.0 42.0 -0.2 -0.04 -0.12 -0.32 -0.34 -0.51
64 198.0 242.0 121.0 40.0 -0.2 -0.03 -0.12 -0.26 -0.16 -0.24
65 172.0 228.0 153.0 69.0 -0.22 0.03 -0.13 -0.28 -0.18 -0.19
66 177.0 245.0 152.0 87.0 -0.23 0.08 -0.16 -0.1 -0.17 0.08
67 176.0 249.0 146.0 73.0 -0.22 0.1 -0.17 0.03 -0.11 0.11
68 173.0 273.0 155.0 63.0 -0.17 0.16 -0.16 0.04 -0.03 0.19
69 168.0 297.0 163.0 57.0 -0.13 0.21 -0.17 -0.64 0.12 0.31
70 154.0 335.0 147.0 52.0 -0.1 0.2 -0.17 -0.76 0.29 0.34
71 158.0 324.0 140.0 48.0 -0.06 0.21 -0.15 -0.91 0.41 0.14
72 167.0 299.0 142.0 44.0 -0.06 0.17 -0.07 -0.88 0.34 -0.1
73 162.0 284.0 131.0 43.0 -0.06 0.13 -0.02 -0.59 0.37 -0.01
74 194.0 277.0 126.0 41.0 -0.1 0.1 0.08 -0.42 0.34 0.0
75 183.0 283.0 126.0 40.0 -0.11 0.07 0.16 -0.2 0.26 0.0
76 197.0 263.0 130.0 37.0 -0.1 0.04 0.17 0.15 0.28 0.23
77 174.0 268.0 136.0 36.0 -0.08 0.02 0.17 0.21 0.24 0.19
78 152.0 282.0 136.0 34.0 -0.06 0.02 0.14 0.31 0.19 0.16
79 130.0 291.0 125.0 34.0 -0.03 0.02 0.12 0.26 0.19 0.19
80 125.0 279.0 130.0 33.0 -0.0 0.0 0.08 0.15 0.13 0.1
81 120.0 265.0 129.0 36.0 0.01 0.0 0.03 0.09 0.08 0.0
82 127.0 301.0 145.0 34.0 0.02 0.01 0.02 -0.02 0.0 -0.14
83 130.0 282.0 136.0 32.0 0.02 0.03 0.01 -0.05 -0.05 -0.23
84 143.0 256.0 133.0 31.0 0.01 0.03 0.02 -0.17 -0.08 -0.07
85 144.0 256.0 131.0 29.0 0.01 0.02 0.02 -0.08 -0.09 -0.14
86 125.0 245.0 129.0 28.0 -0.0 0.01 0.03 -0.08 -0.11 -0.19
87 136.0 284.0 133.0 28.0 -0.03 0.02 0.05 -0.19 -0.11 -0.15
88 131.0 276.0 131.0 27.0 -0.03 0.02 0.06 -0.19 -0.06 -0.13
89 173.0 252.0 124.0 26.0 -0.03 0.01 0.05 -0.2 -0.09 -0.2
90 153.0 262.0 135.0 28.0 -0.03 0.01 0.04 -0.31 -0.23 -0.2
91 141.0 288.0 135.0 28.0 -0.05 -0.0 0.05 -0.24 -0.09 -0.17
92 206.0 302.0 130.0 32.0 -0.05 -0.01 0.04 -0.17 -0.08 -0.11
93 175.0 310.0 119.0 30.0 -0.06 0.0 0.04 -0.13 -0.08 -0.19
94 196.0 282.0 124.0 29.0 -0.06 0.01 0.04 -0.17 -0.07 -0.12
95 173.0 286.0 114.0 35.0 -0.07 0.01 0.03 -0.16 -0.06 -0.1
96 156.0 280.0 111.0 34.0 -0.06 -0.01 0.04 -0.1 -0.05 -0.13
97 139.0 283.0 116.0 32.0 -0.05 -0.0 0.03 -0.1 -0.11 -0.15
98 162.0 326.0 119.0 31.0 -0.04 0.02 0.03 -0.15 -0.03 -0.09
99 139.0 399.0 118.0 31.0 -0.04 0.04 0.01 -0.2 0.0 -0.07
100 131.0 420.0 129.0 35.0 -0.04 0.04 0.01 -0.16 0.02 -0.17
101 156.0 443.0 142.0 33.0 -0.01 0.03 0.0 -0.12 0.1 -0.14
102 137.0 399.0 138.0 35.0 0.0 0.03 0.01 -0.17 0.06 -0.1
103 119.0 392.0 132.0 32.0 0.02 0.02 0.01 -0.13 0.11 -0.04
104 109.0 371.0 127.0 30.0 0.01 -0.01 0.04 0.01 0.01 0.04
105 99.0 322.0 133.0 31.0 0.01 -0.02 0.06 0.08 0.06 0.12
106 112.0 350.0 129.0 30.0 0.01 -0.01 0.05 0.1 0.0 0.06
107 166.0 344.0 124.0 30.0 0.01 0.0 0.03 0.09 0.08 0.08
108 140.0 337.0 127.0 29.0 0.0 0.03 0.0 0.02 0.01 -0.02
109 121.0 337.0 120.0 27.0 0.0 0.03 0.0 -0.01 -0.02 -0.07
110 108.0 315.0 114.0 28.0 -0.01 0.05 -0.0 -0.15 -0.17 -0.22
111 92.0 297.0 104.0 27.0 -0.02 0.07 0.01 -0.32 -0.25 -0.4
112 75.0 264.0 102.0 26.0 -0.06 0.09 0.03 -0.36 -0.29 -0.49
113 61.0 247.0 90.0 26.0 -0.08 0.1 0.06 -0.47 -0.54 -0.69
114 56.0 250.0 94.0 25.0 -0.2 0.28 0.13 -0.63 -0.73 -0.84
115 53.0 243.0 92.0 25.0 -0.25 0.38 0.16 -0.78 -1.0 -1.1
116 62.0 213.0 83.0 24.0 -0.38 0.68 0.26 -1.01 -1.22 -1.47
117 59.0 189.0 78.0 24.0 -0.61 1.05 0.42 -1.01 -1.46 -2.22
118 51.0 204.0 71.0 24.0 -0.77 1.18 0.52 -1.26 -1.51 -2.46
119 49.0 287.0 65.0 23.0 -1.1 1.27 0.67 -1.49 -1.46 -2.85
120 46.0 294.0 65.0 24.0 -1.39 1.37 0.79 -0.86 -1.46 -3.29
121 48.0 335.0 68.0 23.0 -1.53 1.43 0.84 -0.55 -1.44 -3.35
122 47.0 333.0 72.0 23.0 -1.78 1.45 0.88 0.22 -1.28 -3.27
123 48.0 301.0 69.0 23.0 -2.01 1.2 0.82 0.59 -1.0 -2.71
124 68.0 257.0 66.0 26.0 -2.1 1.05 0.74 0.61 -1.05 -1.97
125 85.0 238.0 63.0 26.0 -2.27 0.8 0.6 0.0 -0.54 -1.8
126 88.0 221.0 61.0 25.0 -2.38 0.67 0.45 -0.85 -0.66 -1.27
127 84.0 210.0 63.0 49.0 -2.44 0.71 0.41 -0.52 -0.62 -0.93
128 74.0 197.0 63.0 64.0 -2.59 1.04 0.31 -0.39 -0.54 -0.43
129 65.0 193.0 65.0 65.0 -2.76 1.27 0.28 -1.09 -0.25 0.3
130 58.0 185.0 71.0 56.0 -2.88 1.3 0.29 -1.13 -0.18 0.62
131 53.0 171.0 70.0 48.0 -2.98 1.37 0.3 -0.55 -0.21 1.22
132 58.0 165.0 70.0 44.0 -2.92 1.25 0.37 -1.82 0.21 1.09
133 70.0 152.0 67.0 57.0 -2.84 0.99 0.56 -0.3 -0.37 1.15
134 75.0 136.0 64.0 49.0 -2.55 0.63 0.49 -0.9 -0.11 1.8
135 69.0 124.0 63.0 55.0 -2.4 0.4 0.45 -1.67 -0.13 1.55
136 62.0 112.0 63.0 54.0 -2.21 0.3 0.44 -0.86 -0.26 1.66
137 61.0 109.0 60.0 62.0 -1.92 0.31 0.39 -0.07 -0.1 1.8
138 51.0 103.0 60.0 56.0 -1.71 0.33 0.32 0.26 -0.32 2.25
139 48.0 98.0 60.0 47.0 -1.62 0.28 0.34 0.48 -0.51 2.2
140 84.0 96.0 66.0 43.0 -1.38 0.24 0.33 1.5 -1.54 1.87
141 75.0 96.0 73.0 40.0 0.55 -0.65 0.01 0.81 -5.41 10.37
142 64.0 95.0 75.0 36.0 1.2 0.11 -0.14 6.67 1.66 10.0
143 52.0 93.0 73.0 33.0 0.4 0.79 -0.28 0.41 0.84 1.38
144 46.0 92.0 70.0 31.0 0.22 0.39 -0.26 -0.63 1.1 -0.93
145 41.0 94.0 70.0 29.0 0.18 0.39 -0.26 -1.33 0.78 -1.05
146 35.0 95.0 67.0 28.0 0.19 0.06 -0.22 -1.0 0.16 0.25
147 38.0 95.0 67.0 27.0 0.18 -0.27 -0.09 0.74 0.18 0.92
148 38.0 95.0 72.0 26.0 0.15 -0.33 -0.01 1.13 0.12 0.6
149 34.0 94.0 78.0 24.0 0.11 -0.13 0.08 1.04 0.17 0.07
150 31.0 94.0 79.0 25.0 0.06 0.18 0.07 0.61 0.21 0.01
151 27.0 94.0 75.0 24.0 0.02 0.3 0.06 0.4 0.29 0.07
152 25.0 93.0 76.0 24.0 -0.07 0.29 0.05 -0.31 0.09 0.06
153 23.0 92.0 73.0 24.0 -0.05 0.17 0.02 -0.49 0.1 0.06
154 21.0 91.0 72.0 24.0 -0.04 0.12 0.02 -0.43 0.15 0.05
155 20.0 89.0 73.0 24.0 0.0 0.05 -0.01 -0.26 0.13 -0.01
156 19.0 88.0 77.0 22.0 0.03 0.05 -0.01 0.02 0.05 -0.06
