1 16.0 69.0 65.0 23.0 0.01 -0.01 -0.01 -0.03 0.1 -0.01
2 15.0 68.0 64.0 23.0 0.02 -0.01 -0.01 -0.03 0.07 -0.03
3 16.0 68.0 68.0 23.0 0.01 -0.02 -0.01 -0.06 0.1 -0.04
4 16.0 67.0 73.0 23.0 -0.0 -0.04 -0.01 -0.1 0.15 0.02
5 15.0 68.0 73.0 23.0 -0.02 -0.07 -0.0 -0.06 0.12 0.0
6 16.0 67.0 71.0 25.0 -0.02 -0.07 -0.0 -0.04 0.1 0.0
7 16.0 67.0 65.0 23.0 -0.02 -0.07 -0.01 0.03 0.04 -0.03
8 16.0 67.0 67.0 23.0 -0.01 -0.05 -0.01 0.04 0.05 -0.02
9 16.0 66.0 70.0 23.0 -0.0 -0.02 -0.01 -0.01 0.06 -0.04
10 16.0 66.0 69.0 23.0 -0.01 -0.03 -0.01 -0.1 0.13 -0.03
11 16.0 66.0 67.0 23.0 -0.01 -0.05 -0.01 -0.16 0.09 0.0
12 15.0 66.0 63.0 23.0 -0.01 -0.05 -0.01 -0.02 0.13 -0.02
13 19.0 69.0 65.0 23.0 -0.01 -0.05 -0.01 0.03 0.08 -0.02
14 35.0 72.0 62.0 23.0 -0.01 -0.05 -0.01 0.0 0.11 -0.01
15 49.0 76.0 59.0 23.0 -0.03 -0.06 -0.0 -0.06 0.08 0.02
16 56.0 78.0 56.0 23.0 -0.07 -0.13 0.0 -0.33 0.06 -0.04
17 77.0 82.0 55.0 24.0 -0.07 -0.16 0.0 -0.39 0.08 -0.05
18 85.0 85.0 57.0 27.0 -0.08 -0.2 -0.01 -0.25 0.17 0.02
19 85.0 103.0 58.0 69.0 -0.15 -0.24 -0.01 0.0 0.29 0.15
20 143.0 142.0 57.0 64.0 -0.16 -0.27 -0.02 0.14 0.32 0.21
21 154.0 200.0 56.0 63.0 -0.16 -0.24 0.0 0.67 0.19 0.43
22 178.0 258.0 58.0 59.0 -0.08 -0.3 0.03 0.66 0.21 0.48
23 182.0 257.0 62.0 53.0 -0.02 -0.34 0.01 0.75 0.13 0.58
24 174.0 237.0 63.0 74.0 -0.13 -0.67 -0.03 -0.18 0.22 1.98
25 219.0 290.0 63.0 72.0 -0.0 -0.79 -0.18 -0.75 -0.13 2.68
26 211.0 313.0 63.0 62.0 0.21 -1.22 -0.3 -4.26 -1.37 2.93
27 217.0 309.0 64.0 54.0 1.32 -2.52 -0.64 3.25 1.41 4.26
28 224.0 333.0 71.0 56.0 1.68 -1.79 -0.68 2.06 0.83 4.04
29 233.0 327.0 79.0 60.0 1.83 -1.47 -0.73 1.64 0.95 4.2
30 227.0 305.0 95.0 77.0 2.23 -1.32 -0.88 0.77 1.12 4.15
31 220.0 294.0 103.0 102.0 2.59 -1.58 -0.99 0.73 0.76 4.33
32 246.0 277.0 101.0 96.0 2.76 -1.72 -1.03 0.62 0.72 3.84
33 218.0 260.0 101.0 82.0 2.93 -1.76 -1.07 0.53 0.92 2.75
34 211.0 245.0 100.0 92.0 2.93 -1.39 -1.09 0.28 0.54 2.02
35 195.0 238.0 100.0 85.0 2.94 -1.23 -1.09 0.37 0.25 1.54
36 200.0 259.0 115.0 92.0 2.92 -1.02 -1.08 0.11 -0.06 1.08
37 248.0 239.0 125.0 83.0 2.77 -0.99 -0.96 -0.77 -0.57 0.07
38 232.0 253.0 129.0 77.0 2.67 -0.98 -0.88 -0.51 -0.64 -0.24
39 242.0 235.0 127.0 80.0 2.58 -0.87 -0.84 -0.65 -1.13 -1.1
40 288.0 251.0 131.0 80.0 2.36 -0.7 -0.75 -0.95 -1.37 -1.41
41 387.0 249.0 126.0 76.0 2.26 -0.67 -0.72 -1.15 -1.7 -1.39
42 342.0 259.0 133.0 81.0 2.04 -0.63 -0.65 -1.08 -1.84 -1.9
43 292.0 255.0 145.0 83.0 1.74 -0.46 -0.58 -1.0 -2.02 -2.47
44 268.0 250.0 152.0 83.0 1.6 -0.44 -0.56 -1.05 -2.08 -2.71
45 248.0 241.0 141.0 73.0 1.36 -0.43 -0.5 -0.98 -2.11 -2.54
46 278.0 250.0 145.0 69.0 1.03 -0.43 -0.42 -0.95 -2.16 -2.57
47 274.0 241.0 134.0 68.0 0.9 -0.41 -0.39 -1.18 -2.17 -2.7
48 258.0 240.0 134.0 60.0 0.63 -0.35 -0.29 -1.0 -2.08 -2.77
49 225.0 229.0 119.0 59.0 0.51 -0.3 -0.25 -0.96 -1.94 -2.63
50 207.0 228.0 143.0 53.0 0.32 -0.28 -0.16 -0.92 -1.93 -2.23
51 251.0 225.0 136.0 47.0 0.11 -0.21 -0.1 -0.83 -1.62 -1.58
52 272.0 260.0 124.0 52.0 0.01 -0.17 -0.09 -0.78 -1.44 -1.48
53 292.0 292.0 117.0 49.0 -0.12 -0.14 -0.05 -0.74 -1.36 -1.45
54 265.0 273.0 118.0 52.0 -0.21 -0.12 -0.02 -0.46 -1.13 -1.11
55 226.0 275.0 125.0 46.0 -0.24 -0.09 -0.02 -0.4 -0.91 -0.66
56 186.0 248.0 118.0 61.0 -0.27 -0.08 -0.01 -0.38 -0.65 -0.28
57 174.0 235.0 111.0 71.0 -0.27 -0.06 -0.01 -0.33 -0.4 -0.02
58 167.0 242.0 108.0 118.0 -0.29 -0.03 -0.01 -0.13 -0.12 -0.1
59 184.0 241.0 104.0 107.0 -0.33 0.04 0.01 -0.22 -0.11 -0.14
60 237.0 235.0 104.0 89.0 -0.32 0.13 0.03 0.1 -0.03 -0.16
61 227.0 222.0 105.0 75.0 -0.3 0.16 0.03 -0.5 0.24 0.34
62 212.0 220.0 109.0 73.0 -0.23 0.15 0.01 -0.5 0.33 0.37
63 189.0 218.0 107.0 63.0 -0.19 0.13 0.01 -0.69 0.43 0.26
64 166.0 217.0 98.0 73.0 -0.18 0.13 0.03 -0.49 0.47 0.04
65 156.0 209.0 96.0 65.0 -0.17 0.13 0.05 -0.38 0.4 0.0
66 199.0 209.0 102.0 56.0 -0.15 0.11 0.07 -0.09 0.37 -0.05
67 174.0 223.0 101.0 49.0 -0.14 0.1 0.08 -0.17 0.34 0.11
68 266.0 215.0 101.0 46.0 -0.09 0.06 0.06 -0.14 0.3 0.17
69 238.0 210.0 98.0 51.0 -0.06 0.07 0.05 -0.15 0.21 0.12
70 230.0 194.0 98.0 45.0 -0.05 0.09 0.06 -0.29 0.13 -0.08
71 209.0 219.0 95.0 43.0 -0.04 0.09 0.06 -0.26 0.1 -0.15
72 205.0 211.0 92.0 42.0 -0.03 0.05 0.06 -0.18 0.0 -0.27
73 186.0 236.0 91.0 38.0 -0.02 0.05 0.06 -0.09 -0.01 -0.18
74 158.0 251.0 88.0 37.0 -0.03 0.05 0.06 -0.1 -0.07 -0.18
75 130.0 218.0 86.0 37.0 -0.03 0.04 0.05 0.04 -0.11 0.13
76 119.0 204.0 80.0 54.0 -0.04 0.05 0.03 0.18 -0.14 -0.13
77 112.0 197.0 76.0 48.0 -0.05 0.1 -0.01 0.24 -0.12 -0.15
78 105.0 180.0 73.0 43.0 -0.06 0.13 -0.02 0.15 -0.2 -0.14
79 144.0 175.0 73.0 39.0 -0.06 0.15 -0.03 -0.16 -0.17 -0.07
80 126.0 173.0 76.0 35.0 -0.07 0.19 -0.02 -0.24 -0.14 -0.06
81 111.0 181.0 73.0 38.0 -0.09 0.14 -0.0 -0.29 -0.05 0.09
82 101.0 195.0 71.0 40.0 -0.09 0.12 0.0 -0.08 -0.08 -0.03
83 162.0 200.0 72.0 44.0 -0.09 0.11 0.01 -0.07 -0.08 -0.12
84 141.0 207.0 69.0 41.0 -0.05 0.07 0.02 0.0 -0.08 -0.1
85 160.0 193.0 76.0 37.0 -0.02 0.04 0.02 0.13 -0.03 0.06
86 141.0 186.0 77.0 35.0 0.0 0.0 0.02 0.06 -0.03 0.23
87 152.0 201.0 72.0 33.0 0.02 -0.0 -0.02 0.13 0.0 0.2
88 131.0 196.0 71.0 42.0 0.03 0.0 -0.03 0.14 0.13 -0.03
89 121.0 196.0 72.0 39.0 0.05 0.02 -0.07 0.08 0.19 -0.06
90 102.0 178.0 68.0 37.0 0.06 0.02 -0.09 0.11 0.24 -0.24
91 94.0 190.0 73.0 35.0 0.05 0.02 -0.09 -0.1 0.25 -0.27
92 112.0 203.0 72.0 32.0 0.05 0.01 -0.07 -0.16 0.22 -0.31
93 107.0 191.0 71.0 32.0 0.03 -0.02 -0.04 -0.3 0.09 -0.17
94 90.0 186.0 71.0 30.0 0.02 -0.03 -0.03 -0.36 0.04 -0.1
95 88.0 184.0 72.0 31.0 0.02 -0.03 0.02 -0.32 -0.02 -0.07
96 96.0 228.0 70.0 29.0 -0.0 -0.03 0.05 -0.3 -0.05 -0.1
97 92.0 212.0 69.0 27.0 -0.0 -0.03 0.06 -0.21 -0.12 -0.17
98 82.0 208.0 66.0 27.0 0.0 -0.01 0.06 -0.17 -0.09 -0.17
99 72.0 185.0 68.0 26.0 0.0 0.01 0.05 -0.21 -0.15 -0.27
100 101.0 171.0 66.0 29.0 0.02 0.03 0.04 -0.27 -0.22 -0.46
101 84.0 155.0 66.0 28.0 0.0 0.07 0.03 -0.27 -0.29 -0.49
102 70.0 152.0 65.0 27.0 -0.04 0.1 0.03 -0.4 -0.63 -0.84
103 57.0 171.0 63.0 26.0 -0.06 0.13 0.04 -0.53 -0.84 -0.97
104 53.0 170.0 64.0 25.0 -0.14 0.2 0.08 -0.55 -1.0 -1.12
105 48.0 159.0 64.0 24.0 -0.26 0.31 0.16 -0.53 -1.58 -1.78
106 42.0 149.0 64.0 24.0 -0.35 0.4 0.23 -0.92 -1.82 -2.45
107 44.0 139.0 64.0 24.0 -0.55 0.71 0.44 -1.05 -1.9 -2.52
108 39.0 134.0 63.0 23.0 -0.81 1.01 0.69 -1.18 -1.83 -2.8
109 45.0 131.0 62.0 24.0 -0.98 1.12 0.83 -0.88 -1.75 -2.88
110 48.0 134.0 63.0 24.0 -1.4 1.27 1.08 -0.76 -1.74 -2.68
111 51.0 128.0 64.0 24.0 -1.9 1.36 1.3 -0.98 -1.74 -1.99
112 70.0 127.0 65.0 26.0 -2.14 1.42 1.39 -1.94 -1.51 -1.73
113 79.0 127.0 66.0 26.0 -2.59 1.45 1.49 -2.41 -1.29 -1.56
114 68.0 129.0 65.0 29.0 -3.01 1.29 1.48 -2.37 -1.08 -0.27
115 66.0 125.0 64.0 33.0 -3.18 1.21 1.42 -1.69 -0.88 0.02
116 67.0 146.0 59.0 36.0 -3.24 1.16 1.25 -0.42 -0.51 -0.48
117 67.0 157.0 61.0 44.0 -3.11 1.18 1.12 0.37 -0.14 -1.97
118 70.0 140.0 60.0 39.0 -3.03 1.2 1.13 0.73 0.02 -2.17
119 68.0 129.0 57.0 40.0 -2.85 1.24 1.14 0.41 0.0 -1.77
120 61.0 125.0 57.0 34.0 -2.65 0.87 1.06 -0.58 -0.3 -0.17
121 51.0 117.0 55.0 34.0 -2.52 0.61 0.99 -0.21 -0.41 1.94
122 65.0 112.0 53.0 35.0 -2.29 0.28 0.71 0.43 -0.18 2.18
123 55.0 104.0 52.0 37.0 -2.0 0.11 0.66 1.56 0.04 1.8
124 46.0 102.0 52.0 59.0 -1.87 0.18 0.5 1.87 0.3 1.38
125 44.0 99.0 54.0 52.0 -1.81 0.49 0.33 1.26 -0.12 1.46
126 38.0 100.0 53.0 45.0 -1.66 0.6 0.2 1.65 0.42 0.57
127 38.0 100.0 52.0 40.0 -1.65 0.38 0.07 3.48 -1.93 1.47
128 35.0 102.0 53.0 37.0 -1.23 0.78 0.01 0.25 -3.92 6.81
129 31.0 103.0 57.0 34.0 0.94 1.74 -0.13 2.84 -0.95 11.96
130 52.0 102.0 63.0 32.0 1.34 2.67 -0.04 -0.93 0.09 6.19
131 56.0 102.0 61.0 30.0 0.94 2.37 -0.58 -1.22 1.97 2.57
132 49.0 104.0 61.0 28.0 0.1 1.18 -0.53 -3.37 0.65 -0.98
133 42.0 106.0 62.0 27.0 0.09 0.73 -0.45 -2.03 0.49 -0.17
134 41.0 106.0 63.0 26.0 0.49 0.02 -0.38 -1.43 0.22 0.13
135 37.0 107.0 66.0 26.0 0.45 -0.35 -0.23 1.06 0.09 0.16
136 32.0 107.0 67.0 25.0 0.35 -0.34 -0.16 1.79 -0.08 0.04
137 31.0 105.0 69.0 25.0 0.34 0.0 -0.08 1.59 -0.1 0.02
138 28.0 104.0 73.0 24.0 0.3 0.47 -0.08 0.75 0.14 0.0
139 26.0 104.0 74.0 24.0 0.26 0.6 -0.11 -0.4 0.11 0.11
140 23.0 104.0 74.0 23.0 0.19 0.45 -0.1 -0.53 0.11 0.1
141 27.0 103.0 73.0 24.0 0.1 0.17 -0.07 -0.8 0.0 0.03
142 24.0 101.0 73.0 24.0 0.11 0.06 -0.05 -0.47 0.22 0.09
143 22.0 98.0 78.0 23.0 0.14 -0.04 -0.06 -0.17 0.38 0.1
144 27.0 97.0 77.0 23.0 0.12 -0.04 -0.05 0.24 0.34 0.09
145 26.0 96.0 75.0 23.0 0.1 -0.01 -0.05 0.28 0.22 0.08
146 24.0 95.0 75.0 23.0 0.07 0.05 -0.05 -0.01 0.13 0.01
147 22.0 93.0 74.0 23.0 0.02 -0.01 -0.03 -0.09 -0.02 -0.03
148 21.0 93.0 72.0 23.0 0.02 -0.02 -0.03 -0.1 -0.05 -0.03
