1 90.0 121.0 68.0 74.0 0.0 -0.01 -0.01 -0.06 0.04 -0.04
2 90.0 120.0 67.0 74.0 0.01 -0.0 -0.01 -0.07 0.07 -0.05
3 90.0 121.0 68.0 73.0 0.01 0.01 -0.02 -0.09 0.11 -0.06
4 91.0 123.0 69.0 70.0 0.01 -0.01 -0.02 -0.1 0.1 -0.06
5 117.0 123.0 67.0 71.0 0.01 -0.02 -0.01 0.0 0.09 -0.03
6 107.0 123.0 67.0 69.0 0.01 -0.02 -0.01 0.07 0.07 -0.04
7 108.0 123.0 72.0 68.0 0.0 -0.01 0.0 0.01 0.04 -0.04
8 102.0 123.0 71.0 67.0 0.0 0.01 0.01 -0.03 0.06 -0.04
9 104.0 121.0 67.0 66.0 0.0 0.01 0.01 -0.14 0.08 -0.07
10 99.0 120.0 68.0 64.0 0.02 0.0 -0.0 -0.12 0.08 -0.08
11 96.0 120.0 66.0 59.0 0.02 -0.0 -0.01 -0.13 0.12 -0.03
12 94.0 120.0 70.0 60.0 0.02 -0.0 -0.01 -0.06 0.11 -0.02
13 100.0 120.0 74.0 61.0 0.02 -0.01 -0.01 -0.04 0.11 -0.04
14 118.0 121.0 73.0 62.0 0.0 -0.01 -0.01 0.0 0.08 -0.03
15 111.0 120.0 73.0 59.0 0.0 -0.01 -0.0 -0.02 0.07 0.0
16 102.0 119.0 78.0 55.0 -0.01 -0.0 0.0 -0.03 0.07 -0.06
17 99.0 120.0 74.0 51.0 -0.0 0.01 0.0 -0.01 0.06 -0.04
18 93.0 120.0 78.0 50.0 -0.0 0.01 0.0 -0.09 0.08 -0.06
19 96.0 119.0 75.0 49.0 -0.01 0.01 0.0 -0.12 0.07 -0.04
20 83.0 119.0 74.0 54.0 -0.01 -0.0 0.0 0.04 0.1 -0.05
21 91.0 125.0 74.0 55.0 -0.01 -0.01 0.01 0.01 0.11 -0.02
22 95.0 134.0 72.0 56.0 -0.02 -0.03 0.02 0.0 0.11 -0.02
23 108.0 137.0 75.0 105.0 -0.03 -0.09 0.03 -0.12 0.05 0.0
24 143.0 166.0 74.0 105.0 -0.05 -0.13 0.03 -0.1 0.1 0.03
25 144.0 229.0 78.0 160.0 -0.1 -0.19 0.07 -0.17 0.05 0.13
26 150.0 272.0 77.0 145.0 -0.05 -0.43 0.19 -0.03 -0.02 0.33
27 177.0 263.0 75.0 128.0 -0.1 -0.9 0.28 -0.27 0.11 0.5
28 166.0 317.0 71.0 133.0 -0.04 -1.6 0.39 0.15 -0.63 1.27
29 184.0 300.0 69.0 118.0 0.25 -1.84 0.39 -0.03 0.31 2.76
30 202.0 352.0 68.0 107.0 0.05 -1.58 0.35 -0.82 -0.06 1.41
31 180.0 385.0 69.0 88.0 0.62 -2.24 -0.11 -1.21 -0.83 2.39
32 160.0 453.0 73.0 76.0 2.19 -3.55 -0.81 5.4 5.89 5.65
33 150.0 593.0 78.0 66.0 2.14 -3.41 -0.7 2.9 -0.69 3.75
34 135.0 671.0 83.0 61.0 2.63 -2.24 -0.88 2.11 0.68 4.43
35 116.0 662.0 106.0 63.0 2.84 -0.58 -1.04 0.8 0.78 4.32
36 112.0 705.0 111.0 57.0 2.94 -0.27 -1.04 0.0 0.77 3.92
37 148.0 661.0 102.0 62.0 2.89 -0.91 -1.02 -0.6 0.4 2.91
38 136.0 647.0 98.0 63.0 2.85 -1.52 -0.95 -0.9 0.48 1.6
39 131.0 616.0 95.0 60.0 2.82 -1.71 -0.96 -0.08 0.85 0.38
40 113.0 558.0 103.0 63.0 2.59 -1.48 -0.98 -0.26 0.32 -0.16
41 113.0 565.0 110.0 65.0 2.43 -1.37 -1.05 -0.32 -0.23 -0.76
42 171.0 530.0 109.0 69.0 2.36 -1.41 -1.09 -0.18 -0.59 -0.89
43 149.0 585.0 108.0 66.0 2.26 -1.4 -1.03 -0.26 -0.95 -1.56
44 144.0 578.0 116.0 64.0 2.03 -1.21 -0.79 -0.33 -1.16 -1.77
45 151.0 581.0 113.0 74.0 1.98 -1.13 -0.76 -0.35 -1.36 -1.91
46 192.0 579.0 120.0 74.0 1.82 -0.97 -0.63 -1.1 -1.69 -2.03
47 182.0 553.0 117.0 71.0 1.67 -0.9 -0.5 -1.37 -1.77 -1.7
48 185.0 554.0 114.0 68.0 1.59 -0.84 -0.45 -1.19 -1.7 -1.53
49 188.0 570.0 116.0 79.0 1.42 -0.71 -0.38 -1.28 -1.64 -1.63
50 252.0 540.0 129.0 74.0 1.27 -0.65 -0.31 -1.13 -1.44 -2.29
51 216.0 581.0 143.0 83.0 1.19 -0.61 -0.28 -0.96 -1.41 -2.26
52 189.0 595.0 136.0 89.0 1.05 -0.57 -0.22 -0.96 -1.43 -1.94
53 179.0 585.0 126.0 82.0 0.91 -0.54 -0.18 -0.91 -1.15 -1.45
54 202.0 545.0 139.0 92.0 0.83 -0.48 -0.19 -1.05 -1.18 -1.35
55 202.0 522.0 129.0 89.0 0.67 -0.32 -0.17 -1.2 -1.04 -1.51
56 210.0 517.0 134.0 94.0 0.54 -0.23 -0.15 -0.85 -0.84 -1.67
57 193.0 515.0 127.0 92.0 0.47 -0.21 -0.14 -0.73 -0.77 -1.66
58 170.0 501.0 125.0 90.0 0.33 -0.17 -0.11 -0.33 -0.5 -1.55
59 192.0 490.0 124.0 98.0 0.2 -0.14 -0.1 -0.22 -0.4 -1.46
60 182.0 529.0 126.0 93.0 0.15 -0.1 -0.11 -0.35 -0.37 -1.42
61 161.0 578.0 131.0 98.0 0.04 -0.03 -0.14 -0.23 -0.35 -1.34
62 153.0 515.0 130.0 97.0 -0.03 0.01 -0.16 -0.27 -0.37 -1.19
63 172.0 480.0 125.0 94.0 -0.07 0.01 -0.16 -0.28 -0.41 -1.12
64 184.0 446.0 119.0 97.0 -0.15 0.04 -0.15 -0.29 -0.3 -0.6
65 205.0 467.0 112.0 92.0 -0.22 0.03 -0.13 -0.53 -0.25 -0.62
66 204.0 448.0 106.0 92.0 -0.26 0.03 -0.12 -0.47 -0.27 -0.64
67 200.0 418.0 113.0 93.0 -0.3 0.08 -0.07 -0.3 -0.19 -0.88
68 216.0 418.0 118.0 93.0 -0.31 0.08 -0.02 -0.15 -0.2 -0.58
69 214.0 419.0 120.0 99.0 -0.31 0.03 -0.0 -0.13 -0.25 -0.16
70 218.0 409.0 111.0 96.0 -0.28 -0.03 0.0 -0.09 -0.26 0.04
71 197.0 373.0 109.0 100.0 -0.25 0.0 -0.01 -0.09 -0.11 0.09
72 185.0 395.0 114.0 96.0 -0.24 0.02 -0.02 -0.15 0.0 0.08
73 177.0 390.0 115.0 105.0 -0.23 0.03 -0.02 -0.19 -0.01 0.0
74 182.0 392.0 106.0 102.0 -0.21 0.01 -0.03 -0.27 0.06 -0.02
75 199.0 388.0 102.0 109.0 -0.2 0.02 -0.03 -0.26 0.08 -0.01
76 221.0 393.0 105.0 111.0 -0.19 0.05 -0.01 -0.19 0.06 -0.09
77 202.0 359.0 101.0 109.0 -0.17 0.05 -0.01 -0.09 0.08 -0.05
78 192.0 331.0 101.0 110.0 -0.16 0.03 -0.01 -0.23 0.07 0.0
79 179.0 356.0 100.0 110.0 -0.14 0.02 -0.01 -0.27 0.08 -0.01
80 193.0 373.0 99.0 113.0 -0.13 0.05 0.0 -0.26 0.08 -0.07
81 184.0 349.0 95.0 114.0 -0.13 0.06 0.01 -0.25 0.05 -0.12
82 161.0 343.0 103.0 122.0 -0.11 0.05 0.02 -0.21 0.06 -0.28
83 152.0 335.0 105.0 122.0 -0.09 0.04 0.03 -0.21 0.04 -0.14
84 176.0 335.0 100.0 118.0 -0.09 0.04 0.04 -0.25 0.03 -0.09
85 165.0 339.0 105.0 127.0 -0.08 0.04 0.04 -0.19 0.0 0.08
86 142.0 326.0 108.0 131.0 -0.08 0.04 0.04 -0.07 0.04 -0.05
87 150.0 357.0 101.0 133.0 -0.06 0.05 0.03 -0.02 0.03 -0.09
88 153.0 359.0 103.0 127.0 -0.03 0.04 0.01 0.07 0.03 0.0
89 139.0 381.0 96.0 125.0 -0.02 0.04 -0.0 -0.12 0.03 -0.1
90 126.0 409.0 99.0 127.0 -0.0 0.04 -0.02 -0.09 0.03 -0.16
91 141.0 365.0 103.0 126.0 0.01 0.04 -0.02 -0.18 0.0 -0.23
92 130.0 359.0 107.0 132.0 0.01 0.03 -0.01 -0.03 -0.02 -0.15
93 184.0 446.0 112.0 135.0 0.02 0.01 -0.01 -0.07 -0.04 -0.16
94 163.0 478.0 113.0 140.0 0.03 0.02 -0.03 -0.06 -0.07 -0.12
95 143.0 434.0 107.0 138.0 0.04 0.03 -0.04 -0.29 -0.14 -0.29
96 135.0 430.0 111.0 142.0 0.09 0.05 -0.05 -0.3 -0.08 -0.41
97 128.0 417.0 114.0 144.0 0.08 0.06 -0.03 -0.44 -0.14 -0.12
98 149.0 382.0 111.0 141.0 0.08 0.06 -0.02 -0.35 -0.08 -0.16
99 132.0 356.0 108.0 139.0 0.06 0.03 0.01 -0.35 -0.19 -0.21
100 175.0 324.0 110.0 139.0 0.04 0.0 0.03 -0.3 -0.16 -0.25
101 154.0 331.0 109.0 134.0 0.02 -0.01 0.04 -0.17 -0.02 -0.3
102 145.0 363.0 115.0 140.0 -0.01 -0.02 0.04 -0.15 -0.02 -0.34
103 138.0 363.0 109.0 134.0 -0.03 -0.01 0.03 -0.05 0.0 -0.41
104 160.0 334.0 107.0 132.0 -0.03 0.0 0.02 -0.03 -0.02 -0.21
105 155.0 331.0 105.0 134.0 -0.05 0.03 0.01 -0.01 0.0 -0.12
106 140.0 342.0 99.0 133.0 -0.06 0.05 -0.01 -0.02 0.03 -0.27
107 128.0 320.0 95.0 140.0 -0.06 0.06 -0.0 0.0 0.04 -0.26
108 119.0 294.0 90.0 129.0 -0.07 0.05 -0.01 0.0 0.04 -0.24
109 109.0 289.0 88.0 129.0 -0.07 0.02 -0.01 0.02 -0.01 -0.23
110 105.0 266.0 92.0 136.0 -0.07 0.03 -0.01 -0.09 -0.19 -0.19
111 89.0 279.0 85.0 124.0 -0.08 0.05 -0.02 -0.09 -0.22 -0.25
112 80.0 245.0 82.0 132.0 -0.09 0.08 -0.02 -0.21 -0.22 -0.36
113 66.0 220.0 82.0 134.0 -0.1 0.09 -0.01 -0.3 -0.25 -0.54
114 55.0 203.0 83.0 148.0 -0.12 0.09 0.01 -0.34 -0.29 -0.56
115 48.0 192.0 80.0 148.0 -0.17 0.14 0.05 -0.39 -0.57 -0.64
116 41.0 172.0 76.0 140.0 -0.2 0.17 0.08 -0.37 -0.69 -0.69
117 35.0 154.0 74.0 131.0 -0.28 0.29 0.16 -0.3 -0.75 -0.7
118 32.0 145.0 72.0 120.0 -0.42 0.51 0.28 -0.46 -0.81 -0.92
119 29.0 147.0 70.0 123.0 -0.49 0.59 0.32 -0.57 -1.19 -1.05
120 29.0 147.0 68.0 126.0 -0.64 0.71 0.39 -0.68 -1.31 -1.29
121 27.0 137.0 69.0 145.0 -0.8 0.79 0.49 -0.89 -1.34 -1.84
122 37.0 136.0 63.0 128.0 -0.9 0.82 0.55 -1.46 -1.27 -2.27
123 56.0 128.0 70.0 111.0 -1.1 0.84 0.66 -1.32 -1.21 -2.35
124 60.0 127.0 67.0 108.0 -1.32 0.8 0.79 -0.47 -0.73 -2.41
125 60.0 128.0 65.0 123.0 -1.48 0.9 0.87 -0.94 -0.53 -2.22
126 61.0 123.0 63.0 116.0 -1.97 1.21 1.04 -1.04 -0.61 -2.21
127 74.0 119.0 61.0 120.0 -2.24 1.17 1.06 -1.58 -0.54 -2.08
128 93.0 121.0 61.0 118.0 -2.32 1.08 1.06 -1.18 -0.18 -1.71
129 96.0 123.0 60.0 135.0 -2.5 0.99 1.02 -0.85 -0.2 -1.65
130 88.0 133.0 60.0 203.0 -2.73 1.09 0.99 -0.06 0.07 -1.68
131 102.0 128.0 61.0 181.0 -2.83 1.14 0.97 -0.21 -0.04 -1.46
132 89.0 135.0 59.0 173.0 -2.93 1.38 0.95 -0.38 -0.27 -1.47
133 76.0 133.0 59.0 215.0 -2.89 1.45 0.86 -0.41 -0.29 -1.11
134 102.0 132.0 57.0 195.0 -2.82 1.32 0.82 0.23 -0.51 0.06
135 91.0 135.0 55.0 174.0 -2.64 0.97 0.74 0.33 -0.5 0.58
136 86.0 133.0 55.0 157.0 -2.4 0.7 0.68 0.95 -0.45 1.08
137 73.0 133.0 58.0 166.0 -2.24 0.68 0.6 1.06 -0.38 0.88
138 63.0 125.0 54.0 143.0 -1.96 1.0 0.63 0.32 -0.33 0.75
139 55.0 121.0 53.0 123.0 -1.89 1.38 0.37 -0.52 -0.51 0.67
140 51.0 118.0 61.0 114.0 -1.83 1.39 0.26 -1.33 -0.11 -2.53
141 92.0 117.0 64.0 105.0 -1.7 0.78 0.13 -1.54 -0.82 -3.55
142 79.0 113.0 65.0 92.0 -0.45 -0.26 -0.13 -7.12 -5.55 8.26
143 66.0 108.0 72.0 91.0 1.04 -0.98 -0.38 2.55 0.67 6.88
144 56.0 104.0 71.0 83.0 0.34 0.29 0.09 0.02 -0.96 6.26
145 48.0 99.0 82.0 80.0 0.64 1.64 -0.18 1.67 0.71 3.04
146 46.0 95.0 85.0 80.0 0.64 1.87 -0.31 0.0 0.95 0.47
147 49.0 89.0 85.0 81.0 0.49 0.96 -0.37 0.01 0.8 0.06
148 48.0 85.0 85.0 77.0 0.31 0.48 -0.17 -1.18 0.53 1.0
149 66.0 81.0 81.0 77.0 0.3 0.3 -0.13 0.05 0.65 1.04
150 56.0 79.0 92.0 76.0 0.23 -0.02 -0.05 0.32 0.68 0.84
151 49.0 77.0 92.0 76.0 0.13 0.03 0.04 0.55 0.55 0.35
152 42.0 75.0 96.0 76.0 0.11 0.19 0.06 0.57 0.33 -0.08
153 38.0 74.0 95.0 75.0 0.02 0.52 0.03 0.33 0.3 -0.15
154 35.0 74.0 93.0 74.0 -0.17 0.44 0.04 -0.54 -0.04 -0.08
155 37.0 73.0 94.0 71.0 -0.19 0.32 0.06 -0.78 -0.08 -0.05
156 34.0 71.0 91.0 71.0 -0.16 0.12 0.07 -0.77 -0.11 -0.07
157 35.0 71.0 94.0 67.0 -0.08 -0.0 0.05 -0.38 -0.04 -0.12
