1 76.0 78.0 75.0 25.0 0.03 -0.12 -0.04 0.24 0.14 -0.16
2 73.0 78.0 80.0 24.0 0.01 -0.07 -0.03 0.01 0.09 -0.22
3 67.0 78.0 80.0 24.0 0.02 0.03 -0.04 -0.05 0.07 -0.16
4 65.0 79.0 73.0 24.0 0.03 0.04 -0.04 -0.22 0.06 -0.03
5 92.0 79.0 69.0 24.0 0.03 0.02 -0.05 0.02 0.11 0.01
6 86.0 78.0 73.0 24.0 0.03 -0.02 -0.04 0.1 0.09 0.0
7 81.0 77.0 73.0 23.0 0.01 -0.01 -0.03 0.01 0.12 -0.17
8 69.0 76.0 75.0 29.0 -0.0 -0.01 -0.02 -0.05 0.09 -0.14
9 66.0 76.0 71.0 27.0 0.0 0.0 -0.02 -0.23 0.09 -0.1
10 66.0 108.0 67.0 26.0 0.03 -0.03 -0.03 -0.07 0.09 -0.08
11 75.0 170.0 63.0 26.0 0.03 -0.06 -0.02 0.06 0.12 -0.04
12 89.0 195.0 59.0 35.0 0.0 -0.09 -0.01 0.15 0.01 -0.07
13 87.0 262.0 57.0 53.0 0.08 -0.1 -0.03 -0.11 -0.02 -0.15
14 88.0 340.0 57.0 48.0 0.16 -0.1 -0.04 -0.2 -0.1 -0.17
15 91.0 389.0 58.0 60.0 0.35 -0.14 -0.07 0.03 -0.25 -0.23
16 123.0 397.0 58.0 53.0 0.61 -0.14 -0.04 -0.01 -0.37 -0.38
17 156.0 368.0 58.0 55.0 0.77 -0.15 -0.05 -0.02 -0.27 -0.55
18 166.0 351.0 60.0 49.0 0.91 -0.29 -0.06 -0.67 -0.05 -0.77
19 196.0 320.0 59.0 44.0 0.76 -0.62 -0.09 0.01 0.0 0.56
20 176.0 337.0 58.0 41.0 0.76 -0.75 -0.11 0.29 0.04 0.77
21 184.0 425.0 59.0 38.0 0.75 -1.08 -0.16 0.12 -0.18 1.69
22 186.0 442.0 62.0 37.0 0.9 -1.42 -0.39 -0.13 -0.82 2.29
23 174.0 479.0 65.0 34.0 1.18 -1.98 -0.57 3.13 2.52 3.15
24 175.0 490.0 66.0 37.0 1.12 -1.53 -0.49 1.58 0.85 2.66
25 158.0 475.0 68.0 34.0 1.24 -1.47 -0.57 1.32 1.46 2.89
26 204.0 535.0 65.0 42.0 1.4 -1.23 -0.62 1.11 1.51 2.85
27 202.0 569.0 66.0 38.0 1.71 -1.03 -0.71 1.35 1.7 3.5
28 188.0 503.0 69.0 36.0 1.85 -1.1 -0.82 1.51 1.74 3.43
29 161.0 550.0 71.0 41.0 1.91 -1.06 -0.86 1.41 1.71 3.32
30 149.0 534.0 71.0 39.0 1.98 -0.8 -0.92 0.7 1.36 2.74
31 165.0 537.0 73.0 46.0 2.0 -0.68 -0.99 0.62 1.0 2.21
32 189.0 523.0 74.0 46.0 2.05 -0.68 -1.01 0.5 0.76 1.87
33 174.0 544.0 82.0 43.0 2.15 -0.7 -1.07 0.33 0.4 0.86
34 158.0 571.0 85.0 47.0 2.2 -0.73 -1.07 0.52 -0.08 0.83
35 187.0 590.0 92.0 44.0 2.23 -0.66 -1.06 0.14 -0.42 0.56
36 175.0 586.0 91.0 47.0 2.24 -0.61 -0.97 -0.31 -0.83 0.0
37 178.0 548.0 102.0 42.0 2.16 -0.62 -0.87 -0.39 -1.18 -0.53
38 214.0 535.0 108.0 50.0 2.13 -0.62 -0.82 -0.7 -1.29 -0.54
39 228.0 549.0 105.0 46.0 2.05 -0.61 -0.75 -0.98 -1.58 -0.67
40 266.0 544.0 111.0 47.0 1.93 -0.56 -0.68 -1.13 -1.69 -1.55
41 304.0 480.0 107.0 45.0 1.86 -0.55 -0.63 -1.06 -1.84 -1.56
42 301.0 486.0 107.0 46.0 1.63 -0.58 -0.45 -1.34 -1.77 -1.81
43 311.0 497.0 115.0 49.0 1.51 -0.57 -0.41 -1.46 -1.83 -2.11
44 290.0 532.0 109.0 46.0 1.4 -0.53 -0.36 -1.43 -1.76 -2.4
45 271.0 504.0 110.0 45.0 1.08 -0.46 -0.25 -1.32 -1.81 -2.68
46 280.0 489.0 104.0 43.0 0.99 -0.42 -0.21 -1.22 -1.73 -2.95
47 244.0 540.0 111.0 48.0 0.86 -0.36 -0.17 -1.42 -1.92 -2.72
48 263.0 558.0 103.0 49.0 0.55 -0.27 -0.11 -1.39 -1.88 -2.32
49 258.0 531.0 112.0 50.0 0.35 -0.21 -0.06 -1.26 -1.69 -2.19
50 244.0 485.0 103.0 46.0 0.26 -0.17 -0.05 -1.2 -1.65 -2.27
51 213.0 478.0 106.0 43.0 0.09 -0.13 0.0 -0.87 -1.47 -2.13
52 196.0 442.0 108.0 42.0 -0.03 -0.13 0.03 -0.77 -1.22 -1.8
53 270.0 415.0 103.0 51.0 -0.08 -0.13 0.04 -0.83 -1.05 -1.69
54 295.0 376.0 107.0 56.0 -0.18 -0.08 0.05 -0.38 -0.7 -1.19
55 246.0 393.0 110.0 51.0 -0.24 -0.04 0.04 -0.17 -0.47 -0.78
56 219.0 375.0 109.0 53.0 -0.26 -0.02 0.04 -0.12 -0.33 -0.7
57 189.0 369.0 111.0 56.0 -0.28 0.02 0.02 0.09 -0.1 -0.68
58 180.0 360.0 109.0 52.0 -0.29 0.04 -0.01 0.16 -0.05 -0.39
59 227.0 383.0 107.0 55.0 -0.29 0.04 -0.02 0.18 0.05 -0.34
60 233.0 361.0 98.0 55.0 -0.28 0.07 -0.05 0.08 0.05 -0.27
61 210.0 375.0 94.0 54.0 -0.26 0.1 -0.06 0.06 0.16 -0.12
62 182.0 393.0 103.0 55.0 -0.25 0.1 -0.06 0.07 0.15 -0.03
63 156.0 380.0 96.0 53.0 -0.22 0.06 -0.06 -0.11 0.16 0.09
64 204.0 368.0 95.0 54.0 -0.19 0.04 -0.05 -0.28 0.19 0.07
65 187.0 350.0 93.0 60.0 -0.18 0.04 -0.03 -0.36 0.16 0.02
66 276.0 358.0 93.0 57.0 -0.15 0.04 0.03 -0.33 0.23 0.02
67 260.0 321.0 92.0 55.0 -0.13 0.01 0.07 -0.15 0.17 0.0
68 223.0 302.0 94.0 55.0 -0.11 0.0 0.07 -0.09 0.23 0.0
69 229.0 339.0 104.0 54.0 -0.08 0.02 0.06 0.03 0.13 0.08
70 200.0 350.0 95.0 56.0 -0.05 0.04 0.03 -0.02 0.11 0.08
71 216.0 368.0 91.0 62.0 -0.04 0.05 0.01 -0.07 0.17 0.01
72 243.0 350.0 92.0 58.0 -0.03 0.05 -0.01 -0.2 0.11 -0.22
73 271.0 327.0 90.0 55.0 -0.04 0.03 0.01 -0.38 0.04 -0.33
74 251.0 309.0 89.0 60.0 -0.04 0.01 0.03 -0.33 -0.01 -0.41
75 261.0 312.0 92.0 56.0 -0.05 -0.01 0.07 -0.29 -0.09 -0.37
76 242.0 329.0 85.0 61.0 -0.06 -0.02 0.09 -0.26 -0.19 -0.36
77 210.0 324.0 89.0 64.0 -0.07 -0.0 0.1 -0.19 -0.15 -0.37
78 182.0 303.0 90.0 60.0 -0.08 0.01 0.1 -0.02 -0.08 -0.46
79 161.0 282.0 86.0 56.0 -0.08 -0.0 0.09 0.07 -0.12 -0.55
80 156.0 305.0 82.0 56.0 -0.08 -0.01 0.06 0.08 -0.11 -0.42
81 190.0 356.0 79.0 58.0 -0.1 0.03 0.02 0.08 -0.14 -0.32
82 195.0 366.0 75.0 61.0 -0.11 0.05 -0.0 0.0 -0.08 -0.41
83 196.0 345.0 73.0 57.0 -0.12 0.1 -0.03 -0.03 -0.07 -0.4
84 172.0 331.0 79.0 61.0 -0.12 0.11 -0.05 -0.08 -0.09 -0.35
85 180.0 365.0 79.0 57.0 -0.12 0.1 -0.05 -0.1 -0.11 -0.29
86 166.0 361.0 76.0 55.0 -0.1 0.09 -0.05 -0.12 -0.11 -0.18
87 147.0 342.0 73.0 51.0 -0.09 0.07 -0.05 -0.23 -0.08 -0.22
88 126.0 315.0 76.0 54.0 -0.09 0.07 -0.05 -0.25 -0.05 -0.25
89 113.0 288.0 71.0 49.0 -0.09 0.08 -0.05 -0.29 -0.02 -0.35
90 105.0 296.0 70.0 47.0 -0.09 0.09 -0.04 -0.34 -0.05 -0.47
91 91.0 269.0 70.0 44.0 -0.1 0.11 -0.03 -0.46 -0.08 -0.51
92 90.0 268.0 71.0 43.0 -0.12 0.12 -0.02 -0.48 -0.1 -0.48
93 89.0 245.0 71.0 42.0 -0.14 0.15 0.0 -0.46 -0.23 -0.48
94 94.0 228.0 68.0 41.0 -0.15 0.17 0.01 -0.45 -0.29 -0.57
95 79.0 221.0 67.0 42.0 -0.19 0.19 0.03 -0.39 -0.43 -0.63
96 73.0 215.0 65.0 38.0 -0.23 0.23 0.05 -0.35 -0.57 -0.88
97 64.0 211.0 61.0 44.0 -0.25 0.24 0.06 -0.43 -0.74 -1.12
98 71.0 206.0 61.0 46.0 -0.3 0.26 0.07 -0.52 -0.69 -1.25
99 60.0 192.0 60.0 42.0 -0.39 0.28 0.09 -0.46 -0.76 -1.44
100 60.0 185.0 58.0 44.0 -0.46 0.29 0.12 -0.67 -0.95 -1.58
101 59.0 171.0 57.0 53.0 -0.58 0.3 0.17 -0.69 -1.0 -1.57
102 62.0 170.0 53.0 50.0 -0.73 0.32 0.27 -0.75 -1.09 -1.44
103 71.0 162.0 56.0 49.0 -0.83 0.35 0.31 -0.7 -1.01 -1.41
104 81.0 210.0 56.0 70.0 -1.01 0.5 0.42 -0.65 -0.97 -1.44
105 81.0 191.0 60.0 61.0 -1.23 0.74 0.51 -0.66 -1.08 -1.61
106 82.0 173.0 60.0 54.0 -1.34 0.87 0.54 -0.68 -1.33 -1.27
107 83.0 161.0 62.0 67.0 -1.57 0.96 0.63 -0.07 -1.39 -1.59
108 83.0 151.0 62.0 67.0 -1.77 1.09 0.75 0.04 -0.3 -1.33
109 82.0 148.0 64.0 82.0 -1.9 1.14 0.76 0.01 -0.05 -1.1
110 82.0 138.0 66.0 80.0 -2.08 1.24 0.75 -0.06 0.09 -0.84
111 78.0 137.0 67.0 88.0 -2.32 1.39 0.69 -0.44 0.04 -0.71
112 87.0 132.0 69.0 84.0 -2.41 1.44 0.66 -0.29 0.27 -0.6
113 87.0 138.0 69.0 85.0 -2.52 1.62 0.6 0.15 0.28 -0.69
114 89.0 139.0 71.0 91.0 -2.58 1.81 0.57 -0.02 0.21 -0.79
115 80.0 141.0 70.0 110.0 -2.6 1.71 0.58 -0.57 -0.18 -0.79
116 114.0 141.0 69.0 115.0 -2.5 1.05 0.57 -0.62 -0.72 0.0
117 112.0 139.0 70.0 108.0 -2.2 0.2 0.54 -1.46 -0.46 0.61
118 106.0 130.0 70.0 101.0 -2.0 -0.13 0.56 0.12 -0.31 1.88
119 102.0 128.0 70.0 89.0 -1.67 -0.12 0.38 0.85 -0.21 2.17
120 89.0 127.0 71.0 78.0 -1.48 0.45 0.27 0.8 -0.24 2.24
121 80.0 125.0 70.0 67.0 -1.38 0.69 0.25 0.43 -0.06 1.83
122 75.0 123.0 67.0 76.0 -1.19 0.83 0.18 0.17 0.01 1.59
123 65.0 125.0 65.0 87.0 -0.96 0.54 0.14 -0.05 0.22 1.01
124 67.0 118.0 65.0 112.0 -0.86 0.34 0.11 0.17 0.46 0.64
125 60.0 124.0 62.0 99.0 -0.73 0.07 0.08 0.28 0.45 0.35
126 62.0 123.0 61.0 97.0 -0.68 0.02 0.08 0.45 0.32 -0.07
127 67.0 118.0 59.0 95.0 -0.63 -0.02 0.1 0.72 -0.31 1.81
128 70.0 113.0 61.0 78.0 -0.36 0.17 0.11 -0.51 -0.5 2.33
129 74.0 109.0 59.0 69.0 -0.09 0.07 0.14 0.06 -0.31 3.58
130 95.0 111.0 61.0 60.0 0.03 0.29 0.13 0.2 -0.1 2.95
131 84.0 105.0 61.0 52.0 0.2 0.46 0.03 -0.02 -0.03 2.0
132 75.0 101.0 61.0 47.0 0.24 0.27 -0.06 -0.77 0.39 -0.32
133 71.0 98.0 65.0 43.0 0.19 0.2 -0.04 -0.99 0.42 -0.68
134 61.0 92.0 61.0 38.0 0.15 0.02 0.02 -0.46 0.12 -0.05
135 53.0 87.0 59.0 36.0 0.17 -0.09 0.08 0.09 0.07 0.45
136 52.0 84.0 64.0 35.0 0.17 -0.08 0.1 0.34 0.09 0.28
137 50.0 82.0 72.0 32.0 0.15 0.01 0.12 0.21 0.08 0.26
138 55.0 81.0 69.0 31.0 0.11 0.02 0.1 0.0 0.21 0.2
139 67.0 81.0 79.0 30.0 0.08 0.0 0.08 -0.14 0.23 0.02
140 66.0 79.0 79.0 26.0 0.06 -0.02 0.06 -0.23 0.17 -0.03
141 104.0 79.0 77.0 30.0 0.05 -0.1 0.05 -0.15 0.02 -0.08
142 108.0 79.0 79.0 29.0 0.07 -0.12 0.04 -0.16 0.03 -0.04
143 100.0 80.0 78.0 29.0 0.1 -0.14 0.02 -0.19 0.04 -0.1
144 93.0 78.0 73.0 28.0 0.16 -0.16 0.01 -0.26 0.12 -0.06
145 86.0 77.0 83.0 27.0 0.19 -0.17 0.01 -0.21 0.11 -0.14
146 76.0 77.0 84.0 27.0 0.26 -0.21 0.0 -0.01 0.03 -0.09
147 73.0 77.0 91.0 28.0 0.27 -0.13 0.02 -0.08 -0.01 -0.05
148 130.0 83.0 89.0 25.0 0.29 -0.08 0.02 0.28 -0.03 -0.22
149 110.0 81.0 90.0 26.0 0.3 0.03 -0.01 0.36 0.0 -0.18
150 99.0 83.0 86.0 25.0 0.28 0.17 -0.06 0.49 0.22 -0.02
151 85.0 84.0 84.0 25.0 0.25 0.23 -0.08 0.5 0.33 -0.04
152 78.0 86.0 79.0 24.0 0.17 0.36 -0.09 0.33 0.36 -0.03
