1 85.0 82.0 80.0 24.0 -0.01 -0.01 -0.02 -0.07 0.07 -0.13
2 83.0 82.0 81.0 24.0 0.01 -0.02 -0.03 -0.06 0.11 -0.13
3 82.0 82.0 77.0 24.0 0.02 -0.03 -0.03 -0.04 0.03 -0.1
4 83.0 83.0 76.0 24.0 0.03 -0.04 -0.03 -0.03 0.04 -0.16
5 78.0 82.0 75.0 23.0 0.05 -0.04 -0.03 -0.02 0.03 -0.11
6 84.0 82.0 81.0 23.0 0.06 -0.05 -0.03 -0.05 0.06 -0.14
7 110.0 84.0 85.0 24.0 0.07 -0.06 -0.03 -0.06 0.13 -0.03
8 101.0 84.0 79.0 24.0 0.08 -0.09 -0.03 -0.04 0.14 -0.05
9 90.0 83.0 81.0 23.0 0.07 -0.12 -0.04 -0.07 0.19 -0.01
10 89.0 87.0 85.0 23.0 0.07 -0.13 -0.05 -0.03 0.19 0.02
11 103.0 84.0 80.0 23.0 0.04 -0.16 -0.05 0.19 0.16 0.05
12 102.0 84.0 86.0 23.0 -0.02 -0.16 -0.04 0.19 0.06 -0.01
13 94.0 85.0 84.0 23.0 -0.05 -0.15 -0.03 0.13 0.01 -0.04
14 98.0 82.0 80.0 23.0 -0.09 -0.12 -0.03 0.04 0.02 -0.03
15 93.0 82.0 79.0 24.0 -0.1 -0.15 -0.02 0.13 0.23 0.01
16 88.0 107.0 75.0 37.0 -0.12 -0.16 -0.01 0.05 0.29 0.13
17 84.0 136.0 73.0 46.0 -0.14 -0.23 0.01 0.31 0.43 0.12
18 103.0 168.0 72.0 53.0 -0.19 -0.23 0.07 0.5 0.46 0.24
19 98.0 191.0 73.0 73.0 -0.2 -0.22 0.09 0.48 0.18 0.19
20 104.0 211.0 70.0 95.0 -0.08 -0.16 0.14 0.34 -0.02 0.2
21 93.0 236.0 73.0 81.0 0.18 -0.22 0.12 -0.45 -0.2 0.48
22 122.0 327.0 72.0 74.0 0.23 -0.42 0.12 -0.64 0.0 0.79
23 111.0 455.0 73.0 76.0 0.29 -0.77 0.08 -0.25 0.38 1.15
24 96.0 459.0 72.0 72.0 0.43 -0.99 -0.01 -0.59 0.13 1.65
25 84.0 450.0 75.0 63.0 0.63 -1.13 -0.09 0.12 -0.32 2.46
26 72.0 459.0 74.0 54.0 0.97 -1.22 -0.17 -0.14 -0.22 2.88
27 66.0 449.0 78.0 49.0 1.38 -1.1 -0.22 0.78 0.37 3.1
28 71.0 533.0 79.0 45.0 1.49 -0.88 -0.29 0.45 0.3 3.4
29 85.0 510.0 86.0 49.0 1.92 -0.86 -0.45 0.86 0.72 3.3
30 79.0 544.0 87.0 44.0 2.27 -0.8 -0.55 0.3 0.68 3.29
31 87.0 596.0 96.0 46.0 2.38 -0.8 -0.57 0.28 0.63 3.48
32 103.0 583.0 95.0 49.0 2.46 -0.7 -0.61 0.34 0.85 2.35
33 113.0 601.0 101.0 44.0 2.42 -0.68 -0.62 0.44 0.46 1.86
34 110.0 632.0 98.0 42.0 2.42 -0.69 -0.62 0.17 0.22 1.23
35 116.0 591.0 102.0 42.0 2.5 -0.73 -0.61 0.52 -0.28 0.78
36 118.0 578.0 119.0 42.0 2.53 -0.63 -0.58 0.27 -0.68 0.13
37 130.0 532.0 118.0 38.0 2.53 -0.6 -0.55 0.21 -0.82 0.03
38 136.0 483.0 116.0 37.0 2.52 -0.61 -0.51 -0.14 -1.09 -0.31
39 159.0 502.0 111.0 38.0 2.43 -0.68 -0.44 -0.05 -1.3 -1.16
40 176.0 504.0 130.0 45.0 2.36 -0.71 -0.39 -0.06 -1.34 -1.26
41 156.0 516.0 134.0 48.0 2.21 -0.68 -0.36 -0.38 -1.24 -1.91
42 221.0 549.0 126.0 47.0 1.98 -0.68 -0.33 -0.45 -1.31 -1.83
43 211.0 488.0 117.0 42.0 1.86 -0.68 -0.31 -0.58 -1.25 -1.99
44 236.0 503.0 111.0 40.0 1.59 -0.66 -0.27 -0.68 -1.13 -2.43
45 215.0 520.0 109.0 42.0 1.31 -0.59 -0.23 -0.66 -1.06 -2.8
46 222.0 506.0 123.0 38.0 1.17 -0.57 -0.21 -0.63 -1.04 -2.72
47 191.0 506.0 117.0 38.0 0.93 -0.57 -0.18 -0.71 -1.03 -2.49
48 202.0 522.0 116.0 39.0 0.69 -0.52 -0.16 -0.68 -0.88 -2.0
49 188.0 540.0 118.0 38.0 0.59 -0.46 -0.16 -0.81 -0.82 -1.95
50 166.0 493.0 109.0 37.0 0.41 -0.36 -0.17 -0.83 -0.8 -1.65
51 190.0 520.0 106.0 40.0 0.29 -0.31 -0.17 -0.79 -0.8 -1.61
52 164.0 467.0 104.0 36.0 0.23 -0.27 -0.17 -0.73 -0.88 -1.44
53 145.0 434.0 108.0 38.0 0.13 -0.19 -0.19 -0.77 -0.69 -1.35
54 162.0 451.0 104.0 39.0 0.05 -0.16 -0.18 -0.69 -0.62 -0.98
55 190.0 453.0 105.0 39.0 -0.0 -0.13 -0.18 -0.84 -0.48 -0.9
56 195.0 523.0 100.0 43.0 -0.07 -0.06 -0.18 -0.79 -0.33 -1.06
57 199.0 519.0 114.0 38.0 -0.13 -0.01 -0.13 -0.65 -0.12 -1.12
58 193.0 474.0 103.0 34.0 -0.15 -0.0 -0.1 -0.63 -0.05 -1.09
59 170.0 426.0 113.0 33.0 -0.19 0.01 -0.06 -0.53 0.11 -0.7
60 176.0 441.0 108.0 33.0 -0.23 0.04 -0.03 -0.46 0.14 -0.33
61 175.0 445.0 101.0 36.0 -0.24 0.05 -0.03 -0.4 0.17 -0.21
62 148.0 489.0 94.0 34.0 -0.27 0.07 -0.03 -0.25 0.12 -0.06
63 131.0 465.0 94.0 34.0 -0.26 0.1 -0.04 -0.25 -0.01 0.03
64 125.0 477.0 95.0 32.0 -0.25 0.11 -0.05 -0.07 -0.09 0.1
65 177.0 477.0 92.0 31.0 -0.22 0.15 -0.05 -0.06 -0.12 0.18
66 200.0 453.0 90.0 30.0 -0.19 0.16 -0.03 -0.11 -0.09 0.16
67 227.0 422.0 84.0 31.0 -0.17 0.15 -0.02 -0.12 -0.09 0.06
68 215.0 402.0 82.0 32.0 -0.16 0.12 0.02 -0.15 -0.03 -0.05
69 197.0 414.0 80.0 31.0 -0.16 0.07 0.08 -0.1 -0.07 -0.23
70 181.0 367.0 76.0 29.0 -0.16 0.05 0.11 0.0 -0.07 -0.23
71 179.0 333.0 75.0 28.0 -0.18 0.03 0.16 0.07 0.0 -0.06
72 173.0 352.0 72.0 28.0 -0.18 0.02 0.18 0.17 0.0 -0.01
73 187.0 356.0 76.0 27.0 -0.19 0.02 0.19 0.21 0.0 -0.04
74 170.0 364.0 78.0 27.0 -0.19 0.02 0.18 0.17 -0.04 -0.1
75 145.0 353.0 77.0 27.0 -0.17 -0.0 0.16 0.24 -0.01 -0.12
76 128.0 313.0 74.0 27.0 -0.16 0.0 0.15 0.24 -0.01 -0.09
77 122.0 301.0 70.0 26.0 -0.15 0.02 0.12 0.17 -0.07 -0.05
78 118.0 287.0 69.0 26.0 -0.13 0.03 0.09 0.16 -0.16 -0.11
79 116.0 286.0 68.0 25.0 -0.13 0.04 0.09 0.11 -0.19 -0.13
80 105.0 317.0 69.0 25.0 -0.12 0.03 0.06 0.0 -0.14 -0.2
81 102.0 306.0 70.0 25.0 -0.12 0.02 0.05 -0.04 -0.1 -0.25
82 93.0 267.0 71.0 24.0 -0.11 0.03 0.05 -0.06 -0.07 -0.26
83 86.0 286.0 68.0 24.0 -0.1 0.02 0.05 -0.16 -0.07 -0.36
84 118.0 259.0 69.0 25.0 -0.11 0.01 0.05 -0.19 -0.02 -0.32
85 109.0 243.0 66.0 25.0 -0.12 0.02 0.06 -0.25 -0.04 -0.33
86 92.0 214.0 66.0 25.0 -0.16 0.04 0.07 -0.23 -0.05 -0.37
87 76.0 194.0 65.0 26.0 -0.2 0.06 0.09 -0.23 -0.16 -0.41
88 70.0 186.0 62.0 25.0 -0.22 0.07 0.09 -0.21 -0.24 -0.46
89 59.0 185.0 61.0 25.0 -0.3 0.08 0.1 -0.13 -0.32 -0.54
90 54.0 206.0 63.0 25.0 -0.38 0.13 0.1 -0.1 -0.61 -0.83
91 46.0 187.0 61.0 24.0 -0.43 0.15 0.12 -0.06 -0.77 -0.92
92 40.0 171.0 60.0 24.0 -0.51 0.21 0.15 -0.16 -1.22 -1.46
93 34.0 159.0 59.0 24.0 -0.64 0.24 0.23 -0.17 -1.25 -1.73
94 34.0 148.0 59.0 24.0 -0.73 0.27 0.28 -0.13 -1.23 -1.91
95 54.0 143.0 57.0 23.0 -0.95 0.4 0.42 0.13 -0.95 -2.22
96 65.0 140.0 58.0 24.0 -1.27 0.68 0.59 -0.04 -0.48 -2.29
97 69.0 135.0 58.0 23.0 -1.47 0.89 0.68 -0.46 -0.36 -2.32
98 75.0 135.0 60.0 25.0 -1.8 1.14 0.71 -1.15 -0.24 -2.07
99 70.0 134.0 62.0 25.0 -2.08 1.17 0.72 -0.38 -0.04 -1.41
100 76.0 137.0 62.0 24.0 -2.24 1.22 0.7 -0.29 0.06 -1.21
101 70.0 138.0 62.0 26.0 -2.54 1.38 0.61 -0.01 -0.01 -0.9
102 72.0 138.0 64.0 27.0 -2.78 1.59 0.51 -0.09 0.03 -0.85
103 73.0 132.0 64.0 38.0 -2.87 1.69 0.44 -0.13 0.07 -0.83
104 68.0 141.0 64.0 41.0 -2.94 1.75 0.29 0.06 -0.01 -1.4
105 84.0 140.0 66.0 37.0 -2.93 1.87 0.24 0.29 -0.45 -1.92
106 79.0 144.0 64.0 68.0 -2.89 1.86 0.21 0.33 -0.44 -1.62
107 74.0 143.0 62.0 66.0 -2.74 1.65 0.2 -0.66 -0.58 -1.25
108 63.0 140.0 63.0 59.0 -2.57 1.09 0.08 -2.18 -1.29 0.5
109 67.0 137.0 64.0 51.0 -2.41 0.69 0.13 -0.6 -1.16 1.08
110 59.0 133.0 65.0 44.0 -1.99 0.13 -0.05 -0.17 -0.96 2.01
111 51.0 132.0 63.0 40.0 -1.76 0.11 -0.11 0.08 -0.68 1.82
112 85.0 131.0 63.0 36.0 -1.65 0.19 -0.12 0.0 -0.59 1.54
113 79.0 127.0 63.0 33.0 -1.46 0.47 -0.08 1.67 -0.18 -0.86
114 66.0 126.0 65.0 32.0 -1.28 0.54 -0.04 1.21 -1.87 1.1
115 63.0 119.0 72.0 30.0 -0.6 -0.09 -0.03 0.38 -2.44 6.24
116 60.0 115.0 82.0 28.0 0.32 -0.12 0.12 2.02 0.44 6.32
117 78.0 111.0 76.0 29.0 0.13 1.6 0.09 0.18 0.06 5.6
118 70.0 104.0 70.0 28.0 0.22 1.53 -0.15 -0.93 -0.46 4.93
119 65.0 99.0 68.0 26.0 0.27 0.75 -0.3 -1.5 1.44 0.94
120 55.0 94.0 71.0 26.0 0.1 0.17 -0.21 -2.36 0.45 -0.11
121 52.0 88.0 69.0 25.0 0.11 -0.15 -0.14 -1.55 0.63 0.23
122 46.0 83.0 69.0 25.0 0.09 -0.56 -0.1 0.62 0.11 0.07
123 40.0 80.0 68.0 24.0 0.04 -0.5 -0.03 1.06 0.04 0.04
124 34.0 78.0 67.0 24.0 -0.0 -0.4 -0.01 1.11 0.07 -0.01
125 32.0 78.0 64.0 24.0 -0.06 -0.18 0.01 0.53 -0.06 -0.13
126 36.0 77.0 67.0 23.0 -0.1 -0.04 0.01 -0.13 -0.17 -0.08
127 37.0 77.0 74.0 23.0 -0.12 -0.01 0.01 -0.32 -0.12 -0.13
128 33.0 77.0 73.0 23.0 -0.08 -0.08 0.0 -0.55 -0.04 -0.05
129 33.0 77.0 73.0 24.0 -0.03 -0.27 0.01 -0.28 0.14 -0.05
130 27.0 76.0 72.0 23.0 0.02 -0.3 0.01 -0.24 0.24 -0.03
131 92.0 77.0 74.0 23.0 0.11 -0.33 -0.01 0.0 0.42 -0.12
132 80.0 75.0 73.0 23.0 0.16 -0.27 -0.02 -0.18 0.35 0.01
133 70.0 73.0 80.0 23.0 0.21 -0.29 -0.03 -0.13 0.43 0.07
134 62.0 72.0 76.0 23.0 0.21 -0.3 -0.05 -0.12 0.38 0.09
135 52.0 71.0 74.0 23.0 0.2 -0.33 -0.06 0.13 0.12 -0.02
136 46.0 71.0 72.0 23.0 0.19 -0.32 -0.1 0.22 0.01 -0.02
137 40.0 71.0 73.0 23.0 0.17 -0.22 -0.13 0.37 -0.16 -0.03
138 45.0 72.0 75.0 23.0 0.17 -0.17 -0.14 0.42 -0.23 -0.07
139 39.0 70.0 77.0 22.0 0.12 -0.08 -0.16 0.41 -0.19 -0.06
140 37.0 70.0 72.0 23.0 0.08 -0.06 -0.16 0.16 -0.09 -0.05
141 62.0 70.0 74.0 23.0 0.05 -0.05 -0.14 0.0 0.07 0.02
142 51.0 69.0 82.0 23.0 0.03 -0.06 -0.14 0.0 0.14 0.06
143 50.0 68.0 82.0 23.0 -0.02 -0.09 -0.11 0.13 0.36 0.06
144 50.0 68.0 75.0 23.0 -0.04 -0.09 -0.09 0.29 0.46 0.06
145 44.0 69.0 71.0 23.0 -0.13 -0.09 -0.04 0.25 0.4 0.02
146 42.0 67.0 71.0 23.0 -0.2 -0.06 -0.01 0.11 0.25 0.0
