1 139.0 187.0 65.0 31.0 0.15 -0.1 -0.04 0.18 0.11 0.06
2 128.0 184.0 66.0 30.0 0.2 -0.12 -0.02 -0.23 0.26 -0.1
3 129.0 240.0 66.0 32.0 0.28 -0.19 -0.04 -0.43 0.19 0.01
4 149.0 262.0 66.0 29.0 0.47 -0.39 -0.07 -0.11 0.27 0.07
5 157.0 285.0 65.0 31.0 0.53 -0.42 -0.08 -0.6 0.19 0.12
6 162.0 295.0 68.0 33.0 0.58 -0.52 -0.09 -0.19 0.2 0.17
7 152.0 290.0 69.0 31.0 0.61 -0.65 -0.09 0.35 0.21 0.56
8 142.0 316.0 71.0 29.0 0.61 -0.67 -0.08 0.37 0.07 0.65
9 164.0 408.0 74.0 28.0 0.7 -0.67 -0.07 0.23 0.05 0.99
10 157.0 466.0 74.0 28.0 0.87 -0.57 -0.13 0.05 0.55 1.61
11 133.0 472.0 72.0 36.0 1.01 -0.53 -0.13 0.37 0.22 2.42
12 116.0 439.0 74.0 34.0 1.3 -0.54 -0.19 0.35 0.24 2.56
13 117.0 498.0 75.0 32.0 1.5 -0.59 -0.23 0.58 0.54 3.3
14 111.0 525.0 72.0 30.0 1.52 -0.55 -0.27 -0.14 0.83 3.03
15 108.0 542.0 72.0 31.0 1.62 -0.41 -0.28 0.09 0.86 3.0
16 130.0 562.0 73.0 31.0 1.75 -0.33 -0.36 -0.04 0.84 2.6
17 107.0 547.0 72.0 30.0 1.78 -0.34 -0.36 0.03 0.86 2.49
18 98.0 536.0 71.0 29.0 1.77 -0.42 -0.38 0.21 0.63 1.81
19 96.0 573.0 72.0 29.0 1.82 -0.41 -0.41 0.41 0.34 1.02
20 98.0 568.0 74.0 30.0 1.85 -0.42 -0.44 0.39 0.24 0.68
21 106.0 549.0 73.0 30.0 1.95 -0.45 -0.47 0.24 -0.33 0.44
22 107.0 525.0 73.0 30.0 2.03 -0.48 -0.45 -0.02 -0.55 0.31
23 116.0 534.0 74.0 30.0 2.05 -0.47 -0.43 -0.22 -0.82 0.0
24 136.0 493.0 73.0 30.0 2.04 -0.45 -0.33 -0.2 -0.91 -0.21
25 146.0 491.0 78.0 34.0 1.98 -0.47 -0.25 -0.28 -1.05 -0.52
26 173.0 533.0 85.0 46.0 1.95 -0.48 -0.23 -0.59 -1.01 -0.75
27 164.0 504.0 94.0 50.0 1.88 -0.51 -0.17 -0.43 -1.06 -0.74
28 149.0 523.0 95.0 53.0 1.82 -0.53 -0.14 -0.61 -1.16 -0.63
29 148.0 524.0 95.0 61.0 1.8 -0.55 -0.13 -0.59 -1.39 -0.4
30 159.0 518.0 95.0 60.0 1.81 -0.53 -0.11 -0.66 -1.26 -0.18
31 156.0 498.0 99.0 53.0 1.79 -0.51 -0.08 -0.76 -1.45 0.18
32 186.0 473.0 96.0 50.0 1.8 -0.48 -0.07 -0.71 -1.28 -0.3
33 243.0 485.0 100.0 53.0 1.76 -0.44 -0.03 -0.52 -1.2 -0.54
34 235.0 438.0 103.0 49.0 1.67 -0.45 -0.01 -0.53 -1.0 -1.5
35 271.0 418.0 98.0 44.0 1.6 -0.43 -0.01 -0.52 -1.0 -1.85
36 255.0 488.0 93.0 45.0 1.39 -0.4 -0.01 -0.21 -0.9 -2.06
37 244.0 470.0 96.0 43.0 1.11 -0.3 -0.02 -0.21 -0.71 -2.75
38 249.0 410.0 96.0 41.0 0.97 -0.24 -0.03 -0.14 -0.75 -2.83
39 231.0 373.0 90.0 37.0 0.68 -0.11 -0.06 0.01 -0.79 -2.82
40 195.0 361.0 93.0 34.0 0.44 -0.04 -0.08 0.08 -0.82 -2.68
41 165.0 352.0 93.0 32.0 0.32 -0.02 -0.08 0.11 -0.81 -2.53
42 203.0 317.0 90.0 30.0 0.1 -0.01 -0.08 0.04 -0.83 -2.35
43 174.0 380.0 85.0 29.0 -0.09 0.04 -0.06 0.0 -0.84 -2.06
44 211.0 372.0 78.0 28.0 -0.17 0.08 -0.06 -0.1 -0.82 -1.78
45 183.0 365.0 75.0 27.0 -0.31 0.11 -0.05 -0.16 -0.77 -1.75
46 159.0 348.0 75.0 27.0 -0.41 0.14 -0.05 -0.12 -0.69 -1.52
47 158.0 327.0 80.0 27.0 -0.46 0.15 -0.05 -0.2 -0.68 -1.35
48 126.0 386.0 77.0 27.0 -0.55 0.13 -0.06 -0.33 -0.64 -0.7
49 122.0 358.0 74.0 26.0 -0.59 0.12 -0.08 -0.32 -0.52 -0.32
50 146.0 364.0 77.0 36.0 -0.6 0.13 -0.08 -0.28 -0.41 -0.18
51 162.0 337.0 76.0 36.0 -0.59 0.14 -0.08 -0.4 -0.33 0.41
52 207.0 328.0 75.0 34.0 -0.54 0.11 -0.08 -0.28 -0.19 0.37
53 196.0 379.0 75.0 36.0 -0.5 0.09 -0.07 -0.12 -0.1 0.61
54 160.0 409.0 86.0 36.0 -0.42 0.07 -0.07 -0.06 0.02 0.77
55 155.0 381.0 83.0 34.0 -0.32 0.03 -0.07 -0.07 0.24 0.94
56 148.0 368.0 82.0 33.0 -0.27 0.03 -0.07 -0.03 0.3 0.99
57 176.0 338.0 84.0 33.0 -0.19 0.02 -0.06 0.0 0.4 0.88
58 172.0 321.0 83.0 34.0 -0.12 0.01 -0.04 0.05 0.45 0.62
59 201.0 324.0 82.0 32.0 -0.1 0.0 -0.04 0.0 0.45 0.59
60 181.0 309.0 79.0 32.0 -0.06 -0.02 -0.02 -0.03 0.41 0.44
61 159.0 333.0 75.0 31.0 -0.04 -0.01 -0.01 0.01 0.37 0.35
62 141.0 347.0 70.0 30.0 -0.03 -0.01 0.0 0.0 0.26 0.09
63 164.0 349.0 71.0 29.0 -0.01 -0.01 0.02 0.05 0.19 0.12
64 140.0 335.0 70.0 27.0 -0.0 0.0 0.03 0.02 0.03 0.04
65 116.0 328.0 70.0 26.0 -0.0 -0.0 0.04 0.04 0.05 0.01
66 131.0 320.0 67.0 26.0 0.0 0.01 0.04 -0.01 -0.03 -0.06
67 111.0 320.0 68.0 26.0 -0.0 0.03 0.03 -0.04 -0.15 -0.14
68 105.0 328.0 68.0 27.0 -0.0 0.02 0.03 -0.13 -0.13 -0.2
69 101.0 346.0 68.0 27.0 -0.0 0.02 0.02 -0.12 -0.15 -0.27
70 144.0 334.0 65.0 29.0 -0.0 0.02 0.0 -0.11 -0.21 -0.24
71 132.0 333.0 65.0 29.0 -0.0 0.01 -0.01 -0.1 -0.14 -0.22
72 125.0 307.0 65.0 31.0 -0.01 0.02 -0.03 -0.11 -0.13 -0.23
73 120.0 295.0 64.0 31.0 -0.02 0.05 -0.03 -0.13 -0.09 -0.28
74 105.0 309.0 63.0 28.0 -0.03 0.04 -0.03 -0.13 -0.09 -0.3
75 103.0 333.0 64.0 27.0 -0.05 0.04 -0.03 -0.14 -0.07 -0.28
76 92.0 297.0 61.0 26.0 -0.08 0.04 -0.02 -0.22 -0.03 -0.24
77 108.0 272.0 64.0 27.0 -0.09 0.04 -0.02 -0.24 -0.09 -0.28
78 101.0 246.0 63.0 28.0 -0.1 0.03 -0.01 -0.22 -0.18 -0.33
79 86.0 242.0 62.0 26.0 -0.13 0.05 -0.0 -0.28 -0.29 -0.27
80 86.0 261.0 60.0 26.0 -0.14 0.08 -0.0 -0.32 -0.3 -0.25
81 90.0 239.0 60.0 26.0 -0.18 0.14 0.01 -0.42 -0.34 -0.32
82 83.0 259.0 60.0 25.0 -0.21 0.19 0.02 -0.39 -0.37 -0.43
83 67.0 237.0 57.0 25.0 -0.23 0.2 0.03 -0.29 -0.43 -0.53
84 62.0 243.0 57.0 24.0 -0.26 0.22 0.06 -0.29 -0.4 -0.7
85 61.0 233.0 57.0 24.0 -0.32 0.26 0.08 -0.1 -0.48 -0.75
86 64.0 204.0 56.0 24.0 -0.35 0.29 0.09 -0.18 -0.42 -0.83
87 69.0 195.0 55.0 23.0 -0.43 0.32 0.13 -0.12 -0.31 -0.85
88 61.0 181.0 54.0 24.0 -0.55 0.34 0.16 -0.18 -0.32 -0.86
89 51.0 185.0 56.0 24.0 -0.63 0.37 0.2 -0.09 -0.23 -0.91
90 51.0 176.0 54.0 24.0 -0.8 0.4 0.21 -0.14 -0.19 -1.04
91 49.0 172.0 52.0 24.0 -0.92 0.45 0.23 -0.25 -0.27 -0.96
92 68.0 192.0 52.0 24.0 -0.98 0.45 0.25 -0.29 -0.28 -1.19
93 57.0 178.0 51.0 24.0 -1.13 0.45 0.28 -0.07 -0.18 -1.23
94 59.0 164.0 51.0 23.0 -1.27 0.5 0.27 0.01 -0.08 -1.04
95 55.0 154.0 52.0 23.0 -1.33 0.56 0.27 0.08 0.05 -0.98
96 54.0 144.0 52.0 23.0 -1.48 0.75 0.26 0.09 0.1 -1.05
97 59.0 141.0 51.0 24.0 -1.65 1.02 0.24 -0.03 0.04 -0.86
98 66.0 136.0 50.0 24.0 -1.74 1.15 0.22 0.02 0.08 -0.88
99 55.0 133.0 52.0 33.0 -1.96 1.45 0.18 -0.32 -0.02 -1.15
100 53.0 131.0 53.0 31.0 -2.21 1.77 0.16 -0.22 -0.02 -1.51
101 45.0 135.0 55.0 35.0 -2.33 1.89 0.15 -0.34 -0.11 -1.64
102 47.0 133.0 57.0 32.0 -2.55 1.96 0.16 -0.37 -0.46 -2.39
103 44.0 132.0 58.0 57.0 -2.76 1.81 0.27 -0.37 -0.6 -2.09
104 47.0 133.0 56.0 59.0 -2.81 1.67 0.31 -0.43 -0.59 -1.57
105 48.0 131.0 57.0 60.0 -2.95 1.26 0.33 -1.41 -0.74 -1.43
106 42.0 129.0 56.0 76.0 -2.82 0.78 0.18 -0.83 -0.76 -1.16
107 36.0 126.0 57.0 68.0 -2.7 0.58 0.07 -1.48 -0.91 -1.1
108 40.0 132.0 58.0 78.0 -2.49 0.43 0.0 1.05 -0.93 -0.95
109 45.0 130.0 58.0 69.0 -2.41 0.7 -0.13 1.07 -0.98 -0.61
110 44.0 128.0 55.0 60.0 -2.38 0.76 -0.13 0.65 -1.1 -0.44
111 57.0 128.0 53.0 51.0 -2.28 0.61 -0.19 -0.44 -1.24 -0.97
112 65.0 125.0 56.0 45.0 -2.04 0.06 -0.13 -1.95 -4.32 -2.83
113 59.0 120.0 61.0 39.0 0.07 -1.03 0.18 1.67 -4.65 18.77
114 83.0 119.0 75.0 36.0 0.72 2.02 -0.25 -4.12 -2.36 16.83
115 112.0 114.0 71.0 34.0 0.76 0.4 -0.48 -4.1 -1.3 -1.79
116 96.0 109.0 67.0 31.0 0.76 0.02 -0.47 -2.82 1.7 -1.75
117 86.0 102.0 64.0 29.0 0.41 0.0 -0.31 -1.34 0.98 -0.14
118 72.0 97.0 64.0 28.0 0.45 -0.34 -0.36 1.11 0.58 0.47
119 61.0 90.0 65.0 27.0 0.31 -0.47 -0.23 1.66 0.51 0.21
120 55.0 86.0 65.0 26.0 0.04 -0.33 0.08 1.85 0.04 0.09
121 67.0 83.0 66.0 25.0 -0.02 0.08 0.04 1.21 -0.04 -0.09
122 74.0 80.0 68.0 25.0 -0.07 0.31 0.05 0.35 -0.23 -0.07
123 68.0 78.0 66.0 24.0 -0.07 0.47 0.06 -0.34 -0.26 -0.01
124 57.0 77.0 64.0 24.0 -0.1 0.25 0.09 -0.64 0.0 0.0
125 51.0 77.0 62.0 24.0 -0.14 0.14 0.1 -0.59 -0.18 -0.05
126 44.0 75.0 65.0 24.0 -0.07 0.06 0.08 -0.39 -0.04 -0.09
127 42.0 73.0 62.0 24.0 -0.01 0.09 0.06 0.02 0.0 0.02
