1 46.0 85.0 63.0 23.0 0.03 0.0 -0.02 -0.06 -0.08 -0.03
2 46.0 84.0 62.0 23.0 0.03 -0.01 -0.02 -0.04 -0.05 -0.05
3 69.0 85.0 62.0 23.0 0.03 -0.02 -0.02 -0.07 0.0 0.0
4 65.0 84.0 63.0 23.0 0.01 -0.05 -0.0 -0.01 0.02 0.01
5 57.0 83.0 64.0 23.0 0.0 -0.07 0.0 -0.01 -0.02 0.0
6 49.0 82.0 61.0 23.0 -0.02 -0.1 0.01 0.01 -0.04 -0.02
7 45.0 82.0 61.0 23.0 -0.03 -0.08 0.01 -0.02 -0.04 -0.02
8 40.0 82.0 58.0 23.0 -0.03 -0.08 0.02 -0.04 -0.04 0.0
9 41.0 82.0 57.0 23.0 -0.02 -0.06 0.01 -0.1 -0.06 -0.04
10 53.0 83.0 55.0 23.0 -0.02 -0.07 0.01 -0.04 0.0 0.0
11 67.0 89.0 55.0 24.0 -0.02 -0.07 0.02 -0.05 0.0 -0.03
12 67.0 115.0 54.0 24.0 -0.04 -0.08 0.02 -0.09 0.0 -0.03
13 107.0 179.0 53.0 37.0 -0.07 -0.12 0.02 -0.14 0.09 0.04
14 131.0 273.0 55.0 39.0 -0.11 -0.14 0.02 0.15 0.04 0.16
15 134.0 317.0 59.0 40.0 -0.05 -0.18 0.0 -0.07 0.04 0.21
16 125.0 393.0 65.0 139.0 0.01 -0.29 0.04 0.0 0.0 0.28
17 132.0 386.0 65.0 125.0 0.03 -0.42 0.08 -0.52 -0.29 -0.08
18 143.0 406.0 67.0 106.0 -0.0 -0.85 0.19 -0.51 -0.5 0.17
19 198.0 403.0 73.0 96.0 0.11 -1.09 0.27 0.05 -0.26 1.33
20 158.0 435.0 73.0 93.0 0.17 -1.25 0.31 -0.62 -0.8 1.78
21 144.0 519.0 72.0 88.0 0.45 -1.58 0.28 -1.43 -0.94 2.72
22 131.0 543.0 75.0 74.0 0.86 -1.94 0.14 0.78 -0.27 4.26
23 132.0 539.0 76.0 63.0 1.3 -2.28 -0.02 0.49 0.05 4.06
24 122.0 481.0 74.0 55.0 1.48 -1.36 -0.03 1.27 1.21 4.56
25 102.0 457.0 75.0 48.0 1.75 -1.07 -0.29 1.0 1.14 4.32
26 92.0 420.0 76.0 46.0 1.88 -1.03 -0.41 0.75 1.07 3.18
27 96.0 422.0 76.0 42.0 2.12 -0.93 -0.52 0.72 1.03 2.89
28 96.0 415.0 79.0 40.0 2.25 -0.93 -0.6 0.47 0.83 2.25
29 114.0 474.0 79.0 49.0 2.22 -0.92 -0.59 0.4 0.4 1.2
30 126.0 472.0 82.0 46.0 2.26 -0.89 -0.63 0.27 0.25 0.89
31 139.0 502.0 92.0 45.0 2.28 -0.93 -0.62 0.0 -0.18 0.22
32 140.0 497.0 89.0 40.0 2.3 -0.97 -0.6 -0.21 -0.67 -0.2
33 140.0 460.0 84.0 36.0 2.3 -1.01 -0.53 -0.42 -0.64 -0.62
34 162.0 464.0 82.0 36.0 2.2 -0.99 -0.41 -0.75 -1.09 -0.85
35 146.0 484.0 81.0 35.0 2.17 -1.0 -0.39 -0.81 -1.3 -1.36
36 139.0 514.0 86.0 33.0 2.06 -0.91 -0.28 -1.03 -1.35 -1.61
37 160.0 550.0 89.0 32.0 1.85 -0.72 -0.22 -1.38 -1.72 -1.93
38 224.0 543.0 83.0 33.0 1.79 -0.68 -0.19 -1.39 -1.68 -2.56
39 209.0 490.0 82.0 33.0 1.6 -0.63 -0.16 -1.23 -1.67 -2.63
40 220.0 475.0 86.0 29.0 1.39 -0.56 -0.11 -1.4 -1.87 -2.65
41 232.0 516.0 90.0 34.0 1.28 -0.53 -0.07 -1.58 -1.81 -2.52
42 220.0 587.0 85.0 44.0 1.03 -0.45 -0.01 -1.54 -1.84 -2.5
43 205.0 536.0 85.0 48.0 0.82 -0.36 0.03 -1.33 -1.71 -2.33
44 204.0 571.0 88.0 43.0 0.71 -0.31 0.06 -1.26 -1.62 -2.2
45 207.0 610.0 93.0 42.0 0.56 -0.26 0.08 -0.98 -1.52 -1.67
46 189.0 591.0 90.0 44.0 0.47 -0.24 0.1 -0.94 -1.27 -1.28
47 187.0 631.0 100.0 43.0 0.42 -0.21 0.11 -0.66 -0.94 -1.0
48 221.0 590.0 95.0 40.0 0.33 -0.13 0.11 -0.61 -0.82 -0.93
49 216.0 540.0 104.0 40.0 0.27 -0.09 0.1 -0.22 -0.39 -0.6
50 217.0 492.0 98.0 45.0 0.24 -0.07 0.09 -0.12 -0.17 -0.38
51 210.0 475.0 92.0 42.0 0.16 -0.02 0.05 -0.08 -0.08 -0.34
52 191.0 469.0 90.0 38.0 0.1 0.01 0.01 0.07 0.26 -0.39
53 214.0 473.0 88.0 43.0 0.07 0.02 -0.02 0.2 0.42 -0.42
54 202.0 452.0 94.0 41.0 -0.0 0.06 -0.05 0.32 0.54 -0.63
55 185.0 405.0 102.0 39.0 -0.05 0.12 -0.07 0.38 0.48 -0.69
56 222.0 403.0 98.0 38.0 -0.07 0.12 -0.07 0.27 0.37 -0.19
57 198.0 369.0 99.0 38.0 -0.11 0.09 -0.07 0.27 0.33 -0.11
58 173.0 363.0 94.0 36.0 -0.15 0.08 -0.08 0.19 0.25 -0.06
59 165.0 348.0 91.0 35.0 -0.16 0.08 -0.08 0.16 0.15 -0.05
60 162.0 347.0 91.0 34.0 -0.17 0.08 -0.08 0.2 0.11 -0.05
61 196.0 319.0 87.0 33.0 -0.19 0.08 -0.07 0.02 0.01 -0.05
62 169.0 337.0 81.0 37.0 -0.19 0.07 -0.07 0.09 0.0 -0.21
63 154.0 337.0 79.0 35.0 -0.19 0.06 -0.05 -0.02 -0.09 0.0
64 131.0 319.0 77.0 36.0 -0.19 0.08 -0.04 -0.09 -0.12 0.04
65 135.0 322.0 76.0 34.0 -0.19 0.09 -0.03 -0.13 -0.17 -0.14
66 122.0 322.0 73.0 32.0 -0.18 0.1 -0.02 -0.14 -0.18 -0.15
67 110.0 319.0 70.0 31.0 -0.19 0.09 -0.02 -0.15 -0.23 -0.08
68 122.0 328.0 73.0 32.0 -0.18 0.09 -0.02 -0.19 -0.22 -0.16
69 114.0 323.0 71.0 30.0 -0.18 0.11 -0.02 -0.23 -0.22 -0.16
70 118.0 336.0 68.0 29.0 -0.19 0.1 -0.03 -0.32 -0.22 -0.18
71 113.0 317.0 69.0 28.0 -0.19 0.09 -0.03 -0.35 -0.19 -0.18
72 105.0 306.0 69.0 29.0 -0.2 0.08 -0.01 -0.38 -0.22 -0.18
73 113.0 329.0 66.0 28.0 -0.22 0.08 0.01 -0.41 -0.2 -0.08
74 101.0 315.0 65.0 27.0 -0.22 0.08 0.01 -0.4 -0.17 -0.05
75 87.0 291.0 64.0 28.0 -0.24 0.1 0.04 -0.39 -0.16 -0.14
76 83.0 306.0 62.0 28.0 -0.25 0.11 0.06 -0.34 -0.16 -0.19
77 122.0 286.0 62.0 28.0 -0.25 0.1 0.07 -0.23 -0.08 -0.23
78 117.0 277.0 60.0 27.0 -0.26 0.1 0.08 -0.2 -0.06 -0.27
79 103.0 296.0 60.0 27.0 -0.27 0.09 0.09 -0.08 0.02 -0.24
80 106.0 254.0 58.0 26.0 -0.27 0.07 0.08 0.04 0.03 -0.15
81 106.0 260.0 59.0 26.0 -0.28 0.04 0.08 0.06 0.01 -0.15
82 90.0 255.0 57.0 26.0 -0.29 0.05 0.05 0.11 -0.01 -0.16
83 87.0 252.0 60.0 28.0 -0.29 0.06 0.05 0.11 0.01 -0.24
84 78.0 259.0 60.0 27.0 -0.32 0.1 0.02 0.08 0.03 -0.16
85 74.0 315.0 61.0 31.0 -0.34 0.1 -0.0 0.0 0.09 -0.27
86 72.0 289.0 60.0 30.0 -0.35 0.09 -0.01 -0.04 0.04 -0.28
87 68.0 268.0 58.0 33.0 -0.33 0.09 -0.03 -0.04 0.02 -0.38
88 64.0 294.0 57.0 34.0 -0.32 0.08 -0.03 0.05 -0.02 -0.23
89 67.0 336.0 56.0 31.0 -0.31 0.07 -0.03 -0.06 -0.02 0.08
90 58.0 306.0 54.0 30.0 -0.3 0.08 -0.02 -0.11 -0.04 0.13
91 67.0 293.0 54.0 29.0 -0.31 0.09 -0.01 -0.15 -0.05 0.12
92 62.0 289.0 54.0 32.0 -0.31 0.1 0.0 -0.14 -0.06 0.03
93 63.0 267.0 54.0 30.0 -0.32 0.14 0.03 -0.3 -0.11 0.1
94 60.0 253.0 53.0 32.0 -0.33 0.15 0.04 -0.3 -0.09 -0.07
95 67.0 230.0 52.0 30.0 -0.34 0.14 0.05 -0.17 -0.16 0.0
96 65.0 232.0 52.0 28.0 -0.35 0.14 0.07 -0.18 -0.17 0.01
97 63.0 213.0 51.0 27.0 -0.38 0.15 0.09 -0.13 -0.22 -0.02
98 62.0 195.0 51.0 27.0 -0.4 0.16 0.11 -0.14 -0.31 -0.09
99 62.0 181.0 51.0 26.0 -0.45 0.24 0.13 -0.2 -0.35 -0.11
100 58.0 167.0 50.0 25.0 -0.54 0.39 0.18 -0.4 -0.46 -0.24
101 54.0 158.0 49.0 25.0 -0.59 0.49 0.23 -0.32 -0.44 -0.61
102 51.0 152.0 50.0 25.0 -0.72 0.69 0.31 -0.45 -0.32 -0.75
103 51.0 147.0 54.0 25.0 -0.87 1.01 0.39 0.02 -0.29 -1.19
104 53.0 142.0 68.0 27.0 -0.96 1.2 0.42 0.27 0.04 -1.0
105 62.0 147.0 87.0 31.0 -1.21 1.65 0.51 0.27 0.14 -0.98
106 66.0 138.0 122.0 38.0 -1.54 2.09 0.54 -0.18 0.21 -1.33
107 74.0 140.0 236.0 68.0 -1.71 2.25 0.54 -0.79 0.08 -1.46
108 69.0 133.0 225.0 61.0 -2.03 2.51 0.48 -0.64 0.13 -1.55
109 61.0 125.0 205.0 54.0 -2.3 2.77 0.36 -1.11 -0.4 -1.83
110 66.0 128.0 182.0 63.0 -2.42 2.83 0.35 -0.59 -0.89 -1.36
111 82.0 135.0 157.0 58.0 -2.59 2.79 0.42 -0.22 -0.88 -1.84
112 86.0 130.0 135.0 80.0 -2.54 2.5 0.64 -1.53 -0.42 -1.43
113 77.0 133.0 120.0 67.0 -2.4 2.09 0.59 -0.97 -0.34 -1.4
114 71.0 126.0 111.0 77.0 -2.16 1.34 0.37 -0.19 -0.33 -1.36
115 69.0 134.0 100.0 77.0 -2.05 1.0 0.3 0.26 -0.48 -0.7
116 73.0 130.0 87.0 64.0 -1.96 0.81 0.23 0.64 -0.64 0.23
117 70.0 135.0 83.0 61.0 -1.78 0.45 0.24 0.32 -0.83 0.39
118 60.0 132.0 75.0 54.0 -1.57 0.08 0.03 -0.01 -0.63 0.28
119 71.0 130.0 70.0 47.0 -1.52 -0.11 -0.04 -0.06 -0.56 0.02
120 63.0 128.0 67.0 42.0 -1.36 -0.59 -0.17 0.1 -0.5 -0.16
121 55.0 125.0 66.0 38.0 -1.18 -1.0 -0.25 0.91 -0.3 -0.68
122 46.0 124.0 65.0 35.0 -1.1 -1.05 -0.28 0.99 -0.19 -0.93
123 43.0 121.0 64.0 33.0 -1.05 -0.87 -0.34 0.99 1.03 -4.08
124 44.0 116.0 71.0 32.0 -0.63 -1.0 -0.18 -3.26 -5.12 4.2
125 53.0 110.0 68.0 29.0 0.51 -1.93 -0.27 1.19 -1.76 4.33
126 75.0 104.0 73.0 28.0 0.47 0.22 0.09 -1.95 -2.42 9.71
127 63.0 100.0 70.0 27.0 0.53 2.02 -0.39 1.88 -0.09 10.64
128 53.0 97.0 68.0 26.0 0.96 1.38 -0.47 -1.38 1.82 -1.69
129 46.0 93.0 69.0 26.0 0.45 0.74 -0.34 -2.71 0.04 -0.62
130 47.0 90.0 67.0 25.0 0.48 0.31 -0.27 -1.02 0.62 0.07
131 39.0 83.0 66.0 25.0 0.38 -0.0 -0.22 -0.42 0.33 -0.06
132 43.0 82.0 65.0 24.0 0.33 -0.23 -0.18 0.69 -0.03 -0.01
133 36.0 79.0 65.0 24.0 0.26 -0.17 -0.04 0.69 -0.13 0.09
134 32.0 77.0 68.0 24.0 0.26 -0.03 -0.02 0.55 -0.04 0.09
135 29.0 74.0 66.0 23.0 0.25 0.27 -0.06 0.24 -0.1 0.01
