1 20.0 74.0 89.0 23.0 -0.08 0.06 0.04 0.02 0.11 -0.08
2 19.0 75.0 82.0 23.0 -0.09 0.08 0.03 -0.09 0.09 -0.11
3 18.0 74.0 83.0 23.0 -0.09 0.07 0.03 -0.16 0.08 -0.08
4 18.0 76.0 81.0 23.0 -0.07 0.04 0.03 -0.2 0.03 -0.08
5 18.0 75.0 80.0 23.0 -0.06 0.0 0.03 -0.16 0.03 -0.06
6 18.0 74.0 74.0 24.0 -0.05 -0.01 0.03 -0.17 0.05 -0.06
7 18.0 73.0 74.0 23.0 -0.04 -0.01 0.03 -0.07 0.07 -0.05
8 18.0 73.0 75.0 23.0 -0.03 0.01 0.01 -0.05 0.09 -0.04
9 17.0 76.0 78.0 23.0 -0.02 0.02 0.01 -0.07 0.1 -0.05
10 17.0 75.0 75.0 23.0 -0.01 0.03 0.01 -0.08 0.13 -0.02
11 17.0 76.0 77.0 24.0 -0.01 0.03 0.01 -0.08 0.11 -0.03
12 16.0 74.0 78.0 23.0 -0.01 0.03 0.01 -0.08 0.11 -0.03
13 17.0 73.0 74.0 23.0 -0.01 0.02 0.01 -0.13 0.14 -0.04
14 18.0 71.0 70.0 23.0 -0.02 0.0 0.01 -0.14 0.13 -0.05
15 17.0 72.0 68.0 24.0 -0.02 -0.0 0.01 -0.11 0.17 -0.01
16 21.0 72.0 68.0 23.0 -0.03 -0.02 0.01 -0.04 0.13 -0.05
17 27.0 75.0 66.0 24.0 -0.03 -0.04 0.02 -0.09 0.11 -0.05
18 31.0 80.0 69.0 23.0 -0.04 -0.07 0.02 -0.1 0.12 -0.06
19 35.0 100.0 67.0 23.0 -0.06 -0.15 0.04 -0.22 0.08 -0.06
20 47.0 119.0 65.0 24.0 -0.05 -0.22 0.05 -0.15 0.11 -0.05
21 52.0 155.0 62.0 23.0 -0.05 -0.27 0.05 -0.24 0.09 -0.06
22 58.0 152.0 63.0 24.0 -0.04 -0.4 0.05 -0.42 0.09 -0.05
23 61.0 201.0 61.0 40.0 -0.04 -0.63 0.09 -0.27 0.13 -0.11
24 68.0 240.0 60.0 61.0 -0.08 -0.74 0.11 0.03 0.31 0.08
25 83.0 268.0 60.0 58.0 -0.18 -0.97 0.18 0.35 0.29 0.15
26 96.0 285.0 60.0 56.0 -0.35 -1.31 0.29 -0.21 -0.05 0.1
27 83.0 312.0 65.0 51.0 -0.36 -1.48 0.34 -0.35 -0.12 0.04
28 88.0 296.0 70.0 45.0 -0.12 -1.68 0.42 -0.12 -0.18 0.44
29 103.0 310.0 71.0 43.0 0.32 -1.78 0.43 0.4 -0.08 0.78
30 93.0 372.0 81.0 43.0 0.22 -1.57 0.44 -0.35 -0.11 1.13
31 86.0 367.0 81.0 39.0 0.3 -1.72 0.42 0.04 0.15 1.67
32 98.0 346.0 91.0 41.0 0.51 -1.77 0.17 -1.03 0.44 2.03
33 113.0 355.0 87.0 37.0 0.65 -1.75 0.02 -0.86 -2.24 3.78
34 117.0 505.0 101.0 36.0 1.01 -1.16 0.3 1.8 4.76 3.47
35 119.0 537.0 105.0 41.0 1.14 -0.68 0.1 1.25 1.44 3.15
36 140.0 535.0 111.0 49.0 1.33 -0.78 0.03 1.17 1.59 3.37
37 216.0 512.0 109.0 48.0 1.64 -1.15 -0.15 1.86 1.66 3.42
38 215.0 497.0 113.0 43.0 1.62 -1.18 -0.29 1.68 1.78 2.78
39 207.0 518.0 115.0 70.0 1.59 -1.11 -0.35 1.33 1.52 2.64
40 227.0 528.0 116.0 71.0 1.57 -0.95 -0.46 0.75 1.13 1.52
41 290.0 537.0 124.0 72.0 1.54 -1.02 -0.5 0.67 0.57 0.54
42 253.0 531.0 124.0 75.0 1.58 -1.09 -0.52 0.53 0.2 -0.2
43 298.0 526.0 119.0 79.0 1.69 -1.17 -0.55 -0.02 -0.08 -0.52
44 283.0 524.0 124.0 76.0 1.72 -1.16 -0.51 -0.42 -0.3 -0.92
45 296.0 507.0 122.0 65.0 1.68 -1.11 -0.47 -0.7 -0.43 -1.03
46 346.0 484.0 117.0 59.0 1.6 -1.02 -0.42 -1.15 -0.59 -1.19
47 338.0 499.0 125.0 59.0 1.49 -0.98 -0.33 -1.0 -0.78 -1.49
48 324.0 460.0 127.0 60.0 1.41 -0.93 -0.31 -1.18 -0.97 -1.59
49 337.0 450.0 132.0 58.0 1.32 -0.88 -0.27 -1.35 -0.99 -1.77
50 316.0 492.0 134.0 58.0 1.2 -0.87 -0.26 -1.03 -1.08 -2.0
51 415.0 461.0 123.0 51.0 1.11 -0.78 -0.27 -1.31 -0.96 -2.19
52 409.0 467.0 125.0 46.0 0.89 -0.57 -0.22 -1.33 -1.36 -1.84
53 354.0 490.0 125.0 49.0 0.75 -0.46 -0.21 -1.48 -1.46 -1.52
54 324.0 453.0 115.0 47.0 0.7 -0.45 -0.19 -1.46 -1.26 -1.77
55 295.0 433.0 113.0 47.0 0.54 -0.4 -0.11 -1.43 -1.3 -1.99
56 283.0 412.0 113.0 44.0 0.42 -0.33 -0.05 -1.28 -1.19 -1.56
57 255.0 377.0 117.0 41.0 0.35 -0.31 -0.03 -1.19 -1.21 -1.45
58 274.0 410.0 126.0 62.0 0.24 -0.23 0.0 -0.91 -0.97 -1.25
59 261.0 378.0 127.0 55.0 0.15 -0.18 0.02 -0.66 -0.81 -1.1
60 227.0 395.0 138.0 51.0 0.11 -0.16 0.03 -0.59 -0.73 -1.05
61 187.0 364.0 132.0 55.0 0.06 -0.14 0.02 -0.23 -0.59 -0.67
62 225.0 356.0 123.0 49.0 0.01 -0.09 -0.01 0.0 -0.47 -0.47
63 203.0 339.0 124.0 52.0 -0.02 -0.04 -0.04 0.08 -0.35 -0.29
64 172.0 364.0 116.0 50.0 -0.08 0.09 -0.09 0.14 -0.29 -0.42
65 152.0 357.0 110.0 44.0 -0.09 0.06 -0.14 -0.17 -0.32 -0.25
66 153.0 349.0 104.0 42.0 -0.06 0.0 -0.16 -0.13 -0.2 -0.23
67 142.0 355.0 108.0 38.0 -0.07 0.01 -0.15 -0.11 -0.1 -0.08
68 180.0 344.0 116.0 36.0 -0.07 0.03 -0.15 -0.3 -0.05 -0.13
69 164.0 339.0 111.0 38.0 -0.04 0.01 -0.15 -0.23 -0.02 -0.15
70 137.0 341.0 109.0 35.0 -0.03 -0.03 -0.15 -0.19 0.11 0.12
71 126.0 360.0 105.0 42.0 -0.02 -0.03 -0.15 -0.18 0.1 0.15
72 181.0 379.0 99.0 43.0 -0.01 -0.02 -0.15 -0.27 0.19 0.06
73 159.0 399.0 104.0 43.0 -0.03 0.01 -0.15 -0.29 0.17 -0.23
74 186.0 397.0 104.0 40.0 -0.02 0.0 -0.1 -0.3 0.12 -0.44
75 160.0 343.0 116.0 40.0 -0.02 -0.04 -0.08 -0.33 0.1 -0.45
76 144.0 311.0 109.0 36.0 -0.02 -0.05 -0.04 -0.29 0.09 -0.35
77 136.0 354.0 104.0 36.0 -0.02 -0.05 0.0 -0.37 0.04 -0.1
78 139.0 345.0 96.0 34.0 -0.02 -0.07 0.01 -0.2 0.05 -0.1
79 164.0 319.0 96.0 34.0 -0.01 -0.07 0.02 -0.24 0.05 -0.26
80 164.0 321.0 92.0 31.0 -0.01 -0.05 0.02 -0.15 0.15 -0.31
81 145.0 309.0 93.0 29.0 -0.01 -0.04 0.03 -0.07 0.17 -0.29
82 133.0 285.0 116.0 35.0 0.0 -0.04 0.01 0.03 0.15 -0.26
83 132.0 336.0 112.0 32.0 0.02 -0.01 -0.02 0.02 0.2 -0.16
84 116.0 302.0 106.0 33.0 0.02 0.0 -0.04 -0.03 0.12 -0.14
85 107.0 307.0 103.0 31.0 0.04 -0.02 -0.07 -0.05 0.13 -0.25
86 117.0 305.0 100.0 32.0 0.06 -0.03 -0.08 -0.16 0.13 -0.14
87 115.0 282.0 102.0 32.0 0.05 -0.0 -0.08 -0.3 0.13 -0.1
88 105.0 275.0 103.0 34.0 0.05 0.0 -0.08 -0.3 0.07 -0.3
89 138.0 318.0 105.0 33.0 0.05 -0.0 -0.05 -0.34 0.03 -0.33
90 125.0 295.0 101.0 36.0 0.04 -0.01 -0.04 -0.34 0.0 -0.33
91 118.0 281.0 107.0 32.0 0.04 -0.0 -0.02 -0.29 -0.01 -0.34
92 141.0 264.0 99.0 31.0 0.01 0.01 -0.01 -0.27 -0.01 -0.3
93 125.0 256.0 100.0 31.0 -0.0 0.02 -0.01 -0.13 -0.04 -0.26
94 114.0 273.0 99.0 29.0 -0.02 0.05 -0.01 -0.1 -0.01 -0.35
95 96.0 291.0 103.0 28.0 -0.03 0.06 -0.03 -0.12 0.01 -0.36
96 111.0 287.0 109.0 28.0 -0.04 0.07 -0.03 -0.12 -0.02 -0.38
97 105.0 258.0 113.0 26.0 -0.04 0.07 -0.04 -0.23 -0.05 -0.36
98 112.0 252.0 110.0 30.0 -0.05 0.06 -0.05 -0.27 -0.07 -0.29
99 101.0 247.0 105.0 31.0 -0.05 0.07 -0.06 -0.28 -0.06 -0.2
100 87.0 247.0 99.0 29.0 -0.06 0.11 -0.05 -0.35 0.02 -0.34
101 76.0 250.0 96.0 28.0 -0.08 0.1 -0.04 -0.34 -0.04 -0.29
102 69.0 285.0 95.0 28.0 -0.09 0.08 -0.02 -0.33 -0.06 -0.32
103 74.0 305.0 95.0 29.0 -0.1 0.07 0.02 -0.27 -0.08 -0.3
104 95.0 290.0 87.0 28.0 -0.11 0.05 0.05 -0.31 -0.11 -0.35
105 85.0 276.0 88.0 28.0 -0.11 0.03 0.07 -0.22 -0.14 -0.35
106 112.0 260.0 96.0 27.0 -0.13 0.04 0.08 -0.25 -0.06 -0.3
107 91.0 237.0 95.0 26.0 -0.15 0.06 0.09 -0.33 -0.04 -0.13
108 95.0 238.0 87.0 26.0 -0.15 0.07 0.09 -0.38 -0.15 -0.16
109 88.0 218.0 81.0 28.0 -0.15 0.07 0.11 -0.36 -0.23 -0.3
110 73.0 194.0 77.0 35.0 -0.16 0.11 0.13 -0.6 -0.38 -0.35
111 64.0 174.0 72.0 32.0 -0.18 0.15 0.15 -0.67 -0.52 -0.39
112 55.0 160.0 70.0 30.0 -0.22 0.3 0.2 -0.95 -0.86 -0.78
113 47.0 149.0 68.0 33.0 -0.26 0.36 0.24 -1.19 -1.2 -1.01
114 41.0 140.0 66.0 30.0 -0.36 0.44 0.35 -1.3 -1.65 -1.24
115 39.0 129.0 64.0 29.0 -0.49 0.54 0.47 -1.38 -2.03 -1.91
116 34.0 123.0 65.0 32.0 -0.55 0.62 0.54 -1.44 -2.03 -2.86
117 32.0 121.0 65.0 40.0 -0.71 0.85 0.66 -1.47 -1.88 -3.06
118 32.0 125.0 64.0 37.0 -0.97 1.18 0.77 -1.3 -1.38 -2.89
119 45.0 125.0 63.0 35.0 -1.14 1.33 0.82 -0.66 -1.1 -2.62
120 52.0 130.0 64.0 35.0 -1.52 1.48 0.89 -0.31 -0.94 -2.53
121 51.0 136.0 61.0 35.0 -1.97 1.58 0.87 -0.88 -0.61 -2.27
122 48.0 134.0 62.0 60.0 -2.19 1.59 0.85 -1.49 -0.57 -1.57
123 52.0 135.0 59.0 52.0 -2.46 1.52 0.79 -1.05 -0.6 -1.01
124 62.0 140.0 57.0 48.0 -2.57 1.45 0.63 0.03 -0.27 -1.11
125 63.0 147.0 57.0 42.0 -2.59 1.46 0.57 0.58 -0.28 -0.84
126 76.0 147.0 55.0 38.0 -2.56 1.51 0.51 0.75 -0.15 -0.78
127 69.0 150.0 58.0 41.0 -2.46 1.31 0.53 -0.01 0.26 -0.12
128 63.0 151.0 56.0 37.0 -2.34 1.1 0.53 -0.1 0.13 0.31
129 60.0 149.0 56.0 57.0 -2.03 0.88 0.28 0.11 0.24 0.38
130 56.0 147.0 57.0 50.0 -1.93 0.86 0.2 0.16 -0.05 0.17
131 62.0 144.0 60.0 43.0 -1.87 0.89 0.14 0.09 0.18 -0.24
132 63.0 138.0 65.0 39.0 -1.9 1.0 0.07 -1.0 0.13 1.82
133 86.0 136.0 91.0 41.0 -0.75 3.2 0.31 15.1 -0.71 28.44
134 79.0 135.0 97.0 37.0 0.82 4.37 -0.64 -4.24 2.51 0.29
135 70.0 133.0 119.0 34.0 0.88 0.78 -0.87 -6.23 0.38 -1.24
136 58.0 129.0 106.0 32.0 0.41 0.39 -0.47 -0.97 2.28 -1.29
137 50.0 126.0 98.0 31.0 -0.04 0.98 -0.48 -2.39 1.15 -0.82
138 43.0 120.0 94.0 29.0 -0.0 1.54 -0.68 -1.33 0.61 0.59
139 38.0 116.0 93.0 28.0 0.13 0.56 -0.29 -0.61 -0.44 0.3
140 33.0 114.0 88.0 27.0 0.1 0.02 -0.14 -0.28 -0.01 -0.69
141 30.0 107.0 91.0 26.0 0.21 -0.04 -0.07 -0.16 -0.17 -0.51
142 27.0 102.0 96.0 26.0 0.19 0.04 -0.06 0.47 -0.32 -0.04
143 25.0 100.0 93.0 25.0 0.2 0.04 -0.02 0.83 -0.24 -0.06
144 23.0 98.0 98.0 25.0 0.19 0.05 0.05 0.36 -0.18 0.06
145 26.0 97.0 99.0 25.0 0.06 0.05 0.06 0.13 -0.08 0.08
146 24.0 96.0 95.0 26.0 0.0 0.07 0.04 0.0 0.06 0.01
147 22.0 94.0 91.0 25.0 -0.07 0.1 0.05 -0.07 0.02 0.0
148 22.0 93.0 93.0 24.0 -0.05 0.09 0.06 -0.11 0.17 0.0
