1 28.0 72.0 64.0 23.0 -0.0 -0.04 0.01 -0.03 0.14 0.03
2 28.0 73.0 61.0 23.0 -0.03 -0.06 -0.0 -0.03 0.05 -0.04
3 36.0 73.0 65.0 23.0 -0.03 -0.04 0.0 0.06 -0.05 -0.01
4 49.0 76.0 64.0 23.0 -0.02 -0.04 0.01 0.02 0.02 -0.02
5 62.0 83.0 61.0 35.0 -0.04 -0.04 0.02 -0.01 0.16 0.02
6 92.0 112.0 59.0 49.0 -0.07 -0.06 0.02 -0.3 0.24 0.12
7 111.0 136.0 60.0 55.0 -0.14 -0.15 0.03 -0.23 0.24 0.12
8 143.0 139.0 60.0 62.0 -0.25 -0.26 0.07 0.18 0.1 0.27
9 137.0 143.0 58.0 53.0 -0.31 -0.33 0.11 0.6 -0.05 0.33
10 144.0 209.0 58.0 47.0 -0.25 -0.38 0.18 0.53 0.02 0.35
11 157.0 223.0 57.0 63.0 -0.11 -0.53 0.18 -0.37 0.09 0.73
12 177.0 244.0 58.0 62.0 -0.04 -0.7 0.16 -0.89 0.03 0.73
13 158.0 333.0 59.0 55.0 0.07 -1.27 0.15 -0.53 0.03 1.02
14 151.0 364.0 60.0 50.0 0.25 -1.52 0.11 -0.43 -0.06 1.4
15 159.0 389.0 61.0 44.0 0.39 -1.61 0.1 3.19 1.43 3.01
16 161.0 382.0 62.0 45.0 1.43 -2.46 -0.19 2.13 1.69 3.13
17 141.0 384.0 66.0 46.0 1.71 -2.0 -0.13 2.78 0.76 2.49
18 124.0 430.0 68.0 48.0 1.85 -1.73 -0.12 1.89 1.32 3.82
19 142.0 523.0 83.0 44.0 1.9 -1.1 -0.18 1.73 1.3 4.03
20 130.0 563.0 82.0 42.0 2.06 -1.15 -0.33 1.38 1.41 3.17
21 154.0 561.0 92.0 46.0 2.15 -1.21 -0.39 1.02 1.36 2.33
22 150.0 567.0 99.0 44.0 2.14 -1.27 -0.47 1.16 1.27 2.01
23 148.0 515.0 98.0 41.0 2.04 -1.27 -0.54 0.68 0.82 1.53
24 143.0 496.0 95.0 41.0 2.03 -1.28 -0.56 0.13 0.37 1.17
25 184.0 453.0 105.0 38.0 2.07 -1.37 -0.6 -0.02 0.34 0.89
26 194.0 483.0 113.0 39.0 2.01 -1.3 -0.6 -0.29 0.0 0.41
27 184.0 481.0 107.0 38.0 1.97 -1.23 -0.58 -0.52 -0.16 0.01
28 179.0 456.0 111.0 36.0 1.9 -1.16 -0.57 -0.44 -0.5 -0.67
29 224.0 469.0 117.0 47.0 1.84 -1.16 -0.47 -0.63 -0.76 -1.48
30 266.0 478.0 113.0 48.0 1.8 -1.14 -0.46 -0.85 -0.84 -1.7
31 257.0 431.0 110.0 49.0 1.72 -1.04 -0.41 -0.84 -1.12 -1.48
32 243.0 455.0 109.0 46.0 1.61 -0.9 -0.37 -1.32 -1.32 -1.64
33 231.0 434.0 109.0 44.0 1.53 -0.86 -0.34 -1.33 -1.34 -1.84
34 251.0 404.0 109.0 43.0 1.35 -0.75 -0.29 -1.26 -1.43 -2.71
35 241.0 445.0 117.0 50.0 1.15 -0.64 -0.26 -1.24 -1.57 -2.39
36 316.0 453.0 116.0 53.0 1.06 -0.59 -0.25 -1.34 -1.51 -2.11
37 369.0 446.0 115.0 54.0 0.84 -0.51 -0.22 -1.59 -1.44 -1.69
38 352.0 434.0 115.0 48.0 0.62 -0.43 -0.19 -1.28 -1.37 -1.66
39 322.0 446.0 123.0 50.0 0.53 -0.37 -0.18 -1.24 -1.27 -1.71
40 301.0 452.0 123.0 54.0 0.35 -0.25 -0.14 -1.22 -1.2 -1.93
41 304.0 496.0 117.0 52.0 0.19 -0.18 -0.08 -1.07 -1.11 -1.61
42 262.0 449.0 108.0 53.0 0.14 -0.19 -0.06 -1.08 -1.22 -1.38
43 239.0 491.0 111.0 53.0 0.02 -0.16 -0.02 -0.9 -1.15 -0.93
44 238.0 449.0 112.0 47.0 -0.09 -0.08 0.0 -0.93 -1.03 -0.88
45 210.0 456.0 120.0 49.0 -0.12 -0.06 0.01 -0.73 -0.95 -1.02
46 272.0 430.0 117.0 47.0 -0.19 -0.02 0.04 -0.56 -0.75 -0.92
47 236.0 433.0 109.0 44.0 -0.23 -0.02 0.05 -0.27 -0.74 -0.87
48 279.0 426.0 122.0 40.0 -0.24 -0.01 0.05 -0.17 -0.62 -0.53
49 243.0 450.0 121.0 40.0 -0.25 0.01 0.04 -0.03 -0.52 -0.29
50 214.0 449.0 112.0 37.0 -0.24 0.07 0.01 0.03 -0.41 -0.06
51 225.0 436.0 106.0 38.0 -0.25 0.11 -0.01 0.04 -0.36 -0.05
52 227.0 456.0 111.0 41.0 -0.26 0.15 -0.06 0.16 -0.28 -0.11
53 234.0 446.0 111.0 41.0 -0.24 0.11 -0.11 0.27 -0.09 -0.25
54 208.0 391.0 112.0 39.0 -0.23 0.1 -0.13 0.26 -0.04 -0.18
55 194.0 367.0 105.0 37.0 -0.21 0.14 -0.15 -0.1 0.04 0.1
56 177.0 364.0 103.0 35.0 -0.19 0.15 -0.16 -0.1 0.13 0.2
57 177.0 362.0 97.0 32.0 -0.17 0.14 -0.16 -0.27 0.16 0.2
58 295.0 338.0 100.0 36.0 -0.15 0.1 -0.13 -0.31 0.13 0.21
59 251.0 316.0 110.0 34.0 -0.13 0.08 -0.09 -0.3 0.2 0.11
60 204.0 383.0 107.0 36.0 -0.11 0.07 -0.06 -0.28 0.18 0.09
61 209.0 372.0 102.0 34.0 -0.09 0.03 -0.02 -0.12 0.14 0.03
62 187.0 335.0 101.0 32.0 -0.09 0.02 0.03 -0.15 0.06 0.0
63 175.0 360.0 103.0 32.0 -0.08 0.0 0.04 -0.15 0.07 0.04
64 193.0 356.0 100.0 31.0 -0.04 -0.04 0.06 -0.13 0.05 0.07
65 202.0 368.0 96.0 30.0 -0.03 -0.05 0.07 -0.15 0.05 0.08
66 176.0 387.0 103.0 29.0 -0.02 -0.06 0.07 -0.13 0.07 0.0
67 163.0 393.0 104.0 29.0 0.01 -0.03 0.05 -0.19 -0.02 -0.08
68 144.0 370.0 100.0 28.0 0.02 -0.04 0.04 -0.12 -0.09 -0.21
69 157.0 387.0 93.0 27.0 0.03 -0.04 0.04 -0.15 -0.06 -0.18
70 232.0 365.0 97.0 27.0 0.03 -0.02 0.03 -0.1 -0.07 -0.13
71 225.0 338.0 92.0 28.0 0.02 -0.0 0.03 -0.11 0.0 -0.32
72 214.0 337.0 91.0 27.0 0.02 0.01 0.02 -0.04 -0.01 -0.39
73 185.0 331.0 87.0 26.0 0.0 0.01 -0.0 0.04 -0.07 -0.43
74 197.0 338.0 89.0 27.0 -0.02 0.03 -0.03 0.02 -0.06 -0.38
75 174.0 360.0 92.0 30.0 -0.03 0.03 -0.04 0.07 -0.06 -0.33
76 180.0 320.0 88.0 30.0 -0.04 0.03 -0.07 -0.07 0.0 -0.23
77 165.0 323.0 89.0 32.0 -0.06 0.06 -0.09 -0.08 -0.01 -0.27
78 151.0 383.0 94.0 30.0 -0.06 0.08 -0.09 -0.13 -0.02 -0.15
79 132.0 348.0 90.0 30.0 -0.06 0.08 -0.09 -0.21 -0.04 -0.18
80 145.0 355.0 86.0 29.0 -0.04 0.08 -0.08 -0.22 -0.01 -0.24
81 148.0 347.0 84.0 29.0 -0.05 0.1 -0.07 -0.23 -0.01 -0.18
82 134.0 354.0 85.0 30.0 -0.06 0.08 -0.04 -0.27 -0.03 -0.23
83 140.0 346.0 93.0 29.0 -0.05 0.05 -0.01 -0.25 -0.09 -0.19
84 163.0 310.0 91.0 28.0 -0.05 0.04 -0.0 -0.18 -0.07 -0.16
85 148.0 337.0 88.0 28.0 -0.03 0.01 0.01 -0.08 -0.02 -0.05
86 148.0 298.0 84.0 30.0 -0.02 0.02 0.01 -0.05 0.02 -0.05
87 158.0 288.0 84.0 29.0 -0.03 0.03 0.0 0.0 0.07 -0.07
88 164.0 275.0 85.0 30.0 -0.04 0.06 -0.0 0.02 0.08 -0.04
89 139.0 270.0 99.0 32.0 -0.04 0.06 -0.01 -0.05 0.04 -0.16
90 178.0 259.0 96.0 30.0 -0.03 0.03 -0.02 0.02 0.05 -0.11
91 157.0 251.0 91.0 29.0 -0.03 0.0 -0.02 -0.01 0.04 -0.07
92 142.0 236.0 99.0 27.0 -0.02 -0.0 -0.02 0.0 0.04 -0.05
93 130.0 250.0 92.0 26.0 -0.02 0.03 -0.04 -0.04 0.01 -0.08
94 120.0 223.0 91.0 26.0 -0.01 0.03 -0.04 -0.12 -0.05 -0.08
95 142.0 226.0 96.0 25.0 0.01 0.01 -0.03 -0.14 0.03 -0.16
96 131.0 221.0 94.0 25.0 0.01 0.0 -0.03 -0.16 -0.05 -0.13
97 111.0 234.0 94.0 25.0 0.0 0.01 -0.02 -0.21 -0.16 -0.18
98 93.0 229.0 90.0 25.0 0.0 -0.01 -0.01 -0.22 -0.21 -0.22
99 83.0 210.0 84.0 37.0 -0.01 0.01 0.0 -0.28 -0.34 -0.35
100 70.0 186.0 79.0 34.0 -0.04 0.05 0.02 -0.41 -0.45 -0.43
101 58.0 167.0 73.0 32.0 -0.06 0.09 0.03 -0.71 -0.74 -0.72
102 50.0 148.0 70.0 31.0 -0.12 0.16 0.08 -0.82 -0.87 -0.84
103 44.0 143.0 69.0 30.0 -0.21 0.21 0.18 -1.25 -1.35 -1.21
104 54.0 144.0 66.0 32.0 -0.27 0.23 0.25 -1.19 -1.67 -1.63
105 57.0 168.0 64.0 30.0 -0.4 0.35 0.46 -1.14 -1.74 -1.9
106 55.0 179.0 61.0 29.0 -0.55 0.46 0.67 -1.67 -1.79 -2.61
107 48.0 160.0 61.0 30.0 -0.58 0.5 0.75 -1.53 -1.64 -2.79
108 43.0 148.0 60.0 28.0 -0.68 0.63 0.88 -1.5 -1.46 -2.33
109 48.0 140.0 59.0 29.0 -0.93 0.88 0.95 -1.18 -1.2 -1.69
110 46.0 131.0 57.0 28.0 -1.09 1.04 0.97 -0.5 -0.76 -1.21
111 42.0 134.0 57.0 27.0 -1.48 1.4 1.01 -0.26 -0.61 -1.09
112 44.0 134.0 56.0 28.0 -1.91 1.54 1.02 -0.2 -0.37 -0.97
113 51.0 133.0 55.0 27.0 -2.06 1.55 1.03 -0.65 -0.19 -1.12
114 57.0 133.0 56.0 26.0 -2.38 1.42 1.04 -0.76 -0.11 -1.21
115 59.0 135.0 57.0 25.0 -2.54 1.21 1.08 -1.01 0.08 -1.35
116 63.0 135.0 61.0 25.0 -2.59 1.19 1.08 -1.39 0.12 -1.53
117 59.0 132.0 64.0 25.0 -2.55 1.14 0.99 -1.08 -0.12 -1.17
118 67.0 131.0 62.0 24.0 -2.46 1.05 0.84 0.0 -0.17 -0.34
119 74.0 127.0 59.0 24.0 -2.4 0.96 0.79 1.79 -0.28 0.5
120 76.0 128.0 59.0 24.0 -2.23 0.91 0.69 0.67 0.21 0.64
121 79.0 128.0 62.0 31.0 -2.13 0.99 0.65 1.17 0.24 0.83
122 73.0 128.0 61.0 33.0 -2.11 1.03 0.52 -0.23 0.28 0.57
123 66.0 126.0 60.0 32.0 -2.1 0.87 0.31 -0.23 -0.1 0.62
124 62.0 125.0 65.0 30.0 -1.81 0.49 0.11 0.65 -0.18 0.31
125 69.0 123.0 75.0 29.0 -1.73 0.43 0.03 0.87 -0.01 -0.56
126 101.0 118.0 89.0 27.0 -1.63 0.41 -0.04 2.19 0.17 -1.94
127 97.0 115.0 110.0 27.0 0.38 3.86 0.0 6.65 -1.03 13.82
128 85.0 113.0 107.0 26.0 0.67 3.8 -0.54 1.44 0.31 7.71
129 73.0 113.0 101.0 25.0 0.75 1.87 -0.63 -2.43 2.19 1.33
130 62.0 112.0 97.0 25.0 0.23 1.53 -0.5 -2.57 1.44 -1.0
131 52.0 111.0 93.0 24.0 0.2 1.52 -0.54 -2.66 0.56 -0.39
132 43.0 108.0 95.0 24.0 0.57 0.92 -0.49 -2.46 0.39 0.44
133 36.0 106.0 92.0 24.0 0.58 0.07 -0.27 0.25 0.55 0.55
134 37.0 104.0 88.0 24.0 0.49 -0.02 -0.2 0.66 0.33 -0.01
135 32.0 103.0 91.0 23.0 0.4 0.09 -0.2 0.66 0.12 -0.11
136 29.0 104.0 93.0 24.0 0.36 0.14 -0.18 0.6 -0.22 0.01
137 27.0 104.0 92.0 23.0 0.38 0.16 -0.16 0.42 -0.19 0.06
138 24.0 103.0 92.0 23.0 0.33 0.19 -0.12 0.09 -0.04 0.08
139 22.0 105.0 87.0 23.0 0.18 0.15 -0.08 -0.1 0.03 0.06
140 20.0 106.0 83.0 23.0 0.13 0.11 -0.07 -0.19 0.07 0.05
