1 78.0 112.0 58.0 23.0 0.02 -0.04 -0.03 -0.26 0.05 -0.08
2 70.0 110.0 60.0 23.0 0.03 -0.08 -0.04 -0.02 0.07 0.0
3 64.0 109.0 65.0 23.0 0.04 -0.09 -0.04 0.06 0.05 -0.01
4 59.0 108.0 69.0 23.0 0.05 -0.09 -0.03 0.02 0.05 -0.03
5 56.0 107.0 67.0 23.0 0.06 -0.08 -0.03 0.13 0.04 0.01
6 57.0 106.0 67.0 23.0 0.05 -0.07 -0.02 0.12 0.04 0.01
7 53.0 107.0 64.0 24.0 0.04 -0.05 -0.01 0.1 0.04 -0.02
8 63.0 105.0 67.0 23.0 0.03 -0.03 -0.0 0.04 0.06 0.0
9 53.0 105.0 65.0 23.0 0.03 -0.03 -0.0 -0.05 0.09 -0.02
10 68.0 109.0 63.0 23.0 0.0 -0.06 0.01 -0.01 0.08 0.0
11 71.0 106.0 60.0 24.0 -0.02 -0.05 0.02 0.01 0.06 0.01
12 81.0 104.0 57.0 48.0 -0.04 -0.07 0.02 -0.03 0.06 -0.03
13 116.0 141.0 58.0 47.0 -0.1 -0.1 0.03 -0.11 0.05 -0.03
14 157.0 162.0 59.0 47.0 -0.14 -0.14 0.05 -0.05 0.07 -0.09
15 252.0 165.0 62.0 70.0 -0.18 -0.15 0.06 -1.0 -0.01 -0.18
16 271.0 175.0 63.0 64.0 -0.1 -0.26 0.06 -0.38 -0.19 -0.21
17 280.0 214.0 64.0 63.0 0.02 -0.62 0.04 0.99 -0.04 -0.13
18 335.0 266.0 65.0 58.0 0.01 -0.83 0.02 1.25 -0.09 -0.07
19 324.0 291.0 65.0 55.0 0.06 -1.19 -0.03 -0.01 -0.23 0.77
20 293.0 311.0 64.0 49.0 0.51 -1.24 -0.17 -0.19 -0.29 0.55
21 268.0 331.0 65.0 44.0 0.71 -1.34 -0.26 -0.44 0.28 0.55
22 275.0 323.0 64.0 40.0 1.15 -1.45 -0.4 0.01 0.99 1.08
23 261.0 314.0 68.0 40.0 1.59 -1.89 -0.6 5.43 2.41 4.15
24 276.0 379.0 71.0 39.0 1.67 -2.25 -0.54 2.85 0.81 3.88
25 241.0 413.0 78.0 37.0 1.48 -1.4 -0.48 1.42 1.31 2.66
26 221.0 455.0 78.0 34.0 1.49 -0.64 -0.54 0.98 1.33 2.68
27 226.0 418.0 76.0 35.0 1.51 -0.48 -0.54 0.85 1.25 2.72
28 274.0 374.0 79.0 34.0 1.54 -0.54 -0.5 0.39 1.23 2.32
29 253.0 360.0 76.0 32.0 1.5 -1.02 -0.44 0.25 1.23 1.54
30 235.0 356.0 82.0 31.0 1.47 -1.14 -0.41 0.83 1.27 1.04
31 224.0 339.0 80.0 30.0 1.41 -1.05 -0.38 0.78 1.09 0.61
32 249.0 382.0 84.0 30.0 1.35 -0.88 -0.35 0.47 0.58 0.36
33 287.0 363.0 107.0 32.0 1.36 -0.89 -0.36 0.47 0.62 0.3
34 328.0 372.0 107.0 30.0 1.29 -0.92 -0.36 0.38 0.37 -0.05
35 309.0 344.0 104.0 32.0 1.23 -0.93 -0.35 0.19 0.16 -0.29
36 336.0 362.0 106.0 43.0 1.19 -0.92 -0.36 -0.04 0.13 -0.34
37 366.0 417.0 101.0 41.0 1.03 -0.86 -0.38 -0.21 0.02 -0.52
38 401.0 440.0 109.0 55.0 0.8 -0.77 -0.43 -0.47 -0.57 -0.78
39 400.0 442.0 122.0 58.0 0.75 -0.79 -0.44 -0.32 -0.46 -1.2
40 420.0 413.0 133.0 55.0 0.73 -0.86 -0.46 -0.64 -0.73 -1.16
41 403.0 441.0 125.0 53.0 0.69 -0.76 -0.49 -0.74 -1.08 -0.71
42 406.0 417.0 119.0 50.0 0.71 -0.69 -0.47 -0.99 -1.06 -0.46
43 407.0 382.0 112.0 54.0 0.74 -0.45 -0.43 -1.26 -1.36 -0.56
44 370.0 369.0 109.0 54.0 0.73 -0.35 -0.41 -0.95 -1.39 -0.66
45 369.0 364.0 102.0 47.0 0.71 -0.35 -0.4 -1.05 -1.48 -0.62
46 438.0 411.0 99.0 48.0 0.69 -0.3 -0.38 -1.16 -1.24 -1.09
47 376.0 403.0 98.0 55.0 0.6 -0.11 -0.35 -1.23 -1.43 -1.89
48 383.0 394.0 103.0 57.0 0.57 -0.08 -0.33 -1.17 -1.54 -2.01
49 347.0 397.0 105.0 51.0 0.57 -0.19 -0.27 -1.28 -1.65 -1.02
50 335.0 410.0 106.0 46.0 0.55 -0.21 -0.22 -1.3 -1.43 -0.76
51 347.0 405.0 100.0 51.0 0.51 -0.19 -0.19 -1.11 -1.29 -0.91
52 309.0 394.0 100.0 55.0 0.42 -0.11 -0.14 -0.94 -1.12 -1.32
53 280.0 410.0 106.0 52.0 0.32 -0.06 -0.08 -0.72 -0.97 -1.14
54 265.0 409.0 108.0 50.0 0.28 -0.05 -0.08 -0.63 -0.93 -1.02
55 312.0 395.0 114.0 48.0 0.23 -0.06 -0.09 -0.63 -0.65 -0.89
56 321.0 367.0 113.0 53.0 0.2 -0.08 -0.1 -0.24 -0.42 -0.65
57 339.0 367.0 109.0 50.0 0.17 -0.05 -0.11 -0.14 -0.37 -0.45
58 281.0 327.0 117.0 45.0 0.15 -0.04 -0.13 0.38 -0.19 -0.69
59 281.0 308.0 117.0 44.0 0.1 -0.03 -0.13 0.27 -0.1 -0.36
60 283.0 344.0 115.0 42.0 0.07 -0.04 -0.14 0.1 -0.06 -0.27
61 281.0 320.0 113.0 42.0 0.03 -0.02 -0.14 -0.23 0.07 -0.24
62 288.0 371.0 111.0 42.0 -0.01 -0.03 -0.1 -0.48 0.13 -0.49
63 365.0 369.0 124.0 42.0 -0.01 -0.05 -0.08 -0.5 0.12 -0.47
64 304.0 341.0 120.0 40.0 -0.02 -0.07 -0.01 -0.55 0.11 -0.37
65 269.0 340.0 115.0 38.0 -0.04 -0.06 0.06 -0.24 0.09 -0.12
66 268.0 333.0 109.0 36.0 -0.05 -0.06 0.08 -0.29 0.09 -0.17
67 266.0 346.0 120.0 39.0 -0.03 -0.08 0.1 -0.01 0.18 -0.18
68 235.0 382.0 117.0 37.0 -0.03 -0.06 0.11 0.02 0.15 0.0
69 243.0 419.0 118.0 39.0 -0.03 -0.05 0.11 -0.04 0.12 0.07
70 267.0 434.0 111.0 38.0 0.0 -0.07 0.09 0.0 0.12 0.15
71 299.0 416.0 106.0 35.0 0.0 -0.04 0.07 -0.09 0.12 -0.13
72 256.0 471.0 124.0 37.0 0.0 -0.02 0.06 0.0 0.08 -0.22
73 245.0 434.0 114.0 34.0 0.0 -0.01 0.05 -0.19 0.1 -0.26
74 235.0 419.0 118.0 39.0 0.0 -0.02 0.06 -0.07 -0.02 -0.56
75 275.0 427.0 114.0 36.0 -0.02 -0.02 0.07 -0.12 -0.06 -0.47
76 268.0 409.0 113.0 34.0 -0.03 -0.02 0.09 -0.17 -0.2 -0.31
77 258.0 394.0 115.0 32.0 -0.03 -0.03 0.1 0.0 -0.13 -0.24
78 240.0 411.0 111.0 33.0 -0.04 -0.02 0.1 0.0 -0.07 -0.21
79 218.0 479.0 108.0 33.0 -0.04 -0.03 0.08 0.21 0.04 -0.13
80 241.0 440.0 108.0 32.0 -0.03 -0.03 0.03 0.15 0.06 -0.12
81 238.0 472.0 108.0 30.0 -0.02 -0.03 -0.0 0.17 0.0 -0.09
82 253.0 459.0 114.0 39.0 -0.01 -0.02 -0.04 0.08 0.07 -0.02
83 255.0 414.0 107.0 36.0 -0.01 -0.01 -0.06 -0.04 0.03 0.0
84 255.0 392.0 103.0 37.0 0.01 0.03 -0.07 -0.05 0.01 0.0
85 230.0 397.0 104.0 37.0 0.03 0.02 -0.08 0.01 0.09 -0.04
86 259.0 395.0 111.0 35.0 0.04 -0.01 -0.07 -0.13 0.02 -0.03
87 246.0 424.0 113.0 33.0 0.04 -0.03 -0.07 -0.13 0.04 -0.02
88 266.0 416.0 106.0 32.0 0.05 -0.04 -0.04 -0.18 0.13 -0.18
89 239.0 391.0 110.0 30.0 0.03 -0.06 -0.02 -0.17 -0.02 -0.2
90 204.0 342.0 102.0 29.0 0.03 -0.07 -0.01 -0.19 -0.11 -0.17
91 181.0 313.0 97.0 30.0 0.03 -0.09 0.0 -0.08 -0.12 -0.17
92 164.0 310.0 94.0 33.0 0.03 -0.08 0.0 0.0 -0.09 -0.22
93 146.0 330.0 94.0 31.0 0.02 -0.06 -0.02 0.0 -0.13 -0.27
94 150.0 315.0 97.0 29.0 0.02 -0.05 -0.04 0.11 -0.13 -0.42
95 132.0 314.0 109.0 29.0 0.03 -0.06 -0.05 0.22 -0.25 -0.32
96 143.0 301.0 109.0 32.0 0.04 -0.07 -0.08 0.28 -0.27 -0.22
97 136.0 294.0 101.0 29.0 0.06 -0.04 -0.12 -0.01 -0.16 0.0
98 122.0 286.0 106.0 30.0 0.05 -0.03 -0.14 -0.03 -0.02 -0.14
99 137.0 304.0 101.0 29.0 0.03 0.04 -0.17 -0.41 -0.14 -0.42
100 125.0 279.0 102.0 27.0 -0.02 0.09 -0.14 -0.68 -0.17 -0.47
101 127.0 264.0 93.0 27.0 -0.04 0.08 -0.11 -0.91 -0.26 -0.69
102 112.0 235.0 95.0 26.0 -0.09 0.03 -0.03 -0.87 -0.18 -0.68
103 100.0 217.0 87.0 26.0 -0.13 0.03 0.07 -0.87 -0.29 -0.59
104 87.0 218.0 80.0 26.0 -0.19 0.05 0.14 -0.83 -0.42 -0.48
105 76.0 196.0 74.0 49.0 -0.21 0.04 0.17 -0.73 -0.47 -0.5
106 63.0 174.0 70.0 46.0 -0.27 0.07 0.21 -0.51 -0.65 -0.61
107 54.0 157.0 67.0 43.0 -0.36 0.18 0.25 -0.52 -0.82 -0.62
108 57.0 141.0 65.0 41.0 -0.41 0.26 0.27 -0.42 -0.92 -0.66
109 54.0 133.0 62.0 39.0 -0.54 0.48 0.36 -0.2 -1.04 -1.17
110 51.0 128.0 61.0 36.0 -0.74 0.69 0.46 -0.79 -1.19 -1.76
111 43.0 127.0 58.0 35.0 -0.79 0.75 0.5 -1.26 -1.32 -2.03
112 38.0 123.0 57.0 37.0 -0.84 0.85 0.55 -1.02 -1.08 -1.9
113 37.0 119.0 58.0 35.0 -0.88 0.94 0.58 -0.34 -0.61 -1.75
114 38.0 120.0 60.0 40.0 -1.08 1.19 0.61 -0.04 -0.44 -1.77
115 41.0 122.0 62.0 37.0 -1.41 1.34 0.66 0.3 -0.59 -1.73
116 36.0 123.0 62.0 34.0 -1.57 1.37 0.67 0.4 -0.66 -1.77
117 45.0 131.0 62.0 37.0 -1.8 1.37 0.69 0.22 -0.58 -1.66
118 44.0 135.0 62.0 33.0 -1.97 1.31 0.73 -0.93 -0.58 -1.23
119 40.0 141.0 64.0 33.0 -2.11 1.22 0.76 -1.94 -0.62 -1.73
120 40.0 136.0 65.0 31.0 -2.13 1.1 0.76 -2.09 -0.78 -1.54
121 43.0 134.0 65.0 30.0 -2.11 0.86 0.75 -1.36 -0.63 -1.4
122 43.0 131.0 64.0 29.0 -2.05 0.93 0.76 -1.06 -0.4 -1.06
123 53.0 128.0 63.0 28.0 -2.03 1.02 0.78 -0.92 -0.26 -0.87
124 59.0 124.0 63.0 27.0 -2.04 1.17 0.83 -1.15 0.14 -0.31
125 68.0 120.0 62.0 25.0 -2.05 1.19 0.75 -1.41 -0.46 -0.13
126 121.0 122.0 61.0 25.0 -2.1 1.11 0.88 -1.64 -0.15 -0.1
127 99.0 120.0 58.0 25.0 -2.0 0.97 0.67 -0.51 -0.25 0.24
128 84.0 113.0 58.0 26.0 -2.04 0.88 0.58 0.16 -0.44 0.51
129 69.0 107.0 56.0 26.0 -1.93 0.64 0.52 0.44 -0.6 0.95
130 59.0 102.0 54.0 26.0 -1.82 0.57 0.39 0.19 -0.51 0.78
131 52.0 96.0 53.0 25.0 -1.78 0.54 0.33 1.18 -3.69 2.96
132 44.0 91.0 60.0 24.0 -1.47 0.27 0.12 4.85 -5.7 15.16
133 39.0 87.0 80.0 25.0 1.54 1.43 -0.42 8.29 2.25 13.06
134 34.0 84.0 80.0 25.0 1.58 1.64 -0.56 -0.43 1.41 0.79
135 30.0 81.0 72.0 24.0 0.88 0.87 -0.74 -2.28 -0.16 -0.52
136 27.0 78.0 69.0 24.0 0.48 0.56 -0.72 -1.9 2.05 -0.61
137 24.0 76.0 66.0 24.0 0.13 0.59 -0.64 -1.08 0.99 0.59
138 22.0 73.0 71.0 24.0 0.21 0.39 -0.55 -0.55 0.9 0.85
139 21.0 72.0 85.0 24.0 0.2 -0.1 -0.21 -0.11 0.26 0.06
140 21.0 71.0 83.0 23.0 0.18 -0.25 -0.08 0.44 0.46 0.02
141 20.0 70.0 78.0 24.0 0.07 -0.2 0.02 0.82 0.08 0.05
142 19.0 71.0 76.0 23.0 -0.01 -0.08 0.05 0.93 -0.04 0.0
143 18.0 70.0 85.0 24.0 -0.06 -0.02 0.1 0.55 -0.08 -0.01
144 18.0 69.0 87.0 23.0 -0.13 0.13 0.15 0.22 -0.1 0.03
145 19.0 68.0 81.0 24.0 -0.24 0.25 0.14 -0.35 -0.1 0.0
146 19.0 68.0 80.0 23.0 -0.26 0.25 0.12 -0.51 -0.04 0.0
147 18.0 67.0 76.0 25.0 -0.24 0.14 0.09 -0.47 -0.01 0.01
