1 50.0 84.0 89.0 24.0 -0.03 -0.13 -0.03 0.2 0.1 -0.07
2 43.0 92.0 85.0 23.0 -0.03 -0.11 -0.02 0.1 0.04 -0.08
3 38.0 87.0 81.0 24.0 -0.03 -0.09 -0.02 0.07 0.07 -0.04
4 36.0 85.0 82.0 27.0 -0.03 -0.07 -0.03 0.07 0.09 -0.07
5 32.0 82.0 92.0 26.0 -0.03 -0.06 -0.03 0.06 0.07 -0.07
6 33.0 81.0 89.0 26.0 -0.03 -0.02 -0.03 0.03 0.11 -0.05
7 46.0 80.0 85.0 26.0 -0.02 0.01 -0.03 0.04 0.12 -0.05
8 41.0 79.0 79.0 25.0 -0.01 0.02 -0.03 -0.06 0.1 -0.03
9 38.0 77.0 85.0 24.0 -0.01 0.01 -0.03 -0.08 0.1 -0.06
10 35.0 77.0 84.0 24.0 -0.01 -0.02 -0.03 -0.08 0.1 -0.02
11 31.0 75.0 83.0 24.0 -0.01 -0.04 -0.03 -0.03 0.06 -0.02
12 28.0 74.0 78.0 24.0 -0.01 -0.06 -0.02 0.0 0.07 -0.05
13 26.0 73.0 73.0 25.0 -0.01 -0.06 -0.02 0.0 0.09 -0.06
14 48.0 88.0 69.0 24.0 -0.01 -0.09 -0.02 0.0 0.13 -0.03
15 48.0 98.0 70.0 25.0 -0.03 -0.11 -0.0 0.0 0.12 0.01
16 55.0 98.0 71.0 30.0 -0.04 -0.12 0.0 0.0 0.12 -0.04
17 58.0 139.0 74.0 28.0 -0.03 -0.11 -0.0 0.02 0.08 -0.05
18 59.0 146.0 71.0 35.0 -0.03 -0.09 0.0 0.0 0.08 -0.09
19 87.0 179.0 67.0 67.0 -0.02 -0.13 0.01 -0.04 0.02 -0.03
20 104.0 204.0 67.0 74.0 -0.02 -0.19 0.03 -0.1 -0.03 -0.11
21 112.0 215.0 65.0 80.0 0.04 -0.3 0.05 -0.18 -0.09 -0.15
22 105.0 281.0 70.0 97.0 0.18 -0.5 0.03 0.18 -0.06 0.1
23 123.0 335.0 72.0 108.0 0.21 -0.56 0.03 0.56 0.13 0.5
24 154.0 472.0 72.0 122.0 0.26 -0.66 0.01 0.15 0.07 0.54
25 169.0 474.0 75.0 104.0 0.27 -0.64 0.0 0.07 0.35 0.68
26 161.0 465.0 80.0 85.0 0.38 -0.46 -0.03 -0.86 0.06 0.2
27 153.0 473.0 90.0 73.0 0.57 -0.48 -0.01 -0.39 0.06 1.28
28 165.0 407.0 85.0 63.0 0.87 -0.47 0.03 0.13 0.53 2.88
29 161.0 384.0 84.0 55.0 0.93 -0.38 0.01 0.87 0.97 3.85
30 181.0 406.0 84.0 52.0 1.03 -0.36 -0.09 1.08 1.26 3.64
31 155.0 427.0 83.0 47.0 1.25 -0.34 -0.26 0.61 1.23 1.77
32 137.0 397.0 89.0 41.0 1.29 -0.48 -0.3 0.91 1.19 1.15
33 144.0 370.0 93.0 38.0 1.32 -0.81 -0.38 1.0 1.26 1.1
34 155.0 365.0 91.0 35.0 1.34 -0.97 -0.44 0.96 1.01 0.96
35 137.0 343.0 85.0 36.0 1.35 -1.0 -0.45 0.66 0.97 0.56
36 184.0 328.0 94.0 34.0 1.39 -1.05 -0.47 0.69 1.14 0.11
37 163.0 304.0 96.0 47.0 1.32 -0.99 -0.48 0.38 1.08 -0.12
38 234.0 319.0 91.0 41.0 1.24 -0.95 -0.47 0.44 1.01 -0.16
39 245.0 315.0 92.0 37.0 1.22 -0.85 -0.49 0.4 0.84 -0.24
40 215.0 289.0 94.0 35.0 1.12 -0.79 -0.44 0.31 0.55 -0.35
41 259.0 289.0 97.0 32.0 1.1 -0.75 -0.44 -0.11 0.46 -0.3
42 299.0 310.0 100.0 32.0 0.98 -0.65 -0.4 -0.16 0.24 -0.27
43 272.0 300.0 104.0 36.0 0.89 -0.59 -0.37 -0.25 0.0 -0.14
44 277.0 339.0 108.0 34.0 0.85 -0.57 -0.37 -0.58 -0.33 -0.32
45 336.0 373.0 109.0 36.0 0.78 -0.57 -0.36 -0.63 -0.18 -0.22
46 333.0 356.0 128.0 41.0 0.71 -0.56 -0.31 -0.72 -0.44 -0.25
47 342.0 430.0 158.0 49.0 0.67 -0.55 -0.27 -0.73 -0.54 -0.42
48 415.0 426.0 164.0 56.0 0.48 -0.55 -0.18 -0.94 -0.67 -0.25
49 438.0 510.0 179.0 55.0 0.34 -0.47 -0.1 -0.67 -0.77 -0.27
50 472.0 517.0 166.0 50.0 0.26 -0.45 -0.06 -1.03 -1.0 -0.53
51 489.0 488.0 167.0 52.0 0.27 -0.41 -0.07 -0.78 -0.98 -0.54
52 496.0 438.0 170.0 47.0 0.37 -0.44 -0.12 -0.19 -1.01 -1.17
53 529.0 512.0 161.0 49.0 0.39 -0.42 -0.14 -0.25 -0.97 -1.17
54 545.0 508.0 162.0 50.0 0.34 -0.28 -0.14 -0.78 -1.23 -0.78
55 542.0 495.0 152.0 54.0 0.35 -0.29 -0.15 -0.93 -1.25 -0.74
56 541.0 501.0 152.0 61.0 0.38 -0.31 -0.14 -0.76 -1.16 -1.05
57 510.0 507.0 145.0 63.0 0.39 -0.33 -0.14 -0.36 -1.12 -1.05
58 620.0 503.0 179.0 65.0 0.38 -0.31 -0.18 -0.35 -1.04 -0.93
59 562.0 488.0 163.0 64.0 0.39 -0.29 -0.21 -0.21 -1.02 -1.12
60 509.0 509.0 163.0 64.0 0.37 -0.22 -0.25 -0.3 -0.85 -1.2
61 479.0 493.0 154.0 58.0 0.32 -0.18 -0.28 -0.39 -0.88 -1.05
62 484.0 436.0 144.0 70.0 0.3 -0.15 -0.28 -0.35 -0.92 -1.04
63 545.0 415.0 139.0 72.0 0.27 -0.06 -0.26 -0.49 -0.85 -0.93
64 452.0 430.0 145.0 69.0 0.26 -0.03 -0.24 -0.22 -0.72 -1.02
65 418.0 427.0 133.0 74.0 0.23 -0.04 -0.23 -0.37 -0.68 -1.08
66 391.0 468.0 138.0 69.0 0.21 -0.09 -0.21 0.11 -0.44 -1.38
67 359.0 467.0 145.0 63.0 0.12 -0.03 -0.11 -0.31 -0.36 -0.96
68 406.0 420.0 156.0 64.0 0.1 -0.05 -0.08 -0.39 -0.3 -0.66
69 410.0 455.0 146.0 68.0 0.04 -0.05 -0.02 -0.53 -0.07 -0.21
70 400.0 462.0 136.0 63.0 -0.01 -0.01 0.01 -0.41 0.1 -0.43
71 404.0 500.0 125.0 56.0 -0.04 0.02 0.01 -0.28 0.14 -0.66
72 357.0 458.0 135.0 54.0 -0.04 -0.05 0.0 -0.03 0.18 -0.78
73 334.0 443.0 131.0 54.0 -0.03 -0.11 0.02 0.15 0.2 -0.03
74 324.0 445.0 123.0 49.0 -0.03 -0.11 0.01 0.19 0.11 0.16
75 287.0 443.0 118.0 54.0 0.01 -0.08 -0.01 0.12 0.22 0.0
76 299.0 416.0 117.0 51.0 0.07 -0.04 -0.01 0.06 0.2 0.01
77 283.0 383.0 135.0 51.0 0.1 -0.03 -0.01 0.04 0.17 -0.1
78 236.0 368.0 127.0 46.0 0.19 -0.08 -0.0 -0.18 0.25 0.2
79 248.0 362.0 127.0 48.0 0.21 -0.13 -0.0 -0.2 0.27 0.31
80 289.0 337.0 117.0 48.0 0.22 -0.12 0.01 -0.21 0.31 -0.13
81 287.0 339.0 114.0 46.0 0.23 -0.04 0.01 -0.18 0.32 -0.19
82 230.0 345.0 117.0 45.0 0.23 -0.02 0.01 -0.07 0.29 -0.21
83 242.0 360.0 121.0 48.0 0.21 -0.03 0.02 -0.13 0.23 0.0
84 282.0 366.0 116.0 43.0 0.12 0.01 0.06 -0.17 0.21 -0.12
85 293.0 439.0 113.0 56.0 0.1 0.01 0.07 -0.06 0.16 -0.47
86 292.0 395.0 122.0 50.0 0.07 -0.03 0.1 -0.05 0.12 -0.54
87 261.0 370.0 128.0 50.0 0.1 -0.09 0.1 0.38 0.05 -0.58
88 232.0 340.0 118.0 43.0 0.1 -0.09 0.09 0.37 0.0 -0.13
89 276.0 342.0 125.0 43.0 0.08 -0.05 0.07 0.28 0.0 0.05
90 267.0 337.0 120.0 42.0 0.06 -0.01 0.02 0.25 0.04 0.01
91 277.0 381.0 118.0 39.0 0.05 -0.04 -0.04 0.05 -0.04 -0.1
92 238.0 408.0 136.0 38.0 0.05 -0.06 -0.07 0.04 -0.07 -0.14
93 255.0 434.0 133.0 42.0 0.07 -0.05 -0.09 0.09 0.0 -0.21
94 263.0 432.0 130.0 42.0 0.08 -0.03 -0.1 -0.06 0.01 -0.23
95 265.0 376.0 130.0 40.0 0.08 -0.03 -0.09 -0.15 0.02 -0.26
96 248.0 395.0 122.0 48.0 0.06 -0.04 -0.08 -0.15 0.08 -0.36
97 242.0 369.0 129.0 43.0 0.04 -0.04 -0.05 -0.08 0.06 -0.44
98 216.0 373.0 129.0 46.0 0.03 -0.04 -0.03 0.0 0.06 -0.52
99 262.0 368.0 133.0 43.0 0.01 -0.03 -0.01 0.11 0.0 -0.35
100 254.0 373.0 120.0 39.0 -0.01 -0.03 0.0 0.11 0.0 -0.21
101 270.0 356.0 113.0 36.0 -0.02 -0.03 -0.0 0.14 0.0 -0.23
102 250.0 365.0 114.0 34.0 -0.03 -0.01 -0.03 0.04 0.08 -0.3
103 224.0 360.0 109.0 33.0 -0.04 0.01 -0.06 0.08 0.02 -0.28
104 242.0 344.0 106.0 32.0 -0.04 0.01 -0.06 0.05 0.05 -0.26
105 244.0 322.0 109.0 31.0 -0.04 0.04 -0.08 -0.07 -0.02 -0.34
106 242.0 323.0 101.0 30.0 -0.04 0.04 -0.08 -0.18 -0.16 -0.24
107 229.0 312.0 99.0 31.0 -0.03 0.05 -0.07 -0.23 -0.17 -0.22
108 212.0 302.0 98.0 29.0 -0.02 0.08 -0.06 -0.35 -0.3 -0.39
109 196.0 290.0 94.0 33.0 -0.02 0.11 -0.03 -0.44 -0.31 -0.48
110 217.0 283.0 92.0 39.0 -0.03 0.09 -0.02 -0.5 -0.36 -0.6
111 184.0 255.0 86.0 37.0 -0.05 0.05 0.02 -0.58 -0.39 -0.77
112 157.0 234.0 80.0 36.0 -0.09 0.04 0.06 -0.48 -0.45 -0.81
113 134.0 204.0 75.0 33.0 -0.11 0.06 0.08 -0.52 -0.52 -0.83
114 115.0 192.0 72.0 31.0 -0.17 0.11 0.12 -0.61 -0.65 -0.82
115 101.0 234.0 72.0 30.0 -0.19 0.11 0.14 -0.74 -0.82 -0.77
116 94.0 222.0 71.0 31.0 -0.24 0.09 0.18 -0.75 -0.91 -0.72
117 88.0 259.0 70.0 32.0 -0.3 0.04 0.22 -0.88 -0.95 -0.91
118 85.0 235.0 67.0 35.0 -0.32 0.02 0.24 -1.23 -1.17 -1.09
119 69.0 221.0 66.0 33.0 -0.39 -0.01 0.3 -1.41 -1.31 -1.32
120 59.0 215.0 65.0 32.0 -0.39 -0.01 0.36 -1.31 -1.53 -1.47
121 51.0 197.0 65.0 30.0 -0.39 -0.02 0.4 -1.02 -1.35 -1.28
122 49.0 193.0 65.0 29.0 -0.43 0.01 0.51 -0.99 -1.15 -1.12
123 47.0 196.0 62.0 30.0 -0.52 0.12 0.62 -0.88 -0.83 -0.78
124 48.0 185.0 62.0 32.0 -0.61 0.21 0.67 -0.41 -0.55 -0.93
125 45.0 180.0 62.0 30.0 -0.83 0.42 0.74 -0.12 -0.41 -1.07
126 46.0 166.0 63.0 29.0 -1.09 0.67 0.83 -0.25 -0.21 -1.58
127 47.0 166.0 64.0 27.0 -1.22 0.76 0.86 -0.31 -0.12 -1.98
128 41.0 158.0 64.0 26.0 -1.4 0.92 0.9 -0.88 -0.11 -1.89
129 39.0 156.0 63.0 26.0 -1.54 0.88 0.98 -0.74 -0.63 -1.2
130 34.0 151.0 62.0 26.0 -1.57 0.81 1.0 -0.43 -0.31 -0.07
131 31.0 142.0 61.0 28.0 -1.66 0.75 1.02 0.18 -0.28 0.7
132 75.0 138.0 62.0 28.0 -1.68 0.9 1.0 0.65 0.19 1.09
133 84.0 142.0 60.0 27.0 -1.85 1.03 1.0 -0.4 0.59 0.52
134 70.0 141.0 59.0 26.0 -1.88 1.02 0.9 -0.01 0.02 0.16
135 60.0 136.0 57.0 29.0 -1.96 0.94 0.9 1.15 0.28 0.16
136 51.0 134.0 56.0 28.0 -1.75 0.96 0.55 1.39 0.52 0.22
137 45.0 130.0 53.0 31.0 -1.71 0.94 0.46 1.37 0.4 0.37
138 48.0 126.0 54.0 29.0 -1.4 0.59 0.24 1.24 0.16 1.3
139 49.0 122.0 52.0 28.0 -1.32 0.52 0.18 1.43 0.29 1.35
140 50.0 120.0 51.0 28.0 -1.19 0.58 0.11 1.39 0.27 1.08
141 44.0 117.0 53.0 27.0 -1.18 0.8 0.13 0.96 0.45 0.64
142 38.0 115.0 52.0 26.0 -1.17 0.9 0.11 0.61 0.26 0.32
143 33.0 110.0 53.0 26.0 -1.14 1.0 0.05 0.48 0.42 0.57
144 33.0 105.0 59.0 25.0 -0.81 1.73 0.12 1.88 -1.08 5.18
145 27.0 100.0 68.0 25.0 -0.43 3.15 0.06 -2.34 -1.35 4.7
146 24.0 95.0 70.0 25.0 0.26 1.56 -0.43 -1.74 -0.61 3.54
147 25.0 91.0 66.0 24.0 0.4 0.13 -0.45 -0.71 0.94 0.22
148 30.0 97.0 66.0 25.0 0.24 0.25 -0.37 -1.21 0.73 -1.54
149 30.0 91.0 69.0 24.0 0.11 0.74 -0.25 -1.06 0.68 -1.98
150 28.0 88.0 78.0 23.0 0.28 0.66 -0.09 -1.3 -0.56 0.26
151 25.0 84.0 73.0 24.0 0.38 0.42 -0.04 0.44 0.11 1.07
152 23.0 78.0 69.0 24.0 0.33 0.23 -0.05 0.51 0.12 0.35
153 22.0 80.0 69.0 24.0 0.23 0.27 -0.07 0.28 0.02 -0.21
154 21.0 78.0 71.0 23.0 0.21 0.35 -0.06 0.23 0.02 0.06
155 19.0 78.0 67.0 23.0 0.17 0.42 -0.09 0.17 -0.02 0.14
156 19.0 81.0 68.0 24.0 0.08 0.28 -0.1 -0.38 0.04 0.09
157 18.0 79.0 70.0 23.0 0.02 0.18 -0.09 -0.53 -0.01 0.0
158 18.0 82.0 72.0 24.0 0.02 -0.0 -0.06 -0.56 0.02 -0.03
159 17.0 81.0 73.0 23.0 0.06 -0.12 -0.02 -0.12 -0.03 0.02
160 17.0 80.0 69.0 23.0 0.07 -0.14 -0.02 0.14 -0.1 -0.01
161 16.0 80.0 68.0 23.0 0.11 -0.14 -0.02 0.13 -0.07 -0.01
162 16.0 84.0 70.0 23.0 0.12 -0.12 -0.04 0.03 -0.09 -0.03
163 16.0 94.0 73.0 23.0 0.13 -0.12 -0.04 -0.09 0.0 -0.01
164 16.0 102.0 82.0 24.0 0.14 -0.12 -0.06 0.01 0.04 0.0
165 17.0 99.0 77.0 23.0 0.14 -0.13 -0.06 0.01 -0.01 0.0
166 16.0 96.0 78.0 23.0 0.13 -0.12 -0.05 0.02 0.0 0.02
167 16.0 95.0 73.0 23.0 0.1 -0.09 -0.04 0.02 -0.04 0.0
168 16.0 92.0 72.0 23.0 0.07 -0.1 -0.03 0.05 0.02 0.0
169 17.0 91.0 77.0 23.0 0.06 -0.1 -0.02 0.01 0.02 0.0
170 16.0 95.0 71.0 24.0 0.03 -0.09 -0.02 0.05 0.02 -0.04
171 16.0 92.0 69.0 23.0 0.02 -0.08 -0.02 0.06 0.03 -0.02
172 16.0 94.0 73.0 24.0 -0.0 -0.08 -0.02 0.04 0.0 -0.02
173 16.0 91.0 73.0 24.0 -0.02 -0.08 -0.02 -0.04 -0.01 -0.03
174 16.0 92.0 73.0 23.0 0.01 -0.04 -0.02 0.01 -0.04 -0.02
175 15.0 88.0 70.0 23.0 0.02 -0.03 -0.02 0.03 0.0 -0.02
176 16.0 88.0 69.0 23.0 0.0 -0.04 -0.01 0.01 0.0 -0.05
