1 19.0 127.0 61.0 23.0 0.0 -0.04 -0.03 -0.04 -0.11 -0.16
2 19.0 126.0 62.0 23.0 -0.01 -0.02 -0.03 -0.17 -0.08 -0.16
3 18.0 126.0 58.0 23.0 -0.01 -0.03 -0.03 -0.14 -0.04 -0.15
4 18.0 125.0 63.0 22.0 -0.02 -0.05 -0.03 -0.13 -0.06 -0.15
5 18.0 125.0 67.0 23.0 -0.03 -0.06 -0.02 -0.09 -0.09 -0.16
6 19.0 125.0 66.0 23.0 -0.04 -0.06 -0.01 -0.09 -0.09 -0.16
7 20.0 124.0 61.0 23.0 -0.04 -0.05 -0.01 -0.1 -0.1 -0.17
8 22.0 126.0 59.0 24.0 -0.05 -0.07 -0.0 -0.11 -0.1 -0.14
9 22.0 127.0 56.0 24.0 -0.06 -0.09 0.01 -0.12 -0.14 -0.17
10 48.0 144.0 54.0 24.0 -0.07 -0.1 0.01 -0.08 -0.09 -0.13
11 67.0 174.0 54.0 24.0 -0.08 -0.1 0.01 0.06 0.0 -0.13
12 79.0 231.0 53.0 26.0 -0.12 -0.12 -0.01 -0.12 0.08 -0.21
13 80.0 272.0 53.0 38.0 -0.15 -0.2 -0.02 -0.16 0.02 -0.09
14 79.0 266.0 53.0 45.0 -0.05 -0.39 -0.04 -0.39 -0.19 -0.1
15 96.0 259.0 54.0 45.0 0.27 -0.66 -0.07 0.26 -0.12 0.04
16 104.0 356.0 55.0 42.0 0.32 -0.7 -0.07 0.76 -0.13 -0.2
17 138.0 426.0 55.0 40.0 0.21 -0.52 -0.04 0.25 -0.03 0.12
18 143.0 420.0 60.0 41.0 -0.0 -0.28 -0.02 -0.25 0.01 0.0
19 133.0 428.0 61.0 40.0 0.13 -0.62 -0.05 0.0 0.18 0.32
20 131.0 420.0 62.0 37.0 0.26 -0.87 -0.11 -0.97 -0.38 0.85
21 117.0 428.0 62.0 40.0 0.6 -1.0 -0.24 -1.41 -0.06 1.32
22 110.0 450.0 71.0 36.0 1.38 -2.15 -0.64 6.72 0.69 3.74
23 117.0 452.0 70.0 33.0 1.23 -2.14 -0.49 0.98 0.69 2.47
24 114.0 462.0 69.0 34.0 1.25 -1.6 -0.5 1.37 0.9 2.39
25 102.0 421.0 71.0 31.0 1.24 -1.21 -0.55 1.16 0.71 2.2
26 94.0 470.0 74.0 29.0 1.21 -0.87 -0.67 0.46 0.78 2.14
27 84.0 470.0 79.0 29.0 1.26 -0.94 -0.78 0.7 0.88 2.11
28 82.0 551.0 77.0 31.0 1.32 -1.0 -0.86 0.67 0.75 1.83
29 76.0 518.0 78.0 30.0 1.44 -1.09 -0.97 0.5 0.64 0.8
30 70.0 584.0 76.0 33.0 1.54 -1.1 -1.06 0.35 0.71 0.33
31 69.0 640.0 86.0 31.0 1.55 -1.05 -1.08 0.45 0.39 0.31
32 94.0 596.0 92.0 29.0 1.65 -0.93 -1.12 -0.2 0.4 0.49
33 98.0 606.0 93.0 34.0 1.58 -0.88 -1.08 -0.79 0.24 0.64
34 111.0 584.0 87.0 32.0 1.53 -0.88 -1.06 -0.8 0.15 0.55
35 125.0 647.0 86.0 34.0 1.45 -0.81 -1.04 -1.01 -0.27 0.03
36 124.0 721.0 93.0 45.0 1.38 -0.7 -0.92 -0.94 -0.43 -0.69
37 144.0 720.0 90.0 44.0 1.32 -0.64 -0.88 -0.78 -0.73 -0.74
38 145.0 757.0 103.0 47.0 1.26 -0.56 -0.74 -0.62 -1.11 -0.7
39 173.0 817.0 106.0 50.0 1.27 -0.54 -0.63 -0.81 -1.24 -0.48
40 236.0 835.0 107.0 56.0 1.3 -0.52 -0.58 -0.87 -1.39 -0.43
41 201.0 802.0 104.0 53.0 1.25 -0.48 -0.43 -1.1 -1.51 -0.68
42 183.0 753.0 106.0 58.0 1.23 -0.45 -0.33 -0.95 -1.4 -1.03
43 159.0 760.0 144.0 51.0 1.19 -0.41 -0.28 -0.65 -1.38 -1.3
44 154.0 761.0 168.0 45.0 1.07 -0.38 -0.21 -0.7 -1.4 -1.29
45 130.0 741.0 161.0 41.0 0.92 -0.33 -0.17 -0.75 -1.42 -1.11
46 158.0 807.0 157.0 44.0 0.83 -0.33 -0.13 -0.71 -1.41 -1.24
47 135.0 724.0 143.0 41.0 0.68 -0.29 -0.09 -0.78 -1.27 -1.65
48 165.0 736.0 139.0 41.0 0.5 -0.23 -0.03 -0.55 -1.11 -2.05
49 143.0 681.0 128.0 38.0 0.41 -0.2 -0.01 -0.42 -1.07 -1.97
50 177.0 664.0 141.0 37.0 0.29 -0.17 0.01 -0.32 -1.08 -1.58
51 154.0 664.0 131.0 37.0 0.18 -0.18 0.0 -0.31 -1.03 -1.34
52 148.0 625.0 124.0 39.0 0.12 -0.17 -0.0 -0.39 -0.89 -1.17
53 128.0 594.0 115.0 37.0 0.0 -0.13 -0.01 -0.51 -0.89 -1.09
54 109.0 576.0 112.0 36.0 -0.04 -0.13 -0.02 -0.39 -0.83 -0.96
55 155.0 559.0 102.0 38.0 -0.11 -0.1 -0.03 -0.48 -0.81 -0.96
56 159.0 580.0 122.0 39.0 -0.14 -0.08 -0.04 -0.38 -0.72 -1.01
57 131.0 516.0 121.0 36.0 -0.15 -0.05 -0.04 -0.44 -0.61 -0.59
58 133.0 590.0 113.0 38.0 -0.16 -0.02 -0.05 -0.42 -0.52 -0.35
59 154.0 560.0 110.0 39.0 -0.19 -0.0 -0.05 -0.42 -0.31 -0.2
60 125.0 499.0 102.0 35.0 -0.19 -0.02 -0.05 -0.44 -0.2 -0.3
61 107.0 567.0 99.0 38.0 -0.18 -0.03 -0.05 -0.38 -0.14 -0.31
62 118.0 524.0 97.0 38.0 -0.18 -0.0 -0.04 -0.17 -0.01 -0.08
63 106.0 455.0 100.0 35.0 -0.18 0.01 -0.05 -0.22 0.04 -0.08
64 102.0 466.0 102.0 34.0 -0.16 0.01 -0.05 -0.24 0.09 0.02
65 101.0 512.0 99.0 34.0 -0.16 0.03 -0.03 -0.23 0.13 0.23
66 92.0 484.0 106.0 34.0 -0.16 0.03 -0.03 -0.29 0.21 0.14
67 84.0 454.0 98.0 31.0 -0.1 -0.0 -0.03 -0.33 0.2 0.0
68 85.0 440.0 100.0 32.0 -0.06 -0.01 -0.02 -0.2 0.18 0.07
69 91.0 410.0 108.0 30.0 -0.05 -0.01 -0.01 -0.22 0.17 0.29
70 86.0 445.0 114.0 29.0 -0.01 -0.02 -0.02 -0.19 0.15 0.3
71 90.0 521.0 106.0 35.0 0.01 -0.01 -0.01 -0.36 0.08 0.2
72 81.0 515.0 102.0 33.0 0.03 -0.01 -0.0 -0.17 0.06 -0.1
73 72.0 543.0 109.0 34.0 0.07 -0.02 0.02 -0.17 0.02 -0.19
74 67.0 499.0 118.0 31.0 0.12 -0.04 0.04 -0.16 -0.01 0.04
75 69.0 461.0 121.0 35.0 0.13 -0.05 0.04 -0.21 -0.11 0.21
76 92.0 539.0 115.0 34.0 0.11 -0.02 0.04 -0.29 -0.11 0.17
77 93.0 524.0 105.0 38.0 0.09 -0.01 0.04 -0.23 -0.09 -0.12
78 90.0 499.0 106.0 35.0 0.09 -0.01 0.04 -0.11 -0.18 -0.52
79 122.0 498.0 102.0 32.0 0.1 -0.03 0.05 0.04 -0.27 -0.51
80 117.0 521.0 100.0 31.0 0.09 -0.05 0.05 -0.1 -0.4 -0.34
81 143.0 573.0 95.0 31.0 0.09 -0.07 0.04 -0.04 -0.33 -0.35
82 138.0 516.0 94.0 36.0 0.06 -0.04 0.03 -0.01 -0.3 -0.44
83 136.0 479.0 104.0 36.0 0.03 -0.01 0.01 -0.02 -0.27 -0.55
84 114.0 508.0 103.0 35.0 0.01 -0.0 -0.0 0.0 -0.27 -0.58
85 98.0 554.0 113.0 32.0 -0.01 -0.02 -0.02 -0.01 -0.24 -0.63
86 88.0 513.0 109.0 34.0 -0.04 -0.01 -0.03 -0.02 -0.3 -0.42
87 116.0 489.0 110.0 35.0 -0.05 0.0 -0.03 -0.25 -0.25 -0.21
88 111.0 489.0 111.0 32.0 -0.08 0.02 -0.04 -0.32 -0.22 -0.25
89 160.0 474.0 108.0 32.0 -0.09 -0.01 -0.03 -0.31 -0.18 -0.15
90 144.0 538.0 100.0 33.0 -0.09 -0.02 -0.01 -0.34 -0.12 -0.17
91 121.0 495.0 105.0 31.0 -0.1 -0.03 0.01 -0.3 -0.13 -0.2
92 125.0 530.0 105.0 31.0 -0.09 -0.02 0.03 -0.13 -0.07 -0.24
93 147.0 545.0 107.0 29.0 -0.09 -0.02 0.04 -0.09 -0.08 -0.14
94 127.0 493.0 105.0 28.0 -0.07 -0.04 0.04 -0.09 -0.07 -0.1
95 119.0 492.0 111.0 32.0 -0.05 -0.04 0.03 -0.09 -0.05 -0.08
96 103.0 451.0 125.0 43.0 -0.04 -0.02 0.03 -0.15 -0.01 -0.07
97 85.0 421.0 129.0 41.0 -0.04 0.03 0.01 -0.14 -0.01 -0.09
98 89.0 459.0 122.0 39.0 -0.04 0.07 0.0 -0.05 -0.06 -0.38
99 76.0 468.0 115.0 35.0 -0.04 0.1 0.01 -0.24 -0.13 -0.32
100 85.0 425.0 105.0 33.0 -0.04 0.11 0.03 -0.31 -0.18 -0.29
101 73.0 392.0 98.0 33.0 -0.03 0.11 0.07 -0.51 -0.37 -0.42
102 66.0 324.0 92.0 31.0 -0.03 0.11 0.1 -0.74 -0.58 -0.54
103 55.0 300.0 89.0 31.0 -0.04 0.12 0.16 -0.88 -0.76 -0.77
104 52.0 260.0 90.0 33.0 -0.08 0.2 0.28 -1.14 -1.0 -0.95
105 49.0 218.0 96.0 31.0 -0.1 0.25 0.35 -1.55 -1.21 -1.18
106 57.0 195.0 92.0 29.0 -0.22 0.37 0.55 -1.7 -1.31 -1.31
107 54.0 186.0 97.0 29.0 -0.4 0.52 0.78 -1.96 -1.43 -1.53
108 67.0 192.0 99.0 27.0 -0.5 0.6 0.91 -1.85 -1.54 -2.05
109 71.0 189.0 97.0 31.0 -0.8 0.78 1.14 -1.74 -1.47 -2.37
110 110.0 177.0 93.0 30.0 -1.09 1.14 1.37 -0.92 -1.19 -2.66
111 106.0 174.0 99.0 28.0 -1.21 1.34 1.46 -0.33 -0.92 -2.53
112 99.0 156.0 103.0 27.0 -1.4 1.57 1.55 -0.01 -0.8 -1.81
113 130.0 143.0 100.0 29.0 -1.41 1.64 1.46 -0.19 -0.39 -2.06
114 124.0 131.0 98.0 31.0 -1.47 1.64 1.41 -0.81 -0.3 -1.83
115 132.0 121.0 97.0 30.0 -1.74 1.55 1.33 -0.44 -0.4 -1.62
116 122.0 120.0 106.0 28.0 -1.98 1.35 1.16 0.2 -0.55 -1.06
117 108.0 119.0 105.0 43.0 -2.08 1.17 1.08 -0.41 -1.09 -0.9
118 98.0 114.0 98.0 41.0 -2.35 0.77 0.99 -0.77 -1.18 -0.8
119 93.0 105.0 102.0 38.0 -2.33 0.47 0.97 -0.25 -1.16 1.12
120 93.0 99.0 99.0 36.0 -2.23 0.36 0.88 0.86 -1.24 1.63
121 91.0 96.0 93.0 36.0 -2.09 0.48 0.7 -1.23 -0.61 1.7
122 96.0 92.0 90.0 33.0 -1.99 0.44 0.66 0.28 -0.4 1.96
123 94.0 90.0 109.0 31.0 -1.93 0.45 0.66 0.42 -0.18 1.85
124 84.0 90.0 126.0 31.0 -1.84 1.03 0.64 0.5 -0.06 1.77
125 76.0 91.0 131.0 30.0 -1.78 1.12 0.66 -0.04 0.16 1.43
126 66.0 95.0 118.0 29.0 -1.8 1.06 0.65 0.3 0.33 0.9
127 57.0 96.0 110.0 28.0 -1.74 0.96 0.68 0.33 0.42 0.12
128 49.0 98.0 104.0 27.0 -1.63 0.83 0.69 0.44 1.01 -4.63
129 47.0 102.0 123.0 26.0 -1.68 0.62 0.71 1.53 -6.58 9.19
130 48.0 106.0 113.0 28.0 0.15 -0.35 0.23 3.86 -3.78 13.55
131 50.0 111.0 106.0 27.0 0.43 2.43 0.28 -2.25 -0.51 1.55
132 44.0 114.0 98.0 26.0 0.15 2.05 0.01 -0.43 0.58 -0.26
133 38.0 117.0 88.0 25.0 0.3 0.38 -0.26 -0.57 1.38 -1.21
134 34.0 120.0 87.0 25.0 0.13 0.65 -0.22 -1.61 0.97 -1.44
135 30.0 124.0 95.0 25.0 0.15 0.67 -0.16 -0.54 0.04 0.81
136 27.0 124.0 99.0 24.0 0.21 0.28 -0.03 0.1 0.07 1.43
137 25.0 126.0 90.0 24.0 0.21 0.32 -0.02 0.22 0.15 0.6
138 25.0 128.0 79.0 24.0 0.19 0.37 -0.05 -0.22 -0.11 -0.66
139 25.0 130.0 80.0 24.0 0.22 0.52 -0.06 -0.22 -0.18 -0.57
140 22.0 131.0 83.0 23.0 0.31 0.56 -0.08 -0.27 -0.17 -0.15
141 22.0 131.0 87.0 22.0 0.29 0.5 -0.09 -0.48 -0.15 -0.01
142 19.0 131.0 91.0 23.0 0.23 0.33 -0.1 -0.44 -0.06 0.06
143 21.0 132.0 95.0 23.0 0.21 0.24 -0.1 -0.44 -0.05 -0.04
