1 18.0 101.0 98.0 24.0 -0.09 -0.06 0.02 -0.06 -0.01 -0.15
2 19.0 100.0 91.0 24.0 -0.1 -0.08 0.03 -0.04 0.0 -0.1
3 19.0 102.0 86.0 24.0 -0.11 -0.09 0.03 -0.04 -0.06 -0.17
4 21.0 102.0 90.0 25.0 -0.12 -0.11 0.03 -0.05 -0.05 -0.19
5 24.0 102.0 90.0 24.0 -0.13 -0.09 0.03 -0.09 -0.08 -0.21
6 20.0 101.0 92.0 26.0 -0.13 -0.09 0.03 -0.1 -0.09 -0.2
7 19.0 101.0 89.0 26.0 -0.11 -0.07 0.02 -0.19 -0.06 -0.28
8 21.0 100.0 84.0 24.0 -0.1 -0.07 0.02 -0.19 -0.02 -0.22
9 23.0 98.0 76.0 24.0 -0.1 -0.07 0.02 -0.13 0.0 -0.19
10 38.0 105.0 71.0 23.0 -0.1 -0.09 0.02 -0.05 0.01 -0.12
11 61.0 126.0 68.0 27.0 -0.1 -0.09 0.01 -0.09 0.0 -0.18
12 92.0 198.0 64.0 44.0 -0.1 -0.09 0.01 -0.05 0.01 -0.07
13 131.0 241.0 63.0 55.0 -0.08 -0.1 -0.02 -0.37 -0.04 -0.05
14 126.0 263.0 65.0 54.0 -0.01 -0.15 -0.07 -0.57 0.0 -0.13
15 166.0 325.0 62.0 52.0 0.04 -0.24 -0.08 0.0 -0.02 0.15
16 176.0 404.0 61.0 58.0 0.06 -0.55 -0.08 0.82 -0.15 0.66
17 215.0 397.0 60.0 50.0 0.09 -0.88 -0.18 -0.2 -1.21 2.19
18 214.0 440.0 60.0 44.0 0.22 -1.14 -0.34 1.66 -0.4 2.13
19 203.0 402.0 62.0 43.0 0.55 -1.24 -0.65 -0.66 -0.07 1.63
20 209.0 429.0 61.0 39.0 1.27 -1.41 -1.14 2.33 0.67 1.76
21 192.0 463.0 76.0 39.0 1.28 -1.43 -1.26 1.24 0.25 2.15
22 172.0 514.0 88.0 36.0 1.63 -0.93 -1.37 1.0 0.66 2.53
23 160.0 501.0 90.0 36.0 1.94 -0.8 -1.32 0.04 0.27 3.29
24 151.0 504.0 86.0 37.0 2.02 -0.74 -1.23 -0.44 0.57 3.2
25 159.0 482.0 86.0 34.0 1.95 -0.83 -1.06 -0.92 0.56 2.17
26 155.0 525.0 86.0 33.0 1.94 -1.11 -0.96 -0.76 0.71 0.36
27 127.0 557.0 94.0 35.0 1.9 -1.25 -0.91 -0.49 0.58 0.21
28 158.0 665.0 95.0 38.0 1.82 -1.35 -0.8 -0.32 0.08 -0.03
29 153.0 792.0 101.0 46.0 1.82 -1.36 -0.75 -0.29 -0.18 0.41
30 150.0 854.0 104.0 53.0 1.79 -1.31 -0.72 -0.61 -0.08 0.27
31 148.0 895.0 113.0 54.0 1.77 -1.36 -0.73 -0.11 -0.12 -0.1
32 133.0 836.0 117.0 52.0 1.7 -1.42 -0.78 0.15 -0.23 0.07
33 152.0 863.0 120.0 52.0 1.62 -1.43 -0.84 0.39 -0.42 0.43
34 151.0 822.0 123.0 59.0 1.51 -1.28 -0.94 -0.03 -0.73 0.46
35 159.0 802.0 144.0 58.0 1.59 -1.21 -1.03 -0.26 -0.52 -0.44
36 150.0 760.0 147.0 59.0 1.73 -0.96 -1.1 -0.37 -0.69 -0.55
37 196.0 680.0 137.0 52.0 1.68 -0.8 -1.1 -0.13 -0.86 -0.95
38 237.0 805.0 175.0 51.0 1.65 -0.7 -1.09 -0.56 -0.91 -1.42
39 259.0 805.0 151.0 55.0 1.49 -0.53 -0.93 -0.51 -0.97 -1.4
40 235.0 840.0 159.0 61.0 1.38 -0.51 -0.8 -1.17 -0.95 -1.49
41 207.0 875.0 154.0 55.0 1.31 -0.52 -0.72 -1.24 -1.03 -1.77
42 219.0 922.0 156.0 53.0 1.18 -0.57 -0.58 -1.22 -1.04 -1.73
43 221.0 916.0 151.0 50.0 0.99 -0.55 -0.42 -1.04 -1.15 -1.73
44 208.0 873.0 155.0 52.0 0.91 -0.56 -0.39 -0.86 -1.14 -1.89
45 191.0 851.0 163.0 46.0 0.73 -0.54 -0.31 -1.01 -1.05 -1.91
46 183.0 835.0 155.0 50.0 0.47 -0.44 -0.22 -0.88 -1.1 -1.94
47 209.0 779.0 146.0 49.0 0.38 -0.38 -0.19 -0.92 -0.99 -1.99
48 183.0 713.0 151.0 44.0 0.29 -0.32 -0.16 -0.98 -0.98 -2.03
49 169.0 796.0 142.0 41.0 0.08 -0.17 -0.11 -0.91 -0.9 -1.62
50 208.0 811.0 152.0 40.0 0.08 -0.17 -0.11 -0.64 -0.87 -1.34
51 203.0 750.0 135.0 39.0 -0.07 -0.14 -0.06 -0.7 -0.84 -1.39
52 174.0 762.0 158.0 50.0 -0.14 -0.11 -0.03 -0.7 -0.72 -1.02
53 155.0 863.0 156.0 53.0 -0.14 -0.11 -0.03 -0.42 -0.63 -0.75
54 141.0 776.0 147.0 45.0 -0.22 -0.02 -0.03 -0.37 -0.5 -0.49
55 136.0 868.0 143.0 51.0 -0.25 0.01 -0.03 -0.54 -0.4 -0.27
56 164.0 898.0 141.0 53.0 -0.25 0.02 -0.02 -0.55 -0.16 -0.1
57 197.0 919.0 136.0 61.0 -0.26 0.06 -0.03 -0.58 -0.1 -0.16
58 176.0 887.0 160.0 67.0 -0.23 0.02 -0.03 -0.44 -0.01 -0.22
59 152.0 863.0 163.0 69.0 -0.21 0.01 -0.02 -0.39 0.08 -0.16
60 133.0 828.0 150.0 58.0 -0.19 0.03 0.01 -0.47 0.02 -0.04
61 116.0 760.0 159.0 56.0 -0.18 0.03 0.05 -0.41 0.0 0.25
62 128.0 731.0 157.0 56.0 -0.15 0.08 0.09 -0.42 -0.02 0.24
63 152.0 682.0 148.0 49.0 -0.14 0.1 0.11 -0.28 -0.05 0.16
64 146.0 646.0 143.0 44.0 -0.1 0.06 0.13 -0.17 -0.02 -0.17
65 184.0 616.0 152.0 42.0 -0.07 0.05 0.14 -0.08 0.02 -0.02
66 152.0 592.0 138.0 38.0 -0.07 0.06 0.14 -0.13 0.04 0.0
67 158.0 593.0 140.0 35.0 -0.08 0.07 0.14 -0.13 0.01 -0.23
68 153.0 560.0 138.0 40.0 -0.08 0.07 0.14 -0.03 0.06 -0.36
69 140.0 544.0 144.0 36.0 -0.08 0.06 0.13 -0.06 0.07 -0.33
70 129.0 502.0 141.0 34.0 -0.08 0.02 0.12 -0.02 -0.03 -0.1
71 156.0 506.0 138.0 33.0 -0.08 0.0 0.11 0.04 -0.02 -0.11
72 133.0 542.0 138.0 36.0 -0.1 -0.02 0.1 0.06 -0.02 -0.06
73 141.0 629.0 147.0 37.0 -0.11 -0.03 0.08 0.04 -0.08 -0.22
74 146.0 626.0 159.0 42.0 -0.11 -0.04 0.07 0.08 -0.16 -0.22
75 142.0 654.0 158.0 42.0 -0.09 -0.01 0.05 -0.03 -0.14 -0.14
76 154.0 642.0 167.0 39.0 -0.09 0.02 0.03 -0.08 -0.17 -0.07
77 155.0 623.0 171.0 38.0 -0.09 0.04 0.03 -0.12 -0.22 -0.38
78 148.0 641.0 177.0 34.0 -0.08 0.04 0.03 -0.13 -0.27 -0.3
79 130.0 624.0 173.0 34.0 -0.05 0.03 0.03 -0.2 -0.26 -0.02
80 112.0 618.0 156.0 34.0 -0.05 0.03 0.03 -0.28 -0.19 -0.1
81 121.0 564.0 153.0 35.0 -0.05 0.01 0.03 -0.17 -0.15 -0.2
82 109.0 511.0 152.0 33.0 -0.04 0.03 0.04 -0.12 -0.17 -0.36
83 108.0 523.0 156.0 35.0 -0.03 0.02 0.04 -0.09 -0.17 -0.4
84 113.0 543.0 147.0 33.0 -0.04 0.02 0.05 -0.14 -0.12 -0.39
85 111.0 501.0 148.0 31.0 -0.05 0.03 0.06 -0.27 -0.08 -0.26
86 110.0 518.0 136.0 29.0 -0.06 0.02 0.07 -0.18 -0.2 -0.4
87 99.0 508.0 135.0 29.0 -0.06 0.01 0.08 -0.21 -0.18 -0.39
88 90.0 512.0 133.0 28.0 -0.07 -0.01 0.09 -0.3 -0.13 -0.47
89 96.0 536.0 140.0 29.0 -0.08 -0.01 0.1 -0.3 -0.02 -0.46
90 85.0 574.0 142.0 30.0 -0.11 -0.02 0.14 -0.34 0.02 -0.46
91 83.0 553.0 141.0 29.0 -0.13 -0.04 0.15 -0.33 -0.14 -0.25
92 87.0 495.0 136.0 29.0 -0.13 -0.05 0.17 -0.23 -0.07 -0.19
93 97.0 593.0 137.0 31.0 -0.14 -0.04 0.19 -0.21 -0.07 -0.15
94 107.0 593.0 124.0 31.0 -0.13 -0.02 0.19 -0.04 -0.04 0.0
95 89.0 582.0 120.0 29.0 -0.11 -0.01 0.18 -0.03 -0.07 0.01
96 119.0 619.0 131.0 29.0 -0.08 -0.01 0.13 0.03 -0.06 0.02
97 105.0 559.0 125.0 31.0 -0.05 0.03 0.09 0.03 -0.03 0.06
98 95.0 530.0 121.0 29.0 -0.04 0.03 0.07 -0.01 -0.02 -0.15
99 102.0 496.0 113.0 28.0 -0.01 0.03 0.05 -0.02 -0.03 -0.11
100 92.0 492.0 109.0 28.0 0.0 0.04 0.05 -0.1 -0.1 0.01
101 87.0 436.0 100.0 27.0 0.01 0.06 0.05 -0.14 -0.14 -0.18
102 80.0 410.0 94.0 27.0 0.02 0.08 0.05 -0.13 -0.15 -0.28
103 88.0 355.0 89.0 27.0 0.01 0.11 0.05 -0.1 -0.28 -0.4
104 84.0 322.0 84.0 27.0 0.0 0.14 0.05 -0.13 -0.38 -0.54
105 73.0 271.0 80.0 26.0 -0.01 0.21 0.08 -0.32 -0.66 -0.66
106 72.0 242.0 76.0 29.0 -0.04 0.25 0.14 -0.45 -0.87 -0.69
107 82.0 253.0 70.0 28.0 -0.07 0.26 0.19 -0.79 -1.09 -1.0
108 78.0 222.0 65.0 27.0 -0.15 0.33 0.3 -0.96 -1.16 -1.16
109 79.0 195.0 62.0 27.0 -0.29 0.48 0.41 -1.44 -1.21 -1.7
110 81.0 176.0 62.0 26.0 -0.38 0.53 0.49 -1.29 -1.11 -1.92
111 97.0 159.0 59.0 25.0 -0.64 0.65 0.69 -1.1 -1.03 -1.98
112 136.0 149.0 57.0 24.0 -0.88 0.78 0.84 -1.14 -0.88 -1.9
113 124.0 140.0 56.0 25.0 -0.97 0.85 0.86 -0.99 -0.62 -1.92
114 139.0 133.0 56.0 24.0 -1.14 1.1 0.92 -1.12 -0.49 -1.65
115 135.0 122.0 59.0 24.0 -1.29 1.39 0.95 -1.15 -0.26 -1.38
116 127.0 117.0 59.0 24.0 -1.39 1.52 0.96 -1.35 -0.1 -1.44
117 128.0 116.0 65.0 24.0 -1.64 1.73 0.97 -1.09 0.02 -1.52
118 131.0 116.0 68.0 24.0 -1.92 1.78 1.01 -0.86 0.0 -1.63
119 132.0 117.0 69.0 24.0 -2.01 1.74 0.99 -0.64 -0.38 -1.61
120 111.0 114.0 69.0 26.0 -2.04 1.35 0.94 -1.61 -0.44 -1.54
121 99.0 109.0 73.0 23.0 -2.07 1.05 0.96 0.09 -0.45 -1.68
122 83.0 105.0 72.0 23.0 -2.16 1.13 1.03 -0.26 -0.86 -1.68
123 108.0 99.0 69.0 34.0 -2.1 0.97 1.1 -0.16 -0.8 -1.41
124 100.0 95.0 69.0 32.0 -2.02 0.66 1.07 -0.21 -0.71 0.04
125 103.0 93.0 70.0 29.0 -1.96 0.65 1.04 0.51 -0.39 1.18
126 96.0 146.0 70.0 28.0 -1.94 0.93 0.85 0.88 -0.52 1.15
127 83.0 190.0 71.0 27.0 -1.86 1.05 0.8 0.62 -0.46 0.94
128 74.0 276.0 66.0 44.0 -1.81 1.12 0.67 0.62 -0.05 -0.25
129 104.0 236.0 66.0 52.0 -1.75 1.14 0.51 0.52 -0.28 -0.74
130 96.0 213.0 66.0 46.0 -1.65 0.74 0.43 0.12 -0.68 -0.36
131 86.0 190.0 72.0 41.0 -1.59 0.52 0.41 0.37 -0.52 0.5
132 74.0 174.0 76.0 37.0 -1.42 0.26 0.33 0.78 -0.14 0.22
133 63.0 164.0 85.0 34.0 -0.88 -0.42 0.08 1.7 -3.65 6.25
134 54.0 154.0 93.0 32.0 0.19 -0.0 0.11 8.35 0.63 13.11
135 46.0 145.0 93.0 30.0 0.38 2.68 -0.09 -3.24 -0.44 3.76
136 41.0 141.0 84.0 29.0 0.61 0.87 -0.39 -1.73 0.48 0.71
137 39.0 137.0 76.0 27.0 0.51 0.39 -0.42 -1.69 0.9 -1.54
138 39.0 134.0 72.0 26.0 0.08 0.34 -0.36 -1.51 0.73 -1.43
139 35.0 131.0 70.0 26.0 0.17 0.38 -0.12 -1.09 -0.19 0.13
140 62.0 129.0 73.0 25.0 0.23 0.17 -0.01 0.83 -0.22 1.01
141 51.0 126.0 78.0 24.0 0.22 -0.03 0.08 1.11 0.05 0.34
142 44.0 123.0 78.0 24.0 0.12 0.27 0.05 0.62 -0.08 -0.57
143 38.0 123.0 75.0 24.0 0.11 0.44 0.04 0.01 -0.11 -0.38
144 34.0 123.0 76.0 24.0 0.07 0.51 0.03 -0.37 -0.01 -0.02
