1 16.0 96.0 69.0 23.0 -0.03 -0.01 -0.03 -0.11 -0.04 -0.15
2 16.0 94.0 71.0 23.0 -0.04 -0.04 -0.02 -0.12 -0.03 -0.19
3 16.0 92.0 68.0 23.0 -0.04 -0.05 -0.02 -0.12 0.0 -0.16
4 15.0 92.0 66.0 23.0 -0.03 -0.04 -0.02 -0.1 0.0 -0.19
5 15.0 90.0 63.0 23.0 -0.03 -0.03 -0.02 -0.06 -0.01 -0.19
6 15.0 90.0 67.0 23.0 -0.03 -0.03 -0.02 -0.02 -0.01 -0.14
7 16.0 90.0 65.0 23.0 -0.04 -0.03 -0.02 -0.02 -0.02 -0.13
8 15.0 88.0 63.0 23.0 -0.05 -0.04 -0.01 -0.02 0.01 -0.16
9 15.0 88.0 61.0 23.0 -0.07 -0.06 -0.0 -0.07 0.01 -0.15
10 23.0 105.0 58.0 26.0 -0.08 -0.07 0.0 -0.07 -0.01 -0.13
11 43.0 134.0 57.0 25.0 -0.1 -0.09 0.01 0.02 -0.02 -0.11
12 90.0 165.0 56.0 25.0 -0.12 -0.11 0.02 0.07 -0.07 -0.1
13 102.0 229.0 57.0 26.0 -0.11 -0.14 0.01 0.0 -0.04 -0.12
14 112.0 255.0 57.0 26.0 -0.04 -0.2 -0.03 -0.72 -0.19 -0.35
15 103.0 279.0 57.0 27.0 0.1 -0.44 -0.07 -0.48 -0.16 -0.17
16 108.0 302.0 57.0 35.0 0.15 -0.64 -0.08 0.01 0.01 0.11
17 98.0 369.0 59.0 43.0 0.17 -0.88 -0.06 0.84 0.02 0.4
18 116.0 415.0 59.0 39.0 0.09 -0.77 -0.03 1.3 0.42 0.45
19 140.0 417.0 59.0 71.0 0.1 -0.43 -0.03 1.5 0.02 -1.37
20 128.0 405.0 57.0 60.0 0.26 -0.35 0.0 -0.58 -0.19 -0.02
21 113.0 468.0 61.0 55.0 0.65 -0.11 -0.07 -2.64 0.49 0.66
22 97.0 445.0 63.0 48.0 1.38 -0.86 -0.42 0.7 1.07 3.15
23 111.0 593.0 64.0 45.0 1.41 -1.28 -0.41 0.76 0.15 3.91
24 112.0 544.0 64.0 43.0 1.7 -1.37 -0.5 0.74 0.73 3.88
25 119.0 520.0 72.0 38.0 1.8 -1.1 -0.55 0.87 1.15 2.87
26 100.0 513.0 85.0 35.0 1.86 -0.3 -0.62 0.51 1.17 2.59
27 90.0 596.0 86.0 32.0 1.89 0.13 -0.67 0.15 0.97 2.72
28 88.0 634.0 82.0 31.0 1.98 0.12 -0.68 0.17 0.93 2.74
29 93.0 636.0 81.0 29.0 1.98 -0.27 -0.67 0.04 0.71 2.68
30 82.0 613.0 77.0 29.0 1.88 -0.93 -0.66 -0.04 0.54 1.35
31 81.0 596.0 79.0 29.0 1.88 -1.22 -0.68 -0.11 0.5 1.05
32 85.0 612.0 85.0 29.0 1.85 -1.53 -0.7 -0.34 0.3 0.4
33 87.0 591.0 83.0 30.0 1.83 -1.5 -0.71 -0.71 -0.14 -0.01
34 90.0 620.0 92.0 35.0 1.8 -1.39 -0.71 -0.56 -0.28 -0.22
35 104.0 670.0 89.0 36.0 1.82 -1.37 -0.71 -1.07 -0.61 -0.59
36 133.0 674.0 87.0 42.0 1.68 -1.64 -0.68 -0.74 -0.83 -0.9
37 148.0 759.0 91.0 49.0 1.62 -1.73 -0.67 -0.61 -0.93 -0.95
38 167.0 714.0 100.0 52.0 1.55 -1.73 -0.65 -0.92 -1.1 -1.02
39 177.0 782.0 122.0 50.0 1.54 -1.63 -0.67 -0.87 -1.12 -1.45
40 278.0 681.0 133.0 50.0 1.46 -1.51 -0.65 -0.9 -1.09 -1.32
41 265.0 691.0 132.0 49.0 1.37 -1.34 -0.62 -0.33 -1.32 -0.74
42 229.0 689.0 148.0 54.0 1.23 -1.18 -0.57 -0.2 -1.52 -0.72
43 216.0 764.0 157.0 70.0 1.23 -1.11 -0.59 -0.15 -1.45 -0.94
44 212.0 826.0 157.0 63.0 1.14 -0.98 -0.55 -0.53 -1.16 -1.71
45 232.0 785.0 160.0 63.0 1.04 -0.91 -0.51 -0.33 -1.21 -1.69
46 219.0 752.0 160.0 53.0 0.84 -0.74 -0.45 -0.6 -1.19 -1.52
47 256.0 769.0 154.0 52.0 0.69 -0.67 -0.39 -0.55 -1.26 -1.15
48 228.0 743.0 152.0 52.0 0.62 -0.63 -0.36 -0.76 -1.18 -1.36
49 241.0 672.0 161.0 56.0 0.48 -0.55 -0.3 -0.79 -1.11 -1.62
50 263.0 597.0 167.0 53.0 0.38 -0.47 -0.24 -0.71 -0.96 -1.89
51 254.0 699.0 159.0 49.0 0.21 -0.46 -0.15 -0.44 -1.09 -1.35
52 267.0 691.0 163.0 45.0 0.11 -0.41 -0.11 -0.61 -1.04 -0.95
53 261.0 798.0 156.0 48.0 -0.06 -0.32 -0.09 -0.99 -0.95 -1.18
54 238.0 751.0 155.0 50.0 -0.12 -0.29 -0.08 -0.77 -0.88 -1.73
55 194.0 697.0 156.0 48.0 -0.15 -0.27 -0.04 -0.54 -0.85 -1.57
56 190.0 677.0 175.0 47.0 -0.21 -0.19 -0.01 -0.43 -0.85 -0.93
57 170.0 647.0 154.0 44.0 -0.25 -0.14 0.0 -0.82 -0.75 -0.51
58 240.0 661.0 143.0 50.0 -0.31 -0.06 0.03 -0.91 -0.61 -0.57
59 201.0 629.0 133.0 48.0 -0.36 -0.02 0.07 -0.46 -0.48 -0.83
60 169.0 592.0 132.0 53.0 -0.37 0.0 0.08 -0.3 -0.34 -0.68
61 173.0 559.0 136.0 51.0 -0.35 -0.01 0.08 -0.14 -0.31 -0.64
62 182.0 650.0 140.0 47.0 -0.35 0.06 0.08 -0.22 -0.2 -0.39
63 159.0 574.0 131.0 44.0 -0.33 0.1 0.07 -0.25 -0.14 -0.17
64 194.0 562.0 120.0 45.0 -0.3 0.11 0.07 -0.34 -0.07 -0.18
65 208.0 556.0 125.0 45.0 -0.21 0.04 0.04 -0.24 0.0 -0.12
66 172.0 547.0 117.0 43.0 -0.17 0.06 0.05 -0.26 0.1 0.15
67 181.0 510.0 117.0 41.0 -0.16 0.07 0.06 -0.23 0.14 0.23
68 174.0 529.0 114.0 41.0 -0.16 0.14 0.06 -0.4 0.17 0.09
69 153.0 537.0 110.0 42.0 -0.15 0.14 0.07 -0.38 0.19 -0.06
70 133.0 541.0 114.0 42.0 -0.12 0.1 0.09 -0.35 0.15 -0.14
71 153.0 493.0 121.0 41.0 -0.08 0.07 0.11 -0.19 0.09 -0.22
72 166.0 490.0 122.0 44.0 -0.05 0.02 0.12 -0.01 0.07 -0.08
73 187.0 498.0 125.0 45.0 -0.03 0.01 0.12 0.09 0.11 0.08
74 173.0 543.0 132.0 45.0 0.0 0.05 0.09 0.1 0.06 0.15
75 154.0 549.0 123.0 43.0 0.01 0.06 0.07 0.08 0.04 0.11
76 148.0 558.0 125.0 44.0 0.03 0.06 0.05 0.08 -0.03 -0.09
77 144.0 592.0 116.0 42.0 0.07 0.03 0.02 0.04 -0.06 -0.05
78 188.0 648.0 132.0 43.0 0.09 0.0 0.01 -0.13 0.02 -0.11
79 166.0 569.0 131.0 45.0 0.15 -0.02 -0.02 -0.17 0.02 -0.12
80 153.0 565.0 128.0 45.0 0.17 -0.02 -0.01 -0.07 0.04 0.07
81 149.0 564.0 135.0 45.0 0.16 -0.01 0.0 -0.05 -0.05 0.01
82 178.0 578.0 124.0 44.0 0.13 -0.03 0.03 -0.04 -0.07 0.0
83 152.0 594.0 128.0 46.0 0.13 -0.05 0.05 0.01 -0.16 -0.16
84 185.0 667.0 141.0 44.0 0.13 -0.04 0.06 -0.09 -0.16 -0.14
85 204.0 714.0 141.0 44.0 0.12 -0.04 0.06 0.01 -0.05 -0.28
86 168.0 685.0 141.0 41.0 0.09 -0.03 0.06 0.0 -0.07 -0.47
87 161.0 721.0 142.0 40.0 0.08 -0.03 0.05 -0.03 -0.09 -0.51
88 181.0 669.0 141.0 41.0 0.04 -0.04 0.04 0.01 -0.14 -0.5
89 190.0 622.0 138.0 39.0 0.02 -0.02 0.03 0.0 -0.14 -0.53
90 163.0 597.0 127.0 38.0 0.01 -0.01 0.02 -0.05 -0.19 -0.41
91 188.0 538.0 125.0 37.0 0.01 -0.02 0.0 -0.08 -0.17 -0.31
92 163.0 504.0 121.0 37.0 -0.02 0.0 -0.01 -0.28 -0.25 -0.43
93 139.0 490.0 139.0 38.0 -0.03 0.0 -0.01 -0.22 -0.21 -0.48
94 126.0 457.0 143.0 48.0 -0.04 0.02 -0.0 -0.2 -0.17 -0.55
95 142.0 433.0 138.0 48.0 -0.05 0.05 0.01 -0.36 -0.13 -0.44
96 142.0 429.0 128.0 64.0 -0.06 0.05 0.01 -0.35 -0.13 -0.32
97 122.0 420.0 120.0 56.0 -0.06 0.07 0.03 -0.32 -0.1 -0.37
98 106.0 437.0 118.0 52.0 -0.05 0.15 0.06 -0.2 -0.18 -0.55
99 116.0 488.0 114.0 46.0 -0.03 0.18 0.09 -0.41 -0.2 -0.12
100 109.0 464.0 106.0 51.0 0.01 0.2 0.11 -0.43 -0.2 -0.01
101 94.0 456.0 100.0 46.0 0.05 0.24 0.12 -0.29 -0.24 -0.13
102 87.0 444.0 102.0 51.0 0.07 0.31 0.12 -0.14 -0.25 -0.45
103 84.0 379.0 100.0 44.0 0.08 0.54 0.14 -0.15 -0.3 -0.53
104 76.0 343.0 94.0 41.0 0.08 0.8 0.16 -0.68 -0.53 -0.58
105 74.0 306.0 91.0 37.0 0.04 0.86 0.17 -0.85 -0.64 -0.63
106 69.0 261.0 84.0 40.0 -0.06 0.74 0.19 -0.62 -0.94 -1.17
107 83.0 231.0 79.0 43.0 -0.11 0.68 0.28 -0.7 -1.12 -1.48
108 72.0 221.0 74.0 39.0 -0.17 0.72 0.33 -0.93 -1.44 -1.94
109 73.0 194.0 74.0 37.0 -0.33 1.0 0.47 -1.18 -1.51 -2.18
110 67.0 177.0 69.0 35.0 -0.56 1.09 0.6 -1.33 -1.67 -2.12
111 59.0 163.0 71.0 34.0 -0.67 1.04 0.67 -0.88 -1.74 -1.91
112 59.0 169.0 68.0 32.0 -0.92 0.92 0.79 -0.69 -1.57 -1.62
113 65.0 221.0 67.0 31.0 -1.16 1.04 0.87 -0.37 -1.39 -1.81
114 64.0 203.0 66.0 35.0 -1.26 1.15 0.89 -0.56 -0.94 -2.28
115 66.0 184.0 63.0 34.0 -1.53 1.43 0.9 -0.79 -0.88 -2.63
116 58.0 165.0 63.0 32.0 -1.86 1.53 0.85 -0.7 -0.83 -2.06
117 55.0 150.0 62.0 31.0 -2.04 1.45 0.82 -0.65 -0.84 -0.72
118 64.0 145.0 63.0 31.0 -2.26 1.1 0.73 -0.53 -0.6 -0.54
119 65.0 140.0 61.0 33.0 -2.37 0.85 0.65 -0.37 -0.21 -0.29
120 78.0 208.0 60.0 33.0 -2.43 0.86 0.63 -0.75 -0.16 -0.28
121 82.0 200.0 60.0 39.0 -2.55 0.9 0.61 -0.58 0.01 -0.25
122 72.0 182.0 59.0 40.0 -2.33 0.97 0.57 -1.3 -0.42 -0.5
123 70.0 190.0 62.0 36.0 -2.25 0.87 0.55 -0.15 -0.42 0.0
124 63.0 175.0 61.0 33.0 -2.26 0.59 0.68 -0.21 -0.39 0.57
125 63.0 157.0 59.0 33.0 -2.26 0.27 0.73 -1.27 -0.3 1.43
126 70.0 151.0 59.0 34.0 -2.17 -0.04 0.88 0.81 0.02 2.05
127 66.0 136.0 58.0 36.0 -1.92 -0.18 0.71 0.54 0.03 2.53
128 79.0 128.0 56.0 34.0 -1.83 0.33 0.63 0.63 0.33 2.3
129 70.0 138.0 55.0 31.0 -1.85 0.64 0.61 0.48 0.28 0.86
130 62.0 123.0 54.0 29.0 -1.7 1.08 0.58 0.13 0.36 0.36
131 60.0 115.0 54.0 29.0 -1.51 1.19 0.51 -0.59 0.3 -1.77
132 51.0 108.0 54.0 28.0 -1.42 1.19 0.51 0.03 0.09 -2.57
133 44.0 102.0 56.0 27.0 -0.92 0.21 0.21 0.57 -0.64 0.82
134 41.0 99.0 59.0 26.0 0.19 0.21 0.01 4.46 -0.73 7.93
135 72.0 95.0 65.0 27.0 0.54 1.18 0.07 5.15 -0.11 7.01
136 61.0 93.0 63.0 26.0 0.4 2.79 -0.1 -1.0 -0.33 1.07
137 53.0 89.0 63.0 25.0 0.27 1.77 -0.3 -0.92 0.48 0.39
138 45.0 86.0 81.0 25.0 0.2 1.61 -0.32 -1.36 0.49 0.12
139 41.0 84.0 77.0 25.0 0.38 1.24 -0.25 -2.64 -0.13 0.9
140 36.0 83.0 76.0 25.0 0.32 0.39 -0.16 -1.09 0.24 0.24
141 32.0 82.0 80.0 25.0 0.23 0.05 -0.07 -0.4 0.11 0.06
142 30.0 80.0 77.0 25.0 0.18 -0.23 0.05 0.51 0.0 -0.03
