1 20.0 94.0 69.0 25.0 -0.07 -0.07 0.01 -0.06 0.0 -0.13
2 20.0 94.0 72.0 25.0 -0.07 -0.07 0.01 -0.02 0.0 -0.2
3 19.0 93.0 74.0 27.0 -0.06 -0.06 0.0 -0.09 -0.06 -0.22
4 19.0 92.0 70.0 26.0 -0.04 -0.04 -0.01 -0.13 -0.09 -0.23
5 20.0 94.0 66.0 25.0 -0.02 -0.05 -0.02 -0.18 -0.08 -0.23
6 29.0 96.0 64.0 26.0 -0.01 -0.06 -0.02 -0.21 -0.09 -0.24
7 38.0 93.0 61.0 25.0 -0.01 -0.11 -0.03 -0.2 -0.05 -0.23
8 41.0 92.0 58.0 25.0 -0.04 -0.22 -0.04 -0.5 0.04 -0.24
9 43.0 91.0 57.0 25.0 -0.09 -0.33 -0.06 -0.76 0.02 -0.17
10 39.0 91.0 61.0 24.0 -0.05 -0.5 -0.08 -0.28 -0.05 -0.2
11 36.0 89.0 61.0 26.0 0.01 -0.5 -0.1 -0.18 -0.05 -0.13
12 33.0 91.0 59.0 26.0 0.03 -0.44 -0.09 0.06 -0.03 -0.23
13 36.0 113.0 59.0 31.0 0.03 -0.33 -0.08 0.31 -0.01 -0.18
14 47.0 144.0 58.0 35.0 -0.01 -0.28 -0.05 0.41 0.04 -0.05
15 52.0 160.0 55.0 45.0 -0.05 -0.27 -0.03 0.34 0.0 -0.05
16 98.0 241.0 57.0 55.0 -0.09 -0.28 -0.02 -0.12 0.01 0.01
17 118.0 295.0 56.0 52.0 -0.04 -0.32 -0.02 0.03 0.05 0.02
18 151.0 342.0 58.0 66.0 0.07 -0.33 -0.04 -0.25 -0.05 0.02
19 178.0 386.0 59.0 128.0 0.24 -0.57 -0.07 -0.59 -0.1 0.3
20 187.0 415.0 62.0 107.0 0.22 -0.86 -0.1 -0.85 0.36 0.5
21 268.0 453.0 62.0 90.0 0.12 -1.15 -0.14 -1.42 0.34 0.58
22 243.0 508.0 61.0 77.0 0.35 -1.91 -0.27 -1.58 -0.31 1.37
23 228.0 544.0 62.0 72.0 0.86 -2.54 -0.43 -0.05 2.98 0.57
24 192.0 500.0 65.0 64.0 1.05 -2.75 -0.49 2.39 -0.3 1.82
25 186.0 617.0 81.0 61.0 1.45 -2.35 -0.51 1.71 0.83 2.83
26 173.0 651.0 85.0 58.0 1.7 -1.76 -0.61 2.01 0.24 3.34
27 162.0 593.0 99.0 62.0 1.84 -1.54 -0.69 1.44 0.37 2.98
28 144.0 588.0 92.0 57.0 1.95 -1.34 -0.79 1.32 0.59 2.52
29 134.0 561.0 91.0 53.0 1.82 -1.23 -0.86 0.69 0.59 2.04
30 129.0 614.0 94.0 47.0 1.78 -1.26 -0.9 0.52 0.59 1.59
31 128.0 620.0 95.0 48.0 1.71 -1.33 -0.97 0.53 0.58 0.82
32 140.0 586.0 99.0 44.0 1.62 -1.25 -1.01 0.14 0.33 0.6
33 140.0 672.0 115.0 44.0 1.58 -1.2 -1.01 0.41 0.0 0.52
34 161.0 768.0 122.0 44.0 1.56 -1.02 -0.98 0.01 -0.12 0.6
35 153.0 874.0 122.0 45.0 1.52 -1.01 -0.96 -0.63 -0.28 0.33
36 247.0 853.0 127.0 51.0 1.44 -1.11 -0.92 -0.62 -0.18 0.35
37 231.0 966.0 152.0 59.0 1.42 -1.24 -0.9 -0.18 -0.51 0.06
38 232.0 967.0 170.0 72.0 1.41 -0.96 -0.83 0.0 -0.62 -0.65
39 255.0 967.0 169.0 90.0 1.4 -0.85 -0.81 0.13 -0.76 -0.52
40 220.0 966.0 176.0 81.0 1.43 -0.77 -0.74 -0.5 -0.9 -0.24
41 255.0 967.0 203.0 83.0 1.38 -0.83 -0.65 -0.44 -1.16 -0.29
42 291.0 967.0 221.0 95.0 1.36 -0.81 -0.59 -0.54 -1.0 -0.37
43 295.0 964.0 275.0 88.0 1.26 -0.77 -0.48 -0.83 -1.02 -0.9
44 266.0 937.0 269.0 88.0 1.17 -0.75 -0.4 -0.83 -1.02 -1.05
45 272.0 923.0 282.0 84.0 1.08 -0.7 -0.34 -1.25 -0.92 -1.49
46 315.0 966.0 287.0 76.0 0.93 -0.68 -0.23 -1.16 -1.08 -1.98
47 335.0 967.0 285.0 78.0 0.79 -0.59 -0.15 -1.11 -1.36 -1.72
48 290.0 966.0 283.0 75.0 0.7 -0.57 -0.13 -1.29 -1.29 -1.55
49 307.0 968.0 256.0 73.0 0.56 -0.5 -0.09 -1.51 -1.27 -1.19
50 294.0 917.0 234.0 80.0 0.34 -0.36 -0.02 -1.34 -1.14 -1.83
51 282.0 967.0 235.0 92.0 0.25 -0.34 -0.0 -1.26 -1.17 -1.91
52 328.0 886.0 218.0 81.0 0.13 -0.35 0.0 -1.05 -1.01 -2.48
53 302.0 967.0 206.0 85.0 0.01 -0.23 0.05 -1.15 -1.07 -2.33
54 330.0 914.0 193.0 76.0 -0.05 -0.14 0.06 -0.77 -1.09 -1.84
55 312.0 822.0 184.0 74.0 -0.12 -0.07 0.01 -0.87 -0.93 -1.67
56 258.0 772.0 184.0 70.0 -0.16 -0.09 -0.03 -0.77 -0.72 -0.9
57 221.0 739.0 167.0 68.0 -0.19 -0.07 -0.06 -0.77 -0.63 -0.86
58 233.0 700.0 160.0 68.0 -0.2 -0.01 -0.11 -0.62 -0.55 -0.84
59 207.0 731.0 175.0 64.0 -0.22 0.08 -0.12 -0.41 -0.32 -0.71
60 216.0 699.0 162.0 62.0 -0.21 0.1 -0.13 -0.47 -0.26 -0.61
61 200.0 670.0 144.0 57.0 -0.18 0.07 -0.17 -0.58 -0.15 0.03
62 210.0 620.0 140.0 63.0 -0.18 0.11 -0.19 -0.74 0.02 0.15
63 243.0 663.0 135.0 56.0 -0.17 0.15 -0.18 -0.72 0.02 -0.2
64 220.0 622.0 154.0 59.0 -0.14 0.19 -0.13 -0.51 0.07 -0.39
65 221.0 619.0 168.0 53.0 -0.1 0.16 -0.07 -0.59 0.2 -0.1
66 205.0 650.0 155.0 49.0 -0.08 0.13 -0.03 -0.45 0.15 0.05
67 239.0 630.0 143.0 50.0 -0.07 0.13 0.01 -0.33 0.19 0.22
68 224.0 660.0 155.0 49.0 -0.03 0.1 0.02 -0.12 0.22 -0.05
69 209.0 585.0 149.0 43.0 -0.01 0.09 0.02 -0.07 0.22 -0.09
70 218.0 612.0 146.0 40.0 0.03 0.09 0.01 -0.01 0.07 0.18
71 206.0 615.0 165.0 43.0 0.03 0.11 0.01 -0.02 -0.06 0.02
72 230.0 576.0 169.0 43.0 0.06 0.12 -0.0 0.03 -0.06 -0.13
73 233.0 690.0 160.0 43.0 0.08 0.08 -0.02 -0.11 -0.04 -0.13
74 198.0 628.0 143.0 44.0 0.1 0.05 -0.03 -0.18 -0.08 0.01
75 224.0 542.0 145.0 43.0 0.09 0.06 -0.02 -0.43 -0.08 -0.11
76 272.0 744.0 159.0 46.0 0.08 0.07 0.03 -0.4 -0.16 -0.26
77 241.0 681.0 150.0 44.0 0.08 0.06 0.05 -0.16 -0.16 -0.43
78 204.0 693.0 137.0 40.0 0.08 0.04 0.1 -0.16 -0.17 -0.49
79 173.0 711.0 136.0 40.0 0.06 0.05 0.12 -0.07 -0.12 -0.18
80 201.0 756.0 140.0 40.0 0.05 0.06 0.12 -0.04 -0.06 -0.3
81 227.0 751.0 142.0 48.0 0.02 0.1 0.11 -0.01 -0.07 -0.34
82 218.0 667.0 140.0 44.0 0.01 0.06 0.11 -0.05 -0.14 -0.42
83 194.0 634.0 146.0 44.0 0.02 0.03 0.12 0.07 -0.21 -0.4
84 171.0 605.0 150.0 47.0 0.02 0.01 0.11 0.02 -0.22 -0.09
85 222.0 651.0 157.0 59.0 0.03 0.03 0.08 -0.03 -0.17 0.0
86 210.0 643.0 142.0 54.0 0.03 0.05 0.06 0.02 0.0 -0.02
87 195.0 658.0 137.0 59.0 0.01 0.08 0.01 -0.06 0.04 -0.13
88 174.0 587.0 141.0 53.0 0.02 0.04 -0.04 0.1 0.14 -0.31
89 158.0 604.0 138.0 48.0 0.02 0.04 -0.06 -0.04 0.14 -0.3
90 210.0 696.0 170.0 51.0 0.01 0.08 -0.07 -0.09 0.1 -0.29
91 188.0 684.0 163.0 46.0 -0.0 0.05 -0.05 -0.26 0.04 -0.19
92 208.0 732.0 149.0 45.0 -0.0 0.03 -0.04 -0.34 0.0 -0.21
93 179.0 711.0 148.0 43.0 -0.0 -0.01 -0.02 -0.24 -0.04 -0.17
94 253.0 655.0 151.0 43.0 0.0 -0.01 -0.01 -0.12 -0.01 -0.13
95 212.0 619.0 170.0 44.0 0.0 -0.01 -0.01 -0.02 -0.08 -0.29
96 185.0 607.0 169.0 41.0 0.01 -0.01 -0.03 -0.07 -0.12 -0.25
97 195.0 554.0 205.0 40.0 0.01 0.02 -0.04 -0.12 -0.07 -0.15
98 197.0 474.0 196.0 38.0 -0.0 0.04 -0.04 -0.29 -0.14 -0.3
99 190.0 437.0 217.0 35.0 -0.01 0.07 -0.03 -0.27 -0.14 -0.2
100 179.0 452.0 210.0 42.0 -0.0 0.1 -0.01 -0.44 -0.26 -0.39
101 172.0 438.0 209.0 40.0 -0.0 0.11 0.01 -0.64 -0.24 -0.49
102 148.0 400.0 191.0 45.0 0.01 0.09 0.03 -0.55 -0.28 -0.46
103 139.0 363.0 168.0 41.0 0.0 0.1 0.05 -0.51 -0.36 -0.5
104 120.0 327.0 146.0 41.0 -0.01 0.14 0.08 -0.57 -0.47 -0.53
105 116.0 279.0 130.0 37.0 -0.04 0.25 0.12 -0.72 -0.57 -0.56
106 107.0 331.0 120.0 35.0 -0.08 0.36 0.19 -0.75 -0.64 -0.83
107 93.0 283.0 110.0 33.0 -0.11 0.45 0.24 -1.07 -0.83 -0.98
108 98.0 248.0 102.0 36.0 -0.22 0.64 0.34 -1.16 -0.96 -1.11
109 99.0 219.0 92.0 38.0 -0.42 0.78 0.48 -1.4 -1.27 -1.78
110 108.0 225.0 83.0 36.0 -0.52 0.8 0.54 -1.52 -1.2 -2.21
111 114.0 232.0 81.0 34.0 -0.71 0.75 0.64 -1.53 -1.14 -2.41
112 116.0 233.0 76.0 31.0 -0.86 0.74 0.74 -1.57 -0.92 -2.77
113 129.0 203.0 73.0 30.0 -0.96 0.82 0.79 -1.17 -0.96 -2.62
114 141.0 184.0 71.0 28.0 -1.15 1.05 0.83 -0.57 -1.01 -2.14
115 119.0 172.0 68.0 27.0 -1.34 1.33 0.84 -0.28 -0.82 -1.63
116 119.0 153.0 70.0 26.0 -1.43 1.46 0.84 0.07 -0.53 -0.92
117 114.0 143.0 71.0 27.0 -1.58 1.79 0.79 0.05 -0.44 -1.01
118 103.0 135.0 70.0 29.0 -1.77 2.41 0.66 0.16 -0.22 -1.24
119 93.0 129.0 70.0 30.0 -1.9 2.6 0.57 -0.48 -0.69 -1.62
120 78.0 128.0 69.0 43.0 -2.06 2.58 0.36 -0.46 -0.63 -1.67
121 81.0 123.0 70.0 43.0 -2.12 2.16 0.13 -1.31 -0.74 -1.75
122 80.0 117.0 70.0 40.0 -2.22 2.07 0.11 -1.19 -1.06 -1.51
123 74.0 112.0 70.0 52.0 -2.4 2.02 0.23 -1.0 -0.9 -0.61
124 69.0 106.0 70.0 45.0 -2.26 1.18 0.29 -1.02 -0.47 0.39
125 90.0 103.0 68.0 51.0 -2.23 0.83 0.33 -0.24 -0.19 1.32
126 82.0 110.0 66.0 47.0 -2.12 0.69 0.36 0.57 -0.3 1.27
127 74.0 105.0 64.0 42.0 -2.02 0.86 0.56 -0.29 -0.34 0.83
128 63.0 98.0 62.0 39.0 -1.89 1.0 0.43 -0.45 -0.1 0.4
129 58.0 93.0 61.0 46.0 -1.85 1.11 0.26 -0.68 -0.21 0.36
130 50.0 90.0 61.0 45.0 -1.7 0.62 0.25 -0.66 -0.53 0.39
131 44.0 87.0 58.0 40.0 -1.58 0.29 0.22 -0.52 -0.38 0.01
132 48.0 85.0 55.0 36.0 -1.52 -0.18 0.16 -0.56 -0.3 -0.34
133 42.0 85.0 57.0 33.0 -1.41 -0.37 0.17 1.89 -0.65 -0.9
134 37.0 87.0 66.0 31.0 -0.87 -0.56 0.18 8.33 -3.64 15.75
135 33.0 89.0 77.0 30.0 0.91 2.04 0.09 1.37 -1.03 9.52
136 30.0 91.0 85.0 28.0 0.96 1.51 -0.32 -2.35 1.18 3.26
137 31.0 92.0 72.0 27.0 0.75 0.84 -0.33 -0.82 1.45 -1.09
138 25.0 95.0 68.0 27.0 0.33 0.59 -0.44 -0.62 1.94 -1.18
139 23.0 97.0 64.0 25.0 0.27 0.7 -0.38 -1.34 0.42 0.53
140 22.0 99.0 59.0 25.0 0.32 0.41 -0.31 -0.61 0.45 0.48
141 20.0 101.0 57.0 24.0 0.25 -0.07 -0.1 -0.08 0.4 0.2
142 18.0 101.0 55.0 24.0 0.18 -0.03 0.0 0.78 0.03 -0.23
143 18.0 103.0 58.0 24.0 0.18 0.09 0.01 0.67 -0.25 -0.32
144 19.0 104.0 58.0 24.0 0.2 0.35 0.0 0.49 -0.32 -0.28
145 19.0 103.0 56.0 24.0 0.15 0.53 0.01 0.14 -0.3 -0.2
