1 17.0 93.0 68.0 23.0 -0.01 -0.02 -0.01 -0.08 -0.08 -0.19
2 17.0 92.0 64.0 23.0 -0.01 -0.03 -0.0 -0.07 -0.09 -0.19
3 17.0 91.0 67.0 23.0 -0.01 -0.03 -0.0 -0.06 -0.08 -0.21
4 16.0 90.0 66.0 23.0 -0.02 -0.02 0.0 -0.06 -0.06 -0.18
5 17.0 90.0 68.0 24.0 -0.01 -0.01 0.0 -0.09 -0.03 -0.18
6 16.0 92.0 65.0 23.0 -0.01 -0.01 -0.0 -0.1 -0.02 -0.17
7 16.0 93.0 63.0 23.0 -0.01 -0.02 -0.01 -0.07 0.0 -0.21
8 17.0 93.0 62.0 23.0 -0.01 -0.02 -0.0 -0.06 0.0 -0.19
9 17.0 92.0 61.0 23.0 -0.01 -0.02 -0.01 -0.13 0.0 -0.19
10 16.0 92.0 65.0 23.0 -0.0 -0.02 -0.01 -0.13 -0.01 -0.17
11 17.0 94.0 62.0 23.0 -0.0 -0.03 -0.01 -0.12 0.0 -0.18
12 17.0 95.0 60.0 23.0 -0.01 -0.04 -0.01 -0.05 -0.02 -0.18
13 42.0 104.0 60.0 27.0 -0.03 -0.06 0.01 0.07 -0.03 -0.06
14 76.0 127.0 59.0 28.0 -0.09 -0.09 0.03 0.02 0.0 -0.06
15 145.0 166.0 57.0 29.0 -0.14 -0.09 0.03 -0.2 0.02 0.05
16 146.0 182.0 57.0 34.0 -0.27 -0.1 0.04 -0.35 0.12 0.12
17 141.0 231.0 59.0 56.0 -0.28 -0.09 0.07 -0.04 -0.08 0.62
18 158.0 324.0 58.0 58.0 -0.15 -0.14 0.06 -0.04 -0.03 0.81
19 170.0 373.0 58.0 93.0 0.1 -0.57 0.03 0.0 -0.11 1.27
20 181.0 366.0 59.0 93.0 0.26 -1.09 -0.03 -0.11 0.22 1.41
21 196.0 384.0 57.0 80.0 0.31 -1.26 -0.06 0.0 0.16 1.63
22 204.0 379.0 60.0 75.0 0.51 -1.17 -0.18 -3.49 -0.92 1.57
23 201.0 399.0 59.0 63.0 1.5 -2.35 -0.45 1.95 0.48 3.13
24 181.0 446.0 67.0 57.0 1.65 -2.25 -0.41 1.63 0.24 3.17
25 179.0 510.0 78.0 55.0 1.92 -1.6 -0.49 1.25 0.92 3.13
26 156.0 591.0 86.0 48.0 2.15 -1.33 -0.6 1.3 0.84 3.02
27 151.0 648.0 88.0 46.0 2.23 -1.24 -0.62 1.28 0.91 3.06
28 151.0 734.0 97.0 44.0 2.33 -1.24 -0.69 0.73 0.72 2.27
29 143.0 797.0 105.0 46.0 2.34 -1.36 -0.75 0.58 0.29 1.2
30 158.0 966.0 110.0 53.0 2.29 -1.32 -0.76 0.36 0.25 0.9
31 168.0 967.0 114.0 61.0 1.99 -1.14 -0.71 -0.08 0.05 0.28
32 192.0 967.0 126.0 68.0 1.7 -1.25 -0.74 -0.48 -0.19 0.17
33 214.0 967.0 146.0 71.0 1.7 -1.36 -0.78 -0.59 -0.24 0.44
34 221.0 967.0 152.0 83.0 1.7 -1.36 -0.86 -0.35 -0.44 -0.73
35 220.0 965.0 154.0 74.0 1.54 -1.01 -0.81 -0.55 -1.01 -1.58
36 222.0 967.0 170.0 71.0 1.52 -0.86 -0.75 -1.04 -1.13 -1.77
37 240.0 966.0 181.0 72.0 1.54 -0.82 -0.58 -1.23 -1.52 -1.2
38 325.0 966.0 157.0 69.0 1.56 -0.86 -0.53 -1.54 -1.42 -0.95
39 287.0 886.0 156.0 64.0 1.37 -0.83 -0.36 -1.95 -1.63 -1.08
40 289.0 860.0 153.0 61.0 1.31 -0.85 -0.28 -1.49 -1.56 -1.18
41 255.0 783.0 160.0 55.0 1.26 -0.8 -0.23 -1.21 -1.34 -1.12
42 249.0 714.0 148.0 52.0 1.06 -0.64 -0.14 -1.19 -1.25 -1.11
43 271.0 722.0 146.0 57.0 0.91 -0.55 -0.12 -0.96 -1.16 -1.79
44 287.0 671.0 136.0 68.0 0.81 -0.48 -0.1 -1.15 -1.24 -2.13
45 263.0 627.0 126.0 71.0 0.68 -0.42 -0.1 -0.83 -1.18 -2.12
46 259.0 589.0 132.0 62.0 0.55 -0.34 -0.11 -0.67 -1.13 -2.25
47 273.0 525.0 131.0 55.0 0.46 -0.28 -0.1 -0.97 -1.2 -1.93
48 251.0 498.0 120.0 48.0 0.29 -0.19 -0.07 -0.85 -1.24 -1.74
49 221.0 474.0 115.0 44.0 0.18 -0.16 -0.05 -0.88 -1.25 -1.71
50 285.0 484.0 116.0 45.0 0.12 -0.14 -0.03 -0.89 -1.1 -1.43
51 253.0 519.0 112.0 46.0 -0.0 -0.1 0.01 -0.7 -1.04 -1.37
52 262.0 506.0 113.0 49.0 -0.1 -0.07 0.02 -0.6 -0.93 -1.1
53 247.0 526.0 110.0 52.0 -0.13 -0.07 0.01 -0.41 -0.73 -0.86
54 230.0 492.0 116.0 51.0 -0.21 -0.05 0.01 -0.42 -0.66 -0.71
55 228.0 503.0 113.0 45.0 -0.24 -0.03 -0.01 -0.37 -0.54 -0.53
56 225.0 484.0 111.0 40.0 -0.25 -0.03 -0.02 -0.29 -0.53 -0.26
57 248.0 534.0 107.0 40.0 -0.25 0.01 -0.02 -0.29 -0.42 -0.03
58 227.0 509.0 110.0 38.0 -0.24 0.06 -0.0 -0.25 -0.24 0.15
59 225.0 500.0 106.0 36.0 -0.23 0.06 -0.01 -0.15 0.0 0.09
60 207.0 569.0 105.0 35.0 -0.17 0.02 -0.04 -0.09 0.07 0.15
61 184.0 531.0 106.0 33.0 -0.14 0.02 -0.04 -0.16 0.19 0.1
62 156.0 536.0 106.0 34.0 -0.13 0.03 -0.03 -0.24 0.12 0.02
63 214.0 704.0 110.0 36.0 -0.09 0.02 -0.0 -0.25 0.1 0.12
64 196.0 751.0 124.0 41.0 -0.05 -0.01 0.02 -0.29 0.1 0.1
65 194.0 755.0 151.0 45.0 -0.03 -0.01 0.05 -0.33 0.18 0.0
66 181.0 768.0 165.0 42.0 -0.01 -0.01 0.08 -0.2 0.14 -0.13
67 169.0 753.0 158.0 38.0 -0.01 -0.03 0.11 -0.12 0.14 -0.14
68 170.0 715.0 150.0 38.0 -0.02 -0.04 0.12 0.11 0.0 -0.02
69 154.0 658.0 139.0 39.0 -0.02 -0.07 0.11 0.18 0.05 -0.12
70 172.0 651.0 142.0 44.0 -0.01 -0.02 0.09 0.13 0.0 -0.05
71 220.0 580.0 135.0 41.0 -0.0 -0.0 0.08 0.01 0.0 0.04
72 208.0 542.0 130.0 40.0 0.02 -0.01 0.05 -0.02 0.0 0.09
73 180.0 610.0 126.0 39.0 0.04 -0.04 0.02 -0.14 -0.03 -0.08
74 157.0 580.0 136.0 35.0 0.05 -0.03 0.01 -0.23 -0.08 -0.21
75 152.0 593.0 131.0 33.0 0.07 0.02 0.02 -0.15 -0.14 -0.19
76 187.0 617.0 134.0 32.0 0.09 0.04 0.01 -0.23 -0.15 -0.26
77 181.0 586.0 125.0 32.0 0.09 0.03 0.01 -0.15 -0.13 -0.41
78 191.0 564.0 116.0 31.0 0.08 0.03 0.0 -0.12 -0.16 -0.57
79 175.0 615.0 113.0 30.0 0.07 0.03 0.01 0.04 -0.22 -0.66
80 166.0 554.0 109.0 29.0 0.06 0.02 0.0 0.02 -0.27 -0.54
81 143.0 484.0 118.0 29.0 0.03 -0.0 -0.02 0.0 -0.25 -0.42
82 201.0 538.0 115.0 29.0 0.0 0.01 -0.04 -0.08 -0.21 -0.24
83 178.0 524.0 110.0 28.0 -0.01 0.02 -0.05 -0.21 -0.21 -0.31
84 176.0 533.0 108.0 30.0 -0.03 0.03 -0.05 -0.27 -0.19 -0.39
85 166.0 459.0 109.0 28.0 -0.04 0.03 -0.03 -0.29 -0.21 -0.5
86 142.0 484.0 102.0 29.0 -0.05 0.01 -0.03 -0.3 -0.25 -0.38
87 135.0 507.0 101.0 28.0 -0.05 -0.0 -0.01 -0.17 -0.3 -0.2
88 130.0 488.0 99.0 27.0 -0.05 0.02 0.0 -0.22 -0.23 -0.17
89 165.0 478.0 92.0 26.0 -0.05 0.02 -0.0 -0.12 -0.23 -0.12
90 151.0 545.0 94.0 25.0 -0.06 0.01 -0.02 -0.1 -0.2 -0.15
91 151.0 544.0 101.0 25.0 -0.07 0.03 -0.03 -0.2 -0.25 -0.24
92 132.0 503.0 113.0 26.0 -0.08 0.03 -0.04 -0.17 -0.21 -0.31
93 126.0 488.0 109.0 25.0 -0.09 0.06 -0.05 -0.22 -0.25 -0.26
94 118.0 446.0 103.0 30.0 -0.12 0.12 -0.04 -0.4 -0.33 -0.41
95 112.0 377.0 97.0 35.0 -0.13 0.14 -0.04 -0.49 -0.36 -0.5
96 108.0 334.0 91.0 33.0 -0.16 0.16 -0.0 -0.6 -0.52 -0.73
97 105.0 291.0 85.0 36.0 -0.21 0.18 0.05 -0.76 -0.61 -0.83
98 94.0 267.0 78.0 37.0 -0.23 0.21 0.08 -1.02 -0.89 -0.97
99 82.0 298.0 72.0 39.0 -0.31 0.3 0.16 -1.05 -0.94 -1.1
100 87.0 262.0 68.0 36.0 -0.42 0.43 0.26 -1.06 -1.05 -1.33
101 86.0 221.0 64.0 32.0 -0.49 0.53 0.32 -1.35 -1.13 -1.97
102 91.0 206.0 63.0 36.0 -0.61 0.73 0.45 -1.29 -1.15 -2.19
103 90.0 181.0 63.0 34.0 -0.75 0.88 0.55 -1.0 -1.15 -2.35
104 95.0 169.0 67.0 32.0 -0.81 0.99 0.57 -0.66 -1.01 -2.28
105 100.0 162.0 67.0 29.0 -0.97 1.39 0.62 -0.34 -0.77 -2.27
106 99.0 152.0 64.0 30.0 -1.21 1.83 0.6 -0.23 -0.57 -1.9
107 94.0 149.0 63.0 28.0 -1.35 1.98 0.57 0.4 -0.4 -1.46
108 87.0 143.0 61.0 29.0 -1.66 2.13 0.47 0.49 -0.39 -1.49
109 83.0 150.0 60.0 28.0 -2.07 2.23 0.44 -0.23 -0.24 -2.01
110 91.0 141.0 59.0 30.0 -2.25 2.15 0.46 -2.52 -0.42 -2.67
111 82.0 133.0 55.0 32.0 -2.33 1.68 0.47 -2.18 -0.5 -2.52
112 76.0 122.0 55.0 32.0 -2.39 1.0 0.46 -1.67 -1.09 -1.46
113 71.0 112.0 57.0 33.0 -2.41 0.69 0.49 -0.27 -0.91 -0.33
114 70.0 103.0 57.0 30.0 -2.42 0.58 0.62 -0.31 -0.96 0.23
115 82.0 99.0 57.0 30.0 -2.27 0.39 0.59 1.45 -0.44 2.17
116 118.0 98.0 55.0 37.0 -2.17 0.41 0.51 1.18 -0.36 2.48
117 121.0 100.0 59.0 35.0 -2.01 0.59 0.44 0.38 -0.29 2.28
118 102.0 96.0 58.0 32.0 -1.93 1.02 0.29 0.67 -0.01 2.06
119 88.0 92.0 56.0 30.0 -1.88 1.23 0.21 0.42 -0.28 1.22
120 81.0 91.0 58.0 33.0 -1.61 1.19 0.06 0.64 -0.26 1.1
121 71.0 94.0 64.0 31.0 -1.34 0.9 -0.03 0.14 -0.4 1.18
122 62.0 96.0 62.0 30.0 -1.22 0.76 -0.05 -0.04 -0.36 1.0
123 60.0 96.0 60.0 28.0 -0.96 0.61 -0.11 -0.12 -0.21 0.69
124 56.0 100.0 77.0 27.0 -0.77 0.56 -0.1 0.59 -1.86 2.79
125 49.0 105.0 77.0 26.0 -0.37 0.98 0.05 0.58 -1.11 6.65
126 45.0 107.0 81.0 25.0 0.43 2.15 -0.09 0.04 -0.39 4.51
127 74.0 110.0 76.0 25.0 0.53 1.47 -0.28 -0.84 0.38 1.63
128 65.0 112.0 78.0 25.0 0.4 1.12 -0.24 -1.08 0.46 0.59
129 56.0 113.0 77.0 23.0 0.42 0.78 -0.18 -0.85 0.64 -0.5
130 55.0 114.0 74.0 24.0 0.41 0.66 -0.2 -0.74 0.43 0.07
131 56.0 116.0 74.0 23.0 0.4 0.52 -0.16 -0.35 0.23 0.35
132 48.0 116.0 81.0 23.0 0.36 0.28 -0.09 0.05 0.17 0.06
133 42.0 118.0 75.0 23.0 0.34 0.31 -0.08 -0.07 0.0 -0.1
134 37.0 117.0 73.0 23.0 0.33 0.33 -0.08 -0.13 -0.04 -0.13
135 70.0 117.0 71.0 23.0 0.29 0.24 -0.08 -0.31 -0.12 -0.1
136 59.0 116.0 69.0 23.0 0.21 0.09 -0.05 -0.16 -0.07 -0.12
137 59.0 114.0 74.0 24.0 0.18 0.07 -0.05 -0.1 -0.11 -0.17
138 56.0 115.0 72.0 23.0 0.16 0.08 -0.05 -0.1 -0.14 -0.14
139 50.0 115.0 74.0 23.0 0.16 0.1 -0.06 -0.03 -0.07 -0.12
140 42.0 114.0 73.0 23.0 0.15 0.09 -0.06 -0.17 -0.05 -0.16
141 38.0 112.0 75.0 23.0 0.13 0.04 -0.05 -0.17 -0.06 -0.17
142 34.0 110.0 75.0 23.0 0.12 -0.03 -0.04 -0.09 -0.03 -0.11
143 30.0 110.0 73.0 23.0 0.12 -0.04 -0.03 -0.07 -0.01 -0.11
