1 21.0 85.0 75.0 23.0 -0.02 -0.01 -0.01 -0.12 -0.02 -0.19
2 22.0 85.0 73.0 23.0 -0.02 -0.04 -0.01 -0.08 -0.04 -0.17
3 22.0 84.0 80.0 22.0 -0.02 -0.05 -0.01 -0.03 -0.04 -0.17
4 21.0 85.0 84.0 23.0 -0.02 -0.05 -0.0 -0.02 -0.05 -0.18
5 20.0 83.0 80.0 23.0 -0.02 -0.04 -0.0 -0.06 -0.02 -0.15
6 19.0 82.0 76.0 23.0 -0.01 -0.03 -0.01 -0.07 -0.02 -0.16
7 23.0 80.0 71.0 23.0 -0.01 -0.02 -0.01 -0.05 -0.02 -0.16
8 22.0 80.0 71.0 23.0 -0.02 -0.03 -0.0 0.0 -0.02 -0.15
9 25.0 80.0 67.0 22.0 -0.03 -0.04 0.0 -0.06 -0.04 -0.19
10 32.0 85.0 62.0 23.0 -0.05 -0.06 0.01 -0.14 -0.03 -0.18
11 59.0 85.0 61.0 22.0 -0.05 -0.07 0.01 -0.16 -0.01 -0.19
12 76.0 94.0 57.0 23.0 -0.05 -0.07 0.01 -0.17 0.0 -0.18
13 86.0 117.0 56.0 39.0 -0.08 -0.11 -0.01 -0.17 0.02 -0.18
14 102.0 146.0 55.0 41.0 -0.17 -0.19 -0.0 -0.3 0.05 -0.18
15 132.0 192.0 56.0 40.0 -0.17 -0.19 -0.0 -0.1 0.06 -0.13
16 143.0 232.0 54.0 37.0 -0.19 -0.42 0.04 0.12 -0.05 -0.2
17 147.0 315.0 56.0 37.0 -0.08 -0.67 0.06 0.18 -0.18 -0.07
18 150.0 371.0 56.0 37.0 0.02 -0.85 0.06 -0.17 -0.41 -0.01
19 131.0 551.0 57.0 53.0 0.28 -1.24 0.05 0.0 -0.45 0.2
20 153.0 658.0 59.0 53.0 0.5 -1.48 0.06 -0.27 -0.02 0.68
21 166.0 723.0 58.0 48.0 0.6 -1.35 0.02 -0.36 -0.08 0.43
22 138.0 686.0 58.0 43.0 0.77 -1.72 -0.03 -0.4 -0.12 0.97
23 132.0 690.0 60.0 39.0 1.45 -2.4 -0.34 -5.73 -0.9 1.39
24 135.0 666.0 66.0 36.0 1.92 -3.05 -0.4 1.74 1.0 3.6
25 136.0 705.0 80.0 35.0 1.68 -2.0 -0.33 1.62 1.09 3.32
26 148.0 887.0 85.0 36.0 1.74 -1.28 -0.44 1.39 1.02 3.36
27 144.0 833.0 89.0 34.0 1.8 -0.99 -0.52 0.61 1.12 2.54
28 151.0 785.0 93.0 32.0 1.84 -0.85 -0.53 0.65 0.92 2.27
29 141.0 804.0 99.0 34.0 1.78 -1.11 -0.55 0.6 0.73 2.02
30 131.0 749.0 103.0 42.0 1.64 -1.35 -0.58 0.09 0.42 1.48
31 140.0 794.0 113.0 61.0 1.6 -1.36 -0.6 0.02 0.31 1.34
32 159.0 920.0 117.0 59.0 1.56 -1.11 -0.58 -0.09 0.12 0.27
33 157.0 900.0 120.0 56.0 1.49 -1.03 -0.54 -0.04 -0.23 0.09
34 149.0 906.0 113.0 49.0 1.42 -1.13 -0.53 -0.11 -0.09 0.04
35 188.0 886.0 118.0 49.0 1.44 -1.24 -0.52 -0.07 -0.34 -0.8
36 180.0 889.0 152.0 63.0 1.47 -1.21 -0.5 -0.6 -0.72 -0.69
37 194.0 905.0 146.0 60.0 1.52 -1.01 -0.4 -1.13 -0.77 -0.35
38 330.0 967.0 148.0 68.0 1.47 -0.79 -0.25 -1.38 -0.69 -0.08
39 296.0 944.0 153.0 71.0 1.41 -0.73 -0.2 -1.36 -0.98 -1.16
40 253.0 902.0 158.0 67.0 1.35 -0.69 -0.09 -1.31 -0.89 -1.39
41 313.0 910.0 156.0 68.0 1.26 -0.82 -0.03 -0.9 -1.07 -1.19
42 339.0 913.0 152.0 65.0 1.19 -0.84 -0.02 -1.1 -1.21 -1.48
43 320.0 859.0 161.0 59.0 1.08 -0.75 -0.02 -1.1 -1.14 -1.63
44 317.0 826.0 150.0 55.0 0.95 -0.61 0.0 -0.66 -1.16 -1.53
45 333.0 758.0 138.0 50.0 0.89 -0.54 0.0 -0.79 -1.15 -1.34
46 367.0 736.0 134.0 49.0 0.75 -0.5 -0.02 -0.79 -1.16 -1.59
47 342.0 765.0 125.0 51.0 0.61 -0.45 -0.05 -0.85 -1.18 -1.83
48 344.0 750.0 139.0 48.0 0.53 -0.42 -0.05 -0.79 -1.1 -1.78
49 345.0 707.0 132.0 49.0 0.39 -0.32 -0.06 -0.87 -1.16 -1.74
50 304.0 647.0 132.0 47.0 0.31 -0.25 -0.1 -0.95 -0.98 -1.6
51 278.0 604.0 121.0 45.0 0.25 -0.22 -0.12 -0.7 -0.99 -1.84
52 261.0 637.0 117.0 42.0 0.16 -0.1 -0.12 -0.7 -0.98 -1.93
53 253.0 649.0 135.0 39.0 0.05 -0.04 -0.1 -0.61 -1.0 -1.44
54 241.0 662.0 129.0 36.0 0.02 -0.02 -0.1 -0.68 -0.93 -1.08
55 237.0 669.0 125.0 36.0 -0.04 -0.0 -0.09 -0.57 -0.73 -0.93
56 224.0 608.0 118.0 38.0 -0.08 0.01 -0.1 -0.32 -0.66 -0.8
57 212.0 586.0 121.0 38.0 -0.1 0.02 -0.1 -0.43 -0.51 -0.6
58 242.0 565.0 117.0 45.0 -0.11 0.05 -0.1 -0.36 -0.47 -0.58
59 216.0 570.0 126.0 45.0 -0.16 0.07 -0.09 -0.39 -0.33 -0.48
60 207.0 617.0 143.0 50.0 -0.17 0.08 -0.08 -0.23 -0.22 -0.38
61 217.0 613.0 147.0 47.0 -0.17 0.08 -0.06 -0.19 -0.11 -0.33
62 218.0 597.0 154.0 49.0 -0.18 0.05 -0.04 -0.23 -0.02 -0.09
63 214.0 642.0 155.0 46.0 -0.17 0.05 -0.03 -0.12 0.02 -0.05
64 214.0 602.0 146.0 41.0 -0.16 0.09 -0.02 -0.07 0.03 -0.07
65 222.0 638.0 133.0 42.0 -0.15 0.12 0.01 -0.13 0.0 -0.02
66 234.0 610.0 128.0 42.0 -0.14 0.11 0.03 -0.2 0.01 0.03
67 255.0 664.0 158.0 44.0 -0.11 0.06 0.03 -0.16 0.03 0.12
68 222.0 622.0 146.0 43.0 -0.08 0.06 0.02 -0.07 0.14 0.03
69 218.0 578.0 137.0 38.0 -0.08 0.08 0.01 -0.09 0.05 -0.22
70 216.0 600.0 127.0 36.0 -0.05 0.08 -0.0 -0.1 0.09 -0.32
71 239.0 708.0 128.0 36.0 -0.04 0.06 0.01 -0.25 0.0 -0.26
72 217.0 640.0 151.0 34.0 -0.04 0.03 0.02 -0.2 0.0 -0.28
73 217.0 655.0 153.0 33.0 -0.02 0.01 0.05 -0.22 -0.02 -0.29
74 227.0 616.0 159.0 34.0 -0.02 -0.01 0.05 -0.12 -0.01 -0.15
75 196.0 556.0 158.0 37.0 -0.02 0.02 0.05 -0.1 -0.05 -0.17
76 187.0 686.0 157.0 47.0 -0.04 0.08 0.04 -0.14 -0.09 -0.26
77 172.0 624.0 140.0 52.0 -0.06 0.12 0.03 -0.15 -0.08 -0.4
78 183.0 621.0 132.0 45.0 -0.06 0.12 0.03 -0.16 -0.12 -0.47
79 165.0 577.0 124.0 41.0 -0.07 0.09 0.04 -0.2 -0.21 -0.35
80 158.0 535.0 131.0 39.0 -0.06 0.05 0.05 -0.21 -0.22 -0.26
81 140.0 530.0 129.0 36.0 -0.05 0.04 0.04 -0.18 -0.23 -0.21
82 153.0 528.0 119.0 33.0 -0.04 0.03 0.04 -0.1 -0.25 -0.07
83 152.0 493.0 109.0 44.0 -0.02 0.04 0.02 -0.07 -0.21 -0.02
84 150.0 479.0 110.0 44.0 -0.02 0.04 0.02 -0.03 -0.22 -0.12
85 158.0 471.0 121.0 42.0 -0.0 0.04 0.0 0.02 -0.23 -0.2
86 173.0 448.0 112.0 39.0 0.01 0.05 -0.0 -0.07 -0.16 -0.11
87 168.0 424.0 105.0 38.0 0.01 0.05 -0.01 -0.14 -0.13 -0.06
88 151.0 408.0 103.0 34.0 0.01 0.05 -0.01 -0.11 -0.11 -0.17
89 145.0 472.0 97.0 36.0 0.01 0.04 -0.0 -0.14 -0.15 -0.24
90 152.0 475.0 100.0 34.0 0.01 0.03 -0.0 -0.01 -0.16 -0.36
91 130.0 426.0 109.0 32.0 0.0 0.02 0.01 -0.06 -0.13 -0.38
92 167.0 444.0 98.0 31.0 -0.0 -0.02 0.01 -0.13 -0.18 -0.28
93 144.0 381.0 92.0 32.0 0.01 -0.03 0.01 -0.12 -0.23 -0.3
94 123.0 412.0 85.0 31.0 0.01 -0.03 0.01 -0.27 -0.28 -0.32
95 109.0 376.0 81.0 29.0 0.0 -0.0 0.02 -0.41 -0.34 -0.35
96 95.0 319.0 78.0 28.0 -0.01 0.03 0.03 -0.47 -0.37 -0.49
97 88.0 270.0 73.0 34.0 -0.03 0.06 0.06 -0.84 -0.46 -0.82
98 85.0 237.0 71.0 32.0 -0.06 0.11 0.12 -1.07 -0.59 -1.09
99 81.0 207.0 67.0 30.0 -0.08 0.14 0.16 -1.51 -0.79 -1.27
100 79.0 181.0 65.0 28.0 -0.14 0.25 0.28 -1.77 -0.93 -1.2
101 74.0 173.0 64.0 28.0 -0.23 0.4 0.45 -1.8 -1.1 -1.07
102 74.0 154.0 61.0 27.0 -0.31 0.55 0.54 -1.71 -1.23 -1.16
103 75.0 141.0 60.0 27.0 -0.48 0.93 0.67 -1.46 -1.18 -1.65
104 72.0 152.0 60.0 26.0 -0.74 1.34 0.72 -0.8 -1.0 -2.17
105 76.0 142.0 61.0 26.0 -0.86 1.56 0.71 -0.72 -0.94 -2.27
106 71.0 132.0 60.0 25.0 -1.18 1.86 0.71 -0.25 -0.77 -2.38
107 77.0 132.0 66.0 24.0 -1.56 2.0 0.67 0.08 -0.55 -2.65
108 80.0 132.0 86.0 26.0 -1.76 2.05 0.66 0.16 -0.57 -2.73
109 88.0 129.0 108.0 25.0 -2.11 2.0 0.64 -0.23 -0.75 -2.79
110 85.0 134.0 110.0 25.0 -2.28 1.71 0.63 -0.81 -0.84 -2.32
111 82.0 140.0 102.0 24.0 -2.39 1.51 0.64 -0.99 -0.66 -1.85
112 79.0 128.0 97.0 25.0 -2.86 1.07 0.63 -2.12 -0.54 -1.08
113 78.0 121.0 91.0 39.0 -3.08 0.72 0.43 -0.01 -0.27 0.49
114 82.0 117.0 86.0 36.0 -3.14 0.75 0.31 0.24 -0.27 0.6
115 88.0 114.0 84.0 36.0 -2.97 0.9 0.13 2.3 -0.32 -0.07
116 113.0 110.0 80.0 37.0 -2.83 1.03 0.2 1.35 -0.64 0.16
117 96.0 104.0 85.0 38.0 -2.67 1.08 0.21 1.39 -0.7 0.4
118 82.0 104.0 83.0 35.0 -2.29 1.12 0.07 -0.24 -0.87 1.5
119 71.0 104.0 80.0 33.0 -1.87 0.82 -0.05 -0.37 -0.89 2.07
120 64.0 104.0 89.0 31.0 -1.65 0.67 -0.09 -0.14 -0.66 1.92
121 85.0 105.0 94.0 28.0 -1.4 0.57 -0.15 0.57 -0.47 -0.3
122 93.0 108.0 94.0 28.0 -0.89 0.95 -0.14 -0.06 -1.54 4.02
123 79.0 114.0 88.0 27.0 -0.48 1.1 -0.01 -0.55 -1.74 7.67
124 68.0 115.0 90.0 26.0 0.37 1.56 -0.07 0.73 0.54 6.49
125 57.0 116.0 83.0 25.0 0.36 1.58 -0.32 -0.99 0.65 1.69
126 49.0 117.0 79.0 25.0 0.38 1.17 -0.37 -0.44 0.67 0.24
127 50.0 118.0 89.0 25.0 0.38 0.96 -0.25 -0.78 0.58 -1.45
128 43.0 120.0 82.0 24.0 0.31 0.7 -0.17 -0.52 -0.08 -1.18
129 41.0 122.0 78.0 24.0 0.31 0.53 -0.11 0.33 -0.19 -0.25
130 38.0 126.0 82.0 24.0 0.22 0.5 -0.01 0.72 -0.3 0.3
131 38.0 128.0 85.0 24.0 0.22 0.66 -0.03 -0.17 -0.16 0.36
132 34.0 129.0 82.0 23.0 0.23 0.64 -0.06 -0.22 0.01 0.32
133 38.0 126.0 81.0 23.0 0.14 0.5 -0.07 -0.48 0.14 0.1
134 73.0 126.0 84.0 23.0 0.09 0.32 -0.06 -0.74 0.2 -0.04
