1 23.0 96.0 80.0 23.0 -0.02 -0.04 0.0 -0.02 0.01 -0.17
2 22.0 96.0 83.0 23.0 -0.01 -0.02 -0.01 -0.02 0.0 -0.16
3 22.0 94.0 76.0 23.0 -0.01 -0.01 -0.01 -0.1 -0.02 -0.17
4 25.0 94.0 73.0 23.0 -0.01 -0.01 -0.01 -0.12 0.0 -0.2
5 23.0 96.0 69.0 23.0 -0.01 -0.03 -0.01 -0.09 0.0 -0.18
6 23.0 98.0 65.0 23.0 -0.02 -0.03 -0.01 -0.05 -0.01 -0.2
7 22.0 98.0 68.0 23.0 -0.02 -0.05 -0.0 -0.05 -0.01 -0.16
8 23.0 98.0 70.0 23.0 -0.03 -0.05 0.0 -0.03 -0.02 -0.18
9 29.0 99.0 63.0 23.0 -0.03 -0.04 0.0 -0.04 0.0 -0.17
10 39.0 101.0 63.0 23.0 -0.03 -0.04 0.0 -0.07 0.0 -0.19
11 47.0 99.0 59.0 25.0 -0.05 -0.07 0.01 -0.14 -0.02 -0.18
12 66.0 124.0 57.0 29.0 -0.07 -0.1 0.01 -0.36 0.0 -0.17
13 78.0 152.0 57.0 57.0 -0.14 -0.15 0.01 -0.38 0.0 -0.14
14 112.0 203.0 58.0 65.0 -0.18 -0.25 0.02 -0.21 0.05 -0.18
15 124.0 243.0 56.0 65.0 -0.2 -0.31 0.04 -0.23 0.03 -0.22
16 129.0 257.0 55.0 58.0 -0.06 -0.48 0.07 -0.1 -0.12 -0.16
17 142.0 298.0 55.0 77.0 0.06 -0.8 0.11 0.0 -0.28 0.1
18 171.0 423.0 59.0 72.0 0.14 -1.02 0.12 -0.34 -0.34 0.31
19 154.0 453.0 57.0 75.0 0.24 -1.42 0.15 -0.4 -0.21 1.07
20 154.0 428.0 58.0 79.0 0.44 -1.68 0.1 0.01 -0.23 1.4
21 144.0 502.0 59.0 67.0 0.55 -1.8 0.03 -0.56 -0.18 3.11
22 134.0 468.0 60.0 57.0 0.98 -1.94 -0.09 -1.27 -0.72 3.11
23 120.0 528.0 64.0 51.0 1.53 -1.88 -0.2 1.08 0.31 3.21
24 124.0 665.0 82.0 50.0 1.59 -1.49 -0.22 1.07 0.97 3.13
25 120.0 680.0 88.0 47.0 1.93 -0.91 -0.33 1.4 1.19 3.21
26 110.0 688.0 99.0 41.0 2.21 -0.9 -0.44 0.49 0.95 2.97
27 108.0 744.0 105.0 43.0 2.29 -0.98 -0.47 0.37 0.95 2.35
28 112.0 735.0 96.0 42.0 2.31 -1.33 -0.48 0.84 1.06 1.81
29 111.0 840.0 108.0 51.0 2.03 -1.28 -0.49 0.46 0.88 1.18
30 119.0 920.0 112.0 54.0 1.89 -1.22 -0.49 0.28 0.62 0.88
31 133.0 886.0 126.0 51.0 1.88 -1.21 -0.47 0.41 0.36 -0.26
32 128.0 820.0 119.0 52.0 1.65 -1.14 -0.43 -0.26 0.01 -0.62
33 146.0 967.0 124.0 54.0 1.55 -1.19 -0.42 -0.12 -0.08 -0.57
34 178.0 941.0 120.0 57.0 1.4 -1.18 -0.41 -0.4 -0.64 -0.94
35 166.0 848.0 137.0 58.0 1.5 -1.18 -0.4 -0.71 -1.07 -1.67
36 206.0 880.0 143.0 57.0 1.6 -1.11 -0.33 -0.78 -0.79 -1.04
37 216.0 966.0 130.0 57.0 1.47 -0.9 -0.2 -1.3 -1.03 -0.75
38 225.0 885.0 120.0 65.0 1.28 -0.8 -0.16 -1.25 -1.34 -0.6
39 220.0 852.0 117.0 55.0 1.26 -0.87 -0.17 -1.14 -1.32 -1.02
40 251.0 770.0 113.0 50.0 1.22 -0.95 -0.16 -0.62 -1.31 -1.06
41 263.0 778.0 117.0 48.0 1.18 -0.9 -0.14 -0.82 -1.13 -0.63
42 230.0 715.0 122.0 51.0 1.14 -0.85 -0.14 -0.89 -1.22 -0.55
43 248.0 667.0 117.0 46.0 1.08 -0.73 -0.15 -0.98 -1.1 -0.83
44 227.0 656.0 120.0 48.0 1.02 -0.66 -0.14 -0.9 -1.09 -1.29
45 282.0 769.0 125.0 48.0 0.97 -0.62 -0.13 -0.86 -1.16 -1.49
46 290.0 714.0 113.0 43.0 0.86 -0.52 -0.12 -1.2 -1.27 -1.39
47 263.0 716.0 117.0 42.0 0.77 -0.46 -0.12 -1.13 -1.08 -1.74
48 249.0 744.0 120.0 44.0 0.72 -0.42 -0.12 -1.16 -1.07 -1.74
49 247.0 733.0 121.0 50.0 0.61 -0.34 -0.07 -1.16 -0.95 -1.86
50 240.0 760.0 124.0 45.0 0.48 -0.32 -0.01 -0.59 -0.86 -1.9
51 236.0 806.0 119.0 48.0 0.41 -0.31 0.02 -0.69 -0.82 -1.85
52 226.0 827.0 114.0 47.0 0.28 -0.29 0.03 -0.62 -0.66 -1.46
53 254.0 797.0 114.0 53.0 0.15 -0.2 0.05 -0.54 -0.57 -1.39
54 228.0 758.0 132.0 48.0 0.1 -0.15 0.05 -0.28 -0.47 -1.28
55 207.0 695.0 121.0 45.0 0.01 -0.12 0.05 -0.29 -0.47 -1.11
56 189.0 741.0 126.0 45.0 -0.04 -0.16 0.02 0.0 -0.35 -0.75
57 183.0 740.0 123.0 45.0 -0.05 -0.16 0.01 -0.06 -0.25 -0.67
58 180.0 654.0 122.0 44.0 -0.1 -0.09 -0.01 0.03 -0.16 -0.52
59 155.0 678.0 129.0 43.0 -0.12 0.02 -0.04 -0.21 -0.03 -0.47
60 176.0 653.0 125.0 42.0 -0.13 0.03 -0.05 -0.19 -0.07 -0.39
61 263.0 693.0 126.0 47.0 -0.14 0.02 -0.08 -0.24 0.02 -0.36
62 253.0 645.0 136.0 43.0 -0.15 0.05 -0.08 -0.19 -0.03 -0.35
63 233.0 610.0 133.0 43.0 -0.14 0.06 -0.08 -0.14 -0.02 -0.33
64 216.0 605.0 124.0 40.0 -0.13 0.05 -0.08 -0.17 -0.03 -0.13
65 189.0 565.0 125.0 36.0 -0.11 0.07 -0.07 -0.25 -0.06 -0.13
66 195.0 615.0 128.0 34.0 -0.11 0.08 -0.06 -0.32 -0.07 -0.29
67 178.0 604.0 127.0 34.0 -0.1 0.13 -0.04 -0.38 -0.06 -0.35
68 163.0 574.0 129.0 29.0 -0.09 0.12 -0.01 -0.34 -0.07 -0.34
69 162.0 539.0 133.0 32.0 -0.08 0.09 -0.0 -0.26 -0.08 -0.38
70 162.0 569.0 129.0 31.0 -0.08 0.08 0.02 -0.26 -0.1 -0.26
71 153.0 571.0 129.0 32.0 -0.09 0.1 0.04 -0.2 -0.07 -0.13
72 173.0 580.0 125.0 29.0 -0.1 0.11 0.05 -0.15 -0.09 -0.19
73 172.0 605.0 122.0 27.0 -0.1 0.1 0.05 -0.23 -0.08 -0.2
74 162.0 573.0 114.0 28.0 -0.09 0.1 0.07 -0.14 -0.09 -0.28
75 156.0 591.0 105.0 28.0 -0.08 0.1 0.06 -0.07 -0.15 -0.23
76 173.0 613.0 110.0 27.0 -0.07 0.09 0.06 0.0 -0.16 -0.15
77 167.0 592.0 105.0 26.0 -0.05 0.08 0.06 0.04 -0.17 0.02
78 162.0 604.0 102.0 28.0 -0.04 0.08 0.05 0.04 -0.2 0.0
79 167.0 630.0 110.0 28.0 -0.02 0.05 0.02 0.05 -0.17 -0.05
80 145.0 624.0 108.0 28.0 -0.0 0.04 -0.02 0.01 -0.12 -0.16
81 180.0 604.0 104.0 30.0 -0.0 0.04 -0.03 -0.03 -0.12 -0.2
82 161.0 536.0 132.0 29.0 0.02 0.02 -0.03 0.0 -0.13 -0.27
83 174.0 537.0 128.0 30.0 0.03 -0.01 -0.04 -0.02 -0.13 -0.17
84 162.0 613.0 131.0 29.0 0.02 -0.0 -0.05 -0.1 -0.11 -0.09
85 150.0 619.0 123.0 28.0 0.01 0.03 -0.06 -0.14 -0.1 -0.16
86 146.0 639.0 122.0 28.0 -0.01 0.05 -0.05 -0.25 -0.13 -0.41
87 162.0 594.0 118.0 27.0 -0.02 0.05 -0.04 -0.21 -0.14 -0.35
88 169.0 636.0 112.0 35.0 -0.03 0.04 -0.02 -0.23 -0.13 -0.42
89 145.0 542.0 107.0 33.0 -0.05 0.0 0.0 -0.15 -0.22 -0.39
90 151.0 523.0 100.0 31.0 -0.06 -0.01 0.01 -0.16 -0.24 -0.41
91 136.0 506.0 100.0 30.0 -0.08 -0.01 0.01 -0.14 -0.24 -0.28
92 161.0 474.0 93.0 28.0 -0.09 0.03 0.01 -0.16 -0.23 -0.39
93 152.0 425.0 92.0 27.0 -0.08 0.04 0.01 -0.19 -0.19 -0.4
94 128.0 374.0 88.0 27.0 -0.09 0.02 0.0 -0.27 -0.2 -0.37
95 111.0 350.0 84.0 31.0 -0.08 0.01 -0.0 -0.27 -0.2 -0.42
96 107.0 356.0 81.0 30.0 -0.08 0.03 0.0 -0.33 -0.22 -0.51
97 92.0 306.0 77.0 32.0 -0.11 0.13 0.03 -0.33 -0.31 -0.59
98 83.0 266.0 75.0 31.0 -0.15 0.21 0.08 -0.42 -0.46 -0.71
99 79.0 231.0 73.0 29.0 -0.16 0.23 0.11 -0.51 -0.5 -0.7
100 76.0 205.0 70.0 28.0 -0.21 0.21 0.16 -0.76 -0.55 -0.7
101 76.0 182.0 70.0 27.0 -0.28 0.25 0.21 -0.85 -0.71 -0.98
102 71.0 164.0 68.0 23.0 -0.32 0.32 0.24 -0.81 -0.67 -1.08
103 64.0 149.0 67.0 25.0 -0.4 0.61 0.32 -1.14 -0.62 -1.32
104 67.0 141.0 67.0 25.0 -0.54 1.06 0.39 -1.13 -0.74 -1.61
105 68.0 131.0 66.0 25.0 -0.63 1.26 0.41 -1.04 -0.81 -1.67
106 61.0 128.0 66.0 24.0 -0.81 1.5 0.43 -0.78 -0.68 -1.79
107 56.0 120.0 66.0 24.0 -1.04 1.66 0.42 -0.31 -0.53 -2.21
108 70.0 112.0 67.0 25.0 -1.16 1.79 0.43 -0.34 -0.51 -2.53
109 79.0 114.0 68.0 25.0 -1.51 1.99 0.47 -0.47 -0.37 -3.04
110 74.0 120.0 68.0 25.0 -2.08 1.79 0.55 -1.16 -0.65 -3.04
111 64.0 110.0 67.0 24.0 -2.2 1.62 0.53 -1.41 -0.72 -2.94
112 78.0 104.0 66.0 26.0 -2.26 1.45 0.5 -2.1 -0.99 -2.16
113 76.0 99.0 67.0 25.0 -2.48 0.93 0.55 -0.49 -0.58 -1.83
114 83.0 95.0 65.0 25.0 -2.61 0.99 0.6 -0.69 -1.01 -1.07
115 82.0 97.0 64.0 25.0 -2.66 0.87 0.6 -0.09 -0.79 -0.29
116 92.0 94.0 65.0 24.0 -2.59 0.66 0.56 -0.78 -0.96 0.54
117 87.0 93.0 83.0 26.0 -2.5 0.58 0.52 -0.93 -0.92 0.64
118 78.0 93.0 89.0 23.0 -2.27 0.6 0.41 -0.4 -0.48 1.02
119 91.0 96.0 85.0 30.0 -2.08 0.74 0.4 0.81 -0.82 1.94
120 92.0 100.0 77.0 29.0 -1.94 0.85 0.27 0.77 -0.57 2.08
121 86.0 98.0 73.0 27.0 -1.81 1.0 0.16 0.46 -0.51 1.63
122 73.0 98.0 67.0 26.0 -1.58 0.83 0.12 0.11 -0.34 0.98
123 67.0 99.0 64.0 26.0 -1.49 0.68 0.08 -0.02 -0.27 0.73
124 57.0 99.0 72.0 25.0 -1.33 0.38 0.0 -0.16 -0.29 0.18
125 52.0 100.0 69.0 24.0 -1.18 0.24 0.02 0.02 -0.27 -0.03
126 52.0 104.0 73.0 24.0 -1.14 0.27 0.04 0.73 -0.14 -0.5
127 51.0 109.0 86.0 26.0 -0.76 0.59 0.17 0.58 -2.76 3.11
128 44.0 114.0 91.0 24.0 0.22 3.44 0.0 0.63 -1.68 8.93
129 43.0 115.0 89.0 23.0 0.38 2.88 -0.28 0.16 -1.24 7.34
130 38.0 115.0 82.0 23.0 0.16 0.81 -0.37 -2.81 -0.96 -0.65
131 34.0 114.0 76.0 23.0 0.23 0.61 -0.34 -1.94 0.48 -1.77
132 33.0 116.0 71.0 23.0 0.23 0.71 -0.29 -2.12 0.45 -1.42
133 30.0 118.0 70.0 23.0 0.27 0.23 -0.14 -1.39 -0.04 0.49
134 29.0 117.0 66.0 23.0 0.27 -0.18 -0.04 0.1 0.01 0.49
135 30.0 118.0 67.0 23.0 0.21 -0.21 0.0 0.36 -0.05 -0.1
136 26.0 116.0 64.0 23.0 0.14 -0.04 -0.01 0.58 -0.22 -0.31
137 26.0 117.0 62.0 23.0 0.16 0.16 -0.05 0.35 -0.36 -0.28
138 24.0 117.0 59.0 23.0 0.14 0.17 -0.04 0.14 -0.35 -0.22
139 28.0 117.0 66.0 23.0 0.07 0.12 -0.03 -0.13 -0.28 -0.13
140 27.0 115.0 63.0 23.0 0.05 0.09 -0.05 -0.56 -0.22 -0.17
141 25.0 114.0 60.0 23.0 0.07 0.07 -0.06 -0.56 -0.14 -0.14
142 25.0 112.0 60.0 23.0 0.11 0.02 -0.06 -0.45 -0.07 -0.14
