1 17.0 81.0 53.0 22.0 -0.03 0.01 0.02 -0.23 -0.16 -0.2
2 17.0 80.0 52.0 23.0 -0.01 0.02 0.01 -0.18 -0.11 -0.17
3 17.0 79.0 51.0 23.0 -0.0 0.0 -0.0 -0.2 -0.12 -0.19
4 17.0 79.0 50.0 23.0 0.0 -0.0 -0.01 -0.13 -0.13 -0.2
5 18.0 79.0 49.0 23.0 0.02 0.0 -0.01 -0.12 -0.11 -0.18
6 17.0 79.0 50.0 23.0 0.02 0.01 -0.02 -0.13 -0.11 -0.22
7 17.0 77.0 53.0 23.0 0.03 0.0 -0.02 -0.16 -0.11 -0.19
8 17.0 78.0 52.0 23.0 0.03 -0.01 -0.02 -0.15 -0.11 -0.19
9 17.0 77.0 51.0 23.0 0.02 -0.02 -0.02 -0.08 -0.12 -0.17
10 17.0 78.0 49.0 23.0 0.02 -0.01 -0.02 -0.01 -0.1 -0.17
11 18.0 76.0 45.0 24.0 0.01 -0.0 -0.02 -0.04 -0.1 -0.19
12 17.0 75.0 48.0 22.0 0.01 0.01 -0.01 -0.1 -0.1 -0.19
13 18.0 75.0 49.0 23.0 0.0 0.0 -0.01 -0.11 -0.09 -0.18
14 19.0 78.0 48.0 23.0 -0.01 -0.01 0.0 -0.13 -0.06 -0.16
15 29.0 78.0 49.0 25.0 -0.02 -0.03 0.0 -0.14 -0.13 -0.17
16 55.0 92.0 52.0 46.0 -0.03 -0.03 0.01 -0.03 -0.06 -0.15
17 82.0 110.0 52.0 74.0 -0.07 -0.05 0.02 0.07 -0.02 -0.11
18 136.0 162.0 52.0 70.0 -0.16 -0.05 0.02 0.0 -0.05 0.0
19 118.0 198.0 53.0 95.0 -0.22 -0.08 0.03 -0.16 -0.16 -0.14
20 151.0 247.0 53.0 100.0 -0.16 -0.14 0.02 -0.1 -0.42 -0.24
21 148.0 266.0 59.0 105.0 0.24 -0.34 -0.02 0.66 -0.33 -0.17
22 157.0 288.0 59.0 168.0 0.31 -0.5 -0.01 0.48 -0.02 0.43
23 153.0 360.0 62.0 153.0 0.17 -0.63 0.02 0.45 0.04 0.68
24 157.0 381.0 61.0 132.0 0.1 -0.44 -0.01 -0.53 -0.09 1.35
25 159.0 401.0 61.0 110.0 0.11 -0.15 -0.08 -1.72 -0.56 2.78
26 136.0 410.0 60.0 92.0 0.54 -0.9 -0.14 -2.17 -0.77 3.35
27 134.0 378.0 59.0 82.0 1.59 -2.04 -0.39 0.47 0.65 3.47
28 133.0 406.0 58.0 69.0 1.43 -1.62 -0.26 1.22 0.68 3.02
29 140.0 572.0 60.0 66.0 1.7 -1.02 -0.27 0.98 0.69 3.06
30 156.0 634.0 61.0 61.0 1.99 -0.6 -0.33 0.43 0.77 2.62
31 165.0 819.0 64.0 62.0 2.16 -0.64 -0.37 0.25 0.55 1.71
32 175.0 822.0 75.0 54.0 2.46 -1.52 -0.47 0.38 0.49 0.69
33 159.0 759.0 80.0 55.0 2.46 -2.75 -0.54 1.42 0.5 1.43
34 179.0 853.0 90.0 59.0 2.3 -2.92 -0.56 1.69 0.7 2.18
35 184.0 867.0 95.0 54.0 1.93 -2.48 -0.64 1.12 0.48 2.12
36 189.0 950.0 98.0 53.0 1.93 -1.93 -0.78 -0.3 0.2 1.02
37 191.0 966.0 118.0 54.0 1.86 -1.7 -0.85 -0.31 -0.11 -0.07
38 174.0 967.0 124.0 70.0 1.76 -1.24 -0.88 0.09 -0.41 -0.53
39 207.0 967.0 137.0 80.0 1.72 -1.04 -0.86 0.03 -1.04 -0.55
40 194.0 967.0 142.0 75.0 1.67 -0.99 -0.8 -0.73 -1.27 -0.1
41 233.0 967.0 147.0 67.0 1.69 -0.98 -0.75 -1.39 -1.25 -0.33
42 254.0 967.0 138.0 66.0 1.65 -0.86 -0.58 -1.75 -1.46 -0.28
43 229.0 966.0 153.0 63.0 1.61 -0.76 -0.48 -1.49 -1.64 -1.04
44 237.0 967.0 153.0 57.0 1.51 -0.74 -0.31 -1.47 -1.66 -0.86
45 233.0 967.0 154.0 55.0 1.42 -0.75 -0.18 -1.54 -1.6 -0.54
46 247.0 967.0 176.0 63.0 1.35 -0.72 -0.13 -1.56 -1.44 -1.22
47 285.0 963.0 179.0 67.0 1.25 -0.68 -0.03 -1.37 -1.37 -1.31
48 254.0 967.0 183.0 61.0 1.12 -0.59 0.04 -1.2 -1.3 -1.81
49 253.0 966.0 185.0 59.0 1.05 -0.55 0.06 -0.98 -1.23 -1.76
50 246.0 966.0 180.0 53.0 0.89 -0.48 0.08 -1.08 -1.14 -1.82
51 269.0 966.0 186.0 55.0 0.72 -0.38 0.09 -1.0 -1.12 -1.95
52 265.0 887.0 186.0 51.0 0.63 -0.33 0.09 -0.84 -1.21 -2.06
53 258.0 849.0 180.0 53.0 0.47 -0.27 0.08 -0.67 -1.2 -2.1
54 265.0 829.0 166.0 53.0 0.31 -0.22 0.05 -0.84 -1.13 -2.22
55 251.0 829.0 190.0 54.0 0.23 -0.2 0.04 -0.77 -1.06 -2.13
56 225.0 816.0 194.0 57.0 0.09 -0.12 0.02 -0.7 -1.04 -2.11
57 216.0 803.0 190.0 53.0 -0.05 -0.08 -0.01 -0.54 -0.94 -1.62
58 245.0 799.0 173.0 56.0 -0.09 -0.09 -0.02 -0.39 -0.9 -1.31
59 241.0 758.0 161.0 56.0 -0.18 -0.06 -0.02 -0.43 -0.78 -1.12
60 246.0 737.0 157.0 53.0 -0.25 0.0 -0.02 -0.54 -0.76 -0.62
61 243.0 836.0 153.0 51.0 -0.23 0.02 -0.01 -0.5 -0.56 -0.35
62 246.0 784.0 165.0 47.0 -0.24 0.03 0.01 -0.48 -0.49 -0.15
63 234.0 701.0 166.0 52.0 -0.22 0.04 0.02 -0.41 -0.33 -0.08
64 213.0 667.0 151.0 60.0 -0.21 0.06 0.02 -0.38 -0.2 -0.01
65 202.0 600.0 146.0 52.0 -0.19 0.07 0.02 -0.31 -0.11 -0.07
66 192.0 629.0 143.0 53.0 -0.17 0.08 0.02 -0.24 -0.06 -0.15
67 174.0 570.0 142.0 48.0 -0.16 0.07 0.02 -0.2 0.04 0.07
68 178.0 558.0 153.0 52.0 -0.14 0.08 0.02 -0.23 0.08 0.17
69 166.0 567.0 140.0 54.0 -0.12 0.08 0.02 -0.24 0.06 0.05
70 184.0 605.0 133.0 48.0 -0.11 0.08 0.03 -0.11 0.04 -0.04
71 179.0 633.0 138.0 46.0 -0.09 0.06 0.04 -0.09 0.0 -0.1
72 175.0 609.0 132.0 43.0 -0.08 0.06 0.07 -0.03 -0.02 0.03
73 164.0 589.0 137.0 41.0 -0.07 0.06 0.08 -0.09 -0.02 -0.1
74 156.0 518.0 135.0 40.0 -0.06 0.04 0.09 -0.01 -0.02 -0.12
75 146.0 456.0 123.0 40.0 -0.06 0.04 0.09 0.07 -0.01 -0.05
76 125.0 485.0 119.0 36.0 -0.06 0.04 0.09 0.13 -0.08 -0.11
77 136.0 504.0 116.0 36.0 -0.05 0.02 0.07 0.12 -0.13 -0.07
78 152.0 561.0 121.0 33.0 -0.04 0.02 0.04 0.09 -0.14 0.02
79 167.0 551.0 129.0 32.0 -0.03 0.04 0.03 0.11 -0.12 0.0
80 151.0 516.0 121.0 33.0 -0.02 0.07 0.0 0.04 -0.2 -0.11
81 128.0 523.0 121.0 31.0 -0.0 0.03 -0.03 0.04 -0.19 -0.05
82 154.0 577.0 112.0 31.0 0.0 0.02 -0.04 -0.02 -0.21 -0.03
83 137.0 534.0 106.0 30.0 0.01 0.03 -0.06 -0.21 -0.32 -0.16
84 140.0 494.0 100.0 29.0 0.01 0.01 -0.05 -0.29 -0.32 -0.26
85 156.0 438.0 96.0 28.0 0.01 -0.01 -0.05 -0.29 -0.29 -0.33
86 147.0 396.0 89.0 27.0 0.0 -0.06 -0.02 -0.28 -0.19 -0.34
87 145.0 478.0 92.0 32.0 -0.03 -0.13 0.03 -0.08 -0.02 -0.42
88 140.0 416.0 90.0 31.0 -0.04 -0.17 0.05 0.01 0.01 -0.55
89 143.0 395.0 83.0 30.0 -0.05 -0.2 0.09 0.17 0.08 -0.78
90 144.0 363.0 79.0 28.0 -0.1 -0.22 0.09 0.41 -0.14 -0.62
91 128.0 348.0 77.0 27.0 -0.1 -0.24 0.08 0.37 -0.21 -0.43
92 112.0 331.0 77.0 29.0 -0.1 -0.24 0.03 0.0 -0.41 0.25
93 113.0 307.0 74.0 32.0 -0.1 -0.19 -0.02 -0.16 -0.5 0.4
94 100.0 300.0 72.0 35.0 -0.1 -0.14 -0.03 -0.3 -0.62 0.35
95 88.0 282.0 71.0 34.0 -0.07 -0.05 -0.06 -0.64 -0.82 0.0
96 78.0 247.0 69.0 32.0 -0.06 0.04 -0.05 -1.0 -1.09 -0.41
97 68.0 215.0 68.0 32.0 -0.05 0.07 -0.03 -1.07 -1.13 -0.57
98 63.0 192.0 67.0 35.0 -0.07 0.14 0.02 -1.18 -1.22 -0.87
99 66.0 203.0 65.0 33.0 -0.13 0.23 0.11 -1.63 -1.29 -1.29
100 64.0 175.0 62.0 31.0 -0.18 0.29 0.17 -1.72 -1.25 -1.36
101 60.0 162.0 68.0 33.0 -0.31 0.48 0.3 -1.89 -1.06 -2.01
102 62.0 150.0 106.0 32.0 -0.52 0.57 0.42 -1.82 -1.05 -2.11
103 61.0 141.0 136.0 29.0 -0.63 0.54 0.47 -1.82 -1.07 -1.98
104 66.0 132.0 140.0 28.0 -0.89 0.46 0.6 -1.53 -0.91 -1.07
105 70.0 128.0 125.0 27.0 -1.19 0.54 0.75 -0.95 -0.66 -0.9
106 64.0 125.0 111.0 27.0 -1.36 0.65 0.82 -0.85 -0.27 -1.42
107 78.0 120.0 100.0 27.0 -1.77 0.9 0.96 -1.08 0.03 -2.41
108 84.0 127.0 94.0 26.0 -2.12 1.19 1.1 -1.33 -0.13 -2.3
109 88.0 122.0 97.0 25.0 -2.25 1.38 1.17 -0.66 -0.04 -2.28
110 88.0 153.0 90.0 25.0 -2.62 1.98 1.19 -1.33 -0.63 -1.91
111 98.0 189.0 84.0 31.0 -2.76 2.14 1.1 -0.1 -0.72 -1.3
112 100.0 187.0 85.0 29.0 -2.81 2.06 1.06 -0.17 -0.79 -1.28
113 92.0 168.0 81.0 32.0 -2.62 1.51 0.96 -0.58 -0.89 0.15
114 84.0 162.0 78.0 31.0 -2.33 0.73 0.81 0.13 -0.56 0.86
115 70.0 195.0 73.0 35.0 -2.22 0.58 0.74 0.89 -0.59 1.61
116 64.0 204.0 68.0 33.0 -2.03 0.85 0.61 1.1 -0.37 1.59
117 62.0 188.0 63.0 31.0 -1.8 1.49 0.5 0.07 -0.41 0.85
118 65.0 177.0 61.0 29.0 -1.72 1.74 0.5 0.3 -0.47 0.86
119 63.0 168.0 60.0 31.0 -1.61 1.9 0.43 -0.15 -0.45 0.85
120 55.0 160.0 58.0 29.0 -1.55 1.74 0.31 -0.69 -0.43 0.2
121 54.0 153.0 57.0 27.0 -1.5 1.56 0.27 -0.76 -0.38 -0.04
122 48.0 149.0 59.0 27.0 -1.41 1.15 0.23 -0.8 -0.29 -0.72
123 42.0 147.0 63.0 25.0 -1.42 0.84 0.2 0.0 -0.22 -0.91
124 38.0 143.0 65.0 25.0 -1.55 0.59 0.17 -0.36 0.46 -4.05
125 35.0 143.0 79.0 25.0 -1.0 0.17 0.15 1.6 -3.54 4.66
126 31.0 140.0 86.0 25.0 0.35 2.07 0.2 2.81 -0.66 8.73
127 27.0 133.0 86.0 24.0 0.41 3.83 0.08 -2.26 -1.48 7.01
128 26.0 126.0 78.0 24.0 0.46 2.37 -0.35 -1.15 1.33 2.4
129 24.0 117.0 72.0 24.0 0.49 1.24 -0.35 -1.98 0.13 -1.29
130 22.0 112.0 71.0 24.0 0.38 1.26 -0.44 -1.77 0.64 -0.91
131 21.0 109.0 70.0 22.0 0.31 0.93 -0.34 -1.92 0.35 0.28
132 20.0 104.0 67.0 24.0 0.23 0.16 -0.15 -1.07 0.33 0.04
133 19.0 98.0 65.0 23.0 0.23 -0.11 -0.09 -0.52 0.19 0.0
134 18.0 95.0 64.0 23.0 0.16 -0.27 0.0 0.38 -0.1 -0.06
135 19.0 93.0 65.0 24.0 0.16 -0.25 0.0 0.42 -0.25 -0.22
136 19.0 92.0 66.0 23.0 0.21 -0.1 -0.04 0.4 -0.3 -0.22
137 19.0 92.0 64.0 23.0 0.22 0.08 -0.03 0.38 -0.24 -0.15
138 18.0 91.0 64.0 23.0 0.18 0.15 -0.04 -0.14 -0.16 -0.16
139 18.0 89.0 63.0 24.0 0.07 0.2 -0.06 -0.31 -0.19 -0.2
140 17.0 88.0 64.0 23.0 0.03 0.13 -0.05 -0.5 -0.05 -0.14
141 17.0 86.0 62.0 23.0 0.06 0.11 -0.05 -0.42 0.01 -0.07
142 16.0 85.0 62.0 23.0 0.08 0.01 -0.05 -0.54 -0.02 -0.1
143 17.0 84.0 61.0 23.0 0.12 -0.05 -0.05 -0.19 0.04 -0.08
