1 24.0 68.0 77.0 23.0 0.0 -0.02 -0.02 0.03 0.0 -0.01
2 27.0 69.0 76.0 23.0 -0.01 -0.01 -0.02 0.02 0.03 -0.01
3 25.0 69.0 72.0 23.0 -0.02 -0.01 -0.02 0.0 0.0 -0.05
4 23.0 67.0 70.0 23.0 -0.01 -0.01 -0.01 0.03 -0.04 -0.06
5 22.0 68.0 82.0 23.0 0.0 -0.02 -0.0 0.02 -0.05 -0.07
6 20.0 68.0 80.0 23.0 0.03 -0.02 0.01 -0.01 0.02 -0.07
7 24.0 70.0 76.0 23.0 0.05 -0.02 0.01 -0.06 0.03 -0.06
8 23.0 70.0 76.0 22.0 0.07 -0.02 0.01 -0.13 0.0 -0.07
9 22.0 72.0 76.0 23.0 0.09 -0.03 -0.0 -0.14 0.02 -0.02
10 23.0 71.0 74.0 23.0 0.11 -0.05 -0.03 -0.16 0.04 -0.02
11 23.0 72.0 72.0 23.0 0.11 -0.05 -0.04 -0.15 0.04 -0.02
12 22.0 71.0 78.0 23.0 0.11 -0.05 -0.07 -0.13 0.08 0.02
13 21.0 70.0 81.0 23.0 0.1 -0.05 -0.09 -0.16 0.08 -0.02
14 19.0 70.0 77.0 23.0 0.07 -0.06 -0.12 -0.11 0.08 -0.04
15 19.0 68.0 71.0 23.0 0.03 -0.08 -0.13 0.0 0.1 0.02
16 33.0 70.0 67.0 21.0 -0.01 -0.09 -0.12 0.1 0.11 0.04
17 30.0 71.0 69.0 23.0 -0.03 -0.08 -0.11 0.15 0.08 0.01
18 32.0 72.0 63.0 23.0 -0.08 -0.06 -0.08 0.19 0.1 0.0
19 50.0 86.0 60.0 25.0 -0.12 -0.05 -0.04 0.18 0.2 0.0
20 71.0 117.0 57.0 25.0 -0.14 -0.05 -0.02 0.2 0.22 0.01
21 79.0 200.0 57.0 45.0 -0.19 -0.06 0.02 0.21 0.15 0.03
22 96.0 272.0 56.0 45.0 -0.22 -0.07 0.03 -0.18 -0.26 -0.08
23 101.0 349.0 57.0 58.0 -0.21 -0.07 0.04 -0.29 -0.34 -0.07
24 101.0 351.0 61.0 144.0 -0.05 -0.23 0.08 0.07 -0.24 -0.04
25 97.0 375.0 59.0 127.0 -0.04 -0.74 0.22 -0.09 0.23 0.19
26 127.0 418.0 62.0 111.0 -0.17 -1.37 0.36 -0.32 0.25 0.38
27 115.0 450.0 65.0 121.0 -0.27 -2.21 0.51 -0.78 -0.69 0.94
28 125.0 510.0 66.0 112.0 0.48 -2.26 0.37 -0.34 -0.47 2.07
29 110.0 609.0 70.0 101.0 0.58 -2.32 0.34 -1.04 -0.42 3.0
30 99.0 774.0 74.0 92.0 0.66 -1.63 -0.06 -2.17 -2.58 3.62
31 97.0 809.0 76.0 79.0 1.37 -1.54 0.16 0.82 1.55 2.73
32 85.0 814.0 126.0 70.0 1.72 -1.32 0.06 0.05 0.44 3.01
33 77.0 847.0 130.0 64.0 1.88 -0.92 0.04 -0.14 1.35 4.05
34 75.0 805.0 122.0 57.0 2.0 -1.03 -0.04 0.39 1.54 3.76
35 85.0 859.0 111.0 61.0 2.3 -1.46 -0.14 0.78 1.56 3.13
36 89.0 824.0 113.0 56.0 2.36 -1.64 -0.18 1.17 1.84 1.67
37 97.0 869.0 145.0 62.0 2.3 -1.53 -0.22 0.71 1.29 0.67
38 97.0 918.0 155.0 63.0 2.18 -1.31 -0.3 0.62 0.79 0.21
39 97.0 885.0 140.0 62.0 2.23 -1.33 -0.38 0.82 0.17 0.04
40 153.0 901.0 130.0 62.0 2.29 -1.38 -0.41 0.47 -0.25 -0.86
41 148.0 967.0 127.0 66.0 2.29 -1.43 -0.42 -0.13 -0.33 -1.38
42 188.0 966.0 132.0 82.0 2.12 -1.31 -0.35 -0.7 -0.7 -1.67
43 202.0 966.0 126.0 85.0 2.02 -1.27 -0.31 -0.77 -1.04 -2.11
44 222.0 964.0 130.0 123.0 1.88 -1.33 -0.26 -0.87 -1.12 -2.23
45 242.0 967.0 141.0 122.0 1.71 -1.39 -0.17 -0.96 -1.19 -2.43
46 242.0 966.0 148.0 113.0 1.59 -1.38 -0.12 -0.96 -1.46 -1.79
47 292.0 962.0 156.0 96.0 1.35 -1.23 -0.03 -1.05 -1.49 -1.8
48 289.0 967.0 143.0 93.0 1.1 -1.13 0.06 -0.93 -1.36 -1.85
49 277.0 943.0 160.0 92.0 0.97 -1.04 0.09 -0.88 -1.27 -2.52
50 293.0 967.0 175.0 84.0 0.75 -0.78 0.12 -0.56 -1.19 -2.55
51 268.0 967.0 167.0 75.0 0.49 -0.55 0.16 -0.37 -1.11 -2.25
52 226.0 966.0 183.0 64.0 0.37 -0.48 0.17 -0.77 -1.0 -2.2
53 250.0 967.0 173.0 62.0 0.17 -0.45 0.14 -0.65 -0.86 -2.16
54 225.0 931.0 177.0 60.0 -0.04 -0.28 0.15 -0.32 -0.86 -1.92
55 204.0 904.0 203.0 70.0 -0.13 -0.18 0.13 -0.01 -0.83 -1.95
56 170.0 862.0 191.0 61.0 -0.26 -0.06 0.07 -0.04 -0.78 -1.72
57 149.0 773.0 197.0 56.0 -0.36 0.01 0.02 -0.22 -0.64 -1.0
58 153.0 967.0 178.0 53.0 -0.39 0.03 -0.02 -0.34 -0.52 -0.73
59 134.0 864.0 164.0 50.0 -0.43 0.1 -0.06 -0.26 -0.45 -0.47
60 118.0 855.0 158.0 52.0 -0.43 0.2 -0.09 -0.42 -0.26 -0.25
61 105.0 788.0 152.0 47.0 -0.43 0.21 -0.1 -0.33 -0.01 0.06
62 104.0 766.0 148.0 42.0 -0.39 0.19 -0.12 -0.35 0.08 0.05
63 93.0 728.0 155.0 44.0 -0.33 0.17 -0.12 -0.2 0.2 0.22
64 87.0 771.0 165.0 41.0 -0.29 0.17 -0.13 -0.22 0.25 0.46
65 104.0 724.0 151.0 46.0 -0.22 0.13 -0.15 -0.27 0.34 0.51
66 108.0 658.0 161.0 45.0 -0.16 0.13 -0.15 -0.24 0.44 0.44
67 92.0 646.0 167.0 43.0 -0.13 0.16 -0.14 -0.19 0.48 0.24
68 84.0 604.0 153.0 39.0 -0.08 0.19 -0.12 -0.15 0.48 0.22
69 86.0 628.0 159.0 42.0 -0.0 0.11 -0.09 -0.06 0.43 0.2
70 82.0 611.0 156.0 52.0 0.02 0.08 -0.09 -0.08 0.39 0.19
71 77.0 562.0 155.0 53.0 0.06 0.06 -0.09 -0.17 0.21 -0.01
72 81.0 558.0 173.0 47.0 0.1 0.08 -0.09 -0.05 0.07 -0.01
73 76.0 622.0 167.0 42.0 0.12 0.12 -0.1 -0.36 -0.01 0.01
74 74.0 650.0 155.0 39.0 0.14 0.14 -0.09 -0.34 -0.05 0.07
75 73.0 711.0 144.0 43.0 0.13 0.16 -0.08 -0.46 -0.21 -0.28
76 86.0 722.0 158.0 47.0 0.11 0.17 -0.07 -0.41 -0.23 -0.36
77 82.0 679.0 153.0 41.0 0.1 0.15 -0.03 -0.35 -0.18 -0.48
78 77.0 652.0 173.0 38.0 0.09 0.14 0.01 -0.32 -0.23 -0.49
79 80.0 631.0 162.0 35.0 0.09 0.11 0.03 -0.2 -0.16 -0.33
80 88.0 613.0 147.0 33.0 0.06 0.11 0.04 -0.24 -0.14 -0.42
81 78.0 581.0 136.0 43.0 0.01 0.14 0.04 -0.15 -0.08 -0.66
82 67.0 592.0 152.0 39.0 -0.04 0.13 0.05 -0.1 -0.13 -0.67
83 65.0 622.0 156.0 35.0 -0.06 0.14 0.05 0.1 -0.17 -0.71
84 60.0 569.0 154.0 33.0 -0.09 0.15 0.04 0.09 -0.13 -0.24
85 92.0 535.0 153.0 31.0 -0.11 0.14 0.03 0.01 -0.11 -0.13
86 84.0 509.0 143.0 33.0 -0.11 0.14 0.02 0.04 -0.12 -0.08
87 79.0 514.0 147.0 35.0 -0.12 0.14 0.01 -0.06 -0.13 -0.17
88 68.0 527.0 158.0 35.0 -0.12 0.13 0.01 -0.06 -0.14 -0.22
89 59.0 508.0 159.0 32.0 -0.11 0.12 0.02 -0.05 -0.14 -0.24
90 74.0 517.0 165.0 31.0 -0.09 0.07 0.03 0.0 -0.17 0.01
91 79.0 518.0 144.0 31.0 -0.08 0.05 0.03 -0.01 -0.14 0.09
92 68.0 488.0 134.0 40.0 -0.05 0.04 0.02 0.02 0.0 -0.01
93 77.0 554.0 134.0 40.0 -0.02 0.09 0.02 0.13 0.05 -0.32
94 78.0 488.0 128.0 36.0 0.01 0.15 0.03 0.11 0.05 -0.33
95 101.0 539.0 136.0 36.0 0.04 0.14 0.01 -0.03 0.07 -0.13
96 91.0 484.0 142.0 33.0 0.05 0.07 -0.03 0.08 0.14 0.19
97 83.0 463.0 129.0 34.0 0.05 0.07 -0.04 0.0 0.22 0.14
98 83.0 521.0 137.0 36.0 0.03 0.03 -0.05 -0.13 0.2 -0.14
99 83.0 487.0 156.0 36.0 0.01 0.04 -0.03 -0.28 0.15 -0.15
100 84.0 451.0 163.0 33.0 0.01 0.03 -0.03 -0.27 0.13 -0.22
101 72.0 420.0 162.0 30.0 0.01 0.01 -0.02 -0.3 0.07 -0.22
102 66.0 435.0 151.0 32.0 0.01 -0.01 -0.02 -0.34 0.03 -0.19
103 61.0 423.0 138.0 31.0 0.0 -0.0 -0.01 -0.34 0.02 -0.27
104 61.0 486.0 136.0 40.0 -0.01 0.02 -0.01 -0.29 0.0 -0.35
105 67.0 498.0 132.0 37.0 -0.02 0.04 0.0 -0.18 -0.04 -0.36
106 62.0 481.0 139.0 34.0 -0.02 0.04 0.01 -0.15 -0.05 -0.37
107 60.0 468.0 142.0 31.0 -0.01 0.03 0.01 -0.21 -0.07 -0.26
108 94.0 492.0 132.0 31.0 -0.01 0.03 0.01 -0.15 -0.07 -0.04
109 80.0 448.0 126.0 30.0 -0.01 0.03 0.01 -0.17 -0.06 -0.06
110 99.0 539.0 137.0 31.0 -0.01 0.04 0.0 -0.16 -0.11 -0.18
111 91.0 506.0 146.0 31.0 -0.01 0.06 0.01 -0.05 -0.11 -0.28
112 75.0 445.0 132.0 30.0 -0.02 0.05 0.02 -0.24 -0.15 -0.32
113 69.0 403.0 118.0 28.0 -0.0 0.01 0.03 -0.13 -0.25 -0.13
114 63.0 354.0 106.0 27.0 -0.02 0.05 0.05 -0.2 -0.38 -0.17
115 64.0 300.0 95.0 28.0 -0.03 0.08 0.07 -0.2 -0.43 -0.27
116 69.0 254.0 85.0 32.0 -0.08 0.12 0.13 -0.31 -0.48 -0.58
117 77.0 240.0 81.0 34.0 -0.15 0.17 0.23 -0.43 -0.44 -0.96
118 72.0 222.0 75.0 31.0 -0.21 0.19 0.28 -0.48 -0.65 -1.16
119 87.0 210.0 77.0 30.0 -0.33 0.3 0.39 -1.02 -0.83 -1.57
120 92.0 188.0 75.0 28.0 -0.47 0.49 0.51 -0.95 -0.94 -1.73
121 112.0 166.0 71.0 27.0 -0.55 0.59 0.57 -0.91 -0.98 -1.81
122 107.0 154.0 68.0 27.0 -0.73 0.78 0.67 -0.85 -0.87 -2.04
123 96.0 145.0 68.0 26.0 -0.96 0.99 0.71 -0.63 -0.75 -2.08
124 102.0 136.0 66.0 25.0 -1.1 1.15 0.72 -0.35 -0.62 -2.21
125 95.0 130.0 68.0 25.0 -1.42 1.53 0.72 -0.23 -0.54 -2.38
126 82.0 124.0 81.0 30.0 -1.75 1.83 0.69 -0.24 -0.25 -2.22
127 84.0 119.0 83.0 29.0 -1.93 1.92 0.66 -0.26 0.03 -2.27
128 72.0 114.0 85.0 28.0 -2.26 1.95 0.58 -1.4 0.13 -2.37
129 65.0 107.0 83.0 27.0 -2.53 1.46 0.42 -1.34 -0.14 -1.71
130 64.0 103.0 76.0 29.0 -2.59 1.13 0.31 -0.94 -0.18 -1.25
131 68.0 101.0 71.0 28.0 -2.72 0.66 0.12 -0.93 -0.15 -0.01
132 66.0 106.0 69.0 40.0 -2.78 0.85 0.14 1.42 0.31 -0.74
133 81.0 102.0 66.0 41.0 -2.76 1.06 0.17 1.22 0.27 -1.56
134 72.0 99.0 65.0 37.0 -2.56 1.19 0.12 0.6 0.25 -1.46
135 78.0 94.0 62.0 36.0 -2.43 1.09 0.01 -0.85 -0.85 0.42
136 73.0 90.0 60.0 33.0 -2.28 0.92 0.02 -0.05 -1.02 1.22
137 63.0 88.0 61.0 31.0 -1.97 0.68 -0.17 -0.41 -0.8 1.95
138 60.0 88.0 62.0 29.0 -1.68 0.65 -0.27 -0.27 -0.66 1.73
139 59.0 87.0 62.0 28.0 -1.59 0.74 -0.29 1.17 -0.67 0.41
140 63.0 91.0 61.0 26.0 -0.87 1.12 -0.05 2.22 -2.88 8.48
141 56.0 96.0 81.0 26.0 0.36 2.28 -0.03 0.0 -2.36 11.45
142 49.0 96.0 87.0 25.0 0.64 1.52 -0.3 0.55 0.42 5.15
143 76.0 96.0 82.0 25.0 0.6 0.77 -0.29 -1.03 1.97 0.75
144 73.0 98.0 81.0 25.0 0.37 1.0 -0.3 -0.99 0.8 -1.22
145 61.0 101.0 76.0 24.0 0.25 0.93 -0.24 -1.26 0.17 -0.7
146 52.0 104.0 74.0 24.0 0.22 0.29 -0.11 -0.17 0.04 0.25
147 44.0 107.0 73.0 24.0 0.13 0.04 0.01 0.99 -0.02 0.08
148 40.0 111.0 72.0 24.0 0.08 0.07 0.05 1.02 -0.04 0.0
149 35.0 111.0 76.0 24.0 0.06 0.27 0.07 0.57 -0.11 -0.12
150 34.0 113.0 81.0 24.0 0.05 0.44 0.08 0.06 -0.18 0.01
151 33.0 116.0 78.0 23.0 0.03 0.42 0.08 -0.18 -0.09 0.17
152 38.0 118.0 74.0 23.0 -0.04 0.3 0.06 -0.53 0.1 0.34
153 39.0 118.0 72.0 24.0 -0.11 0.2 0.04 -0.6 0.23 0.22
154 34.0 117.0 73.0 23.0 -0.11 0.15 0.04 -0.49 0.32 -0.03
155 30.0 116.0 71.0 23.0 0.02 0.01 0.05 -0.28 0.48 -0.11
156 28.0 118.0 74.0 24.0 0.05 -0.0 -0.0 -0.06 0.04 -0.04
157 25.0 118.0 72.0 23.0 0.05 0.02 0.0 0.06 0.15 -0.14
158 23.0 118.0 74.0 23.0 0.09 0.03 -0.02 0.0 -0.01 -0.06
159 22.0 119.0 73.0 23.0 0.09 0.03 -0.03 -0.09 -0.03 -0.08
160 20.0 120.0 71.0 23.0 0.1 0.02 -0.03 -0.08 0.0 -0.02
