1 45.0 104.0 54.0 23.0 -0.05 -0.03 -0.02 -0.04 0.04 -0.07
2 61.0 105.0 54.0 23.0 -0.06 -0.02 -0.02 -0.12 0.08 -0.13
3 54.0 103.0 52.0 23.0 -0.07 -0.02 -0.03 -0.11 0.09 -0.03
4 50.0 101.0 51.0 23.0 -0.09 -0.01 -0.04 -0.15 0.06 -0.01
5 47.0 97.0 51.0 23.0 -0.08 -0.02 -0.04 -0.06 0.04 -0.04
6 40.0 101.0 54.0 23.0 -0.07 -0.02 -0.04 0.03 0.02 -0.03
7 37.0 99.0 55.0 24.0 -0.06 -0.03 -0.03 0.02 0.02 -0.05
8 43.0 99.0 53.0 23.0 -0.04 -0.03 -0.03 -0.01 0.01 -0.09
9 56.0 101.0 52.0 23.0 -0.04 -0.03 -0.03 -0.01 0.03 0.0
10 71.0 105.0 53.0 23.0 -0.04 -0.05 -0.02 0.0 0.05 0.04
11 68.0 118.0 52.0 24.0 -0.09 -0.06 -0.02 -0.02 0.13 0.25
12 112.0 173.0 54.0 116.0 -0.14 -0.08 -0.01 -0.02 0.11 0.68
13 116.0 243.0 56.0 114.0 -0.17 -0.12 -0.0 -0.18 0.1 0.96
14 134.0 306.0 60.0 116.0 0.2 -0.11 -0.01 -0.6 -0.02 0.44
15 133.0 441.0 70.0 135.0 0.44 -0.19 -0.0 -0.67 -0.09 0.52
16 136.0 428.0 72.0 140.0 0.52 -0.74 0.05 -0.88 -0.04 1.17
17 182.0 440.0 69.0 121.0 0.35 -1.5 0.09 -0.69 0.1 2.1
18 191.0 458.0 71.0 117.0 0.47 -1.8 0.04 -2.67 -0.69 2.53
19 201.0 561.0 70.0 97.0 1.18 -2.33 -0.23 0.05 1.54 2.7
20 203.0 642.0 80.0 86.0 1.59 -2.03 -0.17 0.85 1.21 3.08
21 191.0 695.0 87.0 78.0 1.75 -1.69 -0.2 0.41 0.55 3.72
22 165.0 648.0 83.0 70.0 2.13 -1.34 -0.31 0.03 0.72 3.24
23 142.0 661.0 88.0 65.0 2.45 -1.56 -0.37 0.27 0.65 2.72
24 136.0 692.0 92.0 56.0 2.52 -1.69 -0.38 0.75 0.73 1.38
25 135.0 669.0 90.0 51.0 2.57 -1.68 -0.35 0.66 0.55 1.45
26 124.0 770.0 87.0 48.0 2.4 -1.29 -0.27 0.21 0.11 1.18
27 115.0 790.0 87.0 48.0 2.35 -1.13 -0.26 -0.6 -0.22 -0.27
28 102.0 801.0 82.0 44.0 2.21 -1.02 -0.18 -0.72 -0.69 -0.26
29 95.0 716.0 83.0 55.0 1.96 -1.26 -0.17 -0.22 -1.0 -0.18
30 96.0 728.0 88.0 50.0 1.9 -1.32 -0.2 0.94 -0.1 -2.81
31 106.0 764.0 87.0 57.0 1.79 -1.44 -0.35 1.76 -0.1 -2.89
32 142.0 886.0 121.0 60.0 1.65 -0.74 -0.34 -0.37 -1.16 -1.78
33 152.0 911.0 118.0 80.0 1.67 -0.77 -0.35 -0.58 -1.02 -1.11
34 155.0 893.0 117.0 79.0 1.61 -0.97 -0.44 -0.6 -1.11 -0.72
35 179.0 929.0 117.0 87.0 1.45 -0.93 -0.36 -0.94 -1.24 -0.66
36 181.0 966.0 132.0 76.0 1.4 -0.91 -0.32 -0.72 -1.35 -0.16
37 236.0 966.0 134.0 83.0 1.42 -0.79 -0.28 -0.54 -1.43 -0.05
38 257.0 967.0 127.0 72.0 1.35 -0.58 -0.22 -0.91 -1.23 -0.66
39 255.0 956.0 128.0 75.0 1.3 -0.51 -0.22 -0.88 -1.45 -1.0
40 290.0 857.0 133.0 84.0 1.18 -0.54 -0.16 -0.77 -1.37 -1.02
41 276.0 887.0 152.0 88.0 1.02 -0.58 -0.13 -0.59 -1.21 -1.41
42 263.0 807.0 156.0 84.0 0.93 -0.54 -0.1 -0.88 -1.08 -1.54
43 241.0 817.0 147.0 80.0 0.72 -0.41 -0.04 -0.95 -0.88 -2.02
44 219.0 776.0 142.0 75.0 0.45 -0.28 0.03 -0.72 -0.85 -2.16
45 223.0 844.0 151.0 74.0 0.33 -0.22 0.06 -0.48 -0.69 -2.61
46 200.0 777.0 147.0 65.0 0.1 -0.13 0.1 -0.41 -0.66 -2.66
47 182.0 703.0 137.0 59.0 -0.09 -0.05 0.13 -0.12 -0.7 -2.05
48 180.0 774.0 138.0 61.0 -0.18 -0.07 0.14 -0.03 -0.52 -1.29
49 167.0 741.0 140.0 66.0 -0.33 -0.07 0.13 -0.17 -0.42 -1.06
50 183.0 786.0 139.0 65.0 -0.44 -0.03 0.09 -0.09 -0.31 -0.98
51 165.0 740.0 133.0 57.0 -0.47 0.05 0.07 0.05 -0.29 -0.96
52 161.0 809.0 142.0 56.0 -0.49 0.13 0.02 -0.06 -0.21 -0.37
53 164.0 792.0 145.0 52.0 -0.46 0.04 -0.03 -0.22 -0.14 0.22
54 148.0 776.0 143.0 60.0 -0.44 0.02 -0.04 -0.46 -0.02 0.71
55 143.0 762.0 143.0 58.0 -0.39 0.07 -0.08 -0.42 0.08 0.69
56 125.0 722.0 148.0 62.0 -0.32 0.14 -0.08 -0.24 0.16 0.54
57 161.0 671.0 144.0 62.0 -0.27 0.16 -0.08 -0.25 0.31 0.47
58 178.0 736.0 145.0 55.0 -0.18 0.11 -0.06 -0.21 0.36 0.55
59 171.0 765.0 148.0 49.0 -0.1 0.09 -0.05 -0.24 0.45 0.4
60 147.0 723.0 165.0 51.0 -0.06 0.13 -0.04 -0.22 0.49 0.21
61 172.0 717.0 158.0 47.0 0.0 0.16 -0.02 -0.15 0.45 0.15
62 188.0 734.0 161.0 46.0 0.05 0.11 0.01 0.0 0.4 0.12
63 167.0 779.0 168.0 43.0 0.06 0.09 0.02 0.0 0.3 -0.06
64 148.0 704.0 160.0 41.0 0.09 0.05 0.03 -0.07 0.23 0.0
65 141.0 708.0 161.0 45.0 0.1 0.03 0.04 0.0 0.13 -0.03
66 146.0 645.0 151.0 42.0 0.1 0.02 0.05 0.0 0.04 -0.18
67 137.0 622.0 141.0 45.0 0.1 0.02 0.05 -0.04 -0.03 -0.25
68 166.0 708.0 154.0 43.0 0.09 0.03 0.05 -0.03 -0.1 -0.32
69 157.0 682.0 152.0 46.0 0.08 0.03 0.04 -0.04 -0.11 -0.4
70 168.0 686.0 150.0 48.0 0.06 0.01 0.03 -0.08 -0.12 -0.44
71 147.0 682.0 148.0 48.0 0.04 0.01 0.03 -0.11 -0.19 -0.55
72 144.0 710.0 145.0 48.0 0.03 0.02 0.03 0.0 -0.23 -0.53
73 145.0 726.0 151.0 44.0 0.0 0.06 0.03 -0.11 -0.25 -0.36
74 153.0 644.0 148.0 39.0 -0.0 0.03 0.02 -0.1 -0.17 -0.28
75 141.0 586.0 144.0 36.0 -0.01 0.03 0.01 -0.04 -0.13 -0.1
76 121.0 499.0 135.0 34.0 -0.02 0.05 -0.01 0.01 -0.08 -0.08
77 100.0 468.0 136.0 32.0 -0.04 0.08 -0.03 0.1 -0.12 -0.13
78 94.0 442.0 143.0 32.0 -0.05 0.11 -0.03 0.01 -0.2 0.24
79 87.0 429.0 153.0 33.0 -0.08 0.13 -0.04 0.02 -0.23 0.42
80 84.0 472.0 146.0 35.0 -0.08 0.12 -0.06 -0.41 -0.24 0.16
81 96.0 446.0 155.0 35.0 -0.05 0.14 -0.06 -0.38 -0.18 0.0
82 112.0 473.0 173.0 33.0 0.02 0.13 -0.03 -0.38 -0.15 0.2
83 111.0 440.0 171.0 32.0 0.11 0.05 -0.0 -0.43 0.0 0.3
84 110.0 430.0 157.0 33.0 0.13 0.03 0.02 -0.41 0.16 0.05
85 105.0 442.0 144.0 31.0 0.13 0.04 0.04 -0.35 0.22 -0.18
86 94.0 438.0 150.0 33.0 0.11 0.06 0.07 -0.17 0.21 -0.62
87 90.0 423.0 149.0 32.0 0.1 0.07 0.08 0.08 0.22 -0.89
88 78.0 407.0 156.0 30.0 0.06 0.06 0.09 0.14 0.21 -0.88
89 87.0 423.0 164.0 30.0 0.02 0.02 0.07 0.19 0.09 -0.82
90 85.0 491.0 152.0 55.0 -0.0 0.01 0.05 0.12 0.02 -0.66
91 76.0 423.0 138.0 51.0 -0.05 0.02 0.03 0.08 0.0 -0.54
92 65.0 372.0 127.0 46.0 -0.06 0.05 -0.0 -0.03 -0.14 -0.55
93 60.0 373.0 131.0 40.0 -0.08 0.04 -0.01 -0.08 -0.19 -0.24
94 74.0 445.0 132.0 38.0 -0.09 0.04 -0.03 -0.31 -0.26 -0.03
95 68.0 382.0 119.0 35.0 -0.11 0.06 -0.04 -0.42 -0.26 -0.06
96 63.0 350.0 112.0 34.0 -0.12 0.09 -0.04 -0.4 -0.3 -0.12
97 57.0 317.0 106.0 33.0 -0.13 0.1 0.0 -0.4 -0.29 -0.16
98 51.0 289.0 106.0 31.0 -0.13 0.13 0.06 -0.51 -0.34 -0.38
99 45.0 267.0 100.0 29.0 -0.13 0.16 0.1 -0.63 -0.38 -0.35
100 43.0 263.0 94.0 30.0 -0.18 0.22 0.18 -0.61 -0.4 -0.41
101 44.0 301.0 90.0 33.0 -0.28 0.34 0.26 -0.57 -0.53 -0.77
102 45.0 262.0 85.0 31.0 -0.32 0.47 0.31 -0.66 -0.64 -1.51
103 45.0 230.0 86.0 30.0 -0.45 0.8 0.4 -0.72 -0.97 -1.75
104 49.0 209.0 96.0 28.0 -0.62 1.04 0.48 -0.26 -1.01 -1.94
105 49.0 184.0 96.0 27.0 -0.69 1.28 0.56 -0.26 -1.2 -1.69
106 57.0 164.0 92.0 26.0 -0.94 1.58 0.66 -0.17 -1.04 -1.83
107 62.0 149.0 90.0 26.0 -1.29 1.98 0.71 -0.13 -0.59 -2.36
108 77.0 136.0 88.0 26.0 -1.48 2.18 0.73 -0.36 -0.16 -2.87
109 68.0 131.0 89.0 25.0 -1.85 2.49 0.69 -0.49 0.01 -2.63
110 85.0 122.0 90.0 25.0 -2.31 2.48 0.54 -0.67 -0.21 -1.88
111 87.0 113.0 89.0 25.0 -2.51 2.4 0.44 -0.6 -0.17 -1.04
112 118.0 108.0 90.0 24.0 -2.81 2.24 0.2 -0.93 -0.37 -0.03
113 142.0 103.0 90.0 23.0 -3.0 2.33 0.06 -0.55 -0.26 0.15
114 131.0 100.0 87.0 25.0 -3.02 2.41 0.03 -0.42 -0.06 -0.64
115 118.0 104.0 86.0 31.0 -2.99 2.28 -0.0 -0.32 0.19 -1.55
116 104.0 104.0 83.0 29.0 -2.65 1.31 -0.07 0.59 0.46 -3.06
117 101.0 98.0 79.0 28.0 -2.45 0.73 -0.09 0.47 -0.37 -0.78
118 92.0 93.0 79.0 27.0 -2.24 -0.08 -0.04 0.11 -0.88 0.36
119 84.0 88.0 76.0 26.0 -2.09 -0.43 -0.01 0.57 -0.61 1.7
120 73.0 87.0 70.0 31.0 -1.96 -0.5 -0.08 1.18 -0.25 1.31
121 64.0 88.0 67.0 29.0 -1.63 -0.61 -0.18 1.21 -0.28 0.78
122 61.0 87.0 64.0 40.0 -1.49 -0.43 -0.41 1.06 -0.38 -0.24
123 86.0 82.0 61.0 36.0 -1.5 -0.26 -0.51 0.79 -0.56 -0.51
124 79.0 80.0 64.0 33.0 -1.51 0.12 -0.61 2.05 -0.06 -1.95
125 69.0 81.0 82.0 31.0 -1.33 0.35 -0.46 0.14 -6.24 5.89
126 57.0 85.0 81.0 29.0 -0.34 0.31 0.04 0.81 -0.7 11.28
127 50.0 85.0 82.0 28.0 0.43 1.56 -0.08 -2.7 -0.73 8.73
128 44.0 83.0 75.0 27.0 0.36 1.44 -0.27 -2.17 1.76 0.39
129 45.0 84.0 73.0 26.0 0.61 0.9 -0.31 -3.0 0.29 -0.87
130 55.0 84.0 69.0 25.0 0.49 0.22 -0.24 -1.52 0.8 -1.18
131 49.0 89.0 65.0 25.0 0.27 -0.07 -0.1 0.29 0.32 0.04
132 45.0 92.0 62.0 24.0 0.25 -0.23 -0.07 0.99 0.37 0.31
133 41.0 96.0 61.0 24.0 0.14 -0.32 0.04 1.8 0.23 0.31
134 36.0 99.0 61.0 24.0 0.02 -0.02 0.09 1.16 0.1 0.1
135 35.0 102.0 63.0 24.0 0.0 0.23 0.06 0.85 0.01 0.0
136 43.0 104.0 64.0 23.0 -0.01 0.64 0.03 -0.03 -0.06 -0.05
137 39.0 108.0 61.0 24.0 -0.08 0.58 0.02 -0.57 0.0 0.04
138 37.0 110.0 58.0 23.0 -0.15 0.41 0.03 -0.84 -0.01 -0.04
139 49.0 112.0 58.0 23.0 -0.18 0.13 0.07 -0.83 0.03 -0.18
140 45.0 111.0 58.0 23.0 -0.12 -0.02 0.08 -0.4 -0.09 -0.06
141 39.0 113.0 60.0 23.0 -0.08 -0.06 0.07 -0.38 -0.12 0.0
