1 266.0 107.0 60.0 25.0 -0.03 -0.02 -0.01 -0.03 0.04 -0.02
2 253.0 108.0 61.0 24.0 -0.01 -0.01 -0.03 -0.07 0.03 0.0
3 235.0 107.0 68.0 24.0 0.0 -0.0 -0.03 -0.01 0.06 -0.09
4 197.0 104.0 64.0 24.0 0.0 0.0 -0.04 -0.01 0.09 -0.06
5 166.0 102.0 60.0 24.0 0.0 0.02 -0.05 -0.05 0.04 0.04
6 139.0 106.0 59.0 24.0 -0.01 -0.01 -0.04 -0.13 0.0 0.01
7 207.0 114.0 57.0 25.0 -0.02 -0.02 -0.04 -0.09 0.02 -0.06
8 182.0 115.0 56.0 36.0 -0.01 -0.04 -0.03 -0.01 0.02 0.06
9 212.0 201.0 55.0 37.0 -0.05 -0.06 -0.01 0.24 0.06 0.13
10 197.0 222.0 59.0 112.0 -0.08 -0.06 0.01 0.41 0.06 0.14
11 223.0 309.0 61.0 157.0 -0.07 0.02 0.05 0.47 0.11 0.35
12 237.0 384.0 61.0 128.0 0.01 0.18 0.09 0.16 -0.12 0.43
13 212.0 501.0 59.0 103.0 0.13 0.25 0.08 -0.17 -0.19 0.47
14 193.0 533.0 61.0 93.0 0.59 0.1 -0.01 -0.82 -0.25 1.28
15 197.0 637.0 61.0 92.0 0.66 -0.51 0.05 -0.78 -0.21 2.78
16 185.0 686.0 64.0 87.0 0.66 -0.79 0.11 -1.62 -0.39 3.75
17 164.0 786.0 66.0 77.0 1.28 -1.36 -0.16 1.31 1.37 3.54
18 156.0 875.0 72.0 74.0 1.7 -1.74 -0.06 0.34 1.2 3.42
19 143.0 822.0 85.0 86.0 2.07 -1.91 -0.09 -0.02 0.85 3.7
20 177.0 956.0 105.0 82.0 2.31 -2.18 -0.14 -0.15 0.81 3.86
21 177.0 967.0 116.0 88.0 2.61 -2.46 -0.25 0.43 1.04 3.07
22 151.0 960.0 107.0 78.0 2.7 -2.61 -0.29 0.45 1.35 2.97
23 162.0 958.0 103.0 91.0 2.5 -2.55 -0.38 0.6 1.1 2.46
24 142.0 951.0 100.0 82.0 2.38 -2.25 -0.56 -0.01 0.36 1.35
25 141.0 942.0 110.0 79.0 2.39 -2.23 -0.67 0.13 0.16 0.18
26 161.0 967.0 110.0 75.0 2.49 -2.08 -0.75 0.45 -0.52 -0.07
27 230.0 966.0 108.0 71.0 2.58 -1.83 -0.79 0.02 -0.87 -0.15
28 213.0 965.0 118.0 62.0 2.54 -1.71 -0.77 -0.17 -1.02 -0.24
29 241.0 851.0 125.0 58.0 2.34 -1.44 -0.57 -0.79 -1.32 -0.95
30 296.0 966.0 142.0 65.0 2.34 -1.44 -0.57 -0.74 -1.48 -1.9
31 279.0 912.0 139.0 61.0 2.05 -1.1 -0.42 -0.92 -1.64 -1.9
32 265.0 828.0 137.0 53.0 1.83 -0.88 -0.32 -1.06 -1.59 -2.42
33 293.0 790.0 146.0 57.0 1.55 -0.75 -0.26 -1.03 -1.59 -2.77
34 259.0 896.0 151.0 59.0 1.39 -0.68 -0.23 -1.07 -1.51 -2.84
35 235.0 803.0 143.0 64.0 1.09 -0.59 -0.19 -1.03 -1.42 -2.73
36 238.0 870.0 140.0 61.0 1.09 -0.59 -0.19 -0.89 -1.41 -2.76
37 211.0 845.0 145.0 59.0 0.65 -0.46 -0.14 -0.83 -1.39 -2.84
38 230.0 943.0 146.0 54.0 0.4 -0.32 -0.09 -0.68 -1.38 -2.71
39 228.0 850.0 155.0 57.0 0.28 -0.28 -0.08 -0.78 -1.25 -2.39
40 195.0 838.0 163.0 61.0 0.1 -0.25 -0.09 -0.85 -1.19 -2.25
41 211.0 797.0 155.0 57.0 -0.05 -0.18 -0.11 -1.01 -0.96 -1.52
42 185.0 765.0 153.0 64.0 -0.14 -0.15 -0.11 -0.21 -0.84 -1.47
43 194.0 748.0 148.0 85.0 -0.26 -0.06 -0.14 -0.77 -0.57 -1.31
44 224.0 821.0 161.0 86.0 -0.34 0.07 -0.1 -0.57 -0.58 -1.32
45 220.0 966.0 174.0 90.0 -0.36 0.12 -0.09 -0.74 -0.36 -1.0
46 271.0 920.0 186.0 96.0 -0.39 0.1 -0.08 -0.75 -0.2 -0.78
47 238.0 925.0 172.0 98.0 -0.4 0.1 -0.07 -0.71 0.0 -0.64
48 221.0 801.0 179.0 113.0 -0.4 0.1 -0.06 -0.29 0.21 -0.16
49 201.0 765.0 220.0 106.0 -0.38 0.11 -0.04 -0.29 0.29 -0.16
50 183.0 773.0 212.0 95.0 -0.34 0.12 -0.01 -0.27 0.39 0.06
51 260.0 855.0 200.0 89.0 -0.32 0.11 -0.01 -0.17 0.53 0.18
52 281.0 861.0 214.0 83.0 -0.26 0.14 -0.01 -0.21 0.52 0.21
53 276.0 815.0 208.0 73.0 -0.19 0.13 -0.02 -0.12 0.56 0.18
54 229.0 838.0 205.0 78.0 -0.16 0.12 -0.02 0.01 0.51 0.01
55 229.0 738.0 197.0 74.0 -0.1 0.13 -0.01 0.06 0.45 0.0
56 208.0 792.0 198.0 66.0 -0.06 0.1 0.02 -0.04 0.39 0.17
57 215.0 779.0 194.0 60.0 -0.04 0.1 0.02 -0.01 0.35 -0.02
58 217.0 732.0 212.0 57.0 -0.02 0.11 0.03 -0.06 0.3 -0.1
59 201.0 753.0 211.0 63.0 -0.01 0.09 0.05 -0.04 0.25 -0.06
60 219.0 705.0 208.0 60.0 -0.01 0.07 0.06 0.06 0.15 -0.21
61 196.0 726.0 195.0 53.0 -0.0 0.07 0.07 0.08 0.1 -0.29
62 213.0 673.0 211.0 48.0 0.01 0.1 0.08 0.11 0.04 -0.27
63 171.0 613.0 212.0 44.0 0.01 0.09 0.08 0.07 0.04 -0.3
64 192.0 602.0 197.0 51.0 0.01 0.05 0.07 0.07 0.02 -0.32
65 201.0 607.0 225.0 49.0 0.01 0.04 0.05 0.14 0.08 -0.34
66 168.0 565.0 209.0 47.0 0.01 0.04 0.03 0.05 0.08 -0.49
67 145.0 550.0 181.0 42.0 -0.01 0.02 0.01 0.1 0.06 -0.47
68 176.0 525.0 169.0 39.0 -0.05 0.05 -0.01 -0.01 0.05 -0.51
69 175.0 570.0 192.0 38.0 -0.07 0.08 -0.01 -0.03 -0.05 -0.54
70 222.0 612.0 185.0 39.0 -0.08 0.09 -0.01 -0.08 -0.06 -0.48
71 198.0 658.0 183.0 36.0 -0.08 0.06 -0.01 -0.15 -0.08 -0.49
72 174.0 623.0 189.0 42.0 -0.08 0.04 -0.01 -0.21 -0.04 -0.32
73 155.0 581.0 205.0 49.0 -0.07 0.03 -0.01 -0.2 0.0 -0.26
74 139.0 613.0 187.0 44.0 -0.07 0.01 -0.02 -0.09 0.0 -0.23
75 119.0 619.0 166.0 43.0 -0.07 0.02 -0.02 -0.2 0.02 -0.04
76 142.0 609.0 150.0 39.0 -0.05 0.01 -0.02 -0.18 0.03 -0.07
77 197.0 680.0 148.0 42.0 -0.02 0.0 -0.04 -0.2 0.11 -0.09
78 165.0 630.0 144.0 46.0 -0.02 0.01 -0.04 -0.22 0.13 -0.19
79 161.0 696.0 131.0 46.0 -0.01 0.03 -0.04 -0.22 0.14 -0.26
80 139.0 603.0 129.0 83.0 0.02 0.01 -0.04 -0.11 0.12 -0.26
81 140.0 581.0 143.0 83.0 0.03 0.01 -0.04 -0.13 0.05 -0.11
82 120.0 590.0 139.0 72.0 0.03 0.03 -0.05 -0.14 0.02 -0.06
83 143.0 605.0 131.0 69.0 0.02 0.02 -0.06 -0.2 0.05 -0.25
84 192.0 558.0 133.0 60.0 0.01 -0.0 -0.06 -0.22 0.03 -0.43
85 165.0 569.0 136.0 53.0 -0.0 -0.02 -0.04 -0.27 0.0 -0.48
86 143.0 572.0 128.0 48.0 -0.02 -0.0 -0.02 -0.18 0.04 -0.29
87 124.0 543.0 119.0 47.0 -0.03 0.01 -0.01 -0.24 0.04 -0.34
88 129.0 496.0 114.0 43.0 -0.04 0.02 -0.01 -0.25 0.02 -0.33
89 118.0 500.0 114.0 43.0 -0.06 0.02 0.0 -0.29 0.04 -0.25
90 99.0 456.0 112.0 37.0 -0.06 0.03 0.01 -0.24 0.03 -0.17
91 109.0 516.0 108.0 37.0 -0.07 0.03 0.03 -0.26 0.0 -0.18
92 92.0 519.0 108.0 38.0 -0.06 0.03 0.04 -0.15 0.01 -0.17
93 79.0 472.0 111.0 36.0 -0.05 0.04 0.04 -0.14 0.03 -0.19
94 102.0 483.0 103.0 33.0 -0.04 0.03 0.05 -0.18 0.08 -0.23
95 95.0 448.0 102.0 31.0 -0.03 0.01 0.06 -0.2 0.01 -0.03
96 94.0 386.0 100.0 31.0 -0.03 0.02 0.06 -0.25 0.04 -0.16
97 81.0 326.0 95.0 49.0 -0.05 0.03 0.06 -0.24 -0.07 -0.33
98 83.0 304.0 90.0 46.0 -0.1 0.07 0.08 -0.28 -0.15 -0.38
99 78.0 280.0 84.0 41.0 -0.13 0.09 0.09 -0.32 -0.41 -0.58
100 82.0 272.0 82.0 39.0 -0.2 0.15 0.13 -0.41 -0.47 -0.7
101 97.0 255.0 78.0 36.0 -0.28 0.22 0.19 -0.4 -0.66 -1.17
102 94.0 234.0 76.0 34.0 -0.33 0.27 0.21 -0.7 -0.87 -1.52
103 106.0 225.0 75.0 31.0 -0.44 0.44 0.3 -0.92 -0.98 -1.71
104 97.0 239.0 75.0 29.0 -0.6 0.69 0.43 -0.96 -1.24 -2.14
105 105.0 222.0 72.0 29.0 -0.69 0.83 0.47 -0.43 -0.89 -2.09
106 132.0 223.0 77.0 28.0 -0.83 1.37 0.63 -0.28 -0.97 -2.37
107 134.0 197.0 75.0 27.0 -1.18 1.92 0.65 0.27 -0.81 -2.83
108 118.0 175.0 79.0 26.0 -1.33 2.15 0.68 -1.07 -0.52 -2.81
109 116.0 156.0 73.0 26.0 -1.56 2.19 0.69 -1.13 -0.4 -2.73
110 112.0 142.0 74.0 26.0 -1.88 2.18 0.66 -0.05 0.03 -2.68
111 102.0 132.0 72.0 31.0 -2.1 2.24 0.64 -0.71 -0.15 -1.83
112 116.0 120.0 72.0 34.0 -2.46 2.04 0.51 -0.85 -0.05 -1.77
113 100.0 113.0 72.0 31.0 -2.69 1.79 0.37 -0.66 -0.24 -1.45
114 90.0 103.0 71.0 29.0 -2.77 1.71 0.29 -0.8 -0.4 -1.29
115 82.0 98.0 69.0 29.0 -2.84 1.49 0.18 -0.47 -0.65 -1.05
116 74.0 108.0 66.0 32.0 -2.76 1.08 0.13 -0.78 -0.66 0.06
117 66.0 109.0 64.0 38.0 -2.71 0.81 0.1 0.62 -0.25 0.5
118 68.0 105.0 63.0 47.0 -2.53 0.5 -0.02 -0.94 -0.36 0.27
119 64.0 101.0 59.0 70.0 -2.35 0.44 -0.02 0.04 -0.14 0.62
120 76.0 102.0 60.0 60.0 -2.32 0.55 -0.14 0.14 -0.69 0.76
121 90.0 96.0 57.0 52.0 -2.19 0.65 -0.22 0.25 -0.82 0.69
122 87.0 91.0 60.0 46.0 -1.98 0.58 -0.23 0.2 -0.7 -0.22
123 72.0 86.0 72.0 41.0 -1.89 0.63 -0.23 -0.89 -1.26 -2.03
124 61.0 85.0 93.0 37.0 -1.14 0.59 0.07 1.17 -3.42 4.43
125 53.0 86.0 106.0 35.0 1.02 1.85 -0.14 2.39 -0.83 13.36
126 52.0 85.0 108.0 32.0 0.87 1.64 -0.28 -3.05 -0.19 3.41
127 54.0 83.0 95.0 30.0 0.65 0.84 -0.36 -2.02 1.34 -0.42
128 48.0 80.0 86.0 29.0 0.14 0.82 -0.42 -1.75 1.87 -1.24
129 41.0 79.0 89.0 28.0 0.0 0.74 -0.35 -1.3 0.52 0.32
130 35.0 81.0 85.0 26.0 0.07 -0.01 -0.17 -0.58 0.43 0.3
131 42.0 83.0 83.0 26.0 0.04 -0.42 0.03 0.92 0.2 0.11
132 42.0 82.0 77.0 30.0 0.01 -0.34 0.07 1.17 -0.06 -0.12
133 39.0 85.0 80.0 29.0 -0.02 0.0 0.05 0.95 -0.16 -0.21
134 42.0 86.0 84.0 28.0 0.02 0.21 0.04 0.25 -0.39 -0.39
135 38.0 86.0 79.0 27.0 0.05 0.2 0.05 -0.27 -0.12 -0.09
136 53.0 86.0 77.0 26.0 -0.02 0.05 0.04 -0.44 0.0 0.0
137 47.0 85.0 75.0 25.0 -0.07 -0.06 0.03 -0.43 0.13 0.01
138 41.0 85.0 71.0 25.0 -0.06 -0.08 0.03 -0.1 0.22 0.14
139 41.0 85.0 77.0 28.0 -0.03 -0.07 0.02 0.0 0.24 0.14
140 39.0 85.0 74.0 27.0 -0.01 -0.02 0.01 0.02 0.18 0.06
141 54.0 86.0 72.0 26.0 -0.0 0.01 0.01 -0.04 0.07 -0.04
142 48.0 85.0 74.0 26.0 0.04 -0.03 0.01 -0.13 0.07 -0.03
143 45.0 86.0 69.0 24.0 0.05 -0.05 0.01 0.0 0.15 -0.08
144 49.0 86.0 65.0 24.0 0.04 -0.04 0.0 0.0 0.16 -0.06
145 41.0 85.0 68.0 28.0 0.01 -0.02 -0.02 0.03 0.15 -0.08
146 43.0 86.0 70.0 27.0 0.0 0.0 -0.02 0.01 0.09 -0.04
