1 47.0 95.0 56.0 29.0 -0.02 -0.1 -0.02 -0.09 0.15 -0.05
2 44.0 104.0 58.0 28.0 -0.02 -0.08 -0.01 0.01 0.11 0.0
3 39.0 104.0 58.0 27.0 -0.04 -0.05 -0.0 0.05 0.07 -0.03
4 33.0 99.0 56.0 26.0 -0.05 -0.04 0.0 0.01 0.06 -0.13
5 35.0 108.0 55.0 29.0 -0.02 -0.02 -0.01 -0.03 0.03 -0.17
6 34.0 106.0 57.0 28.0 -0.0 -0.02 -0.01 -0.1 0.0 -0.07
7 35.0 103.0 54.0 28.0 0.02 -0.05 -0.01 -0.16 -0.05 -0.09
8 47.0 102.0 57.0 26.0 0.07 -0.13 -0.03 -0.16 -0.06 -0.22
9 53.0 106.0 56.0 27.0 0.1 -0.17 -0.02 -0.11 0.0 -0.13
10 61.0 216.0 57.0 35.0 0.11 -0.18 -0.02 0.17 0.13 0.05
11 77.0 314.0 57.0 36.0 0.12 -0.15 -0.02 0.27 0.09 0.04
12 82.0 340.0 56.0 41.0 0.38 -0.08 -0.04 0.2 0.08 -0.49
13 98.0 501.0 58.0 39.0 0.55 -0.05 -0.04 0.03 0.04 -0.1
14 94.0 484.0 58.0 44.0 0.5 -0.23 0.02 -0.06 -0.11 0.82
15 86.0 521.0 59.0 73.0 0.44 -0.57 0.05 0.08 0.42 2.21
16 89.0 565.0 61.0 63.0 0.42 -0.75 0.05 0.19 0.75 2.46
17 84.0 583.0 62.0 56.0 0.54 -0.82 0.0 -0.62 0.42 2.55
18 96.0 672.0 67.0 50.0 1.35 -1.39 -0.32 2.08 2.27 2.91
19 100.0 692.0 74.0 56.0 1.53 -1.59 -0.3 1.83 0.44 3.02
20 99.0 845.0 80.0 50.0 1.68 -1.34 -0.32 0.86 1.11 3.98
21 107.0 878.0 80.0 52.0 1.99 -1.27 -0.49 0.66 1.34 3.38
22 108.0 906.0 82.0 58.0 2.2 -1.2 -0.55 0.69 1.45 3.73
23 104.0 891.0 91.0 55.0 2.25 -1.35 -0.6 0.51 1.41 4.09
24 105.0 966.0 108.0 62.0 2.4 -1.65 -0.73 0.16 1.08 3.23
25 100.0 966.0 114.0 61.0 2.48 -1.77 -0.8 0.58 1.09 2.87
26 124.0 964.0 120.0 63.0 2.46 -1.65 -0.84 -0.44 0.5 1.49
27 123.0 967.0 134.0 64.0 2.54 -1.56 -0.86 -0.44 -0.04 0.98
28 138.0 967.0 146.0 62.0 2.64 -1.56 -0.88 -0.51 -0.14 0.73
29 185.0 924.0 141.0 59.0 2.73 -1.52 -0.9 0.15 -0.6 0.33
30 218.0 903.0 146.0 52.0 2.55 -1.17 -0.73 -0.6 -1.37 0.0
31 217.0 929.0 133.0 51.0 2.48 -1.08 -0.64 -0.68 -1.54 -0.78
32 253.0 926.0 151.0 53.0 2.34 -0.91 -0.51 -1.0 -1.95 -1.46
33 274.0 922.0 158.0 63.0 2.18 -0.87 -0.39 -0.7 -2.23 -2.31
34 272.0 966.0 166.0 55.0 2.07 -0.84 -0.34 -1.02 -2.03 -2.39
35 293.0 966.0 157.0 54.0 1.78 -0.84 -0.27 -1.17 -2.2 -2.86
36 257.0 955.0 161.0 66.0 1.41 -0.77 -0.22 -1.31 -2.33 -3.43
37 217.0 913.0 194.0 74.0 1.22 -0.67 -0.2 -1.05 -2.4 -3.86
38 187.0 839.0 204.0 79.0 0.84 -0.47 -0.17 -0.85 -2.4 -3.88
39 247.0 872.0 189.0 70.0 0.47 -0.34 -0.15 -0.99 -2.22 -3.28
40 217.0 965.0 167.0 71.0 0.3 -0.28 -0.14 -0.94 -2.01 -3.01
41 210.0 960.0 177.0 67.0 -0.0 -0.1 -0.06 -1.05 -1.82 -2.8
42 213.0 943.0 207.0 76.0 -0.23 -0.02 0.02 -0.93 -1.55 -1.97
43 185.0 915.0 208.0 76.0 -0.29 -0.04 0.04 -0.86 -1.45 -1.59
44 166.0 934.0 205.0 69.0 -0.38 -0.08 0.05 -0.7 -1.12 -0.76
45 214.0 935.0 218.0 76.0 -0.43 -0.05 0.02 -0.5 -0.65 -0.07
46 185.0 917.0 203.0 71.0 -0.42 0.02 0.0 -0.52 -0.54 0.04
47 203.0 928.0 220.0 68.0 -0.39 0.13 -0.03 -0.4 -0.31 0.32
48 212.0 878.0 242.0 64.0 -0.34 0.13 -0.03 -0.4 -0.2 0.33
49 227.0 841.0 234.0 56.0 -0.23 0.03 -0.06 -0.21 -0.16 0.45
50 236.0 824.0 232.0 60.0 -0.13 0.02 -0.1 0.0 0.24 0.33
51 216.0 831.0 237.0 62.0 -0.11 0.05 -0.11 0.11 0.44 -0.07
52 180.0 780.0 219.0 59.0 -0.09 0.13 -0.14 -0.08 0.48 -0.23
53 206.0 739.0 229.0 54.0 -0.07 0.14 -0.14 -0.22 0.48 -0.35
54 239.0 781.0 222.0 66.0 -0.08 0.11 -0.12 -0.39 0.23 -0.23
55 202.0 734.0 203.0 66.0 -0.09 0.1 -0.06 -0.55 0.16 -0.14
56 177.0 692.0 198.0 64.0 -0.1 0.09 0.01 -0.4 0.13 -0.23
57 181.0 659.0 196.0 66.0 -0.1 0.04 0.07 -0.28 0.1 -0.22
58 166.0 641.0 205.0 59.0 -0.11 0.03 0.09 -0.21 0.05 -0.14
59 239.0 628.0 200.0 57.0 -0.1 0.05 0.11 -0.16 0.01 -0.14
60 226.0 569.0 195.0 62.0 -0.1 0.06 0.11 -0.06 0.0 -0.03
61 189.0 580.0 182.0 57.0 -0.1 0.05 0.1 -0.16 0.02 -0.13
62 161.0 599.0 171.0 51.0 -0.09 0.03 0.09 0.07 0.01 -0.17
63 143.0 632.0 171.0 52.0 -0.09 0.03 0.08 -0.01 0.03 -0.18
64 135.0 590.0 154.0 50.0 -0.09 0.03 0.04 0.06 0.02 -0.08
65 165.0 544.0 147.0 45.0 -0.08 0.07 0.0 -0.09 0.03 -0.1
66 218.0 537.0 147.0 43.0 -0.06 0.08 -0.02 -0.01 0.05 -0.03
67 204.0 593.0 146.0 43.0 -0.05 0.08 -0.02 -0.14 0.06 -0.06
68 170.0 561.0 157.0 43.0 -0.04 0.07 -0.01 -0.1 0.02 -0.14
69 142.0 542.0 147.0 52.0 -0.04 0.07 0.01 -0.06 0.03 -0.17
70 124.0 549.0 145.0 49.0 -0.02 0.07 0.02 -0.03 -0.01 -0.13
71 155.0 536.0 141.0 46.0 -0.02 0.09 0.03 -0.03 0.02 -0.09
72 162.0 591.0 142.0 41.0 -0.02 0.09 0.02 0.0 0.03 -0.31
73 140.0 571.0 148.0 37.0 -0.02 0.08 0.03 0.03 0.02 -0.37
74 127.0 517.0 153.0 34.0 -0.0 0.03 0.02 0.0 0.06 -0.21
75 137.0 483.0 158.0 35.0 0.01 0.01 0.01 0.04 0.08 -0.17
76 122.0 476.0 163.0 33.0 0.01 0.02 0.0 0.05 0.09 -0.2
77 115.0 596.0 167.0 43.0 0.01 0.06 0.0 0.01 0.1 -0.19
78 99.0 543.0 154.0 44.0 0.01 0.08 -0.01 -0.01 0.07 -0.44
79 121.0 510.0 154.0 40.0 0.0 0.12 -0.0 0.05 0.1 -0.48
80 106.0 483.0 144.0 42.0 0.0 0.13 0.0 -0.04 -0.01 -0.37
81 104.0 478.0 157.0 38.0 -0.0 0.11 0.0 -0.21 0.0 -0.12
82 92.0 443.0 145.0 39.0 -0.01 0.11 0.0 -0.29 -0.04 -0.17
83 78.0 393.0 134.0 39.0 -0.03 0.13 0.01 -0.36 -0.14 -0.14
84 78.0 385.0 121.0 36.0 -0.02 0.13 0.02 -0.31 -0.26 -0.51
85 82.0 327.0 109.0 33.0 -0.02 0.17 0.05 -0.3 -0.34 -0.54
86 88.0 286.0 101.0 31.0 -0.04 0.31 0.1 -0.68 -0.49 -0.61
87 86.0 245.0 94.0 33.0 -0.06 0.33 0.12 -0.57 -0.56 -0.63
88 79.0 219.0 89.0 31.0 -0.1 0.33 0.16 -0.54 -0.61 -0.68
89 75.0 202.0 86.0 30.0 -0.2 0.36 0.22 -0.43 -0.63 -0.95
90 70.0 196.0 83.0 28.0 -0.28 0.45 0.26 -0.28 -1.04 -1.17
91 90.0 186.0 83.0 27.0 -0.42 0.77 0.32 -0.63 -1.23 -1.29
92 93.0 177.0 86.0 26.0 -0.59 1.12 0.44 -0.78 -1.31 -1.66
93 97.0 161.0 86.0 26.0 -0.67 1.22 0.49 -0.7 -1.28 -2.01
94 86.0 154.0 84.0 26.0 -0.86 1.38 0.57 -0.56 -1.17 -2.11
95 88.0 151.0 83.0 25.0 -1.08 1.63 0.63 -0.4 -0.93 -2.15
96 99.0 150.0 81.0 25.0 -1.23 1.82 0.63 -0.24 -0.72 -1.98
97 113.0 152.0 81.0 25.0 -1.59 2.23 0.67 -0.31 -0.47 -2.2
98 102.0 157.0 85.0 25.0 -2.0 2.38 0.66 -1.72 -0.44 -2.31
99 97.0 214.0 84.0 29.0 -2.15 2.32 0.62 -2.62 -0.84 -2.49
100 87.0 190.0 85.0 27.0 -2.15 1.9 0.47 -1.2 -0.8 -2.4
101 80.0 170.0 88.0 29.0 -2.26 1.82 0.46 -1.24 -0.8 -2.01
102 74.0 149.0 91.0 27.0 -2.41 1.64 0.47 -0.85 -0.88 -0.5
103 79.0 135.0 86.0 32.0 -2.66 0.89 0.45 -0.53 -0.8 -0.19
104 84.0 129.0 84.0 34.0 -2.66 0.25 0.42 0.25 -0.3 0.38
105 76.0 121.0 83.0 31.0 -2.64 0.1 0.4 0.67 -0.29 1.13
106 76.0 122.0 78.0 45.0 -2.67 0.26 0.33 0.61 -0.26 1.18
107 137.0 121.0 76.0 54.0 -2.57 0.6 0.19 0.38 -0.29 1.02
108 115.0 110.0 73.0 47.0 -2.48 0.74 0.22 1.06 -0.02 0.91
109 94.0 102.0 70.0 41.0 -2.26 0.99 0.04 1.04 0.07 0.35
110 85.0 96.0 68.0 52.0 -2.11 1.06 -0.06 0.39 -0.49 0.5
111 75.0 93.0 68.0 45.0 -1.98 0.97 -0.07 -0.02 -0.4 0.57
112 64.0 88.0 68.0 40.0 -1.76 0.7 -0.08 0.01 -0.58 0.95
113 56.0 85.0 69.0 37.0 -1.58 0.53 -0.11 0.25 -0.56 -1.62
114 48.0 83.0 79.0 34.0 -1.44 0.25 -0.08 -2.03 -3.19 13.35
115 44.0 82.0 108.0 33.0 -0.13 0.2 0.21 1.8 -3.31 15.51
116 74.0 82.0 103.0 31.0 0.76 1.05 -0.22 -0.15 1.81 1.96
117 67.0 79.0 95.0 29.0 0.7 1.2 -0.21 -1.58 1.22 0.03
118 79.0 80.0 87.0 27.0 0.45 1.26 -0.37 -1.95 1.71 -1.19
119 67.0 78.0 84.0 27.0 0.15 0.77 -0.27 -2.06 0.52 -0.16
120 57.0 77.0 76.0 26.0 0.17 0.37 -0.24 -0.7 0.22 0.02
121 48.0 77.0 69.0 26.0 0.17 -0.28 -0.13 0.64 0.06 -0.08
122 48.0 77.0 65.0 25.0 0.1 -0.5 0.02 1.35 -0.26 -0.04
123 47.0 75.0 65.0 25.0 0.12 -0.36 0.03 0.92 -0.26 -0.36
124 39.0 75.0 67.0 24.0 0.08 0.03 0.03 0.67 -0.31 -0.32
125 35.0 75.0 69.0 24.0 0.1 0.27 0.02 0.17 -0.21 -0.14
126 51.0 77.0 68.0 24.0 0.1 0.32 0.02 -0.25 -0.02 0.14
127 43.0 76.0 66.0 24.0 0.02 0.22 0.02 -0.39 0.08 0.2
128 36.0 76.0 62.0 24.0 -0.04 0.08 0.03 -0.38 0.21 0.11
129 33.0 76.0 67.0 24.0 0.0 0.04 0.0 -0.35 0.24 0.13
130 32.0 76.0 71.0 24.0 0.03 0.02 -0.0 -0.23 0.04 0.06
131 28.0 75.0 71.0 29.0 0.07 0.04 -0.01 0.0 0.23 -0.04
132 32.0 76.0 67.0 28.0 0.08 0.05 -0.01 -0.08 0.06 -0.01
133 28.0 77.0 64.0 27.0 0.12 0.04 -0.01 -0.02 0.12 0.0
134 26.0 77.0 65.0 27.0 0.11 0.04 -0.02 -0.01 0.07 0.01
135 24.0 75.0 64.0 26.0 0.1 0.05 -0.03 -0.03 0.09 -0.01
136 39.0 78.0 64.0 25.0 0.07 0.05 -0.05 -0.06 0.11 0.0
137 36.0 77.0 60.0 30.0 0.06 0.05 -0.06 -0.01 0.1 0.0
138 31.0 76.0 61.0 29.0 0.06 0.05 -0.05 -0.03 0.11 0.0
139 29.0 76.0 69.0 27.0 0.03 0.02 -0.04 -0.02 0.04 0.0
140 29.0 75.0 76.0 27.0 0.04 0.01 -0.02 -0.02 0.06 -0.06
141 27.0 75.0 70.0 26.0 0.04 -0.01 -0.02 -0.04 0.05 -0.02
142 25.0 76.0 66.0 25.0 0.02 -0.03 -0.01 0.01 0.11 0.05
143 24.0 76.0 68.0 28.0 -0.01 -0.01 -0.02 0.03 0.12 -0.02
144 31.0 78.0 64.0 27.0 -0.02 -0.01 -0.02 0.03 0.13 -0.01
145 28.0 81.0 60.0 26.0 -0.03 0.0 -0.02 0.0 0.07 -0.05
146 26.0 82.0 65.0 25.0 -0.04 0.01 -0.01 -0.04 0.05 -0.06
147 20.0 82.0 66.0 25.0 -0.03 0.01 -0.01 -0.1 0.08 -0.04
