1 71.0 383.0 56.0 34.0 0.17 -0.09 0.02 0.12 0.0 0.22
2 63.0 428.0 55.0 32.0 0.32 -0.11 0.02 0.0 0.07 0.1
3 55.0 400.0 54.0 30.0 0.52 -0.12 0.0 -0.19 -0.14 0.08
4 56.0 452.0 56.0 42.0 0.58 -0.11 0.0 -0.36 -0.07 0.13
5 70.0 474.0 56.0 40.0 0.58 -0.14 0.02 -0.16 0.13 0.77
6 74.0 471.0 59.0 37.0 0.7 -0.19 -0.04 -0.05 0.97 1.1
7 73.0 434.0 60.0 39.0 0.69 -0.24 -0.01 0.87 0.11 1.85
8 76.0 495.0 58.0 60.0 1.0 -0.37 -0.04 -0.13 1.48 2.75
9 93.0 602.0 61.0 67.0 1.14 -0.45 -0.08 -0.44 0.59 2.93
10 97.0 599.0 72.0 59.0 1.32 -0.51 -0.09 0.26 0.97 3.04
11 96.0 639.0 87.0 53.0 1.66 -0.46 -0.16 0.55 1.11 2.64
12 103.0 787.0 92.0 54.0 2.03 -0.3 -0.22 0.21 1.09 2.66
13 91.0 764.0 92.0 50.0 2.08 -0.27 -0.22 -0.14 0.99 3.15
14 101.0 777.0 93.0 51.0 1.94 -0.97 -0.19 -0.9 1.16 3.59
15 130.0 895.0 95.0 58.0 1.68 -2.33 -0.22 -0.77 1.42 2.77
16 115.0 771.0 108.0 64.0 1.69 -2.94 -0.29 -0.57 0.83 1.81
17 116.0 848.0 121.0 57.0 1.87 -3.29 -0.51 0.34 0.62 0.72
18 141.0 965.0 133.0 60.0 2.1 -3.21 -0.59 0.09 -0.58 0.67
19 144.0 911.0 140.0 65.0 2.38 -3.14 -0.7 0.76 -0.44 0.65
20 154.0 881.0 160.0 57.0 2.17 -2.64 -0.6 -1.07 -0.91 0.53
21 141.0 867.0 206.0 54.0 2.07 -2.33 -0.6 -1.29 -1.13 0.37
22 143.0 966.0 235.0 99.0 1.94 -2.06 -0.5 -0.94 -1.41 0.3
23 150.0 966.0 346.0 115.0 1.72 -1.3 -0.39 -0.81 -1.53 -0.02
24 139.0 937.0 317.0 99.0 1.47 -0.71 -0.25 -1.17 -1.83 -0.52
25 183.0 904.0 276.0 101.0 1.37 -0.58 -0.19 -1.2 -1.98 -0.77
26 232.0 886.0 289.0 104.0 1.24 -0.59 -0.14 -1.43 -1.95 -2.26
27 196.0 877.0 348.0 97.0 1.17 -0.6 -0.13 -1.05 -1.99 -2.49
28 176.0 915.0 314.0 85.0 1.12 -0.56 -0.13 -1.12 -2.02 -2.17
29 216.0 967.0 281.0 103.0 0.99 -0.46 -0.12 -1.13 -1.65 -1.44
30 244.0 967.0 261.0 106.0 0.86 -0.4 -0.11 -0.93 -1.32 -2.31
31 254.0 966.0 283.0 101.0 0.81 -0.36 -0.09 -0.86 -1.32 -2.54
32 217.0 931.0 287.0 96.0 0.73 -0.39 -0.08 -0.63 -1.32 -2.42
33 194.0 904.0 257.0 85.0 0.67 -0.36 -0.11 -0.46 -1.0 -1.27
34 182.0 853.0 223.0 78.0 0.58 -0.31 -0.12 -0.71 -0.92 -1.11
35 157.0 773.0 234.0 70.0 0.4 -0.19 -0.14 -0.79 -0.68 -1.58
36 143.0 764.0 267.0 69.0 0.25 -0.09 -0.13 -0.54 -0.57 -1.82
37 210.0 772.0 245.0 75.0 0.19 -0.05 -0.11 -0.52 -0.53 -1.78
38 186.0 716.0 246.0 66.0 0.08 -0.06 -0.09 -0.49 -0.39 -1.6
39 219.0 650.0 246.0 63.0 -0.03 -0.04 -0.06 -0.25 -0.29 -1.41
40 202.0 716.0 233.0 55.0 -0.07 -0.02 -0.05 -0.27 -0.17 -1.15
41 165.0 679.0 211.0 52.0 -0.13 -0.02 -0.07 -0.23 0.0 -0.79
42 153.0 696.0 208.0 51.0 -0.16 0.01 -0.07 -0.01 0.0 -0.78
43 171.0 659.0 225.0 48.0 -0.18 0.03 -0.08 0.02 0.02 -0.65
44 205.0 664.0 225.0 51.0 -0.19 0.05 -0.1 -0.05 0.07 -0.64
45 187.0 680.0 239.0 51.0 -0.21 0.09 -0.1 -0.26 0.15 -0.23
46 173.0 664.0 227.0 47.0 -0.22 0.09 -0.1 -0.27 0.19 -0.22
47 148.0 653.0 202.0 48.0 -0.21 0.08 -0.09 -0.22 0.2 -0.21
48 220.0 769.0 207.0 58.0 -0.19 0.07 -0.05 -0.26 0.15 -0.22
49 187.0 797.0 212.0 59.0 -0.18 0.07 -0.04 -0.24 0.09 -0.18
50 183.0 705.0 225.0 56.0 -0.17 0.1 -0.01 -0.33 0.11 -0.09
51 233.0 736.0 213.0 55.0 -0.18 0.13 0.02 -0.45 0.1 0.18
52 201.0 735.0 212.0 60.0 -0.18 0.13 0.03 -0.44 0.08 0.12
53 184.0 784.0 242.0 62.0 -0.15 0.11 0.06 -0.28 0.17 0.06
54 167.0 762.0 229.0 54.0 -0.12 0.09 0.09 -0.15 0.14 0.02
55 219.0 821.0 233.0 49.0 -0.1 0.08 0.1 -0.06 0.14 0.08
56 199.0 773.0 214.0 51.0 -0.07 0.06 0.09 -0.03 0.09 0.22
57 212.0 803.0 219.0 51.0 -0.06 0.04 0.07 0.02 0.08 0.11
58 182.0 787.0 274.0 49.0 -0.04 0.04 0.06 0.13 0.09 -0.01
59 167.0 714.0 269.0 45.0 -0.02 0.09 0.06 0.07 0.0 -0.03
60 165.0 693.0 251.0 45.0 -0.0 0.09 0.05 -0.01 -0.06 0.0
61 149.0 638.0 242.0 55.0 0.01 0.07 0.04 -0.05 -0.08 0.0
62 160.0 666.0 259.0 63.0 0.0 0.06 0.03 -0.14 -0.07 -0.05
63 137.0 655.0 238.0 56.0 0.0 0.02 0.03 0.07 -0.03 -0.31
64 122.0 612.0 234.0 51.0 0.01 0.01 0.04 0.06 -0.01 -0.23
65 112.0 603.0 225.0 45.0 0.01 0.03 0.04 0.08 -0.02 -0.14
66 110.0 698.0 211.0 42.0 0.0 0.07 0.03 -0.03 -0.07 -0.1
67 205.0 631.0 190.0 44.0 -0.0 0.06 0.03 -0.02 -0.04 -0.04
68 175.0 599.0 215.0 40.0 0.0 0.04 0.02 -0.12 -0.14 -0.21
69 160.0 581.0 208.0 39.0 0.01 0.01 0.01 0.0 -0.11 -0.2
70 158.0 586.0 210.0 42.0 0.02 0.0 0.01 0.02 -0.06 -0.16
71 144.0 633.0 199.0 39.0 0.01 0.02 0.0 0.0 -0.08 -0.16
72 119.0 609.0 193.0 35.0 0.0 0.03 -0.03 -0.04 -0.01 -0.08
73 104.0 619.0 180.0 35.0 -0.01 0.05 -0.03 -0.1 -0.03 -0.12
74 100.0 585.0 174.0 34.0 -0.02 0.05 -0.03 -0.2 -0.04 -0.36
75 91.0 496.0 167.0 32.0 -0.02 0.03 -0.02 -0.25 -0.05 -0.38
76 84.0 483.0 165.0 31.0 -0.02 -0.02 0.0 -0.21 -0.09 -0.38
77 86.0 466.0 162.0 32.0 -0.03 0.02 0.03 -0.17 -0.02 -0.25
78 118.0 460.0 154.0 38.0 -0.04 0.05 0.03 -0.17 -0.03 -0.14
79 101.0 454.0 145.0 35.0 -0.05 0.06 0.04 -0.13 0.0 -0.23
80 83.0 443.0 155.0 34.0 -0.06 0.06 0.04 -0.16 -0.05 -0.32
81 84.0 428.0 152.0 35.0 -0.06 0.05 0.04 -0.13 -0.05 -0.28
82 73.0 371.0 149.0 32.0 -0.06 0.03 0.03 -0.11 -0.01 -0.31
83 76.0 371.0 151.0 32.0 -0.05 0.0 0.03 -0.07 0.0 -0.11
84 77.0 382.0 143.0 31.0 -0.05 0.01 0.02 -0.19 -0.01 -0.15
85 72.0 387.0 137.0 29.0 -0.05 0.02 0.02 -0.21 -0.02 -0.22
86 63.0 338.0 138.0 33.0 -0.05 0.04 0.03 -0.24 -0.09 -0.47
87 55.0 331.0 121.0 37.0 -0.05 0.03 0.04 -0.19 -0.15 -0.5
88 53.0 337.0 107.0 35.0 -0.08 0.04 0.07 -0.14 -0.22 -0.53
89 45.0 295.0 98.0 34.0 -0.14 0.1 0.11 -0.21 -0.55 -0.49
90 42.0 295.0 90.0 33.0 -0.17 0.16 0.13 -0.25 -0.82 -0.69
91 44.0 271.0 85.0 31.0 -0.24 0.34 0.21 -0.35 -1.23 -0.79
92 54.0 236.0 78.0 29.0 -0.29 0.56 0.31 -0.73 -1.63 -1.33
93 58.0 202.0 75.0 28.0 -0.35 0.63 0.36 -0.96 -2.11 -2.13
94 52.0 176.0 73.0 27.0 -0.47 0.67 0.47 -0.97 -1.93 -2.36
95 48.0 155.0 78.0 26.0 -0.64 0.75 0.52 -1.12 -1.29 -2.52
96 67.0 144.0 76.0 27.0 -0.76 0.86 0.54 -1.0 -0.92 -2.58
97 73.0 136.0 73.0 26.0 -1.05 1.18 0.6 -0.73 -0.71 -2.56
98 78.0 128.0 71.0 26.0 -1.39 1.49 0.67 -0.24 -0.35 -2.03
99 87.0 134.0 68.0 25.0 -1.56 1.6 0.67 -0.05 -0.09 -1.81
100 85.0 137.0 73.0 25.0 -1.85 1.75 0.64 -0.33 0.01 -1.62
101 101.0 127.0 81.0 25.0 -2.16 1.78 0.57 -0.61 0.33 -1.79
102 105.0 124.0 89.0 25.0 -2.31 1.72 0.54 -0.26 0.54 -1.45
103 88.0 116.0 86.0 24.0 -2.6 1.54 0.47 -0.18 0.25 -1.23
104 76.0 107.0 87.0 24.0 -2.77 1.18 0.34 -1.17 0.2 -0.6
105 65.0 104.0 86.0 24.0 -2.88 1.13 0.34 -0.99 -0.17 0.41
106 56.0 102.0 82.0 34.0 -2.93 1.17 0.26 -0.52 0.02 0.59
107 67.0 104.0 77.0 34.0 -2.83 1.11 0.17 0.49 -0.12 -0.29
108 63.0 103.0 72.0 32.0 -2.68 1.02 0.16 1.15 0.12 -0.32
109 57.0 102.0 72.0 53.0 -2.38 0.68 0.24 0.71 -0.57 0.1
110 50.0 95.0 72.0 52.0 -1.98 0.5 0.22 0.21 -0.29 0.99
111 47.0 90.0 69.0 45.0 -1.88 0.53 0.18 0.04 -0.62 1.85
112 41.0 88.0 70.0 42.0 -1.68 0.67 0.11 -0.02 -0.5 1.86
113 36.0 84.0 70.0 38.0 -1.46 0.66 0.07 -0.15 -0.41 1.85
114 31.0 80.0 73.0 35.0 -1.37 0.63 -0.0 -0.01 -0.4 1.43
115 30.0 79.0 73.0 32.0 -1.27 0.57 -0.06 0.84 -0.34 -0.75
116 27.0 80.0 72.0 30.0 -0.77 0.59 -0.03 -1.2 -2.39 4.54
117 30.0 83.0 98.0 29.0 -0.32 0.4 -0.03 0.72 -1.9 7.99
118 37.0 84.0 96.0 27.0 0.62 0.35 0.05 3.33 0.73 5.88
119 37.0 84.0 92.0 27.0 0.43 1.21 -0.07 -1.39 0.02 1.33
120 35.0 86.0 88.0 26.0 0.49 0.77 -0.2 -0.28 0.63 0.19
121 31.0 85.0 84.0 25.0 0.32 0.47 -0.22 -0.82 0.31 -0.15
122 36.0 88.0 85.0 25.0 0.33 0.25 -0.16 -0.42 0.13 0.17
123 33.0 92.0 82.0 24.0 0.32 0.08 -0.11 0.53 0.2 0.16
124 30.0 92.0 81.0 24.0 0.27 0.02 -0.03 0.66 0.1 0.08
125 27.0 92.0 86.0 24.0 0.21 0.2 -0.01 0.5 0.2 0.03
126 24.0 93.0 85.0 24.0 0.18 0.32 -0.01 0.11 0.24 0.1
127 23.0 95.0 80.0 23.0 0.1 0.34 -0.01 -0.08 0.27 0.17
128 22.0 95.0 79.0 23.0 0.03 0.19 -0.01 -0.39 0.21 0.12
129 20.0 96.0 77.0 24.0 0.03 0.14 -0.0 -0.37 0.2 0.09
130 41.0 95.0 75.0 23.0 0.04 0.06 0.0 -0.24 0.2 0.04
131 40.0 97.0 72.0 23.0 0.07 0.08 -0.01 -0.08 0.12 0.0
132 36.0 96.0 73.0 23.0 0.09 0.1 -0.02 -0.01 0.08 -0.07
133 33.0 95.0 69.0 23.0 0.11 0.12 -0.04 -0.02 0.06 -0.06
134 30.0 97.0 67.0 23.0 0.1 0.06 -0.03 -0.1 0.05 0.0
135 34.0 97.0 67.0 23.0 0.08 -0.0 -0.03 -0.16 0.0 -0.06
136 35.0 96.0 72.0 23.0 0.09 -0.04 -0.03 -0.1 0.02 -0.01
137 35.0 96.0 67.0 23.0 0.09 -0.02 -0.04 -0.02 0.07 0.0
138 33.0 97.0 70.0 23.0 0.08 -0.0 -0.04 0.01 0.09 0.03
139 30.0 98.0 75.0 23.0 0.06 0.04 -0.04 0.0 0.07 -0.05
140 27.0 96.0 70.0 23.0 0.06 0.07 -0.04 -0.01 0.07 -0.02
141 27.0 99.0 67.0 24.0 0.05 0.06 -0.04 -0.03 0.09 0.0
142 35.0 98.0 65.0 23.0 0.04 0.04 -0.04 -0.04 0.09 0.0
143 33.0 97.0 67.0 23.0 0.01 0.0 -0.03 -0.05 0.07 -0.02
144 29.0 98.0 69.0 23.0 0.02 -0.0 -0.03 -0.03 0.06 -0.04
145 30.0 96.0 65.0 23.0 0.02 -0.0 -0.03 -0.02 0.07 -0.06
146 29.0 96.0 64.0 23.0 0.02 -0.02 -0.03 -0.04 0.05 -0.06
147 25.0 96.0 67.0 23.0 0.02 -0.02 -0.03 -0.07 0.05 -0.06
148 26.0 96.0 65.0 24.0 0.02 -0.01 -0.03 -0.04 0.09 -0.05
149 24.0 97.0 67.0 23.0 0.01 -0.01 -0.03 0.01 0.12 -0.03
150 22.0 95.0 69.0 23.0 -0.0 -0.01 -0.02 0.06 0.09 -0.05
