1 17.0 114.0 80.0 24.0 -0.06 0.02 0.03 -0.06 0.02 -0.11
2 17.0 107.0 78.0 23.0 -0.05 0.03 0.03 -0.12 0.03 -0.06
3 17.0 112.0 73.0 23.0 -0.04 0.02 0.03 -0.14 0.03 -0.06
4 16.0 107.0 75.0 24.0 -0.03 0.02 0.02 -0.18 0.04 -0.09
5 16.0 100.0 82.0 23.0 -0.02 0.01 0.01 -0.15 0.06 -0.03
6 17.0 95.0 87.0 24.0 -0.0 0.0 0.0 -0.14 0.05 -0.08
7 20.0 108.0 86.0 21.0 -0.0 0.01 -0.01 -0.15 0.02 -0.08
8 20.0 103.0 83.0 23.0 0.01 0.01 -0.01 -0.09 0.03 -0.06
9 19.0 96.0 80.0 23.0 0.02 0.01 -0.02 -0.06 0.05 -0.03
10 18.0 90.0 84.0 23.0 0.02 0.01 -0.01 -0.08 0.05 -0.1
11 18.0 87.0 79.0 23.0 0.02 0.01 -0.02 -0.13 0.05 -0.06
12 17.0 84.0 79.0 23.0 0.01 0.0 -0.01 -0.13 0.05 -0.06
13 17.0 97.0 75.0 23.0 0.01 -0.0 -0.01 -0.06 0.07 -0.07
14 17.0 94.0 75.0 23.0 -0.0 -0.0 -0.0 -0.06 0.06 -0.06
15 17.0 105.0 74.0 23.0 0.0 -0.0 0.0 -0.12 0.03 -0.1
16 17.0 188.0 72.0 23.0 -0.0 0.0 0.01 -0.08 0.01 -0.08
17 17.0 192.0 82.0 23.0 0.02 -0.01 0.01 -0.09 0.01 -0.08
18 16.0 220.0 79.0 23.0 0.07 -0.04 -0.0 -0.1 -0.01 -0.04
19 16.0 225.0 79.0 23.0 0.12 -0.07 -0.01 -0.11 0.02 -0.06
20 17.0 242.0 78.0 24.0 0.24 -0.19 -0.01 -0.16 0.03 -0.12
21 17.0 299.0 78.0 24.0 0.23 -0.24 0.01 -0.15 -0.05 -0.12
22 17.0 327.0 86.0 24.0 0.27 -0.3 0.03 -0.15 -0.04 -0.08
23 18.0 334.0 89.0 28.0 0.27 -0.36 0.05 0.21 0.1 0.0
24 27.0 324.0 88.0 27.0 0.24 -0.27 0.1 0.26 0.25 0.08
25 43.0 339.0 83.0 27.0 0.17 -0.22 0.12 0.71 0.07 0.11
26 45.0 391.0 83.0 38.0 0.09 0.03 0.11 0.21 0.01 0.11
27 49.0 364.0 90.0 39.0 0.1 0.13 0.1 -0.01 0.02 -0.05
28 49.0 373.0 100.0 38.0 0.08 0.12 0.13 0.36 0.01 0.0
29 51.0 388.0 102.0 38.0 -0.06 0.0 0.22 0.81 0.13 0.2
30 60.0 395.0 106.0 38.0 -0.3 -0.15 0.32 0.18 0.27 0.33
31 74.0 420.0 101.0 67.0 -0.41 -0.25 0.36 -0.12 0.23 0.27
32 84.0 411.0 97.0 64.0 -0.25 -0.09 0.27 -0.86 0.26 0.43
33 90.0 432.0 122.0 58.0 -0.1 -0.29 0.18 -1.33 0.45 0.53
34 94.0 420.0 115.0 63.0 -0.09 -0.52 0.18 -1.65 0.62 0.84
35 117.0 451.0 113.0 56.0 -0.13 -1.09 0.23 -1.55 0.6 1.5
36 123.0 543.0 111.0 58.0 -0.04 -1.38 0.14 -1.78 0.18 2.22
37 155.0 518.0 112.0 54.0 0.13 -1.6 0.06 -4.75 -2.71 2.62
38 151.0 481.0 120.0 55.0 1.2 -3.84 -0.32 3.06 2.61 2.07
39 145.0 469.0 141.0 48.0 1.05 -3.07 -0.35 2.34 1.28 2.97
40 133.0 455.0 138.0 45.0 1.11 -2.31 -0.42 1.06 1.02 3.41
41 126.0 440.0 129.0 41.0 1.26 -1.36 -0.6 0.8 1.03 4.13
42 153.0 484.0 121.0 42.0 1.5 -1.28 -0.81 0.25 0.98 3.03
43 154.0 476.0 134.0 52.0 1.69 -1.52 -0.9 0.23 0.92 2.39
44 163.0 435.0 156.0 57.0 1.94 -1.84 -0.98 0.27 0.84 1.58
45 180.0 436.0 143.0 51.0 2.01 -1.76 -0.98 -0.15 0.53 1.24
46 208.0 519.0 151.0 68.0 2.06 -1.71 -0.93 -0.18 0.27 1.06
47 250.0 503.0 167.0 63.0 2.05 -1.45 -0.84 -0.74 0.19 0.19
48 264.0 488.0 161.0 75.0 2.0 -1.32 -0.76 -0.57 -0.19 -1.62
49 244.0 468.0 177.0 92.0 1.96 -1.29 -0.66 -0.19 -0.3 -1.8
50 236.0 446.0 183.0 90.0 1.84 -1.2 -0.48 -0.17 -0.74 -1.47
51 225.0 473.0 186.0 98.0 1.78 -1.13 -0.42 -0.59 -0.99 -1.26
52 246.0 504.0 172.0 93.0 1.64 -1.06 -0.35 -0.9 -1.09 -1.34
53 296.0 489.0 189.0 89.0 1.54 -0.98 -0.28 -0.99 -1.0 -1.42
54 257.0 456.0 218.0 103.0 1.45 -0.89 -0.24 -0.79 -1.06 -1.67
55 233.0 495.0 228.0 87.0 1.27 -0.76 -0.21 -0.84 -1.04 -1.96
56 263.0 477.0 227.0 82.0 1.09 -0.69 -0.2 -0.79 -1.03 -1.98
57 259.0 440.0 225.0 89.0 0.99 -0.63 -0.19 -1.16 -1.07 -2.03
58 288.0 433.0 206.0 74.0 0.77 -0.48 -0.13 -1.32 -1.19 -1.95
59 256.0 397.0 215.0 69.0 0.57 -0.45 -0.07 -1.4 -1.24 -1.84
60 255.0 392.0 213.0 72.0 0.5 -0.42 -0.04 -1.69 -1.33 -1.71
61 248.0 420.0 228.0 69.0 0.36 -0.35 0.01 -1.55 -1.24 -1.55
62 235.0 438.0 232.0 63.0 0.21 -0.19 0.07 -1.46 -1.18 -1.55
63 212.0 448.0 208.0 54.0 0.15 -0.14 0.09 -1.16 -1.09 -1.32
64 188.0 490.0 217.0 48.0 0.04 -0.11 0.14 -0.91 -0.99 -1.18
65 235.0 532.0 219.0 53.0 -0.04 -0.06 0.18 -0.99 -0.87 -0.92
66 240.0 504.0 205.0 53.0 -0.06 -0.07 0.18 -0.56 -0.61 -0.25
67 198.0 453.0 196.0 60.0 -0.09 -0.05 0.16 -0.57 -0.55 -0.32
68 170.0 428.0 193.0 58.0 -0.09 -0.01 0.12 -0.25 -0.43 -0.27
69 166.0 431.0 180.0 56.0 -0.08 0.01 0.1 -0.21 -0.28 0.07
70 153.0 522.0 189.0 55.0 -0.06 0.04 0.06 -0.18 -0.21 0.04
71 136.0 512.0 174.0 52.0 -0.06 0.1 0.02 -0.27 0.04 -0.25
72 183.0 497.0 167.0 48.0 -0.06 0.14 0.0 -0.16 0.07 -0.38
73 163.0 465.0 155.0 45.0 -0.06 0.13 -0.01 -0.11 0.04 -0.32
74 146.0 447.0 145.0 42.0 -0.09 0.14 0.0 -0.18 -0.01 -0.16
75 130.0 411.0 153.0 51.0 -0.09 0.12 0.01 -0.09 0.08 -0.15
76 144.0 373.0 149.0 46.0 -0.09 0.1 0.02 -0.01 0.09 -0.17
77 194.0 390.0 140.0 45.0 -0.12 0.16 0.04 -0.1 0.01 -0.14
78 163.0 390.0 141.0 40.0 -0.14 0.17 0.04 -0.3 0.04 -0.33
79 143.0 416.0 127.0 36.0 -0.15 0.14 0.04 -0.32 0.03 -0.54
80 124.0 382.0 138.0 37.0 -0.15 0.14 0.06 -0.25 0.06 -0.39
81 109.0 411.0 125.0 35.0 -0.16 0.14 0.06 -0.14 0.03 -0.34
82 106.0 395.0 129.0 36.0 -0.16 0.09 0.08 0.01 0.02 -0.24
83 108.0 416.0 136.0 36.0 -0.16 0.06 0.09 -0.17 0.0 -0.03
84 127.0 416.0 131.0 39.0 -0.16 0.07 0.08 -0.24 -0.02 -0.07
85 116.0 399.0 119.0 36.0 -0.16 0.11 0.09 -0.26 -0.01 -0.15
86 96.0 378.0 119.0 33.0 -0.15 0.13 0.1 -0.11 0.04 -0.14
87 83.0 331.0 117.0 31.0 -0.14 0.13 0.11 -0.06 0.02 -0.11
88 70.0 311.0 126.0 31.0 -0.14 0.13 0.1 0.0 0.1 -0.04
89 67.0 312.0 124.0 30.0 -0.13 0.13 0.07 0.13 0.24 0.07
90 61.0 305.0 112.0 31.0 -0.14 0.16 0.04 -0.05 0.3 -0.08
91 77.0 339.0 110.0 33.0 -0.15 0.16 0.02 -0.02 0.3 -0.09
92 79.0 353.0 115.0 46.0 -0.13 0.14 -0.02 0.01 0.27 -0.29
93 79.0 381.0 122.0 44.0 -0.12 0.11 -0.03 -0.06 0.21 -0.45
94 69.0 343.0 125.0 39.0 -0.08 0.06 -0.05 -0.09 0.0 0.34
95 72.0 334.0 129.0 38.0 -0.02 0.02 -0.08 -0.09 0.03 0.66
96 65.0 351.0 121.0 36.0 -0.0 0.03 -0.09 -0.29 0.04 0.5
97 68.0 366.0 131.0 33.0 0.03 0.06 -0.08 -0.37 0.07 0.36
98 60.0 382.0 134.0 36.0 0.09 0.02 -0.07 -0.38 0.11 0.21
99 58.0 383.0 124.0 33.0 0.11 0.01 -0.05 -0.49 0.12 0.11
100 55.0 372.0 120.0 33.0 0.12 0.0 -0.01 -0.49 0.09 0.07
101 81.0 400.0 110.0 31.0 0.13 0.01 0.01 -0.39 -0.04 -0.25
102 75.0 408.0 112.0 30.0 0.14 0.01 0.02 -0.39 -0.09 -0.36
103 70.0 374.0 122.0 28.0 0.14 0.0 0.03 -0.34 -0.13 -0.49
104 67.0 370.0 125.0 28.0 0.12 -0.02 0.03 -0.34 -0.24 -0.26
105 60.0 358.0 125.0 27.0 0.1 -0.02 0.03 -0.31 -0.29 -0.16
106 59.0 336.0 118.0 26.0 0.07 0.0 0.03 -0.38 -0.29 -0.09
107 53.0 320.0 107.0 27.0 0.06 0.01 0.04 -0.23 -0.24 -0.14
108 50.0 287.0 104.0 31.0 0.05 0.02 0.04 -0.15 -0.17 -0.26
109 53.0 295.0 99.0 29.0 0.03 0.04 0.04 -0.13 -0.1 -0.44
110 50.0 296.0 100.0 29.0 -0.0 0.06 0.05 -0.12 -0.04 -0.4
111 66.0 266.0 97.0 33.0 -0.02 0.08 0.05 -0.15 0.0 -0.41
112 76.0 275.0 87.0 31.0 -0.06 0.12 0.07 -0.15 -0.02 -0.54
113 69.0 259.0 82.0 34.0 -0.11 0.17 0.1 -0.17 -0.13 -0.79
114 61.0 222.0 76.0 30.0 -0.15 0.2 0.13 -0.13 -0.14 -0.74
115 67.0 255.0 70.0 30.0 -0.22 0.24 0.19 -0.11 -0.27 -0.69
116 76.0 243.0 68.0 30.0 -0.33 0.27 0.25 -0.21 -0.32 -0.67
117 87.0 210.0 64.0 36.0 -0.38 0.31 0.28 -0.32 -0.35 -0.77
118 72.0 184.0 61.0 37.0 -0.43 0.47 0.34 -0.55 -0.4 -1.0
119 62.0 166.0 58.0 37.0 -0.5 0.76 0.44 -0.49 -0.44 -0.98
120 56.0 148.0 58.0 36.0 -0.57 0.93 0.5 -0.5 -0.6 -0.73
121 58.0 135.0 59.0 33.0 -0.72 1.24 0.58 -0.41 -0.75 -0.41
122 56.0 140.0 58.0 32.0 -0.91 1.54 0.67 0.15 -0.66 -0.16
123 61.0 153.0 57.0 29.0 -0.99 1.69 0.65 0.04 -0.69 0.12
124 66.0 152.0 57.0 28.0 -1.09 1.94 0.56 -0.5 -0.38 -1.22
125 61.0 139.0 57.0 27.0 -1.15 2.0 0.49 -1.22 -0.16 -2.23
126 60.0 126.0 56.0 26.0 -1.25 1.96 0.48 -1.72 -0.16 -2.41
127 61.0 117.0 56.0 27.0 -1.45 1.57 0.48 -1.31 -0.32 -1.92
128 65.0 109.0 57.0 26.0 -1.6 1.07 0.46 -1.06 -0.13 -1.58
129 66.0 105.0 58.0 26.0 -1.64 0.83 0.46 -1.06 -0.27 -1.34
130 68.0 106.0 58.0 26.0 -1.68 0.55 0.47 -0.55 -0.07 -1.35
131 61.0 109.0 58.0 26.0 -1.73 0.66 0.49 -0.19 0.03 -1.25
132 72.0 104.0 57.0 25.0 -1.76 0.82 0.49 -0.03 -0.01 -1.3
133 63.0 101.0 56.0 27.0 -1.71 1.08 0.45 0.07 0.03 -1.41
134 62.0 99.0 56.0 30.0 -1.7 0.98 0.41 -0.72 -0.04 -0.96
135 60.0 93.0 55.0 29.0 -1.7 0.86 0.4 -0.53 -0.01 -0.82
136 55.0 90.0 53.0 33.0 -1.78 0.75 0.42 -0.39 -0.16 -0.25
137 59.0 92.0 53.0 32.0 -1.78 0.58 0.33 -0.32 0.06 0.34
138 58.0 95.0 51.0 39.0 -1.77 0.48 0.37 -0.21 -0.14 0.31
139 76.0 96.0 53.0 58.0 -1.62 0.48 0.26 0.36 0.05 0.34
140 70.0 98.0 53.0 54.0 -1.6 0.65 0.19 0.15 -0.17 0.15
141 64.0 97.0 52.0 47.0 -1.57 0.7 0.18 -0.03 -0.21 0.4
142 61.0 99.0 51.0 42.0 -1.5 0.62 0.12 -0.27 -0.3 1.08
143 57.0 96.0 52.0 58.0 -1.38 0.57 0.09 0.09 -0.32 1.0
144 54.0 101.0 51.0 51.0 -1.31 0.56 0.08 0.07 -0.28 0.85
145 49.0 103.0 53.0 49.0 -1.07 0.51 0.05 1.5 -2.88 4.01
146 44.0 107.0 51.0 44.0 0.3 1.78 0.02 3.46 -1.04 9.73
147 43.0 108.0 55.0 39.0 0.52 2.24 -0.15 1.71 -0.48 8.19
148 46.0 108.0 55.0 35.0 0.57 1.21 -0.45 -1.14 0.57 0.63
149 42.0 109.0 56.0 33.0 0.56 0.79 -0.39 -0.52 1.28 -1.48
150 37.0 110.0 61.0 31.0 0.47 0.88 -0.38 -1.84 0.38 -1.84
151 34.0 113.0 62.0 29.0 0.45 0.71 -0.28 -1.41 -0.01 0.08
152 32.0 113.0 66.0 27.0 0.42 0.26 -0.16 0.08 0.11 1.92
153 28.0 112.0 71.0 24.0 0.34 0.08 -0.09 0.38 0.16 1.3
154 28.0 110.0 75.0 26.0 0.22 0.04 -0.02 0.39 0.12 0.08
155 26.0 112.0 74.0 25.0 0.19 0.22 -0.04 0.2 0.16 0.02
156 25.0 112.0 72.0 25.0 0.18 0.3 -0.06 0.07 0.16 0.11
157 24.0 116.0 83.0 24.0 0.13 0.3 -0.06 -0.2 0.26 0.15
158 24.0 114.0 87.0 24.0 0.02 0.17 -0.03 -0.24 0.12 0.05
159 25.0 114.0 81.0 24.0 0.02 0.13 -0.03 -0.38 0.13 -0.01
160 24.0 113.0 77.0 23.0 0.04 0.06 -0.03 -0.28 0.16 0.0
161 24.0 111.0 75.0 23.0 0.07 0.08 -0.03 -0.14 0.04 -0.07
162 24.0 112.0 73.0 23.0 0.09 0.11 -0.04 -0.16 -0.01 -0.1
163 22.0 113.0 71.0 24.0 0.19 0.15 -0.07 -0.25 -0.04 -0.14
164 18.0 113.0 80.0 23.0 0.25 0.14 -0.08 -0.35 0.0 -0.11
165 21.0 113.0 78.0 23.0 0.26 0.11 -0.09 -0.37 0.01 -0.09
166 22.0 112.0 78.0 23.0 0.23 0.01 -0.08 -0.27 0.03 -0.05
167 25.0 112.0 82.0 24.0 0.21 -0.02 -0.08 -0.15 0.01 -0.04
168 25.0 112.0 84.0 23.0 0.21 -0.01 -0.08 -0.05 0.03 -0.03
169 24.0 113.0 78.0 23.0 0.2 0.03 -0.07 0.06 0.07 0.04
170 24.0 113.0 77.0 23.0 0.18 0.07 -0.06 0.01 0.05 0.0
171 22.0 113.0 73.0 23.0 0.17 0.09 -0.06 0.04 0.05 -0.03
172 21.0 112.0 73.0 23.0 0.14 0.08 -0.05 0.0 0.03 -0.04
173 20.0 111.0 68.0 23.0 0.1 0.07 -0.05 -0.07 0.08 -0.01
174 29.0 111.0 72.0 22.0 0.08 0.03 -0.04 -0.08 0.07 -0.01
175 26.0 111.0 69.0 23.0 0.04 0.01 -0.03 -0.15 0.03 -0.07
176 25.0 111.0 68.0 24.0 0.04 -0.0 -0.02 -0.08 0.05 0.0
