1 28.0 113.0 75.0 23.0 -0.01 -0.02 -0.01 -0.03 0.02 -0.04
2 27.0 115.0 75.0 23.0 -0.01 -0.02 -0.01 -0.01 0.04 -0.06
3 28.0 117.0 76.0 23.0 -0.0 -0.01 -0.01 -0.02 0.01 -0.03
4 28.0 118.0 75.0 23.0 -0.01 -0.0 -0.02 -0.06 0.06 -0.03
5 30.0 119.0 75.0 22.0 -0.01 -0.01 -0.01 -0.08 0.06 -0.03
6 28.0 119.0 72.0 23.0 -0.01 -0.02 -0.01 -0.06 0.07 -0.05
7 28.0 118.0 77.0 23.0 -0.01 -0.02 -0.0 0.02 0.03 -0.03
8 27.0 116.0 73.0 23.0 -0.01 -0.01 -0.0 0.04 0.0 -0.08
9 25.0 117.0 71.0 23.0 -0.01 0.0 -0.0 0.01 0.0 -0.05
10 25.0 119.0 71.0 23.0 -0.01 0.0 -0.01 -0.08 0.0 -0.07
11 26.0 120.0 69.0 23.0 -0.01 0.01 -0.01 -0.11 0.0 -0.04
12 26.0 119.0 68.0 23.0 0.0 -0.01 -0.02 -0.08 0.04 -0.08
13 29.0 115.0 67.0 23.0 -0.0 -0.02 -0.01 -0.02 0.01 -0.04
14 32.0 115.0 69.0 23.0 -0.01 -0.02 -0.01 0.0 0.0 -0.04
15 29.0 114.0 73.0 24.0 -0.01 -0.02 -0.0 0.03 0.0 -0.02
16 28.0 114.0 72.0 24.0 -0.02 -0.02 0.0 0.0 -0.01 -0.02
17 30.0 112.0 75.0 24.0 -0.02 -0.01 0.0 -0.02 0.0 0.01
18 32.0 109.0 72.0 24.0 -0.03 -0.01 -0.0 -0.05 0.02 0.01
19 33.0 108.0 72.0 23.0 -0.05 -0.04 0.0 -0.1 0.07 -0.01
20 53.0 113.0 71.0 24.0 -0.06 -0.05 0.0 -0.05 0.03 0.04
21 51.0 108.0 71.0 23.0 -0.08 -0.06 0.0 -0.04 0.03 0.05
22 49.0 113.0 70.0 23.0 -0.09 -0.05 -0.01 -0.14 0.02 -0.04
23 57.0 113.0 72.0 24.0 -0.09 -0.05 -0.02 -0.15 0.04 0.07
24 66.0 133.0 70.0 35.0 -0.09 -0.08 -0.01 -0.15 0.04 0.06
25 77.0 176.0 73.0 35.0 -0.08 -0.1 -0.01 -0.13 0.0 0.0
26 84.0 209.0 73.0 34.0 -0.05 -0.14 0.0 0.28 -0.09 -0.11
27 79.0 306.0 76.0 32.0 0.15 -0.22 0.02 0.31 -0.27 -0.3
28 80.0 290.0 74.0 33.0 0.34 -0.26 0.02 0.21 -0.21 -0.26
29 72.0 367.0 74.0 31.0 0.4 -0.34 0.01 0.15 -0.21 0.1
30 85.0 380.0 73.0 29.0 0.32 -0.38 0.03 -0.21 -0.14 0.57
31 91.0 359.0 75.0 29.0 0.53 -0.14 -0.04 0.41 0.35 0.55
32 83.0 367.0 77.0 38.0 0.44 0.09 -0.07 -0.29 0.09 -0.05
33 90.0 470.0 80.0 34.0 0.46 0.02 -0.08 -0.14 0.15 -0.01
34 84.0 453.0 86.0 35.0 0.51 -0.04 -0.07 -0.47 -0.14 0.0
35 81.0 418.0 95.0 33.0 0.54 -0.15 -0.04 -1.0 0.1 0.86
36 88.0 458.0 96.0 30.0 0.44 -0.51 0.02 -1.17 0.18 1.3
37 86.0 438.0 91.0 59.0 0.74 -1.49 -0.23 0.88 0.3 1.72
38 119.0 466.0 92.0 58.0 0.89 -2.13 -0.23 -0.01 0.43 0.85
39 101.0 466.0 105.0 52.0 0.82 -1.74 -0.24 0.82 0.36 0.68
40 93.0 427.0 108.0 47.0 0.5 -1.05 -0.25 1.86 0.67 0.97
41 103.0 485.0 103.0 42.0 0.39 -0.68 -0.27 0.22 0.25 1.43
42 91.0 466.0 96.0 42.0 0.54 -0.75 -0.34 -0.27 0.13 1.41
43 80.0 444.0 98.0 39.0 1.01 -1.36 -0.48 -0.43 -0.13 0.69
44 70.0 442.0 98.0 41.0 1.13 -1.58 -0.51 0.42 0.21 0.31
45 79.0 437.0 103.0 38.0 1.25 -1.67 -0.54 0.7 0.07 0.79
46 82.0 457.0 100.0 35.0 1.13 -1.46 -0.48 -0.11 0.08 1.23
47 100.0 570.0 114.0 35.0 1.15 -1.5 -0.5 -0.06 0.2 0.59
48 93.0 515.0 120.0 35.0 1.22 -1.56 -0.57 -0.22 0.2 0.28
49 105.0 481.0 153.0 43.0 1.19 -1.49 -0.57 -0.14 0.23 -0.06
50 104.0 511.0 145.0 49.0 1.17 -1.48 -0.57 -0.1 0.03 0.54
51 126.0 520.0 137.0 48.0 1.15 -1.47 -0.55 -0.25 0.02 0.9
52 109.0 475.0 140.0 55.0 1.2 -1.46 -0.59 -0.54 0.0 0.36
53 122.0 501.0 145.0 52.0 1.19 -1.42 -0.57 -0.58 0.0 -0.37
54 118.0 498.0 156.0 47.0 1.19 -1.26 -0.51 -0.27 -0.04 -0.43
55 180.0 494.0 159.0 44.0 1.13 -0.99 -0.45 -0.25 -0.27 -0.19
56 175.0 517.0 158.0 42.0 1.1 -0.94 -0.44 -0.34 -0.28 -0.27
57 165.0 574.0 166.0 44.0 1.07 -0.86 -0.42 -0.37 -0.26 -0.49
58 163.0 587.0 215.0 56.0 0.98 -0.74 -0.35 -0.66 -0.22 -1.17
59 176.0 534.0 204.0 50.0 0.93 -0.67 -0.34 -0.39 -0.37 -1.24
60 195.0 591.0 196.0 66.0 0.83 -0.49 -0.31 -0.4 -0.38 -1.2
61 254.0 575.0 225.0 84.0 0.74 -0.42 -0.28 -0.24 -0.49 -1.11
62 225.0 534.0 241.0 72.0 0.69 -0.4 -0.28 -0.29 -0.51 -1.47
63 192.0 534.0 242.0 62.0 0.6 -0.31 -0.26 -0.28 -0.52 -1.4
64 209.0 528.0 241.0 70.0 0.51 -0.25 -0.24 -0.5 -0.6 -1.16
65 239.0 509.0 260.0 68.0 0.45 -0.22 -0.23 -0.83 -0.53 -1.04
66 201.0 513.0 255.0 72.0 0.33 -0.2 -0.22 -0.68 -0.5 -1.0
67 216.0 489.0 249.0 73.0 0.21 -0.1 -0.18 -0.48 -0.53 -1.15
68 195.0 535.0 231.0 64.0 0.15 -0.06 -0.16 -0.38 -0.57 -1.32
69 164.0 515.0 206.0 70.0 0.08 -0.03 -0.12 -0.54 -0.55 -1.25
70 208.0 530.0 199.0 64.0 0.03 -0.09 -0.09 -0.63 -0.48 -0.5
71 186.0 503.0 217.0 62.0 -0.0 -0.1 -0.08 -0.55 -0.46 -0.41
72 171.0 500.0 218.0 56.0 -0.07 -0.02 -0.05 -0.45 -0.36 -0.41
73 155.0 485.0 215.0 59.0 -0.13 0.02 -0.02 -0.36 -0.34 -0.64
74 180.0 523.0 218.0 52.0 -0.13 0.01 -0.01 -0.5 -0.4 -0.47
75 151.0 487.0 211.0 46.0 -0.12 -0.01 0.01 -0.46 -0.32 -0.34
76 158.0 474.0 227.0 45.0 -0.12 0.04 0.01 -0.43 -0.25 -0.12
77 140.0 446.0 200.0 43.0 -0.12 0.02 0.0 -0.32 -0.16 -0.04
78 170.0 466.0 217.0 43.0 -0.09 0.0 -0.01 -0.23 -0.17 -0.04
79 149.0 456.0 209.0 40.0 -0.08 0.03 -0.01 -0.34 -0.08 -0.15
80 132.0 486.0 196.0 36.0 -0.07 0.05 -0.01 -0.22 0.0 -0.01
81 119.0 485.0 185.0 35.0 -0.07 0.08 -0.01 -0.39 0.02 0.0
82 105.0 466.0 171.0 34.0 -0.07 0.1 0.0 -0.29 0.07 -0.06
83 104.0 450.0 175.0 34.0 -0.06 0.09 0.01 -0.31 0.11 -0.18
84 134.0 453.0 186.0 37.0 -0.05 0.04 0.02 -0.35 0.14 0.0
85 117.0 441.0 170.0 56.0 -0.03 0.02 0.01 -0.18 0.11 0.09
86 108.0 468.0 176.0 53.0 -0.04 0.03 0.01 -0.13 0.06 -0.14
87 103.0 489.0 170.0 47.0 -0.03 0.07 0.02 0.04 0.07 -0.22
88 97.0 480.0 167.0 46.0 -0.01 0.08 0.03 -0.14 0.07 -0.05
89 89.0 476.0 162.0 44.0 -0.01 0.05 0.03 -0.13 0.1 0.06
90 97.0 447.0 170.0 39.0 0.01 0.03 0.03 -0.11 0.11 0.09
91 98.0 444.0 166.0 50.0 0.02 0.03 0.03 -0.23 0.09 0.0
92 86.0 431.0 157.0 44.0 0.03 0.03 0.03 -0.09 0.08 0.0
93 89.0 450.0 153.0 40.0 0.04 0.03 0.03 -0.06 0.08 -0.03
94 87.0 436.0 149.0 36.0 0.04 0.06 0.03 -0.07 0.08 -0.13
95 81.0 423.0 159.0 34.0 0.04 0.03 0.03 -0.19 0.07 -0.04
96 85.0 407.0 161.0 36.0 0.03 -0.04 0.01 -0.11 0.07 -0.01
97 97.0 410.0 162.0 44.0 -0.01 -0.05 -0.0 -0.18 0.09 -0.22
98 103.0 464.0 156.0 43.0 -0.03 -0.04 -0.01 -0.07 -0.01 -0.77
99 104.0 481.0 173.0 41.0 -0.04 -0.04 -0.0 -0.1 -0.12 -0.8
100 96.0 473.0 173.0 42.0 -0.02 -0.09 -0.0 -0.19 -0.25 -0.23
101 95.0 522.0 156.0 43.0 -0.02 -0.09 -0.01 -0.3 -0.23 -0.16
102 130.0 535.0 163.0 41.0 -0.04 -0.08 0.0 -0.32 -0.2 -0.04
103 138.0 527.0 152.0 38.0 -0.04 -0.04 -0.01 -0.26 -0.18 -0.3
104 115.0 502.0 157.0 36.0 -0.04 -0.02 0.01 -0.16 -0.08 -0.22
105 96.0 501.0 169.0 35.0 -0.03 0.01 0.02 -0.07 -0.03 -0.21
106 89.0 513.0 157.0 35.0 -0.03 0.06 0.03 0.0 0.04 0.02
107 94.0 529.0 156.0 36.0 -0.04 0.09 0.03 0.09 0.07 -0.22
108 93.0 491.0 149.0 42.0 -0.04 0.1 0.02 0.15 0.07 -0.32
109 82.0 485.0 150.0 41.0 -0.02 0.06 0.0 0.14 0.07 -0.34
110 95.0 484.0 156.0 38.0 -0.03 0.04 -0.0 0.16 0.03 -0.25
111 97.0 461.0 150.0 37.0 -0.02 0.04 -0.02 0.1 0.02 0.0
112 109.0 480.0 148.0 40.0 -0.03 0.05 -0.03 0.01 0.01 0.03
113 113.0 462.0 147.0 41.0 -0.02 0.04 -0.03 0.02 0.0 0.03
114 102.0 468.0 143.0 40.0 -0.01 0.03 -0.02 -0.07 -0.01 -0.09
115 93.0 498.0 140.0 36.0 0.02 0.02 -0.01 -0.12 -0.03 -0.06
116 86.0 518.0 138.0 40.0 0.02 0.0 -0.01 -0.11 0.0 -0.01
117 84.0 483.0 129.0 39.0 0.03 0.0 -0.0 -0.05 0.0 -0.01
118 79.0 454.0 119.0 40.0 0.02 0.02 -0.01 -0.12 -0.01 -0.14
119 74.0 466.0 117.0 39.0 0.01 0.01 -0.01 -0.08 -0.06 -0.21
120 78.0 439.0 125.0 39.0 0.0 -0.03 -0.01 -0.17 -0.11 -0.33
121 80.0 405.0 123.0 39.0 -0.01 -0.05 -0.01 -0.19 -0.14 -0.37
122 74.0 396.0 117.0 42.0 -0.01 -0.05 -0.0 -0.22 -0.17 -0.38
123 75.0 392.0 117.0 41.0 -0.02 -0.03 0.01 -0.33 -0.19 -0.26
124 68.0 357.0 107.0 38.0 -0.04 -0.02 0.02 -0.31 -0.25 -0.39
125 63.0 325.0 97.0 41.0 -0.05 -0.01 0.03 -0.32 -0.25 -0.37
126 66.0 291.0 87.0 38.0 -0.09 0.03 0.04 -0.38 -0.27 -0.39
127 60.0 261.0 81.0 36.0 -0.12 0.09 0.07 -0.39 -0.32 -0.65
128 55.0 242.0 78.0 33.0 -0.14 0.12 0.08 -0.36 -0.34 -0.68
129 67.0 210.0 74.0 31.0 -0.17 0.16 0.11 -0.32 -0.38 -0.77
130 83.0 232.0 73.0 31.0 -0.23 0.23 0.14 -0.22 -0.41 -0.64
131 79.0 250.0 71.0 30.0 -0.29 0.28 0.17 -0.32 -0.47 -0.59
132 86.0 226.0 69.0 30.0 -0.37 0.4 0.21 -0.7 -0.6 -0.87
133 79.0 206.0 71.0 28.0 -0.43 0.57 0.25 -0.78 -0.58 -1.3
134 80.0 185.0 74.0 27.0 -0.46 0.68 0.28 -0.53 -0.58 -1.32
135 81.0 180.0 84.0 26.0 -0.6 1.04 0.4 -0.13 -0.52 -1.26
136 80.0 182.0 80.0 26.0 -0.82 1.58 0.52 -0.24 -0.47 -1.05
137 91.0 170.0 75.0 25.0 -0.93 1.83 0.56 -0.55 -0.55 -0.77
138 83.0 148.0 70.0 26.0 -1.13 2.14 0.6 -0.67 -0.34 -0.92
139 81.0 137.0 66.0 26.0 -1.34 2.26 0.6 -0.68 -0.13 -1.2
140 89.0 131.0 65.0 27.0 -1.46 2.25 0.59 -0.62 -0.1 -1.26
141 102.0 145.0 61.0 26.0 -1.64 2.1 0.55 -0.53 -0.43 -1.66
142 99.0 139.0 59.0 26.0 -1.65 1.7 0.52 -1.11 0.26 -1.17
143 91.0 146.0 57.0 27.0 -1.67 1.78 0.52 -0.77 0.3 -1.24
144 101.0 141.0 56.0 29.0 -1.79 1.81 0.47 -0.21 0.0 -1.25
145 128.0 137.0 60.0 27.0 -1.81 1.94 0.38 -0.16 0.15 -0.94
146 113.0 129.0 60.0 29.0 -1.82 1.87 0.44 -0.2 -0.17 -0.14
147 107.0 120.0 60.0 29.0 -1.75 1.59 0.27 -0.17 -0.2 0.37
148 104.0 117.0 58.0 29.0 -1.76 1.26 0.2 -0.16 -0.41 0.87
149 101.0 116.0 61.0 30.0 -1.7 1.15 0.21 0.14 -0.25 1.23
150 89.0 109.0 62.0 30.0 -1.6 1.07 0.18 0.24 -0.18 1.32
151 86.0 112.0 66.0 33.0 -1.43 0.95 0.08 0.12 -0.03 1.36
152 86.0 109.0 62.0 32.0 -1.35 0.91 0.03 0.26 0.03 1.27
153 78.0 109.0 59.0 31.0 -1.22 0.92 -0.01 0.02 -0.05 0.81
154 79.0 113.0 64.0 29.0 -1.09 0.73 -0.05 -0.18 -0.05 0.63
155 65.0 113.0 69.0 28.0 -1.03 0.57 -0.06 -0.1 -0.1 -0.33
156 57.0 117.0 78.0 28.0 -0.78 0.26 0.01 -1.16 -2.23 2.38
157 50.0 121.0 84.0 27.0 0.33 -0.4 0.05 1.74 0.34 5.26
158 50.0 121.0 80.0 26.0 0.36 0.01 0.02 0.32 0.82 2.99
159 55.0 121.0 73.0 26.0 0.24 0.34 -0.15 -0.21 0.34 -0.13
160 49.0 122.0 74.0 26.0 0.18 0.23 -0.13 -0.55 0.24 -0.9
161 45.0 124.0 71.0 27.0 0.17 0.18 -0.09 -0.64 0.11 -0.71
162 41.0 126.0 67.0 25.0 0.15 -0.1 -0.06 -0.06 0.01 -0.01
