1 25.0 102.0 63.0 23.0 -0.01 -0.01 -0.01 -0.05 0.08 0.0
2 24.0 102.0 70.0 23.0 -0.03 -0.01 -0.0 0.03 0.07 0.01
3 22.0 100.0 69.0 23.0 -0.04 -0.01 0.0 0.0 0.05 -0.06
4 21.0 99.0 68.0 23.0 -0.04 0.0 0.0 0.01 0.02 -0.05
5 20.0 101.0 73.0 23.0 -0.04 0.01 0.0 -0.04 -0.03 -0.08
6 20.0 99.0 70.0 23.0 -0.03 0.01 0.0 -0.02 0.01 -0.05
7 18.0 98.0 72.0 23.0 -0.03 0.02 0.0 -0.04 -0.04 -0.07
8 18.0 98.0 73.0 23.0 -0.02 0.02 -0.0 -0.14 0.0 -0.07
9 20.0 99.0 74.0 23.0 -0.01 0.01 -0.01 -0.11 0.0 -0.04
10 21.0 98.0 70.0 23.0 -0.01 -0.0 -0.01 -0.12 0.0 -0.04
11 19.0 98.0 67.0 23.0 -0.0 -0.02 -0.01 -0.04 0.02 -0.04
12 23.0 95.0 77.0 23.0 -0.0 -0.01 -0.01 -0.01 0.04 0.0
13 19.0 94.0 72.0 24.0 -0.0 -0.0 -0.01 -0.02 0.05 -0.02
14 22.0 94.0 71.0 23.0 -0.01 -0.0 -0.01 -0.07 0.05 -0.01
15 26.0 93.0 72.0 23.0 -0.02 -0.01 -0.01 -0.04 0.03 -0.03
16 38.0 91.0 70.0 23.0 -0.02 -0.01 -0.01 -0.05 0.04 0.0
17 67.0 97.0 66.0 23.0 -0.04 -0.03 -0.0 0.0 -0.01 0.02
18 102.0 144.0 67.0 24.0 -0.05 -0.04 0.0 -0.09 -0.02 -0.07
19 128.0 273.0 65.0 27.0 -0.05 -0.02 0.0 -0.18 0.0 -0.08
20 133.0 356.0 65.0 31.0 0.11 0.0 -0.03 -1.29 -0.04 -0.34
21 115.0 339.0 77.0 30.0 0.22 -0.04 -0.07 -0.97 -0.36 -0.41
22 97.0 320.0 75.0 29.0 0.56 -0.43 -0.12 0.03 -0.05 -0.52
23 94.0 292.0 75.0 28.0 0.48 -0.95 -0.01 0.91 -0.09 0.06
24 107.0 387.0 74.0 28.0 0.46 -0.91 0.02 0.54 0.04 0.4
25 126.0 512.0 76.0 31.0 0.33 -0.65 0.08 0.47 0.01 0.26
26 117.0 470.0 85.0 48.0 0.4 -0.32 0.07 -0.26 0.04 -0.21
27 106.0 453.0 88.0 45.0 0.47 -0.33 0.05 0.02 -0.21 0.64
28 100.0 420.0 105.0 44.0 0.4 -0.54 0.06 0.35 -0.15 1.06
29 90.0 418.0 106.0 47.0 0.42 -0.7 0.08 -0.99 -0.1 0.8
30 79.0 465.0 106.0 43.0 0.45 -0.79 0.09 -0.55 -0.01 0.69
31 69.0 468.0 100.0 50.0 0.42 -1.09 0.04 -1.01 0.55 0.68
32 75.0 439.0 110.0 50.0 0.62 -1.82 -0.14 1.91 0.92 0.97
33 70.0 460.0 111.0 60.0 0.72 -2.16 -0.15 1.73 1.0 0.98
34 80.0 546.0 109.0 57.0 0.65 -1.61 -0.18 1.82 0.9 1.29
35 79.0 572.0 112.0 51.0 0.65 -0.98 -0.29 0.4 0.4 1.56
36 97.0 615.0 110.0 55.0 0.7 -0.84 -0.32 0.32 0.3 1.46
37 93.0 562.0 116.0 48.0 0.89 -1.06 -0.43 0.29 0.39 1.23
38 106.0 562.0 119.0 55.0 0.98 -1.54 -0.5 0.65 0.36 0.98
39 104.0 545.0 123.0 49.0 0.99 -1.65 -0.52 0.7 0.48 1.03
40 104.0 579.0 126.0 46.0 1.04 -1.56 -0.54 0.27 0.25 0.86
41 105.0 678.0 143.0 44.0 1.13 -1.39 -0.53 -0.01 0.33 0.58
42 106.0 672.0 161.0 41.0 1.13 -1.34 -0.52 0.22 0.31 0.37
43 99.0 635.0 217.0 51.0 1.18 -1.19 -0.5 0.16 0.25 0.32
44 94.0 698.0 243.0 47.0 1.18 -1.12 -0.47 0.08 0.07 0.17
45 136.0 637.0 230.0 46.0 1.21 -1.1 -0.49 -0.04 0.13 0.24
46 137.0 597.0 240.0 48.0 1.2 -1.02 -0.47 -0.09 0.12 0.16
47 138.0 581.0 236.0 45.0 1.19 -0.97 -0.46 -0.28 0.07 -0.27
48 204.0 554.0 220.0 41.0 1.18 -0.93 -0.46 -0.33 -0.02 -0.31
49 192.0 554.0 200.0 39.0 1.16 -0.86 -0.43 -0.26 -0.15 -0.31
50 201.0 640.0 207.0 48.0 1.09 -0.79 -0.4 -0.36 -0.11 -0.56
51 184.0 664.0 207.0 43.0 1.05 -0.79 -0.39 -0.39 -0.08 -1.32
52 170.0 634.0 211.0 41.0 0.96 -0.72 -0.35 -0.34 -0.16 -1.46
53 154.0 651.0 214.0 48.0 0.85 -0.62 -0.32 0.09 -0.28 -1.2
54 147.0 569.0 216.0 45.0 0.79 -0.56 -0.3 -0.3 -0.27 -1.12
55 177.0 612.0 219.0 48.0 0.66 -0.51 -0.31 -0.53 -0.38 -1.36
56 166.0 524.0 214.0 52.0 0.52 -0.45 -0.31 -0.64 -0.43 -1.73
57 179.0 539.0 207.0 48.0 0.45 -0.4 -0.31 -0.59 -0.57 -1.73
58 205.0 491.0 211.0 48.0 0.32 -0.34 -0.29 -0.59 -0.76 -1.38
59 192.0 505.0 213.0 50.0 0.22 -0.3 -0.26 -1.01 -0.83 -1.07
60 168.0 470.0 205.0 51.0 0.16 -0.26 -0.24 -1.24 -0.91 -1.06
61 167.0 490.0 202.0 58.0 0.04 -0.18 -0.2 -1.2 -0.97 -0.91
62 153.0 495.0 218.0 57.0 -0.03 -0.12 -0.16 -1.25 -1.05 -1.04
63 141.0 495.0 207.0 51.0 -0.05 -0.12 -0.14 -1.12 -1.01 -1.09
64 127.0 535.0 191.0 46.0 -0.09 -0.07 -0.09 -1.17 -0.91 -0.59
65 185.0 547.0 185.0 45.0 -0.12 -0.01 -0.04 -1.05 -0.77 -0.54
66 165.0 510.0 178.0 42.0 -0.14 0.02 -0.03 -1.01 -0.64 -0.46
67 148.0 541.0 166.0 41.0 -0.14 0.01 0.0 -0.78 -0.47 -0.55
68 135.0 514.0 169.0 43.0 -0.15 0.01 0.02 -0.52 -0.27 -0.33
69 130.0 511.0 169.0 41.0 -0.14 0.02 0.02 -0.49 -0.2 -0.27
70 134.0 519.0 172.0 50.0 -0.14 0.05 0.02 -0.4 0.11 -0.14
71 122.0 497.0 161.0 46.0 -0.14 0.09 0.02 -0.45 0.19 0.0
72 109.0 543.0 168.0 41.0 -0.13 0.09 0.03 -0.38 0.23 0.1
73 94.0 522.0 182.0 41.0 -0.11 0.06 0.05 0.01 0.23 0.0
74 102.0 570.0 178.0 46.0 -0.07 0.03 0.08 0.05 0.23 0.2
75 123.0 579.0 177.0 45.0 -0.06 0.03 0.09 0.14 0.21 0.34
76 135.0 615.0 171.0 44.0 -0.05 0.03 0.09 0.01 0.24 0.21
77 123.0 581.0 164.0 43.0 -0.04 0.02 0.08 0.13 0.2 0.16
78 114.0 538.0 166.0 42.0 -0.03 0.03 0.07 0.05 0.2 0.06
79 123.0 495.0 163.0 38.0 -0.01 0.05 0.05 0.12 0.12 0.02
80 111.0 585.0 162.0 40.0 0.01 0.05 0.03 0.0 0.13 0.13
81 114.0 515.0 176.0 37.0 0.02 0.03 0.02 -0.04 0.12 0.1
82 111.0 541.0 165.0 49.0 0.04 0.03 -0.0 -0.04 0.08 -0.09
83 101.0 508.0 176.0 52.0 0.05 0.06 -0.01 -0.05 0.04 -0.15
84 108.0 530.0 169.0 54.0 0.06 0.04 -0.01 0.0 0.07 -0.31
85 114.0 567.0 165.0 51.0 0.07 0.03 -0.01 -0.04 0.05 -0.31
86 107.0 536.0 157.0 48.0 0.05 0.05 -0.01 -0.11 0.0 -0.23
87 118.0 530.0 156.0 45.0 0.04 0.04 -0.01 -0.06 0.0 -0.18
88 126.0 538.0 151.0 44.0 0.03 0.04 -0.01 -0.19 -0.04 -0.25
89 112.0 519.0 152.0 41.0 0.03 0.03 -0.02 -0.16 -0.08 -0.27
90 111.0 476.0 156.0 38.0 0.02 0.04 -0.02 -0.14 -0.1 -0.29
91 108.0 476.0 178.0 37.0 0.01 0.05 -0.02 -0.16 -0.1 -0.29
92 101.0 469.0 161.0 38.0 -0.01 0.05 -0.01 -0.12 -0.11 -0.26
93 107.0 507.0 155.0 42.0 -0.02 0.03 -0.01 -0.15 -0.11 -0.24
94 110.0 471.0 159.0 40.0 -0.04 0.03 -0.0 -0.18 -0.04 -0.2
95 105.0 506.0 151.0 38.0 -0.05 0.05 -0.0 -0.23 -0.05 -0.21
96 106.0 491.0 161.0 39.0 -0.05 0.04 -0.0 -0.11 -0.08 -0.17
97 106.0 455.0 155.0 37.0 -0.05 0.03 -0.0 -0.09 -0.07 -0.19
98 97.0 451.0 167.0 35.0 -0.04 0.06 0.0 -0.14 -0.05 -0.11
99 93.0 460.0 156.0 39.0 -0.04 0.05 -0.0 -0.16 -0.05 -0.1
100 89.0 445.0 156.0 39.0 -0.03 0.05 -0.01 -0.2 -0.03 -0.11
101 77.0 425.0 165.0 38.0 -0.02 0.0 -0.01 -0.12 0.0 -0.11
102 80.0 418.0 171.0 36.0 -0.02 0.01 -0.01 -0.12 0.03 -0.07
103 93.0 393.0 176.0 33.0 -0.02 0.03 -0.0 -0.09 0.06 -0.13
104 88.0 408.0 173.0 33.0 -0.04 0.09 0.0 -0.2 0.1 -0.21
105 86.0 387.0 153.0 33.0 -0.04 0.06 -0.0 -0.17 0.11 -0.26
106 109.0 429.0 142.0 34.0 -0.03 0.04 0.0 -0.17 0.08 -0.19
107 92.0 445.0 133.0 33.0 -0.03 0.06 0.01 -0.12 0.04 -0.18
108 92.0 414.0 136.0 31.0 -0.03 0.07 0.01 -0.19 0.0 -0.24
109 82.0 402.0 129.0 29.0 -0.02 0.06 0.01 -0.18 -0.02 -0.21
110 76.0 373.0 120.0 29.0 -0.01 0.03 0.02 -0.3 -0.03 0.0
111 76.0 367.0 114.0 28.0 0.0 0.02 0.03 -0.27 -0.04 0.0
112 75.0 375.0 119.0 26.0 -0.01 0.05 0.04 -0.22 -0.01 -0.17
113 73.0 381.0 107.0 30.0 -0.01 0.06 0.05 -0.23 0.03 -0.23
114 72.0 368.0 107.0 31.0 -0.02 0.07 0.05 -0.12 -0.03 -0.28
115 73.0 321.0 101.0 31.0 -0.03 0.08 0.06 -0.12 -0.09 -0.35
116 74.0 317.0 91.0 29.0 -0.04 0.08 0.06 -0.11 -0.18 -0.43
117 66.0 268.0 86.0 29.0 -0.05 0.08 0.07 -0.07 -0.23 -0.4
118 65.0 237.0 81.0 28.0 -0.07 0.09 0.09 -0.13 -0.22 -0.45
119 57.0 219.0 80.0 30.0 -0.12 0.13 0.11 -0.08 -0.33 -0.43
120 64.0 221.0 74.0 30.0 -0.15 0.17 0.13 -0.09 -0.36 -0.41
121 65.0 207.0 71.0 28.0 -0.22 0.27 0.19 -0.21 -0.4 -0.51
122 84.0 192.0 70.0 27.0 -0.26 0.48 0.27 -0.4 -0.33 -1.06
123 86.0 213.0 68.0 27.0 -0.32 0.61 0.31 -0.51 -0.34 -1.11
124 104.0 215.0 71.0 32.0 -0.43 0.84 0.38 -0.34 -0.47 -0.97
125 106.0 238.0 70.0 26.0 -0.52 1.08 0.4 -0.25 -0.47 -1.06
126 109.0 242.0 72.0 30.0 -0.6 1.19 0.43 -0.09 -0.52 -1.1
127 114.0 217.0 74.0 28.0 -0.72 1.45 0.5 -0.26 -0.75 -1.32
128 129.0 222.0 76.0 28.0 -0.87 1.67 0.58 -1.28 -0.1 -2.17
129 123.0 210.0 78.0 27.0 -1.0 1.72 0.63 -1.53 -0.12 -2.3
130 111.0 182.0 77.0 27.0 -1.17 1.62 0.67 -2.18 -0.29 -1.73
131 101.0 162.0 76.0 27.0 -1.32 1.52 0.76 -1.75 0.12 -1.51
132 94.0 162.0 78.0 26.0 -1.39 1.51 0.8 -1.64 0.12 -1.51
133 108.0 157.0 80.0 25.0 -1.56 1.4 0.85 -1.31 0.11 -1.03
134 97.0 176.0 80.0 25.0 -1.67 1.03 0.82 -0.9 0.12 -0.78
135 106.0 175.0 81.0 25.0 -1.71 0.68 0.82 -1.27 -0.39 -0.48
136 100.0 153.0 80.0 25.0 -1.66 0.15 0.77 -0.2 -0.2 -0.29
137 97.0 140.0 77.0 25.0 -1.79 0.21 0.75 0.22 -0.41 0.2
138 94.0 130.0 79.0 24.0 -1.77 0.16 0.69 0.4 -0.29 0.48
139 91.0 124.0 81.0 24.0 -1.72 0.21 0.54 0.89 0.08 1.03
140 92.0 118.0 82.0 23.0 -1.75 0.5 0.37 1.1 -0.09 1.49
141 101.0 117.0 76.0 24.0 -1.73 0.67 0.29 1.35 0.04 1.49
142 99.0 113.0 76.0 25.0 -1.68 1.05 0.19 1.37 0.0 0.75
143 95.0 109.0 73.0 23.0 -1.55 1.35 0.08 1.0 0.04 -0.25
144 87.0 109.0 69.0 28.0 -1.46 1.39 0.03 0.63 -0.14 -0.83
145 82.0 111.0 66.0 26.0 -1.32 1.1 -0.06 -0.17 -1.0 -0.55
146 75.0 114.0 71.0 26.0 -0.04 3.44 0.04 0.89 -1.93 7.48
147 72.0 114.0 69.0 26.0 0.46 3.2 -0.34 -0.69 -1.03 6.82
148 64.0 124.0 66.0 25.0 0.31 1.19 -0.4 -2.12 0.73 1.4
149 58.0 120.0 62.0 25.0 0.24 0.81 -0.3 -1.11 1.2 -1.56
150 56.0 117.0 59.0 25.0 0.22 0.94 -0.35 -1.96 -0.06 -1.35
151 51.0 118.0 56.0 24.0 0.33 0.61 -0.21 -1.94 -0.05 0.71
152 48.0 118.0 54.0 24.0 0.28 -0.16 0.0 -0.3 0.14 0.25
153 45.0 117.0 51.0 24.0 0.23 -0.21 0.06 -0.01 0.04 0.1
154 41.0 116.0 52.0 24.0 0.18 -0.17 0.11 0.57 -0.1 0.14
155 39.0 115.0 51.0 23.0 0.14 -0.04 0.08 0.66 -0.09 0.09
156 35.0 115.0 51.0 24.0 0.16 0.06 0.05 0.71 -0.02 0.07
