1 26.0 94.0 86.0 23.0 -0.01 -0.0 -0.0 -0.06 0.13 0.08
2 28.0 94.0 91.0 24.0 -0.03 -0.02 0.01 -0.01 0.11 0.05
3 31.0 93.0 85.0 23.0 -0.07 -0.0 0.02 0.04 0.09 0.06
4 49.0 94.0 81.0 23.0 -0.08 0.0 0.02 0.0 0.04 -0.03
5 50.0 92.0 81.0 23.0 -0.11 0.01 0.03 -0.07 0.04 -0.04
6 47.0 93.0 82.0 23.0 -0.11 -0.01 0.03 -0.23 -0.02 -0.12
7 63.0 92.0 85.0 23.0 -0.1 -0.02 0.02 -0.19 -0.02 -0.13
8 73.0 93.0 87.0 23.0 -0.07 -0.05 0.01 -0.1 -0.04 -0.05
9 95.0 93.0 86.0 23.0 -0.05 -0.06 0.0 -0.1 0.0 -0.1
10 87.0 93.0 84.0 23.0 -0.04 -0.06 -0.0 -0.04 0.04 -0.04
11 76.0 93.0 83.0 23.0 -0.03 -0.05 -0.01 -0.03 0.05 -0.06
12 82.0 93.0 81.0 23.0 -0.02 -0.04 -0.02 -0.02 0.09 -0.04
13 77.0 95.0 80.0 23.0 -0.02 -0.05 -0.02 -0.04 0.02 -0.05
14 76.0 94.0 75.0 23.0 -0.03 -0.05 -0.02 -0.08 0.0 -0.06
15 78.0 99.0 75.0 23.0 -0.03 -0.06 -0.02 -0.13 0.03 -0.03
16 73.0 129.0 79.0 25.0 -0.03 -0.07 -0.02 -0.09 0.02 -0.03
17 62.0 147.0 75.0 25.0 -0.03 -0.1 -0.02 -0.05 0.02 -0.04
18 68.0 171.0 75.0 26.0 0.04 -0.11 -0.02 -0.04 -0.05 -0.04
19 87.0 228.0 73.0 28.0 0.08 -0.13 -0.01 -0.08 -0.17 -0.16
20 81.0 263.0 85.0 28.0 0.23 -0.21 -0.0 -0.19 -0.39 -0.3
21 80.0 295.0 86.0 28.0 0.59 -0.44 -0.01 -0.26 -0.34 -0.36
22 81.0 308.0 85.0 26.0 0.61 -0.52 0.0 -0.19 -0.07 0.5
23 123.0 438.0 85.0 41.0 0.47 -0.64 0.08 0.18 0.1 0.31
24 127.0 491.0 85.0 72.0 0.4 -0.5 0.08 0.22 0.32 0.19
25 112.0 488.0 96.0 67.0 0.46 -0.48 0.04 -0.56 0.09 -0.12
26 102.0 525.0 99.0 59.0 0.36 -0.59 0.07 -0.31 0.05 -0.06
27 110.0 501.0 93.0 53.0 0.27 -0.93 0.12 -0.49 0.02 0.81
28 97.0 538.0 99.0 48.0 0.24 -1.14 0.14 -1.02 -0.11 0.77
29 111.0 586.0 91.0 49.0 0.14 -1.42 0.16 0.17 0.33 1.16
30 101.0 537.0 90.0 43.0 0.08 -1.37 0.06 -2.37 -0.39 0.39
31 101.0 523.0 90.0 42.0 0.49 -1.82 -0.14 0.7 0.46 0.84
32 98.0 529.0 110.0 40.0 0.62 -2.02 -0.21 1.37 0.8 1.14
33 110.0 500.0 110.0 46.0 0.95 -1.96 -0.39 1.35 0.65 1.52
34 106.0 468.0 129.0 44.0 1.0 -1.79 -0.45 1.05 0.55 1.96
35 143.0 472.0 117.0 45.0 1.02 -1.5 -0.57 0.8 0.65 1.82
36 136.0 444.0 121.0 63.0 1.06 -1.59 -0.72 1.05 0.68 1.57
37 132.0 469.0 141.0 62.0 1.12 -1.73 -0.79 1.19 0.47 1.18
38 139.0 510.0 163.0 61.0 1.26 -1.8 -0.89 1.27 0.39 0.86
39 146.0 486.0 155.0 59.0 1.33 -1.56 -0.91 0.49 0.21 1.34
40 211.0 496.0 143.0 62.0 1.33 -1.42 -0.87 -0.06 0.21 1.32
41 223.0 476.0 168.0 60.0 1.36 -1.12 -0.82 -0.21 0.19 1.18
42 207.0 491.0 196.0 62.0 1.4 -0.99 -0.77 -0.3 0.04 0.48
43 195.0 501.0 196.0 62.0 1.41 -0.96 -0.71 -0.31 -0.07 -0.13
44 305.0 519.0 187.0 62.0 1.38 -0.93 -0.62 -0.4 -0.17 -0.21
45 263.0 518.0 200.0 83.0 1.33 -0.92 -0.56 -0.85 -0.18 -0.61
46 233.0 565.0 206.0 100.0 1.27 -0.91 -0.52 -0.97 -0.33 -0.89
47 258.0 586.0 218.0 100.0 1.19 -0.9 -0.51 -0.85 -0.36 -1.01
48 272.0 556.0 215.0 85.0 1.06 -0.81 -0.43 -0.55 -0.56 -1.18
49 271.0 575.0 228.0 95.0 1.0 -0.77 -0.41 -0.73 -0.7 -1.38
50 272.0 599.0 233.0 98.0 0.84 -0.67 -0.34 -1.09 -0.73 -1.54
51 290.0 577.0 215.0 93.0 0.68 -0.55 -0.24 -1.27 -0.76 -1.55
52 278.0 621.0 234.0 93.0 0.6 -0.48 -0.21 -1.03 -0.66 -2.0
53 295.0 585.0 222.0 84.0 0.44 -0.31 -0.14 -1.04 -0.73 -2.0
54 286.0 566.0 215.0 78.0 0.3 -0.26 -0.08 -0.94 -0.68 -1.59
55 289.0 574.0 202.0 92.0 0.23 -0.24 -0.06 -0.9 -0.61 -1.31
56 251.0 596.0 204.0 92.0 0.08 -0.17 -0.03 -0.85 -0.59 -1.36
57 216.0 560.0 194.0 90.0 -0.03 -0.07 -0.0 -0.31 -0.62 -1.54
58 206.0 565.0 176.0 77.0 -0.05 -0.02 0.01 -0.37 -0.56 -1.18
59 190.0 517.0 187.0 71.0 -0.11 0.04 0.0 -0.54 -0.6 -0.6
60 189.0 591.0 224.0 61.0 -0.17 0.05 -0.0 -0.61 -0.54 -0.25
61 251.0 626.0 214.0 55.0 -0.2 0.06 -0.01 -0.69 -0.45 -0.25
62 220.0 655.0 226.0 52.0 -0.2 0.1 -0.03 -0.72 -0.43 -0.23
63 206.0 607.0 223.0 48.0 -0.17 0.15 -0.03 -0.67 -0.33 -0.18
64 218.0 580.0 213.0 46.0 -0.15 0.17 -0.03 -0.56 -0.34 0.08
65 191.0 542.0 195.0 45.0 -0.09 0.15 -0.03 -0.51 -0.27 0.14
66 179.0 537.0 190.0 43.0 -0.06 0.14 -0.04 -0.44 -0.18 0.01
67 211.0 544.0 185.0 46.0 -0.04 0.14 -0.03 -0.37 -0.05 -0.07
68 227.0 498.0 169.0 46.0 -0.03 0.14 -0.03 -0.2 0.09 -0.21
69 218.0 542.0 202.0 51.0 -0.03 0.15 -0.02 -0.14 0.05 -0.18
70 238.0 593.0 205.0 55.0 -0.04 0.18 -0.01 -0.19 0.04 -0.03
71 197.0 589.0 193.0 48.0 -0.03 0.16 0.01 -0.12 0.0 -0.06
72 231.0 571.0 231.0 43.0 -0.01 0.12 0.01 -0.03 0.03 -0.16
73 196.0 528.0 223.0 41.0 -0.01 0.13 0.01 -0.02 0.08 -0.15
74 175.0 486.0 205.0 39.0 -0.0 0.15 0.0 0.02 0.09 -0.16
75 190.0 506.0 201.0 50.0 -0.03 0.13 0.0 -0.1 0.06 -0.04
76 185.0 513.0 189.0 69.0 -0.04 0.11 -0.01 -0.07 0.06 0.13
77 169.0 510.0 185.0 62.0 -0.09 0.16 -0.02 -0.05 0.09 0.0
78 191.0 534.0 178.0 55.0 -0.11 0.23 -0.0 0.05 0.05 -0.48
79 195.0 517.0 182.0 54.0 -0.1 0.22 0.01 -0.04 0.07 -0.23
80 169.0 503.0 173.0 49.0 -0.07 0.08 0.01 -0.07 0.04 0.04
81 187.0 495.0 167.0 44.0 -0.06 0.01 0.01 -0.18 0.03 0.13
82 195.0 467.0 164.0 40.0 -0.06 0.01 0.02 -0.16 -0.01 0.01
83 177.0 479.0 162.0 41.0 -0.04 0.03 0.03 -0.23 0.07 -0.03
84 158.0 483.0 164.0 41.0 -0.02 0.04 0.05 -0.16 0.07 -0.15
85 137.0 456.0 183.0 38.0 -0.02 0.04 0.05 -0.15 0.04 -0.13
86 163.0 412.0 177.0 44.0 -0.0 0.0 0.05 -0.18 0.05 -0.09
87 155.0 428.0 159.0 44.0 0.02 -0.02 0.04 -0.03 0.08 -0.05
88 159.0 386.0 151.0 43.0 0.03 -0.02 0.02 0.0 0.09 -0.08
89 145.0 371.0 145.0 42.0 0.03 0.01 -0.01 0.0 0.1 -0.11
90 127.0 372.0 137.0 37.0 0.03 0.03 -0.03 -0.17 0.01 -0.22
91 119.0 417.0 129.0 43.0 0.03 0.0 -0.03 -0.12 -0.03 0.0
92 108.0 439.0 123.0 44.0 0.02 -0.02 -0.03 -0.16 -0.04 -0.05
93 148.0 439.0 129.0 44.0 -0.02 0.02 -0.02 -0.14 -0.09 -0.26
94 177.0 432.0 135.0 42.0 -0.03 0.03 -0.02 -0.03 -0.06 -0.53
95 165.0 418.0 123.0 40.0 -0.05 -0.03 -0.0 0.01 -0.05 -0.45
96 150.0 395.0 127.0 39.0 -0.06 -0.1 -0.01 0.16 0.06 -0.33
97 149.0 425.0 124.0 38.0 -0.07 -0.08 -0.01 0.08 0.0 -0.23
98 127.0 403.0 143.0 36.0 -0.1 -0.0 -0.02 -0.08 0.01 -0.14
99 138.0 403.0 128.0 37.0 -0.08 -0.01 -0.04 -0.14 -0.03 -0.08
100 122.0 419.0 126.0 35.0 -0.08 -0.02 -0.04 -0.4 -0.03 -0.08
101 124.0 437.0 135.0 37.0 -0.05 -0.06 -0.01 -0.45 -0.08 -0.03
102 106.0 391.0 135.0 41.0 -0.03 -0.07 0.01 -0.49 -0.04 -0.1
103 94.0 350.0 129.0 37.0 -0.03 -0.05 0.03 -0.5 -0.04 -0.24
104 95.0 363.0 124.0 34.0 -0.02 -0.05 0.06 -0.42 -0.03 -0.25
105 89.0 313.0 115.0 34.0 -0.03 -0.02 0.08 -0.34 -0.08 -0.29
106 72.0 267.0 105.0 32.0 -0.04 0.01 0.08 -0.35 -0.09 -0.27
107 76.0 233.0 99.0 34.0 -0.07 0.04 0.1 -0.35 -0.12 -0.27
108 77.0 206.0 95.0 33.0 -0.13 0.06 0.14 -0.2 -0.24 -0.42
109 75.0 186.0 90.0 31.0 -0.17 0.07 0.17 -0.24 -0.18 -0.69
110 77.0 181.0 89.0 30.0 -0.24 0.14 0.25 -0.34 -0.26 -0.89
111 66.0 174.0 87.0 28.0 -0.33 0.28 0.32 -0.66 -0.19 -1.06
112 67.0 188.0 83.0 27.0 -0.39 0.33 0.34 -0.39 -0.42 -1.07
113 67.0 184.0 101.0 26.0 -0.44 0.41 0.35 -0.39 -0.37 -1.17
114 85.0 187.0 102.0 31.0 -0.51 0.56 0.35 -0.16 -0.35 -1.3
115 92.0 164.0 98.0 29.0 -0.61 0.66 0.39 0.44 -0.53 -0.98
116 115.0 171.0 98.0 28.0 -0.76 1.0 0.46 -0.14 -0.49 -1.13
117 121.0 165.0 93.0 30.0 -1.01 1.27 0.54 -0.85 -0.38 -1.39
118 123.0 147.0 88.0 28.0 -1.13 1.38 0.58 -1.05 -0.47 -1.52
119 118.0 133.0 88.0 32.0 -1.15 1.57 0.62 -1.16 -0.59 -1.2
120 103.0 124.0 90.0 30.0 -1.46 1.51 0.7 -1.15 -0.47 -0.55
121 103.0 120.0 88.0 29.0 -1.56 1.55 0.76 -1.19 -0.33 -0.26
122 96.0 150.0 87.0 28.0 -1.79 1.31 0.77 -0.95 -0.33 -0.23
123 84.0 136.0 84.0 30.0 -1.84 1.06 0.75 -1.14 -0.03 -0.5
124 75.0 121.0 82.0 29.0 -1.77 1.02 0.74 -1.4 0.16 -1.23
125 78.0 115.0 79.0 29.0 -1.77 0.99 0.88 -1.71 -0.21 -0.23
126 79.0 108.0 78.0 34.0 -1.58 0.55 0.68 0.74 1.08 -1.1
127 84.0 103.0 78.0 31.0 -1.57 0.56 0.62 1.09 0.08 -0.14
128 90.0 101.0 78.0 30.0 -1.67 0.84 0.75 -0.32 0.06 -0.65
129 83.0 96.0 74.0 28.0 -1.55 0.85 0.69 0.33 0.48 -0.85
130 87.0 98.0 73.0 28.0 -1.56 1.0 0.65 0.51 0.5 -1.08
131 72.0 93.0 71.0 27.0 -1.53 1.16 0.56 0.56 0.38 -1.52
132 60.0 90.0 67.0 26.0 -1.53 1.19 0.48 0.11 0.12 -1.5
133 51.0 89.0 67.0 24.0 -1.55 1.17 0.42 -0.23 -0.25 -3.11
134 44.0 90.0 69.0 26.0 -1.2 0.77 0.3 2.57 -4.5 8.89
135 39.0 91.0 69.0 28.0 0.96 3.7 0.26 -2.66 0.02 7.92
136 34.0 91.0 71.0 26.0 0.7 3.34 -0.24 -1.84 0.08 4.51
137 35.0 92.0 69.0 25.0 0.48 1.01 -0.3 -1.39 0.15 0.3
138 33.0 90.0 63.0 24.0 0.32 0.8 -0.51 -1.77 0.99 -1.44
139 36.0 92.0 59.0 24.0 0.22 1.04 -0.45 -2.75 0.03 -0.4
140 35.0 92.0 62.0 24.0 0.32 0.36 -0.22 -0.75 0.49 0.24
141 30.0 92.0 60.0 24.0 0.32 -0.19 -0.06 0.14 0.43 0.24
142 28.0 90.0 65.0 25.0 0.27 -0.28 0.0 0.62 0.6 0.23
143 26.0 89.0 71.0 24.0 0.17 -0.14 0.01 1.02 0.33 0.0
144 25.0 91.0 69.0 24.0 0.08 -0.04 0.0 0.74 0.06 0.02
145 24.0 92.0 64.0 24.0 0.06 0.02 0.01 0.49 0.1 0.17
146 27.0 92.0 62.0 24.0 -0.07 0.1 0.04 0.14 0.07 0.1
147 24.0 92.0 61.0 24.0 -0.16 0.12 0.01 -0.68 -0.02 -0.15
148 23.0 92.0 61.0 23.0 -0.17 0.06 -0.01 -0.68 -0.05 -0.16
149 21.0 93.0 58.0 23.0 -0.09 -0.02 -0.03 -0.47 0.04 -0.07
150 21.0 92.0 62.0 24.0 -0.0 -0.05 -0.06 -0.24 0.03 -0.02
151 20.0 91.0 66.0 23.0 0.03 -0.06 -0.07 -0.13 0.0 -0.04
152 20.0 89.0 66.0 23.0 0.12 -0.04 -0.06 0.12 0.0 -0.06
153 20.0 88.0 66.0 23.0 0.16 0.02 -0.06 0.13 0.04 -0.07
