1 17.0 100.0 73.0 23.0 0.03 -0.06 -0.02 -0.05 0.11 -0.01
2 17.0 102.0 74.0 23.0 0.03 -0.07 -0.01 -0.03 0.07 0.01
3 16.0 101.0 69.0 23.0 0.05 -0.09 -0.0 0.07 0.08 -0.06
4 17.0 103.0 68.0 23.0 0.06 -0.08 0.02 -0.1 0.09 -0.02
5 16.0 98.0 68.0 23.0 0.04 -0.09 0.02 -0.05 0.12 0.02
6 17.0 103.0 76.0 23.0 0.03 -0.08 0.01 -0.06 0.1 0.0
7 17.0 109.0 76.0 23.0 0.03 -0.08 0.01 -0.07 0.12 -0.01
8 16.0 123.0 70.0 23.0 0.03 -0.07 0.0 -0.02 0.1 0.0
9 17.0 118.0 67.0 23.0 0.01 -0.1 0.02 0.01 0.1 0.0
10 25.0 117.0 66.0 23.0 0.0 -0.14 0.03 -0.23 0.03 0.07
11 41.0 119.0 62.0 23.0 -0.03 -0.18 0.03 0.36 0.14 -0.01
12 42.0 154.0 62.0 23.0 -0.05 -0.11 0.01 0.06 0.11 -0.05
13 59.0 195.0 64.0 23.0 -0.04 -0.15 0.01 -0.17 0.0 -0.21
14 81.0 201.0 73.0 26.0 -0.01 -0.23 0.02 -0.27 -0.06 -0.25
15 80.0 252.0 72.0 35.0 0.2 -0.37 0.02 -0.92 -0.31 -0.18
16 86.0 267.0 73.0 33.0 0.32 -0.61 0.03 -0.55 -0.05 0.37
17 94.0 311.0 71.0 103.0 0.3 -0.7 0.04 -0.27 -0.13 0.55
18 104.0 399.0 70.0 95.0 0.41 -0.53 0.03 0.32 0.24 0.67
19 116.0 477.0 83.0 87.0 0.51 -0.28 -0.01 -0.21 0.15 0.31
20 131.0 486.0 90.0 72.0 0.62 -0.24 -0.03 -0.19 0.15 0.39
21 110.0 486.0 94.0 63.0 0.69 -0.65 -0.07 -1.2 0.2 1.84
22 123.0 531.0 95.0 59.0 0.79 -1.47 -0.16 -1.31 0.16 2.61
23 132.0 549.0 90.0 60.0 1.12 -2.27 -0.38 0.52 0.0 3.71
24 117.0 607.0 96.0 62.0 1.23 -2.25 -0.34 0.89 0.93 2.45
25 126.0 598.0 94.0 55.0 0.99 -1.27 -0.36 1.4 1.0 1.96
26 115.0 594.0 92.0 50.0 0.98 -0.92 -0.41 0.77 1.06 2.16
27 103.0 630.0 104.0 45.0 1.29 -1.27 -0.54 0.89 0.45 2.83
28 98.0 646.0 111.0 42.0 1.63 -1.65 -0.67 1.84 0.62 2.22
29 115.0 746.0 103.0 39.0 2.09 -1.92 -0.84 1.43 0.67 2.42
30 128.0 760.0 113.0 39.0 2.12 -1.56 -0.85 0.54 0.84 1.91
31 124.0 714.0 122.0 40.0 2.11 -1.41 -0.87 0.67 0.67 1.53
32 112.0 786.0 128.0 45.0 2.12 -1.31 -0.91 0.33 0.57 0.97
33 109.0 726.0 152.0 55.0 2.13 -1.47 -0.96 0.55 0.28 1.06
34 107.0 674.0 153.0 48.0 2.17 -1.51 -0.98 0.58 0.27 0.3
35 139.0 625.0 162.0 51.0 2.08 -1.34 -1.01 0.38 0.08 0.37
36 144.0 810.0 155.0 54.0 1.95 -1.02 -1.03 0.2 -0.21 0.49
37 154.0 881.0 159.0 70.0 1.87 -0.94 -1.02 -0.26 -0.62 0.07
38 160.0 777.0 180.0 74.0 1.78 -0.93 -1.0 -0.63 -0.63 -0.26
39 184.0 733.0 186.0 78.0 1.7 -0.9 -0.96 -0.44 -0.91 -1.15
40 176.0 726.0 192.0 75.0 1.62 -0.87 -0.93 -0.78 -1.14 -0.51
41 239.0 757.0 191.0 97.0 1.49 -0.81 -0.87 -0.97 -1.29 -0.3
42 264.0 736.0 184.0 85.0 1.36 -0.75 -0.77 -1.47 -1.28 -0.53
43 223.0 730.0 183.0 83.0 1.27 -0.71 -0.7 -1.52 -1.41 -1.36
44 222.0 766.0 176.0 75.0 1.11 -0.69 -0.56 -1.42 -1.35 -1.4
45 200.0 690.0 167.0 85.0 0.9 -0.62 -0.42 -1.54 -1.58 -1.89
46 179.0 650.0 159.0 83.0 0.79 -0.58 -0.35 -1.64 -1.54 -2.18
47 168.0 602.0 167.0 90.0 0.52 -0.58 -0.18 -1.45 -1.68 -2.05
48 143.0 549.0 158.0 84.0 0.3 -0.59 -0.04 -0.93 -1.71 -1.96
49 145.0 594.0 156.0 79.0 0.19 -0.57 0.04 -0.85 -1.72 -1.79
50 146.0 657.0 160.0 91.0 -0.01 -0.5 0.15 -0.76 -1.62 -1.73
51 155.0 678.0 151.0 124.0 -0.22 -0.41 0.22 -0.79 -1.37 -1.38
52 156.0 722.0 142.0 120.0 -0.28 -0.39 0.24 -0.68 -1.26 -1.92
53 167.0 790.0 135.0 114.0 -0.35 -0.25 0.32 -0.47 -1.28 -1.4
54 167.0 704.0 139.0 102.0 -0.4 -0.23 0.31 -0.64 -1.07 -0.28
55 154.0 609.0 134.0 91.0 -0.4 -0.24 0.28 -0.81 -0.79 0.18
56 154.0 684.0 138.0 99.0 -0.39 -0.16 0.22 -0.69 -0.67 0.38
57 133.0 606.0 139.0 95.0 -0.39 -0.03 0.17 -0.55 -0.25 0.31
58 154.0 825.0 143.0 97.0 -0.37 0.02 0.16 -0.56 -0.1 0.05
59 152.0 783.0 155.0 97.0 -0.3 0.05 0.15 -0.31 -0.02 0.2
60 161.0 760.0 158.0 103.0 -0.2 0.09 0.13 -0.17 0.11 0.31
61 143.0 701.0 143.0 86.0 -0.17 0.08 0.11 -0.49 0.17 0.46
62 123.0 745.0 147.0 78.0 -0.09 0.06 0.08 -0.34 0.3 0.67
63 135.0 696.0 156.0 101.0 -0.08 0.09 0.08 -0.14 0.45 0.61
64 137.0 645.0 151.0 111.0 -0.09 0.12 0.08 -0.15 0.51 -0.03
65 128.0 708.0 142.0 101.0 -0.09 0.12 0.14 -0.13 0.5 -0.2
66 123.0 691.0 140.0 85.0 -0.09 0.14 0.22 0.23 0.39 -0.09
67 134.0 774.0 134.0 88.0 -0.08 0.13 0.24 -0.1 0.51 0.06
68 117.0 666.0 119.0 76.0 -0.06 0.1 0.27 -0.11 0.51 0.26
69 108.0 695.0 123.0 76.0 -0.07 0.05 0.28 -0.08 0.32 0.42
70 143.0 672.0 116.0 72.0 -0.07 0.02 0.26 0.1 0.28 0.38
71 152.0 697.0 133.0 76.0 -0.06 0.01 0.21 0.21 0.27 0.29
72 165.0 711.0 157.0 79.0 -0.03 -0.02 0.14 0.43 0.26 0.2
73 139.0 645.0 142.0 69.0 -0.01 -0.05 0.1 0.47 0.19 0.15
74 123.0 613.0 134.0 71.0 0.05 -0.07 0.03 0.44 0.19 0.27
75 120.0 620.0 144.0 87.0 0.03 -0.05 0.01 0.24 0.25 0.44
76 117.0 632.0 138.0 74.0 0.01 -0.03 -0.01 0.08 0.24 0.02
77 150.0 754.0 135.0 88.0 -0.02 0.0 0.0 0.01 0.17 -0.21
78 167.0 703.0 130.0 93.0 -0.01 -0.02 0.01 0.17 0.01 -0.06
79 142.0 611.0 131.0 89.0 -0.01 -0.04 0.01 0.13 -0.02 0.05
80 129.0 608.0 128.0 78.0 -0.02 -0.06 -0.01 0.16 -0.08 0.21
81 132.0 662.0 128.0 70.0 -0.08 -0.02 -0.01 0.14 -0.12 0.41
82 126.0 574.0 120.0 64.0 -0.09 0.0 -0.02 0.0 -0.02 0.07
83 141.0 572.0 113.0 60.0 -0.08 0.01 -0.02 -0.03 0.03 -0.07
84 135.0 582.0 113.0 57.0 -0.07 -0.01 -0.01 0.05 0.02 -0.08
85 117.0 527.0 115.0 53.0 -0.08 -0.0 -0.01 -0.18 -0.03 -0.03
86 114.0 497.0 111.0 52.0 -0.07 -0.02 -0.01 -0.21 -0.01 -0.07
87 113.0 491.0 105.0 47.0 -0.07 -0.03 -0.01 -0.17 -0.05 0.13
88 107.0 509.0 108.0 43.0 -0.07 -0.04 -0.01 -0.23 -0.04 0.26
89 120.0 628.0 111.0 45.0 -0.05 -0.01 -0.0 -0.25 0.0 0.27
90 106.0 585.0 118.0 43.0 -0.04 -0.01 -0.01 -0.17 0.05 0.24
91 100.0 538.0 116.0 41.0 -0.02 0.0 -0.02 -0.16 0.26 0.1
92 104.0 497.0 108.0 52.0 -0.02 0.02 -0.03 -0.19 0.25 0.07
93 93.0 477.0 106.0 47.0 -0.02 0.03 -0.04 0.11 0.28 -0.06
94 90.0 433.0 105.0 43.0 -0.03 0.05 -0.02 -0.2 0.26 -0.02
95 100.0 460.0 104.0 41.0 -0.04 0.05 -0.01 -0.28 0.22 0.04
96 110.0 462.0 107.0 38.0 -0.04 0.03 0.02 -0.34 0.16 0.19
97 99.0 428.0 101.0 37.0 -0.03 0.03 0.04 -0.3 0.09 -0.09
98 99.0 399.0 98.0 34.0 -0.03 0.02 0.08 -0.22 0.08 -0.11
99 91.0 352.0 93.0 32.0 -0.04 0.04 0.12 -0.12 -0.03 -0.12
100 79.0 373.0 87.0 30.0 -0.05 0.05 0.13 -0.07 -0.15 -0.08
101 70.0 375.0 80.0 29.0 -0.07 0.13 0.14 -0.06 -0.17 0.01
102 64.0 324.0 75.0 29.0 -0.08 0.22 0.15 -0.31 -0.25 -0.01
103 65.0 282.0 72.0 30.0 -0.08 0.27 0.15 -0.42 -0.35 -0.23
104 60.0 244.0 72.0 29.0 -0.1 0.38 0.18 -0.43 -0.5 -0.38
105 60.0 219.0 72.0 28.0 -0.18 0.54 0.25 -0.57 -0.57 -0.51
106 62.0 196.0 68.0 27.0 -0.23 0.63 0.29 -0.82 -0.57 -0.64
107 68.0 180.0 65.0 26.0 -0.38 0.94 0.42 -0.88 -0.52 -0.77
108 62.0 172.0 64.0 25.0 -0.58 1.39 0.55 -0.91 -0.7 -1.25
109 70.0 160.0 64.0 25.0 -0.7 1.63 0.6 -1.04 -0.84 -1.83
110 70.0 155.0 62.0 24.0 -0.98 2.04 0.7 -1.27 -0.89 -2.1
111 76.0 152.0 69.0 26.0 -1.27 2.24 0.78 -1.32 -0.66 -2.34
112 97.0 145.0 76.0 26.0 -1.43 2.23 0.8 -1.19 -0.53 -2.09
113 109.0 150.0 75.0 26.0 -1.84 1.95 0.83 -0.89 -0.64 -0.97
114 153.0 161.0 78.0 27.0 -2.22 1.46 0.84 -0.93 -0.54 -0.5
115 190.0 174.0 78.0 27.0 -2.33 1.27 0.84 -0.25 -0.36 -0.91
116 181.0 162.0 79.0 27.0 -2.32 1.18 0.8 -0.07 -0.17 -1.32
117 172.0 145.0 79.0 33.0 -2.29 1.05 0.74 -0.54 -0.84 -1.37
118 163.0 134.0 102.0 43.0 -2.21 0.89 0.75 0.59 -0.01 -0.41
119 153.0 153.0 99.0 39.0 -2.05 1.23 0.69 -0.02 0.21 -0.16
120 141.0 143.0 91.0 40.0 -1.88 1.18 0.56 0.08 0.08 0.73
121 133.0 127.0 86.0 36.0 -1.79 1.31 0.5 0.0 -0.2 0.94
122 121.0 118.0 81.0 34.0 -1.54 1.55 0.39 -0.74 0.04 0.91
123 114.0 118.0 77.0 38.0 -1.36 1.26 0.23 -1.16 0.0 0.94
124 93.0 113.0 74.0 34.0 -1.29 1.02 0.3 0.09 0.29 0.54
125 78.0 109.0 71.0 32.0 -1.15 0.84 0.2 0.4 0.53 0.28
126 71.0 102.0 72.0 31.0 -1.18 0.96 0.27 0.6 0.42 0.0
127 62.0 95.0 68.0 29.0 -1.18 0.98 0.34 0.37 0.16 0.03
128 54.0 91.0 65.0 28.0 -1.22 0.97 0.4 0.09 0.2 -0.15
129 53.0 89.0 63.0 27.0 -1.26 0.9 0.42 -0.02 0.22 -0.43
130 46.0 87.0 59.0 27.0 -1.3 0.81 0.39 -0.03 0.42 -0.98
131 39.0 87.0 57.0 28.0 -1.45 0.56 0.33 0.22 0.5 -1.13
132 36.0 89.0 55.0 26.0 -1.66 -0.12 0.34 1.78 -0.53 -2.46
133 32.0 93.0 59.0 26.0 -1.21 -0.56 0.33 2.51 -5.07 13.8
134 28.0 96.0 62.0 26.0 0.66 1.12 0.17 3.61 0.9 10.8
135 26.0 94.0 60.0 25.0 0.14 1.94 -0.06 -1.57 -0.08 2.96
136 24.0 90.0 57.0 25.0 0.25 1.38 -0.06 -1.95 0.4 -1.77
137 25.0 90.0 54.0 25.0 -0.03 1.23 -0.23 -1.89 1.06 -1.88
138 23.0 91.0 53.0 24.0 -0.04 0.99 -0.14 -2.87 0.1 -0.44
139 21.0 93.0 51.0 23.0 0.02 0.68 -0.13 -2.58 0.17 0.05
140 21.0 92.0 50.0 23.0 0.07 -0.13 -0.06 -1.7 0.08 0.36
141 20.0 91.0 51.0 23.0 0.06 -0.52 0.03 -0.24 0.08 -0.12
142 18.0 91.0 49.0 24.0 0.05 -0.59 0.07 0.2 -0.01 -0.16
143 18.0 93.0 49.0 25.0 0.13 -0.36 0.07 1.13 -0.05 0.0
