1 32.0 86.0 91.0 25.0 -0.03 -0.02 -0.02 -0.14 0.11 -0.1
2 30.0 88.0 88.0 25.0 -0.01 -0.06 -0.02 0.03 0.1 0.01
3 27.0 85.0 84.0 24.0 -0.01 -0.07 -0.01 0.05 0.07 0.02
4 31.0 86.0 80.0 24.0 -0.01 -0.06 -0.01 0.05 0.07 -0.01
5 45.0 86.0 77.0 26.0 -0.02 -0.03 -0.01 0.04 0.07 -0.05
6 40.0 87.0 75.0 25.0 -0.01 -0.01 -0.01 0.02 0.07 -0.11
7 34.0 85.0 77.0 25.0 -0.01 0.0 -0.02 -0.03 0.09 -0.1
8 31.0 87.0 80.0 25.0 0.0 -0.0 -0.01 -0.05 0.05 -0.09
9 29.0 83.0 77.0 24.0 0.01 -0.01 -0.01 -0.11 0.13 0.06
10 30.0 81.0 76.0 24.0 0.01 -0.02 -0.01 -0.14 0.15 0.07
11 27.0 95.0 74.0 27.0 0.01 -0.03 -0.0 -0.08 0.19 -0.01
12 33.0 115.0 74.0 26.0 -0.0 -0.04 -0.0 -0.02 0.14 0.02
13 54.0 151.0 73.0 25.0 0.0 -0.04 -0.0 0.06 0.15 0.0
14 67.0 172.0 71.0 26.0 0.04 -0.06 -0.01 -0.06 0.06 -0.11
15 74.0 202.0 71.0 26.0 0.14 -0.11 -0.01 -0.3 -0.07 -0.07
16 73.0 199.0 70.0 26.0 0.18 -0.16 -0.02 -0.33 -0.13 0.04
17 80.0 242.0 85.0 28.0 0.28 -0.31 -0.0 -0.48 -0.18 0.35
18 111.0 271.0 103.0 74.0 0.28 -0.55 0.01 0.12 0.15 0.82
19 126.0 360.0 120.0 88.0 0.23 -0.62 0.02 -0.3 0.09 1.1
20 191.0 454.0 132.0 78.0 0.26 -0.69 0.03 0.06 0.47 1.38
21 199.0 513.0 134.0 89.0 0.35 -0.55 -0.01 -0.95 -0.17 2.06
22 179.0 452.0 124.0 77.0 0.48 -0.43 -0.06 -2.05 -0.54 2.04
23 148.0 443.0 128.0 70.0 0.77 -1.18 -0.18 -0.29 0.71 1.65
24 140.0 503.0 125.0 71.0 1.07 -2.5 -0.33 0.83 0.56 2.29
25 145.0 462.0 124.0 61.0 1.22 -2.62 -0.39 1.43 0.39 2.17
26 179.0 512.0 135.0 52.0 1.25 -1.99 -0.4 1.26 0.68 2.37
27 161.0 482.0 121.0 57.0 1.18 -1.45 -0.44 0.21 0.43 2.6
28 145.0 464.0 113.0 49.0 1.26 -1.53 -0.52 0.0 0.58 1.93
29 153.0 638.0 110.0 59.0 1.51 -2.07 -0.67 0.71 0.67 1.41
30 181.0 740.0 107.0 64.0 1.64 -2.23 -0.76 1.06 0.71 0.94
31 196.0 779.0 114.0 71.0 1.61 -1.93 -0.77 0.5 0.44 0.38
32 207.0 888.0 122.0 78.0 1.69 -1.7 -0.8 0.02 0.07 -0.25
33 217.0 911.0 129.0 76.0 2.01 -1.9 -0.93 0.79 -0.22 -0.15
34 189.0 916.0 138.0 86.0 2.11 -1.88 -0.96 0.7 -0.08 0.0
35 185.0 821.0 178.0 79.0 2.18 -1.75 -0.94 0.52 0.13 0.93
36 168.0 778.0 170.0 73.0 2.18 -1.61 -0.96 0.14 0.18 1.54
37 163.0 749.0 156.0 69.0 2.05 -1.26 -0.94 0.19 0.26 1.32
38 159.0 752.0 148.0 90.0 1.89 -0.97 -0.92 0.14 0.09 0.47
39 160.0 640.0 149.0 96.0 1.8 -0.81 -0.88 0.05 0.03 -0.97
40 150.0 594.0 165.0 89.0 1.73 -0.77 -0.85 0.31 -0.26 -0.84
41 149.0 637.0 161.0 86.0 1.59 -0.7 -0.78 -0.13 -0.59 -0.28
42 148.0 601.0 150.0 82.0 1.42 -0.75 -0.68 -0.3 -0.77 0.17
43 161.0 653.0 165.0 86.0 1.31 -0.71 -0.62 -0.59 -0.89 -0.22
44 187.0 760.0 165.0 96.0 1.2 -0.63 -0.55 -1.2 -0.89 -2.31
45 166.0 645.0 168.0 90.0 1.15 -0.64 -0.49 -0.89 -0.93 -2.18
46 175.0 698.0 190.0 93.0 1.06 -0.72 -0.4 -0.86 -0.94 -1.85
47 147.0 752.0 177.0 89.0 0.89 -0.75 -0.33 -1.06 -0.9 -0.92
48 154.0 793.0 161.0 80.0 0.76 -0.69 -0.29 -1.16 -1.03 -1.37
49 187.0 966.0 161.0 120.0 0.55 -0.6 -0.23 -1.12 -1.18 -1.67
50 188.0 968.0 187.0 122.0 0.45 -0.54 -0.17 -1.07 -1.14 -2.13
51 217.0 966.0 180.0 143.0 0.36 -0.54 -0.12 -1.28 -1.21 -1.41
52 215.0 966.0 159.0 130.0 0.3 -0.54 -0.11 -1.2 -1.21 -0.94
53 240.0 967.0 152.0 115.0 0.15 -0.43 -0.08 -1.56 -1.19 -0.68
54 231.0 930.0 148.0 114.0 0.1 -0.38 -0.06 -1.38 -1.22 -0.62
55 263.0 966.0 134.0 111.0 0.04 -0.3 -0.0 -1.34 -1.17 -0.77
56 242.0 966.0 135.0 118.0 -0.03 -0.29 0.05 -0.91 -1.03 -0.77
57 221.0 966.0 158.0 124.0 -0.05 -0.28 0.06 -0.82 -0.78 -0.67
58 203.0 967.0 157.0 109.0 -0.08 -0.22 0.08 -0.68 -0.47 0.12
59 200.0 929.0 148.0 110.0 -0.08 -0.19 0.05 -0.55 -0.06 0.36
60 192.0 904.0 150.0 114.0 -0.07 -0.17 0.02 -0.3 0.3 0.4
61 169.0 938.0 160.0 114.0 -0.09 -0.05 -0.03 -0.11 0.4 0.45
62 165.0 828.0 169.0 98.0 -0.12 0.08 -0.06 -0.08 0.43 -0.03
63 171.0 720.0 163.0 120.0 -0.12 0.11 -0.07 0.11 0.51 -0.09
64 151.0 656.0 146.0 102.0 -0.09 0.15 -0.05 -0.02 0.59 0.07
65 179.0 725.0 142.0 110.0 -0.13 0.15 -0.02 0.0 0.51 0.16
66 181.0 759.0 134.0 98.0 -0.16 0.15 0.0 -0.46 0.49 -0.22
67 161.0 776.0 145.0 108.0 -0.16 0.15 0.04 -0.33 0.31 -0.18
68 177.0 854.0 153.0 114.0 -0.12 0.1 0.08 -0.08 0.25 -0.21
69 173.0 780.0 140.0 108.0 -0.09 0.08 0.09 0.21 0.21 0.05
70 194.0 756.0 134.0 91.0 -0.08 0.1 0.14 0.03 0.17 0.54
71 169.0 814.0 139.0 93.0 -0.04 0.06 0.16 -0.01 0.16 0.69
72 167.0 762.0 135.0 91.0 -0.03 0.05 0.16 0.07 0.08 0.78
73 147.0 694.0 129.0 77.0 -0.01 0.08 0.14 0.11 0.09 0.44
74 152.0 753.0 124.0 73.0 0.03 0.05 0.08 0.29 0.1 0.16
75 130.0 649.0 127.0 73.0 0.02 0.03 0.05 0.37 0.12 -0.02
76 120.0 780.0 147.0 78.0 0.03 0.08 0.0 0.19 0.13 -0.32
77 124.0 796.0 134.0 70.0 0.04 0.08 -0.02 0.11 0.09 0.12
78 191.0 760.0 135.0 68.0 0.04 0.05 -0.02 0.03 0.09 0.12
79 176.0 692.0 124.0 74.0 0.06 -0.01 -0.01 0.11 0.13 0.21
80 159.0 705.0 117.0 72.0 0.03 0.01 -0.01 0.01 0.11 0.3
81 164.0 745.0 110.0 66.0 0.0 0.01 -0.0 0.03 0.07 -0.01
82 148.0 663.0 118.0 73.0 -0.04 0.01 0.01 0.03 0.08 -0.14
83 179.0 694.0 118.0 77.0 -0.03 -0.01 -0.0 -0.08 0.01 -0.03
84 154.0 742.0 109.0 70.0 -0.03 -0.03 -0.0 0.09 0.02 0.23
85 137.0 650.0 119.0 69.0 -0.03 -0.03 -0.01 0.09 0.04 0.2
86 156.0 672.0 117.0 64.0 -0.03 0.02 -0.02 -0.07 0.03 0.48
87 149.0 633.0 117.0 59.0 -0.04 0.02 -0.02 -0.2 0.07 0.39
88 144.0 629.0 133.0 60.0 -0.03 -0.03 -0.02 -0.14 0.11 0.09
89 127.0 579.0 130.0 58.0 -0.0 -0.02 0.0 -0.09 0.13 -0.02
90 116.0 538.0 125.0 51.0 0.0 -0.02 0.0 -0.05 0.09 0.0
91 168.0 611.0 120.0 46.0 0.01 -0.04 0.0 -0.08 0.15 0.11
92 172.0 549.0 119.0 49.0 -0.01 -0.04 -0.0 -0.09 0.25 0.06
93 148.0 506.0 110.0 55.0 -0.02 -0.04 -0.01 -0.03 0.18 -0.09
94 127.0 515.0 103.0 49.0 -0.03 -0.03 -0.01 0.03 0.15 -0.12
95 119.0 511.0 105.0 47.0 -0.04 0.02 -0.01 0.01 0.06 0.06
96 120.0 478.0 109.0 44.0 -0.05 0.04 -0.01 -0.08 0.06 0.11
97 154.0 520.0 105.0 49.0 -0.04 0.04 -0.02 -0.2 0.07 0.24
98 146.0 577.0 105.0 47.0 -0.03 0.08 -0.02 -0.31 0.08 0.08
99 123.0 487.0 97.0 49.0 -0.03 0.08 -0.02 -0.43 0.06 0.0
100 109.0 439.0 102.0 49.0 -0.03 0.02 0.0 -0.34 -0.04 0.03
101 108.0 401.0 95.0 47.0 -0.02 0.02 0.03 -0.28 -0.11 0.1
102 108.0 384.0 94.0 48.0 -0.03 0.05 0.05 -0.44 -0.1 0.11
103 126.0 381.0 87.0 44.0 -0.04 0.11 0.08 -0.29 -0.2 -0.13
104 108.0 419.0 80.0 39.0 -0.05 0.21 0.11 -0.26 -0.28 -0.26
105 107.0 454.0 73.0 35.0 -0.07 0.26 0.13 -0.33 -0.37 -0.29
106 95.0 467.0 70.0 34.0 -0.09 0.34 0.15 -0.35 -0.51 -0.41
107 85.0 407.0 70.0 31.0 -0.12 0.56 0.21 -0.67 -0.76 -0.75
108 72.0 335.0 65.0 30.0 -0.15 0.74 0.24 -0.76 -0.76 -0.78
109 86.0 276.0 65.0 28.0 -0.26 1.11 0.32 -1.19 -0.86 -0.9
110 121.0 239.0 64.0 27.0 -0.45 1.46 0.39 -1.19 -1.02 -1.16
111 134.0 208.0 61.0 27.0 -0.59 1.59 0.43 -1.85 -1.15 -1.39
112 127.0 185.0 61.0 25.0 -0.89 1.64 0.51 -1.49 -1.09 -1.69
113 132.0 172.0 64.0 25.0 -1.16 1.6 0.62 -0.87 -0.8 -1.76
114 119.0 159.0 63.0 26.0 -1.3 1.65 0.71 -0.98 -0.66 -1.73
115 134.0 160.0 67.0 25.0 -1.58 1.93 0.83 -1.01 -0.3 -1.49
116 128.0 175.0 68.0 25.0 -1.87 2.02 0.89 -0.76 -0.48 -1.04
117 115.0 154.0 70.0 24.0 -2.03 1.9 0.9 -0.05 0.27 -0.73
118 108.0 164.0 70.0 25.0 -2.23 2.29 0.86 -0.91 0.04 -0.84
119 131.0 165.0 70.0 25.0 -2.41 2.13 0.76 -0.66 0.14 -1.18
120 127.0 159.0 71.0 47.0 -2.43 1.64 0.64 -0.45 0.3 -1.52
121 137.0 146.0 68.0 45.0 -2.41 1.5 0.64 1.32 0.07 -1.55
122 125.0 135.0 69.0 41.0 -2.32 2.0 0.61 1.34 -0.31 -1.03
123 126.0 126.0 71.0 42.0 -2.26 1.97 0.57 1.48 -0.32 -0.57
124 128.0 116.0 69.0 46.0 -2.24 1.78 0.5 0.67 -0.13 0.56
125 120.0 109.0 68.0 40.0 -2.18 1.51 0.26 -0.99 -0.28 1.57
126 102.0 105.0 65.0 47.0 -2.15 1.37 0.27 -1.5 -0.51 1.58
127 90.0 105.0 66.0 60.0 -2.02 1.12 0.06 -0.67 -0.34 1.14
128 77.0 99.0 63.0 57.0 -1.95 1.02 0.04 -0.29 -0.42 0.26
129 63.0 93.0 62.0 59.0 -1.89 0.99 0.12 0.02 -0.41 0.06
130 63.0 90.0 60.0 53.0 -1.76 0.89 0.24 -0.54 -0.82 -0.14
131 56.0 87.0 58.0 47.0 -1.76 0.75 0.25 -0.42 -0.65 -0.12
132 53.0 84.0 58.0 41.0 -1.79 0.41 0.29 0.0 -0.73 -2.23
133 45.0 86.0 69.0 37.0 0.14 -0.05 0.17 -3.3 -6.09 12.91
134 39.0 85.0 66.0 35.0 0.6 1.79 0.04 0.14 0.65 7.41
135 34.0 84.0 63.0 33.0 0.46 1.57 -0.16 -1.81 -1.13 4.23
136 31.0 82.0 58.0 30.0 0.49 0.79 -0.32 -0.11 1.49 0.06
137 30.0 82.0 58.0 29.0 0.3 0.67 -0.3 -1.71 0.45 -1.22
138 25.0 82.0 55.0 28.0 0.28 0.51 -0.29 -1.71 0.64 -0.62
139 24.0 86.0 53.0 27.0 0.23 0.03 -0.2 -0.63 0.15 0.95
140 21.0 85.0 52.0 26.0 0.09 -0.26 -0.06 0.43 0.09 0.59
141 21.0 82.0 61.0 25.0 0.07 -0.25 -0.01 0.75 -0.13 0.09
142 20.0 82.0 64.0 29.0 0.04 -0.06 0.03 0.66 -0.18 0.1
143 19.0 82.0 69.0 31.0 0.02 0.16 0.01 -0.06 -0.17 0.05
144 18.0 85.0 65.0 29.0 0.01 0.22 0.0 -0.22 -0.22 0.09
145 19.0 88.0 61.0 27.0 0.02 0.25 -0.03 -0.48 -0.11 0.14
