1 34.0 74.0 53.0 23.0 0.03 -0.04 -0.01 0.0 0.04 -0.03
2 35.0 73.0 52.0 23.0 0.03 -0.04 -0.01 0.05 0.03 -0.04
3 32.0 74.0 51.0 23.0 0.02 -0.02 -0.01 -0.03 0.02 -0.02
4 31.0 74.0 50.0 24.0 0.02 -0.01 -0.0 -0.03 0.02 -0.03
5 61.0 87.0 55.0 23.0 0.03 -0.01 -0.01 -0.08 0.08 -0.06
6 58.0 95.0 55.0 23.0 0.02 -0.01 -0.0 -0.08 0.09 -0.03
7 55.0 132.0 55.0 24.0 0.03 -0.02 -0.01 -0.16 0.08 -0.03
8 47.0 127.0 54.0 23.0 0.03 -0.04 -0.01 -0.12 0.09 -0.03
9 45.0 134.0 53.0 23.0 0.04 -0.07 -0.01 -0.13 0.05 -0.03
10 49.0 201.0 55.0 23.0 0.03 -0.09 -0.01 0.07 0.05 0.0
11 59.0 300.0 58.0 39.0 0.04 -0.08 -0.01 0.04 0.03 -0.03
12 54.0 342.0 58.0 40.0 0.13 -0.15 -0.01 -0.33 -0.03 -0.01
13 64.0 439.0 57.0 44.0 0.28 -0.38 -0.01 -0.75 -0.14 0.0
14 94.0 531.0 61.0 43.0 0.36 -0.56 0.02 -0.55 0.0 -0.05
15 102.0 533.0 64.0 42.0 0.35 -0.87 0.11 0.31 -0.01 0.1
16 104.0 511.0 64.0 41.0 0.37 -1.08 0.21 0.28 0.37 0.4
17 136.0 554.0 62.0 44.0 0.35 -1.14 0.22 0.05 0.3 0.64
18 148.0 696.0 71.0 42.0 0.26 -1.34 0.25 -0.22 0.24 1.58
19 146.0 846.0 78.0 48.0 0.12 -1.46 0.26 -1.06 0.32 2.69
20 140.0 793.0 81.0 45.0 0.32 -1.67 0.13 -3.92 -0.19 2.69
21 154.0 886.0 94.0 42.0 1.02 -2.89 -0.05 1.26 0.56 2.5
22 161.0 887.0 96.0 44.0 1.14 -2.69 -0.12 1.94 0.95 3.19
23 147.0 869.0 88.0 42.0 1.15 -2.2 -0.16 1.55 0.74 3.42
24 148.0 913.0 90.0 40.0 1.25 -1.3 -0.3 0.54 0.8 3.33
25 164.0 965.0 92.0 46.0 1.52 -1.3 -0.47 0.58 0.54 3.12
26 188.0 966.0 109.0 56.0 1.72 -1.37 -0.55 0.57 0.78 1.41
27 182.0 967.0 111.0 58.0 1.88 -1.42 -0.56 0.75 0.52 1.2
28 190.0 967.0 113.0 59.0 1.99 -1.36 -0.55 0.49 -0.21 1.52
29 176.0 967.0 125.0 54.0 2.02 -1.32 -0.52 0.16 0.06 1.33
30 184.0 960.0 118.0 55.0 2.13 -1.22 -0.51 0.54 -0.01 0.9
31 206.0 936.0 110.0 58.0 2.15 -1.11 -0.44 0.01 -0.22 0.57
32 294.0 912.0 112.0 52.0 2.15 -1.06 -0.38 -0.18 -0.31 0.45
33 272.0 884.0 126.0 56.0 2.16 -0.95 -0.34 -0.42 -0.44 -0.49
34 242.0 839.0 127.0 49.0 2.1 -0.98 -0.25 -0.75 -0.67 -1.18
35 257.0 859.0 118.0 52.0 2.04 -1.01 -0.24 -0.82 -0.8 -1.14
36 291.0 831.0 119.0 55.0 1.91 -0.97 -0.24 -0.81 -0.96 -1.0
37 278.0 789.0 119.0 69.0 1.74 -0.84 -0.23 -1.26 -1.04 -1.91
38 300.0 850.0 131.0 74.0 1.66 -0.75 -0.22 -1.11 -1.15 -2.09
39 293.0 814.0 125.0 65.0 1.48 -0.62 -0.22 -0.96 -1.32 -2.2
40 309.0 924.0 132.0 70.0 1.29 -0.57 -0.22 -1.12 -1.28 -2.18
41 308.0 936.0 125.0 67.0 1.21 -0.54 -0.23 -1.15 -1.3 -2.14
42 297.0 882.0 136.0 60.0 1.01 -0.4 -0.23 -1.59 -1.23 -2.15
43 297.0 962.0 131.0 68.0 0.78 -0.28 -0.21 -1.5 -1.17 -2.09
44 341.0 967.0 137.0 71.0 0.68 -0.24 -0.2 -1.28 -1.04 -2.12
45 310.0 966.0 130.0 67.0 0.5 -0.16 -0.16 -1.01 -0.93 -2.14
46 275.0 920.0 135.0 58.0 0.31 -0.07 -0.1 -0.81 -0.79 -1.81
47 273.0 899.0 128.0 56.0 0.22 -0.07 -0.09 -0.95 -0.79 -1.66
48 233.0 929.0 129.0 54.0 0.07 -0.04 -0.07 -0.96 -0.81 -1.24
49 229.0 850.0 129.0 51.0 -0.05 0.01 -0.07 -0.79 -0.76 -1.25
50 294.0 917.0 131.0 57.0 -0.1 0.03 -0.07 -0.55 -0.74 -1.26
51 261.0 946.0 134.0 56.0 -0.18 0.01 -0.07 -0.24 -0.66 -0.77
52 270.0 949.0 134.0 52.0 -0.2 0.01 -0.1 -0.23 -0.55 -0.63
53 264.0 911.0 122.0 51.0 -0.21 0.05 -0.12 -0.18 -0.47 -0.5
54 250.0 849.0 119.0 58.0 -0.25 0.14 -0.14 -0.51 -0.28 -0.04
55 224.0 800.0 119.0 52.0 -0.27 0.17 -0.15 -0.5 -0.15 -0.13
56 242.0 741.0 109.0 48.0 -0.26 0.15 -0.15 -0.38 -0.01 -0.35
57 278.0 687.0 111.0 44.0 -0.26 0.12 -0.12 -0.24 -0.02 -0.11
58 249.0 644.0 118.0 40.0 -0.23 0.13 -0.08 -0.39 0.16 0.19
59 239.0 717.0 115.0 36.0 -0.24 0.12 -0.07 -0.42 0.26 0.2
60 220.0 694.0 119.0 40.0 -0.22 0.12 -0.05 -0.3 0.31 0.12
61 256.0 653.0 123.0 36.0 -0.2 0.14 -0.02 -0.06 0.38 -0.21
62 241.0 757.0 126.0 44.0 -0.19 0.13 -0.02 0.04 0.31 -0.13
63 214.0 770.0 130.0 40.0 -0.16 0.08 -0.02 0.14 0.28 0.18
64 205.0 798.0 136.0 38.0 -0.15 0.09 -0.04 -0.03 0.26 0.13
65 206.0 768.0 127.0 45.0 -0.15 0.09 -0.05 -0.04 0.24 0.22
66 195.0 731.0 119.0 42.0 -0.13 0.08 -0.06 -0.08 0.22 0.06
67 214.0 846.0 121.0 39.0 -0.11 0.08 -0.05 -0.06 0.03 -0.11
68 212.0 824.0 130.0 40.0 -0.09 0.08 -0.03 -0.08 0.06 -0.01
69 205.0 771.0 127.0 37.0 -0.07 0.07 -0.03 -0.24 0.0 0.01
70 186.0 792.0 140.0 36.0 -0.06 0.05 -0.01 -0.14 0.04 -0.07
71 178.0 764.0 133.0 34.0 -0.05 0.05 -0.01 -0.1 0.05 -0.07
72 184.0 732.0 124.0 36.0 -0.06 0.05 -0.0 -0.15 0.05 -0.25
73 189.0 659.0 126.0 36.0 -0.06 0.03 -0.01 -0.1 0.02 -0.36
74 214.0 768.0 123.0 34.0 -0.07 0.02 -0.02 -0.13 -0.02 -0.26
75 207.0 701.0 130.0 35.0 -0.09 0.03 -0.03 -0.06 -0.04 -0.22
76 184.0 658.0 121.0 35.0 -0.09 0.05 -0.04 -0.05 -0.04 -0.2
77 176.0 592.0 120.0 33.0 -0.09 0.07 -0.04 -0.07 -0.01 -0.09
78 162.0 556.0 122.0 35.0 -0.07 0.07 -0.05 -0.16 0.03 -0.1
79 154.0 573.0 128.0 41.0 -0.04 0.03 -0.05 -0.21 0.02 -0.01
80 164.0 561.0 122.0 38.0 -0.03 0.03 -0.04 -0.26 0.0 0.08
81 197.0 584.0 118.0 41.0 -0.03 0.03 -0.03 -0.34 0.05 -0.06
82 212.0 544.0 112.0 39.0 -0.02 0.03 -0.03 -0.34 0.02 -0.07
83 196.0 587.0 122.0 45.0 -0.04 0.04 -0.02 -0.35 0.0 -0.1
84 206.0 563.0 121.0 42.0 -0.05 0.01 -0.0 -0.24 0.0 -0.15
85 202.0 543.0 117.0 38.0 -0.04 -0.01 0.01 -0.18 -0.04 -0.19
86 167.0 512.0 117.0 38.0 -0.04 -0.01 0.02 -0.06 0.0 -0.14
87 256.0 591.0 114.0 38.0 -0.04 -0.01 0.03 -0.05 0.03 -0.22
88 261.0 588.0 113.0 38.0 -0.05 -0.0 0.02 -0.04 0.03 -0.34
89 236.0 561.0 113.0 37.0 -0.06 0.03 0.01 -0.03 0.12 -0.32
90 195.0 545.0 114.0 40.0 -0.08 0.04 -0.01 0.0 0.07 -0.14
91 161.0 543.0 106.0 47.0 -0.08 0.03 -0.01 -0.02 0.03 -0.01
92 142.0 508.0 118.0 42.0 -0.08 0.01 -0.03 -0.03 0.03 0.02
93 147.0 534.0 110.0 43.0 -0.07 0.03 -0.03 -0.05 -0.05 0.12
94 164.0 574.0 102.0 41.0 -0.07 0.03 -0.03 -0.11 0.0 0.13
95 133.0 499.0 97.0 39.0 -0.03 0.01 -0.04 -0.2 0.05 0.2
96 124.0 471.0 92.0 44.0 -0.0 0.0 -0.04 -0.29 0.07 0.2
97 108.0 440.0 84.0 50.0 0.0 0.01 -0.04 -0.28 0.08 0.01
98 102.0 421.0 82.0 45.0 0.01 0.02 -0.01 -0.32 -0.03 -0.1
99 93.0 359.0 80.0 41.0 0.0 0.07 0.03 -0.39 -0.16 -0.24
100 100.0 301.0 72.0 39.0 -0.02 0.09 0.04 -0.6 -0.34 -0.36
101 91.0 274.0 68.0 39.0 -0.06 0.08 0.08 -0.64 -0.42 -0.4
102 90.0 242.0 65.0 39.0 -0.15 0.07 0.14 -0.74 -0.65 -0.57
103 85.0 214.0 65.0 38.0 -0.22 0.08 0.18 -0.86 -0.77 -1.1
104 80.0 194.0 63.0 34.0 -0.35 0.15 0.25 -1.02 -0.88 -1.85
105 93.0 191.0 63.0 32.0 -0.5 0.24 0.34 -0.95 -0.91 -2.43
106 86.0 172.0 62.0 30.0 -0.56 0.28 0.39 -0.93 -0.96 -2.76
107 96.0 156.0 62.0 29.0 -0.66 0.43 0.46 -0.88 -0.86 -2.88
108 109.0 143.0 63.0 28.0 -0.89 0.67 0.56 -0.65 -0.84 -2.47
109 132.0 133.0 64.0 28.0 -1.03 0.86 0.6 -0.88 -0.95 -1.74
110 126.0 125.0 63.0 27.0 -1.31 1.24 0.66 -1.16 -0.89 -1.72
111 107.0 141.0 60.0 28.0 -1.67 1.65 0.72 -0.9 -0.66 -1.85
112 122.0 143.0 61.0 29.0 -1.89 1.89 0.75 -1.25 -0.66 -1.92
113 113.0 137.0 59.0 38.0 -2.27 2.21 0.72 -1.13 -0.72 -1.86
114 110.0 139.0 58.0 36.0 -2.43 1.97 0.62 -1.87 -0.98 -1.48
115 96.0 168.0 59.0 34.0 -2.54 1.21 0.5 -1.49 -0.91 -1.0
116 83.0 149.0 60.0 37.0 -2.61 0.79 0.48 -0.59 -0.99 -0.3
117 78.0 139.0 61.0 33.0 -2.44 0.48 0.43 -0.12 -0.59 -0.28
118 117.0 136.0 59.0 126.0 -2.33 0.3 0.41 0.81 -0.16 0.15
119 112.0 126.0 59.0 119.0 -2.3 0.64 0.37 0.88 -0.21 0.21
120 97.0 116.0 61.0 100.0 -2.33 0.94 0.33 0.22 -0.92 0.55
121 84.0 106.0 61.0 82.0 -2.32 1.32 0.33 -0.06 -0.77 0.91
122 73.0 99.0 61.0 69.0 -2.06 1.45 0.2 0.04 -0.66 0.8
123 61.0 92.0 63.0 60.0 -1.84 1.41 0.09 -0.64 -0.48 0.05
124 59.0 88.0 74.0 52.0 -1.75 1.29 0.09 -0.84 -0.41 -0.37
125 62.0 84.0 82.0 47.0 -1.65 1.09 0.11 -0.79 -0.16 -0.79
126 87.0 85.0 76.0 43.0 -1.62 0.54 0.19 -1.04 -0.38 -1.53
127 73.0 84.0 82.0 40.0 -0.3 2.18 0.6 5.62 -1.84 18.27
128 61.0 82.0 86.0 37.0 0.62 2.23 -0.45 1.5 1.51 8.19
129 52.0 80.0 80.0 35.0 0.66 0.09 -0.42 -5.67 0.97 -0.96
130 43.0 77.0 74.0 33.0 0.49 0.1 -0.41 -0.92 2.01 -1.53
131 52.0 79.0 75.0 36.0 0.04 1.21 -0.39 -1.77 0.77 -1.43
132 45.0 82.0 69.0 33.0 0.28 0.72 -0.33 -0.83 -0.06 1.22
133 61.0 85.0 67.0 31.0 0.14 0.16 -0.13 0.09 -0.03 0.53
134 58.0 86.0 66.0 29.0 -0.02 -0.08 0.05 0.05 -0.15 -0.01
135 60.0 89.0 67.0 29.0 0.01 0.02 0.01 0.01 -0.33 -0.42
136 51.0 91.0 73.0 27.0 0.04 0.06 0.01 0.11 -0.48 -0.06
137 43.0 93.0 68.0 27.0 0.11 0.08 0.06 0.07 -0.46 -0.02
138 39.0 93.0 74.0 26.0 0.06 0.11 0.1 0.18 -0.22 0.1
139 39.0 94.0 74.0 26.0 -0.01 0.15 0.1 -0.05 -0.17 0.04
140 34.0 96.0 71.0 25.0 -0.09 0.19 0.07 -0.11 -0.17 0.11
141 33.0 98.0 68.0 25.0 -0.13 0.17 0.06 -0.28 -0.15 0.06
142 49.0 99.0 67.0 25.0 -0.13 0.13 0.06 -0.43 -0.16 -0.04
