1 55.0 95.0 71.0 23.0 0.01 -0.02 -0.03 -0.16 -0.07 -0.09
2 48.0 101.0 70.0 23.0 0.01 -0.03 -0.03 -0.09 -0.02 -0.02
3 67.0 103.0 67.0 23.0 0.01 -0.04 -0.03 -0.07 -0.05 0.0
4 59.0 112.0 67.0 23.0 0.01 -0.04 -0.03 -0.05 -0.05 -0.02
5 60.0 103.0 66.0 23.0 0.02 -0.03 -0.03 -0.09 -0.09 -0.05
6 62.0 102.0 72.0 23.0 0.02 -0.03 -0.02 -0.1 -0.08 -0.02
7 65.0 107.0 70.0 23.0 0.02 -0.02 -0.02 -0.1 -0.08 0.0
8 58.0 107.0 67.0 23.0 -0.0 -0.03 -0.01 0.0 -0.07 0.0
9 60.0 107.0 67.0 23.0 -0.01 -0.03 -0.0 -0.04 -0.12 0.0
10 63.0 121.0 69.0 23.0 -0.01 -0.02 0.0 0.0 -0.07 0.0
11 73.0 166.0 68.0 25.0 -0.03 -0.02 0.01 -0.03 -0.08 -0.03
12 76.0 183.0 70.0 24.0 -0.03 -0.04 0.01 -0.06 -0.08 -0.02
13 91.0 241.0 70.0 39.0 0.01 -0.05 0.01 -0.14 -0.14 -0.07
14 105.0 241.0 68.0 70.0 0.11 -0.11 0.01 -0.05 -0.2 -0.02
15 111.0 263.0 70.0 81.0 0.15 -0.13 0.09 0.32 -0.38 -0.12
16 138.0 330.0 74.0 104.0 0.23 -0.14 0.11 0.05 -0.46 -0.09
17 164.0 402.0 76.0 98.0 0.16 -0.24 0.18 0.56 0.08 0.22
18 215.0 411.0 78.0 93.0 0.2 -0.38 0.22 0.22 0.02 0.37
19 224.0 483.0 75.0 77.0 0.4 -0.43 0.17 -0.33 0.16 -0.22
20 218.0 466.0 83.0 66.0 0.36 -0.57 0.18 -0.6 0.11 0.78
21 198.0 487.0 81.0 69.0 0.4 -1.2 0.07 -4.93 -1.66 1.84
22 199.0 545.0 91.0 62.0 0.92 -2.09 -0.26 3.14 -0.02 3.32
23 181.0 502.0 86.0 71.0 1.16 -2.72 -0.33 1.27 -0.41 2.45
24 174.0 468.0 82.0 65.0 1.21 -1.92 -0.38 1.81 0.54 2.31
25 169.0 511.0 87.0 66.0 1.2 -1.45 -0.43 1.86 0.9 2.59
26 183.0 563.0 99.0 60.0 1.32 -0.93 -0.59 0.07 0.44 2.63
27 190.0 619.0 98.0 55.0 1.57 -1.21 -0.72 -0.13 0.45 2.02
28 165.0 599.0 90.0 50.0 1.62 -1.38 -0.73 0.15 0.47 1.56
29 139.0 669.0 109.0 47.0 1.65 -1.25 -0.68 0.19 0.41 1.14
30 178.0 739.0 108.0 51.0 1.62 -1.17 -0.63 0.0 0.27 1.43
31 198.0 768.0 113.0 50.0 1.62 -1.14 -0.61 -0.43 0.24 1.33
32 188.0 935.0 127.0 57.0 1.68 -1.11 -0.56 -0.6 0.08 0.61
33 182.0 881.0 138.0 70.0 1.58 -1.11 -0.45 -0.7 0.02 0.25
34 191.0 967.0 142.0 83.0 1.56 -1.13 -0.43 -0.7 0.03 0.33
35 214.0 966.0 144.0 82.0 1.51 -1.17 -0.39 -0.51 -0.02 0.79
36 217.0 966.0 148.0 84.0 1.55 -1.13 -0.41 -0.6 -0.24 0.42
37 202.0 967.0 138.0 72.0 1.58 -1.13 -0.41 -0.63 -0.32 0.35
38 201.0 967.0 141.0 70.0 1.62 -1.04 -0.36 -0.32 -0.52 0.0
39 215.0 967.0 149.0 78.0 1.6 -0.93 -0.31 -0.27 -0.78 0.08
40 226.0 967.0 141.0 79.0 1.6 -0.88 -0.28 -0.33 -0.85 -0.16
41 312.0 967.0 139.0 76.0 1.58 -0.79 -0.22 -0.48 -1.06 -0.36
42 310.0 966.0 139.0 91.0 1.54 -0.77 -0.17 -0.87 -1.02 -0.52
43 294.0 967.0 143.0 97.0 1.52 -0.74 -0.15 -1.0 -1.03 -0.57
44 373.0 967.0 146.0 92.0 1.43 -0.65 -0.1 -1.07 -1.02 -0.96
45 312.0 966.0 143.0 81.0 1.3 -0.66 -0.05 -0.92 -1.08 -1.44
46 291.0 966.0 150.0 87.0 1.23 -0.66 -0.04 -0.83 -1.14 -1.48
47 277.0 966.0 146.0 84.0 1.05 -0.58 -0.03 -0.86 -1.21 -1.68
48 253.0 966.0 148.0 84.0 0.84 -0.44 -0.04 -0.95 -1.18 -1.8
49 402.0 967.0 156.0 78.0 0.74 -0.41 -0.05 -0.99 -1.16 -1.95
50 343.0 967.0 158.0 83.0 0.54 -0.33 -0.05 -1.04 -1.18 -2.12
51 301.0 966.0 166.0 88.0 0.33 -0.24 -0.05 -1.06 -0.92 -2.02
52 258.0 951.0 161.0 77.0 0.24 -0.18 -0.04 -0.9 -0.91 -1.93
53 250.0 879.0 168.0 70.0 0.07 -0.09 -0.01 -0.73 -0.98 -1.81
54 288.0 829.0 153.0 67.0 -0.06 -0.09 -0.02 -0.53 -0.97 -1.32
55 295.0 861.0 149.0 62.0 -0.11 -0.06 -0.04 -0.57 -0.9 -1.26
56 263.0 810.0 140.0 54.0 -0.22 0.04 -0.07 -0.67 -0.76 -0.87
57 254.0 775.0 150.0 56.0 -0.27 0.07 -0.12 -0.57 -0.65 -0.78
58 286.0 737.0 150.0 51.0 -0.29 0.09 -0.13 -0.51 -0.53 -0.7
59 240.0 756.0 144.0 50.0 -0.33 0.14 -0.13 -0.57 -0.42 -0.33
60 217.0 780.0 140.0 45.0 -0.34 0.16 -0.09 -0.58 -0.3 -0.3
61 208.0 753.0 144.0 40.0 -0.34 0.15 -0.07 -0.46 -0.19 -0.19
62 220.0 828.0 163.0 48.0 -0.31 0.12 -0.05 -0.38 -0.04 0.06
63 230.0 779.0 148.0 44.0 -0.28 0.14 -0.02 -0.29 0.06 0.24
64 256.0 807.0 145.0 42.0 -0.27 0.14 -0.02 -0.28 0.06 0.35
65 248.0 838.0 141.0 44.0 -0.24 0.11 -0.02 -0.08 0.16 0.51
66 229.0 814.0 137.0 45.0 -0.21 0.12 -0.02 0.05 0.14 0.3
67 229.0 750.0 131.0 44.0 -0.18 0.13 -0.03 0.0 0.2 0.1
68 257.0 724.0 138.0 45.0 -0.15 0.14 -0.04 -0.02 0.07 0.48
69 246.0 738.0 140.0 43.0 -0.12 0.14 -0.05 -0.1 0.09 0.47
70 216.0 744.0 128.0 41.0 -0.12 0.14 -0.05 -0.05 0.16 0.32
71 186.0 691.0 118.0 37.0 -0.1 0.11 -0.05 0.04 0.1 0.11
72 186.0 688.0 112.0 38.0 -0.08 0.07 -0.05 0.19 -0.04 0.03
73 210.0 664.0 123.0 37.0 -0.07 0.06 -0.05 0.12 -0.05 0.15
74 193.0 591.0 121.0 35.0 -0.05 0.09 -0.06 -0.07 -0.06 0.19
75 204.0 555.0 114.0 36.0 -0.06 0.13 -0.06 -0.33 -0.04 0.11
76 181.0 624.0 116.0 43.0 -0.06 0.11 -0.06 -0.31 -0.01 0.03
77 177.0 573.0 111.0 39.0 -0.07 0.07 -0.02 -0.18 -0.2 -0.25
78 201.0 609.0 106.0 37.0 -0.09 0.03 0.01 -0.17 -0.23 -0.22
79 208.0 616.0 120.0 34.0 -0.08 0.01 0.01 -0.12 -0.24 -0.11
80 183.0 609.0 130.0 37.0 -0.08 0.01 0.03 -0.15 -0.21 0.07
81 222.0 577.0 124.0 45.0 -0.08 0.03 0.03 -0.18 -0.16 -0.11
82 209.0 603.0 124.0 43.0 -0.07 0.03 0.02 -0.15 -0.14 -0.19
83 197.0 621.0 119.0 45.0 -0.08 -0.0 0.0 -0.01 -0.15 -0.12
84 229.0 573.0 117.0 46.0 -0.07 -0.0 -0.03 -0.13 -0.04 0.16
85 204.0 637.0 116.0 42.0 -0.07 0.02 -0.04 -0.15 0.0 0.14
86 174.0 633.0 118.0 43.0 -0.05 0.06 -0.06 -0.19 0.03 0.22
87 166.0 689.0 127.0 54.0 -0.01 0.04 -0.08 -0.22 0.04 0.13
88 207.0 632.0 120.0 56.0 0.0 0.01 -0.09 -0.2 0.0 0.14
89 190.0 610.0 120.0 53.0 0.03 0.01 -0.09 -0.31 -0.05 0.07
90 235.0 562.0 123.0 47.0 0.05 0.02 -0.08 -0.24 0.0 -0.09
91 220.0 598.0 138.0 44.0 0.05 0.03 -0.08 -0.24 -0.01 -0.17
92 206.0 640.0 138.0 47.0 0.03 0.03 -0.06 -0.23 -0.04 -0.03
93 182.0 585.0 121.0 45.0 0.0 0.03 -0.04 -0.23 -0.16 -0.04
94 151.0 523.0 112.0 46.0 -0.0 0.04 -0.04 -0.2 -0.1 -0.21
95 134.0 460.0 103.0 47.0 -0.03 0.08 -0.03 -0.19 -0.14 -0.27
96 114.0 380.0 96.0 42.0 -0.06 0.14 -0.02 -0.25 -0.33 -0.28
97 111.0 355.0 89.0 38.0 -0.07 0.17 -0.01 -0.34 -0.38 -0.35
98 109.0 298.0 84.0 46.0 -0.1 0.24 -0.01 -0.73 -0.62 -0.34
99 121.0 257.0 81.0 41.0 -0.17 0.32 0.03 -1.01 -0.8 -0.41
100 110.0 233.0 78.0 38.0 -0.22 0.36 0.07 -1.22 -1.06 -0.46
101 94.0 209.0 74.0 35.0 -0.34 0.46 0.17 -1.39 -1.23 -0.82
102 85.0 184.0 72.0 33.0 -0.41 0.51 0.24 -1.57 -1.39 -1.58
103 108.0 163.0 71.0 35.0 -0.54 0.63 0.36 -1.56 -1.47 -1.82
104 119.0 152.0 70.0 36.0 -0.69 0.9 0.46 -1.14 -1.2 -2.05
105 175.0 141.0 72.0 35.0 -0.79 1.13 0.5 -0.89 -1.07 -1.78
106 169.0 129.0 69.0 32.0 -0.99 1.58 0.58 -0.86 -0.95 -1.65
107 200.0 132.0 73.0 30.0 -1.23 1.7 0.59 -0.61 -0.7 -1.59
108 177.0 121.0 69.0 42.0 -1.36 1.68 0.59 -1.02 -0.29 -1.83
109 156.0 119.0 67.0 51.0 -1.68 1.68 0.63 -1.05 -0.27 -1.93
110 138.0 111.0 69.0 45.0 -1.96 1.93 0.67 -0.41 -0.5 -1.23
111 131.0 110.0 68.0 53.0 -2.12 1.95 0.7 -0.46 -0.29 -0.32
112 113.0 110.0 69.0 47.0 -2.42 1.81 0.74 -0.58 -0.19 0.15
113 99.0 111.0 69.0 59.0 -2.66 1.57 0.79 0.05 0.24 0.21
114 90.0 115.0 66.0 63.0 -2.72 1.55 0.8 -0.11 0.51 -0.41
115 88.0 119.0 65.0 89.0 -2.6 1.35 0.68 -0.14 0.73 -0.71
116 89.0 112.0 62.0 95.0 -2.53 0.99 0.57 0.24 0.36 -0.94
117 86.0 108.0 62.0 82.0 -2.47 0.95 0.51 1.01 0.13 -0.42
118 115.0 103.0 60.0 69.0 -2.36 0.85 0.35 -0.23 -0.38 -0.39
119 103.0 96.0 57.0 60.0 -2.0 0.6 0.27 0.42 -0.53 -0.09
120 86.0 90.0 56.0 52.0 -1.85 0.58 0.19 0.32 -0.45 -0.32
121 72.0 86.0 54.0 50.0 -1.69 0.65 0.11 0.04 -0.56 -0.65
122 60.0 83.0 60.0 47.0 -1.63 0.56 0.08 -0.23 -0.49 -1.33
123 50.0 79.0 67.0 42.0 -1.63 0.48 0.05 0.96 -0.23 -3.84
124 43.0 77.0 67.0 38.0 -1.68 0.22 0.04 1.74 -3.17 0.28
125 38.0 77.0 79.0 36.0 0.33 2.66 0.33 0.99 -6.57 21.31
126 37.0 74.0 78.0 34.0 1.37 3.36 -0.32 1.42 3.39 3.31
127 36.0 74.0 72.0 32.0 0.43 1.7 -0.22 -4.64 -1.31 -0.34
128 39.0 73.0 67.0 30.0 0.32 0.62 -0.33 -3.21 1.6 -0.38
129 33.0 70.0 63.0 26.0 0.13 0.58 -0.31 -2.66 0.68 0.17
130 30.0 71.0 64.0 27.0 0.04 0.34 -0.31 -1.2 0.39 0.09
131 27.0 69.0 62.0 27.0 0.19 -0.38 -0.09 0.34 0.21 0.14
132 25.0 71.0 59.0 26.0 0.15 -0.48 0.04 1.41 0.19 0.08
133 24.0 71.0 57.0 26.0 0.03 -0.19 0.09 1.35 -0.03 -0.11
134 22.0 73.0 55.0 25.0 -0.09 0.11 0.0 0.64 -0.3 -0.31
135 24.0 75.0 56.0 25.0 -0.1 0.16 -0.0 -0.56 -0.38 -0.18
136 24.0 75.0 56.0 24.0 -0.02 0.11 0.0 -0.71 -0.31 -0.09
137 23.0 76.0 57.0 24.0 -0.02 -0.01 -0.01 -0.67 -0.08 -0.03
138 21.0 74.0 57.0 23.0 -0.02 -0.08 -0.02 -0.5 -0.06 -0.11
139 26.0 74.0 56.0 24.0 0.05 -0.15 -0.03 -0.31 -0.03 -0.06
140 25.0 74.0 61.0 23.0 0.09 -0.11 -0.02 0.17 0.0 0.07
141 24.0 72.0 62.0 26.0 0.1 -0.09 -0.02 0.18 0.05 0.03
142 28.0 74.0 59.0 25.0 0.09 -0.07 -0.02 -0.1 0.05 0.0
