1 25.0 73.0 64.0 23.0 0.02 -0.03 -0.02 -0.12 0.05 -0.02
2 24.0 73.0 64.0 23.0 0.02 -0.02 -0.02 -0.04 0.0 -0.03
3 25.0 73.0 63.0 23.0 0.02 0.0 -0.02 -0.05 -0.06 -0.02
4 21.0 75.0 64.0 24.0 0.01 -0.0 -0.0 -0.03 -0.04 -0.04
5 21.0 73.0 64.0 23.0 -0.01 -0.02 0.01 -0.09 -0.02 -0.04
6 27.0 77.0 63.0 24.0 -0.01 -0.03 0.01 -0.11 0.0 -0.05
7 25.0 76.0 63.0 23.0 0.0 -0.01 0.0 -0.11 0.01 -0.03
8 28.0 78.0 65.0 24.0 0.0 0.0 -0.0 -0.14 0.04 -0.02
9 54.0 84.0 66.0 23.0 -0.0 0.0 -0.01 -0.21 0.03 -0.04
10 60.0 99.0 72.0 24.0 0.0 -0.02 -0.01 -0.17 0.02 -0.01
11 71.0 126.0 72.0 24.0 0.0 -0.08 -0.01 -0.34 -0.03 -0.06
12 83.0 217.0 83.0 29.0 0.02 -0.13 -0.01 -0.5 -0.09 -0.07
13 81.0 240.0 101.0 32.0 0.06 -0.3 -0.01 -0.69 -0.08 -0.02
14 83.0 277.0 102.0 38.0 0.08 -0.82 0.0 -1.16 -0.32 0.69
15 115.0 263.0 104.0 37.0 0.09 -1.17 0.01 -1.03 -0.57 0.8
16 146.0 243.0 108.0 38.0 0.07 -1.89 0.07 -1.33 -0.39 0.92
17 174.0 258.0 101.0 35.0 0.15 -2.19 0.18 0.58 0.48 -0.29
18 157.0 350.0 95.0 33.0 0.2 -2.05 0.18 0.46 0.1 -0.27
19 157.0 397.0 91.0 45.0 0.31 -1.65 0.11 0.96 -0.26 -0.27
20 148.0 477.0 90.0 43.0 0.49 -1.54 0.07 1.34 -0.43 -0.46
21 132.0 453.0 87.0 41.0 0.47 -1.39 0.05 1.04 -0.05 -0.12
22 116.0 425.0 88.0 39.0 0.59 -1.25 -0.02 0.78 0.25 0.17
23 115.0 496.0 86.0 37.0 0.44 -0.94 -0.1 0.07 0.22 1.1
24 127.0 590.0 84.0 40.0 0.36 -0.8 -0.13 -0.31 0.41 0.99
25 123.0 593.0 85.0 47.0 0.52 -1.14 -0.33 1.68 -0.02 1.04
26 109.0 684.0 91.0 55.0 0.75 -1.15 -0.44 1.97 0.88 0.78
27 114.0 713.0 95.0 53.0 0.75 -0.92 -0.46 1.54 0.39 1.36
28 140.0 825.0 107.0 55.0 0.95 -0.64 -0.61 1.26 0.73 2.26
29 145.0 905.0 111.0 57.0 1.05 -0.5 -0.65 0.76 0.71 2.56
30 170.0 966.0 114.0 63.0 1.11 -0.53 -0.69 0.28 0.93 2.31
31 182.0 966.0 118.0 79.0 1.3 -0.71 -0.76 0.49 0.98 2.21
32 167.0 966.0 146.0 90.0 1.36 -0.73 -0.72 0.04 0.98 1.61
33 163.0 966.0 146.0 82.0 1.38 -0.72 -0.68 0.11 0.78 1.61
34 162.0 966.0 152.0 80.0 1.54 -0.77 -0.64 0.28 0.72 1.58
35 233.0 967.0 144.0 86.0 1.65 -0.78 -0.61 0.1 0.66 1.01
36 257.0 966.0 154.0 94.0 1.69 -0.76 -0.58 -0.26 0.49 0.57
37 267.0 968.0 149.0 88.0 1.7 -0.76 -0.56 -0.06 0.33 0.75
38 250.0 966.0 155.0 80.0 1.72 -0.8 -0.55 -0.4 0.21 0.15
39 215.0 953.0 155.0 88.0 1.69 -0.79 -0.53 -0.25 -0.06 -0.44
40 279.0 930.0 145.0 84.0 1.62 -0.65 -0.45 -0.54 -0.19 -0.61
41 278.0 877.0 157.0 79.0 1.52 -0.56 -0.43 -0.75 -0.52 -0.89
42 245.0 959.0 146.0 69.0 1.49 -0.56 -0.43 -0.75 -0.57 -1.09
43 214.0 909.0 147.0 65.0 1.38 -0.57 -0.43 -0.67 -0.67 -1.26
44 192.0 825.0 137.0 57.0 1.21 -0.44 -0.43 -0.91 -0.79 -1.63
45 206.0 752.0 137.0 64.0 1.14 -0.36 -0.43 -0.89 -0.88 -1.8
46 231.0 724.0 124.0 55.0 0.97 -0.25 -0.41 -0.8 -1.13 -1.86
47 273.0 754.0 119.0 52.0 0.78 -0.2 -0.41 -0.83 -1.37 -1.84
48 245.0 697.0 124.0 54.0 0.7 -0.17 -0.4 -1.07 -1.4 -1.84
49 225.0 769.0 134.0 56.0 0.55 -0.13 -0.38 -1.46 -1.4 -1.53
50 232.0 724.0 142.0 51.0 0.38 -0.11 -0.32 -1.5 -1.42 -1.38
51 206.0 737.0 145.0 57.0 0.33 -0.09 -0.3 -1.7 -1.44 -1.44
52 187.0 707.0 148.0 52.0 0.23 -0.07 -0.22 -1.57 -1.46 -1.07
53 233.0 683.0 142.0 61.0 0.12 -0.09 -0.13 -1.43 -1.28 -1.12
54 239.0 708.0 129.0 56.0 0.07 -0.09 -0.1 -1.26 -1.27 -0.92
55 208.0 669.0 132.0 55.0 0.01 -0.09 -0.01 -1.02 -1.15 -0.86
56 238.0 763.0 127.0 51.0 -0.08 -0.1 0.04 -0.7 -0.85 -0.68
57 206.0 766.0 132.0 47.0 -0.1 -0.09 0.05 -0.61 -0.77 -0.62
58 183.0 684.0 133.0 46.0 -0.17 -0.07 0.07 -0.34 -0.53 -0.57
59 220.0 660.0 127.0 45.0 -0.2 -0.07 0.05 -0.02 -0.36 -0.72
60 192.0 586.0 122.0 41.0 -0.2 -0.05 0.04 0.0 -0.31 -0.53
61 252.0 623.0 121.0 42.0 -0.22 -0.0 0.01 -0.05 -0.15 0.01
62 226.0 618.0 122.0 41.0 -0.23 0.04 -0.01 0.0 -0.08 0.11
63 190.0 570.0 114.0 38.0 -0.22 0.07 -0.0 -0.05 0.03 -0.09
64 172.0 569.0 115.0 38.0 -0.24 0.1 0.01 0.07 0.09 -0.33
65 170.0 496.0 119.0 35.0 -0.23 0.07 0.0 0.09 0.19 -0.12
66 203.0 599.0 115.0 34.0 -0.23 0.06 -0.0 0.04 0.16 0.08
67 236.0 562.0 111.0 35.0 -0.22 0.05 -0.02 -0.02 0.17 0.36
68 223.0 582.0 104.0 35.0 -0.21 0.07 -0.03 -0.13 0.23 0.07
69 228.0 699.0 96.0 33.0 -0.2 0.07 -0.03 -0.25 0.3 0.02
70 203.0 624.0 99.0 31.0 -0.17 0.04 -0.01 -0.07 0.18 -0.07
71 185.0 681.0 113.0 32.0 -0.15 0.05 0.0 -0.17 0.18 -0.08
72 170.0 664.0 110.0 33.0 -0.14 0.03 0.02 -0.06 0.11 0.14
73 191.0 597.0 109.0 32.0 -0.1 0.03 0.01 -0.15 0.14 0.17
74 169.0 598.0 101.0 29.0 -0.09 0.05 -0.0 -0.21 0.19 0.17
75 155.0 557.0 93.0 30.0 -0.08 0.06 -0.01 -0.21 0.16 0.11
76 145.0 534.0 112.0 28.0 -0.06 0.07 -0.02 -0.22 0.06 0.05
77 156.0 570.0 117.0 28.0 -0.04 0.07 -0.02 -0.13 0.0 0.07
78 143.0 531.0 121.0 28.0 -0.02 0.06 -0.02 -0.15 0.0 0.1
79 166.0 511.0 121.0 30.0 0.01 0.07 -0.03 -0.18 -0.02 0.16
80 215.0 484.0 117.0 28.0 0.03 0.07 -0.04 -0.2 -0.01 0.15
81 180.0 456.0 115.0 30.0 0.03 0.06 -0.05 -0.24 -0.02 0.14
82 154.0 444.0 118.0 34.0 0.02 0.04 -0.04 -0.21 -0.01 -0.03
83 143.0 543.0 111.0 42.0 0.01 0.04 -0.02 -0.14 -0.03 -0.1
84 133.0 484.0 102.0 40.0 0.01 0.06 -0.02 -0.03 -0.09 -0.1
85 122.0 513.0 104.0 36.0 0.02 0.08 -0.01 -0.1 -0.13 -0.17
86 139.0 567.0 100.0 34.0 0.01 0.05 -0.02 -0.13 -0.16 0.02
87 129.0 525.0 119.0 42.0 0.0 0.04 -0.03 -0.17 -0.15 0.04
88 167.0 500.0 111.0 39.0 0.01 0.03 -0.03 -0.22 -0.13 -0.15
89 141.0 473.0 101.0 42.0 0.0 0.04 -0.03 -0.21 -0.2 -0.17
90 129.0 419.0 93.0 47.0 0.0 0.05 -0.03 -0.19 -0.18 -0.16
91 123.0 425.0 89.0 45.0 -0.02 0.08 -0.01 -0.22 -0.23 -0.15
92 115.0 463.0 83.0 41.0 -0.03 0.1 -0.0 -0.26 -0.23 -0.25
93 110.0 422.0 80.0 47.0 -0.03 0.09 -0.0 -0.38 -0.26 -0.23
94 141.0 552.0 81.0 52.0 -0.03 0.08 0.02 -0.43 -0.27 -0.31
95 116.0 533.0 84.0 46.0 -0.02 0.05 0.05 -0.45 -0.32 -0.46
96 95.0 492.0 87.0 43.0 -0.03 0.03 0.05 -0.47 -0.32 -0.5
97 93.0 419.0 81.0 42.0 -0.04 0.03 0.07 -0.38 -0.36 -0.32
98 88.0 378.0 76.0 45.0 -0.05 0.05 0.08 -0.43 -0.45 -0.11
99 74.0 323.0 72.0 41.0 -0.06 0.15 0.1 -0.55 -0.49 -0.14
100 87.0 303.0 70.0 38.0 -0.07 0.3 0.14 -0.92 -0.72 -0.33
101 93.0 295.0 66.0 36.0 -0.09 0.38 0.18 -1.23 -0.81 -0.41
102 79.0 273.0 63.0 33.0 -0.12 0.6 0.27 -1.77 -0.97 -0.54
103 86.0 274.0 61.0 31.0 -0.18 0.79 0.4 -1.82 -1.13 -0.96
104 76.0 239.0 61.0 30.0 -0.23 0.83 0.47 -1.57 -1.06 -1.64
105 72.0 207.0 60.0 28.0 -0.34 0.93 0.6 -1.35 -0.99 -1.78
106 80.0 183.0 60.0 27.0 -0.57 1.08 0.71 -1.08 -0.94 -1.75
107 81.0 165.0 66.0 26.0 -0.7 1.06 0.75 -0.5 -0.66 -1.46
108 100.0 153.0 61.0 25.0 -0.95 1.08 0.81 -0.2 -0.4 -1.36
109 90.0 141.0 60.0 27.0 -1.19 1.15 0.84 -0.05 -0.3 -1.4
110 94.0 129.0 62.0 29.0 -1.31 1.19 0.84 0.09 -0.01 -1.58
111 101.0 150.0 62.0 27.0 -1.56 1.24 0.77 0.11 0.11 -1.57
112 87.0 145.0 62.0 28.0 -1.86 1.27 0.71 0.3 0.36 -1.1
113 73.0 174.0 63.0 26.0 -1.97 1.33 0.64 -0.14 0.12 -1.1
114 61.0 182.0 65.0 28.0 -2.14 1.29 0.51 -0.12 -0.12 -0.76
115 64.0 167.0 65.0 33.0 -2.27 1.18 0.45 1.03 -0.03 -0.68
116 72.0 167.0 66.0 31.0 -2.23 1.15 0.41 0.83 0.03 -0.48
117 80.0 185.0 66.0 29.0 -2.2 0.9 0.35 0.63 0.08 0.0
118 67.0 179.0 67.0 28.0 -2.13 0.73 0.35 -0.28 0.01 0.28
119 58.0 169.0 66.0 27.0 -2.03 0.68 0.33 -0.37 0.07 0.59
120 53.0 163.0 65.0 37.0 -1.86 0.46 0.15 -0.05 0.17 0.99
121 57.0 149.0 61.0 34.0 -1.78 0.46 0.03 0.49 0.13 1.22
122 48.0 134.0 59.0 31.0 -1.76 0.6 0.03 0.84 0.18 0.9
123 45.0 123.0 56.0 29.0 -1.71 0.97 0.01 0.57 0.04 0.32
124 39.0 115.0 57.0 28.0 -1.65 1.08 0.0 0.46 0.06 -0.02
125 34.0 110.0 61.0 28.0 -1.55 1.24 0.0 -0.54 -0.73 -2.75
126 31.0 103.0 71.0 31.0 -1.22 1.21 0.16 3.84 -2.35 3.91
127 31.0 97.0 77.0 31.0 0.32 4.03 -0.09 3.7 -1.45 9.61
128 27.0 87.0 73.0 28.0 0.41 3.37 -0.39 -3.52 1.15 3.36
129 25.0 85.0 69.0 27.0 0.05 0.94 -0.14 -3.13 0.81 0.9
130 28.0 85.0 68.0 34.0 0.2 0.27 -0.25 -3.23 0.15 -1.01
131 27.0 84.0 65.0 32.0 0.24 0.16 -0.25 -2.67 0.19 -0.25
132 30.0 80.0 63.0 29.0 0.25 -0.23 -0.12 -0.83 0.03 0.4
133 27.0 77.0 60.0 28.0 0.29 -0.52 -0.01 0.6 0.01 0.08
134 25.0 75.0 67.0 27.0 0.29 -0.49 0.04 1.55 -0.16 -0.23
135 24.0 76.0 66.0 26.0 0.23 -0.19 0.06 1.46 -0.1 -0.29
136 23.0 74.0 67.0 27.0 0.19 0.14 -0.03 1.33 -0.24 -0.14
137 22.0 75.0 65.0 25.0 0.17 0.32 -0.05 0.2 -0.02 0.01
138 22.0 75.0 65.0 25.0 0.01 0.49 -0.05 -0.23 0.03 0.04
139 22.0 74.0 64.0 25.0 -0.02 0.34 -0.09 -0.92 0.08 -0.02
140 21.0 74.0 63.0 24.0 -0.01 0.23 -0.08 -0.92 0.17 -0.02
