1 18.0 82.0 62.0 24.0 0.03 -0.05 -0.02 -0.01 0.01 -0.04
2 18.0 84.0 60.0 23.0 0.02 -0.04 -0.02 -0.05 0.01 -0.04
3 17.0 86.0 60.0 23.0 0.03 -0.03 -0.02 -0.07 0.04 -0.06
4 18.0 87.0 65.0 24.0 0.03 -0.05 -0.02 -0.15 0.04 -0.04
5 17.0 87.0 63.0 23.0 0.03 -0.07 -0.02 -0.13 0.09 0.0
6 17.0 86.0 62.0 23.0 0.03 -0.08 -0.02 -0.05 0.04 0.0
7 18.0 89.0 60.0 23.0 0.02 -0.09 -0.01 -0.03 0.04 -0.04
8 17.0 89.0 67.0 24.0 0.02 -0.07 -0.01 0.03 0.04 -0.04
9 18.0 88.0 70.0 24.0 0.02 -0.05 -0.01 0.02 0.04 -0.02
10 17.0 92.0 68.0 23.0 0.03 -0.03 -0.01 0.0 0.04 -0.05
11 18.0 92.0 65.0 24.0 0.02 -0.02 -0.01 -0.09 0.08 -0.04
12 29.0 110.0 61.0 23.0 0.02 -0.02 -0.01 -0.15 0.09 -0.01
13 35.0 138.0 60.0 24.0 0.02 -0.04 -0.01 -0.15 0.11 -0.02
14 60.0 142.0 56.0 24.0 0.01 -0.06 -0.01 -0.04 0.07 -0.01
15 65.0 181.0 62.0 23.0 0.01 -0.07 -0.01 -0.05 0.06 -0.04
16 64.0 217.0 62.0 26.0 0.0 -0.08 -0.01 -0.14 0.06 -0.11
17 69.0 227.0 62.0 32.0 0.08 -0.16 -0.02 -0.03 -0.07 0.09
18 75.0 221.0 59.0 42.0 0.12 -0.23 -0.02 0.23 -0.02 0.0
19 79.0 216.0 60.0 39.0 0.16 -0.24 0.02 -0.08 -0.17 0.16
20 77.0 209.0 72.0 36.0 0.05 -0.27 0.11 0.3 0.0 0.25
21 93.0 249.0 68.0 33.0 0.0 -0.33 0.15 -0.07 0.16 0.2
22 83.0 300.0 64.0 33.0 0.03 -0.24 0.1 -0.24 0.22 0.35
23 82.0 310.0 62.0 31.0 0.03 -0.24 0.06 -0.16 0.21 0.21
24 79.0 357.0 60.0 36.0 0.09 -0.23 0.04 -0.11 0.2 0.34
25 97.0 370.0 59.0 40.0 0.12 -0.25 0.04 -0.1 0.21 0.52
26 115.0 389.0 61.0 45.0 0.18 -0.32 0.04 -0.34 0.0 1.0
27 103.0 420.0 63.0 46.0 0.23 -0.43 0.02 -3.64 -1.71 1.01
28 92.0 433.0 64.0 48.0 0.86 -1.22 -0.21 0.0 1.86 1.45
29 99.0 417.0 70.0 48.0 0.89 -1.75 -0.23 0.51 0.56 2.09
30 92.0 420.0 66.0 45.0 1.01 -1.65 -0.31 1.05 0.82 2.56
31 83.0 488.0 72.0 42.0 1.21 -1.6 -0.43 0.74 0.5 2.64
32 99.0 510.0 74.0 39.0 1.43 -1.47 -0.47 0.77 0.68 2.34
33 100.0 585.0 73.0 38.0 1.47 -1.39 -0.47 0.36 0.64 2.4
34 104.0 768.0 74.0 40.0 1.57 -1.47 -0.5 0.11 0.53 2.24
35 101.0 729.0 79.0 41.0 1.74 -1.69 -0.54 0.21 0.47 1.42
36 95.0 705.0 94.0 42.0 1.84 -1.68 -0.54 -0.09 0.38 0.82
37 103.0 717.0 103.0 42.0 1.82 -1.55 -0.48 0.22 0.59 0.96
38 118.0 907.0 114.0 54.0 1.72 -1.39 -0.42 -0.37 0.46 1.03
39 133.0 894.0 109.0 55.0 1.63 -1.39 -0.38 -0.57 0.32 1.16
40 141.0 926.0 118.0 59.0 1.61 -1.41 -0.39 -0.57 0.39 0.42
41 136.0 857.0 123.0 55.0 1.53 -1.38 -0.39 -0.12 0.09 0.19
42 135.0 943.0 120.0 52.0 1.58 -1.31 -0.43 0.3 -0.07 -0.49
43 151.0 966.0 134.0 56.0 1.64 -1.0 -0.46 0.02 -0.57 -0.57
44 153.0 967.0 126.0 50.0 1.6 -0.86 -0.42 -0.51 -0.78 -0.52
45 203.0 963.0 121.0 44.0 1.58 -0.84 -0.41 -0.74 -0.89 -0.68
46 189.0 967.0 120.0 45.0 1.51 -0.83 -0.39 -0.86 -1.0 -0.69
47 224.0 901.0 114.0 43.0 1.44 -0.69 -0.33 -0.73 -0.94 -0.78
48 213.0 856.0 108.0 39.0 1.37 -0.61 -0.31 -0.89 -1.02 -1.03
49 196.0 820.0 106.0 36.0 1.23 -0.52 -0.25 -0.84 -1.05 -1.47
50 215.0 871.0 109.0 36.0 1.11 -0.47 -0.21 -0.82 -1.1 -1.6
51 240.0 821.0 120.0 37.0 1.03 -0.44 -0.21 -0.89 -1.1 -1.79
52 253.0 856.0 119.0 34.0 0.86 -0.37 -0.19 -0.9 -1.07 -1.84
53 237.0 787.0 135.0 34.0 0.68 -0.32 -0.19 -0.9 -1.11 -1.41
54 204.0 794.0 135.0 34.0 0.58 -0.27 -0.18 -0.79 -1.11 -1.33
55 192.0 718.0 131.0 43.0 0.42 -0.19 -0.18 -0.92 -1.1 -1.44
56 215.0 794.0 133.0 40.0 0.26 -0.14 -0.15 -0.92 -1.08 -1.49
57 197.0 749.0 138.0 45.0 0.2 -0.11 -0.13 -0.97 -1.13 -1.49
58 185.0 703.0 124.0 40.0 0.09 -0.11 -0.09 -0.71 -0.92 -1.48
59 176.0 664.0 123.0 40.0 0.0 -0.09 -0.03 -0.59 -0.67 -1.29
60 148.0 705.0 132.0 36.0 -0.04 -0.09 0.0 -0.56 -0.54 -1.31
61 149.0 691.0 131.0 38.0 -0.15 -0.1 0.04 -0.33 -0.23 -0.91
62 134.0 686.0 135.0 47.0 -0.23 -0.09 0.05 -0.44 -0.07 -0.51
63 127.0 722.0 124.0 50.0 -0.25 -0.08 0.04 -0.47 -0.09 -0.31
64 164.0 698.0 113.0 46.0 -0.26 -0.05 0.02 -0.5 -0.02 -0.05
65 195.0 677.0 119.0 41.0 -0.25 -0.0 0.02 -0.5 -0.06 0.48
66 170.0 673.0 109.0 37.0 -0.23 -0.01 0.02 -0.45 -0.08 0.65
67 168.0 688.0 114.0 34.0 -0.18 -0.02 -0.01 -0.45 -0.11 0.44
68 153.0 767.0 108.0 33.0 -0.12 0.03 -0.03 -0.47 -0.18 0.25
69 130.0 712.0 123.0 32.0 -0.1 0.08 -0.03 -0.47 -0.24 0.22
70 117.0 721.0 146.0 33.0 -0.04 0.12 -0.06 -0.27 -0.3 -0.04
71 116.0 717.0 135.0 35.0 -0.01 0.12 -0.08 -0.13 -0.21 0.08
72 124.0 633.0 128.0 34.0 0.0 0.13 -0.09 -0.27 -0.1 -0.07
73 138.0 672.0 124.0 37.0 0.01 0.16 -0.1 -0.34 0.0 -0.35
74 131.0 656.0 123.0 37.0 -0.03 0.19 -0.08 -0.24 0.06 -0.38
75 113.0 640.0 117.0 35.0 -0.05 0.17 -0.07 -0.22 0.06 -0.38
76 111.0 744.0 120.0 37.0 -0.1 0.12 -0.04 -0.18 0.09 -0.54
77 98.0 738.0 119.0 35.0 -0.12 0.07 0.0 -0.17 0.06 -0.44
78 107.0 711.0 119.0 32.0 -0.14 0.08 0.02 -0.13 0.0 -0.31
79 125.0 800.0 111.0 36.0 -0.15 0.09 0.06 -0.09 -0.13 0.22
80 115.0 730.0 121.0 36.0 -0.12 0.06 0.06 -0.04 -0.1 0.26
81 171.0 964.0 131.0 42.0 -0.11 0.05 0.05 0.01 -0.08 0.22
82 147.0 862.0 129.0 39.0 -0.09 0.06 0.02 0.13 -0.02 0.2
83 132.0 833.0 127.0 38.0 -0.06 0.08 -0.01 0.06 0.03 0.19
84 120.0 797.0 121.0 35.0 -0.05 0.08 -0.03 0.04 0.1 0.17
85 108.0 733.0 133.0 32.0 -0.03 0.05 -0.06 0.1 0.09 0.14
86 112.0 803.0 128.0 45.0 -0.02 0.07 -0.06 -0.16 0.08 0.09
87 115.0 813.0 120.0 41.0 -0.02 0.09 -0.05 -0.16 0.08 0.0
88 133.0 724.0 114.0 40.0 -0.02 0.1 -0.04 -0.18 0.03 -0.13
89 123.0 670.0 116.0 41.0 -0.02 0.07 -0.03 -0.18 0.02 -0.13
90 113.0 672.0 111.0 39.0 -0.02 0.04 -0.02 -0.14 0.06 -0.14
91 102.0 693.0 107.0 36.0 -0.02 0.01 -0.0 -0.13 0.02 -0.02
92 102.0 695.0 102.0 35.0 -0.02 -0.01 -0.01 -0.08 0.0 -0.02
93 100.0 644.0 104.0 32.0 -0.02 -0.02 -0.01 -0.11 -0.09 0.05
94 101.0 643.0 108.0 31.0 -0.01 -0.0 -0.03 -0.18 -0.06 0.0
95 87.0 626.0 105.0 32.0 -0.01 0.03 -0.04 -0.19 -0.02 -0.01
96 113.0 626.0 102.0 32.0 -0.01 0.05 -0.04 -0.25 -0.02 0.0
97 98.0 549.0 98.0 30.0 -0.01 0.05 -0.04 -0.34 -0.03 -0.26
98 90.0 527.0 100.0 31.0 -0.01 0.03 -0.02 -0.25 -0.09 -0.18
99 83.0 456.0 103.0 30.0 -0.02 0.03 -0.01 -0.24 -0.11 -0.13
100 88.0 387.0 95.0 29.0 -0.02 0.03 0.02 -0.37 -0.17 -0.07
101 79.0 345.0 86.0 30.0 -0.05 0.03 0.04 -0.34 -0.19 0.0
102 75.0 324.0 79.0 30.0 -0.08 0.04 0.05 -0.36 -0.27 0.03
103 96.0 320.0 78.0 32.0 -0.13 0.05 0.07 -0.38 -0.31 -0.05
104 104.0 278.0 78.0 30.0 -0.19 0.1 0.12 -0.26 -0.31 -0.9
105 100.0 240.0 76.0 28.0 -0.21 0.14 0.14 -0.37 -0.32 -1.26
106 99.0 218.0 76.0 27.0 -0.3 0.21 0.2 -0.55 -0.57 -1.29
107 89.0 200.0 76.0 27.0 -0.4 0.27 0.23 -0.88 -0.84 -0.71
108 94.0 177.0 81.0 26.0 -0.45 0.33 0.25 -0.83 -0.84 -0.64
109 91.0 163.0 79.0 25.0 -0.55 0.6 0.3 -0.84 -0.97 -0.84
110 99.0 150.0 81.0 25.0 -0.65 0.9 0.35 -0.57 -0.82 -1.23
111 92.0 147.0 81.0 24.0 -0.72 1.05 0.38 -0.35 -0.81 -1.39
112 91.0 151.0 85.0 25.0 -0.9 1.36 0.43 -0.42 -0.78 -1.69
113 102.0 140.0 83.0 25.0 -1.15 1.51 0.44 -1.11 -0.87 -2.06
114 102.0 132.0 85.0 25.0 -1.22 1.57 0.44 -1.34 -0.77 -2.12
115 91.0 125.0 89.0 25.0 -1.52 1.7 0.5 -1.02 -0.75 -2.11
116 80.0 118.0 85.0 24.0 -1.8 1.77 0.52 -1.12 -1.01 -1.49
117 79.0 123.0 90.0 30.0 -1.89 1.77 0.51 -1.15 -0.95 -1.38
118 79.0 122.0 89.0 29.0 -2.04 1.55 0.5 -1.26 -1.12 -0.79
119 80.0 115.0 86.0 27.0 -2.05 1.3 0.56 -0.86 -0.85 -0.7
120 69.0 128.0 87.0 26.0 -2.04 1.23 0.59 -1.12 -0.77 -0.72
121 80.0 121.0 82.0 26.0 -1.99 0.78 0.59 -0.54 -0.26 -0.43
122 81.0 115.0 78.0 25.0 -1.9 0.47 0.6 -0.2 0.02 -0.31
123 72.0 105.0 74.0 25.0 -1.91 0.45 0.61 -0.34 0.08 -0.06
124 60.0 104.0 70.0 25.0 -1.95 0.58 0.56 -0.47 0.15 0.0
125 57.0 98.0 67.0 24.0 -1.92 0.68 0.56 0.15 -0.07 0.53
126 49.0 95.0 66.0 26.0 -1.9 0.75 0.5 0.45 -0.08 0.66
127 55.0 92.0 62.0 25.0 -1.86 0.84 0.41 0.59 -0.06 0.59
128 57.0 88.0 60.0 30.0 -1.8 0.87 0.37 0.39 0.05 -0.45
129 59.0 86.0 63.0 28.0 -1.65 0.89 0.3 0.17 0.07 -0.88
130 60.0 83.0 72.0 28.0 -1.6 0.88 0.26 -0.34 -0.09 -1.57
131 52.0 80.0 88.0 26.0 -1.6 0.81 0.27 -0.66 0.13 -2.25
132 51.0 81.0 100.0 25.0 -1.61 0.48 0.28 -0.64 -4.7 11.26
133 43.0 81.0 100.0 27.0 0.43 2.62 0.4 10.9 -1.03 17.92
134 38.0 79.0 95.0 27.0 0.49 1.75 -0.38 -3.36 -0.44 0.09
135 33.0 78.0 87.0 26.0 0.55 0.51 -0.18 -1.9 2.49 -0.55
136 35.0 80.0 81.0 25.0 0.36 0.15 -0.34 -1.33 2.03 -2.12
137 41.0 80.0 82.0 24.0 -0.15 0.94 -0.37 -2.36 0.54 -0.19
138 35.0 79.0 87.0 24.0 0.02 0.95 -0.36 -1.68 0.46 0.9
139 34.0 79.0 80.0 24.0 0.1 0.18 -0.17 -0.25 -0.04 0.66
140 31.0 80.0 73.0 24.0 0.11 -0.14 -0.06 0.54 0.32 -0.11
141 42.0 79.0 69.0 25.0 0.12 -0.11 -0.0 0.65 0.04 -0.39
142 40.0 81.0 70.0 24.0 0.09 0.14 -0.05 0.68 -0.44 -0.25
143 38.0 83.0 65.0 24.0 0.12 0.21 -0.05 0.17 -0.51 -0.13
144 33.0 84.0 61.0 24.0 0.11 0.22 -0.02 -0.11 -0.44 -0.12
145 29.0 85.0 61.0 24.0 0.06 0.15 -0.02 -0.43 -0.33 -0.08
146 27.0 87.0 58.0 24.0 0.06 0.08 -0.05 -0.42 -0.03 -0.02
147 33.0 89.0 61.0 23.0 0.06 0.06 -0.06 -0.4 0.0 0.01
148 31.0 90.0 59.0 23.0 0.1 -0.01 -0.06 -0.12 0.09 0.01
