1 45.0 102.0 63.0 24.0 0.02 -0.01 -0.01 -0.05 0.0 -0.05
2 40.0 100.0 75.0 24.0 0.01 -0.03 -0.01 -0.04 0.04 -0.02
3 46.0 98.0 73.0 24.0 0.0 -0.05 -0.0 -0.08 0.06 -0.01
4 55.0 98.0 69.0 24.0 0.01 -0.05 -0.0 -0.05 0.06 0.0
5 47.0 93.0 69.0 24.0 -0.01 -0.04 0.0 0.04 0.07 0.0
6 51.0 95.0 68.0 24.0 -0.02 -0.02 0.0 -0.05 0.0 -0.07
7 47.0 94.0 76.0 24.0 -0.02 -0.0 -0.01 -0.02 0.02 -0.07
8 53.0 95.0 74.0 24.0 -0.02 -0.0 -0.01 -0.1 0.0 -0.05
9 52.0 102.0 70.0 24.0 -0.03 -0.02 0.0 -0.1 0.0 -0.03
10 57.0 103.0 71.0 24.0 -0.03 -0.07 0.01 -0.02 0.0 0.0
11 50.0 103.0 76.0 24.0 -0.03 -0.07 0.01 -0.05 0.0 -0.03
12 72.0 103.0 76.0 24.0 -0.02 -0.05 0.01 -0.04 0.04 -0.04
13 84.0 126.0 76.0 24.0 -0.0 -0.03 0.0 0.0 0.05 0.0
14 92.0 200.0 80.0 24.0 0.0 -0.02 0.0 -0.09 0.05 -0.07
15 112.0 237.0 75.0 57.0 0.01 -0.04 -0.0 -0.22 0.0 0.05
16 102.0 261.0 72.0 80.0 0.05 -0.08 -0.01 -0.08 -0.15 -0.17
17 97.0 294.0 84.0 127.0 0.26 -0.1 0.0 0.1 -0.5 -0.21
18 113.0 391.0 86.0 128.0 0.29 -0.08 0.07 0.66 -0.27 -0.33
19 115.0 440.0 79.0 106.0 0.4 0.01 0.24 0.23 -0.1 0.3
20 111.0 463.0 77.0 90.0 0.4 -0.44 0.33 -0.77 0.27 0.67
21 103.0 496.0 74.0 80.0 0.4 -0.94 0.33 -0.46 0.22 0.95
22 112.0 506.0 72.0 79.0 0.42 -1.43 0.21 -0.94 0.69 1.68
23 112.0 534.0 74.0 77.0 0.5 -1.58 0.08 -0.49 0.54 1.29
24 98.0 487.0 73.0 67.0 0.59 -1.46 0.03 -2.0 0.33 1.32
25 90.0 521.0 80.0 67.0 1.0 -2.06 -0.21 0.54 0.72 2.49
26 83.0 512.0 86.0 63.0 1.08 -1.94 -0.3 1.75 0.86 2.66
27 92.0 605.0 85.0 57.0 1.18 -1.69 -0.38 1.45 0.82 2.72
28 103.0 652.0 83.0 53.0 1.32 -0.87 -0.5 0.96 0.95 2.64
29 99.0 643.0 87.0 60.0 1.58 -0.85 -0.64 0.54 0.69 2.31
30 122.0 657.0 88.0 55.0 1.63 -1.09 -0.66 0.48 0.82 1.95
31 114.0 741.0 99.0 49.0 1.68 -1.3 -0.65 0.53 0.82 1.46
32 106.0 815.0 106.0 63.0 1.64 -1.41 -0.61 0.42 0.74 1.3
33 129.0 837.0 98.0 57.0 1.59 -1.37 -0.6 0.38 0.8 1.31
34 149.0 926.0 98.0 55.0 1.6 -1.3 -0.58 -0.21 0.51 1.08
35 159.0 967.0 103.0 65.0 1.61 -1.32 -0.56 -0.03 0.15 0.48
36 143.0 968.0 104.0 73.0 1.64 -1.27 -0.55 0.13 0.09 0.22
37 189.0 967.0 118.0 66.0 1.69 -1.23 -0.56 -0.03 -0.46 0.2
38 190.0 966.0 118.0 66.0 1.73 -1.12 -0.51 -0.35 -0.6 0.08
39 237.0 967.0 111.0 73.0 1.71 -1.06 -0.49 -0.66 -0.71 -0.05
40 267.0 956.0 126.0 70.0 1.67 -0.97 -0.4 -0.63 -0.9 -0.4
41 255.0 967.0 123.0 69.0 1.58 -0.87 -0.36 -0.78 -0.98 -0.98
42 251.0 966.0 123.0 60.0 1.53 -0.83 -0.33 -0.79 -1.07 -1.13
43 238.0 967.0 123.0 53.0 1.39 -0.8 -0.28 -1.11 -1.17 -1.27
44 300.0 966.0 119.0 54.0 1.25 -0.7 -0.25 -0.95 -1.2 -1.34
45 316.0 966.0 120.0 51.0 1.16 -0.63 -0.23 -0.98 -1.24 -1.45
46 291.0 967.0 130.0 56.0 0.99 -0.46 -0.18 -0.95 -1.3 -1.83
47 258.0 966.0 125.0 51.0 0.84 -0.39 -0.15 -1.09 -1.33 -2.05
48 238.0 894.0 123.0 48.0 0.76 -0.37 -0.15 -1.08 -1.35 -2.12
49 225.0 924.0 129.0 48.0 0.58 -0.3 -0.12 -0.93 -1.28 -1.83
50 275.0 902.0 119.0 46.0 0.4 -0.22 -0.1 -1.39 -1.23 -1.68
51 280.0 895.0 122.0 42.0 0.33 -0.19 -0.1 -1.34 -1.21 -1.69
52 235.0 934.0 123.0 55.0 0.18 -0.16 -0.09 -1.17 -1.11 -1.67
53 211.0 928.0 135.0 54.0 0.06 -0.13 -0.05 -0.69 -1.03 -1.5
54 189.0 873.0 127.0 51.0 0.02 -0.09 -0.03 -0.46 -0.92 -1.69
55 166.0 966.0 154.0 45.0 -0.08 -0.04 -0.02 -0.56 -0.78 -1.16
56 174.0 910.0 151.0 54.0 -0.14 -0.02 -0.03 -0.63 -0.56 -0.84
57 169.0 952.0 139.0 50.0 -0.17 0.01 -0.03 -0.54 -0.49 -0.75
58 156.0 913.0 123.0 48.0 -0.21 0.03 -0.04 -0.37 -0.15 -0.61
59 149.0 940.0 118.0 44.0 -0.23 0.05 -0.03 -0.3 0.03 -0.55
60 222.0 967.0 123.0 49.0 -0.24 0.06 -0.02 -0.22 0.13 -0.27
61 193.0 967.0 123.0 46.0 -0.25 0.08 -0.01 -0.24 0.29 -0.17
62 168.0 940.0 121.0 42.0 -0.24 0.08 0.0 -0.21 0.32 0.03
63 188.0 917.0 139.0 42.0 -0.22 0.08 0.01 -0.25 0.33 0.02
64 163.0 924.0 134.0 40.0 -0.2 0.1 0.01 -0.34 0.23 0.21
65 179.0 875.0 136.0 40.0 -0.18 0.13 -0.02 -0.24 0.11 0.3
66 157.0 837.0 129.0 39.0 -0.16 0.14 -0.03 -0.19 0.06 0.27
67 144.0 805.0 121.0 37.0 -0.12 0.14 -0.05 -0.01 0.12 0.06
68 177.0 782.0 124.0 36.0 -0.1 0.12 -0.04 -0.05 0.22 -0.18
69 206.0 778.0 126.0 34.0 -0.09 0.11 -0.03 -0.05 0.23 -0.32
70 181.0 801.0 120.0 32.0 -0.08 0.08 -0.02 -0.02 0.3 -0.4
71 186.0 710.0 120.0 33.0 -0.09 0.11 -0.0 0.0 0.28 -0.27
72 178.0 725.0 119.0 32.0 -0.1 0.11 -0.0 0.0 0.29 -0.19
73 156.0 691.0 113.0 30.0 -0.11 0.12 0.0 0.09 0.17 0.0
74 154.0 752.0 109.0 30.0 -0.11 0.1 0.0 0.11 0.07 -0.04
75 140.0 694.0 113.0 29.0 -0.1 0.09 0.0 0.12 0.04 -0.02
76 137.0 708.0 119.0 29.0 -0.08 0.07 0.0 0.0 0.04 0.03
77 154.0 774.0 111.0 36.0 -0.05 0.04 -0.01 -0.01 -0.02 0.19
78 140.0 714.0 119.0 34.0 -0.03 0.03 -0.02 -0.07 0.04 0.03
79 150.0 698.0 113.0 38.0 -0.0 0.03 -0.02 -0.08 0.03 -0.05
80 164.0 692.0 107.0 35.0 0.01 0.03 -0.01 -0.11 0.05 -0.04
81 175.0 710.0 106.0 33.0 0.01 0.02 -0.01 -0.15 0.08 -0.09
82 151.0 667.0 101.0 31.0 0.01 0.01 -0.01 -0.24 0.09 -0.15
83 136.0 654.0 135.0 29.0 0.02 0.01 0.0 -0.18 0.04 -0.23
84 134.0 662.0 129.0 33.0 0.03 -0.01 0.0 -0.13 0.03 -0.16
85 131.0 612.0 126.0 31.0 0.06 -0.0 0.0 -0.07 0.04 0.08
86 134.0 611.0 114.0 29.0 0.07 0.03 -0.01 -0.13 0.05 -0.01
87 121.0 616.0 110.0 28.0 0.07 0.03 -0.02 -0.14 0.08 -0.07
88 116.0 609.0 110.0 30.0 0.07 0.04 -0.04 -0.13 0.13 -0.31
89 115.0 662.0 108.0 28.0 0.07 0.02 -0.07 -0.1 0.11 -0.29
90 98.0 593.0 108.0 37.0 0.07 0.01 -0.08 -0.14 0.11 -0.17
91 94.0 546.0 109.0 34.0 0.06 0.05 -0.08 -0.15 0.09 -0.14
92 161.0 561.0 103.0 31.0 0.06 0.06 -0.07 -0.16 0.13 -0.21
93 146.0 636.0 102.0 32.0 0.06 0.06 -0.07 -0.18 0.06 -0.25
94 123.0 597.0 100.0 30.0 0.05 0.05 -0.05 -0.25 0.08 -0.36
95 110.0 549.0 124.0 31.0 0.02 0.06 -0.03 -0.23 0.0 -0.37
96 95.0 626.0 124.0 29.0 0.0 0.06 -0.03 -0.25 0.0 -0.37
97 112.0 623.0 120.0 28.0 -0.03 0.07 -0.01 -0.26 0.02 -0.28
98 99.0 555.0 109.0 27.0 -0.04 0.04 0.01 -0.25 0.0 -0.52
99 86.0 523.0 106.0 26.0 -0.04 0.03 0.02 -0.12 -0.04 -0.58
100 73.0 458.0 101.0 26.0 -0.07 0.02 0.03 -0.1 -0.11 -0.41
101 86.0 436.0 94.0 26.0 -0.08 0.03 0.03 -0.26 -0.16 -0.1
102 92.0 381.0 89.0 36.0 -0.08 0.06 0.03 -0.3 -0.2 -0.04
103 93.0 336.0 87.0 34.0 -0.09 0.15 0.04 -0.37 -0.25 -0.03
104 78.0 303.0 84.0 32.0 -0.12 0.28 0.08 -0.47 -0.44 -0.23
105 67.0 253.0 81.0 31.0 -0.15 0.34 0.1 -0.49 -0.47 -0.31
106 73.0 213.0 79.0 29.0 -0.24 0.44 0.15 -0.67 -0.6 -0.58
107 80.0 187.0 75.0 28.0 -0.38 0.62 0.21 -0.85 -0.68 -0.99
108 78.0 163.0 75.0 29.0 -0.45 0.75 0.23 -0.93 -0.75 -1.26
109 80.0 148.0 71.0 30.0 -0.62 1.18 0.29 -0.96 -0.88 -1.97
110 92.0 141.0 70.0 28.0 -0.84 1.67 0.38 -0.99 -0.92 -2.38
111 113.0 138.0 66.0 27.0 -0.96 1.88 0.42 -0.66 -0.94 -2.4
112 116.0 143.0 64.0 26.0 -1.27 2.11 0.47 -0.08 -0.79 -2.47
113 106.0 150.0 62.0 26.0 -1.64 2.09 0.48 -0.01 -0.78 -2.36
114 90.0 142.0 60.0 27.0 -1.8 1.98 0.48 -0.36 -0.65 -2.53
115 101.0 134.0 63.0 26.0 -2.08 1.56 0.49 -1.65 -0.67 -2.71
116 93.0 130.0 65.0 25.0 -2.29 0.9 0.49 -1.19 -0.71 -1.98
117 81.0 126.0 65.0 25.0 -2.4 0.56 0.48 -0.9 -0.61 -1.67
118 79.0 123.0 65.0 28.0 -2.48 0.22 0.49 -1.2 -0.62 -0.84
119 76.0 130.0 65.0 27.0 -2.49 0.27 0.54 -0.33 -0.39 -0.55
120 78.0 133.0 65.0 26.0 -2.5 0.41 0.59 -0.49 -0.56 -0.53
121 83.0 128.0 64.0 25.0 -2.35 0.57 0.64 -0.58 -0.3 -0.62
122 74.0 150.0 62.0 25.0 -2.19 0.5 0.63 -0.23 -0.05 -0.6
123 61.0 137.0 62.0 29.0 -2.16 0.48 0.61 0.02 -0.1 -0.37
124 51.0 129.0 60.0 34.0 -2.06 0.46 0.58 -0.03 -0.28 -0.05
125 45.0 123.0 58.0 33.0 -1.91 0.44 0.51 0.54 -0.11 0.71
126 39.0 114.0 56.0 31.0 -1.86 0.57 0.45 0.52 -0.01 0.8
127 44.0 108.0 55.0 29.0 -1.82 1.03 0.35 0.54 0.08 0.8
128 38.0 101.0 57.0 28.0 -1.82 1.48 0.29 0.33 0.38 0.36
129 33.0 93.0 61.0 27.0 -1.86 1.69 0.26 1.31 0.2 -1.23
130 36.0 89.0 63.0 25.0 -1.62 1.13 0.11 0.53 -2.76 4.16
131 33.0 87.0 73.0 25.0 0.86 4.09 -0.2 1.35 -2.79 13.55
132 30.0 83.0 71.0 25.0 1.14 3.25 -0.61 0.09 0.6 7.18
133 27.0 78.0 65.0 25.0 0.86 1.24 -0.37 -2.75 2.22 0.08
134 24.0 75.0 66.0 30.0 0.41 1.14 -0.41 -2.76 1.38 -1.39
135 23.0 74.0 62.0 29.0 0.2 1.23 -0.38 -2.7 1.27 -0.45
136 22.0 76.0 58.0 27.0 0.32 0.47 -0.37 -1.96 0.43 0.64
137 21.0 74.0 57.0 26.0 0.3 -0.5 -0.16 -0.26 0.39 -0.02
138 26.0 74.0 61.0 26.0 0.22 -0.64 -0.06 0.36 0.3 0.07
139 24.0 74.0 57.0 25.0 0.14 -0.5 0.01 1.28 -0.01 0.07
140 23.0 74.0 56.0 25.0 0.13 -0.2 0.01 1.31 -0.16 0.03
141 21.0 74.0 56.0 24.0 0.11 -0.05 0.02 1.01 -0.17 -0.11
142 20.0 74.0 55.0 24.0 0.05 0.2 0.03 0.22 -0.18 -0.09
143 19.0 75.0 57.0 24.0 -0.0 0.25 0.0 -0.29 0.06 -0.04
144 19.0 75.0 57.0 24.0 -0.01 0.2 -0.02 -0.4 0.08 -0.06
145 19.0 74.0 54.0 24.0 0.0 0.08 -0.02 -0.49 0.2 0.13
146 24.0 74.0 53.0 23.0 -0.02 -0.04 0.01 -0.18 0.3 0.05
147 30.0 74.0 56.0 24.0 -0.01 -0.05 0.01 -0.21 0.12 0.0
148 24.0 73.0 55.0 23.0 0.05 -0.05 -0.01 -0.07 0.23 0.03
149 24.0 73.0 54.0 23.0 0.08 -0.02 -0.01 -0.04 0.2 -0.04
150 23.0 72.0 60.0 23.0 0.09 0.0 -0.02 -0.02 0.17 -0.07
