-1 -1 -1 -1 -1 -1 -1 -1 -1 -1 -1
2 89 78 34 44 0.01 -0.02 0.0 -0.14 -0.09 -0.1
3 88 77 35 45 0.01 -0.01 0.0 -0.15 -0.13 -0.07
4 88 77 35 44 -0.01 0.02 0.0 -0.13 -0.11 -0.06
5 88 78 35 44 -0.01 0.03 0.01 -0.22 -0.13 -0.04
6 89 77 34 44 -0.01 0.03 0.01 -0.21 -0.15 -0.04
7 90 78 34 44 -0.0 0.0 0.01 -0.2 -0.14 -0.05
8 91 78 35 44 0.0 -0.02 0.0 -0.16 -0.14 -0.1
9 90 78 34 44 0.01 -0.02 0.0 -0.14 -0.12 -0.11
10 90 79 35 45 0.0 0.01 0.01 -0.13 -0.11 -0.05
11 91 79 38 45 -0.01 0.03 0.01 0.0 -0.02 0.01
12 92 79 34 45 -0.01 0.03 0.01 -0.01 -0.04 0.01
13 92 79 35 45 -0.01 0.01 0.01 -0.03 -0.03 0.02
14 92 80 34 44 -0.01 -0.01 0.01 0.03 0.0 -0.03
15 93 80 34 45 -0.01 0.0 0.01 0.04 0.0 -0.06
16 93 81 35 45 -0.01 0.02 0.01 0.02 -0.01 0.0
17 92 80 34 45 -0.02 0.04 0.01 0.0 -0.03 0.01
18 92 81 34 45 -0.02 0.04 0.01 -0.02 -0.02 0.04
19 90 81 34 45 -0.03 0.03 0.01 -0.01 0.0 0.04
20 94 81 34 45 -0.02 0.01 0.01 0.02 -0.02 0.01
21 94 81 34 44 -0.02 0.01 0.01 0.01 -0.04 0.01
22 93 80 34 44 -0.01 0.01 -0.0 0.03 0.0 -0.02
23 94 82 34 45 -0.0 0.02 -0.01 0.02 -0.02 0.0
24 94 81 34 45 -0.0 0.02 -0.01 0.02 -0.02 0.0
25 94 82 34 45 -0.0 0.03 -0.02 0.01 -0.01 0.0
26 93 81 34 45 -0.01 0.03 -0.01 0.02 -0.01 -0.03
27 93 81 34 44 -0.01 0.02 -0.01 -0.01 -0.02 0.01
28 93 80 34 44 -0.01 0.02 -0.0 0.0 -0.01 -0.02
29 92 80 34 44 -0.01 0.02 -0.0 0.03 -0.02 -0.01
30 93 81 34 45 -0.01 0.02 -0.01 -0.01 -0.01 0.01
31 93 83 34 44 -0.02 0.03 -0.0 0.0 0.0 -0.01
32 93 83 34 44 -0.02 0.03 0.0 -0.01 -0.03 0.02
33 92 83 33 44 -0.01 0.02 0.01 -0.02 -0.04 0.0
34 91 83 34 44 -0.01 0.0 0.0 0.0 -0.03 0.01
35 91 84 34 45 -0.01 -0.01 0.0 0.0 -0.02 -0.02
36 92 86 34 45 -0.01 0.0 0.0 0.05 0.0 -0.02
37 93 88 34 46 -0.01 0.03 0.0 0.0 -0.03 0.04
38 93 89 33 46 -0.02 0.02 0.0 0.0 -0.04 0.02
39 93 88 34 45 -0.01 0.02 0.01 -0.02 -0.04 0.01
40 92 88 34 45 -0.01 0.01 0.0 -0.03 -0.04 0.02
41 93 89 33 46 -0.0 0.0 -0.0 0.02 -0.02 0.0
42 93 90 34 46 -0.0 0.0 -0.0 0.02 -0.02 0.01
43 92 90 33 46 -0.0 0.01 -0.0 0.02 -0.01 0.04
44 91 90 34 45 -0.01 0.01 0.0 0.0 -0.05 0.03
45 91 91 34 46 -0.01 0.01 0.0 -0.02 -0.05 0.02
46 91 89 34 46 -0.0 -0.01 0.0 0.0 -0.06 0.02
47 90 88 34 46 0.0 -0.02 -0.0 0.0 -0.04 -0.01
48 91 88 34 46 0.0 -0.02 -0.0 0.03 0.0 0.0
49 90 87 34 46 -0.0 -0.02 0.0 0.05 0.0 -0.03
50 91 86 34 46 -0.01 -0.01 0.01 0.04 0.0 0.0
51 91 84 34 45 -0.02 0.0 0.01 0.0 -0.05 0.03
52 94 85 34 47 -0.02 0.02 0.01 -0.01 -0.05 0.06
53 92 84 34 46 -0.01 0.0 0.01 -0.04 -0.07 0.06
54 92 83 34 46 -0.01 -0.01 0.01 0.0 -0.06 0.01
55 91 83 34 45 0.0 -0.03 0.0 0.06 -0.01 0.0
56 91 82 34 45 -0.0 -0.01 0.0 0.05 -0.02 -0.01
57 91 82 34 45 -0.0 0.01 0.0 0.01 -0.05 0.04
58 91 82 34 45 -0.01 0.01 0.0 -0.02 -0.05 0.02
59 91 84 34 45 -0.0 -0.01 0.0 -0.01 -0.06 0.03
60 91 81 34 45 -0.0 -0.02 0.0 0.03 0.0 0.0
61 91 81 34 45 -0.0 -0.02 0.01 0.03 -0.01 -0.04
62 91 82 33 44 -0.01 -0.01 0.01 0.03 0.0 -0.01
63 92 82 34 45 -0.02 0.0 0.01 -0.01 -0.04 0.01
64 92 82 34 45 -0.02 0.01 0.02 0.02 -0.02 0.02
65 91 81 34 42 -0.03 0.0 0.01 -0.02 -0.07 0.02
66 90 86 34 44 -0.02 -0.0 0.01 0.02 -0.07 0.01
67 90 86 34 44 -0.01 -0.0 0.01 0.0 -0.06 0.02
68 91 94 34 44 -0.02 0.01 0.01 0.03 -0.04 0.01
69 91 92 34 43 -0.01 0.01 0.01 -0.05 -0.1 0.03
70 90 89 34 43 -0.02 0.01 0.01 0.01 -0.07 0.03
71 90 98 34 44 -0.01 0.01 0.01 0.0 -0.08 0.0
72 92 96 34 44 -0.01 0.0 0.01 -0.02 -0.08 0.04
73 92 93 34 43 -0.0 -0.02 0.01 -0.03 -0.09 0.06
74 90 91 34 44 0.0 -0.04 0.02 -0.02 -0.04 0.02
75 89 88 34 43 0.0 -0.05 0.02 -0.02 -0.03 -0.02
76 90 93 34 43 -0.01 -0.07 0.03 0.0 -0.06 0.02
77 90 93 34 43 -0.02 -0.08 0.05 0.03 -0.02 0.0
78 90 91 34 43 -0.03 -0.08 0.05 0.07 -0.04 0.0
79 90 89 34 43 -0.04 -0.08 0.06 0.03 -0.1 0.01
80 89 86 35 42 -0.04 -0.06 0.04 0.04 -0.1 0.05
81 89 84 35 42 -0.04 -0.05 0.03 0.03 -0.13 0.03
82 91 84 34 42 -0.02 -0.04 0.01 0.08 -0.09 0.07
83 90 83 34 54 -0.01 -0.04 0.0 -0.08 -0.16 0.19
-200 -200 -200 -200 -200 -200 -200 -200 -200 -200 -200
84 89 84 34 53 0.0 -0.04 0.0 -0.08 -0.16 0.19
85 90 87 34 52 0.03 -0.1 -0.0 0.17 0.04 0.09
86 89 85 34 51 0.03 -0.19 -0.0 0.2 0.08 -0.08
87 90 85 34 48 0.03 -0.22 -0.01 0.14 0.08 -0.15
88 90 85 35 64 0.05 -0.29 -0.02 0.08 -0.03 0.14
89 99 101 35 60 0.11 -0.35 -0.04 0.28 -0.24 0.14
90 100 100 34 64 0.18 -0.48 -0.05 0.55 0.16 -0.27
91 106 97 35 59 0.39 -0.96 -0.05 -0.23 -0.44 -0.41
92 107 95 35 56 0.76 -1.81 0.08 0.2 -0.26 0.0
93 106 96 36 53 0.89 -2.22 0.2 0.0 -0.27 -0.02
94 101 98 36 66 1.24 -3.08 0.43 0.04 -0.13 -0.46
95 101 115 37 63 1.45 -3.74 0.56 -0.15 -0.47 -1.18
96 99 115 38 58 1.52 -3.99 0.63 0.02 -0.48 -1.12
97 98 116 39 56 1.72 -4.41 0.79 0.0 -0.73 -1.26
98 100 117 39 56 2.03 -5.01 0.92 0.31 -0.65 -0.69
99 98 118 39 56 2.13 -5.15 0.97 0.64 -0.35 -0.49
100 100 132 38 61 2.19 -5.24 0.97 0.42 -0.53 -0.75
101 99 130 38 62 2.14 -5.01 0.92 0.66 -0.1 -1.06
102 99 146 38 61 2.03 -4.77 0.9 0.81 0.08 -0.87
103 101 167 38 68 1.94 -4.39 0.86 0.95 0.19 -0.26
104 104 169 38 75 1.92 -4.1 0.9 0.54 0.29 -0.21
105 108 174 37 74 1.93 -4.02 0.95 0.65 0.28 -0.29
106 107 182 37 78 1.85 -3.69 0.97 1.26 0.74 -0.42
107 108 199 36 74 1.55 -3.04 0.89 1.14 0.63 0.22
108 109 213 36 70 1.4 -2.7 0.84 1.0 0.67 0.48
109 111 224 35 67 1.18 -2.18 0.76 0.89 0.74 0.42
110 116 245 35 72 0.95 -1.64 0.66 1.0 0.75 0.35
111 119 255 38 73 0.84 -1.39 0.62 0.82 0.62 0.07
112 127 273 173 69 0.82 -1.05 0.53 0.51 0.54 0.17
113 134 282 240 67 0.87 -0.8 0.46 0.59 0.69 0.48
114 138 294 637 77 0.87 -0.66 0.44 0.61 0.79 0.65
115 207 293 966 96 0.81 -0.31 0.35 0.51 0.77 1.22
116 220 294 967 121 0.75 -0.07 0.23 0.67 1.03 2.64
117 217 304 966 132 0.71 0.03 0.16 0.64 1.0 2.97
118 268 302 967 150 0.81 0.16 0.12 0.11 0.55 1.36
119 358 317 967 161 0.86 0.1 0.2 0.6 0.53 1.13
120 404 327 968 195 0.7 0.19 0.23 1.8 0.37 1.36
121 394 341 967 186 0.45 0.68 0.28 1.47 0.02 0.67
122 364 374 966 158 0.55 1.13 0.11 0.26 0.16 -2.15
123 414 435 967 135 0.76 1.42 -0.02 -0.71 0.37 -4.51
124 391 468 967 126 0.9 1.49 -0.22 -1.05 0.3 -3.96
125 351 526 967 114 0.83 1.06 -0.42 0.86 0.65 1.74
126 314 562 966 104 0.64 0.89 -0.49 0.46 0.37 1.91
127 294 586 967 105 0.14 0.73 -0.55 -0.55 -0.21 1.39
128 273 603 967 111 -0.42 0.62 -0.5 -0.35 -0.26 1.31
129 252 618 967 111 -0.62 0.55 -0.46 -0.34 -0.22 1.07
130 239 622 966 109 -0.88 0.35 -0.34 -1.13 -0.42 -0.44
131 225 617 967 135 -0.94 -0.04 -0.13 -1.15 -0.41 -1.36
132 216 605 874 129 -0.89 -0.24 0.02 -0.79 -0.78 -1.74
133 212 588 786 113 -0.66 -0.46 0.23 -0.12 -0.99 -1.98
134 209 581 691 99 -0.4 -0.49 0.28 0.31 -0.71 -1.26
135 208 566 593 86 -0.31 -0.47 0.27 0.13 -0.79 -1.25
136 207 552 513 82 -0.1 -0.47 0.28 0.58 -0.61 -0.84
137 205 531 418 78 -0.01 -0.44 0.28 1.01 -0.31 -0.06
138 204 505 332 78 -0.02 -0.36 0.3 1.06 -0.28 0.29
139 205 488 273 76 0.04 -0.52 0.28 0.55 0.14 1.87
140 205 472 221 78 -0.07 -0.65 0.31 0.22 0.15 2.28
141 205 452 179 78 -0.08 -0.68 0.32 0.28 0.47 2.01
142 204 439 152 78 0.04 -0.74 0.32 0.98 1.03 1.12
143 203 426 131 76 0.05 -0.59 0.26 0.69 0.76 -0.25
144 206 413 174 81 -0.01 -0.39 0.21 0.69 0.68 -0.52
145 214 401 363 87 -0.06 0.01 0.13 0.57 0.57 -0.66
146 245 388 593 109 0.09 0.06 0.05 0.0 0.48 1.03
147 310 371 966 140 0.17 0.02 0.0 0.26 0.91 2.21
148 351 371 968 148 0.17 0.2 -0.12 0.54 0.93 2.86
149 442 363 967 184 0.34 0.25 -0.26 0.1 0.8 2.19
150 426 341 967 184 0.59 0.15 -0.22 1.71 0.89 2.39
151 411 346 967 170 0.41 0.33 -0.02 2.92 0.56 1.41
152 380 357 967 155 0.14 1.28 0.08 0.62 -0.76 -6.23
153 368 381 966 133 0.42 1.84 -0.12 -0.31 -0.56 -6.39
154 348 410 966 116 0.95 1.87 -0.67 0.26 -0.04 -4.21
155 311 431 967 101 0.68 1.7 -0.82 -0.5 -0.4 0.69
156 279 448 968 93 0.43 1.54 -0.74 -1.0 -0.47 1.66
157 248 451 966 90 0.04 1.04 -0.5 -0.65 -0.17 2.68
158 227 463 967 84 -0.23 0.56 -0.25 -0.47 -0.18 2.12
159 207 467 918 76 -0.31 0.38 -0.16 -0.37 -0.02 1.5
160 192 472 799 70 -0.39 0.14 -0.0 -0.44 0.1 0.03
161 178 473 675 65 -0.4 -0.08 0.18 -0.57 0.09 -0.76
162 168 473 554 63 -0.42 -0.18 0.3 -0.39 -0.12 -0.92
163 164 471 469 62 -0.42 -0.31 0.53 -0.14 -0.24 -1.01
164 159 463 373 58 -0.35 -0.47 0.55 0.06 -0.35 -0.98
165 157 455 296 65 -0.31 -0.57 0.47 0.12 -0.36 -0.88
166 154 445 245 68 -0.19 -0.7 0.33 0.5 -0.31 -0.82
167 154 432 202 75 -0.16 -0.64 0.24 0.71 -0.53 -0.65
168 152 412 186 78 -0.16 -0.59 0.21 0.74 -0.54 -0.51
169 152 395 189 96 -0.13 -0.53 0.2 0.68 -0.53 0.17
170 152 380 205 99 0.03 -0.64 0.24 0.55 -0.34 0.75
171 150 360 235 104 0.13 -0.83 0.26 0.81 0.31 1.9
172 149 347 260 108 0.14 -1.06 0.32 0.98 0.82 2.41
173 148 330 280 100 -0.05 -1.0 0.31 0.63 0.72 1.62
174 144 315 302 116 -0.13 -0.89 0.3 0.55 0.9 1.33
175 143 302 311 128 -0.28 -0.51 0.18 0.27 0.65 0.47
176 142 289 319 130 -0.29 -0.18 0.06 0.28 0.52 -0.25
177 139 275 330 130 -0.26 -0.07 0.03 0.32 0.41 -0.32
178 138 266 334 120 -0.23 0.06 0.0 0.4 0.43 -0.39
179 135 255 335 115 -0.17 0.15 -0.01 0.28 0.34 -0.33
180 133 247 332 106 -0.12 0.16 -0.01 0.2 0.12 -0.36
181 131 238 325 109 -0.02 0.15 -0.02 0.19 -0.04 -0.28
182 130 238 323 104 0.09 0.1 -0.04 0.08 -0.2 -0.18
183 127 233 368 94 0.14 0.09 -0.04 0.13 -0.16 -0.06
184 126 223 410 93 0.2 0.09 -0.02 0.53 0.15 0.27
185 125 220 382 94 0.24 0.12 0.04 0.56 0.22 0.31
186 135 217 406 89 0.25 0.15 0.06 0.49 0.22 0.54
187 156 214 491 99 0.24 0.28 0.07 0.48 0.21 0.54
188 183 204 884 110 0.24 0.36 0.05 0.4 0.34 1.11
189 255 194 967 140 0.27 0.38 -0.0 0.35 0.37 1.49
190 334 198 967 151 0.43 0.2 -0.14 -0.67 0.11 2.33
191 385 207 967 160 0.76 -0.08 -0.12 0.65 -0.11 2.2
192 348 216 967 148 0.65 0.05 0.01 2.51 0.54 2.16
193 311 238 967 128 0.19 0.68 0.18 2.88 0.71 -1.15
194 276 264 967 108 0.68 1.63 -0.2 -0.27 -0.09 -6.53
195 241 296 967 93 0.98 1.83 -0.52 -0.39 0.02 -6.07
196 215 312 967 84 0.9 1.77 -0.99 -0.49 -0.37 -1.16
197 194 333 968 75 0.34 1.76 -0.85 -0.79 -0.24 1.63
198 176 346 967 69 0.07 1.63 -0.69 -0.59 -0.18 2.54
199 163 350 885 65 -0.26 1.16 -0.42 -1.18 -0.62 3.16
200 150 354 734 61 -0.3 0.52 -0.21 -0.88 -0.31 2.24
201 140 358 590 68 -0.28 0.22 -0.14 -0.18 0.09 1.12
202 135 362 508 63 -0.33 -0.13 0.01 -0.13 0.03 0.37
203 129 363 404 59 -0.35 -0.34 0.16 0.36 -0.15 -0.03
204 121 360 318 60 -0.34 -0.4 0.25 0.49 -0.19 0.02
205 116 359 269 64 -0.23 -0.51 0.38 0.74 0.04 -0.01
206 111 357 228 67 -0.11 -0.62 0.42 0.74 0.05 -0.97
207 108 356 192 95 -0.07 -0.64 0.43 0.59 0.05 -1.32
208 106 351 187 112 -0.03 -0.69 0.44 0.48 -0.51 -1.23
209 105 344 188 101 0.05 -0.75 0.51 0.79 -0.42 -1.05
210 105 333 191 89 0.06 -0.77 0.53 0.65 -0.26 -0.6
211 106 324 203 82 0.15 -0.95 0.56 0.72 -0.33 -0.33
212 107 317 221 80 0.2 -1.11 0.61 0.53 -0.52 -0.3
213 107 300 247 72 0.22 -1.16 0.64 0.77 -0.47 -0.08
214 108 293 274 67 0.33 -1.22 0.68 0.72 -0.37 0.55
215 107 282 299 67 0.5 -1.35 0.68 1.17 0.21 1.01
216 107 272 319 63 0.47 -1.34 0.66 0.79 0.36 1.16
217 105 265 338 68 0.41 -1.26 0.56 0.51 0.38 1.16
218 120 259 368 62 0.17 -0.9 0.36 0.77 0.68 1.0
219 157 260 371 59 -0.04 -0.51 0.26 0.2 0.39 0.91
220 188 253 428 60 -0.2 -0.02 0.02 -0.38 0.38 0.1
221 220 289 418 61 -0.11 0.12 -0.23 -0.51 0.57 0.4
222 227 344 398 63 -0.05 0.14 -0.35 0.27 1.08 0.45
223 261 364 391 59 -0.02 0.26 -0.69 1.48 1.53 -0.74
224 259 460 416 63 -0.16 0.53 -1.14 1.92 1.3 -0.08
225 261 516 420 58 -0.27 0.66 -1.32 2.07 1.07 0.18
226 272 602 391 63 -0.58 1.24 -1.62 1.76 0.7 -0.41
227 254 536 349 64 -1.25 2.02 -2.02 1.31 -0.16 1.21
228 233 524 331 62 -1.73 2.6 -2.12 2.95 0.41 0.25
229 224 463 299 63 -2.49 3.81 -2.32 -2.07 -2.16 -1.83
230 233 405 303 65 -2.21 3.45 -2.4 -2.88 -2.61 -1.42
231 213 364 262 67 -1.72 2.96 -2.06 -1.67 -0.79 -0.3
232 189 319 243 74 -0.95 1.93 -1.51 -0.9 -0.2 0.96
233 174 281 237 70 -0.52 1.18 -0.88 -0.31 0.26 1.02
234 159 248 250 68 -0.36 0.86 -0.62 -0.18 0.22 0.84
235 151 224 234 66 -0.1 0.32 -0.22 -0.2 0.06 0.84
236 143 201 242 67 0.06 -0.01 0.1 -0.2 -0.1 1.15
237 132 179 223 71 0.11 -0.11 0.24 -0.2 -0.11 1.25
238 126 168 225 68 0.18 -0.14 0.54 -0.47 -0.29 0.63
239 119 155 231 65 0.32 -0.24 0.88 -0.3 -0.04 0.2
240 115 150 218 71 0.4 -0.37 1.02 -0.12 0.13 0.19
241 113 152 233 66 0.5 -0.49 1.25 0.29 -0.12 -0.43
242 111 148 211 60 0.59 -0.66 1.29 0.37 -0.36 -0.04
243 109 152 188 56 0.66 -0.85 1.25 0.81 -0.07 -0.11
244 106 155 200 56 0.8 -1.28 1.25 0.71 -0.18 0.4
245 105 157 194 53 0.87 -1.37 1.32 0.84 -0.15 0.2
246 111 163 186 50 0.87 -1.54 1.37 1.31 0.25 -0.11
247 112 165 165 49 0.77 -1.61 1.23 0.88 0.08 -0.4
248 112 173 180 46 0.69 -1.59 1.14 0.86 0.05 0.02
249 109 180 167 45 0.64 -1.55 1.05 0.76 0.02 0.22
250 106 182 159 44 0.54 -1.33 0.87 1.24 0.55 0.44
251 105 187 145 43 0.42 -1.16 0.75 1.02 0.62 0.44
252 103 186 129 42 0.19 -0.74 0.5 0.16 0.13 0.25
253 108 189 123 42 0.06 -0.39 0.3 -0.04 0.16 -0.25
254 125 196 140 42 0.04 -0.27 0.18 -0.42 -0.08 -0.51
255 148 234 173 46 0.05 -0.13 -0.03 -0.38 -0.09 -0.45
256 201 340 248 46 0.04 -0.03 -0.3 0.1 0.52 0.04
257 194 403 254 49 -0.05 0.09 -0.53 1.61 1.43 0.67
258 242 571 254 58 -0.45 0.65 -1.05 1.79 1.38 0.65
259 241 537 224 60 -0.92 1.7 -1.46 3.07 1.49 -0.28
260 245 483 188 59 -1.21 2.38 -1.64 2.77 0.79 -1.76
261 230 458 165 64 -2.24 3.66 -2.18 0.47 -1.53 -1.36
262 249 442 165 70 -2.92 4.69 -2.45 0.74 -1.28 -3.79
263 227 388 168 76 -2.71 4.42 -2.7 -4.22 -3.32 0.05
264 204 331 139 82 -1.67 3.14 -2.18 -3.87 -2.38 0.78
265 190 285 118 88 -0.41 1.17 -1.39 -3.61 -1.86 1.9
266 185 260 99 86 0.06 0.27 -0.94 -0.82 0.02 0.7
267 172 226 96 91 0.52 -0.79 -0.23 -0.11 0.35 0.44
268 161 209 88 97 0.48 -0.82 0.26 0.35 0.05 0.12
269 148 186 76 107 0.43 -0.78 0.4 0.21 -0.34 0.4
270 139 164 66 108 0.47 -0.71 0.6 0.15 -0.45 0.36
271 133 155 61 109 0.6 -0.8 0.83 -0.48 -0.48 0.38
272 128 143 55 96 0.66 -0.85 0.97 -0.15 -0.16 -0.46
273 130 133 50 84 0.67 -0.89 1.17 -0.01 -0.22 -0.91
274 126 125 65 97 0.6 -0.87 1.25 0.73 -0.24 -1.28
275 120 117 62 84 0.6 -0.95 1.17 0.83 -0.45 -0.28
276 117 112 56 74 0.65 -1.08 1.07 1.21 -0.2 -0.29
277 116 112 51 68 0.83 -1.33 1.14 1.54 0.01 -0.14
278 113 111 47 62 0.87 -1.44 1.14 1.47 0.16 -0.21
279 112 114 44 58 0.67 -1.34 1.1 1.21 0.01 -0.27
280 110 111 42 56 0.61 -1.4 0.97 0.78 -0.05 0.04
281 110 114 44 55 0.62 -1.35 0.9 0.88 0.02 -0.01
282 109 113 38 54 0.5 -1.15 0.81 0.87 0.04 0.06
283 109 111 38 50 0.35 -0.76 0.69 0.85 0.41 0.18
284 109 111 37 49 0.31 -0.66 0.6 0.32 0.37 0.57
285 111 111 86 47 0.28 -0.58 0.42 0.34 0.41 0.61
286 135 164 128 46 0.22 -0.45 0.21 0.02 0.18 0.44
287 203 267 167 54 0.18 -0.35 0.09 0.2 0.58 0.81
288 264 471 223 62 0.06 -0.06 -0.27 0.5 1.08 1.27
289 277 512 227 61 -0.16 0.42 -0.89 2.35 1.95 0.3
290 363 646 235 59 -0.42 0.81 -1.23 2.91 2.35 0.05
291 365 584 215 62 -0.71 1.59 -1.7 2.26 0.68 -0.45
292 363 590 190 71 -1.34 2.29 -2.23 -0.01 -1.77 1.42
293 313 500 167 79 -1.75 2.55 -2.48 -2.01 -2.68 -1.02
294 277 409 168 87 -1.85 2.24 -3.28 -1.48 -2.97 -1.64
295 243 351 144 92 -1.74 2.36 -2.82 -3.09 -1.02 -1.62
296 222 301 128 101 -1.48 2.4 -2.09 -1.36 -0.38 -1.17
297 205 268 137 115 -0.85 1.62 -0.9 -1.13 -0.29 -0.64
298 194 250 126 114 -0.4 0.69 -0.05 -0.63 -0.68 1.42
299 176 234 114 111 -0.24 0.32 0.25 -0.65 -1.18 1.76
300 159 225 97 114 0.16 -0.29 0.68 -0.39 -1.15 1.7
301 151 212 85 107 0.34 -0.34 1.04 -0.41 -0.93 0.47
302 145 203 78 104 0.45 -0.37 1.18 0.0 -0.09 -0.43
303 138 192 82 97 0.5 -0.54 1.26 0.48 0.24 -0.61
304 131 187 75 89 0.36 -0.51 1.17 0.72 0.13 -0.43
305 127 172 66 86 0.32 -0.44 1.13 0.8 -0.32 0.05
306 128 164 58 73 0.36 -0.63 0.99 0.74 -0.1 -0.01
307 129 154 57 67 0.55 -0.94 1.01 0.79 0.0 -0.13
308 121 143 51 61 0.66 -1.16 1.05 1.06 0.25 0.17
309 120 137 49 60 0.77 -1.38 1.06 1.14 0.31 0.42
310 117 129 47 56 0.58 -1.24 1.09 0.59 -0.05 0.06
311 115 125 44 54 0.56 -1.24 1.08 0.45 -0.39 0.06
312 112 117 43 51 0.68 -1.32 1.15 0.86 0.19 -0.35
313 110 109 53 49 0.65 -1.38 1.03 0.5 0.04 0.06
314 115 109 51 47 0.68 -1.39 0.96 0.67 0.33 0.23
315 118 110 50 45 0.56 -1.26 0.72 0.55 0.29 0.35
316 137 111 54 45 0.36 -0.92 0.45 0.49 0.29 0.35
317 166 185 81 47 0.28 -0.76 0.29 0.16 0.33 0.6
318 198 283 85 48 0.21 -0.43 0.01 0.23 0.5 0.64
319 199 393 95 54 0.18 -0.23 -0.39 1.12 1.53 0.29
320 221 443 113 57 0.09 -0.06 -0.64 1.82 1.65 -1.11
321 236 411 115 58 -0.19 0.56 -1.17 1.99 0.62 -0.92
322 251 495 112 56 -0.84 1.65 -1.54 1.82 0.02 -0.79
323 259 468 140 56 -1.31 2.32 -1.72 0.67 -0.33 -0.59
324 253 480 151 54 -2.23 3.41 -1.98 0.44 -0.99 -0.21
325 236 447 144 54 -2.35 3.76 -1.9 1.43 -0.39 -2.32
326 213 394 132 56 -2.16 3.6 -2.12 -1.82 -2.14 -0.62
327 192 349 129 61 -1.67 3.17 -2.09 -2.45 -2.26 -0.68
328 181 319 114 68 -1.03 2.26 -1.43 -2.76 -1.69 1.01
329 175 295 98 77 -0.61 1.57 -1.01 -2.18 -1.13 1.41
330 160 274 83 98 0.01 0.33 -0.17 -1.4 -0.73 2.57
331 151 256 78 101 0.41 -0.46 0.65 -1.11 -0.78 2.03
332 140 243 70 104 0.57 -0.79 0.98 -1.43 -1.01 0.46
333 137 234 67 90 0.77 -1.29 1.54 -0.71 -0.96 -0.78
334 130 224 75 80 0.94 -1.67 1.71 0.54 -0.31 -1.11
335 127 213 68 89 0.98 -1.77 1.66 1.09 -0.31 -1.03
336 125 196 70 106 1.11 -2.08 1.65 2.27 0.0 -0.25
337 120 181 62 117 0.86 -1.59 1.62 1.5 -0.32 -0.68
338 118 171 57 136 0.76 -1.57 1.6 1.57 0.02 0.03
339 113 163 51 122 0.62 -1.41 1.38 1.62 -0.01 -0.15
340 111 163 48 108 0.3 -1.09 1.35 1.48 0.57 0.03
341 107 153 53 98 0.18 -0.94 1.31 1.2 0.52 0.39
342 111 153 48 89 0.21 -0.95 1.11 0.08 -0.06 0.69
343 110 145 46 87 0.41 -1.13 0.89 -0.16 0.19 0.49
344 117 148 43 79 0.43 -1.14 0.79 0.01 0.08 0.26
345 111 159 42 72 0.36 -0.99 0.55 -0.32 -0.04 0.03
346 114 155 50 66 0.32 -0.74 0.27 0.15 0.14 -0.13
347 125 215 60 62 0.2 -0.46 0.11 -0.02 0.07 -0.39
348 163 283 132 63 0.04 -0.05 -0.18 -0.28 -0.29 -0.25
349 201 398 163 59 -0.1 0.3 -0.47 0.61 0.63 0.2
350 260 662 204 92 -0.22 0.5 -0.68 0.76 0.63 0.84
351 283 909 232 114 -0.43 0.8 -1.2 0.48 0.48 0.7
352 270 840 203 106 -0.47 0.95 -1.74 4.35 2.42 -1.04
353 251 897 181 108 -0.63 1.26 -2.06 4.04 1.92 -1.42
354 236 827 148 111 -1.99 2.65 -2.61 1.62 -1.53 0.53
355 228 735 144 106 -2.76 3.54 -3.09 -1.64 -2.45 -0.8
356 200 661 141 102 -2.32 3.05 -3.2 -3.63 -1.56 0.94
357 190 564 116 97 -1.37 1.96 -2.33 -1.5 -0.69 0.25
358 176 499 101 95 -0.73 1.13 -1.46 -0.23 0.37 -0.95
359 168 445 86 92 -0.62 1.06 -0.99 0.43 0.84 -1.47
360 160 397 76 94 -0.62 1.06 -0.31 0.76 0.43 -0.61
361 155 369 73 85 -0.5 0.85 0.14 -0.54 -0.99 1.2
362 142 339 70 79 -0.22 0.42 0.35 -0.8 -1.01 1.19
363 142 310 62 90 0.4 -0.46 0.76 -0.57 -0.67 0.84
364 137 289 57 85 0.71 -0.91 1.11 -0.23 -0.31 0.45
365 136 270 65 75 0.8 -0.92 1.24 0.02 -0.3 0.17
366 130 261 59 67 0.71 -0.65 1.41 0.61 0.16 0.09
367 129 242 56 62 0.45 -0.35 1.39 0.55 0.1 0.43
368 123 231 52 58 0.31 -0.28 1.33 0.18 -0.43 0.57
369 118 219 63 68 0.48 -0.74 1.21 -0.23 -0.62 1.12
370 119 214 59 76 0.75 -1.27 1.26 -0.26 -0.87 0.33
371 117 209 64 69 0.93 -1.56 1.34 -0.04 -0.75 -0.15
372 114 201 61 65 1.18 -1.95 1.51 1.37 0.26 -0.9
373 113 200 70 62 0.91 -1.64 1.4 1.53 0.02 -0.18
374 121 186 75 58 0.74 -1.34 1.34 1.22 -0.12 0.0
375 123 176 72 58 0.39 -0.9 1.12 1.02 0.41 0.2
376 124 177 65 55 0.24 -0.6 0.8 0.14 -0.39 0.55
377 126 183 67 51 0.18 -0.55 0.67 0.28 -0.12 0.51
378 145 210 65 51 0.11 -0.32 0.42 0.36 0.31 -0.04
379 191 305 71 67 -0.05 0.01 0.09 -0.22 -0.1 -0.16
380 209 380 69 71 -0.09 0.09 -0.07 -0.35 0.06 -0.23
381 204 440 63 70 -0.09 0.13 -0.47 0.94 1.4 -0.76
382 225 575 91 79 -0.47 0.7 -1.07 1.92 1.13 -1.17
383 219 671 81 76 -0.64 1.0 -1.35 2.16 0.8 -1.46
384 205 632 93 73 -0.75 1.63 -1.7 2.3 -0.49 -2.46
385 195 616 91 68 -1.53 2.25 -2.34 -1.1 -2.22 0.0
386 175 558 80 65 -2.22 2.87 -2.45 0.78 -1.34 -1.28
387 159 487 71 67 -2.81 3.67 -2.99 -4.68 -3.7 1.81
388 152 446 64 67 -2.09 2.95 -1.99 -1.74 -0.87 0.91
389 153 416 62 62 -1.56 2.35 -1.47 -1.44 -0.51 0.18
390 140 392 61 63 -0.41 0.84 -0.55 -0.84 -0.14 0.23
391 131 364 55 66 0.11 -0.04 0.04 0.58 0.23 0.33
392 129 347 51 62 0.16 -0.13 0.21 0.45 -0.06 0.37
393 125 321 47 65 0.31 -0.28 0.46 -0.24 -0.85 0.59
394 117 306 45 61 0.59 -0.52 0.74 -0.51 -1.09 0.75
395 116 290 45 57 0.73 -0.66 0.89 -0.42 -0.8 0.76
396 111 274 43 53 0.93 -0.93 1.04 0.45 -0.08 0.52
397 108 257 45 53 0.83 -0.84 1.07 0.3 0.14 0.29
398 104 246 65 53 0.79 -0.96 1.05 0.47 -0.16 0.49
399 102 235 63 50 0.92 -1.36 1.0 0.45 0.04 0.71
400 101 229 58 49 0.93 -1.63 1.02 0.39 -0.18 0.31
401 101 219 60 47 0.95 -1.69 1.09 0.59 -0.23 -0.05
402 104 206 79 45 1.17 -1.96 1.24 0.82 -0.06 -0.52
403 104 196 72 45 1.12 -1.87 1.2 1.21 -0.09 -0.67
404 99 183 69 44 1.03 -1.72 1.14 1.16 0.05 -0.62
405 99 172 69 43 0.73 -1.29 0.97 0.49 -0.43 -0.22
406 97 167 64 42 0.47 -1.04 0.9 0.99 0.03 0.08
407 100 156 60 42 0.48 -0.92 0.83 0.65 0.21 0.07
408 105 142 53 42 0.36 -0.77 0.65 0.52 0.2 0.14
409 114 140 49 42 0.25 -0.58 0.42 -0.07 -0.25 0.12
410 127 137 105 41 0.2 -0.48 0.34 0.11 0.08 -0.01
411 174 180 98 42 0.08 -0.27 0.13 0.23 0.16 0.03
412 193 241 92 42 -0.06 -0.0 -0.14 -0.15 -0.14 0.07
413 196 321 108 47 -0.13 0.13 -0.26 0.05 0.21 -0.14
414 225 369 134 47 -0.28 0.43 -0.67 1.59 1.18 -0.64
415 216 452 133 48 -0.65 1.02 -1.23 1.42 0.57 -0.41
416 197 426 118 51 -0.83 1.4 -1.44 1.88 0.49 -0.07
417 181 384 99 56 -1.31 2.42 -1.79 2.69 1.04 -2.09
418 189 387 88 61 -2.58 3.61 -2.37 0.75 -2.11 -2.05
419 189 344 88 62 -2.98 4.36 -2.53 -2.3 -2.59 -1.79
420 173 320 76 62 -2.8 4.26 -2.62 -3.38 -2.43 0.26
421 157 302 68 58 -2.09 3.48 -1.54 -1.27 -0.15 0.41
422 144 290 60 55 -1.62 2.7 -1.08 -1.82 -0.78 0.8
423 137 284 63 66 -0.43 0.73 -0.25 -1.05 -0.58 0.93
424 132 280 64 61 0.33 -0.64 0.38 -0.22 -0.34 1.15
425 128 273 57 68 0.5 -0.91 0.62 -0.12 -0.43 1.08
426 137 261 51 64 0.69 -1.07 0.93 -0.55 -0.99 0.69
427 129 253 50 63 0.84 -1.18 1.13 -0.23 -0.89 0.58
428 121 245 54 58 0.87 -1.2 1.17 0.27 -0.28 0.23
429 115 236 51 55 0.94 -1.32 1.09 0.48 0.16 0.22
430 113 226 48 54 0.94 -1.39 1.08 0.38 -0.42 0.49
431 112 217 65 52 0.86 -1.47 1.04 0.42 -0.51 0.52
432 124 208 61 49 1.01 -1.68 1.15 0.7 -0.14 -0.32
433 118 199 55 48 1.21 -2.19 1.19 1.38 0.35 -0.41
434 114 184 83 46 1.1 -2.08 1.15 1.37 0.22 -0.29
435 123 177 71 44 0.8 -1.67 1.04 1.29 0.03 -0.24
436 124 169 72 47 0.64 -1.27 0.91 1.22 0.22 -0.67
437 138 158 98 45 0.55 -1.15 0.77 0.15 -0.72 0.24
438 149 151 100 45 0.3 -0.69 0.65 0.37 -0.11 0.0
439 154 151 89 47 0.27 -0.56 0.47 0.39 0.12 0.27
440 144 144 83 46 0.24 -0.47 0.32 0.34 0.0 0.27
441 133 135 72 44 0.05 -0.1 0.13 0.06 -0.07 -0.1
442 129 136 67 43 -0.13 0.26 0.01 -0.47 -0.43 -0.16
443 123 134 59 42 -0.11 0.27 -0.05 -0.62 -0.51 -0.22
444 138 201 57 44 0.01 0.15 -0.18 -0.28 -0.29 -0.18
445 146 224 61 48 0.01 0.15 -0.32 0.06 0.14 -0.36
446 150 268 59 45 -0.02 0.2 -0.43 0.25 0.25 -0.38
447 156 287 55 43 -0.01 0.19 -0.69 0.05 0.15 -0.21
448 165 337 62 44 -0.04 0.24 -1.02 0.52 -0.13 0.12
449 184 430 97 51 -0.16 0.38 -1.15 0.87 -0.05 0.17
450 177 457 83 48 -0.54 0.94 -1.35 1.57 0.28 -0.61
451 170 483 80 51 -1.03 1.73 -1.58 2.28 0.89 -1.3
452 164 472 108 56 -1.51 2.25 -1.75 1.99 0.24 -1.1
453 159 427 102 53 -2.53 3.66 -1.92 1.04 -0.49 -1.98
454 154 400 88 53 -2.81 4.05 -2.36 -2.6 -2.44 0.88
455 144 354 75 63 -2.58 3.87 -2.13 -2.57 -1.47 1.66
456 132 325 66 70 -1.67 2.7 -1.24 -3.05 -1.25 1.94
457 128 307 59 65 0.16 0.04 -0.39 -2.08 -1.07 1.4
458 121 297 55 68 0.8 -1.05 -0.03 -0.59 -0.3 0.59
459 115 274 51 78 1.11 -1.37 0.73 0.79 0.33 -0.49
460 112 273 53 86 0.88 -1.07 1.1 -0.65 -1.19 0.55
461 112 247 48 80 0.85 -0.99 1.26 -0.51 -1.23 0.58
462 109 240 56 82 0.82 -0.86 1.45 0.03 -1.23 -0.19
463 108 222 70 79 1.15 -1.43 1.49 0.77 -0.1 0.15
464 109 210 74 70 1.25 -1.66 1.49 0.67 -0.56 0.47
465 116 204 69 64 1.46 -2.02 1.59 1.37 0.28 -0.32
466 121 193 62 59 1.22 -1.99 1.29 1.7 0.21 -0.68
467 120 181 55 55 0.89 -1.81 1.11 1.27 -0.4 -0.22
468 122 176 68 59 0.67 -1.46 1.04 1.51 0.24 0.23
469 119 159 66 56 0.47 -1.09 0.75 0.17 -0.65 0.85
470 124 152 58 54 0.31 -0.83 0.63 0.06 -0.31 0.76
471 123 145 60 53 0.21 -0.68 0.55 0.13 0.18 0.2
472 125 172 64 65 0.24 -0.72 0.26 -0.04 -0.04 -0.27
473 136 234 65 69 0.15 -0.55 0.15 0.21 0.06 -0.22
474 134 256 58 73 -0.22 -0.0 -0.06 0.54 0.56 -0.17
475 152 526 66 102 -0.51 0.51 -0.35 1.1 0.89 -0.81
476 163 576 71 122 -0.61 0.84 -0.52 1.36 0.75 -1.36
477 182 689 85 117 -0.88 1.49 -0.89 1.95 0.75 -1.84
478 179 802 77 106 -1.36 2.57 -1.4 3.06 0.91 -2.53
479 187 817 91 99 -1.89 3.28 -1.75 0.83 -0.76 -0.97
480 175 760 91 96 -3.43 4.89 -2.52 -0.55 -3.87 0.02
481 169 662 80 86 -3.21 4.65 -2.56 -7.18 -2.64 5.27
482 161 612 74 78 -2.49 3.33 -2.36 -5.04 -1.49 5.2
483 149 533 65 81 -1.44 1.81 -1.32 0.12 0.84 -0.75
484 144 454 69 73 -1.01 1.07 -0.82 -0.36 0.34 -0.24
485 136 395 61 66 -0.73 0.76 -0.57 -0.44 0.24 0.07
486 128 355 55 83 -0.12 0.18 -0.15 0.74 0.42 -0.77
487 119 311 50 90 0.34 -0.42 0.2 -0.36 -0.42 0.46
488 112 275 47 79 0.61 -0.74 0.45 -0.9 -1.2 -0.04
489 108 245 44 71 1.3 -1.61 0.85 -0.49 -1.1 0.0
490 104 230 42 64 1.58 -2.06 1.12 1.62 0.55 0.34
491 101 208 47 67 1.45 -1.99 1.12 1.46 0.53 0.39
492 97 194 44 62 1.16 -1.56 1.1 1.07 -0.03 0.51
493 102 191 41 63 1.04 -1.35 1.09 0.97 -0.21 0.15
494 106 179 48 59 0.99 -1.24 1.05 1.25 0.06 -0.1
495 113 166 92 57 0.91 -1.32 1.01 0.0 -0.78 0.39
496 113 157 88 58 1.19 -1.82 1.03 0.43 -0.09 0.03
497 110 159 81 58 1.3 -2.05 1.03 0.37 -0.41 -0.42
498 106 145 84 55 1.22 -2.0 0.9 0.34 -0.48 -0.45
499 121 139 77 53 0.9 -1.4 0.88 0.66 -0.53 -0.58
500 126 137 78 53 0.76 -1.15 0.87 0.94 -0.34 -0.52
501 123 131 69 50 0.63 -0.82 0.77 1.17 0.31 -0.31
502 116 126 61 48 0.56 -0.7 0.69 0.58 0.01 0.41
503 112 124 55 47 0.33 -0.44 0.53 0.56 0.06 0.36
504 126 118 83 47 0.14 -0.15 0.35 -0.49 -0.69 0.2
505 123 111 75 46 0.04 -0.05 0.28 -0.69 -0.82 0.5
506 120 131 66 43 0.02 -0.05 0.22 -0.29 -0.31 0.55
507 120 170 58 50 0.1 -0.21 0.11 -0.02 -0.04 0.44
508 129 204 54 55 0.06 -0.2 0.04 0.1 0.18 -0.03
509 133 266 64 57 -0.14 -0.03 -0.15 0.16 0.18 -0.55
510 138 308 76 54 -0.39 0.22 -0.44 1.05 0.66 -1.45
511 155 486 86 55 -0.53 0.42 -0.67 1.09 -0.37 -0.71
512 158 524 76 59 -0.89 1.07 -1.1 1.22 -0.52 -0.5
513 155 514 92 57 -1.17 1.75 -1.46 0.99 0.31 -0.96
514 150 488 98 63 -1.62 2.15 -1.78 1.04 -2.06 -0.43
515 139 443 85 58 -2.73 3.39 -2.13 -0.56 -2.52 -0.19
516 133 408 75 54 -2.41 3.09 -2.05 -5.64 -1.91 3.92
517 126 358 65 53 -1.79 2.2 -1.71 0.42 1.38 1.68
518 127 325 59 50 -1.07 1.19 -0.8 0.99 1.11 -0.73
519 124 299 54 48 -0.67 0.63 -0.35 -0.34 -0.12 -0.53
520 116 267 57 47 -0.36 0.34 -0.11 0.28 -0.13 0.03
521 113 250 52 50 0.15 -0.13 0.21 -0.14 -0.46 0.26
522 108 226 48 48 0.64 -0.67 0.5 -0.08 -0.69 -0.02
523 105 210 44 48 0.86 -0.95 0.64 0.16 -0.72 0.38
524 103 196 60 46 1.21 -1.35 0.84 0.55 -0.35 0.42
525 106 187 59 45 1.22 -1.45 0.94 0.94 -0.36 0.58
526 104 174 56 44 1.19 -1.43 0.96 1.18 0.1 0.54
527 103 164 58 44 1.07 -1.26 1.0 1.36 -0.17 0.11
528 102 154 57 43 1.01 -1.19 0.99 1.19 0.03 -0.45
529 100 147 52 46 1.02 -1.27 0.92 -0.29 -1.14 -0.16
530 100 135 49 44 1.0 -1.36 0.8 -0.29 -0.9 -0.04
531 103 124 53 45 0.98 -1.37 0.81 0.23 -0.49 -0.2
532 104 115 63 46 0.94 -1.32 0.84 1.32 0.05 -0.76
533 105 113 57 44 0.81 -1.06 0.85 1.5 0.21 -0.63
534 107 110 70 44 0.56 -0.69 0.67 0.67 -0.28 0.3
535 111 112 64 43 0.38 -0.47 0.57 0.52 -0.04 0.65
536 111 107 57 43 0.11 -0.12 0.4 0.13 -0.31 0.98
537 109 106 51 51 0.03 0.06 0.27 0.03 -0.03 0.52
538 114 114 47 49 0.04 0.04 0.24 0.0 -0.07 -0.07
539 109 119 44 47 0.02 0.03 0.08 -0.02 -0.03 -0.2
540 122 215 55 46 -0.13 0.14 -0.07 -0.38 -0.37 0.13
541 130 278 51 50 -0.16 0.16 -0.15 0.02 0.02 0.1
542 131 303 47 65 -0.18 0.12 -0.29 0.61 0.47 -0.12
543 133 379 45 81 -0.39 0.29 -0.56 1.97 0.91 -1.56
544 141 437 58 75 -0.58 0.54 -0.74 1.53 -0.38 -1.63
545 142 476 52 69 -1.14 1.47 -1.1 1.57 -0.46 -1.77
546 133 481 49 66 -1.83 2.45 -1.53 -0.01 -1.17 -0.23
547 128 407 45 62 -2.33 2.82 -1.77 0.67 -2.13 -0.43
548 123 367 47 57 -2.89 3.27 -2.0 -4.59 -2.83 2.11
549 120 334 49 54 -1.59 1.56 -1.55 -4.9 -1.37 4.89
550 119 305 71 51 -0.74 0.31 -1.05 1.03 1.71 -0.74
551 117 297 63 49 -0.01 -0.68 -0.17 -0.52 0.2 -0.68
552 115 276 60 51 0.5 -1.03 0.35 0.36 0.41 -0.73
553 112 250 66 47 0.75 -1.12 0.55 -0.04 -0.46 0.16
554 109 228 64 46 0.9 -0.99 0.66 -0.59 -0.99 0.63
555 104 215 58 44 1.04 -1.08 0.86 0.17 -0.29 0.79
556 102 211 53 44 1.13 -1.24 0.91 0.7 -0.16 0.75
557 98 191 49 43 1.23 -1.31 0.91 1.01 -0.1 -0.31
558 98 176 57 43 1.22 -1.21 0.94 1.1 0.0 -0.84
559 98 159 62 43 1.17 -1.17 0.85 0.14 -0.85 -0.13
560 96 143 69 42 0.94 -1.08 0.73 0.08 -0.89 -0.11
561 95 132 65 42 0.9 -1.21 0.78 1.24 0.0 -0.6
562 94 126 66 45 0.9 -1.26 0.8 1.14 -0.09 -0.57
563 96 121 65 44 0.77 -1.11 0.7 0.63 -0.5 -0.18
564 96 113 62 43 0.47 -0.71 0.63 0.51 -0.52 0.15
565 95 112 71 43 0.36 -0.56 0.63 0.52 -0.17 0.25
566 97 108 70 42 0.34 -0.47 0.53 0.51 0.0 0.24
567 101 107 64 42 0.23 -0.37 0.35 -0.19 -0.66 0.7
568 108 101 66 42 0.16 -0.26 0.28 0.2 0.04 0.22
569 107 108 69 42 0.07 -0.11 0.17 -0.07 -0.23 0.28
570 105 112 65 41 -0.05 0.04 0.02 -0.24 -0.38 0.45
571 107 153 67 42 -0.1 0.1 -0.02 0.01 -0.13 0.52
572 120 217 79 43 -0.17 0.17 -0.13 0.0 -0.11 0.38
573 151 284 79 47 -0.26 0.27 -0.25 0.28 0.49 -0.44
574 158 359 94 50 -0.29 0.28 -0.31 1.37 0.94 -0.95
575 162 381 81 49 -0.45 0.45 -0.69 1.58 0.87 -0.99
576 158 401 82 51 -0.8 0.99 -1.18 1.26 -0.24 0.25
577 151 450 71 49 -1.04 1.37 -1.4 1.05 -0.61 -0.24
578 140 446 67 50 -1.51 2.23 -1.72 -0.29 -0.83 0.15
579 132 412 62 50 -2.06 2.72 -1.91 0.38 -0.95 -0.91
580 131 368 58 50 -2.21 2.92 -1.85 -2.41 -1.85 -0.12
581 126 316 56 47 -1.95 2.58 -1.7 -3.77 -2.37 1.46
582 119 276 51 47 -1.16 1.43 -1.11 -2.31 -0.16 2.5
583 114 246 52 45 -0.73 0.82 -0.65 0.96 1.03 -0.34
584 114 226 72 45 -0.08 -0.22 0.01 0.35 0.35 -0.5
585 112 210 95 44 0.4 -0.85 0.38 0.42 -0.07 -0.54
586 111 187 108 44 0.57 -0.92 0.54 0.45 -0.34 0.23
587 107 185 92 43 0.79 -0.83 0.85 0.39 -0.61 0.97
588 108 175 94 42 0.87 -0.87 0.96 0.46 -0.38 1.17
589 105 160 124 45 0.94 -1.03 0.99 0.75 -0.74 0.55
590 104 151 108 44 1.31 -1.42 1.17 0.37 -0.76 0.46
591 106 152 93 43 1.42 -1.53 1.22 0.7 -0.74 -0.37
592 107 147 95 44 1.5 -1.65 1.24 1.17 -0.06 -1.39
593 113 144 91 43 1.44 -1.81 1.05 1.45 -0.3 -1.2
594 116 133 79 43 1.29 -1.64 0.99 1.37 -0.48 -0.67
595 115 135 77 43 0.99 -1.34 0.9 0.89 -0.16 -0.22
596 115 128 74 42 0.81 -1.21 0.74 0.61 -0.43 0.19
597 120 124 75 43 0.63 -1.07 0.67 0.02 -0.53 0.8
598 116 139 84 41 0.62 -1.07 0.62 -0.05 -0.44 0.78
599 111 134 73 43 0.58 -1.06 0.44 0.0 -0.18 0.68
600 108 126 65 42 0.34 -0.78 0.31 -0.15 -0.39 0.8
601 104 136 57 42 0.23 -0.64 0.28 -0.28 -0.09 0.54
602 104 159 54 44 0.21 -0.69 0.15 -0.59 -0.3 0.49
603 106 178 49 53 0.29 -0.97 0.03 -0.69 -0.38 0.2
604 111 229 46 70 0.32 -1.1 -0.03 -0.79 -0.48 -0.03
605 119 254 51 167 0.34 -1.35 -0.13 -0.61 -0.28 -0.56
606 124 318 48 327 0.24 -1.41 -0.31 0.37 -0.39 -3.41
607 129 424 50 357 0.19 -1.19 -0.3 0.36 -2.13 -3.1
608 128 405 47 319 0.16 -1.27 -0.22 -1.22 -2.72 -0.84
609 125 413 44 301 0.09 -2.35 0.13 1.44 -0.75 2.91
610 123 362 46 260 -0.27 -2.61 0.12 -0.28 0.31 5.74
611 123 355 43 243 -0.19 -2.91 0.3 -0.49 1.31 5.5
612 118 320 42 214 -0.46 -1.88 0.26 0.57 1.67 2.71
613 113 287 40 173 -0.66 -1.16 0.13 -0.04 0.74 -1.55
614 109 267 39 147 -0.51 -0.5 0.05 0.18 0.95 -1.57
615 106 251 39 124 -0.17 -0.29 0.07 0.26 0.55 -1.31
616 116 239 51 105 -0.09 -0.11 0.09 0.76 0.31 -1.4
617 121 230 62 92 -0.06 0.36 0.12 0.77 0.05 -1.16
618 139 222 126 83 0.16 0.5 0.1 0.59 -0.38 0.13
619 149 218 149 74 0.28 0.45 0.05 0.64 -0.35 0.93
620 141 210 159 68 0.5 0.32 -0.12 0.82 -0.3 1.08
621 151 206 325 77 0.58 0.28 -0.3 1.24 -0.24 0.64
622 146 206 349 70 0.54 0.24 -0.37 1.29 -0.12 0.47
623 139 200 396 64 0.2 0.39 -0.4 1.29 -0.05 0.63
624 138 195 474 60 0.05 0.62 -0.21 1.14 -0.42 -0.79
625 132 181 383 56 0.03 0.71 -0.09 0.87 -0.5 -1.32
626 139 187 341 53 0.06 0.78 0.05 0.36 -1.01 -1.27
627 138 181 372 50 0.14 0.66 0.09 0.79 -0.83 -1.38
628 168 175 488 48 0.09 0.65 0.11 0.84 -0.52 -1.49
629 167 174 416 47 -0.11 0.76 0.08 0.6 -0.75 -0.06
630 151 174 335 46 -0.16 0.79 0.07 0.12 -0.83 0.79
631 148 170 308 45 -0.06 0.63 0.06 -0.41 -1.08 0.57
632 141 165 280 44 0.16 0.26 0.08 -0.18 -0.6 -0.61
633 135 162 239 43 0.12 0.15 0.07 0.06 -0.6 0.19
634 133 156 238 43 0.06 0.15 0.08 -0.1 -0.66 0.51
635 128 162 197 43 0.02 0.02 0.13 -0.2 -0.62 0.81
636 126 160 162 42 0.05 -0.2 0.16 -0.06 -0.43 0.89
637 121 164 131 51 0.05 -0.26 0.15 -0.01 -0.29 0.71
638 114 160 112 82 -0.01 -0.31 0.08 0.14 -0.07 0.29
639 111 190 95 100 -0.09 -0.37 -0.02 -0.24 -0.31 -0.11
640 117 216 83 129 -0.09 -0.43 -0.06 -0.45 -0.41 -0.58
641 122 251 76 116 -0.16 -0.42 -0.09 0.5 0.3 -4.11
642 127 260 67 157 -0.49 -0.04 -0.21 0.66 -1.37 -3.32
643 125 276 60 164 -0.41 -0.21 -0.32 -0.58 -2.77 -0.01
644 120 272 55 159 -0.1 -0.92 -0.21 0.02 -1.51 1.84
645 116 257 52 200 -0.48 -1.35 -0.02 0.0 -0.7 3.71
646 110 251 48 173 -0.48 -1.53 0.05 0.4 -0.02 3.07
647 116 245 46 153 -0.13 -1.75 0.22 0.36 0.69 2.03
648 116 230 43 133 -0.09 -1.14 0.14 0.73 1.22 -0.26
649 109 218 40 112 -0.06 -0.75 0.11 0.59 0.92 -1.49
650 105 206 39 98 0.11 -0.18 0.07 0.34 0.12 -1.99
651 102 196 38 86 0.2 0.26 0.04 0.64 0.11 -1.05
652 112 188 51 76 0.23 0.38 0.05 0.72 -0.18 -0.85
653 127 180 172 69 0.33 0.51 0.12 0.66 -0.28 -0.18
654 140 175 214 67 0.54 0.48 0.12 0.46 -0.39 1.29
655 148 176 210 62 0.65 0.43 0.11 0.5 -0.32 1.75
656 151 168 187 58 0.7 0.47 0.03 1.08 -0.11 1.55
657 176 160 272 56 0.67 0.43 -0.13 1.32 -0.29 0.71
658 179 163 300 52 0.63 0.41 -0.17 1.16 -0.24 0.41
659 176 159 276 50 0.44 0.43 -0.14 0.43 -0.53 0.52
660 164 159 284 47 0.26 0.54 0.0 0.48 -0.25 0.4
661 194 153 496 47 0.21 0.58 0.07 0.63 -0.31 -0.18
662 202 143 429 45 0.25 0.5 0.11 -0.12 -0.86 -0.93
663 184 144 434 46 0.09 0.55 0.14 0.68 -0.42 -0.19
664 165 145 403 43 -0.07 0.7 0.14 0.47 -0.5 -0.2
665 159 144 337 42 -0.22 0.92 0.11 -0.08 -0.64 -0.31
666 146 140 294 42 -0.15 0.69 0.09 -0.73 -1.02 0.53
667 138 144 242 42 -0.07 0.5 0.1 -0.59 -0.84 0.61
668 128 142 205 43 -0.01 0.17 0.11 -0.12 -0.43 1.08
669 121 142 168 51 -0.08 0.04 0.1 0.0 -0.18 1.01
670 115 145 136 69 -0.12 -0.02 0.08 -0.12 -0.26 0.81
671 116 178 116 70 -0.19 -0.12 0.02 -0.44 -0.49 -0.82
672 116 191 98 124 -0.35 -0.19 -0.07 -0.57 -0.55 -1.9
673 119 235 86 178 -0.42 -0.22 -0.08 -0.11 -0.4 -1.87
674 117 264 78 229 -0.32 -0.44 -0.18 0.55 -1.24 -0.89
675 113 277 69 233 -0.29 -0.82 -0.18 -0.01 -1.32 0.84
676 108 251 60 219 -0.37 -1.05 -0.12 -0.29 -0.68 1.42
677 110 241 54 196 -0.68 -1.41 0.01 0.49 -0.92 2.96
678 110 227 51 174 -0.45 -1.81 0.07 0.03 0.77 3.49
679 107 229 47 167 -0.33 -1.87 0.11 0.33 1.38 3.21
680 106 212 44 151 -0.44 -1.15 0.08 0.17 0.73 -0.83
681 104 204 95 129 -0.45 -0.74 0.08 0.27 0.38 -2.11
682 108 199 112 109 -0.31 -0.13 0.07 0.54 0.62 -1.29
683 109 191 144 95 -0.2 0.29 0.05 0.51 0.21 -0.95
684 113 180 219 85 -0.16 0.44 0.06 0.63 -0.23 -0.91
685 113 176 271 75 -0.01 0.59 0.07 0.6 -0.37 -0.64
686 115 171 250 69 0.21 0.52 0.01 0.72 -0.45 0.03
687 141 169 298 63 0.3 0.44 -0.04 1.11 -0.3 0.76
688 145 165 391 58 0.32 0.45 -0.19 1.11 -0.29 0.95
689 166 158 367 57 0.33 0.44 -0.3 1.1 -0.35 0.79
690 162 162 348 53 0.29 0.46 -0.32 1.1 -0.32 0.49
691 165 158 317 50 0.1 0.59 -0.32 0.98 -0.23 0.67
692 181 158 302 49 0.03 0.66 -0.24 0.29 -0.48 0.23
693 192 153 368 47 0.07 0.64 -0.2 0.41 -0.32 -0.1
694 215 148 340 50 0.11 0.53 -0.1 0.4 -0.34 -0.29
695 199 150 314 44 0.1 0.55 -0.07 0.38 -0.55 -0.46
696 195 149 346 44 0.12 0.58 -0.07 0.37 -0.47 -0.81
697 205 141 422 44 0.14 0.5 -0.1 0.42 -0.44 -0.92
698 187 143 382 45 -0.1 0.67 -0.13 0.83 -0.49 0.07
699 171 144 324 44 -0.25 0.88 -0.13 0.43 -0.5 0.58
700 174 147 357 43 -0.32 0.98 -0.15 0.04 -0.73 0.51
701 181 143 443 42 -0.15 0.68 -0.17 -0.64 -0.91 -0.44
702 181 152 447 42 -0.1 0.51 -0.15 -0.13 -0.73 0.05
703 166 150 372 43 -0.13 0.32 -0.11 0.0 -0.65 0.81
704 156 149 324 43 -0.16 0.21 -0.07 0.09 -0.5 0.96
705 142 159 275 67 -0.15 0.13 -0.06 -0.35 -0.6 0.22
706 136 173 226 203 -0.09 -0.09 -0.06 -0.54 -0.67 0.12
707 133 191 194 245 -0.04 -0.24 -0.07 -0.54 -0.73 -0.16
708 138 252 160 284 -0.06 -0.22 -0.07 -0.68 -0.92 -3.38
709 133 262 142 313 -0.28 -0.02 0.07 -0.45 -0.27 -4.38
710 129 252 136 371 -0.38 -0.25 0.04 0.24 -2.33 -2.06
711 124 263 115 388 -0.24 -0.53 -0.03 -1.03 -4.18 0.0
712 120 280 95 348 0.05 -1.11 0.26 -0.49 -0.99 2.86
713 118 285 83 320 -0.74 -1.59 0.67 1.73 -0.23 6.66
714 114 269 73 264 -0.88 -1.76 0.56 -0.17 2.1 4.24
715 109 246 64 214 -0.73 -2.17 0.42 0.03 1.93 2.41
716 115 236 61 180 -0.6 -1.13 -0.01 0.36 1.2 -1.72
717 150 226 292 150 -0.51 -0.61 -0.15 0.53 0.84 -3.02
718 194 216 587 131 -0.09 -0.06 -0.23 0.87 0.86 -2.36
719 217 209 526 114 0.07 0.5 -0.19 1.01 0.33 -0.49
720 212 208 538 98 0.08 0.83 -0.16 0.82 -0.13 -0.73
721 212 202 570 87 0.27 1.21 -0.18 0.62 -0.32 -0.61
722 217 199 565 91 0.7 0.83 -0.23 0.64 -0.63 -0.26
723 210 191 513 86 0.9 0.52 -0.26 1.46 -0.41 1.07
724 192 191 492 76 0.88 0.27 -0.29 1.68 -0.36 1.57
725 183 200 507 72 0.56 0.51 -0.22 1.67 -0.22 1.28
726 174 198 752 65 0.47 0.69 -0.15 1.41 -0.57 -1.51
727 173 187 617 60 0.24 0.93 0.02 0.19 -1.06 -1.52
728 200 186 514 57 0.35 0.63 0.08 0.05 -0.74 -0.44
729 181 189 453 53 0.37 0.47 0.12 0.95 -0.3 -0.46
730 162 184 390 49 0.26 0.41 0.17 0.77 -0.18 -0.29
731 164 184 331 50 0.31 0.19 0.12 -0.27 -0.63 0.05
732 149 174 279 48 0.32 0.08 0.08 -0.19 -0.62 0.47
733 144 183 237 47 0.26 0.02 0.08 0.09 -0.3 0.76
734 135 176 198 46 0.16 -0.01 0.11 -0.21 -0.33 0.66
735 134 171 166 44 0.16 -0.08 0.13 -0.52 -0.7 0.67
736 146 164 137 44 0.26 -0.33 0.22 -0.42 -0.55 0.64
737 135 161 119 43 0.31 -0.57 0.35 0.09 -0.21 0.87
738 125 170 140 73 0.31 -0.64 0.38 0.56 0.08 1.01
739 133 167 141 83 0.24 -0.66 0.41 0.32 -0.1 0.78
740 163 163 150 76 0.01 -0.46 0.47 -0.37 -1.32 0.78
741 153 157 130 69 -0.05 -0.35 0.59 0.34 -0.13 0.42
742 142 163 107 63 0.05 -0.54 0.73 0.04 0.08 0.77
743 144 167 94 60 0.17 -0.95 0.64 0.11 -0.54 0.82
744 140 182 81 108 0.17 -1.02 0.63 -0.12 -0.94 0.44
745 136 198 73 215 0.14 -1.04 0.68 -0.33 -1.08 0.25
746 136 226 67 323 0.24 -1.16 0.85 -0.66 -1.15 -1.28
747 134 274 64 337 0.35 -1.38 1.02 0.52 -0.04 -4.52
748 137 325 61 578 0.65 -2.11 1.28 0.27 -0.17 -3.17
749 137 351 57 576 1.15 -3.12 1.57 1.09 -0.48 -1.58
750 140 382 52 517 1.46 -3.29 1.8 1.85 -0.61 3.11
751 131 363 53 453 1.09 -3.28 1.95 2.58 0.47 3.51
752 126 369 50 388 0.46 -2.64 1.67 1.68 0.79 2.64
753 121 353 46 334 0.13 -2.04 1.45 0.43 0.66 0.73
754 116 350 44 276 -0.4 -0.78 0.9 -0.25 0.07 -0.25
755 120 324 46 233 -0.41 -0.14 0.4 -1.49 -0.57 -1.5
756 143 338 78 195 -0.24 -0.1 0.18 -0.88 -0.53 -0.5
757 192 324 131 160 -0.2 0.43 -0.26 -1.96 -1.18 0.01
758 202 308 114 137 -0.14 0.74 -0.56 -0.33 -0.5 0.33
759 239 294 97 117 -0.15 0.97 -0.71 0.08 -0.42 0.18
760 265 293 105 100 -0.18 1.35 -1.0 0.23 -0.49 -0.02
761 255 291 92 90 -0.12 1.38 -1.15 0.6 -0.49 -0.33
762 237 289 81 80 -0.06 1.29 -1.21 1.04 -0.63 -0.72
763 220 327 81 75 -0.1 1.21 -1.29 1.16 -0.47 -0.74
764 202 325 72 70 -0.22 1.15 -1.37 0.86 -0.78 -0.39
765 203 309 64 63 -0.32 1.13 -1.37 1.03 -0.81 -0.28
766 196 330 57 59 -0.58 1.34 -1.4 0.99 -0.81 -0.42
767 187 347 55 56 -0.85 1.68 -1.43 0.83 -0.58 -0.68
768 172 357 50 55 -0.91 1.72 -1.41 -0.28 -0.95 -0.27
769 159 374 51 54 -0.9 1.52 -1.28 0.03 -0.79 -0.13
770 155 368 45 52 -1.0 1.64 -1.18 0.53 -0.5 0.03
771 145 349 43 50 -1.07 1.78 -1.13 0.36 -0.48 0.46
772 142 340 49 48 -1.16 2.0 -1.02 -0.8 -0.79 1.13
773 135 333 45 47 -0.79 1.61 -0.7 -0.89 -0.64 1.0
774 128 324 43 46 -0.5 1.23 -0.5 0.15 -0.01 0.84
775 125 316 41 45 -0.07 0.56 -0.18 0.01 -0.23 1.0
776 121 307 48 45 0.18 0.13 0.11 -0.62 -0.54 1.53
777 119 311 47 53 0.33 -0.07 0.29 -1.15 -1.17 2.23
778 121 315 44 58 0.63 -0.61 0.69 -1.68 -1.6 2.4
779 117 302 42 60 1.19 -1.65 1.25 -2.99 -2.71 1.63
780 113 300 40 62 1.66 -2.46 1.57 0.61 -0.92 -0.6
781 115 295 39 81 2.26 -3.5 2.23 2.38 -0.11 -2.48
782 116 301 38 81 2.15 -3.26 2.47 5.71 2.24 -4.06
783 117 315 44 83 1.62 -2.77 2.45 0.69 0.52 0.8
784 118 354 42 89 0.57 -1.81 1.8 -1.0 -0.92 1.84
785 122 381 41 90 0.69 -2.16 1.2 -0.15 -0.65 2.15
786 122 400 39 95 0.6 -2.0 1.08 1.13 0.47 0.05
787 116 413 38 81 0.1 -1.14 0.84 0.87 0.27 -0.53
788 117 424 37 76 -0.11 -0.61 0.66 0.47 0.28 -0.32
789 117 432 36 68 -0.1 -0.45 0.54 -0.18 -0.37 -0.11
790 113 435 35 61 -0.14 0.01 0.22 -0.49 -0.6 -0.07
791 128 432 35 58 -0.16 0.24 -0.1 -0.83 -0.96 0.17
792 130 433 35 54 -0.17 0.31 -0.23 -0.09 -0.5 0.19
793 155 412 36 51 -0.31 0.61 -0.4 -0.06 -0.47 -0.05
794 170 403 38 49 -0.3 0.67 -0.49 0.1 -0.58 -0.23
795 173 405 39 49 -0.26 0.63 -0.51 0.27 -0.51 -0.17
796 173 413 40 48 -0.29 0.69 -0.68 1.1 0.0 0.09
797 178 387 39 48 -0.47 0.98 -0.9 0.69 -0.64 -0.21
798 187 384 39 46 -0.51 1.06 -0.97 0.6 -0.51 -0.19
799 191 379 37 49 -0.64 1.23 -1.08 0.89 -0.38 -0.2
800 196 343 44 50 -0.93 1.58 -1.12 1.07 -0.17 -0.64
801 213 331 68 50 -1.07 1.79 -1.13 0.6 -0.6 -0.31
802 199 332 63 50 -1.21 2.11 -1.08 -0.23 -0.99 0.52
803 186 363 57 51 -1.13 1.94 -1.0 0.44 -0.47 0.9
804 179 372 57 53 -1.07 1.88 -0.95 0.57 -0.47 0.51
805 166 347 52 56 -0.94 1.71 -0.87 0.21 -0.75 -0.53
806 165 333 53 55 -0.84 1.54 -0.74 0.42 -0.48 -0.3
807 158 331 49 53 -0.83 1.53 -0.68 0.38 -0.49 0.16
808 146 327 60 51 -0.91 1.59 -0.56 -0.15 -0.65 0.71
809 150 321 60 49 -0.76 1.36 -0.37 -0.32 -0.77 1.13
810 138 311 54 48 -0.56 1.06 -0.26 -0.27 -0.75 1.18
811 129 300 50 57 -0.12 0.36 -0.05 -0.47 -0.76 1.29
812 127 297 46 63 0.25 -0.33 0.17 -1.5 -1.39 2.12
813 123 290 43 98 0.44 -0.65 0.32 -1.72 -1.5 2.4
814 118 277 41 224 1.09 -1.76 0.76 -2.9 -2.62 0.39
815 114 264 39 209 1.92 -3.06 1.28 -2.01 -2.89 -2.42
816 112 257 38 191 2.16 -3.32 1.58 1.0 -1.3 -4.6
817 112 264 49 163 1.99 -3.28 2.18 4.13 0.61 -3.0
818 111 260 45 159 1.27 -2.86 2.28 3.05 1.37 0.53
819 109 254 42 231 1.17 -2.89 2.08 2.27 1.12 1.8
820 106 265 41 212 0.79 -2.7 1.38 0.46 -0.02 2.53
821 104 271 40 180 0.19 -1.72 0.91 1.25 0.67 -0.13
822 103 280 38 148 -0.06 -1.17 0.69 1.12 1.06 -0.14
823 105 273 37 125 -0.32 -0.25 0.22 0.42 0.6 -0.66
824 111 268 37 108 -0.39 0.38 -0.07 -0.16 -0.06 -0.32
825 121 264 38 93 -0.37 0.53 -0.14 0.02 -0.15 -0.42
826 154 240 41 81 -0.32 0.83 -0.29 0.2 -0.4 -0.63
827 160 247 53 75 -0.27 1.02 -0.45 0.45 -0.47 0.46
828 160 270 51 69 -0.23 1.05 -0.52 0.42 -0.49 0.7
829 154 289 47 64 -0.15 1.05 -0.63 0.49 -0.49 0.53
830 176 273 45 59 -0.16 1.08 -0.77 0.94 -0.47 -0.19
831 187 267 45 55 -0.21 1.13 -0.88 0.75 -0.77 -0.45
832 201 262 42 52 -0.33 1.17 -1.04 -0.32 -1.41 -0.03
833 199 244 41 51 -0.28 1.04 -1.02 -0.07 -1.13 0.4
834 187 249 43 48 -0.26 0.94 -0.99 0.11 -0.99 0.51
835 234 235 45 48 -0.36 0.91 -0.96 -0.06 -0.94 0.59
836 226 239 43 48 -0.48 1.04 -0.9 0.13 -0.56 0.6
837 207 238 42 51 -0.53 1.12 -0.86 1.16 0.25 0.78
838 184 259 43 52 -0.67 1.26 -0.86 0.31 -0.45 0.5
839 175 232 41 51 -0.45 1.01 -0.79 -1.11 -1.12 0.04
840 170 237 41 50 -0.2 0.65 -0.69 -0.76 -0.77 -0.04
841 168 233 46 52 0.08 0.17 -0.51 0.4 -0.06 -0.21
842 166 241 43 50 -0.14 0.32 -0.4 0.66 -0.17 0.11
843 154 270 41 53 -0.26 0.46 -0.35 0.77 -0.1 0.49
844 139 252 39 52 -0.38 0.59 -0.24 -0.63 -0.93 1.01
845 131 231 38 53 0.15 -0.17 -0.04 -0.68 -0.97 1.01
846 122 218 37 51 0.49 -0.67 0.08 0.1 -0.2 0.86
847 116 205 36 50 0.57 -0.9 0.31 -0.41 -0.46 0.93
848 112 203 36 56 0.45 -0.69 0.68 -1.39 -1.75 0.73
849 110 212 35 113 0.56 -0.84 0.92 -1.45 -2.05 0.61
850 118 248 36 116 1.1 -1.56 1.39 -0.7 -1.88 -0.42
851 116 254 36 123 1.49 -2.39 1.69 -0.32 -2.36 -0.94
852 109 240 36 110 1.39 -2.43 1.89 1.65 -2.51 -1.01
853 107 229 36 103 1.22 -2.24 2.44 5.47 3.99 -1.31
854 104 239 35 94 0.57 -1.99 1.78 1.04 1.11 1.9
855 104 249 35 84 0.33 -1.62 1.34 -0.39 -0.63 2.48
856 107 262 34 81 0.13 -1.15 0.76 0.25 -0.06 1.21
857 105 267 34 73 -0.21 -0.44 0.29 0.31 0.17 0.07
858 105 263 34 65 -0.4 0.01 0.1 -0.06 0.06 -0.84
859 124 256 40 60 -0.39 0.43 -0.21 -0.16 -0.2 -0.86
860 134 251 41 56 -0.32 0.51 -0.29 -0.05 -0.55 -0.38
861 163 257 45 58 -0.22 0.58 -0.35 0.03 -0.58 -0.39
862 162 293 42 55 -0.13 0.62 -0.51 0.45 -0.65 -0.54
863 157 304 42 55 -0.23 0.85 -0.74 1.09 -0.5 -0.47
864 155 291 39 54 -0.34 1.02 -0.89 0.54 -0.97 -0.23
865 162 292 38 53 -0.55 1.29 -1.11 0.8 -0.96 -0.23
866 162 289 37 50 -0.83 1.58 -1.23 0.76 -0.82 0.04
867 156 271 33 55 -0.96 1.74 -1.25 0.73 -0.74 0.38
868 163 249 46 70 -1.08 1.94 -1.22 0.79 -0.51 -0.13
869 148 225 60 65 -1.21 2.14 -1.11 0.73 -0.42 -0.16
870 133 196 65 59 -1.4 2.35 -1.09 0.58 -0.47 0.22
871 132 175 58 60 -1.77 3.07 -1.01 0.66 -0.1 0.78
872 126 162 53 56 -2.22 3.88 -0.81 0.9 0.04 0.51
873 127 148 49 54 -2.33 4.15 -0.68 0.38 -0.19 0.01
874 118 137 47 49 -2.1 3.89 -0.46 -1.12 -1.1 -0.33
875 117 128 44 48 -1.77 3.34 -0.38 -1.44 -1.37 0.28
876 120 127 42 48 -0.95 1.99 -0.24 -0.52 -0.96 0.82
877 120 127 41 48 -0.41 1.02 -0.08 0.12 -0.58 0.7
878 120 122 39 50 -0.3 0.75 -0.02 0.69 -0.29 0.26
879 114 120 39 49 -0.25 0.51 0.03 0.77 -0.3 0.19
880 110 117 52 47 -0.31 0.49 0.02 0.62 -0.39 0.19
881 107 114 48 48 -0.26 0.33 0.04 -0.13 -0.8 0.48
882 103 111 70 51 -0.15 0.13 0.08 -0.31 -0.84 0.8
883 104 127 66 57 0.05 -0.32 0.2 -1.72 -1.67 1.5
884 108 157 109 70 0.34 -0.85 0.51 -2.45 -2.13 0.67
885 120 164 161 82 0.76 -1.56 0.79 -3.76 -3.03 0.96
886 125 196 210 101 2.2 -3.97 1.55 -3.09 -3.41 -1.01
887 121 195 270 93 2.95 -5.24 2.01 2.77 -0.32 -5.68
888 121 207 344 96 4.21 -6.78 2.69 6.52 1.92 -4.72
889 125 216 441 119 3.21 -5.89 2.85 7.0 3.98 -1.4
890 125 217 441 125 2.32 -4.88 2.22 1.58 -0.4 2.31
891 119 214 345 168 1.43 -3.11 1.47 2.35 0.13 1.75
892 120 226 291 156 0.39 -0.91 0.84 1.26 0.44 -0.22
893 114 244 274 138 0.0 -0.02 0.41 -0.47 -0.19 -0.49
894 113 236 272 118 0.0 -0.02 0.41 -0.17 -0.19 -0.51
895 111 224 231 106 0.04 0.03 0.19 -0.99 -1.02 0.04
896 107 220 211 94 -0.08 0.24 -0.0 0.03 -0.74 0.32
897 103 207 186 82 -0.23 0.5 -0.12 -0.05 -0.87 0.19
898 105 201 167 74 -0.43 0.83 -0.33 -0.31 -1.03 0.1
899 128 187 140 67 -0.49 0.91 -0.41 -0.41 -0.92 0.0
900 160 206 118 61 -0.54 0.9 -0.52 -0.43 -0.86 0.0
901 191 255 107 57 -0.59 0.83 -0.61 -0.18 -0.84 0.26
902 193 286 94 54 -0.63 0.84 -0.66 0.08 -0.68 0.14
903 180 274 80 52 -0.8 1.03 -0.8 0.12 -0.64 -0.06
904 168 263 86 50 -1.02 1.49 -0.95 0.93 -0.45 -0.37
905 163 290 78 48 -1.07 1.68 -1.03 0.33 -0.62 -0.13
906 171 280 78 46 -1.05 1.74 -1.15 0.43 -0.52 -0.19
907 160 261 86 46 -0.94 1.6 -1.13 0.58 -0.48 -0.42
908 149 270 81 45 -0.92 1.57 -1.13 0.31 -0.69 -0.42
909 137 244 80 44 -1.11 1.82 -1.09 -0.07 -1.16 -0.31
910 138 226 104 44 -1.06 1.76 -0.9 -0.15 -1.03 -0.22
911 143 210 102 44 -0.99 1.64 -0.81 -0.04 -0.57 0.8
912 145 186 112 43 -0.82 1.37 -0.57 -0.05 -0.56 0.92
913 138 174 105 43 -0.65 1.11 -0.35 0.07 -0.28 0.64
914 130 184 92 43 -0.56 0.98 -0.26 0.16 -0.38 0.29
915 125 192 95 43 -0.31 0.64 -0.09 -0.17 -0.57 0.27
916 124 183 97 44 0.55 -0.63 0.23 -3.02 -2.22 2.16
917 120 178 92 52 1.32 -1.86 0.51 -3.38 -2.49 3.54
918 118 180 114 62 2.58 -4.19 1.15 -3.0 -2.29 3.28
919 120 187 183 67 2.72 -4.45 1.89 -0.39 -1.37 0.58
920 116 197 306 61 2.59 -4.16 2.26 3.63 -0.46 -4.4
921 120 206 266 60 2.19 -3.36 2.63 4.57 0.14 -5.25
922 115 205 231 57 1.39 -2.46 2.48 3.68 2.68 -1.79
923 117 226 281 60 1.02 -2.17 2.07 0.41 0.47 0.15
924 118 234 294 92 0.95 -2.19 1.5 -0.27 -1.18 2.15
925 117 231 242 99 0.48 -1.37 1.04 0.88 0.02 0.65
926 118 241 221 91 0.16 -0.78 0.82 -0.02 -0.19 -0.93
927 114 241 211 80 -0.13 -0.17 0.45 -0.9 -0.81 -0.58
928 118 245 200 72 -0.06 -0.07 0.24 -0.37 -0.57 -0.21
929 117 243 174 65 -0.1 0.04 0.13 -0.33 -0.88 0.06
930 112 232 151 67 -0.23 0.37 -0.06 -0.38 -0.86 -0.05
931 108 218 133 64 -0.33 0.66 -0.25 -0.63 -0.99 -0.18
932 107 203 114 59 -0.36 0.72 -0.35 -0.55 -0.94 -0.21
933 107 180 99 55 -0.44 0.83 -0.46 -0.39 -0.79 -0.2
934 108 175 88 53 -0.54 0.88 -0.51 0.25 -0.61 0.14
935 115 208 78 51 -0.63 0.97 -0.54 0.33 -0.6 -0.14
936 126 222 68 48 -0.89 1.33 -0.67 0.25 -0.81 -0.57
937 134 238 60 47 -1.07 1.75 -0.85 -0.45 -1.39 -0.66
938 126 252 56 46 -1.02 1.74 -0.94 -0.6 -1.69 -0.45
939 135 320 52 44 -0.83 1.45 -1.0 0.31 -0.54 0.31
940 138 293 54 44 -0.82 1.24 -1.01 0.37 -0.26 0.43
941 127 279 67 43 -0.87 1.25 -0.98 0.92 0.02 -0.02
942 124 255 82 42 -0.88 1.3 -0.99 0.67 -0.19 -0.16
943 119 239 87 45 -0.94 1.49 -0.97 0.22 -0.67 0.05
944 114 219 85 45 -0.93 1.52 -0.92 -0.29 -0.9 0.59
945 108 199 94 45 -0.76 1.32 -0.72 -0.38 -0.95 0.92
946 105 188 92 45 -0.46 0.91 -0.44 0.01 -0.32 1.02
947 102 181 88 44 -0.31 0.69 -0.29 -0.03 -0.28 0.96
948 98 177 81 43 -0.04 0.33 -0.01 0.3 -0.16 0.45
949 97 175 74 43 0.09 0.12 0.21 0.26 -0.25 0.19
950 96 169 69 43 0.14 0.04 0.3 0.06 -0.39 0.33
951 96 172 66 45 0.29 -0.33 0.45 -1.24 -1.22 1.36
952 97 181 63 46 0.72 -1.09 0.78 -1.11 -1.21 1.67
953 97 181 65 49 0.98 -1.66 1.01 -1.16 -1.29 1.67
954 99 198 61 51 1.69 -2.79 1.55 -0.87 -1.34 0.9
955 102 197 57 52 2.21 -3.71 2.06 -0.42 -1.94 -0.68
956 103 217 51 59 2.4 -3.88 2.38 0.89 -1.5 -1.61
957 106 207 47 57 2.28 -3.85 2.71 5.34 2.36 -2.15
958 107 198 47 57 1.61 -3.11 2.17 0.7 0.16 0.43
959 106 207 44 59 1.41 -2.84 1.89 0.04 -0.48 1.25
960 106 219 42 58 0.88 -1.96 1.49 0.97 0.01 1.03
961 106 221 40 57 0.3 -0.92 0.99 -0.02 -0.52 0.68
962 108 215 38 54 0.08 -0.49 0.75 -0.13 -0.26 -0.15
963 109 225 37 53 -0.21 0.05 0.27 -0.94 -0.73 -0.21
964 107 225 36 51 -0.34 0.27 0.01 -1.47 -1.35 0.29
965 106 220 36 49 -0.32 0.27 -0.07 -1.2 -1.04 0.28
966 110 202 35 47 -0.41 0.46 -0.3 -0.65 -0.69 0.11
967 121 197 35 46 -0.57 0.79 -0.55 -0.46 -0.7 -0.46
968 130 212 38 48 -0.64 0.93 -0.67 -0.32 -0.67 -0.72
969 131 221 37 46 -0.76 1.27 -0.84 -0.38 -1.0 -0.54
970 136 236 36 46 -0.85 1.32 -0.94 -0.31 -1.29 0.22
971 134 242 37 52 -0.87 1.31 -0.99 -0.1 -0.93 0.55
972 133 263 54 50 -0.92 1.22 -1.1 0.21 -0.75 0.32
973 127 267 52 47 -1.11 1.38 -1.21 0.58 -0.61 -0.19
974 121 255 56 48 -1.2 1.53 -1.24 0.54 -0.6 -0.28
975 132 282 66 47 -1.25 1.71 -1.29 -0.06 -0.98 -0.05
976 133 301 76 48 -1.2 1.66 -1.19 -0.55 -1.17 0.34
977 134 277 87 47 -1.1 1.55 -1.11 -0.28 -0.88 0.29
978 125 259 103 46 -0.96 1.39 -0.97 0.32 -0.49 -0.12
979 125 255 102 47 -0.91 1.36 -0.87 -0.04 -0.77 0.14
980 125 246 101 45 -0.86 1.35 -0.81 0.03 -0.56 0.5
981 131 225 98 45 -0.75 1.26 -0.65 0.52 -0.12 0.44
982 124 209 102 44 -0.75 1.27 -0.53 0.62 -0.11 0.22
983 119 194 125 43 -0.76 1.27 -0.47 0.53 -0.23 0.18
984 113 180 112 43 -0.63 1.09 -0.33 0.03 -0.62 0.29
985 109 169 108 43 -0.27 0.58 -0.13 0.14 -0.51 0.7
986 105 165 104 42 -0.09 0.31 -0.02 0.23 -0.49 0.96
987 103 165 101 42 0.27 -0.21 0.2 -0.76 -0.67 1.62
988 101 160 124 46 0.78 -0.81 0.54 -0.23 -0.54 1.82
989 102 166 125 51 0.96 -1.06 0.7 -0.4 -0.74 1.88
990 101 156 133 47 1.3 -1.76 1.08 -2.12 -2.38 1.61
991 101 164 119 49 1.83 -2.58 1.56 -0.84 -1.53 0.14
992 111 190 113 48 2.09 -2.95 1.72 0.05 -1.15 -1.82
993 113 193 106 49 2.12 -2.98 1.8 1.57 -0.7 -2.83
994 111 176 92 48 1.38 -1.93 1.63 3.72 1.14 -1.62
995 108 170 79 46 0.84 -1.33 1.46 3.03 1.81 -1.22
996 105 173 68 48 0.57 -1.09 0.74 -1.47 -1.77 1.28
997 108 175 65 47 0.47 -1.11 0.46 0.42 -0.45 1.21
998 112 159 65 46 0.26 -0.88 0.33 0.28 -0.34 1.02
999 112 149 57 45 -0.0 -0.47 0.14 0.34 0.15 0.06
1000 110 137 54 44 -0.15 -0.19 -0.03 -0.03 -0.22 -0.07
1001 109 130 50 43 -0.24 -0.06 -0.08 -0.65 -0.75 0.01
1002 111 139 49 42 -0.29 0.06 -0.15 -0.46 -0.65 0.0
1003 109 167 47 42 -0.38 0.26 -0.27 0.09 -0.47 -0.37
1004 109 179 45 42 -0.45 0.39 -0.37 0.27 -0.34 -0.52
1005 126 210 47 42 -0.58 0.78 -0.53 0.3 -0.61 -0.55
1006 127 215 47 42 -0.75 1.06 -0.65 0.23 -0.92 -0.19
1007 131 228 51 42 -0.79 1.11 -0.72 0.0 -0.99 0.16
1008 132 254 52 42 -0.93 1.26 -0.86 0.4 -0.65 0.2
1009 129 251 63 42 -1.12 1.51 -0.96 0.87 -0.47 -0.43
1010 137 260 66 42 -1.19 1.59 -0.99 0.58 -0.55 -0.16
1011 145 237 66 41 -1.27 1.74 -1.01 -0.11 -0.97 0.16
1012 139 260 70 43 -1.25 1.75 -0.93 -0.07 -0.93 0.37
1013 138 238 73 42 -1.19 1.73 -0.87 -0.25 -0.82 0.28
1014 129 225 78 42 -1.03 1.59 -0.71 0.16 -0.55 0.1
1015 127 221 75 41 -0.88 1.46 -0.56 0.08 -0.57 0.08
1016 123 225 73 41 -0.8 1.4 -0.48 0.09 -0.66 0.02
1017 118 211 67 40 -0.61 1.17 -0.32 0.15 -0.62 0.15
1018 123 197 88 41 -0.4 0.89 -0.18 0.57 -0.42 0.13
1019 119 189 83 40 -0.34 0.79 -0.14 0.59 -0.42 0.23
1020 113 186 80 40 -0.27 0.66 -0.06 0.49 -0.28 0.71
1021 112 178 73 40 -0.17 0.58 0.05 0.23 -0.51 0.34
1022 110 179 94 41 -0.09 0.49 0.12 -0.11 -0.64 0.39
1023 112 192 126 43 0.17 0.08 0.32 -1.66 -1.43 1.39
1024 110 185 179 43 0.6 -0.77 0.71 -3.05 -2.47 2.95
1025 122 210 379 44 0.93 -1.43 0.96 -3.62 -3.23 2.86
1026 123 202 322 45 2.1 -3.2 1.7 -1.94 -2.86 -0.92
1027 121 212 262 44 3.11 -4.51 2.2 0.75 -1.35 -4.03
1028 118 203 211 44 3.3 -4.51 2.27 3.98 0.07 -5.13
1029 114 189 172 44 1.93 -2.91 1.96 4.39 2.37 -1.72
1030 109 177 143 43 0.75 -1.5 0.97 -1.84 -1.48 1.49
1031 107 176 119 43 0.7 -1.51 0.64 -0.77 -1.64 2.08
1032 104 167 99 43 0.42 -1.21 0.24 0.49 0.05 1.42
1033 103 155 86 43 -0.07 -0.54 -0.18 -1.15 -0.66 -0.31
1034 103 171 74 43 -0.14 -0.44 -0.28 -0.95 -0.49 -0.5
1035 106 160 65 43 -0.15 -0.45 -0.32 0.0 -0.23 -0.13
1036 102 150 59 42 -0.16 -0.31 -0.34 -0.38 -0.6 -0.17
1037 110 244 53 42 -0.12 -0.32 -0.35 -0.34 -0.69 -0.32
1038 121 266 49 42 -0.1 -0.24 -0.38 0.43 -0.5 -0.36
1039 119 251 45 43 -0.39 0.16 -0.48 0.64 -0.63 -0.43
1040 121 236 43 42 -0.6 0.44 -0.58 0.93 -0.22 -0.01
1041 118 242 42 44 -1.06 1.13 -0.81 0.49 -0.45 0.69
1042 114 254 41 44 -1.45 1.66 -0.91 0.49 -0.68 0.24
1043 117 258 44 44 -1.52 1.73 -0.93 0.14 -0.76 -0.09
1044 112 241 42 43 -1.38 1.59 -0.9 0.16 -0.63 -0.67
1045 110 234 41 43 -1.31 1.64 -0.93 0.99 -0.44 -0.51
1046 110 237 41 42 -1.34 1.72 -0.96 0.58 -0.71 -0.13
1047 109 209 41 42 -1.21 1.7 -0.9 -0.53 -1.03 0.68
1048 114 215 77 49 -0.85 1.34 -0.67 -0.09 -0.58 0.52
1049 111 215 71 53 -0.72 1.2 -0.54 0.29 -0.38 0.4
1050 108 200 83 51 -0.64 1.21 -0.38 1.14 -0.04 -0.53
1051 112 194 110 65 -0.84 1.56 -0.32 1.08 -0.19 -0.61
1052 111 189 106 95 -0.99 1.83 -0.32 0.83 -0.25 -0.1
1053 115 183 228 109 -1.22 2.28 -0.22 -0.11 -0.67 0.83
1054 112 182 282 180 -1.06 2.29 0.14 -1.51 -1.31 1.83
1055 115 202 545 192 -0.83 2.07 0.41 -1.46 -1.22 1.58
1056 121 225 966 192 -0.28 1.22 1.06 -0.97 -1.29 1.33
1057 147 226 966 180 0.56 -0.58 1.66 -3.08 -3.29 1.7
1058 163 219 967 154 1.4 -2.02 2.03 -3.4 -3.62 0.94
1059 151 240 968 137 3.61 -4.83 2.36 3.09 0.73 -3.2
1060 148 230 968 118 2.89 -4.26 1.62 5.89 1.15 -0.22
1061 145 222 967 103 1.78 -2.31 1.32 2.87 0.07 -1.61
1062 143 220 968 95 0.88 -0.38 0.59 -1.9 -2.03 -1.65
1063 136 201 967 86 0.94 -0.3 0.21 0.15 -0.48 0.53
1064 133 196 892 79 0.71 -0.02 0.1 -0.32 -0.92 0.82
1065 131 178 812 73 0.45 0.25 0.02 -0.47 -0.67 0.64
1066 123 170 732 66 0.39 0.19 -0.03 -0.26 -0.6 0.86
1067 121 171 659 64 0.06 0.23 -0.1 -0.65 -0.84 0.88
1068 118 159 577 59 -0.21 0.22 -0.2 -0.73 -1.03 1.37
1069 118 157 519 55 -0.3 0.15 -0.23 -0.61 -0.91 1.62
1070 117 148 462 53 -0.34 -0.03 -0.21 -0.28 -0.3 1.14
1071 113 150 398 52 -0.42 -0.09 -0.23 -0.23 -0.08 0.38
1072 108 156 324 50 -0.46 -0.07 -0.27 -0.66 -0.37 -0.96
1073 105 152 261 48 -0.44 -0.07 -0.38 -0.64 -0.45 -1.14
1074 104 155 213 46 -0.39 -0.11 -0.5 -0.17 -0.56 -0.81
1075 103 163 173 45 -0.42 -0.11 -0.55 0.22 -1.21 0.36
1076 104 178 143 45 -0.37 -0.09 -0.54 0.31 -1.25 0.52
1077 102 184 121 44 -0.3 -0.32 -0.42 0.42 -0.78 0.01
1078 102 191 105 43 -0.27 -0.43 -0.35 0.34 -0.63 -0.06
1079 102 191 108 43 -0.35 -0.5 -0.29 0.52 -0.62 0.04
1080 103 200 113 43 -0.49 -0.26 -0.28 0.76 -0.35 0.6
1081 102 203 121 42 -0.55 -0.18 -0.3 0.1 -0.5 1.22
1082 99 199 133 41 -0.56 -0.12 -0.34 -0.07 -0.37 1.02
1083 97 195 145 41 -0.43 -0.23 -0.31 -0.16 -0.44 0.32
1084 98 199 168 41 -0.34 -0.29 -0.27 0.41 -0.15 -0.63
1085 112 196 207 41 -0.21 -0.16 -0.23 0.43 -0.2 -0.64
1086 121 201 295 41 -0.19 0.08 -0.2 0.27 -0.55 -0.45
1087 141 200 469 45 -0.16 0.15 -0.16 0.41 -0.39 0.06
1088 168 210 889 52 -0.02 0.19 -0.06 0.36 -0.3 0.69
1089 184 212 967 58 0.14 0.15 0.08 -0.12 -0.51 2.6
1090 220 227 968 63 0.31 0.14 0.2 -0.41 -1.21 1.13
1091 249 227 967 71 1.01 -0.69 0.4 -1.45 -2.11 0.34
1092 263 242 968 67 2.02 -1.78 0.68 -1.69 -2.03 -0.41
1093 253 238 968 61 2.21 -1.93 0.83 5.14 0.07 -2.35
1094 236 237 967 58 1.74 -1.01 1.15 5.28 0.4 -2.03
1095 211 235 967 59 1.03 0.45 1.02 1.21 -0.19 -2.66
1096 208 225 967 57 1.07 0.75 0.83 -1.21 -1.81 -2.18
1097 197 206 966 54 1.03 0.53 0.27 -0.65 -2.01 -1.01
1098 184 202 968 54 0.7 0.59 0.06 0.18 -0.76 1.55
1099 172 199 966 52 0.53 0.56 -0.08 0.56 -0.59 2.5
1100 162 203 825 52 0.06 0.58 -0.21 -0.34 -0.75 1.59
1101 152 190 699 50 -0.03 0.63 -0.24 -1.23 -0.95 0.56
1102 144 178 588 48 -0.03 0.46 -0.23 -0.81 -0.54 0.42
1103 142 163 489 47 -0.05 0.14 -0.18 -0.78 -0.4 0.37
1104 137 152 400 45 -0.16 -0.11 -0.13 -0.83 -0.4 0.46
1105 136 140 325 43 -0.22 -0.22 -0.12 -0.41 -0.28 0.57
1106 132 131 264 43 -0.33 -0.29 -0.12 -0.27 -0.2 0.39
1107 129 129 216 45 -0.45 -0.25 -0.22 -0.35 -0.32 -0.23
1108 126 131 174 42 -0.52 -0.23 -0.31 -0.13 -0.64 -0.4
1109 123 133 149 42 -0.64 -0.12 -0.49 0.06 -0.75 -0.31
1110 120 147 141 43 -0.71 0.17 -0.55 0.59 -1.23 0.31
1111 119 156 153 42 -0.71 0.22 -0.55 0.11 -0.73 0.98
1112 116 161 170 42 -0.75 0.26 -0.56 -0.21 -0.69 1.31
1113 111 179 195 42 -0.82 0.21 -0.53 0.3 -0.49 1.19
1114 108 192 223 41 -0.84 0.23 -0.48 -0.1 -0.52 1.0
1115 105 186 246 41 -0.73 0.04 -0.39 -0.2 -0.48 1.21
1116 103 188 260 42 -0.45 -0.29 -0.25 -0.27 -0.23 1.18
1117 100 192 270 42 -0.35 -0.43 -0.19 0.15 -0.29 0.59
1118 100 188 269 41 -0.21 -0.49 -0.11 0.39 -0.18 0.26
1119 100 191 276 41 -0.23 -0.3 -0.09 1.05 -0.06 -0.72
1120 101 193 281 40 -0.29 -0.12 -0.1 0.82 -0.33 -0.68
1121 114 190 292 40 -0.31 0.17 -0.12 0.55 -0.54 -0.37
1122 120 191 307 41 -0.18 0.15 -0.09 0.55 -0.68 -0.25
1123 132 204 315 41 -0.09 0.1 -0.05 1.2 -0.16 0.12
1124 154 199 265 41 0.01 0.1 -0.03 1.31 0.12 0.36
1125 179 197 345 41 0.0 0.27 -0.08 1.15 0.18 0.63
1126 203 196 726 42 0.02 0.39 -0.08 -0.78 -1.42 1.27
1127 252 190 833 42 0.24 0.38 0.04 -0.48 -1.3 1.13
1128 236 209 968 43 0.63 0.11 0.32 0.45 -0.64 -0.63
1129 240 239 967 56 0.83 -0.13 0.41 0.4 -0.95 -0.85
1130 247 230 967 69 1.27 -0.5 0.51 0.82 -1.38 0.2
1131 235 227 968 70 1.1 -0.12 0.68 -0.02 -3.12 -0.78
1132 249 230 967 64 1.13 -0.11 0.89 1.19 -0.94 -2.02
1133 249 227 967 69 1.71 -0.31 1.22 1.94 -0.05 -2.53
1134 232 269 968 67 1.93 -0.19 1.11 1.56 0.92 -2.15
1135 216 252 968 64 1.8 -0.04 0.9 -0.73 -1.41 -0.09
1136 201 253 967 59 1.46 0.01 0.51 -1.06 -1.77 0.76
1137 184 252 967 59 1.21 -0.25 0.22 -0.12 -0.67 2.08
1138 170 249 966 58 1.05 -0.34 0.13 0.61 -0.02 2.34
1139 159 261 967 54 0.43 -0.12 0.03 0.39 0.04 2.26
1140 151 254 866 52 -0.16 0.16 -0.05 -1.28 -0.61 1.8
1141 144 260 755 53 -0.34 0.15 -0.06 -1.59 -0.76 1.35
1142 139 249 657 55 -0.53 -0.14 -0.06 -1.28 -0.72 1.3
1143 132 234 555 51 -0.58 -0.35 -0.07 -0.74 -0.26 0.76
1144 120 216 449 50 -0.61 -0.39 -0.12 -0.58 -0.22 -0.17
1145 122 197 364 52 -0.7 -0.39 -0.18 -0.61 -0.44 -0.18
1146 121 180 295 50 -0.7 -0.38 -0.16 -0.15 -0.45 -0.47
1147 117 162 235 49 -0.7 -0.42 -0.18 0.48 -0.44 -0.25
1148 115 146 194 49 -0.66 -0.36 -0.14 0.34 -0.72 -0.19
1149 112 139 165 48 -0.59 -0.42 -0.11 0.37 -1.41 0.44
1150 109 146 162 49 -0.51 -0.44 -0.11 0.58 -0.98 1.16
1151 105 156 174 47 -0.33 -0.57 -0.07 1.13 -0.07 1.71
1152 104 151 196 46 -0.52 -0.43 -0.1 1.06 0.13 1.46
1153 101 157 220 46 -0.66 -0.23 -0.08 0.27 -0.35 0.35
1154 103 151 242 44 -0.72 -0.07 -0.09 0.05 -0.4 0.22
1155 100 153 261 48 -0.57 -0.08 -0.15 0.01 -0.41 0.02
1156 104 168 280 46 -0.46 -0.1 -0.17 0.28 -0.27 -0.4
1157 114 161 299 45 -0.31 -0.09 -0.18 0.39 -0.33 -0.54
1158 153 161 294 44 -0.28 0.09 -0.15 0.53 -0.4 -0.45
1159 193 172 479 44 -0.22 0.15 -0.13 0.48 -0.28 0.57
1160 187 185 497 46 -0.13 0.2 -0.11 0.71 0.04 1.5
1161 203 188 543 54 -0.05 0.22 -0.11 0.68 -0.5 0.59
1162 262 197 792 57 0.08 0.2 -0.1 -0.71 -1.22 0.58
1163 265 210 967 64 0.4 -0.06 -0.06 -1.22 -1.61 0.6
1164 246 223 968 61 0.75 -0.35 0.14 -0.65 -1.22 0.73
1165 242 218 968 62 0.99 -0.47 0.37 1.28 -1.32 -0.39
1166 241 212 967 60 1.12 -0.43 0.79 1.44 -1.13 -1.11
1167 219 205 967 61 1.11 -0.28 1.14 1.59 0.1 -2.49
1168 203 211 968 59 1.13 -0.22 1.21 1.04 0.62 -2.03
1169 214 215 968 60 1.1 -0.19 0.88 0.65 0.14 -0.88
1170 198 233 941 59 0.67 0.22 0.52 -0.18 -0.95 1.15
1171 176 236 753 64 0.51 0.33 0.39 -0.16 -1.02 1.77
1172 160 233 611 66 0.36 0.17 0.12 0.01 -0.78 1.64
1173 148 240 493 87 0.02 0.23 -0.06 -0.41 -0.78 1.17
1174 137 233 387 96 -0.15 0.24 -0.15 -0.91 -1.18 0.56
1175 129 224 314 91 -0.4 0.16 -0.25 -0.63 -1.15 0.16
1176 124 214 256 83 -0.67 0.14 -0.3 -0.35 -0.99 -0.3
1177 122 212 210 75 -0.79 0.21 -0.33 -0.45 -0.93 0.0
1178 118 190 186 74 -0.92 0.23 -0.42 -0.67 -1.04 0.17
1179 114 174 186 82 -0.78 0.01 -0.38 -0.54 -1.56 0.94
1180 112 166 201 86 -0.68 -0.12 -0.29 0.42 -0.64 0.89
1181 110 160 223 83 -0.44 -0.38 -0.1 0.74 -0.11 0.62
1182 109 160 253 108 -0.39 -0.42 0.01 0.54 -0.22 0.45
1183 109 174 280 123 -0.45 -0.37 0.0 -0.41 -0.77 1.12
1184 112 176 298 110 -0.54 -0.33 0.07 0.0 -0.34 0.99
1185 105 164 317 98 -0.42 -0.47 0.24 0.64 0.28 0.64
1186 101 159 328 85 -0.35 -0.56 0.26 0.21 -0.06 0.32
1187 103 174 334 92 -0.17 -0.63 0.25 0.39 -0.1 0.2
1188 103 174 336 83 -0.05 -0.53 0.19 0.62 -0.33 -0.28
1189 103 180 333 91 -0.05 -0.42 0.14 0.04 -0.79 -0.22
1190 107 176 310 85 -0.02 -0.26 0.11 0.69 -0.35 -0.33
1191 120 165 664 75 0.1 -0.23 0.16 0.57 -0.47 -0.37
1192 126 189 796 71 0.14 -0.21 0.18 0.2 -0.51 0.54
1193 132 194 967 72 0.28 -0.3 0.26 0.15 -0.49 1.41
1194 139 187 967 69 0.44 -0.39 0.27 0.23 -0.67 2.03
1195 166 190 967 69 0.48 -0.36 0.28 0.53 -0.33 1.67
1196 181 202 968 64 0.61 -0.11 0.25 0.66 -0.25 0.21
1197 200 192 967 68 0.63 -0.04 0.21 0.18 -0.73 0.75
1198 224 199 968 73 0.66 0.03 0.19 0.88 -0.95 -0.04
1199 211 206 967 73 0.46 0.64 0.23 1.6 -0.4 -2.47
1200 196 208 967 76 0.36 0.89 0.09 -0.31 -1.35 -2.1
1201 224 198 968 76 0.35 1.04 -0.07 -0.8 -1.57 -1.93
1202 210 217 967 79 0.68 1.03 -0.33 -0.71 -1.81 -0.95
1203 197 239 968 85 0.6 0.87 -0.35 0.3 -1.32 1.27
1204 185 240 967 85 0.52 0.87 -0.37 0.39 -0.92 1.19
1205 172 245 968 84 0.32 0.83 -0.43 0.01 -0.95 1.02
1206 161 251 968 85 0.02 0.75 -0.5 -0.09 -0.87 1.49
1207 150 251 897 97 -0.14 0.73 -0.53 -0.43 -0.94 1.62
1208 142 244 723 98 -0.4 0.58 -0.61 -1.14 -0.96 1.64
1209 135 232 581 106 -0.64 0.39 -0.68 -0.99 -0.83 1.25
1210 128 210 453 98 -0.79 0.36 -0.71 -0.88 -0.87 1.02
1211 124 196 373 90 -1.04 0.43 -0.73 -0.66 -0.93 -0.01
1212 121 178 317 84 -1.12 0.42 -0.76 -1.01 -1.37 -0.64
1213 116 159 285 87 -1.11 0.35 -0.79 -0.96 -1.62 -0.74
1214 115 147 288 92 -0.92 0.2 -0.78 -0.47 -2.12 -0.43
1215 113 134 309 96 -0.83 0.12 -0.74 0.08 -1.83 -0.14
1216 109 131 352 101 -0.83 0.08 -0.7 0.14 -1.33 0.69
1217 107 125 394 89 -0.9 -0.03 -0.53 0.34 -1.19 1.34
1218 103 121 442 81 -0.79 -0.31 -0.38 -0.17 -0.95 1.17
1219 101 116 488 73 -0.67 -0.45 -0.33 -0.31 -0.66 1.07
1220 99 112 507 79 -0.5 -0.55 -0.32 0.42 0.32 0.83
1221 97 110 543 73 -0.45 -0.53 -0.33 0.78 0.62 0.28
1222 114 107 558 67 -0.43 -0.2 -0.37 0.85 0.54 -0.27
1223 149 111 775 65 -0.44 0.32 -0.4 0.79 0.51 -1.21
1224 231 129 968 61 -0.48 0.86 -0.44 0.93 0.81 0.03
1225 271 152 967 62 -0.52 1.16 -0.45 1.55 1.25 2.19
1226 320 185 968 65 -0.48 1.6 -0.44 1.34 0.38 1.64
1227 406 181 967 81 -0.35 1.47 -0.47 0.37 -0.15 2.26
1228 452 213 966 77 0.29 0.67 -0.4 0.23 0.22 3.13
1229 472 235 970 79 1.08 -0.38 -0.42 -1.21 -1.91 2.35
1230 466 220 968 76 1.0 0.03 -0.29 4.47 -1.08 -4.11
1231 408 197 968 76 0.86 0.49 -0.4 3.93 -0.35 -4.71
1232 395 191 968 75 1.27 1.91 -1.08 2.62 -1.17 -5.89
1233 365 181 967 77 1.35 2.31 -1.33 -0.3 -1.23 -4.61
1234 309 173 968 80 1.03 2.17 -1.29 -0.63 -1.04 -1.21
1235 269 159 967 80 0.36 1.86 -0.9 -0.39 -1.31 1.5
1236 233 146 852 93 -0.15 1.38 -0.54 -0.28 -2.49 3.2
1237 201 133 656 114 -0.27 1.17 -0.36 -0.14 -1.15 3.41
1238 186 128 532 142 -0.44 0.66 -0.19 -1.16 -1.26 3.04
1239 169 123 434 132 -0.78 0.29 0.14 -1.18 -0.87 0.87
1240 151 121 366 111 -0.97 0.19 0.36 -1.58 -1.1 0.36
1241 147 116 331 97 -1.15 -0.14 0.74 -1.2 -1.27 -0.43
1242 138 108 298 86 -0.85 -0.65 0.7 -0.61 -1.23 -0.54
1243 127 104 292 82 -0.66 -0.85 0.62 -0.32 -1.17 -0.4
1244 120 103 300 78 -0.24 -1.04 0.41 0.32 -1.57 -0.44
1245 113 107 317 79 0.1 -1.13 0.39 0.31 -1.51 -0.53
1246 107 117 353 69 0.26 -1.12 0.45 0.32 -1.51 -0.63
1247 104 125 378 63 0.44 -1.17 0.55 0.52 -1.21 -0.26
1248 101 135 402 59 0.49 -1.23 0.59 1.23 -0.51 0.96
1249 98 143 431 54 0.53 -1.34 0.57 1.26 -0.26 1.18
1250 96 149 456 52 0.41 -1.35 0.53 0.75 -0.25 1.42
1251 96 155 473 49 0.33 -1.19 0.44 0.3 -0.11 1.27
1252 140 164 523 48 0.32 -1.09 0.38 0.3 0.0 1.67
1253 184 177 460 50 0.17 -0.64 0.25 1.09 0.75 1.47
1254 274 192 565 50 0.01 -0.32 0.14 1.12 1.21 1.87
1255 275 199 815 54 -0.24 0.37 -0.15 0.9 0.75 1.32
1256 274 198 807 53 -0.15 0.69 -0.36 0.33 -0.06 0.65
1257 261 187 718 50 0.22 0.63 -0.41 -0.45 -0.59 -0.28
1258 277 192 643 48 0.53 0.55 -0.39 -0.26 -1.04 -0.82
1259 291 208 824 56 0.46 0.71 -0.29 1.18 -0.97 -2.11
1260 321 204 968 57 0.22 1.05 -0.25 1.46 -0.46 -0.22
1261 330 218 968 62 -0.18 1.56 -0.18 1.15 -1.11 0.57
1262 321 209 968 59 0.05 1.52 -0.07 -0.06 -2.67 1.29
1263 309 198 967 57 0.78 1.04 -0.21 -0.19 -2.27 -0.27
1264 285 189 951 56 1.13 0.81 -0.39 0.19 -0.7 -1.15
1265 252 179 778 54 1.29 0.6 -0.77 0.81 0.51 -2.11
1266 237 179 713 51 1.07 0.59 -0.87 0.28 -0.31 -0.51
1267 220 164 714 51 0.32 0.8 -0.77 -1.1 0.21 0.23
1268 195 158 589 51 -0.27 0.93 -0.48 0.41 -1.92 1.39
1269 178 146 474 55 -0.38 0.62 -0.48 -0.72 -1.5 2.16
1270 159 145 387 51 -0.38 0.42 -0.42 -0.62 -1.09 1.95
1271 146 144 317 51 -0.46 0.03 -0.26 -0.6 -0.77 1.39
1272 138 139 257 51 -0.49 -0.12 -0.13 -0.51 -0.79 0.86
1273 128 134 204 54 -0.49 -0.4 0.13 -0.44 -0.78 0.53
1274 119 133 175 51 -0.43 -0.65 0.35 -0.82 -0.87 -0.59
1275 118 131 151 51 -0.36 -0.9 0.52 -0.72 -0.59 -1.2
1276 115 132 137 49 -0.35 -0.99 0.57 -0.32 -0.74 -1.31
1277 112 137 135 47 -0.29 -1.07 0.54 0.41 -1.15 -0.88
1278 110 139 134 47 -0.23 -1.1 0.45 0.67 -2.19 -0.2
1279 106 145 149 48 -0.0 -1.09 0.29 0.8 -1.88 -0.12
1280 104 149 170 47 0.1 -0.94 0.28 0.85 -1.3 0.05
1281 101 155 201 49 0.11 -0.87 0.25 1.08 -0.97 0.62
1282 98 161 230 47 0.11 -0.82 0.27 1.2 -0.87 0.89
1283 97 167 257 46 0.08 -0.89 0.34 1.27 -0.12 1.36
1284 95 171 276 45 0.04 -0.94 0.34 1.02 0.08 1.43
1285 93 175 295 44 -0.08 -0.91 0.32 0.65 0.34 1.34
1286 95 178 324 43 -0.1 -0.71 0.22 0.26 0.19 1.13
1287 129 180 382 43 -0.09 -0.6 0.17 0.32 0.28 0.49
1288 205 187 529 56 -0.13 -0.27 0.07 0.46 0.42 0.53
1289 268 206 967 64 -0.33 0.17 -0.13 0.82 1.11 2.39
1290 290 217 967 64 -0.46 0.44 -0.23 0.93 0.22 2.19
1291 325 209 967 88 -0.4 0.82 -0.38 0.32 -0.2 1.03
1292 349 205 968 94 -0.02 0.62 -0.44 -2.05 -2.48 0.97
1293 324 205 967 85 0.31 0.43 -0.42 0.84 -1.33 2.43
1294 299 205 967 78 0.22 0.84 0.01 3.38 -0.77 0.29
1295 273 205 966 74 0.49 1.2 -0.11 2.53 -0.7 -5.25
1296 278 199 967 70 0.58 1.62 -0.31 1.27 -2.01 -4.15
1297 283 184 968 70 0.5 2.29 -0.67 0.82 -1.77 -3.12
1298 259 177 967 65 0.42 2.27 -0.88 -0.95 -1.5 -0.86
1299 230 163 967 65 0.33 1.96 -0.91 -0.84 -1.04 2.15
1300 208 154 768 61 0.13 1.3 -0.74 -0.83 -1.59 2.44
1301 190 152 640 64 -0.06 0.83 -0.46 -0.73 -0.99 2.73
1302 169 145 517 62 -0.12 0.54 -0.4 -0.56 -0.87 2.19
1303 150 139 401 61 -0.26 0.05 -0.18 -0.71 -0.84 1.83
1304 144 131 330 56 -0.41 -0.33 0.05 -0.82 -0.79 0.55
1305 139 132 268 73 -0.52 -0.48 0.21 -0.64 -0.75 -0.1
1306 131 126 211 67 -0.67 -0.69 0.51 -0.66 -0.69 -0.56
1307 126 128 177 62 -0.65 -0.92 0.54 -0.26 -0.82 -0.93
1308 120 128 147 57 -0.59 -1.01 0.48 0.0 -0.9 -0.86
1309 114 131 120 54 -0.4 -1.08 0.29 0.99 -1.35 -0.85
1310 109 134 109 51 -0.27 -0.95 0.17 0.92 -1.6 -0.57
1311 105 137 112 51 -0.15 -0.82 0.21 0.88 -1.44 -0.22
1312 101 143 130 48 -0.14 -0.71 0.2 0.82 -1.43 0.01
1313 99 151 153 49 -0.05 -0.63 0.21 0.52 -1.15 0.83
1314 96 155 177 52 -0.03 -0.71 0.23 0.2 -1.07 1.28
1315 94 160 206 49 0.02 -1.12 0.3 0.15 -0.59 1.51
1316 94 160 227 48 0.06 -1.37 0.34 0.37 0.05 1.71
1317 92 164 244 46 0.02 -1.34 0.31 0.07 0.11 0.99
1318 103 163 256 45 -0.05 -1.12 0.21 -0.05 0.27 0.54
1319 138 167 286 44 -0.15 -0.61 0.07 -0.1 -0.03 -0.06
1320 192 173 310 43 -0.2 -0.3 -0.01 0.21 -0.01 -0.69
1321 243 178 436 43 -0.3 0.25 -0.21 0.41 0.08 -0.3
1322 245 189 664 53 -0.47 0.8 -0.48 0.61 0.08 2.43
1323 265 187 825 62 -0.51 1.07 -0.56 0.81 -0.22 2.48
1324 354 191 968 69 -0.3 1.31 -0.58 -0.31 -1.22 1.59
1325 347 190 967 71 0.07 1.01 -0.45 0.16 -1.11 1.05
1326 328 189 967 69 0.44 0.73 -0.33 2.0 -1.63 -0.94
1327 300 180 967 63 0.8 0.39 -0.09 3.18 -2.02 -3.23
1328 264 169 967 61 1.03 0.96 -0.01 3.42 -0.92 -5.07
1329 257 167 967 61 1.16 1.53 -0.03 2.56 -0.81 -4.55
1330 236 157 952 60 0.94 1.91 -0.41 0.87 -0.7 -2.59
1331 212 150 824 58 0.66 1.55 -0.55 -0.63 -1.42 1.13
1332 188 136 688 59 0.5 1.28 -0.47 -0.76 -1.35 2.68
1333 167 128 575 74 0.24 0.72 -0.17 -0.88 -1.15 3.12
1334 151 123 480 116 0.09 0.01 0.03 -0.7 -1.07 3.44
1335 139 117 387 100 0.01 -0.27 0.12 -0.6 -0.83 3.06
1336 126 111 302 93 -0.25 -0.64 0.29 -0.75 -0.46 0.96
1337 123 108 250 91 -0.51 -0.82 0.46 -1.11 -0.73 -0.28
1338 119 105 204 82 -0.57 -0.93 0.45 -0.69 -0.82 -0.58
1339 111 103 164 73 -0.44 -1.17 0.29 0.63 -1.34 -1.1
1340 106 104 138 68 -0.27 -1.1 0.1 0.88 -1.35 -0.92
1341 101 104 118 63 -0.18 -0.92 0.12 0.48 -1.26 -0.36
1342 98 107 119 59 -0.22 -0.69 0.1 0.42 -1.25 0.09
1343 96 108 132 56 -0.16 -0.54 0.16 0.25 -0.97 1.04
1344 94 109 154 58 -0.14 -0.68 0.19 0.27 -0.78 1.34
1345 92 113 184 51 -0.16 -0.93 0.27 0.38 0.16 1.95
1346 92 112 205 50 -0.22 -0.9 0.27 0.13 0.1 1.73
1347 94 117 221 47 -0.21 -0.9 0.26 0.08 0.11 1.4
1348 91 116 236 46 -0.11 -0.82 0.18 -0.15 -0.18 0.2
1349 91 116 243 47 -0.07 -0.52 0.08 0.25 -0.19 -0.53
1350 90 113 244 45 -0.11 -0.27 0.03 0.48 -0.24 -0.74
1351 92 112 241 43 -0.17 0.17 -0.08 0.36 -0.74 -0.67
1352 110 110 244 44 -0.15 0.39 -0.12 0.37 -1.15 -0.52
1353 173 115 269 46 -0.1 0.42 -0.12 0.42 -1.17 -0.45
1354 237 121 398 47 -0.01 0.38 -0.12 0.52 -0.91 0.22
1355 251 138 733 51 -0.16 0.62 -0.2 1.78 0.16 3.36
1356 294 143 967 72 -0.3 0.95 -0.26 1.64 0.11 3.45
1357 348 161 967 99 -0.23 1.14 -0.31 0.05 -0.76 1.96
1358 356 154 968 87 0.11 0.55 -0.27 -2.48 -2.41 2.9
1359 336 149 968 81 0.6 0.07 -0.08 0.28 -2.63 -0.45
1360 282 139 967 73 1.29 -0.07 0.29 3.83 -0.96 -6.66
1361 249 137 967 68 1.51 1.09 0.13 2.43 -0.37 -6.23
1362 224 139 948 65 1.34 1.53 -0.13 1.74 0.07 -5.22
1363 193 139 789 67 0.92 1.76 -0.53 0.04 -0.7 -2.2
1364 174 133 679 63 0.41 1.49 -0.5 -2.43 -2.1 2.2
1365 159 132 571 70 0.28 1.19 -0.35 -2.26 -1.96 3.09
1366 144 127 461 68 0.05 0.48 -0.07 -0.47 -0.68 4.09
1367 133 121 380 65 -0.26 0.03 0.13 -0.04 -0.3 3.79
1368 124 115 309 60 -0.38 -0.09 0.21 -0.16 -0.29 3.26
1369 117 113 242 60 -0.67 -0.3 0.28 -0.37 -0.29 1.58
1370 111 107 203 56 -0.7 -0.58 0.17 -0.49 -0.52 0.58
1371 110 102 166 53 -0.66 -0.72 0.11 -0.48 -0.76 -0.38
1372 107 100 135 50 -0.53 -0.96 0.0 -0.09 -0.92 -0.66
1373 106 98 119 47 -0.4 -0.9 -0.01 0.43 -0.72 -0.58
1374 104 96 111 46 -0.4 -0.86 -0.02 0.37 -0.89 -0.3
1375 100 89 118 46 -0.36 -0.8 -0.08 -0.11 -1.45 1.03
1376 97 87 132 45 -0.24 -0.88 0.01 0.05 -0.97 1.54
1377 95 89 158 44 -0.22 -1.02 0.04 0.04 -0.94 1.7
1378 94 89 182 47 -0.19 -1.31 0.1 -0.18 -0.25 1.73
1379 93 91 196 45 -0.17 -1.57 0.17 -0.27 -0.39 1.07
1380 90 92 208 45 -0.11 -1.65 0.21 -0.16 -0.61 0.43
1381 91 100 217 44 -0.03 -1.59 0.25 0.05 -0.75 -0.23
1382 89 101 224 45 -0.07 -1.31 0.23 -0.14 -1.55 -0.91
1383 89 103 226 44 -0.07 -1.12 0.23 -0.08 -1.66 -0.83
1384 88 102 222 44 0.02 -0.83 0.21 1.0 -1.04 -0.91
1385 85 103 220 43 -0.03 -0.44 0.13 1.36 -0.73 -0.98
1386 87 106 213 42 -0.07 -0.27 0.05 0.97 -0.92 -0.89
1387 86 107 203 42 -0.03 -0.03 -0.07 0.73 -1.18 -0.69
1388 88 108 202 45 0.02 0.12 -0.16 0.78 -1.14 -0.39
1389 88 106 200 42 0.04 0.18 -0.2 0.81 -1.1 -0.13
-100 -100 -100 -100 -100 -100 -100 -100 -100 -100 -100
1390 88 106 188 42 0.04 0.29 -0.25 0.82 -0.93 0.04
1391 88 106 189 42 0.0 0.41 -0.27 0.87 -0.69 0.3
1392 88 106 170 41 -0.03 0.47 -0.27 0.77 -0.69 0.39
1393 88 107 162 41 -0.08 0.55 -0.26 0.56 -0.65 0.59
1394 91 109 159 41 -0.14 0.58 -0.26 0.49 -0.51 0.81
1395 92 109 151 41 -0.18 0.59 -0.26 0.46 -0.48 0.85
1396 92 110 156 43 -0.23 0.59 -0.3 0.52 -0.23 1.13
1397 92 109 148 44 -0.32 0.6 -0.34 0.6 -0.17 1.33
1398 92 112 141 44 -0.37 0.61 -0.35 0.63 -0.14 1.51
1399 102 114 131 43 -0.55 0.7 -0.39 0.81 -0.06 1.66
1400 100 118 124 45 -0.81 0.89 -0.43 0.77 -0.16 1.5
1401 104 118 132 44 -0.97 1.02 -0.47 0.68 -0.24 1.29
1402 104 120 127 44 -1.19 1.17 -0.52 0.42 -0.54 0.73
1403 102 120 138 43 -1.15 0.94 -0.52 0.0 -0.9 0.31
1404 101 121 122 43 -1.07 0.73 -0.51 -0.03 -1.06 0.31
1405 101 125 117 42 -0.96 0.43 -0.5 0.25 -1.04 0.21
1406 103 120 116 42 -0.93 0.25 -0.46 0.13 -1.25 -0.03
1407 103 117 113 42 -0.86 0.13 -0.43 0.08 -1.26 -0.05
1408 103 120 110 43 -0.75 -0.05 -0.39 0.12 -1.05 0.07
1409 103 121 133 42 -0.71 -0.13 -0.38 0.12 -1.14 -0.11
1410 103 119 121 41 -0.68 -0.15 -0.39 0.21 -1.0 -0.48
1411 103 124 111 43 -0.63 -0.15 -0.41 0.28 -0.99 -0.31
1412 105 125 109 43 -0.63 -0.04 -0.42 0.22 -0.99 -0.14
1413 107 130 104 43 -0.63 0.03 -0.42 0.19 -1.03 -0.29
1414 106 129 94 46 -0.62 0.12 -0.41 0.19 -1.06 -0.57
1415 107 135 86 45 -0.56 0.11 -0.41 0.53 -0.86 -0.61
1416 108 148 88 44 -0.55 0.12 -0.41 0.52 -0.92 -0.53
1417 112 140 84 44 -0.59 0.21 -0.41 0.34 -0.91 -0.28
1418 114 146 93 44 -0.68 0.38 -0.4 0.36 -0.89 0.11
1419 114 145 85 43 -0.74 0.48 -0.4 0.49 -0.79 0.16
1420 115 143 79 43 -0.81 0.63 -0.42 0.51 -0.86 -0.15
1421 118 147 71 43 -0.8 0.66 -0.47 0.48 -0.75 0.07
1422 116 154 69 43 -0.81 0.67 -0.5 0.39 -0.79 0.21
1423 119 152 61 42 -0.82 0.7 -0.53 0.47 -0.73 0.43
1424 122 154 57 42 -0.87 0.83 -0.51 0.95 -1.44 -0.37
1425 125 175 52 40 -0.69 0.69 -0.32 0.72 -0.8 -1.17
1426 126 169 48 41 -0.14 0.08 -0.09 1.97 -0.19 -1.65
1427 128 169 45 41 -0.08 0.13 -0.05 2.11 -0.06 -1.27
1428 125 165 42 41 -0.13 0.26 -0.06 2.01 -0.33 -1.04
1429 126 158 40 41 -0.2 0.44 -0.07 0.84 -0.96 -0.47
1430 128 152 39 41 -0.15 0.36 -0.07 0.41 -1.11 -0.07
1431 130 148 38 40 -0.12 0.31 -0.07 0.23 -1.17 0.2
1432 132 144 36 40 -0.07 0.2 -0.08 0.14 -1.11 0.26
1433 131 142 36 40 -0.03 0.06 -0.08 0.33 -0.97 0.15
