-1 -1 -1 -1 -1 -1 -1 -1 -1 -1 -1
1 24 68 63 23 -0.02 0.0 0.09 0.12 -0.16 -0.11
2 23 68 62 23 -0.02 0.02 0.09 0.01 -0.07 -0.11
3 22 68 66 23 -0.02 0.02 0.08 -0.02 -0.02 -0.1
4 21 68 62 23 -0.02 0.02 0.05 -0.1 0.02 -0.13
5 26 68 65 23 -0.03 0.0 0.03 -0.08 0.02 -0.14
6 24 69 63 24 -0.03 -0.01 0.01 -0.02 -0.04 -0.15
7 27 70 62 23 -0.03 -0.03 -0.01 0.0 -0.09 -0.17
8 26 70 61 24 -0.02 -0.04 -0.02 0.06 -0.16 -0.13
9 24 71 64 23 -0.01 -0.04 -0.02 0.19 -0.13 -0.14
10 23 70 70 24 0.02 -0.02 -0.01 0.17 -0.14 -0.14
11 20 69 65 23 0.03 -0.0 -0.02 0.03 -0.04 0.05
12 20 71 62 23 0.04 0.01 -0.02 -0.05 -0.01 0.01
13 25 72 59 23 0.04 0.0 -0.03 -0.05 0.01 0.0
14 28 72 72 23 0.04 0.0 -0.05 -0.09 0.03 0.03
15 27 71 70 24 0.03 -0.0 -0.06 -0.02 0.06 0.06
16 25 71 66 23 0.01 -0.02 -0.07 -0.02 0.04 0.04
17 23 70 63 24 -0.01 -0.03 -0.08 0.02 0.05 0.06
18 23 70 60 24 -0.02 -0.03 -0.08 0.09 -0.03 0.03
19 21 71 64 24 -0.02 -0.04 -0.06 0.12 -0.07 0.02
20 20 72 63 23 -0.02 -0.04 -0.02 0.18 -0.09 0.05
21 23 70 66 24 -0.02 -0.03 -0.0 0.2 -0.09 0.03
22 25 70 64 24 -0.01 -0.01 0.03 0.17 -0.08 0.02
23 23 70 61 23 -0.01 0.01 0.05 0.08 -0.04 0.03
24 24 71 69 23 -0.02 0.01 0.05 0.0 0.0 0.01
25 22 71 65 23 -0.02 0.02 0.06 -0.09 0.0 0.04
26 21 70 62 24 -0.03 0.01 0.05 -0.1 0.05 0.0
27 20 69 65 23 -0.03 0.0 0.04 -0.11 0.0 -0.01
28 24 69 66 23 -0.03 -0.02 0.03 -0.09 0.01 0.0
29 22 69 65 25 -0.03 -0.03 0.01 0.0 -0.03 0.0
30 21 68 62 23 -0.03 -0.03 0.0 0.03 -0.06 0.0
31 23 69 60 24 -0.01 -0.02 -0.0 0.03 -0.08 0.01
32 26 69 63 23 0.0 -0.0 -0.01 0.01 -0.05 0.0
33 24 69 65 24 0.01 -0.0 -0.01 0.01 -0.04 -0.01
34 22 68 64 23 0.02 0.01 -0.02 -0.03 0.01 0.0
35 25 69 61 23 0.03 0.0 -0.02 -0.04 0.02 -0.01
36 23 69 60 23 0.03 0.0 -0.03 0.0 0.04 0.03
37 22 70 61 24 0.02 -0.01 -0.04 0.0 0.02 0.03
38 23 70 69 23 0.02 -0.01 -0.04 0.0 0.0 0.01
39 29 70 65 24 0.01 -0.01 -0.04 0.05 -0.01 0.04
40 30 72 62 23 0.0 -0.02 -0.03 0.08 0.01 0.03
41 33 72 61 24 -0.01 -0.02 -0.02 0.09 0.0 0.02
42 29 71 60 24 -0.02 -0.02 -0.01 0.08 0.0 0.02
43 30 72 65 24 -0.03 -0.01 0.0 0.06 -0.04 0.03
44 27 71 68 23 -0.04 -0.01 0.02 0.02 -0.05 0.02
45 24 71 65 23 -0.04 -0.01 0.02 0.0 -0.01 0.0
46 26 71 66 23 -0.05 -0.01 0.03 0.02 0.0 0.03
47 24 70 66 24 -0.06 -0.0 0.03 0.0 0.0 0.01
48 24 69 62 24 -0.06 -0.0 0.03 -0.05 0.0 0.0
49 28 70 59 24 -0.07 0.0 0.02 -0.03 -0.01 0.0
50 28 70 57 23 -0.06 -0.01 0.01 -0.01 0.0 0.0
51 24 69 68 24 -0.06 -0.01 0.02 -0.01 -0.02 -0.04
52 24 69 64 24 -0.05 -0.01 0.01 0.01 0.02 -0.01
53 23 69 63 24 -0.03 -0.01 0.01 0.01 0.0 0.0
54 22 70 60 24 -0.02 -0.01 0.01 0.0 -0.03 0.0
55 21 70 59 24 -0.01 -0.01 0.0 -0.05 -0.03 -0.02
56 28 71 66 24 0.01 -0.01 -0.0 -0.03 -0.02 0.01
57 25 72 63 24 0.02 -0.01 -0.01 0.0 0.01 0.0
58 24 74 61 23 0.02 -0.01 -0.02 0.01 0.03 0.02
59 23 74 61 24 0.01 -0.0 -0.03 -0.01 0.03 -0.01
60 21 75 65 24 0.01 -0.01 -0.03 0.0 0.02 0.02
61 25 75 62 24 0.0 -0.01 -0.03 0.0 0.0 0.0
62 23 75 65 24 -0.0 -0.02 -0.02 0.08 0.03 0.03
63 22 75 63 24 -0.01 -0.02 -0.02 0.04 0.01 0.02
64 26 75 66 24 -0.02 -0.01 -0.01 0.07 0.01 0.04
65 25 75 65 24 -0.03 -0.0 0.0 0.05 -0.01 0.04
66 23 73 64 23 -0.03 -0.0 0.0 0.04 0.01 0.01
67 22 73 61 23 -0.04 -0.01 0.01 0.03 0.04 0.0
68 24 72 57 24 -0.05 -0.0 0.01 0.0 0.02 0.0
69 22 71 62 24 -0.05 -0.01 0.01 0.01 0.02 0.0
70 21 71 64 24 -0.05 -0.0 0.01 0.0 0.01 0.01
71 21 71 61 24 -0.05 0.0 0.01 0.01 0.02 0.01
72 23 70 58 24 -0.04 -0.0 0.01 -0.02 0.0 -0.01
73 23 71 58 24 -0.04 -0.01 0.0 -0.01 0.0 -0.02
74 21 72 64 24 -0.03 -0.01 0.0 0.0 -0.01 0.0
75 20 72 66 24 -0.02 -0.01 0.0 0.0 -0.01 -0.02
76 23 72 63 24 -0.01 -0.02 0.01 0.0 0.01 -0.02
77 22 74 59 24 -0.0 -0.02 0.0 0.0 0.02 0.0
78 21 75 60 24 0.01 -0.02 0.0 0.04 0.02 -0.01
79 21 74 65 24 0.02 -0.01 -0.0 0.01 0.0 0.01
80 26 76 61 24 0.03 0.0 -0.0 0.0 0.03 0.02
81 23 74 67 24 0.02 0.0 -0.01 -0.02 0.07 0.03
82 26 73 66 24 0.01 -0.0 -0.01 -0.04 0.08 0.06
83 21 72 67 24 -0.02 -0.02 -0.02 0.01 0.02 0.03
84 24 73 64 23 -0.03 -0.03 -0.01 0.04 0.01 0.0
85 22 72 60 23 -0.05 -0.03 -0.0 0.11 0.01 0.02
86 20 72 58 23 -0.06 -0.02 0.01 0.11 0.01 0.02
87 23 73 63 23 -0.07 -0.01 0.01 0.06 0.02 0.04
88 26 73 61 24 -0.07 0.0 0.02 0.05 0.0 0.02
89 25 73 66 24 -0.06 0.01 0.02 0.04 0.09 0.0
90 25 74 62 23 -0.07 0.01 0.02 -0.06 -0.05 0.0
91 23 74 60 23 -0.05 0.01 0.02 0.0 0.01 -0.04
92 22 73 59 23 -0.03 0.02 0.01 -0.08 -0.03 0.0
93 20 73 59 24 -0.01 0.01 0.01 -0.05 0.05 -0.02
94 25 73 65 23 0.0 0.01 -0.0 -0.05 0.01 -0.02
95 25 73 64 23 0.02 0.02 -0.01 -0.02 0.0 -0.01
-200 -200 -200 -200 -200 -200 -200 -200 -200 -200 -200
96 23 73 62 24 0.03 0.02 -0.01 -0.02 -0.01 -0.04
97 24 73 63 24 0.06 0.02 -0.02 -0.01 0.0 -0.01
98 22 72 61 23 0.07 0.02 -0.02 -0.03 0.05 0.03
99 21 72 64 24 0.07 0.02 -0.02 0.0 0.07 0.03
100 21 72 65 24 0.05 0.01 -0.02 -0.01 0.06 0.02
101 23 72 66 23 0.03 -0.0 -0.02 0.01 0.09 0.01
102 27 72 64 23 0.02 -0.01 -0.01 0.02 0.07 0.03
103 25 70 71 24 -0.0 -0.03 -0.01 0.05 0.02 0.06
104 23 71 68 23 -0.02 -0.02 0.01 0.1 -0.01 0.02
105 23 70 63 23 -0.02 -0.02 0.01 0.07 0.0 -0.01
106 22 69 63 23 -0.03 -0.01 0.03 0.04 0.0 0.0
107 21 69 66 23 -0.03 -0.01 0.03 0.0 -0.01 0.0
108 23 69 69 24 -0.02 -0.0 0.03 0.0 0.02 -0.01
109 22 69 64 24 -0.01 0.0 0.02 -0.04 0.03 -0.01
110 25 68 60 24 -0.0 0.01 0.01 -0.08 0.02 -0.07
111 22 68 64 23 0.01 0.01 0.01 -0.06 0.04 -0.06
112 23 69 58 24 0.02 0.0 -0.0 -0.05 0.04 0.01
113 22 70 69 24 0.03 0.0 -0.01 -0.01 0.03 -0.01
114 24 69 67 23 0.03 0.0 -0.02 0.0 0.08 0.0
115 22 69 64 24 0.03 0.0 -0.03 0.01 0.05 0.03
116 20 69 65 23 0.02 0.01 -0.03 0.01 0.02 0.03
117 26 69 66 24 0.02 0.01 -0.02 0.03 0.01 0.0
118 26 69 66 24 0.01 0.0 -0.01 0.03 0.01 0.0
119 23 69 67 24 0.01 0.01 -0.0 0.03 0.08 0.0
120 21 70 68 23 0.01 0.01 0.0 0.04 0.09 0.01
121 24 71 68 23 -0.01 0.01 -0.0 0.01 0.07 0.04
122 21 70 66 23 -0.01 0.01 -0.0 -0.03 0.01 0.01
123 21 71 69 23 -0.01 0.01 -0.0 -0.06 0.0 -0.03
124 27 71 71 23 -0.01 0.0 -0.0 -0.06 0.03 -0.03
125 25 71 65 23 -0.01 -0.01 0.0 -0.01 0.02 -0.01
126 27 72 65 23 -0.01 -0.01 0.0 0.01 0.03 -0.02
127 25 73 69 23 -0.0 -0.0 -0.01 0.02 0.03 0.02
128 23 72 68 24 0.01 0.01 -0.01 -0.01 0.03 -0.04
129 21 71 66 23 0.01 0.01 -0.01 -0.05 0.03 -0.01
130 22 82 62 23 0.02 -0.0 -0.0 -0.07 0.05 -0.02
131 26 100 62 23 0.01 -0.03 0.0 -0.07 0.08 0.01
132 29 124 67 23 0.01 -0.04 0.01 -0.09 0.09 0.02
133 33 129 64 23 0.0 -0.09 0.03 -0.13 0.14 0.02
134 43 149 62 24 -0.03 -0.22 0.05 -0.6 0.06 -0.02
135 46 152 60 30 -0.05 -0.35 0.06 -0.54 -0.05 -0.02
136 67 179 59 29 -0.08 -0.55 0.1 0.21 0.18 0.17
137 76 215 59 29 -0.18 -0.67 0.15 0.66 0.26 0.33
138 113 227 58 28 -0.25 -0.74 0.15 0.0 0.27 0.08
139 166 230 59 37 -0.39 -1.23 0.18 -0.81 0.27 0.1
140 206 274 66 42 -0.71 -2.06 0.26 -1.53 -0.08 0.99
141 195 282 65 53 -0.85 -2.5 0.28 -0.56 -0.14 1.02
142 172 265 69 49 -0.64 -2.57 0.2 0.02 -0.25 1.32
143 196 291 67 48 -0.19 -2.19 0.15 -0.97 -0.69 1.51
144 214 291 66 44 0.01 -2.11 0.06 -0.69 -0.17 1.47
145 212 294 64 41 0.38 -1.92 -0.16 -2.04 -4.5 3.34
146 197 307 71 40 1.41 -1.84 0.16 -0.59 0.49 1.52
147 185 288 71 38 1.32 -1.42 0.25 0.87 1.18 1.63
148 186 310 76 37 1.55 -1.05 0.4 0.12 1.1 2.29
149 229 326 91 39 1.79 -1.28 0.37 0.86 1.28 1.91
150 207 301 95 38 1.85 -1.41 0.35 0.96 1.43 1.68
151 204 284 96 38 1.88 -1.34 0.31 0.85 1.24 1.16
152 201 267 92 36 1.79 -1.14 0.21 1.06 1.12 0.56
153 184 270 88 35 1.74 -1.06 0.18 1.06 0.96 0.18
154 184 248 88 33 1.65 -0.96 0.12 0.79 0.53 -0.61
155 234 303 92 37 1.6 -0.91 0.05 0.53 0.37 -0.65
156 220 318 95 45 1.57 -0.91 0.01 0.29 0.27 -0.91
157 221 345 103 45 1.49 -0.82 -0.09 0.29 0.0 -0.83
158 243 333 111 44 1.42 -0.71 -0.16 -0.11 -0.04 -0.92
159 236 352 105 48 1.37 -0.68 -0.16 -0.08 -0.22 -1.01
160 258 353 111 54 1.32 -0.66 -0.2 -0.43 -0.3 -1.02
161 331 368 114 56 1.25 -0.6 -0.18 -0.57 -0.44 -0.81
162 293 341 103 51 1.2 -0.57 -0.17 -0.53 -0.54 -0.75
163 275 343 101 52 1.13 -0.52 -0.18 -0.47 -0.62 -0.8
164 311 327 105 50 1.09 -0.48 -0.18 -0.42 -0.79 -0.85
165 317 334 103 56 0.99 -0.32 -0.19 -0.58 -0.91 -1.02
166 296 326 96 52 0.91 -0.22 -0.21 -0.74 -1.03 -1.15
167 309 325 93 47 0.85 -0.24 -0.24 -0.67 -0.92 -1.27
168 277 295 92 47 0.81 -0.22 -0.25 -0.66 -0.94 -1.29
169 272 305 90 49 0.7 -0.15 -0.25 -0.63 -0.95 -1.19
170 290 302 90 52 0.57 -0.08 -0.25 -0.67 -1.0 -1.29
171 300 298 82 48 0.51 -0.05 -0.25 -0.74 -0.93 -1.29
172 274 293 78 47 0.41 -0.03 -0.2 -0.64 -0.8 -1.26
173 262 282 83 49 0.33 -0.04 -0.15 -0.53 -0.82 -1.17
174 273 298 81 61 0.28 -0.02 -0.13 -0.5 -0.77 -1.2
175 270 328 80 59 0.18 0.04 -0.11 -0.3 -0.53 -1.09
176 266 335 80 60 0.09 0.03 -0.1 -0.26 -0.52 -1.23
177 230 306 78 57 0.06 0.01 -0.09 -0.01 -0.45 -0.99
178 226 320 75 51 0.0 -0.03 -0.1 0.01 -0.29 -0.63
179 243 307 78 51 -0.03 -0.01 -0.11 -0.12 -0.2 -0.42
180 279 327 78 55 -0.09 0.09 -0.12 0.0 -0.18 -0.29
181 266 319 82 65 -0.1 0.06 -0.14 -0.11 0.02 -0.42
182 243 316 80 63 -0.09 0.04 -0.14 0.09 0.04 -0.25
183 226 283 79 55 -0.08 0.03 -0.13 0.02 0.06 -0.27
184 210 277 76 51 -0.07 0.02 -0.1 -0.01 0.07 -0.27
185 235 280 83 49 -0.06 0.0 -0.09 -0.05 0.13 -0.13
186 271 286 89 45 -0.06 0.01 -0.06 -0.16 0.17 -0.23
187 245 299 87 42 -0.08 0.01 -0.07 -0.19 0.12 -0.21
188 251 293 88 49 -0.07 0.0 -0.08 -0.14 0.2 -0.28
189 259 301 88 48 -0.08 -0.04 -0.09 -0.12 0.24 -0.28
190 223 283 86 48 -0.09 -0.02 -0.07 -0.1 0.19 -0.23
191 251 262 85 44 -0.09 0.02 -0.06 -0.25 0.1 -0.04
192 273 288 85 40 -0.09 0.03 -0.03 -0.33 0.01 0.01
193 258 275 83 40 -0.07 0.01 -0.02 -0.31 0.01 -0.04
194 262 278 83 54 -0.06 0.0 -0.01 -0.27 0.08 -0.15
195 295 280 93 62 -0.04 -0.01 0.01 -0.11 0.05 -0.17
196 282 282 89 57 -0.03 0.0 0.03 0.03 0.11 -0.32
197 280 295 88 53 -0.03 0.01 0.03 -0.02 0.04 -0.16
198 277 284 84 49 -0.01 -0.02 0.02 -0.05 0.11 -0.11
199 289 281 84 46 -0.02 -0.03 0.02 -0.03 0.01 -0.05
200 284 275 83 42 -0.01 -0.01 0.0 -0.01 0.05 -0.17
201 293 283 81 49 -0.02 0.05 -0.02 -0.04 0.0 -0.15
202 274 281 80 47 -0.02 0.04 -0.04 0.01 -0.02 -0.23
203 252 303 76 42 -0.02 0.03 -0.04 -0.1 -0.04 -0.15
204 250 297 74 39 -0.01 0.03 -0.05 -0.16 -0.04 -0.12
205 259 290 73 39 -0.0 -0.02 -0.04 -0.08 0.0 -0.15
206 270 282 75 36 -0.0 -0.02 -0.04 -0.06 0.02 -0.11
207 269 261 75 35 -0.01 0.0 -0.03 -0.13 0.02 -0.2
208 289 279 75 51 -0.02 0.02 -0.02 -0.17 0.02 -0.19
209 294 247 74 44 -0.02 0.01 -0.01 0.02 0.1 -0.26
210 276 259 76 46 -0.02 -0.01 -0.0 0.07 0.14 -0.31
211 296 240 74 45 -0.03 -0.02 0.01 0.22 0.12 -0.09
212 281 253 74 43 -0.02 -0.02 -0.01 0.26 0.04 -0.04
213 245 248 76 39 -0.02 -0.03 -0.03 0.23 0.07 0.0
214 248 247 76 48 -0.02 -0.01 -0.07 0.08 0.05 0.0
215 252 244 75 49 -0.02 0.03 -0.09 0.03 0.01 -0.03
216 223 255 76 44 -0.01 0.03 -0.09 -0.09 -0.01 -0.25
217 239 261 78 42 0.01 -0.01 -0.08 -0.15 -0.07 -0.3
218 240 260 77 40 0.02 -0.02 -0.05 -0.24 -0.1 -0.14
219 198 253 74 36 0.02 -0.02 -0.03 -0.3 -0.07 -0.2
220 202 267 73 40 -0.02 0.0 -0.01 -0.28 -0.12 -0.25
221 189 252 74 41 -0.02 0.02 -0.01 -0.18 -0.13 -0.33
222 195 258 70 38 -0.04 0.02 0.0 -0.17 -0.11 -0.42
223 192 236 71 35 -0.05 -0.01 0.0 -0.09 -0.15 -0.28
224 196 221 71 33 -0.05 0.01 -0.0 -0.04 -0.15 -0.29
225 192 218 78 31 -0.09 0.07 -0.01 -0.15 -0.16 -0.28
226 177 214 78 30 -0.12 0.1 -0.03 -0.16 -0.16 -0.35
227 163 193 81 28 -0.13 0.11 -0.03 -0.28 -0.37 -0.52
228 163 237 78 28 -0.16 0.11 -0.01 -0.33 -0.42 -0.51
229 153 234 73 27 -0.2 0.13 -0.0 -0.44 -0.58 -0.5
230 133 210 70 26 -0.23 0.16 0.02 -0.58 -0.73 -0.55
231 131 208 67 29 -0.36 0.21 0.06 -0.69 -0.84 -0.65
232 117 217 65 28 -0.48 0.28 0.11 -0.9 -1.18 -1.27
233 113 218 63 27 -0.54 0.33 0.15 -0.87 -1.27 -1.58
234 94 192 61 26 -0.65 0.38 0.24 -0.67 -1.52 -2.21
235 82 192 64 26 -0.81 0.6 0.32 -0.44 -1.19 -2.14
236 74 198 63 25 -0.92 0.74 0.36 -0.6 -1.01 -1.94
237 68 229 61 25 -1.17 0.88 0.42 -0.58 -0.9 -2.0
238 66 224 62 25 -1.51 0.79 0.52 -0.48 -0.75 -2.21
239 87 190 63 24 -1.65 0.67 0.59 -0.77 -0.83 -2.36
240 92 171 63 24 -1.76 0.53 0.73 -0.71 -0.59 -1.87
241 92 157 61 25 -1.91 0.57 0.77 -0.6 -0.69 -0.93
242 102 149 61 24 -1.94 0.59 0.77 -0.41 -0.38 -0.87
243 89 135 59 24 -2.04 0.59 0.73 0.3 0.12 -0.68
244 79 131 58 24 -2.19 0.75 0.67 0.14 0.15 -0.46
245 72 125 58 24 -2.26 0.77 0.67 0.49 0.52 -0.55
246 70 125 56 24 -2.48 0.7 0.66 0.68 0.44 -0.35
247 61 122 58 24 -2.55 0.33 0.6 0.31 0.7 -0.52
248 50 122 57 24 -2.49 0.21 0.56 1.37 0.7 -0.82
249 43 120 59 24 -2.43 0.32 0.58 1.36 0.28 -1.14
250 38 126 68 24 -2.32 0.82 0.51 2.31 0.8 -1.69
251 37 127 72 24 -2.44 1.27 0.48 1.97 0.62 -1.92
252 34 133 75 24 -2.67 1.94 0.5 0.7 0.16 -2.4
253 33 137 82 24 -2.19 3.71 0.29 4.88 -5.66 17.94
254 33 141 95 23 0.16 5.21 -0.29 0.01 -14.72 27.91
255 30 140 85 24 0.99 0.92 -0.18 -2.15 2.54 2.01
256 28 140 79 24 0.15 1.37 -0.27 -3.18 0.38 -0.6
257 25 138 74 23 0.13 1.46 -0.43 -3.06 2.42 -0.98
258 23 138 70 24 0.07 1.29 -0.54 -3.8 1.02 -0.73
259 22 138 71 23 0.33 -0.33 -0.09 -0.52 1.1 -0.2
-100 -100 -100 -100 -100 -100 -100 -100 -100 -100 -100
260 22 136 74 23 0.14 -0.4 0.15 2.01 0.43 -0.2
261 25 135 75 24 0.26 -0.21 -0.0 0.71 0.15 0.33
262 25 136 72 23 0.19 -0.17 -0.03 1.58 0.09 -0.28
263 22 136 76 24 0.1 0.01 -0.02 1.49 -0.12 -0.45
264 22 136 81 23 0.06 0.23 -0.01 0.04 -0.41 -0.28
265 20 135 83 23 0.13 0.12 -0.01 -0.26 -0.23 0.2
266 19 134 82 23 0.06 0.08 -0.0 -0.31 -0.38 0.24
267 18 133 77 23 0.0 -0.04 0.01 -0.35 0.03 0.01
268 18 132 73 23 -0.03 -0.06 0.03 -0.08 0.0 0.22
269 20 131 74 24 0.0 -0.04 0.03 0.14 0.38 0.21
270 20 132 75 24 -0.02 0.02 0.01 0.05 0.46 -0.02
271 18 132 74 24 -0.03 0.04 0.02 -0.06 0.34 -0.04
272 19 131 79 24 -0.04 0.03 0.01 -0.1 0.22 -0.01
273 19 131 75 24 -0.06 -0.02 0.01 -0.21 0.13 -0.03
274 19 128 72 24 -0.06 -0.06 0.0 -0.1 0.18 -0.01
275 18 126 84 24 -0.04 -0.04 -0.01 0.0 0.13 0.02
276 26 123 79 24 -0.03 -0.01 -0.02 0.01 0.13 -0.06
277 25 121 76 25 -0.02 0.0 -0.03 0.01 0.0 -0.12
278 23 122 72 24 -0.0 -0.02 -0.02 0.0 -0.07 0.01
279 24 120 80 24 -0.01 -0.05 -0.03 0.0 -0.03 0.06
280 23 119 78 24 -0.04 -0.09 -0.03 0.01 -0.05 -0.06
281 22 119 79 24 -0.03 -0.08 -0.02 -0.01 0.0 -0.07
282 21 119 75 24 0.02 -0.04 -0.02 0.05 0.03 0.0
283 21 117 73 24 0.02 0.0 -0.02 0.05 0.2 0.01
284 22 117 77 24 -0.0 0.02 -0.02 0.02 0.14 0.02
285 21 115 73 24 -0.01 0.03 -0.02 -0.03 0.11 0.02
286 27 115 69 24 -0.02 -0.01 -0.01 -0.08 0.04 -0.12
287 25 113 70 24 -0.01 -0.03 -0.01 -0.06 0.02 -0.14
288 26 112 72 24 0.02 -0.02 -0.01 0.03 0.03 -0.11
289 26 112 72 24 0.02 -0.02 -0.01 0.07 0.12 -0.03
290 24 111 69 24 0.02 -0.02 -0.01 -0.01 0.13 0.01
291 25 110 67 24 0.01 -0.02 -0.01 -0.06 0.11 0.0
292 24 108 68 24 0.01 -0.03 -0.01 -0.05 0.16 -0.03
293 23 108 71 24 0.01 -0.02 -0.01 -0.02 0.14 -0.02
294 25 109 68 23 0.0 -0.01 -0.0 0.11 0.07 -0.01
295 26 115 67 23 -0.01 -0.0 -0.0 0.04 0.0 -0.04
296 29 111 67 24 -0.0 -0.0 0.0 0.02 0.0 -0.04
297 28 109 71 23 0.01 -0.0 0.01 -0.07 0.05 -0.02
-200 -200 -200 -200 -200 -200 -200 -200 -200 -200 -200
298 33 110 71 24 0.01 -0.02 0.01 -0.12 0.1 -0.02
299 32 111 70 24 0.01 -0.02 0.0 -0.03 0.1 0.04
300 34 108 70 23 0.01 -0.02 0.01 0.06 0.19 0.0
301 28 106 78 24 -0.01 -0.01 -0.0 0.0 0.12 -0.01
302 27 105 83 23 -0.01 0.0 -0.01 -0.02 0.14 -0.01
303 28 107 78 26 -0.01 0.0 -0.01 -0.01 0.05 -0.07
304 29 105 74 23 -0.01 -0.02 -0.01 -0.03 0.01 0.0
305 32 105 69 24 -0.02 -0.03 -0.01 -0.03 0.01 -0.01
306 36 102 74 23 -0.01 -0.05 -0.01 -0.04 0.11 -0.03
307 34 101 78 23 -0.0 -0.04 -0.01 0.0 0.1 -0.02
308 32 100 75 24 0.0 -0.02 -0.02 0.05 0.13 -0.05
309 31 100 75 24 0.01 0.01 -0.02 0.0 0.09 -0.03
310 31 103 79 24 0.0 0.0 -0.02 -0.06 0.04 0.0
311 31 101 75 23 0.0 -0.01 -0.02 -0.06 0.07 -0.01
312 30 101 70 24 0.0 -0.04 -0.01 -0.04 0.11 -0.05
313 36 103 70 21 0.0 -0.05 -0.02 -0.01 0.12 -0.02
314 61 111 66 24 -0.0 -0.06 -0.02 0.0 0.11 -0.01
315 61 124 62 25 -0.0 -0.06 -0.01 -0.12 0.11 -0.01
316 59 139 59 27 -0.03 -0.11 -0.03 -0.22 0.05 0.04
317 71 134 57 28 -0.02 -0.14 -0.02 -0.11 0.1 -0.02
318 82 139 56 27 -0.0 -0.16 0.0 0.0 0.1 -0.06
319 89 166 59 30 -0.02 -0.24 0.02 0.04 0.01 0.05
320 126 203 59 28 0.0 -0.3 0.03 0.02 0.01 -0.01
321 114 213 59 59 0.07 -0.41 0.03 -0.31 -0.01 0.08
322 109 240 60 54 0.13 -0.57 0.05 0.48 0.11 0.46
323 130 239 60 49 0.16 -0.63 0.04 0.3 0.01 0.36
324 143 268 59 45 0.24 -0.69 0.04 -0.06 0.0 0.37
325 169 336 59 43 0.32 -0.95 -0.02 -0.8 -0.08 0.56
326 168 310 60 53 0.35 -1.15 -0.05 -0.44 0.03 0.73
327 166 331 67 46 0.55 -1.68 -0.13 -1.56 -0.13 1.36
328 175 308 68 43 1.1 -2.62 -0.32 2.92 1.11 3.18
329 171 321 65 39 1.07 -2.64 -0.19 -1.02 1.07 2.63
330 167 303 69 37 0.97 -2.1 -0.12 2.64 1.13 3.0
331 187 328 77 42 1.32 -1.39 -0.21 1.05 0.99 2.86
332 181 352 75 38 1.51 -1.34 -0.29 1.76 1.08 2.75
333 184 337 80 47 1.78 -0.98 -0.42 0.72 0.91 2.66
334 181 313 83 42 2.01 -1.05 -0.52 0.66 0.55 2.35
335 152 320 84 43 2.08 -1.1 -0.56 0.62 0.53 2.22
336 141 304 86 45 2.16 -0.97 -0.58 0.47 0.52 1.31
337 150 291 90 43 2.15 -0.74 -0.55 0.04 0.44 0.73
338 198 318 94 41 2.17 -0.68 -0.56 -0.3 0.36 0.16
339 221 306 92 40 2.22 -0.66 -0.58 -0.02 0.11 0.04
340 236 317 90 49 2.13 -0.59 -0.54 -0.02 -0.3 -0.21
341 322 322 89 58 2.04 -0.54 -0.51 -0.28 -0.46 -0.36
342 327 320 99 68 1.88 -0.52 -0.48 -0.82 -0.59 -1.09
343 342 356 104 70 1.73 -0.58 -0.47 -0.62 -0.68 -1.2
344 362 382 108 68 1.66 -0.57 -0.47 -0.59 -0.86 -1.16
345 394 391 125 79 1.53 -0.49 -0.45 -0.79 -0.95 -1.75
346 402 380 139 79 1.37 -0.5 -0.42 -0.62 -1.09 -1.74
347 436 388 138 88 1.29 -0.47 -0.41 -0.78 -1.08 -1.7
348 417 387 136 89 1.09 -0.46 -0.37 -0.86 -1.22 -1.51
349 358 371 131 85 0.91 -0.27 -0.35 -0.61 -1.26 -1.85
350 337 358 125 79 0.83 -0.21 -0.35 -0.46 -1.3 -1.92
351 381 351 125 81 0.65 -0.14 -0.32 -0.49 -1.34 -2.37
352 397 330 120 74 0.58 -0.15 -0.3 -0.77 -1.36 -1.87
353 389 344 112 70 0.46 -0.15 -0.24 -0.88 -1.4 -1.68
354 415 319 108 60 0.31 -0.1 -0.18 -1.03 -1.21 -1.26
355 383 326 107 63 0.26 -0.08 -0.16 -0.71 -0.94 -1.35
356 355 304 106 60 0.14 -0.05 -0.1 -0.58 -0.86 -1.55
357 327 300 106 67 0.01 -0.09 -0.04 -0.35 -0.78 -1.53
358 306 290 115 67 -0.05 -0.09 -0.02 -0.43 -0.57 -0.77
359 302 291 106 58 -0.1 -0.02 -0.02 -0.51 -0.4 -0.61
360 273 278 98 73 -0.13 -0.01 -0.01 -0.69 -0.2 -0.63
361 267 283 94 70 -0.14 -0.02 0.0 -0.47 -0.21 -0.41
362 267 271 103 67 -0.15 0.02 0.02 -0.39 -0.19 -0.41
363 261 302 98 67 -0.13 0.08 0.02 -0.35 -0.22 -0.08
364 239 305 92 59 -0.13 0.09 0.02 -0.35 -0.09 0.03
365 300 354 92 60 -0.12 0.12 0.03 -0.21 -0.07 -0.08
366 262 333 90 55 -0.09 0.14 0.03 0.04 -0.06 -0.05
367 229 307 91 60 -0.08 0.13 0.01 0.23 0.08 0.02
368 240 288 97 65 -0.02 0.1 -0.03 0.25 0.17 0.09
369 242 278 91 60 0.02 0.1 -0.05 0.21 0.24 0.21
370 279 286 86 59 0.03 0.07 -0.05 0.09 0.16 0.05
371 270 283 89 53 0.06 0.03 -0.05 0.1 0.11 -0.02
372 246 299 86 49 0.04 0.06 -0.02 -0.09 0.14 -0.3
373 261 282 86 44 0.04 0.08 -0.01 -0.12 0.1 -0.24
374 243 293 101 53 0.02 0.03 0.0 -0.08 0.16 -0.28
375 275 293 96 50 0.0 -0.0 0.01 0.0 0.21 -0.21
376 260 289 92 50 -0.0 -0.0 0.01 -0.06 0.03 -0.22
377 272 333 93 56 -0.0 -0.02 -0.01 0.12 0.05 -0.27
378 321 335 105 58 -0.02 0.04 -0.03 0.05 -0.02 -0.35
379 278 323 101 53 -0.03 0.03 -0.03 -0.19 -0.05 -0.34
380 276 327 96 50 0.0 -0.04 -0.05 -0.11 0.0 -0.23
381 276 304 89 44 -0.01 -0.03 -0.03 -0.03 0.0 -0.04
382 263 315 87 44 -0.02 0.02 -0.03 -0.13 -0.13 -0.01
383 257 342 96 49 -0.01 0.04 -0.03 -0.02 -0.05 -0.08
384 253 328 93 48 -0.03 0.06 -0.04 -0.03 -0.11 -0.28
385 266 298 88 43 -0.02 0.06 -0.05 -0.16 -0.08 -0.24
386 229 288 84 40 0.0 0.0 -0.05 -0.18 0.02 -0.1
387 222 304 87 41 0.0 0.01 -0.05 -0.13 0.13 -0.01
388 210 280 86 40 -0.01 0.07 -0.05 -0.22 0.06 -0.14
389 211 315 86 45 -0.04 0.11 -0.03 -0.2 0.03 -0.12
390 220 311 84 41 -0.05 0.04 -0.03 -0.07 0.0 -0.3
391 209 317 85 37 -0.04 0.03 -0.01 -0.03 0.0 -0.06
392 208 297 85 38 -0.0 0.03 0.0 0.01 0.0 -0.02
393 235 309 81 38 -0.0 0.0 0.01 -0.14 -0.04 0.04
394 216 285 78 35 0.0 -0.01 0.01 -0.09 -0.02 0.04
395 242 311 80 35 0.01 -0.02 0.02 -0.13 0.03 -0.13
396 226 314 79 40 0.0 0.02 0.02 -0.05 0.07 -0.14
397 224 291 78 37 -0.0 0.02 0.03 -0.06 0.02 -0.1
398 255 300 79 34 0.02 -0.03 0.01 0.0 0.05 -0.19
399 225 271 77 38 0.03 -0.04 0.0 0.1 0.11 -0.1
400 247 299 74 35 0.03 -0.01 -0.0 0.03 0.07 -0.02
401 234 301 74 38 0.03 0.04 -0.03 0.05 0.08 -0.02
402 231 347 72 35 0.02 0.06 -0.05 -0.26 0.06 -0.29
403 202 302 71 32 0.03 0.05 -0.05 -0.25 -0.03 -0.27
404 187 289 70 31 0.04 0.01 -0.03 -0.31 -0.06 -0.31
405 168 277 73 30 0.03 0.02 -0.01 -0.22 -0.18 -0.3
406 171 384 70 29 0.02 0.03 -0.0 -0.24 -0.31 -0.43
407 194 381 66 28 -0.0 0.11 0.01 -0.37 -0.47 -0.6
408 171 359 63 26 -0.04 0.12 0.02 -0.47 -0.66 -0.87
409 138 381 62 26 -0.07 0.09 0.03 -0.55 -0.9 -1.06
410 120 414 61 26 -0.16 0.02 0.05 -0.55 -0.87 -1.14
411 114 401 61 25 -0.29 0.0 0.07 -0.51 -0.91 -1.23
412 106 375 62 25 -0.38 0.01 0.08 -0.4 -1.02 -1.67
413 93 365 60 24 -0.56 0.06 0.11 -0.51 -1.1 -1.89
414 86 322 60 24 -0.74 0.2 0.15 -0.54 -1.32 -2.44
415 88 275 65 24 -0.83 0.26 0.18 -0.54 -1.27 -2.52
416 80 249 67 24 -1.09 0.4 0.24 -0.3 -1.15 -2.25
417 88 239 63 24 -1.4 0.54 0.32 -0.89 -1.14 -2.24
418 96 227 62 24 -1.51 0.56 0.4 -1.58 -1.09 -1.44
419 86 216 61 24 -1.63 0.45 0.51 -1.36 -0.85 -1.34
420 90 204 64 23 -1.78 0.54 0.52 -0.98 -0.49 -1.09
421 104 187 65 24 -1.86 0.7 0.53 -0.44 -0.15 -0.89
422 95 173 63 27 -2.02 1.12 0.57 -0.55 0.11 -0.93
423 88 163 67 27 -2.24 1.22 0.59 -0.19 0.28 -0.85
424 89 150 65 26 -2.34 1.12 0.6 0.39 0.31 -0.45
425 94 176 69 35 -2.59 0.77 0.63 1.31 0.29 -0.45
426 87 167 72 33 -2.73 0.64 0.66 1.39 0.25 -0.68
427 89 146 80 31 -2.7 0.74 0.64 -0.5 0.1 -0.84
428 81 136 97 30 -2.7 0.92 0.62 -0.37 0.16 -0.48
429 70 127 106 34 -2.58 1.12 0.51 -0.16 -0.26 0.06
430 67 122 116 32 -2.44 1.12 0.5 0.57 -0.4 1.17
431 57 119 111 30 -2.15 1.06 0.24 0.69 -0.29 1.31
432 56 122 98 28 -2.19 1.18 0.31 0.99 -0.56 0.89
433 50 120 89 28 -2.16 1.35 0.35 0.47 -0.2 -0.47
434 51 121 86 30 -2.1 1.78 0.35 -0.57 -0.01 -0.65
435 48 124 88 28 -1.06 3.68 0.32 -0.06 -7.42 22.72
436 41 126 94 27 1.38 2.19 -0.52 -3.98 -0.48 -1.49
437 41 127 83 27 0.18 0.64 -0.32 -2.75 0.17 -2.13
438 36 128 76 26 0.13 0.48 -0.22 -1.73 1.55 -1.44
439 31 130 70 25 -0.09 0.71 -0.28 -1.39 -0.43 0.9
440 28 131 75 25 0.1 0.54 -0.21 -0.68 0.0 0.99
441 31 130 80 25 -0.04 -0.11 0.07 0.32 0.03 -0.23
442 29 131 78 25 -0.07 -0.07 0.11 0.49 0.14 -0.06
443 29 131 73 24 0.08 -0.02 0.02 0.59 0.24 -0.14
444 27 133 68 25 -0.01 0.16 -0.0 -0.02 -0.07 -0.22
445 26 132 64 24 -0.01 0.21 0.0 -0.16 -0.07 -0.02
446 34 131 63 24 -0.03 0.15 0.02 -0.31 0.05 0.0
447 38 133 64 25 0.01 -0.02 0.0 -0.41 0.12 -0.05
448 32 131 68 25 0.01 -0.05 -0.01 -0.09 0.1 -0.05
449 29 129 71 24 -0.01 -0.06 -0.02 -0.05 0.08 0.05
450 32 127 68 24 0.02 -0.02 -0.02 0.09 0.11 -0.02
451 29 124 66 24 0.04 0.0 -0.01 0.06 0.14 -0.07
452 28 124 63 25 0.06 0.04 -0.01 0.0 0.14 -0.07
453 26 123 59 24 0.06 0.04 -0.0 -0.17 0.17 -0.01
454 34 123 61 24 0.03 -0.01 -0.0 -0.22 0.13 0.03
455 33 122 58 25 0.03 -0.06 -0.01 -0.05 0.15 -0.02
456 32 122 63 25 0.02 -0.07 -0.02 0.01 0.1 -0.01
457 41 119 66 25 0.02 -0.06 -0.02 0.17 0.09 0.03
458 39 116 65 24 0.01 0.02 -0.01 0.15 0.05 -0.01
459 37 117 64 25 0.02 0.07 -0.01 0.05 0.03 -0.07
460 35 113 64 25 0.03 0.08 -0.01 -0.09 0.1 0.0
-100 -100 -100 -100 -100 -100 -100 -100 -100 -100 -100
461 32 110 60 25 0.02 0.04 0.0 -0.15 0.09 -0.02
462 31 109 64 24 0.0 -0.0 0.01 -0.05 0.12 -0.07
463 28 106 62 25 0.0 0.0 0.0 -0.08 0.12 0.0
464 28 105 59 24 0.0 -0.02 -0.01 -0.06 0.14 0.0
465 32 105 59 25 0.02 -0.0 -0.01 -0.06 0.19 -0.02
466 30 103 72 25 0.03 0.01 -0.02 -0.01 0.16 -0.02
467 29 101 69 25 0.04 0.03 -0.03 -0.03 0.16 -0.03
468 31 102 68 25 0.04 0.03 -0.03 -0.04 0.16 0.01
469 32 101 66 25 0.03 0.02 -0.03 -0.12 0.08 -0.06
470 31 98 65 25 0.01 -0.03 -0.02 -0.05 0.09 -0.07
471 29 98 65 25 0.02 -0.03 -0.02 0.02 0.06 -0.04
472 29 96 69 25 0.02 -0.02 -0.02 0.03 0.02 -0.03
473 42 95 69 25 0.03 -0.01 -0.01 0.02 0.1 -0.02
474 42 95 72 24 0.03 0.01 -0.01 -0.02 0.18 -0.01
475 40 94 67 25 0.02 0.01 -0.01 -0.06 0.16 0.0
476 39 92 69 25 0.0 -0.02 -0.01 -0.03 0.14 -0.04
477 38 90 67 25 -0.01 -0.03 -0.01 -0.02 0.08 -0.02
478 42 87 63 24 -0.0 -0.02 -0.01 -0.05 0.09 -0.03
479 38 84 68 25 0.0 -0.02 -0.01 -0.01 0.09 -0.04
480 38 85 67 24 0.01 -0.01 -0.0 -0.03 0.11 0.0
481 38 83 64 24 0.01 -0.02 -0.0 -0.05 0.11 0.0
482 38 81 65 24 -0.0 -0.02 0.0 -0.03 0.12 0.0
483 48 82 63 23 -0.0 -0.02 -0.0 0.02 0.09 0.0
484 46 82 62 24 -0.0 -0.01 -0.0 0.0 0.15 -0.07
485 45 82 65 24 -0.01 0.0 -0.01 -0.04 0.09 -0.06
486 44 81 66 24 0.01 0.0 -0.01 -0.08 0.08 -0.04
487 41 80 65 24 0.01 -0.0 -0.01 -0.03 0.07 -0.01
488 50 81 70 24 0.02 -0.01 -0.01 0.03 0.1 0.0
489 47 82 70 24 0.01 0.0 -0.01 0.0 0.14 -0.02
490 43 80 69 24 0.01 -0.0 -0.01 -0.06 0.12 -0.03
-200 -200 -200 -200 -200 -200 -200 -200 -200 -200 -200
491 39 80 65 24 0.01 0.01 -0.02 -0.04 0.16 -0.05
492 43 82 66 24 0.01 0.0 -0.02 -0.07 0.1 -0.06
493 40 79 67 24 0.01 -0.01 -0.02 -0.03 0.08 -0.03
494 49 79 73 23 0.02 -0.02 -0.02 0.0 0.08 0.0
495 47 77 71 24 0.03 -0.02 -0.01 0.04 0.06 -0.01
496 45 79 68 23 0.03 -0.01 -0.01 0.07 0.11 -0.04
497 42 79 64 24 0.02 0.01 -0.0 -0.05 0.11 -0.01
498 45 83 70 24 0.02 0.0 -0.01 -0.09 0.17 -0.06
499 44 87 73 24 0.01 -0.01 -0.01 -0.17 0.11 -0.03
500 43 85 70 23 0.02 -0.04 -0.01 -0.11 0.12 0.0
501 43 82 73 24 0.03 -0.06 -0.0 0.07 0.1 -0.05
502 44 96 72 24 0.03 -0.06 -0.0 0.15 0.11 0.01
503 56 111 66 24 0.01 -0.02 0.01 0.04 0.14 -0.02
504 71 135 63 29 -0.0 -0.01 0.01 -0.1 0.12 -0.05
505 75 144 60 42 0.01 -0.01 0.01 -0.23 0.09 -0.07
506 76 154 61 40 0.03 -0.05 0.01 -0.44 0.07 0.12
507 81 161 60 42 0.04 -0.19 0.02 -0.02 0.04 0.26
508 102 187 58 38 0.03 -0.23 0.04 0.11 0.16 0.36
509 156 202 58 38 0.01 -0.3 0.1 0.0 0.25 0.34
510 155 217 57 45 -0.06 -0.6 0.15 -0.2 0.25 0.68
511 150 241 58 62 -0.07 -0.76 0.15 -0.47 0.28 0.92
512 153 241 58 116 0.01 -1.05 0.09 -0.34 -0.06 1.22
513 138 231 60 99 0.14 -1.19 0.02 -0.19 0.01 1.76
514 150 231 61 87 0.21 -1.14 -0.01 -3.04 -1.47 2.15
515 168 216 61 74 0.9 -1.94 -0.28 0.49 -0.08 3.53
516 179 254 63 64 0.75 -1.58 -0.18 0.55 0.48 2.59
517 165 247 67 56 0.87 -1.3 -0.18 -1.47 -0.21 2.71
518 184 248 68 50 1.72 -1.64 -0.42 0.92 0.4 2.25
519 170 251 71 46 2.06 -1.5 -0.41 0.38 0.52 2.51
520 227 246 73 42 2.15 -1.36 -0.39 -0.04 0.45 2.47
521 262 243 74 40 2.29 -1.27 -0.39 -0.16 0.42 1.91
522 281 259 80 43 2.42 -1.24 -0.47 0.08 0.4 0.95
523 317 259 84 44 2.47 -1.15 -0.47 0.0 0.44 0.75
524 365 286 81 44 2.56 -1.07 -0.47 0.41 0.33 0.41
525 333 286 81 40 2.52 -0.87 -0.5 0.46 -0.26 0.44
526 319 309 84 43 2.55 -0.78 -0.52 0.1 -0.18 0.17
527 331 305 81 57 2.49 -0.62 -0.57 0.28 -0.36 -0.29
528 312 306 91 52 2.36 -0.45 -0.61 0.17 -0.43 -1.03
529 327 301 90 50 2.27 -0.38 -0.64 0.12 -0.62 -1.64
530 359 302 92 52 2.06 -0.31 -0.65 0.13 -0.74 -2.01
531 373 287 103 63 1.83 -0.28 -0.61 -0.36 -0.93 -2.45
532 439 303 100 67 1.71 -0.27 -0.59 -0.45 -1.03 -2.47
533 418 308 109 63 1.36 -0.27 -0.52 -0.63 -1.11 -2.74
534 443 342 113 88 1.24 -0.25 -0.48 -0.58 -1.09 -2.69
535 455 347 113 96 1.13 -0.22 -0.45 -0.59 -1.13 -2.5
536 405 323 109 88 0.78 -0.18 -0.35 -0.68 -1.15 -2.37
537 379 297 116 97 0.68 -0.17 -0.34 -0.42 -1.08 -2.13
538 415 305 120 93 0.57 -0.14 -0.32 -0.51 -1.07 -1.77
539 385 315 115 90 0.25 -0.07 -0.27 -0.82 -1.1 -1.72
540 348 326 119 86 0.13 -0.13 -0.24 -0.41 -0.94 -1.77
541 342 365 125 88 0.13 -0.13 -0.24 -0.43 -1.02 -1.62
542 316 350 118 79 0.03 -0.09 -0.19 -0.49 -1.0 -1.07
543 321 339 108 73 -0.0 -0.12 -0.19 -0.58 -0.65 -0.58
544 305 340 103 66 -0.1 -0.08 -0.17 -0.59 -0.52 -0.62
545 270 336 104 69 -0.16 0.04 -0.15 -0.88 -0.4 -0.61
546 286 336 99 68 -0.17 0.04 -0.11 -0.9 -0.26 -0.6
547 277 348 103 64 -0.19 -0.01 -0.03 -0.75 -0.18 -0.36
548 276 322 97 55 -0.18 -0.02 0.04 -0.65 -0.05 -0.15
549 247 328 90 54 -0.17 -0.01 0.06 -0.35 0.14 -0.22
550 242 311 93 56 -0.15 0.0 0.07 -0.27 0.21 -0.11
551 234 289 91 57 -0.16 0.05 0.05 -0.31 0.25 0.0
552 255 283 86 57 -0.16 0.06 0.04 -0.15 0.32 -0.28
553 212 285 82 49 -0.15 0.1 0.03 0.06 0.25 -0.26
554 216 274 79 47 -0.12 0.1 0.04 -0.15 0.3 -0.05
555 224 255 76 43 -0.1 0.09 0.04 -0.12 0.29 0.14
556 220 278 74 41 -0.1 0.11 0.04 -0.16 0.29 0.1
557 238 279 73 43 -0.11 0.13 0.04 -0.17 0.16 0.03
558 248 298 75 41 -0.11 0.15 0.04 -0.07 0.02 -0.41
559 223 289 79 38 -0.07 0.12 0.06 0.02 0.05 -0.37
560 210 276 80 36 -0.05 0.06 0.07 0.04 0.08 -0.22
561 204 278 77 35 -0.04 0.03 0.06 0.07 0.13 0.06
562 202 283 73 35 -0.03 0.05 0.02 0.05 0.17 0.13
563 199 266 73 35 -0.04 0.11 -0.01 0.0 0.16 -0.06
564 193 267 75 44 -0.04 0.15 -0.01 -0.18 0.07 -0.1
565 186 239 75 39 -0.01 0.11 -0.01 -0.17 0.03 -0.23
566 187 226 72 37 0.0 0.05 0.01 -0.08 0.02 -0.14
567 164 216 72 35 0.01 0.04 0.01 -0.07 0.06 0.03
568 160 240 73 33 0.01 0.05 0.01 -0.06 0.03 0.03
569 157 251 73 31 0.01 0.07 -0.0 -0.01 0.04 0.0
570 179 256 71 33 0.01 0.07 -0.01 -0.03 -0.08 -0.22
571 185 249 68 34 0.03 0.04 -0.0 -0.05 -0.07 -0.27
572 173 237 72 32 0.04 0.04 0.0 -0.01 -0.09 -0.3
573 198 235 70 31 0.03 0.02 0.01 -0.05 -0.03 -0.28
574 178 240 70 30 0.02 -0.01 0.0 -0.04 0.03 -0.28
575 162 240 68 30 -0.01 -0.01 -0.01 0.0 0.04 -0.24
576 157 238 67 34 -0.01 0.0 -0.02 -0.15 -0.02 -0.33
577 156 227 73 33 -0.02 -0.01 -0.04 -0.01 -0.05 -0.34
578 147 237 72 31 -0.04 -0.01 -0.03 -0.05 -0.04 -0.25
579 149 245 72 29 -0.05 -0.01 -0.03 -0.11 -0.06 -0.19
580 162 248 71 28 -0.04 -0.01 -0.03 -0.15 0.03 -0.14
581 158 242 71 31 -0.04 -0.0 -0.03 -0.24 0.09 -0.07
582 168 245 71 31 -0.04 0.0 -0.03 -0.2 0.03 -0.12
583 155 248 71 29 -0.03 -0.01 -0.03 -0.14 0.1 -0.09
584 196 254 74 29 -0.0 0.0 -0.03 -0.1 0.13 -0.24
585 194 218 73 29 -0.0 0.03 -0.03 -0.2 0.12 -0.26
586 196 215 70 28 -0.01 0.04 -0.02 -0.34 0.03 -0.3
587 194 215 70 29 -0.02 0.01 0.0 -0.46 0.11 -0.38
588 171 207 68 28 -0.03 0.02 0.03 -0.7 0.02 -0.35
589 179 205 68 27 -0.08 0.04 0.09 -0.68 -0.09 -0.45
590 155 195 68 26 -0.12 0.08 0.16 -0.63 -0.23 -0.58
591 139 180 66 25 -0.15 0.12 0.2 -0.6 -0.65 -0.83
592 116 195 64 25 -0.24 0.2 0.26 -0.57 -0.71 -0.91
593 102 184 62 25 -0.42 0.28 0.31 -0.51 -1.05 -1.19
594 85 182 60 25 -0.54 0.35 0.33 -0.82 -1.44 -1.67
595 71 202 57 23 -0.74 0.51 0.39 -1.03 -1.68 -1.98
596 66 180 57 24 -0.92 0.55 0.48 -0.56 -1.63 -3.04
597 57 165 55 24 -1.05 0.56 0.52 -0.03 -1.3 -3.22
598 71 172 56 24 -1.4 0.64 0.59 0.49 -1.12 -2.95
599 69 171 60 24 -1.74 0.88 0.68 0.21 -0.95 -2.68
600 67 155 60 24 -1.87 1.01 0.7 -0.39 -0.55 -1.63
601 56 147 60 33 -2.14 1.12 0.55 0.05 -0.47 -1.48
602 61 156 58 32 -2.39 1.15 0.33 0.7 0.0 -1.39
603 86 155 59 30 -2.53 1.09 0.25 1.01 0.01 -1.24
604 87 150 61 29 -2.7 1.14 0.18 0.79 -0.08 -1.21
605 103 145 59 28 -2.76 1.05 0.25 0.81 0.25 -0.92
606 96 134 57 27 -2.87 1.07 0.32 -0.46 0.07 -0.83
607 87 132 56 27 -2.8 0.9 0.31 -0.88 -0.14 -0.68
608 78 132 58 48 -2.64 0.57 0.21 -0.6 0.02 -0.09
609 69 125 60 75 -2.61 0.4 0.18 -0.6 -0.44 0.23
610 58 127 94 67 -2.44 0.1 0.27 0.54 -0.33 0.75
611 54 129 99 59 -2.14 -0.02 0.25 0.61 -0.36 1.59
612 50 132 100 51 -2.07 0.11 0.3 0.25 -0.16 1.22
613 53 134 97 44 -1.91 0.58 0.41 -0.01 -0.2 1.04
614 86 135 94 40 -1.97 0.76 0.39 -1.34 -0.52 -3.42
615 77 142 93 36 -1.64 0.52 0.28 -4.72 -4.73 13.11
616 64 145 92 34 0.9 0.82 0.02 5.07 1.93 11.05
617 55 146 86 32 0.06 1.67 -0.09 -1.81 -0.09 5.18
618 46 146 79 30 0.08 1.26 -0.21 -1.75 2.15 -0.32
619 40 144 79 29 0.27 0.99 -0.19 -1.28 1.41 -1.5
620 35 145 77 27 0.27 0.57 -0.15 -1.5 0.74 -0.94
621 31 143 73 26 0.23 0.14 -0.08 0.36 0.24 0.27
622 30 141 73 26 0.08 -0.16 0.01 0.69 0.08 0.38
623 28 141 71 25 0.11 -0.02 0.04 0.31 0.04 -0.18
624 25 140 79 25 0.1 0.04 0.04 0.17 0.03 -0.33
625 23 140 81 25 0.01 0.16 0.05 0.15 0.0 -0.34
626 22 139 81 24 -0.02 0.19 0.06 -0.08 -0.14 0.0
627 21 137 74 24 -0.01 0.13 0.06 -0.24 0.04 0.41
628 22 133 74 24 -0.03 0.07 0.04 -0.16 0.1 0.34
629 21 130 75 24 -0.02 0.12 0.0 -0.12 0.27 0.16
630 20 126 72 23 -0.02 0.14 -0.01 -0.23 0.3 0.06
631 24 122 74 24 0.01 0.09 -0.03 -0.32 0.27 -0.01
632 23 121 73 24 0.04 -0.06 -0.01 -0.14 0.25 -0.02
633 22 120 76 24 0.04 -0.09 -0.01 -0.07 0.22 -0.1
634 20 118 75 24 0.04 -0.07 -0.0 -0.02 0.2 -0.08
635 20 118 71 23 0.04 -0.02 -0.01 0.09 0.19 0.0
-100 -100 -100 -100 -100 -100 -100 -100 -100 -100 -100
636 19 115 68 24 0.03 -0.0 -0.01 0.11 0.14 0.0
637 19 114 63 24 0.01 0.01 -0.01 0.05 0.13 -0.09
638 19 114 63 24 0.01 0.02 -0.01 0.01 0.12 -0.15
639 18 114 63 24 0.02 0.02 -0.02 -0.17 0.12 0.0
640 18 113 77 24 0.04 0.02 -0.02 -0.15 0.11 0.1
641 19 112 75 24 0.06 0.04 -0.02 -0.05 0.24 0.13
642 21 109 71 24 0.06 0.03 -0.02 -0.06 0.23 0.09
643 20 107 66 25 0.02 -0.01 -0.01 0.02 0.23 0.06
644 20 106 62 25 -0.03 -0.05 -0.01 0.0 0.14 -0.02
645 19 104 65 24 -0.03 -0.05 -0.0 0.02 0.11 -0.08
646 20 101 65 24 -0.03 -0.02 -0.01 0.01 0.03 -0.09
647 20 99 67 24 -0.01 0.0 -0.0 -0.03 0.05 -0.08
648 19 97 67 24 -0.02 -0.0 0.0 -0.1 0.11 -0.04
649 19 96 67 24 -0.01 -0.03 0.01 -0.08 0.13 -0.03
650 19 95 68 24 -0.0 -0.03 0.0 0.0 0.18 -0.01
651 19 93 68 25 -0.0 -0.03 -0.0 0.06 0.16 -0.03
652 16 93 64 25 -0.01 -0.0 -0.01 0.04 0.15 -0.02
653 19 93 61 24 -0.01 0.01 -0.01 -0.13 0.21 -0.01
654 18 87 59 26 -0.01 0.0 -0.02 -0.14 0.15 -0.05
655 19 85 60 26 -0.01 -0.02 -0.01 -0.03 0.11 0.0
656 18 87 58 26 -0.0 -0.02 -0.01 -0.02 0.07 -0.05
657 19 84 63 25 0.0 -0.02 -0.01 0.01 0.11 -0.1
658 19 83 69 26 0.0 -0.04 -0.01 -0.02 0.14 -0.05
659 19 82 69 24 -0.0 -0.05 -0.01 0.0 0.11 0.02
660 18 79 64 25 -0.01 -0.05 -0.01 0.01 0.15 0.0
661 21 78 61 25 -0.02 -0.05 -0.0 0.01 0.14 0.02
662 20 76 63 24 -0.02 -0.01 -0.0 0.08 0.14 -0.01
663 21 75 63 24 -0.03 0.0 -0.0 -0.08 0.1 -0.05
664 20 73 63 24 -0.03 0.0 -0.0 -0.1 0.14 -0.04
665 20 71 67 24 -0.02 -0.03 -0.01 -0.16 0.14 -0.03
666 20 70 67 24 -0.01 -0.04 -0.01 -0.09 0.17 -0.03
667 19 70 69 25 -0.0 -0.03 -0.03 -0.02 0.19 -0.02
668 19 70 66 24 0.0 -0.02 -0.04 -0.06 0.17 -0.03
669 20 70 66 23 0.0 -0.02 -0.04 -0.12 0.12 -0.03
670 20 68 63 24 0.01 -0.03 -0.06 -0.12 0.1 -0.02
-200 -200 -200 -200 -200 -200 -200 -200 -200 -200 -200
671 20 68 63 24 0.03 -0.03 -0.07 -0.05 0.07 -0.11
672 21 68 78 25 0.04 -0.03 -0.07 0.0 0.04 -0.13
673 22 68 73 24 0.04 -0.03 -0.07 0.01 0.05 -0.13
674 21 68 70 24 0.05 -0.01 -0.05 0.1 0.1 -0.03
675 20 69 67 24 0.05 -0.01 -0.05 0.12 0.1 -0.03
676 20 67 64 24 0.04 0.0 -0.03 0.08 0.1 0.02
677 21 68 72 24 0.01 -0.01 -0.02 0.02 0.13 0.01
678 21 69 75 24 -0.0 -0.02 -0.01 0.02 0.15 0.02
679 21 69 71 24 -0.01 -0.01 0.01 0.01 0.15 0.0
680 20 69 72 24 -0.02 -0.0 0.01 -0.04 0.1 -0.02
681 19 68 73 24 -0.02 0.01 0.02 -0.08 0.11 -0.07
682 17 68 70 24 -0.02 -0.02 0.01 -0.11 0.13 -0.01
683 20 68 73 24 -0.02 -0.02 0.01 -0.05 0.16 -0.01
684 20 68 72 25 -0.02 -0.02 0.01 -0.06 0.19 0.01
685 20 69 70 25 -0.03 -0.03 0.01 0.02 0.1 -0.04
686 30 84 71 24 -0.04 -0.04 0.02 0.08 0.07 -0.01
687 45 92 69 27 -0.05 -0.05 0.02 0.09 0.05 -0.03
688 83 113 65 31 -0.06 -0.03 0.02 -0.22 0.06 -0.07
689 94 116 63 29 -0.04 -0.03 -0.01 -0.32 0.17 0.02
690 101 151 61 72 -0.05 -0.04 -0.02 -0.83 0.14 0.1
691 93 169 59 62 0.01 -0.13 -0.03 -0.5 0.18 0.41
692 106 197 59 57 0.04 -0.23 -0.03 0.48 0.02 0.42
693 108 225 59 50 0.09 -0.26 -0.03 0.28 -0.01 0.42
694 167 254 59 49 0.18 -0.51 0.01 -0.07 0.13 0.39
695 181 290 59 76 0.23 -0.8 0.01 -0.69 0.08 0.78
696 192 309 60 67 0.31 -0.96 0.0 -0.94 0.0 1.06
697 194 313 58 64 0.53 -1.26 -0.1 -1.97 -0.97 1.69
698 185 290 60 61 0.81 -1.62 -0.2 -0.68 0.45 2.19
699 179 285 62 54 0.99 -1.77 -0.33 1.42 -0.58 3.09
700 203 322 66 49 1.19 -1.53 -0.31 1.29 0.12 4.05
701 230 319 68 46 1.08 -1.31 -0.41 0.0 0.36 3.39
702 248 342 68 49 1.43 -1.05 -0.43 -2.38 0.19 2.92
703 233 350 70 44 2.43 -1.44 -0.65 0.39 0.0 2.16
704 270 332 80 41 2.51 -1.17 -0.56 0.3 0.35 1.81
705 288 316 101 45 2.57 -1.01 -0.5 0.19 0.23 1.97
706 298 334 117 42 2.75 -0.72 -0.49 -0.58 0.0 2.45
707 301 328 128 43 2.79 -0.67 -0.48 -0.76 -0.14 1.79
708 325 328 117 40 2.79 -0.66 -0.45 -0.64 -0.09 1.06
709 322 369 112 40 2.6 -0.52 -0.4 0.31 -0.13 -0.87
710 312 343 122 38 2.44 -0.31 -0.34 0.28 -0.38 -1.69
711 287 318 117 45 2.35 -0.28 -0.33 0.12 -0.59 -1.78
712 277 303 119 45 2.19 -0.35 -0.37 0.47 -0.64 -2.26
713 291 291 120 48 1.98 -0.25 -0.36 0.43 -0.5 -2.46
714 325 307 124 44 1.85 -0.22 -0.37 0.26 -0.65 -2.4
715 351 331 125 46 1.62 -0.29 -0.39 -0.02 -0.79 -2.41
716 354 322 116 42 1.38 -0.29 -0.39 -0.2 -0.94 -2.3
717 321 300 105 39 1.25 -0.24 -0.38 -0.38 -1.01 -2.37
718 327 331 106 43 1.01 -0.23 -0.34 -0.48 -1.1 -2.5
719 331 315 113 44 0.74 -0.23 -0.32 -0.66 -1.5 -2.59
720 318 333 111 55 0.66 -0.25 -0.29 -0.32 -1.22 -2.6
721 294 317 104 50 0.45 -0.12 -0.21 -0.53 -1.27 -2.03
722 272 309 102 45 0.27 -0.16 -0.18 -0.72 -1.21 -1.94
723 305 315 97 41 0.2 -0.19 -0.15 -0.63 -1.13 -1.78
724 296 319 101 56 0.07 -0.17 -0.11 -0.68 -0.89 -1.13
725 272 305 99 57 -0.07 -0.11 -0.08 -0.63 -0.96 -1.15
726 249 295 94 51 -0.1 -0.09 -0.07 -0.72 -0.87 -1.12
727 302 280 90 48 -0.15 -0.09 -0.02 -0.66 -0.56 -0.56
728 303 293 85 47 -0.2 -0.09 0.02 -0.53 -0.36 -0.27
729 274 284 104 49 -0.21 -0.08 0.04 -0.24 -0.24 -0.15
730 259 281 106 45 -0.18 -0.03 0.05 -0.17 -0.13 0.14
731 229 263 104 52 -0.15 -0.02 0.01 -0.12 0.2 0.27
732 227 261 95 47 -0.14 -0.0 -0.02 -0.23 0.25 0.14
733 235 268 93 47 -0.15 0.06 -0.03 -0.34 0.32 -0.14
734 210 262 89 44 -0.14 0.07 -0.02 -0.37 0.22 -0.15
735 230 277 90 42 -0.13 0.05 0.0 -0.28 0.16 -0.09
736 225 279 100 41 -0.08 -0.01 0.03 -0.02 0.14 -0.09
737 219 267 92 38 -0.07 -0.03 0.05 0.03 0.12 0.01
738 224 269 91 45 -0.07 -0.02 0.04 0.05 0.03 0.06
739 232 314 93 42 -0.09 0.02 0.03 0.02 -0.15 0.03
740 222 310 96 42 -0.09 0.04 0.02 -0.19 -0.28 0.01
741 220 304 93 43 -0.07 0.02 0.02 -0.18 -0.28 -0.06
742 211 288 97 40 -0.04 -0.01 0.03 -0.17 -0.14 -0.04
743 188 262 93 37 -0.02 -0.01 0.04 -0.07 -0.06 -0.21
744 198 251 90 40 -0.02 -0.01 0.04 -0.04 -0.04 -0.21
745 204 238 91 39 -0.01 -0.0 0.03 0.04 0.0 -0.2
746 196 264 93 44 -0.03 0.02 0.02 0.03 0.02 -0.24
747 188 256 91 40 -0.04 0.02 0.02 0.03 0.02 -0.28
748 197 255 88 37 -0.05 0.02 0.02 -0.04 0.09 -0.22
749 202 273 87 40 -0.08 0.02 0.03 -0.04 0.06 -0.04
750 181 260 84 36 -0.09 0.02 0.02 -0.1 0.0 -0.09
751 162 252 80 32 -0.08 0.02 0.01 -0.03 -0.1 -0.18
752 195 255 80 36 -0.05 0.01 0.0 -0.02 -0.05 -0.09
753 175 228 79 33 -0.03 0.0 0.01 -0.03 -0.04 -0.04
754 186 225 78 34 -0.02 0.01 -0.01 -0.03 0.0 0.08
755 191 218 77 33 -0.02 0.02 -0.01 -0.12 -0.04 0.05
756 185 215 77 31 -0.03 0.05 -0.03 -0.19 -0.05 -0.04
757 174 221 76 33 -0.02 0.03 -0.04 -0.13 -0.06 -0.35
758 182 224 73 38 -0.02 0.02 -0.04 -0.07 -0.01 -0.29
759 179 227 73 36 -0.02 0.02 -0.02 -0.05 0.0 -0.26
760 192 219 73 34 -0.03 0.04 -0.0 -0.04 0.0 -0.35
761 198 230 75 31 -0.03 0.0 0.01 -0.04 -0.05 -0.19
762 187 213 74 35 -0.04 -0.02 0.01 0.01 -0.06 -0.15
763 180 241 73 35 -0.06 0.01 0.01 0.04 0.0 -0.22
764 172 217 72 36 -0.07 0.03 0.0 0.0 0.08 -0.17
765 149 216 71 32 -0.08 0.03 -0.01 -0.07 0.09 -0.15
766 157 224 70 31 -0.07 0.01 -0.03 0.04 0.03 -0.18
767 168 227 68 30 -0.06 0.01 -0.03 -0.02 0.05 -0.06
768 181 215 72 31 -0.05 0.05 -0.03 -0.2 -0.01 0.03
769 166 209 75 29 -0.04 0.03 -0.05 -0.27 -0.01 0.0
770 149 208 74 31 -0.03 -0.01 -0.04 -0.13 0.02 -0.02
771 138 200 74 29 -0.03 -0.0 -0.03 -0.18 0.05 -0.08
772 142 189 73 30 -0.01 0.01 -0.02 -0.2 0.03 -0.19
773 139 193 71 29 -0.0 0.0 -0.01 -0.13 0.0 -0.2
774 119 175 69 28 -0.01 0.01 0.0 -0.16 -0.07 -0.25
775 131 166 68 27 -0.03 0.05 0.01 -0.19 -0.2 -0.39
776 119 152 67 26 -0.04 0.07 0.02 -0.23 -0.33 -0.52
777 98 132 65 25 -0.08 0.11 0.03 -0.37 -0.5 -0.67
778 94 125 64 25 -0.13 0.18 0.06 -0.32 -0.59 -0.89
779 100 115 64 25 -0.24 0.28 0.09 -0.47 -0.87 -1.09
780 96 107 64 24 -0.32 0.32 0.11 -0.55 -0.93 -1.26
781 90 103 64 25 -0.52 0.3 0.17 -0.68 -1.05 -1.67
782 77 98 63 24 -0.75 0.31 0.27 -0.5 -1.14 -2.32
783 63 94 65 23 -0.89 0.35 0.32 -0.54 -1.12 -2.55
784 55 90 64 24 -1.16 0.53 0.48 -0.68 -1.36 -2.69
785 50 100 65 24 -1.26 0.63 0.57 -0.8 -1.29 -2.7
786 44 99 63 23 -1.49 0.79 0.7 -0.83 -1.15 -2.57
787 39 107 61 24 -1.7 1.02 0.79 -1.05 -0.98 -2.27
788 35 108 60 25 -1.85 1.16 0.82 -0.72 -0.74 -2.12
789 62 113 61 25 -2.19 1.12 0.82 -0.24 -0.97 -1.65
790 68 114 61 25 -2.45 0.75 0.8 0.69 -0.53 -1.59
791 108 112 60 24 -2.59 0.66 0.81 0.16 -0.34 -0.97
792 95 109 60 24 -2.86 0.66 0.86 0.0 -0.31 -0.77
793 97 116 61 26 -2.79 0.74 0.82 -0.46 -0.44 0.11
794 103 144 61 25 -2.7 0.74 0.76 0.22 0.0 0.52
795 105 142 61 24 -2.52 0.71 0.6 -0.11 -0.06 0.5
796 111 184 70 25 -2.29 0.72 0.41 -0.01 -0.07 1.29
797 129 194 71 24 -2.15 0.45 0.34 0.89 0.07 1.56
798 138 185 78 24 -1.9 0.04 -0.04 1.28 0.16 1.36
799 162 194 87 24 -1.68 -0.03 -0.09 1.6 0.0 1.09
800 166 204 98 25 -1.55 0.04 -0.06 -0.63 0.03 1.7
801 155 176 110 25 -1.3 0.18 0.01 -0.21 -0.57 2.35
802 157 169 108 26 -1.11 1.73 0.17 3.11 -0.94 12.09
803 150 160 109 26 -0.62 3.52 0.15 -2.17 -0.7 7.14
804 120 152 105 27 -0.13 1.96 -0.39 -4.29 0.23 3.55
805 99 146 95 26 0.24 0.11 -0.39 -1.99 1.28 -1.16
806 83 138 84 25 0.04 0.14 -0.36 -1.52 0.96 -3.58
807 81 133 79 25 -0.05 0.28 -0.15 -0.5 0.53 -3.02
808 68 130 75 25 -0.01 0.45 0.17 -1.01 -0.75 1.73
809 57 128 69 25 0.1 0.25 0.21 1.36 0.09 0.69
810 48 123 73 25 0.09 0.25 0.27 1.14 0.04 -0.16
811 48 122 77 25 -0.02 0.33 0.24 0.75 -0.08 -0.66
812 42 119 72 24 -0.07 0.38 0.2 0.31 -0.16 -0.47
813 38 114 70 25 -0.16 0.49 0.07 0.25 -0.05 -0.37
814 42 112 68 24 -0.15 0.51 -0.02 -0.66 -0.12 -0.16
815 42 107 65 24 -0.11 0.46 -0.03 -0.83 -0.08 0.13
816 36 105 67 25 -0.04 0.3 -0.05 -0.71 0.03 0.16
817 33 103 78 25 0.03 0.11 -0.06 -0.47 0.14 0.0
818 35 101 75 24 0.06 0.04 -0.05 -0.35 0.13 0.0
819 31 98 71 25 0.13 0.01 -0.04 0.0 0.22 0.06
820 29 98 67 25 0.15 0.03 -0.05 0.01 0.24 0.07
821 26 95 66 25 0.12 0.02 -0.05 0.02 0.2 -0.03
822 23 94 73 25 0.09 0.01 -0.05 0.0 0.19 0.03
823 23 92 75 25 0.08 0.02 -0.06 0.05 0.19 0.07
824 21 90 72 25 0.06 0.02 -0.06 0.03 0.15 0.03
825 31 90 71 26 0.05 0.04 -0.06 0.08 0.09 0.04
826 30 88 68 25 0.05 0.06 -0.05 0.03 0.06 -0.02
827 28 88 67 25 0.04 0.06 -0.04 -0.04 0.08 0.0
828 26 87 69 25 0.03 0.04 -0.03 -0.11 0.07 0.05
829 24 85 71 25 0.01 0.01 -0.01 -0.02 0.11 0.05
830 24 84 75 25 0.01 0.01 -0.01 0.09 0.12 0.04
831 27 83 74 25 -0.02 0.01 0.01 0.08 0.12 0.01
832 25 82 72 25 -0.05 0.02 0.02 0.03 0.09 -0.03
-100 -100 -100 -100 -100 -100 -100 -100 -100 -100 -100
833 28 78 68 25 -0.04 0.04 0.02 -0.03 0.07 -0.06
834 28 78 66 24 -0.03 0.06 0.01 -0.12 0.1 -0.05
835 25 75 68 24 -0.03 0.03 0.01 -0.14 0.12 -0.11
836 24 74 69 25 -0.02 0.04 0.0 -0.16 0.13 -0.08
837 24 73 73 25 -0.01 -0.01 -0.01 -0.11 0.14 0.0
838 22 73 70 25 -0.01 -0.04 -0.01 -0.04 0.12 -0.02
839 23 71 63 25 -0.01 -0.04 -0.02 0.0 0.09 0.0
840 23 74 62 24 0.01 0.01 -0.02 0.0 0.11 -0.01
841 24 73 61 25 0.02 0.04 -0.02 -0.02 0.12 -0.06
842 20 72 64 25 0.02 0.04 -0.02 -0.03 0.15 -0.05
843 20 70 69 24 0.03 0.02 -0.02 -0.08 0.08 -0.01
844 21 69 67 24 0.02 -0.01 -0.02 -0.05 0.08 -0.1
845 21 70 64 26 0.03 -0.01 -0.02 -0.05 0.11 -0.06
846 20 70 60 24 0.03 -0.02 -0.02 -0.04 0.1 0.0
847 25 71 61 24 0.02 -0.01 -0.02 -0.06 0.11 0.01
848 23 71 62 24 0.02 -0.02 -0.03 0.04 0.11 -0.02
849 21 70 65 24 0.02 -0.01 -0.03 -0.01 0.11 -0.05
850 23 69 69 24 0.02 -0.01 -0.03 0.05 0.09 -0.01
851 24 69 70 23 0.02 0.01 -0.02 0.03 0.08 0.0
852 26 69 69 24 0.03 0.03 -0.02 0.01 0.1 0.02
853 25 69 67 24 0.01 0.03 -0.01 -0.11 0.13 -0.06
854 24 71 72 23 0.01 0.02 -0.01 -0.09 0.1 -0.04
855 24 72 66 24 0.01 -0.01 -0.01 -0.05 0.1 0.0
856 24 72 65 24 0.02 0.01 -0.02 -0.05 0.07 -0.06
857 29 72 77 24 0.02 0.0 -0.02 -0.03 0.1 -0.05
858 29 71 72 21 0.03 0.01 -0.03 -0.06 0.08 -0.02
859 28 72 71 24 0.02 -0.01 -0.02 -0.04 0.09 0.01
860 33 73 70 24 0.01 -0.03 -0.02 -0.05 0.06 -0.01
861 31 73 70 24 0.01 -0.04 -0.02 0.01 0.09 -0.06
862 30 71 72 24 0.01 -0.02 -0.02 0.0 0.08 -0.02
863 30 70 72 24 0.02 -0.0 -0.02 0.0 0.1 -0.01
864 30 71 74 23 0.03 0.02 -0.02 0.05 0.07 0.0
865 31 73 73 23 0.03 0.06 -0.02 -0.1 0.1 0.0
866 32 74 68 24 0.02 0.04 -0.02 -0.17 0.12 0.0
-200 -200 -200 -200 -200 -200 -200 -200 -200 -200 -200
867 34 74 65 24 0.0 -0.01 -0.02 -0.13 0.13 0.0
868 34 76 76 23 -0.01 -0.05 -0.02 -0.07 0.13 -0.04
869 32 75 74 24 -0.0 -0.05 -0.02 -0.03 0.11 -0.04
870 32 75 76 23 0.01 -0.03 -0.02 0.0 0.11 0.01
871 30 73 71 23 0.0 0.01 -0.02 0.0 0.06 -0.02
872 32 78 69 23 0.0 0.01 -0.01 0.0 0.06 -0.04
873 30 78 66 22 0.01 0.0 -0.01 -0.02 0.07 -0.09
874 30 77 72 23 0.01 -0.02 -0.01 -0.05 0.12 0.0
875 39 81 71 23 0.01 -0.03 -0.0 -0.04 0.12 -0.02
876 35 81 70 23 0.01 -0.03 -0.0 0.01 0.12 0.03
877 33 81 64 24 -0.0 -0.02 -0.01 -0.06 0.12 -0.02
878 33 80 61 23 -0.0 -0.02 -0.0 -0.01 0.13 -0.02
879 44 87 57 24 -0.0 -0.01 -0.0 -0.03 0.11 -0.02
880 49 96 63 24 -0.0 -0.03 0.0 -0.04 0.07 0.0
881 48 104 63 25 -0.0 -0.03 -0.0 -0.08 0.08 -0.02
882 57 109 60 25 0.01 -0.04 0.01 0.0 0.08 -0.04
883 63 129 58 25 -0.0 -0.05 0.02 0.0 0.04 -0.04
884 65 133 59 25 -0.0 -0.06 0.02 -0.01 0.07 0.02
885 78 134 59 27 0.03 -0.04 0.02 -0.13 -0.03 0.03
886 93 145 57 34 0.04 -0.14 0.03 0.04 0.18 0.13
887 121 141 58 36 0.04 -0.15 0.02 0.05 0.07 0.02
888 118 169 57 34 0.07 -0.19 0.02 0.1 0.1 0.0
889 120 177 59 33 0.12 -0.37 0.0 -0.06 0.13 0.15
890 157 175 62 31 0.15 -0.51 -0.02 -0.28 0.15 0.43
891 167 174 62 31 0.24 -0.89 -0.11 -0.64 0.13 0.66
892 196 188 62 38 0.32 -1.23 -0.19 -1.22 0.07 1.3
893 212 200 65 39 0.4 -1.53 -0.22 -1.44 -0.05 1.62
894 240 232 68 35 0.8 -2.19 -0.37 -2.19 -0.83 2.51
895 236 238 70 32 0.97 -2.64 -0.4 0.83 0.3 3.01
896 237 252 71 31 1.17 -2.26 -0.35 0.57 0.65 2.85
897 233 245 75 33 2.06 -1.88 -0.59 1.65 1.26 3.14
898 242 258 84 31 2.12 -1.01 -0.5 1.21 0.7 3.43
899 319 265 81 31 2.11 -0.65 -0.48 0.44 0.12 3.67
900 304 295 81 33 2.3 -0.54 -0.54 -0.77 -0.08 3.12
901 274 284 80 34 2.38 -0.79 -0.59 0.48 0.56 1.39
902 264 272 89 40 2.34 -0.81 -0.6 0.29 0.36 1.03
903 276 290 90 38 2.26 -0.48 -0.49 0.34 -0.04 0.79
904 280 292 86 38 2.24 -0.41 -0.52 0.0 -0.49 0.32
905 261 304 85 35 2.24 -0.51 -0.55 0.0 -0.49 0.08
906 295 319 86 32 2.22 -0.51 -0.52 0.27 -0.68 -0.67
907 287 304 84 34 2.14 -0.39 -0.5 0.12 -0.88 -0.94
908 267 284 84 36 2.09 -0.39 -0.5 -0.01 -0.9 -1.06
909 291 269 88 39 1.9 -0.39 -0.46 -0.22 -0.96 -1.57
910 322 264 90 38 1.78 -0.34 -0.42 -0.19 -1.05 -1.6
911 366 269 97 40 1.68 -0.35 -0.39 -0.49 -1.21 -1.74
912 323 319 93 36 1.51 -0.38 -0.37 -0.39 -1.2 -1.65
913 303 293 87 68 1.33 -0.34 -0.35 -0.46 -1.08 -1.91
914 282 316 90 65 1.24 -0.34 -0.35 -0.49 -1.06 -2.02
915 273 298 87 61 1.04 -0.27 -0.31 -0.39 -0.95 -2.51
916 280 298 90 54 0.87 -0.27 -0.26 -0.52 -1.0 -2.28
917 293 277 96 52 0.79 -0.3 -0.24 -0.43 -0.95 -2.09
918 283 266 90 48 0.6 -0.27 -0.21 -0.72 -0.83 -1.61
919 332 265 85 50 0.44 -0.22 -0.19 -0.79 -0.72 -1.61
920 296 281 84 54 0.37 -0.2 -0.17 -0.66 -0.68 -1.8
921 274 275 77 57 0.23 -0.13 -0.11 -0.62 -0.64 -1.81
922 295 281 76 54 0.12 -0.14 -0.05 -0.77 -0.52 -1.37
923 279 274 80 54 0.07 -0.14 -0.01 -0.68 -0.47 -1.18
924 310 278 83 59 -0.01 -0.13 0.02 -0.78 -0.46 -0.98
925 276 259 82 56 -0.06 -0.12 0.05 -0.46 -0.45 -0.56
926 285 246 89 50 -0.07 -0.13 0.05 -0.55 -0.47 -0.45
927 317 228 87 56 -0.07 -0.13 0.03 -0.41 -0.29 -0.02
928 305 224 86 53 -0.06 -0.12 0.0 -0.29 -0.11 0.05
929 325 230 91 54 -0.04 -0.1 -0.01 -0.36 -0.01 0.0
930 284 225 94 51 -0.01 -0.03 -0.02 -0.24 -0.03 0.21
931 259 233 93 55 -0.0 -0.03 -0.01 -0.43 -0.01 0.09
932 243 219 93 57 0.02 -0.04 -0.01 -0.38 0.07 0.04
933 252 241 89 51 0.03 -0.04 0.0 -0.19 0.24 -0.17
934 233 248 86 47 0.04 0.0 0.01 -0.1 0.2 -0.12
935 220 261 81 44 0.05 0.02 0.01 -0.07 0.17 -0.06
936 200 261 79 41 0.05 -0.0 -0.01 -0.05 0.13 -0.12
937 189 259 76 38 0.06 0.02 -0.02 -0.07 0.17 -0.09
938 183 274 73 43 0.05 0.04 -0.01 -0.12 0.09 -0.04
939 171 262 71 42 0.03 0.05 -0.0 -0.08 0.02 -0.28
940 172 259 70 39 0.04 0.02 0.0 0.01 0.03 -0.35
941 177 255 72 41 0.04 0.02 0.01 -0.05 -0.04 -0.25
942 161 261 76 41 0.04 0.06 0.01 -0.14 -0.09 -0.09
943 167 251 73 37 0.01 0.04 0.02 -0.1 -0.17 -0.21
944 159 240 71 37 0.01 0.02 0.02 -0.08 -0.14 -0.29
945 187 220 69 34 0.01 0.01 0.01 0.06 -0.15 -0.46
946 197 226 71 32 -0.02 0.05 0.0 -0.05 -0.12 -0.43
947 195 213 70 31 -0.04 0.05 -0.01 -0.11 -0.1 -0.38
948 195 211 70 29 -0.08 0.07 -0.02 -0.25 -0.07 -0.39
949 187 215 71 28 -0.09 0.06 -0.02 -0.27 -0.13 -0.37
950 175 199 70 27 -0.09 0.04 -0.01 -0.09 -0.13 -0.18
951 186 223 68 28 -0.09 0.04 0.0 0.0 -0.15 -0.12
952 180 213 67 28 -0.09 0.06 -0.0 0.0 -0.11 -0.18
953 165 195 69 30 -0.09 0.06 -0.01 0.03 -0.09 -0.2
954 196 211 70 29 -0.09 0.06 -0.02 0.03 -0.01 -0.19
955 175 206 69 27 -0.1 0.08 -0.03 -0.04 0.02 -0.14
956 160 225 69 29 -0.11 0.09 -0.04 -0.19 0.0 -0.11
957 158 224 68 28 -0.11 0.02 -0.04 -0.13 0.02 -0.22
958 169 212 65 29 -0.1 -0.01 -0.03 -0.19 0.0 -0.17
959 153 208 65 30 -0.1 0.0 -0.02 -0.09 0.05 -0.13
960 142 210 65 27 -0.11 0.04 -0.0 -0.1 0.09 -0.11
961 119 193 64 27 -0.1 0.05 -0.01 -0.04 0.18 -0.08
962 168 203 63 31 -0.09 0.05 -0.01 -0.03 0.15 -0.07
963 158 199 64 30 -0.08 0.04 -0.01 -0.01 0.09 -0.11
964 135 193 64 28 -0.05 0.02 -0.02 -0.09 0.06 0.0
965 139 221 65 29 -0.04 0.01 -0.02 -0.1 0.06 0.02
966 185 211 65 29 -0.03 0.05 -0.02 -0.17 0.0 -0.08
967 159 181 62 28 -0.02 0.03 -0.03 -0.19 -0.03 -0.2
968 179 186 60 27 -0.01 -0.01 -0.04 0.0 0.05 -0.3
969 184 196 62 28 -0.04 0.04 -0.03 -0.2 0.01 -0.28
970 165 184 60 27 -0.05 0.03 -0.02 -0.16 -0.05 -0.45
971 152 182 60 36 -0.04 0.01 -0.01 -0.05 -0.01 -0.37
972 155 170 60 33 -0.07 0.04 0.0 -0.02 -0.05 -0.38
973 160 168 58 31 -0.11 0.08 -0.01 -0.11 -0.14 -0.35
974 143 173 57 30 -0.11 0.05 -0.01 -0.03 -0.1 -0.32
975 161 171 61 29 -0.13 0.04 -0.02 0.0 -0.15 -0.3
976 153 167 62 30 -0.14 0.1 -0.03 0.02 -0.16 -0.32
977 151 155 59 29 -0.14 0.11 -0.03 -0.06 -0.21 -0.22
978 130 165 58 28 -0.15 0.08 -0.05 -0.21 -0.27 -0.15
979 116 151 58 27 -0.17 0.05 -0.05 -0.2 -0.19 -0.19
980 141 151 58 26 -0.17 0.05 -0.06 -0.29 -0.22 -0.22
981 143 163 58 26 -0.19 0.07 -0.05 -0.25 -0.2 -0.27
982 125 178 57 25 -0.25 0.14 -0.03 -0.45 -0.28 -0.32
983 123 180 57 25 -0.29 0.15 -0.02 -0.43 -0.33 -0.29
984 103 170 56 25 -0.4 0.11 -0.01 -0.6 -0.46 -0.45
985 96 154 55 23 -0.44 0.1 -0.01 -0.7 -0.41 -0.78
986 81 163 54 24 -0.53 0.12 0.0 -0.65 -0.42 -0.87
987 95 161 54 24 -0.63 0.22 0.03 -0.53 -0.31 -1.15
988 81 145 52 24 -0.7 0.3 0.05 -0.51 -0.33 -1.22
989 73 139 52 24 -0.86 0.47 0.09 -0.34 -0.33 -1.24
990 70 168 55 24 -1.07 0.63 0.15 -0.15 -0.36 -1.29
991 63 170 56 24 -1.17 0.74 0.17 0.14 -0.33 -1.48
992 61 160 57 24 -1.38 1.07 0.16 0.13 -0.37 -1.57
993 61 162 63 22 -1.57 1.41 0.18 0.07 -0.19 -1.59
994 65 151 59 24 -1.65 1.49 0.17 -0.76 -0.37 -1.63
995 61 147 63 25 -1.8 1.34 0.2 -0.51 -0.27 -1.6
996 59 137 62 25 -1.92 1.32 0.27 -0.18 -0.04 -1.75
997 61 176 64 24 -1.97 1.23 0.29 0.25 0.12 -1.57
998 77 265 77 25 -2.09 0.98 0.34 0.58 0.3 -1.49
999 79 247 81 24 -2.21 1.03 0.4 0.66 0.33 -1.68
1000 74 230 85 24 -2.19 1.15 0.42 0.33 0.02 -1.79
1001 84 213 79 32 -2.27 1.44 0.43 0.15 0.12 -1.63
1002 74 185 74 45 -2.47 1.57 0.33 -0.37 -0.21 -0.96
1003 70 170 69 47 -2.51 1.48 0.26 -0.52 -0.6 -0.42
1004 64 156 67 47 -2.5 1.05 0.13 -0.64 -0.84 -0.32
1005 60 147 63 42 -2.34 0.4 0.0 -1.02 -1.13 0.03
1006 59 138 60 39 -2.24 0.1 0.08 0.15 -0.81 0.15
1007 67 131 63 35 -1.95 -0.21 0.04 0.2 -0.67 0.11
1008 75 126 74 32 -1.93 -0.08 0.04 -0.25 -0.63 -0.62
1009 65 121 78 31 -1.88 -0.03 0.06 -0.42 -0.71 -0.98
1010 61 116 74 29 -1.82 -0.08 0.11 -0.4 -0.75 -0.89
1011 57 114 86 29 -1.76 -0.37 0.09 1.55 1.3 -6.93
1012 48 116 89 28 -0.88 -1.21 0.26 3.51 -6.36 24.33
1013 73 114 81 26 0.71 0.76 0.1 3.55 3.41 19.41
1014 67 106 74 26 -0.1 0.82 -0.06 -3.19 -1.03 -1.35
1015 79 104 75 25 0.21 0.2 -0.08 -0.33 1.07 -2.05
1016 66 103 77 25 0.34 0.59 -0.24 0.13 0.99 -1.44
1017 61 104 73 24 0.08 0.39 -0.25 -0.7 -0.07 0.0
1018 55 103 68 24 0.02 -0.03 -0.15 0.43 -0.17 0.23
1019 55 102 69 24 -0.04 -0.34 0.03 0.31 -0.54 0.08
1020 49 100 73 24 0.13 -0.19 0.01 0.15 -0.13 -0.22
1021 42 100 78 23 0.14 -0.09 -0.0 0.47 0.07 -0.16
1022 53 97 79 24 0.06 0.15 0.01 0.39 0.01 0.02
1023 62 96 75 24 -0.01 0.14 0.06 -0.09 0.06 0.14
1024 53 93 75 24 -0.03 0.05 0.08 -0.37 0.21 0.11
1025 58 94 70 24 -0.02 -0.07 0.06 -0.3 0.31 0.06
1026 62 92 71 23 0.02 -0.04 0.01 -0.03 0.43 0.06
1027 62 90 70 24 0.04 0.01 -0.0 0.12 0.28 0.06
1028 66 89 67 23 0.06 0.1 -0.04 0.15 0.16 -0.04
1029 60 87 65 23 0.07 0.09 -0.05 -0.22 0.0 -0.08
1030 68 88 62 23 0.07 0.04 -0.05 -0.33 -0.04 -0.13
1031 65 85 62 24 0.1 -0.02 -0.04 -0.24 0.0 -0.12
1032 54 85 68 23 0.11 -0.05 -0.04 -0.08 0.01 -0.05
1033 57 84 69 23 0.12 -0.02 -0.04 0.16 0.13 0.03
1034 50 83 67 23 0.12 0.05 -0.05 0.15 0.12 0.05
1035 60 82 66 23 0.11 0.11 -0.05 0.12 0.17 0.04
1036 56 81 65 23 0.1 0.12 -0.04 0.06 0.14 0.0
1037 50 80 63 24 0.05 0.05 -0.02 0.0 0.09 0.0
1038 51 79 62 23 0.04 0.01 -0.02 -0.03 0.13 0.05
1039 61 78 70 23 0.04 0.01 -0.01 0.0 0.07 -0.02
1040 52 77 70 24 0.04 0.02 -0.01 0.02 0.06 -0.05
1041 49 75 71 23 0.04 0.03 -0.01 -0.01 0.1 -0.03
1042 45 74 67 23 0.03 0.04 -0.01 -0.02 0.06 -0.01
1043 44 74 67 24 0.03 0.05 -0.01 -0.04 0.1 -0.06
1044 49 75 67 24 0.01 0.0 -0.0 -0.02 0.06 -0.02
1045 53 76 70 24 0.01 -0.0 -0.0 0.07 0.11 0.0
1046 65 80 69 24 0.01 0.02 0.0 0.09 0.11 -0.01
1047 55 77 66 23 0.01 0.05 0.0 -0.05 0.11 0.02
1048 53 78 72 24 0.01 0.07 -0.0 -0.1 0.13 -0.03
1049 49 75 71 24 0.04 0.09 -0.01 -0.11 0.13 -0.06
1050 44 74 69 23 0.02 0.02 -0.01 -0.19 0.13 -0.01
-100 -100 -100 -100 -100 -100 -100 -100 -100 -100 -100
1051 43 76 73 24 0.02 0.01 -0.01 -0.08 0.07 -0.07
1052 51 74 72 24 0.04 -0.0 -0.02 -0.03 0.09 -0.06
1053 52 74 68 23 0.05 -0.01 -0.02 0.0 0.08 0.01
1054 53 74 66 23 0.04 -0.01 -0.02 0.05 0.13 -0.02
1055 50 72 65 23 0.04 0.02 -0.02 0.04 0.13 0.0
1056 47 73 67 23 0.03 0.04 -0.02 -0.08 0.1 -0.05
1057 45 74 66 23 0.02 0.01 -0.02 -0.05 0.07 -0.03
1058 53 76 70 24 0.02 -0.01 -0.01 -0.01 0.1 0.0
1059 54 75 68 23 0.01 -0.02 -0.01 0.0 0.07 0.02
1060 50 73 66 24 0.01 -0.01 -0.0 -0.05 0.08 -0.02
1061 49 73 65 24 0.01 0.0 -0.01 -0.03 0.09 -0.01
1062 50 74 64 24 0.02 0.01 -0.01 0.0 0.11 -0.02
1063 45 74 70 24 0.02 0.01 -0.01 0.01 0.12 0.0
1064 55 76 73 23 0.01 0.01 -0.01 0.02 0.08 0.0
1065 52 78 69 23 0.01 0.02 -0.01 -0.06 0.08 -0.04
1066 47 77 67 23 0.0 0.0 -0.01 -0.12 0.08 -0.04
1067 52 76 75 24 0.0 -0.02 -0.01 -0.05 0.08 -0.02
1068 49 76 71 23 0.01 -0.02 -0.01 -0.01 0.11 -0.01
1069 47 75 73 24 0.01 -0.02 -0.01 -0.01 0.08 -0.02
1070 54 76 69 23 0.01 0.0 -0.02 -0.04 0.08 -0.05
1071 52 75 67 24 0.01 0.0 -0.02 -0.04 0.07 -0.05
1072 46 74 66 24 0.02 -0.01 -0.02 -0.02 0.07 -0.01
1073 44 75 63 23 0.02 -0.01 -0.01 -0.03 0.11 -0.03
1074 45 75 64 24 0.02 -0.0 -0.02 0.0 0.11 -0.03
1075 48 74 69 24 0.02 0.0 -0.02 -0.06 0.08 -0.05
1076 47 74 65 25 0.02 0.0 -0.02 -0.07 0.06 -0.05
1077 46 74 68 24 0.02 -0.0 -0.02 -0.1 0.05 -0.03
1078 43 74 69 23 0.03 -0.02 -0.03 -0.02 0.13 0.0
1079 42 73 73 25 0.02 -0.02 -0.02 0.0 0.11 -0.02
1080 38 73 73 24 0.01 -0.01 -0.02 0.0 0.09 0.0
1081 45 74 67 24 0.01 -0.0 -0.02 0.02 0.11 -0.02
1082 44 75 65 25 0.01 0.01 -0.01 -0.01 0.09 -0.05
1083 40 75 62 24 0.01 0.0 -0.01 -0.09 0.09 -0.02
1084 39 76 65 25 0.01 -0.01 -0.01 -0.09 0.1 -0.05
1085 47 75 67 24 0.01 -0.03 -0.01 -0.08 0.1 -0.02
1086 41 76 66 25 0.01 -0.03 -0.02 0.0 0.09 0.0
1087 41 75 70 25 0.0 -0.01 -0.02 0.02 0.09 -0.05
1088 38 75 66 24 0.01 0.01 -0.02 0.02 0.1 -0.02
1089 38 75 65 24 -0.0 0.0 -0.01 0.0 0.09 0.0
1090 35 76 71 25 -0.0 0.0 -0.01 0.0 0.07 -0.06
1091 41 77 69 24 -0.01 -0.01 -0.0 -0.01 0.06 -0.03
1092 54 79 67 24 -0.01 -0.01 0.0 0.0 0.08 -0.05
1093 52 79 67 23 -0.01 -0.01 0.0 0.01 0.11 -0.02
1094 45 79 71 24 -0.01 0.01 0.01 -0.05 0.11 0.0
1095 41 80 75 23 -0.01 0.02 -0.0 -0.11 0.1 -0.04
1096 40 81 72 24 0.0 0.01 -0.0 -0.09 0.08 -0.04
1097 38 80 67 24 0.01 0.02 -0.01 -0.05 0.1 -0.01
1098 47 81 63 24 0.01 0.0 -0.0 -0.02 0.12 -0.05
