-1 -1 -1 -1 -1 -1 -1 -1 -1 -1 -1
2 25 90 79 23 -0.01 0.37 -0.03 -0.06 -0.07 -0.13
3 23 87 83 23 -0.01 0.35 -0.01 -0.25 -0.1 -0.23
4 21 86 80 23 -0.01 0.23 0.03 -0.21 -0.09 -0.22
5 21 86 78 23 -0.0 0.1 0.08 -0.1 -0.13 -0.15
6 22 93 76 23 0.0 0.06 0.08 0.05 0.04 -0.08
7 22 101 71 23 -0.01 0.03 0.06 0.03 0.07 -0.06
8 18 98 72 24 -0.02 0.02 0.04 0.09 0.09 -0.11
9 23 95 68 23 -0.02 0.01 0.04 0.1 0.11 -0.14
10 22 93 69 23 -0.01 -0.03 0.03 0.15 0.1 -0.09
11 21 88 70 23 -0.0 -0.05 0.03 0.24 -0.01 -0.07
12 20 87 69 23 0.01 -0.04 0.03 0.22 -0.05 -0.11
13 20 97 66 24 0.03 -0.02 0.03 0.17 -0.03 -0.11
14 20 105 67 24 0.05 -0.01 0.03 0.08 -0.04 -0.13
15 19 105 72 23 0.07 -0.0 0.02 0.03 0.05 -0.11
16 19 112 75 23 0.08 -0.02 -0.01 -0.01 0.06 -0.07
17 21 118 70 23 0.07 -0.04 -0.03 0.0 0.1 -0.06
18 20 138 66 23 0.06 -0.05 -0.05 0.14 0.14 -0.01
19 19 163 66 23 0.03 -0.07 -0.07 0.21 0.16 0.0
20 19 166 63 24 0.01 -0.07 -0.08 0.36 0.2 0.01
21 18 156 70 23 -0.01 -0.06 -0.08 0.42 0.15 -0.02
22 18 142 66 24 -0.03 -0.06 -0.06 0.43 0.14 -0.05
23 17 172 73 24 -0.04 -0.09 -0.02 0.3 0.0 -0.13
24 17 163 74 23 -0.04 -0.1 0.01 0.31 -0.04 -0.11
25 17 167 84 24 -0.05 -0.11 0.06 0.37 -0.06 -0.02
26 13 182 88 24 -0.05 -0.05 0.09 0.29 -0.14 0.0
27 17 187 80 23 -0.05 -0.02 0.1 0.11 -0.03 -0.09
28 17 217 77 24 -0.05 0.04 0.09 -0.02 0.02 -0.1
29 17 226 76 24 -0.04 0.02 0.07 -0.05 0.1 -0.1
30 17 213 75 23 -0.02 -0.01 0.06 -0.01 0.16 -0.14
31 17 201 71 25 -0.0 -0.08 0.04 0.01 0.16 -0.18
32 17 191 73 24 -0.01 -0.11 0.03 0.12 0.04 -0.15
33 16 175 70 24 -0.01 -0.12 0.03 0.17 -0.03 -0.16
34 16 163 69 23 0.02 -0.11 0.03 0.12 -0.1 -0.2
35 17 148 80 23 0.06 -0.09 0.04 0.07 -0.08 -0.17
36 16 180 77 21 0.08 -0.09 0.03 0.15 0.04 -0.08
37 17 183 75 24 0.1 -0.08 0.02 0.17 0.11 -0.02
38 17 158 74 23 0.09 -0.05 -0.01 0.13 0.12 -0.07
39 16 146 75 22 0.08 -0.04 -0.03 0.07 0.17 -0.08
40 16 137 79 23 0.06 -0.03 -0.06 0.03 0.18 -0.04
41 16 128 75 23 0.03 -0.02 -0.09 -0.05 0.15 -0.1
42 16 123 72 24 0.01 -0.04 -0.1 0.02 0.18 -0.07
43 17 117 69 23 -0.02 -0.07 -0.11 0.2 0.19 -0.03
44 16 121 65 23 -0.04 -0.08 -0.1 0.38 0.11 -0.07
45 16 127 65 23 -0.04 -0.07 -0.09 0.5 0.02 -0.06
46 16 116 62 23 -0.06 -0.05 -0.05 0.54 0.01 -0.04
47 16 112 73 23 -0.07 -0.0 -0.0 0.54 -0.04 -0.04
48 16 109 69 23 -0.08 0.02 0.02 0.24 -0.08 -0.1
49 18 122 66 23 -0.07 0.05 0.04 0.14 -0.09 -0.11
50 16 117 68 23 -0.06 0.06 0.05 0.01 0.0 -0.13
51 16 109 74 23 -0.06 0.06 0.05 0.0 0.05 -0.08
52 16 105 75 23 -0.05 0.05 0.04 0.03 0.1 -0.12
53 16 101 71 23 -0.06 0.04 0.03 0.05 0.15 -0.1
54 16 111 67 23 -0.06 0.03 0.02 0.07 0.13 -0.14
55 14 121 68 23 -0.04 0.0 0.01 0.14 0.05 -0.13
56 16 127 73 23 0.0 -0.02 0.01 0.1 -0.04 -0.15
57 18 125 71 23 0.02 -0.03 -0.0 0.11 -0.08 -0.17
58 16 125 73 23 0.07 -0.03 0.0 0.09 -0.02 -0.14
59 16 120 73 23 0.09 -0.02 -0.01 0.05 0.08 -0.12
60 18 114 75 23 0.09 -0.02 -0.02 0.04 0.07 -0.12
61 16 110 77 23 0.09 -0.02 -0.04 0.09 0.11 -0.08
62 16 107 71 23 0.08 -0.02 -0.07 0.13 0.11 -0.09
63 16 112 66 24 0.08 -0.01 -0.08 0.14 0.1 -0.09
64 16 108 69 23 0.06 0.0 -0.09 0.12 0.08 -0.1
65 16 117 70 24 0.04 -0.0 -0.09 0.11 0.1 -0.1
66 16 108 67 23 0.03 -0.02 -0.09 0.14 0.08 -0.12
67 16 107 70 23 0.02 -0.04 -0.06 0.27 0.08 -0.08
68 15 101 70 23 0.01 -0.04 -0.03 0.36 0.04 -0.07
69 15 96 69 23 0.0 -0.03 -0.02 0.36 0.02 -0.05
70 16 98 66 23 -0.02 -0.0 0.01 0.29 -0.01 -0.09
71 16 98 72 23 -0.02 0.03 0.04 0.06 -0.02 0.03
72 16 99 74 23 -0.02 0.03 0.05 0.04 0.0 0.0
73 16 107 70 23 -0.03 0.02 0.06 0.0 0.06 0.03
74 15 107 66 23 -0.04 0.0 0.06 0.05 0.11 0.02
75 17 103 67 24 -0.04 0.0 0.05 0.03 0.14 0.02
76 16 100 65 23 -0.04 0.0 0.05 0.05 0.13 0.03
77 16 101 68 23 -0.03 0.01 0.04 0.08 0.06 -0.01
78 16 94 67 23 -0.02 0.01 0.03 0.06 0.0 0.0
79 16 93 63 23 0.01 0.02 0.03 0.05 -0.02 0.0
80 16 89 62 23 0.04 0.03 0.02 -0.03 0.03 0.0
81 16 90 64 23 0.05 0.03 0.01 -0.06 0.07 -0.02
82 16 95 67 23 0.08 0.02 -0.01 -0.07 0.12 0.01
83 16 92 70 23 0.09 0.01 -0.04 0.01 0.11 0.0
84 16 101 68 24 0.09 0.02 -0.05 0.0 0.08 0.01
85 16 98 66 23 0.09 0.03 -0.07 0.03 0.11 0.06
86 17 94 64 24 0.07 0.02 -0.09 0.04 0.13 0.07
87 15 96 71 22 0.06 0.02 -0.09 0.1 0.12 0.05
88 16 100 69 24 0.04 0.01 -0.09 0.13 0.14 0.03
89 16 108 67 23 0.01 0.0 -0.07 0.21 0.09 0.04
90 16 107 66 23 0.0 -0.01 -0.05 0.22 0.09 0.03
91 16 104 69 23 -0.02 -0.01 -0.01 0.28 0.07 0.06
92 16 101 72 23 -0.03 0.0 0.04 0.2 0.0 0.08
93 16 96 68 23 -0.04 0.01 0.05 0.16 0.0 0.02
94 16 109 72 23 -0.05 0.03 0.07 0.03 0.02 0.01
95 16 121 71 24 -0.05 0.04 0.07 -0.09 0.07 0.02
96 16 115 73 23 -0.05 0.04 0.06 -0.09 0.1 0.0
97 17 110 73 23 -0.04 0.02 0.05 -0.04 0.1 0.0
98 16 103 74 23 -0.03 -0.01 0.05 0.0 0.09 0.0
99 17 98 73 23 -0.03 -0.01 0.04 0.05 0.04 -0.01
100 16 94 76 23 -0.01 0.0 0.03 0.05 0.03 0.0
101 17 91 74 23 0.02 0.02 0.02 -0.04 0.04 -0.04
102 17 101 78 22 0.03 0.02 0.01 -0.06 0.05 -0.03
103 17 106 73 23 0.06 0.01 -0.0 -0.08 0.07 0.01
104 17 102 73 23 0.07 -0.01 -0.02 -0.01 0.08 0.04
105 16 98 71 24 0.08 -0.02 -0.02 0.04 0.09 0.0
106 17 95 77 23 0.08 -0.02 -0.03 0.02 0.09 0.05
107 17 91 74 23 0.08 -0.01 -0.04 0.07 0.1 0.03
108 17 102 72 23 0.07 -0.0 -0.05 0.06 0.07 0.05
109 17 105 72 23 0.06 0.0 -0.05 0.04 0.1 0.07
110 16 104 70 23 0.04 0.01 -0.05 0.06 0.12 0.02
111 17 98 74 23 0.03 0.0 -0.05 0.03 0.13 0.04
112 17 106 69 23 0.01 -0.02 -0.03 0.16 0.15 0.03
113 17 106 68 23 -0.02 -0.02 -0.01 0.17 0.06 0.07
114 16 104 66 23 -0.03 -0.02 0.0 0.2 0.03 0.06
115 17 110 68 23 -0.05 -0.0 0.02 0.12 0.0 0.03
116 17 106 71 23 -0.06 0.01 0.03 0.01 -0.01 0.0
117 16 119 74 24 -0.06 0.01 0.04 -0.05 0.01 -0.05
118 17 117 74 24 -0.05 -0.0 0.04 -0.09 0.1 -0.01
119 17 110 73 23 -0.05 -0.02 0.04 0.0 0.13 0.01
120 17 104 73 23 -0.05 -0.03 0.04 0.03 0.13 0.0
121 16 124 69 23 -0.03 -0.02 0.03 0.06 0.05 0.0
122 16 125 70 23 -0.02 0.0 0.01 -0.06 0.01 -0.01
123 21 117 74 23 -0.01 0.01 0.0 -0.12 0.01 -0.01
124 17 114 71 24 0.02 -0.02 -0.01 -0.11 0.08 -0.03
125 17 109 71 23 0.03 -0.05 -0.01 0.01 0.09 0.0
126 17 131 71 24 0.03 -0.05 -0.02 0.03 0.11 0.0
127 17 126 69 23 0.03 -0.04 -0.02 0.09 0.08 0.02
128 17 120 69 23 0.04 -0.03 -0.02 0.03 0.08 0.0
129 16 127 69 23 0.04 -0.03 -0.02 0.05 0.09 0.0
130 17 132 66 23 0.04 -0.04 -0.01 0.04 0.11 0.02
131 17 132 67 23 0.03 -0.04 -0.02 0.03 0.1 0.02
132 17 129 71 23 0.02 -0.04 -0.02 0.03 0.1 0.01
133 17 137 69 23 0.01 -0.05 -0.01 0.0 0.08 0.0
134 18 130 70 24 -0.0 -0.06 0.0 0.06 0.1 0.03
135 17 119 67 23 -0.01 -0.07 0.01 0.1 0.08 0.03
136 18 110 67 23 -0.03 -0.05 0.02 0.1 0.08 0.04
137 28 103 71 23 -0.04 -0.03 0.02 0.09 0.09 0.04
138 68 98 68 24 -0.04 -0.01 0.01 0.11 0.11 0.03
139 59 93 67 23 -0.05 0.03 -0.0 0.12 0.11 0.04
140 50 88 76 23 -0.05 0.07 -0.02 0.02 0.16 0.05
141 43 85 73 23 -0.07 0.11 -0.04 0.01 0.15 0.05
142 38 94 77 23 -0.09 0.11 -0.05 -0.02 0.07 0.0
143 36 95 73 23 -0.09 0.09 -0.04 -0.05 0.0 -0.03
144 32 94 71 24 -0.09 0.07 -0.03 -0.08 -0.01 -0.06
145 32 90 68 23 -0.07 0.03 -0.0 -0.05 0.03 -0.05
146 31 86 73 23 -0.06 0.01 0.01 -0.04 0.03 -0.03
147 27 82 71 23 -0.05 -0.02 0.01 0.02 0.08 0.0
148 25 81 68 24 -0.04 -0.04 0.01 0.01 0.07 0.02
149 23 106 70 23 -0.03 -0.04 0.01 0.06 0.12 0.02
150 22 103 68 23 -0.03 -0.03 0.01 0.03 0.12 0.0
151 21 98 65 23 -0.02 -0.02 -0.0 0.0 0.1 0.0
152 20 112 61 29 -0.02 -0.03 -0.01 -0.03 0.06 -0.01
153 19 114 71 28 -0.02 -0.04 -0.01 -0.03 0.05 -0.02
154 20 105 73 27 -0.02 -0.05 0.0 0.11 0.04 0.03
155 18 97 75 26 -0.02 -0.05 0.0 0.09 0.07 0.06
156 19 93 70 26 -0.03 -0.03 0.01 0.02 0.11 0.0
157 19 96 66 26 -0.03 -0.01 0.01 0.0 0.15 0.03
158 18 105 70 25 -0.05 -0.01 0.01 -0.06 0.08 0.0
159 16 97 67 24 -0.05 -0.02 0.0 0.0 0.11 0.01
160 17 96 64 24 -0.05 -0.03 0.0 -0.01 0.06 0.01
161 15 91 68 24 -0.05 -0.03 -0.01 -0.01 0.04 0.0
162 18 89 70 23 -0.04 -0.03 -0.01 0.0 0.08 -0.02
163 17 85 68 24 -0.04 -0.03 0.0 0.04 0.09 0.0
164 17 98 70 23 -0.03 -0.03 0.0 0.01 0.08 0.0
165 17 94 70 23 -0.03 -0.02 0.0 0.04 0.09 -0.01
166 17 93 66 23 -0.02 -0.02 -0.0 0.0 0.12 0.02
167 17 89 66 23 -0.02 -0.02 -0.0 -0.01 0.11 0.0
168 17 87 64 23 -0.02 -0.02 -0.01 -0.01 0.1 0.0
169 17 86 63 23 -0.02 -0.02 -0.01 -0.01 0.11 0.02
170 17 94 58 23 -0.02 -0.03 -0.0 0.01 0.06 -0.01
171 16 97 67 23 -0.03 -0.03 -0.0 0.0 0.07 0.0
172 16 94 68 23 -0.02 -0.03 0.0 0.04 0.06 0.03
173 17 86 68 23 -0.02 -0.03 0.01 0.06 0.11 0.04
174 17 102 65 24 -0.02 -0.02 0.01 0.05 0.13 0.0
175 16 108 64 23 -0.02 -0.01 0.01 0.0 0.11 -0.02
176 16 109 64 23 -0.02 -0.01 0.0 0.0 0.12 0.02
-200 -200 -200 -200 -200 -200 -200 -200 -200 -200 -200
177 17 105 68 23 -0.02 -0.0 0.0 -0.01 0.1 -0.02
178 16 99 70 23 -0.01 -0.01 -0.0 -0.02 0.09 0.02
179 16 102 68 23 -0.01 -0.01 -0.0 0.0 0.1 0.01
180 17 101 69 23 -0.0 -0.01 -0.0 0.0 0.11 0.01
181 17 105 71 23 -0.0 -0.01 -0.0 0.02 0.11 0.02
182 18 114 72 24 -0.0 -0.0 -0.0 0.03 0.09 0.01
183 18 108 68 23 -0.0 -0.0 -0.0 0.03 0.1 0.0
184 18 114 64 24 0.0 0.0 -0.0 0.01 0.08 0.0
185 17 112 62 24 0.01 -0.0 0.0 0.0 0.09 0.02
186 17 122 66 25 0.01 -0.0 0.0 0.08 0.14 0.02
187 18 147 69 29 0.01 0.0 0.01 0.07 0.1 0.04
188 18 155 65 35 0.0 0.01 0.0 -0.03 0.13 0.04
189 18 198 64 34 0.0 0.01 0.01 0.0 0.12 0.0
190 18 216 66 32 -0.02 -0.03 0.03 0.16 0.15 0.13
191 19 224 66 33 -0.02 -0.06 0.04 -0.06 0.32 0.15
192 18 245 66 38 -0.03 -0.19 0.08 0.02 0.43 0.14
193 21 242 68 82 -0.18 -0.49 0.16 0.62 0.49 0.52
194 27 237 69 73 -0.33 -0.71 0.23 0.17 0.49 0.7
195 29 224 70 83 -0.8 -1.16 0.38 0.02 0.33 0.45
196 26 216 75 109 -0.69 -0.47 0.37 0.32 -0.15 0.26
197 24 204 72 101 -0.43 0.0 0.32 -0.72 -0.25 0.83
198 24 212 74 89 -0.2 0.24 0.29 -1.12 -0.19 1.26
199 22 226 73 80 0.0 0.15 0.32 -1.04 -1.51 2.7
200 21 228 70 68 0.21 0.08 0.33 0.49 3.82 3.02
201 20 238 73 62 0.79 -0.4 0.28 -0.86 -0.2 2.49
202 20 226 70 62 0.96 -0.61 0.39 -0.59 0.03 2.82
203 19 212 74 54 1.16 -0.68 0.38 -0.49 0.09 3.02
204 18 213 73 47 1.44 -0.7 0.32 -0.14 0.17 2.88
205 18 226 71 43 1.69 -0.71 0.28 0.17 0.31 2.47
206 18 236 69 40 1.81 -0.72 0.28 0.26 0.38 1.77
207 18 224 67 41 1.99 -0.76 0.27 0.3 0.42 1.05
208 16 203 77 37 1.99 -0.82 0.27 0.07 0.36 0.54
209 16 184 77 34 2.0 -0.94 0.26 0.32 0.34 0.1
210 16 171 74 42 2.08 -1.21 0.23 0.35 0.4 0.0
211 17 163 74 47 2.07 -1.28 0.2 0.2 0.36 -0.45
212 17 166 70 44 2.02 -1.28 0.19 0.48 0.21 -0.87
213 16 159 71 41 1.98 -1.27 0.18 0.52 0.21 -0.98
214 16 152 70 38 1.97 -1.19 0.19 0.0 0.16 -1.21
215 17 147 79 43 1.91 -1.16 0.18 -0.08 -0.17 -0.79
216 17 141 81 41 1.75 -1.16 0.18 -0.28 -0.02 -1.81
217 19 134 95 57 1.68 -1.28 0.14 0.23 -0.24 -1.29
218 18 137 91 50 1.63 -1.03 0.14 -0.05 -0.13 -1.13
219 19 138 85 44 1.54 -0.9 0.13 0.2 -0.27 -0.87
220 21 152 82 47 1.44 -0.8 0.12 -0.45 -0.37 -0.99
221 22 160 79 42 1.4 -0.91 0.1 -0.36 -0.63 -1.4
222 50 156 91 40 1.33 -0.94 0.08 -0.49 -0.61 -1.45
223 44 149 92 40 1.29 -0.92 0.06 -0.08 -0.35 -1.35
224 46 147 108 51 1.22 -0.78 0.05 -0.32 -0.41 -1.06
225 47 178 112 59 1.15 -0.66 0.08 -0.53 -0.44 -1.02
226 51 192 114 55 1.11 -0.63 0.07 -0.31 -0.36 -0.77
227 48 274 117 60 1.08 -0.59 0.07 -0.36 -0.18 -0.73
228 47 304 111 57 1.02 -0.5 0.04 -0.44 -0.14 -0.96
229 48 304 117 58 0.98 -0.42 0.01 -0.32 -0.22 -1.15
230 51 289 126 64 0.97 -0.34 0.01 -0.16 -0.34 -1.28
231 96 252 132 58 0.91 -0.12 0.04 -0.11 -0.35 -1.22
232 97 241 122 61 0.81 -0.02 0.06 -0.27 -0.18 -0.89
233 95 258 125 64 0.71 0.03 0.04 -0.37 -0.14 -1.11
234 131 240 123 64 0.59 -0.03 0.03 -0.38 -0.2 -1.28
235 148 234 159 82 0.54 -0.01 0.06 -0.42 -0.17 -1.68
236 158 258 150 132 0.5 -0.03 0.08 -0.36 -0.1 -1.28
237 186 266 137 130 0.42 0.06 0.11 -0.42 -0.25 -0.88
238 303 252 129 135 0.45 0.09 0.13 -0.66 -0.51 -1.33
239 342 252 132 136 0.52 0.06 0.15 -0.58 -0.52 -1.37
240 303 251 134 127 0.55 0.12 0.19 0.0 -0.55 -1.45
241 329 239 160 123 0.47 0.47 0.11 0.34 -0.15 -0.06
242 331 281 144 154 0.35 0.73 0.04 0.04 -0.38 -0.97
243 517 324 156 148 0.27 1.14 -0.06 0.47 -0.26 -1.52
244 452 349 150 140 0.26 1.54 -0.07 0.45 -0.47 -1.48
245 492 343 161 158 0.26 1.54 -0.12 0.05 -0.46 -1.41
246 515 375 186 177 0.27 1.34 -0.17 0.16 -0.34 -1.08
247 523 407 182 195 0.22 1.82 -0.25 0.71 -0.15 -0.93
248 494 414 188 269 0.19 2.43 -0.31 0.53 -0.36 -1.33
249 559 441 215 314 0.29 3.51 -0.5 0.49 -0.47 -0.86
250 614 474 224 310 0.44 3.66 -0.67 0.36 -0.5 0.0
251 605 475 241 310 0.48 3.28 -0.71 0.09 -0.3 0.35
252 628 522 276 323 0.45 2.5 -0.73 0.07 -0.06 -0.25
253 607 533 297 395 0.37 2.32 -0.75 -0.58 -0.08 -1.0
254 703 509 303 357 0.32 2.4 -0.77 -0.75 -0.05 -0.72
255 650 523 345 490 0.2 2.46 -0.8 -0.9 -0.14 -0.31
256 576 503 330 465 0.12 2.2 -0.76 -0.74 -0.17 -0.21
257 671 586 353 479 0.13 2.02 -0.75 -0.21 -0.26 -0.31
258 639 516 323 535 4.07 2.65 0.33 -27.26 -6.28 18.32
259 551 435 295 546 -1.31 5.92 -2.67 8.03 8.2 7.09
260 494 360 265 460 -0.61 3.27 -1.98 -5.3 -1.51 8.1
261 403 302 248 416 0.23 0.04 -0.64 -5.3 -1.21 5.14
262 424 263 224 363 -0.33 -0.36 -0.46 -4.83 0.48 -1.69
263 367 226 206 315 -0.44 0.42 -0.52 -1.99 0.47 -1.07
264 356 205 181 269 -1.23 1.09 -0.75 -1.29 1.21 -0.48
265 317 194 161 242 -1.78 1.31 -1.14 -0.27 0.24 -2.44
266 263 179 151 235 -1.76 1.3 -1.28 1.37 0.56 -1.93
267 225 158 155 229 -1.36 1.74 -1.2 4.71 0.19 -2.45
268 293 149 147 234 -0.95 0.69 -0.93 1.54 -0.1 1.09
269 252 150 135 227 -0.86 -0.02 -0.83 -0.04 -0.05 3.01
270 233 151 126 226 -1.04 -0.89 -0.77 -1.07 -0.22 2.0
271 210 153 126 234 -1.33 -0.73 -0.82 -0.97 -0.06 0.68
272 188 156 120 229 -1.35 -0.1 -0.84 0.02 0.1 -0.48
273 182 157 129 228 -1.03 0.79 -0.73 1.08 0.14 -0.88
274 217 161 120 225 -0.59 0.5 -0.52 -0.83 -0.25 1.56
275 265 167 117 227 -0.43 0.12 -0.45 -0.85 -0.08 2.13
276 237 172 118 225 -0.3 -0.39 -0.37 -0.52 0.23 1.38
277 217 170 113 226 -0.31 -0.2 -0.35 0.07 0.43 0.2
278 220 176 118 224 -0.32 0.04 -0.33 0.15 0.48 -0.21
279 197 179 115 228 -0.26 0.26 -0.29 -0.12 0.06 0.3
280 174 177 118 230 -0.23 0.18 -0.24 -0.14 0.1 0.86
281 153 175 112 230 -0.22 0.1 -0.22 -0.23 0.01 0.73
282 141 177 110 227 -0.2 0.01 -0.18 -0.13 0.11 0.36
283 166 180 109 219 -0.14 0.08 -0.14 -0.18 0.12 0.22
284 167 176 104 218 -0.13 0.15 -0.13 -0.25 0.08 0.28
285 144 173 107 213 -0.1 0.18 -0.09 -0.24 0.01 0.42
286 145 175 101 205 -0.08 0.06 -0.03 -0.22 0.03 0.37
287 137 171 99 208 -0.07 -0.01 -0.01 -0.15 0.06 0.4
288 133 182 100 197 -0.04 -0.05 0.02 0.05 0.1 0.1
289 125 178 102 192 0.01 -0.06 0.04 0.0 0.06 -0.11
290 110 174 100 180 0.03 -0.08 0.05 0.1 0.07 -0.05
291 107 164 105 179 0.03 -0.11 0.06 0.09 0.05 0.03
292 135 166 98 162 0.01 -0.15 0.07 0.27 0.03 0.04
293 126 165 94 156 -0.0 -0.16 0.07 0.28 0.06 0.08
294 124 158 91 147 -0.03 -0.09 0.07 0.4 0.03 -0.07
295 109 160 90 138 -0.03 -0.03 0.07 0.39 0.01 0.0
296 122 154 88 127 -0.02 -0.04 0.07 0.34 0.01 0.0
297 106 152 91 115 0.02 -0.06 0.05 0.36 0.05 -0.06
298 93 149 95 105 0.04 -0.04 0.02 0.36 0.03 -0.08
299 78 146 98 99 0.03 -0.03 0.01 0.33 0.1 -0.03
300 68 145 90 90 0.02 -0.04 -0.01 0.34 0.12 -0.1
301 89 144 89 82 -0.01 -0.04 -0.02 0.32 0.09 -0.19
302 156 146 103 81 -0.02 -0.03 -0.02 0.26 0.05 -0.16
303 241 140 112 78 -0.03 -0.04 -0.02 0.24 0.04 -0.03
304 209 134 115 72 -0.03 -0.07 -0.04 0.33 0.06 -0.09
305 178 124 120 62 -0.04 -0.1 -0.05 0.4 0.01 -0.05
306 168 124 122 58 -0.06 -0.11 -0.07 0.42 -0.1 0.03
307 259 127 114 66 -0.06 -0.13 -0.07 0.41 -0.19 -0.03
308 241 118 105 61 -0.06 -0.13 -0.06 0.38 -0.16 -0.03
309 201 114 105 54 -0.09 -0.08 -0.06 0.17 -0.16 -0.25
310 173 111 104 47 -0.11 -0.1 -0.05 0.15 -0.24 -0.15
311 149 105 100 43 -0.13 -0.13 -0.05 0.15 -0.19 -0.13
312 126 111 93 42 -0.17 -0.15 -0.06 0.18 -0.13 -0.21
313 114 108 94 40 -0.22 -0.1 -0.07 0.27 -0.03 -0.15
314 134 103 96 36 -0.24 -0.05 -0.08 0.25 -0.02 -0.17
315 110 99 101 34 -0.24 -0.01 -0.08 0.13 -0.11 0.02
316 119 97 95 32 -0.22 -0.03 -0.08 0.14 -0.17 0.13
317 111 104 91 30 -0.22 -0.06 -0.08 0.19 -0.19 0.2
318 89 113 84 28 -0.24 -0.13 -0.07 0.44 -0.24 0.4
319 88 107 84 28 -0.28 -0.31 -0.08 0.79 -0.42 0.57
320 77 103 87 28 -0.28 -0.42 -0.09 1.11 -0.58 0.73
321 63 111 90 26 -0.24 -0.4 -0.1 1.19 -0.43 0.38
322 55 147 89 26 -0.22 -0.4 -0.17 1.15 -0.23 0.17
323 47 175 91 26 -0.24 -0.39 -0.21 1.09 -0.23 0.0
324 40 164 88 25 -0.25 -0.42 -0.31 0.66 -0.36 -0.8
325 36 190 98 25 -0.37 -0.48 -0.38 0.47 -0.37 -1.24
326 31 233 111 24 -0.48 -0.52 -0.39 0.32 -0.32 -1.37
327 26 223 113 24 -0.75 -0.61 -0.41 0.16 -0.52 -1.52
328 27 203 108 24 -0.89 -0.86 -0.44 0.24 -0.41 -2.0
329 28 182 102 24 -1.05 -1.07 -0.45 0.33 -0.33 -2.1
330 35 159 95 26 -1.48 -1.69 -0.42 0.31 -0.18 -2.23
331 43 141 94 26 -1.74 -2.2 -0.42 0.19 0.2 -2.18
332 56 127 84 25 -1.87 -2.34 -0.42 0.78 -1.14 -1.91
333 75 128 79 25 -2.23 -2.34 -0.43 -0.21 0.88 -1.81
334 92 138 75 24 -2.54 -2.49 -0.57 -0.1 0.62 -0.66
335 83 157 71 24 -2.74 -2.49 -0.61 -0.62 0.65 -0.59
336 87 174 71 28 -2.72 -2.58 -0.64 -0.91 0.59 -0.42
337 111 156 68 27 -2.52 -2.72 -0.64 -0.82 0.54 -0.78
338 106 137 69 26 -2.37 -2.73 -0.58 -0.77 0.34 -1.02
339 88 122 66 25 -2.15 -2.67 -0.37 -0.76 0.27 -0.86
340 73 113 63 25 -1.88 -2.48 -0.2 0.33 0.13 -0.54
341 60 104 71 25 -1.79 -2.24 -0.12 0.71 0.09 -0.5
342 51 95 71 24 -1.73 -1.57 -0.04 0.96 0.06 -0.82
343 46 90 74 24 -1.71 -1.0 -0.08 1.31 -0.15 -1.67
344 45 89 79 24 -1.71 -0.66 -0.11 1.22 -0.14 -1.95
345 65 87 79 24 1.56 -0.1 -0.63 7.62 10.04 5.02
346 71 89 88 24 0.04 -1.83 -0.19 7.38 0.19 -4.44
347 57 88 90 26 0.61 -0.38 -0.32 2.78 -0.99 -2.97
348 49 87 85 26 1.04 0.01 -0.17 -0.41 1.38 0.76
349 42 84 82 25 0.22 0.21 -0.28 1.15 0.87 0.83
350 39 86 85 25 0.01 0.29 -0.25 0.96 -0.02 -0.04
351 40 89 84 25 -0.06 0.22 -0.03 0.1 -0.56 -0.13
352 41 91 88 25 0.22 0.24 0.09 -0.22 0.29 -0.11
353 36 93 85 25 0.23 0.27 0.07 0.02 0.57 -0.05
354 32 93 83 25 -0.03 0.26 0.05 0.42 0.61 -0.05
355 29 95 84 25 -0.14 0.24 0.11 0.55 0.53 0.01
356 26 97 87 25 -0.14 0.27 0.13 0.46 0.53 -0.01
357 24 98 85 25 -0.15 0.37 0.09 -0.1 0.5 -0.06
358 25 99 87 26 -0.15 0.35 0.02 -0.34 0.5 -0.12
359 22 99 82 29 -0.14 0.32 -0.0 -0.59 0.37 -0.09
360 25 100 81 29 -0.06 0.22 -0.02 -0.53 0.27 -0.1
361 24 101 86 30 0.01 0.09 -0.03 -0.33 0.1 -0.13
362 28 103 84 29 0.05 0.06 -0.04 -0.21 0.08 -0.06
363 24 103 82 29 0.12 0.09 -0.06 0.08 0.1 -0.1
364 24 105 81 31 0.15 0.13 -0.08 -0.08 0.21 -0.06
365 22 105 79 30 0.15 0.14 -0.09 -0.07 0.21 -0.07
366 21 106 85 31 0.14 0.12 -0.09 0.14 0.3 -0.05
367 20 105 83 32 0.1 0.1 -0.07 0.14 0.29 0.03
368 19 106 86 30 0.08 0.1 -0.06 0.13 0.3 0.01
369 20 106 82 32 0.06 0.15 -0.06 0.21 0.31 -0.01
370 24 106 81 36 0.04 0.2 -0.05 0.09 0.28 0.04
371 23 104 81 36 0.03 0.22 -0.04 0.01 0.27 -0.01
372 21 102 84 36 -0.01 0.19 -0.04 -0.19 0.22 -0.06
373 20 101 82 37 -0.04 0.12 -0.03 -0.38 0.15 -0.06
374 25 101 88 35 -0.03 0.07 -0.03 -0.42 0.14 -0.1
375 26 101 85 36 -0.01 0.0 -0.02 -0.35 0.13 -0.12
376 24 98 84 37 0.02 -0.07 -0.01 -0.19 0.16 -0.07
377 22 97 86 41 0.04 -0.08 -0.01 -0.1 0.18 -0.06
378 25 96 84 43 0.08 -0.07 -0.01 0.05 0.2 -0.01
379 23 95 87 45 0.09 -0.01 -0.02 0.09 0.24 -0.03
380 22 95 91 44 0.09 0.01 -0.03 0.05 0.26 -0.03
-100 -100 -100 -100 -100 -100 -100 -100 -100 -100 -100
381 21 94 90 44 0.06 0.02 -0.03 -0.01 0.29 -0.02
382 20 93 89 44 0.02 -0.01 -0.03 -0.03 0.35 -0.03
383 20 95 86 46 -0.01 -0.02 -0.02 -0.07 0.28 -0.02
384 19 94 84 48 -0.01 -0.02 -0.02 -0.01 0.22 -0.03
385 24 95 83 49 -0.02 -0.02 -0.0 -0.05 0.24 -0.04
386 24 95 84 49 -0.01 -0.03 0.0 -0.06 0.26 -0.04
387 24 96 92 49 -0.03 -0.06 0.03 -0.01 0.32 -0.03
388 21 95 88 51 -0.06 -0.07 0.05 0.13 0.31 0.0
389 19 92 86 53 -0.08 -0.06 0.06 0.22 0.22 0.05
390 19 95 87 55 -0.13 -0.01 0.08 0.24 0.15 -0.03
391 18 95 86 57 -0.16 0.01 0.08 0.03 0.02 0.0
392 20 96 86 58 -0.16 0.06 0.08 -0.08 0.0 -0.02
393 19 95 84 58 -0.15 0.06 0.06 -0.24 -0.02 -0.08
394 19 95 86 60 -0.12 0.05 0.05 -0.29 0.05 -0.09
395 24 95 85 63 -0.06 0.01 0.04 -0.28 0.11 -0.1
396 22 93 84 62 -0.01 -0.01 0.02 -0.11 0.16 -0.05
397 21 91 88 62 0.01 -0.01 0.0 -0.02 0.22 -0.02
398 25 90 85 60 0.03 0.01 -0.02 -0.07 0.2 -0.04
399 24 87 84 58 0.05 0.02 -0.04 -0.11 0.19 -0.08
400 24 85 90 59 0.06 0.01 -0.04 -0.17 0.18 -0.08
401 23 84 89 60 0.07 -0.01 -0.05 -0.13 0.16 -0.05
402 21 82 90 60 0.09 -0.02 -0.06 -0.07 0.17 -0.04
403 20 82 86 62 0.09 -0.02 -0.07 0.02 0.17 0.0
404 19 82 84 60 0.1 0.01 -0.06 0.05 0.18 0.01
405 19 84 83 60 0.08 0.02 -0.06 0.06 0.15 0.0
406 18 83 80 61 0.07 0.03 -0.05 0.0 0.14 0.0
407 17 84 86 61 0.05 0.02 -0.04 -0.03 0.16 -0.02
408 22 83 82 62 0.04 0.01 -0.03 -0.01 0.16 -0.04
409 21 84 82 60 0.03 0.02 -0.03 -0.03 0.19 -0.03
410 19 83 82 58 0.02 0.02 -0.02 -0.02 0.18 -0.04
411 21 84 82 60 0.01 0.01 -0.02 -0.05 0.19 -0.03
412 20 83 83 58 0.01 0.0 -0.02 -0.09 0.19 -0.03
413 19 82 85 58 0.0 -0.0 -0.01 -0.1 0.18 -0.02
414 18 81 84 58 0.01 -0.01 -0.02 -0.01 0.18 -0.07
-200 -200 -200 -200 -200 -200 -200 -200 -200 -200 -200
415 18 79 79 57 0.01 -0.01 -0.02 -0.03 0.17 -0.03
416 18 80 82 58 0.01 -0.01 -0.02 -0.02 0.17 -0.02
417 17 79 83 57 0.01 0.0 -0.02 0.01 0.14 -0.01
418 17 78 78 57 0.01 0.0 -0.01 -0.02 0.14 -0.04
419 17 77 81 58 0.02 0.02 -0.01 -0.1 0.13 -0.02
420 17 76 80 60 0.02 0.02 -0.02 -0.09 0.18 -0.07
421 17 76 75 58 0.02 0.0 -0.01 -0.06 0.21 -0.02
422 17 76 72 55 0.02 -0.01 -0.01 -0.02 0.18 0.0
423 16 75 73 56 0.01 -0.01 -0.01 0.04 0.12 -0.03
424 15 76 75 59 0.01 -0.01 -0.01 -0.03 0.13 -0.01
425 17 83 80 65 0.0 0.0 -0.01 -0.04 0.15 -0.02
426 18 88 80 66 0.0 -0.0 0.01 0.01 0.19 0.0
427 17 112 76 84 -0.01 0.0 0.01 0.04 0.18 0.02
428 20 165 71 88 -0.03 0.0 0.01 0.02 0.18 0.04
429 32 220 68 80 -0.05 -0.01 0.02 0.12 0.1 -0.01
430 64 332 67 76 -0.04 -0.02 0.02 0.75 0.1 0.12
431 60 310 68 74 -0.03 -0.07 0.06 0.69 0.01 0.05
432 71 294 73 124 -0.08 -0.16 0.12 -0.07 0.1 0.0
433 68 335 82 157 -0.13 -0.27 0.14 0.46 0.2 0.38
434 58 329 77 130 -0.22 -0.35 0.17 0.39 0.15 0.31
435 48 343 74 149 -0.14 -0.03 0.12 0.17 0.06 0.29
436 43 367 70 157 -0.06 0.14 0.09 -0.17 0.04 0.5
437 53 349 68 161 -0.02 0.21 0.07 -0.25 -1.03 0.92
438 49 369 75 159 0.06 0.41 0.12 -0.02 0.25 1.86
439 41 360 85 149 0.15 0.69 0.13 -1.03 -2.39 3.89
440 36 368 81 126 0.79 1.45 -0.15 0.38 -0.15 3.58
441 32 365 78 112 1.0 2.06 0.11 -0.58 -0.55 2.97
442 28 332 79 100 1.15 2.1 0.16 -1.14 0.77 2.85
443 26 325 91 87 1.41 1.91 0.25 -1.01 0.96 2.85
444 23 292 84 82 1.56 1.51 0.29 -0.89 0.94 2.25
445 22 268 79 77 1.62 1.21 0.3 -0.65 0.53 1.93
446 22 252 74 72 1.74 0.61 0.32 -0.57 0.45 1.81
447 20 232 69 72 1.79 0.19 0.38 -0.19 0.32 0.56
448 19 201 71 75 1.8 -0.04 0.42 0.32 0.24 -0.01
449 17 200 74 71 1.76 -0.25 0.53 0.58 0.21 -0.1
450 18 198 69 65 1.71 -0.28 0.61 -0.08 0.03 -0.06
451 17 194 71 61 1.69 -0.33 0.62 -0.26 -0.11 -0.34
452 17 201 67 57 1.63 -0.57 0.58 -0.13 -0.07 -0.41
453 19 210 72 58 1.55 -0.72 0.54 0.39 0.07 -0.98
454 18 197 68 62 1.49 -0.73 0.52 0.23 -0.18 -1.14
455 17 200 72 55 1.44 -0.85 0.49 0.04 -0.3 -1.05
456 16 189 71 55 1.37 -1.04 0.44 -0.28 -0.64 -1.14
457 15 166 66 55 1.31 -1.16 0.43 0.09 -0.37 -1.74
458 16 148 64 48 1.26 -1.26 0.35 0.15 -0.49 -1.52
459 19 146 65 46 1.26 -0.99 0.33 -0.14 -0.47 -1.61
460 30 149 69 46 1.23 -0.86 0.32 -0.22 -0.3 -1.25
461 57 142 65 57 1.11 -0.69 0.32 -0.23 -0.32 -1.23
462 52 136 61 49 1.04 -0.66 0.34 -0.46 -0.46 -0.93
463 46 128 61 46 1.06 -0.7 0.35 -0.63 -0.38 -0.93
464 41 125 61 41 1.09 -0.7 0.34 -0.65 -0.37 -0.94
465 36 120 61 48 1.03 -0.65 0.33 -0.21 -0.4 -0.96
466 40 125 70 43 1.0 -0.55 0.34 -0.03 -0.3 -1.03
467 48 120 67 44 0.97 -0.29 0.37 -0.08 -0.36 -1.06
468 48 117 70 49 0.96 -0.03 0.4 -0.24 -0.31 -0.93
469 98 118 85 47 0.92 0.05 0.4 -0.15 -0.16 -0.84
470 116 125 83 44 0.9 0.04 0.36 0.01 -0.17 -0.86
471 107 125 84 40 0.92 0.01 0.35 -0.03 -0.26 -0.81
472 97 125 81 37 0.89 -0.0 0.33 0.31 -0.2 -0.84
473 82 122 81 36 0.8 -0.0 0.27 0.56 -0.24 -0.81
474 77 134 85 40 0.69 0.03 0.21 0.54 -0.21 -0.88
475 95 133 84 44 0.64 0.1 0.18 0.5 -0.11 -0.84
476 93 125 85 40 0.59 0.29 0.15 0.38 -0.14 -0.67
477 82 124 87 40 0.52 0.38 0.1 0.28 -0.05 -0.57
478 103 121 91 40 0.47 0.34 0.07 0.14 -0.1 -0.61
479 106 123 87 36 0.41 0.21 0.04 0.09 -0.05 -0.63
480 96 133 95 41 0.34 0.19 0.05 0.12 -0.05 -0.61
481 171 137 103 39 0.3 0.22 0.05 0.06 -0.14 -0.55
482 217 155 122 43 0.23 0.33 0.03 0.01 -0.16 -0.69
483 231 155 113 43 0.2 0.43 0.03 0.09 -0.2 -0.52
484 207 149 108 39 0.2 0.48 0.02 0.09 -0.26 -0.59
485 230 158 103 40 0.16 0.57 -0.02 0.04 -0.24 -0.52
486 227 157 114 45 0.13 0.46 -0.05 0.2 -0.23 -0.39
487 235 168 108 51 0.1 0.43 -0.07 0.24 -0.12 -0.73
488 296 184 108 65 0.06 0.45 -0.08 0.32 -0.04 -0.73
489 298 182 123 63 0.05 0.63 -0.12 0.34 0.01 -0.77
490 307 181 127 74 0.03 0.76 -0.15 0.15 -0.16 -0.64
491 306 183 128 70 0.01 0.91 -0.19 0.08 -0.2 -0.59
492 326 203 129 70 0.0 0.8 -0.21 -0.12 -0.32 -0.47
493 361 227 144 95 0.01 0.69 -0.22 0.21 -0.21 -0.15
494 355 221 146 87 0.03 0.67 -0.24 0.3 -0.22 -0.33
495 334 214 151 85 0.05 0.99 -0.27 0.2 -0.13 -0.75
496 328 240 157 119 0.06 1.13 -0.28 0.04 -0.13 -0.62
497 374 293 180 175 0.11 1.32 -0.3 -0.12 0.07 -0.36
498 413 300 204 182 0.13 1.24 -0.31 0.15 0.09 0.2
499 392 307 239 194 0.12 1.2 -0.31 -0.24 0.0 -0.9
500 438 319 291 228 0.1 1.19 -0.31 0.05 0.08 -0.87
501 455 347 321 262 0.16 1.4 -0.32 -0.06 0.07 -1.07
502 440 354 341 241 0.19 1.52 -0.33 -0.08 0.17 -0.95
503 508 429 329 262 0.2 1.68 -0.42 -0.25 0.21 -1.05
504 461 405 346 234 0.13 1.65 -0.46 4.26 -0.4 -11.3
505 380 379 335 271 0.46 1.41 -0.68 -1.51 -29.39 8.39
506 307 319 288 274 3.48 3.62 0.06 4.98 7.46 19.36
507 269 284 248 224 -1.43 6.5 -2.71 0.24 -0.62 -10.41
508 244 252 232 184 -1.05 4.1 -1.97 -2.76 -2.71 4.17
509 230 228 200 173 0.23 0.27 -0.58 -0.58 -1.25 1.97
510 308 217 172 145 -0.04 -0.98 -0.41 -1.6 0.23 -1.49
511 282 209 147 122 -0.32 -0.52 -0.43 -0.83 -0.33 -1.24
512 238 192 135 115 -0.91 0.36 -0.7 0.38 0.17 -1.27
513 202 178 122 112 -0.87 0.51 -0.8 1.12 0.41 -0.65
514 165 155 106 101 -0.83 0.61 -0.76 1.31 0.07 -0.18
515 153 144 95 106 -0.75 0.37 -0.66 0.75 -0.07 0.66
516 164 141 94 99 -0.77 -0.24 -0.61 -0.35 -0.09 1.08
517 157 133 92 96 -0.83 -0.36 -0.61 -0.48 -0.12 1.03
518 146 121 97 95 -0.87 -0.13 -0.61 0.22 -0.14 -0.07
519 122 112 100 99 -0.68 0.21 -0.51 -0.22 -0.41 -0.04
520 128 103 93 87 -0.55 0.25 -0.45 -0.68 -0.34 0.74
521 115 101 87 83 -0.38 0.15 -0.37 -0.42 -0.35 0.78
522 104 99 86 80 -0.41 -0.08 -0.33 -0.18 -0.07 0.27
523 105 97 83 79 -0.45 -0.19 -0.32 -0.15 -0.05 0.14
524 94 95 81 90 -0.57 -0.27 -0.34 0.17 -0.17 -0.21
525 79 91 80 85 -0.62 -0.15 -0.34 0.32 -0.41 -0.35
526 64 90 85 82 -0.61 -0.13 -0.32 0.22 -0.45 -0.24
527 55 93 84 84 -0.59 -0.24 -0.28 0.19 -0.55 0.26
528 46 90 80 80 -0.67 -0.53 -0.23 0.28 -0.54 0.38
529 40 93 80 88 -0.72 -0.68 -0.22 0.3 -0.46 0.36
530 35 96 77 88 -0.89 -0.95 -0.22 0.32 -0.55 0.26
531 31 103 73 86 -1.1 -1.11 -0.26 0.23 -0.68 -0.3
532 30 106 72 80 -1.22 -1.17 -0.26 0.54 -0.9 -0.58
533 49 115 80 73 -1.35 -1.27 -0.32 0.61 -0.86 -1.16
534 48 165 79 69 -1.56 -1.51 -0.37 0.71 -0.56 -1.4
535 42 157 77 63 -1.66 -1.67 -0.39 0.6 -0.45 -1.4
536 42 161 75 67 -1.8 -2.07 -0.46 0.14 -0.12 -1.05
537 46 157 70 69 -2.0 -2.49 -0.54 0.27 0.05 -0.99
538 55 164 66 62 -2.1 -2.66 -0.54 0.24 0.14 -0.92
539 55 165 62 66 -2.25 -2.84 -0.5 -0.16 -0.19 -0.69
540 52 149 59 61 -2.32 -2.84 -0.4 -1.36 0.37 -0.99
541 71 138 58 58 -2.36 -2.84 -0.38 -1.36 1.54 -1.0
542 63 129 56 54 -2.4 -2.81 -0.41 -0.13 0.32 -1.26
543 56 121 56 48 -2.15 -2.5 -0.42 0.49 0.32 -1.76
544 84 112 58 45 -2.11 -2.04 -0.35 0.39 0.52 -2.09
545 69 108 58 50 -2.04 -1.25 -0.19 0.36 0.23 -2.0
546 61 108 57 46 -1.95 -1.06 -0.12 -0.05 -0.18 -1.81
547 74 103 57 41 -1.91 -1.08 -0.08 0.06 -0.38 -1.73
548 68 101 58 38 -1.85 -0.92 -0.03 0.25 -0.51 -1.82
549 58 99 58 35 -1.87 -0.64 -0.02 0.39 -0.41 -2.62
550 77 103 60 33 -1.92 -0.47 -0.02 -2.66 -1.26 -0.37
551 122 121 61 74 2.16 -1.71 -0.22 4.32 5.64 19.24
552 99 112 64 64 0.35 -4.01 0.25 6.46 -1.7 -4.36
553 91 104 65 54 0.55 -2.3 0.08 2.08 -2.13 -1.88
554 77 104 66 47 1.23 0.91 -0.21 2.17 0.31 1.49
555 65 104 64 42 0.64 1.07 -0.35 1.45 0.99 0.56
556 52 101 65 38 0.0 1.05 -0.53 1.18 0.89 -0.05
557 47 96 64 35 -0.15 0.9 -0.37 -1.2 0.03 0.01
558 41 92 64 33 0.03 0.62 -0.27 -1.57 -0.05 -0.24
559 36 88 64 31 0.05 0.5 -0.24 -1.56 0.2 -0.49
560 32 84 64 29 -0.01 0.3 -0.15 -1.28 0.03 0.01
561 29 80 63 28 -0.03 -0.05 -0.03 -0.94 -0.51 -0.21
562 37 78 64 25 0.0 -0.2 0.06 -0.17 0.25 -0.16
563 32 75 64 26 0.01 -0.3 0.08 0.06 0.02 0.07
564 33 74 64 25 -0.02 -0.23 0.07 0.23 -0.02 -0.06
565 30 72 64 25 -0.03 -0.15 0.04 0.23 -0.01 -0.02
566 26 71 64 25 -0.03 0.0 -0.01 0.01 0.04 0.0
567 25 71 65 24 -0.01 0.09 -0.06 -0.16 0.0 -0.06
568 23 70 63 24 0.01 0.09 -0.08 -0.31 0.01 -0.05
569 25 69 63 24 0.04 0.03 -0.08 -0.46 0.04 -0.15
570 28 70 63 24 0.06 -0.04 -0.07 -0.44 0.01 -0.09
571 26 69 63 24 0.06 -0.08 -0.07 -0.36 0.02 0.0
572 30 70 63 24 0.05 -0.1 -0.06 -0.28 0.06 -0.08
573 28 70 63 24 0.03 -0.13 -0.05 -0.26 0.08 -0.02
574 25 70 63 24 0.02 -0.14 -0.05 -0.17 0.1 -0.01
575 23 71 61 24 -0.01 -0.15 -0.03 0.02 0.09 0.01
576 27 72 64 24 -0.03 -0.13 -0.03 0.1 0.08 0.01
-100 -100 -100 -100 -100 -100 -100 -100 -100 -100 -100
577 25 73 65 25 -0.04 -0.07 -0.01 0.12 0.04 0.0
578 24 74 66 24 -0.05 -0.0 0.01 0.05 -0.08 0.0
579 23 74 66 25 -0.05 0.03 0.01 -0.1 -0.15 -0.01
580 23 74 66 26 -0.04 0.06 0.02 -0.26 -0.15 -0.09
581 31 74 66 27 -0.02 0.04 0.03 -0.35 -0.07 -0.06
582 27 74 66 27 -0.02 0.02 0.03 -0.28 0.02 -0.06
583 29 75 67 30 -0.02 -0.03 0.03 -0.2 0.04 -0.07
584 26 73 68 29 -0.01 -0.02 0.03 -0.13 0.01 -0.02
585 24 73 69 31 -0.0 -0.01 0.02 -0.06 0.0 -0.07
586 25 74 69 36 0.02 0.02 0.01 -0.09 0.0 -0.08
587 24 74 69 37 0.04 0.03 0.01 -0.21 -0.02 -0.08
588 23 73 69 39 0.05 0.03 0.0 -0.31 -0.03 -0.1
589 26 73 69 39 0.06 0.0 -0.0 -0.27 -0.11 -0.04
590 29 74 69 38 0.08 -0.0 -0.01 -0.23 -0.14 -0.05
591 27 73 69 40 0.09 0.0 -0.01 -0.23 -0.09 -0.07
592 28 74 70 44 0.12 0.01 -0.03 -0.26 -0.04 -0.07
593 25 74 69 48 0.13 0.0 -0.05 -0.3 0.01 -0.04
594 23 75 68 52 0.13 -0.02 -0.05 -0.33 0.11 -0.07
595 22 74 69 52 0.12 -0.05 -0.06 -0.33 0.15 -0.03
596 21 73 67 51 0.09 -0.09 -0.06 -0.12 0.17 -0.01
597 22 74 66 49 0.06 -0.09 -0.06 -0.03 0.13 0.0
598 28 73 64 54 0.03 -0.08 -0.05 0.01 0.1 0.0
599 25 72 63 51 -0.01 -0.05 -0.03 0.11 0.0 0.0
600 25 71 62 52 -0.02 -0.02 -0.01 0.09 -0.04 0.0
601 25 70 63 50 -0.03 0.03 0.01 0.0 -0.08 -0.02
602 25 70 61 49 -0.04 0.06 0.02 -0.08 -0.08 0.0
603 22 70 59 49 -0.04 0.07 0.03 -0.25 -0.01 -0.05
604 21 69 59 50 -0.04 0.05 0.03 -0.25 0.01 -0.04
605 20 68 59 52 -0.05 0.03 0.04 -0.26 0.05 -0.06
606 19 67 58 56 -0.04 0.01 0.04 -0.17 0.09 -0.06
607 19 67 59 59 -0.04 -0.0 0.04 -0.14 0.11 -0.05
608 19 68 57 59 -0.04 -0.0 0.04 -0.09 0.07 -0.06
609 18 67 57 58 -0.03 0.01 0.03 -0.12 0.0 -0.09
610 17 67 56 58 -0.02 0.02 0.02 -0.18 0.0 -0.08
611 18 67 56 60 0.0 0.01 0.0 -0.3 -0.03 -0.09
612 24 68 56 63 0.01 0.0 0.0 -0.27 -0.03 -0.1
613 23 70 56 62 0.04 -0.02 -0.0 -0.24 -0.05 -0.06
614 22 70 55 60 0.06 -0.03 -0.02 -0.16 -0.02 -0.02
615 21 70 55 58 0.06 -0.02 -0.02 -0.1 -0.02 -0.05
616 19 72 56 58 0.08 -0.01 -0.04 -0.16 0.01 -0.04
617 19 72 55 59 0.07 -0.0 -0.05 -0.17 0.02 -0.01
618 19 72 55 61 0.07 -0.01 -0.05 -0.19 0.07 -0.04
619 18 72 55 57 0.04 -0.03 -0.05 -0.14 0.05 -0.01
620 18 72 56 54 0.02 -0.04 -0.03 -0.05 0.02 -0.03
621 18 73 56 52 0.01 -0.05 -0.03 0.02 -0.03 -0.01
622 20 73 56 52 -0.0 -0.02 -0.01 0.04 0.0 -0.01
623 20 73 55 54 -0.01 0.01 0.0 0.02 0.0 0.02
624 19 75 54 55 -0.02 0.02 0.01 -0.09 0.0 0.0
625 19 74 52 54 -0.03 0.04 0.02 -0.13 0.01 -0.03
626 18 74 53 55 -0.04 0.03 0.02 -0.22 0.04 -0.04
627 18 75 53 55 -0.05 0.02 0.02 -0.21 0.06 -0.07
628 17 75 52 54 -0.05 -0.01 0.02 -0.17 0.06 -0.03
-200 -200 -200 -200 -200 -200 -200 -200 -200 -200 -200
629 17 76 51 53 -0.05 -0.02 0.02 -0.09 0.09 -0.04
630 17 76 52 52 -0.05 -0.01 0.02 -0.1 0.05 -0.05
631 16 76 50 54 -0.05 -0.02 0.02 -0.12 0.04 -0.05
632 16 76 50 51 -0.04 -0.01 0.02 -0.15 0.0 -0.03
633 16 74 49 52 -0.03 -0.02 0.02 -0.16 -0.04 -0.05
634 16 81 50 68 -0.02 -0.02 0.01 -0.17 -0.03 -0.06
635 17 109 50 71 -0.01 -0.02 0.01 0.06 0.0 0.02
636 18 138 51 63 -0.0 -0.01 0.02 0.25 0.0 0.05
637 22 178 54 73 0.02 0.04 0.02 0.07 -0.05 0.04
638 24 272 54 70 0.11 0.06 -0.0 -0.22 0.06 -0.03
639 58 259 54 61 0.14 0.02 -0.0 -0.06 0.19 0.15
640 65 280 56 111 0.2 -0.15 0.02 -0.09 0.16 0.07
641 63 289 61 135 0.15 -0.47 0.11 -0.27 0.13 0.0
642 62 331 69 136 -0.03 -0.71 0.19 0.06 0.3 0.41
643 55 333 75 128 -0.45 -1.09 0.35 0.38 -0.03 0.34
644 50 368 84 112 0.03 -0.31 0.22 0.28 -0.19 0.97
645 43 363 101 118 0.19 -0.03 0.19 0.19 -0.33 2.01
646 36 386 92 114 0.16 0.53 0.17 0.97 -0.48 2.91
647 33 408 84 104 0.21 0.82 0.01 -1.6 -4.84 4.48
648 29 420 79 87 0.4 0.59 -0.02 -0.22 0.93 3.21
649 26 401 86 105 0.71 0.28 0.14 -0.18 0.33 2.71
650 24 418 94 89 1.2 0.17 0.22 -0.3 0.45 3.21
651 22 370 86 74 1.29 0.25 0.27 -1.17 0.47 3.29
652 21 359 80 69 1.55 0.15 0.32 -1.24 0.52 2.94
653 20 346 76 61 1.75 -0.34 0.39 -1.09 0.59 1.89
654 19 318 73 55 1.81 -0.58 0.42 -0.15 0.46 0.58
655 20 296 78 49 1.92 -0.84 0.45 -0.24 0.2 0.37
656 19 295 77 45 1.99 -1.01 0.48 -0.11 -0.14 -0.2
657 19 325 72 47 2.06 -1.07 0.48 -0.07 -0.43 -0.44
658 18 305 75 52 2.15 -1.11 0.48 -0.11 -0.4 -0.48
659 17 269 71 51 2.1 -1.12 0.41 0.05 -0.62 -0.67
660 18 251 70 52 2.08 -1.18 0.35 0.49 -0.25 -1.24
661 19 234 77 48 2.04 -1.26 0.23 0.48 -0.24 -1.47
662 19 234 77 43 1.99 -1.17 0.14 0.26 -0.29 -1.47
663 23 255 76 50 1.97 -1.06 0.11 -0.3 -0.32 -1.28
664 25 224 75 46 1.86 -0.94 0.04 -0.29 -0.38 -1.01
665 24 199 70 53 1.8 -0.88 0.03 -0.52 -0.67 -1.1
666 31 182 72 48 1.76 -0.82 0.05 -0.54 -0.68 -1.38
667 30 173 76 47 1.57 -0.77 0.08 -0.38 -0.51 -1.47
668 79 177 76 52 1.51 -0.48 0.13 -1.04 -0.61 -1.35
669 78 170 77 50 1.49 -0.41 0.15 -0.95 -0.51 -0.97
670 72 171 77 49 1.44 -0.45 0.13 -0.63 -0.48 -0.72
671 78 176 78 48 1.3 -0.5 0.11 -0.4 -0.58 -0.87
672 81 198 74 46 1.25 -0.47 0.11 -0.42 -0.61 -1.5
673 98 200 78 66 1.18 -0.35 0.12 -0.64 -0.56 -1.6
674 109 190 89 57 1.18 -0.21 0.12 -0.52 -0.56 -1.74
675 113 187 101 55 1.16 -0.07 0.16 -0.74 -0.61 -1.24
676 166 192 104 56 1.02 0.25 0.17 -0.51 -0.37 -1.01
677 198 197 111 55 0.84 0.88 0.08 -0.16 -0.52 -1.12
678 259 224 115 56 0.78 1.23 0.04 0.0 -0.66 -1.31
679 338 223 121 86 0.7 1.79 -0.06 0.22 -0.77 -1.62
680 346 224 125 98 0.73 2.32 -0.15 0.3 -0.75 -1.64
681 346 239 122 86 0.75 2.69 -0.22 0.89 -0.73 -1.24
682 388 260 124 103 0.76 3.42 -0.38 1.03 -0.63 -0.84
683 404 263 130 104 0.66 3.69 -0.56 0.88 -0.63 -0.78
684 384 257 134 110 0.67 3.55 -0.64 0.75 -0.64 -0.93
685 405 244 132 130 0.76 3.12 -0.75 0.68 -0.49 -0.82
686 465 274 193 122 0.77 3.18 -0.87 0.74 -0.32 -1.36
687 509 299 217 166 0.75 3.43 -0.95 0.57 -0.47 -1.89
688 529 322 220 221 0.76 3.95 -1.09 0.06 -0.23 -1.35
689 506 405 265 308 0.73 4.15 -1.17 0.21 -0.31 -1.46
690 514 390 273 262 0.7 4.13 -1.18 -0.08 -0.28 -1.4
691 525 357 261 221 0.54 3.85 -1.18 -0.21 -0.39 -1.43
692 517 363 326 209 0.32 3.3 -1.19 -0.31 -0.56 -1.38
693 446 375 279 194 0.2 2.91 -1.18 6.56 0.77 -14.12
694 406 369 284 270 1.72 1.25 -1.43 15.68 1.41 -23.36
695 337 315 248 299 1.64 7.09 -2.34 7.31 4.76 18.75
696 316 285 219 246 -0.2 5.53 -2.99 -2.52 -2.81 -6.8
697 266 260 201 196 -0.27 -1.14 -1.3 1.01 -1.18 -2.51
698 331 241 193 188 -0.26 -3.23 -0.1 -1.53 -1.98 -0.25
699 348 228 173 159 -0.58 -2.98 -0.24 -3.25 -0.81 -2.4
700 303 214 148 132 -1.47 -0.47 -0.86 -1.63 -0.47 -0.39
701 276 213 139 123 -2.01 0.16 -1.26 0.21 0.12 1.67
702 237 194 144 106 -1.97 0.46 -1.37 3.01 0.37 -3.07
703 261 181 144 104 -1.41 1.4 -1.25 2.14 0.03 -2.2
704 237 165 147 94 -0.89 1.16 -1.06 -1.03 -0.44 2.5
705 239 152 128 79 -0.8 0.76 -1.0 -1.04 -0.23 2.6
706 208 162 111 100 -0.93 -0.07 -0.97 -1.67 -0.24 2.01
707 194 156 110 91 -1.04 0.02 -0.98 0.4 -0.04 -0.76
708 192 142 114 78 -0.97 0.57 -0.91 1.36 0.15 -2.43
709 211 130 114 75 -0.59 0.47 -0.6 -1.16 -0.66 0.3
710 200 124 109 70 -0.4 -0.22 -0.37 -1.17 -0.33 1.52
711 243 122 95 67 -0.41 -0.55 -0.3 -1.01 -0.15 1.13
712 213 118 87 79 -0.45 -0.78 -0.23 -1.01 -0.01 0.37
713 185 112 91 73 -0.43 -0.23 -0.18 -0.12 0.16 -0.39
714 164 108 88 65 -0.39 -0.02 -0.16 -0.61 0.0 0.16
715 156 107 94 64 -0.28 -0.07 -0.1 -0.75 0.0 1.0
716 134 113 89 56 -0.23 -0.27 -0.04 -0.6 0.04 0.95
717 111 107 84 60 -0.21 -0.34 -0.01 -0.54 0.04 0.81
718 95 105 83 58 -0.21 -0.37 0.02 -0.15 -0.06 0.45
719 81 104 82 50 -0.21 -0.27 0.05 -0.08 -0.22 0.35
720 66 103 77 49 -0.22 -0.25 0.06 -0.08 -0.32 0.35
721 57 102 81 45 -0.24 -0.27 0.1 0.13 -0.51 0.29
722 49 103 80 44 -0.3 -0.38 0.13 0.13 -0.7 0.24
723 41 102 80 39 -0.34 -0.46 0.15 0.09 -0.95 0.16
724 35 108 77 37 -0.46 -0.64 0.17 0.18 -1.03 0.09
725 32 132 76 34 -0.61 -0.81 0.19 0.54 -1.15 -0.02
726 29 168 77 32 -0.69 -0.92 0.19 0.62 -1.01 -0.18
727 34 183 74 30 -0.79 -1.13 0.15 0.67 -0.67 -0.38
728 56 176 81 32 -0.79 -1.33 0.09 0.38 -0.28 -0.32
729 49 183 79 31 -0.8 -1.41 0.09 0.2 -0.31 -0.39
730 42 199 82 28 -0.75 -1.61 0.03 -0.25 -0.45 -0.35
731 37 205 106 28 -0.7 -1.91 -0.0 0.03 -0.27 -0.41
732 42 199 104 27 -0.67 -2.01 -0.0 0.32 -0.26 -0.25
733 49 204 104 27 -0.66 -2.16 0.0 0.39 -0.3 -0.26
734 64 208 107 26 -0.71 -2.26 0.0 0.61 -0.6 -0.81
735 104 233 117 25 -0.78 -2.34 0.02 1.26 -1.15 -1.01
736 85 233 111 25 -1.05 -2.39 0.09 0.37 0.06 -1.48
737 94 205 100 25 -1.0 -2.62 -0.05 1.21 0.63 -2.05
738 99 178 92 26 -1.09 -2.54 -0.09 0.95 0.58 -1.94
739 100 159 85 26 -1.38 -2.35 -0.18 0.93 0.82 -1.48
740 134 145 81 25 -1.64 -2.14 -0.3 0.54 0.97 -1.33
741 156 133 78 26 -1.77 -2.09 -0.37 0.45 1.04 -1.23
742 143 128 72 27 -2.01 -2.05 -0.5 0.1 1.06 -0.74
743 143 119 73 28 -2.22 -2.07 -0.58 0.39 0.91 -1.01
744 127 116 71 29 -2.25 -2.05 -0.59 0.23 0.86 -1.2
745 103 111 66 28 -2.25 -2.04 -0.52 -0.4 0.32 -0.98
746 100 110 70 27 -2.14 -2.07 -0.42 -0.82 -0.47 -0.08
747 118 104 71 27 -2.06 -2.04 -0.37 -0.81 -0.58 0.0
748 96 111 73 38 -1.81 -1.89 -0.29 -0.72 -0.71 0.06
749 93 109 74 36 -1.63 -1.58 -0.23 -0.62 -0.68 -0.27
750 122 104 73 33 -1.6 -1.41 -0.2 -0.57 -0.74 -0.8
751 98 105 79 31 -1.55 -1.17 -0.11 -0.11 -0.99 -1.58
752 83 104 77 29 -1.33 -1.08 -0.11 -8.63 -2.57 10.9
753 146 102 78 28 0.33 0.21 -0.24 9.67 12.58 4.61
754 127 96 86 28 0.31 -1.01 -0.67 1.71 -1.97 -4.62
755 114 97 87 28 0.98 -0.92 -0.14 1.25 -0.17 0.94
756 91 95 85 27 1.09 -0.51 -0.17 0.73 1.07 0.38
757 76 97 82 26 0.37 0.05 -0.28 0.28 0.29 -0.12
758 64 95 81 25 -0.1 0.27 -0.21 -0.45 0.04 0.32
759 55 91 81 25 -0.11 0.28 -0.15 -0.23 0.1 0.37
760 47 88 82 24 -0.0 0.36 -0.14 0.4 0.28 -0.11
761 41 86 86 24 -0.08 0.48 -0.15 0.54 0.17 -0.14
762 44 84 88 24 -0.15 0.5 -0.13 0.18 0.17 -0.13
763 38 82 88 24 -0.2 0.52 -0.05 -0.3 0.05 -0.05
764 43 79 84 24 -0.14 0.41 -0.02 -0.64 0.14 -0.07
765 59 77 80 24 -0.11 0.38 -0.02 -0.68 0.13 -0.12
766 57 77 77 24 -0.03 0.31 -0.05 -0.74 0.11 -0.23
767 49 76 77 24 0.08 0.23 -0.06 -0.73 0.02 -0.09
768 42 77 77 24 0.15 0.18 -0.07 -0.65 0.06 -0.1
769 40 77 78 24 0.21 0.06 -0.07 -0.3 0.14 -0.09
770 36 77 77 24 0.21 -0.0 -0.09 -0.22 0.04 -0.05
771 36 77 76 24 0.22 0.0 -0.09 0.02 0.19 -0.05
772 35 75 76 24 0.19 0.05 -0.1 0.06 0.21 0.02
773 33 78 74 24 0.12 0.05 -0.09 -0.03 0.14 -0.01
-100 -100 -100 -100 -100 -100 -100 -100 -100 -100 -100
774 31 77 79 24 0.11 0.06 -0.09 -0.05 0.15 -0.06
775 28 76 77 24 0.08 0.07 -0.07 -0.09 0.13 -0.02
776 27 75 76 25 0.07 0.07 -0.04 -0.09 0.08 -0.05
777 58 77 75 25 0.07 0.08 -0.04 -0.1 0.08 -0.05
778 49 77 76 24 0.05 0.08 -0.03 -0.1 0.16 -0.01
779 43 76 74 24 0.01 0.05 -0.01 -0.12 0.14 -0.06
780 46 76 72 24 -0.01 0.02 0.0 -0.13 0.09 -0.03
781 41 77 71 25 -0.03 0.0 0.01 -0.23 0.04 -0.05
782 63 78 70 28 -0.06 -0.06 0.02 -0.2 0.12 0.0
783 99 79 67 24 -0.1 -0.17 0.03 -0.38 0.04 -0.03
784 82 80 66 24 -0.16 -0.35 0.05 -0.43 0.04 -0.06
785 72 82 64 24 -0.11 -0.36 0.04 -0.19 0.08 -0.05
786 60 83 64 25 -0.05 -0.3 0.03 -0.06 0.11 -0.04
787 102 83 64 25 0.01 -0.15 0.01 0.19 0.16 -0.08
788 102 85 63 25 0.03 0.02 -0.01 0.11 0.14 -0.03
789 86 83 63 25 0.04 0.09 -0.03 0.06 0.15 -0.05
790 71 81 61 25 0.06 0.18 -0.05 -0.26 0.17 -0.05
791 61 80 60 25 0.05 0.15 -0.06 -0.3 0.12 -0.01
792 53 79 60 24 0.05 0.12 -0.06 -0.4 0.1 -0.06
793 45 77 59 24 0.05 0.03 -0.04 -0.31 0.11 -0.05
794 46 75 58 25 0.04 -0.03 -0.02 -0.18 0.06 -0.05
795 42 77 61 26 0.06 -0.03 -0.01 -0.12 0.08 -0.03
796 62 77 59 25 0.08 -0.01 -0.01 0.01 0.12 -0.05
797 56 78 58 26 0.08 0.03 -0.02 0.0 0.1 -0.02
798 47 80 58 26 0.07 0.06 -0.02 0.0 0.1 -0.05
799 44 81 60 26 0.07 0.11 -0.03 -0.15 0.11 -0.06
800 40 83 58 25 0.05 0.1 -0.04 -0.2 0.08 -0.07
801 43 84 58 25 0.04 0.09 -0.03 -0.29 0.13 -0.06
802 41 86 57 25 0.03 0.03 -0.02 -0.22 0.12 -0.03
803 35 87 57 25 0.03 0.0 -0.02 -0.09 0.1 -0.04
804 31 88 56 25 0.03 0.0 -0.02 -0.06 0.05 -0.06
805 30 90 56 24 0.03 0.03 -0.01 -0.04 0.08 -0.04
806 26 89 55 25 0.03 0.03 -0.0 -0.06 0.06 -0.04
807 25 89 54 25 0.01 0.02 0.0 -0.13 0.05 -0.05
808 24 90 55 24 0.0 0.01 0.0 -0.2 0.11 -0.07
809 30 90 54 24 -0.0 -0.0 0.01 -0.26 0.14 -0.02
810 33 90 54 24 -0.02 -0.08 0.02 -0.25 0.11 -0.05
811 30 90 52 24 -0.02 -0.11 0.02 -0.14 0.11 -0.03
812 55 89 54 24 -0.02 -0.12 0.02 -0.09 0.08 -0.05
-200 -200 -200 -200 -200 -200 -200 -200 -200 -200 -200
813 47 86 53 24 -0.04 -0.15 0.02 -0.06 0.08 -0.06
814 41 84 51 25 -0.02 -0.1 0.02 -0.02 0.13 -0.04
815 36 80 50 24 -0.02 -0.05 0.01 -0.04 0.1 -0.02
816 34 79 50 25 -0.02 -0.02 0.01 -0.02 0.11 -0.05
817 42 79 54 25 -0.02 0.03 -0.0 -0.12 0.08 -0.07
818 38 79 53 25 -0.03 0.04 -0.0 -0.17 0.07 -0.03
819 36 77 54 25 -0.03 0.02 0.0 -0.16 0.05 -0.05
820 33 77 52 25 -0.04 -0.02 0.01 -0.22 0.09 -0.04
821 31 75 53 25 -0.04 -0.05 0.02 -0.11 0.08 -0.04
822 30 74 53 25 -0.03 -0.05 0.02 -0.03 0.1 -0.07
823 28 74 55 25 -0.01 0.01 0.01 -0.02 0.11 -0.05
824 28 89 55 26 -0.0 0.03 0.0 -0.06 0.15 -0.04
825 29 132 54 31 -0.01 0.06 -0.01 -0.13 0.1 -0.04
826 27 163 52 37 -0.03 0.04 -0.0 -0.03 0.05 -0.02
827 44 196 52 39 -0.03 0.02 0.02 0.14 0.03 0.0
828 63 226 51 36 -0.02 0.02 0.03 0.24 0.04 0.04
829 70 223 52 33 0.08 0.02 0.05 0.14 0.08 0.01
830 62 241 55 87 0.18 -0.09 0.06 -0.25 0.03 0.0
831 54 243 57 87 0.18 -0.19 0.08 0.15 0.2 0.2
832 45 282 62 101 0.14 -0.38 0.15 0.31 0.1 0.44
833 39 306 66 116 0.14 -0.31 0.15 0.59 0.22 0.9
834 34 426 72 96 0.21 0.17 0.12 0.43 0.06 1.42
835 31 446 75 82 0.27 0.47 0.11 -0.38 0.05 2.45
836 29 460 81 70 0.15 0.87 -0.0 -0.23 0.54 3.31
837 26 442 85 60 0.62 0.6 -0.07 -0.45 1.74 3.01
838 24 417 92 53 0.83 0.55 0.11 -0.89 0.52 3.18
839 23 401 97 47 1.36 0.42 0.14 0.17 0.72 3.28
840 24 381 86 52 1.45 0.58 0.17 0.08 0.79 3.09
841 22 346 86 47 1.43 0.88 0.21 -0.16 0.98 2.27
842 21 338 79 41 1.47 0.7 0.23 0.17 0.86 1.29
843 20 298 78 37 1.5 0.43 0.27 -0.08 0.59 1.06
844 15 290 77 37 1.62 0.07 0.28 -0.36 0.22 0.61
845 20 270 72 38 1.7 -0.12 0.28 -0.36 0.0 0.23
846 17 263 67 34 1.83 -0.33 0.32 -0.2 0.09 -0.08
847 19 247 71 31 1.87 -0.3 0.37 0.24 0.06 -0.48
848 18 236 72 31 1.88 -0.29 0.4 -0.01 -0.04 -0.51
849 18 226 68 33 1.87 -0.27 0.37 -0.39 -0.38 -0.38
850 18 227 64 32 1.88 -0.39 0.34 -0.42 -0.28 -0.73
851 17 228 60 31 1.87 -0.43 0.32 0.04 -0.23 -0.99
852 17 239 60 30 1.81 -0.42 0.28 0.19 -0.2 -1.54
853 21 213 61 31 1.7 -0.29 0.25 0.19 -0.47 -1.68
854 19 192 61 33 1.65 -0.21 0.24 -0.05 -0.76 -0.96
855 22 173 58 32 1.56 -0.04 0.22 -0.04 -0.7 -1.11
856 24 163 63 33 1.39 0.24 0.2 0.57 -0.55 -1.21
857 22 150 67 31 1.4 0.34 0.17 -0.03 -0.78 -1.64
858 34 143 72 35 1.33 0.55 0.2 -0.02 -0.82 -1.71
859 28 144 86 40 1.34 0.63 0.27 -0.6 -0.59 -1.12
860 35 137 85 36 1.38 0.69 0.27 -0.54 -0.59 -0.87
861 68 138 91 35 1.31 0.79 0.25 -0.58 -0.79 -0.69
862 88 148 93 40 1.13 0.85 0.25 -0.87 -0.7 -0.99
863 115 150 109 38 1.07 0.73 0.24 -0.61 -0.68 -1.07
864 151 213 112 45 1.06 0.53 0.24 -0.62 -0.66 -1.15
865 187 221 120 63 1.06 0.69 0.23 -0.2 -0.65 -1.17
866 296 227 111 62 1.04 0.92 0.2 0.2 -0.49 -1.74
867 271 235 108 68 1.04 1.34 0.11 0.26 -0.55 -1.7
868 275 232 120 69 0.97 1.81 0.0 1.32 -0.43 -2.5
869 302 219 151 69 0.87 1.91 -0.05 1.15 -0.42 -1.89
870 338 230 140 79 0.74 1.73 -0.1 1.09 -0.24 -1.75
871 356 222 135 85 0.57 1.53 -0.21 1.38 -0.19 -1.54
872 356 256 157 91 0.47 1.53 -0.24 0.81 -0.35 -1.96
873 404 301 152 110 0.35 1.55 -0.33 1.0 -0.37 -1.77
874 411 315 185 149 0.31 1.78 -0.42 0.7 -0.26 -1.05
875 460 347 184 210 0.31 1.97 -0.48 0.42 -0.24 -0.92
876 482 332 219 192 0.3 2.19 -0.59 0.42 -0.31 -0.97
877 468 362 261 181 0.26 2.32 -0.69 -0.15 -0.57 -0.81
878 462 346 289 188 0.27 2.35 -0.72 -0.47 -0.44 -0.75
879 410 362 278 232 0.23 2.45 -0.83 -0.25 -0.58 -1.13
880 386 367 304 232 0.16 2.41 -0.88 4.62 -1.04 -10.41
881 361 361 274 239 0.61 2.16 -1.13 14.62 10.63 -30.71
882 356 306 228 235 2.61 4.57 -0.5 8.98 8.54 20.9
883 345 284 196 194 -0.93 5.18 -2.73 -0.84 -0.54 -8.9
884 288 263 179 157 -0.49 2.46 -1.74 -4.13 -2.68 2.41
885 303 246 157 132 0.18 -1.5 -0.33 -2.37 -1.67 -0.04
886 291 248 149 116 -0.27 -1.89 -0.24 -3.23 -0.66 -2.65
887 248 229 136 100 -0.61 -1.08 -0.34 0.03 0.01 -0.43
888 293 219 121 88 -1.09 -0.09 -0.72 0.12 0.22 0.11
889 257 200 113 76 -1.23 0.09 -0.85 1.06 0.37 -1.04
890 241 187 107 68 -1.19 0.26 -0.83 1.46 0.32 -0.7
891 208 179 111 59 -1.03 0.28 -0.74 -0.01 0.16 1.44
892 193 168 111 56 -0.95 -0.07 -0.74 -0.5 0.29 1.85
893 174 174 101 53 -0.96 -0.25 -0.76 -0.71 0.25 2.09
894 146 159 89 51 -0.95 -0.15 -0.7 0.06 -0.03 -0.09
895 186 147 86 46 -0.52 0.03 -0.4 -0.43 -0.39 0.22
896 210 139 84 42 -0.4 -0.02 -0.31 -1.16 -0.2 1.33
897 191 133 83 43 -0.29 -0.16 -0.22 -1.01 -0.05 1.16
898 165 124 82 42 -0.28 -0.21 -0.17 -0.82 0.04 0.45
899 139 118 85 43 -0.26 -0.15 -0.15 -0.57 0.13 0.27
900 122 112 87 43 -0.2 -0.11 -0.1 -0.34 -0.13 0.09
901 111 109 86 41 -0.16 -0.23 -0.03 -0.33 -0.15 0.4
902 142 110 79 38 -0.17 -0.3 0.0 -0.25 -0.14 0.49
903 169 110 75 42 -0.22 -0.43 0.06 -0.08 -0.15 0.25
904 153 102 77 39 -0.22 -0.39 0.07 0.18 -0.17 -0.1
905 147 98 85 38 -0.21 -0.32 0.07 0.21 -0.34 -0.1
906 143 94 92 35 -0.21 -0.21 0.05 0.21 -0.33 -0.06
907 134 98 95 34 -0.26 -0.21 0.01 0.35 -0.39 0.01
908 113 108 94 34 -0.3 -0.24 -0.01 0.15 -0.82 0.0
909 121 115 90 44 -0.34 -0.28 0.01 0.54 -0.34 -0.06
910 121 110 89 41 -0.37 -0.35 0.03 0.4 -0.61 -0.25
911 126 108 89 37 -0.39 -0.46 0.06 0.25 -0.78 -0.19
912 107 113 82 35 -0.45 -0.68 0.1 0.13 -0.55 -0.04
913 96 111 88 35 -0.5 -0.7 0.1 0.01 -0.42 -0.08
914 89 105 99 34 -0.52 -0.65 0.09 0.07 -0.26 -0.18
915 86 105 97 31 -0.51 -0.51 0.05 0.06 -0.25 -0.04
916 87 103 98 33 -0.47 -0.38 0.01 0.08 -0.26 0.28
917 100 99 96 32 -0.46 -0.32 -0.01 0.0 -0.24 0.27
918 121 97 93 30 -0.39 -0.23 -0.02 -0.06 0.01 0.24
919 108 97 90 28 -0.31 -0.27 -0.05 0.07 -0.07 0.35
920 90 92 90 28 -0.29 -0.31 -0.06 0.12 -0.1 0.23
921 74 88 89 27 -0.28 -0.33 -0.08 0.31 -0.21 -0.03
922 64 90 84 27 -0.31 -0.29 -0.1 0.51 -0.32 -0.2
923 81 90 86 26 -0.35 -0.27 -0.11 0.53 -0.31 -0.18
924 66 105 88 25 -0.45 -0.23 -0.13 0.71 -0.3 -0.23
925 65 104 86 25 -0.56 -0.31 -0.16 0.4 -0.43 -0.47
926 64 123 87 25 -0.59 -0.39 -0.19 0.53 -0.44 -0.56
927 95 133 84 26 -0.69 -0.54 -0.26 0.68 -0.57 -0.64
928 88 142 83 26 -0.75 -0.65 -0.34 0.77 -0.77 -0.68
929 72 136 80 25 -0.79 -0.72 -0.38 0.86 -0.73 -0.66
930 61 139 80 24 -0.88 -0.89 -0.43 1.01 -0.53 -0.59
931 72 134 76 24 -0.99 -0.89 -0.44 0.86 -0.06 -0.88
932 67 151 88 24 -1.03 -0.81 -0.47 0.68 -0.1 -1.05
933 68 140 84 24 -1.14 -0.63 -0.58 -0.04 -0.23 -1.33
934 70 200 80 24 -1.28 -0.56 -0.7 -0.29 0.17 -1.09
935 68 184 78 24 -1.37 -0.67 -0.76 -0.29 -0.11 -0.83
936 60 203 76 24 -1.46 -0.82 -0.79 -0.41 0.08 -1.05
937 67 178 73 24 -1.57 -0.93 -0.76 -0.69 -0.05 -0.69
938 71 170 74 23 -1.64 -1.03 -0.7 -1.16 0.22 -0.61
939 95 158 73 23 -1.8 -1.04 -0.49 0.0 -1.15 -0.11
940 95 147 74 49 -1.86 -1.33 -0.63 -1.19 0.02 -0.77
941 97 132 73 44 -1.79 -1.43 -0.58 0.0 0.47 -0.97
942 84 121 71 39 -1.78 -0.93 -0.47 0.06 0.04 -0.37
943 79 113 70 36 -1.66 -1.03 -0.42 -0.07 -0.04 0.0
944 71 108 70 34 -1.55 -1.09 -0.41 -0.05 -0.33 0.38
945 78 102 69 31 -1.25 -1.06 -0.44 0.7 0.0 0.45
946 65 105 70 30 -0.84 -1.08 -0.4 -1.27 -1.55 2.81
947 92 104 72 28 -0.26 -1.88 -0.73 -11.74 -5.5 21.76
948 78 98 73 27 -1.45 -3.34 -0.09 -2.24 3.59 0.23
949 66 92 75 26 -0.03 -2.02 -0.19 -0.35 -0.57 -2.14
950 58 89 73 26 0.7 -1.62 -0.27 -0.03 -0.38 0.24
951 50 87 73 25 0.81 -1.16 -0.15 1.56 0.25 0.47
952 47 86 73 25 0.49 -0.51 -0.09 2.43 0.38 0.72
953 51 85 77 24 0.23 -0.35 -0.05 1.82 0.37 0.6
954 44 82 78 24 -0.11 -0.32 0.02 0.84 -0.23 0.07
955 40 82 77 24 -0.18 -0.2 0.02 -0.2 0.11 0.07
956 37 80 76 23 -0.2 -0.15 0.02 -0.29 0.11 0.21
957 63 78 76 24 -0.15 0.05 -0.01 -0.45 0.09 0.13
958 53 76 74 23 -0.05 0.04 0.03 -0.31 0.2 -0.13
959 47 75 73 23 0.0 0.03 0.0 -0.34 -0.19 -0.13
960 44 74 71 23 0.04 -0.04 -0.02 -0.22 0.11 -0.06
961 42 74 70 23 -0.01 -0.09 -0.04 -0.25 0.04 -0.03
962 39 73 69 23 -0.01 -0.09 -0.04 -0.27 0.02 0.0
963 33 72 69 23 0.02 -0.12 -0.05 -0.25 -0.05 -0.07
964 29 72 68 23 0.04 -0.15 -0.03 -0.15 -0.12 -0.04
965 33 73 67 23 0.07 -0.16 -0.03 -0.09 -0.07 -0.01
966 30 72 65 24 0.1 -0.15 -0.02 0.01 -0.07 -0.04
967 33 71 63 24 0.11 -0.13 -0.02 0.12 0.04 0.03
968 59 71 61 24 0.11 -0.1 -0.02 0.11 0.02 0.02
969 55 74 61 23 0.11 -0.04 -0.03 0.03 0.03 -0.02
970 47 74 59 24 0.11 -0.02 -0.04 -0.15 0.06 0.0
971 41 75 58 23 0.1 -0.02 -0.04 -0.17 0.06 0.0
972 36 76 55 23 0.09 -0.04 -0.04 -0.22 0.02 -0.03
973 36 77 54 24 0.08 -0.08 -0.04 -0.15 0.08 -0.01
974 35 77 53 23 0.07 -0.09 -0.04 -0.04 0.11 -0.01
975 31 78 51 24 0.05 -0.09 -0.03 -0.01 0.09 0.04
976 28 78 50 24 0.02 -0.08 -0.03 0.03 0.03 0.01
977 27 78 49 24 0.01 -0.06 -0.03 0.0 0.0 0.01
978 29 78 48 24 0.0 -0.04 -0.02 -0.01 0.0 0.0
979 26 80 48 24 0.0 -0.02 -0.01 -0.06 0.04 -0.02
980 24 81 46 24 0.0 -0.02 -0.01 -0.08 0.02 -0.01
981 22 82 47 24 -0.0 -0.03 0.0 -0.09 0.06 -0.04
-100 -100 -100 -100 -100 -100 -100 -100 -100 -100 -100
982 28 84 47 24 -0.01 -0.03 0.0 -0.11 0.0 -0.02
983 25 82 45 24 -0.0 -0.03 0.0 -0.11 0.05 0.0
984 24 82 45 24 -0.0 -0.03 0.0 -0.16 0.05 -0.01
985 22 80 46 24 -0.0 -0.05 -0.0 -0.17 0.06 -0.04
986 21 79 45 24 -0.0 -0.05 -0.01 -0.16 0.06 -0.04
987 22 81 45 24 -0.01 -0.08 -0.01 -0.16 0.05 -0.01
988 21 82 46 25 -0.02 -0.09 -0.0 -0.07 0.01 -0.01
989 26 81 46 25 -0.02 -0.09 -0.0 -0.03 0.0 -0.01
990 26 79 47 25 -0.01 -0.07 0.0 0.01 -0.02 -0.01
991 26 79 48 24 0.0 -0.05 0.01 -0.01 0.0 0.0
992 24 78 48 25 -0.0 -0.04 0.01 -0.03 0.0 0.0
993 23 77 49 24 -0.0 -0.02 -0.0 -0.12 0.05 -0.02
994 22 77 49 24 -0.0 -0.03 -0.01 -0.17 0.08 -0.04
995 21 77 50 25 0.0 -0.04 -0.02 -0.15 0.08 -0.01
996 20 79 50 24 -0.0 -0.05 -0.03 -0.13 0.07 -0.02
997 20 78 50 25 0.0 -0.05 -0.03 -0.05 0.0 -0.01
998 19 78 50 25 0.0 -0.05 -0.02 -0.06 -0.01 -0.02
999 19 79 50 25 0.0 -0.04 -0.02 -0.04 0.0 -0.01
1000 19 79 51 25 0.01 -0.02 -0.01 -0.12 0.04 -0.02
1001 18 78 52 28 0.01 -0.03 -0.01 -0.08 0.06 -0.01
1002 18 77 52 26 0.0 -0.04 -0.01 -0.1 0.04 -0.01
1003 21 75 53 27 0.0 -0.04 -0.01 -0.03 0.04 -0.01
1004 22 74 52 26 0.0 -0.03 -0.01 -0.04 0.02 -0.02
1005 21 75 51 26 0.0 -0.02 -0.01 -0.03 0.01 0.0
1006 19 76 51 25 -0.0 -0.02 -0.0 -0.08 0.05 -0.03
1007 19 76 52 25 -0.0 -0.02 -0.01 -0.1 0.04 -0.03
1008 18 77 51 26 0.0 -0.02 -0.01 -0.15 0.04 -0.01
1009 17 72 52 26 0.0 -0.03 -0.01 -0.17 0.07 -0.03
1010 18 71 53 26 0.0 -0.04 -0.01 -0.17 0.06 -0.03
1011 17 70 53 26 -0.0 -0.06 -0.01 -0.13 0.08 0.0
1012 16 71 53 26 -0.01 -0.08 0.0 -0.03 0.07 0.0
1013 17 70 54 26 -0.01 -0.08 0.0 0.02 0.05 0.0
1014 16 70 54 26 -0.02 -0.05 0.0 0.03 0.04 -0.02
1015 16 69 55 25 -0.01 -0.02 0.01 -0.04 0.04 -0.01
1016 15 69 55 25 -0.01 -0.01 0.0 -0.11 0.05 -0.02
1017 16 68 54 26 -0.01 -0.0 0.0 -0.16 0.06 -0.03
1018 16 68 55 25 -0.01 -0.03 -0.0 -0.17 0.06 -0.04
1019 16 68 55 25 -0.01 -0.04 -0.01 -0.17 0.09 -0.02
1020 18 67 56 25 -0.01 -0.06 -0.0 -0.05 0.08 -0.02
-200 -200 -200 -200 -200 -200 -200 -200 -200 -200 -200
1021 16 67 55 25 -0.03 -0.06 -0.0 -0.02 0.04 -0.02
1022 16 68 56 25 -0.03 -0.05 0.0 -0.02 0.01 -0.02
1023 15 67 55 25 -0.03 -0.03 0.01 -0.01 -0.02 0.0
1024 16 67 55 26 -0.03 -0.01 0.01 -0.04 0.0 -0.05
1025 16 67 54 31 -0.02 -0.0 0.01 -0.1 0.01 -0.01
1026 15 82 57 30 -0.02 -0.01 0.02 -0.14 0.09 -0.03
1027 17 94 56 29 -0.02 -0.02 0.02 -0.04 0.07 0.0
1028 16 113 55 38 -0.02 -0.02 0.02 0.05 0.05 0.01
1029 24 166 58 39 -0.01 -0.01 0.03 0.04 0.02 0.01
1030 67 252 61 43 0.08 -0.01 0.02 0.04 -0.1 0.05
1031 66 289 66 39 0.22 -0.09 0.03 0.01 -0.08 0.0
1032 63 308 72 116 0.46 -0.43 0.08 -0.44 0.25 0.02
1033 60 315 88 123 0.12 -0.94 0.26 -0.33 0.58 0.28
1034 52 325 102 105 -0.14 -1.2 0.36 0.11 0.11 0.54
1035 45 353 97 92 0.07 -0.3 0.3 1.12 -0.08 1.05
1036 54 357 94 190 0.13 0.48 0.25 0.66 0.35 2.1
1037 45 397 91 168 -0.07 0.72 0.23 2.06 -0.22 2.98
1038 40 411 88 141 -0.28 0.92 0.17 -0.84 -0.05 3.14
1039 34 391 93 114 0.43 -0.01 0.07 -0.84 0.15 3.65
1040 31 360 91 94 0.66 -0.13 0.02 -0.68 -0.46 3.52
1041 27 341 90 80 1.12 0.06 0.14 -0.34 0.41 3.93
1042 25 372 83 80 1.44 0.38 0.22 -0.65 0.42 3.8
1043 24 343 77 70 1.58 0.4 0.26 -0.66 0.63 3.09
1044 21 313 73 60 1.83 0.23 0.32 -0.62 0.47 2.34
1045 20 289 68 56 2.02 -0.08 0.36 -0.29 0.34 1.21
1046 19 298 64 49 2.1 -0.2 0.37 -0.33 0.3 0.85
1047 18 297 70 43 2.22 -0.46 0.39 -0.31 -0.04 0.39
1048 19 289 80 40 2.37 -0.74 0.45 -0.07 -0.12 -0.24
1049 17 259 74 36 2.41 -0.81 0.45 0.0 -0.36 -0.4
1050 20 246 69 39 2.36 -0.86 0.45 0.17 -0.5 -0.49
1051 20 219 67 37 2.22 -0.93 0.41 0.23 -0.39 -1.01
1052 19 215 64 34 2.14 -1.0 0.37 0.24 -0.52 -1.2
1053 20 211 63 34 2.02 -1.28 0.29 0.15 -0.64 -1.67
1054 21 213 63 35 1.87 -1.55 0.21 -0.04 -0.83 -1.87
1055 20 191 64 40 1.82 -1.64 0.17 -0.16 -0.89 -1.9
1056 19 169 63 40 1.8 -1.73 0.09 -0.49 -1.05 -1.73
1057 21 157 68 37 1.66 -1.53 0.06 -0.11 -0.81 -2.06
1058 22 147 71 44 1.61 -1.33 0.05 0.22 -0.83 -1.94
1059 29 138 70 42 1.48 -0.88 0.08 -0.55 -1.03 -1.25
1060 68 136 77 38 1.43 -0.69 0.11 -0.24 -1.07 -0.89
1061 63 139 79 35 1.39 -0.63 0.12 -0.57 -1.1 -0.9
1062 59 143 83 41 1.28 -0.51 0.13 -0.7 -1.04 -1.48
1063 74 141 87 43 1.21 -0.43 0.13 -0.56 -0.99 -1.86
1064 69 146 91 45 1.13 -0.27 0.16 -1.04 -0.97 -2.12
1065 117 146 98 41 1.05 -0.27 0.18 -0.58 -0.99 -1.58
1066 128 146 91 46 0.98 -0.23 0.19 -0.33 -0.6 -0.64
1067 117 143 109 40 0.84 -0.02 0.16 -0.28 -0.61 -0.5
1068 182 148 104 40 0.71 0.22 0.1 -0.12 -0.47 -0.89
1069 164 152 111 37 0.66 0.33 0.08 -0.36 -0.46 -1.27
1070 170 150 109 47 0.59 0.44 0.07 -0.32 -0.47 -1.23
1071 265 172 118 55 0.55 0.56 0.02 0.12 -0.38 -1.14
1072 251 180 118 67 0.51 0.71 -0.01 0.24 -0.31 -1.47
1073 313 179 133 83 0.52 1.08 -0.08 0.42 -0.22 -1.5
1074 331 184 136 82 0.5 1.88 -0.22 0.75 -0.22 -1.92
1075 319 200 141 71 0.5 2.34 -0.3 0.39 -0.16 -1.44
1076 336 200 151 80 0.49 3.25 -0.5 0.37 -0.23 -1.34
1077 326 230 146 157 0.48 3.57 -0.69 0.36 -0.21 -1.06
1078 360 297 151 160 0.45 3.53 -0.77 0.62 -0.2 -1.44
1079 465 311 176 181 0.45 3.46 -0.85 1.04 -0.17 -1.8
1080 443 309 179 202 0.48 3.55 -0.97 2.11 -0.03 -2.56
1081 456 344 203 202 0.48 3.71 -1.08 2.18 0.06 -2.56
1082 504 331 240 222 0.42 3.91 -1.37 1.95 -0.21 -1.94
1083 561 394 263 244 0.42 3.85 -1.62 1.13 -0.65 -1.91
1084 551 432 264 253 0.44 3.81 -1.7 -0.92 -0.7 -0.4
1085 531 424 291 231 0.43 3.82 -1.79 -1.64 -0.76 -0.55
1086 554 387 310 240 0.34 3.8 -1.75 -2.63 -0.94 -0.99
1087 545 390 315 236 0.3 3.54 -1.64 -3.36 -0.75 -0.86
1088 505 389 274 247 0.06 2.63 -1.34 -1.81 -0.61 -1.94
1089 410 369 254 337 3.09 2.1 -0.57 -27.48 6.45 31.96
1090 357 312 225 356 1.89 6.84 -1.82 7.98 3.93 9.51
1091 324 293 240 288 -1.26 3.18 -2.04 -0.74 -1.43 -8.26
1092 348 267 217 244 -0.14 -3.13 0.2 -5.7 -2.82 3.4
1093 401 238 182 205 -0.28 -4.33 0.76 -2.6 0.07 -1.69
1094 367 222 156 169 -1.26 -3.25 0.56 -1.89 -0.19 -2.3
1095 300 223 145 159 -1.8 -1.13 0.03 -0.1 0.14 -0.58
1096 296 200 154 130 -1.77 -0.98 -0.24 2.12 0.21 -0.43
1097 286 182 146 109 -1.35 -0.16 -0.51 2.23 0.32 -0.1
1098 291 163 128 98 -0.99 0.38 -0.64 1.2 0.0 2.32
1099 287 155 112 91 -0.92 0.31 -0.69 -0.18 -0.13 2.23
1100 261 151 102 82 -0.98 -0.07 -0.76 -0.3 -0.06 1.88
1101 240 143 97 77 -1.05 0.05 -0.74 0.75 -0.3 -0.33
1102 270 129 104 69 -0.92 0.29 -0.64 0.26 -0.49 -0.59
1103 233 118 98 60 -0.5 0.15 -0.38 -1.05 -0.74 0.9
1104 222 122 92 53 -0.3 -0.38 -0.19 -0.91 -0.32 1.29
1105 204 113 84 47 -0.28 -0.61 -0.14 -0.59 -0.06 0.14
1106 170 109 87 47 -0.32 -0.77 -0.1 -0.54 -0.11 -0.09
1107 180 105 89 51 -0.38 -0.43 -0.15 -0.05 -0.03 -0.33
1108 146 100 106 46 -0.4 -0.18 -0.17 0.07 0.01 0.03
1109 124 102 101 43 -0.38 -0.04 -0.14 -0.11 -0.06 0.37
1110 106 102 95 39 -0.32 -0.28 -0.08 -0.06 -0.18 0.83
1111 104 105 87 36 -0.31 -0.43 -0.05 0.0 -0.1 0.57
1112 101 106 84 35 -0.35 -0.5 -0.01 0.25 -0.17 0.36
1113 85 109 89 33 -0.5 -0.27 -0.02 0.43 -0.17 0.19
1114 77 127 88 35 -0.6 -0.09 -0.03 0.23 -0.66 -0.32
1115 64 130 92 33 -0.76 0.08 -0.05 0.34 -0.78 -0.43
1116 59 178 87 31 -0.76 -0.1 -0.09 0.33 -0.55 -0.61
1117 50 163 84 29 -0.74 -0.21 -0.1 0.44 -0.38 -0.34
1118 49 161 87 34 -0.71 -0.45 -0.11 0.28 -0.33 -0.32
1119 64 172 88 33 -0.71 -0.62 -0.15 0.2 -0.52 -0.1
1120 66 194 83 36 -0.74 -0.66 -0.16 -0.22 -0.86 -0.46
1121 106 181 86 34 -0.74 -0.67 -0.18 0.16 -0.77 -0.49
1122 101 173 78 31 -0.52 -0.66 -0.25 0.12 -0.78 -0.92
1123 83 153 78 30 -0.5 -0.7 -0.27 0.3 -0.66 -0.9
1124 70 142 85 29 -0.61 -0.8 -0.27 0.48 -0.55 -0.8
1125 69 134 79 27 -0.71 -0.79 -0.29 0.66 -0.49 -0.83
1126 66 136 78 27 -0.8 -0.78 -0.29 0.58 -0.41 -1.07
1127 58 134 73 26 -0.95 -0.69 -0.33 1.01 -0.38 -1.17
1128 90 129 69 26 -1.11 -0.56 -0.44 0.73 -0.16 -1.33
1129 78 120 66 35 -1.21 -0.53 -0.51 0.87 -0.15 -0.98
1130 74 119 63 36 -1.44 -0.5 -0.56 0.63 -0.19 -0.92
1131 65 116 60 33 -1.65 -0.57 -0.56 0.39 -0.34 -1.17
1132 70 113 56 31 -1.7 -0.7 -0.57 0.01 -0.2 -1.05
1133 130 118 56 29 -1.75 -0.95 -0.57 -0.24 -0.31 -0.43
1134 201 134 62 28 -1.77 -1.17 -0.55 -0.55 -0.21 0.15
1135 220 158 66 29 -1.74 -1.31 -0.5 -0.27 -0.06 0.89
1136 236 151 65 30 -1.56 -1.38 -0.62 -0.44 0.04 0.55
1137 207 144 64 29 -1.41 -1.1 -0.67 0.26 0.47 -0.34
1138 165 132 64 27 -1.34 -0.82 -0.71 1.13 0.54 -0.05
1139 163 127 67 28 -1.28 -0.2 -0.73 0.64 0.61 0.21
1140 237 126 65 27 -1.17 0.03 -0.68 0.01 0.24 1.3
1141 233 121 60 26 -1.11 0.04 -0.65 -0.29 0.16 1.67
1142 198 118 59 26 -0.95 -0.12 -0.66 -1.17 -0.7 1.57
1143 167 115 60 25 -0.59 -0.55 -0.52 -0.06 0.72 1.16
1144 155 112 63 26 -0.58 -0.59 -0.62 -6.5 -3.3 12.38
1145 208 113 61 32 -0.19 -1.25 -0.88 -5.78 4.78 11.92
1146 193 112 68 31 -0.85 -1.19 -0.22 -0.14 0.22 -0.45
1147 184 109 79 29 -0.79 -0.93 -0.18 -1.29 -0.57 -0.5
1148 159 111 79 27 0.2 -0.36 -0.2 -0.46 -0.03 0.38
1149 148 110 76 26 0.44 -0.18 -0.14 0.7 0.02 -0.11
1150 182 109 74 26 0.31 -0.2 -0.1 0.86 -0.24 -0.3
1151 210 106 73 25 0.01 -0.37 -0.08 0.87 -0.22 0.07
1152 183 104 72 24 -0.23 -0.63 -0.06 0.4 -0.26 0.01
1153 167 103 71 24 -0.29 -0.68 -0.06 -0.78 -0.07 0.16
1154 141 100 69 24 -0.22 -0.67 -0.08 -1.12 -0.01 0.19
1155 117 97 69 24 -0.09 -0.64 -0.06 -0.83 0.02 -0.05
1156 101 95 69 23 -0.03 -0.58 -0.04 -0.37 0.1 -0.12
1157 111 90 70 23 0.15 -0.48 -0.03 -0.14 0.17 -0.04
1158 101 87 68 24 0.21 -0.5 -0.06 0.33 0.25 0.11
1159 187 90 67 24 0.17 -0.49 -0.07 0.34 0.24 0.22
1160 155 87 67 23 0.09 -0.39 -0.09 0.26 0.13 0.18
1161 166 86 67 23 0.06 -0.22 -0.09 0.09 0.05 0.07
1162 134 84 67 24 0.08 -0.16 -0.09 0.03 0.04 0.05
1163 137 83 67 24 0.1 -0.08 -0.09 0.0 0.02 0.01
1164 125 83 67 23 0.11 -0.05 -0.09 -0.14 0.07 -0.02
1165 103 81 67 23 0.12 -0.04 -0.08 -0.1 0.09 0.0
1166 85 79 66 23 0.11 -0.07 -0.08 -0.09 0.1 0.02
1167 81 80 66 23 0.09 -0.09 -0.06 -0.02 0.11 0.04
1168 69 79 64 24 0.08 -0.09 -0.05 0.0 0.03 0.03
1169 76 79 64 24 0.05 -0.07 -0.02 0.0 0.02 0.02
1170 92 80 63 23 0.02 -0.04 0.0 0.1 0.02 0.09
1171 74 80 63 24 0.02 -0.02 0.02 0.02 0.04 0.02
1172 90 80 63 24 0.01 0.04 0.02 0.01 0.14 0.01
1173 79 79 62 23 -0.0 0.06 0.01 -0.06 0.13 0.0
1174 73 76 61 24 -0.01 0.07 0.01 -0.2 0.11 -0.01
1175 63 78 61 25 -0.01 0.06 -0.0 -0.23 0.06 -0.05
1176 63 77 59 25 -0.01 0.04 0.0 -0.17 0.03 -0.02
1177 65 76 59 26 -0.0 0.04 -0.0 -0.09 0.01 -0.03
1178 61 74 57 26 0.02 0.03 0.0 -0.07 0.03 -0.01
1179 56 74 57 25 0.03 0.03 0.0 -0.11 0.05 -0.01
1180 80 75 55 26 0.03 0.03 -0.01 -0.08 0.05 0.0
1181 69 75 55 26 0.04 0.03 -0.01 -0.13 0.04 0.0
1182 60 74 55 26 0.04 0.02 -0.01 -0.17 0.06 -0.01
1183 83 75 54 27 0.03 0.01 -0.01 -0.16 0.04 -0.05
1184 76 74 55 27 0.03 -0.01 -0.01 -0.06 0.11 0.02
1185 65 73 54 27 0.03 -0.01 -0.01 -0.08 0.07 0.0
1186 64 77 54 29 0.03 -0.0 -0.01 -0.04 0.11 0.0
1187 56 78 54 28 0.01 -0.0 -0.01 -0.03 0.06 0.0
1188 51 75 53 27 0.0 0.01 -0.01 -0.14 0.04 0.0
1189 45 75 52 30 0.0 0.01 0.0 -0.11 0.0 -0.02
1190 41 74 51 30 0.01 -0.0 0.01 -0.08 0.03 0.0
1191 41 74 51 29 0.01 -0.0 0.02 -0.12 0.04 0.0
1192 51 72 51 28 0.01 -0.01 0.03 -0.1 0.06 -0.04
1193 50 73 50 28 0.01 -0.02 0.03 -0.01 0.11 -0.02
1194 46 72 49 27 0.0 -0.02 0.03 -0.11 0.11 -0.01
1195 43 72 50 27 0.0 -0.02 0.02 -0.08 0.12 -0.03
1196 47 75 50 27 0.0 -0.02 0.01 -0.09 0.09 -0.01
1197 45 73 50 26 -0.0 -0.01 -0.01 -0.13 0.07 -0.01
1198 80 74 51 27 0.0 -0.01 -0.01 -0.13 0.08 -0.01
1199 82 74 52 26 0.01 -0.01 -0.03 -0.05 0.05 0.0
1200 71 73 52 26 0.01 -0.0 -0.02 -0.05 0.03 -0.01
1201 62 72 52 25 0.01 0.0 -0.02 -0.05 0.02 -0.03
1202 58 73 52 25 0.02 0.01 -0.01 -0.04 0.05 -0.01
1203 50 73 52 25 0.03 0.01 -0.01 -0.12 0.08 -0.01
1204 56 72 55 24 0.03 0.01 -0.01 -0.1 0.1 -0.02
1205 54 72 53 24 0.03 -0.0 -0.02 -0.17 0.11 0.0
1206 49 71 52 22 0.03 -0.02 -0.03 -0.08 0.1 -0.03
1207 69 72 53 25 0.02 -0.02 -0.03 -0.07 0.1 -0.03
-100 -100 -100 -100 -100 -100 -100 -100 -100 -100 -100
1208 67 73 53 24 0.02 -0.03 -0.02 -0.04 0.06 0.0
1209 60 73 53 24 0.01 -0.02 -0.02 -0.02 0.04 -0.03
1210 52 74 52 24 0.01 -0.02 -0.01 -0.04 0.07 -0.04
1211 49 73 53 25 0.0 -0.03 -0.0 -0.04 0.05 0.01
1212 55 72 53 24 -0.01 -0.02 0.0 -0.07 0.04 0.01
1213 50 73 52 24 -0.01 -0.01 0.01 -0.06 0.05 0.0
1214 47 72 52 24 -0.01 -0.01 0.0 -0.08 0.07 -0.01
1215 43 72 52 24 -0.01 -0.01 0.01 -0.07 0.05 0.0
1216 40 72 51 24 -0.0 -0.01 0.01 -0.11 0.06 -0.03
1217 46 73 51 24 0.0 -0.01 0.01 -0.11 0.05 0.0
1218 49 74 51 24 0.0 -0.01 0.01 -0.11 0.06 -0.02
1219 62 72 50 24 0.01 -0.01 0.01 -0.1 0.07 -0.04
1220 56 73 50 24 0.01 -0.02 0.0 -0.1 0.08 -0.02
1221 49 70 51 24 0.01 -0.03 -0.0 -0.09 0.09 -0.01
1222 45 70 50 24 0.01 -0.03 -0.0 -0.09 0.07 0.0
1223 52 70 52 24 0.01 -0.03 -0.01 -0.1 0.06 0.0
1224 57 73 52 22 0.01 -0.04 -0.01 -0.1 0.1 0.0
1225 52 75 52 24 0.01 -0.05 -0.01 -0.05 0.08 0.01
1226 75 76 51 24 0.0 -0.05 -0.01 -0.05 0.07 0.0
1227 68 76 50 24 -0.01 -0.04 -0.0 -0.02 0.11 0.03
1228 59 75 50 24 -0.0 -0.04 -0.01 -0.07 0.09 0.0
1229 62 78 51 24 -0.01 -0.03 -0.02 -0.09 0.12 0.0
1230 64 79 51 24 -0.01 -0.01 -0.02 -0.07 0.1 -0.01
1231 59 78 51 24 -0.02 -0.01 -0.02 -0.05 0.09 -0.03
1232 51 78 50 24 -0.02 -0.01 -0.02 -0.06 0.11 0.0
1233 47 79 51 24 -0.02 -0.02 -0.03 -0.07 0.11 -0.02
1234 46 78 51 24 -0.02 -0.02 -0.02 -0.08 0.08 -0.02
1235 43 79 51 24 -0.02 -0.03 -0.01 -0.07 0.09 -0.03
1236 67 77 50 24 -0.02 -0.03 -0.01 -0.05 0.03 -0.03
1237 64 76 50 24 -0.02 -0.04 0.01 -0.09 0.03 -0.01
1238 56 75 50 24 -0.01 -0.03 0.01 -0.05 0.04 0.0
1239 56 75 49 24 0.0 -0.03 0.01 -0.06 0.09 -0.05
1240 48 73 49 24 0.02 -0.03 0.01 -0.08 0.08 -0.05
1241 42 73 49 24 0.03 -0.02 -0.0 -0.11 0.09 -0.01
1242 45 72 50 24 0.04 -0.03 -0.0 -0.1 0.06 -0.04
1243 61 73 50 24 0.06 -0.04 -0.01 -0.1 0.03 -0.08
1244 62 72 50 24 0.08 -0.05 -0.0 -0.14 0.03 -0.06
1245 56 72 49 24 0.09 -0.05 -0.01 -0.12 0.03 -0.02
1246 48 71 49 24 0.1 -0.06 -0.02 -0.13 0.03 -0.04
1247 42 71 49 24 0.11 -0.06 -0.03 -0.15 0.05 0.0
1248 47 72 49 24 0.1 -0.07 -0.03 -0.2 0.0 -0.01
1249 40 71 49 24 0.09 -0.08 -0.03 -0.18 0.0 -0.06
1250 41 70 49 24 0.08 -0.1 -0.03 -0.1 0.1 0.0
1251 36 70 49 23 0.07 -0.1 -0.03 -0.08 0.1 0.03
1252 63 71 49 24 0.05 -0.1 -0.03 -0.05 0.17 0.0
1253 53 70 49 24 0.02 -0.12 -0.01 -0.01 0.21 0.01
1254 47 71 49 26 -0.0 -0.12 -0.01 0.02 0.22 0.03
1255 46 70 48 23 -0.03 -0.12 -0.0 0.08 0.22 0.01
1256 43 70 47 23 -0.05 -0.09 0.0 0.09 0.15 0.04
1257 39 72 47 23 -0.06 -0.07 0.0 0.06 0.15 0.01
1258 34 72 46 23 -0.07 -0.02 0.01 0.03 0.07 0.0
1259 32 73 47 24 -0.08 0.02 0.02 -0.04 0.04 0.0
1260 31 72 46 23 -0.07 0.03 0.03 -0.14 0.07 -0.05
1261 31 73 46 23 -0.06 0.03 0.03 -0.16 0.1 -0.04
1262 62 75 46 23 -0.05 -0.0 0.03 -0.19 0.19 -0.07
1263 55 77 45 24 -0.04 -0.03 0.03 -0.01 0.25 -0.03
1264 45 76 45 24 -0.03 -0.05 0.02 -0.05 0.22 -0.02
1265 41 75 45 24 -0.03 -0.03 0.01 -0.06 0.07 -0.01
