-1 -1 -1 -1 -1 -1 -1 -1 -1 -1 -1
2 16 70 92 21 -0.0 -0.01 -0.03 0.06 0.06 -0.11
3 16 69 96 23 -0.01 -0.01 -0.03 0.05 0.0 -0.06
4 15 72 102 23 -0.01 -0.02 -0.03 0.15 0.04 -0.05
5 17 74 103 23 -0.0 -0.0 -0.03 0.23 0.02 -0.01
6 16 75 91 23 -0.01 0.01 -0.03 0.14 0.0 -0.09
7 16 76 88 23 -0.02 0.03 -0.02 0.1 0.11 -0.12
8 17 77 87 23 -0.03 0.02 -0.02 0.07 -0.02 -0.16
9 16 76 86 23 -0.03 0.01 -0.02 0.1 -0.06 -0.11
10 16 77 81 23 -0.03 0.0 -0.01 0.2 -0.02 -0.1
11 17 79 76 23 -0.03 0.02 0.0 0.08 -0.04 -0.06
12 15 79 88 23 -0.03 0.02 -0.0 0.07 -0.01 -0.04
13 17 80 88 24 -0.02 0.02 0.01 0.12 0.0 -0.04
14 17 79 85 24 -0.02 0.02 0.0 0.05 0.04 0.0
15 17 79 83 23 -0.02 0.02 0.0 0.01 0.04 -0.02
16 16 80 85 23 -0.02 0.01 0.0 0.01 0.02 -0.03
17 17 80 87 23 -0.01 -0.0 0.0 0.06 0.0 0.0
18 17 81 84 24 -0.01 0.0 -0.0 0.06 0.03 0.01
19 16 81 81 23 -0.02 0.01 -0.01 0.08 0.02 0.0
20 17 80 84 24 -0.02 0.01 -0.0 0.01 0.04 0.03
21 16 79 80 23 -0.02 0.02 -0.0 0.09 0.02 0.0
22 17 79 82 23 -0.02 0.01 0.0 0.06 0.0 0.0
23 18 77 89 23 -0.03 0.01 0.01 0.07 0.0 0.0
24 18 76 85 23 -0.03 0.01 0.01 0.07 0.0 0.01
25 17 74 80 23 -0.02 0.01 0.01 0.09 0.0 0.02
26 17 72 87 23 -0.02 0.03 0.02 0.07 0.0 0.02
27 17 72 91 24 -0.02 0.03 0.01 0.0 0.0 -0.01
28 17 71 90 23 -0.01 0.04 0.01 0.02 0.01 -0.04
29 17 71 90 23 0.0 0.03 -0.0 0.0 0.04 0.01
30 16 70 89 23 0.01 0.02 -0.0 -0.03 0.03 -0.03
31 17 70 86 23 0.02 0.02 -0.01 -0.01 0.05 -0.01
32 17 70 87 23 0.02 0.01 -0.02 0.01 0.02 0.01
33 16 69 90 23 0.02 0.0 -0.02 0.08 0.01 0.03
34 17 70 87 23 0.01 -0.0 -0.01 0.13 -0.01 0.0
35 17 70 92 23 0.0 0.02 -0.01 0.12 0.0 -0.01
36 18 70 89 23 0.0 0.02 -0.01 0.04 0.03 0.0
37 17 70 83 24 -0.0 0.02 -0.0 0.02 0.04 0.0
38 17 69 84 23 -0.01 0.02 -0.0 0.0 0.06 0.01
39 18 70 82 23 -0.01 0.01 -0.01 0.0 0.08 0.01
40 16 72 85 23 -0.02 0.0 -0.01 0.0 0.06 0.0
41 16 73 86 23 -0.02 -0.02 -0.01 0.06 0.03 0.0
42 17 74 86 23 -0.03 -0.01 -0.0 0.1 0.01 0.0
43 17 73 88 23 -0.03 -0.01 -0.0 0.07 0.0 0.01
44 17 72 86 22 -0.03 0.0 0.0 0.04 -0.02 0.01
45 17 72 84 23 -0.03 0.0 0.0 0.04 0.03 -0.01
46 17 71 85 23 -0.03 0.0 0.01 0.04 0.07 -0.03
47 17 72 87 23 -0.02 -0.0 0.01 0.08 0.05 -0.02
48 16 72 90 23 -0.02 -0.0 0.0 0.03 0.08 -0.01
49 16 73 90 23 -0.01 0.0 -0.01 0.01 0.07 0.01
50 16 72 83 23 -0.02 0.0 -0.01 -0.02 0.01 -0.04
51 17 72 83 23 -0.01 -0.0 -0.01 0.03 0.03 -0.02
52 17 70 88 23 -0.0 -0.01 -0.01 0.01 0.02 -0.02
53 17 70 91 23 -0.0 -0.01 -0.01 0.06 0.02 0.0
54 17 70 86 24 -0.0 -0.01 -0.01 0.07 0.02 0.0
55 17 69 82 23 -0.0 0.0 -0.01 0.07 0.01 -0.02
56 17 69 88 23 0.0 0.0 -0.01 0.06 0.05 -0.01
57 19 69 93 24 -0.0 0.0 -0.01 0.06 0.06 -0.02
58 19 69 89 24 -0.0 0.0 -0.01 0.06 0.01 -0.01
59 17 69 86 23 0.01 0.01 -0.01 0.0 0.05 -0.02
60 18 68 86 23 0.01 0.01 -0.01 -0.01 0.04 -0.01
61 18 67 94 23 0.01 -0.01 -0.01 0.01 0.04 0.0
62 17 67 91 23 -0.0 -0.01 -0.02 0.05 0.07 0.0
63 17 67 85 23 0.0 -0.01 -0.01 0.04 0.05 0.01
64 15 68 82 23 -0.01 -0.01 -0.01 0.04 0.0 0.01
65 18 68 83 23 -0.01 -0.01 -0.0 0.09 0.02 -0.01
66 17 69 86 24 -0.01 -0.01 0.0 0.08 0.02 -0.02
67 17 71 83 23 -0.01 -0.0 0.0 0.08 0.03 0.0
68 17 71 84 23 -0.01 0.01 0.01 0.07 0.03 -0.01
69 18 72 84 22 -0.01 0.01 0.0 0.0 0.02 -0.02
70 18 71 86 23 -0.0 0.01 -0.0 -0.01 0.03 -0.03
71 17 71 83 23 0.0 0.01 -0.01 -0.01 0.03 -0.01
72 18 70 84 23 0.0 0.01 -0.01 0.0 0.03 -0.04
73 17 71 83 23 0.01 -0.0 -0.01 0.04 0.02 -0.02
74 18 72 86 23 0.02 0.0 -0.01 0.1 0.02 -0.01
75 17 72 91 23 0.02 0.01 -0.02 0.05 0.04 0.0
76 17 71 97 23 0.02 0.01 -0.01 0.0 0.06 0.01
77 18 71 87 24 0.01 0.01 -0.01 0.01 0.03 0.02
78 17 71 90 23 0.0 0.0 -0.01 0.02 0.02 -0.04
79 18 71 87 23 -0.0 0.0 -0.0 0.05 0.03 0.0
80 18 69 86 23 0.0 0.0 -0.0 0.09 0.03 0.01
81 19 69 83 23 -0.0 0.0 -0.0 0.06 0.03 0.0
82 18 68 84 23 -0.0 0.01 0.0 0.01 0.04 0.0
83 18 68 85 23 -0.0 0.01 -0.0 -0.01 0.06 -0.02
84 18 67 85 23 -0.0 0.01 -0.0 0.0 0.04 -0.05
85 19 68 94 23 0.0 0.0 -0.0 0.01 0.04 -0.02
86 18 68 97 23 0.01 0.0 -0.01 0.03 0.04 -0.01
87 18 68 96 23 0.01 0.01 -0.01 0.03 0.04 -0.01
88 18 68 95 23 0.01 0.01 -0.01 0.05 0.06 0.03
89 18 67 90 23 0.01 0.02 -0.01 0.05 0.08 0.0
90 20 69 97 23 0.0 0.03 -0.01 0.03 0.05 0.0
91 19 69 102 23 -0.01 0.02 -0.0 -0.06 0.04 0.0
92 19 68 101 23 0.0 0.02 0.0 0.04 0.05 -0.01
93 19 69 97 23 -0.01 0.02 0.01 0.04 0.03 -0.03
94 20 69 100 23 -0.0 0.02 0.02 0.03 0.05 -0.01
95 19 69 98 23 -0.01 0.02 0.01 0.0 0.06 -0.01
96 19 69 95 23 -0.01 0.02 0.01 0.04 0.1 0.0
97 20 71 94 23 -0.02 0.02 0.0 0.0 0.05 -0.02
98 19 71 92 24 -0.02 0.01 0.0 0.0 0.05 -0.05
-200 -200 -200 -200 -200 -200 -200 -200 -200 -200 -200
99 18 70 89 23 -0.02 0.02 0.0 -0.03 0.03 -0.07
100 20 71 86 23 -0.01 0.02 -0.0 -0.02 0.03 -0.04
101 19 71 85 23 -0.01 0.0 -0.0 -0.02 0.04 -0.01
102 18 70 81 23 -0.01 -0.01 0.0 0.01 0.04 -0.01
103 19 70 89 23 0.0 -0.01 0.0 0.05 0.07 0.03
104 19 70 85 23 -0.0 0.01 -0.0 0.02 0.07 0.0
105 19 69 80 23 -0.01 0.01 -0.01 0.0 0.09 -0.03
106 20 70 82 23 -0.0 0.01 -0.01 -0.02 0.04 0.0
107 19 70 76 23 -0.01 -0.0 -0.01 0.01 0.05 0.0
108 22 71 69 24 -0.01 -0.01 -0.01 0.07 0.05 -0.06
109 23 74 66 23 -0.01 -0.0 0.0 0.16 0.04 0.0
110 78 83 61 24 0.01 0.01 0.0 0.07 0.19 -0.04
111 137 97 60 28 0.01 -0.02 0.0 0.13 0.28 0.06
112 146 103 59 46 -0.04 -0.07 -0.03 -0.14 0.28 0.06
113 130 104 61 42 -0.16 -0.14 -0.06 -0.07 0.37 0.18
114 164 110 69 38 -0.24 -0.12 -0.07 0.61 0.37 0.41
115 152 114 74 63 -0.36 0.05 -0.1 1.03 0.37 0.44
116 133 132 71 83 -0.46 0.34 -0.14 0.39 0.5 0.8
117 150 146 68 71 -0.54 0.42 -0.16 1.27 0.46 0.86
118 168 148 65 70 -0.57 0.99 -0.24 0.97 0.03 0.53
119 179 139 62 63 -0.27 1.8 -0.29 0.45 -0.12 0.26
120 166 137 75 60 -0.14 1.99 -0.28 0.89 -0.08 0.13
121 166 132 78 53 0.04 2.36 -0.28 0.46 0.0 0.06
122 187 147 76 47 0.26 2.72 -0.25 -0.85 -0.23 0.87
123 174 137 70 41 0.36 2.78 -0.23 -0.99 -0.15 0.98
124 202 140 68 37 0.43 2.52 -0.11 -1.99 -0.08 0.65
125 180 130 82 37 0.53 2.21 -0.0 -1.65 0.45 0.33
126 162 130 87 31 0.57 2.13 0.04 -2.41 0.49 0.51
127 167 134 91 30 0.83 2.24 0.16 -1.45 0.31 1.85
128 171 138 95 29 0.87 2.35 0.28 -1.45 0.42 1.3
129 157 141 123 31 0.86 2.36 0.32 -1.59 0.33 0.85
130 148 138 114 33 0.82 2.38 0.38 -0.73 0.6 0.47
131 199 135 109 29 0.75 2.65 0.4 0.03 0.57 0.06
132 217 131 106 29 0.73 2.78 0.44 0.1 0.59 0.05
133 216 126 107 28 0.7 2.8 0.48 -0.3 0.52 0.17
134 254 131 103 27 0.63 2.37 0.46 -0.14 0.05 0.24
135 224 128 95 26 0.64 2.11 0.48 0.06 0.01 0.34
136 237 122 98 24 0.61 1.93 0.44 0.81 0.07 0.15
137 245 128 105 25 0.5 2.15 0.4 1.1 0.08 -0.26
138 243 132 96 25 0.42 2.21 0.36 1.14 -0.1 -0.85
139 228 133 93 29 0.31 2.07 0.32 0.29 -0.45 -0.84
140 232 136 89 29 0.27 1.37 0.26 0.57 -0.58 -0.88
141 254 135 89 27 0.24 1.03 0.24 0.68 -0.68 -0.81
142 269 133 93 27 0.19 0.57 0.23 1.16 -0.5 -0.77
143 254 133 92 26 0.16 0.53 0.22 1.07 -0.5 -0.36
144 247 128 92 26 0.11 0.63 0.2 1.01 -0.54 -0.19
145 285 129 101 25 0.06 0.66 0.17 0.64 -0.73 -0.34
146 309 129 109 25 0.05 0.45 0.15 0.63 -0.72 -0.28
147 300 128 102 25 0.05 0.3 0.14 0.68 -0.65 -0.43
148 289 128 100 25 0.07 0.02 0.14 0.68 -0.76 -0.12
149 300 126 105 26 0.11 -0.18 0.09 0.92 -0.42 -0.24
150 263 125 101 26 0.1 -0.2 0.09 0.76 -0.44 -0.1
151 259 122 110 27 0.08 -0.14 0.06 0.57 -0.42 0.2
152 253 121 111 27 0.06 -0.18 0.01 0.44 -0.32 -0.03
153 263 125 126 26 0.05 -0.25 0.02 0.37 -0.39 0.15
154 237 118 117 27 0.09 -0.37 0.0 0.46 -0.28 0.34
155 225 116 109 26 0.11 -0.35 0.02 0.21 -0.27 0.55
156 237 130 104 27 0.11 -0.31 -0.0 0.41 -0.2 0.43
157 245 126 114 27 0.1 -0.17 -0.02 0.27 -0.1 0.22
158 216 123 111 27 0.06 -0.1 -0.03 0.34 0.05 -0.06
159 208 124 111 26 0.05 -0.1 -0.02 0.16 0.11 0.03
160 194 123 120 26 0.04 -0.24 0.0 0.05 -0.02 0.3
161 238 124 114 26 0.04 -0.31 0.0 0.34 -0.01 0.37
162 226 120 122 25 0.03 -0.31 0.03 0.27 0.03 0.36
163 200 113 117 24 0.01 -0.05 0.05 -0.05 0.0 0.41
164 200 115 116 25 0.0 0.05 0.03 -0.09 0.0 0.22
165 189 119 115 26 0.01 0.04 0.0 -0.08 0.03 0.14
166 168 116 114 25 0.01 0.01 0.01 0.01 0.0 0.17
167 175 117 109 25 0.01 0.01 0.01 0.19 0.04 0.15
168 189 115 109 25 0.01 0.04 0.01 0.24 0.08 0.13
169 174 113 107 24 0.01 0.11 0.02 0.32 -0.06 -0.01
170 213 121 101 25 0.01 0.16 0.03 0.08 -0.03 0.12
171 194 112 105 24 0.03 0.17 0.03 0.15 0.03 0.03
172 197 117 99 24 0.05 0.05 0.01 0.03 0.01 0.01
173 179 116 92 25 0.06 -0.02 -0.01 0.22 0.1 0.01
174 176 116 89 31 0.05 -0.07 -0.03 0.29 0.1 0.0
175 166 110 87 29 0.0 -0.01 -0.02 0.31 -0.04 -0.04
176 156 118 84 31 -0.01 0.03 -0.01 0.15 -0.12 -0.14
177 153 115 86 29 -0.0 0.05 0.01 0.04 -0.11 0.08
178 207 115 85 28 -0.01 0.0 0.02 0.07 -0.06 0.06
179 239 120 82 27 -0.01 -0.02 0.02 0.08 -0.04 0.16
180 220 123 89 26 -0.02 -0.03 0.01 0.13 -0.02 0.27
181 211 120 96 26 -0.03 0.01 -0.02 0.14 -0.05 0.2
182 220 115 95 29 -0.03 0.04 -0.02 0.13 -0.05 0.26
183 188 112 91 28 -0.01 0.08 -0.02 0.13 -0.01 0.2
184 181 110 102 27 0.02 0.06 -0.0 0.0 -0.04 0.07
185 201 114 103 27 0.03 0.06 0.01 -0.08 -0.03 0.24
186 245 112 96 26 0.04 0.01 0.03 -0.04 -0.06 0.27
187 208 118 96 26 0.02 -0.01 0.03 0.12 -0.05 0.08
188 194 115 97 25 0.01 0.01 0.04 0.06 -0.1 0.13
189 184 111 94 25 -0.01 0.02 0.03 0.14 -0.03 0.09
190 177 108 94 25 0.01 -0.02 0.03 0.22 -0.03 0.15
191 179 113 93 25 0.01 -0.02 0.01 0.24 -0.01 0.1
192 168 114 96 25 0.01 -0.01 -0.01 0.28 -0.04 0.02
193 195 115 88 25 0.02 0.02 -0.02 0.19 -0.01 -0.01
194 185 114 89 25 0.02 0.05 -0.01 0.01 -0.01 -0.03
195 207 111 92 24 0.03 0.02 -0.02 0.06 0.08 -0.38
196 205 113 95 25 0.03 -0.06 -0.01 -0.09 0.06 -0.1
197 189 109 94 25 0.02 -0.04 0.01 -0.18 -0.04 -0.02
198 205 112 100 24 0.02 -0.16 0.01 -0.21 0.03 0.0
199 200 115 97 27 0.02 -0.27 0.02 0.03 0.03 0.28
200 172 109 105 26 0.02 -0.26 0.02 0.16 0.01 0.09
201 175 104 101 26 0.01 -0.12 0.0 0.13 -0.02 0.21
202 198 108 105 25 -0.01 0.0 -0.02 0.14 -0.2 0.13
203 174 109 98 26 -0.02 0.02 -0.01 0.36 -0.23 -0.01
204 157 108 99 25 -0.03 0.0 0.02 0.45 -0.25 0.02
205 149 108 100 25 -0.02 0.01 0.05 0.42 -0.15 0.34
206 151 138 108 29 0.0 0.02 0.03 0.51 -0.01 0.32
207 148 136 108 28 0.0 0.06 0.03 0.52 0.03 0.2
208 150 132 100 31 -0.01 0.14 0.01 0.53 0.03 -0.09
209 165 124 102 29 -0.01 0.18 0.03 -0.06 -0.08 0.0
210 147 134 91 27 0.01 0.08 0.02 -0.08 -0.06 0.0
211 142 139 94 27 0.03 -0.03 0.01 -0.04 -0.09 0.3
212 128 133 93 27 0.05 -0.04 0.01 0.03 -0.04 0.22
213 112 123 85 25 0.06 -0.01 -0.01 0.0 -0.04 0.24
214 99 118 90 25 0.05 -0.03 -0.02 0.16 -0.01 0.17
215 89 110 81 25 0.03 -0.05 -0.02 0.31 0.02 0.08
216 79 104 78 25 -0.04 0.01 0.01 0.47 -0.13 0.15
217 68 98 76 25 -0.12 0.06 0.04 0.53 -0.24 0.0
218 57 91 78 24 -0.16 0.06 0.04 0.77 -0.24 -0.14
219 50 89 79 24 -0.21 0.01 0.05 0.98 -0.31 -0.1
220 46 108 84 24 -0.29 0.03 0.06 1.14 -0.28 0.09
221 40 137 83 23 -0.34 0.02 0.06 1.17 -0.4 -0.12
222 35 164 81 24 -0.42 -0.08 0.01 0.91 -0.3 -0.46
223 30 202 80 23 -0.47 -0.35 -0.08 0.83 -0.4 -0.73
224 29 216 81 23 -0.5 -0.53 -0.13 0.5 -0.66 -0.97
225 25 190 76 23 -0.56 -1.08 -0.22 0.41 -0.8 -1.2
226 24 208 79 24 -0.65 -1.84 -0.34 0.41 -0.8 -1.42
227 22 191 78 23 -0.75 -2.27 -0.38 0.4 -0.89 -1.67
228 22 166 76 28 -0.93 -3.17 -0.42 0.74 -0.06 -1.47
229 37 153 75 29 -1.14 -3.97 -0.57 0.33 -0.09 -1.68
230 62 147 70 29 -1.19 -4.31 -0.59 0.8 0.31 -2.0
231 70 172 68 26 -1.41 -4.94 -0.63 0.39 0.2 -2.14
232 60 157 66 26 -1.53 -5.56 -0.68 -0.19 -0.06 -2.15
233 70 139 64 26 -1.53 -5.94 -0.7 -0.34 0.02 -2.47
234 57 122 62 25 -1.65 -6.26 -0.69 0.47 0.42 -2.75
235 49 113 61 25 -1.67 -5.8 -0.63 1.34 0.39 -2.7
236 73 104 72 25 -1.75 -5.3 -0.54 1.55 0.36 -2.84
237 66 98 74 24 -1.98 -3.93 -0.43 2.53 0.43 -2.14
238 154 96 72 24 1.94 -2.56 -0.49 -20.12 -3.47 27.15
239 129 97 105 24 -0.36 -4.34 0.96 11.57 3.21 -6.05
240 107 94 126 25 0.34 -1.19 0.33 2.12 -0.71 -2.02
241 91 90 114 25 0.79 -0.33 0.01 0.08 2.45 1.3
242 75 86 110 24 0.33 -0.44 -0.02 -0.02 2.46 1.82
243 61 82 103 24 -0.4 -0.51 -0.09 1.65 1.73 0.19
244 83 81 105 24 -0.47 -0.23 -0.02 0.86 -0.18 -0.44
245 69 79 107 24 -0.26 -0.1 0.03 0.37 -0.5 -0.5
246 57 76 97 24 -0.01 0.13 0.06 -0.35 0.15 -0.15
247 58 75 93 24 -0.09 0.36 0.04 -0.67 -0.13 -0.07
248 49 73 89 23 -0.06 0.37 0.05 -0.66 -0.19 -0.27
249 41 71 84 23 0.05 0.34 0.09 -0.31 -0.15 -0.36
250 37 71 85 24 0.15 0.4 0.05 -0.19 0.05 -0.14
251 32 71 88 23 0.17 0.45 0.02 -0.09 0.16 -0.23
-100 -100 -100 -100 -100 -100 -100 -100 -100 -100 -100
252 30 70 93 24 0.17 0.46 -0.03 -0.32 0.24 -0.14
253 27 71 88 23 0.25 0.38 -0.04 -0.42 0.4 -0.02
254 25 71 82 23 0.26 0.34 -0.04 -0.4 0.28 -0.11
255 24 71 85 23 0.24 0.29 -0.05 -0.46 0.37 -0.09
256 27 71 87 23 0.26 0.25 -0.08 -0.32 0.33 -0.06
257 25 71 84 23 0.22 0.21 -0.07 -0.28 0.29 -0.08
258 23 70 90 23 0.17 0.2 -0.08 -0.25 0.28 -0.04
259 23 71 93 24 0.16 0.19 -0.08 -0.29 0.24 -0.09
260 21 71 87 23 0.15 0.17 -0.08 -0.19 0.24 -0.08
261 20 70 85 23 0.12 0.15 -0.07 -0.17 0.26 0.0
262 19 70 85 23 0.1 0.13 -0.06 -0.11 0.19 -0.07
263 21 69 88 23 0.09 0.14 -0.05 -0.08 0.14 -0.05
264 19 69 86 23 0.08 0.15 -0.04 -0.05 0.18 -0.01
265 21 71 81 22 0.05 0.13 -0.03 -0.12 0.18 -0.06
266 19 71 80 23 0.04 0.14 -0.03 -0.16 0.18 -0.07
267 24 73 82 23 0.02 0.11 -0.03 -0.26 0.21 -0.11
268 23 73 86 24 0.01 0.05 -0.03 -0.39 0.18 -0.11
269 21 74 84 23 0.02 0.03 -0.02 -0.38 0.22 -0.08
270 23 77 84 23 0.03 0.0 -0.02 -0.22 0.18 -0.12
271 22 77 83 24 0.04 0.0 -0.02 -0.05 0.16 -0.03
272 27 78 82 23 0.02 -0.02 -0.01 -0.02 0.14 -0.06
273 24 77 82 24 0.01 0.01 -0.01 -0.03 0.12 -0.08
274 23 78 90 24 0.01 0.05 -0.01 -0.13 0.14 -0.05
275 22 79 85 24 0.02 0.08 -0.01 -0.14 0.14 -0.05
276 24 80 85 24 0.01 0.08 -0.02 -0.23 0.16 -0.09
277 24 81 81 24 0.0 0.05 -0.01 -0.3 0.12 -0.06
278 24 80 78 24 -0.0 0.03 -0.01 -0.21 0.11 -0.11
279 24 80 82 24 -0.01 -0.0 -0.0 -0.15 0.08 -0.11
280 24 80 81 24 0.01 0.01 -0.01 -0.12 0.11 -0.04
281 22 79 82 24 0.01 0.01 -0.01 -0.19 0.16 -0.06
282 25 80 80 23 0.02 0.04 -0.02 -0.22 0.24 -0.06
283 23 81 77 24 0.01 0.03 -0.04 -0.22 0.24 -0.01
284 21 81 81 24 0.0 0.03 -0.05 -0.24 0.26 -0.03
285 20 81 78 24 -0.01 0.02 -0.06 -0.23 0.15 -0.08
286 24 80 74 23 -0.0 0.01 -0.07 -0.2 0.06 -0.09
287 22 79 74 23 -0.0 -0.0 -0.06 -0.18 0.02 -0.08
288 22 79 74 23 0.01 -0.02 -0.04 0.0 -0.01 -0.08
289 23 79 74 23 0.01 0.01 -0.02 0.06 -0.02 -0.07
290 25 78 71 24 0.02 0.03 -0.01 0.04 0.02 -0.03
291 24 79 67 23 0.03 0.07 0.0 0.0 0.12 -0.07
292 22 79 65 23 0.02 0.08 0.01 -0.13 0.19 -0.05
293 22 80 67 23 0.01 0.07 0.01 -0.17 0.16 -0.06
294 21 81 76 23 0.01 0.04 0.01 -0.24 0.19 -0.09
295 24 82 76 23 -0.01 -0.01 0.0 -0.24 0.16 -0.06
296 23 82 72 24 -0.01 -0.02 0.0 -0.23 0.14 -0.02
297 21 82 68 24 -0.01 -0.03 -0.0 -0.11 0.1 -0.08
298 22 81 65 24 -0.02 -0.09 0.0 -0.21 0.08 -0.12
299 24 81 65 23 -0.02 -0.14 0.01 -0.2 0.07 -0.09
300 22 82 72 24 0.01 -0.16 0.01 -0.15 0.04 -0.1
301 21 80 76 24 0.02 -0.08 0.01 0.02 0.14 -0.01
-200 -200 -200 -200 -200 -200 -200 -200 -200 -200 -200
302 22 79 75 24 0.02 -0.03 0.0 0.04 0.14 -0.02
303 21 78 70 24 0.02 0.05 0.0 0.04 0.19 0.0
304 20 78 70 24 0.02 0.09 -0.01 -0.17 0.14 -0.05
305 24 77 69 23 0.0 0.07 -0.0 -0.19 0.1 -0.05
306 27 76 69 24 -0.0 0.03 0.0 -0.19 0.09 -0.09
307 25 77 70 23 -0.0 0.02 0.01 -0.12 0.09 -0.03
308 24 76 74 23 0.01 0.02 0.0 -0.05 0.17 0.0
309 23 75 71 23 0.0 0.05 0.0 -0.06 0.15 -0.04
310 23 75 81 24 0.0 0.07 -0.0 -0.11 0.11 -0.06
311 23 73 76 23 -0.0 0.07 -0.0 -0.14 0.06 -0.07
312 22 72 83 24 -0.01 0.06 -0.0 -0.15 0.07 -0.06
313 25 71 81 23 0.0 0.04 -0.0 -0.15 0.08 -0.05
314 26 69 76 23 0.01 0.02 -0.0 -0.13 0.09 -0.04
315 24 69 82 23 0.0 0.02 -0.01 -0.12 0.12 -0.07
316 23 69 78 23 0.01 0.02 -0.01 -0.07 0.09 -0.05
317 22 68 76 23 0.01 0.02 -0.01 -0.09 0.09 -0.05
318 22 69 72 23 0.0 0.02 -0.01 -0.09 0.13 -0.04
319 22 70 67 23 -0.0 0.03 -0.01 -0.08 0.12 -0.01
320 30 70 64 30 -0.01 0.02 -0.01 -0.05 0.13 -0.04
321 40 72 63 49 -0.02 0.03 -0.01 0.02 0.1 -0.01
322 80 81 67 174 -0.04 0.07 -0.01 0.04 0.08 0.02
323 157 102 72 167 -0.05 0.1 -0.02 -0.01 0.03 0.02
324 145 120 69 181 -0.11 0.17 -0.04 -0.41 -0.01 -0.1
325 132 118 69 191 -0.12 0.19 -0.04 -0.21 0.31 0.0
326 113 115 67 189 -0.12 0.18 -0.06 0.14 0.5 0.17
327 112 112 70 242 -0.2 0.16 -0.06 1.39 0.61 0.64
328 119 116 72 217 -0.38 0.53 -0.05 1.09 0.49 0.85
329 134 130 72 187 -0.33 0.98 -0.06 1.07 -0.07 0.92
330 148 132 75 159 0.03 2.45 -0.13 1.01 -0.19 1.02
331 169 128 76 154 0.32 3.46 -0.15 0.63 0.44 1.12
332 157 126 80 151 0.29 3.59 -0.14 2.45 0.53 0.98
333 171 129 79 161 0.2 3.91 0.03 -1.43 0.26 1.55
334 163 133 81 134 0.38 3.93 0.09 -5.06 -0.27 1.43
335 191 135 85 110 0.68 4.63 0.33 -2.21 0.0 1.65
336 182 142 88 92 1.05 4.36 0.39 -3.09 0.54 2.38
337 168 138 86 84 1.1 3.86 0.37 -2.44 0.47 2.05
338 205 142 86 71 1.17 2.64 0.33 -1.94 0.9 0.9
339 237 141 82 61 1.13 1.83 0.32 -0.94 0.73 -0.14
340 205 144 89 53 1.07 1.83 0.4 -0.04 0.77 -0.5
341 225 145 92 48 0.91 2.12 0.48 -0.43 0.35 -0.26
342 227 144 103 42 0.79 2.0 0.58 -0.32 0.13 0.04
343 252 142 97 39 0.75 1.78 0.57 -0.1 -0.07 -0.14
344 321 149 90 42 0.65 1.28 0.57 0.09 -0.21 -0.28
345 313 155 88 40 0.58 1.09 0.62 0.97 -0.21 -0.97
346 280 151 101 36 0.53 1.07 0.61 0.56 -0.46 -0.87
347 306 150 102 37 0.48 0.99 0.58 0.71 -0.67 -0.77
348 290 144 97 32 0.42 0.75 0.57 0.82 -1.01 -0.69
349 286 141 93 35 0.38 0.67 0.55 1.21 -1.03 -0.72
350 261 141 92 33 0.31 0.58 0.48 1.17 -1.12 -0.95
351 258 135 93 31 0.24 0.73 0.42 1.35 -1.0 -1.18
352 234 129 88 29 0.21 0.8 0.39 1.21 -0.88 -1.53
353 212 126 93 29 0.12 0.76 0.35 0.85 -1.12 -1.27
354 192 124 88 28 0.11 0.41 0.25 0.79 -0.73 -0.84
355 205 127 85 27 0.07 0.25 0.22 0.85 -0.59 -0.64
356 192 123 86 26 0.0 0.05 0.17 0.78 -0.56 -0.54
357 199 125 91 27 -0.04 0.01 0.12 0.84 -0.37 -0.27
358 208 117 94 26 -0.06 0.03 0.1 0.54 -0.32 0.0
359 180 116 92 26 -0.06 0.09 0.08 0.41 -0.17 0.26
360 187 122 88 26 -0.05 0.13 0.05 0.12 -0.2 0.59
361 195 126 87 29 -0.04 0.13 0.03 0.39 -0.06 0.45
362 207 141 83 30 -0.03 0.14 -0.0 0.59 0.08 0.12
363 197 130 88 29 -0.01 0.28 0.01 0.2 -0.09 0.27
364 186 126 92 27 0.01 0.27 0.01 -0.01 0.02 0.54
365 168 120 94 27 0.03 0.12 0.0 -0.19 0.03 0.67
366 154 114 89 26 0.03 -0.05 -0.01 0.16 0.24 0.59
367 175 117 87 26 0.0 -0.04 -0.01 0.15 0.25 0.4
368 172 119 84 25 -0.05 0.03 -0.02 0.38 0.17 0.27
369 206 117 91 26 -0.08 0.15 -0.01 0.34 0.13 0.06
370 191 113 91 24 -0.07 0.17 -0.01 0.1 -0.02 0.29
371 170 110 92 24 -0.04 0.06 -0.02 0.15 -0.03 0.3
372 179 108 88 24 -0.03 -0.06 -0.04 0.26 0.05 0.17
373 165 105 84 25 -0.03 -0.05 -0.05 0.36 0.1 0.03
374 175 105 88 24 -0.04 0.04 -0.08 0.38 0.12 -0.02
375 178 105 84 24 -0.06 0.14 -0.09 0.18 -0.01 0.02
376 199 105 93 24 -0.06 0.13 -0.09 0.0 -0.1 0.09
377 208 104 97 24 -0.04 0.07 -0.09 -0.16 -0.1 0.1
378 191 101 88 24 -0.04 -0.01 -0.08 -0.04 -0.11 0.0
379 165 104 84 24 -0.04 -0.04 -0.08 0.01 -0.1 -0.05
380 161 102 84 24 -0.07 0.01 -0.06 0.11 -0.1 -0.07
381 155 101 82 24 -0.07 0.08 -0.05 0.08 -0.1 -0.26
382 181 99 78 24 -0.06 0.11 -0.04 -0.03 -0.11 0.07
383 172 100 78 24 -0.05 0.09 -0.04 -0.05 -0.03 0.03
384 150 98 79 23 -0.04 0.06 -0.04 -0.09 0.08 0.06
385 143 100 78 24 -0.04 0.04 -0.04 -0.09 0.08 0.3
386 139 101 78 23 -0.04 0.0 -0.05 0.0 0.07 0.23
387 140 103 86 23 -0.04 0.05 -0.06 -0.02 -0.01 0.21
388 138 98 79 24 -0.03 0.07 -0.06 -0.05 0.0 0.18
389 165 103 79 24 -0.01 0.09 -0.05 -0.05 -0.06 0.15
390 151 100 83 23 -0.01 0.15 -0.03 -0.18 -0.07 0.22
391 173 101 80 24 -0.02 0.16 -0.03 -0.23 -0.15 0.18
392 174 98 76 22 -0.02 0.12 -0.01 -0.21 -0.14 0.14
393 155 95 71 23 -0.02 0.03 0.0 -0.12 -0.1 0.07
394 143 97 74 24 -0.02 -0.01 0.01 0.2 -0.09 -0.04
395 163 96 76 24 -0.02 -0.01 0.02 0.31 -0.08 -0.14
396 188 97 85 24 -0.03 0.15 0.03 0.28 -0.05 0.09
397 179 95 81 24 -0.02 0.22 0.03 0.22 0.05 0.17
398 158 93 75 24 -0.02 0.26 -0.01 0.09 0.03 0.2
399 144 92 73 24 -0.01 0.16 -0.05 0.0 0.09 0.24
400 139 92 79 24 -0.01 0.09 -0.06 0.02 0.11 0.18
401 142 93 76 24 0.01 0.01 -0.08 0.0 0.11 0.17
402 140 92 78 24 -0.0 0.02 -0.07 -0.07 0.03 0.14
403 135 93 72 27 -0.02 0.04 -0.06 -0.12 0.02 0.11
404 179 99 77 26 -0.02 0.04 -0.05 -0.11 0.0 0.11
405 163 95 76 26 -0.01 0.07 -0.03 -0.24 0.02 0.16
406 151 93 72 25 -0.01 0.08 -0.03 -0.24 0.06 0.13
407 152 93 68 25 0.01 0.05 -0.01 -0.32 0.01 0.16
408 153 94 67 24 0.02 -0.02 0.0 -0.24 -0.04 0.12
409 140 97 70 24 0.02 -0.04 0.02 -0.05 -0.04 0.1
410 124 96 69 24 0.0 -0.03 0.04 0.0 -0.06 0.21
411 134 98 69 24 -0.01 0.02 0.05 0.0 -0.01 0.08
412 121 96 75 24 -0.0 0.03 0.05 0.23 0.03 0.04
413 147 94 77 24 0.02 0.1 0.04 0.27 -0.01 0.01
414 127 93 80 23 0.03 0.2 0.03 0.23 -0.05 0.04
415 109 88 82 25 0.01 0.22 0.02 0.21 -0.08 -0.1
416 95 86 83 26 -0.0 0.19 0.0 0.21 -0.14 -0.09
417 78 83 84 26 -0.02 0.04 -0.02 0.37 -0.33 -0.22
418 64 90 79 25 -0.02 -0.05 -0.03 0.62 -0.61 -0.08
419 55 107 86 24 -0.07 -0.19 -0.06 0.59 -0.77 0.04
420 47 115 80 25 -0.13 -0.36 -0.12 0.83 -0.87 -0.08
421 41 154 80 24 -0.17 -0.51 -0.16 1.85 -0.8 -0.97
422 36 175 86 24 -0.29 -0.81 -0.21 1.96 -0.7 -1.16
423 32 184 84 24 -0.45 -1.13 -0.27 1.79 -0.57 -1.52
424 32 226 82 24 -0.52 -1.35 -0.3 1.47 -0.37 -1.53
425 29 241 77 24 -0.74 -2.0 -0.37 1.17 -0.4 -1.41
426 27 224 72 24 -0.98 -2.95 -0.47 0.54 -0.5 -1.14
427 25 198 66 23 -1.07 -3.6 -0.5 0.19 -0.46 -1.43
428 24 173 62 24 -1.25 -4.95 -0.54 0.33 -0.4 -1.43
429 36 163 60 29 -1.39 -6.07 -0.5 0.25 -0.02 -1.63
430 50 150 58 30 -1.47 -6.4 -0.49 0.51 -0.08 -1.78
431 53 137 56 29 -1.65 -6.61 -0.35 0.42 -0.15 -1.98
432 80 129 54 28 -1.77 -6.26 -0.31 0.95 -0.19 -1.5
433 72 122 54 27 -1.76 -5.96 -0.28 1.61 0.04 -1.63
434 59 113 56 26 -1.76 -4.58 -0.16 1.73 0.18 -1.71
435 66 106 65 26 -1.84 -2.74 -0.06 1.55 0.23 -1.91
436 86 102 76 25 -1.97 -2.04 -0.01 1.11 1.05 -4.05
437 120 101 84 23 -2.03 -1.19 -0.1 -15.91 -12.66 29.47
438 106 103 81 25 0.51 -3.28 0.66 6.84 0.13 -6.29
439 87 106 102 24 0.28 -2.65 0.29 -0.14 0.79 -0.58
440 72 102 94 24 0.46 -0.65 0.14 -0.44 -0.46 0.6
441 103 99 86 23 0.3 -0.2 -0.14 0.04 2.93 2.33
442 85 94 77 24 -0.16 -0.16 -0.22 1.22 0.96 -0.75
443 70 93 83 24 -0.46 0.07 -0.21 1.12 0.3 -0.9
444 60 91 91 24 -0.07 0.03 -0.05 -0.56 -0.27 -0.33
445 50 89 90 24 0.1 0.08 -0.02 -0.53 0.08 -0.15
446 47 87 81 24 0.14 0.36 -0.09 -0.45 -0.15 -0.06
447 41 86 82 24 0.17 0.65 -0.1 -0.37 -0.54 -0.25
448 41 88 88 23 0.3 0.62 -0.07 -0.25 -0.16 -0.07
449 37 85 90 23 0.27 0.3 -0.02 -0.15 0.18 0.03
450 61 83 83 24 0.22 0.26 -0.02 0.07 0.23 -0.08
451 50 82 79 23 0.18 0.28 -0.01 -0.1 0.23 0.07
452 48 80 75 23 0.09 0.32 0.01 -0.1 0.27 0.03
453 40 78 78 23 0.09 0.38 0.02 -0.2 0.37 -0.11
454 34 76 74 24 0.06 0.33 0.03 -0.32 0.23 -0.03
455 37 75 77 23 0.04 0.25 0.02 -0.32 0.21 -0.03
456 39 75 83 23 0.0 0.13 0.02 -0.42 0.18 -0.15
457 34 74 80 23 0.01 0.11 0.02 -0.46 0.16 -0.11
-100 -100 -100 -100 -100 -100 -100 -100 -100 -100 -100
458 63 74 74 23 0.07 0.12 -0.01 -0.33 0.26 -0.08
459 54 74 82 23 0.09 0.13 -0.02 -0.22 0.3 -0.11
460 45 71 84 23 0.09 0.14 -0.02 -0.15 0.25 -0.04
461 39 70 79 23 0.05 0.09 -0.02 -0.14 0.22 0.0
462 43 71 81 23 0.0 0.03 -0.01 -0.22 0.11 -0.09
463 40 70 77 23 0.01 0.03 -0.01 -0.14 0.1 -0.1
464 40 71 78 23 0.04 0.07 -0.01 -0.13 0.14 -0.09
465 36 70 77 23 0.02 0.06 -0.01 -0.19 0.17 -0.08
466 33 72 77 23 0.02 0.05 -0.01 -0.21 0.19 -0.05
467 41 73 77 23 0.02 0.05 -0.02 -0.2 0.13 -0.08
468 59 74 73 23 0.04 0.08 -0.02 -0.17 0.13 -0.1
469 66 74 72 23 0.05 0.09 -0.02 -0.14 0.13 -0.08
470 56 73 83 23 0.05 0.08 -0.03 -0.2 0.13 -0.06
471 47 72 80 23 0.05 0.06 -0.03 -0.21 0.16 -0.05
472 40 70 81 23 0.03 0.02 -0.03 -0.23 0.22 -0.06
473 37 72 77 23 0.02 -0.01 -0.02 -0.19 0.17 -0.07
474 34 72 74 23 0.03 0.02 -0.02 -0.05 0.16 -0.03
475 32 71 71 23 0.04 0.03 -0.02 -0.03 0.12 -0.01
476 32 73 82 23 0.02 0.04 -0.01 -0.07 0.1 -0.04
477 57 73 81 23 0.01 0.08 -0.01 -0.03 0.1 -0.02
478 58 75 76 23 0.02 0.13 -0.01 -0.06 0.11 -0.04
479 52 74 73 23 0.01 0.15 -0.01 -0.15 0.17 -0.05
480 45 74 72 23 0.02 0.16 -0.02 -0.2 0.19 -0.1
481 39 74 77 24 0.01 0.13 -0.02 -0.23 0.17 -0.06
482 48 75 81 23 -0.0 0.06 -0.02 -0.27 0.19 -0.08
483 46 76 84 23 -0.01 0.01 -0.01 -0.12 0.13 -0.06
484 43 73 83 23 -0.01 0.0 -0.02 -0.1 0.1 0.0
485 63 73 77 23 -0.01 0.0 -0.02 -0.06 0.08 -0.05
486 56 75 73 23 -0.0 0.05 -0.02 -0.12 0.1 -0.07
487 46 72 73 23 -0.0 0.05 -0.02 -0.15 0.1 -0.1
488 39 73 69 23 -0.01 -0.01 -0.01 -0.24 0.13 -0.08
489 35 72 69 24 -0.03 -0.08 -0.01 -0.2 0.17 -0.04
490 40 71 69 23 -0.05 -0.15 0.0 -0.23 0.14 -0.04
491 40 72 72 24 -0.13 -0.45 0.03 -0.4 0.13 -0.04
492 35 71 76 24 -0.16 -0.65 0.05 0.01 0.1 0.03
493 31 69 74 23 -0.13 -0.6 0.06 0.21 0.17 0.1
494 28 69 74 23 -0.12 -0.43 0.07 0.33 0.19 0.02
495 31 71 76 23 -0.13 -0.22 0.06 0.19 0.12 -0.04
496 55 72 81 24 -0.15 -0.13 0.05 0.1 0.15 -0.04
497 60 71 77 23 -0.15 -0.01 0.04 -0.19 0.06 -0.1
498 53 71 81 24 -0.11 0.05 0.02 -0.31 0.09 -0.11
499 45 70 75 23 -0.09 0.05 0.01 -0.31 0.04 -0.15
500 41 70 75 23 -0.04 0.03 0.0 -0.3 0.09 -0.09
501 44 70 77 23 -0.0 0.03 -0.0 -0.31 0.18 -0.06
502 41 70 74 23 0.02 0.04 -0.01 -0.2 0.23 -0.02
503 68 73 75 23 0.03 0.04 -0.03 -0.19 0.24 -0.04
504 57 72 72 23 0.04 0.04 -0.04 -0.09 0.16 -0.07
-200 -200 -200 -200 -200 -200 -200 -200 -200 -200 -200
505 50 71 69 24 0.04 0.04 -0.04 -0.11 0.12 -0.1
506 47 73 72 23 0.04 0.02 -0.04 -0.06 0.05 -0.05
507 43 72 72 24 0.01 -0.01 -0.03 -0.01 0.04 -0.05
508 43 72 74 23 0.02 -0.01 -0.03 0.03 0.06 -0.05
509 38 71 75 23 0.03 0.04 -0.02 0.04 0.05 -0.04
510 40 70 73 23 0.03 0.06 -0.01 0.03 0.09 -0.05
511 65 72 70 23 0.03 0.08 -0.01 -0.09 0.12 -0.06
512 60 73 72 23 0.03 0.1 -0.01 -0.17 0.18 -0.05
513 81 74 67 29 0.0 0.06 -0.01 -0.18 0.26 -0.01
514 83 76 64 28 0.0 0.06 -0.02 -0.16 0.23 0.0
515 80 86 61 48 -0.0 0.1 -0.03 0.08 0.2 0.0
516 86 94 58 56 -0.05 0.21 -0.03 0.4 0.11 0.06
517 126 107 64 117 -0.1 0.3 -0.03 0.33 0.06 0.06
518 129 106 67 122 -0.19 0.58 -0.02 -0.13 0.24 0.04
519 129 103 67 102 -0.18 0.72 -0.01 0.33 0.39 0.04
520 157 103 64 109 -0.14 0.72 -0.01 0.35 0.49 0.28
521 145 107 64 191 -0.07 0.81 -0.03 0.85 0.75 0.7
522 156 107 69 185 -0.04 1.39 -0.06 0.5 0.45 1.45
523 175 119 70 147 0.04 1.81 -0.06 0.44 0.15 1.84
524 159 125 68 123 0.23 2.65 -0.07 1.33 0.24 1.93
525 185 130 70 101 0.29 3.29 -0.09 -1.03 0.35 1.43
526 194 124 71 83 0.38 3.52 -0.06 0.17 1.2 1.31
527 174 130 70 70 0.9 4.12 0.09 -1.84 0.43 1.36
528 192 132 86 60 1.13 4.13 0.13 -2.48 0.3 2.17
529 195 133 83 54 1.26 3.97 0.18 -1.91 0.2 2.26
530 235 140 90 48 1.44 3.18 0.29 -2.17 0.41 1.99
531 250 143 88 43 1.41 2.95 0.3 -1.17 0.93 0.41
532 286 146 84 38 1.36 2.79 0.3 -1.11 0.82 -0.1
533 276 146 99 36 1.12 2.73 0.39 -0.62 0.76 -0.63
534 264 145 96 34 0.95 2.37 0.45 -0.64 0.28 -0.68
535 294 141 107 31 0.95 2.37 0.45 -0.39 0.14 -0.66
536 310 135 102 29 0.83 1.58 0.46 0.12 -0.12 -0.41
537 313 134 102 29 0.83 1.58 0.46 0.16 -0.05 -0.41
538 302 142 96 33 0.76 1.72 0.5 0.31 -0.58 -0.24
539 283 142 97 31 0.66 1.69 0.5 -0.19 -0.24 -0.54
540 274 138 99 33 0.59 1.36 0.5 -0.39 -0.88 -0.98
541 277 138 94 30 0.61 0.39 0.5 0.35 -0.84 -1.06
542 313 148 97 29 0.57 0.14 0.54 0.94 -0.9 -0.94
543 299 158 90 28 0.56 0.3 0.53 1.22 -0.83 -0.81
544 308 151 93 28 0.46 0.7 0.47 1.17 -0.81 -0.8
545 308 155 94 27 0.37 0.84 0.39 1.06 -0.91 -0.89
546 299 147 91 26 0.31 0.78 0.36 1.16 -0.81 -1.26
547 423 139 90 30 0.2 0.53 0.29 1.21 -0.74 -1.59
548 394 138 87 30 0.11 0.29 0.26 1.06 -0.76 -0.72
549 353 138 85 28 0.07 0.22 0.23 1.37 -0.55 -0.96
550 319 128 92 27 0.02 0.35 0.2 1.1 -0.68 -0.56
551 293 133 97 26 0.0 0.46 0.12 0.93 -0.52 -0.35
552 288 125 92 27 -0.0 0.37 0.08 0.39 -0.48 -0.36
553 303 129 86 26 -0.01 -0.06 0.02 0.51 -0.45 -0.62
554 288 134 86 27 -0.04 -0.25 0.01 0.63 -0.38 -0.5
555 298 127 95 27 -0.03 -0.21 0.01 0.54 -0.33 0.11
556 317 127 95 26 -0.01 -0.05 -0.0 0.22 -0.33 0.24
557 304 121 91 29 0.01 0.02 -0.04 0.2 -0.19 0.3
558 305 114 88 28 0.02 0.04 -0.05 0.07 -0.11 0.28
559 287 111 94 28 0.04 -0.02 -0.09 0.18 0.06 -0.03
560 284 114 92 27 0.06 -0.02 -0.09 0.12 0.14 -0.04
561 268 112 92 27 0.06 -0.02 -0.1 0.02 0.26 -0.09
562 263 116 90 31 0.03 -0.05 -0.1 0.05 0.16 -0.15
563 275 115 89 30 0.02 -0.06 -0.08 0.03 0.12 -0.02
564 276 116 91 29 0.01 -0.06 -0.07 0.02 0.03 0.05
565 303 122 90 28 0.02 -0.03 -0.06 -0.12 0.0 0.25
566 299 117 103 27 0.02 0.02 -0.08 -0.1 0.13 0.14
567 273 113 97 27 0.02 0.08 -0.09 -0.3 0.13 0.21
568 276 119 88 29 0.02 0.07 -0.1 -0.42 0.16 0.24
569 270 122 86 36 0.0 -0.04 -0.09 -0.34 0.08 -0.25
570 251 127 88 36 -0.02 -0.06 -0.07 -0.19 0.09 -0.48
571 260 123 93 32 -0.03 -0.03 -0.02 -0.11 0.05 -0.42
572 252 123 93 30 0.01 -0.01 0.03 -0.24 0.03 0.06
573 268 124 91 28 0.03 0.02 0.03 -0.18 0.08 0.29
574 269 127 90 27 0.04 0.12 0.03 -0.1 0.07 0.24
575 302 119 86 31 0.03 0.17 0.01 -0.02 0.12 -0.15
576 315 121 81 29 0.04 0.15 0.01 0.0 0.06 -0.19
577 340 118 83 29 0.04 0.05 -0.0 0.02 0.11 -0.22
578 316 122 89 30 0.03 0.01 0.0 0.15 0.05 -0.24
579 281 121 94 29 0.02 0.01 -0.01 0.14 -0.02 -0.25
580 280 117 90 28 -0.0 0.08 -0.02 0.05 0.0 -0.22
581 291 115 88 27 -0.04 0.13 -0.03 -0.07 -0.04 0.0
582 270 113 83 30 -0.05 0.11 -0.04 -0.28 -0.09 0.0
583 328 114 83 28 -0.06 0.02 -0.05 -0.31 -0.06 -0.01
584 292 115 83 28 -0.04 -0.06 -0.03 -0.19 -0.01 -0.1
585 266 114 84 27 -0.03 -0.05 -0.03 -0.14 0.0 -0.23
586 249 117 95 27 -0.0 -0.03 0.0 -0.17 0.07 -0.11
587 222 115 95 26 0.01 0.03 0.03 -0.21 0.07 0.02
588 211 109 90 25 0.01 0.05 0.03 -0.21 0.02 -0.04
589 202 105 91 25 0.02 0.08 0.03 -0.18 0.04 0.07
590 208 115 89 25 0.01 0.05 0.02 -0.1 0.02 0.0
591 200 113 86 27 0.01 0.04 0.01 0.06 0.2 -0.17
592 194 109 87 26 0.0 0.06 0.0 0.1 0.27 -0.27
593 239 108 93 26 -0.0 0.1 -0.0 0.01 0.21 -0.11
594 249 105 85 25 -0.0 0.07 -0.0 -0.14 0.01 0.06
595 241 104 82 25 -0.01 -0.0 -0.01 -0.04 -0.01 -0.01
596 212 103 88 25 0.01 -0.03 -0.0 0.08 -0.01 0.04
597 191 106 87 24 0.01 -0.03 -0.01 0.2 -0.04 -0.28
598 181 107 105 24 0.01 0.03 -0.0 0.17 -0.02 -0.25
599 154 102 113 25 -0.01 0.05 -0.01 0.07 0.0 -0.13
600 171 103 119 25 -0.02 0.04 -0.01 0.08 -0.01 -0.24
601 182 113 111 25 -0.05 -0.01 -0.03 0.15 0.0 -0.28
602 203 117 111 24 -0.11 -0.08 -0.04 0.01 0.16 -0.53
603 192 113 130 24 -0.12 -0.13 -0.05 0.0 0.04 -0.13
604 183 112 129 24 -0.13 -0.12 -0.04 -0.26 -0.08 0.16
605 203 109 130 30 -0.12 -0.16 -0.05 -0.23 -0.1 0.14
606 211 104 115 28 -0.11 -0.12 -0.06 -0.11 0.0 0.0
607 211 104 115 27 -0.1 0.02 -0.05 -0.23 0.01 -0.01
608 196 100 107 26 -0.08 0.04 -0.03 -0.44 -0.07 -0.02
609 172 96 103 25 -0.07 -0.0 -0.02 -0.3 -0.07 -0.1
610 148 92 104 25 -0.05 -0.1 0.01 -0.08 -0.12 -0.24
611 123 87 97 25 -0.03 -0.22 0.03 0.08 -0.26 -0.17
612 100 84 93 25 -0.03 -0.31 0.04 0.45 -0.52 -0.13
613 80 81 88 24 -0.06 -0.51 0.04 0.59 -0.65 -0.14
614 69 79 86 24 -0.17 -0.72 0.04 1.06 -0.91 -0.18
615 58 99 87 24 -0.28 -0.81 0.05 2.15 -1.1 -0.47
616 55 115 84 24 -0.51 -0.97 0.09 2.08 -1.0 -0.9
617 49 174 94 24 -0.66 -1.15 0.03 1.96 -0.54 -1.56
618 46 209 91 24 -0.73 -1.33 -0.03 1.6 -0.21 -1.87
619 38 195 83 24 -0.84 -2.08 -0.2 1.11 -0.31 -1.67
620 34 190 82 27 -0.99 -3.2 -0.34 1.0 -0.22 -1.67
621 31 257 91 26 -1.09 -3.72 -0.36 1.16 0.12 -1.63
622 31 310 87 27 -1.27 -4.31 -0.36 0.91 0.07 -1.59
623 28 280 93 25 -1.48 -4.39 -0.35 -0.14 0.01 -1.84
624 30 235 89 25 -1.58 -4.47 -0.35 -1.01 -0.13 -0.8
625 35 201 83 25 -1.8 -4.84 -0.29 -1.09 -0.24 -0.38
626 56 181 77 26 -1.97 -5.06 -0.2 -0.44 0.4 0.01
627 64 170 73 26 -2.06 -5.05 -0.14 -0.99 0.53 -0.68
628 95 160 72 25 -2.18 -5.01 -0.17 -1.07 0.53 -1.09
629 80 149 72 25 -2.11 -4.74 -0.19 -0.44 0.54 -2.19
630 65 138 71 25 -2.02 -4.41 -0.17 0.91 0.39 -2.86
631 55 127 86 25 -1.89 -3.52 -0.11 1.0 0.31 -2.94
632 52 117 85 24 -1.89 -2.47 0.16 0.87 0.34 -3.66
633 51 108 104 24 -1.34 -2.26 0.19 6.51 0.51 24.9
634 45 103 115 24 1.68 -0.74 -0.27 16.62 8.91 3.99
635 40 101 106 24 0.11 -0.21 -0.17 -3.7 -0.09 -2.2
636 34 96 98 24 0.15 0.02 -0.15 -1.52 2.57 -0.94
637 59 91 91 23 -0.23 0.8 -0.24 -2.37 2.72 0.6
638 51 87 87 23 -0.04 0.68 -0.4 0.24 0.9 -0.02
639 43 83 82 24 -0.03 0.39 -0.27 -0.2 -0.01 -0.26
640 39 82 90 24 0.03 0.18 0.01 -0.14 0.14 -0.36
641 37 80 87 24 0.06 0.31 -0.08 -0.37 0.03 -0.31
642 38 77 86 23 0.13 0.35 -0.13 -0.41 -0.33 -0.44
643 37 76 82 23 0.18 0.41 -0.09 -0.43 -0.39 -0.27
644 32 76 80 23 0.32 0.3 -0.05 -0.55 0.06 0.05
645 28 75 88 23 0.27 0.2 0.0 -0.43 0.08 -0.09
646 28 74 87 24 0.26 0.07 0.02 -0.31 0.07 -0.17
647 25 74 85 23 0.22 0.11 -0.0 -0.29 0.29 0.06
648 31 74 80 23 0.19 0.13 -0.01 -0.29 0.38 0.01
649 52 73 79 23 0.2 0.16 -0.02 -0.46 0.46 -0.06
650 52 72 78 23 0.21 0.16 -0.05 -0.55 0.46 0.0
651 44 71 75 23 0.2 0.12 -0.06 -0.41 0.42 -0.14
652 42 71 81 23 0.19 0.04 -0.06 -0.34 0.39 -0.07
-100 -100 -100 -100 -100 -100 -100 -100 -100 -100 -100
653 37 71 91 23 0.16 0.04 -0.05 -0.33 0.3 0.03
654 32 72 91 23 0.13 0.04 -0.06 -0.29 0.25 -0.04
655 29 72 84 23 0.12 0.1 -0.07 -0.31 0.24 -0.04
656 27 72 77 23 0.14 0.14 -0.07 -0.4 0.21 -0.1
657 24 74 72 23 0.15 0.15 -0.08 -0.4 0.23 -0.16
658 24 74 76 25 0.14 0.09 -0.08 -0.33 0.29 -0.09
659 25 75 82 23 0.13 0.03 -0.06 -0.25 0.27 -0.06
660 28 75 78 23 0.11 0.0 -0.05 -0.21 0.25 -0.01
661 26 75 75 23 0.06 -0.01 -0.03 -0.2 0.27 -0.01
662 30 75 80 23 0.04 0.02 -0.03 -0.19 0.2 -0.05
663 27 76 85 23 0.05 0.04 -0.03 -0.22 0.2 -0.05
664 25 73 89 23 0.03 0.02 -0.03 -0.24 0.17 -0.04
665 23 77 86 23 0.01 0.0 -0.02 -0.3 0.17 -0.08
666 22 76 85 23 -0.0 -0.01 -0.01 -0.29 0.19 -0.04
667 21 76 89 23 0.0 0.01 -0.02 -0.26 0.22 -0.08
668 21 75 85 23 0.02 0.05 -0.03 -0.29 0.22 -0.04
669 22 75 87 23 0.03 0.07 -0.04 -0.28 0.24 -0.07
670 32 75 87 23 0.04 0.08 -0.06 -0.3 0.17 -0.09
671 34 74 81 23 0.04 0.08 -0.07 -0.3 0.14 -0.14
672 30 77 82 23 0.04 0.06 -0.08 -0.41 0.07 -0.13
673 31 78 78 23 0.06 0.01 -0.07 -0.34 0.06 -0.09
674 29 77 76 23 0.07 -0.02 -0.06 -0.3 0.07 -0.13
675 27 74 90 24 0.08 -0.01 -0.06 -0.14 0.15 -0.06
676 30 73 82 23 0.11 0.03 -0.06 0.01 0.16 -0.06
677 28 72 80 23 0.1 0.07 -0.06 0.0 0.27 -0.03
678 25 71 76 23 0.07 0.06 -0.06 -0.12 0.2 -0.06
679 29 71 72 23 0.06 0.07 -0.04 -0.12 0.18 -0.06
680 29 72 80 24 0.05 0.08 -0.02 -0.06 0.11 -0.05
681 27 70 75 23 0.03 0.07 -0.01 -0.01 0.08 -0.03
682 25 70 80 23 0.01 0.09 0.01 0.0 0.13 -0.02
683 23 71 76 23 -0.01 0.11 0.02 -0.1 0.13 -0.08
684 22 70 71 23 -0.02 0.1 0.03 -0.3 0.19 -0.07
685 27 69 71 23 -0.03 0.08 0.03 -0.3 0.14 -0.09
686 26 70 73 23 -0.01 0.08 0.02 -0.26 0.15 -0.05
687 26 71 73 23 -0.01 0.07 0.02 -0.22 0.14 -0.1
688 27 70 75 23 -0.01 0.09 0.0 -0.16 0.13 -0.09
689 25 69 73 23 0.01 0.13 -0.01 -0.14 0.06 -0.07
690 23 69 74 23 0.02 0.15 -0.02 -0.14 0.16 -0.05
691 24 70 76 23 0.01 0.13 -0.01 -0.21 0.17 -0.08
692 22 70 73 23 0.0 0.12 -0.02 -0.27 0.19 -0.03
-200 -200 -200 -200 -200 -200 -200 -200 -200 -200 -200
693 32 73 70 23 -0.01 0.12 -0.03 -0.24 0.13 -0.04
694 59 77 75 23 -0.01 0.11 -0.03 -0.15 0.1 -0.09
695 59 78 81 24 -0.01 0.12 -0.05 -0.33 0.08 -0.13
696 53 76 79 24 0.0 0.12 -0.06 -0.41 0.07 -0.12
697 50 75 81 23 -0.01 0.12 -0.1 -0.72 0.06 -0.14
698 43 75 85 23 0.03 0.04 -0.1 -0.24 0.12 -0.08
699 39 73 81 23 0.05 0.02 -0.09 -0.11 0.12 -0.03
700 44 72 76 23 0.04 0.0 -0.07 0.23 0.16 0.0
701 39 71 75 23 0.01 0.01 -0.03 0.16 0.13 0.0
702 34 72 73 23 0.01 0.03 -0.02 0.0 0.09 -0.05
703 31 72 75 24 0.01 0.06 -0.01 -0.14 0.06 -0.08
704 41 72 75 23 0.02 0.06 -0.01 -0.27 0.08 -0.07
705 48 71 74 23 0.02 0.04 -0.01 -0.29 0.11 -0.06
706 41 70 74 24 0.01 0.01 0.01 -0.19 0.16 -0.05
707 38 72 71 23 0.0 0.01 0.01 -0.09 0.18 0.0
708 39 72 71 23 -0.0 0.02 0.01 -0.09 0.21 0.0
709 49 76 68 27 -0.03 0.01 0.01 -0.2 0.14 -0.04
710 55 76 67 27 -0.04 0.02 0.01 -0.01 0.15 -0.03
711 67 82 67 31 -0.06 0.04 0.01 0.0 0.13 -0.01
712 78 83 65 47 -0.09 0.1 -0.01 -0.21 0.14 -0.02
713 68 87 63 63 -0.13 0.15 -0.01 0.05 0.21 0.0
714 77 95 63 91 -0.14 0.15 -0.01 0.45 0.3 0.05
715 129 97 61 99 -0.23 0.17 0.02 0.78 0.34 0.42
716 139 98 64 109 -0.2 0.62 0.02 1.05 0.46 0.32
717 128 101 67 126 -0.15 0.93 -0.02 1.07 0.49 0.62
718 116 104 65 123 0.01 1.9 -0.08 1.13 1.38 1.73
719 141 111 74 108 0.09 3.2 -0.14 -0.18 1.77 3.28
720 184 123 86 89 0.19 3.94 -0.18 0.26 0.17 4.15
721 201 136 88 74 0.36 4.94 -0.12 1.11 1.81 3.0
722 230 162 90 65 0.7 6.13 0.15 -3.36 -0.28 1.97
723 248 159 89 56 1.03 6.02 0.27 -4.71 -0.02 1.33
724 248 147 92 49 1.46 5.31 0.55 -4.07 0.57 1.47
725 252 143 92 44 1.58 4.25 0.79 -2.43 0.38 1.52
726 304 143 91 41 1.61 3.85 0.86 -1.97 0.51 1.56
727 370 145 92 38 1.51 3.33 0.9 -0.29 0.49 0.72
728 378 155 115 37 1.29 3.12 0.93 0.02 0.24 -0.72
729 454 154 109 35 1.18 2.97 0.94 0.36 -0.08 -0.56
730 454 166 107 37 1.01 2.48 0.93 0.81 -0.78 -0.77
731 408 156 113 34 0.95 1.67 0.86 1.21 -0.8 -0.73
732 367 164 116 36 0.87 1.33 0.82 1.35 -0.76 -0.83
733 381 170 119 37 0.74 1.08 0.69 2.16 -0.65 -0.63
734 384 165 115 39 0.64 1.13 0.59 1.92 -0.66 -0.99
735 371 162 114 37 0.62 1.14 0.48 1.57 -0.94 -0.89
736 331 146 114 35 0.54 0.98 0.32 1.89 -1.09 -1.01
737 323 147 108 32 0.44 0.67 0.26 1.29 -1.31 -0.88
738 378 152 113 31 0.41 0.41 0.19 1.28 -1.24 -1.06
739 374 150 131 29 0.34 -0.02 0.14 1.24 -1.09 -1.1
740 385 143 122 30 0.23 -0.13 0.1 1.32 -1.08 -0.75
741 343 141 114 29 0.18 -0.1 0.07 1.21 -1.04 -0.53
742 322 149 122 32 0.09 -0.07 0.01 0.94 -1.0 -0.35
743 326 148 125 36 0.06 -0.1 -0.04 0.99 -0.65 -0.34
744 369 143 123 35 0.04 -0.16 -0.05 0.66 -0.66 -0.23
745 374 138 116 32 0.07 -0.31 -0.06 0.55 -0.56 -0.02
746 353 134 119 30 0.09 -0.47 -0.08 0.47 -0.28 0.37
747 392 133 108 29 0.11 -0.42 -0.08 0.5 -0.17 0.36
748 365 128 106 28 0.1 -0.12 -0.11 0.06 -0.05 0.25
749 351 126 106 30 0.07 0.05 -0.14 0.17 0.01 -0.19
750 328 132 108 29 0.06 0.02 -0.12 -0.04 -0.03 -0.2
751 277 122 106 28 0.05 -0.1 -0.09 -0.27 -0.01 -0.03
752 352 128 106 27 0.05 -0.23 -0.08 -0.04 0.05 -0.11
753 337 126 101 26 0.03 -0.26 -0.07 0.01 0.08 -0.09
754 315 122 102 26 -0.01 -0.16 -0.05 0.04 0.12 0.01
755 301 118 99 27 -0.03 0.01 -0.05 -0.05 0.11 -0.06
756 306 112 102 27 -0.03 0.03 -0.04 -0.08 0.22 0.0
757 310 118 105 26 -0.01 0.02 -0.03 -0.1 0.15 0.03
758 292 116 102 26 -0.01 -0.03 -0.02 0.01 0.12 0.1
759 270 114 93 26 -0.01 -0.04 -0.02 0.08 0.08 0.06
760 319 118 91 26 0.0 0.0 -0.02 0.1 0.0 0.13
761 312 116 101 30 0.03 0.04 -0.02 0.01 0.0 0.16
762 288 112 99 28 0.03 0.04 -0.02 -0.02 0.04 0.1
763 302 122 93 27 0.04 0.07 -0.02 0.01 0.13 -0.04
764 283 125 86 27 0.01 0.12 -0.03 -0.03 0.06 -0.08
765 269 122 83 26 -0.01 0.12 -0.03 -0.02 0.0 -0.15
766 246 124 87 25 -0.03 0.05 -0.03 0.03 0.0 -0.24
767 230 124 91 27 -0.03 0.02 -0.01 -0.14 -0.07 0.13
768 303 126 87 26 -0.02 0.01 -0.0 -0.16 -0.07 0.22
769 312 125 85 26 -0.04 0.04 0.0 -0.14 -0.11 0.27
770 302 126 92 26 -0.07 0.16 -0.01 -0.03 -0.04 0.07
771 357 121 87 28 -0.07 0.22 -0.02 -0.02 -0.06 0.16
772 350 120 104 27 -0.06 0.25 -0.02 -0.05 -0.01 -0.04
773 325 126 98 28 -0.03 0.14 -0.01 -0.03 -0.05 0.08
774 310 132 101 27 -0.01 0.03 -0.0 0.05 0.0 0.13
775 320 136 99 27 0.02 -0.07 -0.01 0.13 0.01 0.19
776 294 133 99 27 0.02 -0.05 -0.02 0.1 0.09 0.19
777 280 126 95 26 0.01 -0.03 -0.03 0.06 0.06 0.15
778 272 120 94 25 -0.01 0.0 -0.06 0.13 0.01 -0.1
779 291 119 95 26 -0.02 0.02 -0.05 -0.18 -0.05 0.3
780 292 112 95 26 -0.02 -0.02 -0.05 -0.14 -0.08 0.19
781 261 112 91 26 -0.01 -0.08 -0.03 -0.11 -0.06 0.11
782 262 119 86 25 -0.0 -0.03 -0.01 -0.1 -0.05 0.21
783 253 112 93 25 0.01 -0.01 -0.01 -0.19 -0.04 0.17
784 255 112 92 26 0.01 0.02 -0.01 -0.18 0.0 0.11
785 282 114 92 28 0.01 0.04 -0.03 -0.04 0.06 -0.32
786 287 114 88 28 0.01 0.06 -0.03 -0.15 0.04 -0.4
787 275 110 91 27 0.0 0.09 -0.02 -0.24 0.06 -0.27
788 256 112 88 25 -0.02 -0.01 0.01 -0.04 0.04 -0.16
789 259 111 95 26 -0.03 -0.01 0.03 -0.1 0.01 0.1
790 244 109 93 26 -0.04 -0.03 0.04 0.06 0.06 0.27
791 231 105 90 26 -0.03 -0.0 0.04 0.09 0.05 0.42
792 234 104 84 25 -0.03 -0.01 0.03 0.13 0.06 0.42
793 272 105 87 25 -0.0 -0.0 0.01 0.27 0.02 0.26
794 260 102 82 25 0.03 0.03 -0.02 0.17 -0.01 0.17
795 254 107 84 27 0.04 0.05 -0.03 0.28 -0.02 0.18
796 247 106 87 26 0.04 0.05 -0.05 0.04 -0.06 0.03
797 232 107 90 25 0.02 0.03 -0.05 -0.07 -0.16 -0.05
798 209 106 89 25 0.0 0.03 -0.04 -0.01 -0.18 0.0
799 237 114 86 25 -0.03 -0.01 -0.03 -0.1 -0.11 0.11
800 217 113 85 29 -0.04 -0.06 -0.03 0.0 -0.06 0.08
801 281 112 86 27 -0.04 -0.04 -0.04 -0.03 0.03 0.11
802 257 119 88 26 -0.03 -0.01 -0.05 0.0 0.04 0.0
803 223 119 86 32 -0.01 -0.01 -0.05 0.11 0.05 0.0
804 214 126 85 32 -0.02 -0.02 -0.05 0.1 0.0 -0.05
805 214 118 88 30 -0.01 -0.01 -0.03 0.04 -0.06 -0.01
806 226 118 82 29 -0.0 0.01 -0.03 -0.04 -0.1 0.07
807 192 112 80 28 -0.0 0.01 -0.02 -0.05 -0.11 0.07
808 169 115 81 27 0.0 -0.02 -0.03 0.03 -0.11 -0.02
809 138 114 76 26 -0.01 -0.06 -0.03 0.11 -0.17 -0.05
810 117 114 78 25 -0.01 -0.08 -0.02 0.17 -0.21 -0.08
811 98 115 76 25 -0.05 -0.12 -0.02 0.42 -0.46 0.07
812 82 113 74 26 -0.13 -0.11 -0.02 0.48 -0.64 0.24
813 68 113 76 27 -0.2 -0.12 -0.02 1.0 -0.7 0.05
814 61 114 76 26 -0.44 -0.13 -0.01 1.52 -0.73 -0.24
815 53 148 78 25 -0.58 -0.13 -0.0 1.64 -0.89 -0.73
816 48 192 84 25 -0.68 -0.22 0.01 1.43 -0.84 -0.96
817 42 194 87 25 -0.7 -0.42 -0.08 1.57 -0.62 -1.21
818 37 177 87 25 -0.73 -0.57 -0.15 1.47 -0.56 -1.14
819 33 179 82 25 -0.89 -1.03 -0.29 1.42 -0.57 -1.04
820 30 162 80 26 -1.04 -1.63 -0.44 1.29 -0.38 -0.79
821 27 148 75 26 -1.19 -2.23 -0.53 1.19 -0.13 -0.65
822 25 135 69 25 -1.27 -2.49 -0.56 0.91 -0.19 -0.33
823 24 129 68 26 -1.4 -2.88 -0.63 0.68 0.04 -0.7
824 35 123 65 27 -1.52 -3.09 -0.66 0.2 -0.15 -0.67
825 40 130 62 27 -1.56 -3.15 -0.72 0.36 0.0 -0.86
826 35 120 61 26 -1.67 -3.33 -0.63 0.56 0.33 -1.17
827 45 114 59 26 -1.72 -3.52 -0.63 0.3 0.22 -0.85
828 72 104 59 25 -1.81 -3.73 -0.46 0.5 0.29 -0.84
829 67 98 59 25 -1.77 -3.97 -0.57 0.4 0.59 -0.98
830 64 92 61 24 -1.98 -4.25 -0.49 0.46 0.43 -1.61
831 80 86 62 24 -2.05 -4.39 -0.52 1.55 1.0 -3.64
832 159 88 78 25 -1.67 -3.76 -0.32 -7.97 -5.16 3.51
833 131 86 94 24 1.11 -7.19 -0.39 5.46 8.72 5.09
834 108 83 88 24 0.85 -6.51 1.19 11.28 3.29 -1.02
835 94 81 80 24 0.39 -1.28 0.13 4.79 0.99 0.11
836 79 78 76 24 0.65 0.19 -0.08 0.28 0.51 0.02
837 64 76 71 24 0.46 0.19 -0.22 0.12 1.71 -0.08
838 55 78 68 23 -0.02 0.15 -0.22 2.29 0.92 0.47
839 47 78 64 24 -0.12 0.47 -0.26 -0.34 -0.42 0.05
840 40 78 66 23 -0.19 0.53 -0.19 -0.86 -0.35 -0.26
-100 -100 -100 -100 -100 -100 -100 -100 -100 -100 -100
841 35 78 69 23 0.01 0.35 -0.09 -1.54 -0.19 -0.41
842 36 78 66 23 0.12 0.31 -0.08 -1.44 -0.21 -0.14
843 36 77 63 24 0.25 0.16 -0.06 -0.89 0.01 -0.27
844 33 77 60 23 0.25 -0.07 -0.01 -0.35 0.05 -0.09
845 29 77 58 23 0.23 -0.16 0.01 0.16 0.13 0.0
846 29 75 57 23 0.22 -0.19 0.04 0.16 0.13 -0.06
847 31 75 59 23 0.2 -0.11 0.03 0.28 0.33 0.14
848 28 73 59 23 0.08 -0.01 0.02 0.12 0.32 0.05
849 26 72 56 23 0.04 0.03 0.03 -0.01 0.35 0.0
850 24 72 55 23 -0.01 0.08 0.01 -0.27 0.33 0.02
851 24 70 53 23 -0.02 0.06 -0.0 -0.26 0.34 -0.06
852 22 69 54 23 -0.02 0.05 -0.01 -0.27 0.26 -0.03
853 31 70 59 23 -0.02 0.05 -0.01 -0.36 0.27 -0.03
854 28 70 62 23 -0.02 0.02 -0.01 -0.25 0.39 -0.07
855 26 70 60 23 -0.05 -0.03 0.01 -0.24 0.34 -0.01
856 28 70 59 23 -0.07 -0.04 0.01 -0.07 0.35 -0.01
857 29 71 58 23 -0.09 -0.03 0.02 0.08 0.22 -0.05
858 26 70 58 23 -0.11 0.02 0.02 -0.01 0.17 -0.05
859 24 70 58 23 -0.09 0.09 0.01 -0.23 0.15 -0.11
860 29 69 58 23 -0.07 0.11 0.01 -0.41 0.17 -0.13
861 29 69 58 24 -0.04 0.07 0.01 -0.47 0.18 -0.1
862 28 72 60 23 -0.01 0.01 0.02 -0.24 0.15 -0.09
863 24 71 62 23 0.01 0.02 0.02 0.07 0.14 -0.01
864 24 70 65 23 0.02 0.04 0.02 0.08 0.14 -0.04
865 28 70 64 23 0.06 0.13 0.0 0.0 0.18 -0.11
866 25 69 64 24 0.11 0.2 -0.02 -0.36 0.26 -0.1
867 23 68 65 23 0.12 0.2 -0.03 -0.4 0.27 -0.1
868 22 70 64 27 0.15 0.14 -0.05 -0.45 0.2 -0.09
869 21 70 65 25 0.16 0.08 -0.06 -0.36 0.13 -0.08
870 19 69 67 26 0.17 0.06 -0.06 -0.36 0.09 -0.1
871 18 70 68 28 0.18 0.03 -0.07 -0.3 0.1 -0.07
872 18 70 70 27 0.18 0.01 -0.07 -0.28 0.0 -0.05
873 18 70 71 26 0.17 -0.03 -0.08 -0.32 -0.02 -0.05
874 18 71 72 25 0.16 -0.06 -0.07 -0.27 0.02 -0.01
875 17 70 72 25 0.12 -0.11 -0.05 -0.2 0.09 0.03
876 17 70 73 24 0.09 -0.13 -0.05 -0.14 0.09 0.0
877 18 69 76 25 0.04 -0.15 -0.01 0.02 0.17 0.0
878 19 68 76 26 -0.02 -0.14 0.01 0.04 0.24 -0.01
879 18 69 77 26 -0.04 -0.12 0.01 0.12 0.31 0.03
880 17 69 77 25 -0.07 -0.07 0.02 -0.05 0.34 -0.04
881 20 69 78 25 -0.09 -0.05 0.03 -0.18 0.37 -0.07
882 23 69 79 24 -0.1 -0.05 0.02 -0.25 0.36 -0.08
883 21 68 80 24 -0.11 -0.06 0.02 -0.26 0.33 -0.07
884 20 67 79 26 -0.1 -0.08 -0.0 -0.2 0.15 -0.06
885 22 68 80 25 -0.09 -0.07 -0.02 -0.19 0.1 -0.04
886 21 67 80 25 -0.07 -0.04 -0.04 -0.17 0.01 -0.07
-200 -200 -200 -200 -200 -200 -200 -200 -200 -200 -200
887 20 66 80 24 -0.06 -0.03 -0.05 -0.14 -0.02 -0.05
888 20 67 81 24 -0.04 -0.01 -0.06 -0.13 0.0 -0.04
889 19 67 81 24 -0.02 0.01 -0.06 -0.19 0.04 -0.09
890 18 66 80 27 -0.01 0.02 -0.05 -0.13 0.12 -0.01
891 17 67 80 26 -0.02 0.01 -0.05 -0.04 0.2 0.0
892 19 68 81 25 -0.05 0.0 -0.03 -0.04 0.22 0.0
893 22 69 81 25 -0.06 0.02 -0.03 0.04 0.22 0.01
894 23 73 81 28 -0.08 0.04 -0.02 0.05 0.23 0.03
895 31 80 80 28 -0.13 0.04 -0.01 0.17 0.24 0.05
896 34 79 80 27 -0.16 0.06 0.01 0.13 0.15 0.08
897 44 80 80 27 -0.24 0.09 0.02 0.06 0.13 0.09
898 50 81 82 27 -0.26 0.23 0.04 0.11 0.11 0.09
899 58 83 82 29 -0.26 0.34 0.03 -0.09 0.15 -0.06
900 111 95 81 39 -0.21 0.53 0.01 -0.17 0.01 0.04
901 152 100 81 49 -0.15 0.72 0.03 0.14 0.0 0.01
902 144 99 81 47 -0.11 0.83 0.03 -0.49 -0.42 0.45
903 133 102 81 79 0.03 1.24 0.06 -0.28 -0.01 0.49
904 128 99 83 87 0.2 1.86 0.03 1.19 0.13 0.52
905 126 102 86 72 0.14 2.13 0.01 -0.31 0.12 1.17
906 117 102 88 61 0.2 2.52 -0.03 -0.08 0.3 1.32
907 134 110 90 66 0.23 2.83 -0.06 -0.52 0.24 1.27
908 157 108 93 63 0.26 3.09 -0.05 0.3 -1.16 1.05
909 204 126 88 53 0.14 3.63 0.01 -5.12 1.0 0.59
910 181 123 97 47 0.61 3.86 0.32 -3.11 0.1 1.17
911 200 128 116 42 0.76 3.69 0.32 -3.13 -0.01 1.81
912 221 139 111 38 0.99 2.91 0.45 -2.13 0.23 2.24
913 210 137 109 41 1.16 2.76 0.56 -2.35 0.26 2.03
914 244 134 111 39 1.21 2.78 0.65 -1.49 0.42 1.36
915 286 139 106 36 1.28 3.02 0.7 -1.52 0.16 1.3
916 270 139 111 32 1.26 3.05 0.89 -1.26 0.31 0.62
917 281 134 115 31 1.23 2.78 0.93 -1.26 -0.13 0.23
918 260 138 115 29 1.21 2.38 0.99 -1.32 -0.1 0.21
919 258 131 112 29 1.07 1.44 1.09 -0.4 -0.31 -0.2
920 306 128 108 28 0.99 1.36 1.09 0.14 -0.64 -0.42
921 341 127 104 28 0.93 1.44 1.11 0.42 -0.23 -0.49
922 323 123 103 26 0.78 1.52 1.04 0.44 -0.52 -0.31
923 333 131 99 27 0.73 1.4 1.01 0.68 -0.52 -0.42
924 333 125 99 25 0.63 0.99 0.95 1.49 -0.45 -1.02
925 323 120 106 27 0.56 0.68 0.87 1.58 -0.46 -1.13
926 300 126 105 26 0.49 0.59 0.84 2.04 -0.53 -0.91
927 279 123 99 26 0.42 0.53 0.74 2.04 -0.48 -1.0
928 254 125 98 26 0.33 0.42 0.6 1.94 -0.43 -1.03
929 272 122 98 25 0.29 0.33 0.52 1.96 -0.42 -0.89
930 331 124 99 25 0.21 0.11 0.39 2.12 -0.48 -1.23
931 364 122 103 25 0.2 -0.11 0.28 1.68 -0.48 -1.11
932 315 116 94 25 0.2 -0.19 0.21 1.62 -0.56 -0.96
933 263 113 97 24 0.18 -0.26 0.09 1.69 -0.45 -1.02
934 255 110 90 25 0.14 -0.16 0.01 1.45 -0.47 -0.84
935 239 112 90 24 0.11 -0.11 -0.03 0.96 -0.47 -0.83
936 260 120 94 25 0.04 -0.11 -0.11 0.96 -0.46 -0.88
937 253 116 90 24 -0.03 -0.15 -0.16 0.83 -0.18 -1.06
938 231 116 90 24 -0.06 -0.17 -0.16 0.56 -0.15 -0.82
939 263 112 92 26 -0.11 -0.2 -0.17 0.43 -0.17 -0.69
940 229 108 93 25 -0.13 -0.21 -0.17 0.32 -0.02 -0.32
941 238 112 96 25 -0.13 -0.2 -0.18 0.28 0.01 -0.21
942 241 112 90 25 -0.13 -0.17 -0.19 0.2 0.09 -0.12
943 268 116 93 24 -0.12 -0.09 -0.21 0.09 0.1 -0.25
944 292 114 94 24 -0.13 -0.03 -0.21 -0.14 0.14 -0.47
945 272 114 102 24 -0.12 0.04 -0.21 -0.23 0.08 -0.36
946 259 110 100 24 -0.11 -0.04 -0.21 -0.51 0.12 -0.16
947 231 108 100 24 -0.12 -0.1 -0.21 -0.55 0.12 -0.05
948 245 114 94 25 -0.14 -0.23 -0.2 -0.53 0.08 0.02
949 259 112 88 25 -0.15 -0.24 -0.19 -0.17 0.23 -0.05
950 256 113 84 25 -0.17 -0.18 -0.18 -0.11 0.23 -0.11
951 244 115 93 25 -0.19 -0.03 -0.16 -0.24 0.19 0.0
952 266 117 90 22 -0.17 -0.06 -0.15 -0.36 0.25 0.13
953 268 113 86 24 -0.16 -0.11 -0.15 -0.23 0.23 0.15
954 265 116 86 24 -0.14 -0.12 -0.13 -0.31 0.2 0.22
955 243 112 86 24 -0.11 -0.13 -0.11 -0.21 0.15 0.26
956 248 108 82 24 -0.09 -0.12 -0.1 -0.15 0.05 0.16
957 240 106 88 24 -0.03 -0.06 -0.09 -0.09 0.03 0.21
958 212 106 88 25 0.01 0.03 -0.08 -0.16 0.04 -0.04
959 256 106 90 24 0.03 0.05 -0.06 -0.38 -0.04 0.06
960 255 106 89 24 0.04 0.03 -0.05 -0.33 -0.01 0.0
961 259 105 86 24 0.03 0.02 -0.03 -0.41 0.0 -0.12
962 265 103 89 24 0.03 0.03 -0.03 -0.35 0.02 -0.1
963 247 101 83 24 0.01 0.0 -0.01 -0.27 0.0 -0.07
964 231 102 82 25 0.0 0.02 0.0 -0.12 0.0 -0.06
965 246 101 78 24 0.0 0.02 0.01 -0.04 -0.01 -0.11
966 221 97 74 25 0.02 -0.01 0.0 -0.03 -0.03 -0.04
967 259 97 82 24 0.02 -0.01 0.0 0.0 0.04 0.08
968 263 101 86 24 0.01 -0.01 -0.0 0.03 0.0 0.06
969 221 96 89 24 0.01 -0.03 -0.01 0.04 0.01 0.03
970 193 95 89 23 0.01 -0.07 -0.03 0.15 0.04 -0.01
971 189 96 82 24 -0.0 -0.07 -0.03 0.11 0.06 0.01
972 181 99 81 24 -0.02 -0.05 -0.04 -0.01 0.05 -0.06
973 174 98 84 25 -0.02 -0.08 -0.06 -0.02 0.03 -0.2
974 152 97 85 25 -0.01 -0.08 -0.06 0.0 0.01 -0.2
975 159 94 81 24 -0.01 -0.06 -0.06 -0.03 0.04 -0.3
976 180 93 76 25 -0.02 -0.09 -0.07 0.02 0.0 -0.33
977 160 91 73 25 -0.02 -0.1 -0.07 0.12 -0.02 -0.38
978 137 89 72 22 -0.03 -0.06 -0.07 0.2 -0.05 -0.46
979 133 89 73 24 -0.04 -0.05 -0.08 0.32 -0.06 -0.56
980 114 86 71 24 -0.05 -0.05 -0.08 0.37 -0.07 -0.63
981 97 83 70 24 -0.07 -0.02 -0.09 0.4 -0.08 -0.71
982 95 84 67 24 -0.12 -0.02 -0.11 0.44 -0.2 -0.63
983 109 89 64 24 -0.15 -0.05 -0.12 0.51 -0.16 -0.66
984 100 86 62 25 -0.23 -0.14 -0.14 0.55 -0.18 -0.87
985 93 84 61 24 -0.28 -0.27 -0.2 0.52 -0.22 -0.92
986 84 81 61 24 -0.3 -0.37 -0.23 0.56 -0.26 -0.76
987 80 80 61 24 -0.35 -0.67 -0.31 0.71 -0.16 -0.74
988 78 79 69 23 -0.42 -1.1 -0.37 0.86 -0.06 -0.47
989 70 77 65 24 -0.47 -1.36 -0.41 0.94 -0.03 -0.41
990 82 78 67 24 -0.63 -2.01 -0.45 0.87 0.22 -0.32
991 79 78 64 24 -0.79 -2.87 -0.52 0.0 0.06 -0.6
992 65 77 62 24 -0.82 -3.37 -0.58 -0.46 0.06 -0.79
993 56 75 60 24 -0.78 -4.59 -0.73 -0.24 0.05 -0.35
994 48 77 60 24 -0.81 -5.43 -0.81 0.12 0.28 -0.24
995 51 78 60 24 -0.87 -5.68 -0.81 0.31 0.18 -0.17
996 45 92 59 24 -0.89 -5.69 -0.8 0.72 0.41 -0.41
997 40 106 59 27 -1.02 -5.26 -0.64 1.59 0.19 -0.15
998 35 102 56 29 -1.09 -4.66 -0.54 1.43 0.25 -0.3
999 32 102 56 29 -1.22 -3.04 -0.35 0.85 0.19 -0.48
1000 30 108 56 29 -1.32 -1.8 -0.17 0.17 0.03 -0.39
1001 29 103 54 29 -1.41 -1.4 -0.09 -0.11 0.06 -0.42
1002 26 95 53 28 -1.52 -1.08 -0.05 -1.31 -0.02 -0.41
1003 29 91 51 27 -1.56 -1.83 -0.1 -1.88 -0.22 -0.93
1004 26 101 51 26 -1.44 -2.23 -0.14 -0.97 -0.1 -0.98
1005 24 94 50 25 -1.27 -2.48 -0.15 -0.03 0.22 -0.85
1006 31 92 50 26 -1.34 -2.13 -0.12 0.39 0.42 -1.48
1007 31 96 56 26 -1.4 -2.04 -0.15 -0.21 0.0 -1.64
1008 60 91 82 26 -1.17 -2.21 0.02 -2.03 0.44 -0.79
1009 56 87 83 26 0.68 -2.31 0.29 4.5 -1.04 13.99
1010 48 83 91 25 0.62 -0.04 0.3 1.14 -0.1 13.54
1011 47 80 92 26 0.22 0.27 0.02 -0.94 1.19 0.68
1012 41 77 84 24 -0.15 -0.38 -0.15 -2.53 1.5 -0.74
1013 35 75 77 24 -0.29 -0.45 -0.15 -2.72 1.5 -0.71
1014 35 74 73 25 -0.11 -0.67 -0.09 -0.54 0.45 0.3
1015 31 73 71 24 0.02 -0.86 -0.03 0.77 0.91 -0.22
1016 29 73 70 24 0.05 -0.78 0.08 1.02 0.98 -0.55
1017 27 73 74 24 -0.01 -0.31 0.07 0.98 0.71 -0.67
1018 25 72 71 24 -0.03 0.2 0.03 0.35 0.49 -0.8
1019 23 71 68 23 -0.03 0.42 0.01 0.0 0.31 -0.71
1020 24 71 66 24 -0.01 0.55 0.01 -0.66 0.0 0.04
1021 22 71 70 24 0.06 0.45 -0.02 -0.95 0.1 0.09
1022 33 72 66 24 0.11 0.41 -0.03 -0.92 0.2 0.05
1023 29 72 64 23 0.17 0.38 -0.05 -0.69 0.34 -0.01
1024 26 72 67 24 0.19 0.28 -0.07 -0.5 0.38 0.07
1025 24 72 64 23 0.19 0.21 -0.07 -0.43 0.33 0.04
1026 26 72 61 24 0.21 0.11 -0.06 -0.38 0.28 -0.02
1027 21 72 63 24 0.28 0.14 -0.06 -0.24 0.24 -0.09
1028 20 72 66 23 0.3 0.18 -0.05 -0.18 0.23 -0.08
1029 20 73 64 23 0.28 0.24 -0.05 -0.1 0.23 -0.02
1030 27 75 64 23 0.14 0.11 -0.04 -0.34 0.25 -0.05
1031 24 74 63 24 0.11 0.08 -0.03 -0.38 0.26 -0.03
-100 -100 -100 -100 -100 -100 -100 -100 -100 -100 -100
1032 23 73 69 23 0.09 -0.01 -0.03 -0.35 0.34 0.01
1033 23 73 72 23 0.07 -0.05 -0.01 -0.26 0.35 -0.02
1034 22 73 73 23 0.07 -0.04 -0.02 -0.28 0.34 -0.04
1035 27 71 70 24 0.07 -0.05 -0.03 -0.31 0.29 -0.02
1036 27 71 70 23 0.09 -0.06 -0.03 -0.27 0.37 -0.01
1037 27 71 69 23 0.08 -0.08 -0.03 -0.27 0.33 0.0
1038 25 72 72 23 0.05 -0.1 -0.02 -0.19 0.26 -0.04
1039 24 71 75 23 0.04 -0.1 -0.01 -0.17 0.19 -0.04
1040 22 72 70 23 0.03 -0.09 -0.0 -0.15 0.21 -0.05
1041 21 72 68 23 0.02 -0.03 0.0 -0.09 0.19 -0.06
1042 20 74 70 23 0.01 0.0 0.01 -0.13 0.17 -0.07
1043 20 75 69 23 -0.0 0.01 0.01 -0.23 0.2 -0.05
1044 31 76 71 23 -0.02 0.02 0.01 -0.28 0.18 -0.1
1045 30 76 69 23 -0.02 0.02 0.02 -0.2 0.16 -0.06
1046 26 75 73 23 -0.02 0.02 0.01 -0.2 0.13 -0.08
1047 24 75 74 23 0.01 0.05 0.01 -0.2 0.13 -0.09
1048 25 74 71 23 0.02 0.06 0.01 -0.25 0.18 -0.1
1049 22 73 75 26 0.03 0.07 0.01 -0.24 0.2 -0.07
1050 21 72 74 23 0.03 0.09 0.01 -0.25 0.17 -0.06
1051 20 71 72 23 0.02 0.06 -0.0 -0.23 0.16 -0.06
1052 19 70 72 23 0.01 0.05 -0.0 -0.22 0.11 -0.06
1053 26 67 73 23 0.02 0.08 -0.01 -0.22 0.13 -0.08
1054 31 70 70 23 0.02 0.08 -0.0 -0.19 0.12 -0.1
1055 28 70 73 23 0.03 0.09 -0.0 -0.14 0.17 -0.07
1056 26 69 76 23 0.04 0.11 -0.01 -0.15 0.18 -0.07
1057 23 69 75 23 0.04 0.09 -0.01 -0.27 0.17 -0.08
1058 22 69 73 23 0.04 0.09 -0.01 -0.29 0.18 -0.07
1059 21 69 71 23 0.06 0.08 -0.01 -0.25 0.19 -0.06
1060 22 69 73 22 0.05 0.07 -0.01 -0.15 0.23 -0.05
1061 24 69 76 23 0.03 0.06 -0.01 -0.16 0.24 -0.04
1062 23 71 75 23 0.01 0.04 -0.01 -0.19 0.17 -0.06
1063 25 72 78 23 0.01 0.03 -0.01 -0.19 0.13 -0.08
1064 24 73 74 23 0.02 0.03 -0.01 -0.17 0.08 -0.12
1065 28 73 76 23 0.06 0.06 -0.01 -0.1 0.07 -0.07
1066 26 74 72 23 0.07 0.09 -0.01 -0.14 0.11 -0.05
1067 23 74 71 23 0.06 0.08 -0.01 -0.19 0.09 -0.04
1068 21 73 75 23 0.06 0.07 -0.02 -0.21 0.14 -0.03
1069 21 74 70 23 0.05 0.04 -0.02 -0.19 0.13 -0.1
1070 20 74 70 23 0.04 0.04 -0.02 -0.15 0.19 -0.07
1071 25 74 68 23 0.05 0.06 -0.02 -0.19 0.17 -0.1
1072 28 74 70 23 0.07 0.1 -0.02 -0.11 0.14 -0.07
1073 26 74 69 23 0.06 0.09 -0.02 -0.13 0.17 -0.03
1074 24 74 68 24 0.05 0.09 -0.02 -0.15 0.18 -0.05
1075 23 72 69 23 0.03 0.06 -0.02 -0.15 0.16 -0.03
1076 27 72 68 23 0.02 0.05 -0.02 -0.16 0.1 -0.05
1077 25 71 70 23 -0.0 0.02 -0.01 -0.11 0.07 -0.06
1078 24 70 75 23 0.0 0.02 0.0 -0.14 0.09 -0.06
1079 24 71 75 23 -0.0 0.01 0.0 -0.16 0.08 -0.08
1080 25 71 71 23 0.01 0.01 -0.0 -0.19 0.13 -0.05
1081 24 72 80 23 0.01 0.0 -0.01 -0.19 0.15 -0.05
1082 26 73 78 23 0.01 -0.0 -0.01 -0.15 0.15 -0.05
1083 24 73 84 23 -0.01 -0.01 -0.01 -0.14 0.14 -0.07
1084 22 76 89 23 -0.01 0.0 -0.01 -0.1 0.11 -0.06
1085 30 76 88 23 -0.01 0.01 -0.01 -0.09 0.08 -0.03
1086 27 77 84 23 -0.0 0.03 -0.0 -0.07 0.1 0.02
1087 26 77 80 23 -0.02 0.05 0.0 -0.06 0.11 -0.08
1088 34 78 76 23 -0.01 0.06 -0.0 -0.17 0.09 -0.08
1089 31 77 75 23 -0.01 0.04 -0.01 -0.16 0.1 -0.06
1090 28 76 73 23 -0.01 0.03 -0.01 -0.16 0.08 -0.09
1091 26 76 77 23 0.0 0.03 -0.01 -0.17 0.07 -0.07
1092 24 75 83 23 0.01 0.02 -0.02 -0.2 0.05 -0.07
