-1 -1 -1 -1 -1 -1 -1 -1 -1 -1 -1
2 17 67 62 23 -0.23 -0.27 -0.32 -0.06 0.13 -0.09
3 16 67 65 24 -0.22 -0.29 -0.32 0.0 0.13 -0.12
4 17 67 69 24 -0.22 -0.3 -0.33 0.0 0.16 -0.04
5 17 68 67 24 -0.22 -0.31 -0.33 0.0 0.17 -0.07
6 17 69 64 24 -0.21 -0.32 -0.33 0.13 0.19 -0.05
7 17 73 61 24 -0.22 -0.32 -0.34 0.11 0.17 -0.08
8 18 69 60 24 -0.21 -0.3 -0.34 0.17 0.05 -0.09
9 17 68 63 24 -0.2 -0.29 -0.33 0.15 0.02 -0.1
10 18 68 62 24 -0.17 -0.26 -0.33 0.14 0.06 -0.1
11 17 68 60 24 -0.13 -0.22 -0.33 0.07 0.08 -0.17
12 17 68 65 24 -0.1 -0.2 -0.33 0.08 0.25 -0.1
13 21 70 62 23 -0.09 -0.2 -0.33 0.08 0.24 -0.09
14 21 70 61 23 -0.09 -0.2 -0.33 0.07 0.19 -0.06
15 20 71 65 24 -0.09 -0.21 -0.32 0.02 0.13 -0.06
16 19 70 62 23 -0.1 -0.21 -0.3 0.0 0.1 -0.08
17 20 71 63 24 -0.11 -0.23 -0.27 0.16 0.13 -0.06
18 18 73 62 23 -0.12 -0.23 -0.26 0.24 0.12 -0.06
19 19 74 59 23 -0.13 -0.21 -0.22 0.33 0.16 -0.03
20 18 75 55 23 -0.15 -0.17 -0.19 0.25 0.17 -0.01
21 18 75 63 23 -0.16 -0.15 -0.17 0.17 0.09 -0.09
22 14 76 65 23 -0.17 -0.11 -0.14 0.17 0.09 -0.1
23 17 79 61 23 -0.16 -0.09 -0.1 0.15 0.1 -0.13
24 18 78 58 23 -0.16 -0.08 -0.09 0.15 0.13 -0.09
25 17 80 57 23 -0.16 -0.06 -0.05 0.08 0.1 -0.1
26 17 81 65 24 -0.15 -0.06 -0.03 0.13 0.09 -0.11
27 17 81 65 23 -0.15 -0.05 -0.02 0.06 0.01 -0.15
28 18 80 62 24 -0.11 -0.04 0.01 0.09 0.03 -0.15
29 17 81 58 23 -0.07 -0.02 0.03 0.06 0.03 -0.15
30 17 83 57 23 -0.05 -0.02 0.03 0.17 0.07 -0.15
31 17 81 59 23 0.0 0.01 0.05 0.15 0.08 -0.15
32 17 80 59 23 0.04 0.05 0.04 -0.02 0.08 -0.13
33 17 77 60 23 0.06 0.04 0.05 0.0 0.08 -0.13
34 18 78 59 23 0.09 0.04 0.06 -0.02 0.05 -0.14
35 20 78 58 23 0.12 0.03 0.08 0.04 0.04 -0.14
36 20 77 61 24 0.13 0.03 0.09 0.11 0.05 -0.16
37 21 77 62 23 0.16 0.04 0.11 0.09 0.07 -0.16
38 20 75 59 23 0.17 0.05 0.13 0.08 0.09 -0.11
39 19 74 62 23 0.18 0.05 0.13 0.1 0.18 -0.08
40 19 72 60 23 0.19 0.06 0.15 0.05 0.17 -0.07
41 18 73 61 23 0.19 0.06 0.16 0.09 0.14 -0.11
42 19 72 61 24 0.18 0.06 0.17 0.13 0.12 -0.12
43 22 72 60 23 0.19 0.08 0.19 0.12 0.12 -0.1
44 21 72 64 24 0.2 0.1 0.21 0.14 0.08 -0.12
45 20 72 69 23 0.2 0.11 0.22 0.17 0.11 -0.11
46 21 71 69 23 0.23 0.13 0.24 0.17 0.11 -0.06
47 20 70 67 23 0.23 0.15 0.26 0.09 0.1 -0.08
48 19 70 63 23 0.24 0.16 0.26 0.01 0.14 -0.11
49 18 70 71 23 0.26 0.18 0.26 -0.09 0.07 -0.13
50 19 71 69 24 0.26 0.15 0.25 -0.14 0.07 -0.14
51 21 70 68 23 0.26 0.12 0.25 -0.13 0.13 -0.15
52 20 70 65 23 0.26 0.07 0.25 -0.11 0.1 -0.14
53 20 70 65 24 0.26 0.03 0.26 0.11 0.15 -0.1
54 28 71 65 24 0.26 0.02 0.27 0.26 0.14 -0.07
55 24 71 63 25 0.26 0.06 0.28 0.2 0.15 -0.05
56 30 72 60 24 0.24 0.11 0.3 0.18 0.16 -0.05
57 26 70 64 24 0.23 0.12 0.3 0.11 0.11 -0.07
58 29 70 62 24 0.2 0.14 0.32 0.18 0.09 -0.08
59 28 70 62 24 0.18 0.16 0.35 0.18 0.07 0.04
60 60 72 68 23 0.17 0.18 0.36 0.16 0.12 0.03
61 75 72 70 24 0.16 0.23 0.37 0.17 0.08 0.05
62 61 71 65 23 0.14 0.27 0.38 0.04 0.05 0.03
63 62 70 63 23 0.13 0.29 0.39 0.09 0.01 0.04
64 58 69 64 23 0.11 0.31 0.39 0.07 0.06 -0.01
65 49 70 64 23 0.09 0.33 0.38 0.0 0.13 0.05
66 41 70 69 23 0.08 0.33 0.37 0.01 0.15 0.0
67 38 72 71 23 0.04 0.32 0.35 -0.04 0.34 0.14
68 39 72 67 23 -0.04 0.3 0.32 0.01 0.52 0.23
69 43 73 65 23 -0.1 0.32 0.29 0.1 0.65 0.29
70 66 73 62 23 -0.21 0.42 0.2 -0.11 0.65 0.15
71 57 72 60 23 -0.25 0.46 0.1 -0.44 0.05 -0.22
72 51 72 57 24 -0.25 0.41 0.09 -0.44 -0.06 -0.2
73 49 72 56 24 -0.23 0.27 0.13 -0.13 -0.2 -0.18
74 43 71 57 23 -0.21 0.18 0.17 0.11 -0.2 -0.04
75 37 70 63 23 -0.2 0.17 0.18 0.27 -0.14 -0.02
76 33 71 61 24 -0.16 0.22 0.19 0.39 -0.01 0.05
77 61 72 60 23 -0.12 0.3 0.18 0.14 0.0 0.03
78 52 72 59 23 -0.1 0.33 0.17 -0.08 0.02 -0.1
79 56 73 57 23 -0.05 0.33 0.16 -0.18 0.05 -0.07
80 47 73 56 23 -0.02 0.27 0.16 -0.21 0.07 -0.07
81 40 73 54 23 -0.01 0.22 0.16 -0.15 0.09 -0.04
82 36 72 54 24 0.01 0.19 0.14 -0.09 0.07 0.01
83 43 72 53 23 0.03 0.19 0.12 -0.1 0.04 -0.04
84 61 72 51 23 0.05 0.2 0.1 -0.03 0.0 -0.07
85 52 71 51 23 0.08 0.19 0.09 -0.11 0.07 -0.07
86 45 73 51 24 0.08 0.16 0.07 -0.12 0.07 -0.02
87 38 71 50 24 0.08 0.14 0.06 -0.04 0.1 -0.03
88 38 71 50 23 0.08 0.11 0.05 -0.07 0.12 0.03
89 46 71 50 24 0.06 0.08 0.04 0.04 0.09 0.03
90 57 71 49 23 0.05 0.07 0.04 0.05 0.06 0.05
91 49 71 49 24 0.04 0.06 0.05 0.16 0.1 0.05
92 42 71 49 23 0.03 0.08 0.05 0.06 0.08 0.03
93 38 71 49 23 0.03 0.07 0.05 0.03 0.06 0.0
94 40 71 50 23 0.03 0.06 0.04 -0.09 0.03 -0.01
95 46 72 50 24 0.02 0.02 0.05 -0.1 0.06 -0.03
96 54 72 50 24 0.02 0.0 0.04 -0.09 0.05 -0.03
97 51 72 59 24 0.03 -0.02 0.03 -0.03 0.13 -0.01
98 43 71 66 24 0.03 -0.03 0.01 -0.03 0.16 0.11
99 42 71 68 23 0.02 -0.02 0.0 -0.01 0.17 0.08
100 38 70 65 24 0.01 0.0 -0.01 -0.03 0.14 0.05
101 51 70 61 24 0.01 -0.0 -0.04 -0.07 0.07 -0.03
102 53 72 60 24 0.02 -0.02 -0.04 -0.05 0.03 -0.05
103 48 72 58 23 0.03 -0.05 -0.04 0.01 0.07 0.0
104 47 73 56 24 0.05 -0.06 -0.04 0.1 0.04 0.01
105 40 73 55 23 0.05 -0.06 -0.04 0.06 0.05 0.01
106 35 72 54 24 0.06 -0.07 -0.05 -0.1 0.05 -0.01
107 32 72 53 23 0.07 -0.11 -0.05 -0.03 0.01 -0.03
108 59 72 52 23 0.07 -0.12 -0.05 0.0 0.04 -0.04
109 52 73 51 24 0.08 -0.14 -0.05 0.03 0.04 -0.03
110 49 72 51 23 0.09 -0.11 -0.07 -0.01 0.11 0.0
111 43 72 50 24 0.1 -0.1 -0.07 -0.02 0.12 -0.03
112 39 72 50 23 0.1 -0.11 -0.09 -0.03 0.11 0.02
113 38 72 49 24 0.1 -0.13 -0.09 -0.07 0.13 0.0
114 32 71 48 23 0.09 -0.14 -0.1 0.0 0.1 0.0
115 36 72 48 23 0.09 -0.15 -0.11 0.0 0.1 0.05
116 52 74 49 23 0.08 -0.15 -0.11 0.0 0.11 0.0
117 55 73 48 23 0.08 -0.15 -0.11 0.03 0.11 0.0
118 47 72 49 23 0.05 -0.17 -0.11 0.09 0.1 0.07
119 45 73 50 23 0.03 -0.15 -0.11 0.02 0.08 0.03
120 39 73 82 26 0.02 -0.15 -0.11 0.03 0.1 0.01
121 36 73 95 23 0.0 -0.15 -0.1 -0.05 0.06 0.01
122 31 73 95 23 -0.02 -0.16 -0.08 -0.01 0.11 0.02
123 31 72 89 23 -0.02 -0.16 -0.07 0.04 0.23 0.08
124 28 73 84 24 -0.04 -0.14 -0.05 0.05 0.2 0.06
125 26 72 82 23 -0.07 -0.13 -0.06 0.05 0.18 0.02
126 26 72 78 23 -0.08 -0.13 -0.06 -0.07 0.15 -0.01
127 26 72 77 23 -0.09 -0.14 -0.06 0.0 0.09 -0.03
128 26 72 74 23 -0.1 -0.17 -0.04 0.1 0.01 0.04
129 27 73 68 23 -0.11 -0.18 -0.03 0.18 -0.01 0.04
-200 -200 -200 -200 -200 -200 -200 -200 -200 -200 -200
130 26 72 74 23 -0.13 -0.15 -0.0 0.22 -0.04 0.06
131 24 72 74 24 -0.12 -0.08 0.0 0.14 0.03 0.07
132 45 72 69 24 -0.12 -0.05 0.0 0.14 -0.01 0.05
133 50 72 68 24 -0.12 -0.02 0.01 0.08 0.04 -0.03
134 44 70 66 23 -0.1 -0.0 -0.01 -0.04 0.08 0.03
135 38 71 65 23 -0.09 -0.01 -0.01 -0.05 0.12 0.0
136 39 73 63 24 -0.08 -0.02 -0.02 -0.11 0.03 -0.08
137 34 73 61 24 -0.06 -0.05 -0.03 -0.11 0.03 -0.02
138 34 74 59 24 -0.06 -0.07 -0.04 -0.09 -0.01 -0.06
139 31 75 59 23 -0.04 -0.09 -0.05 -0.04 0.0 -0.06
140 27 75 61 23 -0.02 -0.1 -0.05 0.01 0.05 0.01
141 25 76 62 23 -0.02 -0.1 -0.05 0.03 0.05 0.0
142 25 76 59 24 -0.01 -0.09 -0.05 0.11 0.07 0.05
143 25 77 57 23 -0.01 -0.08 -0.05 0.06 0.06 0.03
144 28 77 55 23 -0.02 -0.06 -0.05 0.04 0.12 0.0
145 27 77 55 23 -0.01 -0.05 -0.04 0.03 0.14 0.0
146 27 78 56 23 -0.01 -0.05 -0.04 0.01 0.12 0.0
147 24 78 56 23 -0.01 -0.05 -0.04 0.02 0.03 0.0
148 23 78 56 23 0.0 -0.04 -0.04 0.02 0.01 -0.01
149 22 77 55 23 0.01 -0.03 -0.04 0.0 0.04 0.0
150 24 78 54 23 0.01 -0.02 -0.04 0.01 0.05 0.01
151 26 79 53 23 0.02 -0.01 -0.04 0.0 0.05 0.0
152 24 80 53 23 0.03 -0.0 -0.05 0.04 0.08 0.04
153 24 80 53 23 0.03 0.03 -0.05 0.05 0.12 0.06
154 23 79 54 30 0.04 0.1 -0.07 0.17 0.15 0.15
155 21 79 56 36 0.04 0.16 -0.09 0.48 0.12 0.32
156 21 78 53 34 0.04 0.38 -0.11 0.46 0.0 0.17
157 20 82 53 32 0.05 0.58 -0.13 0.19 -0.03 0.13
158 19 82 52 31 0.06 0.7 -0.15 -0.13 0.0 0.06
159 22 80 52 32 0.06 0.74 -0.15 -0.02 0.08 0.1
160 25 82 52 31 0.05 0.77 -0.13 0.02 0.19 0.2
161 26 87 52 32 -0.01 0.74 -0.11 0.18 0.35 0.42
162 27 104 57 95 -0.06 0.76 -0.08 0.31 0.33 0.49
163 37 124 57 86 -0.27 0.82 -0.03 0.34 0.2 0.79
164 46 155 56 78 -0.39 1.25 -0.0 0.92 -0.18 0.41
165 44 175 54 66 -0.26 1.69 -0.04 0.74 -0.19 0.22
166 39 190 53 63 0.12 2.33 -0.08 0.09 0.0 0.26
167 39 222 52 58 0.5 2.71 -0.14 -0.07 0.01 0.72
168 34 288 53 50 0.63 2.9 -0.18 0.07 -0.11 0.75
169 40 288 51 44 0.76 3.01 -0.15 0.22 -0.22 1.35
170 37 316 62 41 0.96 3.2 -0.1 -1.06 -0.12 0.9
171 49 319 64 38 1.21 3.53 -0.11 -1.85 -0.72 1.14
172 51 369 68 37 1.46 4.62 -0.1 -0.9 0.3 0.56
173 50 383 75 34 1.67 5.55 0.02 -2.16 0.9 0.87
174 49 444 74 34 1.73 5.84 0.08 -1.99 0.86 1.09
175 73 513 73 34 1.54 5.8 0.19 -1.39 0.96 1.19
176 73 564 87 32 1.44 5.42 0.29 -0.66 0.91 0.51
177 89 619 92 33 1.48 5.22 0.31 -0.41 0.71 -1.12
178 78 561 91 31 1.32 5.01 0.38 0.4 0.91 -0.75
179 73 602 84 29 1.03 5.23 0.42 -0.1 0.49 0.51
180 77 549 77 32 0.9 5.36 0.45 0.2 0.56 0.72
181 93 677 74 33 0.65 5.39 0.51 1.08 0.61 -0.53
182 84 666 83 35 0.56 5.21 0.56 0.95 0.56 -0.59
183 73 598 92 37 0.55 4.98 0.53 1.45 0.42 -0.44
184 72 639 90 35 0.42 4.64 0.5 2.01 0.12 -0.07
185 73 605 84 33 0.38 4.46 0.46 1.75 0.05 0.13
186 75 582 84 34 0.32 4.01 0.38 1.53 -0.21 -0.34
187 79 545 90 36 0.28 3.65 0.28 1.18 -0.43 -0.46
188 78 501 96 36 0.22 3.23 0.25 1.44 -0.56 -0.5
189 89 534 119 42 0.2 2.99 0.25 1.47 -0.51 -0.4
190 98 526 115 45 0.24 2.55 0.25 1.44 -0.69 0.15
191 117 559 121 56 0.3 2.39 0.23 0.79 -0.57 0.1
192 131 565 130 55 0.28 1.86 0.29 0.81 -0.52 0.09
193 138 527 141 56 0.29 1.54 0.25 0.95 -0.59 0.38
194 161 541 153 58 0.31 1.48 0.23 0.43 -0.81 0.35
195 176 552 166 60 0.3 1.44 0.2 0.69 -0.79 0.11
196 200 528 180 70 0.32 1.48 0.23 0.84 -0.83 0.41
197 207 524 193 67 0.32 1.55 0.19 0.11 -0.69 0.48
198 241 524 210 76 0.36 1.51 0.26 0.16 -0.75 0.57
199 245 583 225 78 0.39 1.4 0.28 0.36 -0.48 0.32
200 278 546 241 94 0.38 1.4 0.3 -0.2 -0.47 0.17
201 299 530 263 97 0.37 1.33 0.27 -0.05 -0.57 0.14
202 318 544 295 106 0.43 1.19 0.28 0.09 -0.43 0.54
203 331 599 297 110 0.45 1.21 0.25 0.24 -0.46 0.73
204 355 563 314 120 0.41 1.23 0.26 0.09 -0.46 0.73
205 363 508 324 127 0.32 1.02 0.28 -0.23 -0.65 0.38
206 378 536 349 140 0.29 0.81 0.28 -0.3 -0.59 0.01
207 387 536 375 145 0.22 0.39 0.26 -0.01 -0.46 0.2
208 401 488 385 160 0.16 0.19 0.24 -0.06 -0.38 0.45
209 419 454 393 180 0.14 0.16 0.22 0.2 -0.32 0.43
210 429 435 405 195 0.07 0.13 0.19 0.11 -0.32 0.41
211 432 400 417 199 -0.02 0.15 0.14 -0.45 -0.38 0.41
212 437 421 409 194 -0.08 0.19 0.13 -0.36 -0.36 0.2
213 439 359 434 224 -0.17 0.3 0.14 -0.27 -0.43 0.06
214 439 319 422 202 -0.2 0.49 0.18 -0.05 -0.57 -0.1
215 433 292 469 194 -0.24 0.53 0.19 0.71 -0.31 0.22
216 422 259 470 184 -0.35 0.54 0.21 0.73 -0.39 0.6
217 392 264 520 214 -0.64 0.63 0.17 1.42 -0.2 2.21
218 409 288 518 235 -0.76 0.61 0.1 0.9 0.74 -0.69
219 406 285 505 221 -1.02 0.59 -0.02 -0.14 -0.15 -3.24
220 419 276 464 194 -1.26 0.24 0.08 -2.69 -0.11 -6.95
221 401 263 486 195 -1.26 -0.06 0.23 -2.87 -3.5 -3.19
222 383 252 478 238 -1.56 -0.58 0.6 -2.94 -0.32 -2.53
223 368 254 488 247 -1.48 -0.94 0.66 2.19 -1.18 3.76
224 359 258 483 267 -0.95 -1.11 0.17 1.8 5.05 5.35
225 335 243 477 276 -0.95 -0.74 0.14 0.69 -1.14 0.43
226 336 256 454 263 -1.11 -0.79 0.02 2.83 -0.44 0.57
227 325 261 444 274 -0.87 -1.51 -0.22 1.0 -0.3 0.9
228 311 263 425 272 -0.66 -1.38 -0.23 1.05 -0.14 1.24
229 296 259 407 270 -0.49 -1.04 -0.24 0.42 -0.26 1.59
230 291 261 392 273 -0.36 -1.01 -0.24 0.31 0.06 1.94
231 270 260 357 281 -0.25 -0.98 -0.21 0.42 0.05 1.84
232 260 258 355 281 -0.09 -0.74 -0.16 0.9 -0.11 1.86
233 244 251 341 295 -0.06 -0.59 -0.17 1.1 -0.23 1.41
234 236 252 333 277 -0.03 -0.29 -0.23 1.03 -0.37 1.13
235 225 248 312 265 0.05 -0.26 -0.29 0.58 -0.43 0.6
236 223 246 301 264 0.08 -0.32 -0.31 0.34 -0.34 0.68
237 218 243 287 266 0.08 -0.36 -0.35 0.35 -0.32 0.61
238 212 239 288 270 0.04 -0.39 -0.38 0.3 -0.23 0.39
239 209 228 275 269 0.01 -0.39 -0.39 0.1 -0.18 0.3
240 202 228 265 268 -0.02 -0.34 -0.38 0.04 -0.2 0.18
241 198 229 266 261 -0.01 -0.2 -0.33 -0.16 -0.02 -0.02
242 190 226 253 265 -0.0 -0.15 -0.3 -0.44 0.12 0.13
243 183 219 253 260 0.03 -0.09 -0.24 -0.4 0.23 0.38
244 182 208 248 271 0.01 -0.12 -0.2 -0.33 0.19 0.22
245 175 211 244 257 -0.0 -0.13 -0.19 -0.16 0.14 -0.04
246 173 210 233 247 -0.03 -0.15 -0.16 -0.2 0.09 -0.14
247 173 208 233 256 -0.04 -0.18 -0.14 -0.29 0.1 0.12
-100 -100 -100 -100 -100 -100 -100 -100 -100 -100 -100
248 169 206 228 265 -0.02 -0.18 -0.12 -0.18 0.19 0.35
249 167 210 227 271 -0.03 -0.11 -0.1 -0.22 0.23 0.29
250 161 209 222 269 -0.02 -0.02 -0.08 -0.21 0.24 0.27
251 155 204 210 271 -0.02 0.0 -0.08 -0.28 0.24 0.24
252 158 207 211 271 -0.01 -0.04 -0.07 -0.17 0.27 0.28
253 154 204 208 269 -0.02 -0.08 -0.05 -0.12 0.12 0.07
254 155 199 199 274 -0.02 -0.1 -0.04 -0.06 0.11 0.3
255 148 199 201 272 -0.04 -0.1 -0.03 0.07 0.08 0.15
256 140 194 198 271 -0.05 -0.06 -0.03 0.13 0.07 0.1
257 138 192 190 271 -0.05 -0.03 -0.03 0.09 0.03 0.13
258 138 188 198 271 -0.04 -0.05 -0.03 0.07 0.02 0.19
259 135 186 189 272 -0.03 -0.09 -0.03 0.15 -0.05 0.27
260 128 182 190 280 -0.03 -0.1 -0.03 0.32 -0.12 0.47
261 123 179 189 273 -0.04 -0.07 -0.03 0.36 -0.14 0.42
262 118 175 187 268 -0.04 -0.02 -0.03 0.27 -0.17 0.28
263 119 174 187 264 -0.04 -0.01 -0.03 0.23 -0.16 0.24
264 112 168 184 256 -0.01 -0.01 -0.03 0.19 -0.17 0.29
265 106 165 188 262 0.0 -0.01 -0.04 0.18 -0.17 0.52
266 105 162 185 270 0.0 -0.03 -0.04 0.15 -0.09 0.49
267 103 164 178 264 -0.01 -0.08 -0.04 0.17 -0.12 0.39
268 101 161 172 258 -0.0 -0.12 -0.06 0.09 -0.13 0.24
269 96 158 172 258 0.01 -0.11 -0.06 0.22 -0.14 0.19
270 95 155 172 254 0.01 -0.01 -0.04 0.06 -0.12 0.25
271 93 152 170 252 0.03 0.01 -0.04 -0.09 -0.07 0.3
272 88 148 171 246 0.04 0.01 -0.03 0.0 -0.11 0.35
273 86 144 167 243 0.03 0.01 -0.02 -0.02 -0.11 0.33
274 81 140 164 244 0.03 -0.03 -0.02 0.0 -0.12 0.43
275 77 136 162 233 0.02 -0.06 -0.01 0.04 -0.1 0.39
276 71 133 159 224 0.01 -0.1 -0.03 0.18 -0.11 0.34
277 69 131 160 224 0.01 -0.11 -0.05 0.25 -0.13 0.33
278 65 128 159 212 0.02 -0.11 -0.06 0.25 -0.15 0.32
279 58 125 167 210 0.03 -0.1 -0.08 0.28 -0.15 0.39
280 56 122 165 204 0.03 -0.12 -0.09 0.14 -0.07 0.49
281 52 118 160 203 0.02 -0.15 -0.09 0.09 -0.1 0.44
282 50 116 159 192 0.02 -0.21 -0.1 0.06 -0.08 0.29
283 48 114 154 190 0.01 -0.23 -0.09 0.25 -0.14 0.2
284 47 113 162 186 0.01 -0.19 -0.09 0.25 -0.15 0.13
285 45 109 155 176 -0.0 -0.14 -0.1 0.18 -0.12 0.23
286 40 109 152 177 -0.01 -0.16 -0.1 0.09 -0.07 0.31
287 42 105 143 170 -0.01 -0.19 -0.11 0.09 -0.09 0.27
288 38 102 142 162 -0.01 -0.22 -0.12 0.49 0.06 0.07
289 38 99 133 152 -0.02 -0.25 -0.12 0.17 -0.31 0.11
290 36 97 129 152 -0.03 -0.2 -0.11 -0.11 0.06 0.11
291 35 95 133 159 -0.03 -0.22 -0.12 -0.21 0.0 0.27
292 32 94 130 150 -0.05 -0.17 -0.1 0.09 0.02 0.33
293 29 89 128 145 -0.06 -0.21 -0.09 -0.07 0.02 0.37
294 28 86 126 131 -0.06 -0.29 -0.08 -0.07 -0.11 0.31
295 27 86 126 132 -0.07 -0.38 -0.06 0.06 -0.03 0.31
296 25 93 130 124 -0.07 -0.4 -0.06 0.13 -0.08 0.23
297 26 134 122 117 -0.1 -0.53 -0.07 -0.03 -0.1 0.22
298 28 151 116 118 -0.09 -0.81 -0.1 0.4 -0.07 0.16
299 29 145 114 124 -0.1 -0.87 -0.13 -0.19 -0.37 0.34
300 30 132 113 114 -0.11 -1.02 -0.15 0.33 -0.03 0.09
301 27 123 109 113 -0.12 -0.57 -0.15 0.84 0.16 -0.15
302 24 113 111 107 -0.13 -0.26 -0.14 0.69 0.2 -0.08
303 23 106 102 103 -0.13 0.05 -0.14 0.02 0.22 0.18
304 22 101 99 100 -0.11 0.01 -0.12 -0.26 0.14 0.44
305 24 97 105 97 -0.1 -0.04 -0.09 -0.12 0.13 0.43
306 23 94 103 91 -0.09 -0.04 -0.04 0.32 0.12 0.19
307 21 90 99 84 -0.09 0.01 -0.02 0.3 0.04 0.24
308 20 86 91 75 -0.09 0.01 -0.03 0.27 -0.06 0.36
309 20 107 96 69 -0.09 -0.05 -0.03 0.23 -0.17 0.4
310 19 108 91 66 -0.1 -0.17 -0.05 0.37 -0.25 0.53
311 19 123 86 61 -0.11 -0.27 -0.06 0.32 -0.3 0.52
312 19 142 86 64 -0.11 -0.49 -0.09 0.44 -0.34 0.5
313 26 155 81 56 -0.11 -0.81 -0.15 0.21 -0.34 0.57
314 24 145 77 53 -0.11 -1.04 -0.19 0.12 -0.37 0.61
315 24 137 74 49 -0.1 -1.57 -0.28 -0.03 -0.52 0.68
316 22 125 78 46 -0.11 -2.05 -0.35 0.1 -0.48 0.65
317 28 155 81 42 -0.1 -2.24 -0.37 0.22 -0.44 0.55
318 27 140 81 40 -0.12 -2.59 -0.43 0.13 -0.38 0.51
319 31 142 82 40 -0.11 -3.07 -0.49 -0.08 -0.44 0.71
320 30 161 77 38 -0.11 -3.34 -0.51 0.02 -0.42 0.59
321 28 155 84 34 -0.11 -3.87 -0.55 0.2 -0.46 0.22
322 34 146 81 35 -0.11 -4.38 -0.61 0.1 -0.52 -0.1
323 39 147 82 30 -0.13 -4.55 -0.66 0.61 -0.41 -0.29
324 39 136 82 29 -0.21 -4.53 -0.73 1.2 -0.31 -0.38
325 36 124 82 29 -0.33 -4.35 -0.79 1.12 -0.18 -0.5
326 37 113 84 26 -0.4 -4.26 -0.81 1.1 -0.01 -0.51
327 41 103 87 26 -0.52 -4.01 -0.9 0.97 0.1 -0.58
328 37 99 89 25 -0.7 -3.72 -0.97 0.97 0.11 -0.86
329 36 94 91 25 -0.78 -3.66 -1.0 1.0 -0.06 -0.76
330 36 89 93 25 -0.92 -3.55 -1.05 1.06 0.01 -1.01
331 36 86 97 25 -1.01 -3.23 -1.06 0.78 -0.22 -0.84
332 35 83 100 25 -1.02 -3.06 -0.94 1.29 0.41 -0.85
333 36 82 102 25 -1.2 -2.54 -0.98 0.83 0.07 -0.62
334 34 86 103 25 -1.25 -2.15 -0.89 0.47 0.08 -0.47
335 36 84 106 25 -1.24 -1.98 -0.85 0.4 0.09 -0.37
336 36 83 107 25 -1.2 -1.7 -0.75 0.06 0.09 -0.07
337 35 81 107 26 -1.16 -1.53 -0.63 -0.1 0.09 -0.04
338 34 80 108 25 -1.12 -1.46 -0.58 0.05 0.09 0.1
339 32 79 107 26 -1.05 -1.32 -0.5 -0.03 0.27 0.4
340 34 79 108 25 -0.99 -1.16 -0.39 -0.28 -0.42 0.77
341 32 80 107 26 -0.83 -1.14 -0.26 0.71 0.78 0.86
342 31 77 107 26 -0.67 -0.94 -0.3 -0.16 -0.36 0.82
343 46 78 106 25 -0.55 -0.55 -0.22 -0.36 0.46 0.62
344 45 76 104 24 -0.39 -0.51 -0.06 -3.7 -1.52 1.93
345 43 75 102 24 0.21 -1.74 0.23 -5.12 -0.3 4.0
346 40 74 101 25 0.41 -1.14 0.28 2.04 0.67 1.69
347 39 73 101 25 0.44 -0.18 0.19 1.62 0.77 0.4
348 35 73 101 24 0.49 0.36 0.06 0.81 0.79 -0.03
349 34 75 100 25 0.26 -0.03 -0.01 -0.26 0.24 0.17
350 31 77 98 25 0.21 -0.27 -0.01 -0.33 0.27 0.23
351 30 79 98 25 0.06 -0.69 0.02 -0.58 0.0 0.13
352 31 79 96 25 0.04 -1.01 0.04 -0.41 -0.13 -0.12
353 31 80 93 25 0.06 -1.06 0.04 -0.41 -0.04 -0.1
354 39 82 93 25 0.02 -1.1 0.07 -0.46 -0.01 0.1
355 38 83 92 26 -0.03 -1.11 0.11 -0.33 0.21 0.21
356 40 85 91 25 -0.04 -1.09 0.1 -0.3 0.23 0.21
357 41 85 91 25 -0.05 -1.12 0.11 -0.01 0.27 0.11
358 40 84 90 25 -0.04 -1.13 0.09 0.12 0.32 0.11
359 41 85 90 26 -0.05 -1.1 0.08 0.06 0.24 0.18
360 43 85 88 26 -0.02 -0.97 0.06 0.11 0.19 0.22
361 44 86 88 26 0.02 -0.78 0.03 0.21 0.2 0.3
362 46 86 87 26 0.03 -0.65 0.02 0.26 0.19 0.3
363 47 84 87 25 0.08 -0.4 -0.01 0.44 0.2 0.29
364 49 85 87 27 0.14 -0.19 -0.04 0.49 0.18 0.34
365 53 84 86 27 0.15 -0.1 -0.06 0.33 0.29 0.29
366 51 82 84 27 0.05 0.05 -0.03 0.05 0.13 0.19
367 54 82 83 27 0.1 0.14 -0.03 0.08 0.17 0.14
368 54 81 82 28 0.12 0.19 -0.04 0.02 0.14 0.08
369 57 82 81 27 0.07 0.27 -0.02 0.02 0.11 0.04
370 61 82 79 28 0.07 0.26 -0.01 0.06 0.12 0.08
371 63 82 78 28 0.07 0.24 -0.01 0.02 0.12 0.1
372 68 83 77 29 0.02 0.2 0.02 0.02 0.04 0.04
373 67 84 77 28 0.02 0.16 0.03 -0.07 0.04 -0.06
374 73 86 77 28 0.03 0.14 0.03 -0.11 0.05 -0.04
375 77 89 76 29 0.03 0.1 0.05 -0.12 0.11 -0.04
376 80 91 76 29 0.02 0.04 0.04 -0.04 0.16 -0.03
377 84 94 77 30 0.02 0.03 0.04 -0.1 0.21 0.03
378 85 96 77 29 0.03 0.02 0.04 -0.19 0.19 -0.03
379 87 99 77 29 0.01 -0.01 0.02 -0.16 0.19 0.06
380 87 100 76 28 0.02 -0.01 0.02 -0.16 0.23 0.02
381 87 100 77 29 0.02 -0.02 0.01 -0.07 0.17 0.04
382 88 100 77 28 0.02 -0.03 0.01 0.0 0.15 0.01
383 89 101 77 28 0.02 -0.03 0.0 0.0 0.13 0.05
384 92 101 77 28 0.01 -0.04 -0.01 -0.03 0.1 0.03
385 94 101 78 27 0.02 -0.03 -0.0 -0.05 0.11 0.03
386 96 101 78 28 0.02 -0.02 0.0 -0.03 0.11 0.06
387 97 102 78 27 0.01 -0.02 -0.0 -0.01 0.1 0.04
388 99 102 79 27 0.01 -0.02 0.0 -0.03 0.09 0.06
389 99 102 80 27 0.01 -0.02 0.0 -0.01 0.05 0.03
-200 -200 -200 -200 -200 -200 -200 -200 -200 -200 -200
390 100 104 80 27 0.02 0.0 0.01 0.0 0.06 0.01
391 100 106 81 27 0.03 0.01 0.02 -0.03 0.03 0.04
392 100 107 81 28 0.03 0.02 0.02 -0.03 0.03 0.04
393 100 108 82 28 0.04 0.04 0.03 -0.03 0.05 -0.04
394 103 110 82 29 0.05 0.04 0.03 -0.04 0.1 -0.01
395 102 111 83 29 0.06 0.03 0.03 -0.05 0.1 -0.02
396 102 112 85 29 0.06 0.01 0.02 -0.01 0.22 -0.01
397 102 113 86 29 0.04 -0.02 -0.01 0.06 0.14 0.15
398 103 114 87 31 0.03 -0.01 -0.01 -0.16 0.24 0.05
399 103 112 89 30 0.04 -0.01 -0.01 -0.05 0.17 0.09
400 102 112 90 30 0.02 -0.01 -0.02 0.01 0.12 0.06
401 102 112 90 31 0.01 -0.01 -0.02 0.04 0.1 0.08
402 103 112 92 32 -0.01 -0.03 -0.03 -0.01 0.08 0.04
403 103 112 92 32 -0.01 -0.03 -0.03 0.01 0.08 0.07
404 102 111 93 31 -0.02 -0.03 -0.03 -0.02 0.05 0.08
405 102 111 94 32 -0.03 -0.02 -0.01 0.04 0.09 0.07
406 105 110 96 32 -0.04 -0.01 -0.0 0.0 0.1 0.1
407 106 112 96 37 -0.05 -0.01 0.0 -0.03 0.12 0.1
408 106 111 96 39 -0.07 -0.01 0.01 -0.1 0.15 0.07
409 104 110 96 37 -0.1 -0.02 0.02 0.0 0.19 0.3
410 106 110 96 54 -0.13 -0.02 0.02 0.04 0.2 0.34
411 107 112 97 54 -0.19 0.0 0.01 0.05 0.22 0.42
412 112 130 98 58 -0.26 0.08 0.0 0.26 0.27 0.82
413 121 139 96 54 -0.28 0.19 -0.01 0.16 0.32 0.99
414 121 160 98 55 -0.33 0.5 -0.05 -0.14 0.29 1.17
415 129 193 102 92 -0.25 0.86 -0.12 -0.51 0.27 1.19
416 131 206 102 92 -0.13 1.04 -0.12 -0.8 0.31 0.93
417 154 336 103 106 0.22 1.22 -0.18 -0.49 0.12 1.03
418 143 374 104 100 0.47 1.3 -0.16 -0.39 -0.03 0.67
419 143 375 105 93 0.55 1.35 -0.16 -0.26 0.33 0.45
420 141 353 105 84 0.77 1.76 -0.15 -0.78 -0.84 1.24
421 143 378 105 85 1.21 2.18 0.02 -0.38 0.26 1.61
422 153 414 109 90 1.21 2.55 0.09 -0.37 0.11 1.54
423 154 387 115 99 1.45 3.59 0.3 -0.94 0.34 0.92
424 155 430 128 90 1.74 4.43 0.41 -0.88 0.39 0.89
425 163 509 125 100 1.84 4.74 0.48 -0.95 0.39 1.09
426 190 649 124 105 1.88 5.19 0.62 -0.59 0.7 1.47
427 187 795 120 107 1.78 5.61 0.76 -0.68 0.6 1.06
428 172 787 119 104 1.66 5.8 0.84 -0.72 0.52 -0.08
429 168 817 125 105 1.43 6.08 1.02 0.16 0.73 -0.03
430 167 966 121 99 1.09 6.32 1.13 0.91 0.67 -0.13
431 162 967 122 98 1.01 6.43 1.14 0.79 0.61 0.02
432 149 966 123 91 0.89 6.35 1.1 1.14 0.35 -0.44
433 136 909 122 81 0.78 6.24 1.1 1.55 0.14 0.08
434 121 828 117 71 0.54 5.85 1.04 1.41 0.17 0.68
435 104 784 115 65 0.52 5.07 0.99 1.51 -0.27 0.21
436 94 691 106 63 0.53 4.61 0.97 1.24 -0.61 0.25
437 84 670 101 61 0.56 3.71 0.87 1.69 -0.71 0.45
438 86 656 97 62 0.61 2.95 0.72 1.98 -0.86 0.2
439 82 619 98 59 0.64 2.69 0.66 1.8 -0.94 -0.19
440 95 624 93 56 0.65 2.27 0.51 1.19 -1.14 0.28
441 95 693 95 56 0.71 1.93 0.38 1.16 -1.03 1.15
442 91 650 101 51 0.7 1.84 0.35 1.02 -0.95 1.09
443 96 637 101 52 0.65 1.63 0.3 1.01 -0.86 1.08
444 94 657 102 49 0.64 1.5 0.27 0.73 -0.85 0.72
445 95 591 113 47 0.64 1.49 0.27 0.4 -1.0 0.63
446 102 643 126 45 0.61 1.35 0.25 0.43 -1.04 0.56
447 115 618 134 46 0.58 1.12 0.25 0.52 -0.96 0.48
448 115 568 143 43 0.54 1.02 0.24 0.35 -0.82 0.59
449 126 523 153 40 0.45 0.8 0.21 0.38 -0.84 0.69
450 134 475 165 37 0.33 0.71 0.2 0.17 -0.74 0.47
451 141 455 178 34 0.27 0.7 0.19 0.21 -0.68 0.27
452 151 447 186 35 0.14 0.67 0.17 0.16 -0.65 0.28
453 152 373 193 31 0.03 0.66 0.16 0.27 -0.57 0.04
454 155 332 183 31 -0.03 0.68 0.16 0.13 -0.6 0.15
455 161 290 174 57 -0.17 0.68 0.17 0.11 -0.6 0.37
456 144 408 382 173 -0.38 0.64 0.17 1.14 -0.62 0.8
457 154 380 480 207 -0.46 0.73 0.16 1.25 -0.3 0.43
458 139 351 599 241 -0.62 0.96 0.14 2.02 -0.55 0.09
459 143 310 572 210 -0.48 0.45 -0.02 0.94 1.56 0.15
460 145 276 542 203 -0.67 -0.0 0.12 -4.91 1.06 -5.97
461 131 278 508 193 -0.97 -0.52 0.57 -4.17 -0.33 -5.79
462 137 257 467 174 -1.6 -1.26 1.07 -2.28 -1.55 -6.39
463 128 240 436 145 -1.68 -1.52 0.97 2.28 -3.29 4.79
464 122 250 400 128 -1.14 -1.38 0.25 2.7 9.72 6.18
465 121 253 372 128 -1.13 -1.06 0.38 -1.88 0.83 -0.19
466 112 236 343 120 -1.34 -0.91 0.23 2.66 0.31 0.38
467 103 228 314 102 -1.03 -1.71 -0.08 1.02 -0.31 0.16
468 92 212 289 87 -0.8 -1.58 -0.17 2.01 -0.2 0.76
469 83 198 273 79 -0.75 -1.28 -0.17 0.25 -0.15 1.89
470 70 187 237 72 -0.59 -0.69 -0.25 0.21 0.02 1.98
471 70 182 212 65 -0.46 -0.77 -0.19 0.03 0.16 1.65
472 61 174 200 66 -0.44 -0.88 -0.16 0.54 0.09 1.01
473 100 166 185 59 -0.39 -0.97 -0.16 0.75 0.15 0.79
474 96 161 173 58 -0.33 -0.77 -0.2 0.88 0.18 0.92
475 79 158 156 51 -0.31 -0.72 -0.22 0.47 0.13 0.45
476 70 158 146 54 -0.29 -0.92 -0.31 0.55 0.06 0.14
477 63 151 143 49 -0.28 -1.23 -0.42 0.77 -0.01 -0.39
478 60 140 139 47 -0.27 -1.27 -0.45 1.13 -0.06 -0.19
479 53 136 126 42 -0.28 -0.94 -0.48 0.96 -0.04 -0.12
480 49 140 116 50 -0.3 -0.43 -0.48 0.12 -0.11 0.16
481 48 140 122 47 -0.29 -0.36 -0.47 -0.36 0.01 0.3
482 43 139 126 50 -0.27 -0.44 -0.41 -0.25 0.0 0.14
483 39 137 124 47 -0.24 -0.44 -0.31 0.07 -0.06 0.18
484 40 132 112 41 -0.21 -0.38 -0.27 0.2 -0.05 0.1
485 41 126 110 37 -0.14 -0.21 -0.2 0.27 -0.02 0.19
486 39 127 115 38 -0.11 -0.03 -0.16 0.16 0.0 0.29
487 47 127 115 36 -0.09 -0.03 -0.15 0.28 -0.03 0.07
488 45 124 119 36 -0.08 -0.12 -0.14 0.35 -0.02 0.12
489 43 117 112 33 -0.07 -0.1 -0.15 0.53 -0.17 0.01
490 41 111 119 32 -0.06 -0.03 -0.15 0.18 -0.2 0.18
491 38 108 113 30 -0.06 0.08 -0.14 0.06 -0.18 0.12
492 36 103 114 28 -0.03 0.05 -0.12 0.25 -0.09 0.14
493 41 105 110 28 -0.04 0.09 -0.1 0.08 -0.14 0.19
494 40 101 112 26 -0.02 0.15 -0.09 0.08 -0.16 0.3
495 35 99 110 26 -0.02 0.11 -0.09 0.09 -0.1 0.31
496 36 95 104 26 -0.02 0.06 -0.09 0.19 -0.05 0.27
497 33 93 106 26 -0.02 -0.02 -0.11 0.28 -0.11 0.14
498 34 97 104 25 -0.0 -0.03 -0.12 0.27 -0.02 0.1
499 32 98 100 26 0.01 -0.02 -0.13 0.21 -0.02 0.22
500 30 100 101 26 0.01 0.01 -0.14 0.14 -0.03 0.18
501 31 101 103 26 0.01 0.03 -0.14 -0.09 -0.08 0.23
502 31 105 107 26 0.01 0.01 -0.13 -0.04 -0.13 0.21
503 35 106 105 27 0.0 -0.05 -0.12 -0.05 -0.15 0.15
-100 -100 -100 -100 -100 -100 -100 -100 -100 -100 -100
504 32 99 105 27 0.01 -0.06 -0.1 0.04 -0.1 0.03
505 35 98 99 27 0.02 -0.05 -0.09 0.04 -0.09 0.01
506 33 94 97 27 0.04 -0.04 -0.07 0.14 -0.03 0.3
507 34 100 97 26 0.03 -0.04 -0.07 0.07 -0.09 0.15
508 35 99 99 26 0.02 -0.05 -0.06 0.18 -0.15 0.12
509 33 97 100 25 0.0 -0.08 -0.06 0.11 -0.15 0.1
510 32 97 103 25 -0.01 -0.11 -0.05 0.1 -0.15 0.07
511 31 96 99 25 -0.01 -0.12 -0.06 0.2 -0.12 0.14
512 31 97 95 25 0.0 -0.12 -0.06 0.31 -0.12 0.18
513 29 94 97 25 -0.01 -0.08 -0.07 0.22 -0.16 0.11
514 29 95 97 25 -0.02 -0.08 -0.07 0.22 -0.22 0.2
515 28 94 99 25 -0.02 -0.13 -0.08 0.24 -0.31 0.18
516 28 96 109 25 -0.02 -0.21 -0.09 0.36 -0.29 0.08
517 29 96 119 25 -0.02 -0.25 -0.09 0.48 -0.33 0.15
518 31 95 114 24 -0.02 -0.28 -0.12 0.47 -0.3 0.24
519 31 93 116 24 -0.03 -0.37 -0.14 0.35 -0.33 0.33
520 36 94 121 24 -0.05 -0.47 -0.15 0.17 -0.28 0.42
521 37 92 114 24 -0.08 -0.76 -0.18 0.18 -0.29 0.38
522 37 104 111 25 -0.11 -1.1 -0.23 0.35 -0.22 0.26
523 38 98 110 24 -0.11 -1.24 -0.25 0.38 -0.21 0.27
524 38 97 105 24 -0.15 -1.38 -0.3 0.55 -0.17 0.18
525 41 95 103 24 -0.17 -1.43 -0.36 0.03 -0.39 0.06
526 41 93 101 24 -0.18 -1.46 -0.38 1.9 0.37 -0.07
527 42 93 106 24 -0.18 -1.24 -0.42 0.54 0.18 0.32
528 45 92 107 24 -0.2 -1.34 -0.49 0.32 0.07 0.28
529 48 97 108 24 -0.19 -1.39 -0.48 0.37 -0.02 0.12
530 48 138 117 24 -0.19 -1.36 -0.45 0.26 -0.06 0.06
531 46 141 118 24 -0.21 -1.29 -0.44 0.08 -0.17 0.26
532 47 126 126 24 -0.2 -1.31 -0.42 0.02 -0.27 0.18
533 48 123 118 25 -0.19 -1.45 -0.4 0.01 -0.22 0.16
534 51 124 122 25 -0.18 -1.57 -0.39 0.15 -0.01 0.11
535 55 121 125 25 -0.18 -1.6 -0.39 0.24 0.03 0.04
536 59 121 123 25 -0.2 -1.6 -0.4 0.25 0.02 0.14
537 60 122 124 26 -0.24 -1.66 -0.41 0.18 -0.06 0.1
538 63 129 126 28 -0.27 -1.73 -0.41 0.08 -0.11 0.29
539 67 123 127 27 -0.31 -1.98 -0.43 0.08 -0.06 0.22
540 79 172 130 32 -0.33 -2.31 -0.44 0.17 0.0 -0.05
541 76 160 131 31 -0.32 -2.5 -0.44 0.2 -0.18 -0.13
542 80 142 139 30 -0.32 -2.99 -0.46 0.35 -0.13 -0.28
543 83 130 134 30 -0.29 -3.42 -0.47 0.81 -0.11 -0.43
544 80 119 133 29 -0.31 -3.49 -0.49 1.13 0.03 -0.52
545 89 110 134 30 -0.44 -3.28 -0.51 1.2 0.0 -0.37
546 90 103 135 31 -0.59 -2.88 -0.58 1.06 -0.08 -0.68
547 91 98 136 30 -0.65 -2.72 -0.62 0.72 -0.09 -0.38
548 98 94 137 30 -0.77 -2.67 -0.71 0.65 -0.11 -0.29
549 99 90 139 30 -0.87 -2.84 -0.81 0.49 -0.31 -0.52
550 98 90 141 30 -0.83 -2.9 -0.78 1.25 -0.02 -0.98
551 94 86 142 31 -1.05 -2.59 -0.95 1.48 0.2 -1.02
552 98 91 142 32 -1.19 -2.2 -0.96 1.24 0.13 -0.27
553 101 93 144 36 -1.25 -2.04 -0.97 0.7 0.12 0.15
554 102 111 143 37 -1.3 -1.97 -0.94 0.54 0.14 0.16
555 98 110 144 49 -1.33 -2.1 -0.91 0.38 -0.09 -0.21
556 94 105 147 60 -1.3 -2.14 -0.89 0.96 -0.14 -0.56
557 96 104 146 57 -1.15 -1.91 -0.82 1.22 0.27 -0.26
558 91 105 147 53 -1.01 -1.34 -0.64 0.91 0.27 0.56
559 91 106 146 49 -0.89 -1.03 -0.58 0.41 0.08 1.06
560 88 105 143 48 -0.53 -0.5 -0.55 -0.13 -0.63 0.78
561 88 108 144 52 -0.33 -0.16 -0.53 -7.05 -0.48 4.73
562 89 107 142 50 -0.07 -0.14 -0.42 -9.33 -0.15 2.75
563 90 105 141 55 0.35 -2.85 0.04 -0.01 1.06 -0.6
564 90 104 142 58 0.49 -1.74 0.01 1.58 1.12 -0.16
565 89 103 141 56 0.51 -0.71 -0.03 -0.34 0.3 0.85
566 88 103 139 54 0.45 -0.57 -0.14 -0.1 0.61 0.61
567 82 101 138 57 0.03 -1.61 -0.12 0.27 0.21 0.18
568 78 99 136 62 -0.13 -1.88 -0.12 -0.82 -0.06 0.13
569 77 97 134 67 -0.18 -2.01 -0.11 -0.24 -0.33 0.1
570 81 97 131 71 -0.21 -1.95 0.03 0.21 -0.18 -0.17
571 73 95 129 75 -0.08 -1.8 -0.02 0.23 -0.13 0.26
572 74 97 126 77 -0.06 -1.56 0.03 0.54 0.02 0.31
573 71 96 124 83 0.05 -1.18 0.0 0.48 0.19 0.44
574 69 96 123 85 0.08 -0.96 0.01 0.55 0.23 0.41
575 67 93 121 87 0.14 -0.53 -0.0 0.52 0.25 0.37
576 70 95 120 90 0.13 -0.22 -0.02 0.44 0.29 0.37
577 69 96 119 88 0.13 -0.08 -0.04 0.1 0.29 0.21
578 68 97 116 88 0.1 0.1 -0.05 0.03 0.28 0.19
579 68 96 116 89 0.07 0.19 -0.05 -0.1 0.22 0.09
580 68 97 114 91 0.05 0.19 -0.05 -0.01 0.25 0.06
581 67 98 114 86 0.02 0.16 -0.04 -0.05 0.23 0.06
582 68 99 114 88 0.0 0.18 -0.04 -0.24 0.21 -0.01
583 70 101 114 90 -0.01 0.19 -0.04 -0.19 0.07 -0.05
584 69 100 113 94 -0.03 0.19 -0.03 -0.17 0.04 -0.06
585 70 102 113 94 -0.03 0.18 -0.02 -0.22 -0.06 -0.14
586 69 103 112 92 -0.03 0.17 -0.02 -0.33 0.05 -0.16
587 69 102 111 92 0.01 0.13 0.0 -0.34 0.1 -0.2
588 70 105 111 90 -0.01 0.08 0.02 -0.3 0.17 -0.16
589 71 103 109 90 -0.01 0.04 0.03 -0.21 0.21 -0.03
-200 -200 -200 -200 -200 -200 -200 -200 -200 -200 -200
590 73 102 108 92 0.01 -0.0 0.03 -0.24 0.24 -0.02
591 74 101 107 93 0.01 -0.03 0.02 -0.13 0.27 0.0
592 75 103 107 95 0.01 -0.03 0.01 -0.05 0.23 0.03
593 75 98 106 94 0.0 -0.02 0.02 -0.03 0.23 0.04
594 74 98 106 89 -0.01 -0.02 0.03 0.05 0.2 0.11
595 74 96 106 82 -0.02 -0.01 0.03 -0.03 0.14 0.03
596 75 95 107 79 -0.01 0.06 0.04 -0.16 0.07 -0.08
597 76 94 106 76 -0.01 0.07 0.03 -0.14 0.08 -0.07
598 77 92 107 69 0.0 0.07 0.03 -0.12 0.17 -0.01
599 77 92 107 66 -0.01 0.08 0.02 -0.09 0.13 -0.02
600 77 92 107 61 -0.01 0.07 0.03 -0.12 0.13 -0.01
601 75 91 108 56 -0.01 0.07 0.03 -0.09 0.15 0.01
602 76 91 108 52 -0.01 0.09 0.04 -0.12 0.14 -0.03
603 77 90 108 50 -0.0 0.1 0.04 -0.19 0.13 -0.11
604 76 89 109 45 0.01 0.09 0.03 -0.18 0.14 -0.06
605 74 88 109 43 0.02 0.08 0.02 -0.17 0.17 -0.02
606 72 86 109 42 0.02 0.07 0.0 -0.07 0.2 -0.09
607 70 86 109 40 0.01 0.03 -0.0 -0.15 0.16 -0.09
608 68 84 110 38 0.02 0.01 0.01 -0.22 0.11 -0.08
609 67 84 111 37 0.03 0.01 0.01 -0.12 0.12 -0.05
610 68 85 112 34 0.03 0.0 0.01 -0.1 0.14 -0.01
611 67 87 113 34 0.03 -0.01 -0.0 -0.12 0.14 0.0
612 71 83 113 34 0.03 -0.01 -0.0 -0.03 0.18 0.02
613 68 83 115 33 0.03 -0.02 -0.01 -0.13 0.16 0.0
614 69 85 115 32 0.02 -0.02 -0.01 -0.03 0.13 0.02
615 67 86 115 32 0.02 -0.02 -0.01 -0.07 0.09 0.0
616 67 86 117 31 0.02 -0.02 -0.01 -0.12 0.11 -0.03
617 67 88 117 32 0.02 0.0 -0.01 -0.08 0.13 0.01
618 68 88 118 32 0.01 -0.0 -0.01 -0.13 0.13 -0.02
619 66 89 119 31 0.01 -0.01 -0.01 -0.08 0.12 0.01
620 63 89 119 31 -0.01 -0.02 0.0 -0.08 0.11 0.01
621 60 91 121 31 -0.02 -0.03 0.01 -0.06 0.1 -0.05
622 59 90 122 30 -0.01 -0.02 0.01 -0.06 0.11 -0.01
623 59 90 119 30 -0.01 -0.01 0.01 -0.08 0.11 0.0
624 57 88 121 30 -0.0 -0.01 0.01 -0.09 0.12 -0.04
625 57 87 121 30 0.0 -0.01 0.01 -0.1 0.12 -0.02
626 55 83 120 29 0.01 0.01 0.0 -0.11 0.12 -0.01
627 53 83 120 29 0.02 0.02 -0.0 -0.09 0.13 -0.03
628 55 83 119 29 0.02 0.02 -0.0 -0.1 0.14 0.03
629 50 82 118 28 0.01 0.03 -0.01 -0.04 0.13 0.05
630 47 80 118 29 -0.01 0.04 -0.01 -0.04 0.15 0.02
631 48 82 116 28 -0.02 0.05 -0.02 -0.03 0.14 0.07
632 48 85 116 29 -0.04 0.07 -0.01 -0.03 0.13 0.09
633 52 86 117 30 -0.08 0.08 -0.0 0.08 0.09 0.23
634 52 95 118 42 -0.1 0.11 0.01 0.1 0.04 0.29
635 67 141 120 51 -0.08 0.32 0.03 0.14 0.03 0.32
636 77 176 119 54 -0.04 0.63 0.03 0.21 0.15 0.38
637 88 225 118 80 -0.0 0.84 0.02 0.27 0.16 0.43
638 77 287 118 76 0.22 1.33 -0.04 0.33 0.14 0.73
639 83 307 119 67 0.49 1.8 -0.1 0.67 0.08 1.29
640 95 406 123 76 0.52 2.03 -0.13 0.56 0.01 1.77
641 95 381 120 70 0.69 2.53 -0.17 -0.13 0.35 1.45
642 89 401 117 65 0.98 3.11 -0.18 -1.62 0.04 0.76
643 101 431 119 62 1.13 3.37 -0.13 -0.87 -0.09 0.85
644 97 439 119 55 1.41 4.15 0.07 -4.52 0.8 1.97
645 96 479 119 50 1.76 4.71 0.15 -2.03 0.0 1.92
646 96 616 127 48 1.84 5.01 0.19 -2.08 0.74 2.3
647 101 690 133 43 1.75 5.5 0.42 -1.57 0.87 2.22
648 95 658 130 40 1.56 5.74 0.58 -1.4 0.71 1.88
649 93 659 128 36 1.45 5.86 0.69 -1.05 0.82 1.13
650 89 635 126 34 1.12 6.01 0.85 -0.39 0.84 0.62
651 92 633 127 32 0.89 6.04 0.98 0.72 0.69 -0.27
652 77 554 123 30 0.83 5.99 0.97 1.24 0.49 -0.18
653 76 605 133 31 0.73 5.72 1.05 0.92 0.29 -0.65
654 74 579 124 32 0.51 5.16 1.05 0.9 0.25 -0.38
655 74 565 117 29 0.41 4.74 1.0 0.88 -0.02 -0.19
656 80 551 111 28 0.28 3.98 0.93 1.68 -0.02 -0.62
657 75 532 105 27 0.11 3.41 0.87 1.32 -0.12 -0.54
658 66 546 99 26 0.07 3.12 0.75 1.29 -0.63 -0.08
659 61 510 93 27 0.18 2.68 0.69 2.2 -0.42 -0.02
660 60 493 96 27 0.27 2.44 0.59 1.9 -0.55 0.02
661 63 475 93 25 0.28 2.33 0.53 1.85 -0.65 0.47
662 61 479 85 26 0.33 1.93 0.45 1.53 -0.9 1.25
663 61 487 83 25 0.34 1.59 0.39 1.33 -0.83 0.84
664 80 463 83 25 0.33 1.44 0.36 1.18 -0.94 0.65
665 81 494 92 26 0.31 1.25 0.28 1.26 -1.02 0.3
666 80 486 100 27 0.32 1.04 0.18 1.26 -1.0 0.24
667 92 490 100 31 0.31 0.92 0.14 1.19 -0.96 0.45
668 86 478 101 30 0.28 0.78 0.09 0.82 -0.99 0.97
669 89 467 105 29 0.21 0.82 0.09 0.36 -1.08 0.38
670 90 451 107 30 0.2 0.91 0.07 0.36 -1.0 0.24
671 93 435 120 30 0.2 1.02 0.07 0.51 -0.66 0.12
672 96 405 127 29 0.22 0.95 0.06 0.69 -0.55 0.26
673 102 411 133 31 0.22 0.9 0.07 0.6 -0.4 0.3
674 114 461 135 35 0.24 0.72 0.08 0.49 -0.48 0.24
675 124 443 141 33 0.23 0.62 0.09 0.45 -0.5 0.22
676 134 424 158 36 0.23 0.44 0.08 0.42 -0.47 0.16
677 133 401 160 40 0.19 0.33 0.06 0.17 -0.4 0.22
678 139 420 165 43 0.17 0.33 0.05 0.03 -0.2 0.33
679 152 472 174 41 0.15 0.32 0.07 0.3 -0.09 0.26
680 153 489 168 39 0.14 0.35 0.08 -0.08 -0.21 0.1
681 170 467 181 48 0.14 0.33 0.09 -0.16 -0.21 0.16
682 173 421 189 60 0.13 0.27 0.1 -0.09 -0.17 0.15
683 172 396 191 92 0.1 0.29 0.13 0.16 -0.12 0.03
684 179 365 194 79 0.07 0.35 0.14 0.21 -0.11 0.09
685 182 330 199 68 0.01 0.43 0.14 0.33 -0.21 0.03
686 183 286 196 58 -0.09 0.45 0.15 0.24 -0.27 -0.15
687 182 245 187 51 -0.14 0.43 0.16 -0.06 -0.23 0.07
688 190 213 220 50 -0.23 0.36 0.17 0.0 -0.34 0.68
689 175 263 278 56 -0.38 0.52 0.19 0.45 -0.27 1.24
690 174 269 344 64 -0.47 0.7 0.19 0.91 -0.12 1.04
691 175 278 421 113 -0.61 0.88 0.15 0.94 0.09 -0.04
692 183 258 446 153 -0.77 0.52 0.19 -0.28 0.15 -1.06
693 194 250 524 162 -0.81 0.23 0.26 -1.6 0.94 -1.76
694 174 241 489 162 -0.89 0.05 0.5 -1.37 1.58 -2.45
695 255 239 464 142 -1.4 -0.57 1.09 -4.47 -4.46 -8.21
696 226 237 421 120 -1.49 -0.87 0.95 2.25 -8.57 4.42
697 194 227 382 159 -0.7 -1.13 0.17 9.11 6.2 7.02
698 187 231 348 135 -0.88 -0.46 0.34 -2.13 0.65 -1.14
699 171 224 316 115 -0.95 -0.42 0.02 0.48 -0.65 -0.38
700 158 214 292 102 -0.62 -1.18 -0.15 1.36 -0.66 -0.8
701 148 207 277 98 -0.42 -0.6 -0.13 1.37 -0.37 0.62
702 138 198 256 89 -0.36 -0.35 -0.12 0.4 0.0 0.31
703 128 184 239 90 -0.14 -0.3 -0.17 -0.02 -0.47 0.89
704 113 175 233 102 -0.13 -0.06 -0.07 -0.17 0.03 0.81
705 104 180 216 94 -0.15 -0.11 -0.05 0.22 0.0 0.49
706 115 188 202 89 -0.14 -0.25 -0.03 0.32 -0.07 0.24
707 104 181 201 89 -0.14 -0.29 -0.06 0.64 -0.18 -0.08
708 107 171 194 90 -0.13 -0.26 -0.08 0.82 -0.12 -0.18
709 100 169 186 89 -0.12 -0.15 -0.12 0.49 -0.11 0.09
710 105 159 177 104 -0.15 -0.28 -0.17 0.41 -0.02 0.02
711 99 162 167 90 -0.16 -0.35 -0.19 0.37 -0.05 -0.05
712 92 163 161 91 -0.19 -0.33 -0.21 0.5 0.0 -0.01
713 90 159 162 87 -0.2 -0.2 -0.2 0.22 -0.01 0.28
714 82 156 157 88 -0.19 -0.13 -0.2 0.07 -0.03 0.35
715 82 149 146 89 -0.15 -0.1 -0.18 0.03 -0.04 0.36
716 77 143 141 95 -0.14 -0.14 -0.16 0.07 -0.07 0.35
717 66 137 148 99 -0.14 -0.15 -0.15 0.14 -0.16 0.18
718 64 132 147 93 -0.13 -0.18 -0.16 0.19 -0.22 0.34
719 71 131 143 100 -0.13 -0.24 -0.15 0.31 -0.23 0.43
720 65 125 135 104 -0.13 -0.25 -0.14 0.48 -0.25 0.41
721 58 127 140 114 -0.11 -0.22 -0.16 0.47 -0.29 0.3
722 53 122 137 104 -0.08 -0.14 -0.19 0.44 -0.28 0.18
723 48 120 128 101 -0.06 -0.14 -0.21 0.25 -0.25 0.43
724 43 114 124 103 -0.01 -0.2 -0.21 0.19 -0.28 0.36
725 42 113 127 103 0.04 -0.32 -0.22 0.28 -0.21 0.53
726 41 113 128 108 0.05 -0.34 -0.21 0.51 -0.25 0.16
727 36 108 135 116 0.06 -0.17 -0.16 0.32 -0.31 0.11
728 32 102 132 108 0.07 -0.09 -0.14 0.1 -0.34 0.21
729 32 101 126 104 0.07 -0.15 -0.14 0.0 -0.29 0.17
730 29 98 131 103 0.06 -0.39 -0.15 0.04 -0.31 0.09
731 27 96 132 103 0.05 -0.57 -0.17 0.45 -0.27 0.08
732 29 96 127 103 0.03 -0.55 -0.19 0.33 -0.28 0.25
733 34 93 124 99 -0.03 -0.55 -0.21 0.26 -0.28 0.3
734 33 120 121 94 -0.05 -0.78 -0.25 0.11 -0.3 0.29
735 29 139 116 105 -0.05 -0.94 -0.26 0.38 -0.34 0.07
-100 -100 -100 -100 -100 -100 -100 -100 -100 -100 -100
736 27 190 114 92 -0.05 -1.09 -0.27 0.59 -0.35 0.0
737 28 245 109 86 -0.05 -0.88 -0.28 0.79 -0.24 0.11
738 36 277 111 86 -0.04 -0.74 -0.3 0.17 -0.32 0.36
739 31 254 128 83 -0.03 -0.7 -0.33 -0.02 -0.35 0.42
740 30 255 120 79 0.02 -1.05 -0.36 -0.99 -1.11 0.81
741 28 233 106 79 0.04 -1.41 -0.3 -0.29 -0.63 0.69
742 33 199 111 82 0.01 -1.67 -0.38 0.53 0.03 0.26
743 30 179 105 74 -0.02 -1.58 -0.43 1.37 -0.04 -0.17
744 32 174 97 68 -0.07 -1.38 -0.45 0.99 -0.36 0.06
745 32 181 93 73 -0.14 -1.14 -0.51 0.83 -0.46 0.23
746 33 202 97 71 -0.19 -1.38 -0.57 0.05 -0.62 0.5
747 29 193 107 70 -0.21 -1.71 -0.62 -0.15 -0.61 0.26
748 30 173 105 65 -0.23 -2.69 -0.72 -0.2 -0.46 0.31
749 29 155 102 62 -0.26 -3.75 -0.85 0.29 -0.29 -0.12
750 32 140 100 69 -0.29 -4.14 -0.9 1.12 -0.12 -0.45
751 38 130 99 65 -0.4 -4.45 -0.98 1.25 -0.05 -0.67
752 41 121 102 61 -0.55 -4.35 -1.02 1.65 0.04 -0.54
753 48 123 101 58 -0.63 -4.22 -1.03 1.21 0.04 -0.5
754 57 113 104 51 -0.78 -3.94 -1.03 0.87 0.0 -0.39
755 55 106 107 46 -0.86 -3.85 -1.03 0.07 0.08 -0.04
756 49 102 108 41 -0.89 -3.86 -1.03 -0.21 0.25 -0.38
757 46 94 116 39 -0.92 -3.91 -1.06 0.06 0.3 -0.4
758 44 90 119 36 -0.95 -3.77 -1.02 0.12 0.32 -0.72
759 45 86 121 33 -0.99 -3.63 -1.0 0.44 0.31 -0.43
760 44 83 122 31 -0.98 -3.3 -0.82 0.51 0.35 -0.33
761 48 82 126 30 -1.04 -2.81 -0.74 0.22 0.0 -0.18
762 49 83 125 30 -1.02 -2.59 -0.68 0.03 0.14 0.23
763 54 82 127 29 -1.02 -2.21 -0.61 -0.09 0.23 0.23
764 55 80 128 28 -0.99 -2.11 -0.56 -0.21 0.17 0.09
765 51 79 129 27 -0.98 -2.15 -0.54 -0.17 0.15 0.04
766 50 80 132 26 -0.94 -2.25 -0.51 -0.17 0.07 0.03
767 55 81 132 25 -0.9 -2.22 -0.49 0.12 0.04 0.27
768 55 83 131 33 -0.89 -2.13 -0.47 0.4 0.35 0.41
769 57 82 133 34 -0.83 -1.91 -0.37 0.02 -0.05 0.32
770 58 85 134 29 -0.73 -1.8 -0.34 0.0 0.16 0.14
771 56 82 135 28 -0.72 -1.8 -0.33 -0.14 0.07 0.38
772 55 83 135 27 -0.73 -1.94 -0.3 -0.21 -0.04 0.5
773 54 81 134 26 -0.67 -2.06 -0.29 0.38 0.77 0.61
774 61 79 134 26 -0.63 -1.92 -0.19 -6.31 -0.51 4.5
775 61 78 132 25 -0.27 -2.24 0.06 -7.82 -1.04 5.11
776 58 77 132 25 0.05 -2.24 0.19 1.03 0.36 0.89
777 88 77 131 25 0.22 -1.23 0.16 1.46 0.75 -0.09
778 83 79 129 24 0.33 -0.12 0.02 0.89 0.39 -0.03
779 78 80 129 24 0.25 -0.3 -0.05 0.95 0.38 0.02
780 72 84 127 24 0.11 -0.45 -0.09 0.05 0.04 0.17
781 75 83 126 25 -0.05 -0.64 -0.06 -0.36 0.05 0.08
782 73 83 124 23 0.01 -0.76 -0.03 -0.61 0.06 -0.25
783 72 84 122 24 0.07 -0.8 -0.02 -0.3 0.07 -0.14
784 70 85 120 24 0.16 -0.85 -0.05 -0.64 0.35 -0.09
785 66 85 119 24 0.01 -0.89 0.03 -0.54 0.3 0.1
786 62 85 118 24 0.09 -0.9 0.05 -0.41 0.41 0.02
787 58 84 118 24 0.13 -0.82 -0.03 -0.2 0.36 0.07
788 61 84 118 23 0.06 -0.89 -0.0 0.12 0.35 0.1
789 61 83 117 24 0.05 -0.87 -0.02 0.09 0.28 0.14
790 59 84 115 24 0.02 -0.76 -0.03 0.1 0.31 0.13
791 59 84 115 24 0.03 -0.55 -0.06 0.12 0.26 0.15
792 58 85 113 24 0.04 -0.44 -0.06 0.19 0.2 0.13
793 54 87 111 24 0.09 -0.2 -0.07 0.17 0.12 0.12
794 54 88 111 25 0.12 -0.02 -0.07 0.09 0.12 0.03
795 54 88 109 25 0.12 0.03 -0.07 -0.07 0.16 -0.02
796 55 88 108 25 0.12 0.07 -0.06 -0.25 0.22 -0.01
797 54 87 107 25 0.09 0.05 -0.04 -0.31 0.23 -0.02
798 53 87 106 25 0.08 0.03 -0.04 -0.34 0.2 -0.11
799 52 86 105 25 0.06 -0.01 -0.03 -0.35 0.19 -0.11
800 55 85 104 26 0.05 -0.03 -0.03 -0.3 0.12 -0.11
801 53 85 104 26 0.05 -0.04 -0.03 -0.11 0.17 -0.04
802 50 83 104 25 0.04 -0.05 -0.02 -0.11 0.18 0.0
803 48 82 103 26 0.03 -0.03 -0.0 -0.06 0.2 0.03
804 47 82 103 26 0.01 -0.02 0.0 -0.08 0.21 -0.02
805 44 81 103 26 0.01 0.01 0.0 -0.14 0.19 -0.03
806 42 79 102 26 0.01 0.01 0.0 -0.19 0.19 -0.05
807 43 79 102 26 0.01 0.01 -0.0 -0.22 0.18 -0.05
808 40 79 101 25 0.01 0.01 -0.01 -0.24 0.18 -0.05
809 38 79 99 26 0.01 0.0 -0.0 -0.24 0.18 -0.05
810 39 81 99 25 0.01 0.0 -0.0 -0.18 0.19 -0.05
811 37 80 98 26 0.0 -0.01 0.0 -0.14 0.17 -0.03
812 42 80 98 26 -0.0 -0.01 0.0 -0.14 0.14 -0.03
813 41 80 98 26 0.0 -0.01 -0.0 -0.15 0.17 -0.03
814 40 81 98 26 0.0 -0.01 0.01 -0.15 0.12 -0.08
815 37 82 98 25 0.02 0.02 0.0 -0.2 0.14 -0.06
816 37 82 97 25 0.03 0.03 0.0 -0.23 0.15 -0.05
817 37 82 95 26 0.03 0.05 0.0 -0.2 0.16 -0.03
818 35 83 97 25 0.03 0.07 -0.01 -0.17 0.18 0.0
819 33 82 96 25 0.02 0.07 -0.0 -0.11 0.19 -0.02
820 34 85 96 25 -0.0 0.06 -0.0 -0.13 0.18 0.0
821 32 84 95 25 -0.03 0.06 -0.0 -0.05 0.16 0.0
822 32 84 95 25 -0.03 0.06 0.0 -0.05 0.12 -0.01
823 30 84 96 25 -0.04 0.08 0.01 -0.08 0.1 0.01
824 29 84 97 25 -0.03 0.1 0.01 -0.14 0.12 -0.05
825 28 85 98 25 -0.03 0.1 0.01 -0.17 0.13 -0.05
826 26 84 99 25 -0.02 0.09 0.01 -0.23 0.13 -0.07
827 26 83 99 25 -0.02 0.07 0.01 -0.2 0.15 -0.04
828 25 82 98 25 -0.02 0.05 0.0 -0.22 0.15 -0.09
829 24 81 98 25 -0.02 0.01 0.0 -0.15 0.12 -0.07
830 24 81 99 25 -0.01 -0.01 0.0 -0.16 0.11 -0.04
831 25 80 98 25 -0.01 -0.02 0.0 -0.15 0.12 -0.07
832 28 79 98 24 0.01 -0.01 0.0 -0.15 0.12 -0.05
833 29 78 98 25 0.02 0.01 -0.01 -0.16 0.16 -0.02
834 30 78 98 24 0.02 0.02 -0.01 -0.16 0.15 -0.01
835 30 78 97 24 0.02 0.02 -0.01 -0.11 0.15 0.01
836 31 79 96 24 0.01 0.05 -0.02 -0.1 0.14 0.0
837 30 79 95 24 0.01 0.06 -0.02 -0.07 0.1 -0.03
838 29 81 95 24 0.01 0.06 -0.02 -0.09 0.1 0.0
839 29 81 94 24 0.0 0.07 -0.01 -0.11 0.11 0.0
840 29 82 94 24 0.0 0.08 -0.01 -0.1 0.12 -0.01
841 29 82 95 24 0.0 0.08 -0.0 -0.15 0.13 0.0
842 28 82 94 25 -0.01 0.08 -0.0 -0.13 0.14 -0.01
843 27 83 95 24 -0.01 0.08 -0.01 -0.13 0.14 -0.02
844 29 84 95 24 -0.01 0.08 -0.01 -0.13 0.11 -0.04
845 26 83 96 24 -0.01 0.08 -0.01 -0.11 0.09 -0.02
846 25 84 97 24 -0.01 0.08 -0.01 -0.11 0.09 -0.05
847 25 85 98 24 0.0 0.09 -0.01 -0.14 0.09 -0.05
848 24 86 98 24 0.0 0.08 -0.01 -0.16 0.11 -0.03
849 24 87 98 24 0.0 0.07 -0.01 -0.16 0.11 -0.05
850 25 87 99 24 0.01 0.04 -0.01 -0.17 0.13 -0.07
851 24 88 100 24 0.01 0.01 -0.01 -0.18 0.11 -0.04
-200 -200 -200 -200 -200 -200 -200 -200 -200 -200 -200
852 24 88 99 24 0.0 -0.01 -0.01 -0.17 0.12 -0.03
853 24 87 99 24 0.0 -0.02 -0.01 -0.19 0.09 -0.04
854 24 87 98 24 0.0 -0.03 -0.02 -0.11 0.1 -0.03
855 25 87 99 24 0.01 -0.02 -0.02 -0.09 0.08 -0.03
856 26 87 98 24 0.01 -0.01 -0.02 -0.09 0.07 -0.01
857 27 87 98 24 0.01 -0.01 -0.01 -0.08 0.07 -0.01
858 26 87 98 24 0.01 -0.01 -0.01 -0.08 0.1 0.01
859 25 85 97 24 0.0 -0.0 -0.01 -0.13 0.09 -0.03
860 25 85 99 24 0.01 0.01 -0.01 -0.11 0.1 -0.03
861 26 86 99 24 0.01 0.0 -0.01 -0.14 0.1 -0.03
862 25 85 99 24 0.0 -0.01 -0.01 -0.09 0.12 0.0
863 24 84 98 24 -0.0 -0.0 -0.01 -0.07 0.1 0.02
864 24 82 99 24 0.01 0.01 -0.01 -0.08 0.09 0.0
865 24 79 98 24 0.01 0.03 -0.01 -0.01 0.11 0.07
866 26 81 97 27 -0.01 0.09 -0.01 0.03 0.1 0.14
867 26 111 100 28 -0.02 0.12 -0.0 0.06 0.11 0.18
868 26 139 99 36 -0.03 0.22 0.01 0.18 0.07 0.28
869 30 189 101 52 -0.03 0.42 0.03 0.34 0.05 0.43
870 36 265 99 62 0.02 0.61 0.05 0.58 0.12 0.52
871 37 286 99 63 0.22 1.12 0.03 0.79 0.08 0.63
872 41 289 100 60 0.52 1.79 -0.06 0.75 -0.03 0.72
873 43 301 102 53 0.59 2.13 -0.1 0.85 -0.05 0.59
874 46 335 103 49 0.76 2.83 -0.19 0.45 -0.3 0.39
875 42 321 105 46 0.87 3.39 -0.26 -0.4 -0.15 0.42
876 55 308 109 43 0.92 3.63 -0.28 -0.12 -0.23 0.53
877 56 406 109 41 1.07 4.18 -0.25 -0.79 0.12 0.66
878 55 422 111 40 1.2 4.82 -0.17 -0.69 0.0 0.25
879 52 455 133 35 1.21 5.37 -0.04 -1.81 0.62 0.32
880 59 493 127 34 1.46 5.52 0.08 -2.24 0.83 1.58
881 63 615 124 36 1.49 5.25 0.24 -1.91 0.97 1.57
882 75 639 124 44 1.46 5.16 0.28 -1.5 0.98 1.07
883 66 594 119 39 1.38 5.1 0.46 -1.26 0.93 0.18
884 63 572 130 37 1.16 5.2 0.57 -1.04 0.92 -0.5
885 64 551 124 34 1.04 5.17 0.67 -0.74 0.95 0.06
886 64 517 120 32 0.87 5.21 0.75 -0.16 0.87 0.07
887 73 562 117 30 0.66 5.25 0.82 -0.07 0.56 0.03
888 69 513 113 28 0.59 5.12 0.86 0.06 0.51 -0.06
889 66 490 105 27 0.52 4.66 0.93 0.31 0.2 -1.18
890 66 533 108 26 0.32 4.1 0.99 0.83 -0.12 -0.59
891 62 544 101 27 0.26 3.89 0.96 0.92 -0.25 -0.4
892 68 641 96 26 0.28 3.41 0.91 1.17 -0.21 -0.36
893 73 681 91 26 0.23 3.09 0.85 0.66 -0.44 -0.2
894 77 644 81 26 0.19 2.82 0.79 0.65 -0.58 -0.03
895 72 627 76 26 0.24 2.16 0.68 1.59 -0.65 0.63
896 82 616 71 27 0.27 1.86 0.66 1.58 -0.75 0.74
897 84 601 74 26 0.26 1.83 0.57 1.68 -0.96 0.53
898 93 640 81 26 0.29 1.76 0.56 1.49 -1.06 -0.24
899 94 647 98 35 0.36 1.65 0.43 1.22 -0.88 -0.24
900 88 721 103 32 0.4 1.55 0.35 1.42 -0.92 0.23
901 102 721 106 34 0.48 1.4 0.28 1.63 -0.59 1.08
902 107 678 114 35 0.42 1.28 0.25 1.04 -0.71 0.59
903 111 704 121 39 0.39 1.16 0.26 0.92 -0.89 0.44
904 122 690 138 37 0.37 0.91 0.24 0.78 -0.82 0.39
905 112 620 150 36 0.35 0.91 0.24 0.59 -0.82 0.64
906 122 642 158 42 0.34 0.96 0.25 0.64 -0.73 0.68
907 137 626 169 50 0.27 0.98 0.25 0.54 -0.66 0.51
908 139 585 174 52 0.23 0.91 0.24 0.43 -0.6 0.12
909 147 495 184 49 0.11 0.75 0.22 0.38 -0.56 0.08
910 149 420 186 45 -0.02 0.7 0.21 0.52 -0.57 0.33
911 162 391 205 44 -0.16 0.91 0.24 0.49 -0.65 0.35
912 144 344 230 45 -0.24 1.04 0.26 0.17 -0.76 0.31
913 161 320 271 66 -0.38 1.05 0.27 1.02 -0.5 1.33
914 151 315 276 85 -0.54 0.95 0.23 1.44 -0.65 2.22
915 163 282 389 157 -0.58 0.94 0.21 1.23 -0.53 1.86
916 171 253 416 165 -0.65 0.9 0.15 1.35 -0.39 0.67
917 172 266 445 158 -0.64 0.71 -0.01 -1.42 -0.39 -2.55
918 171 235 577 219 -0.57 0.03 -0.01 -2.7 -0.1 -4.4
919 164 218 518 207 -1.01 -0.51 0.43 -2.63 -4.49 -5.5
920 151 217 498 180 -1.25 -0.88 0.65 1.97 -0.83 -0.19
921 133 211 461 190 -1.13 -1.17 0.46 3.41 -1.85 5.51
922 113 197 432 171 -0.46 -1.28 0.1 5.7 3.35 6.46
923 102 191 386 150 -0.67 -0.46 -0.01 2.15 -0.97 1.61
924 98 190 358 120 -0.65 -0.8 -0.28 0.2 -0.55 0.49
925 90 180 322 104 -0.39 -1.82 -0.36 1.45 -0.37 0.65
926 80 170 299 89 -0.3 -1.74 -0.33 0.33 -0.6 0.76
927 72 158 289 84 -0.23 -0.93 -0.3 0.05 -0.5 0.77
928 66 157 269 73 -0.07 -0.71 -0.3 -0.04 -0.08 0.94
929 58 150 250 75 -0.03 -0.63 -0.25 0.08 0.09 1.25
930 57 140 232 72 -0.03 -0.53 -0.16 0.33 0.0 0.74
931 53 137 210 64 -0.02 -0.44 -0.13 0.53 0.06 0.27
932 66 131 198 56 -0.01 -0.34 -0.15 0.33 0.05 -0.08
933 56 124 187 55 0.0 -0.32 -0.17 0.18 0.1 0.0
934 56 118 173 49 0.05 -0.41 -0.22 0.1 0.15 0.04
935 53 115 166 53 0.04 -0.45 -0.23 0.21 0.2 -0.21
936 50 117 157 55 0.01 -0.37 -0.24 0.19 0.1 -0.36
937 51 115 168 49 -0.04 -0.21 -0.24 -0.17 0.11 -0.55
938 53 120 157 48 -0.06 -0.2 -0.23 -0.35 0.15 -0.3
939 50 118 153 52 -0.08 -0.27 -0.19 -0.3 0.17 -0.1
940 48 117 145 55 -0.12 -0.27 -0.16 -0.34 0.1 -0.12
941 45 115 136 49 -0.19 -0.35 -0.11 -0.15 0.0 -0.35
942 45 110 130 47 -0.19 -0.35 -0.11 -0.02 -0.03 -0.33
943 43 108 123 45 -0.2 -0.29 -0.08 0.02 -0.07 -0.04
944 42 111 120 45 -0.2 -0.25 -0.07 0.0 -0.08 0.24
945 40 114 120 58 -0.19 -0.23 -0.05 0.04 -0.1 0.37
946 46 108 120 63 -0.18 -0.25 -0.05 0.27 -0.17 0.15
947 58 104 121 60 -0.16 -0.22 -0.04 0.32 -0.2 0.23
948 49 98 131 60 -0.16 -0.2 -0.03 0.46 -0.18 0.26
949 49 108 122 55 -0.15 -0.11 -0.04 0.34 -0.16 0.34
950 49 114 120 56 -0.15 -0.11 -0.06 0.3 -0.22 0.38
951 43 108 115 53 -0.13 -0.17 -0.07 0.38 -0.27 0.23
-100 -100 -100 -100 -100 -100 -100 -100 -100 -100 -100
952 39 103 114 59 -0.1 -0.23 -0.09 0.3 -0.34 0.2
953 60 105 117 59 -0.1 -0.29 -0.09 0.42 -0.32 0.27
954 95 104 119 61 -0.1 -0.31 -0.11 0.43 -0.31 0.19
955 83 111 110 61 -0.09 -0.28 -0.13 0.48 -0.31 0.18
956 70 115 107 58 -0.08 -0.25 -0.13 0.32 -0.29 0.13
957 61 107 108 55 -0.05 -0.22 -0.13 0.27 -0.28 0.17
958 55 102 112 67 -0.02 -0.18 -0.11 0.29 -0.32 0.34
959 50 102 110 62 -0.02 -0.15 -0.1 0.23 -0.23 0.33
960 48 99 105 58 -0.01 -0.16 -0.09 0.2 -0.17 0.31
961 44 96 101 64 -0.03 -0.19 -0.09 0.27 -0.14 0.18
962 49 95 107 57 -0.04 -0.19 -0.09 0.34 -0.2 0.06
963 46 94 101 64 -0.04 -0.23 -0.12 0.3 -0.28 0.02
964 42 91 98 58 -0.05 -0.32 -0.15 0.35 -0.22 0.12
965 39 93 97 54 -0.06 -0.38 -0.17 0.18 -0.24 0.03
966 34 93 98 50 -0.09 -0.6 -0.22 0.2 -0.23 0.08
967 33 95 97 52 -0.11 -0.77 -0.25 0.29 -0.15 0.02
968 31 93 92 46 -0.12 -0.77 -0.25 0.44 -0.15 -0.14
969 28 90 97 53 -0.14 -0.68 -0.26 0.31 -0.16 0.03
970 34 87 94 49 -0.13 -0.65 -0.27 0.35 -0.24 -0.05
971 34 87 86 48 -0.13 -0.69 -0.27 0.14 -0.13 0.31
972 32 88 94 45 -0.14 -0.86 -0.28 0.14 -0.21 0.18
973 64 87 109 44 -0.09 -0.92 -0.28 0.47 -0.09 0.08
974 62 86 109 45 -0.06 -0.77 -0.27 0.87 -0.02 0.05
975 54 85 104 44 -0.04 -0.38 -0.26 0.75 0.04 0.16
976 57 86 104 44 -0.05 -0.15 -0.27 0.26 -0.04 0.37
977 51 85 109 45 -0.04 -0.14 -0.27 0.12 0.0 0.41
978 44 91 108 43 -0.03 -0.25 -0.26 0.08 -0.12 0.22
979 41 88 104 40 -0.04 -0.42 -0.26 0.08 -0.05 0.07
980 84 88 96 38 -0.06 -0.54 -0.26 0.38 -0.19 -0.08
981 81 91 93 37 -0.08 -0.66 -0.25 0.28 -0.12 0.0
982 80 90 92 36 -0.12 -0.63 -0.25 0.14 -0.16 0.0
983 68 90 87 35 -0.13 -0.66 -0.25 0.01 -0.09 0.03
984 131 92 95 36 -0.15 -0.78 -0.26 -0.07 -0.15 0.13
985 115 91 95 37 -0.13 -0.96 -0.26 -0.13 -0.21 0.18
986 97 91 96 35 -0.13 -1.09 -0.26 -0.23 -0.17 0.17
987 80 92 97 32 -0.11 -1.4 -0.26 -0.16 -0.15 0.09
988 72 91 98 32 -0.16 -1.67 -0.27 -0.09 -0.19 0.16
989 105 91 104 32 -0.19 -1.78 -0.27 -0.07 -0.27 0.14
990 175 92 100 30 -0.24 -2.05 -0.28 -0.11 -0.41 0.32
991 167 90 109 29 -0.28 -2.38 -0.29 0.09 -0.42 0.16
992 169 89 105 28 -0.29 -2.56 -0.31 0.36 -0.44 0.09
993 201 90 107 27 -0.32 -2.85 -0.35 0.58 -0.42 -0.02
994 201 92 108 28 -0.32 -2.98 -0.4 1.03 -0.46 -0.2
995 206 93 110 27 -0.32 -2.98 -0.43 1.13 -0.4 -0.41
996 182 92 115 26 -0.37 -2.91 -0.5 1.28 -0.41 -0.53
997 169 88 115 26 -0.43 -2.64 -0.57 1.45 -0.28 -0.54
998 183 87 116 25 -0.46 -2.5 -0.61 1.39 -0.26 -0.62
999 237 87 114 25 -0.53 -2.26 -0.66 1.4 -0.18 -0.53
1000 212 84 119 25 -0.57 -2.02 -0.7 1.25 0.2 -0.76
1001 197 86 121 25 -0.61 -1.89 -0.71 0.56 -0.3 -0.44
1002 175 87 128 25 -0.71 -1.63 -0.72 1.73 0.07 -0.35
1003 216 86 126 24 -0.69 -1.46 -0.72 1.51 0.24 -0.24
1004 189 83 127 25 -0.71 -1.31 -0.71 0.01 -0.26 -0.09
1005 204 82 126 25 -0.69 -1.29 -0.72 0.54 0.12 -0.46
1006 195 83 125 25 -0.68 -1.16 -0.72 0.57 0.0 -0.46
1007 167 81 123 24 -0.69 -1.05 -0.72 0.33 0.11 -0.39
1008 143 83 130 25 -0.69 -0.86 -0.73 0.21 0.08 -0.19
1009 127 81 134 26 -0.71 -0.76 -0.72 -0.32 -0.39 0.07
1010 142 80 134 26 -0.71 -0.81 -0.64 0.03 0.3 0.13
1011 158 80 134 25 -0.72 -1.01 -0.63 -0.97 -0.66 0.26
1012 136 81 135 26 -0.64 -1.27 -0.56 -0.31 0.05 0.37
1013 113 80 137 25 -0.6 -1.31 -0.53 -0.2 0.2 0.48
1014 97 82 136 25 -0.58 -1.26 -0.51 -0.2 0.05 0.43
1015 87 81 134 25 -0.52 -1.04 -0.5 0.15 0.0 0.36
1016 127 85 134 25 -0.46 -0.93 -0.43 -0.87 1.1 1.13
1017 136 85 132 24 -0.48 -1.91 0.05 -6.57 0.37 3.36
1018 120 84 132 24 -0.16 -1.61 0.24 0.82 0.07 -0.72
1019 150 84 127 24 0.21 -0.63 0.15 0.75 0.34 -0.7
1020 127 85 130 24 0.42 0.45 -0.02 1.01 0.8 0.96
1021 108 85 129 24 0.37 0.51 -0.15 0.6 0.38 0.8
1022 96 86 129 23 0.36 0.41 -0.18 -0.01 -0.07 0.57
1023 83 83 127 24 0.16 0.19 -0.11 0.47 0.22 0.5
1024 103 81 125 24 0.11 0.11 -0.19 0.44 -0.24 0.48
1025 106 82 123 23 0.13 0.03 -0.15 -0.51 -0.24 0.14
1026 91 82 121 23 -0.03 -0.11 -0.09 0.06 0.06 -0.2
1027 121 83 119 24 -0.04 -0.16 -0.06 -0.58 0.05 -0.28
1028 104 81 118 23 -0.05 -0.14 -0.03 -0.55 -0.12 -0.24
1029 86 79 117 24 -0.18 -0.07 -0.02 -0.53 -0.27 -0.15
1030 74 76 116 23 0.04 -0.09 0.01 -0.44 0.12 -0.18
1031 63 77 115 23 0.08 -0.14 0.03 -0.03 0.08 -0.07
1032 80 77 112 23 0.11 -0.19 -0.0 -0.17 -0.04 -0.11
1033 83 79 112 24 0.11 -0.22 -0.03 -0.18 -0.01 -0.1
1034 73 78 112 24 0.12 -0.25 -0.03 -0.13 0.02 -0.1
1035 67 80 111 24 0.16 -0.29 -0.04 -0.16 0.04 -0.06
1036 73 79 110 24 0.17 -0.31 -0.05 -0.08 0.04 0.0
1037 70 80 111 25 0.15 -0.31 -0.05 -0.03 0.04 0.03
1038 62 80 111 25 0.12 -0.32 -0.05 0.06 0.05 0.08
1039 53 80 111 25 0.09 -0.3 -0.03 0.02 0.0 0.09
1040 84 79 109 25 0.08 -0.3 -0.03 0.0 0.05 0.08
1041 77 83 111 26 0.03 -0.3 -0.03 0.0 0.07 0.09
1042 65 82 112 26 0.0 -0.27 -0.02 0.06 0.02 0.19
1043 54 82 110 26 -0.0 -0.24 -0.02 0.08 0.01 0.21
1044 50 81 109 26 -0.02 -0.16 -0.02 0.11 0.0 0.14
1045 43 81 110 27 -0.01 -0.07 -0.02 0.11 0.0 0.13
1046 47 81 109 27 -0.02 -0.04 -0.02 0.11 -0.02 0.1
1047 42 82 109 27 -0.0 0.03 -0.01 0.01 -0.05 0.01
1048 37 81 107 27 0.02 0.08 -0.01 -0.03 -0.02 -0.01
1049 35 82 107 27 0.02 0.09 -0.0 -0.04 0.0 -0.05
1050 64 81 107 28 0.02 0.07 -0.0 -0.09 0.0 0.0
1051 55 82 106 29 0.02 0.07 -0.01 -0.07 0.0 -0.02
1052 51 83 105 29 0.02 0.06 -0.0 -0.11 0.0 -0.05
1053 45 84 106 28 0.03 0.04 -0.01 -0.1 0.0 -0.06
1054 40 84 104 28 0.03 0.02 -0.0 -0.06 0.0 0.0
1055 34 83 107 28 0.02 0.01 -0.01 -0.07 0.02 -0.03
1056 33 81 107 28 0.02 0.01 -0.01 -0.07 0.0 -0.05
1057 45 77 106 28 0.02 -0.0 -0.01 -0.04 0.0 -0.02
1058 60 80 105 27 0.02 -0.01 -0.01 0.01 -0.01 0.04
1059 52 80 105 27 0.01 -0.0 -0.01 -0.01 -0.01 0.04
1060 44 80 106 27 0.02 0.02 0.0 -0.02 -0.02 -0.02
1061 39 79 104 28 0.02 0.02 0.0 -0.04 -0.01 0.01
1062 34 78 104 26 0.02 0.03 0.01 -0.02 0.01 0.0
1063 35 80 101 27 0.02 0.02 0.0 -0.02 0.06 0.0
1064 34 79 101 27 0.01 0.02 0.0 -0.07 0.06 0.0
1065 34 79 100 27 0.01 0.01 -0.0 -0.06 0.01 0.01
-200 -200 -200 -200 -200 -200 -200 -200 -200 -200 -200
1066 62 77 99 26 0.01 0.02 -0.01 -0.06 0.01 -0.04
1067 53 77 97 26 0.01 0.03 -0.01 -0.04 0.01 0.03
1068 45 76 97 26 0.0 0.02 -0.01 0.0 0.0 0.02
1069 40 77 96 27 0.0 0.02 -0.01 -0.06 0.01 -0.04
1070 44 77 94 27 0.0 0.02 -0.02 -0.1 -0.01 -0.04
1071 39 77 97 26 0.01 0.01 -0.01 -0.07 -0.01 -0.03
1072 36 75 97 26 0.01 0.01 -0.01 -0.03 -0.01 0.0
1073 63 75 97 26 0.01 0.01 -0.01 -0.01 0.03 -0.04
1074 54 78 98 26 0.01 0.0 -0.01 -0.05 0.03 -0.03
1075 55 76 98 26 0.02 0.0 -0.01 -0.05 0.02 -0.02
1076 51 76 98 26 0.02 0.01 -0.01 -0.07 0.02 -0.05
1077 45 76 99 26 0.02 -0.0 -0.02 -0.02 0.03 0.0
1078 39 74 100 26 0.01 -0.0 -0.02 -0.03 0.01 0.0
1079 34 73 98 26 0.01 -0.0 -0.01 0.0 0.02 0.01
1080 30 74 98 26 -0.0 -0.0 -0.02 -0.03 -0.01 -0.01
1081 29 75 100 25 0.0 0.01 -0.01 -0.03 0.0 -0.03
1082 30 75 100 26 0.0 0.01 -0.02 -0.03 0.0 0.0
1083 32 75 99 25 -0.0 0.01 -0.02 -0.03 0.05 0.04
1084 30 76 99 25 -0.02 0.01 -0.02 -0.03 0.03 0.02
1085 27 75 98 25 -0.02 0.02 -0.02 -0.04 0.03 0.05
1086 25 76 99 25 -0.03 0.04 -0.02 -0.03 0.02 0.08
1087 24 88 100 25 -0.04 0.08 -0.01 -0.1 -0.02 0.03
1088 24 88 102 34 -0.04 0.11 -0.01 -0.05 -0.01 0.02
1089 34 86 102 41 -0.06 0.21 0.01 -0.19 0.02 -0.02
1090 36 97 105 51 -0.07 0.44 0.01 -0.08 0.13 0.3
1091 46 116 108 69 -0.05 0.57 0.01 -0.19 0.04 0.48
1092 44 129 107 60 0.01 0.86 -0.02 0.09 0.03 0.74
1093 42 151 103 76 0.05 1.07 -0.06 -0.22 0.01 0.82
1094 38 163 107 69 0.1 1.15 -0.08 -0.59 0.04 0.69
1095 34 198 109 61 0.22 1.25 -0.07 -0.79 0.0 0.24
1096 31 210 110 54 0.29 1.24 -0.01 -1.24 0.13 0.3
1097 31 200 109 48 0.36 1.2 0.04 -1.45 0.08 0.62
1098 36 213 109 43 0.51 1.2 -0.01 -3.08 2.51 1.07
1099 38 294 111 39 0.67 1.16 0.36 -1.41 -0.1 0.88
1100 42 362 109 36 0.77 1.27 0.43 -1.75 0.65 0.79
1101 42 399 109 34 0.96 1.29 0.5 -1.09 0.64 0.66
1102 43 390 113 32 1.01 1.43 0.53 -1.09 0.81 0.58
1103 43 399 115 35 1.03 1.47 0.52 -0.8 0.79 0.73
1104 47 418 114 31 1.16 1.69 0.51 -0.54 0.42 0.77
1105 46 457 123 30 1.3 2.03 0.53 -0.17 0.53 0.81
1106 53 485 122 35 1.28 2.23 0.58 0.16 0.61 0.87
1107 53 456 125 33 1.18 2.6 0.63 0.35 0.44 0.86
1108 54 541 144 31 1.05 2.94 0.64 0.59 0.16 0.85
1109 57 588 134 29 0.98 3.01 0.66 0.83 0.05 0.82
1110 60 576 133 29 0.89 3.12 0.64 1.21 -0.09 -0.06
1111 62 530 147 27 0.77 3.18 0.55 1.3 -0.14 -0.46
1112 60 582 131 26 0.69 3.21 0.53 1.36 -0.31 -0.36
1113 60 575 121 26 0.59 3.26 0.43 1.94 -0.15 0.15
1114 65 590 111 26 0.56 3.36 0.36 1.77 -0.32 -0.42
1115 62 581 119 26 0.54 3.4 0.31 1.54 -0.36 -0.31
1116 58 530 112 25 0.47 3.3 0.24 1.36 -0.48 -0.32
1117 61 559 105 25 0.43 3.08 0.2 1.26 -0.66 -0.29
1118 65 559 96 25 0.38 3.0 0.2 1.23 -0.55 -0.04
1119 71 564 97 24 0.32 2.99 0.16 1.3 -0.64 0.04
1120 70 569 88 25 0.27 3.03 0.12 1.12 -0.67 0.14
1121 68 536 86 25 0.23 2.95 0.1 1.41 -0.49 -0.22
1122 69 581 84 25 0.17 2.73 0.07 1.36 -0.64 -0.2
1123 69 575 90 25 0.21 2.32 0.05 0.78 -0.62 -0.48
1124 85 538 89 27 0.26 2.03 0.04 0.73 -0.61 -0.34
1125 85 536 90 27 0.3 1.55 0.05 1.07 -0.24 0.12
1126 96 516 101 26 0.28 1.38 0.07 0.87 -0.46 0.16
1127 100 509 106 26 0.29 1.36 0.12 0.63 -0.43 0.12
1128 113 535 111 32 0.34 1.35 0.12 0.56 -0.37 -0.12
1129 109 607 114 32 0.35 1.38 0.15 0.34 -0.36 0.04
1130 115 595 118 31 0.38 1.39 0.16 0.36 -0.26 0.09
1131 124 610 130 29 0.35 1.26 0.19 0.21 -0.34 0.44
1132 126 558 137 29 0.35 1.17 0.2 0.42 -0.31 0.07
1133 144 558 152 30 0.34 1.08 0.22 0.43 -0.41 -0.11
1134 153 506 156 36 0.28 0.96 0.24 0.4 -0.48 0.0
1135 174 486 170 55 0.27 0.92 0.23 0.57 -0.34 0.25
1136 183 460 175 67 0.24 0.74 0.18 0.55 -0.34 0.38
1137 190 488 182 58 0.2 0.42 0.11 0.38 -0.36 0.58
1138 197 462 187 50 0.18 0.24 0.07 0.36 -0.23 0.63
1139 209 445 198 50 0.17 0.11 0.04 0.34 -0.24 0.22
1140 216 457 193 45 0.17 0.27 0.04 0.2 -0.24 0.18
1141 218 406 212 41 0.17 0.33 0.05 0.34 -0.15 0.42
1142 228 464 205 39 0.19 0.39 0.08 0.27 -0.15 0.4
1143 235 474 202 38 0.18 0.3 0.12 0.09 -0.21 0.3
1144 242 485 204 37 0.16 0.25 0.12 0.11 -0.26 -0.11
1145 243 444 213 35 0.12 0.23 0.12 0.08 -0.26 -0.18
1146 254 441 214 38 0.09 0.18 0.11 0.29 -0.17 -0.07
1147 250 432 210 38 0.06 0.16 0.11 0.39 -0.11 0.12
1148 259 383 215 39 0.02 0.2 0.12 0.35 -0.12 0.05
1149 261 354 220 44 -0.03 0.31 0.11 0.24 -0.1 -0.24
1150 260 295 207 40 -0.06 0.38 0.1 0.25 -0.14 -0.34
1151 252 255 189 43 -0.09 0.43 0.07 0.35 -0.08 -0.53
1152 258 224 183 39 -0.15 0.42 0.07 0.36 -0.19 -0.06
1153 245 209 298 64 -0.19 0.4 0.07 0.44 -0.16 1.19
1154 244 206 288 59 -0.34 0.43 0.08 0.58 -0.02 1.75
1155 251 210 310 58 -0.56 0.64 0.08 1.4 0.06 2.48
1156 232 230 346 83 -0.62 0.68 0.02 1.19 1.19 0.63
1157 217 238 350 88 -0.63 0.35 0.01 0.06 0.37 -2.37
1158 206 224 382 97 -0.9 -0.1 0.19 -2.06 0.63 -5.65
1159 202 200 383 131 -0.97 -0.39 0.4 -2.4 -2.54 -2.69
1160 183 195 369 118 -1.23 -0.78 0.73 -2.76 -1.26 -3.71
1161 176 194 376 106 -1.09 -0.69 0.53 2.98 -5.76 3.62
1162 160 189 355 136 -0.82 -0.81 0.12 2.37 -0.55 2.35
1163 155 192 317 136 -0.97 -0.7 0.04 -1.75 0.33 -0.13
1164 145 191 304 115 -1.0 -1.49 -0.19 0.81 -0.78 -1.36
1165 140 184 295 101 -0.79 -2.12 -0.19 1.0 -0.43 -0.33
1166 122 178 277 91 -0.4 -1.86 -0.13 1.62 -0.41 -0.19
1167 108 165 254 95 -0.32 -0.62 -0.03 -0.46 -0.21 1.54
1168 106 168 245 110 -0.28 -0.47 -0.01 -0.57 -0.02 0.98
1169 97 163 232 103 -0.2 -0.64 0.06 0.13 -0.04 0.69
1170 86 164 217 90 -0.24 -0.81 0.09 0.7 0.0 0.57
1171 73 161 205 79 -0.24 -0.82 0.07 1.07 -0.01 0.22
1172 68 157 185 78 -0.23 -0.67 -0.01 1.1 -0.01 0.29
1173 64 154 179 80 -0.22 -0.59 -0.11 0.8 -0.08 0.16
1174 57 148 166 84 -0.2 -0.61 -0.15 0.79 0.03 0.25
1175 49 142 164 76 -0.19 -0.62 -0.2 0.85 0.0 0.19
1176 49 147 153 70 -0.2 -0.51 -0.21 0.59 -0.14 0.05
1177 44 144 141 72 -0.2 -0.45 -0.22 0.36 -0.14 0.02
1178 41 140 144 67 -0.18 -0.42 -0.2 0.32 -0.08 0.01
1179 37 137 147 82 -0.16 -0.37 -0.16 0.4 0.01 0.26
1180 34 136 140 76 -0.15 -0.33 -0.15 0.28 -0.05 0.21
1181 34 131 134 82 -0.16 -0.28 -0.14 0.31 -0.09 0.15
1182 31 136 130 79 -0.15 -0.36 -0.15 0.49 -0.16 0.05
1183 31 132 139 70 -0.15 -0.39 -0.15 0.46 -0.25 0.14
1184 28 128 134 81 -0.15 -0.5 -0.16 0.45 -0.3 0.21
1185 26 125 130 79 -0.14 -0.54 -0.17 0.6 -0.28 0.29
1186 27 121 128 81 -0.15 -0.51 -0.18 0.51 -0.28 0.28
1187 26 120 127 81 -0.15 -0.57 -0.21 0.37 -0.28 0.3
-100 -100 -100 -100 -100 -100 -100 -100 -100 -100 -100
1188 24 116 130 81 -0.15 -0.8 -0.26 0.41 -0.23 0.3
1189 22 113 126 89 -0.16 -0.92 -0.28 0.41 -0.27 0.12
1190 22 107 122 76 -0.21 -1.19 -0.32 0.24 -0.31 0.11
1191 21 104 121 77 -0.24 -1.51 -0.35 0.37 -0.3 0.04
1192 24 103 108 71 -0.26 -1.62 -0.35 0.55 -0.26 0.06
1193 22 100 117 79 -0.29 -1.65 -0.37 0.52 -0.23 0.03
1194 23 98 111 84 -0.29 -1.69 -0.4 0.24 -0.22 0.41
1195 22 98 102 72 -0.29 -1.78 -0.42 0.19 -0.12 0.33
1196 23 96 97 68 -0.28 -2.05 -0.44 0.34 -0.15 0.22
1197 22 95 98 66 -0.28 -2.26 -0.45 0.51 -0.22 -0.06
1198 34 94 104 63 -0.28 -2.3 -0.45 0.88 -0.22 -0.33
1199 33 91 100 59 -0.28 -2.18 -0.44 1.0 -0.21 -0.3
1200 30 92 92 63 -0.29 -1.86 -0.44 0.92 -0.08 -0.12
1201 29 91 93 60 -0.31 -1.72 -0.45 0.69 -0.15 0.03
1202 30 92 95 61 -0.36 -1.56 -0.47 0.64 -0.19 0.04
1203 28 88 101 52 -0.39 -1.58 -0.51 0.61 -0.26 -0.02
1204 29 85 95 51 -0.41 -1.66 -0.52 0.64 -0.34 -0.09
1205 32 87 97 57 -0.42 -1.84 -0.54 0.68 -0.25 -0.15
1206 33 85 93 51 -0.42 -1.86 -0.55 0.88 -0.07 -0.14
1207 32 85 102 46 -0.44 -1.78 -0.56 1.06 -0.06 -0.22
1208 34 83 104 45 -0.45 -1.5 -0.58 0.49 -0.19 0.07
1209 40 81 98 42 -0.48 -1.21 -0.58 0.36 -0.11 0.17
1210 43 79 108 49 -0.49 -1.14 -0.57 0.14 -0.12 0.14
1211 43 82 105 53 -0.44 -1.1 -0.55 0.09 0.0 0.16
1212 43 84 109 48 -0.39 -1.07 -0.52 -0.02 0.16 0.29
1213 38 81 113 43 -0.35 -1.04 -0.51 -0.24 0.19 0.33
1214 40 78 108 39 -0.29 -0.92 -0.46 -0.15 0.13 0.29
1215 39 77 112 37 -0.24 -0.67 -0.41 -0.31 0.15 0.26
1216 41 75 108 46 -0.21 -0.55 -0.39 -0.33 0.2 0.24
1217 40 77 119 42 -0.17 -0.4 -0.35 -0.38 0.16 0.24
1218 38 76 115 38 -0.16 -0.38 -0.32 -0.28 0.13 0.2
1219 45 75 116 36 -0.17 -0.41 -0.31 -0.25 -0.01 0.06
1220 43 77 112 33 -0.19 -0.53 -0.31 -0.14 -0.13 0.0
1221 43 74 108 36 -0.23 -0.78 -0.31 0.06 -0.27 -0.02
1222 45 77 116 33 -0.24 -0.88 -0.31 0.43 -0.18 -0.15
1223 46 78 119 31 -0.24 -0.88 -0.29 0.73 -0.38 0.15
1224 45 80 117 30 -0.23 -0.6 -0.29 0.44 0.28 0.12
1225 41 77 116 29 -0.24 -0.63 -0.31 0.32 0.06 0.1
1226 43 80 111 37 -0.25 -0.57 -0.32 0.28 0.09 0.05
1227 44 85 117 34 -0.18 -0.46 -0.3 0.09 0.11 0.07
1228 50 81 122 34 -0.2 -0.44 -0.32 0.11 0.12 0.07
1229 55 81 128 31 -0.18 -0.41 -0.33 0.18 0.15 0.32
1230 54 81 124 30 -0.15 -0.29 -0.3 0.15 0.07 0.23
1231 57 80 126 28 -0.14 -0.21 -0.3 0.19 0.25 0.01
1232 54 83 123 27 -0.11 -0.19 -0.27 0.02 0.0 0.0
1233 53 83 121 27 -0.12 -0.25 -0.28 0.14 0.05 -0.02
1234 53 87 121 26 -0.14 -0.29 -0.3 0.19 0.08 -0.17
1235 51 87 120 26 -0.18 -0.46 -0.33 0.26 0.08 -0.23
1236 52 90 120 26 -0.2 -0.59 -0.36 0.58 0.1 -0.29
1237 57 91 122 25 -0.2 -0.6 -0.36 0.53 -0.03 -0.3
1238 57 93 121 25 -0.23 -0.47 -0.38 0.44 -0.1 -0.21
1239 57 93 119 26 -0.24 -0.37 -0.39 0.51 -0.04 -0.04
1240 55 91 117 27 -0.24 -0.38 -0.4 0.45 0.0 0.13
1241 54 94 122 27 -0.23 -0.5 -0.42 0.45 0.0 0.17
1242 56 94 124 29 -0.19 -0.62 -0.45 0.6 -0.04 0.17
1243 56 93 125 26 -0.16 -0.61 -0.46 0.93 0.44 0.23
1244 61 96 124 26 -0.13 -0.45 -0.45 0.06 1.07 0.8
1245 60 96 128 26 -0.29 -0.19 0.01 -6.04 -0.3 1.92
1246 59 94 127 26 -0.23 -0.5 0.09 -2.13 -0.23 -0.27
1247 58 93 119 26 0.12 -0.2 0.2 0.5 0.58 -0.54
1248 60 93 121 25 0.26 0.5 0.11 0.68 0.69 0.16
1249 64 94 122 25 0.21 0.55 0.05 0.57 0.74 0.16
1250 68 94 121 26 0.05 0.07 -0.01 0.04 0.16 -0.18
1251 68 95 121 25 -0.07 -0.24 -0.02 -0.29 -0.06 -0.15
1252 66 96 121 26 -0.11 -0.35 -0.0 -0.15 -0.09 -0.31
1253 66 98 116 26 -0.1 -0.45 0.01 -0.03 -0.15 -0.48
1254 67 96 118 25 -0.03 -0.44 0.01 -0.2 0.06 -0.16
1255 66 96 125 26 -0.0 -0.43 0.01 -0.18 0.14 -0.1
1256 70 96 122 26 0.01 -0.45 0.02 -0.06 0.16 -0.03
1257 68 95 122 27 0.02 -0.49 0.02 0.03 0.14 0.08
1258 70 94 121 26 0.01 -0.51 0.01 0.01 0.15 0.01
1259 72 93 119 27 -0.01 -0.56 -0.0 -0.1 0.12 -0.08
1260 73 93 117 27 -0.05 -0.61 -0.01 -0.05 0.1 -0.04
1261 70 92 114 27 -0.05 -0.62 -0.01 -0.07 0.16 0.01
1262 68 92 116 28 -0.06 -0.6 -0.02 0.14 0.1 0.18
1263 66 93 116 29 -0.05 -0.46 -0.03 0.19 -0.03 0.14
1264 68 93 116 29 -0.03 -0.39 -0.02 0.19 -0.03 0.08
1265 69 93 116 28 -0.0 -0.24 -0.02 0.27 -0.03 0.07
1266 69 94 112 29 0.0 -0.18 -0.02 0.26 0.01 0.18
1267 64 93 110 28 0.02 -0.08 -0.02 0.26 0.06 0.2
1268 64 95 113 29 0.01 0.01 -0.02 0.16 0.03 0.12
1269 64 94 114 31 0.01 0.08 -0.01 0.04 0.06 0.06
1270 65 96 112 31 0.01 0.09 -0.01 0.01 0.07 0.0
1271 67 97 113 31 -0.01 0.08 -0.01 -0.03 0.06 -0.09
1272 68 97 109 31 -0.01 0.05 -0.01 -0.04 0.03 -0.12
1273 65 99 104 30 -0.01 0.03 -0.01 -0.07 0.01 -0.17
1274 62 98 105 31 0.01 0.01 -0.01 -0.05 0.0 -0.14
1275 60 97 103 32 0.01 -0.02 0.01 -0.03 0.0 -0.11
1276 57 98 105 32 0.02 -0.02 0.02 -0.06 -0.02 -0.12
1277 57 98 107 31 0.06 0.04 0.03 -0.03 -0.1 -0.18
1278 52 98 109 31 0.09 0.13 0.06 0.09 -0.01 -0.04
1279 52 98 107 31 0.09 0.15 0.06 0.11 -0.01 0.0
1280 49 97 103 32 0.05 0.13 0.07 0.16 0.14 0.12
1281 52 97 101 31 0.02 0.05 0.05 0.07 0.19 0.07
1282 54 97 103 32 0.01 0.0 0.04 0.05 0.21 -0.03
1283 52 96 103 32 0.01 -0.04 0.02 0.01 0.14 0.0
1284 48 95 101 31 0.01 -0.05 0.01 0.04 0.08 -0.03
