-1 -1 -1 -1 -1 -1 -1 -1 -1 -1 -1
1 16 114 54 25 0.04 0.01 0.0 0.0 -0.01 -0.21
2 18 120 54 25 0.05 0.06 -0.02 -0.29 -0.06 -0.24
3 17 110 53 25 0.05 0.06 -0.02 -0.43 -0.12 -0.17
4 17 105 53 28 0.02 0.04 -0.02 -0.46 -0.1 -0.13
5 16 99 52 27 -0.01 -0.03 0.01 -0.3 -0.03 -0.14
6 17 111 51 26 -0.02 -0.06 0.02 0.06 0.03 -0.13
7 17 104 52 26 -0.03 -0.1 0.05 0.11 0.07 -0.07
8 16 98 50 25 -0.04 -0.1 0.06 0.2 0.09 -0.04
9 17 95 50 24 -0.04 -0.1 0.06 0.19 0.13 0.05
10 17 92 49 28 -0.05 -0.08 0.05 0.14 0.15 0.11
11 17 90 49 26 -0.05 -0.04 0.04 0.0 0.01 0.24
12 17 88 49 26 -0.05 -0.03 0.03 -0.09 -0.02 0.18
13 17 85 49 25 -0.05 -0.03 0.03 -0.12 -0.01 0.14
14 16 83 47 25 -0.05 -0.03 0.02 -0.16 -0.03 0.05
15 17 83 47 25 -0.05 -0.03 0.02 -0.2 -0.05 0.06
16 18 81 48 27 -0.06 -0.04 0.02 -0.2 -0.04 0.05
17 18 81 49 26 -0.06 -0.06 0.02 -0.2 -0.03 0.07
18 18 78 48 25 -0.06 -0.06 0.02 -0.12 -0.09 0.0
19 18 75 48 24 -0.06 -0.06 0.01 -0.11 -0.04 0.01
20 18 76 49 24 -0.07 -0.06 0.01 -0.09 0.03 0.04
21 17 75 48 25 -0.06 -0.06 0.01 -0.08 0.12 0.06
22 17 76 49 27 -0.06 -0.06 0.01 -0.1 0.12 0.1
23 17 76 50 26 -0.05 -0.07 0.0 -0.03 0.15 0.16
24 17 77 50 25 -0.05 -0.06 0.0 -0.07 0.14 0.22
25 17 77 49 25 -0.05 -0.06 -0.01 -0.06 0.14 0.29
26 17 74 49 24 -0.05 -0.06 -0.01 -0.1 0.07 0.26
27 17 76 49 27 -0.05 -0.06 -0.01 -0.03 0.09 0.15
28 17 77 49 26 -0.05 -0.06 -0.01 -0.05 0.09 0.11
29 16 74 47 25 -0.04 -0.08 -0.0 -0.05 0.08 0.04
30 17 75 48 25 -0.04 -0.09 -0.0 -0.02 0.01 0.07
31 17 74 48 25 -0.03 -0.09 -0.01 -0.03 0.04 0.11
32 17 75 50 25 -0.03 -0.08 -0.01 -0.08 0.07 0.1
33 16 77 49 24 -0.03 -0.08 -0.01 -0.11 0.08 0.09
34 19 75 50 25 -0.04 -0.08 -0.01 -0.1 0.08 0.06
35 17 78 50 24 -0.04 -0.1 -0.01 -0.06 0.07 -0.06
36 25 82 50 24 -0.04 -0.1 -0.0 -0.13 0.05 -0.01
37 25 79 50 24 -0.03 -0.11 -0.02 -0.15 0.05 -0.01
38 25 80 50 21 -0.02 -0.1 -0.04 -0.23 0.01 0.02
39 28 89 50 24 -0.02 -0.11 -0.06 -0.32 0.0 0.1
40 29 97 51 24 -0.03 -0.13 -0.06 -0.34 -0.03 0.17
41 32 98 53 24 -0.03 -0.17 -0.04 -0.34 -0.05 0.1
42 56 99 54 24 -0.03 -0.2 -0.04 -0.29 -0.07 0.15
43 53 102 56 31 -0.04 -0.24 -0.05 -0.32 -0.08 0.25
44 68 123 59 75 -0.04 -0.27 -0.05 -0.31 -0.24 0.24
45 73 121 58 66 -0.01 -0.23 -0.05 -0.19 -0.25 -0.11
46 63 116 57 61 0.04 -0.17 -0.01 -0.52 -0.41 -0.09
47 59 109 59 52 0.1 -0.34 -0.03 -0.57 -0.48 -0.04
48 72 105 61 46 0.12 -0.43 -0.03 -0.18 -0.78 0.35
49 80 101 64 41 0.16 -0.5 -0.03 -0.05 -0.81 0.47
50 66 100 67 60 0.23 -0.41 -0.03 0.03 -0.75 0.71
51 67 101 66 73 0.26 -0.4 -0.05 0.25 -1.01 1.0
52 56 102 67 63 0.39 -0.55 -0.15 0.66 -0.83 1.05
53 50 114 67 55 0.5 -0.41 -0.2 0.82 -0.57 0.87
54 44 114 69 47 0.53 -0.26 -0.2 0.87 -0.42 0.82
55 49 108 71 43 0.57 0.07 -0.21 0.61 -0.33 0.79
56 53 113 72 43 0.59 0.25 -0.23 0.27 -0.44 0.89
57 46 123 73 44 0.62 0.24 -0.24 0.35 -0.32 0.84
58 47 132 72 39 0.66 0.18 -0.29 0.25 -0.39 0.98
59 59 150 71 36 0.7 0.12 -0.35 0.18 -0.49 0.94
60 49 145 69 34 0.74 0.06 -0.39 0.54 -0.32 0.61
61 43 134 70 31 0.82 0.01 -0.44 0.41 -0.25 0.51
62 44 129 70 30 0.83 0.08 -0.48 0.63 0.03 0.5
63 39 130 71 32 0.81 0.11 -0.49 0.58 -0.11 0.53
64 37 124 70 30 0.82 0.18 -0.53 0.37 0.03 0.47
65 53 130 69 29 0.84 0.2 -0.58 0.12 0.01 0.33
66 48 136 71 28 0.84 0.21 -0.61 0.05 0.1 -0.1
67 40 155 71 27 0.87 0.25 -0.64 0.05 0.09 -0.27
68 40 140 69 29 0.85 0.28 -0.63 0.02 0.23 -0.44
69 36 128 69 29 0.81 0.27 -0.62 -0.27 0.08 -0.2
70 50 120 69 28 0.73 0.19 -0.59 -0.27 0.06 -0.13
71 54 112 68 29 0.68 0.11 -0.57 -0.29 0.13 -0.34
72 57 106 68 29 0.66 0.11 -0.56 -0.23 0.22 -0.53
73 50 101 67 29 0.6 0.2 -0.53 -0.29 0.21 -0.57
74 43 95 68 28 0.54 0.34 -0.48 -0.25 0.42 -0.62
75 43 91 67 28 0.52 0.41 -0.46 -0.49 0.52 -0.72
76 53 89 67 28 0.47 0.44 -0.42 -0.53 0.6 -0.76
77 64 87 64 27 0.4 0.39 -0.39 -0.68 0.64 -0.85
78 55 86 64 29 0.34 0.34 -0.36 -0.68 0.72 -0.93
79 50 84 64 29 0.26 0.28 -0.31 -0.63 0.7 -0.94
80 54 83 62 33 0.14 0.22 -0.25 -0.62 0.49 -0.89
81 56 85 62 32 0.07 0.21 -0.22 -0.86 0.24 -0.88
82 50 84 60 30 -0.03 0.17 -0.15 -0.92 0.13 -0.61
83 64 92 61 29 -0.07 -0.01 -0.1 -0.78 0.04 -0.41
84 60 92 59 29 -0.09 -0.09 -0.08 -0.58 0.09 -0.28
85 61 90 59 28 -0.11 -0.07 -0.04 -0.23 0.02 -0.11
86 56 87 60 27 -0.11 0.04 -0.02 -0.16 0.12 0.07
87 53 90 59 29 -0.11 0.09 -0.02 -0.15 0.07 0.07
88 56 96 62 28 -0.1 0.2 -0.01 -0.15 0.03 0.18
89 55 97 65 29 -0.07 0.24 -0.0 -0.3 0.17 0.11
90 62 98 65 28 -0.06 0.24 0.01 -0.23 0.19 0.0
91 70 95 64 28 -0.04 0.22 0.04 -0.13 0.29 -0.13
92 63 90 64 32 -0.04 0.18 0.06 -0.11 0.35 -0.42
93 57 88 62 30 -0.03 0.16 0.07 -0.06 0.36 -0.49
94 60 86 62 29 -0.05 0.13 0.09 -0.01 0.24 -0.43
95 82 85 63 31 -0.05 0.07 0.1 0.02 0.2 -0.4
96 76 87 60 37 -0.06 0.05 0.1 -0.01 0.14 -0.38
97 71 86 58 37 -0.07 -0.01 0.1 -0.03 0.01 -0.16
98 62 91 57 33 -0.06 -0.09 0.08 -0.06 -0.07 0.03
99 60 89 55 32 -0.04 -0.12 0.07 0.08 -0.1 0.14
100 59 89 54 30 -0.02 -0.1 0.06 0.11 -0.15 0.27
101 52 101 54 29 -0.01 -0.03 0.06 0.09 -0.09 0.26
102 45 123 56 28 0.01 0.01 0.06 0.09 -0.08 0.23
103 42 184 57 28 0.08 0.08 0.05 0.26 -0.02 0.02
104 38 196 62 27 0.17 0.19 0.06 0.19 0.03 -0.16
105 35 208 62 30 0.2 0.23 0.07 0.27 -0.04 -0.29
106 33 195 61 30 0.14 0.34 0.11 0.11 0.04 -0.19
107 34 219 79 29 0.11 0.33 0.1 -0.01 -0.01 0.02
108 45 202 84 27 0.08 0.29 0.1 0.23 0.0 0.18
109 40 211 82 27 0.07 0.29 0.1 -0.09 0.08 0.28
110 46 209 85 28 0.07 0.31 0.09 0.08 -0.02 0.32
111 41 223 81 33 0.01 0.41 0.03 0.07 -0.06 0.31
112 37 248 80 31 -0.13 0.63 0.0 0.12 -0.14 0.25
113 38 227 79 29 -0.06 0.86 0.01 -0.02 -0.03 -0.28
114 36 224 96 29 -0.1 0.9 0.03 -0.06 -0.11 -0.23
115 35 213 95 28 -0.05 0.8 0.04 -0.71 -0.06 -0.17
116 43 189 88 27 0.01 0.56 -0.01 -0.49 0.06 0.15
117 41 184 81 26 0.03 0.46 -0.03 -0.16 0.02 0.66
118 54 180 77 26 0.04 0.47 -0.06 0.12 0.05 0.36
119 53 184 73 25 -0.03 0.48 -0.03 0.03 -0.06 0.0
120 51 168 72 26 -0.04 0.43 -0.03 -0.01 -0.08 0.14
121 52 158 75 29 -0.08 0.37 0.01 -0.21 -0.12 0.33
122 50 153 76 28 -0.08 0.3 0.03 0.08 -0.1 0.3
123 49 176 73 27 -0.07 0.3 0.02 0.22 -0.11 -0.11
124 50 174 70 26 -0.1 0.29 0.03 0.14 -0.16 -0.13
125 48 167 74 26 -0.1 0.28 0.04 0.02 -0.19 0.13
126 48 169 74 29 -0.1 0.23 0.05 -0.13 -0.17 0.17
127 45 165 74 28 -0.08 0.13 0.04 -0.12 -0.17 0.14
128 46 181 76 27 -0.04 0.06 0.02 -0.1 -0.15 0.11
129 54 185 78 27 -0.04 0.02 0.02 -0.01 -0.17 0.12
130 55 172 83 27 -0.02 -0.04 0.02 0.05 -0.12 0.23
131 59 167 86 26 0.0 -0.01 0.01 0.14 -0.04 0.18
132 59 160 86 26 -0.0 0.02 0.01 0.16 -0.01 0.16
133 53 153 86 32 -0.0 0.1 0.01 0.03 -0.04 0.23
134 50 156 88 31 -0.01 0.17 0.0 -0.09 0.0 0.1
135 59 147 84 31 -0.02 0.18 -0.0 -0.06 0.0 -0.01
136 58 138 86 31 -0.03 0.15 -0.0 -0.11 -0.04 -0.17
137 60 133 88 32 -0.06 0.13 0.01 -0.19 -0.03 -0.06
138 59 137 89 30 -0.07 0.1 0.02 -0.23 -0.02 -0.01
139 56 134 85 33 -0.06 0.06 0.03 -0.18 -0.03 -0.02
140 56 132 89 31 -0.05 0.03 0.04 -0.2 -0.03 -0.08
141 74 129 90 29 -0.05 0.01 0.04 -0.18 0.01 -0.04
142 73 131 90 28 -0.04 -0.04 0.03 -0.1 0.0 0.04
143 67 140 90 35 -0.02 -0.05 0.03 0.0 0.07 0.08
144 62 144 89 31 -0.03 -0.04 0.02 0.05 0.04 0.1
145 58 150 90 31 -0.02 -0.0 0.02 0.14 0.05 0.14
146 60 152 95 28 -0.01 0.07 0.02 0.08 0.06 0.12
147 65 141 93 30 -0.0 0.1 0.02 -0.02 0.01 0.11
148 63 130 95 29 0.01 0.14 0.02 -0.17 0.0 0.03
149 53 122 98 28 0.02 0.11 0.02 -0.16 0.03 -0.03
150 58 120 97 27 0.03 0.09 0.03 -0.17 0.04 -0.04
151 50 117 99 26 0.02 0.07 0.04 -0.17 0.04 0.0
152 51 123 104 26 0.01 0.09 0.05 -0.11 0.03 -0.03
153 47 146 104 27 0.01 0.12 0.06 -0.07 0.01 -0.12
154 44 169 104 29 -0.0 0.15 0.06 -0.21 0.0 -0.15
155 40 182 103 28 -0.02 0.15 0.07 -0.12 -0.06 -0.2
156 38 204 113 28 -0.03 0.15 0.08 -0.17 -0.04 -0.18
157 38 232 111 27 -0.05 0.13 0.1 -0.16 -0.12 -0.13
158 34 254 116 27 -0.04 0.03 0.13 -0.26 -0.16 0.11
159 37 271 122 30 -0.03 -0.01 0.15 -0.18 -0.07 0.29
160 42 263 122 32 -0.04 -0.13 0.2 -0.41 0.0 0.42
161 44 332 121 40 -0.08 -0.43 0.21 -0.04 0.12 0.38
162 45 315 120 44 -0.15 -0.56 0.18 -0.06 0.02 0.35
163 44 321 126 41 -0.2 -0.53 0.1 0.38 0.1 0.45
164 48 296 123 38 -0.16 -0.27 0.03 0.3 0.05 0.17
165 45 298 119 42 -0.2 -0.18 -0.0 0.2 0.0 0.11
166 45 285 117 39 -0.22 -0.17 -0.01 -0.24 -0.24 -0.19
167 44 283 121 36 -0.16 -0.35 -0.01 -0.55 -0.35 0.08
168 54 273 118 32 -0.15 -0.48 0.01 -0.35 -0.23 0.33
169 60 272 116 31 -0.09 -0.64 0.0 -0.04 -0.16 0.2
170 53 289 111 29 -0.05 -0.59 0.01 0.34 -0.01 0.01
171 45 296 112 32 -0.04 -0.5 0.0 0.39 0.03 0.07
172 53 300 114 31 -0.02 -0.33 0.0 0.22 -0.05 0.16
173 60 309 114 29 -0.02 -0.24 0.0 0.04 0.0 0.17
174 56 327 113 28 -0.01 -0.21 -0.0 0.07 0.0 0.03
175 51 322 110 27 -0.02 -0.12 -0.02 -0.05 0.01 -0.11
176 45 294 112 27 -0.02 -0.09 -0.02 -0.04 -0.09 -0.2
177 41 322 112 26 -0.01 -0.09 -0.02 -0.12 -0.04 -0.15
178 38 307 111 26 -0.0 -0.13 0.01 -0.14 -0.03 0.07
179 41 280 110 29 0.01 -0.14 0.02 -0.12 -0.05 0.23
180 39 286 107 28 0.02 -0.12 0.03 -0.07 -0.02 0.18
181 40 272 108 28 0.01 -0.07 0.04 0.08 -0.04 0.06
182 36 244 104 29 0.01 -0.04 0.05 0.03 -0.1 -0.1
183 34 240 111 29 0.01 0.03 0.07 -0.01 -0.1 -0.11
184 35 223 110 28 0.04 0.01 0.08 -0.07 -0.11 0.1
185 36 211 108 28 0.08 -0.04 0.06 0.0 0.0 0.1
186 36 209 128 29 0.09 -0.05 0.05 0.01 0.01 0.07
187 51 195 125 27 0.14 -0.08 0.03 0.04 -0.04 0.02
188 54 197 150 36 0.2 -0.12 0.03 -0.15 -0.11 0.1
189 53 183 161 36 0.24 -0.13 0.03 -0.07 -0.15 0.37
190 55 168 169 34 0.21 -0.0 0.04 0.08 0.18 0.44
191 57 152 158 35 0.13 0.18 -0.05 0.79 0.24 -0.1
192 68 140 154 34 0.07 0.3 -0.07 0.57 0.18 -0.18
193 65 131 141 31 -0.03 0.7 -0.04 -0.55 0.0 -0.42
194 59 122 138 30 0.03 0.79 -0.02 -0.09 -0.44 0.13
195 55 118 129 30 -0.02 0.91 0.01 -0.74 0.07 -0.12
196 49 118 125 29 -0.07 0.81 0.0 -0.07 -0.16 0.01
197 45 118 118 28 -0.12 0.71 0.03 -0.84 -0.01 0.17
198 48 120 117 28 -0.18 0.58 0.06 -0.32 0.06 0.29
199 59 122 116 26 -0.14 0.38 0.07 -0.23 0.16 0.07
200 51 125 110 27 -0.05 0.22 0.04 0.15 0.08 0.24
201 46 119 109 27 -0.03 0.21 0.04 0.0 0.09 0.29
202 48 114 105 26 -0.0 0.17 0.03 -0.23 0.14 0.34
203 42 119 104 26 0.0 0.04 0.0 -0.05 0.1 0.2
204 52 128 105 27 0.01 -0.0 -0.01 0.07 0.1 0.08
205 49 127 97 29 0.01 -0.03 -0.0 0.12 0.05 0.11
206 46 125 102 37 -0.01 -0.01 0.0 -0.01 0.0 0.16
207 50 122 100 34 -0.01 -0.0 0.01 -0.01 -0.03 0.15
208 48 120 101 33 0.01 -0.01 0.0 -0.04 -0.09 0.07
209 45 124 98 31 0.0 -0.03 0.01 0.09 0.0 0.14
210 49 126 106 30 0.02 -0.06 0.01 0.07 0.03 0.07
211 46 124 107 34 0.02 -0.07 0.0 0.08 0.09 0.01
212 46 129 109 33 0.01 -0.08 -0.02 -0.12 0.11 0.02
213 42 122 106 32 0.01 -0.08 -0.01 -0.23 0.01 0.06
214 46 133 106 31 0.0 -0.16 -0.02 -0.22 0.01 0.51
215 45 142 98 29 0.02 -0.18 -0.02 -0.12 0.03 0.38
216 40 151 95 29 0.03 -0.16 -0.01 -0.04 0.05 0.27
217 41 138 93 29 0.03 -0.06 -0.02 -0.05 0.06 0.02
218 46 135 97 28 0.03 -0.02 -0.01 -0.16 0.1 -0.04
219 45 133 101 27 0.03 -0.03 -0.01 -0.1 0.09 0.0
220 42 132 95 28 0.02 -0.03 -0.01 -0.14 0.05 0.08
221 40 127 96 27 -0.01 -0.01 -0.01 -0.14 0.05 0.03
222 59 136 94 26 -0.02 0.0 -0.0 -0.14 0.0 -0.05
223 54 135 93 28 -0.04 0.01 0.01 -0.16 0.01 -0.07
224 58 142 85 27 -0.05 0.02 0.01 -0.06 0.01 -0.03
225 50 146 89 26 -0.05 0.01 0.02 0.0 0.0 -0.03
226 44 147 94 25 -0.05 0.03 0.02 -0.02 0.05 0.16
227 42 149 93 26 -0.05 0.03 0.02 -0.02 0.01 0.33
228 43 148 90 26 -0.05 0.05 0.03 -0.04 0.02 0.21
229 42 140 89 26 -0.03 0.08 0.02 -0.03 0.02 0.05
230 39 149 83 26 -0.01 0.07 0.03 -0.18 -0.02 0.08
231 53 142 89 26 -0.01 0.04 0.03 -0.13 0.0 0.11
232 47 149 92 25 0.01 -0.02 0.02 -0.11 -0.01 0.27
233 51 143 89 25 0.01 -0.03 0.02 -0.03 -0.02 0.21
234 48 141 86 27 0.01 -0.02 0.0 -0.08 -0.02 0.12
235 45 140 86 27 0.01 0.0 0.01 -0.11 -0.05 0.09
236 42 134 85 26 0.01 -0.02 0.01 -0.02 -0.05 0.08
237 44 133 86 26 0.01 -0.02 0.0 -0.01 0.0 0.09
238 41 149 86 26 0.01 -0.02 -0.01 0.02 -0.02 0.12
239 43 137 85 25 -0.01 -0.0 -0.01 0.02 0.01 0.0
240 40 141 86 25 -0.01 -0.01 -0.02 0.06 0.01 -0.03
241 36 151 85 27 -0.03 0.0 -0.02 0.0 0.03 0.01
242 34 157 86 26 -0.03 -0.0 -0.02 0.02 0.0 0.06
243 32 140 88 26 -0.02 -0.0 -0.02 -0.04 0.0 0.09
244 30 132 92 25 -0.0 -0.01 -0.02 -0.14 -0.05 0.18
245 36 130 89 26 0.01 -0.04 -0.03 -0.1 -0.06 0.11
246 34 131 91 25 0.02 -0.05 -0.03 -0.23 -0.04 0.18
247 33 135 90 25 0.02 -0.09 -0.03 -0.16 -0.03 0.15
248 34 136 91 25 0.02 -0.07 -0.02 -0.12 -0.01 0.12
249 45 144 90 25 0.01 -0.06 -0.02 -0.06 0.0 0.16
250 46 141 91 24 0.0 -0.01 0.0 -0.13 -0.02 0.09
251 43 139 90 25 0.01 -0.01 0.01 -0.16 -0.12 0.13
252 40 129 89 24 0.03 -0.04 0.02 -0.1 -0.09 0.12
253 38 124 88 24 0.04 -0.05 0.01 0.02 -0.02 0.07
254 35 116 89 24 0.04 -0.04 0.01 0.05 0.0 0.12
255 37 111 90 24 0.03 -0.03 0.0 0.01 0.0 0.13
256 33 114 89 24 0.03 -0.03 -0.01 0.03 0.04 0.1
257 37 112 92 24 0.03 -0.02 -0.01 0.12 0.08 0.0
258 43 112 89 24 0.01 0.0 -0.02 0.0 0.1 -0.05
259 45 105 90 24 -0.01 -0.0 -0.03 -0.14 0.06 0.0
260 38 103 91 24 -0.01 -0.01 -0.04 -0.15 -0.06 0.18
261 35 98 91 26 -0.01 -0.02 -0.03 -0.17 -0.05 0.18
262 39 96 91 27 0.0 -0.01 -0.01 -0.08 0.02 0.05
263 37 101 92 26 0.0 -0.0 0.0 -0.08 0.09 0.0
264 32 105 92 25 -0.0 0.03 0.02 -0.05 0.07 0.0
265 32 101 92 26 -0.0 0.04 0.02 -0.09 0.09 0.09
266 33 105 90 25 -0.0 0.04 0.02 -0.12 0.06 0.08
267 41 110 89 27 0.0 0.05 0.01 -0.06 0.04 0.0
268 43 106 90 27 0.0 0.04 0.01 -0.08 0.02 -0.01
269 38 101 89 26 0.0 0.05 0.02 -0.01 -0.01 -0.04
270 38 95 88 26 0.01 0.11 0.02 -0.03 -0.06 0.03
271 36 93 88 25 0.01 0.16 0.04 -0.02 -0.11 0.25
272 32 91 87 27 0.02 0.15 0.02 -0.06 0.05 0.21
273 30 92 87 27 0.01 0.11 0.03 -0.05 0.05 0.19
274 31 93 86 26 0.0 0.06 0.01 -0.06 -0.01 0.19
275 32 97 86 25 0.0 0.04 0.01 -0.09 -0.05 0.09
276 29 97 85 24 0.01 0.02 0.01 -0.09 0.06 0.12
277 28 95 85 24 0.02 -0.01 0.0 -0.09 0.05 0.29
278 31 99 82 23 0.03 -0.01 -0.01 -0.07 0.1 0.39
279 28 99 83 24 0.02 0.0 -0.03 -0.08 0.08 0.32
280 34 96 83 24 0.02 0.02 -0.02 -0.11 0.09 0.19
281 30 93 82 25 0.01 0.03 -0.02 -0.14 0.01 0.04
282 30 92 82 24 0.01 0.04 0.0 -0.21 -0.05 0.06
283 29 114 82 24 0.01 0.03 0.02 -0.19 -0.03 0.12
284 29 117 82 25 0.01 0.03 0.02 -0.09 -0.03 0.17
285 27 111 81 25 0.03 0.05 0.02 -0.05 -0.02 0.17
286 33 117 82 24 0.04 0.1 0.03 0.01 0.0 0.08
287 35 117 81 25 0.04 0.1 0.03 -0.03 -0.04 0.07
288 36 114 80 25 0.06 0.12 0.01 0.09 0.0 0.03
289 35 110 79 25 0.05 0.12 -0.0 -0.03 0.01 0.06
290 32 104 78 25 0.05 0.11 -0.02 -0.05 0.05 0.02
291 32 99 79 25 0.04 0.06 -0.01 -0.13 0.0 -0.03
292 31 97 76 25 0.03 0.01 -0.02 -0.06 0.03 -0.06
293 31 95 76 24 0.02 -0.01 -0.02 -0.04 0.05 -0.01
294 28 90 78 24 0.01 -0.01 -0.01 -0.05 0.04 0.0
295 28 106 75 25 -0.01 0.01 -0.02 -0.08 0.04 -0.02
296 32 117 75 24 -0.01 0.01 -0.01 -0.07 0.03 -0.05
297 32 126 74 24 -0.02 0.01 -0.01 -0.07 0.0 -0.03
298 31 126 72 25 -0.01 0.0 -0.01 -0.08 0.07 -0.01
299 27 129 76 24 -0.02 0.01 -0.01 -0.1 0.03 0.06
300 25 180 80 24 -0.02 0.01 -0.01 -0.1 0.03 0.07
301 25 241 81 26 0.01 0.0 -0.02 -0.12 -0.02 0.13
302 23 263 81 25 0.02 0.02 -0.02 -0.16 -0.09 0.16
303 23 354 97 25 0.07 0.01 -0.0 -0.03 -0.19 0.14
304 28 471 96 25 0.02 0.02 0.05 -0.52 -0.07 0.18
305 27 453 95 33 0.0 -0.07 0.08 -0.47 0.0 0.23
306 31 445 91 33 -0.11 -0.3 0.06 -0.43 0.21 0.63
307 32 432 92 32 -0.28 -0.35 0.02 -0.3 0.4 0.62
308 32 411 95 30 -0.34 -0.31 0.0 0.36 0.27 -0.38
309 32 391 94 29 -0.26 -0.09 -0.01 0.27 0.01 -0.66
310 39 387 94 30 -0.38 0.11 0.04 -0.13 -0.08 -0.57
311 41 357 93 28 -0.31 0.06 0.06 -0.75 -0.17 0.0
312 38 306 89 28 -0.14 -0.29 0.03 -0.56 -0.24 0.35
313 35 283 86 28 -0.05 -0.5 0.02 -0.04 0.07 0.47
314 33 258 85 26 -0.02 -0.49 0.01 0.22 0.11 0.44
315 32 273 83 27 -0.0 -0.23 0.02 0.5 0.25 0.14
316 31 263 81 28 -0.01 0.07 0.03 0.32 0.15 -0.06
317 30 285 79 27 -0.01 0.11 0.03 -0.01 0.08 -0.22
318 28 257 76 36 -0.0 0.04 0.02 -0.47 0.06 -0.19
319 26 235 75 33 0.01 -0.08 0.01 -0.16 0.01 -0.04
320 25 224 73 33 0.01 -0.1 0.01 -0.01 -0.01 0.16
321 23 220 72 31 0.03 -0.07 0.02 0.01 -0.05 0.24
322 28 227 69 30 0.08 -0.02 0.04 -0.08 -0.1 0.21
323 27 224 73 28 0.13 -0.03 0.05 -0.07 -0.04 0.14
324 32 205 83 33 0.21 -0.05 0.06 -0.02 -0.01 0.07
325 34 196 110 32 0.25 -0.06 0.05 -0.11 0.07 0.08
326 34 176 102 36 0.28 -0.09 0.05 -0.11 0.11 0.09
327 33 154 97 34 0.27 -0.11 0.02 -0.25 0.25 0.58
328 37 141 95 32 0.16 0.11 -0.05 0.45 0.31 0.42
329 36 129 102 32 0.09 0.32 -0.07 0.52 0.32 0.18
330 43 124 99 30 0.05 0.65 -0.04 0.19 -0.08 -0.62
331 41 122 98 29 -0.03 0.87 0.05 -0.38 -0.17 0.0
332 47 124 91 27 -0.06 0.92 0.07 -0.47 -0.18 0.03
333 46 126 89 26 -0.06 0.84 0.09 -0.61 -0.17 -0.27
334 45 122 86 26 -0.08 0.67 0.14 -0.51 0.03 0.08
335 41 126 83 26 -0.08 0.58 0.14 -0.32 0.06 0.28
336 38 125 81 25 -0.07 0.44 0.12 -0.27 0.14 0.03
337 42 131 79 24 -0.06 0.34 0.1 0.19 0.16 0.25
338 38 142 83 25 -0.05 0.34 0.09 0.09 0.15 0.32
339 37 135 80 25 -0.02 0.29 0.07 -0.24 0.14 0.43
340 33 137 75 25 -0.02 0.18 0.02 -0.08 0.15 0.16
341 33 145 73 25 -0.02 0.14 0.01 0.03 0.13 0.07
342 31 145 73 24 -0.03 0.04 -0.0 0.0 0.06 0.01
343 34 148 73 24 -0.02 -0.02 0.0 -0.04 -0.01 0.18
344 38 139 71 25 -0.02 -0.04 0.0 -0.02 0.0 0.22
345 34 155 70 25 -0.02 -0.07 -0.0 -0.11 0.0 0.44
346 32 173 70 29 -0.02 -0.07 -0.0 -0.03 -0.02 0.47
347 29 183 73 29 -0.01 -0.05 -0.01 -0.05 -0.01 0.44
348 27 211 74 29 -0.01 -0.03 -0.01 -0.11 -0.16 0.25
349 27 245 76 27 0.01 -0.05 0.01 -0.21 -0.11 0.05
350 29 252 83 27 0.01 -0.07 0.02 -0.13 -0.2 0.06
351 28 287 81 30 0.01 -0.2 0.06 -0.27 -0.04 0.24
352 27 268 80 31 -0.02 -0.48 0.07 -0.24 0.25 0.2
353 39 281 79 32 -0.06 -0.61 0.05 -0.24 0.32 0.1
354 44 267 83 33 -0.21 -0.68 -0.03 0.0 0.46 -0.11
355 41 248 88 31 -0.25 -0.57 -0.08 0.04 0.36 -0.24
356 37 264 85 30 -0.23 -0.51 -0.1 0.07 0.27 -0.43
357 37 269 83 30 -0.22 -0.34 -0.1 -0.08 -0.06 0.0
358 39 264 78 27 -0.1 -0.31 -0.04 0.0 -0.17 0.07
359 37 268 76 29 -0.05 -0.28 -0.02 -0.15 -0.05 0.15
360 33 238 82 27 -0.02 -0.25 0.0 -0.26 -0.02 0.38
361 31 223 84 29 -0.03 -0.17 0.0 -0.15 0.02 0.2
362 33 232 82 28 -0.03 -0.13 0.01 -0.23 0.0 0.15
363 31 243 79 27 0.01 -0.17 0.01 -0.17 0.0 0.1
364 30 222 78 26 0.03 -0.16 0.02 0.07 0.1 0.11
365 31 241 75 28 0.03 -0.13 0.02 0.02 0.1 0.11
366 31 242 73 27 0.01 -0.04 0.03 -0.01 0.11 0.13
367 33 250 73 27 -0.02 -0.01 0.03 -0.02 0.13 0.01
368 29 232 69 26 -0.03 -0.0 0.03 -0.05 0.05 -0.05
369 32 214 68 25 -0.02 -0.03 0.02 0.01 0.03 -0.13
370 31 192 66 29 0.01 -0.06 0.02 0.12 -0.01 -0.02
371 31 185 65 27 0.03 -0.06 0.02 0.1 -0.05 0.14
372 34 177 69 28 0.08 -0.04 0.02 0.01 -0.1 0.22
373 42 176 81 27 0.15 -0.04 0.03 0.06 -0.02 0.13
374 39 160 84 26 0.19 -0.05 0.03 0.15 0.0 0.04
375 39 144 92 26 0.27 -0.02 0.03 -0.18 0.12 0.27
376 38 131 87 37 0.25 0.07 -0.01 -0.1 0.22 0.22
377 37 146 85 39 0.22 0.12 -0.02 -0.04 0.27 0.21
378 38 145 79 38 0.1 0.32 -0.06 0.39 0.19 0.25
379 41 141 77 35 0.06 0.69 -0.07 0.23 0.09 -0.22
380 41 150 83 33 -0.0 0.8 -0.03 -0.14 -0.15 -0.49
381 47 144 84 30 -0.06 0.83 0.05 -0.34 -0.16 -0.28
382 43 142 84 29 -0.08 0.7 0.09 -0.71 -0.07 0.1
383 38 133 81 28 -0.07 0.59 0.09 -0.64 -0.02 0.27
384 38 130 78 27 -0.04 0.39 0.08 -0.36 0.12 0.35
385 35 140 81 27 -0.02 0.24 0.06 -0.16 0.21 0.32
386 32 131 78 26 -0.01 0.18 0.05 -0.25 0.25 0.19
387 35 129 80 26 -0.01 0.05 0.03 -0.09 0.17 0.25
388 39 122 78 26 0.03 -0.05 0.02 -0.21 0.18 0.36
389 41 137 74 27 0.03 -0.09 0.01 -0.09 0.2 0.28
390 37 154 72 28 0.0 -0.14 -0.02 -0.02 0.12 0.14
391 36 158 69 27 -0.02 -0.15 -0.03 -0.08 0.05 0.08
392 32 153 71 27 -0.02 -0.16 -0.02 -0.05 0.09 0.04
393 34 147 78 27 -0.04 -0.14 -0.01 -0.03 0.0 0.21
394 32 146 77 26 -0.06 -0.09 0.0 -0.09 0.01 0.3
395 34 149 72 25 -0.06 -0.07 0.01 -0.1 0.0 0.26
396 35 150 72 26 -0.05 -0.04 0.01 -0.17 0.03 0.11
397 32 166 70 26 -0.04 -0.06 0.0 0.0 0.03 0.16
398 29 176 75 25 -0.03 -0.06 0.0 -0.04 -0.02 0.12
-200 -200 -200 -200 -200 -200 -200 -200 -200 -200 -200
399 27 183 76 25 -0.0 -0.09 0.0 -0.21 -0.09 0.18
400 36 196 73 26 0.03 -0.19 -0.0 -0.31 -0.13 0.24
401 37 212 74 36 0.03 -0.27 -0.01 -0.26 -0.05 0.17
402 39 222 76 48 0.0 -0.5 0.0 -0.58 0.12 -0.05
403 34 240 78 46 -0.12 -0.79 -0.02 -0.39 0.21 0.02
404 38 243 78 44 -0.21 -0.92 -0.04 -0.43 0.35 -0.03
405 47 235 83 50 -0.29 -1.11 -0.07 -0.08 0.42 0.0
406 45 251 83 44 -0.3 -0.96 -0.11 0.42 0.27 0.01
407 43 251 85 40 -0.3 -0.72 -0.12 0.6 0.26 -0.07
408 40 261 85 37 -0.28 -0.35 -0.1 0.5 -0.35 -0.32
409 45 241 89 34 -0.15 -0.17 -0.02 -0.18 -0.28 0.06
410 41 237 89 32 -0.13 -0.2 -0.0 -0.72 -0.16 0.44
411 45 256 88 30 -0.09 -0.3 -0.0 -0.41 -0.24 0.44
412 42 270 87 29 -0.04 -0.22 0.0 0.03 0.03 0.17
413 37 270 84 28 -0.04 -0.14 0.01 0.07 0.04 0.05
414 34 268 84 28 -0.05 -0.03 0.04 -0.05 0.02 -0.14
415 34 270 83 27 -0.05 -0.05 0.05 -0.16 0.02 0.06
416 42 257 85 27 -0.05 -0.07 0.04 -0.07 0.04 0.09
417 36 224 85 26 -0.03 -0.06 0.03 0.07 0.03 0.07
418 33 251 80 26 -0.01 -0.04 0.02 0.0 0.01 0.07
419 32 219 84 26 0.01 -0.05 0.02 0.02 0.0 0.03
420 29 220 81 26 0.04 -0.04 0.01 0.05 -0.03 0.03
421 33 198 85 26 0.13 -0.12 0.01 0.09 -0.11 -0.36
422 35 209 85 25 0.24 -0.22 0.02 0.05 -0.04 -0.48
423 37 188 96 25 0.27 -0.3 0.04 -0.21 -0.01 -0.34
424 45 166 100 26 0.24 -0.26 0.02 -0.44 0.16 0.31
425 50 151 103 26 0.22 -0.24 -0.01 -0.2 0.31 0.74
426 48 135 101 25 0.1 -0.01 -0.07 -0.15 0.25 0.89
427 44 123 99 25 0.02 0.14 -0.1 0.0 0.14 0.48
428 49 119 106 24 0.03 0.16 -0.13 0.25 0.12 0.27
429 50 117 105 27 -0.03 0.3 -0.13 0.14 0.01 -0.4
430 49 117 98 26 -0.13 0.49 -0.06 -0.28 -0.13 -0.45
431 75 119 90 25 -0.17 0.5 -0.04 -0.39 -0.17 -0.39
432 68 128 93 25 -0.22 0.38 0.01 -0.49 -0.06 -0.19
433 63 122 98 26 -0.23 0.25 -0.0 -0.07 0.0 0.15
434 58 136 91 25 -0.19 0.24 -0.0 -0.02 0.06 0.16
435 51 134 88 26 -0.13 0.24 -0.01 -0.07 0.04 0.37
436 50 128 84 26 -0.05 0.25 -0.01 -0.24 0.21 0.27
437 43 131 80 25 -0.02 0.24 -0.01 -0.17 0.13 0.24
438 40 132 76 25 -0.02 0.25 -0.03 -0.32 0.17 -0.05
439 40 135 71 25 -0.02 0.17 -0.02 -0.42 0.16 -0.21
440 34 126 72 24 -0.03 0.1 -0.01 -0.25 0.19 -0.18
441 41 127 74 26 -0.03 0.01 0.0 -0.21 0.17 -0.19
442 38 128 77 25 -0.05 -0.03 0.02 -0.2 0.27 0.15
443 35 131 76 25 -0.05 -0.03 0.02 -0.19 0.29 0.26
444 32 130 72 25 -0.06 -0.03 0.03 -0.18 0.22 0.43
445 34 143 72 24 -0.06 -0.02 0.03 -0.13 0.17 0.36
446 33 132 73 24 -0.06 -0.03 0.03 -0.07 0.12 0.35
447 31 132 74 24 -0.02 -0.04 0.04 0.02 0.11 0.29
448 34 147 69 24 0.01 -0.04 0.03 -0.08 0.07 0.36
449 37 156 80 24 0.03 -0.06 0.02 -0.16 0.0 0.38
450 40 167 86 27 0.07 -0.11 0.01 -0.15 -0.05 0.35
451 46 214 85 26 0.12 -0.19 0.01 -0.17 -0.19 0.35
452 49 216 81 25 0.15 -0.25 0.01 -0.14 -0.12 0.38
453 46 236 86 34 0.16 -0.41 0.01 -0.62 -0.05 0.37
454 42 251 81 32 -0.01 -0.72 -0.02 -0.4 0.46 0.1
455 42 265 95 30 -0.14 -0.86 -0.05 -0.23 0.33 0.03
456 38 263 90 29 -0.28 -0.88 -0.12 -0.01 0.15 -0.59
457 41 271 99 29 -0.16 -0.67 -0.13 0.85 0.2 -0.68
458 39 243 94 27 -0.24 -0.44 -0.17 0.05 -0.57 -0.86
459 36 236 93 27 -0.11 -0.42 -0.05 -0.24 0.0 -0.15
460 36 222 90 27 -0.08 -0.45 -0.05 -0.17 -0.15 0.59
461 36 247 86 27 -0.1 -0.34 -0.06 -0.24 -0.06 0.53
462 42 228 80 26 -0.09 -0.19 -0.04 -0.06 0.19 0.37
463 47 208 78 26 -0.09 -0.09 -0.03 -0.22 0.19 0.02
464 45 205 80 26 -0.09 0.05 -0.01 -0.25 0.22 -0.17
465 43 194 78 25 -0.08 0.03 0.02 -0.31 0.25 -0.09
466 40 188 80 25 -0.06 -0.01 0.02 -0.23 0.27 0.08
467 44 207 76 25 -0.04 -0.06 0.01 -0.19 0.28 0.13
468 40 199 77 25 -0.02 -0.07 0.0 -0.05 0.18 0.15
469 36 227 74 26 -0.02 -0.04 0.0 -0.03 0.19 0.02
470 33 210 73 25 -0.02 0.01 0.0 -0.14 0.11 -0.13
471 34 213 73 26 0.0 -0.0 0.01 -0.11 0.0 -0.14
472 35 189 74 25 0.02 -0.01 0.01 0.01 -0.13 0.0
473 31 184 83 29 0.07 -0.05 0.03 -0.01 -0.1 0.07
474 41 175 92 30 0.15 -0.07 0.03 0.1 0.04 0.15
475 41 165 88 28 0.23 -0.11 0.03 0.08 -0.02 0.19
476 41 149 97 27 0.28 -0.03 0.02 0.27 0.09 0.29
477 39 138 94 27 0.23 0.29 0.03 0.04 0.24 0.47
478 35 126 85 28 0.18 0.51 0.0 0.18 0.25 0.49
479 36 124 78 27 0.03 0.9 -0.05 -0.19 0.06 0.03
480 33 122 74 26 0.03 0.98 -0.04 -0.03 -0.05 -0.36
481 31 127 69 27 0.04 0.99 -0.01 -0.15 -0.11 -0.47
482 28 128 75 26 0.02 1.11 0.06 -0.39 -0.16 -0.39
483 26 127 82 25 -0.05 1.02 0.11 -0.55 -0.21 -0.19
484 30 130 80 25 -0.01 0.9 0.12 -0.56 -0.02 0.12
485 32 128 73 25 0.02 0.58 0.13 -0.55 0.02 0.21
486 38 126 69 25 0.07 0.35 0.12 -0.24 0.2 -0.06
487 42 126 66 25 0.06 0.29 0.12 -0.24 0.26 -0.05
488 38 131 69 25 0.06 0.25 0.12 -0.36 0.22 -0.07
489 36 131 70 25 0.06 0.11 0.09 -0.55 0.18 0.22
490 33 139 70 22 0.07 0.03 0.07 -0.4 0.22 0.61
491 37 146 66 24 0.07 -0.07 0.02 -0.28 0.21 0.43
492 33 134 62 25 0.04 -0.09 -0.01 0.17 0.19 -0.01
493 35 132 60 26 0.01 -0.05 -0.02 0.11 -0.01 -0.36
494 33 133 61 25 -0.05 0.02 0.0 -0.07 -0.02 -0.27
495 32 129 62 25 -0.03 -0.02 0.0 -0.33 -0.1 0.12
496 28 131 61 25 -0.04 -0.07 -0.01 -0.33 0.0 0.15
497 32 130 62 24 -0.04 -0.16 -0.02 -0.27 -0.04 0.17
498 30 141 61 25 -0.04 -0.2 -0.03 0.06 -0.05 0.18
499 28 138 62 25 -0.04 -0.17 -0.02 0.04 -0.04 0.25
500 29 135 65 25 -0.04 -0.06 -0.01 -0.01 -0.06 0.25
501 27 134 64 25 -0.02 -0.01 -0.01 -0.11 0.0 0.22
502 28 131 66 25 -0.01 -0.02 -0.01 -0.28 0.03 0.22
503 25 150 66 26 0.02 -0.1 -0.03 -0.17 0.04 0.25
504 23 195 73 30 0.02 -0.17 -0.05 -0.16 0.12 0.14
505 24 203 75 35 0.01 -0.2 -0.05 -0.04 -0.01 0.12
506 25 225 80 33 0.01 -0.26 -0.05 -0.09 -0.01 0.09
507 30 229 80 32 -0.0 -0.32 -0.01 -0.6 0.1 0.13
508 35 250 83 31 -0.04 -0.42 0.0 -0.54 0.32 0.14
509 42 271 80 28 -0.18 -0.67 -0.01 -0.79 0.33 0.53
510 45 272 75 53 -0.33 -0.8 -0.11 -0.34 0.51 0.22
511 46 244 71 49 -0.33 -0.74 -0.14 0.38 0.0 -1.18
512 42 234 75 45 -0.29 -0.51 -0.07 0.72 -0.05 -1.05
513 38 256 77 40 -0.26 -0.37 -0.0 0.0 -0.08 0.06
514 36 245 76 36 -0.19 -0.39 0.02 -0.6 -0.2 0.92
515 39 217 83 34 -0.1 -0.36 0.0 -0.61 -0.19 0.92
516 41 240 79 32 -0.02 -0.45 -0.02 -0.2 0.16 0.52
517 40 222 74 30 0.0 -0.47 -0.05 0.13 0.16 0.31
518 42 204 77 29 0.0 -0.32 -0.06 0.21 0.18 -0.09
519 38 194 75 28 -0.01 -0.16 -0.04 0.13 0.05 -0.33
520 35 181 81 27 -0.01 -0.1 -0.02 -0.26 0.13 0.05
521 34 169 78 27 0.02 -0.1 0.01 -0.34 0.09 0.15
522 29 164 74 27 0.01 -0.16 0.01 -0.31 0.12 0.15
523 45 166 73 26 0.01 -0.19 -0.0 0.18 0.1 -0.01
524 39 150 75 25 -0.01 -0.16 -0.0 0.22 0.09 -0.03
525 40 144 77 28 -0.02 -0.08 0.0 -0.09 0.0 -0.05
526 35 140 75 25 0.0 -0.1 0.01 -0.17 0.05 0.08
527 32 151 71 25 0.05 -0.18 0.01 -0.18 0.09 0.1
528 29 149 78 25 0.09 -0.23 -0.02 0.13 0.09 0.03
529 29 153 76 26 0.1 -0.22 -0.03 0.01 0.04 -0.09
530 27 149 75 26 0.13 -0.17 -0.03 0.03 0.02 -0.18
531 31 136 97 26 0.2 -0.15 -0.01 -0.15 0.04 -0.09
532 32 129 91 27 0.19 -0.1 0.0 -0.1 0.17 0.13
533 28 131 85 28 0.1 0.06 0.01 -0.22 0.22 0.35
534 26 130 81 26 0.05 0.22 -0.01 0.23 0.17 0.35
535 29 134 81 26 0.05 0.32 -0.01 0.19 -0.02 0.06
536 26 142 79 25 0.02 0.54 0.02 0.01 -0.11 -0.06
537 31 150 91 25 -0.02 0.71 0.08 -0.44 0.01 -0.31
538 29 146 86 25 -0.06 0.71 0.1 -0.75 0.0 0.04
539 31 149 82 24 -0.02 0.53 0.12 -0.82 0.1 0.27
540 30 155 80 24 0.02 0.26 0.11 -0.47 0.17 0.41
541 27 145 78 25 0.03 0.16 0.11 -0.04 0.32 0.46
542 25 149 76 24 0.06 0.08 0.08 -0.08 0.26 0.38
543 24 143 78 24 0.05 0.11 0.05 0.01 0.31 0.0
544 25 145 79 25 0.06 0.13 0.04 0.12 0.27 -0.17
545 28 136 83 24 0.04 0.15 0.03 0.09 0.25 -0.17
546 28 137 81 24 0.01 0.13 0.02 -0.23 0.15 -0.03
547 25 135 77 24 0.0 0.08 0.01 -0.25 0.08 0.15
548 25 128 72 24 -0.0 0.01 -0.0 -0.2 0.09 0.24
549 24 137 71 24 -0.01 -0.03 -0.01 -0.09 0.07 0.15
550 22 129 69 27 -0.01 -0.02 -0.0 -0.04 0.06 0.16
551 31 123 67 25 -0.0 -0.0 0.01 -0.1 0.08 0.16
552 29 124 66 25 -0.0 0.02 0.0 -0.14 0.06 0.16
553 27 137 66 25 0.0 0.03 -0.01 -0.24 0.07 -0.01
554 33 150 71 24 0.01 0.01 -0.01 -0.24 0.04 0.02
555 30 172 74 25 0.01 -0.02 -0.01 -0.17 0.07 0.03
556 27 195 74 26 0.01 -0.02 0.0 -0.18 0.09 0.12
557 25 287 74 27 0.0 -0.02 0.01 -0.19 0.0 0.21
558 36 303 72 26 0.01 -0.03 0.02 -0.18 0.01 0.24
559 37 294 81 28 0.01 -0.05 0.04 -0.31 0.11 0.23
560 36 266 79 27 -0.01 -0.14 0.05 -0.4 0.19 0.25
561 33 245 77 28 -0.11 -0.3 0.03 -0.34 0.35 0.27
562 30 253 77 28 -0.17 -0.36 0.01 -0.34 0.4 -0.03
563 34 247 75 28 -0.29 -0.32 -0.06 -0.22 0.32 -0.28
564 34 243 79 28 -0.3 -0.21 -0.07 0.31 0.0 -0.76
565 31 239 84 28 -0.31 -0.11 -0.05 0.14 -0.12 -0.43
566 31 266 82 28 -0.29 0.04 -0.03 -0.07 -0.25 -0.13
567 32 248 85 27 -0.17 -0.05 -0.01 -0.35 -0.19 0.4
568 32 260 86 27 -0.13 -0.11 -0.01 -0.16 0.0 0.52
569 31 277 85 26 -0.03 -0.19 -0.02 -0.03 0.01 0.44
570 29 259 84 26 0.02 -0.17 -0.04 0.15 0.04 0.23
571 26 274 80 26 0.03 -0.13 -0.05 -0.01 0.05 -0.04
572 26 237 81 26 0.04 -0.02 -0.03 -0.23 -0.01 -0.14
573 26 251 76 25 0.06 -0.02 -0.01 -0.32 0.11 -0.05
574 33 226 76 25 0.06 -0.05 -0.01 -0.18 0.07 0.01
575 31 234 73 25 0.04 -0.09 0.0 -0.15 0.09 0.07
576 29 212 71 25 0.03 -0.06 0.01 -0.04 0.04 0.08
577 26 198 69 24 0.02 -0.04 0.01 0.02 0.01 -0.01
578 30 190 69 24 0.04 -0.03 0.02 -0.07 -0.06 -0.02
579 28 187 72 25 0.08 -0.04 0.02 -0.03 -0.01 0.04
580 27 169 76 25 0.11 -0.05 0.02 0.07 0.06 0.15
581 29 162 71 25 0.17 -0.07 0.01 0.06 0.08 0.1
582 29 149 72 25 0.22 -0.08 0.0 -0.13 0.05 -0.02
583 31 152 74 27 0.25 -0.09 0.01 -0.22 0.12 0.06
584 35 142 77 26 0.27 -0.02 0.01 -0.29 0.22 0.01
585 33 132 79 25 0.22 0.09 -0.01 0.01 0.3 0.13
586 30 125 75 26 0.15 0.22 -0.03 0.0 0.2 0.27
587 30 122 74 26 0.09 0.58 -0.03 -0.1 0.13 0.03
588 28 142 73 25 0.07 0.63 -0.02 -0.39 -0.08 -0.21
589 26 135 73 25 0.02 0.63 -0.0 -0.25 -0.06 -0.28
590 24 139 86 25 -0.06 0.51 0.06 -0.49 0.0 -0.27
591 23 136 82 24 -0.06 0.46 0.07 -0.45 0.01 0.01
592 35 139 80 25 -0.04 0.3 0.1 -0.69 0.08 0.21
593 32 139 77 24 0.01 0.14 0.09 -0.41 0.16 0.3
594 30 143 78 24 0.03 0.09 0.07 -0.19 0.28 0.33
595 28 146 84 24 0.04 0.06 0.03 -0.05 0.28 0.38
596 26 154 80 24 0.03 0.04 0.0 -0.1 0.28 0.14
597 25 147 83 24 0.02 -0.02 -0.01 -0.04 0.17 0.0
598 25 139 80 25 0.01 -0.03 -0.01 -0.15 0.13 0.0
599 37 141 78 24 -0.0 -0.02 0.0 -0.07 0.01 0.14
600 32 136 76 24 -0.01 0.0 0.01 -0.22 -0.03 0.12
601 42 140 72 24 -0.01 0.0 0.01 -0.22 0.0 0.11
602 37 139 71 24 -0.0 0.01 0.03 -0.09 0.02 0.1
603 32 131 71 23 -0.0 0.05 0.02 0.0 0.12 0.01
604 29 127 69 27 -0.01 0.07 0.02 -0.03 0.14 0.02
605 27 126 72 27 -0.01 0.05 -0.0 -0.23 0.11 0.05
606 25 147 73 26 -0.01 -0.05 -0.01 -0.26 0.12 -0.04
607 23 167 73 26 -0.01 -0.09 -0.02 -0.33 0.11 0.04
608 25 174 70 26 -0.02 -0.18 -0.02 -0.38 0.08 0.26
609 27 214 78 26 -0.04 -0.22 -0.01 -0.2 0.05 0.18
610 28 254 77 29 -0.03 -0.21 0.01 -0.1 0.04 0.33
611 31 247 75 28 -0.03 -0.19 0.03 -0.14 0.04 0.51
612 28 262 77 28 -0.05 -0.22 0.03 -0.41 0.14 0.2
613 27 261 74 28 -0.08 -0.27 0.01 -0.43 0.18 0.1
614 31 269 75 27 -0.19 -0.38 0.01 -0.24 0.28 -0.01
615 29 244 78 26 -0.29 -0.35 -0.03 -0.09 0.39 -0.05
616 28 222 80 34 -0.33 -0.28 -0.06 -0.31 0.31 -0.23
617 34 213 77 34 -0.3 -0.28 -0.04 -0.11 0.02 -0.79
618 32 221 80 32 -0.27 -0.33 -0.04 0.22 -0.06 -0.37
619 29 200 82 31 -0.2 -0.32 -0.04 0.25 -0.05 -0.09
620 29 224 81 29 -0.13 -0.18 -0.01 -0.03 -0.06 0.49
621 28 238 77 28 -0.08 -0.08 -0.0 -0.18 -0.08 0.51
622 28 255 73 27 -0.06 -0.06 -0.01 -0.26 -0.02 0.41
623 27 240 80 26 -0.04 -0.01 -0.0 -0.18 0.0 0.02
624 25 263 77 26 -0.01 -0.03 0.01 -0.25 0.07 -0.13
625 23 273 75 25 -0.0 -0.06 0.01 -0.26 0.07 -0.11
626 22 239 75 25 0.03 -0.1 0.0 -0.1 0.11 0.0
627 22 233 74 25 0.02 -0.11 0.01 -0.14 0.15 0.18
628 20 235 70 28 0.02 -0.11 0.01 -0.1 0.09 0.17
629 20 222 69 26 0.01 -0.06 0.0 -0.04 0.11 0.08
630 19 229 69 26 0.01 -0.05 0.01 -0.11 0.01 -0.05
631 18 209 67 26 0.02 -0.07 0.01 -0.11 0.0 -0.11
632 20 204 66 24 0.04 -0.08 0.02 -0.09 0.04 0.0
633 23 195 67 26 0.09 -0.1 0.02 0.0 -0.02 0.0
634 28 182 68 26 0.11 -0.11 0.03 -0.01 -0.03 0.0
635 29 168 69 25 0.18 -0.15 0.03 -0.11 0.04 -0.05
636 33 162 70 25 0.21 -0.16 0.02 -0.09 0.16 0.12
637 33 155 71 28 0.23 -0.14 0.01 -0.05 0.13 0.04
638 33 144 78 28 0.24 -0.01 0.01 -0.03 0.3 -0.05
639 35 140 77 27 0.12 0.21 -0.01 0.0 0.32 0.25
640 31 139 79 26 0.08 0.33 -0.02 -0.26 0.14 0.55
641 29 136 75 26 0.07 0.45 -0.04 -0.08 0.05 0.27
642 30 131 73 25 0.04 0.58 -0.01 -0.29 0.01 -0.19
643 28 142 70 23 -0.03 0.62 0.02 -0.25 -0.05 -0.27
644 27 145 73 24 -0.04 0.61 0.08 -0.49 -0.03 -0.3
645 28 151 76 24 -0.03 0.49 0.11 -0.4 0.0 0.23
646 29 141 71 24 -0.01 0.44 0.12 -0.55 0.02 0.36
647 28 134 71 21 0.03 0.3 0.12 -0.22 0.25 0.36
648 27 139 71 24 0.05 0.29 0.1 -0.07 0.33 0.34
649 24 140 73 24 0.04 0.29 0.08 -0.16 0.3 0.34
650 26 150 75 25 0.03 0.27 0.06 -0.11 0.27 0.01
651 26 146 71 24 0.02 0.18 0.04 -0.17 0.26 -0.05
652 24 132 72 24 0.01 0.12 0.04 -0.37 0.19 -0.06
653 23 144 71 24 0.01 -0.01 0.03 -0.27 0.16 0.01
654 22 151 67 24 -0.01 -0.06 0.02 -0.08 0.06 0.11
655 27 136 67 25 -0.02 -0.05 0.02 -0.13 0.06 0.15
656 28 133 67 24 -0.04 -0.01 0.03 -0.15 0.0 0.12
657 26 128 65 23 -0.04 -0.0 0.03 -0.2 0.0 0.02
658 21 133 62 24 -0.03 -0.01 0.03 -0.11 0.01 0.06
659 26 156 60 24 -0.02 -0.0 0.02 -0.01 0.07 0.06
660 24 155 64 24 -0.03 -0.0 0.01 -0.01 0.11 0.07
661 24 149 69 24 -0.03 -0.01 -0.0 -0.14 0.06 0.14
662 24 159 72 24 -0.02 -0.04 -0.02 -0.21 0.02 0.2
663 24 173 73 24 -0.02 -0.09 -0.03 -0.29 -0.04 0.25
664 24 188 77 25 -0.01 -0.14 -0.03 -0.29 -0.02 0.28
665 25 220 79 25 -0.01 -0.29 -0.01 -0.43 -0.01 0.26
666 27 222 89 24 -0.01 -0.39 -0.01 -0.48 0.09 0.36
667 29 238 88 25 -0.07 -0.63 -0.01 -0.54 0.2 0.5
668 28 246 84 24 -0.2 -0.73 -0.1 -0.5 0.49 0.29
669 28 246 84 24 -0.24 -0.67 -0.14 -0.01 0.42 -0.72
670 30 235 92 28 -0.28 -0.49 -0.14 0.48 0.08 -1.39
671 41 225 95 27 -0.33 -0.25 -0.08 0.08 -0.04 -0.56
672 46 223 88 26 -0.32 -0.2 -0.08 -0.51 -0.15 0.37
673 38 240 91 25 -0.22 -0.32 -0.08 -0.49 -0.25 0.45
674 38 225 86 26 -0.12 -0.42 -0.07 -0.28 -0.07 0.4
675 37 252 81 29 -0.09 -0.43 -0.08 -0.05 0.16 0.17
676 32 264 84 27 -0.05 -0.42 -0.09 -0.02 0.06 0.14
677 31 238 82 27 -0.02 -0.38 -0.09 0.04 0.2 0.0
678 32 235 83 26 -0.02 -0.36 -0.09 -0.08 0.07 0.03
679 29 224 77 25 0.0 -0.27 -0.07 -0.03 0.16 0.04
680 36 215 73 25 0.0 -0.15 -0.04 -0.17 0.08 0.14
681 41 210 71 27 -0.0 -0.09 -0.02 -0.13 0.11 0.0
682 37 224 67 26 -0.02 0.01 0.0 -0.17 0.07 -0.09
683 33 211 67 26 -0.02 0.01 0.02 -0.13 0.04 -0.08
684 31 192 74 25 -0.0 -0.01 0.03 -0.04 0.01 0.07
685 28 174 73 24 0.04 -0.05 0.04 -0.03 0.05 0.18
686 31 169 70 24 0.08 -0.06 0.03 -0.06 -0.01 0.41
687 28 160 67 24 0.1 -0.04 0.02 -0.17 -0.01 0.32
688 31 140 67 24 0.15 -0.03 0.01 -0.22 -0.02 0.3
689 31 129 71 24 0.19 -0.03 0.01 -0.12 0.07 0.1
690 34 137 75 23 0.21 -0.03 0.01 0.0 0.08 -0.05
691 36 126 80 24 0.24 0.02 0.01 -0.2 0.13 0.06
692 33 126 77 25 0.22 0.11 0.02 -0.3 0.19 0.2
693 39 133 83 20 0.19 0.15 0.02 0.06 0.15 0.31
694 46 137 88 24 0.11 0.35 -0.01 0.07 0.17 0.29
695 44 131 83 24 0.06 0.58 -0.03 0.09 0.09 0.13
696 40 124 80 25 0.08 0.71 -0.02 -0.13 0.0 -0.11
697 38 134 79 26 0.05 0.87 -0.0 -0.24 0.0 -0.25
698 40 126 79 24 0.01 0.75 0.03 -0.41 -0.05 -0.39
699 35 123 79 24 0.01 0.65 0.05 -0.39 0.06 0.07
700 30 141 75 24 -0.02 0.5 0.09 -0.34 0.21 0.82
701 28 147 71 24 -0.04 0.47 0.08 -0.3 0.33 0.97
702 35 145 69 24 -0.06 0.48 -0.04 -0.22 0.3 -0.42
703 37 152 68 23 -0.1 0.35 -0.09 -0.1 0.22 -0.68
704 34 151 66 24 -0.12 0.15 -0.02 -0.12 0.15 -0.9
705 31 150 66 24 -0.13 0.06 0.01 -0.05 0.13 -0.26
706 29 162 69 24 -0.13 0.01 0.02 -0.1 0.06 0.01
707 30 156 68 24 -0.11 0.02 0.02 -0.18 0.05 0.04
708 26 153 70 24 -0.09 0.01 0.0 -0.13 -0.01 0.0
709 26 147 64 25 -0.06 0.01 0.01 -0.15 -0.05 0.02
710 27 140 69 24 -0.03 -0.02 0.03 -0.27 0.01 0.29
711 25 138 71 24 -0.01 -0.03 0.03 -0.28 0.02 0.34
712 24 142 71 24 0.01 -0.03 0.02 -0.29 0.03 0.32
713 22 147 69 24 0.02 -0.04 0.02 -0.21 0.01 0.35
714 21 155 68 26 0.02 -0.04 0.02 -0.11 0.1 0.35
715 21 154 72 25 0.02 -0.02 0.03 0.0 0.11 0.36
716 20 183 74 25 0.03 -0.0 0.03 -0.17 0.11 0.33
717 21 206 75 26 0.04 -0.01 0.02 -0.17 0.06 0.22
718 22 211 78 25 0.04 -0.06 0.01 -0.23 0.03 0.18
719 24 234 87 24 0.03 -0.13 0.03 -0.37 0.01 0.22
720 25 229 91 26 0.02 -0.2 0.04 -0.54 0.06 0.45
721 24 225 88 25 -0.03 -0.42 0.04 -0.86 0.17 1.02
722 22 228 83 26 -0.15 -0.5 -0.03 -0.81 0.45 0.54
723 22 220 83 26 -0.23 -0.44 -0.09 0.32 0.21 -1.38
724 25 201 96 27 -0.25 -0.25 -0.11 0.43 -0.08 -1.78
725 29 199 97 26 -0.31 -0.28 0.0 0.32 0.18 -0.58
726 30 215 93 25 -0.29 -0.26 0.02 -0.4 -0.03 0.19
727 30 218 96 24 -0.24 -0.32 -0.01 -0.35 -0.32 0.58
728 28 205 92 25 -0.13 -0.41 -0.02 -0.04 0.08 0.98
729 25 211 88 24 -0.09 -0.35 -0.05 0.0 -0.03 0.51
730 27 220 85 24 -0.06 -0.22 -0.08 0.15 0.13 0.0
731 31 215 80 24 -0.04 -0.18 -0.09 0.07 0.12 -0.23
732 30 197 77 24 -0.03 -0.18 -0.08 -0.23 0.12 -0.25
733 32 216 74 24 0.0 -0.22 -0.08 -0.3 0.13 -0.16
734 31 211 72 25 0.0 -0.26 -0.09 -0.22 0.14 -0.08
735 27 234 72 24 -0.01 -0.25 -0.1 0.02 0.11 -0.04
736 26 234 69 23 -0.03 -0.14 -0.08 -0.01 0.09 0.0
737 24 228 70 24 -0.05 -0.05 -0.06 -0.26 0.15 0.06
738 23 203 69 26 -0.05 -0.04 -0.05 -0.34 0.18 0.06
739 24 190 68 25 -0.05 -0.05 -0.05 -0.27 -0.05 0.05
740 24 182 71 25 -0.02 -0.06 -0.04 -0.23 0.0 0.0
741 24 178 72 25 -0.0 -0.05 -0.02 -0.23 -0.09 0.0
742 22 192 73 25 0.03 -0.04 0.0 -0.18 -0.08 0.06
743 23 182 71 24 0.07 -0.03 0.03 -0.21 0.0 0.18
744 25 173 72 24 0.09 -0.03 0.03 -0.3 0.12 0.22
745 29 174 74 25 0.12 -0.05 0.03 -0.29 0.04 0.2
746 30 157 75 25 0.18 -0.15 0.02 -0.02 0.07 -0.03
747 30 182 74 26 0.2 -0.19 0.03 0.09 0.08 -0.05
748 28 162 80 25 0.23 -0.15 0.05 0.02 0.07 0.0
749 27 151 80 26 0.24 -0.09 0.04 -0.06 0.27 0.1
750 25 140 81 25 0.23 -0.03 0.03 -0.32 0.32 0.21
751 25 129 82 25 0.14 0.06 -0.0 -0.31 0.18 0.32
752 29 133 81 24 0.1 0.09 -0.03 -0.03 0.18 0.17
753 27 138 82 24 0.12 0.11 -0.03 0.23 0.2 -0.04
754 24 148 81 24 0.08 0.18 -0.04 0.33 0.15 -0.13
755 23 140 82 24 -0.0 0.38 -0.01 0.04 -0.02 -0.14
756 22 149 82 25 -0.05 0.47 -0.0 -0.43 -0.14 0.07
757 21 181 81 25 -0.0 0.52 0.06 -0.75 -0.07 0.14
758 24 164 83 24 0.07 0.33 0.08 -0.58 0.18 0.17
759 22 154 82 24 0.08 0.26 0.07 -0.42 0.2 0.13
760 20 154 79 24 0.08 0.15 0.07 -0.18 0.27 0.11
761 20 148 82 24 0.1 0.18 0.07 0.16 0.25 0.14
762 20 153 81 24 0.08 0.28 0.07 0.13 0.19 0.0
763 19 146 82 24 0.04 0.48 0.08 -0.06 0.16 -0.05
764 20 139 80 24 0.03 0.51 0.09 -0.37 0.03 -0.03
765 19 129 78 24 0.04 0.47 0.1 -0.48 0.08 0.18
766 19 124 75 24 0.06 0.33 0.1 -0.43 0.13 0.14
767 18 121 76 23 0.05 0.22 0.07 -0.08 0.19 -0.02
768 18 122 75 24 0.03 0.19 0.06 -0.14 0.14 -0.11
769 17 116 75 24 0.01 0.13 0.05 -0.19 0.08 -0.01
770 17 110 75 24 0.0 0.06 0.04 -0.17 0.08 0.1
771 18 112 73 24 -0.01 0.04 0.04 -0.09 0.0 0.07
772 18 114 72 24 -0.0 -0.01 0.03 -0.03 0.06 0.09
773 18 115 73 24 -0.0 -0.01 0.02 -0.01 0.05 0.09
774 17 134 74 24 -0.0 -0.01 0.02 -0.11 0.01 0.1
775 18 158 75 24 0.01 -0.02 0.02 -0.13 0.04 0.09
776 17 183 76 24 0.03 -0.06 0.02 -0.16 0.0 0.13
777 17 205 77 24 0.03 -0.08 0.03 -0.19 -0.02 0.3
778 20 240 76 24 0.03 -0.16 0.03 -0.29 -0.02 0.4
779 22 239 79 24 0.03 -0.27 0.0 -0.45 0.02 0.68
780 22 214 80 28 0.03 -0.32 -0.01 -0.72 0.24 0.58
781 23 252 80 29 -0.04 -0.42 -0.03 -0.49 0.27 0.28
782 21 238 79 27 -0.15 -0.42 -0.06 -0.35 0.52 -0.04
783 21 254 77 29 -0.21 -0.34 -0.09 -0.17 0.26 -1.05
784 20 250 77 28 -0.25 -0.24 -0.11 -0.02 0.14 -1.31
785 20 253 75 27 -0.32 -0.3 -0.07 0.09 -0.08 -0.47
786 19 259 76 27 -0.28 -0.38 -0.07 -0.1 -0.17 0.14
787 19 258 76 26 -0.17 -0.56 -0.06 -0.13 -0.2 0.27
788 24 267 75 25 -0.08 -0.56 -0.07 0.28 -0.03 0.55
789 22 288 75 25 -0.04 -0.47 -0.07 0.2 0.07 0.53
790 20 261 73 25 0.0 -0.27 -0.07 -0.13 0.02 0.48
791 20 268 74 24 0.03 -0.09 -0.04 -0.04 0.18 0.16
792 19 232 74 24 0.03 -0.02 -0.04 -0.48 0.1 0.05
793 20 228 75 25 0.05 -0.03 -0.02 -0.48 0.11 0.06
794 20 231 76 27 0.06 -0.09 0.01 -0.14 0.08 0.16
795 20 223 74 26 0.06 -0.09 0.02 -0.04 0.12 0.05
796 20 205 74 26 0.07 -0.09 0.04 -0.07 0.11 0.03
797 19 185 73 25 0.1 -0.1 0.04 -0.14 0.11 0.08
798 18 175 72 26 0.12 -0.12 0.04 -0.1 0.11 0.11
799 18 164 72 25 0.17 -0.15 0.03 -0.01 0.17 0.0
800 24 159 78 24 0.22 -0.16 0.01 0.01 0.17 -0.18
801 23 150 73 25 0.24 -0.15 0.02 -0.11 0.14 -0.21
802 22 136 83 24 0.22 -0.11 0.03 -0.19 0.23 -0.13
803 21 153 76 24 0.13 -0.01 0.02 -0.1 0.22 0.1
804 22 150 72 24 0.09 0.09 0.0 0.04 0.14 0.41
805 21 138 72 24 0.05 0.45 0.01 0.2 0.1 0.39
806 21 130 76 23 0.07 0.77 0.01 -0.45 -0.03 -0.32
807 21 125 77 24 0.02 0.85 0.04 -0.56 -0.01 -0.53
808 23 121 78 24 -0.06 0.78 0.09 -0.63 0.0 -0.42
809 25 123 75 24 -0.05 0.61 0.14 -0.62 0.06 0.13
810 24 122 74 24 -0.02 0.5 0.15 -0.48 0.04 0.43
811 23 121 72 24 0.02 0.44 0.15 -0.1 0.24 0.52
812 22 121 72 22 0.02 0.49 0.13 -0.13 0.26 0.43
813 21 129 72 23 0.03 0.53 0.11 -0.19 0.32 0.12
814 21 136 70 23 -0.0 0.51 0.09 -0.28 0.22 0.0
815 21 137 68 23 -0.01 0.34 0.07 -0.43 0.22 -0.09
816 20 140 68 24 -0.01 0.24 0.05 -0.41 0.2 -0.12
817 18 142 68 24 -0.01 0.01 0.03 -0.16 0.14 0.02
818 18 135 67 24 -0.01 -0.09 0.01 0.0 0.13 0.33
819 18 150 66 24 -0.01 -0.09 -0.0 0.08 0.11 0.34
820 17 144 66 24 -0.03 -0.02 -0.02 -0.06 0.05 0.11
821 17 136 63 24 -0.04 -0.0 -0.01 -0.19 0.0 0.02
822 17 130 64 23 -0.03 -0.02 -0.01 -0.21 0.03 0.02
823 16 132 64 23 -0.02 -0.04 -0.01 -0.21 0.01 0.01
824 17 129 64 24 -0.01 -0.08 -0.01 -0.21 0.02 0.06
825 17 133 62 24 -0.01 -0.09 -0.01 -0.2 0.02 0.07
826 16 145 62 24 -0.01 -0.1 -0.01 -0.12 0.04 -0.01
827 16 162 64 23 -0.01 -0.11 -0.02 -0.06 0.01 0.01
828 17 200 65 24 -0.02 -0.1 -0.01 -0.09 0.04 0.03
829 16 201 68 24 -0.02 -0.1 -0.02 -0.18 0.01 0.24
830 20 250 72 24 -0.01 -0.12 -0.03 -0.18 -0.08 0.23
831 20 236 73 24 0.0 -0.14 -0.02 -0.1 0.0 0.21
832 17 223 71 23 0.01 -0.24 0.0 -0.23 0.03 0.08
833 18 263 72 25 -0.0 -0.41 0.01 -0.3 0.18 0.13
834 18 245 69 29 -0.06 -0.44 -0.01 -0.5 0.31 0.08
835 22 264 71 28 -0.22 -0.44 -0.04 -0.18 0.53 -0.03
836 21 239 69 28 -0.33 -0.37 -0.1 0.11 0.22 -0.36
837 20 215 66 27 -0.33 -0.29 -0.11 0.32 0.17 -0.49
838 22 220 66 26 -0.35 -0.06 -0.08 0.18 -0.24 -0.25
839 21 244 65 27 -0.27 0.06 -0.03 -0.05 -0.18 0.14
840 20 250 65 26 -0.2 0.05 -0.01 -0.14 -0.17 0.32
841 21 247 64 26 -0.11 -0.0 0.01 -0.31 -0.06 0.46
842 19 243 62 25 -0.03 -0.03 0.01 -0.28 0.02 0.44
843 19 220 62 24 -0.01 -0.04 0.01 -0.24 0.07 0.21
844 18 206 63 24 0.03 -0.1 0.0 -0.14 0.09 0.02
845 19 197 64 25 0.06 -0.15 0.01 -0.07 0.17 0.17
846 18 205 66 24 0.07 -0.15 0.01 0.0 0.2 0.28
847 18 209 64 27 0.07 -0.11 0.0 -0.12 0.17 0.31
848 18 187 64 26 0.05 -0.04 0.01 -0.18 0.17 0.01
849 19 171 61 26 0.04 -0.05 0.01 -0.2 0.1 -0.1
850 19 159 64 25 0.07 -0.17 0.01 0.0 0.01 -0.07
851 20 147 64 25 0.12 -0.21 0.03 -0.1 -0.04 -0.03
852 19 134 66 25 0.16 -0.24 0.03 -0.11 0.02 0.0
853 22 127 68 24 0.24 -0.27 0.03 -0.13 0.06 0.13
854 22 142 68 24 0.25 -0.2 0.01 0.0 0.29 0.07
855 20 133 67 24 0.22 -0.11 0.0 -0.06 0.3 0.1
856 20 140 65 24 0.12 0.13 -0.02 0.1 0.14 0.42
857 19 133 66 24 0.12 0.27 -0.04 -0.29 0.09 0.01
858 19 128 66 24 0.1 0.28 -0.03 -0.33 0.04 -0.12
859 20 118 68 27 0.04 0.25 0.0 -0.28 0.01 0.0
860 20 129 69 26 0.03 0.2 0.04 -0.5 0.07 0.01
861 20 138 75 26 0.04 0.14 0.06 -0.37 0.13 0.01
862 19 135 76 26 0.01 0.09 0.09 -0.18 0.17 0.15
863 21 138 78 25 -0.01 0.11 0.11 -0.38 0.09 0.41
864 20 149 77 25 -0.01 0.12 0.12 -0.45 0.14 0.44
865 19 141 75 25 0.0 0.11 0.1 -0.23 0.14 0.36
866 19 139 73 24 0.0 0.16 0.07 -0.14 0.21 -0.05
867 18 145 72 25 0.0 0.17 0.06 -0.19 0.2 -0.21
868 18 136 74 24 -0.01 0.11 0.05 -0.24 0.13 -0.02
869 18 131 73 24 -0.01 0.01 0.03 -0.14 0.16 0.0
870 17 130 71 25 -0.01 -0.02 0.02 -0.06 0.09 0.0
871 19 131 71 24 -0.01 -0.02 0.01 -0.11 0.04 0.04
872 19 144 69 24 -0.02 -0.01 0.01 -0.05 0.06 0.02
873 18 137 69 25 -0.02 0.01 0.01 -0.11 0.06 -0.03
874 18 135 70 24 -0.04 0.03 0.01 -0.15 0.0 0.03
875 18 135 71 24 -0.04 0.01 0.01 -0.19 0.1 0.08
876 18 132 69 24 -0.04 0.0 0.01 -0.13 0.07 0.13
877 17 140 68 24 -0.03 -0.0 -0.01 -0.17 0.1 0.19
878 17 184 66 25 -0.03 -0.0 -0.01 -0.2 0.16 0.24
879 17 201 71 27 -0.02 -0.01 -0.02 -0.24 0.12 0.2
880 17 209 73 26 -0.01 -0.03 -0.03 -0.07 0.07 0.17
881 17 226 73 25 -0.01 -0.04 -0.03 -0.24 0.02 0.28
882 17 222 72 25 0.0 -0.12 -0.01 -0.54 -0.05 0.5
883 18 215 72 25 -0.05 -0.28 -0.01 -0.76 0.23 0.4
884 18 239 71 28 -0.1 -0.35 -0.02 -0.23 0.48 -0.29
885 19 247 75 26 -0.26 -0.34 -0.06 -0.16 0.34 -0.54
886 19 239 73 28 -0.34 -0.26 -0.08 -0.08 0.23 -0.85
887 19 215 73 27 -0.32 -0.21 -0.06 0.1 0.0 -0.57
888 19 191 72 26 -0.29 -0.19 -0.06 0.0 -0.06 -0.37
889 16 188 72 26 -0.21 -0.3 -0.05 -0.06 -0.09 0.33
890 18 173 72 26 -0.13 -0.4 -0.06 -0.06 0.0 0.54
891 18 173 73 25 -0.09 -0.38 -0.06 -0.06 0.04 0.52
892 18 170 73 26 -0.05 -0.3 -0.06 0.06 0.05 0.33
893 18 162 71 25 -0.01 -0.19 -0.04 -0.04 0.1 0.32
894 17 163 69 25 0.0 -0.13 -0.03 -0.13 0.05 0.31
895 17 154 65 29 0.03 -0.04 -0.03 -0.24 0.09 0.25
896 17 165 67 28 0.04 -0.03 -0.02 -0.17 0.06 0.11
897 17 187 69 27 0.05 -0.05 -0.01 -0.14 0.04 0.05
898 17 179 67 27 0.07 -0.13 -0.01 -0.07 0.04 0.08
899 17 175 70 27 0.1 -0.13 0.01 -0.09 0.06 0.12
900 18 185 67 25 0.11 -0.14 0.02 -0.08 0.06 0.17
901 18 166 68 34 0.15 -0.15 0.01 -0.03 0.11 0.17
902 18 156 68 32 0.21 -0.16 0.01 -0.06 0.16 0.0
903 19 139 71 30 0.23 -0.16 0.01 0.0 0.25 -0.05
904 19 130 70 29 0.22 -0.1 0.0 -0.06 0.29 -0.14
905 18 121 73 28 0.21 -0.1 -0.01 -0.23 0.23 0.03
906 18 115 74 30 0.12 -0.03 -0.03 -0.26 0.2 0.06
907 18 119 72 30 0.08 0.11 -0.03 -0.03 0.06 0.01
908 18 119 80 28 0.1 0.25 -0.01 -0.14 0.0 -0.14
909 17 119 77 28 0.07 0.29 0.01 -0.06 -0.02 -0.25
910 18 123 77 27 0.0 0.3 0.08 -0.3 -0.01 -0.2
911 17 123 77 27 -0.01 0.21 0.15 -0.51 0.07 0.0
912 17 126 73 26 -0.02 0.14 0.17 -0.38 0.12 0.49
913 18 124 73 26 -0.01 0.08 0.17 -0.47 0.2 0.63
914 17 123 72 25 0.02 0.06 0.15 -0.21 0.27 0.29
915 18 127 70 25 0.02 0.08 0.13 -0.17 0.29 0.23
916 18 123 74 25 0.01 0.11 0.11 -0.1 0.27 0.12
917 18 127 73 25 0.01 0.13 0.1 -0.15 0.23 -0.12
918 17 131 70 25 -0.01 0.11 0.08 -0.07 0.23 -0.06
919 17 128 67 26 -0.06 0.07 0.06 -0.14 0.12 -0.03
920 16 128 66 25 -0.06 0.03 0.06 -0.02 0.08 0.03
921 17 147 68 25 -0.05 -0.01 0.04 -0.03 0.04 0.08
922 17 136 71 24 -0.04 0.01 0.03 0.0 0.04 0.12
923 17 135 68 24 -0.01 0.05 -0.01 -0.1 0.02 0.09
924 17 131 68 25 -0.01 0.05 -0.01 -0.1 0.05 0.1
925 16 135 67 25 -0.0 0.04 -0.02 -0.21 0.03 0.1
926 16 136 65 24 0.0 0.02 -0.03 -0.2 0.08 -0.03
927 16 149 63 24 0.01 -0.0 -0.03 -0.21 0.11 -0.04
928 16 142 70 24 -0.01 -0.01 -0.04 -0.19 0.13 0.0
929 17 188 68 25 -0.0 -0.02 -0.04 -0.14 0.15 0.09
930 16 209 71 24 0.0 -0.03 -0.05 -0.16 0.09 0.14
931 17 235 74 24 0.0 -0.02 -0.06 -0.15 0.06 0.14
932 17 238 77 24 0.01 -0.04 -0.05 -0.27 0.1 0.1
933 17 233 81 24 0.0 -0.15 -0.03 -0.34 0.08 0.1
934 17 238 77 24 -0.07 -0.32 -0.01 -0.71 0.19 0.16
935 18 215 74 25 -0.11 -0.34 -0.01 0.0 0.39 0.15
936 17 222 74 24 -0.19 -0.16 -0.08 -0.11 0.31 0.11
937 18 211 77 25 -0.24 -0.08 -0.08 0.14 0.23 -0.52
938 18 216 75 25 -0.26 -0.07 -0.07 0.03 0.02 -0.4
939 17 220 74 25 -0.22 -0.08 -0.05 0.0 0.0 -0.28
940 17 230 75 24 -0.13 -0.14 -0.04 -0.05 -0.12 0.19
941 18 229 77 24 -0.09 -0.14 -0.04 -0.07 -0.05 0.42
942 18 209 78 25 -0.05 -0.06 -0.04 0.0 0.02 0.53
943 19 239 76 27 -0.03 0.09 -0.03 -0.05 0.05 0.44
944 18 218 76 26 -0.03 0.12 -0.02 -0.35 0.11 0.11
945 17 206 72 25 -0.02 0.07 0.01 -0.33 0.16 -0.01
946 18 199 78 25 -0.02 -0.02 0.02 -0.17 0.09 -0.02
947 17 201 75 25 -0.0 -0.04 0.02 -0.04 0.07 0.09
948 17 182 71 25 0.01 -0.06 0.02 0.0 0.06 0.15
949 17 179 68 25 0.05 -0.07 0.02 -0.01 0.06 0.2
950 16 179 67 24 0.08 -0.09 0.01 -0.02 0.05 0.15
951 18 173 66 24 0.14 -0.09 0.0 0.02 0.06 0.05
952 18 155 67 23 0.19 -0.1 -0.0 -0.02 0.03 -0.04
953 18 139 65 25 0.22 -0.11 0.0 -0.11 0.07 -0.04
954 18 126 70 24 0.25 -0.1 0.0 -0.19 0.13 -0.04
955 18 129 69 25 0.22 -0.08 0.0 -0.1 0.21 -0.09
956 17 128 68 24 0.2 -0.04 -0.01 -0.1 0.27 0.05
957 17 119 65 25 0.09 0.09 -0.03 -0.12 0.16 0.19
958 17 113 67 25 0.09 0.21 -0.04 -0.12 0.1 0.16
959 17 116 68 28 0.1 0.21 -0.04 -0.24 0.06 0.02
960 16 116 69 25 0.03 0.17 -0.02 -0.26 0.04 0.04
961 18 118 70 25 0.03 0.2 0.0 -0.24 0.06 0.01
962 19 117 69 24 0.0 0.22 0.02 -0.22 0.1 0.0
963 19 127 69 24 -0.01 0.22 0.05 -0.31 0.08 0.08
964 20 120 66 26 -0.01 0.19 0.05 -0.28 0.14 0.3
965 19 118 67 26 0.0 0.19 0.05 -0.24 0.21 0.34
966 19 119 66 25 0.01 0.2 0.03 -0.17 0.21 0.2
967 19 129 66 25 -0.01 0.19 0.03 -0.06 0.17 -0.06
968 18 127 65 24 -0.02 0.2 0.04 -0.08 0.11 -0.03
969 18 121 64 28 -0.02 0.17 0.04 -0.32 0.13 0.0
970 18 119 64 26 -0.03 0.07 0.01 -0.23 0.11 0.0
971 18 126 62 26 -0.03 0.01 -0.0 -0.03 0.09 -0.04
972 18 116 62 25 -0.04 -0.04 -0.01 0.06 0.05 0.02
973 17 115 63 25 -0.04 -0.02 -0.02 0.09 0.05 0.06
974 18 115 63 25 -0.04 0.0 -0.02 -0.07 0.0 0.1
975 17 126 64 25 -0.02 -0.01 -0.02 -0.14 -0.04 0.15
976 17 119 64 25 -0.01 -0.02 -0.02 -0.19 0.0 0.2
977 17 116 63 25 0.0 -0.02 -0.02 -0.2 0.0 0.19
978 18 115 63 24 0.01 -0.01 -0.01 -0.2 0.04 0.15
979 17 115 61 24 -0.0 -0.01 -0.0 -0.21 0.06 0.05
980 17 126 60 24 -0.0 -0.02 0.0 -0.24 0.12 0.1
981 17 124 61 24 0.0 -0.04 0.01 -0.17 0.09 0.18
982 16 141 64 24 0.0 -0.04 0.0 -0.14 0.08 0.16
983 16 149 64 25 0.01 -0.03 0.0 -0.03 0.0 0.1
984 17 161 63 25 0.0 -0.04 -0.0 0.0 0.01 0.07
985 16 194 69 24 0.02 -0.09 0.01 -0.12 0.02 0.14
986 15 213 75 25 0.01 -0.11 0.01 -0.17 0.04 0.15
987 17 257 74 24 -0.02 -0.2 0.02 -0.46 0.04 0.12
988 16 254 71 28 -0.1 -0.27 0.02 -0.13 0.2 0.19
989 17 241 70 25 -0.14 -0.21 0.0 -0.3 0.26 0.09
990 17 229 70 27 -0.23 -0.09 -0.01 -0.09 0.16 -0.48
991 16 229 71 26 -0.27 -0.05 -0.01 0.11 0.15 -0.67
992 16 224 71 25 -0.27 -0.04 -0.02 0.03 0.09 -0.53
993 17 232 70 26 -0.22 -0.05 -0.03 -0.1 -0.15 -0.05
994 17 225 69 25 -0.15 -0.11 -0.03 -0.1 -0.04 0.2
995 17 227 66 29 -0.12 -0.12 -0.03 -0.03 -0.1 0.36
996 17 211 67 28 -0.07 -0.1 -0.03 0.05 -0.03 0.38
997 17 192 66 26 -0.03 -0.03 -0.02 0.04 0.0 0.29
998 17 186 62 26 -0.01 0.0 -0.01 -0.01 0.06 0.2
999 17 192 62 25 0.01 0.03 -0.01 -0.13 0.06 0.17
1000 17 185 61 25 0.04 -0.02 -0.01 -0.22 0.01 0.05
1001 17 165 61 25 0.05 -0.05 -0.01 -0.2 0.05 0.06
1002 16 155 60 25 0.08 -0.12 0.0 -0.09 0.06 0.17
1003 17 143 59 24 0.08 -0.12 0.01 -0.06 0.11 0.22
1004 17 140 66 24 0.09 -0.13 0.01 -0.05 0.05 0.24
1005 17 138 67 27 0.13 -0.15 0.01 -0.08 0.09 0.06
1006 18 132 66 26 0.19 -0.21 0.01 -0.14 0.17 -0.12
1007 18 127 64 26 0.2 -0.2 0.01 -0.21 0.14 -0.11
1008 18 120 62 25 0.19 -0.17 -0.01 0.02 0.28 -0.11
1009 18 114 60 25 0.14 -0.03 -0.03 -0.01 0.02 0.18
1010 23 124 62 27 0.13 0.02 -0.04 -0.06 0.02 0.15
1011 22 120 63 26 0.18 0.1 -0.03 0.03 0.14 -0.03
1012 21 122 69 25 0.07 0.24 -0.02 0.07 0.03 0.1
1013 21 120 65 25 0.04 0.31 -0.02 0.27 -0.04 0.2
1014 21 135 66 26 0.04 0.43 0.02 -0.28 0.05 -0.05
1015 21 129 67 25 -0.01 0.48 0.05 -0.42 -0.01 -0.05
1016 23 130 67 26 -0.02 0.46 0.07 -0.59 0.08 0.04
1017 22 129 63 25 -0.01 0.33 0.09 -0.44 0.08 0.17
1018 22 126 63 24 0.0 0.21 0.09 -0.16 0.16 0.15
1019 22 149 64 24 -0.01 0.19 0.09 -0.02 0.21 0.26
1020 21 138 63 24 0.0 0.19 0.07 -0.06 0.23 0.21
1021 21 133 62 26 -0.01 0.17 0.03 -0.15 0.21 0.03
1022 20 128 61 25 -0.02 0.12 0.02 -0.15 0.19 -0.03
1023 19 134 59 26 -0.02 -0.01 -0.01 -0.03 0.12 -0.14
1024 20 136 58 25 -0.03 -0.04 -0.01 0.05 0.07 -0.09
1025 19 127 61 25 -0.03 -0.03 -0.01 -0.01 -0.01 0.12
1026 19 123 59 24 -0.03 0.0 -0.01 -0.15 -0.01 0.22
1027 17 122 57 26 -0.02 0.01 -0.02 -0.14 0.01 0.15
1028 17 133 57 25 -0.01 0.02 -0.02 -0.12 0.05 0.11
1029 17 133 55 25 -0.02 0.02 -0.02 -0.08 0.09 0.08
1030 18 122 54 25 -0.02 0.0 -0.02 -0.18 0.07 0.03
1031 18 124 55 25 -0.02 -0.01 -0.02 -0.14 0.11 0.0
1032 17 119 58 26 -0.02 -0.03 -0.02 -0.06 0.05 0.04
1033 17 117 58 25 -0.02 -0.02 -0.02 -0.13 0.07 0.08
1034 17 114 58 25 -0.02 -0.02 -0.02 -0.11 0.05 0.09
1035 17 146 57 25 -0.02 -0.02 -0.02 -0.13 0.05 0.12
1036 18 162 58 24 -0.02 -0.01 -0.01 -0.08 0.04 0.14
1037 17 169 58 29 -0.01 -0.01 -0.0 -0.15 0.02 0.21
1038 17 183 60 28 0.0 -0.01 0.01 -0.1 0.02 0.3
1039 18 195 61 27 0.03 -0.03 0.01 -0.2 0.01 0.33
1040 17 185 62 27 0.04 -0.05 0.02 -0.22 0.02 0.33
1041 17 196 60 27 -0.02 -0.1 0.01 -0.5 0.15 0.24
1042 19 208 63 26 -0.11 -0.21 -0.01 -0.36 0.26 -0.18
1043 19 206 65 26 -0.12 -0.21 -0.01 -0.17 0.31 -0.54
1044 20 217 71 26 -0.24 -0.25 0.03 -0.22 0.15 -0.64
1045 20 262 70 25 -0.3 -0.26 -0.01 -0.33 0.04 -0.19
1046 21 310 72 26 -0.3 -0.22 -0.02 -0.23 0.04 -0.1
1047 20 266 71 26 -0.2 -0.24 -0.01 0.01 -0.12 -0.23
1048 21 263 70 26 -0.11 -0.51 -0.01 -0.1 0.0 0.32
1049 20 237 72 26 -0.05 -0.62 -0.04 -0.05 0.0 0.55
1050 19 219 72 26 0.04 -0.54 -0.06 0.45 -0.01 0.76
1051 19 222 75 26 0.08 -0.15 -0.06 0.23 0.0 0.56
1052 18 227 70 25 0.09 -0.01 -0.04 0.1 0.16 0.36
1053 18 205 67 25 0.07 0.05 -0.02 -0.38 0.2 0.13
1054 17 219 70 29 0.06 -0.03 -0.02 -0.39 0.19 0.08
1055 17 234 67 27 0.05 -0.07 -0.02 -0.01 0.21 0.06
1056 17 232 66 27 0.01 -0.06 -0.01 0.01 0.15 0.04
1057 17 225 65 26 -0.02 -0.03 -0.01 0.02 0.05 -0.08
1058 17 224 63 26 -0.02 -0.03 -0.01 0.02 -0.02 -0.08
1059 17 205 62 25 0.0 -0.01 -0.01 0.07 -0.08 -0.04
1060 17 189 61 26 0.04 0.04 -0.0 0.03 -0.07 0.12
1061 17 178 61 25 0.06 0.07 0.0 0.01 -0.05 0.19
1062 18 168 64 25 0.11 0.09 -0.0 0.03 0.0 0.1
1063 18 173 61 25 0.17 0.09 -0.0 0.0 -0.01 -0.07
1064 18 161 61 25 0.21 0.05 -0.0 -0.23 0.04 -0.23
1065 23 144 61 24 0.21 0.03 0.0 -0.44 0.07 -0.25
1066 21 130 67 21 0.23 0.02 -0.02 0.01 0.26 0.03
1067 21 120 68 24 0.23 0.14 -0.02 0.02 0.3 0.32
1068 22 118 71 24 0.15 0.41 -0.05 -0.14 0.05 0.71
1069 22 121 68 24 0.08 0.52 -0.03 0.04 0.03 0.03
1070 22 124 66 23 0.05 0.58 -0.02 -0.09 0.01 -0.26
1071 21 121 66 25 -0.02 0.67 0.04 -0.21 0.0 -0.58
1072 21 118 70 24 -0.08 0.65 0.09 -0.52 -0.11 -0.21
1073 23 121 75 24 -0.06 0.57 0.11 -0.59 -0.03 0.25
1074 22 121 69 24 -0.03 0.39 0.12 -0.42 0.06 0.43
1075 21 121 68 23 -0.0 0.33 0.11 -0.07 0.17 0.38
1076 22 121 69 25 0.0 0.34 0.09 -0.05 0.16 0.39
1077 23 128 68 24 0.02 0.34 0.06 -0.1 0.16 0.21
1078 22 124 69 24 0.0 0.29 0.04 -0.15 0.1 0.0
1079 21 120 66 24 0.01 0.25 0.03 -0.27 0.12 -0.16
1080 20 120 68 24 -0.0 0.1 0.03 -0.13 0.09 -0.12
1081 19 128 67 24 -0.02 0.01 0.02 -0.15 0.03 0.14
1082 19 133 64 24 -0.02 -0.02 0.02 -0.04 0.04 0.32
1083 18 123 61 23 -0.03 -0.0 0.01 0.0 0.01 0.25
1084 18 128 59 24 -0.03 0.01 0.0 -0.04 -0.02 0.1
1085 18 124 59 24 -0.02 0.0 -0.01 -0.03 -0.03 0.06
1086 18 144 60 24 -0.01 -0.03 -0.01 0.0 0.04 -0.02
1087 17 158 63 24 -0.01 -0.02 -0.02 -0.06 0.01 0.0
1088 17 180 61 25 -0.01 -0.02 -0.02 -0.09 0.0 0.05
1089 17 195 63 25 -0.01 -0.03 -0.03 -0.12 -0.04 0.22
1090 17 208 67 26 -0.01 -0.06 -0.04 -0.18 -0.12 0.28
1091 19 240 69 25 0.01 -0.1 -0.03 -0.14 -0.06 0.35
1092 19 268 72 26 0.01 -0.23 -0.01 -0.42 -0.02 0.43
1093 19 273 71 36 -0.07 -0.36 -0.01 -0.72 0.17 0.13
1094 19 263 69 37 -0.15 -0.41 0.01 0.04 0.59 -0.28
1095 19 238 68 36 -0.39 -0.25 -0.03 -0.17 0.52 -0.53
1096 19 235 75 33 -0.43 -0.29 -0.05 0.03 0.14 -0.86
1097 21 222 71 32 -0.37 -0.34 -0.06 0.13 0.0 -0.7
1098 20 207 75 30 -0.22 -0.5 -0.06 0.02 -0.33 -0.16
1099 19 187 70 29 -0.1 -0.56 -0.04 0.04 -0.12 0.75
1100 19 183 71 28 -0.06 -0.49 -0.05 0.17 -0.2 1.07
1101 18 173 67 27 0.02 -0.26 -0.02 0.44 0.43 0.42
1102 18 183 67 27 0.0 0.03 -0.05 0.07 0.15 -0.14
1103 18 181 66 26 0.01 0.03 -0.03 -0.17 0.13 -0.22
1104 18 161 66 25 0.02 -0.04 -0.0 -0.32 0.07 -0.06
1105 18 180 67 25 0.04 -0.09 0.02 -0.46 -0.01 0.44
1106 19 187 63 25 0.05 -0.12 0.02 -0.32 0.0 0.49
1107 19 209 60 24 0.09 -0.21 0.03 -0.04 0.11 0.38
1108 18 209 60 24 0.14 -0.19 0.03 0.07 0.1 0.02
1109 18 186 64 24 0.19 -0.13 0.03 0.0 0.09 0.0
1110 21 171 64 24 0.25 -0.03 0.04 -0.34 0.26 -0.04
1111 20 175 62 24 0.27 0.04 -0.0 -0.25 0.37 0.05
1112 20 169 60 24 0.27 0.06 -0.05 -0.1 0.36 0.08
1113 20 158 63 23 0.21 0.17 -0.1 0.3 0.12 -0.07
1114 20 145 85 23 0.12 0.35 -0.06 0.35 -0.14 -0.32
1115 20 136 96 24 0.07 0.46 -0.02 0.0 -0.22 -0.18
1116 19 128 91 24 0.01 0.59 0.05 -0.45 -0.21 0.39
1117 19 125 86 25 0.04 0.55 0.07 -0.45 0.03 0.22
1118 19 125 86 26 0.03 0.55 0.07 -0.42 -0.02 0.06
1119 18 123 79 25 -0.03 0.55 0.11 -0.15 0.1 -0.26
1120 19 137 84 25 -0.11 0.55 0.16 -0.48 0.02 0.04
1121 20 139 81 25 -0.11 0.48 0.17 -0.55 0.02 0.32
1122 19 163 75 24 -0.08 0.37 0.15 -0.38 0.27 -0.03
1123 18 179 79 25 -0.07 0.17 0.09 -0.04 0.21 -0.13
1124 18 236 84 27 -0.07 0.07 0.06 0.31 0.08 -0.07
1125 17 284 83 26 -0.02 -0.14 0.04 0.1 0.0 0.07
1126 18 333 90 27 -0.0 -0.32 0.02 -0.65 -0.03 0.75
1127 19 335 95 30 0.06 -0.39 0.0 -0.73 -0.02 0.79
1128 19 309 98 29 0.1 -0.45 -0.04 -0.52 0.21 0.49
1129 18 289 92 28 -0.08 -0.34 -0.09 -0.33 0.29 -0.39
1130 18 299 88 27 -0.16 -0.37 -0.07 -0.57 0.31 -0.44
1131 23 299 93 28 -0.15 -0.55 -0.1 0.11 0.13 -0.32
1132 23 317 95 27 -0.14 -0.4 -0.08 0.43 0.14 0.23
1133 24 312 97 27 -0.14 -0.2 -0.07 0.76 -0.13 0.09
1134 22 296 104 26 -0.09 0.15 -0.01 0.39 -0.35 -0.2
1135 24 280 110 26 -0.07 0.21 0.01 -0.33 -0.18 0.16
1136 25 264 111 26 -0.01 0.13 0.03 -0.55 -0.12 0.33
1137 26 241 102 25 0.08 -0.12 0.02 -0.4 -0.09 0.22
1138 25 222 97 25 0.12 -0.24 0.01 -0.11 0.0 0.04
1139 25 205 104 25 0.19 -0.18 0.02 0.03 0.18 0.09
1140 25 190 126 25 0.22 0.09 0.04 -0.38 0.25 0.61
1141 24 179 137 25 0.24 0.2 0.04 -0.55 0.4 0.91
1142 31 169 140 35 0.28 0.24 0.02 -0.23 0.59 0.69
1143 31 157 131 33 0.25 0.34 -0.04 0.03 0.6 -0.02
1144 36 149 135 36 0.19 0.4 -0.07 0.25 0.22 -0.88
1145 158 148 130 33 0.03 0.51 -0.04 0.15 0.06 -1.0
1146 145 140 122 31 -0.08 0.51 0.06 -0.18 -0.21 -0.63
1147 119 137 122 29 -0.13 0.49 0.1 -0.75 -0.17 -0.11
1148 97 129 114 28 -0.15 0.34 0.15 -0.58 -0.13 0.12
1149 82 141 106 28 -0.11 0.28 0.13 -0.34 0.13 0.43
1150 66 203 98 28 -0.09 0.31 0.11 -0.13 0.23 0.1
1151 56 226 100 29 -0.07 0.33 0.06 -0.07 0.25 -0.05
1152 51 256 106 30 -0.06 0.31 0.03 -0.18 0.08 -0.2
1153 45 292 119 30 -0.06 0.24 0.02 -0.35 -0.05 0.06
1154 43 274 118 29 0.01 -0.04 -0.0 -0.66 -0.1 0.6
1155 38 274 119 39 -0.01 -0.29 -0.02 -0.73 0.2 0.43
1156 105 284 121 35 -0.08 -0.41 -0.02 -0.51 0.44 0.03
1157 147 346 115 32 -0.22 -0.52 -0.03 -0.42 0.41 -0.19
1158 128 327 128 34 -0.32 -0.69 -0.06 -0.15 0.34 -0.39
1159 106 325 130 34 -0.32 -0.8 -0.09 -0.36 0.24 -0.13
1160 137 332 141 34 -0.28 -1.03 -0.15 -0.36 0.19 -0.08
1161 182 334 139 41 -0.2 -1.42 -0.21 0.01 0.09 0.17
1162 237 284 136 37 -0.17 -1.6 -0.24 0.56 -0.08 0.33
1163 284 252 127 34 -0.06 -1.68 -0.27 1.26 -0.01 0.41
1164 233 233 135 35 0.02 -1.23 -0.25 1.53 -0.05 0.41
1165 190 219 139 32 0.05 -0.81 -0.22 0.88 -0.23 0.08
1166 165 198 129 35 0.12 -0.11 -0.13 0.14 -0.28 -0.03
1167 301 195 125 34 0.18 0.33 -0.04 -0.64 -0.25 0.25
1168 245 194 133 31 0.22 0.5 -0.02 -0.71 0.13 0.82
1169 201 181 128 41 0.28 0.77 0.01 -0.63 0.25 0.71
1170 163 167 119 37 0.31 1.05 -0.01 -0.23 0.56 -0.11
1171 136 155 121 42 0.29 1.1 -0.01 -0.32 0.36 -0.72
1172 153 149 122 40 0.18 1.02 0.01 -0.59 0.17 -0.76
1173 166 142 146 35 0.06 0.82 0.08 -0.68 -0.03 -0.43
1174 165 139 137 33 0.03 0.7 0.11 -0.53 0.05 0.1
1175 142 146 130 31 -0.02 0.55 0.13 -0.58 0.11 0.26
1176 119 177 128 30 -0.03 0.4 0.13 -0.62 0.17 0.27
1177 98 183 125 29 -0.02 0.32 0.11 -0.46 0.07 0.08
1178 82 208 130 27 -0.01 0.15 0.09 -0.44 0.0 0.05
1179 71 213 131 28 0.04 -0.11 0.05 -0.68 0.02 -0.07
1180 86 222 124 27 0.01 -0.25 0.07 -0.84 0.24 0.31
1181 138 238 119 29 -0.06 -0.49 0.04 -0.86 0.06 0.16
1182 166 293 125 31 -0.15 -0.69 0.02 0.1 0.36 -0.12
1183 178 302 132 30 -0.19 -0.69 -0.0 0.08 0.21 -0.09
1184 245 276 122 29 -0.29 -0.61 -0.07 0.04 0.22 -0.53
1185 210 266 118 28 -0.26 -0.76 -0.1 -0.05 -0.07 -0.96
1186 173 244 101 27 -0.25 -0.93 -0.11 0.06 -0.04 0.08
1187 144 217 104 27 -0.17 -1.13 -0.18 0.0 -0.07 0.25
1188 130 196 102 27 -0.06 -1.17 -0.24 1.15 0.03 0.18
1189 191 176 112 27 0.0 -1.09 -0.25 0.99 -0.07 0.34
1190 175 165 114 26 0.07 -0.61 -0.21 0.81 -0.12 0.48
1191 146 154 110 25 0.14 -0.05 -0.15 -0.48 -0.01 0.85
1192 121 140 105 27 0.18 0.14 -0.12 -0.69 0.24 0.77
1193 100 138 102 30 0.21 0.37 -0.13 -0.51 0.33 0.32
1194 145 134 101 32 0.14 0.45 -0.1 -0.23 0.19 -0.2
1195 139 128 103 30 0.1 0.51 -0.07 -0.55 0.12 -0.43
1196 171 125 103 29 0.0 0.62 0.05 -0.6 0.17 -0.25
1197 146 118 102 28 -0.09 0.72 0.14 -0.14 0.16 0.01
1198 122 115 98 28 -0.1 0.76 0.17 -0.65 0.23 0.16
1199 101 115 103 31 -0.11 0.69 0.21 -0.6 0.27 0.22
1200 134 117 108 31 -0.1 0.58 0.19 -0.38 0.28 0.23
1201 124 140 103 33 -0.09 0.54 0.18 -0.55 0.32 0.16
1202 133 198 112 33 -0.06 0.46 0.16 -0.42 0.25 -0.03
1203 115 250 118 32 -0.02 0.25 0.14 -0.1 0.04 -0.31
1204 98 298 119 33 -0.0 0.12 0.12 -0.63 0.07 0.26
1205 119 313 120 33 0.06 -0.29 0.09 -0.96 0.06 0.29
1206 98 330 130 38 0.02 -0.63 0.06 -0.35 0.34 0.42
1207 82 307 121 36 -0.06 -0.71 0.03 0.32 0.48 -0.01
1208 71 350 115 34 -0.14 -0.61 -0.01 0.26 0.49 -0.14
1209 64 349 109 32 -0.25 -0.46 -0.05 0.05 0.09 -0.52
1210 77 327 113 32 -0.24 -0.49 -0.06 0.23 0.01 -0.4
1211 80 319 128 30 -0.19 -0.59 -0.09 0.21 -0.02 -0.19
1212 75 292 117 31 -0.13 -0.67 -0.11 0.43 -0.05 0.29
1213 64 296 104 30 -0.09 -0.71 -0.12 0.39 -0.05 0.6
1214 56 284 96 29 -0.01 -0.73 -0.15 0.33 -0.07 0.57
1215 49 254 95 30 0.03 -0.52 -0.15 0.15 -0.1 0.37
1216 48 232 92 28 0.05 -0.43 -0.14 0.18 -0.02 0.19
1217 56 211 94 28 0.09 -0.23 -0.1 0.08 0.0 0.1
1218 121 195 100 27 0.13 -0.19 -0.05 -0.21 0.06 0.07
1219 113 192 103 27 0.15 -0.16 -0.02 -0.48 0.11 0.52
1220 102 175 99 26 0.22 0.09 0.03 -0.46 0.17 0.86
1221 86 163 92 28 0.24 0.4 0.04 -0.03 0.61 0.33
1222 71 145 92 27 0.22 0.55 0.02 -0.13 0.61 -0.33
1223 61 136 87 27 0.11 0.74 -0.01 -0.08 0.43 -0.95
1224 55 131 83 26 0.0 0.6 -0.0 -0.27 0.28 -1.01
1225 45 121 89 25 -0.03 0.5 0.01 -0.2 0.03 -0.08
1226 40 118 96 25 -0.06 0.44 0.06 -0.12 -0.36 0.45
1227 34 114 96 24 -0.06 0.59 0.09 -0.91 0.12 -0.18
1228 34 115 88 25 -0.07 0.5 0.08 -0.34 0.07 0.05
1229 31 114 83 25 -0.07 0.25 0.07 -0.42 0.16 -0.01
1230 28 112 80 25 -0.1 0.18 0.07 -0.13 0.2 -0.07
1231 25 148 79 25 -0.1 0.16 0.06 -0.3 0.2 0.06
1232 24 172 77 25 -0.1 0.12 0.03 -0.31 0.15 0.25
1233 22 189 79 25 -0.07 0.04 -0.01 0.0 -0.02 0.15
1234 24 234 88 27 -0.03 0.0 -0.04 -0.04 0.05 0.16
1235 25 225 105 27 0.01 -0.1 -0.04 0.17 0.15 0.51
1236 26 233 105 29 0.03 -0.18 -0.08 -0.68 0.08 0.91
1237 25 242 101 30 -0.03 -0.28 -0.09 -0.27 0.27 0.45
1238 24 244 94 29 -0.14 -0.35 -0.09 -0.05 0.42 0.28
1239 23 258 85 28 -0.21 -0.2 -0.14 -0.24 0.3 -0.43
1240 26 251 80 27 -0.22 -0.26 -0.15 0.24 0.12 -0.47
1241 24 239 78 26 -0.16 -0.5 -0.17 0.46 -0.2 -0.03
1242 24 216 82 28 -0.07 -0.58 -0.15 0.49 -0.01 0.43
1243 23 192 76 27 -0.03 -0.49 -0.12 0.32 0.05 0.51
1244 23 179 76 27 0.03 -0.26 -0.07 0.26 0.1 0.37
1245 24 182 73 28 0.1 -0.14 -0.06 -0.06 0.07 0.05
1246 22 162 88 28 0.11 -0.15 -0.04 -0.59 0.02 -0.31
1247 21 154 86 27 0.13 -0.2 0.01 -0.7 0.04 -0.15
1248 24 153 91 27 0.22 -0.21 0.04 -0.76 0.46 0.97
1249 22 135 85 26 0.25 -0.18 0.04 -0.14 0.71 0.47
1250 21 125 84 27 0.25 -0.06 -0.03 0.15 0.63 0.26
1251 21 117 78 26 0.13 0.3 -0.06 -0.1 0.25 -0.65
1252 19 108 75 26 0.07 0.41 -0.04 -0.22 0.03 -0.84
1253 20 108 77 27 -0.04 0.45 0.04 -0.46 -0.17 -0.31
1254 20 131 82 27 -0.13 0.45 0.13 -0.73 -0.01 -0.01
1255 26 174 83 29 -0.15 0.37 0.13 -0.72 0.03 0.33
1256 25 231 85 28 -0.11 0.1 0.13 0.09 0.26 0.57
1257 23 237 78 28 -0.06 0.01 0.1 -0.16 0.33 0.35
1258 23 222 82 32 -0.08 0.1 0.07 -0.33 0.24 -0.13
1259 22 225 87 31 -0.23 0.39 -0.03 -0.25 0.48 -0.7
1260 20 220 87 29 -0.34 0.35 -0.03 -0.04 0.12 -0.78
1261 20 223 84 28 -0.28 0.26 -0.01 0.05 0.04 -0.68
1262 19 214 83 28 -0.15 0.15 -0.01 0.0 -0.03 0.39
1263 19 259 78 26 -0.03 0.01 -0.04 0.1 -0.07 0.56
1264 19 312 78 28 0.0 -0.06 -0.06 0.27 -0.06 0.45
1265 20 293 84 26 0.06 -0.11 -0.07 0.03 0.09 0.07
1266 22 261 78 25 0.18 -0.28 -0.08 -0.41 0.03 0.1
1267 24 228 79 25 0.25 -0.35 -0.05 -0.38 0.05 0.24
1268 30 218 81 27 0.35 -0.24 -0.03 -0.53 0.26 0.62
1269 29 205 81 27 0.37 0.26 -0.04 0.35 0.35 1.06
1270 26 179 75 35 0.35 0.65 -0.07 0.6 0.18 0.94
1271 26 166 75 32 0.25 1.14 -0.06 0.49 -0.03 -0.18
1272 24 148 71 31 0.19 1.37 0.05 0.11 -0.06 -0.68
1273 27 132 70 29 0.13 1.41 0.1 -0.24 -0.07 -0.71
1274 24 123 71 28 0.03 1.34 0.18 -0.78 -0.04 -0.28
1275 22 117 70 28 -0.05 1.26 0.24 -0.81 -0.06 -0.09
1276 21 144 79 28 -0.08 1.2 0.28 -0.85 0.1 -0.21
1277 21 212 79 30 -0.13 0.99 0.32 -0.44 0.2 -0.2
1278 21 287 83 31 -0.13 0.67 0.3 -0.56 0.23 0.2
1279 19 298 85 29 -0.11 0.41 0.27 -0.36 0.09 0.25
1280 20 284 84 29 0.04 -0.07 0.17 -0.72 0.11 0.03
1281 20 271 85 29 -0.01 -0.67 0.08 -1.23 0.23 0.2
1282 18 262 82 29 -0.04 -1.0 0.02 -0.83 0.42 0.31
1283 19 292 80 29 -0.09 -1.44 -0.08 -0.23 0.67 0.22
1284 19 289 78 31 -0.21 -1.49 -0.22 0.01 0.65 -0.29
1285 19 274 74 27 -0.25 -1.48 -0.27 0.15 0.29 -0.61
1286 19 280 78 29 -0.2 -1.49 -0.28 0.7 0.19 -0.62
1287 18 250 81 28 -0.13 -1.32 -0.27 0.65 -0.11 0.14
1288 20 233 75 29 -0.11 -1.17 -0.26 0.47 -0.17 0.34
1289 20 217 73 28 -0.09 -0.78 -0.22 0.36 -0.2 0.68
1290 21 194 71 28 -0.03 -0.36 -0.17 0.22 -0.3 0.64
1291 24 177 68 27 -0.01 -0.09 -0.11 0.3 -0.13 0.47
1292 24 158 75 26 0.05 0.13 -0.03 -0.23 -0.14 -0.18
1293 23 143 74 26 0.1 0.38 0.06 -0.3 -0.05 -0.17
1294 24 127 80 34 0.11 0.5 0.1 -0.46 0.08 0.04
1295 27 121 80 32 0.16 0.68 0.12 -0.66 0.25 0.82
1296 27 117 75 30 0.19 0.75 0.07 -0.39 0.63 0.37
1297 27 127 73 29 0.17 0.82 0.06 -0.27 0.6 -0.04
1298 26 133 70 28 0.11 0.91 0.06 -0.15 0.52 -0.32
1299 28 135 67 27 0.03 0.98 0.09 -0.42 0.12 -0.89
1300 26 134 72 27 -0.01 0.96 0.1 -0.38 -0.04 -0.84
1301 24 127 76 26 -0.03 0.85 0.14 -0.47 0.0 -0.25
1302 23 119 74 26 -0.0 0.74 0.15 -0.28 0.06 0.27
1303 22 127 76 32 0.0 0.75 0.14 -0.3 0.11 0.49
1304 22 165 78 31 0.02 0.76 0.12 -0.55 0.09 0.34
1305 21 170 80 34 0.04 0.57 0.15 -0.64 0.08 0.21
1306 21 187 84 35 0.04 0.42 0.15 -0.41 0.1 0.15
1307 23 225 83 38 0.06 0.03 0.14 -0.88 0.03 0.2
1308 27 211 78 38 0.06 -0.15 0.11 -1.01 0.11 0.44
1309 24 215 81 36 0.01 -0.57 0.05 -0.85 0.16 0.28
1310 23 221 89 34 -0.11 -0.68 -0.0 0.46 0.48 -0.33
1311 22 207 85 33 -0.16 -0.61 -0.03 0.58 0.36 -0.46
1312 21 202 79 35 -0.22 -0.47 -0.04 0.42 0.3 -0.37
1313 21 204 79 37 -0.18 -0.44 -0.08 0.03 0.09 0.09
1314 20 199 86 34 -0.14 -0.47 -0.1 -0.1 0.01 0.33
1315 26 199 80 31 -0.08 -0.53 -0.13 0.1 -0.13 0.15
1316 32 192 81 30 -0.01 -0.56 -0.13 0.17 -0.07 -0.02
1317 31 174 76 29 0.04 -0.56 -0.12 0.22 -0.02 0.04
1318 29 156 71 29 0.12 -0.41 -0.1 0.01 0.0 0.2
1319 33 149 73 28 0.21 -0.28 -0.08 -0.07 0.08 0.22
1320 32 134 78 28 0.22 -0.21 -0.07 -0.59 0.22 0.17
1321 31 129 78 27 0.26 -0.07 -0.04 -0.34 0.39 0.13
1322 28 133 86 27 0.23 0.19 -0.02 -0.28 0.34 0.42
1323 28 124 98 26 0.21 0.31 -0.01 -0.46 0.37 0.47
1324 26 113 94 25 0.16 0.43 -0.02 -0.43 0.37 0.22
1325 28 107 93 25 0.09 0.37 -0.01 -0.23 0.25 -0.02
1326 26 102 92 25 0.08 0.37 0.0 -0.02 0.26 -0.33
1327 49 103 87 24 -0.03 0.49 0.05 -0.02 0.16 -0.36
1328 58 103 85 24 -0.11 0.7 0.12 -0.44 0.12 -0.29
1329 53 106 88 24 -0.14 0.72 0.13 -0.53 0.09 -0.13
1330 50 104 82 29 -0.15 0.65 0.12 -0.42 0.04 -0.05
1331 43 103 83 27 -0.11 0.52 0.1 -0.74 0.26 -0.21
1332 40 112 89 26 -0.1 0.4 0.09 0.09 0.19 -0.15
1333 36 112 91 26 -0.1 0.35 0.06 -0.08 0.34 -0.25
1334 33 119 89 29 -0.1 0.2 0.03 0.07 0.14 0.03
1335 36 135 87 29 -0.08 0.12 0.02 -0.25 0.09 0.3
1336 32 170 85 27 0.0 -0.04 -0.02 0.02 0.1 0.4
1337 31 215 84 27 0.05 -0.07 -0.05 -0.07 0.03 0.31
1338 34 240 84 27 0.07 -0.08 -0.05 -0.15 -0.05 0.45
1339 33 288 88 25 0.13 -0.18 -0.07 -0.33 0.02 0.54
1340 32 369 85 35 0.13 -0.31 -0.08 -0.27 0.1 0.4
1341 30 354 89 37 0.1 -0.36 -0.1 -0.25 0.06 0.44
1342 31 330 108 36 0.02 -0.4 -0.07 -0.35 0.16 0.25
1343 30 302 102 35 -0.05 -0.39 -0.06 -0.27 0.38 0.28
1344 31 291 96 32 -0.07 -0.35 -0.05 -0.38 0.48 0.32
1345 32 276 108 33 -0.15 -0.34 -0.1 -0.14 0.25 0.04
1346 30 294 104 31 -0.14 -0.23 -0.09 -0.31 0.22 0.0
1347 29 261 97 29 -0.12 -0.2 -0.09 -0.16 -0.36 0.04
1348 30 251 89 29 0.02 -0.37 -0.05 -0.08 -0.2 0.03
1349 28 229 84 28 0.08 -0.39 -0.03 -0.15 0.1 0.12
1350 29 216 80 27 0.09 -0.37 -0.04 -0.12 0.0 0.02
1351 34 200 81 27 0.14 -0.3 -0.05 0.32 0.12 -0.15
1352 35 190 84 26 0.19 -0.17 -0.04 -0.05 0.05 -0.43
1353 34 178 102 26 0.19 -0.15 -0.03 -0.51 0.01 -0.26
1354 34 168 98 26 0.24 -0.18 -0.0 -0.74 0.0 0.02
1355 38 159 91 26 0.23 -0.17 0.01 -0.67 0.24 0.41
1356 37 150 83 36 0.22 -0.15 -0.02 -0.52 0.27 0.38
1357 32 140 78 35 0.12 0.07 -0.09 0.47 0.52 -0.62
1358 31 129 80 33 -0.03 0.31 -0.04 0.02 0.19 -1.15
1359 29 120 77 31 -0.07 0.35 -0.0 -0.54 -0.07 -0.46
1360 26 115 82 29 -0.11 0.31 0.06 -0.68 -0.11 -0.04
1361 25 112 86 28 -0.13 0.2 0.06 -0.56 -0.09 0.59
1362 23 124 80 27 -0.11 0.2 0.06 -0.49 -0.11 0.55
1363 24 163 85 26 -0.14 0.2 0.08 -0.62 0.2 0.34
1364 23 186 86 29 -0.09 0.14 0.06 -0.38 0.24 0.23
1365 22 213 80 28 -0.06 0.11 0.05 -0.41 0.23 0.27
1366 22 241 80 27 -0.03 -0.03 0.01 -0.21 0.26 -0.15
1367 21 277 78 26 0.0 -0.16 -0.01 -0.12 0.26 -0.12
1368 22 286 80 26 -0.02 -0.24 -0.01 -0.5 0.2 0.18
1369 21 291 95 26 -0.09 -0.32 -0.01 -0.14 0.36 0.54
1370 20 283 93 26 -0.16 -0.2 -0.01 -0.15 0.23 0.25
1371 19 284 84 26 -0.18 -0.09 0.0 -0.22 0.44 -0.13
1372 19 275 76 25 -0.22 -0.08 -0.01 -0.22 0.45 -0.29
1373 19 256 71 26 -0.2 -0.24 -0.06 0.26 0.29 -0.15
1374 20 250 69 25 -0.18 -0.29 -0.09 0.4 0.21 -0.02
1375 20 244 72 25 -0.09 -0.31 -0.12 0.76 0.01 0.5
1376 20 242 73 25 0.03 -0.21 -0.15 0.41 -0.01 0.65
1377 21 257 73 25 0.07 -0.14 -0.16 0.21 0.0 0.72
1378 22 233 69 26 0.14 -0.08 -0.18 -0.48 -0.1 0.55
1379 24 212 74 25 0.21 -0.2 -0.18 -0.45 -0.03 -0.09
1380 23 193 94 26 0.26 -0.3 -0.15 -0.56 -0.01 -0.29
1381 24 172 103 25 0.28 -0.3 -0.07 -0.65 0.05 -0.39
1382 23 156 95 25 0.25 -0.12 0.02 -0.85 0.13 0.44
1383 23 142 91 25 0.25 0.01 0.06 -0.74 0.21 0.62
1384 22 134 84 25 0.2 0.28 0.09 -0.18 0.6 0.11
1385 22 125 78 25 0.03 0.51 0.09 -0.08 0.5 -0.31
1386 21 119 77 25 -0.02 0.57 0.09 0.04 0.47 -0.59
1387 21 113 75 25 -0.08 0.58 0.1 -0.06 0.12 -0.82
1388 20 112 81 25 -0.12 0.58 0.13 -0.37 -0.03 -0.48
1389 19 114 85 24 -0.13 0.55 0.14 -0.6 0.0 -0.13
1390 18 115 79 24 -0.12 0.43 0.12 -0.52 0.13 0.08
1391 18 119 76 24 -0.14 0.35 0.1 -0.39 0.19 0.09
1392 18 155 74 25 -0.17 0.35 0.1 -0.48 0.17 0.02
1393 17 203 76 25 -0.13 0.26 0.09 -0.58 0.19 -0.07
1394 17 267 86 25 -0.07 0.03 0.07 -0.33 0.15 -0.04
1395 17 250 88 25 -0.05 -0.05 0.05 -0.2 0.14 0.0
1396 17 256 87 25 0.06 -0.19 0.02 -0.04 0.11 0.14
1397 17 269 85 24 -0.01 -0.32 -0.01 -0.72 0.04 0.23
1398 16 276 83 25 -0.09 -0.45 -0.01 -0.41 0.11 0.35
1399 16 275 78 25 -0.15 -0.57 -0.01 -0.06 0.35 0.29
1400 18 281 81 25 -0.17 -0.49 -0.03 -0.06 0.36 0.17
1401 16 293 84 25 -0.19 -0.47 -0.04 -0.02 0.36 0.04
1402 18 280 79 25 -0.16 -0.57 -0.08 -0.16 0.19 -0.03
1403 17 296 81 25 -0.13 -0.61 -0.13 -0.01 0.1 0.29
1404 17 277 78 24 -0.12 -0.59 -0.14 -0.18 -0.02 0.31
1405 17 273 73 25 -0.06 -0.63 -0.16 0.26 -0.12 0.09
1406 17 255 70 23 0.01 -0.5 -0.14 0.35 -0.11 0.14
1407 20 233 71 24 0.04 -0.38 -0.11 0.27 -0.08 0.2
1408 21 217 71 26 0.09 -0.11 -0.05 0.02 -0.09 0.11
1409 20 204 69 26 0.16 -0.07 0.01 -0.44 0.01 0.03
1410 18 185 75 25 0.21 -0.06 0.03 -0.41 0.11 0.06
1411 21 169 82 25 0.24 0.07 0.07 -0.48 0.25 0.13
1412 21 159 86 27 0.22 0.22 0.07 -0.27 0.5 0.63
1413 21 145 84 30 0.2 0.31 0.05 -0.16 0.5 0.64
1414 21 130 96 29 0.14 0.39 -0.01 0.09 0.44 0.0
1415 21 120 93 28 0.07 0.5 -0.01 0.09 0.38 -0.45
1416 21 115 89 27 0.02 0.59 0.0 0.0 0.29 -0.58
1417 21 113 82 26 -0.06 0.7 0.06 -0.61 -0.02 -0.47
1418 21 113 82 26 -0.09 0.64 0.13 -0.75 0.03 -0.07
1419 21 113 78 25 -0.09 0.57 0.14 -0.56 0.06 -0.04
1420 21 116 83 25 -0.11 0.5 0.13 -0.43 0.19 -0.01
1421 20 115 78 26 -0.13 0.51 0.14 -0.26 0.22 -0.11
1422 19 115 75 25 -0.12 0.5 0.14 -0.26 0.23 -0.12
1423 25 116 78 26 -0.11 0.39 0.12 -0.37 0.15 0.07
1424 25 118 82 26 -0.06 0.2 0.09 -0.31 0.22 0.15
1425 29 120 78 25 -0.05 0.11 0.07 -0.31 0.21 0.27
1426 26 131 78 25 0.0 -0.05 0.03 -0.11 0.22 0.39
1427 25 128 75 26 0.01 -0.1 -0.01 0.05 0.22 0.33
1428 25 124 77 25 0.01 -0.11 -0.02 0.01 0.2 0.12
1429 23 121 79 24 0.0 -0.16 -0.04 -0.28 0.2 0.1
1430 21 118 76 24 0.01 -0.26 -0.05 -0.15 0.15 0.13
1431 22 122 71 24 0.0 -0.27 -0.05 -0.08 0.14 0.13
1432 23 125 68 24 -0.02 -0.21 -0.05 0.0 0.13 0.07
1433 22 123 68 24 -0.02 -0.11 -0.02 0.05 0.11 0.03
1434 21 123 70 24 -0.03 -0.05 -0.02 -0.01 0.09 0.14
1435 19 125 75 25 -0.03 0.01 -0.01 -0.39 0.03 0.17
1436 20 122 77 25 0.01 -0.04 -0.01 -0.22 0.08 0.19
1437 19 126 71 24 0.02 -0.06 -0.01 -0.25 0.1 0.23
1438 19 130 67 24 0.02 -0.07 -0.01 -0.25 0.16 0.19
1439 18 122 66 24 0.02 -0.04 -0.01 -0.24 0.12 0.07
1440 18 149 74 23 0.03 -0.04 0.0 -0.27 0.09 0.09
1441 17 144 73 24 0.04 -0.05 0.01 -0.18 0.13 0.06
1442 17 152 74 24 0.04 -0.08 0.0 -0.18 0.13 0.09
1443 17 153 74 23 0.04 -0.1 -0.0 -0.25 0.14 0.04
1444 17 164 83 24 0.05 -0.19 -0.02 -0.12 0.09 0.1
1445 18 187 81 24 0.05 -0.29 -0.03 -0.19 0.07 0.35
1446 18 197 81 27 0.04 -0.33 -0.05 -0.74 0.03 0.5
1447 18 217 80 27 0.02 -0.4 -0.04 -0.57 0.23 0.14
1448 17 211 74 26 -0.12 -0.19 -0.05 -0.14 0.34 -0.26
1449 18 211 77 26 -0.19 -0.08 -0.05 -0.13 0.37 -0.52
1450 18 204 85 26 -0.17 -0.04 -0.03 0.02 0.17 -0.84
1451 18 209 87 25 -0.17 -0.03 -0.02 -0.08 0.09 -0.07
1452 17 216 83 25 -0.16 -0.0 -0.03 -0.25 0.12 0.14
1453 17 189 81 25 -0.13 -0.07 -0.03 -0.28 -0.04 0.1
1454 17 179 83 24 -0.07 -0.2 -0.02 -0.11 0.1 0.04
1455 16 174 82 24 -0.06 -0.22 -0.02 -0.16 0.08 0.04
1456 17 199 79 25 -0.05 -0.24 0.0 -0.11 0.09 0.1
1457 17 208 76 26 -0.02 -0.2 0.01 -0.24 -0.01 0.28
1458 17 196 76 26 0.0 -0.18 0.01 -0.18 0.05 0.32
1459 17 182 78 25 0.03 -0.12 0.01 -0.11 0.12 0.22
1460 17 173 77 24 0.02 -0.04 0.01 -0.19 0.11 0.04
1461 16 170 77 25 0.01 -0.02 0.01 -0.18 0.13 0.02
1462 17 157 74 27 -0.0 -0.03 0.01 -0.12 0.08 -0.03
1463 17 166 71 27 -0.0 -0.04 0.01 -0.1 0.04 -0.02
1464 16 162 72 26 0.01 -0.05 0.0 -0.08 0.02 0.0
1465 16 161 67 25 0.02 -0.06 -0.0 -0.06 0.04 0.12
1466 16 149 68 25 0.03 -0.04 -0.01 -0.06 0.1 0.07
1467 16 143 65 24 0.03 -0.04 -0.01 -0.07 0.0 -0.01
1468 16 133 62 24 0.05 -0.07 -0.02 0.03 0.03 -0.09
1469 17 137 65 26 0.08 -0.08 -0.02 -0.07 0.03 -0.02
1470 20 130 74 25 0.1 -0.08 -0.02 0.02 0.02 0.02
1471 20 140 74 25 0.16 -0.05 -0.02 0.02 0.06 0.16
1472 22 129 74 25 0.22 0.06 -0.01 0.0 0.26 0.01
1473 24 123 72 24 0.23 0.16 0.0 -0.15 0.24 0.03
1474 27 117 74 25 0.22 0.38 -0.01 -0.38 0.29 0.08
1475 27 118 72 24 0.19 0.5 -0.03 -0.24 0.21 0.18
1476 26 116 68 24 0.17 0.59 -0.02 -0.26 0.13 0.15
1477 25 133 71 24 0.13 0.74 -0.0 -0.28 0.04 -0.1
1478 24 154 75 24 0.08 0.74 0.04 -0.12 0.0 -0.47
1479 23 175 78 24 0.04 0.74 0.07 -0.28 -0.03 -0.36
1480 23 161 75 24 -0.01 0.73 0.1 -0.59 0.05 -0.14
1481 22 151 75 24 -0.0 0.5 0.1 -0.52 0.07 0.28
1482 24 142 73 24 0.03 0.4 0.09 -0.41 0.2 0.29
1483 23 131 74 24 0.06 0.32 0.08 -0.05 0.27 0.31
1484 23 127 73 24 0.05 0.36 0.07 -0.13 0.25 0.36
1485 22 122 74 24 0.05 0.38 0.06 -0.09 0.21 0.38
1486 21 118 69 23 0.05 0.38 0.05 -0.31 0.11 0.0
1487 20 117 69 23 0.03 0.28 0.05 -0.24 0.1 -0.08
1488 18 116 68 23 0.03 0.22 0.04 -0.22 0.08 -0.11
1489 19 114 70 24 0.0 0.13 0.03 -0.15 0.09 -0.04
1490 20 123 76 25 -0.01 0.09 0.01 -0.17 0.08 0.16
1491 18 118 74 25 -0.02 0.08 0.01 -0.27 0.06 0.13
1492 18 124 69 24 -0.03 0.02 -0.0 -0.19 0.05 -0.04
1493 17 121 70 24 -0.02 -0.04 -0.01 -0.1 0.1 -0.01
1494 16 120 69 24 -0.02 -0.05 -0.02 -0.11 0.1 -0.01
1495 18 119 69 24 -0.02 -0.04 -0.02 -0.12 0.09 0.05
1496 18 120 69 24 -0.02 -0.05 -0.03 -0.18 0.07 0.12
1497 17 127 67 24 -0.02 -0.06 -0.03 -0.26 0.05 0.08
1498 17 126 66 24 -0.01 -0.09 -0.02 -0.25 0.09 0.06
1499 17 123 69 24 -0.02 -0.12 -0.01 -0.18 0.14 0.1
1500 17 128 66 24 -0.02 -0.12 -0.01 -0.22 0.12 0.09
1501 17 129 66 26 -0.01 -0.13 -0.01 -0.23 0.08 0.1
1502 21 159 64 25 -0.01 -0.17 -0.02 -0.27 0.09 -0.05
1503 20 203 68 25 -0.01 -0.2 -0.02 -0.26 0.07 -0.08
1504 19 235 70 24 0.01 -0.26 -0.02 -0.21 0.04 -0.21
1505 18 213 76 24 0.03 -0.31 0.0 -0.32 0.11 -0.19
1506 18 202 76 34 0.02 -0.35 0.01 -0.11 0.13 0.09
1507 18 225 73 32 0.02 -0.46 -0.0 -0.24 0.11 0.21
1508 18 271 70 32 0.03 -0.51 -0.02 0.03 0.15 0.23
1509 19 260 69 30 0.02 -0.44 -0.03 -0.13 0.05 0.12
1510 20 232 69 36 -0.01 -0.33 -0.02 0.25 0.11 0.2
1511 23 246 76 35 -0.04 -0.16 0.01 -0.04 0.06 0.34
1512 22 216 87 34 -0.06 -0.12 0.03 0.04 0.08 0.38
1513 25 190 83 32 -0.14 0.01 0.06 -0.29 0.12 0.35
1514 23 177 78 31 -0.25 0.23 0.06 -0.68 0.15 0.41
1515 23 185 75 29 -0.3 0.29 0.05 -0.6 0.13 -0.16
1516 22 203 72 28 -0.3 0.15 0.04 0.24 0.14 -0.24
1517 22 214 75 27 -0.21 0.16 0.02 0.06 -0.3 -0.35
1518 21 221 86 27 -0.17 0.12 0.04 0.08 -0.22 -0.34
1519 20 263 84 26 -0.08 -0.05 0.04 -0.13 0.14 0.08
1520 19 306 83 26 -0.06 -0.12 0.03 -0.34 -0.31 0.36
1521 19 311 80 26 -0.02 -0.3 -0.01 -0.33 0.24 0.23
1522 19 276 79 25 0.0 -0.38 -0.06 0.13 0.18 -0.06
1523 18 256 78 25 0.01 -0.39 -0.08 0.5 0.19 -0.07
1524 17 229 78 25 0.03 -0.31 -0.1 0.42 0.16 -0.04
1525 18 224 75 25 0.04 -0.11 -0.09 -0.18 0.05 0.21
1526 18 226 72 25 0.05 -0.06 -0.07 -0.57 0.06 0.35
1527 18 217 72 25 0.04 -0.06 -0.06 -0.42 0.11 0.26
1528 17 197 70 25 0.03 -0.09 -0.05 -0.17 0.13 0.02
1529 18 190 70 25 0.02 -0.06 -0.03 -0.1 0.09 -0.1
1530 17 183 75 28 -0.01 -0.01 0.0 -0.13 0.08 -0.05
1531 16 180 74 27 0.0 -0.0 0.01 -0.27 0.09 0.03
1532 17 185 74 26 0.02 -0.03 0.01 -0.23 0.16 0.14
-100 -100 -100 -100 -100 -100 -100 -100 -100 -100 -100
1533 17 206 72 25 0.03 -0.07 -0.01 -0.19 0.18 0.16
1534 17 190 69 24 0.01 -0.07 -0.02 -0.01 0.18 0.09
1535 18 174 67 25 0.01 -0.05 -0.02 -0.06 0.08 -0.02
1536 17 165 69 26 -0.01 -0.03 -0.02 -0.07 0.09 -0.12
1537 21 175 73 25 0.0 -0.06 -0.02 -0.05 0.08 -0.07
1538 21 169 70 24 0.01 -0.07 -0.02 -0.2 0.02 0.12
1539 21 156 68 24 0.02 -0.08 -0.02 -0.16 0.0 0.14
1540 23 143 65 24 0.03 -0.08 -0.02 -0.1 0.06 0.02
1541 21 132 64 27 0.04 -0.08 -0.02 -0.09 0.09 0.04
1542 24 124 73 26 0.06 -0.0 -0.0 -0.03 0.06 0.0
1543 29 117 80 26 0.13 0.02 0.01 -0.01 0.03 -0.08
1544 27 111 97 25 0.15 0.05 0.02 0.06 0.15 0.09
1545 27 107 92 25 0.14 0.22 0.01 -0.33 0.2 0.28
1546 28 113 102 25 0.06 0.44 0.02 0.01 0.28 0.47
1547 29 113 104 33 0.06 0.57 0.02 0.02 0.14 0.05
1548 28 111 99 31 0.03 0.99 0.03 -0.02 0.01 -0.18
1549 35 116 93 29 -0.02 1.07 0.05 -0.01 -0.08 -0.49
1550 37 125 85 28 -0.06 1.12 0.07 -0.55 -0.21 -0.36
1551 36 124 83 27 -0.14 1.06 0.17 -0.86 -0.25 -0.26
1552 36 126 77 27 -0.12 0.98 0.19 -0.76 -0.03 0.43
1553 33 128 73 26 -0.1 0.89 0.2 -0.8 0.08 0.59
1554 31 129 70 26 0.03 0.54 0.16 -0.6 0.09 0.6
1555 32 129 68 26 0.06 0.38 0.12 -0.38 0.22 0.22
1556 30 127 72 25 0.07 0.29 0.1 -0.06 0.22 -0.28
1557 30 129 71 26 0.05 0.09 0.07 -0.2 0.18 -0.27
1558 27 130 70 25 0.06 -0.07 0.05 0.0 0.17 0.04
1559 25 134 66 25 0.07 -0.1 0.03 0.01 0.1 0.47
1560 25 133 65 25 0.06 -0.1 -0.01 0.08 0.08 0.5
1561 25 133 64 24 0.04 -0.06 -0.04 0.0 0.03 0.02
1562 23 131 62 25 0.03 -0.04 -0.04 -0.06 0.0 -0.06
1563 22 129 63 25 0.0 -0.04 -0.04 -0.06 0.0 -0.09
1564 20 128 61 25 -0.01 -0.06 -0.03 -0.06 -0.03 -0.06
1565 20 125 60 25 -0.01 -0.05 -0.04 -0.12 0.02 0.02
1566 18 124 58 24 -0.02 -0.05 -0.05 -0.17 0.01 0.09
1567 19 126 62 24 -0.01 -0.04 -0.06 -0.16 0.07 -0.02
1568 18 123 60 26 -0.02 -0.05 -0.06 -0.15 0.13 -0.13
1569 19 124 64 26 -0.03 -0.05 -0.06 -0.13 0.1 -0.13
1570 19 122 63 26 -0.03 -0.07 -0.06 -0.27 0.13 -0.07
1571 20 125 64 25 -0.02 -0.08 -0.06 -0.2 0.16 0.0
