0.8374186 25 81 29 222
0.9169093 25 66 43 193
1.0263838 25 59 52 174
1.1317324 28 71 65 195
1.2163266 34 131 60 207
1.3180049 37 166 50 225
1.4170381 45 151 43 245
1.5257954 53 134 52 228
1.6173112 94 119 53 241
1.7161002 230 108 48 218
1.8318302 348 106 67 282
1.9163318 426 153 91 375
2.0151788 300 148 75 352
2.1236677 279 147 70 400
2.2158831 151 146 57 358
2.318315 109 138 52 372
2.4165133 85 127 51 360
2.526479 67 136 46 350
2.6168278 64 126 45 323
2.7154965 64 136 46 314
2.8234806 72 118 45 364
2.9162544 58 112 40 323
3.0180013 68 115 37 330
3.1169182 50 122 34 341
3.2552591 51 120 33 353
3.3325552 58 135 44 362
3.4159262 49 117 36 329
3.5180113 51 118 31 358
3.616905 40 110 37 338
3.7153558 46 145 33 385
3.8468977 43 114 35 301
3.9234416 42 114 34 359
4.0178458 38 121 34 327
4.1229921 31 117 31 299
4.2181732 41 126 37 346
4.3165704 55 125 35 326
4.4153271 36 96 33 312
4.5242701 35 91 33 177
4.6159075 29 142 28 164
4.7178194 25 133 26 150
4.8167411 24 96 27 194
4.9514461 23 98 27 315
5.028412 24 135 26 269
5.1157936 25 110 25 183
5.217882 24 112 25 193
5.3159933 24 101 25 188
5.4182175 23 100 25 180
5.5172345 23 101 25 161
5.6249653 23 96 25 165
5.7179575 25 101 25 170
5.8221836 27 95 25 173
5.9182407 34 105 25 172
6.0238745 38 115 24 194
6.1152802 62 142 34 241
6.2172448 190 183 30 237
6.3162064 226 181 43 260
6.4291663 558 199 99 312
6.5314058 384 190 128 400
6.6185347 351 177 129 402
6.7173744 391 181 113 421
6.8157323 316 209 107 406
6.9178972 316 196 74 398
7.0160268 230 173 64 436
7.118341 172 156 57 449
7.237338 158 145 50 391
7.3149232 140 138 43 396
7.4173417 110 138 42 394
7.5157264 81 117 38 400
7.6181143 80 119 36 346
7.7168099 82 111 35 397
7.8151225 55 111 41 420
7.9170443 79 111 39 389
8.0160037 58 128 34 378
8.1327425 77 120 38 381
8.2395194 64 107 33 304
8.3205543 78 102 32 370
8.4174531 58 126 39 361
8.5289394 57 120 56 306
8.6174445 66 111 41 334
8.7163416 72 120 37 337
8.8273869 81 111 34 328
8.9165518 76 108 35 368
9.014808 65 110 41 279
9.1177113 57 104 34 332
9.230375 58 146 35 319
9.3178661 44 143 30 244
9.4166815 29 105 27 243
9.5187172 26 117 27 231
9.6170336 25 101 26 221
9.7152591 25 101 26 218
9.8175219 24 88 26 223
9.9163442 24 85 26 186
10.0285408 24 71 25 179
10.1170264 24 88 25 183
10.2149832 24 135 25 222
10.3173871 23 177 27 203
10.4161753 30 158 26 186
10.5216374 32 155 26 248
10.6167184 45 123 26 237
10.7151652 192 119 38 250
10.8170879 526 125 89 384
10.9160513 387 152 105 421
11.0181735 300 144 101 398
11.1442807 266 134 85 369
11.2212476 206 138 65 338
11.3173716 114 119 61 410
11.4210663 97 105 52 313
11.5237492 112 119 50 348
11.6162858 101 118 43 348
11.7182759 82 118 45 354
11.8166172 84 112 45 345
11.9153239 84 124 57 364
12.0218789 59 117 47 334
12.1160601 64 114 43 278
12.2197917 64 122 50 322
12.3165499 77 110 36 356
12.4184092 52 106 35 286
12.5173814 57 107 43 333
12.6152141 69 112 42 310
12.7180982 53 107 37 275
12.834036 62 112 34 322
12.9181134 50 109 34 294
13.0167468 47 111 35 300
13.115538 80 119 37 326
13.2499048 57 116 34 284
13.3251701 60 117 31 279
13.4184344 36 111 30 300
13.5167851 44 97 32 232
13.6149167 39 91 30 199
13.717531 28 121 27 157
13.8153942 119 98 26 135
13.9182619 45 81 27 203
14.0440638 29 84 26 305
14.1196903 25 111 26 305
14.2172752 24 98 26 257
14.3237662 24 84 26 219
14.4180261 24 76 26 218
14.5227658 24 78 25 176
14.6181974 24 75 26 168
14.716612 24 103 25 179
14.8203626 23 145 29 230
14.9178233 27 176 26 244
15.0268893 29 176 27 173
15.1183462 91 141 34 174
15.2183072 131 131 33 169
15.318507 214 129 62 196
15.4176953 475 173 139 436
15.5295 356 162 116 384
15.6179438 260 188 90 410
15.7160788 203 149 71 342
15.8185658 165 131 56 321
15.9352808 149 135 54 343
16.0154794 136 139 43 290
16.1178656 113 137 48 310
16.2157851 101 130 45 356
16.3184367 124 128 46 361
16.4333797 87 121 46 376
16.5371717 89 132 42 320
16.6175829 80 130 40 328
16.7154954 70 120 39 255
16.8183473 74 128 37 334
16.9363744 75 136 39 303
17.0183946 72 121 47 301
17.1174286 72 112 46 287
17.2335781 83 108 41 285
17.3181782 67 109 41 288
17.4439642 66 102 39 280
17.5213477 61 111 43 284
17.6170198 43 111 42 251
17.7187378 65 98 40 285
17.8175505 45 93 32 265
17.9181197 37 109 31 168
18.0183591 28 129 29 215
18.1626658 25 129 26 253
18.2403789 25 134 26 294
18.3172069 25 125 23 311
18.4155731 25 122 25 247
18.517748 25 104 27 229
18.6165656 25 121 26 177
18.7277282 24 111 27 192
18.8167129 24 111 26 200
18.9150026 24 96 26 206
19.0174107 23 106 26 172
19.1161887 23 100 25 173
19.2247137 23 124 25 214
19.3169549 28 231 26 222
19.4187498 58 189 26 178
19.5176358 362 132 28 147
19.6233899 447 114 41 220
19.7182829 498 137 75 249
19.8491291 330 120 59 322
19.9256514 351 134 60 315
20.0173587 257 160 47 294
20.119852 235 181 42 312
20.2181844 152 147 37 381
20.3278476 134 165 35 361
20.4181526 121 138 35 297
20.5171649 95 163 31 318
20.6285306 118 149 32 285
20.7178497 99 152 33 304
20.8165333 90 169 40 309
20.918358 70 145 34 330
21.0334991 68 152 35 325
21.1187192 81 156 32 313
21.2211304 54 159 36 274
21.3160056 119 137 36 271
21.4482277 87 143 40 314
21.5310665 64 148 37 277
21.6185321 57 146 38 297
21.7171921 63 135 46 292
21.8150302 80 129 37 276
21.9174381 89 139 58 346
22.0163957 72 138 49 327
22.129051 91 142 47 356
22.2169176 71 129 41 280
22.3188071 53 130 38 263
22.4176229 53 124 42 251
22.5161114 63 115 38 310
22.6458241 76 122 41 279
22.721763 53 121 45 243
22.8185645 59 138 43 262
22.9171347 38 130 37 260
23.0158065 28 86 29 237
23.1330683 25 81 26 212
23.2163735 25 73 24 179
23.3185157 24 77 25 185
23.4287199 25 74 28 199
23.518769 25 81 29 169
23.6173714 25 67 30 192
23.7156756 25 68 30 168
23.8184174 25 72 30 150
23.9333032 25 72 29 193
24.0186779 26 68 31 179
24.1174307 25 66 29 161
24.2153998 28 71 30 145
24.3184457 25 62 30 171
24.4499235 24 65 29 153
24.5259919 25 75 30 152
24.6169201 25 64 30 143
24.734685 24 69 30 170
25.1559093 25 65 30 140
