0.8679224 22 56 25 129
0.9438354 23 61 25 135
1.0625905 23 72 25 122
1.1665986 23 94 26 135
1.2450731 24 96 26 127
1.3448503 23 93 25 133
1.443683 23 79 25 127
1.5497177 23 62 23 114
1.6789343 23 62 25 119
1.7603006 23 54 26 115
1.84488 23 61 26 106
1.9431783 23 57 25 112
2.0417065 24 61 25 108
2.1440724 23 72 26 114
2.2423041 22 124 28 132
2.3446021 23 122 25 161
2.4434126 23 90 25 141
2.5416217 23 87 26 146
2.64355 24 86 25 146
2.7418757 23 88 25 140
2.8445637 73 79 25 295
2.9578874 387 106 34 534
3.0449641 699 151 47 963
3.1438466 372 133 34 815
3.2625839 269 104 29 743
3.3443024 295 108 28 783
3.4426676 185 102 28 654
3.5449473 210 97 30 557
3.6430846 209 94 27 613
3.7417305 143 85 28 523
3.8442097 204 84 27 556
3.9431304 141 77 27 532
4.0445784 147 82 27 529
4.1514011 175 78 28 527
4.2450453 186 80 28 534
4.3491539 223 75 26 555
4.4420069 239 75 27 565
4.5442901 216 70 26 511
4.6424846 234 75 29 444
4.7449031 232 76 26 451
4.8541909 232 72 27 531
4.9672889 233 74 28 585
5.0584473 193 69 27 485
5.1422682 210 76 27 452
5.244947 167 71 26 424
5.3559785 131 60 26 265
5.4416105 98 68 26 200
5.5440384 80 155 30 185
5.6494961 54 100 27 205
5.7443131 39 87 29 230
5.8431004 35 77 31 192
5.9524676 30 71 27 186
6.0435296 30 67 26 179
6.1421002 32 59 26 198
6.2444514 33 55 27 168
6.3423082 31 53 28 164
6.4445987 36 54 27 160
6.5454166 75 55 27 277
6.6413454 175 85 25 508
6.7441177 319 128 36 892
6.8450283 283 115 35 783
6.9445406 268 96 30 727
7.0456825 215 94 31 590
7.1453823 211 88 29 543
7.2435484 145 84 28 593
7.3422987 139 74 27 549
7.4443919 107 73 26 485
7.5430104 113 77 28 535
7.6499438 121 73 28 510
7.7438248 108 75 28 502
7.846555 90 71 27 454
7.9440577 134 76 27 540
8.0427027 86 70 27 490
8.1445782 106 79 25 537
8.2529245 115 81 30 509
8.3451324 133 78 29 599
8.4440952 106 73 27 600
8.5424938 124 72 25 546
8.6710315 85 72 27 466
8.7464262 74 69 27 413
8.845433 62 67 26 353
8.9436057 34 60 23 236
9.0420543 27 60 25 174
9.1440747 27 75 25 141
9.2426387 53 72 39 184
9.3449019 35 76 34 287
9.4472477 29 73 25 276
9.5418324 25 66 26 249
9.6437523 24 60 26 236
9.7425567 23 58 26 221
9.8768673 24 57 27 249
9.9513733 23 56 27 200
10.0456396 23 55 26 227
10.1530258 24 52 26 200
10.241811 24 51 24 206
10.3442755 68 67 25 359
10.4425332 137 76 32 538
10.5454789 101 87 31 710
10.6588991 86 76 31 528
10.7415772 155 83 32 538
10.8444851 155 88 29 496
10.9578034 119 75 27 460
11.0445743 119 76 31 571
11.1434217 78 71 28 521
11.2452284 71 76 28 542
11.3547836 117 70 27 521
11.4423353 136 74 26 492
11.5592762 110 70 26 465
11.6430496 95 68 26 436
11.7448428 67 68 26 502
11.8436475 103 74 27 469
11.944235 122 84 30 612
12.0441625 95 82 30 526
12.1427354 132 79 26 629
12.2450364 103 75 25 591
12.3535446 123 75 26 566
12.4452633 92 68 26 525
12.5442029 94 68 26 511
12.6498691 92 65 26 468
12.7447873 94 65 26 431
12.8481751 52 57 26 223
12.9452056 47 73 25 151
13.0541795 54 85 26 119
13.1422094 50 75 26 151
13.2580443 63 68 25 139
13.3429235 73 65 24 139
13.4447722 74 60 25 145
13.5437474 70 55 25 129
13.6604418 69 55 25 121
13.7443008 65 52 26 108
13.8423092 69 53 26 101
13.9450361 73 51 26 97
14.0615934 73 49 26 96
14.1451859 74 48 26 96
14.2441349 75 48 26 97
14.3420622 73 46 26 94
14.4450776 75 47 26 93
14.5769127 74 47 25 94
14.6545794 73 47 26 94
14.7436077 69 47 26 94
14.8653766 71 46 26 91
14.9440352 72 45 25 91
15.0427881 68 45 25 92
15.1447504 76 45 25 93
15.2437763 73 45 26 92
