0.7104694 25 93 24 117
0.8065913 23 97 25 118
0.9724586 23 94 24 119
1.0562098 23 100 24 117
1.133608 23 91 24 118
1.2147493 25 88 25 121
1.3058971 24 88 24 122
1.4037355 23 118 24 151
1.5060863 49 141 24 218
1.6050309 83 196 27 241
1.7067475 437 329 53 406
1.805188 966 426 69 578
1.9035425 966 579 67 716
2.0065281 966 587 62 662
2.1298548 966 481 50 677
2.206923 769 438 49 560
2.3053572 801 421 44 575
2.407018 649 347 33 630
2.5059601 393 309 31 585
2.6039229 411 327 32 553
2.7068766 456 467 34 556
2.8317289 501 381 38 571
2.9070648 346 266 36 584
3.0058505 420 253 32 479
3.1282197 567 257 38 554
3.2060958 417 219 34 520
3.3049478 451 349 40 581
3.4160975 485 233 34 498
3.5050776 527 255 38 462
3.6040092 473 242 33 468
3.7134687 441 238 35 550
3.8040725 453 261 35 556
3.9063794 564 271 32 610
4.0054324 477 258 34 598
4.1171284 535 282 30 626
4.2055434 456 242 30 559
4.3044517 291 240 30 487
4.4175709 154 163 28 482
4.5045588 97 102 27 275
4.6067165 161 106 28 282
4.7059421 189 111 31 232
4.8214382 186 148 30 212
4.9060031 149 146 29 184
5.0048585 115 99 28 158
5.1199884 94 87 26 149
5.2052726 75 101 24 142
5.3070922 58 105 25 127
5.4062964 45 127 25 168
5.5203669 57 214 29 262
5.6065547 112 241 28 307
5.7046155 442 419 51 471
5.8068074 909 606 67 662
5.905341 956 554 58 695
6.0036661 967 469 76 689
6.1068107 889 454 73 712
6.225271 966 442 64 706
6.3068503 955 416 51 637
6.4210235 872 368 46 668
6.5071535 548 339 54 580
6.6065143 601 408 48 655
6.717952 648 340 47 584
6.8068467 802 422 42 599
6.9048726 539 367 45 547
7.0071332 735 370 52 556
7.106017 750 391 40 516
7.2038503 672 379 34 548
7.3069072 572 265 35 567
7.424484 541 277 35 475
7.5068762 646 314 41 540
7.6057234 595 316 38 581
7.7121325 456 300 41 525
7.8059555 406 264 32 594
7.904946 387 276 33 502
8.0157669 484 322 42 560
8.1228258 436 270 38 498
8.2071781 385 271 37 500
8.3057243 283 240 32 487
8.4046954 234 222 29 447
8.5177132 115 141 31 290
8.6051801 181 134 34 223
8.7071545 256 108 30 236
8.8054455 266 109 29 182
8.9036609 224 110 28 180
9.00682 182 109 26 176
9.1046899 145 92 25 155
9.2067115 105 91 25 146
9.3057746 86 116 25 209
9.42088 131 153 30 209
9.5057876 349 308 47 274
9.6048413 610 332 55 530
9.748461 833 549 59 586
9.8261856 721 441 54 522
9.9070565 736 408 60 613
10.0056225 836 372 45 500
10.1044124 652 368 37 525
10.2380113 619 334 39 437
10.3142668 643 331 42 561
10.4070693 577 345 39 583
10.5057008 968 397 59 607
10.6040201 773 402 53 607
10.7109247 720 332 42 570
10.8049123 456 289 51 550
10.9071094 459 283 43 517
11.0288719 597 285 38 518
11.1070919 406 349 48 639
11.2058858 495 281 41 595
11.3046257 574 273 35 486
11.4307207 383 252 37 512
11.5072839 306 234 33 497
11.6072678 304 262 39 497
11.718787 328 266 37 543
11.8042625 316 202 31 479
11.9066252 304 204 34 473
12.0044091 266 207 34 455
12.1067122 211 228 33 484
12.2058348 149 167 38 469
12.3202761 103 126 34 326
12.4062808 168 99 30 284
12.5042797 258 87 28 239
12.6071147 262 108 28 231
12.7048134 227 95 27 192
12.8073568 178 101 28 192
12.9060497 145 113 30 150
13.0060848 118 102 29 169
13.1061777 90 91 26 168
13.2045696 73 127 27 165
13.3072431 55 100 25 164
13.4257055 43 107 25 142
13.5036118 92 153 30 179
13.6067086 230 259 36 297
13.7204448 757 457 59 778
13.8066863 957 484 55 717
13.9057153 856 506 57 670
14.0163903 676 405 45 594
14.1056853 749 396 48 463
14.2047157 567 361 35 623
14.3130903 562 317 33 550
14.4054335 682 299 37 543
14.5097404 559 302 34 539
14.606137 536 266 35 497
14.745704 394 243 30 548
14.8247251 462 240 34 610
14.9045121 323 206 31 578
15.0072973 452 260 45 578
15.1056521 410 212 36 575
15.2074178 362 213 37 498
15.3059783 328 247 31 527
15.4046514 182 213 29 557
15.5069935 258 207 33 574
15.6144849 437 240 36 506
15.7074456 263 193 28 511
15.8089765 213 241 30 546
15.9039078 167 229 32 452
16.0062623 177 202 31 461
16.1052924 120 193 37 423
16.2068104 92 115 32 357
16.3110785 155 117 28 261
16.4074022 227 112 28 192
16.5066542 210 107 27 176
16.6265011 187 111 26 176
16.7069661 159 113 28 188
16.8054312 140 95 27 183
16.9076905 109 90 27 184
17.0057625 87 79 26 168
17.1045383 67 97 27 176
17.2142773 53 96 26 185
17.3047972 61 192 28 199
17.4073676 344 384 91 558
17.5210896 965 428 78 607
17.6075919 965 452 56 749
17.7342614 965 374 57 611
17.8129611 602 348 48 592
17.9070934 611 309 55 525
18.032488 497 285 35 495
18.1103081 389 268 32 617
18.20618 518 301 43 654
18.3046806 443 248 38 528
18.4066582 385 239 36 459
18.5054936 291 252 29 451
18.6156658 283 258 33 464
18.7062452 316 256 31 484
18.8327461 412 242 37 513
18.9098576 540 269 36 491
19.0051104 490 279 43 453
19.1068934 378 285 34 521
19.2060112 415 295 48 516
19.3179269 427 290 38 508
19.4065431 437 269 34 536
19.5043821 383 252 34 482
19.607352 348 239 30 470
19.721999 398 232 32 505
19.8074677 281 227 33 496
19.9062645 316 244 28 492
20.0040403 271 206 31 419
20.1065323 190 199 32 393
20.2054216 227 236 41 455
20.3174201 143 174 35 357
20.4055175 89 139 32 338
20.5078529 118 118 28 224
20.6238785 155 126 26 185
20.7044934 154 132 27 170
20.8074451 145 112 27 175
20.9250524 136 92 27 171
21.0075231 102 80 27 179
21.1059149 75 66 25 148
21.2043033 43 63 25 146
21.3238577 31 59 26 127
21.4050903 25 56 26 164
21.5076023 24 56 25 162
21.6058777 24 56 27 154
21.7045162 23 57 25 153
21.8169025 23 58 27 142
21.9050602 24 56 28 141
22.0074152 24 56 26 139
22.1389631 23 56 27 136
22.2149488 24 55 26 158
22.3062582 23 55 26 145
22.4043899 23 56 25 147
22.5072205 23 58 27 138
