-1.0 -1.0 -1.0 -1.0 -1.0 -1.0 -1.0 -1.0 -1.0 -1.0 -1.0
2.0 6.0 76.0 140.0 37.0 -0.01 -0.01 -0.02 0.03 0.05 0.02
3.0 5.0 76.0 137.0 37.0 -0.01 -0.01 -0.01 0.01 0.05 0.0
4.0 5.0 76.0 136.0 37.0 -0.02 -0.0 -0.01 0.01 0.06 0.0
5.0 5.0 76.0 133.0 37.0 -0.01 0.01 -0.01 -0.01 0.08 0.01
6.0 5.0 76.0 134.0 38.0 -0.01 0.01 -0.0 0.0 0.04 0.02
7.0 5.0 76.0 137.0 37.0 -0.0 0.02 -0.01 -0.04 0.07 0.0
8.0 5.0 77.0 134.0 36.0 -0.01 0.01 -0.01 -0.09 0.08 -0.01
9.0 5.0 77.0 138.0 40.0 -0.01 -0.0 -0.01 -0.06 0.06 -0.03
10.0 4.0 79.0 138.0 39.0 -0.01 -0.02 -0.01 -0.04 0.05 -0.05
11.0 5.0 76.0 136.0 38.0 -0.01 -0.03 -0.02 0.01 0.04 -0.07
12.0 5.0 77.0 132.0 38.0 -0.01 -0.02 -0.01 0.05 0.05 -0.03
13.0 5.0 78.0 132.0 38.0 -0.01 -0.01 -0.01 0.03 0.05 -0.05
14.0 4.0 79.0 137.0 38.0 -0.01 -0.0 -0.02 0.02 0.01 -0.01
15.0 4.0 79.0 136.0 37.0 -0.0 -0.0 -0.02 0.0 0.0 -0.03
16.0 5.0 79.0 137.0 38.0 -0.01 -0.0 -0.03 0.05 0.0 -0.07
17.0 4.0 80.0 135.0 37.0 -0.0 -0.01 -0.03 0.05 0.0 -0.03
18.0 4.0 79.0 132.0 37.0 -0.0 -0.02 -0.03 0.13 0.03 -0.05
19.0 4.0 79.0 134.0 37.0 -0.01 -0.03 -0.02 0.12 0.02 -0.03
20.0 4.0 78.0 133.0 36.0 -0.0 -0.04 -0.01 0.17 -0.01 -0.01
21.0 4.0 78.0 130.0 37.0 -0.0 -0.03 -0.0 0.17 -0.03 -0.01
22.0 4.0 78.0 134.0 37.0 -0.0 -0.0 -0.0 0.18 0.0 -0.02
23.0 4.0 78.0 139.0 37.0 -0.0 0.0 0.0 0.07 0.01 -0.03
24.0 4.0 78.0 140.0 36.0 0.0 0.0 0.0 0.07 0.01 -0.06
25.0 4.0 78.0 138.0 36.0 -0.0 0.0 0.0 0.07 0.03 0.0
26.0 4.0 78.0 141.0 35.0 0.01 0.02 0.01 0.1 -0.01 0.0
27.0 4.0 80.0 144.0 36.0 0.0 0.02 0.01 0.09 0.01 -0.04
28.0 4.0 80.0 142.0 36.0 0.0 0.02 0.01 0.04 -0.02 -0.02
29.0 4.0 80.0 138.0 36.0 0.0 0.0 0.02 0.05 0.0 -0.02
30.0 3.0 81.0 142.0 36.0 -0.0 0.0 0.02 0.05 0.02 0.01
31.0 3.0 81.0 143.0 36.0 -0.0 0.02 0.02 0.03 0.02 0.01
32.0 6.0 80.0 143.0 36.0 -0.01 0.02 0.02 0.02 0.01 -0.05
33.0 6.0 80.0 145.0 35.0 -0.0 0.02 0.02 0.01 0.04 -0.07
34.0 7.0 81.0 142.0 36.0 0.0 0.01 0.01 0.0 0.03 0.04
35.0 6.0 80.0 149.0 37.0 0.0 0.03 0.01 0.0 0.0 0.03
36.0 5.0 79.0 150.0 37.0 -0.0 0.03 0.0 -0.04 -0.05 -0.01
37.0 5.0 78.0 150.0 36.0 -0.0 0.03 0.0 -0.05 0.03 0.0
38.0 4.0 79.0 150.0 37.0 -0.01 0.01 0.0 -0.05 -0.01 -0.09
39.0 4.0 79.0 147.0 36.0 -0.01 -0.0 -0.0 0.0 -0.02 -0.09
40.0 4.0 80.0 149.0 38.0 -0.01 -0.03 -0.01 0.07 0.01 -0.04
41.0 6.0 78.0 147.0 37.0 -0.01 -0.03 -0.01 0.09 -0.01 -0.03
42.0 6.0 78.0 145.0 37.0 -0.01 -0.02 -0.01 0.11 -0.05 -0.04
43.0 5.0 79.0 144.0 37.0 0.0 -0.01 0.0 0.09 -0.08 -0.06
44.0 5.0 79.0 144.0 36.0 0.0 0.0 0.01 0.08 -0.09 -0.07
45.0 4.0 79.0 146.0 37.0 0.01 0.01 0.01 0.07 -0.11 -0.06
46.0 5.0 78.0 147.0 36.0 0.01 -0.01 0.01 0.06 -0.08 -0.02
47.0 7.0 79.0 147.0 35.0 0.01 -0.01 0.01 0.13 -0.06 -0.06
48.0 6.0 80.0 141.0 35.0 0.01 -0.01 0.02 0.13 -0.05 -0.06
49.0 7.0 112.0 148.0 36.0 0.02 0.0 0.02 0.16 -0.02 0.02
50.0 8.0 158.0 151.0 39.0 0.03 0.01 0.02 0.14 0.0 0.04
51.0 6.0 185.0 145.0 40.0 0.03 0.01 0.02 0.21 0.07 0.04
52.0 7.0 173.0 146.0 39.0 0.03 -0.04 0.02 0.4 -0.23 -0.03
53.0 7.0 156.0 149.0 39.0 -0.0 -0.28 0.08 -0.55 -0.02 0.05
54.0 6.0 143.0 144.0 49.0 -0.03 -0.49 0.09 -0.36 -0.02 0.12
55.0 5.0 131.0 150.0 45.0 -0.06 -0.6 0.09 0.05 0.0 0.18
56.0 5.0 120.0 149.0 43.0 -0.06 -0.3 0.03 0.21 0.08 0.11
57.0 5.0 114.0 145.0 46.0 -0.05 -0.14 0.01 0.31 0.09 0.05
58.0 6.0 110.0 146.0 47.0 -0.02 0.07 -0.01 0.21 0.1 -0.12
59.0 5.0 106.0 154.0 44.0 0.01 0.2 -0.03 0.17 0.07 -0.12
60.0 5.0 100.0 152.0 42.0 0.01 0.25 -0.03 0.19 0.04 -0.12
61.0 4.0 99.0 151.0 42.0 0.03 0.31 -0.02 0.11 0.0 -0.09
62.0 4.0 97.0 148.0 40.0 0.04 0.27 0.0 0.04 -0.06 -0.14
63.0 4.0 96.0 149.0 41.0 0.05 0.22 0.02 -0.03 -0.09 -0.09
64.0 3.0 94.0 145.0 39.0 0.04 0.09 0.04 -0.05 -0.05 0.01
65.0 4.0 91.0 144.0 38.0 0.03 -0.02 0.06 0.12 -0.13 -0.07
66.0 5.0 88.0 145.0 40.0 0.03 -0.04 0.07 0.13 -0.13 -0.07
67.0 3.0 86.0 145.0 39.0 0.02 -0.04 0.07 0.04 -0.07 0.04
68.0 4.0 86.0 144.0 38.0 0.02 -0.05 0.07 0.11 -0.11 -0.02
69.0 4.0 84.0 146.0 39.0 0.01 -0.05 0.07 0.02 -0.09 -0.03
70.0 6.0 84.0 141.0 38.0 0.01 -0.05 0.07 0.07 -0.04 0.05
71.0 5.0 83.0 140.0 37.0 0.0 -0.07 0.08 -0.04 -0.1 -0.07
72.0 5.0 81.0 142.0 37.0 -0.01 -0.08 0.08 0.07 -0.02 -0.07
73.0 5.0 81.0 145.0 36.0 -0.01 -0.05 0.08 0.08 0.05 0.01
74.0 5.0 82.0 147.0 36.0 -0.03 -0.02 0.07 -0.07 0.05 0.17
75.0 6.0 82.0 145.0 35.0 -0.03 -0.01 0.06 -0.01 0.08 0.12
76.0 6.0 85.0 146.0 35.0 -0.04 0.01 0.04 -0.04 0.01 0.04
77.0 10.0 125.0 137.0 35.0 -0.04 0.03 0.02 -0.08 -0.05 -0.12
78.0 16.0 189.0 144.0 34.0 -0.04 0.01 0.0 -0.1 -0.06 -0.14
79.0 20.0 270.0 142.0 35.0 -0.03 -0.06 -0.03 0.28 -0.14 -0.28
80.0 28.0 328.0 140.0 44.0 0.03 0.06 -0.14 0.31 -0.25 -0.17
81.0 29.0 357.0 162.0 116.0 0.07 0.2 -0.19 0.64 0.01 -0.17
82.0 35.0 387.0 183.0 187.0 0.16 0.41 -0.26 0.32 -0.48 -0.28
83.0 40.0 495.0 197.0 203.0 0.29 0.47 -0.32 0.08 -0.28 -0.32
84.0 45.0 524.0 193.0 169.0 0.36 0.39 -0.33 -0.3 -0.19 -0.73
85.0 43.0 622.0 189.0 150.0 0.52 0.15 -0.34 1.33 -0.21 -1.38
86.0 44.0 644.0 192.0 126.0 0.67 0.28 -0.39 1.19 0.14 0.28
87.0 54.0 705.0 201.0 110.0 0.7 0.27 -0.36 0.64 0.04 0.45
88.0 50.0 825.0 196.0 101.0 0.72 -0.32 -0.22 -0.07 -0.18 1.24
89.0 52.0 832.0 189.0 100.0 0.58 -0.71 -0.18 0.39 0.84 3.09
90.0 46.0 909.0 185.0 185.0 0.47 -0.79 -0.16 0.51 0.8 3.08
91.0 46.0 962.0 174.0 320.0 0.28 -0.71 -0.28 -1.99 -1.57 -1.78
92.0 56.0 968.0 178.0 301.0 0.45 -0.71 -0.54 -2.39 -1.87 -4.06
93.0 59.0 969.0 199.0 254.0 0.64 -0.53 -0.69 -0.66 -0.29 -3.65
94.0 76.0 967.0 242.0 235.0 0.87 0.29 -0.92 1.3 0.41 0.87
95.0 66.0 968.0 228.0 261.0 0.63 0.4 -0.8 -0.55 1.4 1.67
96.0 67.0 968.0 215.0 502.0 0.45 0.13 -0.67 0.71 0.75 1.41
97.0 61.0 968.0 203.0 449.0 0.27 -0.23 -0.45 -0.22 -0.1 -1.47
98.0 52.0 837.0 182.0 420.0 0.33 -0.18 -0.33 0.93 0.07 -0.6
99.0 47.0 708.0 173.0 363.0 0.34 0.15 -0.31 0.47 0.5 0.28
100.0 47.0 682.0 183.0 308.0 0.21 0.31 -0.23 0.0 0.52 0.81
101.0 41.0 611.0 178.0 282.0 0.09 0.1 -0.11 -0.1 0.34 0.44
102.0 38.0 537.0 169.0 265.0 0.06 0.06 -0.07 -0.19 0.32 0.34
103.0 34.0 482.0 158.0 245.0 0.04 0.01 0.02 0.45 0.13 -0.14
104.0 30.0 408.0 149.0 207.0 0.07 0.08 0.04 0.45 0.18 0.02
105.0 28.0 339.0 146.0 182.0 0.08 0.13 0.04 0.67 0.2 0.09
106.0 26.0 296.0 141.0 156.0 0.06 0.22 0.11 0.3 0.33 0.23
107.0 22.0 259.0 135.0 131.0 0.03 0.26 0.21 -0.56 0.69 0.68
108.0 20.0 229.0 132.0 115.0 0.01 0.22 0.28 -0.74 0.78 0.74
109.0 18.0 213.0 139.0 101.0 -0.08 -0.11 0.43 -0.05 0.33 0.6
110.0 16.0 197.0 133.0 87.0 -0.15 -0.32 0.48 0.1 0.22 0.49
111.0 13.0 185.0 135.0 76.0 -0.16 -0.28 0.46 0.0 -0.18 -0.22
112.0 12.0 180.0 177.0 69.0 -0.21 0.05 0.37 0.09 0.03 0.33
113.0 10.0 176.0 179.0 63.0 -0.33 0.19 0.3 -0.25 -0.04 0.51
114.0 8.0 166.0 170.0 57.0 -0.39 0.22 0.25 -0.31 -0.05 0.7
115.0 7.0 161.0 161.0 53.0 -0.49 0.19 0.18 0.26 -0.1 0.46
116.0 7.0 156.0 176.0 49.0 -0.48 0.21 0.19 1.02 -0.18 0.17
117.0 5.0 152.0 168.0 46.0 -0.47 0.25 0.19 0.9 -0.22 0.1
118.0 5.0 149.0 161.0 43.0 -0.43 0.28 0.17 0.34 -0.1 0.02
119.0 4.0 143.0 158.0 44.0 -0.37 0.2 0.15 0.11 -0.12 -0.25
120.0 4.0 139.0 153.0 41.0 -0.34 0.15 0.14 0.01 -0.16 -0.28
121.0 4.0 138.0 148.0 40.0 -0.26 0.08 0.12 0.32 -0.21 -0.65
122.0 6.0 140.0 143.0 39.0 -0.18 0.13 0.08 0.24 -0.25 -0.59
123.0 6.0 162.0 141.0 39.0 -0.15 0.16 0.06 0.02 -0.26 -0.56
124.0 10.0 274.0 136.0 39.0 -0.09 0.19 0.03 -0.14 -0.35 -0.55
125.0 11.0 327.0 137.0 39.0 -0.07 0.16 0.02 0.48 -0.62 -0.89
126.0 11.0 362.0 136.0 53.0 0.0 0.21 -0.02 1.45 -0.72 -1.23
127.0 14.0 365.0 137.0 51.0 0.19 0.47 -0.08 -0.17 -0.75 -0.96
128.0 17.0 344.0 138.0 56.0 0.27 0.64 -0.12 -1.01 -0.82 -0.38
129.0 22.0 379.0 136.0 62.0 0.38 0.3 -0.18 -1.24 -0.5 -0.14
130.0 34.0 430.0 142.0 86.0 0.42 -0.1 -0.26 -0.17 0.24 0.14
131.0 40.0 495.0 141.0 128.0 0.47 -0.15 -0.29 0.54 0.17 -0.05
132.0 38.0 578.0 152.0 140.0 0.48 0.13 -0.39 0.32 0.02 -0.76
133.0 39.0 609.0 173.0 121.0 0.6 0.41 -0.48 -1.23 -0.72 -2.66
134.0 57.0 765.0 195.0 120.0 0.69 0.36 -0.49 1.09 -0.5 -1.14
135.0 66.0 782.0 277.0 117.0 0.9 0.49 -0.51 0.61 0.3 0.33
136.0 66.0 795.0 278.0 116.0 0.79 0.62 -0.47 0.16 0.99 2.36
137.0 62.0 843.0 269.0 163.0 0.64 0.64 -0.39 -0.65 0.43 2.51
138.0 58.0 968.0 243.0 161.0 0.37 0.32 -0.29 -1.79 -0.05 1.33
139.0 58.0 968.0 244.0 153.0 0.36 -0.6 -0.22 0.08 -0.28 -2.51
140.0 69.0 968.0 249.0 127.0 0.46 -0.53 -0.29 1.96 0.54 -0.04
141.0 62.0 968.0 233.0 112.0 0.55 0.56 -0.47 0.57 0.98 1.85
142.0 63.0 968.0 237.0 170.0 0.35 0.86 -0.4 -0.62 0.47 1.9
143.0 54.0 968.0 212.0 202.0 0.25 0.54 -0.31 -0.44 -0.07 1.09
144.0 55.0 968.0 199.0 171.0 0.08 -0.1 -0.17 -0.78 -0.09 0.31
145.0 50.0 968.0 190.0 146.0 0.07 -0.23 -0.18 0.0 -0.04 0.26
146.0 46.0 969.0 178.0 126.0 0.09 -0.1 -0.25 -0.25 0.54 0.88
147.0 41.0 968.0 170.0 132.0 0.06 -0.11 -0.27 -0.23 0.65 0.87
148.0 44.0 968.0 156.0 164.0 -0.01 -0.37 -0.18 0.08 0.54 0.06
149.0 41.0 968.0 148.0 137.0 -0.02 -0.44 -0.15 0.05 0.46 -0.46
150.0 36.0 857.0 137.0 114.0 -0.01 -0.41 -0.08 0.16 0.34 -0.6
151.0 36.0 747.0 136.0 100.0 0.03 -0.26 -0.06 -0.05 0.39 0.03
152.0 35.0 688.0 134.0 88.0 0.04 -0.26 -0.03 -0.03 0.44 0.09
153.0 32.0 640.0 134.0 77.0 0.03 -0.34 0.05 0.08 0.41 0.2
154.0 28.0 579.0 127.0 70.0 -0.01 -0.33 0.13 0.09 0.3 0.13
155.0 23.0 486.0 122.0 70.0 -0.03 -0.31 0.17 0.06 0.18 0.2
156.0 20.0 400.0 121.0 78.0 -0.08 -0.32 0.23 -0.12 0.11 0.03
157.0 19.0 346.0 118.0 72.0 -0.1 -0.36 0.29 -0.44 0.21 0.06
158.0 16.0 298.0 119.0 64.0 -0.11 -0.38 0.33 -0.3 0.26 -0.02
159.0 14.0 265.0 116.0 59.0 -0.14 -0.48 0.42 -0.12 -0.06 -0.13
160.0 13.0 247.0 113.0 58.0 -0.14 -0.58 0.46 0.03 -0.22 0.01
161.0 13.0 233.0 118.0 58.0 -0.13 -0.55 0.45 -0.18 -0.4 0.02
162.0 11.0 221.0 123.0 59.0 -0.16 -0.26 0.34 0.59 -0.62 -0.08
163.0 10.0 214.0 124.0 57.0 -0.19 0.04 0.24 0.47 -0.54 0.0
164.0 8.0 205.0 125.0 53.0 -0.2 0.14 0.17 0.14 -0.27 0.0
165.0 7.0 197.0 125.0 50.0 -0.21 0.26 0.04 0.08 -0.29 -0.01
166.0 7.0 195.0 128.0 52.0 -0.14 0.34 -0.03 0.23 -0.05 -0.13
167.0 5.0 196.0 127.0 59.0 -0.12 0.35 -0.05 0.19 -0.02 -0.08
168.0 5.0 186.0 127.0 69.0 -0.07 0.37 -0.09 0.15 0.0 -0.12
169.0 4.0 183.0 126.0 62.0 -0.04 0.32 -0.1 0.11 -0.22 -0.57
170.0 4.0 179.0 135.0 57.0 0.0 0.39 -0.13 0.06 -0.3 -0.65
171.0 4.0 172.0 134.0 53.0 0.03 0.51 -0.15 0.15 -0.2 -0.44
172.0 3.0 171.0 138.0 50.0 0.04 0.82 -0.2 -0.09 -0.04 0.5
173.0 3.0 168.0 140.0 53.0 0.0 0.8 -0.15 -0.64 0.07 0.66
174.0 3.0 159.0 136.0 50.0 -0.03 0.6 -0.1 -0.19 -0.1 0.43
175.0 3.0 156.0 139.0 70.0 -0.05 0.12 -0.04 0.06 -0.12 0.14
176.0 3.0 155.0 136.0 68.0 -0.04 0.06 -0.05 0.19 0.0 0.07
177.0 3.0 151.0 146.0 61.0 -0.04 0.1 -0.1 0.15 -0.12 -0.1
178.0 3.0 149.0 148.0 56.0 -0.04 0.22 -0.12 0.19 0.0 -0.03
179.0 3.0 151.0 148.0 52.0 -0.03 0.28 -0.13 0.47 0.05 0.2
180.0 3.0 147.0 147.0 48.0 -0.06 0.45 -0.11 0.9 0.22 0.4
181.0 4.0 149.0 149.0 47.0 -0.07 0.5 -0.05 0.71 0.08 0.51
182.0 4.0 144.0 146.0 46.0 -0.08 0.42 -0.0 0.4 0.06 0.41
183.0 4.0 146.0 154.0 46.0 -0.11 0.18 0.06 0.19 -0.4 -0.1
184.0 3.0 155.0 155.0 43.0 -0.07 -0.0 0.09 0.17 -0.42 -0.42
185.0 3.0 153.0 155.0 41.0 -0.06 0.01 0.09 0.34 -0.33 -0.26
186.0 3.0 148.0 150.0 44.0 -0.03 0.2 0.07 0.86 -0.14 0.18
187.0 3.0 144.0 151.0 46.0 -0.02 0.42 0.04 0.25 -0.09 0.11
188.0 3.0 138.0 146.0 44.0 -0.01 0.44 0.04 0.11 -0.1 0.0
189.0 3.0 134.0 150.0 45.0 0.0 0.42 0.05 0.13 -0.13 -0.1
190.0 3.0 131.0 149.0 43.0 0.01 0.42 0.04 0.0 -0.1 0.03
191.0 3.0 140.0 144.0 41.0 0.0 0.45 0.04 -0.02 0.01 0.0
192.0 3.0 135.0 151.0 49.0 -0.01 0.51 0.01 0.2 -0.16 0.06
193.0 3.0 129.0 150.0 46.0 0.02 0.65 -0.04 0.02 -0.12 0.0
194.0 3.0 128.0 152.0 45.0 0.02 0.7 -0.06 -0.15 -0.11 -0.06
195.0 4.0 126.0 150.0 42.0 0.03 0.62 -0.05 -0.33 -0.07 -0.03
196.0 5.0 128.0 152.0 44.0 0.03 0.47 -0.04 -0.16 0.01 0.0
197.0 5.0 127.0 156.0 44.0 0.03 0.39 -0.02 -0.17 0.07 0.03
198.0 4.0 120.0 156.0 52.0 0.02 0.33 -0.01 -0.13 0.06 -0.01
199.0 4.0 119.0 154.0 49.0 -0.0 0.26 0.01 -0.22 0.0 -0.02
200.0 3.0 130.0 159.0 48.0 0.0 0.16 0.03 -0.21 0.0 -0.1
201.0 3.0 145.0 163.0 45.0 0.0 -0.04 0.06 -0.36 0.0 -0.2
202.0 7.0 140.0 161.0 43.0 0.03 -0.08 0.04 -0.01 0.05 -0.1
203.0 1.0 154.0 162.0 44.0 0.05 -0.01 0.01 0.0 0.06 -0.11
204.0 5.0 191.0 159.0 43.0 0.1 0.13 -0.03 0.23 0.06 -0.15
205.0 5.0 197.0 159.0 42.0 0.17 0.44 -0.13 0.34 0.03 -0.18
206.0 4.0 208.0 159.0 41.0 0.21 0.61 -0.18 0.47 -0.01 -0.25
207.0 5.0 218.0 157.0 42.0 0.25 0.96 -0.3 0.16 -0.26 -0.24
208.0 8.0 338.0 153.0 41.0 0.27 1.05 -0.35 -0.62 0.04 0.28
209.0 9.0 356.0 146.0 43.0 0.25 0.95 -0.34 -0.3 0.04 0.35
210.0 12.0 342.0 153.0 54.0 0.24 0.73 -0.31 0.52 -0.07 0.14
211.0 14.0 456.0 153.0 80.0 0.32 0.8 -0.39 0.81 -0.22 0.31
212.0 23.0 583.0 152.0 79.0 0.33 0.83 -0.45 -0.2 -0.13 0.39
213.0 30.0 760.0 180.0 74.0 0.34 0.41 -0.44 -0.36 -0.29 -0.48
214.0 45.0 844.0 233.0 86.0 0.43 0.09 -0.41 0.51 -0.32 -0.71
215.0 42.0 920.0 236.0 86.0 0.47 0.19 -0.45 0.94 -0.28 -0.51
216.0 48.0 967.0 221.0 100.0 0.5 0.75 -0.61 1.91 0.33 0.95
217.0 48.0 969.0 212.0 146.0 0.28 0.85 -0.6 -1.36 0.74 1.58
218.0 49.0 968.0 206.0 171.0 0.19 0.29 -0.42 -1.76 -0.02 0.74
219.0 53.0 967.0 210.0 163.0 0.13 -0.95 -0.23 -1.98 0.02 0.03
220.0 53.0 968.0 199.0 143.0 0.17 -0.82 -0.32 0.08 -0.44 -1.75
221.0 51.0 968.0 190.0 154.0 0.2 -0.14 -0.48 0.96 -0.21 -1.56
222.0 49.0 969.0 187.0 280.0 0.17 1.37 -0.78 -0.17 0.09 0.35
223.0 45.0 967.0 181.0 333.0 0.04 1.55 -0.82 -1.25 -0.06 1.28
224.0 43.0 969.0 173.0 291.0 0.0 1.18 -0.78 -1.62 -0.16 0.93
225.0 40.0 968.0 169.0 278.0 -0.02 0.34 -0.59 -0.62 0.09 0.57
226.0 36.0 969.0 167.0 241.0 0.01 -0.07 -0.53 -0.29 0.3 -0.01
227.0 31.0 968.0 160.0 234.0 0.05 -0.2 -0.51 -0.4 0.62 -0.26
228.0 35.0 968.0 153.0 197.0 0.06 -0.17 -0.51 0.06 0.7 -0.27
229.0 32.0 967.0 153.0 170.0 0.07 -0.06 -0.44 0.1 0.52 -0.11
230.0 30.0 967.0 146.0 151.0 0.09 -0.02 -0.39 0.11 0.34 -0.2
231.0 27.0 882.0 142.0 131.0 0.14 -0.1 -0.26 -0.08 0.33 -0.07
232.0 25.0 797.0 143.0 132.0 0.16 -0.2 -0.11 0.18 0.5 0.3
233.0 21.0 680.0 140.0 115.0 0.14 -0.25 -0.04 0.23 0.44 0.32
234.0 18.0 574.0 136.0 99.0 0.07 -0.25 0.07 0.24 0.15 0.02
235.0 16.0 541.0 135.0 89.0 0.01 -0.1 0.15 0.17 0.16 0.24
236.0 13.0 461.0 139.0 92.0 -0.02 -0.09 0.2 -0.03 0.22 0.23
237.0 13.0 394.0 129.0 153.0 -0.02 -0.2 0.37 0.66 0.09 -0.3
238.0 10.0 356.0 125.0 147.0 0.06 -0.23 0.5 0.26 0.22 -0.67
239.0 9.0 317.0 120.0 128.0 0.11 -0.2 0.55 0.25 0.19 -0.71
240.0 8.0 296.0 126.0 113.0 0.15 -0.13 0.62 0.37 0.27 -0.42
241.0 7.0 275.0 121.0 100.0 0.1 0.08 0.58 0.47 -0.09 0.04
242.0 6.0 254.0 114.0 86.0 0.05 0.22 0.55 0.69 -0.23 -0.28
243.0 5.0 240.0 112.0 84.0 -0.03 0.42 0.55 0.5 -0.28 0.16
244.0 5.0 229.0 113.0 81.0 -0.1 0.51 0.52 0.18 -0.18 0.49
245.0 4.0 215.0 112.0 79.0 -0.14 0.5 0.52 0.21 -0.22 0.52
246.0 4.0 205.0 110.0 82.0 -0.19 0.49 0.51 -0.22 -0.29 0.5
247.0 4.0 194.0 110.0 79.0 -0.18 0.32 0.49 -0.28 -0.43 0.26
248.0 4.0 187.0 108.0 100.0 -0.16 0.25 0.48 0.01 -0.45 0.12
249.0 5.0 206.0 107.0 92.0 -0.11 0.17 0.42 -0.17 -0.35 0.06
250.0 5.0 263.0 106.0 99.0 -0.04 0.16 0.33 0.55 -0.54 -0.23
251.0 6.0 340.0 111.0 90.0 0.0 0.28 0.25 0.8 -0.63 -0.3
252.0 7.0 434.0 109.0 86.0 0.09 0.5 0.09 -0.38 -0.45 0.0
253.0 7.0 466.0 108.0 78.0 0.19 0.41 -0.01 0.41 -0.57 -0.24
254.0 8.0 435.0 109.0 83.0 0.24 0.38 -0.07 -0.16 -0.44 0.02
255.0 13.0 569.0 112.0 91.0 0.21 0.01 -0.09 -1.26 -0.01 0.95
256.0 19.0 711.0 118.0 140.0 0.13 -0.46 -0.09 -0.91 0.04 0.92
257.0 24.0 795.0 126.0 155.0 0.11 -0.51 -0.13 -0.56 0.02 0.32
258.0 26.0 968.0 133.0 294.0 0.09 -0.22 -0.32 0.16 -0.55 -0.19
259.0 38.0 967.0 133.0 311.0 0.04 0.11 -0.54 -2.56 0.26 1.12
260.0 43.0 966.0 131.0 290.0 -0.03 -0.09 -0.54 -2.0 0.0 0.5
261.0 46.0 968.0 132.0 278.0 -0.02 -0.53 -0.56 -1.56 -0.43 0.26
262.0 45.0 968.0 146.0 254.0 0.01 -0.89 -0.55 -0.3 0.9 0.77
263.0 49.0 969.0 143.0 355.0 -0.02 -0.91 -0.56 0.08 0.98 0.58
264.0 48.0 968.0 148.0 365.0 0.03 -0.63 -0.64 0.33 0.8 -0.25
265.0 45.0 967.0 147.0 331.0 0.09 -0.4 -0.65 0.18 0.29 -1.55
266.0 43.0 968.0 146.0 304.0 0.12 -0.28 -0.61 1.19 0.73 -1.04
267.0 43.0 967.0 143.0 364.0 0.05 0.16 -0.54 1.24 0.65 0.06
268.0 45.0 968.0 146.0 368.0 0.01 0.06 -0.37 0.05 0.04 0.19
269.0 44.0 967.0 151.0 308.0 0.01 -0.14 -0.3 -0.48 -0.25 -0.25
270.0 38.0 968.0 148.0 271.0 0.04 -0.47 -0.21 0.35 0.01 -0.18
271.0 34.0 968.0 146.0 225.0 0.06 -0.36 -0.17 0.35 -0.02 -0.39
272.0 33.0 968.0 142.0 232.0 0.08 -0.29 -0.16 0.39 -0.04 -0.26
273.0 36.0 969.0 143.0 242.0 0.12 -0.13 -0.14 0.11 -0.04 0.11
274.0 31.0 967.0 137.0 224.0 0.15 -0.34 -0.06 -0.15 -0.23 -0.11
275.0 27.0 908.0 137.0 188.0 0.17 -0.45 -0.03 -0.21 -0.29 -0.51
276.0 27.0 967.0 142.0 180.0 0.22 -0.38 -0.03 0.19 0.01 -0.58
277.0 23.0 832.0 141.0 151.0 0.27 -0.1 -0.03 0.58 -0.04 -0.54
278.0 21.0 715.0 136.0 142.0 0.29 0.02 -0.04 -0.27 0.12 0.04
279.0 20.0 611.0 134.0 127.0 0.3 -0.02 0.01 -0.2 0.1 -0.05
280.0 17.0 575.0 129.0 110.0 0.3 -0.15 0.13 -0.17 0.32 -0.02
281.0 16.0 564.0 122.0 95.0 0.28 -0.19 0.2 -0.21 0.34 0.04
282.0 14.0 534.0 123.0 96.0 0.23 -0.26 0.36 0.14 0.33 0.11
283.0 12.0 466.0 122.0 86.0 0.21 -0.28 0.42 0.76 0.0 0.24
284.0 15.0 440.0 119.0 80.0 0.13 -0.17 0.41 -0.32 0.09 0.43
285.0 13.0 419.0 117.0 76.0 0.07 -0.23 0.45 -0.2 -0.09 0.22
286.0 11.0 359.0 114.0 67.0 0.05 -0.27 0.47 -0.35 0.0 0.23
287.0 9.0 319.0 115.0 61.0 0.03 -0.42 0.51 -0.65 0.11 0.46
288.0 8.0 279.0 112.0 57.0 0.0 -0.68 0.57 -0.31 0.22 0.32
289.0 7.0 243.0 111.0 53.0 -0.01 -0.8 0.58 -0.58 0.23 0.49
290.0 6.0 220.0 117.0 51.0 -0.04 -0.99 0.59 -0.53 0.29 0.63
291.0 5.0 204.0 112.0 48.0 -0.1 -1.16 0.6 -0.2 0.26 0.64
292.0 6.0 193.0 136.0 46.0 -0.12 -1.17 0.59 0.17 0.12 0.6
293.0 5.0 182.0 146.0 44.0 -0.19 -1.0 0.53 0.11 0.09 0.64
294.0 7.0 177.0 151.0 48.0 -0.29 -0.81 0.47 -0.17 0.34 1.09
295.0 6.0 172.0 144.0 46.0 -0.39 -0.74 0.46 -0.12 0.24 1.09
296.0 5.0 172.0 156.0 47.0 -0.53 -0.66 0.44 0.24 0.11 0.92
297.0 5.0 169.0 157.0 44.0 -0.57 -0.57 0.41 0.43 -0.15 0.28
298.0 5.0 164.0 159.0 43.0 -0.56 -0.61 0.41 0.38 -0.28 -0.09
299.0 4.0 170.0 156.0 48.0 -0.53 -0.67 0.4 -0.63 -0.25 -0.07
300.0 3.0 167.0 154.0 48.0 -0.58 -0.98 0.42 -1.38 -0.13 0.05
301.0 4.0 171.0 164.0 59.0 -0.57 -1.14 0.41 0.35 -0.25 -0.58
302.0 4.0 172.0 172.0 54.0 -0.5 -1.15 0.4 0.68 -0.2 -0.48
303.0 4.0 176.0 167.0 53.0 -0.41 -0.87 0.37 0.94 -0.13 -0.36
304.0 4.0 180.0 162.0 51.0 -0.39 -0.73 0.36 0.85 -0.19 -0.24
305.0 4.0 182.0 170.0 54.0 -0.32 -0.56 0.35 0.95 -0.28 -0.28
306.0 4.0 184.0 165.0 61.0 -0.23 -0.58 0.41 0.72 -0.46 -0.51
307.0 5.0 184.0 163.0 57.0 -0.18 -0.57 0.4 0.31 -0.46 -0.48
308.0 5.0 184.0 160.0 56.0 -0.09 -0.46 0.3 0.37 -0.48 -0.52
309.0 5.0 182.0 161.0 54.0 -0.01 -0.27 0.23 0.6 -0.28 -0.22
310.0 7.0 178.0 155.0 59.0 0.03 -0.15 0.21 0.23 0.03 0.18
311.0 5.0 180.0 153.0 57.0 0.05 0.1 0.14 0.29 -0.01 0.14
312.0 5.0 177.0 146.0 64.0 0.07 0.28 0.11 0.14 -0.06 -0.13
313.0 5.0 174.0 141.0 58.0 0.08 0.31 0.1 -0.01 -0.06 -0.12
314.0 5.0 170.0 137.0 56.0 0.1 0.27 0.09 -0.04 -0.03 -0.1
315.0 5.0 167.0 139.0 56.0 0.1 0.21 0.08 -0.04 0.0 0.2
316.0 4.0 161.0 137.0 64.0 0.09 0.17 0.08 0.0 0.06 0.29
317.0 5.0 156.0 134.0 59.0 0.06 0.12 0.08 -0.16 -0.02 0.18
318.0 5.0 152.0 132.0 60.0 0.04 0.01 0.07 -0.18 -0.17 -0.04
319.0 8.0 148.0 131.0 56.0 0.03 -0.02 0.05 -0.26 -0.21 0.0
320.0 7.0 144.0 136.0 58.0 0.02 -0.07 0.02 -0.2 -0.12 0.17
321.0 6.0 140.0 139.0 54.0 -0.03 -0.13 0.03 -0.05 0.06 0.65
322.0 6.0 138.0 143.0 63.0 -0.05 -0.13 0.03 -0.15 0.17 0.63
323.0 7.0 133.0 140.0 78.0 -0.1 -0.16 0.03 0.04 0.08 0.51
324.0 7.0 132.0 140.0 69.0 -0.13 -0.2 0.04 0.16 -0.06 -0.11
325.0 9.0 138.0 136.0 61.0 -0.13 -0.26 0.04 0.45 -0.18 -0.28
326.0 8.0 132.0 151.0 58.0 -0.11 -0.25 0.06 0.52 -0.14 -0.15
327.0 7.0 132.0 156.0 74.0 -0.12 -0.22 0.09 -0.09 0.0 0.51
328.0 7.0 134.0 155.0 100.0 -0.15 -0.28 0.09 0.07 0.02 0.62
329.0 8.0 142.0 153.0 96.0 -0.17 -0.38 0.11 0.24 -0.15 -0.07
330.0 12.0 142.0 148.0 135.0 -0.14 -0.35 0.1 0.22 -0.43 -0.7
331.0 11.0 142.0 145.0 121.0 -0.1 -0.32 0.09 0.41 -0.46 -0.45
332.0 15.0 142.0 142.0 224.0 -0.04 -0.15 0.06 0.32 -0.47 -0.45
333.0 17.0 169.0 147.0 284.0 -0.05 -0.18 0.09 -0.07 -0.4 0.07
334.0 17.0 261.0 150.0 568.0 -0.07 -0.29 0.12 -0.57 -0.7 -0.37
335.0 15.0 294.0 166.0 620.0 -0.1 -0.7 0.17 -0.21 -0.7 -0.5
336.0 21.0 364.0 163.0 699.0 -0.14 -0.88 0.17 0.08 -0.75 -0.13
337.0 20.0 457.0 170.0 741.0 -0.17 -0.9 0.17 -0.82 -0.52 0.7
338.0 20.0 567.0 169.0 945.0 -0.28 -1.25 0.1 0.12 -0.34 0.42
339.0 18.0 571.0 167.0 968.0 -0.34 -1.64 0.05 -0.28 -0.38 0.81
340.0 23.0 678.0 171.0 968.0 -0.45 -1.7 -0.0 0.12 0.51 1.25
341.0 23.0 714.0 169.0 968.0 -0.62 -2.0 0.04 0.08 1.16 2.09
342.0 26.0 754.0 178.0 969.0 -0.84 -2.22 0.16 -0.03 1.32 2.22
343.0 31.0 881.0 187.0 968.0 -0.95 -2.18 0.2 0.43 0.64 1.79
344.0 28.0 822.0 196.0 968.0 -1.03 -1.58 0.19 0.49 0.41 1.64
345.0 26.0 765.0 189.0 968.0 -1.09 -1.16 0.19 0.89 0.24 0.45
346.0 28.0 808.0 184.0 968.0 -1.11 -1.15 0.23 1.36 0.54 -0.74
347.0 28.0 717.0 184.0 969.0 -0.99 -1.18 0.36 1.44 0.77 -1.75
348.0 28.0 647.0 178.0 968.0 -0.7 -0.77 0.36 1.22 0.55 -2.15
349.0 24.0 621.0 179.0 968.0 -0.53 -0.51 0.32 0.79 0.14 -1.98
350.0 20.0 566.0 179.0 968.0 -0.2 -0.1 0.22 0.66 0.08 -1.64
351.0 17.0 494.0 182.0 968.0 0.04 0.15 0.13 0.3 -0.35 -0.84
352.0 15.0 479.0 188.0 968.0 0.11 0.2 0.09 -0.25 -0.68 0.0
353.0 13.0 440.0 182.0 968.0 0.17 0.18 0.04 -0.38 -0.6 0.08
354.0 12.0 397.0 182.0 968.0 0.2 0.23 -0.03 0.0 -0.31 -0.02
355.0 11.0 328.0 184.0 968.0 0.23 0.28 -0.05 -0.02 -0.14 -0.06
356.0 11.0 283.0 189.0 967.0 0.29 0.33 -0.05 -0.14 -0.23 0.01
357.0 10.0 249.0 196.0 893.0 0.34 0.34 -0.04 -0.34 0.09 0.48
358.0 10.0 222.0 198.0 843.0 0.35 0.34 -0.04 -0.35 0.33 0.71
359.0 10.0 210.0 194.0 852.0 0.37 0.29 -0.02 -0.14 0.35 0.64
360.0 10.0 204.0 198.0 833.0 0.42 0.33 -0.0 -0.49 0.05 0.12
361.0 11.0 201.0 200.0 814.0 0.43 0.35 -0.02 -0.02 -0.14 -0.33
362.0 11.0 200.0 219.0 799.0 0.5 0.53 -0.08 0.1 -0.11 -0.26
363.0 10.0 201.0 252.0 778.0 0.55 0.83 -0.12 0.13 0.0 0.04
364.0 9.0 201.0 251.0 774.0 0.55 0.94 -0.13 0.1 -0.04 0.08
365.0 9.0 203.0 238.0 757.0 0.5 1.04 -0.12 0.03 -0.09 -0.01
366.0 9.0 207.0 225.0 755.0 0.44 0.99 -0.12 -0.2 -0.62 -0.41
367.0 9.0 209.0 223.0 728.0 0.42 0.89 -0.14 0.01 -0.73 -0.47
368.0 6.0 209.0 209.0 700.0 0.39 0.7 -0.15 0.53 -0.63 -0.21
369.0 9.0 209.0 218.0 668.0 0.37 0.62 -0.14 0.52 -0.47 -0.04
370.0 11.0 209.0 220.0 643.0 0.34 0.61 -0.13 0.4 -0.31 0.32
371.0 9.0 206.0 218.0 596.0 0.27 0.62 -0.12 0.4 -0.26 0.44
372.0 9.0 202.0 213.0 565.0 0.25 0.63 -0.1 0.5 -0.18 0.43
373.0 9.0 200.0 208.0 509.0 0.22 0.65 -0.11 0.58 -0.27 0.26
374.0 8.0 197.0 216.0 457.0 0.22 0.61 -0.11 0.52 -0.34 0.09
375.0 8.0 195.0 206.0 404.0 0.24 0.46 -0.08 0.56 -0.3 0.02
376.0 9.0 190.0 195.0 336.0 0.24 0.4 -0.07 0.79 -0.18 0.22
377.0 10.0 185.0 202.0 275.0 0.24 0.45 -0.07 0.7 -0.03 0.32
378.0 10.0 184.0 196.0 234.0 0.21 0.58 -0.06 0.57 0.04 0.57
379.0 8.0 182.0 199.0 188.0 0.2 0.64 -0.06 0.4 0.01 0.4
380.0 10.0 178.0 196.0 161.0 0.16 0.6 -0.01 0.47 -0.08 0.35
381.0 9.0 167.0 195.0 143.0 0.14 0.5 0.02 0.32 0.07 0.48
382.0 10.0 163.0 193.0 158.0 0.13 0.44 0.03 0.07 -0.02 0.44
383.0 12.0 167.0 196.0 169.0 0.1 0.32 0.05 -0.01 -0.1 0.31
384.0 15.0 152.0 186.0 229.0 0.07 0.19 0.04 -0.87 -0.34 -0.05
385.0 20.0 160.0 182.0 215.0 0.06 0.1 0.02 -0.1 -0.25 -0.18
386.0 21.0 169.0 190.0 266.0 0.03 -0.01 0.01 -0.07 -0.26 -0.2
387.0 24.0 192.0 185.0 364.0 0.02 0.0 -0.01 0.0 -0.22 -0.04
388.0 21.0 242.0 182.0 471.0 0.01 0.04 -0.03 0.01 -0.24 -0.08
389.0 29.0 288.0 188.0 655.0 -0.03 -0.1 0.01 -0.25 -0.87 -1.24
390.0 30.0 326.0 187.0 824.0 -0.0 -0.38 0.04 0.32 -1.24 -1.52
391.0 25.0 407.0 188.0 926.0 0.03 -0.41 0.03 -0.05 -1.07 -1.01
392.0 25.0 425.0 202.0 969.0 -0.02 -0.69 0.06 -0.6 -0.42 0.98
393.0 29.0 559.0 200.0 969.0 -0.17 -1.04 0.1 -0.46 0.08 1.45
394.0 32.0 656.0 198.0 969.0 -0.27 -1.06 0.05 -0.45 0.53 1.37
395.0 30.0 717.0 199.0 968.0 -0.41 -0.86 -0.07 0.17 0.88 1.42
396.0 31.0 705.0 207.0 968.0 -0.49 -0.79 -0.05 0.54 0.68 0.9
397.0 33.0 804.0 199.0 968.0 -0.53 -0.87 -0.03 0.22 0.5 0.92
398.0 32.0 837.0 199.0 967.0 -0.56 -1.07 0.01 0.8 0.7 1.1
399.0 32.0 795.0 201.0 968.0 -0.61 -1.18 0.08 0.69 0.59 0.91
400.0 35.0 856.0 203.0 968.0 -0.65 -1.15 0.13 1.15 0.58 0.63
401.0 36.0 829.0 199.0 968.0 -0.68 -1.05 0.21 1.08 0.49 0.02
402.0 39.0 766.0 208.0 967.0 -0.61 -0.89 0.26 1.09 0.11 -0.64
403.0 40.0 785.0 225.0 969.0 -0.55 -0.72 0.26 1.32 0.09 -0.96
404.0 38.0 790.0 222.0 969.0 -0.33 -0.26 0.22 1.03 -0.16 -1.27
405.0 33.0 744.0 220.0 969.0 -0.09 0.1 0.17 0.71 -0.44 -1.38
406.0 27.0 667.0 210.0 968.0 0.01 0.21 0.16 0.63 -0.37 -1.29
407.0 24.0 658.0 208.0 969.0 0.19 0.35 0.14 0.38 -0.28 -1.08
408.0 22.0 611.0 212.0 895.0 0.29 0.25 0.12 -0.43 -0.52 -0.63
409.0 19.0 617.0 215.0 780.0 0.32 0.23 0.1 -0.33 -0.46 -0.28
410.0 19.0 593.0 205.0 657.0 0.33 0.15 0.08 -0.29 -0.38 0.44
411.0 17.0 524.0 209.0 574.0 0.29 0.13 0.08 -0.37 -0.16 0.68
412.0 14.0 505.0 206.0 520.0 0.26 0.14 0.07 -0.25 -0.15 0.65
413.0 12.0 506.0 203.0 445.0 0.22 0.23 0.06 -0.38 -0.05 0.34
414.0 10.0 461.0 204.0 367.0 0.21 0.23 0.02 -0.6 0.03 0.05
415.0 9.0 417.0 204.0 313.0 0.23 0.22 -0.01 -0.56 0.1 0.08
416.0 8.0 364.0 204.0 269.0 0.27 0.28 -0.12 -0.46 0.2 0.11
417.0 7.0 324.0 197.0 247.0 0.32 0.23 -0.18 -0.03 0.28 0.27
418.0 7.0 280.0 197.0 209.0 0.34 0.18 -0.17 0.08 0.37 0.32
419.0 6.0 253.0 192.0 184.0 0.34 0.17 -0.13 0.36 0.39 0.34
420.0 4.0 241.0 193.0 181.0 0.35 0.35 -0.09 0.36 0.25 0.13
421.0 5.0 239.0 188.0 181.0 0.37 0.57 -0.13 0.31 0.04 0.02
422.0 5.0 239.0 185.0 182.0 0.45 1.18 -0.3 0.03 -0.32 -0.02
423.0 5.0 245.0 185.0 184.0 0.51 1.43 -0.4 0.22 -0.34 0.08
424.0 4.0 253.0 194.0 206.0 0.51 1.38 -0.4 0.23 -0.34 0.3
425.0 4.0 257.0 186.0 204.0 0.44 1.12 -0.38 0.2 -0.33 0.28
426.0 5.0 261.0 183.0 216.0 0.34 1.12 -0.42 0.2 -0.36 0.57
427.0 4.0 264.0 182.0 229.0 0.32 1.24 -0.47 -0.34 -0.33 0.6
428.0 4.0 262.0 170.0 230.0 0.2 1.13 -0.41 -0.15 -0.44 0.2
429.0 4.0 265.0 174.0 233.0 0.08 0.68 -0.27 0.31 -0.35 0.0
430.0 4.0 261.0 187.0 237.0 0.05 0.52 -0.23 0.03 -0.3 0.09
431.0 4.0 265.0 189.0 249.0 -0.01 0.37 -0.19 0.59 -0.07 0.25
432.0 4.0 263.0 184.0 237.0 0.04 0.55 -0.22 0.76 -0.18 0.29
433.0 3.0 262.0 180.0 242.0 0.05 0.73 -0.23 0.44 -0.21 0.4
434.0 3.0 257.0 175.0 236.0 0.07 0.85 -0.21 0.31 -0.25 0.12
435.0 3.0 257.0 173.0 249.0 0.05 0.72 -0.15 0.2 -0.46 -0.39
436.0 3.0 256.0 169.0 261.0 0.06 0.23 -0.01 -0.19 -0.71 -0.29
437.0 3.0 257.0 166.0 252.0 0.07 -0.36 0.07 0.09 -0.56 -0.41
438.0 3.0 252.0 167.0 253.0 0.08 -0.58 0.09 0.02 -0.54 -0.33
439.0 3.0 252.0 165.0 261.0 0.09 -0.66 0.08 -0.16 -0.45 -0.25
440.0 3.0 244.0 162.0 272.0 0.11 -0.64 0.05 -0.11 -0.25 -0.17
441.0 3.0 244.0 162.0 270.0 0.12 -0.57 0.04 0.14 -0.13 -0.27
442.0 3.0 236.0 158.0 261.0 0.16 -0.4 -0.01 0.14 -0.02 -0.12
443.0 3.0 231.0 160.0 277.0 0.18 -0.29 -0.03 0.2 -0.03 0.01
444.0 3.0 224.0 156.0 264.0 0.19 -0.26 -0.02 0.2 -0.06 0.12
445.0 3.0 224.0 159.0 267.0 0.18 -0.26 0.0 0.22 -0.03 0.1
446.0 3.0 219.0 158.0 271.0 0.18 -0.3 0.01 0.21 -0.11 0.16
447.0 2.0 214.0 157.0 268.0 0.18 -0.33 0.01 0.2 0.06 0.26
448.0 3.0 211.0 159.0 259.0 0.18 -0.34 0.01 0.29 0.1 0.31
449.0 3.0 208.0 164.0 256.0 0.17 -0.31 -0.0 0.46 0.09 0.41
450.0 1.0 203.0 162.0 255.0 0.15 -0.27 -0.01 0.32 0.23 0.31
451.0 3.0 200.0 164.0 274.0 0.14 -0.17 -0.03 0.13 0.1 0.36
452.0 3.0 192.0 163.0 269.0 0.08 -0.16 -0.01 0.35 0.06 0.4
453.0 3.0 184.0 166.0 268.0 0.08 -0.16 -0.01 0.45 0.05 0.35
454.0 3.0 184.0 164.0 262.0 0.06 -0.11 -0.01 0.37 0.05 0.38
455.0 3.0 183.0 159.0 275.0 0.06 -0.02 -0.03 0.43 0.0 0.21
456.0 3.0 178.0 162.0 266.0 0.06 -0.02 -0.03 0.41 0.01 0.16
457.0 3.0 173.0 162.0 268.0 0.05 0.01 -0.02 0.33 0.0 0.11
458.0 3.0 166.0 160.0 270.0 0.03 -0.01 0.02 0.2 0.05 0.3
459.0 3.0 162.0 165.0 285.0 0.02 -0.01 0.03 0.21 0.04 0.28
460.0 3.0 163.0 167.0 285.0 -0.01 -0.03 0.07 0.25 -0.01 0.23
461.0 3.0 156.0 161.0 254.0 -0.04 -0.01 0.07 0.12 -0.09 0.05
462.0 3.0 152.0 161.0 260.0 -0.05 -0.01 0.07 0.19 -0.17 -0.03
463.0 3.0 148.0 163.0 257.0 -0.05 -0.03 0.1 0.16 -0.02 0.18
464.0 4.0 141.0 159.0 269.0 -0.09 -0.1 0.13 0.17 0.01 0.15
465.0 5.0 135.0 162.0 292.0 -0.1 -0.14 0.14 0.06 0.0 0.11
466.0 5.0 136.0 162.0 273.0 -0.13 -0.16 0.14 0.08 -0.06 0.1
467.0 4.0 134.0 160.0 280.0 -0.13 -0.08 0.13 0.09 -0.08 0.09
468.0 4.0 132.0 160.0 289.0 -0.14 -0.04 0.11 0.18 -0.16 -0.13
469.0 4.0 133.0 159.0 282.0 -0.15 0.01 0.11 0.14 -0.18 -0.12
470.0 4.0 133.0 163.0 487.0 -0.16 -0.03 0.13 0.09 -0.15 -0.05
471.0 4.0 139.0 157.0 507.0 -0.2 -0.2 0.18 -0.36 -0.34 -0.13
472.0 4.0 144.0 156.0 517.0 -0.26 -0.41 0.22 -0.37 -0.62 -0.6
473.0 4.0 150.0 156.0 472.0 -0.28 -0.37 0.25 0.58 -0.2 0.11
474.0 6.0 158.0 159.0 792.0 -0.33 -0.33 0.26 0.46 0.0 0.35
475.0 6.0 168.0 166.0 968.0 -0.42 -0.32 0.29 0.21 0.06 0.56
476.0 6.0 177.0 159.0 967.0 -0.53 -0.39 0.35 0.73 -0.11 0.3
477.0 6.0 215.0 158.0 968.0 -0.55 -0.39 0.4 1.06 0.42 0.69
478.0 6.0 236.0 162.0 969.0 -0.61 -0.33 0.51 1.3 0.62 0.79
479.0 6.0 271.0 155.0 968.0 -0.62 -0.02 0.61 1.6 0.85 0.68
480.0 6.0 281.0 168.0 969.0 -0.61 0.19 0.66 1.29 0.48 0.16
481.0 6.0 283.0 168.0 972.0 -0.55 0.42 0.71 1.09 0.0 -0.38
482.0 6.0 307.0 166.0 968.0 -0.51 0.59 0.73 0.87 0.29 0.2
483.0 7.0 305.0 182.0 969.0 -0.53 0.57 0.77 0.5 -0.34 0.02
484.0 8.0 304.0 179.0 969.0 -0.5 0.48 0.75 -0.07 -0.21 0.19
485.0 7.0 297.0 189.0 969.0 -0.43 0.53 0.61 -0.36 -0.28 -0.04
486.0 9.0 301.0 183.0 969.0 -0.38 0.7 0.51 -0.5 -0.08 -0.05
487.0 9.0 279.0 188.0 969.0 -0.27 0.8 0.4 -0.81 -0.19 -0.26
488.0 8.0 266.0 190.0 968.0 -0.25 0.4 0.37 -1.03 -0.08 -0.19
489.0 10.0 253.0 196.0 968.0 -0.26 0.13 0.34 -1.6 -0.19 -0.05
490.0 10.0 243.0 197.0 968.0 -0.23 -0.1 0.22 -1.75 -0.21 0.01
491.0 8.0 232.0 197.0 956.0 -0.19 0.05 -0.0 -1.92 -0.15 -0.1
492.0 8.0 209.0 192.0 935.0 -0.15 0.1 -0.1 -1.79 0.01 -0.54
493.0 7.0 199.0 193.0 795.0 -0.12 0.03 -0.2 -1.33 0.08 -0.88
494.0 7.0 181.0 187.0 683.0 -0.07 -0.19 -0.22 -1.02 0.24 -0.78
495.0 6.0 169.0 187.0 597.0 -0.03 -0.25 -0.24 -0.7 0.1 -0.54
496.0 5.0 161.0 186.0 591.0 0.05 -0.23 -0.31 -0.69 -0.01 -0.39
497.0 4.0 150.0 179.0 513.0 0.13 -0.19 -0.37 -0.57 -0.19 -0.33
498.0 4.0 134.0 177.0 427.0 0.14 -0.21 -0.4 -0.16 -0.21 -0.28
499.0 4.0 122.0 173.0 345.0 0.15 -0.21 -0.41 0.04 -0.09 -0.27
500.0 4.0 115.0 171.0 286.0 0.17 -0.24 -0.37 0.29 -0.16 -0.24
501.0 3.0 111.0 173.0 231.0 0.2 -0.25 -0.35 0.44 -0.12 -0.21
502.0 3.0 112.0 162.0 188.0 0.28 -0.25 -0.33 0.45 -0.12 -0.15
503.0 3.0 116.0 161.0 162.0 0.37 -0.27 -0.31 0.49 -0.09 0.03
504.0 3.0 123.0 156.0 140.0 0.4 -0.26 -0.32 0.56 -0.22 -0.02
505.0 3.0 133.0 152.0 129.0 0.45 -0.2 -0.35 0.82 -0.38 0.0
506.0 3.0 140.0 155.0 135.0 0.4 -0.19 -0.33 0.64 -0.33 0.18
507.0 3.0 149.0 152.0 144.0 0.37 -0.33 -0.28 0.29 -0.57 -0.13
508.0 3.0 154.0 144.0 147.0 0.27 -0.55 -0.2 0.12 -0.89 -0.46
509.0 3.0 157.0 140.0 153.0 0.23 -0.53 -0.17 0.72 -0.5 -0.55
510.0 4.0 157.0 142.0 181.0 0.23 -0.39 -0.16 0.93 -0.15 -0.02
511.0 4.0 154.0 138.0 204.0 0.23 -0.06 -0.13 0.85 -0.07 0.13
512.0 3.0 155.0 140.0 225.0 0.19 0.11 -0.12 0.35 0.06 0.45
513.0 3.0 151.0 134.0 240.0 0.18 0.13 -0.12 0.3 -0.14 0.15
514.0 3.0 147.0 134.0 243.0 0.16 0.11 -0.14 -0.14 -0.48 -0.56
515.0 4.0 144.0 128.0 230.0 0.2 0.02 -0.17 -0.07 -0.61 -0.83
516.0 3.0 139.0 131.0 254.0 0.23 0.03 -0.16 0.4 -0.13 0.02
517.0 4.0 138.0 128.0 241.0 0.21 0.12 -0.09 0.29 0.02 0.3
518.0 4.0 132.0 128.0 289.0 0.13 0.18 -0.02 0.27 0.02 0.55
519.0 4.0 126.0 126.0 292.0 0.09 0.21 0.01 0.04 -0.21 0.26
520.0 4.0 127.0 125.0 274.0 0.05 0.24 0.01 -0.01 -0.33 -0.01
521.0 5.0 127.0 125.0 276.0 0.06 0.33 -0.03 0.08 -0.47 -0.32
522.0 4.0 129.0 123.0 300.0 0.07 0.38 -0.05 0.2 -0.16 0.04
523.0 4.0 132.0 123.0 431.0 0.04 0.32 0.01 0.39 -0.03 0.34
524.0 5.0 142.0 123.0 512.0 -0.07 0.11 0.12 -0.26 -0.09 0.21
525.0 5.0 144.0 120.0 515.0 -0.13 -0.06 0.16 0.04 -0.75 -0.58
526.0 4.0 147.0 127.0 566.0 -0.16 -0.13 0.14 0.61 -0.45 -0.45
527.0 7.0 150.0 126.0 678.0 -0.21 0.0 0.15 0.76 0.01 0.26
528.0 7.0 192.0 128.0 967.0 -0.27 0.04 0.17 0.17 0.26 0.68
529.0 7.0 201.0 129.0 968.0 -0.37 -0.11 0.23 0.3 0.1 0.36
530.0 7.0 232.0 126.0 969.0 -0.38 -0.17 0.21 0.46 0.03 0.42
531.0 12.0 346.0 137.0 969.0 -0.35 -0.13 0.17 0.29 -0.04 0.23
532.0 14.0 435.0 138.0 969.0 -0.33 0.05 0.15 0.61 0.67 0.78
533.0 15.0 412.0 145.0 969.0 -0.39 0.21 0.19 0.58 0.31 0.56
534.0 12.0 409.0 148.0 968.0 -0.43 0.2 0.26 0.9 0.48 0.83
535.0 11.0 401.0 157.0 969.0 -0.49 0.15 0.36 0.62 0.27 0.52
536.0 10.0 386.0 157.0 968.0 -0.5 0.21 0.4 0.39 -0.05 0.11
537.0 10.0 374.0 161.0 968.0 -0.47 0.27 0.4 0.28 -0.27 -0.26
538.0 9.0 400.0 166.0 968.0 -0.35 0.33 0.37 0.32 -0.3 -0.63
539.0 9.0 375.0 166.0 968.0 -0.21 0.39 0.29 0.09 -0.35 -0.59
540.0 9.0 339.0 168.0 968.0 -0.15 0.42 0.24 -0.13 -0.4 -0.65
541.0 9.0 308.0 170.0 969.0 -0.05 0.49 0.16 -0.45 -0.32 -0.4
542.0 8.0 313.0 171.0 968.0 -0.01 0.28 0.15 -0.94 -0.23 -0.47
543.0 7.0 299.0 169.0 969.0 0.0 0.16 0.12 -1.08 -0.21 -0.29
544.0 6.0 279.0 168.0 968.0 0.05 0.04 0.03 -1.28 -0.2 -0.43
545.0 6.0 252.0 166.0 929.0 0.11 0.09 -0.08 -1.15 -0.02 -0.41
546.0 6.0 224.0 168.0 774.0 0.13 0.09 -0.13 -1.07 -0.02 -0.43
547.0 5.0 200.0 166.0 669.0 0.15 -0.01 -0.16 -0.82 0.08 -0.38
548.0 5.0 187.0 163.0 608.0 0.18 -0.08 -0.19 -0.62 0.06 -0.33
549.0 5.0 173.0 164.0 507.0 0.2 -0.12 -0.19 -0.43 0.0 -0.39
550.0 4.0 160.0 157.0 416.0 0.23 -0.21 -0.19 -0.19 -0.09 -0.31
551.0 4.0 155.0 155.0 355.0 0.29 -0.23 -0.2 0.05 -0.08 -0.15
552.0 3.0 167.0 156.0 287.0 0.32 -0.22 -0.22 0.03 -0.08 -0.01
553.0 3.0 160.0 149.0 234.0 0.41 -0.14 -0.28 0.09 -0.01 0.26
554.0 3.0 157.0 148.0 209.0 0.48 -0.21 -0.33 -0.24 -0.14 0.13
555.0 3.0 153.0 145.0 190.0 0.49 -0.35 -0.34 -0.32 -0.4 0.06
556.0 3.0 159.0 144.0 162.0 0.44 -0.61 -0.36 -0.54 -0.39 0.0
557.0 3.0 180.0 139.0 150.0 0.36 -0.84 -0.34 0.1 -0.18 0.03
558.0 3.0 178.0 137.0 153.0 0.32 -0.81 -0.33 0.56 0.32 0.39
559.0 3.0 195.0 136.0 199.0 0.24 -0.63 -0.29 0.7 0.48 0.51
560.0 3.0 193.0 133.0 190.0 0.17 -0.51 -0.25 0.38 0.13 0.24
561.0 4.0 196.0 129.0 180.0 0.13 -0.5 -0.25 -0.22 -0.29 -0.11
562.0 4.0 206.0 127.0 196.0 0.1 -0.58 -0.28 -0.43 -0.85 -0.97
563.0 3.0 199.0 123.0 199.0 0.18 -0.25 -0.35 1.24 -0.11 -0.2
564.0 4.0 181.0 123.0 228.0 0.2 0.07 -0.37 1.16 0.11 0.06
565.0 3.0 176.0 123.0 296.0 0.18 0.43 -0.34 0.5 0.11 0.48
566.0 4.0 174.0 118.0 276.0 0.14 0.38 -0.25 0.66 -0.25 0.16
567.0 4.0 193.0 115.0 261.0 0.11 0.23 -0.2 0.19 -0.58 -0.2
568.0 4.0 204.0 116.0 273.0 0.14 -0.03 -0.16 0.32 -0.82 -0.39
569.0 4.0 219.0 116.0 290.0 0.15 -0.05 -0.14 0.66 -0.28 0.2
570.0 3.0 204.0 115.0 302.0 0.14 0.0 -0.13 0.54 -0.22 0.29
571.0 5.0 215.0 121.0 282.0 0.1 0.09 -0.08 0.49 -0.21 0.23
572.0 6.0 200.0 117.0 268.0 0.04 0.04 -0.02 0.13 -0.37 -0.01
573.0 8.0 194.0 116.0 283.0 0.04 0.01 -0.01 0.16 -0.47 -0.16
574.0 7.0 176.0 117.0 268.0 0.07 0.04 0.01 0.34 -0.19 0.01
575.0 8.0 163.0 119.0 294.0 0.07 0.07 0.03 0.3 -0.22 0.02
576.0 9.0 154.0 120.0 291.0 0.07 0.09 0.03 0.23 -0.15 0.0
577.0 9.0 158.0 118.0 317.0 0.04 0.07 0.08 0.03 0.01 0.21
578.0 7.0 156.0 115.0 286.0 -0.0 0.08 0.09 -0.12 -0.07 0.03
579.0 7.0 152.0 118.0 327.0 -0.03 0.11 0.08 0.01 -0.1 -0.13
580.0 7.0 179.0 115.0 452.0 -0.04 0.19 0.07 0.06 0.05 0.15
581.0 7.0 203.0 114.0 464.0 -0.09 0.15 0.13 -0.32 0.11 0.26
582.0 7.0 241.0 114.0 515.0 -0.15 0.03 0.15 -0.44 -0.4 -0.17
583.0 9.0 254.0 117.0 729.0 -0.13 -0.0 0.1 0.39 -0.55 -0.38
584.0 9.0 282.0 119.0 801.0 -0.13 0.16 0.06 0.32 0.23 0.56
585.0 9.0 387.0 122.0 967.0 -0.21 0.31 0.05 0.18 0.18 0.69
586.0 9.0 432.0 121.0 968.0 -0.31 0.36 0.03 0.59 0.0 0.4
587.0 9.0 430.0 132.0 968.0 -0.34 0.69 -0.12 0.64 0.33 0.69
588.0 10.0 435.0 133.0 969.0 -0.36 0.95 -0.16 1.32 1.51 1.62
589.0 10.0 459.0 135.0 969.0 -0.46 1.28 -0.02 1.88 1.5 1.24
590.0 8.0 504.0 138.0 966.0 -0.51 1.0 0.23 1.11 0.09 -0.21
591.0 10.0 589.0 145.0 969.0 -0.52 0.63 0.35 0.83 0.14 0.03
592.0 12.0 625.0 143.0 969.0 -0.52 0.12 0.44 -0.21 -0.36 0.34
593.0 11.0 616.0 142.0 968.0 -0.51 0.2 0.29 -0.56 -0.7 0.32
594.0 10.0 605.0 144.0 968.0 -0.48 0.35 0.19 -0.68 -0.78 -0.02
595.0 10.0 572.0 143.0 968.0 -0.39 0.38 0.1 -0.22 -0.5 -0.5
596.0 8.0 528.0 152.0 968.0 -0.32 0.05 0.16 -0.49 -0.49 -0.87
597.0 5.0 485.0 147.0 969.0 -0.29 -0.05 0.17 -0.38 -0.24 -0.74
598.0 9.0 443.0 148.0 968.0 -0.19 0.13 0.08 -0.82 -0.35 -1.08
599.0 9.0 387.0 150.0 968.0 -0.13 0.28 0.02 -0.89 -0.37 -1.14
600.0 8.0 364.0 153.0 922.0 0.01 0.36 -0.09 -0.84 -0.3 -1.11
601.0 8.0 360.0 155.0 807.0 0.11 0.07 -0.1 -0.8 -0.16 -0.82
602.0 7.0 319.0 151.0 711.0 0.14 -0.06 -0.1 -0.36 -0.05 -0.52
603.0 6.0 293.0 152.0 596.0 0.16 -0.05 -0.09 -0.35 -0.13 -0.47
604.0 5.0 254.0 147.0 500.0 0.19 0.06 -0.1 -0.33 -0.23 -0.28
605.0 5.0 221.0 150.0 416.0 0.24 0.05 -0.11 -0.35 -0.24 -0.27
606.0 4.0 189.0 142.0 344.0 0.28 0.01 -0.11 -0.31 -0.13 -0.23
607.0 3.0 175.0 141.0 284.0 0.35 -0.11 -0.1 -0.13 -0.04 -0.22
608.0 3.0 168.0 139.0 230.0 0.38 -0.21 -0.07 0.29 0.14 0.0
609.0 3.0 169.0 148.0 187.0 0.39 -0.19 -0.05 0.18 0.05 0.17
610.0 3.0 172.0 158.0 156.0 0.4 -0.15 -0.01 0.25 -0.04 0.39
611.0 3.0 177.0 157.0 133.0 0.39 -0.11 -0.0 -0.01 -0.07 0.71
612.0 2.0 187.0 181.0 123.0 0.36 -0.07 -0.01 -0.04 -0.03 0.73
613.0 3.0 193.0 186.0 113.0 0.31 -0.13 -0.04 -0.09 -0.14 0.75
614.0 3.0 201.0 183.0 125.0 0.27 -0.18 -0.06 0.0 -0.01 0.92
615.0 3.0 209.0 183.0 139.0 0.15 -0.34 -0.08 0.0 -0.02 0.92
616.0 3.0 214.0 188.0 150.0 -0.0 -0.47 -0.08 -0.06 -0.13 0.6
617.0 2.0 223.0 185.0 178.0 -0.13 -0.61 -0.07 0.17 -0.1 0.39
618.0 2.0 225.0 169.0 186.0 -0.18 -0.63 -0.09 0.3 -0.21 0.0
619.0 2.0 225.0 158.0 193.0 -0.2 -0.48 -0.14 0.44 -0.23 -0.39
620.0 2.0 227.0 152.0 210.0 -0.16 -0.36 -0.15 0.58 -0.19 -0.89
621.0 3.0 226.0 142.0 222.0 -0.07 -0.16 -0.16 0.33 -0.29 -1.03
622.0 4.0 228.0 137.0 226.0 0.01 -0.03 -0.2 0.0 -0.37 -1.14
623.0 4.0 225.0 130.0 228.0 0.03 -0.02 -0.2 0.32 -0.36 -0.76
624.0 4.0 221.0 126.0 227.0 0.1 0.06 -0.16 0.28 -0.33 -0.59
625.0 3.0 219.0 125.0 231.0 0.14 0.09 -0.12 0.25 -0.42 -0.31
626.0 3.0 216.0 119.0 225.0 0.15 0.1 -0.1 0.37 -0.58 -0.27
627.0 3.0 211.0 115.0 225.0 0.17 0.08 -0.08 0.36 -0.6 -0.3
628.0 3.0 206.0 113.0 214.0 0.2 0.08 -0.07 0.15 -0.65 -0.43
629.0 5.0 201.0 115.0 223.0 0.21 0.07 -0.06 0.16 -0.3 -0.09
630.0 4.0 197.0 114.0 219.0 0.22 0.05 -0.05 0.13 -0.37 -0.01
631.0 4.0 192.0 113.0 224.0 0.19 0.01 -0.03 -0.05 -0.24 0.1
632.0 3.0 190.0 119.0 237.0 0.18 -0.02 -0.03 0.03 -0.13 0.07
633.0 4.0 180.0 115.0 216.0 0.17 0.0 -0.03 -0.07 -0.1 -0.02
634.0 3.0 177.0 117.0 226.0 0.18 0.03 -0.04 0.0 -0.03 -0.07
635.0 6.0 170.0 119.0 223.0 0.18 0.04 -0.06 0.03 0.05 0.0
636.0 5.0 164.0 118.0 222.0 0.18 0.01 -0.05 0.09 0.02 0.02
637.0 5.0 162.0 122.0 238.0 0.16 -0.07 -0.02 0.03 0.05 0.27
638.0 4.0 159.0 127.0 236.0 0.15 -0.11 0.0 0.08 0.09 0.23
639.0 5.0 152.0 124.0 225.0 0.12 -0.12 0.02 0.19 -0.11 0.06
640.0 6.0 142.0 152.0 225.0 0.12 -0.01 0.01 0.29 -0.06 0.06
641.0 6.0 141.0 200.0 218.0 0.12 0.02 0.01 0.2 0.03 0.29
642.0 8.0 135.0 236.0 220.0 0.11 0.02 0.04 0.17 0.01 0.41
643.0 8.0 142.0 226.0 230.0 0.06 -0.06 0.09 0.08 0.09 0.75
644.0 8.0 143.0 204.0 238.0 0.02 -0.08 0.1 0.22 0.18 0.8
645.0 7.0 137.0 229.0 239.0 -0.05 -0.03 0.13 0.2 0.11 0.48
646.0 9.0 139.0 253.0 283.0 -0.13 -0.03 0.16 -0.11 -0.07 0.31
647.0 10.0 143.0 286.0 269.0 -0.17 -0.09 0.19 -0.12 0.08 0.33
648.0 10.0 140.0 304.0 226.0 -0.28 -0.23 0.24 0.3 -0.4 -0.21
649.0 11.0 143.0 291.0 264.0 -0.32 -0.29 0.32 0.94 -0.37 0.15
650.0 12.0 145.0 273.0 239.0 -0.35 -0.25 0.37 0.33 -0.07 0.37
651.0 10.0 147.0 294.0 235.0 -0.41 -0.23 0.51 0.16 -0.31 0.19
652.0 10.0 146.0 268.0 217.0 -0.45 -0.39 0.63 0.99 -0.13 -0.11
653.0 13.0 143.0 247.0 271.0 -0.44 -0.42 0.67 0.97 0.0 -0.21
654.0 15.0 142.0 275.0 261.0 -0.42 -0.34 0.73 1.06 0.09 0.22
655.0 13.0 153.0 269.0 313.0 -0.37 -0.2 0.76 0.91 -0.27 -0.13
656.0 12.0 156.0 270.0 447.0 -0.34 -0.08 0.76 0.8 -0.03 -0.29
657.0 11.0 158.0 283.0 426.0 -0.27 0.21 0.77 0.89 -0.22 -0.56
658.0 10.0 180.0 278.0 667.0 -0.24 0.41 0.83 0.98 -0.08 -0.47
659.0 9.0 186.0 253.0 639.0 -0.23 0.46 0.89 0.93 -0.17 -0.22
660.0 12.0 177.0 252.0 616.0 -0.25 0.48 0.99 0.61 -0.27 -0.63
661.0 11.0 170.0 261.0 613.0 -0.23 0.53 1.0 0.27 -0.13 -0.36
662.0 10.0 163.0 274.0 546.0 -0.21 0.53 0.98 0.01 0.02 0.18
663.0 9.0 160.0 295.0 634.0 -0.19 0.58 0.94 -0.18 -0.22 0.07
664.0 8.0 159.0 294.0 558.0 -0.2 0.75 0.81 -0.3 -0.44 -0.23
665.0 12.0 152.0 295.0 514.0 -0.19 0.8 0.78 -0.49 0.18 0.57
666.0 13.0 147.0 296.0 542.0 -0.23 0.75 0.75 -0.35 0.05 0.05
667.0 12.0 154.0 311.0 637.0 -0.27 0.56 0.74 -0.93 0.1 -0.27
668.0 12.0 149.0 318.0 556.0 -0.25 0.45 0.71 -1.15 -0.14 -0.74
669.0 11.0 153.0 352.0 524.0 -0.12 0.38 0.55 -1.32 0.0 -0.71
670.0 11.0 151.0 348.0 559.0 0.03 0.47 0.35 -1.26 -0.04 -0.82
671.0 15.0 146.0 340.0 532.0 0.07 0.48 0.28 -1.14 0.24 -0.52
672.0 15.0 140.0 304.0 492.0 0.09 0.33 0.25 -0.81 0.28 -0.1
673.0 14.0 147.0 320.0 429.0 0.04 0.12 0.26 -0.99 -0.02 -0.27
674.0 13.0 146.0 317.0 392.0 0.04 0.12 0.22 -1.43 -0.24 -0.12
675.0 12.0 141.0 302.0 317.0 0.11 0.35 0.03 -1.59 -0.23 0.14
676.0 12.0 140.0 298.0 265.0 0.18 0.44 -0.16 -1.38 -0.19 0.11
677.0 10.0 132.0 304.0 221.0 0.17 0.31 -0.2 -1.37 -0.03 0.24
678.0 9.0 130.0 280.0 195.0 0.12 -0.03 -0.25 -0.67 0.14 0.34
679.0 8.0 128.0 261.0 187.0 0.08 -0.12 -0.3 -0.48 0.15 0.26
680.0 6.0 128.0 271.0 172.0 0.07 -0.09 -0.33 -0.49 0.09 0.13
681.0 6.0 127.0 253.0 164.0 0.09 -0.06 -0.41 -0.57 -0.18 -0.13
682.0 5.0 130.0 241.0 182.0 0.13 -0.12 -0.49 -0.36 0.02 0.3
683.0 5.0 133.0 227.0 172.0 0.15 -0.13 -0.53 -0.38 0.01 0.51
684.0 9.0 135.0 240.0 184.0 0.17 -0.11 -0.62 -0.26 -0.19 0.41
685.0 8.0 135.0 234.0 185.0 0.21 -0.03 -0.76 0.07 -0.32 -0.01
686.0 7.0 136.0 208.0 183.0 0.23 0.06 -0.84 0.06 -0.32 -0.01
687.0 7.0 138.0 193.0 192.0 0.25 0.27 -0.94 0.27 -0.1 -0.04
688.0 6.0 142.0 178.0 203.0 0.19 0.26 -0.89 0.05 -0.14 -0.37
689.0 6.0 153.0 170.0 201.0 0.14 0.08 -0.8 -0.01 -0.22 -0.52
690.0 6.0 176.0 163.0 211.0 0.08 -0.35 -0.68 0.5 -0.29 -1.0
691.0 5.0 167.0 158.0 206.0 0.09 -0.42 -0.62 0.59 -0.48 -1.16
692.0 5.0 159.0 159.0 207.0 0.13 -0.36 -0.6 0.53 -0.54 -1.07
693.0 2.0 149.0 149.0 204.0 0.2 -0.21 -0.56 0.25 -0.4 -0.76
694.0 4.0 143.0 143.0 198.0 0.26 -0.16 -0.5 -0.03 -0.48 -0.6
695.0 4.0 136.0 138.0 195.0 0.28 -0.2 -0.46 0.24 -0.41 -0.56
696.0 4.0 129.0 140.0 179.0 0.29 -0.27 -0.36 0.52 -0.46 -0.52
697.0 4.0 126.0 137.0 174.0 0.29 -0.28 -0.27 0.37 -0.53 -0.12
698.0 5.0 121.0 134.0 166.0 0.28 -0.27 -0.23 0.49 -0.38 0.0
699.0 4.0 119.0 137.0 161.0 0.23 -0.31 -0.14 0.63 -0.47 0.56
700.0 4.0 110.0 129.0 157.0 0.18 -0.37 -0.04 0.54 -0.25 0.59
701.0 5.0 109.0 121.0 163.0 0.14 -0.4 0.0 0.31 -0.24 0.64
702.0 4.0 107.0 123.0 157.0 0.09 -0.42 0.04 0.56 -0.27 0.25
703.0 7.0 104.0 119.0 152.0 0.09 -0.33 0.06 0.08 -0.22 0.08
704.0 6.0 100.0 115.0 144.0 0.09 -0.29 0.06 0.05 -0.11 0.26
705.0 5.0 99.0 116.0 164.0 0.07 -0.25 0.11 0.4 -0.06 0.04
706.0 5.0 96.0 116.0 190.0 0.1 -0.15 0.21 0.81 -0.11 0.17
707.0 5.0 103.0 113.0 209.0 0.03 -0.09 0.26 0.48 -0.09 0.16
708.0 4.0 111.0 122.0 233.0 -0.01 -0.02 0.37 0.92 -0.44 -0.71
709.0 4.0 114.0 117.0 259.0 0.03 0.3 0.45 1.17 -0.18 -0.07
710.0 4.0 120.0 121.0 337.0 0.02 0.39 0.47 1.32 -0.17 -0.41
711.0 6.0 126.0 135.0 503.0 0.02 0.43 0.53 0.53 -0.29 -0.28
712.0 6.0 130.0 133.0 538.0 -0.09 0.09 0.64 0.3 0.71 1.64
713.0 5.0 148.0 148.0 617.0 -0.21 -0.18 0.71 0.56 0.18 0.64
714.0 6.0 163.0 145.0 642.0 -0.3 -0.26 0.77 0.99 0.55 1.33
715.0 7.0 161.0 148.0 650.0 -0.31 0.19 0.73 1.15 0.65 0.89
716.0 9.0 175.0 147.0 680.0 -0.32 0.44 0.7 0.48 0.82 1.13
717.0 9.0 170.0 154.0 614.0 -0.33 0.57 0.7 0.18 -0.33 -0.58
718.0 9.0 178.0 154.0 617.0 -0.2 0.41 0.71 0.02 -0.02 0.48
719.0 10.0 181.0 166.0 653.0 -0.17 0.28 0.72 -0.15 -0.22 0.22
720.0 9.0 179.0 159.0 683.0 -0.2 0.01 0.81 -0.11 -0.22 0.51
721.0 9.0 193.0 152.0 668.0 -0.21 0.15 0.8 -0.12 -0.06 0.56
722.0 9.0 191.0 152.0 636.0 -0.21 0.32 0.78 -0.33 0.08 0.24
723.0 9.0 188.0 185.0 512.0 -0.19 0.45 0.72 -0.73 0.02 -0.44
724.0 10.0 182.0 172.0 510.0 -0.16 0.25 0.63 -1.06 0.23 -0.31
725.0 10.0 178.0 158.0 535.0 -0.13 0.11 0.58 -1.04 0.34 -0.14
726.0 10.0 167.0 156.0 590.0 -0.08 0.01 0.46 -1.22 0.32 -0.39
727.0 10.0 163.0 153.0 507.0 0.07 0.31 0.11 -1.27 0.01 -0.94
728.0 11.0 157.0 164.0 434.0 0.09 0.36 0.02 -1.14 0.28 -0.28
729.0 11.0 150.0 165.0 376.0 0.09 0.37 -0.04 -1.35 -0.07 0.19
730.0 10.0 140.0 155.0 322.0 0.02 0.18 -0.18 -1.7 -0.5 0.34
731.0 5.0 131.0 160.0 275.0 -0.01 0.09 -0.24 -1.72 -0.7 0.17
732.0 8.0 125.0 168.0 225.0 -0.05 -0.04 -0.36 -1.17 -0.6 0.05
733.0 10.0 127.0 171.0 186.0 -0.08 -0.09 -0.45 -0.57 -0.43 0.01
734.0 9.0 120.0 160.0 155.0 -0.09 -0.13 -0.46 0.01 -0.16 -0.21
735.0 7.0 114.0 154.0 134.0 -0.09 -0.14 -0.46 -0.17 0.0 0.02
736.0 7.0 106.0 142.0 118.0 0.0 -0.2 -0.5 -0.29 -0.34 -0.55
737.0 5.0 102.0 133.0 103.0 0.07 -0.26 -0.53 -0.3 -0.54 -0.87
738.0 4.0 100.0 128.0 99.0 0.24 -0.29 -0.65 0.43 -0.49 -0.91
739.0 5.0 102.0 122.0 94.0 0.37 -0.13 -0.75 0.55 -0.28 -0.37
740.0 7.0 102.0 120.0 93.0 0.37 -0.12 -0.73 0.45 -0.27 -0.06
741.0 6.0 111.0 114.0 97.0 0.26 -0.28 -0.63 0.18 -0.23 0.33
742.0 5.0 125.0 113.0 105.0 0.12 -0.55 -0.52 -0.03 -0.46 0.22
743.0 7.0 139.0 109.0 107.0 0.09 -0.67 -0.49 -0.16 -0.59 -0.08
744.0 6.0 129.0 109.0 119.0 0.07 -0.76 -0.47 0.29 -0.5 -0.27
745.0 5.0 124.0 107.0 121.0 0.08 -0.68 -0.46 0.38 -0.35 -0.15
746.0 5.0 114.0 109.0 121.0 0.08 -0.62 -0.45 0.44 -0.39 -0.19
747.0 4.0 108.0 105.0 127.0 0.14 -0.53 -0.4 0.44 -0.47 -0.45
748.0 4.0 101.0 111.0 127.0 0.21 -0.48 -0.37 -0.29 -0.4 -0.66
749.0 3.0 95.0 116.0 123.0 0.22 -0.54 -0.33 -0.3 -0.4 -0.67
750.0 4.0 93.0 118.0 135.0 0.23 -0.57 -0.26 0.17 -0.15 -0.06
751.0 4.0 94.0 121.0 126.0 0.19 -0.52 -0.19 0.3 -0.11 0.35
752.0 5.0 93.0 125.0 141.0 0.15 -0.45 -0.17 0.24 -0.2 0.22
753.0 6.0 94.0 119.0 128.0 0.12 -0.33 -0.12 0.32 -0.32 0.05
754.0 5.0 92.0 117.0 124.0 0.14 -0.11 -0.08 0.91 -0.35 0.02
755.0 5.0 90.0 122.0 120.0 0.14 -0.0 -0.07 0.61 -0.3 0.25
756.0 4.0 93.0 125.0 115.0 0.09 0.01 -0.03 0.2 -0.21 0.59
757.0 7.0 96.0 129.0 168.0 0.04 -0.03 0.04 0.43 -0.18 0.47
758.0 6.0 95.0 128.0 150.0 0.02 -0.05 0.09 0.01 -0.22 0.44
759.0 6.0 96.0 122.0 141.0 0.02 -0.09 0.13 0.14 -0.72 -0.43
760.0 6.0 96.0 123.0 149.0 0.01 -0.02 0.25 1.5 -0.39 0.19
761.0 7.0 109.0 137.0 293.0 -0.03 0.12 0.33 1.82 -0.1 0.74
762.0 7.0 124.0 139.0 368.0 -0.16 0.12 0.51 0.27 -0.05 1.12
763.0 8.0 124.0 141.0 386.0 -0.26 -0.1 0.7 1.45 -0.84 -0.71
764.0 7.0 128.0 143.0 379.0 -0.21 0.1 0.74 3.35 -0.02 -0.42
765.0 8.0 136.0 159.0 427.0 -0.23 0.51 0.79 1.04 0.42 0.95
766.0 10.0 152.0 155.0 600.0 -0.31 0.3 0.9 0.37 0.16 0.62
767.0 10.0 170.0 175.0 823.0 -0.31 0.21 0.92 0.49 -0.05 -0.06
768.0 10.0 190.0 173.0 968.0 -0.31 0.38 0.86 0.42 -0.07 -0.3
769.0 11.0 208.0 170.0 968.0 -0.2 0.84 0.75 0.98 0.14 -0.49
770.0 13.0 256.0 165.0 967.0 -0.2 1.2 0.66 0.69 0.74 0.85
771.0 9.0 245.0 161.0 968.0 -0.27 1.4 0.7 0.16 -0.07 -0.08
772.0 12.0 250.0 162.0 968.0 -0.35 1.05 0.72 -0.26 -0.06 0.04
773.0 11.0 257.0 161.0 968.0 -0.37 0.67 0.76 -0.95 -0.21 -0.06
774.0 12.0 243.0 166.0 968.0 -0.36 0.16 0.74 -0.86 -0.35 -0.43
775.0 13.0 227.0 160.0 969.0 -0.34 0.3 0.66 -0.64 0.08 -0.27
776.0 12.0 205.0 150.0 968.0 -0.26 0.72 0.51 -0.73 -0.03 -0.4
777.0 13.0 211.0 145.0 968.0 -0.21 0.92 0.38 -0.94 0.0 -0.42
778.0 12.0 188.0 141.0 968.0 -0.19 0.81 0.34 -1.32 -0.34 -0.72
779.0 12.0 176.0 138.0 968.0 -0.14 0.46 0.26 -1.49 -0.47 -0.56
780.0 11.0 160.0 132.0 946.0 -0.05 0.57 0.03 -1.82 -0.55 -0.32
781.0 12.0 150.0 127.0 875.0 0.0 0.69 -0.11 -2.01 -0.62 -0.35
782.0 9.0 137.0 123.0 820.0 0.09 0.76 -0.34 -1.67 -0.33 -0.57
783.0 9.0 127.0 124.0 776.0 0.13 0.38 -0.43 -1.49 -0.17 -0.92
784.0 8.0 116.0 132.0 727.0 0.15 0.09 -0.44 -0.92 0.24 -0.63
785.0 7.0 108.0 127.0 691.0 0.21 -0.3 -0.47 -0.72 0.31 -0.36
786.0 6.0 106.0 121.0 656.0 0.25 -0.39 -0.48 -0.44 0.37 0.09
787.0 5.0 108.0 125.0 608.0 0.27 -0.38 -0.47 -0.26 -0.22 0.14
788.0 5.0 111.0 122.0 592.0 0.32 -0.35 -0.54 -0.12 -0.24 0.19
789.0 4.0 113.0 132.0 560.0 0.36 -0.38 -0.62 0.1 -0.47 -0.05
790.0 6.0 115.0 129.0 527.0 0.37 -0.43 -0.65 -0.16 -0.61 0.05
791.0 6.0 118.0 131.0 496.0 0.32 -0.62 -0.67 -0.21 -0.41 0.29
792.0 6.0 118.0 135.0 466.0 0.19 -0.84 -0.6 0.03 -0.25 0.48
793.0 6.0 120.0 132.0 425.0 0.15 -0.92 -0.57 0.45 -0.4 0.09
794.0 6.0 117.0 126.0 394.0 0.1 -0.81 -0.56 0.45 -0.39 -0.3
795.0 6.0 120.0 121.0 342.0 0.16 -0.61 -0.56 0.84 -0.48 -0.53
796.0 6.0 123.0 116.0 289.0 0.21 -0.44 -0.57 0.5 -0.25 -0.14
797.0 5.0 122.0 112.0 238.0 0.25 -0.21 -0.58 0.59 -0.33 0.01
798.0 5.0 117.0 109.0 196.0 0.23 -0.07 -0.54 0.62 -0.35 0.13
799.0 5.0 116.0 116.0 160.0 0.2 -0.06 -0.49 -0.13 -0.49 0.02
800.0 6.0 110.0 115.0 136.0 0.17 -0.39 -0.36 -0.22 -0.81 0.05
801.0 4.0 105.0 120.0 115.0 0.15 -0.55 -0.3 0.67 -0.68 -0.71
802.0 4.0 99.0 117.0 100.0 0.18 -0.38 -0.32 0.75 -0.66 -0.68
803.0 4.0 96.0 113.0 95.0 0.3 0.16 -0.39 0.93 -0.49 -0.45
804.0 3.0 94.0 111.0 98.0 0.37 0.68 -0.43 0.3 -0.22 0.0
805.0 3.0 91.0 108.0 110.0 0.34 0.71 -0.38 -0.55 -0.1 0.24
806.0 4.0 91.0 113.0 112.0 0.23 0.41 -0.27 -0.36 -0.16 0.2
807.0 4.0 95.0 113.0 126.0 0.16 -0.01 -0.12 0.05 -0.2 0.23
808.0 4.0 97.0 111.0 137.0 0.14 -0.11 -0.08 0.41 -0.28 0.31
809.0 4.0 96.0 115.0 154.0 0.13 -0.1 -0.06 0.47 -0.29 0.35
810.0 4.0 95.0 122.0 159.0 0.13 -0.02 -0.06 0.23 -0.12 0.57
811.0 5.0 95.0 126.0 166.0 0.11 0.01 -0.06 0.04 -0.01 0.57
812.0 4.0 92.0 130.0 166.0 0.08 0.0 -0.06 0.0 0.07 0.4
813.0 5.0 90.0 126.0 171.0 0.05 -0.05 -0.03 0.03 -0.05 0.11
814.0 7.0 90.0 131.0 172.0 0.05 -0.08 -0.02 0.2 -0.06 0.04
815.0 6.0 87.0 130.0 174.0 0.03 -0.09 -0.0 0.06 -0.06 0.09
816.0 6.0 87.0 135.0 174.0 -0.01 -0.12 0.03 0.07 -0.06 0.33
817.0 5.0 85.0 135.0 176.0 -0.03 -0.14 0.06 -0.03 -0.13 0.29
818.0 5.0 82.0 128.0 174.0 -0.06 -0.21 0.09 0.02 -0.18 0.22
819.0 6.0 84.0 133.0 169.0 -0.06 -0.21 0.09 0.11 -0.28 -0.01
820.0 6.0 85.0 134.0 172.0 -0.05 -0.19 0.08 -0.1 -0.28 0.16
821.0 5.0 84.0 140.0 169.0 -0.03 -0.16 0.06 -0.06 -0.12 0.2
822.0 4.0 83.0 139.0 168.0 -0.04 -0.18 0.07 0.01 -0.14 0.15
823.0 4.0 83.0 140.0 169.0 -0.04 -0.19 0.07 0.09 -0.14 -0.02
824.0 3.0 84.0 143.0 171.0 -0.04 -0.25 0.08 -0.02 -0.27 -0.07
825.0 5.0 84.0 144.0 170.0 -0.05 -0.34 0.08 -0.19 -0.23 0.0
826.0 5.0 83.0 143.0 164.0 -0.05 -0.38 0.09 0.18 -0.21 -0.01
827.0 5.0 82.0 142.0 155.0 -0.04 -0.33 0.09 0.11 -0.28 -0.03
828.0 4.0 82.0 143.0 159.0 -0.02 -0.19 0.05 0.16 -0.29 0.04
829.0 4.0 85.0 141.0 146.0 -0.01 -0.12 0.03 -0.01 -0.17 0.17
830.0 4.0 86.0 143.0 145.0 0.0 -0.06 0.02 0.02 -0.17 0.19
831.0 5.0 84.0 147.0 146.0 -0.01 -0.1 0.03 -0.05 -0.1 0.09
832.0 6.0 81.0 143.0 141.0 -0.02 -0.15 0.04 0.36 -0.17 -0.04
833.0 4.0 81.0 139.0 138.0 -0.0 -0.1 0.05 0.33 -0.26 0.0
834.0 4.0 81.0 138.0 133.0 0.01 0.03 0.02 0.11 -0.19 0.14
835.0 4.0 81.0 137.0 127.0 0.01 0.06 0.01 0.11 -0.14 0.25
836.0 5.0 81.0 140.0 131.0 0.02 0.04 0.01 0.12 -0.13 0.27
837.0 4.0 80.0 140.0 129.0 0.0 0.02 0.0 -0.21 -0.18 0.27
838.0 4.0 81.0 142.0 130.0 -0.01 -0.02 0.0 0.07 -0.18 0.05
839.0 4.0 82.0 143.0 128.0 -0.02 -0.04 0.01 0.07 -0.18 0.08
840.0 3.0 81.0 142.0 121.0 -0.03 -0.1 0.01 0.08 -0.16 0.1
841.0 5.0 79.0 145.0 118.0 -0.04 -0.12 0.02 0.09 -0.2 0.0
842.0 5.0 80.0 143.0 112.0 -0.04 -0.14 0.02 0.06 -0.2 0.0
843.0 4.0 81.0 149.0 121.0 -0.03 -0.12 0.02 -0.03 -0.26 0.05
844.0 1.0 80.0 140.0 123.0 -0.03 -0.12 0.01 -0.21 -0.38 -0.03
845.0 3.0 81.0 140.0 114.0 -0.02 -0.16 0.02 -0.1 -0.19 -0.16
846.0 4.0 83.0 137.0 107.0 -0.02 -0.19 0.02 0.09 -0.2 -0.09
847.0 6.0 86.0 144.0 103.0 -0.02 -0.17 0.03 0.18 -0.19 0.02
848.0 5.0 84.0 140.0 100.0 -0.02 -0.12 0.02 0.18 -0.24 0.01
849.0 5.0 83.0 139.0 99.0 -0.02 -0.04 0.01 0.12 -0.26 -0.06
850.0 4.0 81.0 138.0 97.0 0.0 -0.01 -0.01 0.11 -0.18 -0.12
851.0 4.0 79.0 137.0 95.0 0.03 -0.0 -0.01 -0.13 -0.26 -0.05
852.0 4.0 80.0 137.0 89.0 0.03 -0.11 -0.01 0.04 -0.25 0.03
853.0 4.0 83.0 138.0 87.0 0.03 -0.15 -0.0 0.06 -0.21 0.12
854.0 4.0 86.0 136.0 82.0 0.03 -0.15 -0.0 0.17 -0.16 0.1
855.0 1.0 84.0 137.0 82.0 0.01 -0.1 0.01 0.13 -0.15 0.04
856.0 5.0 84.0 136.0 73.0 0.01 -0.08 0.01 0.06 -0.19 -0.06
857.0 5.0 84.0 135.0 78.0 0.01 -0.1 0.02 0.06 -0.23 -0.06
858.0 4.0 84.0 137.0 71.0 0.01 -0.2 0.04 0.05 -0.17 -0.02
859.0 4.0 84.0 137.0 73.0 0.02 -0.24 0.05 0.05 -0.11 0.09
860.0 6.0 86.0 140.0 72.0 0.01 -0.29 0.08 0.03 -0.18 0.12
861.0 9.0 88.0 136.0 72.0 0.01 -0.34 0.09 0.0 -0.2 0.06
862.0 7.0 89.0 137.0 67.0 0.02 -0.37 0.1 0.11 -0.24 0.1
863.0 11.0 92.0 145.0 62.0 0.01 -0.42 0.11 0.01 -0.09 0.17
864.0 11.0 93.0 143.0 66.0 -0.0 -0.46 0.13 -0.06 -0.08 0.13
865.0 14.0 99.0 143.0 58.0 -0.02 -0.48 0.14 -0.07 -0.07 0.02
866.0 13.0 99.0 148.0 59.0 -0.02 -0.49 0.15 0.09 -0.12 0.07
867.0 13.0 103.0 150.0 59.0 -0.07 -0.54 0.17 0.2 -0.07 0.11
868.0 18.0 107.0 168.0 136.0 -0.08 -0.57 0.2 0.12 -0.12 0.15
869.0 20.0 116.0 156.0 154.0 -0.08 -0.68 0.27 0.52 -0.24 0.11
870.0 26.0 134.0 178.0 158.0 -0.09 -0.68 0.33 0.63 -0.54 -0.26
871.0 27.0 140.0 212.0 140.0 -0.07 -0.63 0.37 0.91 -0.33 -0.37
872.0 26.0 144.0 255.0 126.0 -0.05 -0.44 0.41 0.55 -0.31 -0.16
873.0 27.0 152.0 241.0 130.0 -0.05 -0.4 0.46 0.09 0.08 0.7
874.0 30.0 153.0 267.0 111.0 -0.04 -0.45 0.48 0.27 -0.04 0.56
875.0 31.0 171.0 292.0 99.0 0.02 -0.47 0.51 0.98 -0.26 -0.62
876.0 38.0 201.0 343.0 87.0 0.03 -0.46 0.52 0.2 -0.18 -0.3
877.0 35.0 206.0 408.0 76.0 0.03 -0.55 0.56 0.36 -0.05 0.29
878.0 42.0 222.0 446.0 79.0 -0.04 -0.67 0.62 0.55 0.0 0.77
879.0 41.0 235.0 420.0 71.0 -0.17 -0.74 0.67 0.2 0.11 0.95
880.0 49.0 252.0 482.0 67.0 -0.22 -0.84 0.69 -0.13 0.01 0.79
881.0 56.0 262.0 552.0 72.0 -0.27 -1.26 0.72 -0.31 0.18 0.65
882.0 61.0 251.0 523.0 64.0 -0.39 -1.82 0.79 -0.32 0.15 1.09
883.0 61.0 235.0 539.0 91.0 -0.42 -1.9 0.8 -0.22 -0.02 0.9
884.0 55.0 222.0 492.0 169.0 -0.47 -1.67 0.69 -0.44 -0.22 0.1
885.0 56.0 222.0 481.0 147.0 -0.4 -1.19 0.46 -0.6 -0.19 -0.46
886.0 49.0 203.0 477.0 148.0 -0.3 -0.92 0.36 -0.15 -0.03 -1.37
887.0 43.0 198.0 452.0 182.0 -0.15 -0.34 0.17 -1.13 0.4 0.06
888.0 40.0 186.0 439.0 195.0 -0.12 -0.04 0.03 -0.45 0.43 -0.19
889.0 38.0 179.0 409.0 203.0 -0.1 0.13 -0.04 -0.25 0.35 -0.8
890.0 38.0 179.0 401.0 193.0 -0.02 0.4 -0.15 -0.72 0.11 -0.96
891.0 39.0 182.0 412.0 196.0 0.04 0.32 -0.17 -0.77 -0.27 -0.75
892.0 33.0 177.0 397.0 201.0 0.05 0.23 -0.16 -0.55 -0.37 -0.34
893.0 29.0 165.0 375.0 219.0 0.02 0.08 -0.14 0.16 -0.65 0.74
894.0 28.0 154.0 382.0 204.0 -0.01 0.14 -0.13 0.65 -0.68 0.37
895.0 24.0 150.0 375.0 214.0 -0.03 0.2 -0.12 0.71 -0.67 0.25
896.0 22.0 149.0 372.0 227.0 -0.02 0.31 -0.09 0.65 -0.65 -0.47
897.0 21.0 145.0 370.0 231.0 0.04 0.36 -0.07 0.34 -0.54 -0.67
898.0 19.0 134.0 347.0 239.0 0.05 0.36 -0.06 -0.04 -0.44 -0.11
899.0 17.0 130.0 341.0 248.0 0.06 0.33 -0.07 0.14 -0.24 0.59
900.0 15.0 127.0 333.0 273.0 0.07 0.53 -0.14 0.84 -0.1 -0.35
901.0 14.0 126.0 321.0 246.0 0.08 0.77 -0.2 0.89 -0.22 -0.61
902.0 12.0 123.0 312.0 221.0 0.21 1.39 -0.34 0.84 -0.21 -0.88
903.0 11.0 119.0 301.0 214.0 0.36 1.77 -0.47 -1.17 -0.19 -1.11
904.0 9.0 112.0 280.0 229.0 0.42 1.63 -0.5 -0.51 -0.21 -0.83
905.0 8.0 107.0 273.0 214.0 0.46 0.91 -0.57 0.69 -0.29 -0.35
906.0 7.0 110.0 268.0 185.0 0.49 1.16 -0.67 0.62 -0.14 -0.09
907.0 6.0 111.0 257.0 169.0 0.5 1.58 -0.75 0.86 -0.25 0.29
908.0 5.0 108.0 242.0 171.0 0.52 2.17 -0.84 -2.25 -0.35 0.33
909.0 7.0 105.0 235.0 172.0 0.47 1.25 -0.72 -1.92 -0.43 0.15
910.0 7.0 100.0 220.0 162.0 0.44 0.55 -0.63 -1.32 -0.32 -0.04
911.0 5.0 97.0 224.0 151.0 0.41 -0.21 -0.55 -0.17 -0.26 0.03
912.0 5.0 94.0 212.0 141.0 0.41 -0.21 -0.56 1.06 -0.13 0.14
913.0 4.0 93.0 209.0 134.0 0.39 -0.06 -0.55 0.73 -0.16 0.39
914.0 4.0 91.0 202.0 145.0 0.24 0.08 -0.52 -0.41 -0.12 1.46
915.0 6.0 89.0 191.0 147.0 0.05 -0.11 -0.43 0.14 0.05 1.34
916.0 6.0 89.0 177.0 158.0 -0.0 -0.21 -0.36 0.58 0.0 1.01
917.0 7.0 89.0 186.0 140.0 -0.03 -0.31 -0.27 1.43 -0.19 -0.01
918.0 8.0 90.0 186.0 129.0 0.0 -0.21 -0.22 1.55 -0.34 -0.28
919.0 10.0 92.0 207.0 119.0 0.02 -0.15 -0.18 1.25 -0.21 0.22
920.0 11.0 97.0 195.0 110.0 0.03 -0.16 -0.09 0.91 -0.34 0.57
921.0 17.0 96.0 198.0 109.0 0.02 -0.23 0.02 1.03 -0.11 0.45
922.0 18.0 110.0 217.0 95.0 0.01 -0.25 0.08 1.02 -0.01 0.29
923.0 20.0 118.0 251.0 88.0 -0.02 -0.27 0.2 0.67 -0.27 0.1
924.0 24.0 129.0 251.0 88.0 -0.02 -0.3 0.27 0.55 -0.2 0.29
925.0 25.0 140.0 268.0 86.0 -0.05 -0.6 0.44 0.27 -0.23 0.38
926.0 29.0 158.0 283.0 83.0 -0.09 -1.01 0.55 0.12 -0.38 0.43
927.0 37.0 165.0 378.0 82.0 -0.14 -1.16 0.57 0.38 -0.18 0.53
928.0 45.0 194.0 416.0 98.0 -0.19 -1.37 0.64 0.19 -0.28 0.14
929.0 45.0 218.0 436.0 101.0 -0.26 -1.5 0.72 0.88 -0.14 0.41
930.0 47.0 220.0 466.0 134.0 -0.29 -1.48 0.76 0.81 -0.13 0.01
931.0 66.0 257.0 450.0 120.0 -0.3 -1.54 0.9 0.55 -0.31 -0.32
932.0 70.0 262.0 444.0 151.0 -0.28 -1.7 1.06 1.27 -0.03 -0.48
933.0 97.0 270.0 584.0 172.0 -0.27 -1.65 1.07 0.64 -0.06 0.23
934.0 102.0 263.0 565.0 165.0 -0.21 -1.38 1.04 0.36 0.01 0.37
935.0 100.0 261.0 570.0 181.0 -0.19 -1.16 0.94 0.15 0.26 0.02
936.0 97.0 259.0 530.0 204.0 -0.17 -1.07 0.89 0.49 0.38 -0.52
937.0 104.0 264.0 585.0 213.0 -0.1 -0.77 0.82 0.01 0.24 -0.79
938.0 95.0 272.0 550.0 210.0 -0.03 -0.7 0.69 -0.61 0.4 -0.92
939.0 85.0 268.0 548.0 213.0 0.02 -0.58 0.63 -1.46 0.2 -0.14
940.0 82.0 245.0 544.0 216.0 0.11 -0.22 0.4 -1.2 0.24 -0.11
941.0 77.0 235.0 524.0 217.0 0.17 -0.1 0.24 -0.89 0.09 0.51
942.0 67.0 234.0 477.0 231.0 0.15 -0.06 0.17 -0.95 0.07 0.41
943.0 63.0 214.0 455.0 229.0 0.12 -0.08 0.09 -0.77 -0.02 0.17
944.0 64.0 227.0 451.0 219.0 0.09 -0.06 0.04 0.16 -0.24 0.1
945.0 69.0 221.0 393.0 228.0 0.09 -0.04 0.03 -0.53 -0.58 0.83
946.0 58.0 208.0 335.0 247.0 0.05 0.04 0.03 -0.95 -0.66 1.09
947.0 49.0 193.0 300.0 256.0 -0.02 -0.2 0.06 0.33 -0.48 0.25
948.0 42.0 175.0 280.0 253.0 -0.04 -0.13 0.05 0.17 -0.57 -0.05
949.0 37.0 158.0 252.0 256.0 -0.04 0.06 -0.01 0.33 -0.49 -0.42
950.0 34.0 143.0 234.0 255.0 0.01 0.29 -0.08 0.35 -0.23 -0.51
951.0 31.0 138.0 213.0 243.0 0.03 0.42 -0.11 0.54 -0.09 0.28
952.0 28.0 126.0 208.0 244.0 0.1 0.68 -0.11 0.52 -0.05 0.62
953.0 26.0 120.0 194.0 242.0 0.03 0.96 -0.17 -0.19 0.01 1.66
954.0 24.0 112.0 177.0 263.0 0.0 1.02 -0.22 0.16 0.19 1.92
955.0 22.0 105.0 159.0 252.0 -0.15 1.17 -0.33 0.31 0.14 1.65
956.0 20.0 110.0 149.0 236.0 -0.2 1.56 -0.45 0.78 0.16 -0.34
957.0 18.0 104.0 146.0 217.0 -0.19 1.85 -0.54 0.37 -0.03 -1.11
958.0 16.0 103.0 145.0 212.0 -0.06 2.33 -0.71 -0.92 -0.23 -1.22
959.0 14.0 101.0 137.0 226.0 0.07 2.17 -0.82 -1.52 -0.32 -0.24
960.0 12.0 101.0 128.0 209.0 0.05 1.93 -0.84 -0.5 -0.22 1.49
961.0 10.0 101.0 125.0 209.0 -0.09 1.42 -0.83 -0.18 -0.11 1.08
962.0 9.0 103.0 139.0 188.0 -0.17 1.1 -0.7 -0.14 -0.1 0.16
963.0 7.0 104.0 142.0 169.0 -0.22 0.91 -0.65 0.63 -0.7 -1.42
964.0 6.0 105.0 140.0 166.0 -0.13 0.63 -0.54 -0.02 -0.79 -0.61
965.0 6.0 103.0 138.0 172.0 -0.31 0.33 -0.51 0.67 -0.18 1.91
966.0 5.0 103.0 136.0 189.0 -0.37 0.3 -0.5 0.57 -0.32 1.43
967.0 6.0 103.0 150.0 168.0 -0.31 0.52 -0.49 0.42 -0.5 -0.06
968.0 4.0 105.0 153.0 151.0 -0.14 0.52 -0.51 0.22 -0.34 -1.33
969.0 3.0 101.0 156.0 141.0 -0.07 0.18 -0.47 0.23 0.11 -0.1
970.0 3.0 105.0 153.0 158.0 -0.08 -0.04 -0.41 0.44 0.03 0.09
971.0 3.0 106.0 146.0 144.0 -0.09 -0.18 -0.3 0.99 -0.2 0.06
972.0 3.0 104.0 145.0 137.0 -0.08 -0.09 -0.27 0.94 -0.43 -0.31
973.0 3.0 103.0 149.0 123.0 -0.05 0.11 -0.22 0.6 -0.61 -0.52
974.0 3.0 105.0 152.0 116.0 -0.03 0.08 -0.17 0.28 -0.6 -0.05
975.0 2.0 102.0 156.0 130.0 -0.02 -0.01 -0.14 0.53 -0.4 -0.03
976.0 5.0 102.0 173.0 119.0 -0.0 -0.03 -0.11 0.52 -0.55 -0.09
977.0 4.0 107.0 177.0 106.0 0.04 0.06 -0.1 0.29 -0.49 -0.29
978.0 4.0 105.0 175.0 100.0 0.06 0.07 -0.1 0.23 -0.34 -0.24
979.0 3.0 102.0 181.0 98.0 0.08 0.02 -0.07 0.19 -0.17 0.0
980.0 4.0 101.0 176.0 86.0 0.07 -0.03 -0.04 0.35 -0.2 -0.01
981.0 5.0 105.0 181.0 80.0 0.07 -0.02 -0.02 0.37 -0.2 -0.01
982.0 5.0 104.0 187.0 77.0 0.09 0.03 -0.0 0.2 -0.25 -0.05
983.0 6.0 103.0 189.0 71.0 0.1 0.06 0.01 0.08 -0.2 0.11
984.0 5.0 103.0 190.0 90.0 0.1 0.05 0.01 0.04 -0.2 0.07
985.0 5.0 104.0 191.0 87.0 0.1 0.02 0.03 0.0 -0.2 0.04
986.0 6.0 101.0 191.0 81.0 0.1 -0.02 0.04 0.16 -0.2 0.06
987.0 5.0 103.0 194.0 72.0 0.1 -0.05 0.06 0.25 -0.2 0.13
988.0 5.0 101.0 199.0 65.0 0.09 -0.05 0.07 0.22 -0.13 0.22
989.0 4.0 100.0 202.0 83.0 0.07 -0.01 0.07 0.12 -0.16 0.21
990.0 6.0 102.0 198.0 74.0 0.07 0.01 0.08 0.1 -0.16 0.14
991.0 7.0 104.0 210.0 80.0 0.07 0.03 0.06 0.09 -0.21 -0.01
992.0 6.0 101.0 207.0 73.0 0.08 0.06 0.04 0.08 -0.17 0.13
993.0 5.0 102.0 209.0 72.0 0.08 0.08 0.04 0.03 -0.11 0.11
994.0 4.0 98.0 216.0 68.0 0.06 0.08 0.04 -0.03 -0.18 0.14
995.0 4.0 102.0 215.0 75.0 0.05 0.07 0.03 -0.05 -0.16 0.2
996.0 3.0 98.0 221.0 69.0 0.04 0.05 0.02 0.0 -0.17 0.08
997.0 6.0 98.0 217.0 60.0 0.04 0.05 0.01 -0.06 -0.17 0.0
998.0 6.0 96.0 223.0 58.0 0.05 0.02 0.01 0.08 -0.17 0.0
999.0 6.0 100.0 227.0 53.0 0.04 0.01 0.01 0.18 -0.1 0.24
1000.0 5.0 99.0 226.0 51.0 0.04 0.04 0.02 0.21 -0.09 0.23
1001.0 10.0 102.0 219.0 50.0 0.04 0.13 0.0 0.17 -0.1 0.17
1002.0 10.0 101.0 218.0 46.0 0.05 0.2 0.0 -0.1 -0.12 0.03
1003.0 15.0 110.0 223.0 43.0 0.05 0.14 0.02 -0.02 -0.19 0.06
1004.0 17.0 108.0 258.0 43.0 0.02 -0.03 0.05 0.29 -0.13 0.38
1005.0 16.0 109.0 275.0 43.0 0.0 -0.02 0.06 0.27 -0.19 0.52
1006.0 24.0 120.0 260.0 41.0 -0.02 -0.05 0.1 0.27 -0.02 0.5
1007.0 38.0 124.0 257.0 39.0 0.01 -0.07 0.17 0.51 -0.15 0.1
1008.0 41.0 147.0 267.0 39.0 0.02 -0.1 0.19 0.39 -0.25 0.31
1009.0 37.0 160.0 283.0 42.0 0.02 -0.19 0.23 0.43 -0.28 0.83
1010.0 52.0 175.0 314.0 46.0 -0.06 -0.37 0.25 -0.02 -0.3 0.86
1011.0 52.0 189.0 313.0 47.0 -0.07 -0.63 0.26 -0.4 -0.27 0.41
1012.0 67.0 182.0 315.0 61.0 -0.18 -1.26 0.24 -0.46 -0.9 0.17
1013.0 66.0 183.0 365.0 63.0 -0.21 -1.6 0.26 0.23 -0.75 -0.79
1014.0 65.0 185.0 361.0 85.0 -0.14 -1.59 0.27 0.65 -0.77 -1.08
1015.0 73.0 201.0 384.0 95.0 -0.06 -1.23 0.25 0.67 -0.43 -0.99
1016.0 89.0 219.0 410.0 98.0 -0.02 -0.89 0.22 -0.3 -0.25 -0.25
1017.0 89.0 226.0 511.0 110.0 -0.01 -0.78 0.22 -0.34 -0.11 -0.09
1018.0 121.0 219.0 548.0 101.0 -0.01 -0.62 0.19 -0.12 0.23 0.24
1019.0 117.0 235.0 518.0 108.0 -0.01 -0.37 0.14 0.0 0.29 0.21
1020.0 119.0 247.0 606.0 106.0 0.0 -0.28 0.12 -0.09 0.38 0.11
1021.0 102.0 274.0 676.0 190.0 0.03 -0.18 0.07 -0.02 0.43 -0.49
1022.0 117.0 270.0 699.0 183.0 0.12 -0.08 0.04 0.18 0.34 -0.53
1023.0 114.0 272.0 656.0 183.0 0.15 -0.02 0.04 0.11 0.14 -0.6
1024.0 112.0 261.0 601.0 170.0 0.2 0.05 0.08 0.0 0.07 -0.3
1025.0 99.0 247.0 580.0 160.0 0.19 -0.03 0.06 -0.37 -0.4 0.1
1026.0 106.0 240.0 570.0 136.0 0.2 -0.09 0.03 -0.35 -0.28 0.07
1027.0 112.0 242.0 577.0 120.0 0.21 -0.05 -0.0 0.46 -0.4 0.08
1028.0 102.0 230.0 547.0 187.0 0.17 0.07 -0.01 0.49 -0.62 0.81
1029.0 107.0 210.0 506.0 172.0 0.15 0.14 -0.01 0.56 -0.52 0.68
1030.0 86.0 192.0 473.0 144.0 0.12 0.27 -0.03 0.1 -0.34 -0.13
1031.0 76.0 184.0 421.0 128.0 0.1 0.37 -0.04 0.17 -0.36 0.12
1032.0 62.0 169.0 364.0 109.0 0.09 0.41 -0.03 0.29 -0.18 0.06
1033.0 50.0 152.0 318.0 118.0 0.07 0.44 -0.02 0.09 -0.09 -0.22
1034.0 43.0 155.0 291.0 112.0 0.07 0.42 -0.02 0.01 -0.03 -0.44
1035.0 38.0 141.0 264.0 108.0 0.08 0.45 -0.03 0.18 0.0 -0.5
1036.0 31.0 135.0 235.0 95.0 0.12 0.67 0.01 -0.06 -0.04 -0.11
1037.0 27.0 124.0 223.0 84.0 0.05 0.71 0.03 -0.29 -0.24 1.24
1038.0 24.0 119.0 211.0 87.0 0.01 0.63 0.04 -0.4 -0.19 1.32
1039.0 21.0 119.0 193.0 119.0 -0.08 0.45 0.04 -0.09 -0.1 0.78
1040.0 18.0 117.0 184.0 104.0 -0.12 0.46 0.01 0.2 -0.24 0.02
1041.0 16.0 116.0 183.0 89.0 -0.08 0.54 -0.02 0.34 -0.13 -0.39
1042.0 13.0 118.0 188.0 76.0 -0.03 0.65 -0.1 -0.59 -0.18 -0.4
1043.0 13.0 119.0 187.0 68.0 -0.1 0.51 -0.18 -1.24 -0.09 1.13
1044.0 11.0 114.0 183.0 70.0 -0.14 0.39 -0.19 -0.4 0.13 1.82
1045.0 10.0 118.0 174.0 65.0 -0.17 0.29 -0.18 0.02 0.28 0.44
1046.0 8.0 117.0 184.0 61.0 -0.1 0.4 -0.24 0.8 -0.06 -1.36
1047.0 8.0 115.0 185.0 55.0 -0.02 0.52 -0.26 0.69 -0.15 -1.58
1048.0 6.0 113.0 193.0 52.0 -0.08 0.58 -0.33 -1.28 -0.16 1.29
1049.0 5.0 117.0 192.0 48.0 -0.17 0.4 -0.33 -0.49 0.01 1.61
1050.0 5.0 118.0 194.0 50.0 -0.21 0.29 -0.3 -0.54 0.01 1.11
1051.0 4.0 122.0 184.0 52.0 -0.19 0.04 -0.25 0.31 -0.27 -0.38
1052.0 4.0 120.0 193.0 48.0 -0.12 0.06 -0.25 0.68 -0.51 -1.23
1053.0 6.0 121.0 194.0 45.0 -0.08 0.08 -0.24 0.32 -0.42 -0.69
1054.0 7.0 123.0 202.0 43.0 -0.08 0.11 -0.24 0.37 -0.49 0.15
1055.0 6.0 122.0 199.0 42.0 -0.08 0.15 -0.19 0.22 -0.53 0.15
1056.0 5.0 129.0 197.0 40.0 -0.09 0.12 -0.17 0.27 -0.56 -0.02
1057.0 5.0 127.0 193.0 38.0 -0.02 0.03 -0.13 0.54 -0.58 -0.51
1058.0 6.0 124.0 188.0 38.0 0.03 -0.0 -0.08 0.51 -0.58 -0.54
1059.0 6.0 130.0 194.0 37.0 0.05 -0.01 -0.06 0.53 -0.55 -0.49
1060.0 11.0 133.0 199.0 36.0 0.04 0.04 -0.03 0.4 -0.31 0.3
1061.0 12.0 134.0 198.0 35.0 0.02 0.07 0.02 0.32 -0.29 0.19
1062.0 13.0 135.0 197.0 35.0 0.03 0.03 0.04 0.24 -0.29 0.02
1063.0 13.0 131.0 192.0 35.0 0.06 -0.04 0.08 0.39 -0.2 -0.11
1064.0 19.0 126.0 195.0 36.0 0.09 -0.01 0.09 0.23 -0.18 -0.09
1065.0 22.0 134.0 192.0 35.0 0.11 0.01 0.09 0.16 -0.17 -0.01
1066.0 21.0 137.0 191.0 40.0 0.11 -0.01 0.09 0.1 -0.25 0.13
1067.0 21.0 134.0 196.0 39.0 0.11 -0.0 0.09 0.07 -0.26 0.18
1068.0 24.0 138.0 202.0 48.0 0.13 -0.0 0.09 0.15 -0.22 0.11
1069.0 22.0 136.0 211.0 45.0 0.15 -0.05 0.11 0.0 -0.32 -0.02
1070.0 26.0 141.0 218.0 43.0 0.14 -0.13 0.12 -0.07 -0.26 0.46
1071.0 35.0 157.0 274.0 41.0 0.13 -0.16 0.13 0.0 -0.21 0.68
1072.0 54.0 175.0 398.0 52.0 0.09 -0.21 0.15 0.02 -0.09 0.76
1073.0 62.0 170.0 414.0 60.0 -0.02 -0.33 0.11 0.14 -0.07 0.78
1074.0 65.0 167.0 454.0 61.0 -0.04 -0.39 0.08 -0.15 -0.31 0.6
1075.0 79.0 172.0 465.0 60.0 -0.04 -0.52 0.09 0.16 -0.56 -0.37
1076.0 93.0 196.0 532.0 81.0 0.13 -0.47 0.15 1.02 -0.26 -1.47
1077.0 92.0 223.0 588.0 88.0 0.12 -0.37 0.15 0.62 -0.26 -0.87
1078.0 99.0 243.0 711.0 88.0 0.2 -0.37 0.16 -0.22 -0.37 -0.32
1079.0 119.0 259.0 657.0 101.0 0.15 -0.51 0.15 -0.48 -0.34 -0.33
1080.0 114.0 263.0 646.0 100.0 0.14 -0.55 0.13 -0.46 -0.29 -0.47
1081.0 117.0 242.0 616.0 101.0 0.21 -0.57 0.08 -0.4 -0.12 -0.33
1082.0 127.0 257.0 632.0 94.0 0.28 -0.61 0.09 -0.04 -0.1 -0.08
1083.0 128.0 265.0 624.0 100.0 0.3 -0.59 0.1 0.04 -0.22 -0.11
1084.0 127.0 265.0 588.0 106.0 0.32 -0.5 0.07 -0.31 -0.33 -0.17
1085.0 111.0 255.0 540.0 104.0 0.39 -0.35 0.02 0.44 -0.05 -0.35
1086.0 103.0 240.0 577.0 99.0 0.39 -0.19 -0.01 0.49 0.06 -0.1
1087.0 94.0 247.0 531.0 91.0 0.37 0.09 -0.01 0.58 0.13 -0.07
1088.0 90.0 231.0 489.0 79.0 0.29 0.15 0.04 0.07 -0.13 0.81
1089.0 83.0 210.0 481.0 81.0 0.26 0.1 0.09 0.43 -0.06 0.48
1090.0 67.0 190.0 419.0 71.0 0.22 0.08 0.13 0.12 -0.19 0.16
1091.0 58.0 178.0 381.0 63.0 0.21 0.07 0.13 0.02 -0.2 0.22
1092.0 48.0 164.0 342.0 59.0 0.19 0.1 0.13 0.0 -0.16 0.4
1093.0 42.0 151.0 299.0 54.0 0.16 0.17 0.11 0.15 0.01 0.5
1094.0 36.0 141.0 269.0 60.0 0.12 0.32 0.09 0.03 0.19 0.45
1095.0 30.0 131.0 249.0 73.0 0.14 0.39 0.1 -0.02 0.24 0.47
1096.0 26.0 124.0 231.0 66.0 0.07 0.41 0.11 -0.34 0.26 0.48
1097.0 23.0 115.0 224.0 59.0 -0.05 0.33 0.14 -0.77 0.05 1.1
1098.0 20.0 112.0 199.0 60.0 -0.09 0.24 0.14 -0.62 0.04 1.43
1099.0 17.0 110.0 183.0 56.0 -0.17 0.18 0.1 0.02 0.05 1.09
1100.0 15.0 110.0 162.0 62.0 -0.15 0.38 0.0 0.61 0.16 -0.05
1101.0 14.0 108.0 157.0 61.0 -0.12 0.59 -0.05 0.66 0.13 -0.56
1102.0 12.0 106.0 165.0 56.0 0.01 1.0 -0.15 0.0 -0.06 -1.23
1103.0 11.0 105.0 155.0 51.0 -0.05 1.04 -0.23 -0.93 -0.15 1.48
1104.0 9.0 104.0 145.0 51.0 -0.13 0.92 -0.24 -1.02 -0.12 1.89
1105.0 9.0 101.0 142.0 51.0 -0.21 0.57 -0.18 -0.28 0.01 0.75
1106.0 7.0 102.0 142.0 48.0 -0.21 0.45 -0.16 0.65 -0.43 -1.34
1107.0 6.0 101.0 143.0 45.0 -0.1 0.46 -0.17 0.77 -0.42 -1.66
1108.0 5.0 101.0 145.0 42.0 -0.17 0.63 -0.26 -0.47 -0.38 1.23
1109.0 5.0 103.0 147.0 40.0 -0.21 0.67 -0.31 -0.49 -0.05 1.58
1110.0 4.0 108.0 148.0 50.0 -0.23 0.69 -0.33 -0.68 -0.14 1.13
1111.0 3.0 112.0 145.0 52.0 -0.16 0.44 -0.33 0.11 -0.46 -0.9
1112.0 4.0 110.0 139.0 47.0 -0.08 0.39 -0.34 0.72 -0.63 -1.87
1113.0 3.0 112.0 154.0 45.0 0.08 0.42 -0.34 0.68 -0.45 -1.2
1114.0 3.0 110.0 168.0 42.0 -0.01 0.42 -0.35 -0.38 -0.4 1.16
1115.0 3.0 113.0 168.0 40.0 -0.12 0.47 -0.39 -0.77 -0.05 2.09
1116.0 3.0 116.0 163.0 39.0 -0.28 0.53 -0.38 -0.23 0.01 1.17
1117.0 2.0 119.0 159.0 37.0 -0.22 0.33 -0.27 0.31 -0.19 -0.51
1118.0 2.0 120.0 160.0 37.0 -0.15 0.28 -0.27 0.63 -0.41 -1.13
1119.0 2.0 120.0 176.0 36.0 -0.03 0.33 -0.33 0.62 -0.38 -1.01
1120.0 2.0 118.0 180.0 35.0 -0.01 0.3 -0.31 -0.04 -0.05 0.4
1121.0 2.0 120.0 177.0 46.0 -0.05 0.23 -0.28 -0.26 -0.26 0.5
1122.0 2.0 123.0 169.0 43.0 -0.09 0.02 -0.16 0.51 -0.32 -0.24
1123.0 2.0 124.0 160.0 41.0 -0.05 -0.04 -0.09 0.63 -0.54 -0.71
1124.0 3.0 123.0 173.0 39.0 -0.03 -0.02 -0.08 0.76 -0.48 -0.17
1125.0 2.0 120.0 177.0 38.0 0.01 0.05 -0.05 0.54 -0.49 0.11
1126.0 2.0 121.0 173.0 37.0 0.01 0.06 -0.01 0.31 -0.47 0.22
1127.0 2.0 121.0 162.0 37.0 0.01 0.02 0.03 0.37 -0.6 -0.14
1128.0 2.0 117.0 162.0 36.0 0.03 -0.01 0.06 0.34 -0.6 -0.18
1129.0 2.0 117.0 161.0 35.0 0.04 -0.0 0.08 0.21 -0.4 0.06
1130.0 2.0 114.0 165.0 36.0 0.05 -0.01 0.09 0.22 -0.27 0.21
1131.0 2.0 111.0 163.0 36.0 0.04 -0.01 0.11 0.16 -0.21 0.25
1132.0 2.0 108.0 165.0 35.0 0.04 0.04 0.11 -0.01 -0.23 0.01
1133.0 2.0 109.0 165.0 35.0 0.05 0.05 0.1 -0.24 -0.12 0.1
1134.0 2.0 105.0 166.0 35.0 0.05 -0.01 0.1 -0.12 -0.05 0.22
1135.0 2.0 103.0 169.0 35.0 0.03 -0.05 0.1 -0.27 -0.01 0.19
1136.0 2.0 101.0 166.0 47.0 0.01 -0.06 0.1 -0.25 -0.08 0.06
1137.0 2.0 98.0 169.0 43.0 -0.02 -0.09 0.07 -0.25 -0.11 -0.06
1138.0 2.0 98.0 171.0 42.0 -0.03 -0.11 0.05 -0.23 -0.11 0.09
1139.0 2.0 97.0 168.0 40.0 -0.04 -0.14 0.04 -0.25 0.01 0.24
1140.0 2.0 94.0 166.0 40.0 -0.04 -0.13 0.02 -0.18 -0.06 0.22
1141.0 2.0 91.0 171.0 39.0 -0.02 -0.04 -0.01 -0.03 -0.17 0.07
1142.0 2.0 89.0 175.0 38.0 -0.02 -0.0 -0.03 -0.07 -0.14 -0.03
1143.0 4.0 87.0 174.0 37.0 -0.01 0.01 -0.04 0.0 -0.15 0.03
1144.0 4.0 85.0 174.0 35.0 -0.01 -0.01 -0.05 0.15 -0.2 0.03
1145.0 3.0 84.0 173.0 36.0 -0.0 -0.01 -0.05 0.16 -0.15 0.08
1146.0 5.0 86.0 178.0 35.0 -0.0 0.03 -0.05 0.19 -0.15 0.09
1147.0 6.0 91.0 172.0 35.0 0.0 0.1 -0.06 0.21 -0.23 0.0
1148.0 5.0 93.0 177.0 37.0 0.01 0.14 -0.07 0.08 -0.24 -0.05
1149.0 7.0 92.0 175.0 36.0 0.03 0.18 -0.07 0.04 -0.28 -0.09
1150.0 6.0 91.0 179.0 38.0 0.05 0.13 -0.05 0.1 -0.21 -0.13
1151.0 8.0 103.0 178.0 35.0 0.06 0.11 -0.04 0.21 -0.21 0.08
1152.0 8.0 104.0 175.0 34.0 0.07 0.12 -0.02 0.29 -0.15 0.12
1153.0 8.0 114.0 185.0 34.0 0.06 0.22 -0.03 0.33 -0.21 0.05
1154.0 9.0 134.0 190.0 34.0 0.06 0.27 -0.03 0.21 -0.17 0.09
1155.0 12.0 134.0 187.0 39.0 0.07 0.38 -0.07 0.19 -0.23 0.05
1156.0 16.0 186.0 209.0 38.0 0.1 0.41 -0.06 0.24 -0.17 0.02
1157.0 18.0 237.0 243.0 37.0 0.1 0.44 -0.06 0.31 -0.12 0.03
1158.0 20.0 298.0 226.0 36.0 0.11 0.52 -0.06 0.67 -0.22 0.11
1159.0 20.0 318.0 217.0 36.0 0.12 0.72 -0.08 1.22 -0.09 0.16
1160.0 20.0 319.0 214.0 40.0 0.12 0.92 -0.09 1.57 -0.13 -0.03
1161.0 21.0 313.0 212.0 39.0 0.17 1.43 -0.14 1.35 -0.24 -0.2
1162.0 22.0 291.0 208.0 39.0 0.23 1.82 -0.17 0.67 -0.49 -0.84
1163.0 25.0 317.0 225.0 38.0 0.25 1.92 -0.18 -0.07 -0.46 -0.37
1164.0 26.0 325.0 225.0 37.0 0.22 1.8 -0.13 -0.78 -0.18 -0.01
1165.0 24.0 341.0 226.0 44.0 0.12 1.2 0.02 -0.21 0.03 0.31
1166.0 37.0 393.0 250.0 48.0 0.08 0.96 0.08 0.43 -0.22 -0.03
1167.0 45.0 473.0 251.0 48.0 0.04 0.89 0.13 0.63 -0.34 -0.63
1168.0 56.0 475.0 246.0 47.0 0.04 1.3 0.09 0.72 -0.05 0.38
1169.0 58.0 455.0 245.0 61.0 0.04 1.55 0.07 -0.35 -0.25 0.28
1170.0 56.0 464.0 245.0 72.0 0.04 1.56 0.07 -0.8 -0.31 -0.08
1171.0 61.0 467.0 235.0 82.0 0.1 1.11 0.08 -1.39 -0.23 -1.18
1172.0 57.0 507.0 246.0 103.0 0.16 0.81 0.08 -0.59 -0.46 -1.52
1173.0 61.0 576.0 252.0 90.0 0.29 0.26 0.15 1.14 -0.26 -0.4
1174.0 80.0 608.0 257.0 91.0 0.29 0.45 0.21 1.48 -0.42 0.37
1175.0 72.0 540.0 237.0 159.0 0.26 0.73 0.24 0.56 -0.6 -0.1
1176.0 69.0 555.0 233.0 188.0 0.22 1.24 0.26 -0.98 -0.67 -0.6
1177.0 68.0 559.0 226.0 171.0 0.35 1.0 0.3 -1.05 -0.5 -1.4
1178.0 67.0 528.0 234.0 148.0 0.46 0.79 0.31 -0.17 0.33 -0.25
1179.0 62.0 499.0 233.0 153.0 0.57 0.82 0.24 -0.1 0.47 -0.05
1180.0 59.0 454.0 237.0 235.0 0.52 1.08 0.15 -1.2 0.55 0.47
1181.0 57.0 447.0 220.0 242.0 0.45 1.06 0.11 -2.87 0.68 0.09
1182.0 57.0 442.0 287.0 266.0 0.4 0.66 0.1 -2.64 0.7 0.18
1183.0 63.0 515.0 284.0 255.0 0.31 -0.08 0.09 -1.81 0.86 0.11
1184.0 64.0 497.0 255.0 253.0 0.23 -0.31 0.1 -0.37 0.71 0.32
1185.0 56.0 443.0 241.0 269.0 0.06 -0.16 -0.0 -0.05 0.46 0.05
1186.0 55.0 475.0 290.0 339.0 0.03 0.21 -0.13 -0.81 -0.09 -0.19
1187.0 56.0 453.0 277.0 320.0 0.1 0.35 -0.19 -1.77 -0.2 -0.26
1188.0 55.0 451.0 266.0 351.0 0.2 0.13 -0.21 -1.48 -0.09 0.46
1189.0 52.0 463.0 256.0 309.0 0.2 -0.15 -0.2 0.0 0.07 1.18
1190.0 64.0 453.0 279.0 373.0 0.16 -0.11 -0.2 0.01 0.1 1.21
1191.0 55.0 411.0 265.0 350.0 0.08 -0.04 -0.2 0.3 0.11 0.77
1192.0 45.0 371.0 265.0 369.0 -0.03 -0.02 -0.17 0.46 -0.02 0.68
1193.0 36.0 369.0 268.0 394.0 -0.09 0.0 -0.15 0.19 -0.09 0.64
1194.0 45.0 367.0 266.0 403.0 -0.17 -0.11 -0.06 0.14 -0.3 0.12
1195.0 36.0 367.0 264.0 413.0 -0.16 -0.3 0.02 0.34 -0.54 0.13
1196.0 29.0 312.0 260.0 431.0 -0.13 -0.33 0.05 0.62 -0.59 0.22
1197.0 25.0 278.0 257.0 443.0 -0.09 -0.21 0.05 0.49 -0.37 0.1
1198.0 20.0 240.0 262.0 457.0 -0.07 -0.03 0.05 -0.36 -0.12 0.23
1199.0 16.0 205.0 262.0 514.0 -0.07 -0.02 0.05 -0.61 -0.04 0.39
1200.0 13.0 185.0 261.0 537.0 -0.11 -0.09 0.05 -0.89 0.07 0.45
1201.0 11.0 166.0 253.0 564.0 -0.14 -0.22 0.05 -1.24 0.07 0.49
1202.0 9.0 151.0 246.0 584.0 -0.16 -0.33 0.04 -1.37 0.07 0.38
1203.0 8.0 144.0 240.0 577.0 -0.21 -0.65 0.02 -0.84 0.07 -0.06
1204.0 7.0 132.0 238.0 671.0 -0.2 -0.86 -0.0 -1.12 -0.03 -0.34
1205.0 5.0 125.0 241.0 720.0 -0.2 -1.03 0.01 -1.02 -0.07 -0.58
1206.0 5.0 116.0 232.0 760.0 -0.25 -1.32 -0.0 -1.11 -0.2 -0.55
1207.0 4.0 114.0 220.0 799.0 -0.31 -1.76 0.05 -0.31 -0.25 -0.36
1208.0 4.0 108.0 209.0 850.0 -0.34 -1.9 0.09 0.43 -0.25 -0.32
1209.0 4.0 103.0 202.0 876.0 -0.4 -1.82 0.11 0.33 -0.41 -0.13
1210.0 3.0 101.0 201.0 936.0 -0.37 -1.52 0.08 0.97 -0.33 -0.29
1211.0 4.0 103.0 188.0 967.0 -0.32 -1.26 0.05 1.01 -0.2 -0.3
1212.0 4.0 102.0 186.0 968.0 -0.2 -0.78 0.0 0.82 -0.14 -0.18
1213.0 3.0 98.0 176.0 968.0 -0.12 -0.41 -0.04 0.79 -0.18 -0.4
1214.0 4.0 114.0 168.0 968.0 -0.1 -0.27 -0.07 0.74 -0.21 -0.18
1215.0 3.0 112.0 163.0 968.0 -0.05 0.14 -0.15 0.89 -0.21 -0.19
1216.0 3.0 109.0 165.0 968.0 0.02 0.51 -0.18 0.27 -0.17 -0.15
1217.0 7.0 111.0 161.0 967.0 0.05 0.53 -0.16 -0.59 -0.27 -0.11
1218.0 6.0 119.0 151.0 968.0 0.05 0.18 -0.09 -0.55 -0.37 0.01
1219.0 6.0 121.0 146.0 968.0 0.02 -0.14 -0.04 0.34 -0.25 -0.02
1220.0 8.0 153.0 144.0 968.0 0.01 -0.17 -0.02 0.6 -0.3 -0.13
1221.0 10.0 171.0 152.0 968.0 0.02 -0.03 0.0 0.59 -0.33 -0.11
1222.0 12.0 191.0 151.0 968.0 0.03 0.14 -0.01 0.32 -0.43 -0.01
1223.0 17.0 192.0 165.0 967.0 0.04 0.19 -0.02 0.14 -0.34 0.12
1224.0 24.0 226.0 191.0 967.0 0.04 0.18 -0.02 0.31 -0.21 0.39
1225.0 28.0 242.0 188.0 968.0 0.09 0.18 -0.01 0.22 -0.11 0.37
1226.0 46.0 273.0 190.0 968.0 0.09 0.18 -0.01 0.14 -0.04 0.62
1227.0 50.0 278.0 187.0 967.0 0.09 0.18 -0.0 0.2 0.18 0.75
1228.0 50.0 261.0 211.0 967.0 -0.03 -0.03 0.0 -0.22 -0.39 -0.11
1229.0 59.0 255.0 220.0 968.0 -0.06 -0.2 0.01 -0.28 -0.35 -0.45
1230.0 57.0 299.0 219.0 968.0 -0.03 -0.28 0.03 -0.05 -0.44 -0.03
1231.0 65.0 305.0 266.0 967.0 -0.03 -0.3 0.06 -0.64 -0.25 0.86
1232.0 65.0 349.0 253.0 968.0 -0.14 -0.73 0.11 -0.47 -0.26 0.67
1233.0 68.0 375.0 251.0 919.0 -0.3 -1.14 0.12 -0.4 -0.66 -0.28
1234.0 59.0 431.0 261.0 865.0 -0.35 -1.33 0.12 0.39 -0.75 -1.37
1235.0 52.0 426.0 265.0 849.0 -0.21 -1.31 0.07 0.86 -0.54 -2.04
1236.0 51.0 445.0 265.0 809.0 0.16 -0.6 0.1 0.81 0.0 -1.81
1237.0 56.0 468.0 285.0 758.0 0.26 -0.23 0.09 0.23 -0.14 -0.01
1238.0 62.0 461.0 270.0 640.0 0.28 0.39 0.01 -0.35 -0.21 1.12
1239.0 71.0 496.0 282.0 602.0 0.23 0.71 -0.07 -0.83 -0.14 0.67
1240.0 72.0 480.0 277.0 583.0 0.21 0.7 -0.11 0.38 0.18 -0.58
1241.0 70.0 517.0 277.0 522.0 0.27 0.76 -0.17 0.73 0.19 -0.54
1242.0 62.0 563.0 273.0 439.0 0.34 1.1 -0.2 -0.61 0.25 0.54
1243.0 70.0 499.0 279.0 361.0 0.31 1.11 -0.2 -0.58 0.43 0.65
1244.0 67.0 564.0 287.0 382.0 0.23 0.76 -0.15 -0.09 0.38 0.54
1245.0 78.0 608.0 349.0 341.0 0.15 0.46 -0.1 0.68 0.23 -0.13
1246.0 76.0 576.0 326.0 323.0 0.15 0.41 -0.06 0.27 0.09 -0.38
1247.0 88.0 609.0 373.0 266.0 0.18 0.49 -0.01 -0.19 -0.07 0.15
1248.0 83.0 618.0 431.0 237.0 0.21 0.38 0.01 -0.15 -0.23 0.44
1249.0 99.0 744.0 392.0 253.0 0.21 0.3 0.02 -0.01 -0.26 0.59
1250.0 110.0 704.0 449.0 291.0 0.17 0.1 0.05 -0.12 -0.14 0.56
1251.0 109.0 668.0 449.0 339.0 0.11 -0.13 0.09 0.02 -0.05 0.51
1252.0 114.0 636.0 414.0 332.0 0.07 -0.22 0.12 0.22 0.07 0.12
1253.0 124.0 665.0 495.0 302.0 0.05 -0.32 0.16 0.48 0.07 0.0
1254.0 124.0 683.0 479.0 302.0 0.05 -0.11 0.17 0.01 -0.27 0.18
1255.0 117.0 730.0 443.0 313.0 0.05 -0.11 0.17 -0.31 -0.25 0.0
1256.0 103.0 732.0 417.0 366.0 0.04 -0.15 0.12 -0.56 -0.25 -0.21
1257.0 93.0 712.0 426.0 349.0 0.08 -0.17 0.11 -0.14 -0.21 -0.47
1258.0 88.0 656.0 421.0 301.0 0.12 -0.07 0.1 -0.22 -0.31 -0.39
1259.0 74.0 694.0 372.0 265.0 0.16 0.18 0.06 -0.47 -0.34 -0.18
1260.0 65.0 616.0 346.0 339.0 0.16 0.23 0.02 -1.08 -0.26 0.24
1261.0 56.0 568.0 367.0 307.0 0.14 0.17 0.0 -1.44 0.0 0.35
1262.0 46.0 544.0 346.0 301.0 0.08 -0.02 -0.03 -1.12 0.15 0.32
1263.0 41.0 518.0 337.0 257.0 0.01 -0.04 -0.06 -0.3 0.26 0.44
1264.0 34.0 467.0 333.0 251.0 -0.02 0.02 -0.06 -0.21 0.29 0.41
1265.0 29.0 427.0 321.0 228.0 -0.03 0.09 -0.06 -0.26 0.21 0.44
1266.0 25.0 434.0 307.0 228.0 -0.06 0.08 -0.08 0.2 0.18 0.11
1267.0 20.0 372.0 297.0 204.0 -0.04 0.09 -0.08 0.18 0.21 0.0
1268.0 16.0 311.0 294.0 184.0 -0.03 0.09 -0.04 0.0 0.24 0.15
1269.0 13.0 274.0 283.0 175.0 -0.06 0.02 0.01 -0.41 0.17 0.31
1270.0 11.0 238.0 271.0 173.0 -0.08 -0.03 0.03 -0.7 -0.02 0.83
1271.0 10.0 224.0 265.0 175.0 -0.13 -0.09 0.06 -0.66 -0.16 0.89
1272.0 8.0 205.0 261.0 172.0 -0.17 -0.2 0.08 0.0 -0.16 -0.01
1273.0 3.0 192.0 251.0 182.0 -0.17 -0.23 0.09 -0.02 -0.33 -0.35
1274.0 6.0 168.0 237.0 173.0 -0.14 -0.34 0.11 -0.32 -0.42 -0.55
1275.0 5.0 156.0 224.0 152.0 -0.08 -0.58 0.11 -0.62 -0.65 -0.7
1276.0 5.0 141.0 215.0 135.0 -0.09 -0.74 0.12 -0.52 -0.66 -0.44
1277.0 4.0 140.0 195.0 118.0 -0.14 -0.94 0.09 0.18 -0.78 -0.27
1278.0 3.0 139.0 188.0 103.0 -0.3 -0.87 0.06 0.21 -0.62 1.04
1279.0 3.0 135.0 188.0 96.0 -0.32 -0.72 0.04 0.68 -0.27 0.43
1280.0 3.0 132.0 168.0 84.0 -0.27 -0.48 0.08 0.6 -0.21 0.33
1281.0 2.0 136.0 154.0 82.0 -0.27 -0.28 0.0 0.06 0.03 0.76
1282.0 3.0 140.0 145.0 79.0 -0.25 -0.15 -0.05 0.57 0.2 0.04
1283.0 3.0 136.0 135.0 70.0 -0.14 0.14 -0.1 0.49 0.09 -0.42
1284.0 2.0 137.0 135.0 66.0 -0.05 0.13 -0.11 0.07 -0.15 -0.76
1285.0 1.0 145.0 136.0 58.0 -0.0 0.04 -0.1 0.04 -0.06 -0.35
1286.0 3.0 146.0 130.0 63.0 0.01 -0.12 -0.07 0.08 -0.12 -0.09
1287.0 3.0 143.0 124.0 67.0 -0.0 -0.12 -0.04 0.25 -0.27 0.04
1288.0 3.0 139.0 126.0 63.0 -0.01 -0.07 -0.04 0.18 -0.48 -0.02
1289.0 2.0 140.0 119.0 62.0 -0.01 0.02 -0.03 0.2 -0.49 -0.03
1290.0 2.0 143.0 130.0 59.0 0.01 0.01 -0.02 0.08 -0.46 0.03
1291.0 3.0 137.0 134.0 57.0 0.02 -0.02 -0.01 0.18 -0.51 0.04
1292.0 2.0 141.0 126.0 57.0 0.04 -0.07 0.0 0.25 -0.41 0.07
1293.0 2.0 143.0 126.0 58.0 0.06 0.0 0.0 0.41 -0.26 0.16
1294.0 2.0 141.0 123.0 70.0 0.07 0.06 -0.0 0.18 -0.35 0.02
1295.0 3.0 134.0 122.0 62.0 0.09 0.13 -0.0 0.12 -0.35 -0.12
1296.0 4.0 135.0 131.0 57.0 0.12 0.16 -0.01 0.02 -0.26 -0.08
1297.0 4.0 137.0 134.0 60.0 0.12 0.17 -0.01 -0.18 -0.14 0.06
1298.0 4.0 153.0 130.0 61.0 0.1 0.13 -0.0 -0.2 -0.08 0.18
1299.0 5.0 156.0 132.0 57.0 0.08 0.07 0.03 0.01 -0.05 0.14
1300.0 7.0 161.0 132.0 65.0 0.07 0.07 0.03 0.09 -0.12 0.15
1301.0 6.0 161.0 138.0 61.0 0.06 0.13 -0.0 0.19 -0.1 0.15
1302.0 9.0 189.0 150.0 60.0 0.05 0.2 -0.02 0.03 -0.07 0.21
1303.0 21.0 207.0 180.0 61.0 0.05 0.18 -0.01 -0.34 0.0 0.36
1304.0 32.0 292.0 192.0 58.0 0.02 0.09 -0.01 -0.11 -0.03 0.47
1305.0 48.0 301.0 211.0 60.0 -0.04 0.08 -0.03 0.37 0.26 1.28
1306.0 71.0 317.0 260.0 101.0 -0.07 0.19 -0.06 0.84 0.58 1.03
1307.0 65.0 338.0 302.0 98.0 -0.17 0.38 -0.08 0.5 -0.06 0.79
1308.0 81.0 345.0 289.0 100.0 -0.22 0.61 -0.14 -0.44 -0.02 0.44
1309.0 71.0 343.0 296.0 126.0 -0.21 0.47 -0.13 -0.56 -0.06 1.45
1310.0 65.0 338.0 286.0 119.0 -0.25 0.1 -0.18 -0.61 -0.07 1.54
1311.0 64.0 369.0 289.0 112.0 -0.32 0.07 -0.22 -0.01 -0.94 0.01
1312.0 58.0 434.0 303.0 218.0 -0.31 0.11 -0.17 0.64 -0.29 -0.18
1313.0 51.0 428.0 306.0 183.0 -0.34 -0.02 -0.03 0.7 -0.38 -0.1
1314.0 53.0 447.0 282.0 171.0 -0.29 -0.12 0.11 1.36 -0.76 -2.8
1315.0 56.0 425.0 322.0 163.0 -0.19 -0.02 0.17 0.93 -0.62 -2.32
1316.0 67.0 435.0 355.0 147.0 -0.06 0.02 0.22 -0.38 -0.52 -0.6
1317.0 64.0 455.0 336.0 315.0 0.03 -0.05 0.22 -0.49 -0.46 -0.49
1318.0 73.0 420.0 351.0 271.0 0.07 -0.03 0.18 -0.48 -0.43 -0.34
1319.0 75.0 410.0 331.0 218.0 0.21 0.15 0.1 0.81 -0.12 -1.94
1320.0 79.0 422.0 411.0 190.0 0.31 0.41 0.07 -0.28 -0.03 -0.38
1321.0 76.0 380.0 432.0 242.0 0.42 0.84 -0.03 -0.84 0.23 0.17
1322.0 102.0 359.0 523.0 235.0 0.41 0.85 -0.08 -0.46 0.46 0.5
1323.0 108.0 355.0 628.0 204.0 0.36 1.05 -0.14 0.2 0.56 -0.3
1324.0 113.0 424.0 599.0 201.0 0.35 1.22 -0.15 0.25 0.26 0.27
1325.0 106.0 445.0 570.0 241.0 0.31 1.46 -0.19 0.01 -0.26 1.1
1326.0 143.0 492.0 575.0 328.0 0.29 1.29 -0.2 -0.55 -0.21 0.25
1327.0 135.0 581.0 581.0 324.0 0.26 1.13 -0.19 -0.8 -0.17 0.28
1328.0 134.0 558.0 551.0 275.0 0.22 0.78 -0.12 -0.62 0.64 0.12
1329.0 125.0 542.0 516.0 305.0 0.09 0.4 -0.03 -0.47 0.63 0.84
1330.0 110.0 512.0 479.0 309.0 0.01 0.22 -0.0 -0.44 0.68 0.74
1331.0 115.0 518.0 450.0 457.0 -0.05 -0.08 0.0 -0.78 0.16 -0.27
1332.0 108.0 466.0 460.0 387.0 0.06 -0.15 -0.01 -0.29 -0.3 -0.29
1333.0 114.0 513.0 474.0 328.0 0.09 -0.07 -0.03 -0.72 -0.28 -0.04
1334.0 128.0 505.0 451.0 299.0 0.09 -0.03 -0.09 -0.74 -0.44 0.86
1335.0 110.0 492.0 419.0 269.0 0.05 -0.01 -0.1 -0.17 -0.09 0.41
1336.0 95.0 465.0 397.0 285.0 0.02 0.0 -0.09 -0.05 -0.06 0.14
1337.0 81.0 440.0 382.0 245.0 -0.03 0.01 -0.05 0.11 -0.1 -0.14
1338.0 76.0 423.0 359.0 213.0 -0.05 0.0 -0.02 0.12 -0.2 -0.29
1339.0 61.0 364.0 325.0 192.0 -0.04 -0.0 -0.0 0.12 -0.25 -0.32
1340.0 51.0 346.0 329.0 184.0 -0.02 0.02 0.02 0.35 -0.2 -0.48
1341.0 43.0 328.0 300.0 160.0 0.02 0.07 0.06 -0.01 -0.25 -0.42
1342.0 37.0 295.0 294.0 135.0 0.04 0.03 0.08 -0.06 -0.15 -0.18
1343.0 30.0 260.0 277.0 116.0 0.05 -0.07 0.13 -0.2 -0.04 -0.19
1344.0 26.0 231.0 265.0 102.0 0.05 -0.11 0.15 -0.51 -0.12 0.23
1345.0 21.0 212.0 262.0 87.0 0.06 -0.11 0.14 -0.85 -0.09 0.31
1346.0 21.0 193.0 249.0 76.0 0.08 -0.15 0.11 -1.15 -0.19 0.51
1347.0 16.0 174.0 243.0 69.0 0.08 -0.17 0.08 -1.29 -0.21 0.64
1348.0 13.0 154.0 232.0 63.0 0.03 -0.35 0.02 -0.97 -0.2 0.56
1349.0 11.0 139.0 219.0 58.0 -0.01 -0.48 -0.01 -1.15 -0.12 -0.04
1350.0 11.0 131.0 216.0 55.0 -0.03 -0.63 -0.02 -1.21 -0.1 -0.19
1351.0 9.0 119.0 192.0 51.0 -0.05 -1.06 -0.02 -0.72 -0.2 -0.3
1352.0 9.0 115.0 176.0 47.0 -0.17 -1.49 0.06 0.16 -0.23 0.93
1353.0 8.0 119.0 167.0 45.0 -0.27 -1.49 0.06 0.37 -0.05 0.97
1354.0 7.0 117.0 149.0 43.0 -0.41 -1.38 0.12 0.36 -0.2 0.59
1355.0 6.0 118.0 146.0 41.0 -0.4 -1.46 0.2 0.24 -0.23 -0.59
1356.0 6.0 120.0 146.0 41.0 -0.37 -1.56 0.24 0.3 -0.56 -1.55
1357.0 6.0 123.0 143.0 40.0 -0.2 -1.78 0.3 0.65 -0.47 -1.46
1358.0 5.0 130.0 139.0 39.0 -0.21 -1.45 0.2 0.6 -0.23 0.66
1359.0 5.0 132.0 140.0 38.0 -0.17 -1.15 0.14 0.57 0.0 1.06
1360.0 5.0 138.0 133.0 41.0 -0.15 -0.62 0.09 0.22 0.12 1.19
1361.0 5.0 139.0 133.0 47.0 -0.07 -0.55 0.08 -0.25 0.04 -0.21
1362.0 4.0 142.0 128.0 46.0 -0.05 -0.6 0.06 -0.22 -0.24 -1.45
1363.0 5.0 138.0 129.0 45.0 0.03 -0.74 0.02 0.21 -0.4 -1.29
1364.0 5.0 139.0 135.0 44.0 0.09 -0.78 0.0 0.21 -0.4 -0.87
1365.0 5.0 138.0 139.0 49.0 0.09 -0.83 0.01 -0.08 -0.5 0.14
1366.0 4.0 142.0 142.0 47.0 0.04 -1.02 0.04 -0.3 -0.49 0.37
1367.0 4.0 145.0 143.0 45.0 -0.05 -1.25 0.07 -0.41 -0.56 0.48
1368.0 4.0 145.0 147.0 46.0 -0.08 -1.33 0.09 0.4 -0.42 0.6
1369.0 5.0 148.0 168.0 50.0 -0.17 -1.27 0.12 0.64 -0.36 0.74
1370.0 4.0 152.0 171.0 48.0 -0.17 -0.97 0.09 0.25 0.08 1.51
1371.0 4.0 153.0 174.0 57.0 -0.17 -0.77 0.05 0.6 0.55 1.18
1372.0 5.0 158.0 170.0 54.0 -0.15 -0.26 -0.02 0.82 0.36 0.14
1373.0 4.0 155.0 171.0 55.0 -0.03 0.08 -0.06 0.65 0.16 -0.71
1374.0 5.0 153.0 170.0 55.0 0.01 0.11 -0.08 0.88 -0.12 -0.7
1375.0 5.0 151.0 172.0 57.0 0.05 0.15 -0.08 0.76 -0.19 -0.45
1376.0 5.0 149.0 173.0 63.0 0.08 0.14 -0.04 0.19 -0.28 0.01
1377.0 6.0 148.0 171.0 63.0 0.06 0.1 -0.02 0.18 -0.44 0.15
1378.0 6.0 145.0 171.0 59.0 0.02 0.04 0.02 0.1 -0.55 0.11
1379.0 5.0 143.0 171.0 60.0 0.0 0.0 0.03 -0.13 -0.46 0.13
1380.0 5.0 141.0 173.0 58.0 -0.0 -0.01 0.03 -0.05 -0.39 0.11
1381.0 5.0 138.0 177.0 61.0 0.01 -0.02 0.03 0.05 -0.09 0.22
1382.0 6.0 135.0 175.0 61.0 0.01 0.02 0.02 0.0 -0.04 0.14
1383.0 6.0 136.0 175.0 61.0 0.0 0.05 0.02 -0.02 -0.04 0.11
1384.0 5.0 130.0 179.0 69.0 0.01 0.05 0.02 -0.09 -0.06 -0.09
1385.0 6.0 127.0 178.0 70.0 0.02 0.04 0.0 -0.09 -0.02 -0.05
1386.0 5.0 127.0 180.0 68.0 0.02 0.05 -0.01 -0.02 0.02 0.0
1387.0 5.0 122.0 182.0 70.0 0.03 0.07 -0.04 -0.1 -0.03 0.0
1388.0 5.0 122.0 184.0 71.0 0.04 0.07 -0.07 -0.23 -0.02 0.17
1389.0 6.0 121.0 185.0 67.0 0.04 0.06 -0.09 -0.19 0.0 0.23
1390.0 6.0 117.0 186.0 68.0 0.03 0.06 -0.12 0.01 -0.06 0.23
1391.0 6.0 116.0 186.0 68.0 0.04 0.1 -0.13 0.11 -0.17 0.15
1392.0 6.0 111.0 189.0 68.0 0.03 0.12 -0.14 0.05 -0.19 0.12
1393.0 6.0 107.0 189.0 73.0 0.03 0.13 -0.12 0.01 -0.18 0.11
1394.0 7.0 106.0 188.0 71.0 0.02 0.09 -0.11 0.15 -0.23 0.16
1395.0 6.0 104.0 196.0 75.0 0.02 0.11 -0.11 0.18 -0.18 0.19
1396.0 6.0 103.0 201.0 75.0 0.01 0.13 -0.1 -0.14 -0.15 0.24
1397.0 6.0 101.0 202.0 81.0 -0.01 0.08 -0.1 0.24 -0.1 0.16
1398.0 6.0 100.0 201.0 83.0 -0.01 0.09 -0.09 0.21 -0.11 0.13
1399.0 5.0 98.0 200.0 76.0 -0.01 0.05 -0.07 0.17 -0.17 0.11
1400.0 6.0 98.0 199.0 78.0 -0.01 -0.02 -0.04 0.28 -0.23 0.04
1401.0 6.0 97.0 200.0 76.0 -0.01 -0.05 -0.03 0.19 -0.24 0.11
1402.0 5.0 93.0 206.0 86.0 -0.02 -0.06 -0.01 0.08 -0.26 0.18
1403.0 5.0 95.0 202.0 80.0 -0.03 -0.04 -0.02 0.15 -0.22 0.23
1404.0 5.0 95.0 207.0 79.0 -0.03 -0.02 -0.02 0.2 -0.21 0.21
1405.0 4.0 92.0 203.0 76.0 -0.03 0.04 -0.02 0.07 -0.2 0.11
1406.0 5.0 91.0 205.0 75.0 -0.02 0.04 -0.02 0.08 -0.19 0.03
1407.0 5.0 89.0 210.0 80.0 -0.02 0.05 -0.03 -0.04 -0.19 0.02
1408.0 5.0 87.0 210.0 85.0 -0.01 0.02 -0.03 0.0 -0.21 0.02
1409.0 5.0 85.0 208.0 79.0 -0.02 -0.0 -0.03 -0.01 -0.2 -0.07
1410.0 5.0 84.0 211.0 75.0 -0.02 -0.02 -0.03 -0.02 -0.21 -0.11
1411.0 5.0 83.0 214.0 80.0 -0.03 -0.02 -0.04 -0.15 -0.25 -0.2
1412.0 5.0 85.0 210.0 81.0 -0.03 0.02 -0.05 -0.26 -0.31 -0.22
1413.0 5.0 83.0 215.0 87.0 -0.01 0.04 -0.05 -0.28 -0.32 -0.26
1414.0 4.0 82.0 215.0 87.0 0.03 0.09 -0.08 -0.2 -0.28 -0.19
1415.0 4.0 81.0 216.0 85.0 0.09 0.09 -0.1 -0.15 -0.13 -0.05
1416.0 4.0 80.0 217.0 78.0 0.11 0.06 -0.1 0.01 -0.02 0.11
1417.0 4.0 79.0 219.0 82.0 0.13 -0.0 -0.09 0.13 0.0 0.19
1418.0 4.0 78.0 217.0 83.0 0.11 0.01 -0.09 0.29 0.02 0.44
1419.0 4.0 79.0 219.0 83.0 0.1 0.05 -0.09 0.4 0.04 0.45
1420.0 4.0 80.0 216.0 83.0 0.06 0.12 -0.08 0.27 -0.01 0.5
1421.0 4.0 84.0 219.0 93.0 0.02 0.11 -0.07 0.24 -0.05 0.47
1422.0 4.0 84.0 222.0 85.0 -0.0 0.08 -0.06 0.15 -0.06 0.42
1423.0 4.0 83.0 223.0 84.0 -0.03 -0.01 -0.04 0.23 -0.09 0.31
1424.0 4.0 82.0 221.0 90.0 -0.03 -0.02 -0.03 0.18 -0.03 0.24
1425.0 4.0 82.0 222.0 88.0 -0.03 0.0 -0.03 0.19 -0.01 0.12
1426.0 4.0 81.0 221.0 85.0 -0.03 0.05 -0.04 0.12 -0.02 0.06
1427.0 3.0 82.0 221.0 85.0 -0.02 0.05 -0.03 0.05 0.0 0.02
1428.0 3.0 85.0 224.0 93.0 -0.02 0.03 -0.03 0.0 -0.05 0.0
1429.0 3.0 85.0 214.0 86.0 -0.03 0.03 -0.03 -0.05 -0.1 -0.04
1430.0 3.0 84.0 221.0 88.0 -0.02 0.03 -0.03 -0.06 -0.17 -0.07
1431.0 3.0 84.0 225.0 90.0 -0.02 0.04 -0.03 -0.14 -0.17 -0.05
1432.0 3.0 85.0 222.0 87.0 -0.01 0.03 -0.04 -0.04 -0.17 -0.01
1433.0 3.0 87.0 223.0 84.0 0.01 0.04 -0.04 0.0 -0.18 -0.08
1434.0 3.0 86.0 220.0 83.0 0.01 0.04 -0.04 -0.03 -0.16 -0.04
1435.0 3.0 87.0 220.0 82.0 0.01 0.02 -0.03 0.08 -0.15 -0.02
1436.0 5.0 87.0 223.0 90.0 0.01 -0.01 -0.01 0.0 -0.14 0.0
1437.0 3.0 85.0 217.0 89.0 0.0 -0.03 -0.01 0.1 -0.21 0.01
1438.0 3.0 86.0 222.0 86.0 0.0 -0.03 -0.0 0.15 -0.17 0.02
1439.0 3.0 88.0 222.0 89.0 0.01 -0.03 0.0 0.12 -0.17 0.06
1440.0 3.0 89.0 223.0 87.0 0.01 -0.04 0.0 0.14 -0.17 0.1
1441.0 3.0 89.0 225.0 90.0 0.02 -0.03 0.01 0.15 -0.14 0.14
1442.0 3.0 89.0 222.0 94.0 0.02 -0.02 0.01 0.14 -0.1 0.18
1443.0 3.0 88.0 221.0 92.0 0.01 -0.02 0.02 0.21 -0.06 0.16
1444.0 3.0 87.0 220.0 90.0 0.01 -0.01 0.03 0.19 -0.04 0.16
1445.0 3.0 90.0 223.0 96.0 0.0 0.01 0.02 0.06 0.0 0.2
1446.0 3.0 91.0 224.0 91.0 -0.01 0.01 0.03 0.04 0.0 0.19
1447.0 3.0 92.0 225.0 91.0 -0.02 0.03 0.02 0.0 -0.04 0.1
1448.0 2.0 91.0 223.0 91.0 -0.02 0.03 0.01 -0.01 -0.06 0.03
1449.0 3.0 95.0 223.0 89.0 -0.01 0.03 0.0 -0.04 -0.05 0.05
1450.0 3.0 97.0 220.0 87.0 -0.01 0.03 -0.0 -0.1 -0.06 0.08
1451.0 3.0 98.0 226.0 86.0 -0.01 0.03 -0.02 -0.06 -0.07 0.01
1452.0 3.0 98.0 224.0 94.0 -0.01 0.03 -0.03 -0.09 -0.1 0.02
1453.0 2.0 98.0 225.0 90.0 -0.01 0.01 -0.03 -0.1 -0.13 -0.02
1454.0 2.0 99.0 222.0 92.0 -0.01 0.0 -0.04 -0.04 -0.15 0.0
1455.0 3.0 98.0 218.0 89.0 0.0 0.0 -0.05 -0.05 -0.15 0.06
1456.0 2.0 98.0 220.0 86.0 0.0 -0.0 -0.05 0.01 -0.12 0.06
1457.0 2.0 98.0 220.0 88.0 0.0 -0.01 -0.04 0.06 -0.07 0.11
1458.0 2.0 100.0 220.0 86.0 -0.0 -0.01 -0.04 0.07 -0.08 0.12
1459.0 2.0 98.0 219.0 89.0 -0.01 -0.0 -0.04 0.14 -0.09 0.05
1460.0 3.0 97.0 217.0 99.0 -0.0 0.02 -0.05 -0.01 -0.04 0.04
1461.0 2.0 96.0 218.0 95.0 0.0 0.03 -0.06 0.07 -0.07 0.04
1462.0 2.0 95.0 215.0 92.0 0.01 0.03 -0.07 0.01 -0.06 0.06
1463.0 3.0 96.0 215.0 89.0 0.01 0.01 -0.07 0.07 -0.07 0.12
1464.0 2.0 95.0 212.0 85.0 0.01 0.01 -0.06 0.05 -0.1 0.1
1465.0 3.0 95.0 214.0 88.0 0.02 0.01 -0.06 0.08 -0.07 0.1
1466.0 3.0 93.0 213.0 86.0 0.0 0.0 -0.05 0.07 -0.08 0.1
1467.0 3.0 92.0 213.0 89.0 -0.0 0.0 -0.04 0.11 -0.1 0.11
1468.0 3.0 92.0 212.0 89.0 -0.0 0.01 -0.04 0.11 -0.11 0.11
1469.0 2.0 93.0 211.0 87.0 -0.0 0.01 -0.04 0.12 -0.12 0.11
1470.0 2.0 92.0 210.0 85.0 -0.0 0.01 -0.04 0.12 -0.15 0.11
1471.0 3.0 93.0 209.0 89.0 -0.0 0.02 -0.04 0.11 -0.15 0.04
1472.0 3.0 94.0 206.0 86.0 0.01 -0.0 -0.03 0.12 -0.13 0.04
1473.0 2.0 93.0 205.0 93.0 -0.0 -0.0 -0.03 0.15 -0.11 0.05
1474.0 3.0 91.0 205.0 92.0 -0.0 0.01 -0.02 0.11 -0.11 0.1
1475.0 3.0 93.0 203.0 87.0 -0.0 0.03 -0.01 0.1 -0.09 0.03
1476.0 2.0 94.0 202.0 86.0 -0.0 0.02 -0.01 0.03 -0.1 0.03
1477.0 3.0 93.0 202.0 85.0 -0.0 0.02 -0.01 0.05 -0.1 0.03
1478.0 2.0 94.0 204.0 92.0 0.01 0.02 -0.01 0.03 -0.09 0.04
1479.0 3.0 92.0 201.0 86.0 0.01 0.01 -0.02 0.05 -0.07 0.09
1480.0 2.0 92.0 200.0 87.0 0.01 0.01 -0.01 0.07 -0.05 0.06
1481.0 2.0 91.0 199.0 79.0 0.01 0.02 -0.01 0.05 -0.06 0.07
1482.0 3.0 91.0 200.0 77.0 0.01 0.02 -0.01 0.05 -0.08 0.08
1483.0 2.0 91.0 199.0 78.0 0.01 0.03 -0.01 0.0 -0.06 0.12
1484.0 2.0 92.0 198.0 84.0 0.01 0.03 -0.02 0.01 -0.04 0.14
1485.0 2.0 92.0 199.0 90.0 0.01 0.04 -0.02 0.01 -0.06 0.16
1486.0 2.0 92.0 194.0 84.0 0.0 0.04 -0.02 0.0 -0.05 0.08
1487.0 2.0 94.0 197.0 84.0 -0.01 0.03 -0.02 0.01 -0.02 0.1
1488.0 3.0 95.0 197.0 82.0 -0.01 0.02 -0.02 0.04 0.01 0.16
1489.0 2.0 95.0 196.0 79.0 -0.02 0.0 -0.02 0.02 0.04 0.23
1490.0 1.0 95.0 199.0 81.0 -0.03 0.01 -0.02 0.03 -0.05 0.0
1491.0 2.0 95.0 193.0 80.0 -0.03 0.02 -0.01 0.06 -0.07 0.0
1492.0 2.0 93.0 193.0 78.0 -0.03 0.04 -0.03 0.05 -0.12 -0.01
1493.0 1.0 94.0 193.0 81.0 -0.03 0.02 -0.02 -0.01 -0.11 0.05
1494.0 2.0 95.0 192.0 79.0 -0.02 0.01 -0.02 0.04 -0.09 0.06
1495.0 2.0 95.0 192.0 76.0 -0.01 0.01 -0.02 0.04 -0.08 0.07
1496.0 2.0 94.0 189.0 76.0 -0.01 0.03 -0.02 0.0 -0.06 0.05
1497.0 2.0 94.0 189.0 83.0 -0.01 0.04 -0.02 0.02 -0.11 0.01
1498.0 2.0 93.0 188.0 78.0 -0.02 0.05 -0.02 0.02 -0.12 0.01
1499.0 2.0 94.0 188.0 77.0 -0.03 0.03 -0.02 0.01 -0.11 0.03
1500.0 2.0 94.0 188.0 69.0 -0.02 0.01 -0.01 0.03 -0.09 0.06
1501.0 2.0 95.0 188.0 70.0 -0.02 -0.01 -0.01 0.07 -0.11 0.08
1502.0 2.0 94.0 188.0 76.0 -0.01 0.01 -0.01 0.07 -0.21 0.03
1503.0 2.0 93.0 189.0 74.0 -0.01 0.02 -0.02 0.07 -0.2 0.05
1504.0 2.0 92.0 186.0 70.0 -0.0 0.03 -0.02 0.05 -0.12 0.03
1505.0 2.0 92.0 185.0 73.0 0.01 0.03 -0.02 0.12 -0.11 0.05
1506.0 2.0 92.0 185.0 72.0 0.01 0.03 -0.01 0.08 -0.04 0.07
1507.0 2.0 93.0 186.0 74.0 0.0 0.02 -0.0 0.09 -0.01 0.05
1508.0 2.0 93.0 187.0 86.0 -0.0 0.05 -0.0 0.05 -0.07 0.06
1509.0 3.0 93.0 183.0 77.0 -0.0 0.06 -0.01 0.01 -0.06 0.08
1510.0 2.0 93.0 183.0 74.0 -0.0 0.05 -0.01 0.03 -0.1 0.08
1511.0 2.0 90.0 184.0 72.0 0.0 0.05 -0.01 0.0 -0.08 0.08
1512.0 2.0 94.0 183.0 74.0 0.0 0.05 -0.01 0.02 -0.09 0.08
1513.0 2.0 94.0 182.0 73.0 0.01 0.08 -0.02 0.0 -0.08 0.09
1514.0 2.0 94.0 182.0 74.0 -0.0 0.07 -0.02 -0.02 -0.03 0.09
1515.0 2.0 94.0 182.0 76.0 -0.01 0.05 -0.02 -0.03 -0.06 0.11
1516.0 2.0 92.0 179.0 73.0 -0.02 0.0 -0.01 0.01 -0.08 0.09
1517.0 2.0 92.0 180.0 75.0 -0.02 -0.0 -0.01 0.01 -0.08 0.09
1518.0 2.0 91.0 179.0 74.0 -0.02 0.01 -0.02 0.01 -0.09 0.05
1519.0 2.0 91.0 180.0 86.0 -0.02 0.03 -0.02 0.05 -0.14 0.07
1520.0 2.0 89.0 176.0 78.0 -0.0 0.02 -0.03 0.02 -0.09 0.01
1521.0 2.0 89.0 176.0 77.0 -0.01 0.01 -0.03 0.03 -0.08 0.03
1522.0 2.0 87.0 176.0 79.0 -0.01 0.0 -0.03 0.08 -0.06 0.03
1523.0 2.0 86.0 176.0 77.0 -0.01 0.02 -0.03 0.06 -0.1 0.05
1524.0 2.0 85.0 175.0 74.0 -0.01 0.02 -0.03 0.12 -0.1 0.05
1525.0 3.0 85.0 177.0 79.0 -0.01 0.03 -0.02 0.07 -0.14 0.06
1526.0 3.0 84.0 172.0 74.0 -0.01 0.02 -0.02 0.05 -0.14 0.04
1527.0 2.0 82.0 172.0 77.0 -0.01 0.03 -0.02 0.03 -0.16 0.01
1528.0 2.0 81.0 174.0 77.0 -0.0 0.01 -0.02 0.06 -0.16 0.02
1529.0 2.0 82.0 173.0 77.0 0.01 0.0 -0.02 0.08 -0.1 0.06
1530.0 2.0 82.0 173.0 76.0 0.01 0.01 -0.01 0.07 -0.11 0.08
1531.0 1.0 87.0 172.0 75.0 0.01 0.02 -0.01 0.11 -0.08 0.1
1532.0 3.0 98.0 177.0 86.0 0.01 0.03 -0.01 0.08 -0.09 0.09
1533.0 2.0 104.0 176.0 86.0 0.0 0.03 -0.01 0.05 -0.1 0.08
1534.0 2.0 98.0 173.0 80.0 -0.01 0.01 -0.0 0.03 -0.05 0.13
1535.0 2.0 94.0 173.0 73.0 -0.02 -0.03 0.01 0.07 -0.06 0.13
1536.0 2.0 89.0 172.0 75.0 -0.02 -0.03 0.02 0.1 -0.06 0.18
1537.0 2.0 85.0 172.0 67.0 -0.02 -0.01 0.02 0.09 -0.02 0.14
1538.0 2.0 84.0 171.0 69.0 -0.02 0.0 0.02 0.11 0.0 0.14
1539.0 3.0 81.0 166.0 65.0 -0.02 0.01 0.02 0.03 -0.02 0.1
1540.0 3.0 79.0 164.0 65.0 -0.02 0.0 0.01 0.08 -0.04 0.07
1541.0 2.0 79.0 167.0 67.0 -0.01 0.01 0.0 0.0 -0.02 0.17
1542.0 3.0 78.0 165.0 75.0 -0.01 0.01 0.0 -0.02 -0.02 0.22
1543.0 2.0 78.0 164.0 71.0 -0.02 0.02 -0.01 0.02 -0.05 0.16
1544.0 2.0 78.0 163.0 69.0 -0.02 0.04 -0.02 -0.02 -0.01 0.05
1545.0 2.0 79.0 161.0 68.0 -0.02 0.02 -0.02 -0.08 -0.02 0.07
1546.0 2.0 79.0 162.0 71.0 -0.03 -0.02 -0.02 -0.01 -0.04 0.06
1547.0 2.0 78.0 158.0 71.0 -0.04 -0.02 -0.02 0.09 -0.09 0.03
1548.0 2.0 79.0 161.0 73.0 -0.03 -0.01 -0.02 0.09 -0.11 0.06
1549.0 2.0 80.0 161.0 65.0 -0.03 0.01 -0.01 0.12 -0.1 0.05
1550.0 2.0 80.0 159.0 66.0 -0.01 0.01 -0.02 0.07 -0.09 0.07
1551.0 2.0 80.0 156.0 67.0 -0.02 0.01 -0.02 0.13 -0.13 0.08
1552.0 2.0 83.0 157.0 70.0 -0.02 0.0 -0.01 0.1 -0.1 0.13
1553.0 1.0 94.0 159.0 87.0 -0.03 0.0 -0.0 0.12 -0.09 0.11
1554.0 2.0 99.0 159.0 84.0 -0.03 -0.0 -0.0 0.11 -0.12 0.09
1555.0 2.0 95.0 158.0 79.0 -0.03 -0.0 0.01 0.1 -0.1 0.12
1556.0 2.0 90.0 156.0 73.0 -0.03 -0.0 0.01 0.09 -0.1 0.15
1557.0 2.0 86.0 153.0 70.0 -0.02 0.01 0.01 0.1 -0.09 0.11
1558.0 2.0 83.0 151.0 64.0 -0.02 0.03 0.0 0.05 -0.11 0.06
1559.0 2.0 82.0 151.0 64.0 -0.02 0.03 0.0 0.02 -0.1 0.05
1560.0 2.0 81.0 148.0 61.0 -0.02 0.01 -0.0 0.0 -0.12 0.06
1561.0 2.0 79.0 151.0 63.0 -0.02 -0.0 -0.0 -0.01 -0.1 0.05
1562.0 2.0 79.0 150.0 58.0 -0.02 -0.0 -0.01 0.01 -0.1 0.05
1563.0 2.0 78.0 149.0 58.0 -0.01 0.0 -0.01 0.0 -0.1 0.06
1564.0 2.0 78.0 150.0 60.0 -0.01 0.01 -0.01 0.0 -0.07 0.1
1565.0 2.0 79.0 149.0 62.0 -0.01 0.01 -0.01 -0.03 -0.06 0.1
1566.0 2.0 81.0 151.0 64.0 -0.01 0.02 -0.02 0.05 -0.14 0.07
1567.0 2.0 81.0 151.0 63.0 -0.01 0.02 -0.02 0.0 -0.13 0.06
1568.0 2.0 81.0 145.0 62.0 -0.02 0.01 -0.02 0.03 -0.12 0.05
1569.0 3.0 77.0 145.0 59.0 -0.01 -0.02 -0.01 0.07 -0.12 0.05
1570.0 2.0 79.0 147.0 62.0 -0.01 -0.01 -0.02 0.08 -0.09 0.11
1571.0 2.0 80.0 148.0 62.0 -0.0 -0.0 -0.02 0.11 -0.05 0.05
1572.0 2.0 79.0 148.0 58.0 -0.0 0.02 -0.01 0.08 -0.08 0.09
1573.0 2.0 84.0 145.0 57.0 0.0 0.03 -0.02 0.09 -0.16 0.06
1574.0 1.0 96.0 148.0 65.0 0.01 0.03 -0.02 0.02 -0.09 0.14
1575.0 2.0 101.0 152.0 71.0 0.01 0.03 -0.02 0.0 -0.1 0.19
1576.0 2.0 95.0 151.0 74.0 0.0 0.03 -0.01 0.07 -0.12 0.16
1577.0 2.0 90.0 150.0 66.0 -0.0 0.03 -0.02 0.03 -0.1 0.15
1578.0 2.0 88.0 149.0 60.0 -0.0 0.02 -0.02 0.09 -0.08 0.1
1579.0 3.0 84.0 148.0 59.0 -0.01 0.02 -0.01 0.11 -0.07 0.07
1580.0 2.0 82.0 144.0 56.0 0.0 0.01 -0.01 0.05 -0.06 0.09
1581.0 3.0 81.0 143.0 53.0 -0.0 0.01 -0.01 0.06 -0.07 0.08
1582.0 2.0 77.0 144.0 58.0 0.0 0.02 -0.01 0.05 -0.1 0.11
1583.0 2.0 78.0 143.0 56.0 -0.0 0.03 -0.02 0.06 -0.12 0.1
1584.0 2.0 77.0 143.0 54.0 -0.0 0.04 -0.02 0.06 -0.12 0.07
1585.0 2.0 77.0 141.0 54.0 0.0 0.04 -0.02 0.07 -0.1 0.12
1586.0 2.0 76.0 142.0 57.0 0.0 0.03 -0.02 0.06 -0.09 0.1
1587.0 2.0 75.0 139.0 55.0 0.0 0.02 -0.02 0.05 -0.12 0.08
1588.0 2.0 74.0 140.0 55.0 -0.01 0.0 -0.01 0.1 -0.17 0.0
1589.0 2.0 73.0 136.0 52.0 -0.0 0.0 -0.01 0.07 -0.12 0.09
1590.0 3.0 73.0 136.0 54.0 0.01 -0.0 -0.01 0.08 -0.13 0.1
1591.0 2.0 73.0 133.0 57.0 0.01 0.02 -0.0 0.06 -0.09 0.11
1592.0 2.0 74.0 134.0 59.0 0.02 0.04 -0.01 0.06 -0.1 0.09
1593.0 2.0 74.0 127.0 56.0 0.02 0.07 -0.02 0.08 -0.12 0.1
1594.0 2.0 79.0 132.0 55.0 0.01 0.05 -0.02 -0.01 -0.08 0.09
1595.0 1.0 88.0 131.0 55.0 -0.0 0.01 -0.02 0.1 -0.09 0.15
1596.0 2.0 95.0 136.0 63.0 0.0 -0.02 -0.01 0.12 -0.11 0.19
1597.0 2.0 89.0 132.0 60.0 0.0 0.01 -0.01 0.13 -0.09 0.21
1598.0 3.0 85.0 135.0 57.0 0.0 0.03 -0.01 0.09 -0.09 0.17
1599.0 2.0 82.0 134.0 54.0 0.0 0.05 -0.02 0.07 -0.08 0.13
1600.0 2.0 81.0 132.0 51.0 -0.0 0.03 -0.01 0.04 -0.08 0.14
1601.0 2.0 79.0 134.0 55.0 -0.01 0.01 -0.01 0.06 -0.07 0.11
1602.0 2.0 77.0 133.0 51.0 -0.02 0.01 -0.01 0.05 -0.1 0.14
1603.0 2.0 77.0 132.0 50.0 -0.02 0.03 -0.01 0.01 -0.12 0.06
1604.0 2.0 75.0 132.0 46.0 -0.01 0.03 -0.01 0.03 -0.12 0.02
1605.0 2.0 75.0 131.0 47.0 -0.0 0.02 -0.01 -0.02 -0.11 0.05
1606.0 2.0 74.0 129.0 46.0 -0.0 0.01 -0.02 0.06 -0.09 0.09
1607.0 2.0 74.0 129.0 49.0 0.0 0.02 -0.02 0.06 -0.08 0.06
1608.0 2.0 74.0 128.0 46.0 0.0 0.03 -0.01 0.02 -0.1 0.05
1609.0 2.0 71.0 129.0 45.0 -0.0 0.02 -0.01 0.04 -0.12 0.04
1610.0 2.0 72.0 129.0 45.0 0.0 0.02 -0.01 0.05 -0.12 0.05
1611.0 2.0 71.0 127.0 43.0 0.01 0.0 -0.02 0.05 -0.13 0.08
1612.0 2.0 70.0 127.0 42.0 0.01 0.01 -0.01 0.07 -0.12 0.1
1613.0 2.0 70.0 126.0 47.0 0.02 0.01 -0.01 0.07 -0.07 0.11
1614.0 2.0 70.0 126.0 46.0 0.02 0.03 -0.01 0.08 -0.1 0.1
1615.0 2.0 70.0 123.0 46.0 0.01 0.03 -0.02 0.08 -0.11 0.05
1616.0 2.0 70.0 125.0 44.0 0.01 0.03 -0.02 0.04 -0.07 0.09
1617.0 2.0 70.0 125.0 43.0 0.01 0.02 -0.02 0.08 -0.1 0.11
1618.0 2.0 70.0 123.0 44.0 0.0 0.0 -0.01 0.07 -0.08 0.12
1619.0 2.0 70.0 121.0 44.0 0.0 0.0 -0.01 0.11 -0.07 0.14
1620.0 2.0 70.0 124.0 44.0 0.0 0.02 -0.0 0.1 -0.06 0.11
1621.0 2.0 69.0 121.0 42.0 0.01 0.03 -0.01 0.08 -0.04 0.12
1622.0 3.0 69.0 122.0 42.0 0.01 0.03 -0.01 0.04 -0.06 0.12
1623.0 2.0 70.0 122.0 41.0 0.01 0.04 -0.01 0.03 -0.04 0.13
1624.0 2.0 70.0 121.0 44.0 0.0 0.03 -0.01 0.06 -0.09 0.12
1625.0 2.0 71.0 120.0 42.0 0.0 0.03 -0.01 -0.02 -0.06 0.08
1626.0 3.0 70.0 119.0 40.0 -0.0 0.01 -0.01 0.04 -0.1 0.09
1627.0 2.0 71.0 121.0 43.0 -0.0 0.01 -0.01 0.01 -0.08 0.13
1628.0 2.0 72.0 119.0 41.0 -0.0 0.01 -0.01 0.02 -0.11 0.06
1629.0 2.0 72.0 119.0 40.0 -0.0 0.01 -0.01 0.04 -0.08 0.06
1630.0 3.0 73.0 120.0 44.0 0.0 0.0 -0.02 0.01 -0.08 0.11
1631.0 2.0 73.0 118.0 42.0 0.01 0.0 -0.02 0.07 -0.11 0.07
1632.0 3.0 73.0 118.0 45.0 0.0 0.0 -0.01 0.08 -0.11 0.08
1633.0 2.0 73.0 115.0 43.0 0.0 -0.0 -0.01 0.08 -0.11 0.07
1634.0 2.0 74.0 117.0 42.0 0.0 -0.0 -0.01 0.08 -0.07 0.08
1635.0 2.0 74.0 116.0 44.0 0.01 0.0 -0.01 0.08 -0.07 0.09
1636.0 2.0 73.0 116.0 45.0 0.01 0.0 -0.01 0.05 -0.09 0.09
1637.0 3.0 73.0 116.0 40.0 0.01 0.01 -0.01 0.07 -0.07 0.11
1638.0 2.0 74.0 117.0 40.0 0.01 0.01 -0.01 0.07 -0.08 0.14
1639.0 2.0 74.0 117.0 39.0 0.02 0.01 -0.0 0.06 -0.05 0.18
1640.0 2.0 75.0 113.0 43.0 0.02 0.02 -0.0 0.07 -0.12 0.08
1641.0 2.0 75.0 116.0 40.0 0.01 0.04 -0.01 0.06 -0.1 0.05
1642.0 2.0 75.0 117.0 42.0 0.01 0.01 -0.0 0.05 -0.08 0.06
1643.0 2.0 74.0 115.0 40.0 0.0 -0.01 -0.0 0.16 -0.04 0.05
1644.0 2.0 73.0 116.0 39.0 0.01 -0.01 0.0 0.11 -0.02 0.1
1645.0 1.0 73.0 117.0 37.0 0.02 0.02 0.0 0.15 -0.08 0.17
1646.0 2.0 73.0 116.0 37.0 0.02 0.03 0.01 0.09 -0.09 0.16
1647.0 2.0 73.0 115.0 36.0 0.02 0.04 0.0 0.09 -0.06 0.18
1648.0 2.0 72.0 114.0 37.0 0.02 0.04 0.01 0.06 -0.04 0.15
1649.0 2.0 72.0 111.0 37.0 0.02 0.04 0.01 0.05 -0.02 0.11
1650.0 2.0 72.0 114.0 38.0 0.0 0.02 0.01 0.05 -0.02 0.1
1651.0 2.0 71.0 115.0 37.0 0.0 0.0 0.02 0.06 -0.03 0.13
1652.0 2.0 72.0 115.0 36.0 0.0 0.01 0.01 0.05 0.0 0.13
1653.0 2.0 71.0 114.0 35.0 0.01 0.02 0.01 0.03 -0.02 0.12
1654.0 2.0 71.0 113.0 35.0 0.01 0.03 0.0 0.04 -0.03 0.13
