0.8575377 23 148 32 166
0.9403043 23 172 38 214
1.0421676 24 160 31 179
1.1693748 24 138 27 168
1.247281 23 152 27 212
1.3287801 23 132 30 222
1.4051743 23 145 33 200
1.4795611 23 132 36 201
1.5685583 23 148 32 166
1.6460245 23 172 38 214
1.715441 24 160 31 179
1.7868135 21 138 29 183
1.8611074 23 152 29 222
1.9368181 21 146 28 203
2.0130766 23 157 27 213
2.0901403 24 158 26 219
2.165047 23 153 26 230
2.2458674 24 137 27 208
2.3269719 24 145 26 200
2.4007433 23 148 25 201
2.4754396 23 144 27 241
2.5511631 37 135 26 234
2.6245765 133 145 27 361
2.7006791 118 152 29 422
2.7958931 126 108 31 315
2.8690961 158 93 45 347
2.945899 196 144 71 441
3.0212204 117 146 55 422
3.0947546 132 142 53 424
3.1692756 116 130 51 478
3.2449865 124 106 46 409
3.3256747 106 112 40 422
3.404256 92 93 37 365
3.4789061 104 113 42 385
3.5526032 103 102 49 472
3.6277369 105 113 45 474
3.7044259 83 112 58 452
3.7781888 78 111 54 434
3.8527779 92 102 68 459
3.9279088 82 100 65 437
4.0019564 80 91 60 419
4.0941481 92 97 62 424
4.1687607 80 101 68 406
4.2421949 77 98 56 422
4.3164614 86 111 65 382
4.3944657 84 94 63 389
4.4684714 104 107 50 374
4.5427386 106 95 46 375
4.6186437 100 100 50 412
4.6929308 109 105 49 369
4.7695871 177 99 49 408
4.8464498 168 102 54 447
4.9220923 109 100 51 331
5.0056369 91 100 48 349
5.1034526 70 87 60 356
5.2059566 50 84 50 297
5.3119218 41 77 45 326
5.4087989 42 74 48 308
5.5053114 36 69 49 263
5.6080393 30 76 44 386
5.7059251 33 87 63 308
5.8141042 47 79 58 321
5.9063199 71 109 54 369
6.0046721 53 152 47 395
6.1033786 75 228 65 381
6.2166377 48 176 37 294
6.3039228 32 159 32 269
6.4063818 28 172 27 231
6.5043481 35 146 28 264
6.6028323 26 152 30 242
6.705565 28 165 28 237
6.8128103 30 143 28 214
6.9060682 38 133 27 278
7.0090825 30 163 26 263
7.1136067 27 142 26 281
7.2051767 27 137 27 257
7.3035489 25 148 26 230
7.4060414 26 152 26 258
7.5197425 24 153 22 256
7.6063018 25 161 25 267
7.7049635 24 150 26 229
7.8032825 28 128 26 197
7.9052502 25 123 28 227
8.0040488 24 139 26 225
8.1155376 24 151 25 255
8.204805 24 140 26 251
8.3064538 24 145 25 259
8.4055592 24 141 24 297
8.5160421 33 148 24 312
8.6058994 26 108 25 222
8.7164789 24 141 25 214
8.8064838 121 106 26 270
8.9051279 87 86 31 254
9.0034079 70 158 36 326
9.1058079 77 162 47 341
9.2041129 51 141 38 368
9.3059233 44 125 30 341
9.4050059 60 113 34 387
9.5179346 60 118 36 421
9.605065 89 120 38 365
9.7034632 69 121 42 418
9.8062371 80 135 42 410
9.9045698 94 131 34 430
10.0063467 69 121 42 415
10.1054954 111 116 60 356
10.2032484 61 103 47 428
10.3057746 76 112 58 391
10.4143395 69 102 51 338
10.5063428 68 101 53 343
10.604591 63 111 62 382
10.7034546 75 105 65 318
10.8161954 69 106 57 364
10.9040068 100 94 50 313
11.0058901 83 96 48 342
11.1043007 66 94 52 314
11.2065174 69 96 53 349
11.3198564 54 88 50 341
11.403671 54 91 45 344
11.5057322 49 89 40 347
11.6044546 57 87 42 363
11.7161337 50 79 43 282
11.8051222 55 83 39 323
11.9030207 36 76 50 291
12.0071554 28 68 46 326
12.1042803 25 72 36 259
12.2147908 26 73 38 281
12.3048002 26 82 45 306
12.4065715 36 71 44 281
12.505533 80 104 54 298
12.6034933 73 178 46 345
12.7057472 46 215 41 296
12.8047413 29 183 31 252
12.9208189 25 149 27 213
13.00483 39 168 33 240
13.1031921 34 156 28 240
13.2061567 27 133 27 254
13.3248251 25 144 26 243
13.4061345 24 154 27 237
13.5051763 24 157 26 229
13.6202694 21 139 26 213
13.7265712 25 138 27 236
13.803517 29 133 26 266
13.9064041 26 154 26 267
14.0219152 24 148 26 266
14.1065239 27 136 30 268
14.2056015 25 124 28 323
14.3203406 86 123 26 398
14.4060258 87 107 33 331
14.5046506 77 129 46 429
14.6065258 101 143 44 458
14.705301 69 110 40 382
14.802976 96 94 32 420
14.9054208 112 106 41 503
15.0037151 105 111 37 475
15.106041 107 113 43 444
15.2047241 112 127 47 443
15.3334783 121 120 48 416
15.4130149 118 127 52 481
15.5036924 89 124 50 423
15.6064088 110 117 66 433
15.7153799 105 117 54 387
15.8065678 78 125 56 420
15.9057952 91 107 51 471
16.0036925 84 101 53 443
16.1126029 82 104 50 477
16.2039636 103 110 47 392
16.3061664 96 115 54 446
16.4051317 105 109 48 452
16.5030594 91 99 43 365
16.6059414 126 102 58 420
16.7204466 99 99 45 413
16.8062819 92 92 45 485
16.9047334 92 98 47 460
17.0272184 70 112 54 449
17.104975 94 106 44 410
17.2038623 84 104 47 393
17.3059501 101 89 43 411
17.4045857 72 118 56 422
17.5072668 73 94 50 367
17.6051287 62 84 44 301
17.7108574 68 82 43 307
17.8053856 41 72 36 289
17.9043371 34 73 34 357
18.0165886 30 72 32 345
18.1046951 30 72 37 321
18.2067256 35 73 38 280
18.3074914 71 111 45 326
18.4041492 109 155 51 333
18.5138169 60 203 39 341
18.6178256 37 144 33 276
18.7066197 31 136 27 278
18.8048432 31 139 28 270
18.9038125 27 134 27 277
19.0161615 26 137 28 290
19.1043178 28 129 29 325
19.20651 26 159 28 348
19.3050801 29 158 29 324
19.4066802 27 139 27 325
19.5059525 30 194 26 334
19.618188 26 168 26 407
19.7063752 31 135 27 375
19.8049956 60 142 27 384
19.9290883 73 128 33 402
20.0057276 126 103 33 363
20.1039525 80 130 35 399
20.2148503 67 148 44 454
20.3199753 76 134 43 453
20.4066064 80 112 40 436
20.5046948 82 116 41 400
20.6074945 99 116 42 426
20.7135848 107 111 45 497
20.8040292 146 112 50 504
20.906498 81 119 43 459
21.0104119 113 117 47 480
21.1068882 132 151 53 432
21.2062745 113 138 52 472
21.304036 103 115 51 446
21.4096447 99 108 44 438
21.5046696 80 89 46 390
21.6064637 114 103 58 400
21.7055026 127 111 60 470
21.8169498 134 106 49 407
21.9061393 122 105 56 422
22.0268174 83 108 56 485
22.1065561 94 94 54 442
22.205269 106 98 51 460
22.3142698 90 119 52 421
22.4057912 87 102 56 385
22.5036698 82 111 44 511
22.6066518 82 119 54 484
22.7047881 79 106 41 382
22.8065402 72 109 46 441
22.9055011 79 104 44 409
23.015419 122 106 55 465
23.1062421 100 121 51 498
23.2040919 110 120 49 408
23.3067736 63 93 42 400
23.4257458 48 91 40 416
23.5069356 45 78 35 321
23.6258134 35 70 33 293
23.7037649 28 72 33 281
23.8066015 25 64 28 299
23.9047877 24 81 27 313
24.0068945 36 67 37 300
24.1177964 63 71 46 328
24.203562 87 89 33 325
24.3064771 91 157 41 358
24.4179316 50 193 36 258
24.5070611 30 167 29 243
24.6048903 27 178 27 205
24.703871 43 161 27 194
24.8056665 31 142 27 186
24.9039184 26 163 28 192
25.0062305 25 161 27 222
25.1052631 24 139 27 210
25.2189496 24 154 28 237
25.3238942 23 142 28 166
25.4041201 23 143 29 187
25.5065244 23 161 26 217
25.635937 23 138 28 219
25.7128375 24 134 26 197
25.8052855 25 149 25 184
25.9035729 24 153 26 168
26.0062787 23 150 26 176
26.1176001 23 139 26 198
26.2064227 24 154 26 177
26.3049583 24 150 26 169
26.4070364 24 170 27 175
26.5058017 25 164 25 175
26.6043382 26 144 26 179
26.7066 24 147 29 169
26.8100455 24 156 30 217
26.9069582 24 180 28 186
27.0057468 27 164 26 178
27.107543 26 168 26 199
27.2064422 29 144 26 246
27.3139654 25 133 22 354
27.4068414 55 84 31 326
27.5071259 61 135 40 402
27.6070789 92 139 45 439
27.7125824 70 126 38 432
27.8044815 80 129 45 464
27.9063716 87 126 48 449
28.0047011 94 133 50 434
28.1071099 112 125 52 449
28.2233012 97 108 51 438
28.3037582 127 113 44 475
28.4067508 130 114 41 457
28.5044818 140 106 38 431
28.6087325 104 97 40 382
28.7056327 90 96 42 395
28.8072493 136 111 45 447
28.9113353 82 119 54 405
29.0045532 83 104 49 427
29.1074699 73 125 60 412
29.2055068 101 123 50 407
29.3146135 97 104 51 383
29.4061651 81 110 43 544
29.5115719 92 99 44 456
29.6068187 125 92 44 393
29.7134573 89 99 50 397
29.8072691 109 113 52 413
29.9054873 122 110 45 477
30.0155665 127 109 41 422
30.1062413 138 115 52 409
30.2202251 136 132 56 415
30.3065404 148 121 44 376
30.4050035 114 116 56 357
30.5074424 129 123 64 350
30.6059417 128 111 44 411
30.7044898 148 110 53 403
30.8069678 123 109 43 381
30.9169523 80 111 52 380
31.0070976 69 97 54 361
31.1056456 69 85 61 369
31.2060496 69 101 76 327
31.3066424 72 140 55 349
31.404851 41 113 38 352
31.5070212 44 108 38 354
31.610957 33 88 39 403
31.7038347 33 81 38 305
31.8058716 69 79 61 414
31.9082391 59 144 44 350
32.006934 91 239 53 442
32.1179056 44 196 36 293
32.20722 29 152 34 239
32.3072446 25 143 28 238
32.4044109 24 164 27 194
32.5072738 24 151 28 216
32.6052931 25 153 29 202
32.7070469 24 119 27 179
32.805756 23 148 29 198
32.9040242 23 142 31 195
33.0066002 23 131 34 165
33.1114746 24 150 29 168
33.2070877 23 138 31 144
33.3128708 23 143 29 168
33.407135 23 156 29 159
33.5061469 23 159 30 160
33.6379833 23 159 31 172
33.714383 24 151 29 140
33.8053569 24 154 28 160
33.9068857 23 131 27 138
34.0054093 23 138 29 152
34.104352 23 131 27 166
34.2196578 23 131 26 137
34.3049135 23 131 27 132
34.4067044 23 124 28 123
34.5051914 23 121 26 129
34.6073977 23 131 28 139
34.7062973 23 122 26 138
34.8041341 26 129 27 146
34.9064919 23 141 27 144
35.0052645 23 144 29 137
35.1073036 24 146 27 140
35.2572809 23 131 26 122
35.3358007 23 150 26 134
35.4122207 23 128 26 131
35.5048654 23 127 28 143
35.6070887 23 119 27 127
35.7837595 23 125 25 129
