0.8375694 24 72 72 205
0.9158717 25 75 87 210
1.0608337 25 79 89 237
1.1558086 25 83 95 262
1.2375753 55 87 108 290
1.3187301 89 70 119 261
1.4151893 115 85 118 294
1.5132652 102 123 125 299
1.6161076 150 233 135 302
1.7144475 121 371 144 304
1.8164165 109 441 116 296
1.9211523 114 422 207 222
2.0135279 121 301 328 278
2.1154695 166 196 290 633
2.2142957 205 390 206 967
2.3160585 221 728 677 969
2.4150842 272 954 966 968
2.517782 287 953 965 968
2.6157235 312 954 966 968
2.7162496 316 954 968 968
2.8161242 333 953 965 967
2.9174246 343 954 966 922
3.0167875 360 885 966 787
3.1154442 379 791 966 661
3.234455 428 702 968 556
3.3161303 460 635 965 433
3.4144439 505 562 966 349
3.5163851 529 483 966 287
3.6145409 556 422 965 227
3.716638 573 367 966 212
3.8282566 589 310 965 179
3.9135872 598 264 921 164
4.0162887 596 227 860 174
4.1310118 610 187 822 167
4.2165017 621 161 787 158
4.3153071 604 139 764 171
4.4135531 586 125 722 183
4.5162353 564 116 694 187
4.6139298 564 112 655 189
4.716103 543 99 633 180
4.8153461 527 101 599 185
4.9582905 517 112 566 193
5.0346103 498 92 562 195
5.1140267 483 86 524 199
5.2162013 454 89 459 195
5.3147051 423 94 342 250
5.4311425 376 188 165 433
5.5153445 330 314 131 781
5.6134159 313 423 277 967
5.7163169 269 465 428 967
5.8147355 216 473 513 967
5.9265404 251 453 619 967
6.0151902 310 395 686 967
6.1350683 247 335 660 966
6.2159801 229 283 659 967
6.314097 125 233 628 966
6.4163476 79 210 630 967
6.5417008 94 162 652 966
6.6176783 109 138 667 923
6.7158177 151 112 676 837
6.8244501 196 94 656 779
6.9162339 240 80 651 718
7.0142872 284 69 636 668
7.1165833 328 75 622 627
7.2271479 354 74 607 586
7.3134497 369 73 594 542
7.4162269 382 88 571 513
7.5227946 391 71 563 484
7.6164891 392 75 555 453
7.7147426 389 75 547 423
7.8135721 382 79 536 391
7.9247244 368 75 530 365
8.0141441 353 86 522 341
8.1163216 321 89 522 319
8.2367312 306 103 499 300
8.3166848 278 118 491 270
8.4155878 246 131 480 253
8.5139434 237 124 451 220
8.6162616 256 125 432 282
8.7141705 361 136 432 236
8.8166377 456 173 426 226
8.9332707 167 285 427 254
9.013125 132 382 426 249
9.1161286 64 379 447 216
9.2317847 40 331 499 210
9.3161794 41 257 532 363
9.4151918 43 153 492 807
9.5167293 40 144 336 967
9.6153206 36 197 168 967
9.7142095 40 233 106 968
9.8572974 30 236 64 967
9.9344583 31 205 63 967
10.0163913 32 184 54 968
10.1149283 33 173 58 885
10.2132841 34 156 83 752
10.3161866 30 149 93 629
10.428724 29 136 95 527
10.5165159 39 133 99 431
10.6151138 38 135 98 348
10.7134893 41 132 108 306
10.8158679 39 122 125 252
10.9137766 44 122 127 237
11.0166653 48 116 137 196
11.1465057 47 106 115 171
11.2235018 43 107 125 171
11.315125 50 104 120 160
11.4139323 51 120 118 163
11.5404749 42 109 118 169
11.6194057 44 104 125 154
11.7166775 42 100 142 151
11.8275061 38 107 159 161
11.9135946 45 104 150 160
12.0155687 39 115 153 175
12.1144497 51 122 151 189
12.2251316 42 105 153 209
12.3149922 38 97 129 237
12.4167733 43 94 115 282
12.5157212 38 96 111 430
12.6140161 35 132 85 752
12.7163844 43 180 57 967
12.8147185 37 207 66 966
12.9166965 38 219 136 967
13.0155541 144 238 221 967
13.1137915 397 231 319 943
13.2277665 254 196 313 846
13.3140187 177 164 254 786
13.4165329 79 189 232 706
13.5150707 72 172 242 621
13.616862 47 177 263 532
13.715375 43 176 293 434
13.8142957 50 178 281 343
13.9251016 37 169 265 272
14.0148974 36 164 251 219
14.1167993 33 162 230 178
14.2156238 40 153 195 163
14.3139026 35 147 170 141
14.4159162 32 141 155 111
14.5147795 28 139 139 119
14.6271832 36 138 117 128
14.7153129 39 139 95 145
14.8287764 53 137 86 160
14.9159917 62 142 69 175
15.0143024 58 134 56 186
15.1165084 81 133 53 245
15.2146454 242 124 47 239
15.3169647 255 167 97 280
15.432124 116 296 145 278
15.513585 99 335 154 259
15.616633 72 304 153 214
15.7321739 73 239 189 254
15.8167082 72 164 223 579
15.9157178 63 148 174 968
16.0137809 54 222 106 968
16.1162193 42 251 139 967
16.214117 45 240 122 969
16.3167515 45 242 153 967
16.4211102 40 229 132 967
16.5329616 40 214 122 961
16.6158838 33 200 87 809
16.714183 32 196 89 668
16.8164548 33 189 85 540
16.9149104 30 190 105 446
17.0168885 41 161 104 367
17.131779 34 148 92 296
17.2139356 37 141 102 254
17.3165255 44 134 106 204
17.4152968 35 120 92 176
17.5168391 35 122 108 165
17.6297794 32 138 99 167
17.7170048 32 125 121 159
17.816026 36 120 98 155
17.9143256 40 122 83 164
18.0166834 38 112 97 167
18.145904 32 117 81 171
18.2258863 32 112 74 193
18.3153808 34 118 113 190
18.4136764 34 104 102 192
18.516596 30 95 80 179
18.6357526 27 94 68 174
18.7166219 28 104 81 188
18.8156092 33 95 74 250
18.9314337 31 91 86 439
19.0160067 37 107 78 729
19.1141438 33 148 63 946
19.2167704 31 162 82 967
19.3207177 83 172 109 967
19.417183 186 172 188 937
19.5582131 249 194 199 837
19.6343274 128 188 143 783
19.7166257 60 159 97 723
19.8327428 37 162 97 658
19.9169326 31 169 144 564
20.0151745 27 162 156 453
20.1134764 28 160 131 367
20.2158623 27 152 97 306
20.3146832 26 145 66 266
20.4281854 24 134 61 236
20.5153415 28 127 44 210
20.6170143 28 133 39 200
20.7156815 38 132 35 194
20.8138802 43 116 33 176
20.9167562 36 116 36 168
21.0150707 32 113 35 168
21.1170433 31 104 28 163
21.2413255 33 101 28 178
21.3188787 204 98 26 157
21.4194655 107 108 35 168
21.5145842 93 98 32 160
21.6168212 63 98 30 179
21.7154377 81 74 34 162
21.8138249 275 76 33 161
21.9157015 177 72 30 195
22.0146745 272 84 48 148
22.1169071 166 160 79 176
22.225055 135 242 100 240
22.3169924 84 247 95 232
22.4165716 67 213 86 212
22.5146398 71 240 109 281
22.6445554 68 183 182 257
22.7210146 64 162 211 689
22.8170288 58 178 162 968
22.9152823 50 199 124 967
23.0134671 46 176 101 967
23.1190252 38 170 75 968
23.2149021 36 161 100 806
23.3230861 32 155 72 660
23.4153706 34 148 80 525
23.5171547 31 137 64 406
23.6156862 31 126 64 321
23.7145615 32 117 66 253
23.8163512 29 113 81 203
23.9152774 39 120 98 188
24.028895 33 117 78 165
24.1153282 31 112 91 155
24.2142639 32 105 94 164
24.3295438 29 112 100 160
24.4148537 35 107 102 175
24.5166834 31 116 85 177
24.6157054 30 102 71 155
24.7289818 33 106 74 174
24.8347564 30 103 93 172
24.9141362 30 112 83 173
25.0169885 32 110 104 170
25.1188383 32 103 100 168
25.217089 36 113 77 171
25.3255077 32 104 91 156
25.4142306 33 93 78 151
25.5162468 28 86 83 148
25.6150735 26 88 69 136
25.7289575 25 97 76 142
25.8156049 25 88 84 178
25.9139184 28 75 95 359
26.0163237 27 98 81 568
26.1142781 33 104 47 687
26.2164981 35 103 42 719
26.3155365 90 106 85 669
26.459758 185 134 109 629
26.5392775 99 118 73 597
26.6156046 45 99 48 571
26.716901 30 103 34 529
26.8286243 25 100 34 477
26.9170208 24 103 56 426
27.0154272 24 100 61 378
27.1142846 23 104 56 342
27.2274831 24 98 49 302
27.3143406 24 88 52 276
27.4169487 24 94 54 243
27.5373129 24 89 42 210
27.6171681 26 111 48 198
27.7163684 26 88 46 188
27.8301924 28 89 38 186
27.916807 26 91 32 186
28.0151968 29 84 28 187
28.1317326 25 98 32 177
28.2159082 25 92 28 182
28.314255 32 100 31 207
28.4162622 28 83 34 191
28.5145655 30 77 32 161
28.6170844 31 79 32 172
28.7376116 33 96 30 160
28.8143979 30 88 29 168
28.9159087 44 67 35 174
29.0148284 83 72 45 171
29.1310163 771 77 36 158
29.2150107 559 121 77 247
29.3173188 221 168 87 282
29.4342533 142 193 126 243
29.5141021 106 176 118 246
29.6171003 102 152 130 227
29.7613435 75 144 148 226
29.8395918 69 111 202 514
29.9165797 67 152 150 967
30.0136727 54 222 82 967
30.1160701 42 256 97 968
30.2143753 39 254 84 968
30.3170252 33 228 79 967
30.4326016 28 196 75 965
30.5171998 28 169 58 776
30.6162488 35 153 88 603
30.744816 29 137 80 473
30.8229499 29 136 83 356
30.9151647 29 115 67 260
31.017133 24 115 67 197
31.1160948 24 109 84 161
31.2144673 38 105 90 155
31.3340578 34 99 98 156
31.4376398 29 90 97 168
31.5168055 31 92 104 173
31.6153477 28 88 78 211
31.7139703 28 93 77 215
31.8216745 31 93 92 205
31.9148326 29 92 85 215
32.0166387 26 89 67 224
32.1155963 28 96 70 220
32.2172652 31 89 86 218
32.3157408 29 78 80 216
32.4145867 26 85 71 217
32.5270438 30 78 53 192
32.6147475 34 97 64 189
32.7171697 32 95 75 184
32.8338742 30 92 72 170
32.9137637 26 94 71 168
33.0166539 29 82 68 160
33.1568037 26 82 68 154
33.2333395 26 88 67 158
33.315535 26 82 58 200
33.4174072 27 86 69 254
33.5157908 25 95 71 419
33.6147106 24 94 57 622
33.7165228 26 102 56 733
33.815303 28 105 65 757
33.9175829 77 106 129 743
34.0162779 142 128 178 663
34.1307932 101 110 138 598
34.2166867 46 103 88 568
34.3147466 31 101 51 539
34.4171236 26 108 40 496
34.5157293 25 107 36 454
34.6234582 25 108 31 395
34.7322046 25 98 31 360
34.8156408 24 95 30 324
34.917142 24 84 29 298
35.0292668 24 79 29 272
35.1173308 23 87 29 256
35.215759 24 89 29 243
35.3145776 24 80 34 233
35.431692 24 66 32 221
35.5146995 24 76 31 202
35.6173498 24 75 33 187
35.7161226 24 77 30 178
35.8139681 25 80 28 188
35.9162087 24 87 26 172
36.0150309 24 81 25 166
36.1277907 24 78 26 159
36.2151213 24 84 26 161
36.3173924 23 75 26 159
36.4389622 24 71 26 160
36.5368684 25 74 27 151
37.1948893 24 77 27 152
