0.8790292 119 130 39 337
0.9634539 119 104 34 311
1.0638738 112 123 45 290
1.1556723 125 139 33 360
1.236727 185 141 37 481
1.3187882 222 224 121 405
1.3971811 191 264 82 354
1.4740141 221 195 72 351
1.5671203 248 183 60 353
1.6467925 177 164 74 362
1.7191143 137 125 56 357
1.7935468 113 132 52 302
1.8673864 92 123 55 261
1.9440406 80 96 65 264
2.0222229 66 87 64 282
2.1006425 51 77 66 255
2.1764154 56 76 64 255
2.2544761 42 78 48 224
2.3356521 40 90 49 219
2.411236 72 85 48 200
2.4881494 52 89 51 211
2.5637752 45 91 45 206
2.6380949 59 90 62 208
2.7131573 63 90 51 218
2.8106282 47 90 51 205
2.8849143 47 94 44 198
2.9610205 64 91 47 186
3.0368717 55 94 37 192
3.1190903 61 94 70 182
3.2176238 56 94 60 177
3.3202496 69 96 79 174
3.4184804 79 87 69 167
3.5218724 59 92 69 163
3.6191814 66 94 79 149
3.7231717 76 102 85 158
3.8198549 79 100 84 174
3.924437 80 102 68 184
4.020197 64 112 243 214
4.1184889 73 101 966 190
4.2206244 65 104 966 182
4.3191855 52 94 966 173
4.4174939 42 89 966 159
4.5201524 47 96 966 169
4.6186865 54 99 966 176
4.729799 41 105 965 171
4.8189051 48 103 966 174
4.9178141 73 102 966 186
5.0364665 53 99 966 183
5.1180121 54 95 966 185
5.2202691 67 95 966 211
5.3192196 106 93 966 196
5.4225622 101 92 967 185
5.5198763 83 98 966 158
5.6297009 101 87 655 151
5.7204004 92 94 378 164
5.8184135 99 82 168 156
5.9206771 89 87 96 146
6.0582177 87 86 141 144
6.1337353 84 78 213 154
6.2202405 66 82 285 170
6.3180473 61 80 360 167
6.4203799 67 78 402 163
6.5190446 60 74 421 173
6.6176605 58 77 457 174
6.7203209 54 75 516 181
6.8183874 46 73 587 193
6.9286967 49 70 633 194
7.0189943 42 75 649 191
7.120804 37 74 650 188
7.2198715 31 76 656 190
7.3293348 40 77 641 198
7.4200114 37 79 594 183
7.5189078 40 68 507 160
7.6570042 43 74 430 145
7.7642411 40 69 536 142
7.8419018 40 71 965 138
7.9196479 35 75 965 166
8.0184092 38 72 965 192
8.1207936 40 74 965 223
8.2193559 50 82 966 270
8.3211498 63 80 965 300
8.4198642 41 83 965 327
8.5391412 47 87 966 313
8.6203044 64 88 965 299
8.7188867 48 94 965 275
8.8208018 56 98 966 245
8.9307658 52 102 965 225
9.017711 46 106 965 193
9.1204211 49 112 966 166
9.226997 59 110 965 147
9.3305824 55 110 965 132
9.419276 77 104 965 125
9.5210148 65 104 965 117
9.6202947 56 102 965 124
9.731087 48 101 966 122
9.8205155 62 102 965 121
9.9186088 73 97 965 122
10.0210042 69 101 965 126
10.126497 52 99 940 125
10.2180079 49 98 864 120
10.3204048 53 93 799 120
10.4189041 52 89 751 125
10.520486 57 86 690 130
10.6190379 55 83 638 121
10.7177297 52 76 602 124
10.8202116 107 76 553 127
10.9183845 74 77 485 128
11.0492736 86 74 442 127
11.1298047 80 71 409 122
11.2208104 73 71 355 128
11.3200549 83 68 324 121
11.4329307 74 63 305 123
11.5203118 62 62 268 122
11.6353551 43 61 249 117
11.7206091 60 60 237 121
11.8193271 46 59 208 120
11.9178959 47 57 188 120
12.020282 40 54 164 121
12.1181986 50 58 141 120
12.2207992 47 57 124 120
12.3362871 40 56 115 116
12.4175615 43 53 94 115
12.5200503 44 52 89 112
12.6423827 37 52 101 109
12.7202207 51 54 88 111
12.8184934 40 55 83 116
12.9209278 36 57 83 127
13.0353664 41 57 95 127
13.1175443 68 57 91 126
13.2200081 83 58 102 131
13.3185867 57 62 101 123
13.4205391 49 62 108 122
13.5196251 79 63 110 132
13.6351503 65 68 128 132
13.7200864 67 69 93 124
13.8184506 73 68 755 138
13.9203267 81 78 966 134
14.0192659 66 77 966 157
14.1294403 76 85 966 171
14.2194021 52 84 968 167
14.3193303 55 71 966 172
14.4201107 37 75 966 163
14.519074 38 72 966 152
14.63363 51 80 965 145
14.7191606 47 75 965 139
14.8179663 40 76 966 163
14.9294635 42 73 966 153
15.0186219 41 78 965 156
15.1208402 44 74 965 156
15.2193561 57 84 966 161
15.3219633 47 79 965 162
15.4196134 44 79 966 177
15.5183512 41 84 603 163
15.6203707 39 80 223 163
15.7191496 40 77 286 155
15.8280182 33 70 534 142
15.9302396 36 66 782 155
16.0175975 48 69 965 152
16.1206256 34 72 965 151
16.2183897 27 74 965 151
16.320934 28 67 965 159
16.434013 35 75 965 158
16.5211749 31 73 965 149
16.6201545 40 74 965 148
16.7184859 30 73 965 147
16.8203483 29 76 965 155
16.919295 34 77 965 150
17.0319251 34 73 965 151
17.1194048 34 68 965 145
17.2182442 37 72 962 145
17.3202029 44 68 965 133
17.4189483 45 67 965 154
17.5208269 34 73 965 144
17.6308236 31 74 965 136
17.7175454 45 74 964 149
17.8204517 39 74 965 146
17.9387536 38 68 966 142
18.0204587 46 71 965 155
18.1193891 52 73 965 171
18.2304312 70 71 966 178
18.3202432 93 78 965 186
18.4179596 87 78 966 192
18.5210085 79 84 965 184
18.6585649 69 88 965 159
18.7422346 90 99 966 157
18.8206543 71 115 965 148
18.9183114 94 122 965 138
19.028622 86 132 965 148
19.1188136 72 132 966 139
19.2433878 109 143 965 138
19.3298715 99 151 965 137
19.4214444 82 161 965 128
19.5277372 85 157 966 133
19.6183594 61 152 965 130
19.7204961 56 142 965 136
19.8193917 71 135 965 160
19.9314518 61 125 966 192
20.0194763 55 116 965 237
20.1184647 65 113 965 265
20.2320075 63 105 930 285
20.3185011 61 101 841 301
20.4210502 67 99 763 318
20.5198521 58 93 706 330
20.6423966 64 92 632 333
20.7207827 69 93 568 344
20.8190356 55 90 532 344
20.9640737 70 88 471 341
21.0410858 65 88 430 341
21.1211471 62 86 375 334
21.2202704 61 82 350 332
21.3311 48 86 300 326
21.4203036 58 86 270 315
21.5192779 73 86 261 310
21.6317091 61 86 234 301
21.7197913 59 90 219 286
21.8180916 44 85 220 277
21.9206936 43 87 201 260
22.0213576 48 88 191 249
22.1211081 59 92 163 245
22.2339205 46 93 145 240
22.3212637 33 93 111 237
22.4200696 38 92 128 235
22.51802 47 91 114 224
22.623853 42 90 126 218
22.7192723 55 88 113 207
22.8212388 67 89 129 202
22.9199932 55 93 181 199
23.0293177 102 90 136 198
23.1207646 105 95 140 190
23.2212377 76 104 148 202
23.3207695 72 96 179 199
23.419274 63 91 208 196
23.5213716 84 98 146 198
23.6241134 64 103 154 173
23.7187999 55 93 966 155
23.8241889 54 96 966 156
23.9195086 47 97 965 161
24.02593 45 88 966 145
24.1196566 54 85 966 157
24.2204981 62 87 965 163
24.3203196 48 84 961 170
24.418612 40 91 966 181
24.5212775 43 98 965 217
24.641168 53 92 966 189
24.7185214 40 87 966 192
24.8207622 32 88 965 203
24.9325932 35 90 966 206
25.0207112 30 90 966 220
25.1197055 29 87 966 217
25.230885 30 91 966 228
25.3202433 34 87 966 236
25.418168 27 81 965 235
25.5211435 28 77 966 234
25.6422203 28 79 966 244
25.72149 28 81 868 253
25.8201576 28 74 667 254
25.9588894 28 75 472 252
26.0367616 30 75 322 253
26.1185833 34 77 198 265
26.2212847 30 77 114 261
26.3312499 33 71 62 260
26.4212997 33 74 43 258
26.520534 38 80 45 243
26.62993 29 75 79 236
26.7210191 27 75 116 222
26.8193231 36 73 147 232
26.9214833 29 74 160 239
27.0350654 28 66 190 234
27.118421 29 69 207 224
27.2209977 29 67 210 210
27.3200233 33 71 233 194
27.4212484 26 73 234 179
27.5574323 26 73 255 174
27.6397028 28 71 266 176
27.7201725 26 75 265 167
27.8190402 30 68 264 160
27.9254071 26 69 273 166
28.0197544 31 64 280 165
28.1213459 29 64 288 154
28.2200779 30 61 358 134
28.3225976 34 63 718 138
28.4211465 34 69 964 138
28.5338284 43 67 965 128
28.6213649 65 65 965 134
28.7196021 65 70 964 146
28.8185224 69 71 965 156
28.9338413 72 71 965 171
29.0190567 105 67 965 167
29.1211978 96 81 966 201
29.246388 79 82 966 171
29.3249128 72 89 965 157
29.4205986 57 88 965 136
29.5298469 59 87 967 119
29.6206443 55 83 965 106
29.7198747 61 80 965 110
29.8289247 49 77 965 110
29.920314 69 77 965 130
30.0259273 73 72 965 117
30.121008 67 77 965 137
30.2274158 56 71 963 127
30.3212861 63 69 965 136
30.4245599 62 66 965 132
30.5216253 64 67 965 136
30.621006 82 64 965 139
30.7223516 57 62 965 147
30.8249664 41 62 966 158
30.9195981 37 61 964 164
31.0217856 50 58 965 165
31.1249124 47 63 966 159
31.2184432 47 60 965 159
31.3211691 42 60 965 161
31.4192833 37 61 964 159
31.52117 56 63 965 159
31.6196402 52 63 957 163
31.7185067 53 60 899 156
31.8316201 49 60 859 148
31.9190099 47 58 809 149
32.0213459 44 56 780 146
32.1193748 42 55 730 149
32.221679 45 54 668 146
32.3304189 52 55 630 151
32.4187893 52 55 588 151
32.5398061 47 53 572 145
32.6190774 58 55 514 146
32.721567 50 52 488 145
32.8376313 42 52 455 144
32.9184665 55 51 408 146
33.0208165 58 47 375 129
33.1191394 51 51 354 123
33.2210262 56 53 335 124
33.3200554 48 53 303 124
33.4215665 53 54 271 125
33.5207086 38 50 233 125
33.634942 49 52 223 122
33.7210232 52 52 215 122
33.8196201 41 52 189 121
33.9215792 47 51 192 119
34.0199262 62 51 153 113
34.1187942 44 50 145 105
34.2322553 43 51 148 106
34.3188359 40 54 144 105
34.4211637 50 52 148 109
34.5202153 42 50 128 103
34.6363301 40 50 129 96
34.7206938 45 50 147 101
34.8186342 38 49 124 98
34.9217792 41 50 116 106
35.0510222 46 53 95 106
35.1269245 66 51 89 104
35.2205835 75 52 103 103
35.3244369 44 53 96 100
35.4207561 47 53 111 104
35.5195543 98 55 113 110
35.6282746 73 63 124 113
35.7204136 113 59 135 112
35.8525726 117 57 107 119
35.9311271 125 61 119 123
36.0189913 84 66 132 136
36.1214453 98 67 133 139
36.2226089 203 84 215 161
36.3219918 192 115 965 191
36.4206844 113 95 965 205
36.5189029 99 99 966 214
36.6214109 103 105 965 228
36.7192229 63 89 966 226
36.8217656 83 93 966 219
36.9393753 67 81 966 205
37.0185378 48 77 965 198
37.1205568 56 82 965 203
37.2195316 62 88 966 197
37.3330029 53 90 966 185
37.4200686 73 106 966 201
37.5438816 60 96 966 166
37.6233904 48 85 966 169
37.7192249 52 83 966 184
37.8283225 57 93 966 183
37.9197923 59 86 966 178
38.0217503 57 92 965 189
38.1204958 59 91 966 223
38.2187842 62 84 831 181
38.3211899 58 83 676 173
38.4196422 60 83 554 167
38.5216923 54 75 455 171
38.6360323 53 85 375 184
38.7218855 51 84 310 191
38.821039 47 78 256 196
38.9388752 52 79 212 182
39.0211833 50 81 176 182
39.1293133 44 84 146 188
39.2218169 48 79 121 176
39.3208578 47 90 100 185
39.4385981 59 88 83 179
39.5213006 48 86 69 184
39.6195966 43 86 58 168
39.7214733 57 79 47 178
39.8204871 47 81 40 184
39.9356505 40 78 33 190
40.0205581 55 74 28 179
40.1196418 39 70 26 161
40.2518026 72 67 26 155
40.3284902 76 66 473 154
40.4218878 67 67 965 151
40.520967 83 63 965 171
40.6396858 69 66 965 208
40.7216918 64 68 966 225
40.8456237 67 72 965 232
40.9226584 56 84 965 231
41.0209482 48 83 965 210
41.1497464 66 90 965 199
41.2265686 59 100 966 177
41.3196664 72 99 964 162
41.4241567 59 98 966 149
41.5202899 62 93 966 128
41.6273126 68 89 965 126
41.7210119 60 89 965 122
41.8272754 76 82 966 118
41.921518 71 80 965 120
42.0212186 69 77 965 119
42.1219195 73 73 965 117
42.2320692 75 73 966 122
42.3189056 68 69 966 114
42.4350474 75 67 965 114
42.5192504 65 66 965 118
42.6214569 66 61 965 119
42.7205651 83 60 965 119
42.8221401 75 61 966 116
42.9247506 66 56 965 115
43.0196338 66 59 965 125
43.1215017 63 58 965 125
43.2272144 73 54 965 130
43.3221234 70 57 965 129
43.420891 57 55 965 125
43.5207785 57 55 965 122
43.6216821 48 53 965 119
43.7355979 78 53 965 123
43.8218511 55 51 965 119
43.9205418 48 53 965 119
44.0183136 54 53 965 118
44.121863 52 55 928 124
44.2191088 57 53 889 119
44.3214204 55 54 841 121
44.4197752 51 54 807 120
44.5222061 58 52 761 126
44.6224954 47 51 715 125
44.7193113 55 53 691 118
44.8216415 51 53 659 116
44.9271529 53 55 607 116
45.0219868 43 53 588 120
45.1225574 48 52 560 117
45.2190351 39 53 527 123
45.3252945 43 52 503 117
45.4197769 56 56 478 118
45.5221179 46 52 449 120
45.6202264 56 50 413 116
45.7221383 52 51 382 115
45.8263487 49 52 346 115
45.9194819 66 53 321 118
46.0216695 51 53 328 113
46.1202323 41 55 288 109
46.2220298 50 52 272 112
46.324911 48 53 249 113
46.4192666 55 54 232 114
46.5248532 57 52 217 116
46.6199621 66 53 202 120
46.7219806 43 55 180 122
46.8281583 68 53 164 117
46.9190289 65 53 161 113
47.0207902 49 51 165 110
47.1197255 42 52 148 114
47.2330879 45 53 145 117
47.3202678 53 52 140 118
47.4397583 52 52 122 115
47.5205049 43 54 119 113
47.6194578 43 51 131 110
47.7349484 43 51 109 113
47.8198942 51 49 93 115
47.9219028 41 52 88 117
48.0218671 41 52 87 117
48.1191126 52 51 93 112
48.2332357 65 52 100 113
48.3192548 43 51 94 114
48.4219973 58 51 87 113
48.5199623 59 52 87 108
48.6222057 56 53 103 113
48.7305496 55 55 109 120
48.8194802 138 58 144 135
48.9218217 148 62 135 146
49.0201952 109 64 138 140
49.1415829 98 73 116 164
49.2203808 95 88 320 171
49.3191655 96 87 970 194
49.4212609 127 100 966 214
49.5200551 94 96 966 293
49.6220872 86 90 966 369
49.7328507 100 94 966 382
49.8223709 104 96 966 365
49.9209154 88 110 966 339
50.0198164 76 120 966 318
50.1320665 77 130 966 303
50.2198385 114 134 966 300
50.3222958 97 135 967 293
50.4398595 91 131 966 271
50.5189269 95 129 966 262
50.6220106 124 128 699 282
50.7537451 111 131 279 286
50.822231 115 130 164 287
50.9354221 116 129 257 292
51.0225514 103 126 465 327
51.1213323 103 125 666 324
51.2194105 95 117 841 347
51.322169 109 118 923 331
51.4240887 104 114 965 336
51.522163 103 112 965 352
51.6214241 103 106 967 365
51.734019 82 104 965 399
51.8218347 85 110 965 402
51.9202074 77 110 965 427
52.0220502 74 108 965 406
52.1210615 66 103 965 414
52.2332923 70 98 965 399
52.3214661 89 98 966 409
52.4414681 87 96 965 413
52.523798 71 94 965 409
52.6201285 58 88 965 412
52.7223814 71 93 965 414
52.8385057 77 91 965 410
52.9192213 66 90 964 389
53.0220271 59 92 948 404
53.1351442 59 90 935 410
53.2222591 57 93 914 399
53.3209872 58 87 877 396
53.4189578 40 92 858 392
53.5218998 45 80 839 358
53.6195899 39 74 697 308
53.7225506 55 72 965 248
53.8479965 60 71 965 180
53.9263894 53 70 966 149
54.0212938 47 74 965 202
54.1363531 55 81 965 270
54.2275975 56 86 965 312
54.3256776 59 97 966 365
54.4222293 54 107 965 393
54.5213997 39 118 965 410
54.6192538 45 124 965 409
54.7215714 45 128 966 406
54.8200417 41 127 965 399
54.9222325 55 126 965 401
55.021987 45 122 966 391
55.1192394 60 118 965 386
55.2217189 60 116 965 376
55.3242597 65 114 966 379
55.4222668 67 108 965 373
55.5273729 66 101 965 366
55.6224418 67 95 965 362
55.7537652 72 89 965 362
55.8317481 68 87 966 356
55.9219375 76 84 877 355
56.0216465 81 79 835 348
56.1223182 93 74 765 344
56.2328945 95 71 670 334
56.3193501 93 65 612 329
56.4215152 98 62 584 317
56.5202311 96 57 542 299
56.6266776 80 55 506 289
56.7208785 78 55 424 287
56.8303717 70 54 440 283
56.9210037 75 55 382 271
57.0195662 76 53 380 256
57.1219463 78 51 359 251
57.2206788 66 51 331 244
57.3224847 59 48 316 238
57.4502834 59 51 284 236
57.5270922 70 52 270 227
57.6214289 74 51 271 217
57.720376 75 54 239 220
57.8389331 73 52 218 205
57.9208904 57 53 220 198
58.0192204 53 51 200 193
58.1218042 57 52 219 180
58.2205171 53 51 209 173
58.3222906 52 49 219 164
58.4206272 50 51 203 160
58.5224757 73 49 173 158
58.6208153 53 52 184 149
58.7192037 64 52 171 140
58.8221818 48 54 155 146
58.9372728 61 52 160 147
59.0457086 49 56 136 137
59.1255255 55 55 156 133
59.2195187 52 53 151 135
59.3216043 49 55 135 123
59.4200874 38 56 157 114
59.5223528 41 53 142 107
59.6268316 48 58 157 125
59.7226016 61 66 142 174
59.8425483 47 69 146 343
59.9199192 40 74 126 311
60.0223415 35 103 111 289
60.1482657 43 100 85 335
60.2286279 55 100 80 311
60.3209313 46 202 84 346
60.4193239 33 241 71 330
60.5220787 37 260 61 459
60.7631703 89 136 61 428
