-1 -1 -1 -1 -1 -1 -1 -1 -1 -1 -1
1 36 72 63 23 0.45 -1.11 -0.05 -0.53 0.37 -0.39
2 32 72 67 23 0.28 -1.26 -0.13 -0.79 0.23 -0.15
3 53 72 64 23 0.19 -1.33 -0.17 -0.9 0.11 -0.23
4 52 73 64 23 0.03 -1.5 -0.21 -1.04 -0.01 -0.23
5 43 73 60 23 -0.06 -1.62 -0.25 -0.22 -0.12 -0.19
6 38 71 59 23 -0.09 -1.63 -0.24 0.61 -0.15 -0.02
7 38 71 60 24 -0.11 -1.44 -0.21 1.62 -0.02 0.18
8 34 71 64 25 -0.19 -0.93 -0.25 1.73 -0.27 0.28
9 30 74 67 24 -0.24 -0.62 -0.29 0.65 -0.42 0.15
10 27 71 70 25 -0.29 -0.12 -0.41 0.23 -0.34 0.03
11 62 72 69 25 -0.31 0.04 -0.49 -0.81 -0.14 -0.25
12 48 70 64 24 -0.33 -0.0 -0.51 -0.56 0.07 -0.2
13 49 70 67 23 -0.39 -0.18 -0.56 -0.43 0.21 -0.11
14 43 70 66 25 -0.48 -0.24 -0.6 0.0 0.12 0.03
15 37 70 69 24 -0.52 -0.23 -0.6 0.26 0.07 -0.06
16 34 70 71 25 -0.57 -0.14 -0.61 0.46 -0.11 -0.06
17 57 71 72 25 -0.57 -0.01 -0.6 0.4 -0.27 -0.16
18 54 71 72 25 -0.55 0.07 -0.6 0.28 -0.51 -0.17
19 47 72 70 24 -0.48 0.25 -0.59 0.24 -0.51 -0.24
20 41 73 78 25 -0.42 0.39 -0.61 -0.13 -0.44 -0.2
21 36 74 99 25 -0.38 0.41 -0.62 -0.56 -0.2 -0.15
22 34 74 101 24 -0.34 0.33 -0.64 -0.63 -0.15 -0.18
23 63 77 97 24 -0.33 0.15 -0.63 -0.42 -0.01 -0.1
24 54 73 103 26 -0.36 0.07 -0.61 0.01 -0.13 -0.21
25 47 73 105 25 -0.4 0.01 -0.57 0.43 -0.12 -0.01
26 47 73 95 25 -0.43 0.13 -0.53 0.46 0.02 0.06
27 49 74 98 24 -0.45 0.2 -0.53 0.15 -0.23 -0.08
28 70 74 99 24 -0.5 0.28 -0.49 0.2 -0.26 -0.1
29 58 75 94 24 -0.52 0.32 -0.44 0.26 -0.24 -0.19
30 54 76 87 25 -0.52 0.34 -0.41 0.36 -0.24 -0.15
31 59 78 84 25 -0.51 0.38 -0.33 0.49 -0.23 -0.11
32 78 78 81 24 -0.48 0.45 -0.27 0.29 -0.35 -0.11
33 68 78 94 26 -0.42 0.5 -0.25 0.05 -0.22 -0.27
34 59 80 100 28 -0.36 0.53 -0.21 -0.13 -0.38 -0.33
35 54 81 90 29 -0.27 0.42 -0.16 -0.62 -0.5 -0.41
36 72 82 82 32 -0.22 0.34 -0.13 -0.83 -0.45 -0.44
37 61 83 85 35 -0.13 0.13 -0.1 -0.84 -0.42 -0.48
38 54 84 85 38 -0.04 -0.06 -0.08 -0.29 -0.29 -0.3
39 46 86 86 43 0.01 -0.09 -0.07 0.29 -0.23 -0.22
40 45 86 88 49 0.1 -0.05 -0.06 0.4 -0.19 -0.14
41 40 87 89 56 0.16 0.05 -0.07 0.04 -0.07 -0.13
42 64 85 88 65 0.17 0.09 -0.09 -0.29 -0.11 -0.14
43 55 86 84 71 0.2 0.06 -0.1 -0.44 -0.13 -0.18
44 47 85 85 77 0.21 -0.02 -0.1 -0.55 -0.4 -0.34
45 45 87 87 80 0.21 -0.08 -0.09 -0.39 -0.48 -0.29
46 44 86 88 84 0.22 -0.16 -0.07 -0.29 -0.34 -0.24
47 37 87 82 87 0.21 -0.19 -0.07 -0.46 -0.28 -0.18
48 61 87 87 90 0.19 -0.22 -0.07 -0.21 0.01 -0.1
49 52 86 85 92 0.15 -0.28 -0.08 -0.15 0.08 -0.03
50 52 86 83 95 0.09 -0.33 -0.09 -0.01 0.13 -0.02
51 45 88 80 99 0.07 -0.34 -0.1 -0.18 0.04 -0.09
52 43 90 82 107 0.03 -0.37 -0.08 -0.22 -0.03 -0.12
53 37 89 82 108 -0.02 -0.47 -0.06 -0.38 -0.24 -0.26
54 32 90 81 114 -0.02 -0.53 -0.04 -0.45 -0.33 -0.28
55 30 90 79 117 -0.01 -0.63 -0.01 0.16 -0.19 -0.23
56 27 91 74 118 -0.0 -0.62 -0.01 0.19 -0.09 -0.04
57 30 92 70 119 -0.01 -0.59 0.0 0.33 -0.08 -0.05
58 43 91 71 119 0.0 -0.49 0.0 0.31 -0.12 -0.11
59 51 90 74 125 0.01 -0.37 0.01 0.19 -0.23 -0.2
60 43 89 78 127 0.01 -0.32 0.01 0.24 -0.25 -0.22
61 39 89 82 131 0.04 -0.24 0.03 0.33 -0.1 -0.12
62 36 86 87 129 0.05 -0.14 0.03 0.0 -0.05 -0.08
63 37 85 90 131 0.04 -0.11 0.03 -0.11 -0.06 -0.09
64 37 85 87 133 0.01 -0.14 0.04 -0.26 -0.04 -0.07
65 36 83 85 133 -0.03 -0.18 0.07 0.0 -0.11 -0.11
66 31 80 83 136 -0.05 -0.18 0.08 0.09 -0.14 -0.15
67 29 79 82 136 -0.08 -0.1 0.11 0.26 -0.06 -0.08
68 52 79 80 138 -0.11 -0.02 0.14 0.13 0.02 -0.02
69 51 78 79 140 -0.14 -0.01 0.15 -0.01 -0.03 -0.12
70 45 76 75 141 -0.18 -0.01 0.18 0.05 -0.1 -0.14
71 46 77 78 145 -0.2 -0.0 0.23 0.2 -0.23 -0.16
72 71 78 76 151 -0.2 0.03 0.24 0.21 -0.18 -0.17
73 60 76 83 155 -0.18 0.15 0.25 0.19 -0.15 -0.16
74 61 75 83 151 -0.15 0.24 0.24 0.04 0.01 -0.11
75 55 75 77 156 -0.14 0.26 0.22 -0.06 0.03 -0.1
76 51 74 77 159 -0.12 0.25 0.2 -0.06 -0.16 -0.18
77 60 73 77 162 -0.08 0.25 0.19 -0.33 -0.26 -0.18
78 67 72 73 165 -0.05 0.24 0.18 -0.29 -0.15 -0.26
79 63 73 79 170 0.01 0.22 0.14 -0.39 -0.26 -0.29
80 55 71 74 170 0.08 0.17 0.11 -0.58 -0.28 -0.29
81 49 72 77 169 0.11 0.12 0.1 -0.51 -0.15 -0.26
82 44 72 79 169 0.14 0.01 0.07 -0.35 -0.08 -0.22
83 69 73 76 166 0.17 -0.07 0.05 -0.04 0.0 -0.15
84 61 73 74 165 0.18 -0.07 0.04 -0.05 -0.01 -0.14
85 53 72 71 159 0.18 -0.04 0.02 -0.14 -0.05 -0.12
86 48 71 69 156 0.16 -0.05 0.02 -0.24 -0.12 -0.12
87 44 70 66 156 0.15 -0.07 0.02 -0.09 -0.12 -0.14
88 39 69 76 156 0.14 -0.07 0.03 0.01 -0.07 -0.11
89 43 71 77 151 0.12 -0.07 0.03 -0.06 -0.01 -0.09
90 63 70 72 143 0.11 -0.07 0.04 -0.08 -0.02 -0.13
91 55 72 70 135 0.08 -0.07 0.06 0.02 -0.13 -0.15
92 49 71 71 129 0.07 -0.04 0.06 -0.04 -0.16 -0.19
93 46 71 71 125 0.07 -0.03 0.06 -0.03 -0.13 -0.16
94 46 72 73 118 0.07 -0.02 0.05 -0.18 -0.11 -0.13
95 41 71 86 105 0.09 -0.03 0.05 -0.2 -0.1 -0.19
96 61 70 79 95 0.1 -0.04 0.04 -0.23 -0.12 -0.17
97 53 71 77 89 0.13 -0.08 0.03 -0.36 -0.02 -0.16
98 51 72 74 86 0.13 -0.19 0.05 -0.18 -0.09 -0.15
99 50 72 82 79 0.14 -0.22 0.05 0.06 -0.06 -0.18
100 43 73 85 73 0.15 -0.21 0.07 0.22 -0.07 -0.09
101 68 74 82 66 0.16 -0.16 0.08 0.15 -0.11 -0.12
102 56 73 75 63 0.16 -0.11 0.08 0.14 -0.04 -0.16
103 54 73 78 59 0.16 -0.03 0.06 -0.07 -0.14 -0.19
104 51 72 74 57 0.15 -0.01 0.04 -0.27 -0.06 -0.13
105 43 72 82 52 0.14 -0.02 0.03 -0.16 -0.02 -0.13
106 39 73 78 49 0.11 -0.02 0.02 -0.01 0.08 -0.08
107 62 73 76 48 0.07 -0.01 0.0 0.01 0.17 -0.05
108 57 73 75 46 0.04 -0.0 -0.0 0.0 0.19 -0.06
109 52 72 73 46 -0.01 0.0 0.01 0.14 0.09 -0.12
110 45 71 72 44 -0.04 0.03 0.03 0.24 -0.04 -0.11
111 39 69 68 44 -0.04 0.05 0.05 0.1 -0.14 -0.18
112 40 69 71 42 -0.03 0.08 0.07 -0.17 -0.26 -0.19
113 59 69 75 43 -0.01 0.06 0.07 -0.36 -0.29 -0.23
114 61 69 79 42 0.0 0.04 0.07 -0.33 -0.25 -0.26
115 52 70 79 42 0.05 0.0 0.06 -0.17 -0.13 -0.2
116 44 71 77 43 0.11 0.0 0.05 -0.08 -0.04 -0.2
117 42 72 79 42 0.13 0.01 0.04 -0.11 -0.01 -0.24
118 64 73 74 40 0.17 0.01 0.01 -0.1 0.11 -0.13
119 64 74 72 41 0.18 0.01 -0.02 -0.2 0.1 -0.12
120 54 74 68 41 0.18 0.0 -0.03 -0.15 0.13 -0.12
121 48 76 64 40 0.16 -0.03 -0.04 -0.17 0.04 -0.14
122 42 75 65 39 0.14 -0.07 -0.04 -0.12 -0.06 -0.16
123 39 75 65 41 0.14 -0.08 -0.03 -0.04 -0.1 -0.16
124 42 75 68 40 0.12 -0.09 -0.0 0.02 -0.16 -0.16
125 61 74 73 40 0.11 -0.07 0.03 0.02 -0.07 -0.02
126 51 74 71 39 0.1 -0.06 0.05 0.01 -0.03 -0.04
127 45 75 68 39 0.08 -0.05 0.07 0.06 0.0 0.0
128 44 75 64 40 0.07 -0.03 0.09 0.05 -0.03 0.0
129 44 75 66 38 0.07 -0.01 0.09 0.09 -0.03 -0.03
130 43 74 67 38 0.06 0.03 0.09 -0.2 -0.02 -0.01
131 56 74 66 36 0.05 0.03 0.07 -0.34 -0.02 -0.03
132 57 73 65 37 0.03 0.0 0.07 -0.25 -0.04 -0.05
133 51 73 64 37 0.02 -0.05 0.07 -0.09 -0.08 -0.03
134 44 73 64 36 0.03 -0.03 0.06 -0.01 -0.08 -0.03
135 43 72 69 34 0.03 -0.01 0.05 -0.04 -0.04 -0.03
136 38 73 69 35 0.02 0.01 0.04 -0.2 -0.06 -0.01
137 33 73 70 32 0.02 -0.01 0.03 -0.22 -0.08 -0.01
138 30 72 72 31 0.02 -0.03 0.03 -0.2 -0.11 -0.03
139 28 73 70 32 0.02 -0.04 0.03 -0.05 -0.09 -0.05
140 61 74 70 31 0.02 -0.01 0.01 -0.08 -0.04 -0.03
-200 -200 -200 -200 -200 -200 -200 -200 -200 -200 -200
141 53 73 70 30 0.02 0.0 -0.01 -0.1 0.07 0.0
142 49 74 70 30 0.0 0.01 -0.03 -0.08 0.1 0.04
143 41 74 68 30 -0.01 0.01 -0.04 -0.11 -0.04 -0.01
144 36 73 64 30 -0.03 0.01 -0.04 -0.09 -0.09 -0.03
145 32 72 62 29 -0.02 0.01 -0.04 -0.13 -0.15 -0.05
146 28 72 66 28 -0.01 0.0 -0.03 -0.15 -0.15 -0.08
147 33 73 81 27 0.0 -0.01 -0.02 -0.15 -0.14 -0.08
148 34 72 79 27 0.02 -0.04 -0.01 -0.07 -0.07 -0.08
149 30 72 72 27 0.04 -0.03 -0.01 -0.02 -0.04 0.0
150 27 71 71 26 0.04 -0.03 -0.01 -0.18 0.0 -0.01
151 25 73 69 26 0.03 -0.03 -0.01 -0.18 -0.04 0.0
152 24 74 67 27 0.02 -0.05 -0.01 0.01 -0.06 0.01
153 25 74 68 25 -0.0 -0.07 -0.0 0.07 -0.07 0.0
154 23 73 66 26 -0.02 -0.04 0.01 0.06 -0.06 -0.03
155 26 75 63 26 -0.03 -0.01 0.03 -0.04 -0.05 -0.03
156 21 75 65 25 -0.04 -0.01 0.03 -0.05 -0.05 -0.06
157 25 77 66 25 -0.04 -0.02 0.04 -0.17 -0.01 0.0
158 23 78 62 25 -0.03 -0.04 0.04 -0.25 0.0 0.0
159 22 79 59 25 -0.04 -0.06 0.04 -0.28 0.01 -0.04
160 27 81 58 35 -0.05 -0.13 0.04 -0.11 0.01 0.0
161 65 102 60 66 -0.06 -0.16 0.05 0.23 -0.01 0.14
162 109 139 58 60 -0.09 -0.18 0.08 0.15 -0.03 0.17
163 139 146 56 70 -0.16 -0.08 0.1 -0.11 -0.1 0.31
164 177 158 57 95 -0.17 0.04 0.16 0.48 0.2 0.54
165 166 200 57 89 -0.23 -0.01 0.23 0.62 0.52 0.73
166 193 228 60 87 -0.78 -1.42 0.52 0.39 -1.12 1.35
167 220 273 58 75 -0.35 -1.53 0.29 -0.68 -0.26 2.86
168 185 279 57 67 -0.42 -1.8 0.27 -0.14 -0.01 3.74
169 183 259 60 64 -0.55 -2.0 0.17 -4.51 -3.26 6.4
170 205 298 62 59 1.22 -3.29 -0.83 4.3 2.67 6.7
171 196 274 62 52 1.57 -2.72 -0.91 1.75 0.83 4.53
172 171 248 65 47 2.33 -1.39 -1.05 1.56 0.83 5.12
173 156 232 71 45 2.78 -0.47 -1.18 -0.44 0.61 4.64
174 136 224 74 41 2.99 -0.41 -1.19 -0.46 0.34 4.61
175 115 224 72 37 3.34 -0.87 -1.19 -0.36 0.17 2.78
176 107 210 73 34 3.51 -1.23 -1.13 -0.17 -0.19 1.15
177 103 202 76 36 3.52 -1.24 -1.1 -0.05 -0.34 0.28
178 140 190 83 33 3.34 -1.08 -1.01 -0.18 -0.48 -1.15
179 128 190 83 35 3.08 -0.99 -0.88 -0.64 -1.24 -1.5
180 122 179 81 33 3.01 -0.98 -0.85 -1.31 -1.35 -1.93
181 117 178 92 31 2.78 -0.9 -0.69 -0.85 -1.57 -2.27
182 126 186 101 31 2.48 -0.7 -0.59 -1.28 -2.04 -2.65
183 173 180 97 30 2.37 -0.58 -0.51 -1.2 -2.09 -2.72
184 161 186 92 31 2.06 -0.45 -0.33 -1.29 -2.3 -2.85
185 176 187 90 30 1.73 -0.39 -0.21 -1.1 -2.14 -2.69
186 158 185 88 35 1.61 -0.39 -0.17 -1.22 -2.23 -2.64
187 140 198 87 36 1.31 -0.34 -0.13 -1.12 -1.97 -2.61
188 139 198 85 34 1.03 -0.21 -0.15 -0.61 -2.0 -2.79
189 130 203 82 35 0.9 -0.1 -0.12 -0.44 -1.8 -2.81
190 135 211 91 34 0.71 -0.09 -0.08 -0.72 -1.75 -2.05
191 190 211 94 32 0.65 -0.12 -0.08 -0.77 -1.47 -1.25
192 191 208 89 41 0.56 -0.14 -0.1 -0.8 -1.45 -1.17
193 163 223 91 45 0.39 -0.04 -0.08 -0.55 -1.27 -1.21
194 148 209 93 45 0.33 -0.0 -0.06 -0.15 -0.91 -1.41
195 137 228 94 41 0.24 0.01 -0.02 -0.06 -0.85 -1.3
196 125 218 102 41 0.17 -0.03 -0.02 -0.06 -0.49 -0.81
197 121 210 96 44 0.14 -0.04 -0.04 -0.1 -0.35 -0.65
198 136 210 92 40 0.05 -0.01 -0.07 -0.14 -0.34 -0.6
199 122 209 88 45 -0.06 -0.02 -0.09 -0.11 -0.17 -0.6
200 107 213 91 57 -0.1 -0.02 -0.1 0.05 -0.11 -0.52
201 164 219 93 53 -0.16 0.02 -0.1 0.01 -0.09 -0.42
202 156 228 100 53 -0.2 0.02 -0.1 -0.01 -0.07 -0.21
203 157 249 107 48 -0.21 0.02 -0.1 -0.46 -0.15 0.13
204 151 259 108 50 -0.21 0.03 -0.09 -0.61 -0.18 0.19
205 135 242 106 50 -0.19 -0.0 -0.05 -0.49 -0.2 0.3
206 129 251 115 55 -0.16 -0.03 -0.02 -0.45 -0.21 0.31
207 144 229 110 51 -0.11 -0.06 0.03 -0.38 -0.12 0.25
208 129 241 110 50 -0.08 -0.02 0.06 -0.09 -0.08 0.04
209 133 248 106 49 -0.06 0.0 0.07 -0.07 -0.01 -0.17
210 131 248 106 46 -0.02 0.01 0.08 -0.04 0.05 -0.16
211 118 236 111 45 -0.01 0.01 0.07 -0.14 0.07 -0.16
212 123 259 103 47 -0.01 0.03 0.07 -0.24 -0.01 -0.31
213 137 257 107 47 -0.04 0.02 0.07 -0.24 0.0 -0.39
214 128 252 105 57 -0.05 0.01 0.07 -0.11 -0.14 -0.41
215 128 248 102 54 -0.06 0.01 0.07 -0.19 -0.14 -0.29
216 132 235 106 52 -0.05 0.01 0.07 -0.16 -0.13 -0.32
217 126 247 108 51 -0.04 0.02 0.08 -0.21 -0.17 -0.14
218 118 257 104 46 -0.05 0.03 0.06 -0.33 -0.14 0.0
219 155 265 99 52 -0.05 0.03 0.06 -0.26 -0.11 -0.03
220 153 253 95 53 -0.03 0.04 0.06 -0.08 0.02 -0.12
221 139 268 93 53 -0.03 0.06 0.05 -0.06 0.03 -0.17
222 133 254 119 51 -0.02 0.05 0.05 0.01 0.02 -0.17
223 117 250 114 50 -0.0 0.03 0.03 -0.01 -0.01 -0.14
224 125 255 103 59 0.0 0.02 0.02 -0.05 -0.05 -0.05
225 107 268 102 58 0.0 0.02 0.01 -0.05 -0.02 -0.1
226 134 300 98 62 0.0 0.03 0.01 -0.04 -0.11 -0.19
227 130 290 106 57 0.0 0.03 0.01 -0.11 -0.08 -0.11
228 126 280 99 63 0.01 0.01 0.02 -0.09 -0.14 -0.16
229 113 267 98 57 -0.0 0.0 0.03 -0.09 -0.13 -0.07
230 102 258 95 58 -0.01 0.0 0.03 -0.14 -0.15 -0.08
231 107 289 93 62 -0.02 -0.01 0.03 -0.14 -0.16 -0.21
232 102 385 94 56 -0.02 -0.03 0.04 -0.13 -0.15 -0.16
233 119 463 91 53 -0.02 -0.05 0.04 -0.16 -0.12 -0.17
234 120 459 93 58 0.0 -0.03 0.04 -0.26 -0.13 -0.19
235 110 405 90 56 0.07 -0.01 0.04 -0.3 -0.21 -0.18
236 98 359 101 52 0.09 -0.01 0.03 -0.28 -0.18 0.18
237 97 335 106 53 0.08 -0.01 0.03 -0.27 -0.14 0.22
238 94 313 102 51 0.07 0.0 0.03 -0.23 0.01 0.22
239 88 327 96 50 0.05 0.0 0.03 -0.19 0.05 0.06
240 117 287 107 49 0.04 -0.02 0.03 -0.17 0.03 -0.02
241 107 253 150 48 0.03 -0.05 0.01 -0.1 0.03 -0.03
242 96 248 174 44 0.02 -0.05 -0.0 -0.11 0.08 -0.03
243 95 299 170 44 -0.01 -0.04 -0.01 -0.12 0.06 0.04
244 94 276 150 48 -0.08 0.0 -0.01 -0.25 0.08 0.09
245 93 298 134 47 -0.09 0.02 -0.0 -0.2 0.0 -0.21
246 87 289 129 51 -0.11 0.02 0.01 -0.01 -0.05 -0.5
247 106 267 136 50 -0.12 0.02 0.05 -0.03 -0.14 -0.43
248 105 259 136 48 -0.1 -0.0 0.05 -0.11 -0.15 -0.05
249 102 283 125 47 -0.09 -0.01 0.07 -0.15 -0.19 0.1
250 97 282 118 50 -0.09 0.01 0.07 -0.08 -0.21 0.11
251 99 273 111 52 -0.08 0.01 0.07 -0.16 -0.27 0.0
252 94 271 107 51 -0.06 -0.01 0.06 -0.12 -0.29 -0.09
253 87 274 111 54 -0.06 -0.04 0.04 -0.09 -0.21 -0.12
254 75 265 109 51 -0.06 -0.03 0.03 -0.07 -0.2 -0.13
255 117 243 103 55 -0.07 -0.02 0.02 -0.01 -0.2 -0.22
256 103 242 95 53 -0.07 -0.01 0.03 -0.05 -0.17 -0.25
257 96 252 94 52 -0.07 -0.02 0.03 -0.05 -0.2 -0.15
258 82 236 105 52 -0.07 -0.04 0.03 -0.11 -0.22 -0.09
259 72 249 103 51 -0.08 -0.05 0.02 -0.02 -0.28 -0.11
260 78 264 166 52 -0.09 -0.04 0.02 -0.07 -0.24 -0.08
261 76 269 158 54 -0.12 -0.02 0.01 -0.11 -0.26 0.05
262 79 295 142 53 -0.14 0.01 0.0 -0.12 -0.2 -0.04
263 100 255 128 57 -0.15 0.01 0.0 -0.14 -0.21 -0.18
264 90 248 120 51 -0.12 0.02 0.02 0.05 -0.09 -0.51
265 91 258 114 48 -0.11 0.03 0.04 -0.06 -0.14 -0.18
266 79 231 112 45 -0.1 0.03 0.04 -0.09 -0.2 -0.08
267 65 230 101 43 -0.1 0.04 0.04 -0.09 -0.14 -0.11
268 57 207 93 41 -0.11 0.08 0.02 -0.19 -0.29 -0.31
269 48 183 87 44 -0.13 0.11 0.02 -0.21 -0.35 -0.46
270 42 163 83 38 -0.17 0.19 0.03 -0.58 -0.61 -0.87
271 38 149 79 37 -0.25 0.32 0.07 -1.0 -0.88 -1.19
272 34 132 73 36 -0.29 0.39 0.12 -1.09 -0.94 -1.37
273 35 119 73 35 -0.47 0.64 0.3 -0.97 -1.24 -1.83
274 41 119 71 33 -0.74 0.95 0.54 -0.98 -1.35 -2.17
275 38 125 69 33 -0.89 1.08 0.66 -0.69 -1.51 -2.58
276 41 112 67 31 -1.28 1.28 0.87 -0.65 -1.27 -3.04
277 43 104 64 31 -1.6 1.43 0.97 -0.64 -1.05 -3.14
278 51 101 63 34 -1.77 1.53 1.0 -0.51 -0.86 -3.09
279 57 96 63 42 -2.13 1.72 1.01 -0.35 -0.84 -2.37
280 52 94 64 44 -2.49 1.73 0.95 -0.38 -0.63 -1.92
281 45 95 66 44 -2.64 1.65 0.9 -0.36 -0.37 -1.74
282 57 106 66 90 -2.94 1.34 0.83 -0.1 -0.32 -1.19
283 65 110 65 82 -3.17 1.06 0.78 -0.38 -0.08 -0.82
284 63 114 64 125 -3.27 1.01 0.77 -0.63 -0.08 -0.81
285 59 134 64 169 -3.26 1.07 0.65 -0.53 0.02 -1.13
286 50 124 60 155 -3.09 1.04 0.52 0.01 -0.3 -1.39
287 43 111 60 126 -3.0 1.0 0.46 0.11 -0.44 -1.42
288 38 101 57 102 -2.78 0.55 0.44 -0.11 -0.78 -1.06
289 34 94 56 87 -2.47 0.36 0.42 -1.09 -0.86 -0.51
290 68 90 56 78 -2.38 0.43 0.56 -0.02 -1.15 -0.55
291 59 84 57 74 -2.17 0.61 0.35 -0.02 -0.67 -0.74
292 55 81 59 68 -2.23 0.5 0.22 -0.87 -0.41 -1.34
293 49 80 60 61 -2.21 0.29 0.2 -0.64 -0.49 -1.74
294 40 83 80 53 -1.62 -0.73 0.09 -5.91 -8.52 3.84
295 37 86 97 53 3.41 1.46 0.09 9.03 2.7 26.71
296 68 83 98 47 2.87 1.53 -0.37 16.28 11.69 4.3
297 66 80 89 49 0.38 1.21 -0.98 -3.43 -0.18 -3.36
298 57 78 87 57 0.5 1.66 -0.67 -3.26 2.13 0.56
299 49 78 85 64 0.53 1.68 -0.76 -2.43 2.14 0.86
300 44 82 81 63 0.94 0.41 -0.72 -1.87 1.58 -0.17
301 38 85 78 60 0.36 -0.47 -0.32 -0.33 0.16 0.72
302 34 86 77 59 0.11 -0.57 -0.15 1.27 0.46 0.49
303 31 85 76 61 0.09 -0.23 -0.17 1.54 -0.09 -0.2
-100 -100 -100 -100 -100 -100 -100 -100 -100 -100 -100
304 33 88 75 60 0.05 0.17 -0.11 1.03 -0.48 -0.06
305 30 90 74 61 0.02 0.24 -0.07 1.1 -0.77 -0.03
306 27 91 73 56 0.04 0.37 -0.03 0.37 -0.62 -0.06
307 30 91 71 52 0.02 0.29 0.0 -0.65 -0.35 -0.03
308 27 90 70 50 0.05 0.21 0.06 -0.48 0.04 -0.06
309 25 91 68 48 0.06 0.12 0.05 -0.17 0.36 0.0
310 24 91 72 45 0.05 0.1 0.05 0.0 0.27 0.02
311 22 94 71 42 0.06 0.1 0.02 0.04 0.45 0.0
312 20 94 71 39 0.07 0.05 -0.02 -0.26 0.43 -0.01
313 20 95 68 38 0.05 -0.01 -0.05 -0.27 0.32 0.0
314 19 94 73 37 0.05 -0.03 -0.05 -0.19 0.15 0.02
315 15 94 73 35 0.04 -0.07 -0.06 -0.08 -0.02 -0.05
316 18 95 70 36 0.05 -0.06 -0.07 0.05 -0.09 -0.02
317 18 96 68 34 0.06 -0.05 -0.07 0.06 -0.1 -0.04
318 19 96 68 33 0.07 -0.01 -0.07 0.0 -0.02 -0.07
319 25 95 72 32 0.08 -0.01 -0.05 -0.03 0.04 0.0
320 23 93 71 32 0.07 -0.02 -0.05 0.0 0.1 0.0
321 25 92 74 32 0.07 -0.0 -0.04 0.12 0.16 0.0
322 23 91 72 32 0.05 0.0 -0.04 0.08 0.15 -0.01
323 23 91 71 30 0.04 -0.01 -0.04 0.08 0.21 0.0
324 21 89 74 30 0.03 -0.01 -0.03 -0.04 0.1 -0.04
325 20 89 71 28 0.02 -0.02 -0.03 -0.07 0.06 0.01
326 19 87 67 28 0.01 -0.03 -0.03 -0.08 0.1 0.0
327 18 87 78 30 -0.0 -0.04 -0.02 -0.06 0.1 -0.02
328 19 85 80 29 -0.01 -0.03 -0.02 0.1 0.08 -0.01
329 18 85 75 28 -0.01 -0.03 -0.01 0.07 0.07 0.0
330 18 85 78 28 -0.01 -0.03 0.0 0.06 0.05 -0.04
331 17 87 74 27 -0.01 -0.01 0.01 0.01 0.03 -0.03
332 18 86 72 27 -0.0 -0.01 0.01 0.0 0.04 -0.02
333 17 88 73 27 -0.0 -0.0 0.01 -0.03 0.08 -0.06
334 17 87 75 28 0.0 0.0 0.01 -0.05 0.05 -0.02
335 17 86 75 28 0.0 0.01 0.01 -0.02 0.07 -0.01
336 16 86 72 28 0.0 -0.0 0.0 -0.12 0.03 -0.04
337 17 86 72 28 0.0 -0.03 0.0 -0.04 0.07 -0.02
338 17 87 73 28 0.0 -0.03 0.0 -0.03 0.05 -0.02
339 17 87 71 29 0.0 -0.03 -0.0 -0.03 0.1 -0.04
340 16 87 71 28 -0.01 -0.02 -0.0 -0.03 0.06 -0.02
341 16 88 72 27 -0.01 -0.02 -0.0 -0.01 0.06 -0.01
342 16 89 72 26 -0.02 -0.02 0.01 0.01 0.09 -0.03
343 16 89 70 26 -0.04 -0.03 0.02 0.05 0.1 -0.03
344 16 89 68 25 -0.04 -0.03 0.03 0.03 0.05 0.0
345 16 88 68 25 -0.05 -0.03 0.05 0.01 0.06 -0.02
346 15 87 70 25 -0.06 -0.02 0.06 -0.07 0.05 -0.01
347 16 86 72 24 -0.07 -0.02 0.06 -0.05 0.06 0.0
-200 -200 -200 -200 -200 -200 -200 -200 -200 -200 -200
348 16 86 70 24 -0.07 -0.04 0.07 -0.03 0.06 -0.02
349 16 83 71 24 -0.07 -0.05 0.06 -0.01 0.01 -0.03
350 16 81 69 24 -0.06 -0.05 0.06 0.0 0.0 -0.02
351 16 79 69 24 -0.05 -0.03 0.05 -0.09 0.01 -0.06
352 16 78 67 24 -0.02 -0.02 0.04 -0.11 0.01 -0.07
353 16 77 68 24 -0.01 -0.02 0.03 -0.13 0.05 -0.05
354 16 76 69 24 0.02 -0.01 0.0 -0.11 0.07 -0.05
355 17 77 72 24 0.04 -0.02 -0.02 -0.07 0.12 -0.01
356 16 76 67 24 0.05 -0.02 -0.03 -0.04 0.1 0.0
357 16 76 64 23 0.06 -0.03 -0.04 -0.08 0.05 -0.04
358 16 76 60 24 0.06 -0.03 -0.05 -0.17 0.07 0.0
359 16 76 65 24 0.06 -0.05 -0.05 -0.1 0.05 -0.01
360 16 76 63 23 0.05 -0.08 -0.05 0.01 0.09 -0.02
361 16 75 67 24 0.05 -0.08 -0.04 0.08 0.08 -0.01
362 16 74 68 25 0.05 -0.07 -0.04 0.07 0.07 0.0
363 16 73 65 24 0.03 -0.06 -0.03 0.04 0.15 0.01
364 16 73 61 24 -0.01 -0.09 -0.01 -0.06 0.17 0.04
365 22 78 60 31 -0.04 -0.1 0.01 0.11 0.21 0.06
366 24 78 59 40 -0.09 -0.13 0.05 0.39 0.24 0.14
367 40 84 57 77 -0.18 -0.12 0.1 0.58 0.35 0.33
368 117 107 58 90 -0.26 -0.11 0.13 0.58 0.35 0.45
369 111 108 58 93 -0.58 -0.22 0.2 -0.22 0.35 0.68
370 101 125 56 119 -0.81 -0.37 0.26 -0.34 -0.31 0.68
371 102 129 58 108 -0.57 -0.21 0.23 -0.13 0.02 0.89
372 119 188 55 100 -0.48 -0.63 0.18 -0.1 0.11 2.57
373 139 205 55 94 -0.51 -0.99 0.17 -0.42 -0.37 3.34
374 152 223 57 80 -0.37 -1.29 -0.03 -2.79 -3.38 3.69
375 144 218 58 69 0.82 -1.7 -0.41 2.83 1.43 2.04
376 132 225 58 63 0.93 -1.65 -0.46 1.91 0.27 3.47
377 139 263 59 62 1.58 -0.88 -0.6 1.53 0.17 3.8
378 125 274 62 53 2.09 -0.7 -0.81 0.85 -0.01 3.95
379 121 248 61 46 2.56 -0.91 -0.94 0.58 0.19 3.57
380 116 237 72 45 3.13 -1.28 -1.07 0.91 0.52 3.51
381 121 257 70 40 3.21 -1.21 -1.18 1.11 0.82 2.66
382 126 251 75 41 3.09 -1.06 -1.21 0.54 0.12 1.95
383 119 256 88 38 3.04 -0.95 -1.16 0.21 -0.08 0.98
384 125 250 81 39 3.04 -1.1 -1.17 0.04 -0.49 0.66
385 127 225 86 37 3.0 -1.14 -1.15 0.05 -0.58 -0.2
386 128 219 86 34 2.91 -1.1 -1.1 -0.1 -0.87 -0.2
387 152 216 86 33 2.7 -0.85 -1.02 -0.64 -0.94 -0.33
388 138 220 88 33 2.6 -0.75 -0.93 -1.04 -1.2 -1.16
389 165 215 87 31 2.52 -0.71 -0.88 -0.96 -1.24 -1.23
390 156 204 100 31 2.3 -0.65 -0.74 -1.04 -1.29 -1.6
391 170 211 128 37 2.17 -0.63 -0.67 -1.22 -1.48 -1.96
392 195 216 150 39 1.91 -0.63 -0.57 -1.41 -1.57 -1.99
393 178 233 169 42 1.65 -0.59 -0.46 -1.19 -1.53 -2.38
394 179 241 152 42 1.5 -0.49 -0.39 -1.6 -2.0 -2.11
395 163 245 138 56 1.23 -0.54 -0.31 -1.6 -1.54 -2.39
396 152 265 142 49 0.91 -0.45 -0.2 -1.22 -1.35 -2.86
397 140 256 139 46 0.76 -0.39 -0.13 -0.98 -1.35 -2.66
398 170 251 149 40 0.58 -0.38 -0.03 -1.09 -1.32 -2.2
399 207 243 142 38 0.41 -0.35 0.06 -1.04 -1.36 -1.54
400 188 232 136 38 0.32 -0.31 0.07 -0.95 -1.16 -1.47
401 166 217 138 35 0.18 -0.24 0.08 -0.82 -1.05 -1.4
402 145 240 127 36 0.12 -0.2 0.1 -0.45 -0.84 -1.2
403 136 219 132 33 0.08 -0.16 0.11 -0.49 -0.63 -1.04
404 147 214 120 34 0.0 -0.11 0.1 -0.41 -0.57 -0.7
405 153 217 112 35 -0.06 -0.04 0.1 -0.44 -0.42 -0.77
406 129 261 112 34 -0.09 -0.01 0.09 -0.4 -0.39 -0.61
407 112 254 114 31 -0.13 0.04 0.05 -0.32 -0.4 -0.56
408 106 254 120 30 -0.14 0.03 0.02 -0.23 -0.35 -0.65
409 122 250 115 29 -0.14 0.03 0.02 -0.33 -0.3 -0.18
410 146 241 107 27 -0.15 0.05 0.02 -0.34 -0.21 -0.18
411 146 232 116 29 -0.18 0.09 0.04 -0.36 -0.07 -0.26
412 150 227 107 29 -0.19 0.1 0.06 -0.25 -0.01 -0.45
413 135 219 111 30 -0.23 0.1 0.12 -0.21 -0.03 -0.48
414 117 225 117 29 -0.25 0.1 0.2 -0.11 -0.03 -0.31
415 101 220 111 29 -0.25 0.11 0.24 -0.44 -0.09 0.17
416 88 220 116 28 -0.26 0.13 0.28 -0.48 0.2 0.15
417 118 215 113 27 -0.22 0.09 0.24 -0.37 0.04 0.08
418 104 230 109 32 -0.18 0.04 0.22 0.1 0.11 0.09
419 94 230 107 30 -0.15 0.04 0.2 0.12 0.05 0.22
420 84 227 122 28 -0.13 0.09 0.16 0.1 0.13 0.11
421 86 250 118 28 -0.11 0.09 0.15 0.11 0.19 0.2
422 86 251 114 28 -0.08 0.07 0.1 0.08 0.22 0.24
423 77 252 110 27 -0.06 0.09 0.06 0.13 0.16 0.15
424 107 256 121 29 -0.05 0.08 0.05 0.05 0.12 0.12
425 96 266 117 28 -0.02 0.06 0.02 0.02 0.09 0.1
426 88 259 109 29 0.01 0.05 0.01 0.06 0.11 0.05
427 100 263 112 28 0.02 0.04 0.02 -0.02 0.05 0.05
428 97 277 111 30 0.02 0.01 0.02 -0.03 0.04 0.0
429 97 281 107 28 0.03 -0.05 0.04 0.03 0.03 -0.12
430 116 267 110 27 0.04 -0.06 0.05 0.02 -0.03 -0.15
431 110 268 113 26 0.04 -0.06 0.06 0.07 0.0 -0.14
432 104 267 109 30 0.03 -0.05 0.06 0.09 -0.01 -0.05
433 105 271 104 28 0.03 -0.03 0.05 -0.08 0.0 -0.02
434 92 303 108 28 0.02 -0.03 0.05 -0.07 -0.04 0.07
435 92 299 110 29 0.03 -0.05 0.05 -0.08 -0.06 -0.03
436 130 271 114 28 0.03 -0.06 0.05 0.02 -0.02 0.08
437 114 250 111 27 0.04 -0.05 0.04 0.0 -0.05 0.02
438 102 273 109 27 0.04 -0.05 0.02 0.01 -0.03 -0.17
439 97 259 117 28 0.04 -0.05 0.01 0.01 0.0 -0.23
440 92 241 109 27 0.03 -0.02 -0.0 -0.05 0.03 -0.18
441 94 250 104 27 0.01 -0.0 -0.02 -0.15 0.12 -0.19
442 96 246 116 25 0.0 0.0 -0.02 -0.17 0.13 -0.17
443 99 249 103 27 -0.01 0.0 -0.01 -0.14 0.14 -0.14
444 90 228 95 26 -0.03 0.02 -0.01 -0.19 0.1 -0.18
445 106 235 92 25 -0.03 0.02 -0.0 -0.19 -0.03 -0.15
446 90 239 96 27 -0.03 -0.01 0.0 -0.22 -0.02 -0.16
447 96 238 101 26 -0.03 -0.04 0.02 -0.22 -0.03 -0.1
448 89 236 105 27 -0.02 -0.05 0.02 -0.18 -0.04 0.0
449 112 247 106 32 -0.01 -0.08 0.03 -0.14 -0.03 -0.02
450 108 249 109 31 0.01 -0.03 0.03 -0.18 -0.06 0.02
451 100 284 103 31 0.01 -0.02 0.03 -0.18 -0.03 -0.02
452 90 267 96 31 0.01 -0.01 0.03 -0.18 -0.01 -0.1
453 85 241 94 29 0.0 -0.01 0.05 -0.17 -0.04 -0.31
454 75 212 91 28 0.0 0.0 0.06 -0.2 -0.1 -0.22
455 72 196 84 27 -0.02 0.03 0.08 -0.27 -0.21 -0.26
456 61 187 77 26 -0.04 0.07 0.09 -0.3 -0.33 -0.49
457 54 170 72 26 -0.06 0.09 0.1 -0.35 -0.49 -0.72
458 46 164 68 26 -0.1 0.16 0.13 -0.38 -0.54 -0.79
459 41 147 64 25 -0.18 0.3 0.17 -0.6 -0.92 -1.18
460 36 136 61 25 -0.23 0.4 0.2 -0.92 -1.24 -1.48
461 32 131 57 24 -0.42 0.69 0.29 -1.1 -1.45 -1.6
462 29 128 55 25 -0.66 0.89 0.43 -1.3 -2.01 -2.38
463 27 123 54 24 -0.78 0.91 0.51 -0.87 -2.08 -2.77
464 27 118 51 24 -1.06 0.98 0.71 -0.6 -1.99 -3.05
465 35 122 50 24 -1.41 1.22 0.87 -0.47 -1.88 -3.4
466 51 128 50 24 -1.62 1.41 0.94 -0.45 -1.48 -3.33
467 47 120 51 25 -2.07 1.79 1.06 -1.03 -1.23 -3.35
468 52 120 52 24 -2.56 1.91 1.05 -1.43 -1.19 -2.71
469 46 116 50 25 -2.71 1.79 1.01 -0.38 -1.17 -1.73
470 44 113 50 24 -2.98 1.7 0.84 -0.32 -0.94 -1.48
471 42 109 51 40 -3.24 1.75 0.68 0.47 -0.71 -0.64
472 43 107 52 55 -3.34 1.84 0.62 0.72 -0.29 0.29
473 41 107 52 51 -3.55 1.86 0.52 0.72 -0.31 0.82
474 58 126 52 56 -3.58 1.78 0.4 -0.68 -0.19 0.5
475 97 124 56 91 -3.54 1.57 0.33 0.19 -0.59 0.44
476 82 124 56 82 -3.35 0.95 0.18 -1.51 -0.27 0.46
477 74 122 55 86 -3.03 0.45 0.18 0.4 -0.6 1.05
478 64 120 54 80 -2.74 0.2 -0.02 0.55 -0.73 2.02
479 59 119 54 68 -2.32 -0.17 -0.14 0.67 -0.8 2.17
480 62 118 55 59 -1.91 -0.14 -0.11 0.6 -0.33 1.8
481 80 117 56 50 -1.73 0.01 -0.15 0.68 0.19 -0.67
482 68 115 63 45 -1.57 0.2 -0.16 0.65 0.67 -3.82
483 57 118 69 39 0.08 -0.03 -0.09 -0.27 -2.94 11.17
484 48 118 68 36 0.94 0.13 -0.14 1.49 1.29 10.59
485 42 117 67 33 1.0 1.08 -0.37 1.69 1.36 5.76
486 45 117 71 31 0.72 0.43 -0.5 -1.35 1.53 -1.32
487 39 118 69 29 0.59 0.29 -0.43 -1.3 1.11 -0.66
488 69 120 68 28 0.59 0.03 -0.3 0.09 0.64 0.69
489 59 121 67 27 0.52 -0.06 -0.29 1.23 0.3 0.1
490 48 120 69 26 0.4 0.0 -0.24 1.2 0.12 0.14
491 42 118 70 26 0.29 0.26 -0.1 0.9 -0.12 0.17
492 36 118 79 25 0.3 0.58 -0.12 -0.02 -0.1 -0.11
493 31 117 77 25 0.28 0.65 -0.12 -0.2 -0.06 -0.07
494 40 115 78 24 0.22 0.5 -0.1 -0.33 -0.04 0.0
495 35 114 79 24 0.17 0.28 -0.08 -0.39 -0.02 -0.04
496 32 112 76 24 0.17 0.21 -0.06 -0.34 0.06 -0.01
497 28 111 72 24 0.21 0.16 -0.06 -0.1 0.12 0.05
498 26 110 72 23 0.21 0.13 -0.05 -0.03 0.29 0.0
499 24 109 74 24 0.2 0.12 -0.05 -0.13 0.29 0.02
500 22 109 74 23 0.17 0.05 -0.05 -0.14 0.31 0.05
501 21 109 66 24 0.13 -0.05 -0.05 -0.02 0.15 0.01
502 25 107 70 23 0.12 -0.07 -0.05 0.02 0.08 0.02
-100 -100 -100 -100 -100 -100 -100 -100 -100 -100 -100
503 24 107 67 24 0.1 -0.05 -0.05 0.09 0.0 0.01
504 31 106 67 24 0.08 0.01 -0.05 0.04 -0.01 -0.03
505 27 106 69 24 0.08 0.03 -0.05 0.04 -0.02 -0.01
506 25 104 67 24 0.07 0.05 -0.04 -0.1 0.0 -0.01
507 23 102 68 23 0.07 0.01 -0.03 -0.07 0.07 -0.02
508 22 101 69 25 0.07 -0.0 -0.02 -0.03 0.11 0.0
509 20 100 68 24 0.06 -0.01 -0.02 0.03 0.12 0.0
510 19 99 67 24 0.05 0.0 -0.02 -0.02 0.07 -0.05
511 18 98 67 23 0.04 0.02 -0.02 -0.01 0.09 -0.02
512 18 98 64 23 0.04 0.04 -0.02 -0.04 0.1 -0.01
513 18 98 64 23 0.04 0.03 -0.01 -0.08 0.08 -0.05
514 19 98 61 23 0.04 0.01 -0.01 -0.1 0.03 -0.04
515 18 98 61 23 0.05 -0.01 -0.01 -0.09 0.09 0.0
516 17 98 67 23 0.04 -0.02 -0.02 -0.03 0.1 0.0
517 21 98 68 23 0.04 -0.02 -0.01 -0.03 0.09 -0.06
518 19 97 67 23 0.04 -0.02 -0.02 0.0 0.11 0.02
519 19 96 64 24 0.03 -0.01 -0.01 0.06 0.1 -0.04
520 18 94 62 23 0.03 0.0 -0.02 0.02 0.07 -0.01
521 18 92 62 23 0.03 0.01 -0.01 -0.03 0.05 0.0
522 18 92 65 23 0.03 0.02 -0.01 -0.14 0.08 -0.04
523 17 91 63 23 0.03 0.01 -0.01 -0.12 0.08 -0.02
524 17 89 63 23 0.03 -0.02 -0.02 -0.05 0.07 0.01
525 16 91 64 23 0.02 -0.04 -0.01 0.04 0.06 -0.03
526 17 87 64 23 0.02 -0.03 -0.01 0.03 0.05 -0.02
527 18 85 62 23 0.02 -0.01 -0.01 0.0 0.05 0.0
528 18 83 58 23 0.02 -0.01 -0.01 -0.08 0.07 -0.04
529 18 83 59 23 0.02 -0.01 -0.01 -0.05 0.11 -0.02
530 16 82 67 23 0.01 -0.05 -0.0 0.02 0.11 0.01
531 17 81 71 23 0.0 -0.04 -0.01 0.05 0.09 0.0
532 16 81 65 23 0.0 -0.01 -0.0 0.05 0.1 -0.02
533 17 82 64 23 -0.01 -0.01 0.0 -0.06 0.0 -0.05
534 16 82 62 23 -0.0 -0.03 0.01 -0.08 0.04 -0.04
535 17 82 62 23 -0.0 -0.04 0.02 -0.11 0.05 -0.03
536 21 83 60 23 -0.01 -0.05 0.0 0.0 0.06 -0.01
537 20 84 60 23 -0.01 -0.03 0.01 0.11 0.03 -0.02
538 19 83 58 23 -0.01 -0.01 0.01 0.11 0.07 -0.03
539 19 84 65 23 -0.02 0.02 0.01 0.0 0.06 0.0
540 17 84 64 23 -0.01 0.02 0.01 -0.08 0.06 -0.04
541 18 84 62 22 0.0 0.01 0.01 -0.15 0.06 -0.05
542 17 85 60 23 0.0 -0.01 0.0 -0.16 0.12 -0.05
543 17 85 58 23 0.01 -0.03 -0.01 -0.03 0.09 -0.03
544 17 82 62 23 0.01 -0.02 -0.01 0.0 0.09 -0.04
545 18 83 65 23 0.02 -0.01 -0.02 0.05 0.03 -0.05
546 17 81 71 23 0.02 -0.01 -0.02 -0.04 0.04 -0.05
547 17 84 66 23 0.03 -0.01 -0.01 -0.06 0.06 -0.03
548 17 83 62 23 0.02 -0.02 -0.01 -0.04 0.08 0.0
549 17 85 63 23 0.01 -0.03 -0.01 -0.02 0.05 0.0
550 16 84 67 23 0.01 -0.03 -0.01 0.02 0.06 -0.02
551 16 83 63 23 0.02 -0.02 -0.01 0.02 0.05 -0.03
-200 -200 -200 -200 -200 -200 -200 -200 -200 -200 -200
552 16 84 60 23 0.03 -0.01 -0.01 -0.05 0.04 -0.03
553 16 84 59 23 0.03 0.0 -0.02 -0.1 0.05 -0.03
554 18 84 59 23 0.03 -0.01 -0.03 -0.11 0.09 -0.01
555 17 84 66 23 0.03 -0.03 -0.03 -0.06 0.09 -0.02
556 17 82 62 23 0.03 -0.04 -0.03 0.0 0.1 -0.02
557 17 85 62 23 0.02 -0.03 -0.02 0.04 0.08 -0.01
558 17 82 62 23 0.02 -0.02 -0.02 0.04 0.04 -0.03
559 17 82 62 23 0.01 -0.01 -0.01 -0.01 0.02 -0.01
560 16 83 60 23 0.01 -0.01 -0.0 0.0 0.07 -0.01
561 15 82 59 22 0.0 -0.02 0.01 -0.04 0.08 -0.02
562 17 81 60 23 -0.01 -0.04 0.01 0.0 0.07 -0.01
563 17 79 59 23 -0.02 -0.06 0.02 0.02 0.09 0.01
564 17 79 59 23 -0.03 -0.06 0.03 -0.01 0.05 -0.03
565 31 85 59 31 -0.04 -0.08 0.03 -0.02 0.08 0.02
566 41 89 58 31 -0.05 -0.12 0.04 -0.05 0.09 0.04
567 61 102 57 73 -0.07 -0.15 0.05 0.01 0.29 0.06
568 79 150 55 93 -0.17 -0.15 0.04 0.06 0.35 0.21
569 84 189 55 113 -0.41 -0.17 0.09 0.29 0.37 0.49
570 101 221 61 94 -0.54 -0.26 0.13 0.07 -0.03 0.47
571 119 213 59 80 -0.44 -0.43 0.16 0.21 -0.18 0.44
572 131 207 59 73 -0.09 -0.55 0.07 0.48 0.06 0.74
573 129 241 64 74 -0.09 -0.78 0.06 -0.22 -0.06 3.0
574 136 261 66 64 -0.17 -1.03 0.08 -0.26 -0.37 4.05
575 134 279 64 56 0.27 -0.7 -0.3 -2.92 -2.51 4.06
576 124 352 66 57 1.06 -1.21 -0.41 0.91 0.3 3.99
577 107 343 74 49 1.6 -1.27 -0.39 0.11 -0.27 4.11
578 113 315 77 45 2.43 -1.38 -0.51 0.7 0.66 4.6
579 121 317 76 43 2.7 -1.42 -0.56 1.04 0.99 4.45
580 130 298 79 39 2.98 -1.22 -0.63 0.8 0.81 4.22
581 134 275 78 38 3.04 -0.96 -0.71 0.55 0.63 3.45
582 110 257 82 35 3.07 -0.87 -0.74 0.45 0.46 1.42
583 104 253 84 33 3.01 -0.87 -0.74 0.73 0.37 0.97
584 100 236 83 31 2.99 -0.94 -0.76 0.37 -0.16 -0.23
585 101 226 108 30 2.98 -0.96 -0.75 -0.27 -0.84 -0.21
586 141 235 117 35 2.92 -0.98 -0.76 -0.17 -1.06 -0.46
587 146 232 112 33 2.75 -0.81 -0.77 -0.02 -1.12 -1.39
588 140 205 101 31 2.61 -0.7 -0.7 -0.13 -1.63 -1.42
589 128 222 100 29 2.36 -0.63 -0.72 -0.3 -1.71 -1.7
590 125 213 114 29 2.16 -0.67 -0.72 -0.57 -2.0 -1.78
591 132 223 119 27 2.05 -0.66 -0.71 -0.87 -1.86 -2.02
592 146 226 119 27 1.79 -0.59 -0.66 -0.97 -1.88 -2.07
593 143 223 115 26 1.56 -0.48 -0.61 -1.25 -1.86 -2.27
594 124 204 119 26 1.42 -0.45 -0.56 -1.34 -1.92 -2.35
595 129 213 116 25 1.18 -0.42 -0.49 -1.49 -1.95 -2.32
596 118 199 106 33 0.92 -0.38 -0.36 -1.3 -1.82 -2.17
597 121 206 105 33 0.81 -0.37 -0.31 -1.11 -1.63 -2.42
598 109 230 96 31 0.6 -0.33 -0.2 -0.91 -1.83 -2.06
599 125 213 96 29 0.39 -0.27 -0.1 -0.86 -1.48 -1.75
600 117 212 90 28 0.28 -0.23 -0.06 -1.01 -1.41 -1.54
601 110 231 87 27 0.12 -0.2 -0.02 -1.04 -1.28 -1.47
602 125 241 83 26 0.01 -0.18 0.02 -0.7 -1.11 -1.5
603 115 246 86 26 -0.07 -0.14 0.05 -0.52 -0.92 -1.66
604 104 256 105 26 -0.18 -0.09 0.12 -0.33 -0.74 -1.51
605 95 238 106 25 -0.27 -0.12 0.15 -0.21 -0.59 -0.81
606 110 231 97 27 -0.3 -0.14 0.13 -0.02 -0.27 -0.52
607 132 265 92 38 -0.36 -0.12 0.06 -0.03 -0.15 -0.33
608 120 265 92 35 -0.38 -0.03 -0.02 0.0 0.0 -0.35
609 113 241 89 35 -0.39 0.02 -0.04 -0.32 0.08 0.1
610 112 226 103 31 -0.35 0.01 -0.05 -0.39 0.15 0.25
611 95 236 102 30 -0.29 -0.03 -0.07 -0.34 0.26 0.59
612 95 230 98 31 -0.25 -0.03 -0.08 -0.35 0.33 0.64
613 85 224 98 29 -0.17 -0.04 -0.09 -0.29 0.38 0.68
614 95 233 102 30 -0.07 -0.04 -0.07 -0.43 0.35 0.24
615 81 205 115 30 -0.03 -0.05 -0.04 -0.48 0.41 0.16
616 77 191 118 28 0.05 -0.07 0.02 -0.53 0.4 0.34
617 80 213 116 27 0.1 -0.05 0.09 -0.27 0.39 0.27
618 72 251 113 27 0.08 -0.02 0.12 -0.3 0.32 0.08
619 79 255 116 29 0.07 0.0 0.15 -0.11 0.18 0.04
620 100 247 111 28 0.09 -0.01 0.18 0.0 0.13 0.0
621 94 259 123 27 0.1 -0.02 0.18 0.07 0.04 0.2
622 92 259 113 27 0.1 -0.02 0.16 0.06 0.03 0.21
623 98 255 111 27 0.11 -0.01 0.12 0.1 -0.01 0.13
624 96 241 128 26 0.12 -0.02 0.1 0.16 -0.01 -0.13
625 80 228 123 26 0.13 -0.04 0.06 0.16 -0.05 -0.11
626 80 225 120 25 0.12 -0.04 0.05 0.19 -0.12 -0.2
627 87 251 117 25 0.11 -0.02 0.04 0.14 -0.16 -0.27
628 104 265 106 25 0.09 -0.01 0.02 0.09 -0.14 -0.24
629 98 296 107 24 0.06 -0.01 0.0 0.02 -0.15 -0.38
630 84 374 101 26 0.05 -0.0 -0.0 -0.08 -0.12 -0.46
631 74 320 93 26 -0.0 0.0 -0.01 -0.1 -0.12 -0.45
632 71 309 107 25 -0.04 0.0 0.01 -0.01 -0.11 -0.48
633 69 291 103 25 -0.07 -0.0 0.01 -0.09 -0.12 -0.33
634 79 265 101 25 -0.11 -0.01 0.02 -0.17 -0.13 -0.2
635 82 276 105 26 -0.12 -0.03 0.03 -0.06 -0.08 -0.1
636 92 276 106 27 -0.13 -0.02 0.03 -0.05 -0.11 -0.05
637 80 307 103 27 -0.13 -0.02 0.02 -0.05 -0.1 0.08
638 75 275 115 27 -0.1 -0.04 0.0 -0.08 -0.06 0.14
639 73 269 110 26 -0.08 -0.04 0.0 -0.11 0.0 0.23
640 64 286 109 26 -0.06 -0.04 -0.0 -0.15 0.03 0.22
641 58 279 107 28 -0.04 -0.02 -0.01 -0.09 0.05 0.17
642 49 260 103 27 -0.03 -0.02 -0.01 -0.03 0.12 -0.05
643 55 235 110 26 -0.01 -0.03 -0.0 -0.08 0.09 -0.01
644 58 246 117 25 -0.0 -0.02 0.0 -0.14 0.14 -0.07
645 55 239 114 25 -0.0 -0.02 0.0 -0.22 0.08 -0.12
646 50 241 106 25 -0.01 -0.01 0.01 -0.22 0.06 -0.14
647 82 236 114 24 -0.02 0.01 0.03 -0.25 0.05 -0.11
648 87 234 113 24 -0.03 0.03 0.04 -0.28 0.0 -0.13
649 80 241 110 24 -0.02 -0.01 0.06 -0.18 -0.01 -0.06
650 91 249 106 24 -0.02 -0.02 0.06 -0.14 0.0 -0.09
651 93 254 102 25 -0.03 -0.01 0.07 -0.04 -0.07 -0.12
652 86 257 104 25 -0.02 -0.02 0.06 -0.03 -0.07 -0.13
653 85 261 102 28 -0.01 -0.02 0.03 0.06 -0.08 -0.13
654 77 249 107 27 -0.02 -0.0 0.01 0.04 -0.05 -0.18
655 63 224 100 27 -0.01 0.01 -0.03 0.02 -0.07 -0.16
656 62 210 94 25 -0.02 0.03 -0.05 -0.12 -0.17 -0.21
657 59 190 85 25 -0.03 0.07 -0.06 -0.28 -0.29 -0.39
658 49 166 77 25 -0.06 0.13 -0.04 -0.39 -0.4 -0.5
659 43 148 76 25 -0.11 0.15 0.0 -0.54 -0.58 -0.65
660 37 138 74 24 -0.14 0.16 0.02 -0.64 -0.8 -0.86
661 34 125 70 24 -0.24 0.23 0.08 -0.7 -0.89 -0.92
662 29 121 67 27 -0.39 0.35 0.15 -0.81 -1.07 -1.23
663 25 118 65 26 -0.47 0.42 0.2 -0.88 -1.3 -1.74
664 24 112 62 27 -0.67 0.65 0.31 -0.82 -1.34 -1.87
665 22 102 60 25 -0.92 0.9 0.46 -1.03 -1.66 -2.35
666 21 94 58 25 -1.05 0.99 0.55 -0.93 -1.74 -2.71
667 20 87 57 25 -1.33 1.09 0.71 -0.83 -1.6 -2.62
668 19 83 57 24 -1.66 1.22 0.85 -1.16 -1.56 -2.57
669 18 82 56 24 -1.82 1.27 0.91 -0.95 -1.4 -2.4
670 17 83 56 23 -2.18 1.37 1.02 -0.92 -1.29 -2.4
671 18 82 56 29 -2.52 1.47 1.08 -1.06 -1.0 -2.25
672 17 80 57 28 -2.68 1.49 1.1 -0.87 -1.12 -1.72
673 19 80 56 29 -3.01 1.33 1.14 -0.6 -0.8 -1.19
674 18 83 56 34 -3.27 1.0 1.13 -0.35 -0.52 -0.73
675 18 92 54 60 -3.38 0.81 1.1 -0.56 -0.41 -0.96
676 40 115 55 77 -3.48 0.52 1.03 -0.54 -0.12 -1.41
677 37 162 54 92 -3.44 0.39 0.93 0.48 -0.53 -1.0
678 47 176 53 90 -3.37 0.46 0.86 0.37 -0.6 -0.76
679 40 161 54 88 -3.09 0.64 0.69 0.25 -1.08 -0.42
680 42 163 53 81 -2.73 0.88 0.51 -0.67 -1.31 -0.14
681 97 169 52 68 -2.53 0.88 0.54 0.43 -1.45 0.36
682 89 162 52 58 -2.23 0.84 0.36 0.36 -1.3 0.87
683 78 148 55 51 -2.06 0.78 0.27 0.05 -1.04 -1.14
684 67 134 67 45 -2.01 0.63 0.23 -0.68 -0.45 -4.78
685 58 123 71 40 -0.98 1.36 0.16 -2.0 -3.2 7.26
686 61 116 80 37 3.16 0.69 -0.5 17.63 9.47 15.44
687 91 109 79 34 1.32 1.26 -0.43 1.98 1.98 -0.24
688 74 102 79 31 0.45 1.18 -0.71 -2.6 2.23 -2.77
689 65 96 79 29 0.27 1.07 -0.47 -3.45 2.01 1.72
690 53 91 73 28 0.33 0.3 -0.58 -2.66 2.65 1.58
691 45 88 71 27 0.14 -0.54 -0.49 -0.61 0.53 0.15
692 39 86 69 26 0.01 -0.76 -0.17 1.03 -0.06 0.32
693 34 84 69 25 0.09 -0.63 -0.11 1.55 -0.19 0.05
694 32 83 82 25 0.13 -0.2 -0.06 1.22 -0.45 -0.27
695 32 81 85 25 0.12 0.29 0.06 1.08 -0.96 -0.24
696 28 80 80 24 0.17 0.44 0.05 0.8 -0.85 -0.18
697 30 80 77 24 0.06 0.44 0.03 0.04 -0.58 -0.18
698 28 80 79 23 -0.02 0.29 0.01 -0.91 -0.32 -0.2
699 25 78 86 23 0.04 0.19 0.0 -0.85 0.05 -0.18
700 23 77 87 23 0.21 0.03 -0.0 -0.42 0.14 0.14
701 21 76 83 23 0.16 0.0 -0.0 0.0 0.41 0.13
-100 -100 -100 -100 -100 -100 -100 -100 -100 -100 -100
702 21 74 87 23 0.14 0.02 -0.01 0.1 0.55 0.02
703 20 72 85 24 0.14 0.09 -0.01 0.1 0.49 0.09
704 19 71 79 23 0.15 0.16 -0.03 -0.11 0.35 0.07
705 18 69 74 23 0.12 0.16 -0.04 -0.26 0.22 0.03
706 17 68 82 23 0.1 0.12 -0.07 -0.26 0.06 -0.02
707 18 69 77 22 0.09 0.09 -0.08 -0.13 -0.04 -0.01
708 17 68 77 23 0.09 0.07 -0.09 -0.04 0.04 0.03
709 17 69 76 23 0.1 0.04 -0.07 0.11 -0.2 -0.07
710 18 69 74 23 0.09 0.08 -0.06 0.17 -0.13 -0.03
711 21 70 79 23 0.1 0.11 -0.05 0.2 0.02 -0.03
712 21 69 79 23 0.09 0.14 -0.05 -0.07 0.11 0.07
713 20 69 77 23 0.06 0.11 -0.03 -0.04 0.22 0.04
714 19 68 75 23 0.04 0.08 -0.03 -0.03 0.25 0.05
715 18 68 74 23 0.0 0.03 -0.02 0.0 0.2 0.0
716 18 72 73 23 -0.02 0.03 -0.02 -0.04 0.08 0.0
717 17 74 77 23 -0.02 0.03 -0.02 -0.06 0.04 -0.03
718 17 72 74 23 -0.01 0.03 -0.01 -0.01 0.09 -0.03
719 17 73 71 23 0.01 0.04 -0.01 -0.07 0.06 -0.05
720 16 71 75 23 0.02 0.05 -0.01 -0.09 0.02 -0.05
721 17 73 81 23 0.02 0.04 -0.01 -0.09 0.1 -0.02
722 16 73 75 23 0.01 0.0 -0.01 -0.07 0.1 0.01
723 16 72 76 23 0.02 -0.0 -0.01 0.03 0.13 0.0
724 17 69 77 23 0.01 -0.0 -0.01 0.02 0.09 -0.02
725 16 70 75 23 0.02 0.02 -0.02 -0.1 0.09 0.0
726 16 70 76 23 0.02 0.03 -0.02 -0.09 0.08 0.01
727 16 70 76 22 0.03 0.03 -0.03 -0.1 0.07 0.0
728 16 69 73 23 0.03 0.03 -0.03 0.0 0.09 0.0
729 16 69 76 23 0.03 0.02 -0.03 -0.01 0.06 -0.01
730 16 69 77 23 0.02 0.02 -0.03 -0.06 0.04 -0.04
731 16 68 71 23 0.01 -0.01 -0.02 -0.04 0.09 0.0
732 16 69 71 23 0.0 -0.02 -0.02 -0.04 0.08 -0.03
733 16 68 74 23 -0.0 -0.01 -0.02 -0.02 0.07 -0.02
734 16 68 74 23 -0.0 -0.0 -0.02 -0.02 0.09 0.0
735 16 69 79 23 -0.0 -0.0 -0.01 -0.04 0.07 0.0
736 16 70 74 23 -0.0 -0.01 -0.01 -0.04 0.09 -0.01
737 16 68 72 23 -0.01 -0.01 -0.0 -0.01 0.08 -0.01
738 16 69 72 23 -0.01 -0.01 -0.0 -0.01 0.08 0.01
739 16 69 69 23 -0.01 0.0 -0.0 -0.05 0.03 -0.04
740 16 70 74 23 0.0 0.01 -0.01 -0.07 0.07 -0.02
741 16 71 79 23 0.0 0.01 -0.01 -0.08 0.06 -0.01
742 16 72 78 23 0.01 0.0 -0.01 -0.07 0.08 -0.05
-200 -200 -200 -200 -200 -200 -200 -200 -200 -200 -200
743 15 72 73 23 0.02 -0.02 -0.0 -0.05 0.09 0.0
744 16 72 71 23 0.01 -0.03 0.01 0.0 0.09 0.0
745 17 73 90 23 -0.0 -0.03 0.02 0.02 0.1 0.0
746 21 73 97 23 -0.02 -0.04 0.03 -0.2 0.1 0.0
747 62 76 101 23 -0.02 -0.05 0.03 -0.36 0.15 0.01
748 89 79 104 23 -0.04 -0.11 0.06 -0.29 0.15 0.12
749 92 77 95 23 -0.09 -0.19 0.1 0.18 0.1 0.15
750 76 79 84 23 -0.13 -0.2 0.13 0.29 0.05 0.09
751 63 76 86 23 -0.17 -0.14 0.15 0.35 -0.05 -0.06
752 53 75 80 24 -0.17 -0.06 0.14 0.33 -0.02 -0.1
753 45 74 78 23 -0.16 -0.01 0.12 0.08 0.03 -0.04
754 45 73 77 23 -0.13 0.03 0.1 -0.19 0.02 -0.13
755 39 72 75 23 -0.09 0.02 0.06 -0.18 0.09 -0.06
756 37 73 82 23 -0.07 0.0 0.05 -0.2 0.11 -0.09
757 35 72 76 23 -0.03 -0.02 0.02 -0.17 0.15 -0.1
758 31 72 76 24 0.01 -0.01 -0.01 -0.16 0.12 -0.07
759 30 73 75 23 0.03 -0.02 -0.02 -0.14 0.09 -0.07
760 38 77 74 23 0.04 -0.05 -0.03 0.04 0.07 -0.02
761 52 87 69 24 0.03 -0.08 -0.03 -0.03 0.09 0.0
762 71 147 65 38 0.02 -0.09 -0.03 -0.18 0.19 0.07
763 73 159 64 39 -0.05 -0.16 -0.02 -0.1 0.34 0.17
764 90 159 62 51 -0.11 -0.2 -0.0 0.21 0.32 0.44
765 96 185 61 57 -0.23 -0.34 0.05 0.57 0.3 0.66
766 109 187 69 51 -0.37 -0.39 0.14 0.72 0.12 0.57
767 127 174 81 52 -0.34 -0.34 0.16 -0.33 0.26 1.16
768 149 187 77 50 -0.26 -0.32 0.14 -0.5 0.28 1.9
769 153 189 78 69 -0.4 -0.83 0.14 -1.22 0.58 2.51
770 210 246 76 73 -0.51 -1.34 0.12 -1.53 -0.13 3.29
771 203 305 76 68 -0.18 -1.92 -0.2 -3.06 -1.87 3.14
772 213 318 91 61 0.8 -2.13 -0.38 0.3 0.03 2.6
773 197 336 92 54 1.47 -1.25 -0.35 1.26 0.64 4.39
774 182 329 88 55 1.71 -0.72 -0.35 0.89 0.61 4.88
775 192 335 84 51 2.06 -0.32 -0.43 -0.11 0.13 4.45
776 194 331 82 46 2.56 -0.75 -0.63 0.8 0.79 2.17
777 178 324 91 42 2.72 -0.99 -0.71 1.17 0.82 1.74
778 174 321 100 39 2.77 -0.98 -0.78 1.26 0.59 0.39
779 160 300 102 36 2.77 -0.87 -0.87 1.16 0.13 0.92
780 170 296 99 35 2.76 -0.81 -0.88 0.9 -0.15 1.04
781 166 311 98 34 2.78 -0.94 -0.94 1.32 -0.21 0.01
782 149 290 107 31 2.73 -0.96 -0.96 0.36 -0.51 -0.49
783 179 274 144 38 2.65 -0.9 -0.96 0.51 -0.61 -0.81
784 172 253 138 47 2.53 -0.9 -0.96 0.25 -0.92 -0.6
785 185 255 146 60 2.41 -0.92 -0.93 0.22 -1.13 -1.19
786 162 242 170 56 2.14 -0.89 -0.86 0.54 -1.27 -1.6
787 189 280 177 64 1.9 -0.67 -0.79 -0.11 -1.56 -1.59
788 183 285 170 69 1.82 -0.6 -0.77 -1.12 -1.44 -0.9
789 183 270 152 60 1.6 -0.53 -0.73 -1.2 -1.54 -1.06
790 170 314 153 56 1.43 -0.56 -0.6 -1.64 -1.48 -1.77
791 206 304 156 56 1.34 -0.58 -0.51 -1.65 -1.53 -1.71
792 212 277 152 50 1.18 -0.62 -0.38 -1.21 -1.47 -1.37
793 230 292 155 49 1.01 -0.53 -0.25 -1.24 -1.46 -1.37
794 198 279 165 47 0.95 -0.52 -0.22 -0.79 -1.36 -1.44
795 221 293 151 44 0.85 -0.5 -0.16 -0.66 -1.39 -1.48
796 244 319 144 43 0.69 -0.41 -0.15 -0.58 -1.32 -1.52
797 235 306 138 39 0.62 -0.38 -0.17 -0.48 -1.09 -1.55
798 245 273 132 39 0.47 -0.31 -0.2 -0.47 -1.0 -1.63
799 220 305 134 36 0.32 -0.16 -0.22 -0.69 -0.85 -1.83
800 222 283 134 48 0.24 -0.11 -0.21 -0.61 -0.77 -1.79
801 208 257 131 43 0.11 -0.03 -0.18 -0.65 -0.7 -1.77
802 196 264 129 41 -0.04 -0.04 -0.14 -0.59 -0.69 -1.38
803 189 246 123 42 -0.08 -0.06 -0.12 -0.49 -0.67 -1.03
804 173 252 126 39 -0.15 -0.08 -0.11 -0.32 -0.48 -0.75
805 222 258 119 42 -0.2 -0.04 -0.12 -0.32 -0.34 -0.51
806 198 242 121 40 -0.2 -0.03 -0.12 -0.26 -0.16 -0.24
807 172 228 153 69 -0.22 0.03 -0.13 -0.28 -0.18 -0.19
808 177 245 152 87 -0.23 0.08 -0.16 -0.1 -0.17 0.08
809 176 249 146 73 -0.22 0.1 -0.17 0.03 -0.11 0.11
810 173 273 155 63 -0.17 0.16 -0.16 0.04 -0.03 0.19
811 168 297 163 57 -0.13 0.21 -0.17 -0.64 0.12 0.31
812 154 335 147 52 -0.1 0.2 -0.17 -0.76 0.29 0.34
813 158 324 140 48 -0.06 0.21 -0.15 -0.91 0.41 0.14
814 167 299 142 44 -0.06 0.17 -0.07 -0.88 0.34 -0.1
815 162 284 131 43 -0.06 0.13 -0.02 -0.59 0.37 -0.01
816 194 277 126 41 -0.1 0.1 0.08 -0.42 0.34 0.0
817 183 283 126 40 -0.11 0.07 0.16 -0.2 0.26 0.0
818 197 263 130 37 -0.1 0.04 0.17 0.15 0.28 0.23
819 174 268 136 36 -0.08 0.02 0.17 0.21 0.24 0.19
820 152 282 136 34 -0.06 0.02 0.14 0.31 0.19 0.16
821 130 291 125 34 -0.03 0.02 0.12 0.26 0.19 0.19
822 125 279 130 33 -0.0 0.0 0.08 0.15 0.13 0.1
823 120 265 129 36 0.01 0.0 0.03 0.09 0.08 0.0
824 127 301 145 34 0.02 0.01 0.02 -0.02 0.0 -0.14
825 130 282 136 32 0.02 0.03 0.01 -0.05 -0.05 -0.23
826 143 256 133 31 0.01 0.03 0.02 -0.17 -0.08 -0.07
827 144 256 131 29 0.01 0.02 0.02 -0.08 -0.09 -0.14
828 125 245 129 28 -0.0 0.01 0.03 -0.08 -0.11 -0.19
829 136 284 133 28 -0.03 0.02 0.05 -0.19 -0.11 -0.15
830 131 276 131 27 -0.03 0.02 0.06 -0.19 -0.06 -0.13
831 173 252 124 26 -0.03 0.01 0.05 -0.2 -0.09 -0.2
832 153 262 135 28 -0.03 0.01 0.04 -0.31 -0.23 -0.2
833 141 288 135 28 -0.05 -0.0 0.05 -0.24 -0.09 -0.17
834 206 302 130 32 -0.05 -0.01 0.04 -0.17 -0.08 -0.11
835 175 310 119 30 -0.06 0.0 0.04 -0.13 -0.08 -0.19
836 196 282 124 29 -0.06 0.01 0.04 -0.17 -0.07 -0.12
837 173 286 114 35 -0.07 0.01 0.03 -0.16 -0.06 -0.1
838 156 280 111 34 -0.06 -0.01 0.04 -0.1 -0.05 -0.13
839 139 283 116 32 -0.05 -0.0 0.03 -0.1 -0.11 -0.15
840 162 326 119 31 -0.04 0.02 0.03 -0.15 -0.03 -0.09
841 139 399 118 31 -0.04 0.04 0.01 -0.2 0.0 -0.07
842 131 420 129 35 -0.04 0.04 0.01 -0.16 0.02 -0.17
843 156 443 142 33 -0.01 0.03 0.0 -0.12 0.1 -0.14
844 137 399 138 35 0.0 0.03 0.01 -0.17 0.06 -0.1
845 119 392 132 32 0.02 0.02 0.01 -0.13 0.11 -0.04
846 109 371 127 30 0.01 -0.01 0.04 0.01 0.01 0.04
847 99 322 133 31 0.01 -0.02 0.06 0.08 0.06 0.12
848 112 350 129 30 0.01 -0.01 0.05 0.1 0.0 0.06
849 166 344 124 30 0.01 0.0 0.03 0.09 0.08 0.08
850 140 337 127 29 0.0 0.03 0.0 0.02 0.01 -0.02
851 121 337 120 27 0.0 0.03 0.0 -0.01 -0.02 -0.07
852 108 315 114 28 -0.01 0.05 -0.0 -0.15 -0.17 -0.22
853 92 297 104 27 -0.02 0.07 0.01 -0.32 -0.25 -0.4
854 75 264 102 26 -0.06 0.09 0.03 -0.36 -0.29 -0.49
855 61 247 90 26 -0.08 0.1 0.06 -0.47 -0.54 -0.69
856 56 250 94 25 -0.2 0.28 0.13 -0.63 -0.73 -0.84
857 53 243 92 25 -0.25 0.38 0.16 -0.78 -1.0 -1.1
858 62 213 83 24 -0.38 0.68 0.26 -1.01 -1.22 -1.47
859 59 189 78 24 -0.61 1.05 0.42 -1.01 -1.46 -2.22
860 51 204 71 24 -0.77 1.18 0.52 -1.26 -1.51 -2.46
861 49 287 65 23 -1.1 1.27 0.67 -1.49 -1.46 -2.85
862 46 294 65 24 -1.39 1.37 0.79 -0.86 -1.46 -3.29
863 48 335 68 23 -1.53 1.43 0.84 -0.55 -1.44 -3.35
864 47 333 72 23 -1.78 1.45 0.88 0.22 -1.28 -3.27
865 48 301 69 23 -2.01 1.2 0.82 0.59 -1.0 -2.71
866 68 257 66 26 -2.1 1.05 0.74 0.61 -1.05 -1.97
867 85 238 63 26 -2.27 0.8 0.6 0.0 -0.54 -1.8
868 88 221 61 25 -2.38 0.67 0.45 -0.85 -0.66 -1.27
869 84 210 63 49 -2.44 0.71 0.41 -0.52 -0.62 -0.93
870 74 197 63 64 -2.59 1.04 0.31 -0.39 -0.54 -0.43
871 65 193 65 65 -2.76 1.27 0.28 -1.09 -0.25 0.3
872 58 185 71 56 -2.88 1.3 0.29 -1.13 -0.18 0.62
873 53 171 70 48 -2.98 1.37 0.3 -0.55 -0.21 1.22
874 58 165 70 44 -2.92 1.25 0.37 -1.82 0.21 1.09
875 70 152 67 57 -2.84 0.99 0.56 -0.3 -0.37 1.15
876 75 136 64 49 -2.55 0.63 0.49 -0.9 -0.11 1.8
877 69 124 63 55 -2.4 0.4 0.45 -1.67 -0.13 1.55
878 62 112 63 54 -2.21 0.3 0.44 -0.86 -0.26 1.66
879 61 109 60 62 -1.92 0.31 0.39 -0.07 -0.1 1.8
880 51 103 60 56 -1.71 0.33 0.32 0.26 -0.32 2.25
881 48 98 60 47 -1.62 0.28 0.34 0.48 -0.51 2.2
882 84 96 66 43 -1.38 0.24 0.33 1.5 -1.54 1.87
883 75 96 73 40 0.55 -0.65 0.01 0.81 -5.41 10.37
884 64 95 75 36 1.2 0.11 -0.14 6.67 1.66 10.0
885 52 93 73 33 0.4 0.79 -0.28 0.41 0.84 1.38
886 46 92 70 31 0.22 0.39 -0.26 -0.63 1.1 -0.93
887 41 94 70 29 0.18 0.39 -0.26 -1.33 0.78 -1.05
888 35 95 67 28 0.19 0.06 -0.22 -1.0 0.16 0.25
889 38 95 67 27 0.18 -0.27 -0.09 0.74 0.18 0.92
890 38 95 72 26 0.15 -0.33 -0.01 1.13 0.12 0.6
891 34 94 78 24 0.11 -0.13 0.08 1.04 0.17 0.07
892 31 94 79 25 0.06 0.18 0.07 0.61 0.21 0.01
893 27 94 75 24 0.02 0.3 0.06 0.4 0.29 0.07
894 25 93 76 24 -0.07 0.29 0.05 -0.31 0.09 0.06
895 23 92 73 24 -0.05 0.17 0.02 -0.49 0.1 0.06
896 21 91 72 24 -0.04 0.12 0.02 -0.43 0.15 0.05
897 20 89 73 24 0.0 0.05 -0.01 -0.26 0.13 -0.01
898 19 88 77 22 0.03 0.05 -0.01 0.02 0.05 -0.06
-100 -100 -100 -100 -100 -100 -100 -100 -100 -100 -100
899 18 86 78 24 0.05 0.06 -0.01 0.07 0.04 -0.05
900 18 85 80 23 0.04 0.07 -0.02 -0.09 0.01 -0.07
901 17 83 80 23 0.08 0.03 -0.03 -0.25 0.06 -0.03
902 16 82 74 23 0.09 0.01 -0.04 -0.29 0.06 0.0
903 16 81 81 23 0.11 -0.03 -0.07 -0.14 0.06 -0.04
904 17 79 77 23 0.13 -0.02 -0.08 0.0 0.12 0.03
905 17 79 74 23 0.13 -0.02 -0.08 0.02 0.09 0.01
906 16 76 73 23 0.09 -0.02 -0.08 0.01 0.13 0.01
907 16 75 74 22 0.08 -0.01 -0.06 0.04 0.1 0.0
908 16 74 86 23 0.07 0.0 -0.06 0.02 0.06 -0.02
909 16 73 87 23 0.08 0.04 -0.06 0.06 0.05 0.0
910 16 72 84 23 0.05 0.01 -0.04 -0.03 0.07 0.02
911 16 73 79 23 0.04 0.0 -0.03 -0.05 0.08 -0.02
912 16 71 79 22 0.04 -0.01 -0.02 -0.01 0.1 0.0
913 16 72 78 23 0.03 0.01 -0.02 0.02 0.09 -0.01
914 16 71 82 24 0.03 0.02 -0.02 -0.02 0.13 -0.01
915 16 69 81 23 0.02 0.02 -0.01 -0.03 0.12 0.0
916 15 70 79 23 0.02 0.01 -0.01 -0.06 0.15 -0.02
917 16 69 80 23 0.01 -0.0 -0.01 -0.1 0.07 -0.03
918 16 67 76 23 0.02 -0.01 -0.02 -0.09 0.09 -0.01
919 16 67 76 23 0.03 -0.02 -0.02 -0.06 0.11 0.0
920 15 67 77 23 0.03 -0.02 -0.02 -0.05 0.12 -0.02
921 16 67 76 24 0.04 -0.03 -0.02 0.0 0.11 -0.03
922 16 66 78 23 0.03 -0.02 -0.01 0.02 0.12 0.0
923 16 66 77 23 0.03 -0.03 -0.01 0.04 0.11 0.0
924 16 67 73 23 0.01 -0.03 0.0 0.02 0.12 0.01
925 16 67 70 23 -0.0 -0.02 0.02 0.04 0.12 -0.01
926 16 67 76 23 -0.02 -0.03 0.03 0.0 0.13 0.0
927 16 67 71 23 -0.03 -0.02 0.04 0.04 0.15 0.05
928 16 67 67 23 -0.05 -0.03 0.06 0.05 0.1 0.0
929 16 67 70 23 -0.06 -0.02 0.06 0.01 0.07 -0.02
930 17 68 79 23 -0.05 -0.0 0.06 -0.04 0.0 -0.04
931 16 67 76 20 -0.04 0.01 0.05 -0.15 0.01 -0.03
932 16 69 73 22 -0.03 0.01 0.04 -0.18 0.05 -0.02
933 16 69 74 23 -0.01 0.0 0.03 -0.1 0.1 -0.03
934 16 68 71 23 0.0 0.0 0.02 -0.05 0.13 -0.03
935 16 69 70 23 0.0 -0.01 0.01 -0.02 0.13 0.0
936 16 70 69 23 -0.0 -0.01 0.01 -0.07 0.08 -0.02
937 16 71 66 23 0.01 -0.0 -0.01 -0.08 0.03 0.0
938 16 70 70 23 0.01 -0.01 -0.01 -0.08 0.05 -0.03
939 16 71 69 23 0.02 -0.01 -0.01 -0.06 0.03 0.0
940 16 71 66 24 0.02 -0.01 -0.01 -0.03 0.09 -0.02
941 16 70 66 23 0.03 -0.01 -0.01 -0.02 0.12 0.0
942 16 71 64 23 0.01 -0.01 -0.01 -0.06 0.11 -0.01
-200 -200 -200 -200 -200 -200 -200 -200 -200 -200 -200
943 16 69 65 23 0.01 -0.01 -0.01 -0.03 0.1 -0.01
944 15 68 64 23 0.02 -0.01 -0.01 -0.03 0.07 -0.03
945 16 68 68 23 0.01 -0.02 -0.01 -0.06 0.1 -0.04
946 16 67 73 23 -0.0 -0.04 -0.01 -0.1 0.15 0.02
947 15 68 73 23 -0.02 -0.07 -0.0 -0.06 0.12 0.0
948 16 67 71 25 -0.02 -0.07 -0.0 -0.04 0.1 0.0
949 16 67 65 23 -0.02 -0.07 -0.01 0.03 0.04 -0.03
950 16 67 67 23 -0.01 -0.05 -0.01 0.04 0.05 -0.02
951 16 66 70 23 -0.0 -0.02 -0.01 -0.01 0.06 -0.04
952 16 66 69 23 -0.01 -0.03 -0.01 -0.1 0.13 -0.03
953 16 66 67 23 -0.01 -0.05 -0.01 -0.16 0.09 0.0
954 15 66 63 23 -0.01 -0.05 -0.01 -0.02 0.13 -0.02
955 19 69 65 23 -0.01 -0.05 -0.01 0.03 0.08 -0.02
956 35 72 62 23 -0.01 -0.05 -0.01 0.0 0.11 -0.01
957 49 76 59 23 -0.03 -0.06 -0.0 -0.06 0.08 0.02
958 56 78 56 23 -0.07 -0.13 0.0 -0.33 0.06 -0.04
959 77 82 55 24 -0.07 -0.16 0.0 -0.39 0.08 -0.05
960 85 85 57 27 -0.08 -0.2 -0.01 -0.25 0.17 0.02
961 85 103 58 69 -0.15 -0.24 -0.01 0.0 0.29 0.15
962 143 142 57 64 -0.16 -0.27 -0.02 0.14 0.32 0.21
963 154 200 56 63 -0.16 -0.24 0.0 0.67 0.19 0.43
964 178 258 58 59 -0.08 -0.3 0.03 0.66 0.21 0.48
965 182 257 62 53 -0.02 -0.34 0.01 0.75 0.13 0.58
966 174 237 63 74 -0.13 -0.67 -0.03 -0.18 0.22 1.98
967 219 290 63 72 -0.0 -0.79 -0.18 -0.75 -0.13 2.68
968 211 313 63 62 0.21 -1.22 -0.3 -4.26 -1.37 2.93
969 217 309 64 54 1.32 -2.52 -0.64 3.25 1.41 4.26
970 224 333 71 56 1.68 -1.79 -0.68 2.06 0.83 4.04
971 233 327 79 60 1.83 -1.47 -0.73 1.64 0.95 4.2
972 227 305 95 77 2.23 -1.32 -0.88 0.77 1.12 4.15
973 220 294 103 102 2.59 -1.58 -0.99 0.73 0.76 4.33
974 246 277 101 96 2.76 -1.72 -1.03 0.62 0.72 3.84
975 218 260 101 82 2.93 -1.76 -1.07 0.53 0.92 2.75
976 211 245 100 92 2.93 -1.39 -1.09 0.28 0.54 2.02
977 195 238 100 85 2.94 -1.23 -1.09 0.37 0.25 1.54
978 200 259 115 92 2.92 -1.02 -1.08 0.11 -0.06 1.08
979 248 239 125 83 2.77 -0.99 -0.96 -0.77 -0.57 0.07
980 232 253 129 77 2.67 -0.98 -0.88 -0.51 -0.64 -0.24
981 242 235 127 80 2.58 -0.87 -0.84 -0.65 -1.13 -1.1
982 288 251 131 80 2.36 -0.7 -0.75 -0.95 -1.37 -1.41
983 387 249 126 76 2.26 -0.67 -0.72 -1.15 -1.7 -1.39
984 342 259 133 81 2.04 -0.63 -0.65 -1.08 -1.84 -1.9
985 292 255 145 83 1.74 -0.46 -0.58 -1.0 -2.02 -2.47
986 268 250 152 83 1.6 -0.44 -0.56 -1.05 -2.08 -2.71
987 248 241 141 73 1.36 -0.43 -0.5 -0.98 -2.11 -2.54
988 278 250 145 69 1.03 -0.43 -0.42 -0.95 -2.16 -2.57
989 274 241 134 68 0.9 -0.41 -0.39 -1.18 -2.17 -2.7
990 258 240 134 60 0.63 -0.35 -0.29 -1.0 -2.08 -2.77
991 225 229 119 59 0.51 -0.3 -0.25 -0.96 -1.94 -2.63
992 207 228 143 53 0.32 -0.28 -0.16 -0.92 -1.93 -2.23
993 251 225 136 47 0.11 -0.21 -0.1 -0.83 -1.62 -1.58
994 272 260 124 52 0.01 -0.17 -0.09 -0.78 -1.44 -1.48
995 292 292 117 49 -0.12 -0.14 -0.05 -0.74 -1.36 -1.45
996 265 273 118 52 -0.21 -0.12 -0.02 -0.46 -1.13 -1.11
997 226 275 125 46 -0.24 -0.09 -0.02 -0.4 -0.91 -0.66
998 186 248 118 61 -0.27 -0.08 -0.01 -0.38 -0.65 -0.28
999 174 235 111 71 -0.27 -0.06 -0.01 -0.33 -0.4 -0.02
1000 167 242 108 118 -0.29 -0.03 -0.01 -0.13 -0.12 -0.1
1001 184 241 104 107 -0.33 0.04 0.01 -0.22 -0.11 -0.14
1002 237 235 104 89 -0.32 0.13 0.03 0.1 -0.03 -0.16
1003 227 222 105 75 -0.3 0.16 0.03 -0.5 0.24 0.34
1004 212 220 109 73 -0.23 0.15 0.01 -0.5 0.33 0.37
1005 189 218 107 63 -0.19 0.13 0.01 -0.69 0.43 0.26
1006 166 217 98 73 -0.18 0.13 0.03 -0.49 0.47 0.04
1007 156 209 96 65 -0.17 0.13 0.05 -0.38 0.4 0.0
1008 199 209 102 56 -0.15 0.11 0.07 -0.09 0.37 -0.05
1009 174 223 101 49 -0.14 0.1 0.08 -0.17 0.34 0.11
1010 266 215 101 46 -0.09 0.06 0.06 -0.14 0.3 0.17
1011 238 210 98 51 -0.06 0.07 0.05 -0.15 0.21 0.12
1012 230 194 98 45 -0.05 0.09 0.06 -0.29 0.13 -0.08
1013 209 219 95 43 -0.04 0.09 0.06 -0.26 0.1 -0.15
1014 205 211 92 42 -0.03 0.05 0.06 -0.18 0.0 -0.27
1015 186 236 91 38 -0.02 0.05 0.06 -0.09 -0.01 -0.18
1016 158 251 88 37 -0.03 0.05 0.06 -0.1 -0.07 -0.18
1017 130 218 86 37 -0.03 0.04 0.05 0.04 -0.11 0.13
1018 119 204 80 54 -0.04 0.05 0.03 0.18 -0.14 -0.13
1019 112 197 76 48 -0.05 0.1 -0.01 0.24 -0.12 -0.15
1020 105 180 73 43 -0.06 0.13 -0.02 0.15 -0.2 -0.14
1021 144 175 73 39 -0.06 0.15 -0.03 -0.16 -0.17 -0.07
1022 126 173 76 35 -0.07 0.19 -0.02 -0.24 -0.14 -0.06
1023 111 181 73 38 -0.09 0.14 -0.0 -0.29 -0.05 0.09
1024 101 195 71 40 -0.09 0.12 0.0 -0.08 -0.08 -0.03
1025 162 200 72 44 -0.09 0.11 0.01 -0.07 -0.08 -0.12
1026 141 207 69 41 -0.05 0.07 0.02 0.0 -0.08 -0.1
1027 160 193 76 37 -0.02 0.04 0.02 0.13 -0.03 0.06
1028 141 186 77 35 0.0 0.0 0.02 0.06 -0.03 0.23
1029 152 201 72 33 0.02 -0.0 -0.02 0.13 0.0 0.2
1030 131 196 71 42 0.03 0.0 -0.03 0.14 0.13 -0.03
1031 121 196 72 39 0.05 0.02 -0.07 0.08 0.19 -0.06
1032 102 178 68 37 0.06 0.02 -0.09 0.11 0.24 -0.24
1033 94 190 73 35 0.05 0.02 -0.09 -0.1 0.25 -0.27
1034 112 203 72 32 0.05 0.01 -0.07 -0.16 0.22 -0.31
1035 107 191 71 32 0.03 -0.02 -0.04 -0.3 0.09 -0.17
1036 90 186 71 30 0.02 -0.03 -0.03 -0.36 0.04 -0.1
1037 88 184 72 31 0.02 -0.03 0.02 -0.32 -0.02 -0.07
1038 96 228 70 29 -0.0 -0.03 0.05 -0.3 -0.05 -0.1
1039 92 212 69 27 -0.0 -0.03 0.06 -0.21 -0.12 -0.17
1040 82 208 66 27 0.0 -0.01 0.06 -0.17 -0.09 -0.17
1041 72 185 68 26 0.0 0.01 0.05 -0.21 -0.15 -0.27
1042 101 171 66 29 0.02 0.03 0.04 -0.27 -0.22 -0.46
1043 84 155 66 28 0.0 0.07 0.03 -0.27 -0.29 -0.49
1044 70 152 65 27 -0.04 0.1 0.03 -0.4 -0.63 -0.84
1045 57 171 63 26 -0.06 0.13 0.04 -0.53 -0.84 -0.97
1046 53 170 64 25 -0.14 0.2 0.08 -0.55 -1.0 -1.12
1047 48 159 64 24 -0.26 0.31 0.16 -0.53 -1.58 -1.78
1048 42 149 64 24 -0.35 0.4 0.23 -0.92 -1.82 -2.45
1049 44 139 64 24 -0.55 0.71 0.44 -1.05 -1.9 -2.52
1050 39 134 63 23 -0.81 1.01 0.69 -1.18 -1.83 -2.8
1051 45 131 62 24 -0.98 1.12 0.83 -0.88 -1.75 -2.88
1052 48 134 63 24 -1.4 1.27 1.08 -0.76 -1.74 -2.68
1053 51 128 64 24 -1.9 1.36 1.3 -0.98 -1.74 -1.99
1054 70 127 65 26 -2.14 1.42 1.39 -1.94 -1.51 -1.73
1055 79 127 66 26 -2.59 1.45 1.49 -2.41 -1.29 -1.56
1056 68 129 65 29 -3.01 1.29 1.48 -2.37 -1.08 -0.27
1057 66 125 64 33 -3.18 1.21 1.42 -1.69 -0.88 0.02
1058 67 146 59 36 -3.24 1.16 1.25 -0.42 -0.51 -0.48
1059 67 157 61 44 -3.11 1.18 1.12 0.37 -0.14 -1.97
1060 70 140 60 39 -3.03 1.2 1.13 0.73 0.02 -2.17
1061 68 129 57 40 -2.85 1.24 1.14 0.41 0.0 -1.77
1062 61 125 57 34 -2.65 0.87 1.06 -0.58 -0.3 -0.17
1063 51 117 55 34 -2.52 0.61 0.99 -0.21 -0.41 1.94
1064 65 112 53 35 -2.29 0.28 0.71 0.43 -0.18 2.18
1065 55 104 52 37 -2.0 0.11 0.66 1.56 0.04 1.8
1066 46 102 52 59 -1.87 0.18 0.5 1.87 0.3 1.38
1067 44 99 54 52 -1.81 0.49 0.33 1.26 -0.12 1.46
1068 38 100 53 45 -1.66 0.6 0.2 1.65 0.42 0.57
1069 38 100 52 40 -1.65 0.38 0.07 3.48 -1.93 1.47
1070 35 102 53 37 -1.23 0.78 0.01 0.25 -3.92 6.81
1071 31 103 57 34 0.94 1.74 -0.13 2.84 -0.95 11.96
1072 52 102 63 32 1.34 2.67 -0.04 -0.93 0.09 6.19
1073 56 102 61 30 0.94 2.37 -0.58 -1.22 1.97 2.57
1074 49 104 61 28 0.1 1.18 -0.53 -3.37 0.65 -0.98
1075 42 106 62 27 0.09 0.73 -0.45 -2.03 0.49 -0.17
1076 41 106 63 26 0.49 0.02 -0.38 -1.43 0.22 0.13
1077 37 107 66 26 0.45 -0.35 -0.23 1.06 0.09 0.16
1078 32 107 67 25 0.35 -0.34 -0.16 1.79 -0.08 0.04
1079 31 105 69 25 0.34 0.0 -0.08 1.59 -0.1 0.02
1080 28 104 73 24 0.3 0.47 -0.08 0.75 0.14 0.0
1081 26 104 74 24 0.26 0.6 -0.11 -0.4 0.11 0.11
1082 23 104 74 23 0.19 0.45 -0.1 -0.53 0.11 0.1
1083 27 103 73 24 0.1 0.17 -0.07 -0.8 0.0 0.03
1084 24 101 73 24 0.11 0.06 -0.05 -0.47 0.22 0.09
1085 22 98 78 23 0.14 -0.04 -0.06 -0.17 0.38 0.1
1086 27 97 77 23 0.12 -0.04 -0.05 0.24 0.34 0.09
1087 26 96 75 23 0.1 -0.01 -0.05 0.28 0.22 0.08
1088 24 95 75 23 0.07 0.05 -0.05 -0.01 0.13 0.01
1089 22 93 74 23 0.02 -0.01 -0.03 -0.09 -0.02 -0.03
1090 21 93 72 23 0.02 -0.02 -0.03 -0.1 -0.05 -0.03
-100 -100 -100 -100 -100 -100 -100 -100 -100 -100 -100
1091 20 93 70 23 0.02 -0.08 -0.03 -0.09 -0.06 -0.03
1092 18 93 70 23 0.04 -0.05 -0.03 0.05 0.0 0.0
1093 22 93 70 23 0.04 -0.03 -0.03 0.13 0.07 0.0
1094 21 93 67 23 0.03 0.03 -0.02 0.13 0.12 0.0
1095 20 92 69 23 0.03 0.06 -0.02 -0.08 0.13 0.01
1096 19 90 72 23 0.03 0.06 -0.02 -0.04 0.13 0.01
1097 19 89 77 23 0.03 0.05 -0.02 -0.04 0.13 -0.01
1098 18 88 73 23 0.03 0.08 -0.02 0.0 0.1 0.01
1099 18 88 75 23 0.03 0.09 -0.02 0.03 0.11 0.0
1100 17 88 71 23 0.03 0.12 -0.02 -0.01 0.1 -0.03
1101 16 86 69 23 0.01 0.08 -0.01 -0.06 0.08 -0.04
1102 17 87 72 24 0.0 0.04 -0.0 -0.11 0.07 -0.02
1103 17 87 77 23 -0.0 -0.01 -0.0 -0.09 0.07 -0.01
1104 16 86 76 23 -0.01 -0.04 -0.0 0.03 0.1 -0.01
1105 16 86 71 23 -0.01 -0.03 0.0 0.0 0.1 0.0
1106 15 86 69 24 -0.01 -0.03 0.01 0.01 0.09 0.0
1107 16 85 78 23 -0.01 -0.01 0.01 0.0 0.07 -0.01
1108 16 84 73 23 -0.01 -0.01 0.01 -0.01 0.04 -0.04
1109 16 84 80 24 -0.02 -0.03 0.01 -0.01 0.06 0.0
1110 15 83 80 23 -0.02 -0.03 0.01 -0.05 0.04 0.0
1111 16 82 76 23 -0.02 -0.03 0.01 -0.03 0.07 -0.02
1112 16 83 75 24 -0.01 -0.01 0.0 -0.02 0.09 -0.01
1113 16 84 71 23 -0.0 0.01 -0.0 -0.04 0.08 -0.01
1114 16 83 72 23 -0.0 0.0 -0.01 -0.03 0.08 -0.01
1115 16 84 73 23 -0.01 -0.01 -0.0 -0.04 0.09 -0.02
1116 15 83 76 23 -0.0 -0.01 -0.0 -0.01 0.05 -0.02
1117 16 81 73 24 -0.0 -0.01 0.0 -0.01 0.09 -0.03
1118 16 80 76 24 -0.0 -0.0 0.0 -0.02 0.09 0.0
1119 16 79 72 23 -0.0 0.01 0.0 0.0 0.09 0.0
1120 16 77 76 23 -0.01 0.0 0.0 -0.04 0.07 -0.04
1121 16 76 76 23 -0.01 -0.01 0.01 -0.05 0.1 -0.01
1122 16 75 72 23 -0.03 -0.03 0.02 -0.01 0.08 0.02
1123 16 75 70 24 -0.03 -0.03 0.02 0.02 0.1 -0.03
