-1 -1 -1 -1 -1 -1 -1 -1 -1 -1 -1
2 70 100 66 26 -0.03 -0.01 -0.01 -0.12 -0.07 -0.21
3 75 108 74 26 -0.02 -0.02 0.0 -0.14 -0.02 -0.22
4 66 108 70 26 -0.01 -0.04 0.01 -0.08 0.01 -0.13
5 57 112 66 26 0.02 -0.06 0.01 0.03 0.02 -0.18
6 53 111 67 27 0.02 -0.05 0.01 0.03 0.02 -0.2
7 45 109 66 26 0.03 -0.02 0.01 -0.1 0.05 -0.18
8 43 107 72 27 0.03 0.01 0.01 -0.14 0.04 -0.2
9 42 103 75 27 0.02 0.01 0.0 -0.15 0.0 -0.2
10 71 103 71 28 0.03 0.0 -0.0 -0.1 0.0 -0.2
11 64 105 69 27 0.02 -0.0 -0.0 -0.1 0.04 -0.04
12 55 112 76 27 0.02 -0.0 -0.0 -0.04 0.11 0.0
13 48 109 72 27 0.03 0.01 -0.01 -0.09 0.12 0.0
14 43 107 75 27 0.03 0.02 -0.01 0.0 0.13 -0.02
15 38 104 75 27 0.02 0.03 -0.01 -0.17 0.09 -0.05
16 69 105 79 27 0.01 0.03 -0.01 -0.2 0.04 -0.04
17 64 107 76 26 0.0 0.02 -0.0 -0.22 -0.01 -0.02
18 57 105 74 25 -0.0 0.01 -0.0 -0.13 -0.06 -0.03
19 48 105 75 25 0.0 0.01 -0.0 -0.12 -0.06 -0.04
20 42 105 80 24 0.02 0.03 -0.01 -0.11 0.0 -0.04
21 40 101 82 26 0.02 0.04 -0.01 -0.16 0.09 0.01
22 42 99 82 25 0.01 0.06 -0.02 -0.16 0.11 0.02
23 37 95 83 26 -0.01 0.05 -0.03 -0.16 0.15 -0.06
24 32 91 84 25 -0.02 0.04 -0.03 -0.13 0.09 -0.05
25 30 89 82 25 -0.03 0.01 -0.01 -0.1 0.02 -0.04
26 59 89 84 25 -0.0 -0.02 0.04 0.02 -0.07 -0.09
27 49 87 90 26 0.02 -0.03 0.08 0.08 -0.22 -0.11
28 47 86 87 26 0.09 -0.02 0.15 0.15 -0.16 -0.09
29 43 89 83 25 0.16 -0.01 0.21 0.04 -0.13 -0.05
30 36 109 83 26 0.18 0.0 0.23 -0.12 0.0 -0.05
31 33 118 81 25 0.21 0.01 0.26 -0.23 0.06 -0.03
32 35 112 82 26 0.26 -0.04 0.26 -0.31 0.15 -0.06
33 30 104 81 26 0.27 -0.07 0.25 -0.16 0.14 -0.06
34 29 101 78 26 0.25 -0.09 0.26 -0.16 0.17 -0.02
35 26 95 77 26 0.21 -0.07 0.26 -0.03 0.21 0.0
36 24 91 75 26 0.2 -0.05 0.25 0.03 0.2 0.07
37 23 93 75 27 0.13 0.01 0.23 -0.01 0.13 0.08
38 27 92 74 26 0.07 0.05 0.22 0.0 0.02 0.06
39 55 93 72 27 0.04 0.05 0.22 0.0 -0.05 0.01
40 50 91 80 26 0.01 0.06 0.23 0.04 -0.06 -0.01
41 43 90 74 27 -0.0 0.07 0.26 0.06 -0.06 -0.01
42 41 90 73 26 -0.0 0.08 0.27 0.09 0.08 0.0
43 46 89 69 26 0.0 0.14 0.27 0.01 -0.03 0.0
44 39 88 71 26 -0.01 0.19 0.25 -0.15 0.14 -0.06
45 65 86 71 26 -0.0 0.2 0.22 -0.36 0.2 -0.02
46 58 84 69 25 0.0 0.18 0.16 -0.46 0.15 -0.06
47 49 83 65 25 -0.03 0.14 0.1 -0.51 0.1 -0.07
48 45 81 63 25 -0.03 0.11 0.07 -0.53 0.0 -0.07
49 45 81 69 25 -0.03 0.02 0.02 -0.5 -0.07 -0.06
50 39 80 69 24 -0.02 -0.05 -0.02 -0.42 -0.06 -0.11
51 63 79 69 24 -0.01 -0.08 -0.04 -0.22 0.0 -0.05
52 58 77 66 24 0.02 -0.1 -0.1 -0.19 0.03 -0.01
53 50 76 71 24 0.03 -0.11 -0.14 -0.13 0.14 -0.06
54 51 75 74 24 0.03 -0.11 -0.17 -0.19 0.15 -0.02
55 50 77 70 24 0.03 -0.11 -0.2 -0.25 0.07 -0.07
56 43 76 66 24 0.03 -0.14 -0.22 -0.28 0.02 -0.05
57 37 77 66 24 0.04 -0.16 -0.23 -0.21 -0.03 -0.11
58 58 78 76 24 0.06 -0.21 -0.23 -0.13 -0.03 -0.07
59 48 79 71 24 0.09 -0.25 -0.21 -0.05 0.02 -0.04
60 41 78 70 25 0.1 -0.25 -0.2 0.1 0.14 -0.03
61 41 79 70 25 0.07 -0.22 -0.18 0.1 0.14 -0.02
62 38 75 69 25 0.06 -0.21 -0.18 -0.06 0.11 -0.05
63 37 75 72 24 0.06 -0.21 -0.18 -0.16 0.08 -0.08
64 33 78 76 24 0.05 -0.24 -0.17 -0.15 0.06 -0.03
65 29 82 72 24 0.03 -0.25 -0.15 0.07 0.05 0.04
66 26 88 69 24 0.01 -0.24 -0.14 0.12 0.09 0.03
67 24 92 72 23 -0.02 -0.19 -0.13 0.13 0.07 0.03
68 22 95 71 24 -0.06 -0.13 -0.12 0.05 0.02 -0.01
69 21 92 74 24 -0.07 -0.11 -0.12 -0.03 0.0 -0.05
70 20 90 72 24 -0.09 -0.09 -0.12 -0.11 0.0 -0.01
71 19 86 72 24 -0.11 -0.09 -0.12 -0.15 0.06 0.0
72 25 82 72 24 -0.13 -0.09 -0.11 -0.13 0.14 -0.01
73 26 80 71 24 -0.16 -0.09 -0.11 -0.06 0.25 0.02
74 24 77 69 23 -0.21 -0.07 -0.1 0.05 0.23 0.01
75 21 75 73 24 -0.22 -0.05 -0.1 0.05 0.18 0.0
76 21 74 71 24 -0.25 -0.03 -0.07 0.07 0.0 -0.01
77 20 74 68 23 -0.26 -0.01 -0.03 0.01 -0.1 -0.04
78 20 74 66 24 -0.25 -0.01 -0.01 0.06 -0.09 -0.05
79 19 75 70 24 -0.23 0.02 0.03 0.0 -0.15 -0.08
80 18 75 65 24 -0.21 0.04 0.06 -0.02 -0.02 -0.04
81 19 75 68 23 -0.21 0.04 0.07 -0.12 0.07 -0.05
82 19 76 72 24 -0.21 0.03 0.07 -0.22 0.16 -0.02
83 18 77 72 24 -0.22 -0.0 0.08 -0.13 0.16 -0.02
84 18 78 68 24 -0.23 -0.02 0.09 -0.13 0.16 -0.04
85 18 79 67 24 -0.25 -0.03 0.09 -0.12 0.1 -0.03
86 17 78 66 24 -0.24 -0.03 0.1 -0.1 -0.04 -0.05
87 16 78 63 24 -0.23 -0.03 0.11 -0.11 -0.03 -0.07
88 17 75 62 24 -0.21 -0.03 0.13 0.0 -0.07 -0.06
89 17 73 61 24 -0.18 0.0 0.14 0.03 -0.04 -0.04
90 16 71 66 24 -0.17 0.02 0.14 -0.06 -0.02 -0.09
91 16 71 70 25 -0.13 0.03 0.12 -0.2 -0.02 -0.04
92 16 71 68 24 -0.1 -0.0 0.09 -0.29 0.05 -0.05
93 17 72 66 23 -0.08 -0.02 0.08 -0.33 0.09 -0.07
94 16 72 70 24 -0.06 -0.06 0.04 -0.35 0.12 -0.08
95 16 72 72 24 -0.03 -0.08 0.01 -0.22 0.07 -0.04
96 16 73 75 24 -0.02 -0.09 -0.01 -0.2 0.06 -0.03
97 16 73 76 24 0.0 -0.09 -0.04 -0.13 0.01 -0.03
98 17 75 74 24 0.02 -0.09 -0.07 -0.05 0.0 -0.02
99 17 82 76 23 0.03 -0.09 -0.07 -0.02 0.01 -0.03
100 16 83 76 24 0.04 -0.06 -0.09 -0.03 0.03 0.0
101 16 81 76 24 0.05 -0.03 -0.1 -0.04 0.02 -0.02
102 16 79 79 24 0.07 -0.03 -0.11 -0.09 0.0 -0.09
103 16 78 75 23 0.08 -0.04 -0.1 -0.1 0.0 -0.03
104 16 76 72 24 0.09 -0.05 -0.09 -0.06 0.04 -0.03
105 16 75 75 24 0.09 -0.06 -0.09 -0.05 0.04 0.0
106 16 76 78 24 0.09 -0.05 -0.09 -0.01 0.11 0.01
107 16 77 76 24 0.08 -0.03 -0.09 -0.03 0.14 0.0
108 16 77 74 24 0.07 -0.03 -0.09 -0.04 0.14 0.0
109 17 76 73 24 0.05 -0.03 -0.08 -0.03 0.11 0.0
110 17 75 71 24 0.03 -0.03 -0.07 -0.02 0.09 0.01
111 17 75 70 23 0.01 -0.03 -0.06 0.02 0.07 0.0
112 16 76 75 24 -0.01 -0.03 -0.04 0.01 0.07 0.0
113 15 77 78 23 -0.04 -0.01 -0.02 0.04 0.07 0.03
114 16 77 74 23 -0.05 -0.0 -0.01 0.04 0.08 0.0
115 16 76 72 24 -0.08 0.02 0.01 0.04 0.05 0.0
116 16 76 69 24 -0.09 0.03 0.03 0.01 0.04 -0.02
117 16 79 73 23 -0.09 0.03 0.04 0.02 0.01 -0.03
118 16 76 77 23 -0.08 0.06 0.05 -0.06 0.02 -0.03
119 15 77 77 23 -0.07 0.07 0.06 -0.13 0.02 -0.03
120 16 77 77 23 -0.07 0.07 0.06 -0.19 0.03 -0.03
121 16 77 75 24 -0.05 0.06 0.05 -0.21 0.04 -0.06
122 16 76 74 23 -0.03 0.03 0.04 -0.16 0.04 -0.07
123 16 76 78 23 -0.01 0.03 0.03 -0.09 0.04 -0.04
124 16 77 77 23 0.01 0.02 0.02 -0.07 0.04 -0.03
125 16 81 76 23 0.03 0.02 0.01 -0.12 0.04 0.0
126 16 75 75 23 0.04 0.02 0.0 -0.13 0.03 -0.04
127 16 74 71 23 0.04 0.01 -0.01 -0.12 0.01 -0.02
128 16 72 73 23 0.06 0.01 -0.02 -0.12 0.02 -0.03
129 16 72 71 23 0.06 0.0 -0.02 -0.12 0.0 -0.03
130 16 72 68 23 0.06 -0.01 -0.02 -0.04 0.02 -0.01
131 16 71 67 23 0.06 -0.0 -0.02 -0.01 0.06 -0.03
132 16 70 62 23 0.06 -0.0 -0.02 0.0 0.11 -0.01
133 16 71 70 23 0.05 0.01 -0.02 -0.02 0.1 0.0
134 16 70 73 23 0.04 0.01 -0.02 -0.08 0.12 -0.02
135 16 69 71 23 0.03 0.01 -0.02 -0.09 0.07 -0.01
136 16 69 71 23 0.02 0.01 -0.02 -0.08 0.04 -0.03
137 16 70 66 23 0.02 0.0 -0.01 -0.03 0.01 0.0
138 16 69 63 23 0.02 0.0 -0.01 -0.04 0.02 -0.03
139 16 69 65 23 0.02 0.01 -0.0 -0.03 0.03 -0.02
140 16 69 72 23 0.02 0.01 0.0 -0.07 0.07 -0.02
141 16 68 69 23 0.01 0.01 0.0 -0.11 0.1 -0.03
142 16 67 62 23 0.01 0.0 0.0 -0.09 0.11 -0.01
143 15 67 64 23 0.0 0.0 0.0 -0.09 0.07 -0.01
144 16 67 60 23 0.0 -0.0 0.0 -0.07 0.08 -0.04
145 16 68 64 23 0.0 -0.0 0.0 -0.09 0.04 -0.02
146 16 67 62 23 0.0 -0.0 -0.0 -0.08 0.05 -0.04
147 16 67 64 23 0.0 0.0 -0.0 -0.07 0.06 -0.01
148 16 67 61 23 0.01 -0.01 -0.0 -0.04 0.04 0.0
149 16 67 63 23 0.01 0.0 -0.01 -0.07 0.06 -0.01
150 16 67 66 23 0.01 0.0 -0.01 -0.11 0.07 0.0
151 16 68 67 23 0.01 0.0 -0.02 -0.15 0.08 -0.03
152 16 67 63 23 0.01 -0.01 -0.02 -0.09 0.06 -0.02
153 16 67 69 23 0.01 -0.01 -0.02 -0.06 0.04 -0.01
154 16 67 72 23 0.0 -0.02 -0.02 -0.02 0.05 -0.01
155 16 67 70 23 0.0 -0.01 -0.02 -0.02 0.02 -0.02
156 16 68 69 23 0.0 -0.01 -0.02 -0.03 0.03 -0.03
157 16 68 74 23 0.01 -0.01 -0.01 -0.05 0.07 -0.01
158 16 68 73 23 0.01 -0.01 -0.01 -0.08 0.07 -0.03
159 16 68 67 23 0.01 -0.02 -0.01 -0.11 0.06 -0.02
160 16 68 67 23 0.01 -0.02 -0.02 -0.1 0.08 -0.03
161 16 67 74 23 0.01 -0.02 -0.02 -0.07 0.09 -0.01
162 16 67 72 23 0.01 -0.02 -0.02 -0.07 0.06 -0.04
163 16 68 68 23 0.01 -0.02 -0.02 -0.08 0.09 0.0
164 16 68 67 23 0.01 -0.02 -0.03 -0.09 0.07 -0.02
165 16 68 67 22 0.0 -0.01 -0.03 -0.08 0.06 -0.03
166 15 68 66 23 0.01 -0.02 -0.02 -0.07 0.05 -0.02
167 16 68 62 24 0.0 -0.03 -0.02 -0.02 0.06 0.0
168 16 68 60 23 0.0 -0.02 -0.01 -0.02 0.05 -0.03
169 16 67 58 23 0.0 -0.01 -0.0 -0.05 0.09 -0.04
170 16 67 66 23 0.0 0.0 0.0 -0.09 0.11 -0.01
171 16 67 71 24 0.0 0.0 -0.0 -0.11 0.1 -0.04
172 16 67 68 23 0.0 0.0 -0.01 -0.12 0.1 0.0
173 16 66 64 23 -0.0 -0.01 -0.01 -0.11 0.06 -0.03
174 16 67 65 24 0.0 -0.02 -0.02 -0.07 0.08 -0.05
175 16 67 70 23 0.0 -0.02 -0.01 -0.07 0.04 -0.03
176 16 68 69 23 0.0 -0.01 -0.0 -0.05 0.08 -0.03
177 16 68 70 23 0.0 -0.01 -0.01 -0.04 0.07 -0.03
178 16 68 66 23 0.0 0.0 -0.0 -0.06 0.09 -0.01
179 16 67 65 23 0.0 0.01 -0.0 -0.07 0.1 -0.02
180 16 68 73 23 0.0 0.01 0.0 -0.07 0.1 -0.03
181 16 68 67 23 -0.0 0.0 -0.0 -0.11 0.09 -0.01
182 16 68 71 21 0.0 -0.0 0.0 -0.1 0.05 -0.04
183 16 67 71 23 0.0 -0.01 -0.0 -0.08 0.07 -0.04
184 15 68 73 23 0.01 -0.0 -0.0 -0.08 0.07 -0.03
185 16 67 70 23 0.01 -0.0 -0.0 -0.09 0.09 -0.03
186 16 64 66 23 0.01 0.0 -0.0 -0.08 0.12 -0.03
187 16 68 71 23 0.01 0.0 -0.01 -0.06 0.13 -0.02
188 16 68 76 23 0.01 -0.0 -0.01 -0.05 0.07 0.0
189 16 67 70 27 0.01 -0.0 -0.01 -0.06 0.09 -0.05
190 16 67 67 23 0.02 -0.0 0.0 -0.09 0.1 -0.05
191 15 66 65 23 0.02 0.0 0.0 -0.08 0.09 0.01
192 16 66 69 23 0.02 0.0 -0.0 -0.1 0.1 -0.02
193 17 68 67 23 0.01 -0.0 -0.01 -0.06 0.11 -0.02
194 16 67 63 23 0.0 -0.0 -0.01 -0.04 0.11 -0.01
195 16 67 62 23 0.0 0.0 -0.01 -0.07 0.09 -0.05
196 16 67 71 23 0.0 0.0 0.0 -0.07 0.06 -0.03
197 16 67 67 23 0.0 0.0 0.01 -0.1 0.09 -0.03
198 16 67 62 23 0.0 0.0 0.01 -0.09 0.08 -0.05
199 16 67 60 23 0.01 0.01 0.01 -0.12 0.09 -0.03
200 16 68 63 23 0.01 0.0 0.01 -0.11 0.1 -0.01
201 16 67 66 23 0.01 0.0 -0.0 -0.1 0.12 -0.02
202 15 68 62 23 0.01 0.0 -0.01 -0.13 0.12 -0.02
203 16 67 65 23 0.01 -0.0 -0.01 -0.11 0.1 -0.02
204 16 67 65 23 0.02 -0.01 -0.01 -0.08 0.09 -0.03
205 17 68 61 23 0.02 -0.0 -0.01 -0.12 0.1 -0.05
206 16 68 66 23 0.02 -0.0 -0.01 -0.07 0.1 0.0
207 16 69 63 23 0.02 -0.01 -0.01 -0.06 0.09 -0.04
208 16 70 61 23 0.02 0.0 -0.01 -0.07 0.12 -0.05
209 16 70 66 23 0.02 -0.0 -0.01 -0.07 0.13 -0.03
210 16 71 72 23 0.02 -0.01 -0.01 -0.07 0.14 -0.03
211 17 71 69 23 0.01 -0.01 -0.0 -0.07 0.13 -0.05
212 16 71 65 23 0.01 -0.0 -0.0 -0.11 0.11 -0.03
213 17 70 63 23 0.0 -0.0 -0.01 -0.13 0.12 -0.05
214 16 70 70 23 0.0 -0.01 -0.0 -0.11 0.11 -0.01
215 16 69 70 23 0.0 -0.01 -0.01 -0.06 0.09 0.0
216 17 68 66 23 -0.0 -0.01 -0.0 -0.06 0.13 -0.03
217 16 69 64 23 -0.0 -0.0 -0.0 -0.09 0.11 -0.04
218 16 69 72 23 -0.01 -0.01 -0.0 -0.1 0.11 -0.06
219 16 68 68 23 -0.01 -0.01 0.0 -0.05 0.12 -0.06
220 17 68 66 23 -0.01 -0.01 -0.0 -0.05 0.1 -0.04
221 17 68 61 23 -0.01 -0.01 0.0 -0.06 0.08 -0.01
222 17 67 68 23 -0.0 -0.0 0.0 -0.08 0.11 -0.06
223 17 68 73 23 -0.0 -0.0 0.0 -0.13 0.08 -0.03
224 17 68 66 23 -0.0 -0.0 -0.0 -0.11 0.11 0.0
225 17 68 66 23 -0.0 -0.01 -0.01 -0.09 0.14 -0.03
226 17 67 67 24 -0.0 -0.01 -0.01 -0.08 0.12 0.0
227 16 67 70 23 -0.0 -0.01 -0.01 -0.08 0.1 -0.05
228 17 67 70 23 -0.0 -0.0 -0.01 -0.08 0.1 -0.07
229 15 68 67 23 -0.01 -0.01 -0.01 -0.06 0.1 -0.02
230 17 67 68 23 -0.01 -0.0 -0.0 -0.06 0.08 -0.03
231 16 67 70 23 -0.0 0.0 -0.01 -0.1 0.09 -0.04
232 16 69 69 23 -0.0 0.0 -0.01 -0.1 0.1 -0.01
233 16 67 67 23 -0.0 0.0 -0.01 -0.11 0.14 -0.01
234 16 67 70 23 -0.01 -0.0 -0.01 -0.1 0.14 -0.03
235 16 67 67 23 -0.02 -0.01 -0.02 -0.07 0.16 0.0
236 16 67 63 23 -0.02 -0.01 -0.02 -0.1 0.1 -0.03
237 16 67 60 23 -0.02 -0.01 -0.01 -0.1 0.08 -0.08
238 16 68 65 23 -0.02 -0.01 -0.0 -0.05 0.05 -0.05
239 16 68 68 23 -0.02 -0.01 0.0 -0.04 0.07 -0.03
240 17 67 63 23 -0.01 -0.0 0.0 -0.06 0.09 -0.05
241 16 68 61 23 -0.01 -0.01 0.0 -0.11 0.14 -0.04
242 16 70 67 23 -0.01 -0.01 -0.0 -0.13 0.11 -0.04
243 16 70 69 23 -0.01 -0.02 -0.01 -0.12 0.08 -0.05
244 17 70 64 23 -0.0 -0.03 -0.01 -0.09 0.07 -0.03
245 16 69 61 23 -0.0 -0.02 -0.01 -0.07 0.11 -0.05
246 16 68 65 23 0.0 -0.02 -0.01 -0.08 0.12 -0.05
247 16 68 66 23 0.0 -0.02 -0.01 -0.1 0.14 -0.03
248 17 68 68 23 -0.0 -0.02 -0.01 -0.11 0.12 -0.02
249 16 68 70 23 -0.01 -0.02 -0.02 -0.09 0.11 -0.05
250 16 69 67 23 -0.01 -0.02 -0.02 -0.09 0.09 -0.04
251 16 68 67 23 -0.01 -0.02 -0.01 -0.04 0.1 -0.04
252 17 68 72 23 -0.01 -0.02 -0.0 -0.08 0.05 -0.04
253 15 70 73 23 -0.01 -0.02 -0.01 -0.09 0.1 0.0
254 16 70 72 23 -0.01 -0.02 -0.01 -0.09 0.12 -0.05
255 16 71 74 23 -0.01 -0.01 -0.01 -0.11 0.11 -0.04
256 16 71 77 23 -0.01 -0.02 -0.01 -0.06 0.13 -0.02
257 17 71 78 23 -0.01 -0.02 -0.01 -0.08 0.12 -0.04
258 16 70 87 21 -0.02 -0.02 -0.01 -0.06 0.1 -0.02
259 17 71 99 24 -0.02 -0.03 -0.0 -0.1 0.1 0.03
260 18 75 117 23 -0.02 -0.02 -0.0 -0.02 0.11 0.08
261 16 73 108 23 -0.03 0.02 0.01 -0.04 0.18 0.14
262 18 74 102 24 -0.04 0.02 0.03 -0.04 0.15 0.04
263 21 75 93 24 -0.05 0.02 0.04 0.04 0.16 0.01
-200 -200 -200 -200 -200 -200 -200 -200 -200 -200 -200
264 20 74 89 23 -0.08 0.06 0.04 0.02 0.11 -0.08
265 19 75 82 23 -0.09 0.08 0.03 -0.09 0.09 -0.11
266 18 74 83 23 -0.09 0.07 0.03 -0.16 0.08 -0.08
267 18 76 81 23 -0.07 0.04 0.03 -0.2 0.03 -0.08
268 18 75 80 23 -0.06 0.0 0.03 -0.16 0.03 -0.06
269 18 74 74 24 -0.05 -0.01 0.03 -0.17 0.05 -0.06
270 18 73 74 23 -0.04 -0.01 0.03 -0.07 0.07 -0.05
271 18 73 75 23 -0.03 0.01 0.01 -0.05 0.09 -0.04
272 17 76 78 23 -0.02 0.02 0.01 -0.07 0.1 -0.05
273 17 75 75 23 -0.01 0.03 0.01 -0.08 0.13 -0.02
274 17 76 77 24 -0.01 0.03 0.01 -0.08 0.11 -0.03
275 16 74 78 23 -0.01 0.03 0.01 -0.08 0.11 -0.03
276 17 73 74 23 -0.01 0.02 0.01 -0.13 0.14 -0.04
277 18 71 70 23 -0.02 0.0 0.01 -0.14 0.13 -0.05
278 17 72 68 24 -0.02 -0.0 0.01 -0.11 0.17 -0.01
279 21 72 68 23 -0.03 -0.02 0.01 -0.04 0.13 -0.05
280 27 75 66 24 -0.03 -0.04 0.02 -0.09 0.11 -0.05
281 31 80 69 23 -0.04 -0.07 0.02 -0.1 0.12 -0.06
282 35 100 67 23 -0.06 -0.15 0.04 -0.22 0.08 -0.06
283 47 119 65 24 -0.05 -0.22 0.05 -0.15 0.11 -0.05
284 52 155 62 23 -0.05 -0.27 0.05 -0.24 0.09 -0.06
285 58 152 63 24 -0.04 -0.4 0.05 -0.42 0.09 -0.05
286 61 201 61 40 -0.04 -0.63 0.09 -0.27 0.13 -0.11
287 68 240 60 61 -0.08 -0.74 0.11 0.03 0.31 0.08
288 83 268 60 58 -0.18 -0.97 0.18 0.35 0.29 0.15
289 96 285 60 56 -0.35 -1.31 0.29 -0.21 -0.05 0.1
290 83 312 65 51 -0.36 -1.48 0.34 -0.35 -0.12 0.04
291 88 296 70 45 -0.12 -1.68 0.42 -0.12 -0.18 0.44
292 103 310 71 43 0.32 -1.78 0.43 0.4 -0.08 0.78
293 93 372 81 43 0.22 -1.57 0.44 -0.35 -0.11 1.13
294 86 367 81 39 0.3 -1.72 0.42 0.04 0.15 1.67
295 98 346 91 41 0.51 -1.77 0.17 -1.03 0.44 2.03
296 113 355 87 37 0.65 -1.75 0.02 -0.86 -2.24 3.78
297 117 505 101 36 1.01 -1.16 0.3 1.8 4.76 3.47
298 119 537 105 41 1.14 -0.68 0.1 1.25 1.44 3.15
299 140 535 111 49 1.33 -0.78 0.03 1.17 1.59 3.37
300 216 512 109 48 1.64 -1.15 -0.15 1.86 1.66 3.42
301 215 497 113 43 1.62 -1.18 -0.29 1.68 1.78 2.78
302 207 518 115 70 1.59 -1.11 -0.35 1.33 1.52 2.64
303 227 528 116 71 1.57 -0.95 -0.46 0.75 1.13 1.52
304 290 537 124 72 1.54 -1.02 -0.5 0.67 0.57 0.54
305 253 531 124 75 1.58 -1.09 -0.52 0.53 0.2 -0.2
306 298 526 119 79 1.69 -1.17 -0.55 -0.02 -0.08 -0.52
307 283 524 124 76 1.72 -1.16 -0.51 -0.42 -0.3 -0.92
308 296 507 122 65 1.68 -1.11 -0.47 -0.7 -0.43 -1.03
309 346 484 117 59 1.6 -1.02 -0.42 -1.15 -0.59 -1.19
310 338 499 125 59 1.49 -0.98 -0.33 -1.0 -0.78 -1.49
311 324 460 127 60 1.41 -0.93 -0.31 -1.18 -0.97 -1.59
312 337 450 132 58 1.32 -0.88 -0.27 -1.35 -0.99 -1.77
313 316 492 134 58 1.2 -0.87 -0.26 -1.03 -1.08 -2.0
314 415 461 123 51 1.11 -0.78 -0.27 -1.31 -0.96 -2.19
315 409 467 125 46 0.89 -0.57 -0.22 -1.33 -1.36 -1.84
316 354 490 125 49 0.75 -0.46 -0.21 -1.48 -1.46 -1.52
317 324 453 115 47 0.7 -0.45 -0.19 -1.46 -1.26 -1.77
318 295 433 113 47 0.54 -0.4 -0.11 -1.43 -1.3 -1.99
319 283 412 113 44 0.42 -0.33 -0.05 -1.28 -1.19 -1.56
320 255 377 117 41 0.35 -0.31 -0.03 -1.19 -1.21 -1.45
321 274 410 126 62 0.24 -0.23 0.0 -0.91 -0.97 -1.25
322 261 378 127 55 0.15 -0.18 0.02 -0.66 -0.81 -1.1
323 227 395 138 51 0.11 -0.16 0.03 -0.59 -0.73 -1.05
324 187 364 132 55 0.06 -0.14 0.02 -0.23 -0.59 -0.67
325 225 356 123 49 0.01 -0.09 -0.01 0.0 -0.47 -0.47
326 203 339 124 52 -0.02 -0.04 -0.04 0.08 -0.35 -0.29
327 172 364 116 50 -0.08 0.09 -0.09 0.14 -0.29 -0.42
328 152 357 110 44 -0.09 0.06 -0.14 -0.17 -0.32 -0.25
329 153 349 104 42 -0.06 0.0 -0.16 -0.13 -0.2 -0.23
330 142 355 108 38 -0.07 0.01 -0.15 -0.11 -0.1 -0.08
331 180 344 116 36 -0.07 0.03 -0.15 -0.3 -0.05 -0.13
332 164 339 111 38 -0.04 0.01 -0.15 -0.23 -0.02 -0.15
333 137 341 109 35 -0.03 -0.03 -0.15 -0.19 0.11 0.12
334 126 360 105 42 -0.02 -0.03 -0.15 -0.18 0.1 0.15
335 181 379 99 43 -0.01 -0.02 -0.15 -0.27 0.19 0.06
336 159 399 104 43 -0.03 0.01 -0.15 -0.29 0.17 -0.23
337 186 397 104 40 -0.02 0.0 -0.1 -0.3 0.12 -0.44
338 160 343 116 40 -0.02 -0.04 -0.08 -0.33 0.1 -0.45
339 144 311 109 36 -0.02 -0.05 -0.04 -0.29 0.09 -0.35
340 136 354 104 36 -0.02 -0.05 0.0 -0.37 0.04 -0.1
341 139 345 96 34 -0.02 -0.07 0.01 -0.2 0.05 -0.1
342 164 319 96 34 -0.01 -0.07 0.02 -0.24 0.05 -0.26
343 164 321 92 31 -0.01 -0.05 0.02 -0.15 0.15 -0.31
344 145 309 93 29 -0.01 -0.04 0.03 -0.07 0.17 -0.29
345 133 285 116 35 0.0 -0.04 0.01 0.03 0.15 -0.26
346 132 336 112 32 0.02 -0.01 -0.02 0.02 0.2 -0.16
347 116 302 106 33 0.02 0.0 -0.04 -0.03 0.12 -0.14
348 107 307 103 31 0.04 -0.02 -0.07 -0.05 0.13 -0.25
349 117 305 100 32 0.06 -0.03 -0.08 -0.16 0.13 -0.14
350 115 282 102 32 0.05 -0.0 -0.08 -0.3 0.13 -0.1
351 105 275 103 34 0.05 0.0 -0.08 -0.3 0.07 -0.3
352 138 318 105 33 0.05 -0.0 -0.05 -0.34 0.03 -0.33
353 125 295 101 36 0.04 -0.01 -0.04 -0.34 0.0 -0.33
354 118 281 107 32 0.04 -0.0 -0.02 -0.29 -0.01 -0.34
355 141 264 99 31 0.01 0.01 -0.01 -0.27 -0.01 -0.3
356 125 256 100 31 -0.0 0.02 -0.01 -0.13 -0.04 -0.26
357 114 273 99 29 -0.02 0.05 -0.01 -0.1 -0.01 -0.35
358 96 291 103 28 -0.03 0.06 -0.03 -0.12 0.01 -0.36
359 111 287 109 28 -0.04 0.07 -0.03 -0.12 -0.02 -0.38
360 105 258 113 26 -0.04 0.07 -0.04 -0.23 -0.05 -0.36
361 112 252 110 30 -0.05 0.06 -0.05 -0.27 -0.07 -0.29
362 101 247 105 31 -0.05 0.07 -0.06 -0.28 -0.06 -0.2
363 87 247 99 29 -0.06 0.11 -0.05 -0.35 0.02 -0.34
364 76 250 96 28 -0.08 0.1 -0.04 -0.34 -0.04 -0.29
365 69 285 95 28 -0.09 0.08 -0.02 -0.33 -0.06 -0.32
366 74 305 95 29 -0.1 0.07 0.02 -0.27 -0.08 -0.3
367 95 290 87 28 -0.11 0.05 0.05 -0.31 -0.11 -0.35
368 85 276 88 28 -0.11 0.03 0.07 -0.22 -0.14 -0.35
369 112 260 96 27 -0.13 0.04 0.08 -0.25 -0.06 -0.3
370 91 237 95 26 -0.15 0.06 0.09 -0.33 -0.04 -0.13
371 95 238 87 26 -0.15 0.07 0.09 -0.38 -0.15 -0.16
372 88 218 81 28 -0.15 0.07 0.11 -0.36 -0.23 -0.3
373 73 194 77 35 -0.16 0.11 0.13 -0.6 -0.38 -0.35
374 64 174 72 32 -0.18 0.15 0.15 -0.67 -0.52 -0.39
375 55 160 70 30 -0.22 0.3 0.2 -0.95 -0.86 -0.78
376 47 149 68 33 -0.26 0.36 0.24 -1.19 -1.2 -1.01
377 41 140 66 30 -0.36 0.44 0.35 -1.3 -1.65 -1.24
378 39 129 64 29 -0.49 0.54 0.47 -1.38 -2.03 -1.91
379 34 123 65 32 -0.55 0.62 0.54 -1.44 -2.03 -2.86
380 32 121 65 40 -0.71 0.85 0.66 -1.47 -1.88 -3.06
381 32 125 64 37 -0.97 1.18 0.77 -1.3 -1.38 -2.89
382 45 125 63 35 -1.14 1.33 0.82 -0.66 -1.1 -2.62
383 52 130 64 35 -1.52 1.48 0.89 -0.31 -0.94 -2.53
384 51 136 61 35 -1.97 1.58 0.87 -0.88 -0.61 -2.27
385 48 134 62 60 -2.19 1.59 0.85 -1.49 -0.57 -1.57
386 52 135 59 52 -2.46 1.52 0.79 -1.05 -0.6 -1.01
387 62 140 57 48 -2.57 1.45 0.63 0.03 -0.27 -1.11
388 63 147 57 42 -2.59 1.46 0.57 0.58 -0.28 -0.84
389 76 147 55 38 -2.56 1.51 0.51 0.75 -0.15 -0.78
390 69 150 58 41 -2.46 1.31 0.53 -0.01 0.26 -0.12
391 63 151 56 37 -2.34 1.1 0.53 -0.1 0.13 0.31
392 60 149 56 57 -2.03 0.88 0.28 0.11 0.24 0.38
393 56 147 57 50 -1.93 0.86 0.2 0.16 -0.05 0.17
394 62 144 60 43 -1.87 0.89 0.14 0.09 0.18 -0.24
395 63 138 65 39 -1.9 1.0 0.07 -1.0 0.13 1.82
396 86 136 91 41 -0.75 3.2 0.31 15.1 -0.71 28.44
397 79 135 97 37 0.82 4.37 -0.64 -4.24 2.51 0.29
398 70 133 119 34 0.88 0.78 -0.87 -6.23 0.38 -1.24
399 58 129 106 32 0.41 0.39 -0.47 -0.97 2.28 -1.29
400 50 126 98 31 -0.04 0.98 -0.48 -2.39 1.15 -0.82
401 43 120 94 29 -0.0 1.54 -0.68 -1.33 0.61 0.59
402 38 116 93 28 0.13 0.56 -0.29 -0.61 -0.44 0.3
403 33 114 88 27 0.1 0.02 -0.14 -0.28 -0.01 -0.69
404 30 107 91 26 0.21 -0.04 -0.07 -0.16 -0.17 -0.51
405 27 102 96 26 0.19 0.04 -0.06 0.47 -0.32 -0.04
406 25 100 93 25 0.2 0.04 -0.02 0.83 -0.24 -0.06
407 23 98 98 25 0.19 0.05 0.05 0.36 -0.18 0.06
408 26 97 99 25 0.06 0.05 0.06 0.13 -0.08 0.08
409 24 96 95 26 0.0 0.07 0.04 0.0 0.06 0.01
410 22 94 91 25 -0.07 0.1 0.05 -0.07 0.02 0.0
411 22 93 93 24 -0.05 0.09 0.06 -0.11 0.17 0.0
-100 -100 -100 -100 -100 -100 -100 -100 -100 -100 -100
412 21 92 88 25 -0.03 0.09 0.06 -0.1 0.23 -0.08
413 20 90 81 25 -0.02 -0.01 0.06 -0.09 0.22 -0.06
414 19 88 85 25 0.01 -0.05 0.06 -0.05 0.15 -0.05
415 17 87 83 25 0.02 -0.06 0.06 -0.08 0.06 -0.07
416 18 84 83 25 0.01 -0.06 0.04 -0.1 0.03 0.04
417 17 86 78 25 0.02 -0.02 0.01 -0.04 0.04 -0.02
418 17 84 81 26 0.01 -0.01 -0.0 -0.03 0.05 -0.04
419 16 84 84 28 0.02 0.02 -0.03 -0.03 0.07 -0.03
420 17 84 92 28 0.04 0.02 -0.04 -0.06 0.06 -0.05
421 17 82 85 28 0.05 0.01 -0.04 -0.02 0.11 0.01
422 16 82 80 27 0.05 -0.02 -0.03 -0.01 0.1 0.04
423 16 81 78 27 0.05 -0.02 -0.02 0.05 0.07 0.0
424 16 81 80 27 0.04 -0.02 -0.01 0.09 0.04 -0.01
425 17 80 75 26 0.04 0.01 -0.0 0.11 0.06 0.03
426 17 78 71 26 0.02 0.03 -0.01 0.0 0.09 0.0
427 17 77 75 26 -0.0 0.02 -0.0 -0.11 0.13 -0.02
428 16 75 74 26 -0.02 0.03 -0.01 -0.12 0.12 0.0
429 17 77 81 26 -0.03 -0.01 0.0 -0.07 0.07 -0.05
430 17 76 78 26 -0.03 -0.01 0.01 0.08 0.05 -0.04
431 17 75 78 26 -0.02 -0.01 0.02 0.09 0.04 -0.01
432 16 74 73 26 -0.02 0.0 0.02 0.0 0.05 -0.02
433 22 74 76 26 -0.03 -0.0 0.02 -0.04 0.08 0.0
434 19 74 73 25 -0.03 -0.01 0.02 -0.03 0.08 0.01
435 18 74 78 25 -0.01 0.01 0.02 -0.05 0.08 0.01
436 18 76 80 25 -0.02 0.01 0.02 -0.05 0.04 0.0
437 17 76 80 25 -0.04 -0.02 0.02 -0.07 0.05 -0.03
438 18 75 80 24 -0.05 -0.05 0.03 -0.05 0.04 -0.05
439 17 74 73 25 -0.04 -0.04 0.03 0.02 0.07 -0.03
440 17 73 74 25 -0.02 -0.01 0.03 -0.05 0.06 -0.03
441 17 73 80 25 -0.01 0.01 0.02 0.0 0.07 -0.03
442 17 71 76 25 -0.0 0.02 0.01 -0.03 0.09 0.0
443 18 71 74 24 0.02 0.04 0.0 -0.01 0.09 0.01
444 18 70 74 25 0.0 0.03 0.0 0.0 0.07 -0.05
445 19 70 74 24 -0.01 0.02 -0.0 -0.04 0.06 -0.02
446 19 69 71 24 -0.0 0.01 -0.0 -0.06 0.06 -0.06
447 19 71 69 24 -0.0 -0.02 0.0 -0.07 0.12 -0.02
448 21 70 74 24 0.0 -0.01 -0.0 -0.08 0.09 0.0
449 20 70 73 24 -0.0 -0.02 -0.01 -0.07 0.12 0.03
450 20 70 74 23 -0.01 -0.02 -0.01 -0.05 0.1 -0.02
451 21 69 76 24 -0.01 -0.03 -0.02 0.06 0.08 -0.03
452 21 69 74 24 -0.01 -0.02 -0.02 0.02 0.04 -0.04
453 22 69 70 24 -0.01 0.0 -0.01 0.02 -0.02 -0.07
454 23 71 74 24 -0.01 0.01 -0.01 0.0 0.01 0.0
455 23 71 73 24 -0.0 0.0 -0.0 -0.1 0.03 -0.05
456 24 69 80 23 0.0 -0.03 -0.01 -0.09 0.05 -0.01
457 25 69 76 23 0.01 -0.03 -0.01 0.01 0.09 -0.01
458 25 70 69 24 0.0 -0.03 -0.01 0.02 0.05 0.0
459 25 71 68 23 -0.01 -0.01 -0.01 0.06 0.08 -0.04
460 28 73 73 24 -0.01 0.01 -0.0 0.0 0.05 -0.02
461 30 73 78 23 -0.01 0.02 0.0 -0.06 0.05 -0.02
462 28 72 73 24 0.01 0.0 -0.0 -0.06 0.12 -0.01
463 27 71 69 23 0.02 -0.02 0.0 -0.05 0.11 0.0
-200 -200 -200 -200 -200 -200 -200 -200 -200 -200 -200
464 28 72 64 23 -0.0 -0.04 0.01 -0.03 0.14 0.03
465 28 73 61 23 -0.03 -0.06 -0.0 -0.03 0.05 -0.04
466 36 73 65 23 -0.03 -0.04 0.0 0.06 -0.05 -0.01
467 49 76 64 23 -0.02 -0.04 0.01 0.02 0.02 -0.02
468 62 83 61 35 -0.04 -0.04 0.02 -0.01 0.16 0.02
469 92 112 59 49 -0.07 -0.06 0.02 -0.3 0.24 0.12
470 111 136 60 55 -0.14 -0.15 0.03 -0.23 0.24 0.12
471 143 139 60 62 -0.25 -0.26 0.07 0.18 0.1 0.27
472 137 143 58 53 -0.31 -0.33 0.11 0.6 -0.05 0.33
473 144 209 58 47 -0.25 -0.38 0.18 0.53 0.02 0.35
474 157 223 57 63 -0.11 -0.53 0.18 -0.37 0.09 0.73
475 177 244 58 62 -0.04 -0.7 0.16 -0.89 0.03 0.73
476 158 333 59 55 0.07 -1.27 0.15 -0.53 0.03 1.02
477 151 364 60 50 0.25 -1.52 0.11 -0.43 -0.06 1.4
478 159 389 61 44 0.39 -1.61 0.1 3.19 1.43 3.01
479 161 382 62 45 1.43 -2.46 -0.19 2.13 1.69 3.13
480 141 384 66 46 1.71 -2.0 -0.13 2.78 0.76 2.49
481 124 430 68 48 1.85 -1.73 -0.12 1.89 1.32 3.82
482 142 523 83 44 1.9 -1.1 -0.18 1.73 1.3 4.03
483 130 563 82 42 2.06 -1.15 -0.33 1.38 1.41 3.17
484 154 561 92 46 2.15 -1.21 -0.39 1.02 1.36 2.33
485 150 567 99 44 2.14 -1.27 -0.47 1.16 1.27 2.01
486 148 515 98 41 2.04 -1.27 -0.54 0.68 0.82 1.53
487 143 496 95 41 2.03 -1.28 -0.56 0.13 0.37 1.17
488 184 453 105 38 2.07 -1.37 -0.6 -0.02 0.34 0.89
489 194 483 113 39 2.01 -1.3 -0.6 -0.29 0.0 0.41
490 184 481 107 38 1.97 -1.23 -0.58 -0.52 -0.16 0.01
491 179 456 111 36 1.9 -1.16 -0.57 -0.44 -0.5 -0.67
492 224 469 117 47 1.84 -1.16 -0.47 -0.63 -0.76 -1.48
493 266 478 113 48 1.8 -1.14 -0.46 -0.85 -0.84 -1.7
494 257 431 110 49 1.72 -1.04 -0.41 -0.84 -1.12 -1.48
495 243 455 109 46 1.61 -0.9 -0.37 -1.32 -1.32 -1.64
496 231 434 109 44 1.53 -0.86 -0.34 -1.33 -1.34 -1.84
497 251 404 109 43 1.35 -0.75 -0.29 -1.26 -1.43 -2.71
498 241 445 117 50 1.15 -0.64 -0.26 -1.24 -1.57 -2.39
499 316 453 116 53 1.06 -0.59 -0.25 -1.34 -1.51 -2.11
500 369 446 115 54 0.84 -0.51 -0.22 -1.59 -1.44 -1.69
501 352 434 115 48 0.62 -0.43 -0.19 -1.28 -1.37 -1.66
502 322 446 123 50 0.53 -0.37 -0.18 -1.24 -1.27 -1.71
503 301 452 123 54 0.35 -0.25 -0.14 -1.22 -1.2 -1.93
504 304 496 117 52 0.19 -0.18 -0.08 -1.07 -1.11 -1.61
505 262 449 108 53 0.14 -0.19 -0.06 -1.08 -1.22 -1.38
506 239 491 111 53 0.02 -0.16 -0.02 -0.9 -1.15 -0.93
507 238 449 112 47 -0.09 -0.08 0.0 -0.93 -1.03 -0.88
508 210 456 120 49 -0.12 -0.06 0.01 -0.73 -0.95 -1.02
509 272 430 117 47 -0.19 -0.02 0.04 -0.56 -0.75 -0.92
510 236 433 109 44 -0.23 -0.02 0.05 -0.27 -0.74 -0.87
511 279 426 122 40 -0.24 -0.01 0.05 -0.17 -0.62 -0.53
512 243 450 121 40 -0.25 0.01 0.04 -0.03 -0.52 -0.29
513 214 449 112 37 -0.24 0.07 0.01 0.03 -0.41 -0.06
514 225 436 106 38 -0.25 0.11 -0.01 0.04 -0.36 -0.05
515 227 456 111 41 -0.26 0.15 -0.06 0.16 -0.28 -0.11
516 234 446 111 41 -0.24 0.11 -0.11 0.27 -0.09 -0.25
517 208 391 112 39 -0.23 0.1 -0.13 0.26 -0.04 -0.18
518 194 367 105 37 -0.21 0.14 -0.15 -0.1 0.04 0.1
519 177 364 103 35 -0.19 0.15 -0.16 -0.1 0.13 0.2
520 177 362 97 32 -0.17 0.14 -0.16 -0.27 0.16 0.2
521 295 338 100 36 -0.15 0.1 -0.13 -0.31 0.13 0.21
522 251 316 110 34 -0.13 0.08 -0.09 -0.3 0.2 0.11
523 204 383 107 36 -0.11 0.07 -0.06 -0.28 0.18 0.09
524 209 372 102 34 -0.09 0.03 -0.02 -0.12 0.14 0.03
525 187 335 101 32 -0.09 0.02 0.03 -0.15 0.06 0.0
526 175 360 103 32 -0.08 0.0 0.04 -0.15 0.07 0.04
527 193 356 100 31 -0.04 -0.04 0.06 -0.13 0.05 0.07
528 202 368 96 30 -0.03 -0.05 0.07 -0.15 0.05 0.08
529 176 387 103 29 -0.02 -0.06 0.07 -0.13 0.07 0.0
530 163 393 104 29 0.01 -0.03 0.05 -0.19 -0.02 -0.08
531 144 370 100 28 0.02 -0.04 0.04 -0.12 -0.09 -0.21
532 157 387 93 27 0.03 -0.04 0.04 -0.15 -0.06 -0.18
533 232 365 97 27 0.03 -0.02 0.03 -0.1 -0.07 -0.13
534 225 338 92 28 0.02 -0.0 0.03 -0.11 0.0 -0.32
535 214 337 91 27 0.02 0.01 0.02 -0.04 -0.01 -0.39
536 185 331 87 26 0.0 0.01 -0.0 0.04 -0.07 -0.43
537 197 338 89 27 -0.02 0.03 -0.03 0.02 -0.06 -0.38
538 174 360 92 30 -0.03 0.03 -0.04 0.07 -0.06 -0.33
539 180 320 88 30 -0.04 0.03 -0.07 -0.07 0.0 -0.23
540 165 323 89 32 -0.06 0.06 -0.09 -0.08 -0.01 -0.27
541 151 383 94 30 -0.06 0.08 -0.09 -0.13 -0.02 -0.15
542 132 348 90 30 -0.06 0.08 -0.09 -0.21 -0.04 -0.18
543 145 355 86 29 -0.04 0.08 -0.08 -0.22 -0.01 -0.24
544 148 347 84 29 -0.05 0.1 -0.07 -0.23 -0.01 -0.18
545 134 354 85 30 -0.06 0.08 -0.04 -0.27 -0.03 -0.23
546 140 346 93 29 -0.05 0.05 -0.01 -0.25 -0.09 -0.19
547 163 310 91 28 -0.05 0.04 -0.0 -0.18 -0.07 -0.16
548 148 337 88 28 -0.03 0.01 0.01 -0.08 -0.02 -0.05
549 148 298 84 30 -0.02 0.02 0.01 -0.05 0.02 -0.05
550 158 288 84 29 -0.03 0.03 0.0 0.0 0.07 -0.07
551 164 275 85 30 -0.04 0.06 -0.0 0.02 0.08 -0.04
552 139 270 99 32 -0.04 0.06 -0.01 -0.05 0.04 -0.16
553 178 259 96 30 -0.03 0.03 -0.02 0.02 0.05 -0.11
554 157 251 91 29 -0.03 0.0 -0.02 -0.01 0.04 -0.07
555 142 236 99 27 -0.02 -0.0 -0.02 0.0 0.04 -0.05
556 130 250 92 26 -0.02 0.03 -0.04 -0.04 0.01 -0.08
557 120 223 91 26 -0.01 0.03 -0.04 -0.12 -0.05 -0.08
558 142 226 96 25 0.01 0.01 -0.03 -0.14 0.03 -0.16
559 131 221 94 25 0.01 0.0 -0.03 -0.16 -0.05 -0.13
560 111 234 94 25 0.0 0.01 -0.02 -0.21 -0.16 -0.18
561 93 229 90 25 0.0 -0.01 -0.01 -0.22 -0.21 -0.22
562 83 210 84 37 -0.01 0.01 0.0 -0.28 -0.34 -0.35
563 70 186 79 34 -0.04 0.05 0.02 -0.41 -0.45 -0.43
564 58 167 73 32 -0.06 0.09 0.03 -0.71 -0.74 -0.72
565 50 148 70 31 -0.12 0.16 0.08 -0.82 -0.87 -0.84
566 44 143 69 30 -0.21 0.21 0.18 -1.25 -1.35 -1.21
567 54 144 66 32 -0.27 0.23 0.25 -1.19 -1.67 -1.63
568 57 168 64 30 -0.4 0.35 0.46 -1.14 -1.74 -1.9
569 55 179 61 29 -0.55 0.46 0.67 -1.67 -1.79 -2.61
570 48 160 61 30 -0.58 0.5 0.75 -1.53 -1.64 -2.79
571 43 148 60 28 -0.68 0.63 0.88 -1.5 -1.46 -2.33
572 48 140 59 29 -0.93 0.88 0.95 -1.18 -1.2 -1.69
573 46 131 57 28 -1.09 1.04 0.97 -0.5 -0.76 -1.21
574 42 134 57 27 -1.48 1.4 1.01 -0.26 -0.61 -1.09
575 44 134 56 28 -1.91 1.54 1.02 -0.2 -0.37 -0.97
576 51 133 55 27 -2.06 1.55 1.03 -0.65 -0.19 -1.12
577 57 133 56 26 -2.38 1.42 1.04 -0.76 -0.11 -1.21
578 59 135 57 25 -2.54 1.21 1.08 -1.01 0.08 -1.35
579 63 135 61 25 -2.59 1.19 1.08 -1.39 0.12 -1.53
580 59 132 64 25 -2.55 1.14 0.99 -1.08 -0.12 -1.17
581 67 131 62 24 -2.46 1.05 0.84 0.0 -0.17 -0.34
582 74 127 59 24 -2.4 0.96 0.79 1.79 -0.28 0.5
583 76 128 59 24 -2.23 0.91 0.69 0.67 0.21 0.64
584 79 128 62 31 -2.13 0.99 0.65 1.17 0.24 0.83
585 73 128 61 33 -2.11 1.03 0.52 -0.23 0.28 0.57
586 66 126 60 32 -2.1 0.87 0.31 -0.23 -0.1 0.62
587 62 125 65 30 -1.81 0.49 0.11 0.65 -0.18 0.31
588 69 123 75 29 -1.73 0.43 0.03 0.87 -0.01 -0.56
589 101 118 89 27 -1.63 0.41 -0.04 2.19 0.17 -1.94
590 97 115 110 27 0.38 3.86 0.0 6.65 -1.03 13.82
591 85 113 107 26 0.67 3.8 -0.54 1.44 0.31 7.71
592 73 113 101 25 0.75 1.87 -0.63 -2.43 2.19 1.33
593 62 112 97 25 0.23 1.53 -0.5 -2.57 1.44 -1.0
594 52 111 93 24 0.2 1.52 -0.54 -2.66 0.56 -0.39
595 43 108 95 24 0.57 0.92 -0.49 -2.46 0.39 0.44
596 36 106 92 24 0.58 0.07 -0.27 0.25 0.55 0.55
597 37 104 88 24 0.49 -0.02 -0.2 0.66 0.33 -0.01
598 32 103 91 23 0.4 0.09 -0.2 0.66 0.12 -0.11
599 29 104 93 24 0.36 0.14 -0.18 0.6 -0.22 0.01
600 27 104 92 23 0.38 0.16 -0.16 0.42 -0.19 0.06
601 24 103 92 23 0.33 0.19 -0.12 0.09 -0.04 0.08
602 22 105 87 23 0.18 0.15 -0.08 -0.1 0.03 0.06
603 20 106 83 23 0.13 0.11 -0.07 -0.19 0.07 0.05
-100 -100 -100 -100 -100 -100 -100 -100 -100 -100 -100
604 21 107 87 24 0.09 0.03 -0.04 -0.06 0.1 0.07
605 20 109 91 23 0.06 -0.03 0.0 0.06 0.14 0.08
606 21 109 92 24 0.05 -0.02 0.02 0.15 0.17 0.02
607 22 110 86 23 0.03 0.0 0.05 0.14 0.11 0.03
608 19 110 81 23 -0.0 -0.02 0.07 -0.02 0.13 -0.01
609 18 109 81 23 -0.01 -0.01 0.07 -0.09 0.13 -0.02
610 18 108 94 22 -0.01 0.01 0.04 -0.14 0.08 0.0
611 19 108 89 23 -0.01 0.03 0.0 -0.11 0.06 -0.02
612 18 107 85 23 -0.01 0.03 -0.01 -0.08 0.05 -0.02
613 18 105 82 24 0.0 0.01 -0.01 -0.06 0.05 -0.02
614 17 105 80 23 -0.01 -0.01 -0.01 -0.03 0.0 -0.03
615 18 103 82 23 0.01 -0.01 -0.01 -0.03 0.01 -0.02
616 19 103 85 23 0.03 -0.02 0.0 -0.03 0.01 -0.04
617 19 103 84 23 0.04 -0.02 -0.0 0.0 0.03 0.0
618 20 105 82 23 0.04 -0.02 -0.0 0.0 0.05 0.0
619 19 105 80 23 0.02 -0.03 -0.01 -0.04 0.07 -0.03
620 19 102 78 23 0.0 -0.04 -0.01 -0.02 0.07 -0.02
621 21 101 76 23 -0.0 -0.04 -0.01 0.02 0.06 -0.01
622 22 98 78 23 0.0 -0.01 -0.0 0.11 0.04 -0.01
623 22 100 80 23 -0.0 0.04 0.01 0.09 0.01 -0.03
624 22 101 74 23 -0.0 0.05 0.01 -0.01 0.05 -0.02
625 20 102 76 23 -0.01 0.06 0.02 -0.04 0.06 0.0
626 20 100 75 23 -0.02 0.02 0.01 -0.12 0.05 0.0
627 20 101 75 23 -0.03 0.01 0.01 -0.08 0.04 -0.07
628 20 100 79 23 -0.02 -0.01 0.0 -0.07 0.05 -0.04
629 20 101 75 23 0.0 -0.0 -0.0 -0.04 0.04 -0.03
630 21 102 77 23 0.0 -0.01 0.0 -0.02 0.02 -0.03
631 21 103 74 23 0.01 -0.02 0.01 0.0 0.06 0.0
632 22 104 71 23 0.02 -0.02 0.0 -0.03 0.04 0.0
633 23 106 69 23 0.02 -0.01 0.0 -0.01 0.05 -0.04
634 23 107 68 23 0.02 0.02 -0.0 -0.03 0.06 -0.04
635 19 108 71 23 0.03 0.03 -0.01 -0.04 0.05 -0.03
636 22 109 67 23 0.03 0.02 -0.01 0.0 0.03 -0.03
637 21 112 68 23 0.02 0.0 -0.0 0.0 0.02 -0.02
638 22 112 66 23 0.01 -0.01 -0.0 -0.04 0.03 0.0
639 23 111 73 23 0.02 -0.02 -0.0 -0.03 0.06 -0.04
640 23 114 76 23 0.02 -0.01 -0.01 -0.06 0.06 -0.02
641 22 113 73 23 0.03 -0.01 -0.01 -0.03 0.04 -0.01
642 40 113 70 23 0.03 -0.0 -0.02 -0.02 0.03 -0.07
643 61 114 64 23 0.03 -0.01 -0.02 -0.01 0.01 -0.02
644 80 116 62 23 0.03 -0.01 -0.02 -0.06 0.03 -0.06
645 89 115 59 23 0.02 -0.01 -0.02 -0.24 0.04 -0.07
-200 -200 -200 -200 -200 -200 -200 -200 -200 -200 -200
646 78 112 58 23 0.02 -0.04 -0.03 -0.26 0.05 -0.08
647 70 110 60 23 0.03 -0.08 -0.04 -0.02 0.07 0.0
648 64 109 65 23 0.04 -0.09 -0.04 0.06 0.05 -0.01
649 59 108 69 23 0.05 -0.09 -0.03 0.02 0.05 -0.03
650 56 107 67 23 0.06 -0.08 -0.03 0.13 0.04 0.01
651 57 106 67 23 0.05 -0.07 -0.02 0.12 0.04 0.01
652 53 107 64 24 0.04 -0.05 -0.01 0.1 0.04 -0.02
653 63 105 67 23 0.03 -0.03 -0.0 0.04 0.06 0.0
654 53 105 65 23 0.03 -0.03 -0.0 -0.05 0.09 -0.02
655 68 109 63 23 0.0 -0.06 0.01 -0.01 0.08 0.0
656 71 106 60 24 -0.02 -0.05 0.02 0.01 0.06 0.01
657 81 104 57 48 -0.04 -0.07 0.02 -0.03 0.06 -0.03
658 116 141 58 47 -0.1 -0.1 0.03 -0.11 0.05 -0.03
659 157 162 59 47 -0.14 -0.14 0.05 -0.05 0.07 -0.09
660 252 165 62 70 -0.18 -0.15 0.06 -1.0 -0.01 -0.18
661 271 175 63 64 -0.1 -0.26 0.06 -0.38 -0.19 -0.21
662 280 214 64 63 0.02 -0.62 0.04 0.99 -0.04 -0.13
663 335 266 65 58 0.01 -0.83 0.02 1.25 -0.09 -0.07
664 324 291 65 55 0.06 -1.19 -0.03 -0.01 -0.23 0.77
665 293 311 64 49 0.51 -1.24 -0.17 -0.19 -0.29 0.55
666 268 331 65 44 0.71 -1.34 -0.26 -0.44 0.28 0.55
667 275 323 64 40 1.15 -1.45 -0.4 0.01 0.99 1.08
668 261 314 68 40 1.59 -1.89 -0.6 5.43 2.41 4.15
669 276 379 71 39 1.67 -2.25 -0.54 2.85 0.81 3.88
670 241 413 78 37 1.48 -1.4 -0.48 1.42 1.31 2.66
671 221 455 78 34 1.49 -0.64 -0.54 0.98 1.33 2.68
672 226 418 76 35 1.51 -0.48 -0.54 0.85 1.25 2.72
673 274 374 79 34 1.54 -0.54 -0.5 0.39 1.23 2.32
674 253 360 76 32 1.5 -1.02 -0.44 0.25 1.23 1.54
675 235 356 82 31 1.47 -1.14 -0.41 0.83 1.27 1.04
676 224 339 80 30 1.41 -1.05 -0.38 0.78 1.09 0.61
677 249 382 84 30 1.35 -0.88 -0.35 0.47 0.58 0.36
678 287 363 107 32 1.36 -0.89 -0.36 0.47 0.62 0.3
679 328 372 107 30 1.29 -0.92 -0.36 0.38 0.37 -0.05
680 309 344 104 32 1.23 -0.93 -0.35 0.19 0.16 -0.29
681 336 362 106 43 1.19 -0.92 -0.36 -0.04 0.13 -0.34
682 366 417 101 41 1.03 -0.86 -0.38 -0.21 0.02 -0.52
683 401 440 109 55 0.8 -0.77 -0.43 -0.47 -0.57 -0.78
684 400 442 122 58 0.75 -0.79 -0.44 -0.32 -0.46 -1.2
685 420 413 133 55 0.73 -0.86 -0.46 -0.64 -0.73 -1.16
686 403 441 125 53 0.69 -0.76 -0.49 -0.74 -1.08 -0.71
687 406 417 119 50 0.71 -0.69 -0.47 -0.99 -1.06 -0.46
688 407 382 112 54 0.74 -0.45 -0.43 -1.26 -1.36 -0.56
689 370 369 109 54 0.73 -0.35 -0.41 -0.95 -1.39 -0.66
690 369 364 102 47 0.71 -0.35 -0.4 -1.05 -1.48 -0.62
691 438 411 99 48 0.69 -0.3 -0.38 -1.16 -1.24 -1.09
692 376 403 98 55 0.6 -0.11 -0.35 -1.23 -1.43 -1.89
693 383 394 103 57 0.57 -0.08 -0.33 -1.17 -1.54 -2.01
694 347 397 105 51 0.57 -0.19 -0.27 -1.28 -1.65 -1.02
695 335 410 106 46 0.55 -0.21 -0.22 -1.3 -1.43 -0.76
696 347 405 100 51 0.51 -0.19 -0.19 -1.11 -1.29 -0.91
697 309 394 100 55 0.42 -0.11 -0.14 -0.94 -1.12 -1.32
698 280 410 106 52 0.32 -0.06 -0.08 -0.72 -0.97 -1.14
699 265 409 108 50 0.28 -0.05 -0.08 -0.63 -0.93 -1.02
700 312 395 114 48 0.23 -0.06 -0.09 -0.63 -0.65 -0.89
701 321 367 113 53 0.2 -0.08 -0.1 -0.24 -0.42 -0.65
702 339 367 109 50 0.17 -0.05 -0.11 -0.14 -0.37 -0.45
703 281 327 117 45 0.15 -0.04 -0.13 0.38 -0.19 -0.69
704 281 308 117 44 0.1 -0.03 -0.13 0.27 -0.1 -0.36
705 283 344 115 42 0.07 -0.04 -0.14 0.1 -0.06 -0.27
706 281 320 113 42 0.03 -0.02 -0.14 -0.23 0.07 -0.24
707 288 371 111 42 -0.01 -0.03 -0.1 -0.48 0.13 -0.49
708 365 369 124 42 -0.01 -0.05 -0.08 -0.5 0.12 -0.47
709 304 341 120 40 -0.02 -0.07 -0.01 -0.55 0.11 -0.37
710 269 340 115 38 -0.04 -0.06 0.06 -0.24 0.09 -0.12
711 268 333 109 36 -0.05 -0.06 0.08 -0.29 0.09 -0.17
712 266 346 120 39 -0.03 -0.08 0.1 -0.01 0.18 -0.18
713 235 382 117 37 -0.03 -0.06 0.11 0.02 0.15 0.0
714 243 419 118 39 -0.03 -0.05 0.11 -0.04 0.12 0.07
715 267 434 111 38 0.0 -0.07 0.09 0.0 0.12 0.15
716 299 416 106 35 0.0 -0.04 0.07 -0.09 0.12 -0.13
717 256 471 124 37 0.0 -0.02 0.06 0.0 0.08 -0.22
718 245 434 114 34 0.0 -0.01 0.05 -0.19 0.1 -0.26
719 235 419 118 39 0.0 -0.02 0.06 -0.07 -0.02 -0.56
720 275 427 114 36 -0.02 -0.02 0.07 -0.12 -0.06 -0.47
721 268 409 113 34 -0.03 -0.02 0.09 -0.17 -0.2 -0.31
722 258 394 115 32 -0.03 -0.03 0.1 0.0 -0.13 -0.24
723 240 411 111 33 -0.04 -0.02 0.1 0.0 -0.07 -0.21
724 218 479 108 33 -0.04 -0.03 0.08 0.21 0.04 -0.13
725 241 440 108 32 -0.03 -0.03 0.03 0.15 0.06 -0.12
726 238 472 108 30 -0.02 -0.03 -0.0 0.17 0.0 -0.09
727 253 459 114 39 -0.01 -0.02 -0.04 0.08 0.07 -0.02
728 255 414 107 36 -0.01 -0.01 -0.06 -0.04 0.03 0.0
729 255 392 103 37 0.01 0.03 -0.07 -0.05 0.01 0.0
730 230 397 104 37 0.03 0.02 -0.08 0.01 0.09 -0.04
731 259 395 111 35 0.04 -0.01 -0.07 -0.13 0.02 -0.03
732 246 424 113 33 0.04 -0.03 -0.07 -0.13 0.04 -0.02
733 266 416 106 32 0.05 -0.04 -0.04 -0.18 0.13 -0.18
734 239 391 110 30 0.03 -0.06 -0.02 -0.17 -0.02 -0.2
735 204 342 102 29 0.03 -0.07 -0.01 -0.19 -0.11 -0.17
736 181 313 97 30 0.03 -0.09 0.0 -0.08 -0.12 -0.17
737 164 310 94 33 0.03 -0.08 0.0 0.0 -0.09 -0.22
738 146 330 94 31 0.02 -0.06 -0.02 0.0 -0.13 -0.27
739 150 315 97 29 0.02 -0.05 -0.04 0.11 -0.13 -0.42
740 132 314 109 29 0.03 -0.06 -0.05 0.22 -0.25 -0.32
741 143 301 109 32 0.04 -0.07 -0.08 0.28 -0.27 -0.22
742 136 294 101 29 0.06 -0.04 -0.12 -0.01 -0.16 0.0
743 122 286 106 30 0.05 -0.03 -0.14 -0.03 -0.02 -0.14
744 137 304 101 29 0.03 0.04 -0.17 -0.41 -0.14 -0.42
745 125 279 102 27 -0.02 0.09 -0.14 -0.68 -0.17 -0.47
746 127 264 93 27 -0.04 0.08 -0.11 -0.91 -0.26 -0.69
747 112 235 95 26 -0.09 0.03 -0.03 -0.87 -0.18 -0.68
748 100 217 87 26 -0.13 0.03 0.07 -0.87 -0.29 -0.59
749 87 218 80 26 -0.19 0.05 0.14 -0.83 -0.42 -0.48
750 76 196 74 49 -0.21 0.04 0.17 -0.73 -0.47 -0.5
751 63 174 70 46 -0.27 0.07 0.21 -0.51 -0.65 -0.61
752 54 157 67 43 -0.36 0.18 0.25 -0.52 -0.82 -0.62
753 57 141 65 41 -0.41 0.26 0.27 -0.42 -0.92 -0.66
754 54 133 62 39 -0.54 0.48 0.36 -0.2 -1.04 -1.17
755 51 128 61 36 -0.74 0.69 0.46 -0.79 -1.19 -1.76
756 43 127 58 35 -0.79 0.75 0.5 -1.26 -1.32 -2.03
757 38 123 57 37 -0.84 0.85 0.55 -1.02 -1.08 -1.9
758 37 119 58 35 -0.88 0.94 0.58 -0.34 -0.61 -1.75
759 38 120 60 40 -1.08 1.19 0.61 -0.04 -0.44 -1.77
760 41 122 62 37 -1.41 1.34 0.66 0.3 -0.59 -1.73
761 36 123 62 34 -1.57 1.37 0.67 0.4 -0.66 -1.77
762 45 131 62 37 -1.8 1.37 0.69 0.22 -0.58 -1.66
763 44 135 62 33 -1.97 1.31 0.73 -0.93 -0.58 -1.23
764 40 141 64 33 -2.11 1.22 0.76 -1.94 -0.62 -1.73
765 40 136 65 31 -2.13 1.1 0.76 -2.09 -0.78 -1.54
766 43 134 65 30 -2.11 0.86 0.75 -1.36 -0.63 -1.4
767 43 131 64 29 -2.05 0.93 0.76 -1.06 -0.4 -1.06
768 53 128 63 28 -2.03 1.02 0.78 -0.92 -0.26 -0.87
769 59 124 63 27 -2.04 1.17 0.83 -1.15 0.14 -0.31
770 68 120 62 25 -2.05 1.19 0.75 -1.41 -0.46 -0.13
771 121 122 61 25 -2.1 1.11 0.88 -1.64 -0.15 -0.1
772 99 120 58 25 -2.0 0.97 0.67 -0.51 -0.25 0.24
773 84 113 58 26 -2.04 0.88 0.58 0.16 -0.44 0.51
774 69 107 56 26 -1.93 0.64 0.52 0.44 -0.6 0.95
775 59 102 54 26 -1.82 0.57 0.39 0.19 -0.51 0.78
776 52 96 53 25 -1.78 0.54 0.33 1.18 -3.69 2.96
777 44 91 60 24 -1.47 0.27 0.12 4.85 -5.7 15.16
778 39 87 80 25 1.54 1.43 -0.42 8.29 2.25 13.06
779 34 84 80 25 1.58 1.64 -0.56 -0.43 1.41 0.79
780 30 81 72 24 0.88 0.87 -0.74 -2.28 -0.16 -0.52
781 27 78 69 24 0.48 0.56 -0.72 -1.9 2.05 -0.61
782 24 76 66 24 0.13 0.59 -0.64 -1.08 0.99 0.59
783 22 73 71 24 0.21 0.39 -0.55 -0.55 0.9 0.85
784 21 72 85 24 0.2 -0.1 -0.21 -0.11 0.26 0.06
785 21 71 83 23 0.18 -0.25 -0.08 0.44 0.46 0.02
786 20 70 78 24 0.07 -0.2 0.02 0.82 0.08 0.05
787 19 71 76 23 -0.01 -0.08 0.05 0.93 -0.04 0.0
788 18 70 85 24 -0.06 -0.02 0.1 0.55 -0.08 -0.01
789 18 69 87 23 -0.13 0.13 0.15 0.22 -0.1 0.03
790 19 68 81 24 -0.24 0.25 0.14 -0.35 -0.1 0.0
791 19 68 80 23 -0.26 0.25 0.12 -0.51 -0.04 0.0
792 18 67 76 25 -0.24 0.14 0.09 -0.47 -0.01 0.01
-100 -100 -100 -100 -100 -100 -100 -100 -100 -100 -100
793 18 69 77 23 -0.16 0.04 0.09 -0.18 0.1 -0.05
794 19 69 82 23 -0.14 -0.0 0.09 -0.01 0.12 -0.08
795 19 69 80 23 -0.08 -0.03 0.08 0.19 0.12 -0.08
796 18 68 80 23 -0.01 0.03 0.07 0.06 0.19 -0.06
797 19 68 78 23 -0.0 0.06 0.07 -0.17 0.14 -0.04
798 18 68 76 23 -0.04 0.04 0.04 -0.23 0.16 -0.06
799 18 68 81 23 -0.04 0.03 0.0 -0.22 0.11 -0.06
800 18 69 80 23 -0.03 0.01 -0.01 -0.07 0.06 -0.02
801 18 68 83 23 -0.02 -0.01 -0.02 -0.04 0.05 -0.07
802 19 70 81 23 -0.0 -0.01 -0.02 0.08 0.04 -0.04
803 19 70 78 23 0.01 -0.01 -0.02 0.04 0.1 0.02
804 19 70 77 23 0.03 0.01 -0.01 0.01 0.12 -0.04
805 20 69 72 23 0.04 0.01 0.0 0.08 0.17 -0.03
806 21 69 67 23 0.05 0.02 0.0 0.04 0.2 -0.04
807 20 69 70 22 0.03 0.05 -0.01 0.02 0.17 -0.04
808 20 69 74 23 0.01 0.1 -0.02 0.01 0.12 -0.03
809 20 70 75 23 0.01 0.12 -0.03 -0.17 0.14 0.02
810 20 69 82 23 -0.01 0.07 -0.02 -0.2 0.13 0.0
811 20 68 76 23 -0.02 -0.02 -0.01 -0.09 0.1 -0.01
812 21 69 71 23 -0.02 -0.04 -0.0 0.03 0.06 -0.01
813 20 69 68 24 -0.02 -0.08 0.0 0.11 0.09 -0.03
814 21 71 72 23 -0.02 -0.05 0.01 0.16 0.07 -0.07
815 21 71 70 23 -0.02 -0.02 0.01 0.03 0.07 -0.07
816 20 70 77 23 -0.02 0.0 -0.0 -0.08 0.1 -0.02
817 20 70 72 23 -0.02 -0.01 -0.01 -0.09 0.13 0.01
818 20 69 67 23 -0.02 -0.02 -0.01 -0.11 0.15 0.01
819 21 69 64 23 -0.03 -0.04 0.0 0.02 0.15 -0.04
820 21 69 69 23 -0.04 -0.04 0.02 0.15 0.11 -0.01
821 21 69 70 23 -0.05 -0.04 0.03 0.08 0.11 -0.03
822 21 68 66 22 -0.06 -0.03 0.03 0.0 0.12 -0.02
823 20 68 69 23 -0.06 -0.01 0.03 -0.09 0.1 -0.07
824 22 68 68 23 -0.05 -0.0 0.02 -0.03 0.09 -0.06
825 22 71 75 23 -0.04 0.0 0.01 -0.1 0.09 -0.07
826 22 75 73 24 -0.04 -0.03 -0.0 -0.12 0.08 -0.04
827 24 73 69 23 -0.03 -0.04 -0.01 -0.08 0.08 -0.02
828 25 73 68 23 -0.01 -0.08 -0.01 -0.03 0.08 -0.08
829 24 72 73 23 0.02 -0.07 -0.01 0.0 0.12 -0.07
830 26 72 72 23 0.03 -0.05 -0.02 0.01 0.14 -0.06
831 25 71 73 23 0.02 -0.05 -0.03 -0.04 0.09 -0.01
-200 -200 -200 -200 -200 -200 -200 -200 -200 -200 -200
832 23 70 71 23 0.01 -0.07 -0.03 -0.02 0.14 0.0
833 23 69 69 23 0.01 -0.08 -0.03 -0.05 0.14 0.0
834 22 69 76 23 0.01 -0.1 -0.02 0.08 0.16 -0.01
835 21 69 75 23 -0.0 -0.08 -0.01 0.11 0.12 -0.01
836 22 68 70 23 -0.01 -0.06 -0.01 0.09 0.12 -0.02
837 21 68 72 23 -0.01 -0.03 -0.01 0.11 0.1 -0.01
838 21 67 70 24 -0.02 -0.01 -0.0 0.02 0.1 -0.05
839 19 70 73 24 -0.03 -0.02 -0.0 -0.05 0.07 -0.04
840 22 73 70 23 -0.03 -0.02 -0.0 -0.1 0.09 -0.03
841 21 82 69 32 -0.01 -0.02 -0.0 0.03 0.13 -0.03
842 48 134 66 48 -0.01 -0.02 0.0 0.1 0.12 -0.05
843 54 153 64 49 -0.01 0.0 0.03 0.35 0.09 -0.11
844 52 194 62 46 0.01 0.07 0.08 0.27 -0.05 -0.34
845 53 243 61 53 0.05 0.1 0.1 0.14 -0.11 -0.2
846 72 266 60 76 0.15 0.04 0.09 -0.65 -0.19 0.0
847 147 339 62 139 0.3 -0.35 0.06 -0.62 -0.38 -0.06
848 154 345 64 124 0.39 -0.49 0.08 -0.97 -0.35 -0.22
849 168 337 65 103 0.69 -0.88 0.13 -1.05 -0.16 -0.04
850 169 326 68 88 1.0 -1.37 0.17 0.01 -0.09 0.9
851 167 337 72 75 1.04 -1.51 0.21 0.37 0.12 1.26
852 188 329 82 64 1.33 -1.5 0.09 -0.19 -0.24 1.55
853 173 361 78 57 1.46 -1.29 -0.15 1.69 1.92 3.01
854 149 343 76 50 1.25 -0.84 -0.22 1.46 0.28 2.59
855 151 374 87 44 1.21 -0.32 -0.45 1.34 1.26 1.91
856 153 356 84 44 1.23 -0.39 -0.6 1.57 1.38 1.97
857 182 335 88 42 1.22 -0.56 -0.65 1.38 1.41 1.98
858 179 355 88 38 1.25 -0.81 -0.74 0.53 1.24 1.69
859 178 367 91 35 1.22 -1.01 -0.81 0.5 1.15 1.59
860 168 363 87 37 1.17 -1.01 -0.83 0.4 1.29 0.89
861 169 355 84 34 1.14 -0.86 -0.8 0.59 1.14 0.11
862 230 345 89 32 1.07 -0.7 -0.71 0.42 1.0 -0.41
863 263 347 88 33 1.05 -0.72 -0.7 0.24 0.69 -0.32
864 299 352 117 37 1.1 -0.76 -0.69 0.19 0.62 -0.3
865 299 397 117 37 1.05 -0.78 -0.64 -0.1 0.43 -0.32
866 410 434 140 48 1.01 -0.76 -0.65 -0.13 0.47 -0.37
867 379 417 146 44 0.83 -0.56 -0.62 -0.4 0.46 -0.45
868 372 436 156 41 0.62 -0.4 -0.55 -0.2 0.12 -0.4
869 401 454 154 41 0.56 -0.37 -0.53 -0.22 0.01 -0.61
870 403 481 182 67 0.49 -0.39 -0.48 -0.54 -0.41 -0.45
871 406 534 175 67 0.53 -0.45 -0.43 -0.68 -0.54 -0.28
872 438 487 161 85 0.49 -0.41 -0.39 -1.05 -0.62 0.09
873 472 509 162 76 0.41 -0.36 -0.33 -1.57 -0.76 0.39
874 427 553 188 68 0.41 -0.45 -0.36 -0.68 -0.62 -0.29
875 424 542 201 70 0.44 -0.42 -0.37 -0.57 -0.6 -0.66
876 513 514 184 72 0.5 -0.4 -0.35 -0.47 -0.9 -0.46
877 532 553 185 65 0.51 -0.39 -0.32 -0.76 -1.06 0.23
878 474 537 172 64 0.53 -0.38 -0.33 -0.66 -1.05 0.13
879 473 547 178 59 0.57 -0.24 -0.29 -0.68 -1.05 -0.26
880 506 555 175 55 0.57 -0.14 -0.27 -0.7 -1.15 -0.22
881 536 535 173 53 0.59 -0.12 -0.26 -0.73 -1.16 -0.57
882 460 547 165 53 0.61 -0.09 -0.19 -0.65 -1.12 -0.75
883 409 493 162 50 0.61 -0.14 -0.14 -0.61 -1.11 -1.04
884 398 460 148 59 0.59 -0.11 -0.1 -0.8 -1.16 -0.87
885 375 459 143 82 0.57 -0.09 -0.08 -0.46 -1.1 -0.91
886 329 448 145 129 0.56 -0.12 -0.09 -0.16 -1.05 -1.31
887 303 465 149 111 0.53 -0.09 -0.09 0.29 -0.94 -1.45
888 277 464 153 94 0.53 -0.02 -0.08 0.22 -0.96 -1.3
889 339 485 162 81 0.49 -0.1 -0.13 0.15 -0.79 -0.86
890 342 524 181 85 0.45 -0.08 -0.15 -0.49 -0.62 -0.26
891 334 522 193 82 0.41 -0.04 -0.16 -0.41 -0.39 -0.56
892 312 498 204 79 0.36 -0.02 -0.15 -0.37 -0.33 -0.77
893 341 543 190 70 0.33 0.0 -0.15 -0.46 -0.26 -0.72
894 293 530 172 66 0.29 -0.02 -0.1 -0.54 -0.25 -0.62
895 280 564 164 59 0.26 -0.08 -0.04 -0.47 -0.16 -0.25
896 306 526 183 63 0.22 -0.12 -0.02 -0.4 -0.09 -0.18
897 348 467 184 58 0.19 -0.16 0.01 -0.32 0.1 -0.42
898 406 455 179 55 0.15 -0.13 0.04 -0.2 0.16 -0.34
899 355 457 167 49 0.13 -0.14 0.05 -0.17 0.11 -0.28
900 336 472 159 51 0.13 -0.17 0.03 -0.16 0.12 -0.15
901 296 456 161 47 0.08 -0.13 0.01 -0.24 0.1 -0.22
902 240 409 161 43 0.07 -0.09 0.0 -0.2 0.13 -0.32
903 266 432 165 39 0.06 -0.05 -0.01 -0.07 0.14 -0.69
904 283 414 169 35 0.05 -0.03 0.0 -0.13 0.09 -0.5
905 253 420 170 35 0.04 -0.03 -0.0 -0.25 0.11 -0.49
906 223 412 159 33 0.03 -0.0 0.01 -0.21 0.0 -0.47
907 216 402 155 36 0.03 0.03 0.01 -0.25 -0.01 -0.42
908 297 402 148 33 0.01 0.03 -0.0 -0.25 -0.04 -0.27
909 309 357 134 38 -0.01 0.01 -0.0 -0.17 0.0 -0.32
910 262 351 127 35 -0.04 0.04 0.01 -0.15 0.02 -0.41
911 291 318 125 32 -0.05 0.04 0.02 -0.11 0.0 -0.38
912 277 347 120 31 -0.07 0.03 0.03 -0.05 -0.04 -0.39
913 306 330 110 32 -0.08 0.03 0.04 -0.09 -0.04 -0.19
914 334 338 117 30 -0.08 0.03 0.03 -0.06 -0.03 -0.22
915 317 331 115 30 -0.08 0.05 0.01 -0.17 -0.05 -0.14
916 296 343 109 30 -0.07 0.05 0.01 -0.08 -0.09 -0.12
917 250 384 113 29 -0.07 0.06 0.01 -0.05 -0.1 -0.2
918 238 378 116 30 -0.07 0.06 0.01 -0.02 -0.11 -0.21
919 221 363 130 29 -0.06 0.02 0.02 0.01 -0.12 0.0
920 277 375 118 29 -0.05 0.03 0.02 0.05 -0.03 0.0
921 270 411 114 30 -0.06 0.06 0.02 0.0 -0.05 -0.04
922 280 388 124 30 -0.04 0.07 0.03 0.04 -0.07 -0.15
923 253 363 125 29 -0.03 0.08 0.03 -0.06 -0.06 -0.12
924 237 390 125 28 -0.02 0.04 0.03 -0.16 -0.06 0.12
925 239 376 112 31 -0.01 0.02 0.02 -0.26 -0.06 0.04
926 225 399 114 29 -0.01 0.03 0.03 -0.21 -0.03 -0.06
927 224 425 109 35 -0.02 0.04 0.04 -0.2 -0.07 -0.33
928 217 422 114 32 -0.01 0.03 0.04 -0.23 -0.08 -0.43
929 183 378 109 31 -0.02 0.05 0.05 -0.22 -0.04 -0.42
930 189 375 105 29 -0.04 0.07 0.07 -0.35 -0.09 -0.31
931 232 387 98 28 -0.05 0.03 0.09 -0.35 -0.07 -0.23
932 205 344 98 28 -0.05 0.03 0.1 -0.29 -0.11 -0.25
933 189 342 96 26 -0.06 0.0 0.1 -0.2 -0.07 -0.37
934 184 317 95 30 -0.08 0.01 0.09 -0.11 -0.09 -0.23
935 167 293 90 39 -0.09 0.03 0.08 -0.13 -0.12 -0.24
936 158 286 83 35 -0.12 0.06 0.08 -0.01 -0.17 -0.39
937 131 252 77 33 -0.13 0.1 0.08 -0.13 -0.33 -0.38
938 105 215 72 39 -0.14 0.11 0.09 -0.26 -0.46 -0.29
939 104 197 68 41 -0.17 0.14 0.11 -0.44 -0.69 -0.3
940 171 180 65 38 -0.21 0.23 0.16 -0.31 -0.89 -1.09
941 267 169 63 32 -0.22 0.33 0.2 -0.25 -0.87 -1.48
942 218 159 60 33 -0.28 0.58 0.3 -0.79 -1.03 -1.72
943 190 179 59 31 -0.28 0.59 0.36 -1.17 -1.25 -1.56
944 152 168 57 29 -0.3 0.56 0.37 -1.12 -1.45 -1.56
945 124 149 57 28 -0.46 0.67 0.41 -1.01 -1.44 -1.81
946 109 136 57 27 -0.65 0.91 0.45 -0.98 -1.32 -1.95
947 93 130 57 28 -0.74 1.06 0.48 -0.93 -1.16 -1.95
948 80 129 56 27 -1.01 1.35 0.55 -0.38 -1.1 -2.21
949 78 132 56 27 -1.35 1.56 0.67 -0.32 -1.07 -2.21
950 75 134 55 27 -1.54 1.58 0.72 -0.64 -1.05 -1.92
951 76 130 55 28 -1.88 1.48 0.78 -0.67 -1.05 -1.27
952 100 131 56 27 -2.13 1.32 0.75 -0.97 -0.89 -0.39
953 98 134 57 26 -2.17 1.2 0.69 -0.9 -0.83 -0.22
954 85 128 56 26 -2.2 0.93 0.56 -0.33 -0.56 0.01
955 74 148 58 25 -2.11 0.87 0.45 0.12 -0.47 -0.1
956 68 138 58 26 -2.07 0.9 0.42 0.11 -0.08 -0.1
957 76 132 56 27 -1.91 0.87 0.37 -0.41 0.32 0.7
958 82 135 54 27 -1.93 0.72 0.42 -0.15 0.34 1.2
959 80 124 53 27 -1.93 0.75 0.35 -0.02 0.37 1.07
960 166 120 52 26 -1.91 0.71 0.25 0.07 0.26 0.61
961 139 114 54 26 -1.82 0.55 0.26 0.2 0.07 0.41
962 117 109 55 25 -1.55 0.28 0.25 0.53 0.26 0.74
963 108 104 55 24 -1.47 0.19 0.27 0.61 0.46 1.6
964 90 101 54 24 -1.41 0.18 0.26 1.02 0.58 2.04
965 78 98 54 28 -1.29 0.2 0.18 0.8 0.79 1.78
966 71 94 54 27 -1.19 0.07 0.15 0.73 0.61 0.84
967 78 91 70 27 -1.13 0.04 0.11 0.01 1.05 0.59
968 89 89 84 26 -0.74 0.47 0.05 0.85 -0.67 6.74
969 72 86 92 25 0.57 1.37 -0.28 4.48 0.92 5.72
970 69 84 99 25 0.52 0.52 -0.35 -1.89 1.11 -0.52
971 59 81 92 26 0.37 0.4 -0.3 -1.04 1.02 -0.9
972 54 79 83 24 0.06 0.29 -0.4 0.46 1.22 -1.98
973 46 77 77 24 -0.15 0.72 -0.22 -1.44 -0.36 0.89
974 39 75 82 24 0.19 0.78 -0.08 -0.65 -0.23 1.77
975 34 74 88 24 0.24 -0.01 0.02 0.02 0.14 -0.4
976 31 72 86 24 0.2 -0.03 0.03 0.04 -0.1 -0.35
-100 -100 -100 -100 -100 -100 -100 -100 -100 -100 -100
977 28 72 87 23 0.22 0.08 0.02 0.23 -0.18 -0.07
978 26 71 84 23 0.19 0.08 0.03 0.34 -0.05 0.08
979 65 72 89 23 0.16 0.07 0.03 0.08 0.05 0.0
980 57 73 93 23 0.1 0.06 0.01 -0.27 0.11 0.05
981 52 73 91 24 0.1 0.04 -0.02 -0.16 0.15 0.08
982 43 75 95 23 0.09 0.01 -0.02 -0.08 0.14 0.0
983 37 75 100 23 0.08 -0.02 -0.02 -0.06 0.14 -0.01
984 33 75 92 24 0.11 -0.03 -0.04 -0.01 0.08 -0.03
985 29 74 86 23 0.11 -0.06 -0.03 -0.03 0.06 -0.03
986 29 74 83 23 0.11 -0.09 -0.03 -0.1 0.06 -0.04
987 30 73 84 23 0.11 -0.11 -0.04 -0.14 0.12 -0.06
988 27 72 84 23 0.11 -0.11 -0.04 -0.09 0.11 -0.02
989 24 72 78 24 0.09 -0.09 -0.06 0.01 0.13 0.01
990 28 72 77 23 0.09 -0.06 -0.06 0.06 0.07 -0.02
991 25 71 79 23 0.09 -0.04 -0.06 0.14 0.09 -0.06
992 23 71 78 24 0.08 -0.02 -0.05 0.15 0.09 -0.04
993 22 72 79 23 0.07 -0.02 -0.04 0.07 0.08 -0.01
994 18 72 81 23 0.06 -0.02 -0.03 -0.06 0.11 -0.03
995 21 71 75 23 0.06 -0.03 -0.03 -0.05 0.12 0.0
996 21 71 75 23 0.05 -0.02 -0.02 0.0 0.16 0.0
997 20 72 71 23 0.04 -0.04 -0.03 0.0 0.1 -0.03
998 25 74 73 23 0.02 -0.06 -0.02 0.0 0.12 -0.01
999 23 73 80 23 0.0 -0.04 -0.01 0.03 0.09 0.0
1000 22 72 80 23 -0.0 -0.04 -0.01 0.01 0.08 0.0
1001 25 72 78 23 -0.03 -0.04 0.0 0.01 0.06 -0.03
1002 28 72 79 23 -0.03 -0.02 0.01 -0.01 0.08 -0.04
1003 27 70 81 23 -0.02 -0.01 0.01 0.0 0.07 0.0
1004 23 71 80 24 -0.03 -0.03 0.01 0.03 0.09 0.0
1005 22 85 79 24 -0.04 -0.04 0.01 -0.08 0.05 -0.04
1006 24 86 93 24 -0.04 -0.05 0.0 0.03 0.05 -0.03
1007 26 94 93 25 -0.03 -0.02 -0.0 0.0 0.1 -0.01
1008 33 90 90 24 -0.04 -0.04 -0.0 -0.33 0.06 0.01
1009 30 86 84 23 -0.06 -0.12 0.0 -0.49 0.06 -0.05
1010 32 86 79 24 -0.05 -0.25 0.0 -0.3 0.06 0.02
1011 70 87 80 24 -0.03 -0.31 0.01 0.01 0.07 0.02
1012 61 87 87 24 -0.03 -0.28 0.0 0.16 0.06 -0.09
1013 56 82 90 24 -0.03 -0.2 -0.01 0.17 0.07 -0.05
-200 -200 -200 -200 -200 -200 -200 -200 -200 -200 -200
1014 50 84 89 24 -0.03 -0.13 -0.03 0.2 0.1 -0.07
1015 43 92 85 23 -0.03 -0.11 -0.02 0.1 0.04 -0.08
1016 38 87 81 24 -0.03 -0.09 -0.02 0.07 0.07 -0.04
1017 36 85 82 27 -0.03 -0.07 -0.03 0.07 0.09 -0.07
1018 32 82 92 26 -0.03 -0.06 -0.03 0.06 0.07 -0.07
1019 33 81 89 26 -0.03 -0.02 -0.03 0.03 0.11 -0.05
1020 46 80 85 26 -0.02 0.01 -0.03 0.04 0.12 -0.05
1021 41 79 79 25 -0.01 0.02 -0.03 -0.06 0.1 -0.03
1022 38 77 85 24 -0.01 0.01 -0.03 -0.08 0.1 -0.06
1023 35 77 84 24 -0.01 -0.02 -0.03 -0.08 0.1 -0.02
1024 31 75 83 24 -0.01 -0.04 -0.03 -0.03 0.06 -0.02
1025 28 74 78 24 -0.01 -0.06 -0.02 0.0 0.07 -0.05
1026 26 73 73 25 -0.01 -0.06 -0.02 0.0 0.09 -0.06
1027 48 88 69 24 -0.01 -0.09 -0.02 0.0 0.13 -0.03
1028 48 98 70 25 -0.03 -0.11 -0.0 0.0 0.12 0.01
1029 55 98 71 30 -0.04 -0.12 0.0 0.0 0.12 -0.04
1030 58 139 74 28 -0.03 -0.11 -0.0 0.02 0.08 -0.05
1031 59 146 71 35 -0.03 -0.09 0.0 0.0 0.08 -0.09
1032 87 179 67 67 -0.02 -0.13 0.01 -0.04 0.02 -0.03
1033 104 204 67 74 -0.02 -0.19 0.03 -0.1 -0.03 -0.11
1034 112 215 65 80 0.04 -0.3 0.05 -0.18 -0.09 -0.15
1035 105 281 70 97 0.18 -0.5 0.03 0.18 -0.06 0.1
1036 123 335 72 108 0.21 -0.56 0.03 0.56 0.13 0.5
1037 154 472 72 122 0.26 -0.66 0.01 0.15 0.07 0.54
1038 169 474 75 104 0.27 -0.64 0.0 0.07 0.35 0.68
1039 161 465 80 85 0.38 -0.46 -0.03 -0.86 0.06 0.2
1040 153 473 90 73 0.57 -0.48 -0.01 -0.39 0.06 1.28
1041 165 407 85 63 0.87 -0.47 0.03 0.13 0.53 2.88
1042 161 384 84 55 0.93 -0.38 0.01 0.87 0.97 3.85
1043 181 406 84 52 1.03 -0.36 -0.09 1.08 1.26 3.64
1044 155 427 83 47 1.25 -0.34 -0.26 0.61 1.23 1.77
1045 137 397 89 41 1.29 -0.48 -0.3 0.91 1.19 1.15
1046 144 370 93 38 1.32 -0.81 -0.38 1.0 1.26 1.1
1047 155 365 91 35 1.34 -0.97 -0.44 0.96 1.01 0.96
1048 137 343 85 36 1.35 -1.0 -0.45 0.66 0.97 0.56
1049 184 328 94 34 1.39 -1.05 -0.47 0.69 1.14 0.11
1050 163 304 96 47 1.32 -0.99 -0.48 0.38 1.08 -0.12
1051 234 319 91 41 1.24 -0.95 -0.47 0.44 1.01 -0.16
1052 245 315 92 37 1.22 -0.85 -0.49 0.4 0.84 -0.24
1053 215 289 94 35 1.12 -0.79 -0.44 0.31 0.55 -0.35
1054 259 289 97 32 1.1 -0.75 -0.44 -0.11 0.46 -0.3
1055 299 310 100 32 0.98 -0.65 -0.4 -0.16 0.24 -0.27
1056 272 300 104 36 0.89 -0.59 -0.37 -0.25 0.0 -0.14
1057 277 339 108 34 0.85 -0.57 -0.37 -0.58 -0.33 -0.32
1058 336 373 109 36 0.78 -0.57 -0.36 -0.63 -0.18 -0.22
1059 333 356 128 41 0.71 -0.56 -0.31 -0.72 -0.44 -0.25
1060 342 430 158 49 0.67 -0.55 -0.27 -0.73 -0.54 -0.42
1061 415 426 164 56 0.48 -0.55 -0.18 -0.94 -0.67 -0.25
1062 438 510 179 55 0.34 -0.47 -0.1 -0.67 -0.77 -0.27
1063 472 517 166 50 0.26 -0.45 -0.06 -1.03 -1.0 -0.53
1064 489 488 167 52 0.27 -0.41 -0.07 -0.78 -0.98 -0.54
1065 496 438 170 47 0.37 -0.44 -0.12 -0.19 -1.01 -1.17
1066 529 512 161 49 0.39 -0.42 -0.14 -0.25 -0.97 -1.17
1067 545 508 162 50 0.34 -0.28 -0.14 -0.78 -1.23 -0.78
1068 542 495 152 54 0.35 -0.29 -0.15 -0.93 -1.25 -0.74
1069 541 501 152 61 0.38 -0.31 -0.14 -0.76 -1.16 -1.05
1070 510 507 145 63 0.39 -0.33 -0.14 -0.36 -1.12 -1.05
1071 620 503 179 65 0.38 -0.31 -0.18 -0.35 -1.04 -0.93
1072 562 488 163 64 0.39 -0.29 -0.21 -0.21 -1.02 -1.12
1073 509 509 163 64 0.37 -0.22 -0.25 -0.3 -0.85 -1.2
1074 479 493 154 58 0.32 -0.18 -0.28 -0.39 -0.88 -1.05
1075 484 436 144 70 0.3 -0.15 -0.28 -0.35 -0.92 -1.04
1076 545 415 139 72 0.27 -0.06 -0.26 -0.49 -0.85 -0.93
1077 452 430 145 69 0.26 -0.03 -0.24 -0.22 -0.72 -1.02
1078 418 427 133 74 0.23 -0.04 -0.23 -0.37 -0.68 -1.08
1079 391 468 138 69 0.21 -0.09 -0.21 0.11 -0.44 -1.38
1080 359 467 145 63 0.12 -0.03 -0.11 -0.31 -0.36 -0.96
1081 406 420 156 64 0.1 -0.05 -0.08 -0.39 -0.3 -0.66
1082 410 455 146 68 0.04 -0.05 -0.02 -0.53 -0.07 -0.21
1083 400 462 136 63 -0.01 -0.01 0.01 -0.41 0.1 -0.43
1084 404 500 125 56 -0.04 0.02 0.01 -0.28 0.14 -0.66
1085 357 458 135 54 -0.04 -0.05 0.0 -0.03 0.18 -0.78
1086 334 443 131 54 -0.03 -0.11 0.02 0.15 0.2 -0.03
1087 324 445 123 49 -0.03 -0.11 0.01 0.19 0.11 0.16
1088 287 443 118 54 0.01 -0.08 -0.01 0.12 0.22 0.0
1089 299 416 117 51 0.07 -0.04 -0.01 0.06 0.2 0.01
1090 283 383 135 51 0.1 -0.03 -0.01 0.04 0.17 -0.1
1091 236 368 127 46 0.19 -0.08 -0.0 -0.18 0.25 0.2
1092 248 362 127 48 0.21 -0.13 -0.0 -0.2 0.27 0.31
1093 289 337 117 48 0.22 -0.12 0.01 -0.21 0.31 -0.13
1094 287 339 114 46 0.23 -0.04 0.01 -0.18 0.32 -0.19
1095 230 345 117 45 0.23 -0.02 0.01 -0.07 0.29 -0.21
1096 242 360 121 48 0.21 -0.03 0.02 -0.13 0.23 0.0
1097 282 366 116 43 0.12 0.01 0.06 -0.17 0.21 -0.12
1098 293 439 113 56 0.1 0.01 0.07 -0.06 0.16 -0.47
1099 292 395 122 50 0.07 -0.03 0.1 -0.05 0.12 -0.54
1100 261 370 128 50 0.1 -0.09 0.1 0.38 0.05 -0.58
1101 232 340 118 43 0.1 -0.09 0.09 0.37 0.0 -0.13
1102 276 342 125 43 0.08 -0.05 0.07 0.28 0.0 0.05
1103 267 337 120 42 0.06 -0.01 0.02 0.25 0.04 0.01
1104 277 381 118 39 0.05 -0.04 -0.04 0.05 -0.04 -0.1
1105 238 408 136 38 0.05 -0.06 -0.07 0.04 -0.07 -0.14
1106 255 434 133 42 0.07 -0.05 -0.09 0.09 0.0 -0.21
1107 263 432 130 42 0.08 -0.03 -0.1 -0.06 0.01 -0.23
1108 265 376 130 40 0.08 -0.03 -0.09 -0.15 0.02 -0.26
1109 248 395 122 48 0.06 -0.04 -0.08 -0.15 0.08 -0.36
1110 242 369 129 43 0.04 -0.04 -0.05 -0.08 0.06 -0.44
1111 216 373 129 46 0.03 -0.04 -0.03 0.0 0.06 -0.52
1112 262 368 133 43 0.01 -0.03 -0.01 0.11 0.0 -0.35
1113 254 373 120 39 -0.01 -0.03 0.0 0.11 0.0 -0.21
1114 270 356 113 36 -0.02 -0.03 -0.0 0.14 0.0 -0.23
1115 250 365 114 34 -0.03 -0.01 -0.03 0.04 0.08 -0.3
1116 224 360 109 33 -0.04 0.01 -0.06 0.08 0.02 -0.28
1117 242 344 106 32 -0.04 0.01 -0.06 0.05 0.05 -0.26
1118 244 322 109 31 -0.04 0.04 -0.08 -0.07 -0.02 -0.34
1119 242 323 101 30 -0.04 0.04 -0.08 -0.18 -0.16 -0.24
1120 229 312 99 31 -0.03 0.05 -0.07 -0.23 -0.17 -0.22
1121 212 302 98 29 -0.02 0.08 -0.06 -0.35 -0.3 -0.39
1122 196 290 94 33 -0.02 0.11 -0.03 -0.44 -0.31 -0.48
1123 217 283 92 39 -0.03 0.09 -0.02 -0.5 -0.36 -0.6
1124 184 255 86 37 -0.05 0.05 0.02 -0.58 -0.39 -0.77
1125 157 234 80 36 -0.09 0.04 0.06 -0.48 -0.45 -0.81
1126 134 204 75 33 -0.11 0.06 0.08 -0.52 -0.52 -0.83
1127 115 192 72 31 -0.17 0.11 0.12 -0.61 -0.65 -0.82
1128 101 234 72 30 -0.19 0.11 0.14 -0.74 -0.82 -0.77
1129 94 222 71 31 -0.24 0.09 0.18 -0.75 -0.91 -0.72
1130 88 259 70 32 -0.3 0.04 0.22 -0.88 -0.95 -0.91
1131 85 235 67 35 -0.32 0.02 0.24 -1.23 -1.17 -1.09
1132 69 221 66 33 -0.39 -0.01 0.3 -1.41 -1.31 -1.32
1133 59 215 65 32 -0.39 -0.01 0.36 -1.31 -1.53 -1.47
1134 51 197 65 30 -0.39 -0.02 0.4 -1.02 -1.35 -1.28
1135 49 193 65 29 -0.43 0.01 0.51 -0.99 -1.15 -1.12
1136 47 196 62 30 -0.52 0.12 0.62 -0.88 -0.83 -0.78
1137 48 185 62 32 -0.61 0.21 0.67 -0.41 -0.55 -0.93
1138 45 180 62 30 -0.83 0.42 0.74 -0.12 -0.41 -1.07
1139 46 166 63 29 -1.09 0.67 0.83 -0.25 -0.21 -1.58
1140 47 166 64 27 -1.22 0.76 0.86 -0.31 -0.12 -1.98
1141 41 158 64 26 -1.4 0.92 0.9 -0.88 -0.11 -1.89
1142 39 156 63 26 -1.54 0.88 0.98 -0.74 -0.63 -1.2
1143 34 151 62 26 -1.57 0.81 1.0 -0.43 -0.31 -0.07
1144 31 142 61 28 -1.66 0.75 1.02 0.18 -0.28 0.7
1145 75 138 62 28 -1.68 0.9 1.0 0.65 0.19 1.09
1146 84 142 60 27 -1.85 1.03 1.0 -0.4 0.59 0.52
1147 70 141 59 26 -1.88 1.02 0.9 -0.01 0.02 0.16
1148 60 136 57 29 -1.96 0.94 0.9 1.15 0.28 0.16
1149 51 134 56 28 -1.75 0.96 0.55 1.39 0.52 0.22
1150 45 130 53 31 -1.71 0.94 0.46 1.37 0.4 0.37
1151 48 126 54 29 -1.4 0.59 0.24 1.24 0.16 1.3
1152 49 122 52 28 -1.32 0.52 0.18 1.43 0.29 1.35
1153 50 120 51 28 -1.19 0.58 0.11 1.39 0.27 1.08
1154 44 117 53 27 -1.18 0.8 0.13 0.96 0.45 0.64
1155 38 115 52 26 -1.17 0.9 0.11 0.61 0.26 0.32
1156 33 110 53 26 -1.14 1.0 0.05 0.48 0.42 0.57
1157 33 105 59 25 -0.81 1.73 0.12 1.88 -1.08 5.18
1158 27 100 68 25 -0.43 3.15 0.06 -2.34 -1.35 4.7
1159 24 95 70 25 0.26 1.56 -0.43 -1.74 -0.61 3.54
1160 25 91 66 24 0.4 0.13 -0.45 -0.71 0.94 0.22
1161 30 97 66 25 0.24 0.25 -0.37 -1.21 0.73 -1.54
1162 30 91 69 24 0.11 0.74 -0.25 -1.06 0.68 -1.98
1163 28 88 78 23 0.28 0.66 -0.09 -1.3 -0.56 0.26
1164 25 84 73 24 0.38 0.42 -0.04 0.44 0.11 1.07
1165 23 78 69 24 0.33 0.23 -0.05 0.51 0.12 0.35
1166 22 80 69 24 0.23 0.27 -0.07 0.28 0.02 -0.21
1167 21 78 71 23 0.21 0.35 -0.06 0.23 0.02 0.06
1168 19 78 67 23 0.17 0.42 -0.09 0.17 -0.02 0.14
1169 19 81 68 24 0.08 0.28 -0.1 -0.38 0.04 0.09
1170 18 79 70 23 0.02 0.18 -0.09 -0.53 -0.01 0.0
1171 18 82 72 24 0.02 -0.0 -0.06 -0.56 0.02 -0.03
1172 17 81 73 23 0.06 -0.12 -0.02 -0.12 -0.03 0.02
1173 17 80 69 23 0.07 -0.14 -0.02 0.14 -0.1 -0.01
1174 16 80 68 23 0.11 -0.14 -0.02 0.13 -0.07 -0.01
1175 16 84 70 23 0.12 -0.12 -0.04 0.03 -0.09 -0.03
1176 16 94 73 23 0.13 -0.12 -0.04 -0.09 0.0 -0.01
1177 16 102 82 24 0.14 -0.12 -0.06 0.01 0.04 0.0
1178 17 99 77 23 0.14 -0.13 -0.06 0.01 -0.01 0.0
1179 16 96 78 23 0.13 -0.12 -0.05 0.02 0.0 0.02
1180 16 95 73 23 0.1 -0.09 -0.04 0.02 -0.04 0.0
1181 16 92 72 23 0.07 -0.1 -0.03 0.05 0.02 0.0
1182 17 91 77 23 0.06 -0.1 -0.02 0.01 0.02 0.0
1183 16 95 71 24 0.03 -0.09 -0.02 0.05 0.02 -0.04
1184 16 92 69 23 0.02 -0.08 -0.02 0.06 0.03 -0.02
1185 16 94 73 24 -0.0 -0.08 -0.02 0.04 0.0 -0.02
1186 16 91 73 24 -0.02 -0.08 -0.02 -0.04 -0.01 -0.03
1187 16 92 73 23 0.01 -0.04 -0.02 0.01 -0.04 -0.02
1188 15 88 70 23 0.02 -0.03 -0.02 0.03 0.0 -0.02
1189 16 88 69 23 0.0 -0.04 -0.01 0.01 0.0 -0.05
-100 -100 -100 -100 -100 -100 -100 -100 -100 -100 -100
1190 16 87 72 23 -0.01 -0.04 0.0 0.01 -0.03 -0.06
1191 16 86 68 23 -0.02 -0.04 0.0 0.0 -0.04 -0.05
1192 16 84 70 23 -0.02 -0.02 -0.0 0.0 0.0 -0.06
1193 16 82 68 23 -0.01 0.01 -0.01 0.0 0.0 -0.03
1194 16 83 68 23 0.01 0.03 -0.02 0.0 -0.03 -0.03
1195 16 83 63 24 0.03 0.08 -0.03 -0.04 -0.03 -0.08
1196 16 81 66 23 0.07 0.08 -0.04 -0.02 -0.06 -0.07
1197 16 87 71 23 0.08 0.09 -0.04 -0.01 -0.02 -0.04
1198 16 95 70 24 0.08 0.1 -0.03 0.04 -0.04 -0.03
1199 16 93 67 24 0.07 0.08 -0.03 0.01 -0.01 -0.01
1200 16 90 67 24 0.05 0.04 -0.02 -0.03 0.0 0.03
1201 16 86 65 23 0.01 -0.01 0.0 0.03 0.0 -0.02
1202 16 86 64 23 -0.0 -0.02 0.01 0.04 0.01 0.0
1203 16 85 72 24 -0.01 -0.02 0.01 0.04 0.03 -0.01
1204 16 84 72 24 -0.02 0.0 0.01 0.0 0.01 -0.04
1205 16 80 74 24 -0.04 -0.01 0.01 -0.04 0.0 -0.02
1206 16 80 71 24 -0.04 -0.01 0.01 -0.08 -0.02 -0.03
1207 16 81 72 24 -0.02 -0.02 0.0 -0.02 -0.06 -0.05
1208 17 82 74 24 -0.02 -0.01 0.0 -0.01 -0.06 -0.02
1209 20 82 70 25 -0.01 -0.02 -0.0 -0.05 -0.01 -0.02
1210 21 83 74 24 -0.01 -0.04 -0.0 -0.07 -0.04 -0.02
1211 21 83 69 24 -0.01 -0.06 -0.01 -0.08 0.0 0.0
1212 20 82 69 24 0.0 -0.06 -0.01 -0.02 0.02 -0.01
1213 19 81 76 24 0.0 -0.05 -0.01 0.03 0.03 -0.09
1214 19 83 73 24 -0.01 -0.04 -0.02 -0.01 0.04 -0.05
1215 18 83 73 26 -0.01 -0.04 -0.02 -0.02 -0.01 -0.03
1216 18 82 72 25 0.01 -0.03 -0.02 0.0 0.0 -0.06
1217 17 81 71 25 0.0 -0.05 -0.02 -0.03 -0.05 -0.03
1218 17 78 68 24 0.01 -0.05 -0.02 0.0 -0.06 -0.01
1219 18 78 64 24 0.01 -0.04 -0.02 0.01 0.01 -0.05
1220 17 79 69 24 0.0 -0.03 -0.01 0.03 0.01 -0.04
1221 17 77 68 24 0.0 -0.02 -0.02 0.01 0.02 -0.03
1222 16 77 70 24 0.0 -0.02 -0.02 -0.01 0.02 -0.04
1223 17 77 70 25 -0.01 -0.02 -0.01 -0.02 0.01 -0.06
1224 18 78 69 25 -0.01 -0.03 -0.01 -0.01 0.0 -0.04
1225 17 77 67 24 -0.01 -0.04 -0.0 0.0 0.01 -0.05
1226 18 78 71 24 -0.02 -0.04 0.0 -0.01 0.03 -0.03
1227 16 78 73 25 -0.02 -0.03 0.0 0.0 0.01 -0.03
1228 17 78 70 23 -0.01 -0.01 -0.0 -0.03 0.01 -0.05
1229 17 79 66 23 -0.02 -0.01 -0.0 -0.08 -0.01 -0.06
1230 16 77 65 23 -0.01 -0.01 -0.01 -0.02 0.0 -0.02
1231 16 76 65 26 -0.01 -0.01 -0.01 -0.03 0.0 -0.06
1232 17 76 72 26 -0.01 -0.0 -0.01 -0.01 -0.01 -0.04
1233 16 77 73 26 -0.0 0.0 -0.01 -0.04 -0.02 -0.04
1234 16 76 67 25 0.0 0.0 -0.02 -0.04 -0.02 -0.07
1235 17 77 64 25 0.01 0.0 -0.01 -0.02 0.0 -0.03
1236 16 77 62 22 0.01 0.0 -0.01 0.0 0.02 -0.02
1237 16 79 63 24 0.01 0.02 -0.02 -0.01 0.04 -0.06
1238 17 81 69 24 0.01 0.01 -0.02 -0.05 -0.02 -0.05
1239 17 79 71 24 0.01 0.01 -0.02 -0.09 -0.03 -0.06
1240 17 78 68 24 0.01 -0.02 -0.01 -0.08 0.0 -0.03
1241 17 78 65 25 0.01 -0.03 -0.01 -0.02 -0.01 -0.02
1242 16 78 69 24 0.01 -0.03 -0.01 -0.01 -0.03 0.0
