-1 -1 -1 -1 -1 -1 -1 -1 -1 -1 -1
2 16 76 44 23 0.07 -0.03 -0.08 -0.38 0.09 -0.2
3 15 80 45 23 0.06 -0.05 -0.09 -0.23 0.2 -0.16
4 15 80 45 23 0.03 -0.1 -0.12 -0.2 0.22 -0.16
5 16 80 45 23 -0.0 -0.14 -0.11 -0.03 0.23 -0.22
6 16 80 44 23 -0.02 -0.14 -0.09 0.1 0.12 -0.22
7 16 81 45 23 -0.04 -0.14 -0.04 0.22 -0.04 -0.19
8 16 81 45 23 -0.05 -0.09 0.01 0.29 -0.11 -0.17
9 16 80 45 23 -0.04 -0.05 0.03 0.15 -0.15 -0.18
10 16 79 45 23 -0.04 0.03 0.05 0.08 -0.09 -0.19
11 15 77 46 23 -0.05 0.09 0.05 -0.19 0.11 -0.16
12 15 76 45 23 -0.06 0.1 0.05 -0.29 0.21 -0.18
13 56 76 46 23 -0.09 0.06 0.04 -0.27 0.24 -0.18
14 104 75 46 23 -0.1 0.02 0.04 -0.14 0.18 -0.22
15 97 78 46 23 -0.1 0.01 0.04 0.01 0.07 -0.23
16 102 79 45 23 -0.08 0.0 0.04 0.06 0.02 -0.25
17 86 78 45 23 -0.05 0.06 0.03 0.02 -0.02 -0.22
18 71 77 45 23 -0.03 0.1 0.02 -0.3 -0.04 -0.23
19 62 77 45 23 0.0 0.12 -0.01 -0.35 -0.03 -0.21
20 55 77 44 23 0.02 0.08 -0.03 -0.47 -0.05 -0.21
21 52 78 46 23 0.03 0.04 -0.04 -0.42 -0.04 -0.18
22 45 78 46 23 0.05 -0.01 -0.06 -0.33 -0.03 -0.18
23 37 77 46 23 0.05 -0.03 -0.07 -0.15 0.11 -0.2
24 34 78 45 22 0.05 -0.04 -0.08 -0.16 0.18 -0.24
25 31 79 46 24 0.04 -0.06 -0.08 -0.07 0.18 -0.24
26 59 78 46 23 0.02 -0.1 -0.06 0.01 0.1 -0.19
27 51 77 47 22 0.01 -0.1 -0.04 0.21 -0.01 -0.17
28 45 79 47 23 0.01 -0.07 -0.01 0.23 -0.03 -0.18
29 44 80 47 23 0.01 -0.01 0.03 0.2 -0.09 -0.17
30 38 79 48 23 0.01 0.02 0.05 -0.07 -0.1 -0.19
31 35 79 49 23 0.02 0.04 0.06 -0.12 -0.07 -0.18
32 31 78 49 23 0.02 0.06 0.07 -0.25 0.05 -0.19
33 28 78 49 23 0.02 0.05 0.06 -0.26 0.11 -0.2
34 31 77 49 23 0.02 0.04 0.04 -0.26 0.13 -0.18
35 48 77 49 23 0.0 0.01 0.02 -0.2 0.2 -0.18
36 53 77 48 23 -0.0 -0.0 0.02 -0.16 0.17 -0.19
37 46 77 48 23 -0.01 -0.02 0.01 -0.07 0.09 -0.2
38 41 76 48 23 -0.01 -0.02 0.0 -0.07 0.01 -0.21
39 36 76 47 23 -0.01 -0.02 0.0 -0.13 0.0 -0.21
40 33 75 47 23 0.0 -0.01 0.0 -0.1 -0.02 -0.23
41 36 76 46 23 0.02 -0.01 0.0 -0.07 0.01 -0.21
42 32 76 46 26 0.03 -0.01 0.0 -0.11 -0.01 -0.18
43 41 75 45 23 0.04 0.01 -0.01 -0.13 -0.01 -0.17
44 56 76 46 23 0.04 0.02 -0.03 -0.29 0.07 -0.17
45 47 76 45 23 0.04 0.01 -0.04 -0.29 0.11 -0.2
46 40 76 45 23 0.02 -0.02 -0.07 -0.22 0.18 -0.17
47 40 74 45 24 -0.01 -0.06 -0.08 -0.1 0.18 -0.21
48 40 75 46 24 -0.02 -0.08 -0.07 -0.02 0.14 -0.22
49 35 74 48 23 -0.03 -0.08 -0.04 0.18 0.0 -0.22
50 35 73 45 23 -0.03 -0.04 -0.01 0.28 -0.03 -0.21
51 31 73 45 23 -0.03 -0.01 0.01 0.25 -0.05 -0.2
52 28 73 45 23 -0.01 0.06 0.03 -0.05 -0.08 -0.19
53 56 75 45 23 -0.01 0.06 0.05 -0.15 -0.04 -0.2
54 50 73 46 23 -0.0 0.07 0.06 -0.21 -0.02 -0.19
55 45 72 45 23 -0.01 0.05 0.06 -0.13 0.09 -0.18
56 39 73 45 23 -0.02 0.05 0.05 -0.14 0.13 -0.19
57 34 73 45 23 -0.02 0.05 0.04 -0.13 0.14 -0.19
58 41 75 45 23 -0.03 0.03 0.03 -0.16 0.09 -0.21
59 36 75 45 24 -0.02 0.01 0.03 -0.1 0.02 -0.19
60 36 75 45 23 -0.01 0.01 0.03 -0.06 -0.04 -0.23
61 32 77 45 23 0.02 0.02 0.03 -0.07 -0.04 -0.23
62 29 78 45 23 0.04 0.03 0.02 -0.22 -0.01 -0.22
63 26 78 45 23 0.06 0.03 0.01 -0.22 -0.02 -0.22
64 58 78 45 24 0.08 0.0 -0.0 -0.2 0.0 -0.19
65 50 79 45 23 0.09 -0.01 -0.03 -0.19 0.0 -0.15
66 46 79 45 23 0.09 -0.01 -0.04 -0.21 0.02 -0.15
67 43 79 46 24 0.08 -0.02 -0.07 -0.27 0.1 -0.17
68 37 82 45 23 0.05 -0.06 -0.09 -0.21 0.14 -0.18
69 35 83 46 24 0.04 -0.08 -0.1 -0.17 0.14 -0.2
70 33 85 46 24 0.02 -0.12 -0.09 0.11 0.14 -0.18
71 30 85 45 23 0.0 -0.11 -0.06 0.3 0.07 -0.19
72 31 85 46 23 -0.01 -0.09 -0.04 0.3 0.04 -0.21
73 28 85 46 23 -0.02 -0.03 -0.0 0.27 -0.01 -0.2
74 58 85 47 23 -0.03 0.03 0.03 0.1 -0.1 -0.19
75 48 85 46 22 -0.03 0.05 0.04 0.04 -0.08 -0.19
76 42 84 47 23 -0.03 0.07 0.06 -0.13 -0.01 -0.16
77 36 84 45 23 -0.03 0.08 0.06 -0.21 0.06 -0.17
78 31 84 47 24 -0.04 0.07 0.05 -0.25 0.08 -0.2
79 29 83 47 23 -0.05 0.03 0.04 -0.2 0.16 -0.17
80 29 82 46 23 -0.06 0.0 0.03 -0.08 0.15 -0.2
81 29 81 47 23 -0.07 -0.0 0.03 -0.03 0.1 -0.22
82 30 81 47 24 -0.06 -0.0 0.02 0.05 0.04 -0.22
83 27 79 46 23 -0.04 0.01 0.03 -0.05 -0.02 -0.23
84 26 76 47 23 -0.03 0.02 0.02 -0.05 -0.02 -0.24
-200 -200 -200 -200 -200 -200 -200 -200 -200 -200 -200
85 24 75 46 23 -0.0 0.03 0.02 -0.14 -0.01 -0.18
86 23 73 47 24 0.02 0.02 0.0 -0.19 -0.02 -0.19
87 21 73 46 23 0.03 0.01 -0.01 -0.21 0.0 -0.22
88 21 73 47 24 0.05 -0.0 -0.02 -0.25 0.01 -0.16
89 26 73 47 23 0.05 -0.03 -0.04 -0.17 0.04 -0.17
90 29 73 47 24 0.06 -0.04 -0.05 -0.16 0.06 -0.22
91 27 74 46 23 0.06 -0.07 -0.06 -0.08 0.05 -0.21
92 29 77 47 23 0.06 -0.09 -0.05 0.0 0.01 -0.22
93 26 102 46 23 0.06 -0.1 -0.04 0.02 0.02 -0.21
94 25 136 48 23 0.09 -0.11 -0.03 0.04 -0.04 -0.22
95 45 238 47 24 0.15 -0.14 -0.01 0.16 -0.01 -0.12
96 43 262 47 24 0.22 -0.18 -0.01 0.12 -0.08 -0.14
97 50 322 49 28 0.49 -0.36 -0.01 0.2 -0.01 -0.14
98 110 382 50 35 0.59 -0.47 0.03 0.15 -0.11 -0.02
99 152 467 53 33 0.56 -0.43 0.05 0.15 -0.03 -0.37
100 150 487 54 57 0.2 -0.27 0.1 -0.19 0.11 -0.07
101 147 509 57 112 0.2 -0.38 0.13 0.6 0.28 -0.01
102 130 602 65 118 0.34 -0.52 0.1 1.08 0.32 0.12
103 125 575 67 107 0.12 -1.33 0.29 0.02 0.68 0.65
104 109 549 70 119 0.01 -1.41 0.39 0.74 -0.07 2.08
105 114 619 90 113 -0.36 -0.17 0.34 0.18 0.17 -0.15
106 101 626 87 98 0.03 -0.85 0.19 -8.41 -2.24 4.9
107 102 614 89 85 1.65 -2.96 -0.24 3.7 4.67 5.6
108 103 603 85 77 1.33 -2.44 -0.01 -1.19 -0.22 3.5
109 100 599 85 69 1.38 -1.76 -0.1 0.39 2.04 3.07
110 101 663 95 64 1.42 -0.95 -0.27 0.08 1.79 3.43
111 94 697 98 56 1.56 -0.95 -0.36 0.45 1.54 3.29
112 116 869 97 58 1.93 -1.27 -0.57 0.55 1.13 2.47
113 114 790 98 51 2.05 -1.39 -0.72 0.48 0.9 1.09
114 147 967 103 53 2.03 -1.36 -0.76 0.3 0.84 0.81
115 146 965 109 60 2.03 -1.18 -0.8 -0.01 0.04 -0.11
116 164 967 115 60 2.2 -1.15 -0.73 -0.29 -0.48 -0.34
117 177 967 111 72 2.22 -1.2 -0.66 -0.39 -0.45 -0.48
118 214 966 118 67 2.15 -1.23 -0.55 -1.0 -0.69 -0.99
119 209 967 117 67 1.97 -1.21 -0.38 -0.83 -0.82 -1.3
120 232 967 129 69 1.87 -1.12 -0.31 -1.11 -0.91 -1.9
121 233 968 132 66 1.68 -1.06 -0.17 -0.91 -1.09 -2.13
122 223 967 149 71 1.48 -1.04 -0.08 -0.64 -1.28 -2.23
123 274 934 156 61 1.37 -1.0 -0.06 -0.7 -1.35 -2.25
124 252 867 147 56 1.14 -0.86 -0.05 -0.75 -1.43 -2.32
125 276 807 144 61 0.91 -0.76 -0.05 -0.81 -1.37 -2.31
126 258 758 128 61 0.78 -0.71 -0.05 -0.86 -1.54 -2.19
127 232 775 132 64 0.55 -0.64 -0.05 -1.1 -1.48 -2.35
128 215 726 127 58 0.33 -0.56 -0.01 -1.17 -1.52 -2.59
129 207 688 128 57 0.25 -0.5 0.01 -1.15 -1.41 -2.77
130 212 670 121 52 0.09 -0.4 0.08 -0.72 -1.4 -2.57
131 267 738 120 50 -0.03 -0.36 0.13 -0.65 -1.11 -1.81
132 223 660 119 54 -0.07 -0.36 0.14 -0.61 -1.09 -1.66
133 224 636 116 52 -0.17 -0.33 0.13 -0.74 -0.94 -1.29
134 204 686 111 51 -0.27 -0.24 0.1 -0.75 -0.85 -1.01
135 182 641 115 48 -0.31 -0.19 0.09 -0.67 -0.63 -0.95
136 153 674 111 46 -0.34 -0.13 0.06 -0.56 -0.43 -1.01
137 194 654 117 53 -0.36 -0.07 0.01 -0.51 -0.27 -0.78
138 162 638 130 48 -0.35 -0.04 0.0 -0.46 -0.22 -0.61
139 141 582 125 47 -0.34 0.0 -0.03 -0.4 -0.07 -0.17
140 120 553 113 47 -0.32 0.04 -0.07 -0.42 0.0 -0.14
141 152 612 105 43 -0.31 0.07 -0.08 -0.3 0.09 -0.09
142 141 557 105 40 -0.27 0.11 -0.09 -0.22 0.13 -0.13
143 159 588 110 38 -0.25 0.13 -0.09 -0.14 0.13 -0.05
144 147 540 99 38 -0.2 0.12 -0.09 -0.15 0.1 0.0
145 131 537 109 38 -0.17 0.11 -0.09 -0.12 0.26 0.05
146 124 537 105 37 -0.15 0.11 -0.07 -0.1 0.37 -0.07
147 119 490 109 42 -0.14 0.11 -0.06 -0.1 0.41 -0.11
148 133 598 105 40 -0.11 0.07 -0.03 0.08 0.38 -0.24
149 120 563 118 40 -0.11 0.05 -0.01 0.12 0.28 -0.12
150 104 564 121 37 -0.08 0.0 0.01 0.15 0.2 -0.16
151 102 559 121 38 -0.04 -0.01 0.01 0.13 0.17 -0.03
152 98 561 127 35 -0.04 0.01 0.01 -0.04 0.2 -0.15
153 128 525 125 35 -0.03 0.04 -0.02 -0.09 0.12 -0.18
154 156 522 131 32 -0.01 0.02 -0.03 -0.18 0.05 -0.25
155 132 519 140 30 -0.0 0.01 -0.03 -0.2 0.0 -0.39
156 145 531 140 32 0.01 0.0 -0.03 -0.21 0.01 -0.49
157 155 505 132 34 0.02 0.02 -0.01 -0.38 -0.03 -0.31
158 171 499 123 34 0.02 0.02 0.0 -0.31 -0.11 -0.18
159 147 480 125 35 0.02 -0.01 0.01 -0.28 -0.11 -0.24
160 150 484 126 35 0.02 0.0 0.01 -0.25 -0.1 -0.31
161 178 484 134 37 0.02 0.02 0.0 -0.35 -0.09 -0.26
162 166 509 128 40 0.0 0.05 0.01 -0.38 -0.07 -0.33
163 182 484 119 37 -0.0 0.05 0.01 -0.37 -0.08 -0.38
164 203 483 127 37 -0.0 0.04 0.02 -0.17 -0.09 -0.3
165 179 513 121 36 -0.01 0.02 0.03 -0.13 -0.1 -0.26
166 198 529 127 33 -0.01 0.03 0.03 -0.16 0.01 -0.27
167 174 531 122 34 -0.01 0.04 0.03 0.0 0.0 -0.28
168 168 527 128 35 -0.02 0.04 0.01 0.03 0.0 -0.27
169 146 618 126 33 -0.01 0.04 0.0 -0.06 0.02 -0.53
170 140 663 132 32 -0.01 0.03 -0.0 0.04 0.02 -0.48
171 169 720 126 35 -0.01 0.03 -0.01 -0.09 -0.02 -0.31
172 208 681 131 33 -0.0 0.04 -0.02 -0.14 0.01 -0.27
173 179 588 132 36 -0.0 0.04 -0.02 -0.19 0.03 -0.3
174 156 605 132 36 -0.03 0.03 -0.01 -0.16 -0.02 -0.3
175 139 623 125 34 -0.04 0.0 -0.0 -0.15 -0.08 -0.26
176 125 617 119 36 -0.05 0.0 0.0 -0.16 -0.1 -0.26
177 110 553 107 39 -0.07 0.04 0.02 -0.16 -0.11 -0.23
178 94 534 98 37 -0.08 0.07 0.02 -0.26 -0.23 -0.33
179 86 480 89 43 -0.07 0.07 0.03 -0.3 -0.35 -0.41
180 79 456 86 39 -0.08 0.09 0.04 -0.42 -0.42 -0.52
181 70 420 81 36 -0.09 0.15 0.06 -0.51 -0.53 -0.7
182 59 349 73 35 -0.1 0.18 0.09 -0.8 -0.77 -0.92
183 60 302 70 36 -0.13 0.26 0.16 -0.97 -0.8 -0.96
184 65 274 68 40 -0.18 0.34 0.26 -1.13 -0.98 -1.01
185 81 285 64 36 -0.22 0.38 0.31 -1.18 -1.21 -1.4
186 71 250 61 33 -0.38 0.52 0.45 -1.27 -1.3 -1.57
187 63 234 60 33 -0.52 0.67 0.6 -1.43 -1.23 -2.37
188 76 211 58 30 -0.75 0.78 0.79 -1.12 -1.17 -2.43
189 92 191 59 28 -0.88 0.84 0.86 -0.96 -1.12 -2.47
190 90 180 58 29 -1.16 1.08 0.97 -0.53 -0.88 -2.11
191 93 168 57 28 -1.53 1.4 1.05 -0.53 -0.8 -1.99
192 110 156 59 27 -1.7 1.5 1.07 -0.36 -0.72 -1.32
193 106 152 60 27 -1.99 1.51 1.02 -0.69 -0.35 -1.19
194 118 161 60 38 -2.18 1.64 0.96 -1.16 -0.07 -1.15
195 110 183 60 37 -2.28 1.79 0.93 -0.93 -0.03 -1.28
196 95 174 61 35 -2.26 1.93 0.69 -1.06 -0.47 -1.62
197 99 175 61 33 -2.27 1.81 0.67 -0.2 -0.2 -1.67
198 101 203 61 38 -2.24 1.5 0.73 -0.93 -0.78 -1.57
199 111 186 61 35 -2.05 0.62 0.78 -0.71 -0.74 0.09
200 92 167 60 40 -1.91 0.28 0.8 0.2 -0.5 1.08
201 92 151 58 37 -1.71 0.01 0.81 0.31 -0.32 1.7
202 77 136 59 36 -1.5 0.45 0.61 0.96 0.05 2.37
203 65 125 54 34 -1.46 0.81 0.46 1.15 -0.01 2.6
204 61 112 53 34 -1.42 1.23 0.37 0.55 -0.26 2.03
205 55 104 51 32 -1.3 1.34 0.27 1.2 0.11 1.19
206 47 98 51 32 -1.3 1.34 0.22 0.94 -0.02 0.67
207 49 96 51 42 -1.21 1.07 0.18 0.85 -0.09 0.38
208 46 95 52 38 -1.13 0.86 0.15 0.45 -0.21 -0.58
209 44 96 53 36 -1.09 0.79 0.12 0.12 -0.36 -1.61
210 40 101 62 33 -0.42 0.4 0.1 -1.26 -3.99 5.83
211 68 103 69 35 0.72 1.28 -0.03 3.12 0.17 5.94
212 60 105 74 33 0.52 1.77 -0.09 1.5 0.44 3.45
213 56 107 76 31 0.32 1.63 -0.21 -1.27 1.26 0.75
214 50 110 76 29 0.27 1.19 -0.16 -2.09 1.29 1.27
215 42 111 73 28 0.26 0.81 -0.17 -2.25 0.61 0.95
216 41 114 71 27 0.2 -0.02 -0.05 -1.58 0.59 0.18
217 37 116 68 27 0.11 -0.26 0.03 0.2 0.2 0.02
218 32 117 74 26 0.08 -0.21 0.04 0.5 0.05 -0.02
219 29 120 72 26 0.02 0.0 0.06 0.82 -0.07 -0.31
-100 -100 -100 -100 -100 -100 -100 -100 -100 -100 -100
220 27 123 72 26 0.05 0.24 0.05 0.39 -0.45 -0.36
221 24 124 76 25 0.05 0.3 0.04 0.2 -0.49 -0.33
222 22 124 77 25 0.03 0.27 0.01 -0.76 -0.48 -0.38
223 21 124 77 25 0.1 0.16 -0.03 -0.96 -0.42 -0.28
224 19 125 78 25 0.14 0.1 -0.03 -0.85 -0.32 -0.1
225 19 127 75 25 0.19 -0.03 -0.04 -0.39 0.0 -0.1
226 30 127 75 24 0.22 -0.08 -0.04 -0.18 -0.25 -0.14
227 25 128 77 24 0.23 -0.06 -0.03 0.02 -0.03 -0.12
228 30 128 75 24 0.21 -0.02 -0.03 -0.02 -0.11 -0.15
229 27 130 73 24 0.18 -0.02 -0.04 -0.21 -0.19 -0.14
230 25 131 79 23 0.16 -0.03 -0.04 -0.27 -0.14 -0.15
231 23 134 75 23 0.13 -0.03 -0.06 -0.2 -0.17 -0.18
232 22 134 75 24 0.13 -0.0 -0.05 -0.15 -0.13 -0.19
233 21 136 81 24 0.11 0.02 -0.05 -0.13 -0.13 -0.15
234 19 138 79 23 0.11 0.03 -0.04 -0.18 -0.13 -0.15
235 18 139 79 23 0.09 0.02 -0.03 -0.23 -0.14 -0.16
236 19 139 78 23 0.09 0.01 -0.02 -0.26 -0.15 -0.17
237 19 140 74 23 0.09 -0.01 -0.02 -0.22 -0.16 -0.16
238 18 141 71 23 0.08 -0.01 -0.03 -0.12 -0.12 -0.17
239 18 142 70 23 0.08 0.0 -0.03 -0.12 -0.15 -0.17
240 18 143 68 23 0.09 0.03 -0.04 -0.17 -0.16 -0.19
241 18 144 66 23 0.08 0.02 -0.04 -0.23 -0.12 -0.16
242 22 144 73 23 0.07 -0.0 -0.03 -0.26 -0.13 -0.16
243 17 144 68 23 0.06 -0.04 -0.02 -0.2 -0.1 -0.11
244 21 144 66 23 0.04 -0.05 -0.01 -0.14 -0.07 -0.14
245 20 143 65 23 0.02 -0.05 -0.02 -0.08 -0.06 -0.14
246 18 144 64 23 0.01 -0.03 -0.02 -0.12 -0.06 -0.18
247 19 143 64 23 0.0 -0.01 -0.03 -0.17 -0.09 -0.14
248 18 143 63 23 0.0 -0.01 -0.03 -0.19 -0.1 -0.16
249 19 143 61 23 -0.0 -0.04 -0.02 -0.25 -0.09 -0.19
250 18 140 64 23 -0.01 -0.07 -0.02 -0.23 -0.09 -0.16
251 18 141 64 22 -0.01 -0.07 -0.01 -0.19 -0.08 -0.17
252 18 140 65 23 -0.01 -0.06 -0.01 -0.09 -0.13 -0.17
253 17 140 62 23 -0.02 -0.03 -0.02 -0.08 -0.11 -0.17
254 17 138 67 23 -0.02 -0.03 -0.02 -0.14 -0.11 -0.18
255 17 138 65 23 -0.02 -0.02 -0.02 -0.2 -0.1 -0.2
256 18 136 61 23 -0.01 -0.03 -0.02 -0.22 -0.12 -0.16
257 17 134 64 23 -0.01 -0.04 -0.02 -0.23 -0.11 -0.19
258 18 131 65 23 0.0 -0.06 -0.02 -0.27 -0.1 -0.21
259 17 130 62 23 0.02 -0.08 -0.03 -0.28 -0.03 -0.2
260 18 129 67 22 0.02 -0.09 -0.03 -0.21 -0.06 -0.15
261 18 129 63 23 0.02 -0.1 -0.03 0.01 -0.1 -0.2
262 19 128 60 23 0.01 -0.06 -0.02 0.0 -0.12 -0.2
-200 -200 -200 -200 -200 -200 -200 -200 -200 -200 -200
263 19 127 61 23 0.0 -0.04 -0.03 -0.04 -0.11 -0.16
264 19 126 62 23 -0.01 -0.02 -0.03 -0.17 -0.08 -0.16
265 18 126 58 23 -0.01 -0.03 -0.03 -0.14 -0.04 -0.15
266 18 125 63 22 -0.02 -0.05 -0.03 -0.13 -0.06 -0.15
267 18 125 67 23 -0.03 -0.06 -0.02 -0.09 -0.09 -0.16
268 19 125 66 23 -0.04 -0.06 -0.01 -0.09 -0.09 -0.16
269 20 124 61 23 -0.04 -0.05 -0.01 -0.1 -0.1 -0.17
270 22 126 59 24 -0.05 -0.07 -0.0 -0.11 -0.1 -0.14
271 22 127 56 24 -0.06 -0.09 0.01 -0.12 -0.14 -0.17
272 48 144 54 24 -0.07 -0.1 0.01 -0.08 -0.09 -0.13
273 67 174 54 24 -0.08 -0.1 0.01 0.06 0.0 -0.13
274 79 231 53 26 -0.12 -0.12 -0.01 -0.12 0.08 -0.21
275 80 272 53 38 -0.15 -0.2 -0.02 -0.16 0.02 -0.09
276 79 266 53 45 -0.05 -0.39 -0.04 -0.39 -0.19 -0.1
277 96 259 54 45 0.27 -0.66 -0.07 0.26 -0.12 0.04
278 104 356 55 42 0.32 -0.7 -0.07 0.76 -0.13 -0.2
279 138 426 55 40 0.21 -0.52 -0.04 0.25 -0.03 0.12
280 143 420 60 41 -0.0 -0.28 -0.02 -0.25 0.01 0.0
281 133 428 61 40 0.13 -0.62 -0.05 0.0 0.18 0.32
282 131 420 62 37 0.26 -0.87 -0.11 -0.97 -0.38 0.85
283 117 428 62 40 0.6 -1.0 -0.24 -1.41 -0.06 1.32
284 110 450 71 36 1.38 -2.15 -0.64 6.72 0.69 3.74
285 117 452 70 33 1.23 -2.14 -0.49 0.98 0.69 2.47
286 114 462 69 34 1.25 -1.6 -0.5 1.37 0.9 2.39
287 102 421 71 31 1.24 -1.21 -0.55 1.16 0.71 2.2
288 94 470 74 29 1.21 -0.87 -0.67 0.46 0.78 2.14
289 84 470 79 29 1.26 -0.94 -0.78 0.7 0.88 2.11
290 82 551 77 31 1.32 -1.0 -0.86 0.67 0.75 1.83
291 76 518 78 30 1.44 -1.09 -0.97 0.5 0.64 0.8
292 70 584 76 33 1.54 -1.1 -1.06 0.35 0.71 0.33
293 69 640 86 31 1.55 -1.05 -1.08 0.45 0.39 0.31
294 94 596 92 29 1.65 -0.93 -1.12 -0.2 0.4 0.49
295 98 606 93 34 1.58 -0.88 -1.08 -0.79 0.24 0.64
296 111 584 87 32 1.53 -0.88 -1.06 -0.8 0.15 0.55
297 125 647 86 34 1.45 -0.81 -1.04 -1.01 -0.27 0.03
298 124 721 93 45 1.38 -0.7 -0.92 -0.94 -0.43 -0.69
299 144 720 90 44 1.32 -0.64 -0.88 -0.78 -0.73 -0.74
300 145 757 103 47 1.26 -0.56 -0.74 -0.62 -1.11 -0.7
301 173 817 106 50 1.27 -0.54 -0.63 -0.81 -1.24 -0.48
302 236 835 107 56 1.3 -0.52 -0.58 -0.87 -1.39 -0.43
303 201 802 104 53 1.25 -0.48 -0.43 -1.1 -1.51 -0.68
304 183 753 106 58 1.23 -0.45 -0.33 -0.95 -1.4 -1.03
305 159 760 144 51 1.19 -0.41 -0.28 -0.65 -1.38 -1.3
306 154 761 168 45 1.07 -0.38 -0.21 -0.7 -1.4 -1.29
307 130 741 161 41 0.92 -0.33 -0.17 -0.75 -1.42 -1.11
308 158 807 157 44 0.83 -0.33 -0.13 -0.71 -1.41 -1.24
309 135 724 143 41 0.68 -0.29 -0.09 -0.78 -1.27 -1.65
310 165 736 139 41 0.5 -0.23 -0.03 -0.55 -1.11 -2.05
311 143 681 128 38 0.41 -0.2 -0.01 -0.42 -1.07 -1.97
312 177 664 141 37 0.29 -0.17 0.01 -0.32 -1.08 -1.58
313 154 664 131 37 0.18 -0.18 0.0 -0.31 -1.03 -1.34
314 148 625 124 39 0.12 -0.17 -0.0 -0.39 -0.89 -1.17
315 128 594 115 37 0.0 -0.13 -0.01 -0.51 -0.89 -1.09
316 109 576 112 36 -0.04 -0.13 -0.02 -0.39 -0.83 -0.96
317 155 559 102 38 -0.11 -0.1 -0.03 -0.48 -0.81 -0.96
318 159 580 122 39 -0.14 -0.08 -0.04 -0.38 -0.72 -1.01
319 131 516 121 36 -0.15 -0.05 -0.04 -0.44 -0.61 -0.59
320 133 590 113 38 -0.16 -0.02 -0.05 -0.42 -0.52 -0.35
321 154 560 110 39 -0.19 -0.0 -0.05 -0.42 -0.31 -0.2
322 125 499 102 35 -0.19 -0.02 -0.05 -0.44 -0.2 -0.3
323 107 567 99 38 -0.18 -0.03 -0.05 -0.38 -0.14 -0.31
324 118 524 97 38 -0.18 -0.0 -0.04 -0.17 -0.01 -0.08
325 106 455 100 35 -0.18 0.01 -0.05 -0.22 0.04 -0.08
326 102 466 102 34 -0.16 0.01 -0.05 -0.24 0.09 0.02
327 101 512 99 34 -0.16 0.03 -0.03 -0.23 0.13 0.23
328 92 484 106 34 -0.16 0.03 -0.03 -0.29 0.21 0.14
329 84 454 98 31 -0.1 -0.0 -0.03 -0.33 0.2 0.0
330 85 440 100 32 -0.06 -0.01 -0.02 -0.2 0.18 0.07
331 91 410 108 30 -0.05 -0.01 -0.01 -0.22 0.17 0.29
332 86 445 114 29 -0.01 -0.02 -0.02 -0.19 0.15 0.3
333 90 521 106 35 0.01 -0.01 -0.01 -0.36 0.08 0.2
334 81 515 102 33 0.03 -0.01 -0.0 -0.17 0.06 -0.1
335 72 543 109 34 0.07 -0.02 0.02 -0.17 0.02 -0.19
336 67 499 118 31 0.12 -0.04 0.04 -0.16 -0.01 0.04
337 69 461 121 35 0.13 -0.05 0.04 -0.21 -0.11 0.21
338 92 539 115 34 0.11 -0.02 0.04 -0.29 -0.11 0.17
339 93 524 105 38 0.09 -0.01 0.04 -0.23 -0.09 -0.12
340 90 499 106 35 0.09 -0.01 0.04 -0.11 -0.18 -0.52
341 122 498 102 32 0.1 -0.03 0.05 0.04 -0.27 -0.51
342 117 521 100 31 0.09 -0.05 0.05 -0.1 -0.4 -0.34
343 143 573 95 31 0.09 -0.07 0.04 -0.04 -0.33 -0.35
344 138 516 94 36 0.06 -0.04 0.03 -0.01 -0.3 -0.44
345 136 479 104 36 0.03 -0.01 0.01 -0.02 -0.27 -0.55
346 114 508 103 35 0.01 -0.0 -0.0 0.0 -0.27 -0.58
347 98 554 113 32 -0.01 -0.02 -0.02 -0.01 -0.24 -0.63
348 88 513 109 34 -0.04 -0.01 -0.03 -0.02 -0.3 -0.42
349 116 489 110 35 -0.05 0.0 -0.03 -0.25 -0.25 -0.21
350 111 489 111 32 -0.08 0.02 -0.04 -0.32 -0.22 -0.25
351 160 474 108 32 -0.09 -0.01 -0.03 -0.31 -0.18 -0.15
352 144 538 100 33 -0.09 -0.02 -0.01 -0.34 -0.12 -0.17
353 121 495 105 31 -0.1 -0.03 0.01 -0.3 -0.13 -0.2
354 125 530 105 31 -0.09 -0.02 0.03 -0.13 -0.07 -0.24
355 147 545 107 29 -0.09 -0.02 0.04 -0.09 -0.08 -0.14
356 127 493 105 28 -0.07 -0.04 0.04 -0.09 -0.07 -0.1
357 119 492 111 32 -0.05 -0.04 0.03 -0.09 -0.05 -0.08
358 103 451 125 43 -0.04 -0.02 0.03 -0.15 -0.01 -0.07
359 85 421 129 41 -0.04 0.03 0.01 -0.14 -0.01 -0.09
360 89 459 122 39 -0.04 0.07 0.0 -0.05 -0.06 -0.38
361 76 468 115 35 -0.04 0.1 0.01 -0.24 -0.13 -0.32
362 85 425 105 33 -0.04 0.11 0.03 -0.31 -0.18 -0.29
363 73 392 98 33 -0.03 0.11 0.07 -0.51 -0.37 -0.42
364 66 324 92 31 -0.03 0.11 0.1 -0.74 -0.58 -0.54
365 55 300 89 31 -0.04 0.12 0.16 -0.88 -0.76 -0.77
366 52 260 90 33 -0.08 0.2 0.28 -1.14 -1.0 -0.95
367 49 218 96 31 -0.1 0.25 0.35 -1.55 -1.21 -1.18
368 57 195 92 29 -0.22 0.37 0.55 -1.7 -1.31 -1.31
369 54 186 97 29 -0.4 0.52 0.78 -1.96 -1.43 -1.53
370 67 192 99 27 -0.5 0.6 0.91 -1.85 -1.54 -2.05
371 71 189 97 31 -0.8 0.78 1.14 -1.74 -1.47 -2.37
372 110 177 93 30 -1.09 1.14 1.37 -0.92 -1.19 -2.66
373 106 174 99 28 -1.21 1.34 1.46 -0.33 -0.92 -2.53
374 99 156 103 27 -1.4 1.57 1.55 -0.01 -0.8 -1.81
375 130 143 100 29 -1.41 1.64 1.46 -0.19 -0.39 -2.06
376 124 131 98 31 -1.47 1.64 1.41 -0.81 -0.3 -1.83
377 132 121 97 30 -1.74 1.55 1.33 -0.44 -0.4 -1.62
378 122 120 106 28 -1.98 1.35 1.16 0.2 -0.55 -1.06
379 108 119 105 43 -2.08 1.17 1.08 -0.41 -1.09 -0.9
380 98 114 98 41 -2.35 0.77 0.99 -0.77 -1.18 -0.8
381 93 105 102 38 -2.33 0.47 0.97 -0.25 -1.16 1.12
382 93 99 99 36 -2.23 0.36 0.88 0.86 -1.24 1.63
383 91 96 93 36 -2.09 0.48 0.7 -1.23 -0.61 1.7
384 96 92 90 33 -1.99 0.44 0.66 0.28 -0.4 1.96
385 94 90 109 31 -1.93 0.45 0.66 0.42 -0.18 1.85
386 84 90 126 31 -1.84 1.03 0.64 0.5 -0.06 1.77
387 76 91 131 30 -1.78 1.12 0.66 -0.04 0.16 1.43
388 66 95 118 29 -1.8 1.06 0.65 0.3 0.33 0.9
389 57 96 110 28 -1.74 0.96 0.68 0.33 0.42 0.12
390 49 98 104 27 -1.63 0.83 0.69 0.44 1.01 -4.63
391 47 102 123 26 -1.68 0.62 0.71 1.53 -6.58 9.19
392 48 106 113 28 0.15 -0.35 0.23 3.86 -3.78 13.55
393 50 111 106 27 0.43 2.43 0.28 -2.25 -0.51 1.55
394 44 114 98 26 0.15 2.05 0.01 -0.43 0.58 -0.26
395 38 117 88 25 0.3 0.38 -0.26 -0.57 1.38 -1.21
396 34 120 87 25 0.13 0.65 -0.22 -1.61 0.97 -1.44
397 30 124 95 25 0.15 0.67 -0.16 -0.54 0.04 0.81
398 27 124 99 24 0.21 0.28 -0.03 0.1 0.07 1.43
399 25 126 90 24 0.21 0.32 -0.02 0.22 0.15 0.6
400 25 128 79 24 0.19 0.37 -0.05 -0.22 -0.11 -0.66
401 25 130 80 24 0.22 0.52 -0.06 -0.22 -0.18 -0.57
402 22 131 83 23 0.31 0.56 -0.08 -0.27 -0.17 -0.15
403 22 131 87 22 0.29 0.5 -0.09 -0.48 -0.15 -0.01
404 19 131 91 23 0.23 0.33 -0.1 -0.44 -0.06 0.06
405 21 132 95 23 0.21 0.24 -0.1 -0.44 -0.05 -0.04
-100 -100 -100 -100 -100 -100 -100 -100 -100 -100 -100
406 19 131 86 23 0.2 0.2 -0.09 -0.11 -0.02 -0.16
407 18 130 82 23 0.21 0.17 -0.08 0.0 -0.06 -0.18
408 18 131 83 23 0.23 0.17 -0.07 0.0 -0.14 -0.27
409 18 132 85 24 0.25 0.16 -0.07 -0.06 -0.1 -0.06
410 18 131 80 23 0.26 0.11 -0.06 -0.04 -0.03 -0.04
411 18 130 79 23 0.21 0.09 -0.07 -0.24 -0.02 -0.13
412 18 129 96 23 0.19 0.08 -0.07 -0.24 0.04 -0.12
413 18 125 115 23 0.16 0.07 -0.09 -0.08 0.04 -0.05
414 19 128 114 23 0.11 0.06 -0.08 0.08 0.03 0.0
415 20 126 116 24 0.09 0.06 -0.06 0.0 0.0 -0.05
416 19 125 107 23 0.02 0.07 -0.02 -0.05 -0.05 -0.07
417 18 123 101 23 -0.02 0.02 0.02 -0.08 -0.07 -0.22
418 19 121 99 24 -0.03 0.01 0.03 -0.13 -0.04 -0.24
419 18 122 98 23 -0.03 -0.02 0.02 -0.07 -0.07 -0.22
420 19 120 94 23 -0.04 -0.02 0.01 -0.04 -0.02 -0.19
421 19 119 87 24 -0.04 -0.03 0.01 -0.02 0.0 -0.15
422 19 118 90 24 -0.05 -0.02 0.02 -0.02 0.0 -0.18
423 19 117 85 24 -0.07 -0.03 0.02 -0.11 -0.02 -0.22
424 19 115 81 24 -0.08 -0.03 0.02 -0.05 -0.02 -0.21
425 19 115 92 24 -0.08 -0.03 0.03 -0.14 -0.08 -0.22
426 18 114 97 24 -0.07 -0.01 0.02 -0.16 -0.08 -0.3
427 18 113 91 24 -0.06 0.0 0.01 -0.18 -0.1 -0.27
428 18 113 88 23 -0.05 -0.0 0.01 -0.23 -0.06 -0.19
429 18 112 82 24 -0.04 -0.04 0.01 -0.19 0.0 -0.16
430 18 111 84 23 -0.04 -0.05 0.01 -0.12 0.0 -0.2
431 17 110 83 24 -0.04 -0.06 0.01 -0.03 0.0 -0.23
432 18 109 86 23 -0.03 -0.04 0.01 -0.07 -0.03 -0.19
433 18 109 75 24 -0.03 -0.03 0.01 -0.07 -0.02 -0.21
434 18 112 79 24 -0.03 -0.01 0.01 -0.09 -0.03 -0.15
435 19 109 84 23 -0.04 -0.01 0.01 -0.14 -0.03 -0.22
436 19 107 90 24 -0.04 -0.01 0.01 -0.16 -0.04 -0.21
437 19 107 87 24 -0.04 -0.02 0.01 -0.13 -0.05 -0.12
438 19 106 81 24 -0.04 -0.03 0.01 -0.08 -0.03 -0.15
439 19 105 85 23 -0.04 -0.03 0.01 -0.05 -0.02 -0.16
440 19 105 94 23 -0.03 -0.02 0.01 -0.03 -0.02 -0.19
441 20 104 100 24 -0.03 -0.01 0.01 -0.08 -0.02 -0.16
442 20 105 109 25 -0.03 -0.01 0.0 -0.1 -0.01 -0.13
443 20 104 106 24 -0.05 -0.02 0.0 -0.11 -0.03 -0.07
444 21 103 104 24 -0.07 -0.05 0.01 -0.08 -0.02 -0.09
445 19 102 102 27 -0.07 -0.05 0.01 -0.08 0.0 -0.11
-200 -200 -200 -200 -200 -200 -200 -200 -200 -200 -200
446 18 101 98 24 -0.09 -0.06 0.02 -0.06 -0.01 -0.15
447 19 100 91 24 -0.1 -0.08 0.03 -0.04 0.0 -0.1
448 19 102 86 24 -0.11 -0.09 0.03 -0.04 -0.06 -0.17
449 21 102 90 25 -0.12 -0.11 0.03 -0.05 -0.05 -0.19
450 24 102 90 24 -0.13 -0.09 0.03 -0.09 -0.08 -0.21
451 20 101 92 26 -0.13 -0.09 0.03 -0.1 -0.09 -0.2
452 19 101 89 26 -0.11 -0.07 0.02 -0.19 -0.06 -0.28
453 21 100 84 24 -0.1 -0.07 0.02 -0.19 -0.02 -0.22
454 23 98 76 24 -0.1 -0.07 0.02 -0.13 0.0 -0.19
455 38 105 71 23 -0.1 -0.09 0.02 -0.05 0.01 -0.12
456 61 126 68 27 -0.1 -0.09 0.01 -0.09 0.0 -0.18
457 92 198 64 44 -0.1 -0.09 0.01 -0.05 0.01 -0.07
458 131 241 63 55 -0.08 -0.1 -0.02 -0.37 -0.04 -0.05
459 126 263 65 54 -0.01 -0.15 -0.07 -0.57 0.0 -0.13
460 166 325 62 52 0.04 -0.24 -0.08 0.0 -0.02 0.15
461 176 404 61 58 0.06 -0.55 -0.08 0.82 -0.15 0.66
462 215 397 60 50 0.09 -0.88 -0.18 -0.2 -1.21 2.19
463 214 440 60 44 0.22 -1.14 -0.34 1.66 -0.4 2.13
464 203 402 62 43 0.55 -1.24 -0.65 -0.66 -0.07 1.63
465 209 429 61 39 1.27 -1.41 -1.14 2.33 0.67 1.76
466 192 463 76 39 1.28 -1.43 -1.26 1.24 0.25 2.15
467 172 514 88 36 1.63 -0.93 -1.37 1.0 0.66 2.53
468 160 501 90 36 1.94 -0.8 -1.32 0.04 0.27 3.29
469 151 504 86 37 2.02 -0.74 -1.23 -0.44 0.57 3.2
470 159 482 86 34 1.95 -0.83 -1.06 -0.92 0.56 2.17
471 155 525 86 33 1.94 -1.11 -0.96 -0.76 0.71 0.36
472 127 557 94 35 1.9 -1.25 -0.91 -0.49 0.58 0.21
473 158 665 95 38 1.82 -1.35 -0.8 -0.32 0.08 -0.03
474 153 792 101 46 1.82 -1.36 -0.75 -0.29 -0.18 0.41
475 150 854 104 53 1.79 -1.31 -0.72 -0.61 -0.08 0.27
476 148 895 113 54 1.77 -1.36 -0.73 -0.11 -0.12 -0.1
477 133 836 117 52 1.7 -1.42 -0.78 0.15 -0.23 0.07
478 152 863 120 52 1.62 -1.43 -0.84 0.39 -0.42 0.43
479 151 822 123 59 1.51 -1.28 -0.94 -0.03 -0.73 0.46
480 159 802 144 58 1.59 -1.21 -1.03 -0.26 -0.52 -0.44
481 150 760 147 59 1.73 -0.96 -1.1 -0.37 -0.69 -0.55
482 196 680 137 52 1.68 -0.8 -1.1 -0.13 -0.86 -0.95
483 237 805 175 51 1.65 -0.7 -1.09 -0.56 -0.91 -1.42
484 259 805 151 55 1.49 -0.53 -0.93 -0.51 -0.97 -1.4
485 235 840 159 61 1.38 -0.51 -0.8 -1.17 -0.95 -1.49
486 207 875 154 55 1.31 -0.52 -0.72 -1.24 -1.03 -1.77
487 219 922 156 53 1.18 -0.57 -0.58 -1.22 -1.04 -1.73
488 221 916 151 50 0.99 -0.55 -0.42 -1.04 -1.15 -1.73
489 208 873 155 52 0.91 -0.56 -0.39 -0.86 -1.14 -1.89
490 191 851 163 46 0.73 -0.54 -0.31 -1.01 -1.05 -1.91
491 183 835 155 50 0.47 -0.44 -0.22 -0.88 -1.1 -1.94
492 209 779 146 49 0.38 -0.38 -0.19 -0.92 -0.99 -1.99
493 183 713 151 44 0.29 -0.32 -0.16 -0.98 -0.98 -2.03
494 169 796 142 41 0.08 -0.17 -0.11 -0.91 -0.9 -1.62
495 208 811 152 40 0.08 -0.17 -0.11 -0.64 -0.87 -1.34
496 203 750 135 39 -0.07 -0.14 -0.06 -0.7 -0.84 -1.39
497 174 762 158 50 -0.14 -0.11 -0.03 -0.7 -0.72 -1.02
498 155 863 156 53 -0.14 -0.11 -0.03 -0.42 -0.63 -0.75
499 141 776 147 45 -0.22 -0.02 -0.03 -0.37 -0.5 -0.49
500 136 868 143 51 -0.25 0.01 -0.03 -0.54 -0.4 -0.27
501 164 898 141 53 -0.25 0.02 -0.02 -0.55 -0.16 -0.1
502 197 919 136 61 -0.26 0.06 -0.03 -0.58 -0.1 -0.16
503 176 887 160 67 -0.23 0.02 -0.03 -0.44 -0.01 -0.22
504 152 863 163 69 -0.21 0.01 -0.02 -0.39 0.08 -0.16
505 133 828 150 58 -0.19 0.03 0.01 -0.47 0.02 -0.04
506 116 760 159 56 -0.18 0.03 0.05 -0.41 0.0 0.25
507 128 731 157 56 -0.15 0.08 0.09 -0.42 -0.02 0.24
508 152 682 148 49 -0.14 0.1 0.11 -0.28 -0.05 0.16
509 146 646 143 44 -0.1 0.06 0.13 -0.17 -0.02 -0.17
510 184 616 152 42 -0.07 0.05 0.14 -0.08 0.02 -0.02
511 152 592 138 38 -0.07 0.06 0.14 -0.13 0.04 0.0
512 158 593 140 35 -0.08 0.07 0.14 -0.13 0.01 -0.23
513 153 560 138 40 -0.08 0.07 0.14 -0.03 0.06 -0.36
514 140 544 144 36 -0.08 0.06 0.13 -0.06 0.07 -0.33
515 129 502 141 34 -0.08 0.02 0.12 -0.02 -0.03 -0.1
516 156 506 138 33 -0.08 0.0 0.11 0.04 -0.02 -0.11
517 133 542 138 36 -0.1 -0.02 0.1 0.06 -0.02 -0.06
518 141 629 147 37 -0.11 -0.03 0.08 0.04 -0.08 -0.22
519 146 626 159 42 -0.11 -0.04 0.07 0.08 -0.16 -0.22
520 142 654 158 42 -0.09 -0.01 0.05 -0.03 -0.14 -0.14
521 154 642 167 39 -0.09 0.02 0.03 -0.08 -0.17 -0.07
522 155 623 171 38 -0.09 0.04 0.03 -0.12 -0.22 -0.38
523 148 641 177 34 -0.08 0.04 0.03 -0.13 -0.27 -0.3
524 130 624 173 34 -0.05 0.03 0.03 -0.2 -0.26 -0.02
525 112 618 156 34 -0.05 0.03 0.03 -0.28 -0.19 -0.1
526 121 564 153 35 -0.05 0.01 0.03 -0.17 -0.15 -0.2
527 109 511 152 33 -0.04 0.03 0.04 -0.12 -0.17 -0.36
528 108 523 156 35 -0.03 0.02 0.04 -0.09 -0.17 -0.4
529 113 543 147 33 -0.04 0.02 0.05 -0.14 -0.12 -0.39
530 111 501 148 31 -0.05 0.03 0.06 -0.27 -0.08 -0.26
531 110 518 136 29 -0.06 0.02 0.07 -0.18 -0.2 -0.4
532 99 508 135 29 -0.06 0.01 0.08 -0.21 -0.18 -0.39
533 90 512 133 28 -0.07 -0.01 0.09 -0.3 -0.13 -0.47
534 96 536 140 29 -0.08 -0.01 0.1 -0.3 -0.02 -0.46
535 85 574 142 30 -0.11 -0.02 0.14 -0.34 0.02 -0.46
536 83 553 141 29 -0.13 -0.04 0.15 -0.33 -0.14 -0.25
537 87 495 136 29 -0.13 -0.05 0.17 -0.23 -0.07 -0.19
538 97 593 137 31 -0.14 -0.04 0.19 -0.21 -0.07 -0.15
539 107 593 124 31 -0.13 -0.02 0.19 -0.04 -0.04 0.0
540 89 582 120 29 -0.11 -0.01 0.18 -0.03 -0.07 0.01
541 119 619 131 29 -0.08 -0.01 0.13 0.03 -0.06 0.02
542 105 559 125 31 -0.05 0.03 0.09 0.03 -0.03 0.06
543 95 530 121 29 -0.04 0.03 0.07 -0.01 -0.02 -0.15
544 102 496 113 28 -0.01 0.03 0.05 -0.02 -0.03 -0.11
545 92 492 109 28 0.0 0.04 0.05 -0.1 -0.1 0.01
546 87 436 100 27 0.01 0.06 0.05 -0.14 -0.14 -0.18
547 80 410 94 27 0.02 0.08 0.05 -0.13 -0.15 -0.28
548 88 355 89 27 0.01 0.11 0.05 -0.1 -0.28 -0.4
549 84 322 84 27 0.0 0.14 0.05 -0.13 -0.38 -0.54
550 73 271 80 26 -0.01 0.21 0.08 -0.32 -0.66 -0.66
551 72 242 76 29 -0.04 0.25 0.14 -0.45 -0.87 -0.69
552 82 253 70 28 -0.07 0.26 0.19 -0.79 -1.09 -1.0
553 78 222 65 27 -0.15 0.33 0.3 -0.96 -1.16 -1.16
554 79 195 62 27 -0.29 0.48 0.41 -1.44 -1.21 -1.7
555 81 176 62 26 -0.38 0.53 0.49 -1.29 -1.11 -1.92
556 97 159 59 25 -0.64 0.65 0.69 -1.1 -1.03 -1.98
557 136 149 57 24 -0.88 0.78 0.84 -1.14 -0.88 -1.9
558 124 140 56 25 -0.97 0.85 0.86 -0.99 -0.62 -1.92
559 139 133 56 24 -1.14 1.1 0.92 -1.12 -0.49 -1.65
560 135 122 59 24 -1.29 1.39 0.95 -1.15 -0.26 -1.38
561 127 117 59 24 -1.39 1.52 0.96 -1.35 -0.1 -1.44
562 128 116 65 24 -1.64 1.73 0.97 -1.09 0.02 -1.52
563 131 116 68 24 -1.92 1.78 1.01 -0.86 0.0 -1.63
564 132 117 69 24 -2.01 1.74 0.99 -0.64 -0.38 -1.61
565 111 114 69 26 -2.04 1.35 0.94 -1.61 -0.44 -1.54
566 99 109 73 23 -2.07 1.05 0.96 0.09 -0.45 -1.68
567 83 105 72 23 -2.16 1.13 1.03 -0.26 -0.86 -1.68
568 108 99 69 34 -2.1 0.97 1.1 -0.16 -0.8 -1.41
569 100 95 69 32 -2.02 0.66 1.07 -0.21 -0.71 0.04
570 103 93 70 29 -1.96 0.65 1.04 0.51 -0.39 1.18
571 96 146 70 28 -1.94 0.93 0.85 0.88 -0.52 1.15
572 83 190 71 27 -1.86 1.05 0.8 0.62 -0.46 0.94
573 74 276 66 44 -1.81 1.12 0.67 0.62 -0.05 -0.25
574 104 236 66 52 -1.75 1.14 0.51 0.52 -0.28 -0.74
575 96 213 66 46 -1.65 0.74 0.43 0.12 -0.68 -0.36
576 86 190 72 41 -1.59 0.52 0.41 0.37 -0.52 0.5
577 74 174 76 37 -1.42 0.26 0.33 0.78 -0.14 0.22
578 63 164 85 34 -0.88 -0.42 0.08 1.7 -3.65 6.25
579 54 154 93 32 0.19 -0.0 0.11 8.35 0.63 13.11
580 46 145 93 30 0.38 2.68 -0.09 -3.24 -0.44 3.76
581 41 141 84 29 0.61 0.87 -0.39 -1.73 0.48 0.71
582 39 137 76 27 0.51 0.39 -0.42 -1.69 0.9 -1.54
583 39 134 72 26 0.08 0.34 -0.36 -1.51 0.73 -1.43
584 35 131 70 26 0.17 0.38 -0.12 -1.09 -0.19 0.13
585 62 129 73 25 0.23 0.17 -0.01 0.83 -0.22 1.01
586 51 126 78 24 0.22 -0.03 0.08 1.11 0.05 0.34
587 44 123 78 24 0.12 0.27 0.05 0.62 -0.08 -0.57
588 38 123 75 24 0.11 0.44 0.04 0.01 -0.11 -0.38
589 34 123 76 24 0.07 0.51 0.03 -0.37 -0.01 -0.02
-100 -100 -100 -100 -100 -100 -100 -100 -100 -100 -100
590 31 122 74 24 0.02 0.34 0.02 -0.55 0.13 0.18
591 27 120 73 23 0.0 0.29 0.01 -0.72 0.16 -0.1
592 24 118 70 23 0.05 0.22 -0.01 -0.67 0.16 -0.1
593 23 114 77 23 0.05 0.1 -0.03 -0.31 0.15 0.03
594 21 113 78 23 0.02 0.05 -0.02 -0.08 0.0 -0.16
595 20 112 81 23 0.06 0.03 -0.02 0.0 -0.1 -0.26
596 19 110 76 23 0.13 0.03 -0.03 0.01 -0.24 -0.21
597 18 113 77 23 0.16 0.05 -0.03 -0.01 -0.22 -0.23
598 27 110 77 23 0.2 0.09 -0.05 -0.02 -0.25 -0.25
599 26 111 81 23 0.15 0.06 -0.07 -0.21 -0.16 -0.15
600 24 111 87 23 0.12 0.04 -0.07 -0.21 -0.16 -0.16
601 22 112 82 23 0.09 0.02 -0.07 -0.15 -0.11 -0.13
602 21 112 82 22 0.09 0.01 -0.05 -0.06 -0.04 -0.17
603 20 114 76 23 0.1 0.03 -0.04 -0.01 -0.05 -0.19
604 18 114 78 23 0.13 0.05 -0.04 -0.06 -0.01 -0.15
605 18 114 80 22 0.09 0.0 -0.03 -0.05 0.01 -0.12
606 17 115 74 23 0.07 -0.01 -0.03 0.0 -0.01 -0.12
607 17 116 75 23 0.05 -0.01 -0.03 0.02 -0.01 -0.14
608 18 116 70 23 0.04 0.01 -0.01 0.03 -0.07 -0.15
609 18 118 67 23 0.04 0.02 -0.0 0.17 -0.06 -0.19
610 17 118 71 23 0.03 0.05 0.01 0.0 -0.07 -0.09
611 17 118 78 23 -0.02 0.03 0.03 0.09 -0.1 -0.16
612 17 116 79 23 -0.03 0.04 0.03 0.04 -0.06 -0.17
613 17 115 76 23 -0.06 0.04 0.03 -0.2 0.06 -0.14
614 16 112 73 23 -0.08 0.03 0.03 -0.16 0.12 -0.07
615 16 113 76 23 -0.09 0.03 0.03 -0.1 0.08 -0.15
616 17 110 77 23 -0.1 0.03 0.03 -0.07 0.02 -0.18
617 16 108 75 23 -0.1 0.0 0.03 -0.11 -0.02 -0.19
618 16 106 69 23 -0.1 -0.02 0.04 -0.13 -0.01 -0.16
619 16 105 67 23 -0.09 -0.03 0.03 -0.2 -0.05 -0.22
620 16 103 66 23 -0.07 -0.03 0.02 -0.14 -0.05 -0.22
621 16 103 70 23 -0.06 -0.03 0.01 -0.14 -0.06 -0.23
622 16 103 70 23 -0.05 -0.03 0.0 -0.11 -0.06 -0.23
623 16 103 71 23 -0.03 -0.02 -0.01 -0.07 -0.04 -0.2
624 16 103 69 23 -0.02 -0.01 -0.01 -0.02 -0.03 -0.13
625 15 101 78 23 -0.03 0.0 -0.01 -0.09 -0.04 -0.18
626 16 102 77 23 -0.03 -0.02 -0.01 -0.05 -0.04 -0.13
627 14 100 71 23 -0.04 -0.02 -0.01 -0.07 -0.03 -0.14
628 16 99 69 23 -0.04 -0.02 -0.01 -0.07 -0.03 -0.18
629 15 97 67 23 -0.03 -0.01 -0.02 -0.09 -0.05 -0.17
-200 -200 -200 -200 -200 -200 -200 -200 -200 -200 -200
630 16 96 69 23 -0.03 -0.01 -0.03 -0.11 -0.04 -0.15
631 16 94 71 23 -0.04 -0.04 -0.02 -0.12 -0.03 -0.19
632 16 92 68 23 -0.04 -0.05 -0.02 -0.12 0.0 -0.16
633 15 92 66 23 -0.03 -0.04 -0.02 -0.1 0.0 -0.19
634 15 90 63 23 -0.03 -0.03 -0.02 -0.06 -0.01 -0.19
635 15 90 67 23 -0.03 -0.03 -0.02 -0.02 -0.01 -0.14
636 16 90 65 23 -0.04 -0.03 -0.02 -0.02 -0.02 -0.13
637 15 88 63 23 -0.05 -0.04 -0.01 -0.02 0.01 -0.16
638 15 88 61 23 -0.07 -0.06 -0.0 -0.07 0.01 -0.15
639 23 105 58 26 -0.08 -0.07 0.0 -0.07 -0.01 -0.13
640 43 134 57 25 -0.1 -0.09 0.01 0.02 -0.02 -0.11
641 90 165 56 25 -0.12 -0.11 0.02 0.07 -0.07 -0.1
642 102 229 57 26 -0.11 -0.14 0.01 0.0 -0.04 -0.12
643 112 255 57 26 -0.04 -0.2 -0.03 -0.72 -0.19 -0.35
644 103 279 57 27 0.1 -0.44 -0.07 -0.48 -0.16 -0.17
645 108 302 57 35 0.15 -0.64 -0.08 0.01 0.01 0.11
646 98 369 59 43 0.17 -0.88 -0.06 0.84 0.02 0.4
647 116 415 59 39 0.09 -0.77 -0.03 1.3 0.42 0.45
648 140 417 59 71 0.1 -0.43 -0.03 1.5 0.02 -1.37
649 128 405 57 60 0.26 -0.35 0.0 -0.58 -0.19 -0.02
650 113 468 61 55 0.65 -0.11 -0.07 -2.64 0.49 0.66
651 97 445 63 48 1.38 -0.86 -0.42 0.7 1.07 3.15
652 111 593 64 45 1.41 -1.28 -0.41 0.76 0.15 3.91
653 112 544 64 43 1.7 -1.37 -0.5 0.74 0.73 3.88
654 119 520 72 38 1.8 -1.1 -0.55 0.87 1.15 2.87
655 100 513 85 35 1.86 -0.3 -0.62 0.51 1.17 2.59
656 90 596 86 32 1.89 0.13 -0.67 0.15 0.97 2.72
657 88 634 82 31 1.98 0.12 -0.68 0.17 0.93 2.74
658 93 636 81 29 1.98 -0.27 -0.67 0.04 0.71 2.68
659 82 613 77 29 1.88 -0.93 -0.66 -0.04 0.54 1.35
660 81 596 79 29 1.88 -1.22 -0.68 -0.11 0.5 1.05
661 85 612 85 29 1.85 -1.53 -0.7 -0.34 0.3 0.4
662 87 591 83 30 1.83 -1.5 -0.71 -0.71 -0.14 -0.01
663 90 620 92 35 1.8 -1.39 -0.71 -0.56 -0.28 -0.22
664 104 670 89 36 1.82 -1.37 -0.71 -1.07 -0.61 -0.59
665 133 674 87 42 1.68 -1.64 -0.68 -0.74 -0.83 -0.9
666 148 759 91 49 1.62 -1.73 -0.67 -0.61 -0.93 -0.95
667 167 714 100 52 1.55 -1.73 -0.65 -0.92 -1.1 -1.02
668 177 782 122 50 1.54 -1.63 -0.67 -0.87 -1.12 -1.45
669 278 681 133 50 1.46 -1.51 -0.65 -0.9 -1.09 -1.32
670 265 691 132 49 1.37 -1.34 -0.62 -0.33 -1.32 -0.74
671 229 689 148 54 1.23 -1.18 -0.57 -0.2 -1.52 -0.72
672 216 764 157 70 1.23 -1.11 -0.59 -0.15 -1.45 -0.94
673 212 826 157 63 1.14 -0.98 -0.55 -0.53 -1.16 -1.71
674 232 785 160 63 1.04 -0.91 -0.51 -0.33 -1.21 -1.69
675 219 752 160 53 0.84 -0.74 -0.45 -0.6 -1.19 -1.52
676 256 769 154 52 0.69 -0.67 -0.39 -0.55 -1.26 -1.15
677 228 743 152 52 0.62 -0.63 -0.36 -0.76 -1.18 -1.36
678 241 672 161 56 0.48 -0.55 -0.3 -0.79 -1.11 -1.62
679 263 597 167 53 0.38 -0.47 -0.24 -0.71 -0.96 -1.89
680 254 699 159 49 0.21 -0.46 -0.15 -0.44 -1.09 -1.35
681 267 691 163 45 0.11 -0.41 -0.11 -0.61 -1.04 -0.95
682 261 798 156 48 -0.06 -0.32 -0.09 -0.99 -0.95 -1.18
683 238 751 155 50 -0.12 -0.29 -0.08 -0.77 -0.88 -1.73
684 194 697 156 48 -0.15 -0.27 -0.04 -0.54 -0.85 -1.57
685 190 677 175 47 -0.21 -0.19 -0.01 -0.43 -0.85 -0.93
686 170 647 154 44 -0.25 -0.14 0.0 -0.82 -0.75 -0.51
687 240 661 143 50 -0.31 -0.06 0.03 -0.91 -0.61 -0.57
688 201 629 133 48 -0.36 -0.02 0.07 -0.46 -0.48 -0.83
689 169 592 132 53 -0.37 0.0 0.08 -0.3 -0.34 -0.68
690 173 559 136 51 -0.35 -0.01 0.08 -0.14 -0.31 -0.64
691 182 650 140 47 -0.35 0.06 0.08 -0.22 -0.2 -0.39
692 159 574 131 44 -0.33 0.1 0.07 -0.25 -0.14 -0.17
693 194 562 120 45 -0.3 0.11 0.07 -0.34 -0.07 -0.18
694 208 556 125 45 -0.21 0.04 0.04 -0.24 0.0 -0.12
695 172 547 117 43 -0.17 0.06 0.05 -0.26 0.1 0.15
696 181 510 117 41 -0.16 0.07 0.06 -0.23 0.14 0.23
697 174 529 114 41 -0.16 0.14 0.06 -0.4 0.17 0.09
698 153 537 110 42 -0.15 0.14 0.07 -0.38 0.19 -0.06
699 133 541 114 42 -0.12 0.1 0.09 -0.35 0.15 -0.14
700 153 493 121 41 -0.08 0.07 0.11 -0.19 0.09 -0.22
701 166 490 122 44 -0.05 0.02 0.12 -0.01 0.07 -0.08
702 187 498 125 45 -0.03 0.01 0.12 0.09 0.11 0.08
703 173 543 132 45 0.0 0.05 0.09 0.1 0.06 0.15
704 154 549 123 43 0.01 0.06 0.07 0.08 0.04 0.11
705 148 558 125 44 0.03 0.06 0.05 0.08 -0.03 -0.09
706 144 592 116 42 0.07 0.03 0.02 0.04 -0.06 -0.05
707 188 648 132 43 0.09 0.0 0.01 -0.13 0.02 -0.11
708 166 569 131 45 0.15 -0.02 -0.02 -0.17 0.02 -0.12
709 153 565 128 45 0.17 -0.02 -0.01 -0.07 0.04 0.07
710 149 564 135 45 0.16 -0.01 0.0 -0.05 -0.05 0.01
711 178 578 124 44 0.13 -0.03 0.03 -0.04 -0.07 0.0
712 152 594 128 46 0.13 -0.05 0.05 0.01 -0.16 -0.16
713 185 667 141 44 0.13 -0.04 0.06 -0.09 -0.16 -0.14
714 204 714 141 44 0.12 -0.04 0.06 0.01 -0.05 -0.28
715 168 685 141 41 0.09 -0.03 0.06 0.0 -0.07 -0.47
716 161 721 142 40 0.08 -0.03 0.05 -0.03 -0.09 -0.51
717 181 669 141 41 0.04 -0.04 0.04 0.01 -0.14 -0.5
718 190 622 138 39 0.02 -0.02 0.03 0.0 -0.14 -0.53
719 163 597 127 38 0.01 -0.01 0.02 -0.05 -0.19 -0.41
720 188 538 125 37 0.01 -0.02 0.0 -0.08 -0.17 -0.31
721 163 504 121 37 -0.02 0.0 -0.01 -0.28 -0.25 -0.43
722 139 490 139 38 -0.03 0.0 -0.01 -0.22 -0.21 -0.48
723 126 457 143 48 -0.04 0.02 -0.0 -0.2 -0.17 -0.55
724 142 433 138 48 -0.05 0.05 0.01 -0.36 -0.13 -0.44
725 142 429 128 64 -0.06 0.05 0.01 -0.35 -0.13 -0.32
726 122 420 120 56 -0.06 0.07 0.03 -0.32 -0.1 -0.37
727 106 437 118 52 -0.05 0.15 0.06 -0.2 -0.18 -0.55
728 116 488 114 46 -0.03 0.18 0.09 -0.41 -0.2 -0.12
729 109 464 106 51 0.01 0.2 0.11 -0.43 -0.2 -0.01
730 94 456 100 46 0.05 0.24 0.12 -0.29 -0.24 -0.13
731 87 444 102 51 0.07 0.31 0.12 -0.14 -0.25 -0.45
732 84 379 100 44 0.08 0.54 0.14 -0.15 -0.3 -0.53
733 76 343 94 41 0.08 0.8 0.16 -0.68 -0.53 -0.58
734 74 306 91 37 0.04 0.86 0.17 -0.85 -0.64 -0.63
735 69 261 84 40 -0.06 0.74 0.19 -0.62 -0.94 -1.17
736 83 231 79 43 -0.11 0.68 0.28 -0.7 -1.12 -1.48
737 72 221 74 39 -0.17 0.72 0.33 -0.93 -1.44 -1.94
738 73 194 74 37 -0.33 1.0 0.47 -1.18 -1.51 -2.18
739 67 177 69 35 -0.56 1.09 0.6 -1.33 -1.67 -2.12
740 59 163 71 34 -0.67 1.04 0.67 -0.88 -1.74 -1.91
741 59 169 68 32 -0.92 0.92 0.79 -0.69 -1.57 -1.62
742 65 221 67 31 -1.16 1.04 0.87 -0.37 -1.39 -1.81
743 64 203 66 35 -1.26 1.15 0.89 -0.56 -0.94 -2.28
744 66 184 63 34 -1.53 1.43 0.9 -0.79 -0.88 -2.63
745 58 165 63 32 -1.86 1.53 0.85 -0.7 -0.83 -2.06
746 55 150 62 31 -2.04 1.45 0.82 -0.65 -0.84 -0.72
747 64 145 63 31 -2.26 1.1 0.73 -0.53 -0.6 -0.54
748 65 140 61 33 -2.37 0.85 0.65 -0.37 -0.21 -0.29
749 78 208 60 33 -2.43 0.86 0.63 -0.75 -0.16 -0.28
750 82 200 60 39 -2.55 0.9 0.61 -0.58 0.01 -0.25
751 72 182 59 40 -2.33 0.97 0.57 -1.3 -0.42 -0.5
752 70 190 62 36 -2.25 0.87 0.55 -0.15 -0.42 0.0
753 63 175 61 33 -2.26 0.59 0.68 -0.21 -0.39 0.57
754 63 157 59 33 -2.26 0.27 0.73 -1.27 -0.3 1.43
755 70 151 59 34 -2.17 -0.04 0.88 0.81 0.02 2.05
756 66 136 58 36 -1.92 -0.18 0.71 0.54 0.03 2.53
757 79 128 56 34 -1.83 0.33 0.63 0.63 0.33 2.3
758 70 138 55 31 -1.85 0.64 0.61 0.48 0.28 0.86
759 62 123 54 29 -1.7 1.08 0.58 0.13 0.36 0.36
760 60 115 54 29 -1.51 1.19 0.51 -0.59 0.3 -1.77
761 51 108 54 28 -1.42 1.19 0.51 0.03 0.09 -2.57
762 44 102 56 27 -0.92 0.21 0.21 0.57 -0.64 0.82
763 41 99 59 26 0.19 0.21 0.01 4.46 -0.73 7.93
764 72 95 65 27 0.54 1.18 0.07 5.15 -0.11 7.01
765 61 93 63 26 0.4 2.79 -0.1 -1.0 -0.33 1.07
766 53 89 63 25 0.27 1.77 -0.3 -0.92 0.48 0.39
767 45 86 81 25 0.2 1.61 -0.32 -1.36 0.49 0.12
768 41 84 77 25 0.38 1.24 -0.25 -2.64 -0.13 0.9
769 36 83 76 25 0.32 0.39 -0.16 -1.09 0.24 0.24
770 32 82 80 25 0.23 0.05 -0.07 -0.4 0.11 0.06
771 30 80 77 25 0.18 -0.23 0.05 0.51 0.0 -0.03
-100 -100 -100 -100 -100 -100 -100 -100 -100 -100 -100
772 27 80 85 25 0.11 -0.09 0.07 0.72 -0.14 -0.25
773 25 79 81 24 0.07 0.04 0.05 0.57 -0.23 -0.27
774 24 78 80 25 0.06 0.24 0.03 -0.12 -0.22 -0.2
775 23 78 76 25 0.02 0.25 0.03 -0.5 -0.13 -0.21
776 21 77 82 25 -0.01 0.18 0.01 -0.63 -0.13 -0.13
777 22 77 83 24 -0.02 0.06 0.0 -0.5 -0.03 -0.19
778 22 77 79 24 0.01 -0.0 -0.01 -0.23 0.04 -0.2
779 22 78 78 24 0.02 -0.01 -0.02 -0.03 0.07 -0.13
780 21 86 77 28 0.05 -0.01 -0.02 0.01 0.04 -0.17
781 20 96 75 56 0.09 -0.01 -0.01 0.02 0.0 -0.14
782 19 97 75 56 0.09 -0.01 -0.01 -0.07 -0.02 -0.19
783 20 91 77 49 0.09 0.02 -0.02 -0.08 -0.08 -0.26
784 20 87 76 43 0.07 0.05 0.0 0.01 -0.08 -0.17
785 20 85 77 39 0.06 0.05 0.01 0.02 -0.04 -0.19
786 23 83 73 36 0.04 0.08 -0.0 -0.14 -0.08 -0.13
787 26 81 72 33 0.03 0.07 -0.02 -0.19 -0.01 -0.13
788 24 78 73 31 0.02 0.05 -0.02 -0.2 0.01 -0.13
789 23 78 77 30 0.02 0.02 -0.01 -0.12 0.0 -0.14
790 22 77 75 29 0.02 0.01 -0.02 -0.2 0.01 -0.13
791 21 76 70 28 0.02 -0.0 -0.03 -0.18 0.03 -0.14
792 20 76 76 27 0.02 -0.02 -0.04 -0.16 0.0 -0.14
793 20 79 71 27 0.02 -0.05 -0.05 -0.02 0.0 -0.16
794 20 79 80 26 0.02 -0.06 -0.05 -0.04 0.0 -0.18
795 20 81 77 28 0.01 -0.05 -0.05 -0.07 -0.03 -0.19
796 19 82 73 27 0.02 -0.04 -0.05 -0.11 -0.02 -0.16
797 18 83 71 26 0.02 -0.04 -0.05 -0.13 -0.05 -0.18
798 19 83 77 26 0.02 -0.05 -0.04 -0.1 -0.02 -0.16
799 19 84 80 25 0.01 -0.05 -0.04 -0.02 -0.01 -0.16
800 18 85 78 25 0.01 -0.05 -0.04 -0.04 0.0 -0.16
801 19 86 78 25 -0.0 -0.04 -0.04 -0.03 0.01 -0.14
802 18 86 72 25 -0.01 -0.05 -0.04 -0.04 0.0 -0.16
803 19 87 72 28 -0.01 -0.05 -0.03 0.0 0.0 -0.14
804 19 88 74 26 -0.01 -0.05 -0.03 -0.08 -0.04 -0.19
805 18 89 73 27 -0.01 -0.05 -0.03 -0.1 -0.03 -0.17
806 20 90 76 26 -0.01 -0.04 -0.03 -0.1 -0.03 -0.15
807 20 92 74 26 -0.02 -0.05 -0.02 -0.09 -0.05 -0.17
808 21 93 71 25 -0.03 -0.06 -0.01 -0.03 0.0 -0.17
809 20 91 71 25 -0.04 -0.06 -0.01 0.01 0.01 -0.17
810 15 91 70 25 -0.04 -0.05 0.01 0.03 -0.01 -0.16
811 20 92 76 27 -0.04 -0.02 0.01 -0.04 -0.02 -0.14
812 19 94 73 26 -0.04 -0.03 0.01 -0.08 -0.05 -0.16
813 21 93 75 26 -0.05 -0.05 0.01 -0.14 0.0 -0.12
814 21 92 69 26 -0.06 -0.06 0.02 -0.08 0.0 -0.19
815 21 93 69 26 -0.07 -0.06 0.01 -0.1 0.0 -0.19
-200 -200 -200 -200 -200 -200 -200 -200 -200 -200 -200
816 20 94 69 25 -0.07 -0.07 0.01 -0.06 0.0 -0.13
817 20 94 72 25 -0.07 -0.07 0.01 -0.02 0.0 -0.2
818 19 93 74 27 -0.06 -0.06 0.0 -0.09 -0.06 -0.22
819 19 92 70 26 -0.04 -0.04 -0.01 -0.13 -0.09 -0.23
820 20 94 66 25 -0.02 -0.05 -0.02 -0.18 -0.08 -0.23
821 29 96 64 26 -0.01 -0.06 -0.02 -0.21 -0.09 -0.24
822 38 93 61 25 -0.01 -0.11 -0.03 -0.2 -0.05 -0.23
823 41 92 58 25 -0.04 -0.22 -0.04 -0.5 0.04 -0.24
824 43 91 57 25 -0.09 -0.33 -0.06 -0.76 0.02 -0.17
825 39 91 61 24 -0.05 -0.5 -0.08 -0.28 -0.05 -0.2
826 36 89 61 26 0.01 -0.5 -0.1 -0.18 -0.05 -0.13
827 33 91 59 26 0.03 -0.44 -0.09 0.06 -0.03 -0.23
828 36 113 59 31 0.03 -0.33 -0.08 0.31 -0.01 -0.18
829 47 144 58 35 -0.01 -0.28 -0.05 0.41 0.04 -0.05
830 52 160 55 45 -0.05 -0.27 -0.03 0.34 0.0 -0.05
831 98 241 57 55 -0.09 -0.28 -0.02 -0.12 0.01 0.01
832 118 295 56 52 -0.04 -0.32 -0.02 0.03 0.05 0.02
833 151 342 58 66 0.07 -0.33 -0.04 -0.25 -0.05 0.02
834 178 386 59 128 0.24 -0.57 -0.07 -0.59 -0.1 0.3
835 187 415 62 107 0.22 -0.86 -0.1 -0.85 0.36 0.5
836 268 453 62 90 0.12 -1.15 -0.14 -1.42 0.34 0.58
837 243 508 61 77 0.35 -1.91 -0.27 -1.58 -0.31 1.37
838 228 544 62 72 0.86 -2.54 -0.43 -0.05 2.98 0.57
839 192 500 65 64 1.05 -2.75 -0.49 2.39 -0.3 1.82
840 186 617 81 61 1.45 -2.35 -0.51 1.71 0.83 2.83
841 173 651 85 58 1.7 -1.76 -0.61 2.01 0.24 3.34
842 162 593 99 62 1.84 -1.54 -0.69 1.44 0.37 2.98
843 144 588 92 57 1.95 -1.34 -0.79 1.32 0.59 2.52
844 134 561 91 53 1.82 -1.23 -0.86 0.69 0.59 2.04
845 129 614 94 47 1.78 -1.26 -0.9 0.52 0.59 1.59
846 128 620 95 48 1.71 -1.33 -0.97 0.53 0.58 0.82
847 140 586 99 44 1.62 -1.25 -1.01 0.14 0.33 0.6
848 140 672 115 44 1.58 -1.2 -1.01 0.41 0.0 0.52
849 161 768 122 44 1.56 -1.02 -0.98 0.01 -0.12 0.6
850 153 874 122 45 1.52 -1.01 -0.96 -0.63 -0.28 0.33
851 247 853 127 51 1.44 -1.11 -0.92 -0.62 -0.18 0.35
852 231 966 152 59 1.42 -1.24 -0.9 -0.18 -0.51 0.06
853 232 967 170 72 1.41 -0.96 -0.83 0.0 -0.62 -0.65
854 255 967 169 90 1.4 -0.85 -0.81 0.13 -0.76 -0.52
855 220 966 176 81 1.43 -0.77 -0.74 -0.5 -0.9 -0.24
856 255 967 203 83 1.38 -0.83 -0.65 -0.44 -1.16 -0.29
857 291 967 221 95 1.36 -0.81 -0.59 -0.54 -1.0 -0.37
858 295 964 275 88 1.26 -0.77 -0.48 -0.83 -1.02 -0.9
859 266 937 269 88 1.17 -0.75 -0.4 -0.83 -1.02 -1.05
860 272 923 282 84 1.08 -0.7 -0.34 -1.25 -0.92 -1.49
861 315 966 287 76 0.93 -0.68 -0.23 -1.16 -1.08 -1.98
862 335 967 285 78 0.79 -0.59 -0.15 -1.11 -1.36 -1.72
863 290 966 283 75 0.7 -0.57 -0.13 -1.29 -1.29 -1.55
864 307 968 256 73 0.56 -0.5 -0.09 -1.51 -1.27 -1.19
865 294 917 234 80 0.34 -0.36 -0.02 -1.34 -1.14 -1.83
866 282 967 235 92 0.25 -0.34 -0.0 -1.26 -1.17 -1.91
867 328 886 218 81 0.13 -0.35 0.0 -1.05 -1.01 -2.48
868 302 967 206 85 0.01 -0.23 0.05 -1.15 -1.07 -2.33
869 330 914 193 76 -0.05 -0.14 0.06 -0.77 -1.09 -1.84
870 312 822 184 74 -0.12 -0.07 0.01 -0.87 -0.93 -1.67
871 258 772 184 70 -0.16 -0.09 -0.03 -0.77 -0.72 -0.9
872 221 739 167 68 -0.19 -0.07 -0.06 -0.77 -0.63 -0.86
873 233 700 160 68 -0.2 -0.01 -0.11 -0.62 -0.55 -0.84
874 207 731 175 64 -0.22 0.08 -0.12 -0.41 -0.32 -0.71
875 216 699 162 62 -0.21 0.1 -0.13 -0.47 -0.26 -0.61
876 200 670 144 57 -0.18 0.07 -0.17 -0.58 -0.15 0.03
877 210 620 140 63 -0.18 0.11 -0.19 -0.74 0.02 0.15
878 243 663 135 56 -0.17 0.15 -0.18 -0.72 0.02 -0.2
879 220 622 154 59 -0.14 0.19 -0.13 -0.51 0.07 -0.39
880 221 619 168 53 -0.1 0.16 -0.07 -0.59 0.2 -0.1
881 205 650 155 49 -0.08 0.13 -0.03 -0.45 0.15 0.05
882 239 630 143 50 -0.07 0.13 0.01 -0.33 0.19 0.22
883 224 660 155 49 -0.03 0.1 0.02 -0.12 0.22 -0.05
884 209 585 149 43 -0.01 0.09 0.02 -0.07 0.22 -0.09
885 218 612 146 40 0.03 0.09 0.01 -0.01 0.07 0.18
886 206 615 165 43 0.03 0.11 0.01 -0.02 -0.06 0.02
887 230 576 169 43 0.06 0.12 -0.0 0.03 -0.06 -0.13
888 233 690 160 43 0.08 0.08 -0.02 -0.11 -0.04 -0.13
889 198 628 143 44 0.1 0.05 -0.03 -0.18 -0.08 0.01
890 224 542 145 43 0.09 0.06 -0.02 -0.43 -0.08 -0.11
891 272 744 159 46 0.08 0.07 0.03 -0.4 -0.16 -0.26
892 241 681 150 44 0.08 0.06 0.05 -0.16 -0.16 -0.43
893 204 693 137 40 0.08 0.04 0.1 -0.16 -0.17 -0.49
894 173 711 136 40 0.06 0.05 0.12 -0.07 -0.12 -0.18
895 201 756 140 40 0.05 0.06 0.12 -0.04 -0.06 -0.3
896 227 751 142 48 0.02 0.1 0.11 -0.01 -0.07 -0.34
897 218 667 140 44 0.01 0.06 0.11 -0.05 -0.14 -0.42
898 194 634 146 44 0.02 0.03 0.12 0.07 -0.21 -0.4
899 171 605 150 47 0.02 0.01 0.11 0.02 -0.22 -0.09
900 222 651 157 59 0.03 0.03 0.08 -0.03 -0.17 0.0
901 210 643 142 54 0.03 0.05 0.06 0.02 0.0 -0.02
902 195 658 137 59 0.01 0.08 0.01 -0.06 0.04 -0.13
903 174 587 141 53 0.02 0.04 -0.04 0.1 0.14 -0.31
904 158 604 138 48 0.02 0.04 -0.06 -0.04 0.14 -0.3
905 210 696 170 51 0.01 0.08 -0.07 -0.09 0.1 -0.29
906 188 684 163 46 -0.0 0.05 -0.05 -0.26 0.04 -0.19
907 208 732 149 45 -0.0 0.03 -0.04 -0.34 0.0 -0.21
908 179 711 148 43 -0.0 -0.01 -0.02 -0.24 -0.04 -0.17
909 253 655 151 43 0.0 -0.01 -0.01 -0.12 -0.01 -0.13
910 212 619 170 44 0.0 -0.01 -0.01 -0.02 -0.08 -0.29
911 185 607 169 41 0.01 -0.01 -0.03 -0.07 -0.12 -0.25
912 195 554 205 40 0.01 0.02 -0.04 -0.12 -0.07 -0.15
913 197 474 196 38 -0.0 0.04 -0.04 -0.29 -0.14 -0.3
914 190 437 217 35 -0.01 0.07 -0.03 -0.27 -0.14 -0.2
915 179 452 210 42 -0.0 0.1 -0.01 -0.44 -0.26 -0.39
916 172 438 209 40 -0.0 0.11 0.01 -0.64 -0.24 -0.49
917 148 400 191 45 0.01 0.09 0.03 -0.55 -0.28 -0.46
918 139 363 168 41 0.0 0.1 0.05 -0.51 -0.36 -0.5
919 120 327 146 41 -0.01 0.14 0.08 -0.57 -0.47 -0.53
920 116 279 130 37 -0.04 0.25 0.12 -0.72 -0.57 -0.56
921 107 331 120 35 -0.08 0.36 0.19 -0.75 -0.64 -0.83
922 93 283 110 33 -0.11 0.45 0.24 -1.07 -0.83 -0.98
923 98 248 102 36 -0.22 0.64 0.34 -1.16 -0.96 -1.11
924 99 219 92 38 -0.42 0.78 0.48 -1.4 -1.27 -1.78
925 108 225 83 36 -0.52 0.8 0.54 -1.52 -1.2 -2.21
926 114 232 81 34 -0.71 0.75 0.64 -1.53 -1.14 -2.41
927 116 233 76 31 -0.86 0.74 0.74 -1.57 -0.92 -2.77
928 129 203 73 30 -0.96 0.82 0.79 -1.17 -0.96 -2.62
929 141 184 71 28 -1.15 1.05 0.83 -0.57 -1.01 -2.14
930 119 172 68 27 -1.34 1.33 0.84 -0.28 -0.82 -1.63
931 119 153 70 26 -1.43 1.46 0.84 0.07 -0.53 -0.92
932 114 143 71 27 -1.58 1.79 0.79 0.05 -0.44 -1.01
933 103 135 70 29 -1.77 2.41 0.66 0.16 -0.22 -1.24
934 93 129 70 30 -1.9 2.6 0.57 -0.48 -0.69 -1.62
935 78 128 69 43 -2.06 2.58 0.36 -0.46 -0.63 -1.67
936 81 123 70 43 -2.12 2.16 0.13 -1.31 -0.74 -1.75
937 80 117 70 40 -2.22 2.07 0.11 -1.19 -1.06 -1.51
938 74 112 70 52 -2.4 2.02 0.23 -1.0 -0.9 -0.61
939 69 106 70 45 -2.26 1.18 0.29 -1.02 -0.47 0.39
940 90 103 68 51 -2.23 0.83 0.33 -0.24 -0.19 1.32
941 82 110 66 47 -2.12 0.69 0.36 0.57 -0.3 1.27
942 74 105 64 42 -2.02 0.86 0.56 -0.29 -0.34 0.83
943 63 98 62 39 -1.89 1.0 0.43 -0.45 -0.1 0.4
944 58 93 61 46 -1.85 1.11 0.26 -0.68 -0.21 0.36
945 50 90 61 45 -1.7 0.62 0.25 -0.66 -0.53 0.39
946 44 87 58 40 -1.58 0.29 0.22 -0.52 -0.38 0.01
947 48 85 55 36 -1.52 -0.18 0.16 -0.56 -0.3 -0.34
948 42 85 57 33 -1.41 -0.37 0.17 1.89 -0.65 -0.9
949 37 87 66 31 -0.87 -0.56 0.18 8.33 -3.64 15.75
950 33 89 77 30 0.91 2.04 0.09 1.37 -1.03 9.52
951 30 91 85 28 0.96 1.51 -0.32 -2.35 1.18 3.26
952 31 92 72 27 0.75 0.84 -0.33 -0.82 1.45 -1.09
953 25 95 68 27 0.33 0.59 -0.44 -0.62 1.94 -1.18
954 23 97 64 25 0.27 0.7 -0.38 -1.34 0.42 0.53
955 22 99 59 25 0.32 0.41 -0.31 -0.61 0.45 0.48
956 20 101 57 24 0.25 -0.07 -0.1 -0.08 0.4 0.2
957 18 101 55 24 0.18 -0.03 0.0 0.78 0.03 -0.23
958 18 103 58 24 0.18 0.09 0.01 0.67 -0.25 -0.32
959 19 104 58 24 0.2 0.35 0.0 0.49 -0.32 -0.28
960 19 103 56 24 0.15 0.53 0.01 0.14 -0.3 -0.2
-100 -100 -100 -100 -100 -100 -100 -100 -100 -100 -100
961 18 102 53 23 0.1 0.53 -0.0 -0.66 -0.15 -0.19
962 17 102 52 23 0.04 0.39 -0.02 -0.8 -0.19 -0.2
963 18 102 50 23 0.09 0.22 -0.03 -0.87 -0.08 -0.19
964 17 101 50 23 0.12 0.14 -0.03 -0.38 -0.04 -0.15
965 17 101 50 23 0.17 0.04 -0.03 -0.22 0.0 -0.16
966 16 100 49 22 0.2 0.01 -0.03 -0.03 0.02 -0.16
967 17 100 48 23 0.21 -0.01 -0.04 0.0 0.06 -0.16
968 17 100 47 24 0.18 -0.06 -0.03 -0.07 0.07 -0.12
969 17 98 47 23 0.15 -0.05 -0.05 -0.07 0.02 -0.13
970 18 98 46 23 0.14 -0.02 -0.06 -0.02 -0.04 -0.18
971 17 98 49 23 0.12 0.04 -0.08 0.0 -0.03 -0.16
972 17 98 50 23 0.11 0.08 -0.09 0.0 -0.03 -0.12
973 16 96 49 23 0.09 0.08 -0.08 -0.08 -0.02 -0.15
974 18 95 48 23 0.07 0.06 -0.05 -0.09 -0.01 -0.13
975 16 93 50 23 0.06 0.03 -0.04 -0.08 -0.03 -0.14
976 16 92 48 23 0.05 0.02 -0.03 -0.08 0.0 -0.14
977 15 91 48 23 0.04 0.01 -0.03 -0.08 0.0 -0.13
978 16 89 48 23 0.02 0.01 -0.03 -0.07 -0.02 -0.12
979 16 87 50 23 0.02 0.02 -0.03 -0.09 -0.02 -0.21
980 16 86 54 23 0.01 0.04 -0.03 -0.07 -0.04 -0.18
981 16 87 54 23 0.01 0.04 -0.03 -0.13 -0.04 -0.16
982 15 84 54 23 0.0 0.04 -0.02 -0.2 -0.04 -0.19
983 17 81 54 23 -0.01 -0.0 -0.01 -0.2 -0.02 -0.19
984 17 80 61 23 -0.01 -0.01 -0.02 -0.1 -0.05 -0.19
985 16 78 62 23 -0.0 -0.01 -0.02 -0.09 -0.06 -0.2
986 17 78 61 23 0.0 -0.0 -0.03 -0.07 -0.06 -0.2
987 17 78 60 23 0.01 0.0 -0.03 -0.08 -0.05 -0.2
988 16 77 62 23 0.02 0.01 -0.02 -0.08 -0.04 -0.19
989 16 77 61 23 0.02 0.01 -0.02 -0.1 -0.03 -0.19
990 17 78 57 23 0.02 0.01 -0.02 -0.05 -0.02 -0.16
991 17 77 56 23 0.02 0.0 -0.02 -0.11 -0.04 -0.17
992 18 78 56 23 0.01 -0.01 -0.02 -0.1 -0.02 -0.21
993 17 79 55 23 0.01 -0.0 -0.02 -0.11 -0.01 -0.2
994 17 78 54 23 0.01 0.0 -0.02 -0.1 -0.08 -0.19
995 17 79 54 23 0.01 0.01 -0.03 -0.1 -0.04 -0.17
996 17 78 56 23 0.02 -0.0 -0.01 -0.03 -0.08 -0.19
997 17 77 58 23 0.01 -0.0 -0.01 -0.03 -0.05 -0.21
998 17 76 59 23 0.02 0.01 -0.01 -0.09 -0.05 -0.2
999 18 77 61 23 0.03 0.01 -0.02 -0.15 -0.04 -0.16
1000 17 76 62 23 0.03 0.01 -0.02 -0.22 -0.02 -0.17
1001 18 76 63 23 0.04 0.01 -0.03 -0.2 0.0 -0.15
1002 17 77 63 23 0.03 -0.01 -0.03 -0.14 0.0 -0.17
1003 17 78 65 23 0.03 -0.01 -0.03 -0.06 -0.03 -0.18
1004 17 78 64 23 0.02 -0.03 -0.03 -0.06 -0.04 -0.19
