-1 -1 -1 -1 -1 -1 -1 -1 -1 -1 -1
2 49 71 95 36 0.09 -0.05 -0.04 -0.08 0.01 -0.14
3 41 70 90 36 0.09 -0.04 -0.06 -0.12 0.0 -0.14
4 36 69 85 35 0.07 -0.04 -0.09 -0.13 0.0 -0.15
5 33 69 86 35 0.04 -0.05 -0.11 -0.11 0.03 -0.14
6 33 69 84 34 0.03 -0.07 -0.11 0.09 0.04 -0.11
7 32 69 79 34 -0.01 -0.08 -0.11 0.11 0.03 -0.08
8 29 68 76 36 -0.06 -0.07 -0.09 0.22 0.04 -0.07
9 26 68 80 40 -0.08 -0.05 -0.08 0.19 0.03 -0.08
10 25 68 92 44 -0.13 -0.01 -0.06 0.13 0.03 -0.09
11 22 68 87 42 -0.18 -0.01 -0.03 0.11 0.0 0.0
12 21 69 80 41 -0.19 -0.01 -0.01 0.11 -0.02 -0.02
13 21 70 76 39 -0.21 -0.0 0.03 0.13 -0.02 0.0
14 19 72 71 49 -0.2 0.0 0.06 -0.02 -0.09 -0.06
15 18 74 69 43 -0.19 0.01 0.08 -0.02 -0.04 -0.13
16 19 74 67 40 -0.15 -0.0 0.11 0.09 -0.07 -0.18
17 18 74 71 36 -0.09 0.01 0.14 0.04 -0.09 -0.13
18 22 74 78 33 -0.06 0.03 0.15 -0.05 -0.11 -0.12
19 26 74 80 32 0.02 0.05 0.15 -0.09 -0.09 -0.09
20 25 74 77 30 0.08 0.04 0.14 -0.19 -0.06 -0.01
21 23 72 75 29 0.1 0.03 0.13 -0.32 0.0 -0.09
22 21 71 76 29 0.14 0.0 0.1 -0.31 -0.02 -0.05
23 20 71 89 28 0.15 -0.02 0.06 -0.37 0.01 0.0
24 24 72 86 28 0.15 -0.02 0.04 -0.64 -0.01 -0.05
25 23 71 89 27 0.14 -0.09 0.02 -0.36 -0.03 -0.03
26 26 71 83 26 0.12 -0.17 -0.01 0.12 -0.02 0.01
27 26 71 83 26 0.12 -0.17 -0.02 0.4 0.02 0.02
28 24 70 81 26 0.11 -0.09 -0.04 0.35 0.0 0.01
29 23 69 75 26 0.1 -0.02 -0.05 0.27 -0.02 0.0
30 24 69 75 26 0.1 0.02 -0.04 0.04 -0.06 -0.02
31 23 69 81 25 0.12 0.02 -0.03 -0.03 -0.1 -0.07
32 21 68 77 25 0.14 0.0 -0.01 0.02 -0.1 -0.06
33 21 67 77 25 0.15 0.0 -0.02 0.0 -0.06 -0.09
34 19 67 81 25 0.17 0.01 -0.02 -0.04 -0.03 -0.05
35 25 67 80 25 0.17 0.01 -0.03 -0.15 0.01 0.0
36 31 68 76 25 0.17 0.0 -0.05 -0.16 0.02 -0.01
37 28 68 78 25 0.16 -0.01 -0.09 -0.22 0.1 0.0
38 25 68 77 25 0.12 -0.03 -0.12 -0.22 0.16 0.03
39 25 68 72 25 0.09 -0.04 -0.14 -0.14 0.17 0.02
40 24 68 75 24 0.03 -0.07 -0.15 -0.04 0.18 0.06
41 26 68 71 24 -0.03 -0.09 -0.14 0.19 0.12 0.07
42 27 68 74 24 -0.06 -0.08 -0.12 0.28 0.07 0.0
43 25 68 74 24 -0.09 -0.03 -0.08 0.41 0.0 0.03
44 23 69 74 24 -0.1 0.02 -0.02 0.42 -0.12 -0.06
45 21 69 72 24 -0.09 0.04 0.02 0.39 -0.16 -0.08
46 25 70 76 24 -0.05 0.08 0.09 0.19 -0.21 -0.08
47 25 68 74 24 -0.02 0.12 0.11 0.03 -0.15 -0.07
48 24 70 81 24 0.0 0.14 0.11 -0.04 -0.1 -0.04
49 23 70 78 24 0.03 0.15 0.09 -0.41 0.02 -0.05
50 21 70 81 24 0.05 0.1 0.06 -0.49 0.18 -0.08
51 20 70 75 24 0.05 0.05 0.05 -0.47 0.21 -0.14
52 20 70 73 23 0.05 -0.03 0.02 -0.26 0.14 -0.04
53 24 69 72 24 0.06 -0.06 0.0 -0.02 0.0 -0.04
54 25 69 70 24 0.06 -0.06 -0.0 0.01 -0.01 -0.06
55 23 68 74 24 0.07 -0.06 -0.0 0.05 -0.06 -0.01
56 21 67 70 23 0.08 -0.06 0.0 0.08 -0.08 0.0
57 20 67 75 23 0.08 -0.05 0.01 0.09 -0.09 -0.02
58 21 68 73 23 0.07 -0.02 0.01 0.04 -0.05 -0.01
59 23 68 75 24 0.06 -0.01 0.01 0.0 0.0 -0.03
60 21 69 76 23 0.05 -0.0 0.01 -0.06 0.04 -0.01
61 26 69 72 23 0.03 -0.01 0.01 -0.06 0.09 -0.02
62 24 68 74 23 0.02 -0.02 0.01 -0.01 0.03 -0.05
63 22 67 74 23 0.02 -0.03 0.01 0.0 0.0 -0.06
64 21 67 78 24 0.03 -0.03 0.01 0.02 -0.02 -0.02
65 20 66 77 23 0.03 -0.03 0.01 -0.04 -0.07 -0.04
66 22 68 79 23 0.03 -0.03 0.0 -0.05 -0.06 -0.04
67 23 69 77 24 0.04 -0.02 -0.01 -0.11 -0.05 -0.04
68 21 73 82 24 0.05 -0.02 -0.03 -0.11 -0.01 -0.03
69 22 70 83 24 0.04 -0.02 -0.04 -0.12 0.04 -0.01
70 23 71 78 24 0.03 -0.02 -0.07 -0.05 0.11 0.0
71 24 70 73 24 0.0 -0.01 -0.09 -0.06 0.13 0.0
72 23 70 74 24 -0.01 -0.01 -0.1 -0.06 0.13 0.0
73 22 69 73 24 -0.05 -0.02 -0.1 -0.03 0.1 0.01
74 21 71 73 24 -0.09 -0.03 -0.1 0.08 0.07 0.03
75 21 69 74 24 -0.1 -0.02 -0.09 0.1 0.03 0.0
76 25 69 79 24 -0.13 -0.01 -0.07 0.12 0.03 -0.01
77 23 68 78 24 -0.15 -0.0 -0.03 0.17 0.0 -0.03
78 26 69 74 24 -0.15 -0.0 -0.01 0.17 -0.01 -0.04
79 24 68 75 24 -0.14 0.0 0.02 0.16 -0.07 -0.03
80 24 70 71 24 -0.13 0.01 0.04 0.05 -0.07 -0.06
81 23 69 82 23 -0.1 0.04 0.06 0.01 -0.05 -0.08
82 22 70 79 23 -0.07 0.06 0.07 -0.08 0.03 -0.06
83 26 69 81 23 -0.04 0.04 0.06 -0.23 0.07 -0.11
84 23 70 77 24 -0.03 0.02 0.06 -0.2 0.07 -0.1
85 27 71 73 24 0.0 -0.02 0.05 -0.15 0.02 -0.08
86 24 72 73 24 0.03 -0.04 0.04 -0.13 0.0 -0.02
87 22 70 76 23 0.03 -0.04 0.03 -0.11 -0.02 -0.05
88 21 70 77 23 0.05 -0.04 0.02 -0.08 0.0 0.0
89 20 67 75 23 0.05 -0.04 0.0 -0.07 -0.01 0.0
90 19 68 72 23 0.04 -0.04 -0.0 -0.02 0.0 -0.03
91 26 68 84 23 0.02 -0.04 -0.02 0.02 0.01 0.0
-200 -200 -200 -200 -200 -200 -200 -200 -200 -200 -200
92 24 68 77 23 0.0 -0.02 -0.02 0.03 0.0 -0.01
93 27 69 76 23 -0.01 -0.01 -0.02 0.02 0.03 -0.01
94 25 69 72 23 -0.02 -0.01 -0.02 0.0 0.0 -0.05
95 23 67 70 23 -0.01 -0.01 -0.01 0.03 -0.04 -0.06
96 22 68 82 23 0.0 -0.02 -0.0 0.02 -0.05 -0.07
97 20 68 80 23 0.03 -0.02 0.01 -0.01 0.02 -0.07
98 24 70 76 23 0.05 -0.02 0.01 -0.06 0.03 -0.06
99 23 70 76 22 0.07 -0.02 0.01 -0.13 0.0 -0.07
100 22 72 76 23 0.09 -0.03 -0.0 -0.14 0.02 -0.02
101 23 71 74 23 0.11 -0.05 -0.03 -0.16 0.04 -0.02
102 23 72 72 23 0.11 -0.05 -0.04 -0.15 0.04 -0.02
103 22 71 78 23 0.11 -0.05 -0.07 -0.13 0.08 0.02
104 21 70 81 23 0.1 -0.05 -0.09 -0.16 0.08 -0.02
105 19 70 77 23 0.07 -0.06 -0.12 -0.11 0.08 -0.04
106 19 68 71 23 0.03 -0.08 -0.13 0.0 0.1 0.02
107 33 70 67 21 -0.01 -0.09 -0.12 0.1 0.11 0.04
108 30 71 69 23 -0.03 -0.08 -0.11 0.15 0.08 0.01
109 32 72 63 23 -0.08 -0.06 -0.08 0.19 0.1 0.0
110 50 86 60 25 -0.12 -0.05 -0.04 0.18 0.2 0.0
111 71 117 57 25 -0.14 -0.05 -0.02 0.2 0.22 0.01
112 79 200 57 45 -0.19 -0.06 0.02 0.21 0.15 0.03
113 96 272 56 45 -0.22 -0.07 0.03 -0.18 -0.26 -0.08
114 101 349 57 58 -0.21 -0.07 0.04 -0.29 -0.34 -0.07
115 101 351 61 144 -0.05 -0.23 0.08 0.07 -0.24 -0.04
116 97 375 59 127 -0.04 -0.74 0.22 -0.09 0.23 0.19
117 127 418 62 111 -0.17 -1.37 0.36 -0.32 0.25 0.38
118 115 450 65 121 -0.27 -2.21 0.51 -0.78 -0.69 0.94
119 125 510 66 112 0.48 -2.26 0.37 -0.34 -0.47 2.07
120 110 609 70 101 0.58 -2.32 0.34 -1.04 -0.42 3.0
121 99 774 74 92 0.66 -1.63 -0.06 -2.17 -2.58 3.62
122 97 809 76 79 1.37 -1.54 0.16 0.82 1.55 2.73
123 85 814 126 70 1.72 -1.32 0.06 0.05 0.44 3.01
124 77 847 130 64 1.88 -0.92 0.04 -0.14 1.35 4.05
125 75 805 122 57 2.0 -1.03 -0.04 0.39 1.54 3.76
126 85 859 111 61 2.3 -1.46 -0.14 0.78 1.56 3.13
127 89 824 113 56 2.36 -1.64 -0.18 1.17 1.84 1.67
128 97 869 145 62 2.3 -1.53 -0.22 0.71 1.29 0.67
129 97 918 155 63 2.18 -1.31 -0.3 0.62 0.79 0.21
130 97 885 140 62 2.23 -1.33 -0.38 0.82 0.17 0.04
131 153 901 130 62 2.29 -1.38 -0.41 0.47 -0.25 -0.86
132 148 967 127 66 2.29 -1.43 -0.42 -0.13 -0.33 -1.38
133 188 966 132 82 2.12 -1.31 -0.35 -0.7 -0.7 -1.67
134 202 966 126 85 2.02 -1.27 -0.31 -0.77 -1.04 -2.11
135 222 964 130 123 1.88 -1.33 -0.26 -0.87 -1.12 -2.23
136 242 967 141 122 1.71 -1.39 -0.17 -0.96 -1.19 -2.43
137 242 966 148 113 1.59 -1.38 -0.12 -0.96 -1.46 -1.79
138 292 962 156 96 1.35 -1.23 -0.03 -1.05 -1.49 -1.8
139 289 967 143 93 1.1 -1.13 0.06 -0.93 -1.36 -1.85
140 277 943 160 92 0.97 -1.04 0.09 -0.88 -1.27 -2.52
141 293 967 175 84 0.75 -0.78 0.12 -0.56 -1.19 -2.55
142 268 967 167 75 0.49 -0.55 0.16 -0.37 -1.11 -2.25
143 226 966 183 64 0.37 -0.48 0.17 -0.77 -1.0 -2.2
144 250 967 173 62 0.17 -0.45 0.14 -0.65 -0.86 -2.16
145 225 931 177 60 -0.04 -0.28 0.15 -0.32 -0.86 -1.92
146 204 904 203 70 -0.13 -0.18 0.13 -0.01 -0.83 -1.95
147 170 862 191 61 -0.26 -0.06 0.07 -0.04 -0.78 -1.72
148 149 773 197 56 -0.36 0.01 0.02 -0.22 -0.64 -1.0
149 153 967 178 53 -0.39 0.03 -0.02 -0.34 -0.52 -0.73
150 134 864 164 50 -0.43 0.1 -0.06 -0.26 -0.45 -0.47
151 118 855 158 52 -0.43 0.2 -0.09 -0.42 -0.26 -0.25
152 105 788 152 47 -0.43 0.21 -0.1 -0.33 -0.01 0.06
153 104 766 148 42 -0.39 0.19 -0.12 -0.35 0.08 0.05
154 93 728 155 44 -0.33 0.17 -0.12 -0.2 0.2 0.22
155 87 771 165 41 -0.29 0.17 -0.13 -0.22 0.25 0.46
156 104 724 151 46 -0.22 0.13 -0.15 -0.27 0.34 0.51
157 108 658 161 45 -0.16 0.13 -0.15 -0.24 0.44 0.44
158 92 646 167 43 -0.13 0.16 -0.14 -0.19 0.48 0.24
159 84 604 153 39 -0.08 0.19 -0.12 -0.15 0.48 0.22
160 86 628 159 42 -0.0 0.11 -0.09 -0.06 0.43 0.2
161 82 611 156 52 0.02 0.08 -0.09 -0.08 0.39 0.19
162 77 562 155 53 0.06 0.06 -0.09 -0.17 0.21 -0.01
163 81 558 173 47 0.1 0.08 -0.09 -0.05 0.07 -0.01
164 76 622 167 42 0.12 0.12 -0.1 -0.36 -0.01 0.01
165 74 650 155 39 0.14 0.14 -0.09 -0.34 -0.05 0.07
166 73 711 144 43 0.13 0.16 -0.08 -0.46 -0.21 -0.28
167 86 722 158 47 0.11 0.17 -0.07 -0.41 -0.23 -0.36
168 82 679 153 41 0.1 0.15 -0.03 -0.35 -0.18 -0.48
169 77 652 173 38 0.09 0.14 0.01 -0.32 -0.23 -0.49
170 80 631 162 35 0.09 0.11 0.03 -0.2 -0.16 -0.33
171 88 613 147 33 0.06 0.11 0.04 -0.24 -0.14 -0.42
172 78 581 136 43 0.01 0.14 0.04 -0.15 -0.08 -0.66
173 67 592 152 39 -0.04 0.13 0.05 -0.1 -0.13 -0.67
174 65 622 156 35 -0.06 0.14 0.05 0.1 -0.17 -0.71
175 60 569 154 33 -0.09 0.15 0.04 0.09 -0.13 -0.24
176 92 535 153 31 -0.11 0.14 0.03 0.01 -0.11 -0.13
177 84 509 143 33 -0.11 0.14 0.02 0.04 -0.12 -0.08
178 79 514 147 35 -0.12 0.14 0.01 -0.06 -0.13 -0.17
179 68 527 158 35 -0.12 0.13 0.01 -0.06 -0.14 -0.22
180 59 508 159 32 -0.11 0.12 0.02 -0.05 -0.14 -0.24
181 74 517 165 31 -0.09 0.07 0.03 0.0 -0.17 0.01
182 79 518 144 31 -0.08 0.05 0.03 -0.01 -0.14 0.09
183 68 488 134 40 -0.05 0.04 0.02 0.02 0.0 -0.01
184 77 554 134 40 -0.02 0.09 0.02 0.13 0.05 -0.32
185 78 488 128 36 0.01 0.15 0.03 0.11 0.05 -0.33
186 101 539 136 36 0.04 0.14 0.01 -0.03 0.07 -0.13
187 91 484 142 33 0.05 0.07 -0.03 0.08 0.14 0.19
188 83 463 129 34 0.05 0.07 -0.04 0.0 0.22 0.14
189 83 521 137 36 0.03 0.03 -0.05 -0.13 0.2 -0.14
190 83 487 156 36 0.01 0.04 -0.03 -0.28 0.15 -0.15
191 84 451 163 33 0.01 0.03 -0.03 -0.27 0.13 -0.22
192 72 420 162 30 0.01 0.01 -0.02 -0.3 0.07 -0.22
193 66 435 151 32 0.01 -0.01 -0.02 -0.34 0.03 -0.19
194 61 423 138 31 0.0 -0.0 -0.01 -0.34 0.02 -0.27
195 61 486 136 40 -0.01 0.02 -0.01 -0.29 0.0 -0.35
196 67 498 132 37 -0.02 0.04 0.0 -0.18 -0.04 -0.36
197 62 481 139 34 -0.02 0.04 0.01 -0.15 -0.05 -0.37
198 60 468 142 31 -0.01 0.03 0.01 -0.21 -0.07 -0.26
199 94 492 132 31 -0.01 0.03 0.01 -0.15 -0.07 -0.04
200 80 448 126 30 -0.01 0.03 0.01 -0.17 -0.06 -0.06
201 99 539 137 31 -0.01 0.04 0.0 -0.16 -0.11 -0.18
202 91 506 146 31 -0.01 0.06 0.01 -0.05 -0.11 -0.28
203 75 445 132 30 -0.02 0.05 0.02 -0.24 -0.15 -0.32
204 69 403 118 28 -0.0 0.01 0.03 -0.13 -0.25 -0.13
205 63 354 106 27 -0.02 0.05 0.05 -0.2 -0.38 -0.17
206 64 300 95 28 -0.03 0.08 0.07 -0.2 -0.43 -0.27
207 69 254 85 32 -0.08 0.12 0.13 -0.31 -0.48 -0.58
208 77 240 81 34 -0.15 0.17 0.23 -0.43 -0.44 -0.96
209 72 222 75 31 -0.21 0.19 0.28 -0.48 -0.65 -1.16
210 87 210 77 30 -0.33 0.3 0.39 -1.02 -0.83 -1.57
211 92 188 75 28 -0.47 0.49 0.51 -0.95 -0.94 -1.73
212 112 166 71 27 -0.55 0.59 0.57 -0.91 -0.98 -1.81
213 107 154 68 27 -0.73 0.78 0.67 -0.85 -0.87 -2.04
214 96 145 68 26 -0.96 0.99 0.71 -0.63 -0.75 -2.08
215 102 136 66 25 -1.1 1.15 0.72 -0.35 -0.62 -2.21
216 95 130 68 25 -1.42 1.53 0.72 -0.23 -0.54 -2.38
217 82 124 81 30 -1.75 1.83 0.69 -0.24 -0.25 -2.22
218 84 119 83 29 -1.93 1.92 0.66 -0.26 0.03 -2.27
219 72 114 85 28 -2.26 1.95 0.58 -1.4 0.13 -2.37
220 65 107 83 27 -2.53 1.46 0.42 -1.34 -0.14 -1.71
221 64 103 76 29 -2.59 1.13 0.31 -0.94 -0.18 -1.25
222 68 101 71 28 -2.72 0.66 0.12 -0.93 -0.15 -0.01
223 66 106 69 40 -2.78 0.85 0.14 1.42 0.31 -0.74
224 81 102 66 41 -2.76 1.06 0.17 1.22 0.27 -1.56
225 72 99 65 37 -2.56 1.19 0.12 0.6 0.25 -1.46
226 78 94 62 36 -2.43 1.09 0.01 -0.85 -0.85 0.42
227 73 90 60 33 -2.28 0.92 0.02 -0.05 -1.02 1.22
228 63 88 61 31 -1.97 0.68 -0.17 -0.41 -0.8 1.95
229 60 88 62 29 -1.68 0.65 -0.27 -0.27 -0.66 1.73
230 59 87 62 28 -1.59 0.74 -0.29 1.17 -0.67 0.41
231 63 91 61 26 -0.87 1.12 -0.05 2.22 -2.88 8.48
232 56 96 81 26 0.36 2.28 -0.03 0.0 -2.36 11.45
233 49 96 87 25 0.64 1.52 -0.3 0.55 0.42 5.15
234 76 96 82 25 0.6 0.77 -0.29 -1.03 1.97 0.75
235 73 98 81 25 0.37 1.0 -0.3 -0.99 0.8 -1.22
236 61 101 76 24 0.25 0.93 -0.24 -1.26 0.17 -0.7
237 52 104 74 24 0.22 0.29 -0.11 -0.17 0.04 0.25
238 44 107 73 24 0.13 0.04 0.01 0.99 -0.02 0.08
239 40 111 72 24 0.08 0.07 0.05 1.02 -0.04 0.0
240 35 111 76 24 0.06 0.27 0.07 0.57 -0.11 -0.12
241 34 113 81 24 0.05 0.44 0.08 0.06 -0.18 0.01
242 33 116 78 23 0.03 0.42 0.08 -0.18 -0.09 0.17
243 38 118 74 23 -0.04 0.3 0.06 -0.53 0.1 0.34
244 39 118 72 24 -0.11 0.2 0.04 -0.6 0.23 0.22
245 34 117 73 23 -0.11 0.15 0.04 -0.49 0.32 -0.03
246 30 116 71 23 0.02 0.01 0.05 -0.28 0.48 -0.11
247 28 118 74 24 0.05 -0.0 -0.0 -0.06 0.04 -0.04
248 25 118 72 23 0.05 0.02 0.0 0.06 0.15 -0.14
249 23 118 74 23 0.09 0.03 -0.02 0.0 -0.01 -0.06
250 22 119 73 23 0.09 0.03 -0.03 -0.09 -0.03 -0.08
251 20 120 71 23 0.1 0.02 -0.03 -0.08 0.0 -0.02
-100 -100 -100 -100 -100 -100 -100 -100 -100 -100 -100
252 19 122 73 23 0.08 0.0 -0.04 -0.06 0.0 0.0
253 20 123 73 23 0.05 0.0 -0.03 -0.03 0.03 0.06
254 23 123 75 23 0.05 0.0 -0.03 -0.04 0.09 0.0
255 24 121 73 22 0.03 0.0 -0.02 -0.01 0.06 0.02
256 21 122 71 23 0.02 0.0 -0.02 0.0 0.09 0.0
257 20 121 69 23 0.0 0.0 -0.01 0.02 0.03 0.0
258 20 121 69 23 0.0 -0.03 -0.01 -0.01 0.05 -0.01
259 19 121 65 23 -0.0 -0.03 -0.01 -0.05 0.0 -0.08
260 18 121 68 23 -0.0 -0.03 -0.01 -0.04 0.01 -0.03
261 23 121 69 23 -0.01 -0.03 -0.01 -0.01 0.01 -0.04
262 23 121 67 23 -0.01 -0.01 -0.0 -0.05 0.12 0.01
263 22 121 67 23 -0.02 -0.01 0.0 -0.07 0.09 0.0
264 21 120 64 23 -0.04 -0.0 0.0 -0.09 0.04 -0.08
265 23 120 64 23 -0.02 -0.03 0.01 -0.06 0.05 -0.07
266 22 122 63 23 -0.02 -0.05 0.01 -0.03 0.04 -0.04
267 20 122 64 23 -0.02 -0.06 0.0 -0.08 0.02 -0.06
268 20 121 65 23 -0.0 -0.05 -0.0 -0.03 -0.01 -0.07
269 19 121 62 23 0.0 -0.04 -0.01 -0.02 0.0 -0.04
270 18 120 65 23 0.01 -0.02 -0.02 -0.03 -0.01 -0.05
271 19 120 61 23 0.01 -0.01 -0.02 -0.03 0.0 -0.04
272 20 119 60 23 0.01 -0.01 -0.02 -0.03 -0.01 -0.04
273 19 117 59 23 0.01 -0.01 -0.02 -0.06 0.0 -0.08
274 19 118 58 23 0.01 -0.02 -0.02 -0.02 0.05 -0.06
275 19 115 55 23 0.01 -0.02 -0.02 -0.05 0.08 0.0
276 19 113 58 23 0.01 -0.01 -0.02 0.0 0.05 -0.05
277 19 112 58 23 0.01 -0.01 -0.03 -0.03 0.02 -0.08
278 18 112 60 23 0.02 0.02 -0.03 -0.04 -0.01 -0.02
279 18 113 60 23 0.03 0.03 -0.03 -0.1 0.04 -0.03
280 18 111 58 23 0.03 0.03 -0.04 -0.11 0.04 0.0
281 19 111 59 23 0.02 0.02 -0.04 -0.11 0.05 0.02
282 18 109 63 23 0.0 -0.0 -0.03 -0.01 0.07 -0.06
283 19 107 60 23 -0.01 -0.01 -0.03 -0.01 0.05 -0.04
284 18 106 62 23 -0.01 -0.01 -0.03 -0.06 0.07 -0.03
285 16 105 62 23 -0.02 -0.02 -0.03 -0.03 0.05 -0.05
286 17 104 60 23 -0.01 -0.02 -0.03 -0.03 0.07 -0.03
287 20 104 58 23 -0.02 -0.02 -0.03 0.0 0.09 0.0
288 19 102 56 23 -0.03 -0.03 -0.03 0.05 0.08 -0.03
289 19 101 54 23 -0.03 -0.03 -0.02 -0.01 0.08 0.0
290 18 100 55 23 -0.05 -0.03 -0.02 0.0 0.06 -0.03
291 19 102 54 24 -0.05 -0.03 -0.02 -0.06 0.01 -0.06
292 24 104 56 23 -0.05 -0.03 -0.02 0.0 0.05 -0.02
-200 -200 -200 -200 -200 -200 -200 -200 -200 -200 -200
293 45 104 54 23 -0.05 -0.03 -0.02 -0.04 0.04 -0.07
294 61 105 54 23 -0.06 -0.02 -0.02 -0.12 0.08 -0.13
295 54 103 52 23 -0.07 -0.02 -0.03 -0.11 0.09 -0.03
296 50 101 51 23 -0.09 -0.01 -0.04 -0.15 0.06 -0.01
297 47 97 51 23 -0.08 -0.02 -0.04 -0.06 0.04 -0.04
298 40 101 54 23 -0.07 -0.02 -0.04 0.03 0.02 -0.03
299 37 99 55 24 -0.06 -0.03 -0.03 0.02 0.02 -0.05
300 43 99 53 23 -0.04 -0.03 -0.03 -0.01 0.01 -0.09
301 56 101 52 23 -0.04 -0.03 -0.03 -0.01 0.03 0.0
302 71 105 53 23 -0.04 -0.05 -0.02 0.0 0.05 0.04
303 68 118 52 24 -0.09 -0.06 -0.02 -0.02 0.13 0.25
304 112 173 54 116 -0.14 -0.08 -0.01 -0.02 0.11 0.68
305 116 243 56 114 -0.17 -0.12 -0.0 -0.18 0.1 0.96
306 134 306 60 116 0.2 -0.11 -0.01 -0.6 -0.02 0.44
307 133 441 70 135 0.44 -0.19 -0.0 -0.67 -0.09 0.52
308 136 428 72 140 0.52 -0.74 0.05 -0.88 -0.04 1.17
309 182 440 69 121 0.35 -1.5 0.09 -0.69 0.1 2.1
310 191 458 71 117 0.47 -1.8 0.04 -2.67 -0.69 2.53
311 201 561 70 97 1.18 -2.33 -0.23 0.05 1.54 2.7
312 203 642 80 86 1.59 -2.03 -0.17 0.85 1.21 3.08
313 191 695 87 78 1.75 -1.69 -0.2 0.41 0.55 3.72
314 165 648 83 70 2.13 -1.34 -0.31 0.03 0.72 3.24
315 142 661 88 65 2.45 -1.56 -0.37 0.27 0.65 2.72
316 136 692 92 56 2.52 -1.69 -0.38 0.75 0.73 1.38
317 135 669 90 51 2.57 -1.68 -0.35 0.66 0.55 1.45
318 124 770 87 48 2.4 -1.29 -0.27 0.21 0.11 1.18
319 115 790 87 48 2.35 -1.13 -0.26 -0.6 -0.22 -0.27
320 102 801 82 44 2.21 -1.02 -0.18 -0.72 -0.69 -0.26
321 95 716 83 55 1.96 -1.26 -0.17 -0.22 -1.0 -0.18
322 96 728 88 50 1.9 -1.32 -0.2 0.94 -0.1 -2.81
323 106 764 87 57 1.79 -1.44 -0.35 1.76 -0.1 -2.89
324 142 886 121 60 1.65 -0.74 -0.34 -0.37 -1.16 -1.78
325 152 911 118 80 1.67 -0.77 -0.35 -0.58 -1.02 -1.11
326 155 893 117 79 1.61 -0.97 -0.44 -0.6 -1.11 -0.72
327 179 929 117 87 1.45 -0.93 -0.36 -0.94 -1.24 -0.66
328 181 966 132 76 1.4 -0.91 -0.32 -0.72 -1.35 -0.16
329 236 966 134 83 1.42 -0.79 -0.28 -0.54 -1.43 -0.05
330 257 967 127 72 1.35 -0.58 -0.22 -0.91 -1.23 -0.66
331 255 956 128 75 1.3 -0.51 -0.22 -0.88 -1.45 -1.0
332 290 857 133 84 1.18 -0.54 -0.16 -0.77 -1.37 -1.02
333 276 887 152 88 1.02 -0.58 -0.13 -0.59 -1.21 -1.41
334 263 807 156 84 0.93 -0.54 -0.1 -0.88 -1.08 -1.54
335 241 817 147 80 0.72 -0.41 -0.04 -0.95 -0.88 -2.02
336 219 776 142 75 0.45 -0.28 0.03 -0.72 -0.85 -2.16
337 223 844 151 74 0.33 -0.22 0.06 -0.48 -0.69 -2.61
338 200 777 147 65 0.1 -0.13 0.1 -0.41 -0.66 -2.66
339 182 703 137 59 -0.09 -0.05 0.13 -0.12 -0.7 -2.05
340 180 774 138 61 -0.18 -0.07 0.14 -0.03 -0.52 -1.29
341 167 741 140 66 -0.33 -0.07 0.13 -0.17 -0.42 -1.06
342 183 786 139 65 -0.44 -0.03 0.09 -0.09 -0.31 -0.98
343 165 740 133 57 -0.47 0.05 0.07 0.05 -0.29 -0.96
344 161 809 142 56 -0.49 0.13 0.02 -0.06 -0.21 -0.37
345 164 792 145 52 -0.46 0.04 -0.03 -0.22 -0.14 0.22
346 148 776 143 60 -0.44 0.02 -0.04 -0.46 -0.02 0.71
347 143 762 143 58 -0.39 0.07 -0.08 -0.42 0.08 0.69
348 125 722 148 62 -0.32 0.14 -0.08 -0.24 0.16 0.54
349 161 671 144 62 -0.27 0.16 -0.08 -0.25 0.31 0.47
350 178 736 145 55 -0.18 0.11 -0.06 -0.21 0.36 0.55
351 171 765 148 49 -0.1 0.09 -0.05 -0.24 0.45 0.4
352 147 723 165 51 -0.06 0.13 -0.04 -0.22 0.49 0.21
353 172 717 158 47 0.0 0.16 -0.02 -0.15 0.45 0.15
354 188 734 161 46 0.05 0.11 0.01 0.0 0.4 0.12
355 167 779 168 43 0.06 0.09 0.02 0.0 0.3 -0.06
356 148 704 160 41 0.09 0.05 0.03 -0.07 0.23 0.0
357 141 708 161 45 0.1 0.03 0.04 0.0 0.13 -0.03
358 146 645 151 42 0.1 0.02 0.05 0.0 0.04 -0.18
359 137 622 141 45 0.1 0.02 0.05 -0.04 -0.03 -0.25
360 166 708 154 43 0.09 0.03 0.05 -0.03 -0.1 -0.32
361 157 682 152 46 0.08 0.03 0.04 -0.04 -0.11 -0.4
362 168 686 150 48 0.06 0.01 0.03 -0.08 -0.12 -0.44
363 147 682 148 48 0.04 0.01 0.03 -0.11 -0.19 -0.55
364 144 710 145 48 0.03 0.02 0.03 0.0 -0.23 -0.53
365 145 726 151 44 0.0 0.06 0.03 -0.11 -0.25 -0.36
366 153 644 148 39 -0.0 0.03 0.02 -0.1 -0.17 -0.28
367 141 586 144 36 -0.01 0.03 0.01 -0.04 -0.13 -0.1
368 121 499 135 34 -0.02 0.05 -0.01 0.01 -0.08 -0.08
369 100 468 136 32 -0.04 0.08 -0.03 0.1 -0.12 -0.13
370 94 442 143 32 -0.05 0.11 -0.03 0.01 -0.2 0.24
371 87 429 153 33 -0.08 0.13 -0.04 0.02 -0.23 0.42
372 84 472 146 35 -0.08 0.12 -0.06 -0.41 -0.24 0.16
373 96 446 155 35 -0.05 0.14 -0.06 -0.38 -0.18 0.0
374 112 473 173 33 0.02 0.13 -0.03 -0.38 -0.15 0.2
375 111 440 171 32 0.11 0.05 -0.0 -0.43 0.0 0.3
376 110 430 157 33 0.13 0.03 0.02 -0.41 0.16 0.05
377 105 442 144 31 0.13 0.04 0.04 -0.35 0.22 -0.18
378 94 438 150 33 0.11 0.06 0.07 -0.17 0.21 -0.62
379 90 423 149 32 0.1 0.07 0.08 0.08 0.22 -0.89
380 78 407 156 30 0.06 0.06 0.09 0.14 0.21 -0.88
381 87 423 164 30 0.02 0.02 0.07 0.19 0.09 -0.82
382 85 491 152 55 -0.0 0.01 0.05 0.12 0.02 -0.66
383 76 423 138 51 -0.05 0.02 0.03 0.08 0.0 -0.54
384 65 372 127 46 -0.06 0.05 -0.0 -0.03 -0.14 -0.55
385 60 373 131 40 -0.08 0.04 -0.01 -0.08 -0.19 -0.24
386 74 445 132 38 -0.09 0.04 -0.03 -0.31 -0.26 -0.03
387 68 382 119 35 -0.11 0.06 -0.04 -0.42 -0.26 -0.06
388 63 350 112 34 -0.12 0.09 -0.04 -0.4 -0.3 -0.12
389 57 317 106 33 -0.13 0.1 0.0 -0.4 -0.29 -0.16
390 51 289 106 31 -0.13 0.13 0.06 -0.51 -0.34 -0.38
391 45 267 100 29 -0.13 0.16 0.1 -0.63 -0.38 -0.35
392 43 263 94 30 -0.18 0.22 0.18 -0.61 -0.4 -0.41
393 44 301 90 33 -0.28 0.34 0.26 -0.57 -0.53 -0.77
394 45 262 85 31 -0.32 0.47 0.31 -0.66 -0.64 -1.51
395 45 230 86 30 -0.45 0.8 0.4 -0.72 -0.97 -1.75
396 49 209 96 28 -0.62 1.04 0.48 -0.26 -1.01 -1.94
397 49 184 96 27 -0.69 1.28 0.56 -0.26 -1.2 -1.69
398 57 164 92 26 -0.94 1.58 0.66 -0.17 -1.04 -1.83
399 62 149 90 26 -1.29 1.98 0.71 -0.13 -0.59 -2.36
400 77 136 88 26 -1.48 2.18 0.73 -0.36 -0.16 -2.87
401 68 131 89 25 -1.85 2.49 0.69 -0.49 0.01 -2.63
402 85 122 90 25 -2.31 2.48 0.54 -0.67 -0.21 -1.88
403 87 113 89 25 -2.51 2.4 0.44 -0.6 -0.17 -1.04
404 118 108 90 24 -2.81 2.24 0.2 -0.93 -0.37 -0.03
405 142 103 90 23 -3.0 2.33 0.06 -0.55 -0.26 0.15
406 131 100 87 25 -3.02 2.41 0.03 -0.42 -0.06 -0.64
407 118 104 86 31 -2.99 2.28 -0.0 -0.32 0.19 -1.55
408 104 104 83 29 -2.65 1.31 -0.07 0.59 0.46 -3.06
409 101 98 79 28 -2.45 0.73 -0.09 0.47 -0.37 -0.78
410 92 93 79 27 -2.24 -0.08 -0.04 0.11 -0.88 0.36
411 84 88 76 26 -2.09 -0.43 -0.01 0.57 -0.61 1.7
412 73 87 70 31 -1.96 -0.5 -0.08 1.18 -0.25 1.31
413 64 88 67 29 -1.63 -0.61 -0.18 1.21 -0.28 0.78
414 61 87 64 40 -1.49 -0.43 -0.41 1.06 -0.38 -0.24
415 86 82 61 36 -1.5 -0.26 -0.51 0.79 -0.56 -0.51
416 79 80 64 33 -1.51 0.12 -0.61 2.05 -0.06 -1.95
417 69 81 82 31 -1.33 0.35 -0.46 0.14 -6.24 5.89
418 57 85 81 29 -0.34 0.31 0.04 0.81 -0.7 11.28
419 50 85 82 28 0.43 1.56 -0.08 -2.7 -0.73 8.73
420 44 83 75 27 0.36 1.44 -0.27 -2.17 1.76 0.39
421 45 84 73 26 0.61 0.9 -0.31 -3.0 0.29 -0.87
422 55 84 69 25 0.49 0.22 -0.24 -1.52 0.8 -1.18
423 49 89 65 25 0.27 -0.07 -0.1 0.29 0.32 0.04
424 45 92 62 24 0.25 -0.23 -0.07 0.99 0.37 0.31
425 41 96 61 24 0.14 -0.32 0.04 1.8 0.23 0.31
426 36 99 61 24 0.02 -0.02 0.09 1.16 0.1 0.1
427 35 102 63 24 0.0 0.23 0.06 0.85 0.01 0.0
428 43 104 64 23 -0.01 0.64 0.03 -0.03 -0.06 -0.05
429 39 108 61 24 -0.08 0.58 0.02 -0.57 0.0 0.04
430 37 110 58 23 -0.15 0.41 0.03 -0.84 -0.01 -0.04
431 49 112 58 23 -0.18 0.13 0.07 -0.83 0.03 -0.18
432 45 111 58 23 -0.12 -0.02 0.08 -0.4 -0.09 -0.06
433 39 113 60 23 -0.08 -0.06 0.07 -0.38 -0.12 0.0
-100 -100 -100 -100 -100 -100 -100 -100 -100 -100 -100
434 35 114 66 23 0.05 -0.08 0.03 -0.02 0.07 0.0
435 35 113 62 23 0.07 -0.03 -0.0 -0.05 -0.02 -0.09
436 32 116 61 23 0.06 -0.03 0.0 0.03 0.02 -0.1
437 30 117 59 23 0.09 -0.03 -0.03 -0.07 0.02 -0.1
438 43 117 59 23 0.07 -0.04 -0.04 -0.06 0.0 -0.04
439 39 116 57 23 0.07 -0.03 -0.05 -0.03 -0.01 0.0
440 38 115 61 23 0.05 -0.01 -0.06 -0.11 -0.02 0.05
441 36 114 60 23 0.05 -0.01 -0.04 0.0 0.04 -0.01
442 91 114 55 23 0.04 -0.01 -0.03 0.0 0.05 0.0
443 165 116 58 23 0.03 -0.02 -0.02 0.02 0.03 -0.02
444 212 114 57 23 0.02 -0.01 -0.02 0.04 0.04 -0.01
445 171 113 63 23 0.01 0.02 -0.03 -0.06 0.07 0.02
446 148 111 63 24 0.02 0.18 -0.06 -0.05 0.01 0.04
447 132 112 61 23 0.02 0.26 -0.06 -0.1 0.01 0.0
448 118 112 61 24 0.01 0.21 -0.05 -0.08 -0.04 0.0
449 131 112 58 23 -0.01 0.09 -0.02 0.0 0.07 -0.08
450 116 117 60 23 -0.03 0.01 0.01 -0.01 0.08 -0.17
451 112 117 69 23 -0.04 -0.03 0.01 -0.02 0.08 -0.11
452 102 115 68 23 -0.03 -0.04 0.0 -0.06 0.06 -0.03
453 93 116 69 23 -0.02 -0.02 -0.01 -0.12 0.06 -0.06
454 88 116 66 23 -0.02 -0.02 -0.02 -0.07 0.04 -0.08
455 83 116 63 23 0.0 -0.03 -0.02 -0.03 0.0 -0.1
456 75 117 69 23 0.02 -0.06 -0.02 -0.01 -0.01 -0.1
457 73 114 75 24 0.02 -0.07 -0.02 -0.05 0.01 -0.05
458 66 113 70 23 0.02 -0.09 -0.01 -0.09 0.0 0.03
459 65 111 66 23 0.02 -0.09 -0.01 -0.05 0.03 0.0
460 100 111 63 24 0.02 -0.08 -0.01 0.02 0.01 -0.07
461 87 109 66 23 0.02 -0.06 -0.01 0.06 0.02 -0.08
462 89 108 73 23 0.02 -0.04 -0.01 0.01 0.06 -0.01
463 75 107 68 24 0.01 -0.03 -0.01 0.0 0.07 0.0
464 70 108 71 23 0.0 -0.03 -0.0 -0.05 0.06 0.0
465 60 106 67 23 -0.0 -0.02 -0.0 -0.05 0.04 -0.04
466 56 105 70 23 -0.0 -0.02 -0.0 -0.07 0.04 -0.03
467 65 105 65 23 -0.0 -0.03 -0.0 -0.02 0.02 0.02
468 57 105 69 23 -0.01 -0.02 -0.0 -0.01 0.05 -0.04
469 80 106 76 23 -0.02 -0.02 -0.0 -0.05 0.05 -0.04
470 83 107 77 23 -0.02 -0.02 0.0 -0.04 0.06 0.0
471 119 108 73 23 -0.04 -0.04 0.0 -0.03 0.0 -0.05
472 237 108 71 23 -0.04 -0.05 0.01 -0.04 0.0 -0.06
473 210 108 66 23 -0.04 -0.05 0.01 0.0 0.01 -0.11
474 174 105 64 24 -0.03 -0.04 -0.01 -0.05 0.04 -0.07
-200 -200 -200 -200 -200 -200 -200 -200 -200 -200 -200
475 266 107 60 25 -0.03 -0.02 -0.01 -0.03 0.04 -0.02
476 253 108 61 24 -0.01 -0.01 -0.03 -0.07 0.03 0.0
477 235 107 68 24 0.0 -0.0 -0.03 -0.01 0.06 -0.09
478 197 104 64 24 0.0 0.0 -0.04 -0.01 0.09 -0.06
479 166 102 60 24 0.0 0.02 -0.05 -0.05 0.04 0.04
480 139 106 59 24 -0.01 -0.01 -0.04 -0.13 0.0 0.01
481 207 114 57 25 -0.02 -0.02 -0.04 -0.09 0.02 -0.06
482 182 115 56 36 -0.01 -0.04 -0.03 -0.01 0.02 0.06
483 212 201 55 37 -0.05 -0.06 -0.01 0.24 0.06 0.13
484 197 222 59 112 -0.08 -0.06 0.01 0.41 0.06 0.14
485 223 309 61 157 -0.07 0.02 0.05 0.47 0.11 0.35
486 237 384 61 128 0.01 0.18 0.09 0.16 -0.12 0.43
487 212 501 59 103 0.13 0.25 0.08 -0.17 -0.19 0.47
488 193 533 61 93 0.59 0.1 -0.01 -0.82 -0.25 1.28
489 197 637 61 92 0.66 -0.51 0.05 -0.78 -0.21 2.78
490 185 686 64 87 0.66 -0.79 0.11 -1.62 -0.39 3.75
491 164 786 66 77 1.28 -1.36 -0.16 1.31 1.37 3.54
492 156 875 72 74 1.7 -1.74 -0.06 0.34 1.2 3.42
493 143 822 85 86 2.07 -1.91 -0.09 -0.02 0.85 3.7
494 177 956 105 82 2.31 -2.18 -0.14 -0.15 0.81 3.86
495 177 967 116 88 2.61 -2.46 -0.25 0.43 1.04 3.07
496 151 960 107 78 2.7 -2.61 -0.29 0.45 1.35 2.97
497 162 958 103 91 2.5 -2.55 -0.38 0.6 1.1 2.46
498 142 951 100 82 2.38 -2.25 -0.56 -0.01 0.36 1.35
499 141 942 110 79 2.39 -2.23 -0.67 0.13 0.16 0.18
500 161 967 110 75 2.49 -2.08 -0.75 0.45 -0.52 -0.07
501 230 966 108 71 2.58 -1.83 -0.79 0.02 -0.87 -0.15
502 213 965 118 62 2.54 -1.71 -0.77 -0.17 -1.02 -0.24
503 241 851 125 58 2.34 -1.44 -0.57 -0.79 -1.32 -0.95
504 296 966 142 65 2.34 -1.44 -0.57 -0.74 -1.48 -1.9
505 279 912 139 61 2.05 -1.1 -0.42 -0.92 -1.64 -1.9
506 265 828 137 53 1.83 -0.88 -0.32 -1.06 -1.59 -2.42
507 293 790 146 57 1.55 -0.75 -0.26 -1.03 -1.59 -2.77
508 259 896 151 59 1.39 -0.68 -0.23 -1.07 -1.51 -2.84
509 235 803 143 64 1.09 -0.59 -0.19 -1.03 -1.42 -2.73
510 238 870 140 61 1.09 -0.59 -0.19 -0.89 -1.41 -2.76
511 211 845 145 59 0.65 -0.46 -0.14 -0.83 -1.39 -2.84
512 230 943 146 54 0.4 -0.32 -0.09 -0.68 -1.38 -2.71
513 228 850 155 57 0.28 -0.28 -0.08 -0.78 -1.25 -2.39
514 195 838 163 61 0.1 -0.25 -0.09 -0.85 -1.19 -2.25
515 211 797 155 57 -0.05 -0.18 -0.11 -1.01 -0.96 -1.52
516 185 765 153 64 -0.14 -0.15 -0.11 -0.21 -0.84 -1.47
517 194 748 148 85 -0.26 -0.06 -0.14 -0.77 -0.57 -1.31
518 224 821 161 86 -0.34 0.07 -0.1 -0.57 -0.58 -1.32
519 220 966 174 90 -0.36 0.12 -0.09 -0.74 -0.36 -1.0
520 271 920 186 96 -0.39 0.1 -0.08 -0.75 -0.2 -0.78
521 238 925 172 98 -0.4 0.1 -0.07 -0.71 0.0 -0.64
522 221 801 179 113 -0.4 0.1 -0.06 -0.29 0.21 -0.16
523 201 765 220 106 -0.38 0.11 -0.04 -0.29 0.29 -0.16
524 183 773 212 95 -0.34 0.12 -0.01 -0.27 0.39 0.06
525 260 855 200 89 -0.32 0.11 -0.01 -0.17 0.53 0.18
526 281 861 214 83 -0.26 0.14 -0.01 -0.21 0.52 0.21
527 276 815 208 73 -0.19 0.13 -0.02 -0.12 0.56 0.18
528 229 838 205 78 -0.16 0.12 -0.02 0.01 0.51 0.01
529 229 738 197 74 -0.1 0.13 -0.01 0.06 0.45 0.0
530 208 792 198 66 -0.06 0.1 0.02 -0.04 0.39 0.17
531 215 779 194 60 -0.04 0.1 0.02 -0.01 0.35 -0.02
532 217 732 212 57 -0.02 0.11 0.03 -0.06 0.3 -0.1
533 201 753 211 63 -0.01 0.09 0.05 -0.04 0.25 -0.06
534 219 705 208 60 -0.01 0.07 0.06 0.06 0.15 -0.21
535 196 726 195 53 -0.0 0.07 0.07 0.08 0.1 -0.29
536 213 673 211 48 0.01 0.1 0.08 0.11 0.04 -0.27
537 171 613 212 44 0.01 0.09 0.08 0.07 0.04 -0.3
538 192 602 197 51 0.01 0.05 0.07 0.07 0.02 -0.32
539 201 607 225 49 0.01 0.04 0.05 0.14 0.08 -0.34
540 168 565 209 47 0.01 0.04 0.03 0.05 0.08 -0.49
541 145 550 181 42 -0.01 0.02 0.01 0.1 0.06 -0.47
542 176 525 169 39 -0.05 0.05 -0.01 -0.01 0.05 -0.51
543 175 570 192 38 -0.07 0.08 -0.01 -0.03 -0.05 -0.54
544 222 612 185 39 -0.08 0.09 -0.01 -0.08 -0.06 -0.48
545 198 658 183 36 -0.08 0.06 -0.01 -0.15 -0.08 -0.49
546 174 623 189 42 -0.08 0.04 -0.01 -0.21 -0.04 -0.32
547 155 581 205 49 -0.07 0.03 -0.01 -0.2 0.0 -0.26
548 139 613 187 44 -0.07 0.01 -0.02 -0.09 0.0 -0.23
549 119 619 166 43 -0.07 0.02 -0.02 -0.2 0.02 -0.04
550 142 609 150 39 -0.05 0.01 -0.02 -0.18 0.03 -0.07
551 197 680 148 42 -0.02 0.0 -0.04 -0.2 0.11 -0.09
552 165 630 144 46 -0.02 0.01 -0.04 -0.22 0.13 -0.19
553 161 696 131 46 -0.01 0.03 -0.04 -0.22 0.14 -0.26
554 139 603 129 83 0.02 0.01 -0.04 -0.11 0.12 -0.26
555 140 581 143 83 0.03 0.01 -0.04 -0.13 0.05 -0.11
556 120 590 139 72 0.03 0.03 -0.05 -0.14 0.02 -0.06
557 143 605 131 69 0.02 0.02 -0.06 -0.2 0.05 -0.25
558 192 558 133 60 0.01 -0.0 -0.06 -0.22 0.03 -0.43
559 165 569 136 53 -0.0 -0.02 -0.04 -0.27 0.0 -0.48
560 143 572 128 48 -0.02 -0.0 -0.02 -0.18 0.04 -0.29
561 124 543 119 47 -0.03 0.01 -0.01 -0.24 0.04 -0.34
562 129 496 114 43 -0.04 0.02 -0.01 -0.25 0.02 -0.33
563 118 500 114 43 -0.06 0.02 0.0 -0.29 0.04 -0.25
564 99 456 112 37 -0.06 0.03 0.01 -0.24 0.03 -0.17
565 109 516 108 37 -0.07 0.03 0.03 -0.26 0.0 -0.18
566 92 519 108 38 -0.06 0.03 0.04 -0.15 0.01 -0.17
567 79 472 111 36 -0.05 0.04 0.04 -0.14 0.03 -0.19
568 102 483 103 33 -0.04 0.03 0.05 -0.18 0.08 -0.23
569 95 448 102 31 -0.03 0.01 0.06 -0.2 0.01 -0.03
570 94 386 100 31 -0.03 0.02 0.06 -0.25 0.04 -0.16
571 81 326 95 49 -0.05 0.03 0.06 -0.24 -0.07 -0.33
572 83 304 90 46 -0.1 0.07 0.08 -0.28 -0.15 -0.38
573 78 280 84 41 -0.13 0.09 0.09 -0.32 -0.41 -0.58
574 82 272 82 39 -0.2 0.15 0.13 -0.41 -0.47 -0.7
575 97 255 78 36 -0.28 0.22 0.19 -0.4 -0.66 -1.17
576 94 234 76 34 -0.33 0.27 0.21 -0.7 -0.87 -1.52
577 106 225 75 31 -0.44 0.44 0.3 -0.92 -0.98 -1.71
578 97 239 75 29 -0.6 0.69 0.43 -0.96 -1.24 -2.14
579 105 222 72 29 -0.69 0.83 0.47 -0.43 -0.89 -2.09
580 132 223 77 28 -0.83 1.37 0.63 -0.28 -0.97 -2.37
581 134 197 75 27 -1.18 1.92 0.65 0.27 -0.81 -2.83
582 118 175 79 26 -1.33 2.15 0.68 -1.07 -0.52 -2.81
583 116 156 73 26 -1.56 2.19 0.69 -1.13 -0.4 -2.73
584 112 142 74 26 -1.88 2.18 0.66 -0.05 0.03 -2.68
585 102 132 72 31 -2.1 2.24 0.64 -0.71 -0.15 -1.83
586 116 120 72 34 -2.46 2.04 0.51 -0.85 -0.05 -1.77
587 100 113 72 31 -2.69 1.79 0.37 -0.66 -0.24 -1.45
588 90 103 71 29 -2.77 1.71 0.29 -0.8 -0.4 -1.29
589 82 98 69 29 -2.84 1.49 0.18 -0.47 -0.65 -1.05
590 74 108 66 32 -2.76 1.08 0.13 -0.78 -0.66 0.06
591 66 109 64 38 -2.71 0.81 0.1 0.62 -0.25 0.5
592 68 105 63 47 -2.53 0.5 -0.02 -0.94 -0.36 0.27
593 64 101 59 70 -2.35 0.44 -0.02 0.04 -0.14 0.62
594 76 102 60 60 -2.32 0.55 -0.14 0.14 -0.69 0.76
595 90 96 57 52 -2.19 0.65 -0.22 0.25 -0.82 0.69
596 87 91 60 46 -1.98 0.58 -0.23 0.2 -0.7 -0.22
597 72 86 72 41 -1.89 0.63 -0.23 -0.89 -1.26 -2.03
598 61 85 93 37 -1.14 0.59 0.07 1.17 -3.42 4.43
599 53 86 106 35 1.02 1.85 -0.14 2.39 -0.83 13.36
600 52 85 108 32 0.87 1.64 -0.28 -3.05 -0.19 3.41
601 54 83 95 30 0.65 0.84 -0.36 -2.02 1.34 -0.42
602 48 80 86 29 0.14 0.82 -0.42 -1.75 1.87 -1.24
603 41 79 89 28 0.0 0.74 -0.35 -1.3 0.52 0.32
604 35 81 85 26 0.07 -0.01 -0.17 -0.58 0.43 0.3
605 42 83 83 26 0.04 -0.42 0.03 0.92 0.2 0.11
606 42 82 77 30 0.01 -0.34 0.07 1.17 -0.06 -0.12
607 39 85 80 29 -0.02 0.0 0.05 0.95 -0.16 -0.21
608 42 86 84 28 0.02 0.21 0.04 0.25 -0.39 -0.39
609 38 86 79 27 0.05 0.2 0.05 -0.27 -0.12 -0.09
610 53 86 77 26 -0.02 0.05 0.04 -0.44 0.0 0.0
611 47 85 75 25 -0.07 -0.06 0.03 -0.43 0.13 0.01
612 41 85 71 25 -0.06 -0.08 0.03 -0.1 0.22 0.14
613 41 85 77 28 -0.03 -0.07 0.02 0.0 0.24 0.14
614 39 85 74 27 -0.01 -0.02 0.01 0.02 0.18 0.06
615 54 86 72 26 -0.0 0.01 0.01 -0.04 0.07 -0.04
616 48 85 74 26 0.04 -0.03 0.01 -0.13 0.07 -0.03
617 45 86 69 24 0.05 -0.05 0.01 0.0 0.15 -0.08
618 49 86 65 24 0.04 -0.04 0.0 0.0 0.16 -0.06
619 41 85 68 28 0.01 -0.02 -0.02 0.03 0.15 -0.08
620 43 86 70 27 0.0 0.0 -0.02 0.01 0.09 -0.04
-100 -100 -100 -100 -100 -100 -100 -100 -100 -100 -100
621 46 86 67 26 -0.01 -0.01 -0.02 0.01 0.01 0.0
622 40 86 73 25 -0.02 -0.03 -0.0 0.03 0.01 0.0
623 36 85 68 25 -0.02 -0.02 0.01 0.03 0.02 -0.06
624 31 84 63 24 -0.01 -0.02 0.01 0.01 0.08 -0.05
625 32 85 61 25 -0.0 -0.04 0.01 -0.03 0.06 -0.07
626 29 84 59 24 -0.0 -0.05 -0.0 -0.04 0.05 -0.07
627 36 86 57 24 0.0 -0.04 -0.01 -0.06 0.11 -0.08
628 36 88 56 24 0.01 -0.05 -0.02 -0.05 0.12 -0.1
629 33 89 55 24 -0.0 -0.09 -0.02 -0.08 0.14 -0.08
630 41 90 54 23 -0.01 -0.12 -0.02 -0.05 0.15 -0.07
631 49 92 53 23 -0.01 -0.12 -0.01 0.09 0.16 -0.03
632 48 93 57 25 -0.02 -0.08 -0.01 0.12 0.11 -0.1
633 46 92 63 25 -0.02 -0.06 -0.01 0.14 0.09 -0.09
634 43 94 63 25 -0.02 -0.04 -0.01 -0.03 0.04 -0.04
635 49 94 62 24 -0.04 -0.09 -0.01 -0.17 0.04 -0.01
636 56 96 59 25 -0.04 -0.13 -0.01 -0.15 0.1 0.01
637 58 92 57 27 -0.03 -0.17 0.0 0.01 0.12 -0.01
638 55 91 56 27 -0.04 -0.13 0.01 0.16 0.17 0.0
639 57 104 55 26 -0.05 -0.1 0.01 0.13 0.15 -0.02
640 58 98 55 25 -0.06 -0.06 0.02 0.12 0.12 0.04
641 55 95 54 24 -0.07 -0.06 0.01 -0.03 0.09 -0.09
642 48 93 53 24 -0.06 -0.06 0.01 -0.07 0.1 -0.08
643 45 94 53 27 -0.05 -0.04 0.01 -0.08 0.07 -0.08
644 47 93 53 26 -0.05 -0.03 0.01 0.03 0.05 -0.05
645 42 92 54 25 -0.04 -0.03 0.01 0.02 0.05 -0.07
646 54 94 58 25 -0.02 -0.02 0.01 0.0 0.02 -0.12
647 55 95 59 24 -0.0 -0.0 0.0 -0.03 0.01 -0.15
648 49 96 59 24 0.01 -0.01 -0.0 -0.04 0.02 -0.1
649 45 98 58 24 0.02 -0.03 -0.01 -0.13 0.03 -0.13
650 41 96 57 28 0.03 -0.03 -0.02 -0.06 0.1 -0.1
651 47 97 60 27 0.04 -0.03 -0.02 -0.03 0.13 -0.07
652 43 97 63 26 0.04 -0.03 -0.03 -0.01 0.08 -0.05
653 36 96 66 25 0.05 -0.03 -0.03 0.0 0.13 -0.04
654 52 97 63 25 0.05 -0.03 -0.03 0.0 0.12 -0.04
655 49 98 60 24 0.04 -0.05 -0.03 -0.02 0.09 -0.06
656 55 98 58 24 0.03 -0.1 -0.02 -0.02 0.1 -0.05
657 48 97 57 24 0.03 -0.12 -0.01 -0.03 0.09 -0.09
658 42 95 55 29 0.01 -0.21 0.0 -0.12 0.06 -0.11
659 37 96 56 27 0.01 -0.28 0.01 0.0 0.03 -0.08
660 37 95 56 24 0.02 -0.27 0.01 0.06 0.09 -0.03
661 35 94 56 26 0.02 -0.22 0.01 0.1 0.08 -0.06
662 55 94 56 25 0.03 -0.14 -0.01 0.14 0.18 -0.07
663 67 101 56 26 0.03 -0.08 -0.01 0.17 0.21 0.0
664 56 100 58 25 -0.01 -0.06 -0.02 0.02 0.18 0.06
665 56 98 59 25 -0.03 -0.1 -0.02 -0.15 0.15 0.01
-200 -200 -200 -200 -200 -200 -200 -200 -200 -200 -200
666 47 95 56 29 -0.02 -0.1 -0.02 -0.09 0.15 -0.05
667 44 104 58 28 -0.02 -0.08 -0.01 0.01 0.11 0.0
668 39 104 58 27 -0.04 -0.05 -0.0 0.05 0.07 -0.03
669 33 99 56 26 -0.05 -0.04 0.0 0.01 0.06 -0.13
670 35 108 55 29 -0.02 -0.02 -0.01 -0.03 0.03 -0.17
671 34 106 57 28 -0.0 -0.02 -0.01 -0.1 0.0 -0.07
672 35 103 54 28 0.02 -0.05 -0.01 -0.16 -0.05 -0.09
673 47 102 57 26 0.07 -0.13 -0.03 -0.16 -0.06 -0.22
674 53 106 56 27 0.1 -0.17 -0.02 -0.11 0.0 -0.13
675 61 216 57 35 0.11 -0.18 -0.02 0.17 0.13 0.05
676 77 314 57 36 0.12 -0.15 -0.02 0.27 0.09 0.04
677 82 340 56 41 0.38 -0.08 -0.04 0.2 0.08 -0.49
678 98 501 58 39 0.55 -0.05 -0.04 0.03 0.04 -0.1
679 94 484 58 44 0.5 -0.23 0.02 -0.06 -0.11 0.82
680 86 521 59 73 0.44 -0.57 0.05 0.08 0.42 2.21
681 89 565 61 63 0.42 -0.75 0.05 0.19 0.75 2.46
682 84 583 62 56 0.54 -0.82 0.0 -0.62 0.42 2.55
683 96 672 67 50 1.35 -1.39 -0.32 2.08 2.27 2.91
684 100 692 74 56 1.53 -1.59 -0.3 1.83 0.44 3.02
685 99 845 80 50 1.68 -1.34 -0.32 0.86 1.11 3.98
686 107 878 80 52 1.99 -1.27 -0.49 0.66 1.34 3.38
687 108 906 82 58 2.2 -1.2 -0.55 0.69 1.45 3.73
688 104 891 91 55 2.25 -1.35 -0.6 0.51 1.41 4.09
689 105 966 108 62 2.4 -1.65 -0.73 0.16 1.08 3.23
690 100 966 114 61 2.48 -1.77 -0.8 0.58 1.09 2.87
691 124 964 120 63 2.46 -1.65 -0.84 -0.44 0.5 1.49
692 123 967 134 64 2.54 -1.56 -0.86 -0.44 -0.04 0.98
693 138 967 146 62 2.64 -1.56 -0.88 -0.51 -0.14 0.73
694 185 924 141 59 2.73 -1.52 -0.9 0.15 -0.6 0.33
695 218 903 146 52 2.55 -1.17 -0.73 -0.6 -1.37 0.0
696 217 929 133 51 2.48 -1.08 -0.64 -0.68 -1.54 -0.78
697 253 926 151 53 2.34 -0.91 -0.51 -1.0 -1.95 -1.46
698 274 922 158 63 2.18 -0.87 -0.39 -0.7 -2.23 -2.31
699 272 966 166 55 2.07 -0.84 -0.34 -1.02 -2.03 -2.39
700 293 966 157 54 1.78 -0.84 -0.27 -1.17 -2.2 -2.86
701 257 955 161 66 1.41 -0.77 -0.22 -1.31 -2.33 -3.43
702 217 913 194 74 1.22 -0.67 -0.2 -1.05 -2.4 -3.86
703 187 839 204 79 0.84 -0.47 -0.17 -0.85 -2.4 -3.88
704 247 872 189 70 0.47 -0.34 -0.15 -0.99 -2.22 -3.28
705 217 965 167 71 0.3 -0.28 -0.14 -0.94 -2.01 -3.01
706 210 960 177 67 -0.0 -0.1 -0.06 -1.05 -1.82 -2.8
707 213 943 207 76 -0.23 -0.02 0.02 -0.93 -1.55 -1.97
708 185 915 208 76 -0.29 -0.04 0.04 -0.86 -1.45 -1.59
709 166 934 205 69 -0.38 -0.08 0.05 -0.7 -1.12 -0.76
710 214 935 218 76 -0.43 -0.05 0.02 -0.5 -0.65 -0.07
711 185 917 203 71 -0.42 0.02 0.0 -0.52 -0.54 0.04
712 203 928 220 68 -0.39 0.13 -0.03 -0.4 -0.31 0.32
713 212 878 242 64 -0.34 0.13 -0.03 -0.4 -0.2 0.33
714 227 841 234 56 -0.23 0.03 -0.06 -0.21 -0.16 0.45
715 236 824 232 60 -0.13 0.02 -0.1 0.0 0.24 0.33
716 216 831 237 62 -0.11 0.05 -0.11 0.11 0.44 -0.07
717 180 780 219 59 -0.09 0.13 -0.14 -0.08 0.48 -0.23
718 206 739 229 54 -0.07 0.14 -0.14 -0.22 0.48 -0.35
719 239 781 222 66 -0.08 0.11 -0.12 -0.39 0.23 -0.23
720 202 734 203 66 -0.09 0.1 -0.06 -0.55 0.16 -0.14
721 177 692 198 64 -0.1 0.09 0.01 -0.4 0.13 -0.23
722 181 659 196 66 -0.1 0.04 0.07 -0.28 0.1 -0.22
723 166 641 205 59 -0.11 0.03 0.09 -0.21 0.05 -0.14
724 239 628 200 57 -0.1 0.05 0.11 -0.16 0.01 -0.14
725 226 569 195 62 -0.1 0.06 0.11 -0.06 0.0 -0.03
726 189 580 182 57 -0.1 0.05 0.1 -0.16 0.02 -0.13
727 161 599 171 51 -0.09 0.03 0.09 0.07 0.01 -0.17
728 143 632 171 52 -0.09 0.03 0.08 -0.01 0.03 -0.18
729 135 590 154 50 -0.09 0.03 0.04 0.06 0.02 -0.08
730 165 544 147 45 -0.08 0.07 0.0 -0.09 0.03 -0.1
731 218 537 147 43 -0.06 0.08 -0.02 -0.01 0.05 -0.03
732 204 593 146 43 -0.05 0.08 -0.02 -0.14 0.06 -0.06
733 170 561 157 43 -0.04 0.07 -0.01 -0.1 0.02 -0.14
734 142 542 147 52 -0.04 0.07 0.01 -0.06 0.03 -0.17
735 124 549 145 49 -0.02 0.07 0.02 -0.03 -0.01 -0.13
736 155 536 141 46 -0.02 0.09 0.03 -0.03 0.02 -0.09
737 162 591 142 41 -0.02 0.09 0.02 0.0 0.03 -0.31
738 140 571 148 37 -0.02 0.08 0.03 0.03 0.02 -0.37
739 127 517 153 34 -0.0 0.03 0.02 0.0 0.06 -0.21
740 137 483 158 35 0.01 0.01 0.01 0.04 0.08 -0.17
741 122 476 163 33 0.01 0.02 0.0 0.05 0.09 -0.2
742 115 596 167 43 0.01 0.06 0.0 0.01 0.1 -0.19
743 99 543 154 44 0.01 0.08 -0.01 -0.01 0.07 -0.44
744 121 510 154 40 0.0 0.12 -0.0 0.05 0.1 -0.48
745 106 483 144 42 0.0 0.13 0.0 -0.04 -0.01 -0.37
746 104 478 157 38 -0.0 0.11 0.0 -0.21 0.0 -0.12
747 92 443 145 39 -0.01 0.11 0.0 -0.29 -0.04 -0.17
748 78 393 134 39 -0.03 0.13 0.01 -0.36 -0.14 -0.14
749 78 385 121 36 -0.02 0.13 0.02 -0.31 -0.26 -0.51
750 82 327 109 33 -0.02 0.17 0.05 -0.3 -0.34 -0.54
751 88 286 101 31 -0.04 0.31 0.1 -0.68 -0.49 -0.61
752 86 245 94 33 -0.06 0.33 0.12 -0.57 -0.56 -0.63
753 79 219 89 31 -0.1 0.33 0.16 -0.54 -0.61 -0.68
754 75 202 86 30 -0.2 0.36 0.22 -0.43 -0.63 -0.95
755 70 196 83 28 -0.28 0.45 0.26 -0.28 -1.04 -1.17
756 90 186 83 27 -0.42 0.77 0.32 -0.63 -1.23 -1.29
757 93 177 86 26 -0.59 1.12 0.44 -0.78 -1.31 -1.66
758 97 161 86 26 -0.67 1.22 0.49 -0.7 -1.28 -2.01
759 86 154 84 26 -0.86 1.38 0.57 -0.56 -1.17 -2.11
760 88 151 83 25 -1.08 1.63 0.63 -0.4 -0.93 -2.15
761 99 150 81 25 -1.23 1.82 0.63 -0.24 -0.72 -1.98
762 113 152 81 25 -1.59 2.23 0.67 -0.31 -0.47 -2.2
763 102 157 85 25 -2.0 2.38 0.66 -1.72 -0.44 -2.31
764 97 214 84 29 -2.15 2.32 0.62 -2.62 -0.84 -2.49
765 87 190 85 27 -2.15 1.9 0.47 -1.2 -0.8 -2.4
766 80 170 88 29 -2.26 1.82 0.46 -1.24 -0.8 -2.01
767 74 149 91 27 -2.41 1.64 0.47 -0.85 -0.88 -0.5
768 79 135 86 32 -2.66 0.89 0.45 -0.53 -0.8 -0.19
769 84 129 84 34 -2.66 0.25 0.42 0.25 -0.3 0.38
770 76 121 83 31 -2.64 0.1 0.4 0.67 -0.29 1.13
771 76 122 78 45 -2.67 0.26 0.33 0.61 -0.26 1.18
772 137 121 76 54 -2.57 0.6 0.19 0.38 -0.29 1.02
773 115 110 73 47 -2.48 0.74 0.22 1.06 -0.02 0.91
774 94 102 70 41 -2.26 0.99 0.04 1.04 0.07 0.35
775 85 96 68 52 -2.11 1.06 -0.06 0.39 -0.49 0.5
776 75 93 68 45 -1.98 0.97 -0.07 -0.02 -0.4 0.57
777 64 88 68 40 -1.76 0.7 -0.08 0.01 -0.58 0.95
778 56 85 69 37 -1.58 0.53 -0.11 0.25 -0.56 -1.62
779 48 83 79 34 -1.44 0.25 -0.08 -2.03 -3.19 13.35
780 44 82 108 33 -0.13 0.2 0.21 1.8 -3.31 15.51
781 74 82 103 31 0.76 1.05 -0.22 -0.15 1.81 1.96
782 67 79 95 29 0.7 1.2 -0.21 -1.58 1.22 0.03
783 79 80 87 27 0.45 1.26 -0.37 -1.95 1.71 -1.19
784 67 78 84 27 0.15 0.77 -0.27 -2.06 0.52 -0.16
785 57 77 76 26 0.17 0.37 -0.24 -0.7 0.22 0.02
786 48 77 69 26 0.17 -0.28 -0.13 0.64 0.06 -0.08
787 48 77 65 25 0.1 -0.5 0.02 1.35 -0.26 -0.04
788 47 75 65 25 0.12 -0.36 0.03 0.92 -0.26 -0.36
789 39 75 67 24 0.08 0.03 0.03 0.67 -0.31 -0.32
790 35 75 69 24 0.1 0.27 0.02 0.17 -0.21 -0.14
791 51 77 68 24 0.1 0.32 0.02 -0.25 -0.02 0.14
792 43 76 66 24 0.02 0.22 0.02 -0.39 0.08 0.2
793 36 76 62 24 -0.04 0.08 0.03 -0.38 0.21 0.11
794 33 76 67 24 0.0 0.04 0.0 -0.35 0.24 0.13
795 32 76 71 24 0.03 0.02 -0.0 -0.23 0.04 0.06
796 28 75 71 29 0.07 0.04 -0.01 0.0 0.23 -0.04
797 32 76 67 28 0.08 0.05 -0.01 -0.08 0.06 -0.01
798 28 77 64 27 0.12 0.04 -0.01 -0.02 0.12 0.0
799 26 77 65 27 0.11 0.04 -0.02 -0.01 0.07 0.01
800 24 75 64 26 0.1 0.05 -0.03 -0.03 0.09 -0.01
801 39 78 64 25 0.07 0.05 -0.05 -0.06 0.11 0.0
802 36 77 60 30 0.06 0.05 -0.06 -0.01 0.1 0.0
803 31 76 61 29 0.06 0.05 -0.05 -0.03 0.11 0.0
804 29 76 69 27 0.03 0.02 -0.04 -0.02 0.04 0.0
805 29 75 76 27 0.04 0.01 -0.02 -0.02 0.06 -0.06
806 27 75 70 26 0.04 -0.01 -0.02 -0.04 0.05 -0.02
807 25 76 66 25 0.02 -0.03 -0.01 0.01 0.11 0.05
808 24 76 68 28 -0.01 -0.01 -0.02 0.03 0.12 -0.02
809 31 78 64 27 -0.02 -0.01 -0.02 0.03 0.13 -0.01
810 28 81 60 26 -0.03 0.0 -0.02 0.0 0.07 -0.05
811 26 82 65 25 -0.04 0.01 -0.01 -0.04 0.05 -0.06
812 20 82 66 25 -0.03 0.01 -0.01 -0.1 0.08 -0.04
-100 -100 -100 -100 -100 -100 -100 -100 -100 -100 -100
813 25 85 63 25 -0.02 0.0 -0.01 -0.09 0.11 -0.03
814 27 85 66 25 -0.01 -0.0 -0.02 -0.04 0.09 -0.08
815 25 85 63 31 -0.01 -0.01 -0.02 -0.04 0.09 -0.07
816 34 85 62 29 -0.01 -0.01 -0.03 -0.02 0.05 -0.01
817 30 85 68 28 -0.01 -0.01 -0.04 -0.03 0.05 -0.05
818 27 85 68 27 -0.01 -0.01 -0.03 -0.04 0.04 -0.02
819 25 86 67 26 -0.01 -0.02 -0.03 0.0 0.04 -0.03
820 24 84 63 26 -0.02 -0.02 -0.02 0.04 0.0 -0.06
821 23 87 60 25 -0.02 -0.03 -0.01 0.03 0.0 -0.03
822 33 84 60 29 -0.02 -0.03 -0.0 0.03 0.0 -0.05
823 32 85 67 28 -0.02 -0.02 -0.0 -0.03 0.08 -0.06
824 28 83 67 27 -0.01 -0.01 -0.01 -0.09 0.07 -0.02
825 28 83 66 26 -0.02 -0.02 -0.01 -0.08 0.07 -0.03
826 26 84 74 25 -0.01 -0.04 -0.01 -0.04 0.12 -0.03
827 24 84 70 24 -0.01 -0.04 -0.01 0.0 0.08 -0.02
828 24 85 67 24 -0.01 -0.02 -0.01 0.05 0.03 -0.07
829 23 85 65 24 -0.0 -0.0 -0.01 0.01 0.0 -0.12
830 31 86 66 24 0.0 0.0 -0.02 -0.07 0.03 -0.06
831 29 85 63 26 0.02 0.01 -0.02 -0.06 0.09 -0.02
832 27 84 66 25 0.02 -0.0 -0.03 -0.06 0.13 -0.03
833 25 86 69 25 0.01 -0.01 -0.03 -0.05 0.11 -0.02
834 24 86 74 24 0.01 -0.01 -0.02 0.0 0.07 -0.04
835 32 86 71 24 0.0 -0.0 -0.02 0.01 0.01 -0.05
836 32 87 75 24 0.01 -0.0 -0.02 -0.01 0.02 -0.01
837 30 87 70 24 0.01 0.0 -0.02 -0.01 0.07 -0.05
838 28 88 74 23 0.0 -0.0 -0.01 -0.01 0.07 -0.02
839 26 88 75 29 -0.0 -0.01 -0.0 0.03 0.09 -0.03
840 25 89 73 27 -0.01 -0.01 -0.0 -0.01 0.08 -0.04
841 38 92 77 26 -0.02 -0.01 0.0 -0.02 0.08 -0.04
842 35 88 73 25 -0.02 -0.01 0.0 -0.03 0.08 -0.05
843 31 88 75 25 -0.02 -0.01 0.0 -0.02 0.07 -0.03
844 29 88 71 24 -0.02 -0.01 0.01 0.0 0.07 -0.07
845 37 87 72 26 -0.02 -0.01 0.01 0.02 0.06 -0.05
846 36 86 67 26 -0.02 -0.01 0.01 0.0 0.05 -0.02
847 35 87 65 25 -0.01 0.0 0.0 0.0 0.07 -0.05
848 37 87 63 25 -0.01 0.0 0.0 0.0 0.13 -0.01
849 40 89 63 24 -0.02 -0.01 -0.0 -0.03 0.15 -0.01
850 40 97 61 26 -0.03 -0.0 -0.01 0.01 0.1 -0.02
851 38 102 61 25 -0.03 0.0 -0.01 0.07 0.14 0.0
852 46 117 59 25 -0.03 0.03 -0.03 0.14 0.17 -0.02
853 43 122 58 24 -0.02 0.07 -0.05 0.06 0.2 0.0
854 46 146 57 26 -0.02 0.08 -0.05 0.04 0.21 0.05
855 46 172 57 26 0.0 0.08 -0.06 0.03 0.15 0.04
856 61 180 56 35 -0.01 0.09 -0.05 0.09 0.02 0.03
857 60 195 57 34 0.0 0.1 -0.04 0.09 -0.02 -0.06
858 69 268 58 32 0.03 0.1 0.01 0.04 -0.14 -0.15
859 74 270 56 32 0.08 0.09 0.02 -0.05 -0.23 -0.08
860 68 244 56 30 0.11 0.06 0.01 -0.17 -0.17 -0.2
861 73 283 57 29 0.13 0.01 0.01 -0.04 -0.11 0.0
862 76 358 57 37 0.13 -0.05 0.01 0.12 0.04 0.04
-200 -200 -200 -200 -200 -200 -200 -200 -200 -200 -200
863 71 383 56 34 0.17 -0.09 0.02 0.12 0.0 0.22
864 63 428 55 32 0.32 -0.11 0.02 0.0 0.07 0.1
865 55 400 54 30 0.52 -0.12 0.0 -0.19 -0.14 0.08
866 56 452 56 42 0.58 -0.11 0.0 -0.36 -0.07 0.13
867 70 474 56 40 0.58 -0.14 0.02 -0.16 0.13 0.77
868 74 471 59 37 0.7 -0.19 -0.04 -0.05 0.97 1.1
869 73 434 60 39 0.69 -0.24 -0.01 0.87 0.11 1.85
870 76 495 58 60 1.0 -0.37 -0.04 -0.13 1.48 2.75
871 93 602 61 67 1.14 -0.45 -0.08 -0.44 0.59 2.93
872 97 599 72 59 1.32 -0.51 -0.09 0.26 0.97 3.04
873 96 639 87 53 1.66 -0.46 -0.16 0.55 1.11 2.64
874 103 787 92 54 2.03 -0.3 -0.22 0.21 1.09 2.66
875 91 764 92 50 2.08 -0.27 -0.22 -0.14 0.99 3.15
876 101 777 93 51 1.94 -0.97 -0.19 -0.9 1.16 3.59
877 130 895 95 58 1.68 -2.33 -0.22 -0.77 1.42 2.77
878 115 771 108 64 1.69 -2.94 -0.29 -0.57 0.83 1.81
879 116 848 121 57 1.87 -3.29 -0.51 0.34 0.62 0.72
880 141 965 133 60 2.1 -3.21 -0.59 0.09 -0.58 0.67
881 144 911 140 65 2.38 -3.14 -0.7 0.76 -0.44 0.65
882 154 881 160 57 2.17 -2.64 -0.6 -1.07 -0.91 0.53
883 141 867 206 54 2.07 -2.33 -0.6 -1.29 -1.13 0.37
884 143 966 235 99 1.94 -2.06 -0.5 -0.94 -1.41 0.3
885 150 966 346 115 1.72 -1.3 -0.39 -0.81 -1.53 -0.02
886 139 937 317 99 1.47 -0.71 -0.25 -1.17 -1.83 -0.52
887 183 904 276 101 1.37 -0.58 -0.19 -1.2 -1.98 -0.77
888 232 886 289 104 1.24 -0.59 -0.14 -1.43 -1.95 -2.26
889 196 877 348 97 1.17 -0.6 -0.13 -1.05 -1.99 -2.49
890 176 915 314 85 1.12 -0.56 -0.13 -1.12 -2.02 -2.17
891 216 967 281 103 0.99 -0.46 -0.12 -1.13 -1.65 -1.44
892 244 967 261 106 0.86 -0.4 -0.11 -0.93 -1.32 -2.31
893 254 966 283 101 0.81 -0.36 -0.09 -0.86 -1.32 -2.54
894 217 931 287 96 0.73 -0.39 -0.08 -0.63 -1.32 -2.42
895 194 904 257 85 0.67 -0.36 -0.11 -0.46 -1.0 -1.27
896 182 853 223 78 0.58 -0.31 -0.12 -0.71 -0.92 -1.11
897 157 773 234 70 0.4 -0.19 -0.14 -0.79 -0.68 -1.58
898 143 764 267 69 0.25 -0.09 -0.13 -0.54 -0.57 -1.82
899 210 772 245 75 0.19 -0.05 -0.11 -0.52 -0.53 -1.78
900 186 716 246 66 0.08 -0.06 -0.09 -0.49 -0.39 -1.6
901 219 650 246 63 -0.03 -0.04 -0.06 -0.25 -0.29 -1.41
902 202 716 233 55 -0.07 -0.02 -0.05 -0.27 -0.17 -1.15
903 165 679 211 52 -0.13 -0.02 -0.07 -0.23 0.0 -0.79
904 153 696 208 51 -0.16 0.01 -0.07 -0.01 0.0 -0.78
905 171 659 225 48 -0.18 0.03 -0.08 0.02 0.02 -0.65
906 205 664 225 51 -0.19 0.05 -0.1 -0.05 0.07 -0.64
907 187 680 239 51 -0.21 0.09 -0.1 -0.26 0.15 -0.23
908 173 664 227 47 -0.22 0.09 -0.1 -0.27 0.19 -0.22
909 148 653 202 48 -0.21 0.08 -0.09 -0.22 0.2 -0.21
910 220 769 207 58 -0.19 0.07 -0.05 -0.26 0.15 -0.22
911 187 797 212 59 -0.18 0.07 -0.04 -0.24 0.09 -0.18
912 183 705 225 56 -0.17 0.1 -0.01 -0.33 0.11 -0.09
913 233 736 213 55 -0.18 0.13 0.02 -0.45 0.1 0.18
914 201 735 212 60 -0.18 0.13 0.03 -0.44 0.08 0.12
915 184 784 242 62 -0.15 0.11 0.06 -0.28 0.17 0.06
916 167 762 229 54 -0.12 0.09 0.09 -0.15 0.14 0.02
917 219 821 233 49 -0.1 0.08 0.1 -0.06 0.14 0.08
918 199 773 214 51 -0.07 0.06 0.09 -0.03 0.09 0.22
919 212 803 219 51 -0.06 0.04 0.07 0.02 0.08 0.11
920 182 787 274 49 -0.04 0.04 0.06 0.13 0.09 -0.01
921 167 714 269 45 -0.02 0.09 0.06 0.07 0.0 -0.03
922 165 693 251 45 -0.0 0.09 0.05 -0.01 -0.06 0.0
923 149 638 242 55 0.01 0.07 0.04 -0.05 -0.08 0.0
924 160 666 259 63 0.0 0.06 0.03 -0.14 -0.07 -0.05
925 137 655 238 56 0.0 0.02 0.03 0.07 -0.03 -0.31
926 122 612 234 51 0.01 0.01 0.04 0.06 -0.01 -0.23
927 112 603 225 45 0.01 0.03 0.04 0.08 -0.02 -0.14
928 110 698 211 42 0.0 0.07 0.03 -0.03 -0.07 -0.1
929 205 631 190 44 -0.0 0.06 0.03 -0.02 -0.04 -0.04
930 175 599 215 40 0.0 0.04 0.02 -0.12 -0.14 -0.21
931 160 581 208 39 0.01 0.01 0.01 0.0 -0.11 -0.2
932 158 586 210 42 0.02 0.0 0.01 0.02 -0.06 -0.16
933 144 633 199 39 0.01 0.02 0.0 0.0 -0.08 -0.16
934 119 609 193 35 0.0 0.03 -0.03 -0.04 -0.01 -0.08
935 104 619 180 35 -0.01 0.05 -0.03 -0.1 -0.03 -0.12
936 100 585 174 34 -0.02 0.05 -0.03 -0.2 -0.04 -0.36
937 91 496 167 32 -0.02 0.03 -0.02 -0.25 -0.05 -0.38
938 84 483 165 31 -0.02 -0.02 0.0 -0.21 -0.09 -0.38
939 86 466 162 32 -0.03 0.02 0.03 -0.17 -0.02 -0.25
940 118 460 154 38 -0.04 0.05 0.03 -0.17 -0.03 -0.14
941 101 454 145 35 -0.05 0.06 0.04 -0.13 0.0 -0.23
942 83 443 155 34 -0.06 0.06 0.04 -0.16 -0.05 -0.32
943 84 428 152 35 -0.06 0.05 0.04 -0.13 -0.05 -0.28
944 73 371 149 32 -0.06 0.03 0.03 -0.11 -0.01 -0.31
945 76 371 151 32 -0.05 0.0 0.03 -0.07 0.0 -0.11
946 77 382 143 31 -0.05 0.01 0.02 -0.19 -0.01 -0.15
947 72 387 137 29 -0.05 0.02 0.02 -0.21 -0.02 -0.22
948 63 338 138 33 -0.05 0.04 0.03 -0.24 -0.09 -0.47
949 55 331 121 37 -0.05 0.03 0.04 -0.19 -0.15 -0.5
950 53 337 107 35 -0.08 0.04 0.07 -0.14 -0.22 -0.53
951 45 295 98 34 -0.14 0.1 0.11 -0.21 -0.55 -0.49
952 42 295 90 33 -0.17 0.16 0.13 -0.25 -0.82 -0.69
953 44 271 85 31 -0.24 0.34 0.21 -0.35 -1.23 -0.79
954 54 236 78 29 -0.29 0.56 0.31 -0.73 -1.63 -1.33
955 58 202 75 28 -0.35 0.63 0.36 -0.96 -2.11 -2.13
956 52 176 73 27 -0.47 0.67 0.47 -0.97 -1.93 -2.36
957 48 155 78 26 -0.64 0.75 0.52 -1.12 -1.29 -2.52
958 67 144 76 27 -0.76 0.86 0.54 -1.0 -0.92 -2.58
959 73 136 73 26 -1.05 1.18 0.6 -0.73 -0.71 -2.56
960 78 128 71 26 -1.39 1.49 0.67 -0.24 -0.35 -2.03
961 87 134 68 25 -1.56 1.6 0.67 -0.05 -0.09 -1.81
962 85 137 73 25 -1.85 1.75 0.64 -0.33 0.01 -1.62
963 101 127 81 25 -2.16 1.78 0.57 -0.61 0.33 -1.79
964 105 124 89 25 -2.31 1.72 0.54 -0.26 0.54 -1.45
965 88 116 86 24 -2.6 1.54 0.47 -0.18 0.25 -1.23
966 76 107 87 24 -2.77 1.18 0.34 -1.17 0.2 -0.6
967 65 104 86 24 -2.88 1.13 0.34 -0.99 -0.17 0.41
968 56 102 82 34 -2.93 1.17 0.26 -0.52 0.02 0.59
969 67 104 77 34 -2.83 1.11 0.17 0.49 -0.12 -0.29
970 63 103 72 32 -2.68 1.02 0.16 1.15 0.12 -0.32
971 57 102 72 53 -2.38 0.68 0.24 0.71 -0.57 0.1
972 50 95 72 52 -1.98 0.5 0.22 0.21 -0.29 0.99
973 47 90 69 45 -1.88 0.53 0.18 0.04 -0.62 1.85
974 41 88 70 42 -1.68 0.67 0.11 -0.02 -0.5 1.86
975 36 84 70 38 -1.46 0.66 0.07 -0.15 -0.41 1.85
976 31 80 73 35 -1.37 0.63 -0.0 -0.01 -0.4 1.43
977 30 79 73 32 -1.27 0.57 -0.06 0.84 -0.34 -0.75
978 27 80 72 30 -0.77 0.59 -0.03 -1.2 -2.39 4.54
979 30 83 98 29 -0.32 0.4 -0.03 0.72 -1.9 7.99
980 37 84 96 27 0.62 0.35 0.05 3.33 0.73 5.88
981 37 84 92 27 0.43 1.21 -0.07 -1.39 0.02 1.33
982 35 86 88 26 0.49 0.77 -0.2 -0.28 0.63 0.19
983 31 85 84 25 0.32 0.47 -0.22 -0.82 0.31 -0.15
984 36 88 85 25 0.33 0.25 -0.16 -0.42 0.13 0.17
985 33 92 82 24 0.32 0.08 -0.11 0.53 0.2 0.16
986 30 92 81 24 0.27 0.02 -0.03 0.66 0.1 0.08
987 27 92 86 24 0.21 0.2 -0.01 0.5 0.2 0.03
988 24 93 85 24 0.18 0.32 -0.01 0.11 0.24 0.1
989 23 95 80 23 0.1 0.34 -0.01 -0.08 0.27 0.17
990 22 95 79 23 0.03 0.19 -0.01 -0.39 0.21 0.12
991 20 96 77 24 0.03 0.14 -0.0 -0.37 0.2 0.09
992 41 95 75 23 0.04 0.06 0.0 -0.24 0.2 0.04
993 40 97 72 23 0.07 0.08 -0.01 -0.08 0.12 0.0
994 36 96 73 23 0.09 0.1 -0.02 -0.01 0.08 -0.07
995 33 95 69 23 0.11 0.12 -0.04 -0.02 0.06 -0.06
996 30 97 67 23 0.1 0.06 -0.03 -0.1 0.05 0.0
997 34 97 67 23 0.08 -0.0 -0.03 -0.16 0.0 -0.06
998 35 96 72 23 0.09 -0.04 -0.03 -0.1 0.02 -0.01
999 35 96 67 23 0.09 -0.02 -0.04 -0.02 0.07 0.0
1000 33 97 70 23 0.08 -0.0 -0.04 0.01 0.09 0.03
1001 30 98 75 23 0.06 0.04 -0.04 0.0 0.07 -0.05
1002 27 96 70 23 0.06 0.07 -0.04 -0.01 0.07 -0.02
1003 27 99 67 24 0.05 0.06 -0.04 -0.03 0.09 0.0
1004 35 98 65 23 0.04 0.04 -0.04 -0.04 0.09 0.0
1005 33 97 67 23 0.01 0.0 -0.03 -0.05 0.07 -0.02
1006 29 98 69 23 0.02 -0.0 -0.03 -0.03 0.06 -0.04
1007 30 96 65 23 0.02 -0.0 -0.03 -0.02 0.07 -0.06
1008 29 96 64 23 0.02 -0.02 -0.03 -0.04 0.05 -0.06
1009 25 96 67 23 0.02 -0.02 -0.03 -0.07 0.05 -0.06
1010 26 96 65 24 0.02 -0.01 -0.03 -0.04 0.09 -0.05
1011 24 97 67 23 0.01 -0.01 -0.03 0.01 0.12 -0.03
1012 22 95 69 23 -0.0 -0.01 -0.02 0.06 0.09 -0.05
-100 -100 -100 -100 -100 -100 -100 -100 -100 -100 -100
1013 33 93 67 23 -0.02 0.0 -0.02 0.0 0.05 -0.04
1014 36 95 64 23 -0.03 -0.0 -0.01 -0.03 0.03 -0.05
1015 33 94 66 26 -0.02 0.0 -0.01 -0.1 0.06 -0.1
1016 30 96 62 25 -0.02 -0.02 -0.0 -0.13 0.05 -0.05
1017 27 98 67 24 -0.01 -0.05 -0.0 -0.07 0.08 -0.06
1018 25 98 65 24 -0.01 -0.05 -0.0 0.0 0.07 -0.07
1019 23 98 62 23 -0.0 -0.04 -0.0 0.01 0.06 -0.04
1020 26 100 64 23 -0.0 -0.01 -0.01 0.03 0.05 -0.08
1021 39 99 64 25 0.0 0.0 -0.01 -0.04 0.07 -0.08
1022 34 98 65 25 -0.01 -0.01 -0.01 -0.09 0.04 -0.05
1023 31 99 62 24 -0.0 -0.02 -0.01 -0.04 0.05 -0.04
1024 28 97 63 24 0.0 -0.02 -0.02 -0.02 0.1 -0.03
1025 27 98 62 24 0.01 -0.01 -0.02 -0.02 0.1 -0.03
1026 29 99 59 23 0.0 -0.01 -0.02 -0.05 0.08 -0.06
1027 41 101 60 23 0.01 -0.02 -0.01 0.0 0.05 -0.03
1028 37 101 59 24 0.0 -0.01 -0.01 -0.03 0.04 -0.05
1029 33 101 58 24 0.0 -0.03 -0.02 -0.11 0.05 -0.04
1030 30 101 58 23 -0.0 -0.04 -0.01 -0.05 0.05 -0.09
1031 27 101 58 23 -0.0 -0.05 -0.01 0.04 0.07 -0.03
1032 27 103 59 23 -0.0 -0.04 -0.0 0.04 0.07 -0.04
1033 35 104 62 23 -0.0 -0.03 -0.0 0.0 0.05 -0.07
1034 32 102 60 24 0.0 -0.01 -0.0 -0.01 0.07 -0.04
1035 30 104 58 24 0.0 0.01 -0.01 -0.06 0.05 -0.07
1036 29 102 58 23 -0.01 -0.0 -0.01 -0.05 0.07 -0.05
1037 29 99 61 24 -0.0 -0.03 -0.01 -0.03 0.07 -0.07
1038 26 100 60 23 -0.0 -0.03 -0.0 0.0 0.04 -0.08
1039 32 100 59 23 0.0 -0.02 0.0 -0.02 0.01 -0.08
1040 35 100 61 25 0.0 -0.02 -0.0 -0.04 0.05 -0.04
1041 31 100 60 25 0.01 -0.01 -0.0 -0.05 0.08 -0.05
1042 27 99 59 24 0.01 -0.01 -0.0 -0.04 0.06 -0.02
1043 26 97 60 24 0.01 -0.02 -0.01 -0.07 0.08 -0.09
1044 25 97 58 24 0.0 -0.03 -0.0 -0.05 0.07 -0.06
1045 34 97 61 23 0.0 -0.03 -0.01 0.0 0.03 -0.04
1046 31 97 60 25 0.01 -0.01 -0.01 0.0 0.06 -0.04
1047 30 97 60 25 0.02 -0.0 -0.01 -0.01 0.06 -0.05
1048 26 96 61 24 0.02 -0.0 -0.01 -0.03 0.06 -0.05
1049 26 92 60 24 0.01 -0.0 -0.01 -0.06 0.05 -0.07
1050 33 93 59 24 0.0 -0.02 -0.01 -0.04 0.06 -0.04
1051 29 93 58 24 -0.0 -0.02 -0.0 -0.03 0.07 -0.07
1052 33 93 57 24 0.01 -0.01 -0.0 0.0 0.07 -0.05
1053 29 91 57 22 0.01 -0.01 0.0 -0.01 0.07 -0.05
1054 38 89 62 23 0.01 -0.0 0.0 -0.06 0.04 -0.09
1055 34 88 63 24 0.01 -0.0 0.0 -0.05 0.02 -0.06
1056 29 87 61 24 0.02 -0.0 -0.0 -0.09 0.05 -0.04
1057 27 88 60 25 0.02 -0.01 -0.0 -0.07 0.06 -0.07
1058 31 90 58 25 0.01 -0.03 -0.0 -0.06 0.06 -0.05
1059 39 91 61 25 0.01 -0.03 -0.01 0.0 0.13 -0.04
1060 33 90 62 24 0.01 -0.03 -0.0 0.0 0.12 -0.02
1061 32 90 60 24 0.0 -0.02 -0.0 -0.01 0.07 -0.05
1062 28 90 58 25 -0.0 -0.01 0.0 -0.08 0.01 -0.07
1063 24 89 64 25 0.0 -0.01 0.01 -0.14 0.01 -0.1
1064 32 91 67 24 0.01 -0.07 0.01 -0.47 0.12 -0.07
1065 33 90 65 24 0.02 -0.19 0.03 -0.1 0.09 0.02
1066 30 91 62 24 0.01 -0.21 0.04 0.07 0.08 -0.03
1067 38 91 62 23 -0.02 -0.2 0.05 0.22 0.03 -0.04
1068 35 93 64 24 -0.04 -0.11 0.05 0.26 0.0 -0.06
1069 31 92 66 23 -0.04 -0.07 0.04 0.23 0.02 -0.1
1070 30 91 67 24 -0.04 -0.0 0.03 0.04 0.01 -0.1
1071 32 94 65 23 -0.03 -0.0 0.02 -0.07 0.05 -0.08
1072 34 92 64 23 -0.02 0.0 0.01 -0.15 0.08 -0.11
1073 31 91 63 23 0.0 0.0 -0.01 -0.13 0.14 -0.1
1074 28 90 65 23 0.02 0.0 -0.02 -0.07 0.13 -0.07
1075 26 88 66 23 0.04 0.01 -0.03 -0.07 0.11 -0.07
1076 24 90 69 25 0.05 -0.01 -0.04 -0.05 0.07 -0.04
1077 29 90 67 24 0.06 -0.01 -0.04 -0.02 0.08 -0.05
1078 30 90 66 24 0.05 -0.01 -0.04 0.0 0.04 -0.1
1079 28 88 66 23 0.05 -0.0 -0.04 0.04 0.06 -0.05
1080 24 86 63 23 0.05 0.01 -0.04 0.01 0.07 -0.05
1081 26 84 62 24 0.04 0.03 -0.03 -0.02 0.08 -0.06
1082 24 81 62 23 0.03 0.03 -0.03 -0.06 0.09 -0.05
