-1 -1 -1 -1 -1 -1 -1 -1 -1 -1 -1
2 134 88 58 23 0.04 0.02 0.08 0.04 -0.06 -0.1
3 186 87 58 24 0.04 0.02 0.08 0.07 0.03 -0.09
4 248 92 59 24 0.05 0.03 0.07 0.12 0.13 -0.13
5 209 91 61 24 0.05 0.01 0.06 0.11 0.23 -0.05
6 177 89 61 24 0.04 0.01 0.05 -0.02 0.17 0.0
7 153 89 62 24 0.03 -0.01 0.03 -0.06 0.11 -0.03
8 135 87 61 24 0.03 0.02 0.04 -0.02 0.02 -0.11
9 121 85 62 24 0.03 0.03 0.05 0.0 0.03 -0.16
10 110 84 61 24 0.04 0.05 0.06 -0.01 0.06 -0.18
11 112 86 61 24 0.02 0.03 0.06 -0.11 0.11 -0.02
12 99 86 61 23 0.01 0.01 0.06 -0.1 0.09 -0.02
13 117 85 59 24 -0.01 -0.02 0.05 -0.07 0.07 -0.06
14 141 84 58 24 -0.01 -0.02 0.05 -0.03 0.08 -0.08
15 124 83 59 24 -0.01 -0.02 0.05 -0.03 0.09 -0.08
16 110 80 58 24 -0.01 -0.03 0.05 -0.06 0.1 -0.09
17 97 80 58 24 -0.01 -0.03 0.05 -0.03 0.1 -0.1
18 87 80 57 23 -0.0 -0.03 0.05 -0.05 0.1 -0.06
19 77 78 59 23 0.0 -0.02 0.05 -0.07 0.08 -0.08
20 68 76 58 24 0.01 -0.02 0.05 -0.03 0.04 -0.04
21 78 76 57 24 0.02 -0.02 0.05 -0.04 0.06 -0.03
22 79 78 57 24 0.02 -0.0 0.05 -0.07 0.05 -0.04
23 67 77 56 24 0.02 -0.0 0.05 0.0 0.07 0.0
24 88 76 59 24 0.02 -0.01 0.05 -0.01 0.07 -0.02
25 163 78 59 24 0.01 -0.02 0.04 0.01 0.11 -0.01
26 210 84 57 24 0.0 -0.03 0.03 0.01 0.12 -0.06
27 198 83 58 24 0.0 -0.04 0.03 0.01 0.13 -0.05
28 163 84 57 25 -0.01 -0.08 0.02 0.01 0.11 -0.02
29 135 83 58 24 -0.0 -0.09 0.01 -0.02 0.12 -0.09
30 161 81 58 24 0.01 -0.08 0.01 -0.07 0.09 -0.08
31 158 78 58 24 0.03 -0.03 0.02 -0.06 0.06 -0.04
32 160 81 58 24 0.04 0.0 0.02 -0.05 -0.04 -0.01
33 156 81 60 24 0.04 0.01 0.02 -0.01 0.02 -0.07
34 136 82 59 24 0.03 0.01 0.02 -0.02 0.05 -0.11
35 115 82 65 24 0.02 -0.02 0.02 -0.07 0.12 -0.06
36 98 82 62 24 0.02 -0.04 0.02 -0.07 0.07 -0.05
37 111 82 62 24 0.01 -0.03 0.02 -0.09 0.1 -0.05
38 98 82 60 24 0.01 -0.03 0.02 -0.01 0.03 0.01
39 100 81 64 24 0.01 -0.02 0.02 -0.01 0.0 0.03
40 88 81 68 24 0.02 -0.01 0.02 -0.01 0.02 0.02
41 112 81 65 24 0.02 0.01 0.02 -0.07 0.02 0.0
42 95 81 62 23 0.01 0.01 0.02 -0.05 0.06 0.0
43 112 81 60 24 0.01 0.01 0.02 0.0 0.06 -0.01
44 98 81 64 23 0.0 0.0 0.02 -0.02 0.07 -0.02
45 86 81 62 23 -0.0 0.0 0.02 -0.03 0.07 -0.1
46 91 81 64 24 -0.0 -0.01 0.01 -0.09 0.1 -0.05
47 81 83 62 23 -0.01 -0.01 0.0 -0.08 0.1 0.0
48 71 78 60 23 -0.02 -0.01 0.01 0.0 0.13 0.0
49 66 80 64 23 -0.03 -0.01 0.0 0.0 0.13 0.01
50 58 79 62 23 -0.03 -0.02 -0.0 -0.01 0.05 -0.1
51 51 79 61 23 -0.03 -0.03 -0.0 -0.06 0.04 -0.13
52 44 78 58 23 -0.03 -0.05 0.0 -0.04 0.03 -0.12
53 40 78 59 23 -0.03 -0.06 0.01 -0.01 0.03 -0.06
54 36 77 62 23 -0.02 -0.06 0.01 -0.03 0.02 -0.07
55 64 79 66 23 -0.0 -0.05 0.02 -0.05 0.03 -0.09
56 54 79 64 23 0.02 -0.02 0.02 -0.05 0.03 -0.08
57 46 79 61 23 0.03 -0.01 0.02 0.0 0.09 -0.09
58 71 80 65 23 0.06 -0.0 0.02 0.01 0.06 -0.11
59 63 83 62 23 0.07 0.0 0.02 0.0 0.12 -0.12
60 58 81 64 23 0.06 0.0 0.02 -0.02 0.14 -0.12
61 53 79 65 24 0.06 -0.01 0.02 -0.02 0.14 -0.08
62 45 80 68 23 0.05 -0.01 0.02 -0.03 0.11 -0.06
63 41 79 67 23 0.05 -0.02 0.02 -0.03 0.1 -0.04
64 38 78 64 23 0.04 -0.01 0.01 -0.02 0.06 0.0
65 66 83 63 23 0.02 -0.0 0.01 0.0 0.04 0.03
66 63 83 63 23 0.02 -0.0 0.01 0.01 0.08 0.04
67 54 81 62 23 -0.0 -0.01 0.01 0.01 0.09 0.04
68 47 80 58 23 -0.02 -0.02 0.01 0.04 0.11 0.03
69 44 81 58 23 -0.03 -0.03 0.01 0.0 0.06 0.0
70 38 83 62 23 -0.04 -0.03 0.01 -0.02 0.03 0.01
71 63 82 63 23 -0.04 -0.04 0.01 0.0 0.05 -0.06
72 59 79 63 23 -0.05 -0.04 0.01 0.0 0.06 -0.06
73 51 78 59 23 -0.04 -0.04 0.02 0.0 0.06 -0.08
74 45 79 59 23 -0.03 -0.03 0.02 0.0 0.11 -0.07
75 40 81 57 23 -0.03 -0.02 0.02 -0.02 0.09 -0.09
76 35 80 55 23 -0.02 -0.02 0.01 -0.07 0.11 -0.14
77 44 83 59 23 -0.01 -0.02 0.02 -0.06 0.14 -0.12
78 38 82 59 23 -0.01 -0.02 0.02 -0.06 0.11 -0.09
79 34 82 57 23 -0.0 -0.02 0.01 -0.02 0.1 -0.03
80 32 84 55 23 0.01 -0.02 0.01 -0.02 0.07 -0.07
81 28 83 61 23 0.0 -0.02 0.01 -0.03 0.07 -0.07
82 27 85 67 23 0.01 -0.01 0.01 0.0 0.02 -0.07
83 27 84 61 23 0.02 -0.0 0.01 -0.02 0.07 -0.06
84 26 83 61 23 0.02 -0.0 0.01 -0.01 0.09 -0.07
85 28 84 58 23 0.02 -0.01 0.02 0.01 0.15 -0.07
86 25 83 57 23 0.01 -0.02 0.02 -0.01 0.11 -0.07
87 23 80 61 23 0.01 -0.02 0.02 -0.03 0.06 -0.08
88 22 80 58 23 0.02 -0.01 0.02 -0.05 0.08 -0.03
89 21 83 57 24 0.02 -0.01 0.02 -0.03 0.08 0.0
90 20 83 63 23 0.01 -0.0 0.02 -0.05 0.07 -0.01
91 21 82 66 23 0.01 -0.01 0.02 -0.03 0.12 -0.03
92 24 83 62 23 0.01 -0.01 0.02 -0.01 0.15 -0.07
93 27 85 62 23 0.0 -0.01 0.02 0.0 0.14 -0.09
94 25 84 59 23 -0.01 -0.02 0.02 0.04 0.16 -0.02
95 23 82 61 23 -0.02 -0.05 0.02 0.0 0.15 -0.01
96 22 84 59 23 -0.03 -0.06 0.02 0.0 0.13 -0.02
97 21 85 59 23 -0.03 -0.06 0.02 -0.04 0.08 -0.01
98 21 88 58 23 -0.03 -0.04 0.01 -0.03 0.04 -0.05
99 24 86 62 23 -0.03 -0.04 0.02 -0.01 0.05 -0.06
100 23 85 60 23 -0.03 -0.03 0.02 0.0 0.06 -0.04
101 28 84 60 22 -0.02 -0.03 0.02 0.0 0.1 -0.07
102 25 83 57 23 -0.02 -0.03 0.02 -0.02 0.1 -0.08
103 25 81 57 23 -0.02 -0.02 0.02 -0.04 0.1 -0.1
104 23 81 57 23 -0.01 -0.02 0.02 -0.04 0.09 -0.1
105 21 80 60 23 -0.01 -0.02 0.02 -0.04 0.09 -0.09
106 23 79 58 23 -0.01 -0.02 0.02 -0.02 0.14 -0.04
107 24 78 56 23 0.0 -0.02 0.01 -0.02 0.12 -0.04
108 23 76 56 23 0.0 -0.01 0.01 -0.04 0.09 -0.04
109 22 77 67 23 0.0 -0.02 0.01 -0.03 0.1 -0.06
110 23 78 63 23 0.01 -0.01 0.01 -0.04 0.12 -0.1
111 25 77 60 23 0.01 -0.01 0.01 -0.02 0.13 -0.06
112 23 78 60 22 0.0 -0.02 0.01 -0.04 0.13 -0.04
113 22 78 64 23 0.0 -0.02 0.01 -0.02 0.11 -0.04
114 21 80 62 23 0.0 -0.02 0.01 -0.04 0.12 -0.04
115 20 79 61 23 -0.0 -0.02 0.01 -0.01 0.1 -0.04
116 19 78 65 23 -0.0 -0.02 0.0 0.0 0.14 -0.05
117 19 77 61 23 -0.0 -0.02 0.0 -0.01 0.14 -0.06
118 19 76 58 23 -0.01 -0.02 0.01 0.0 0.12 -0.04
119 18 77 56 23 -0.02 -0.04 0.02 0.06 0.07 0.1
120 18 77 62 23 -0.02 -0.06 0.02 0.09 0.02 0.1
121 17 78 60 23 -0.01 -0.09 0.02 0.02 0.04 0.01
122 17 77 57 23 0.01 -0.06 0.01 -0.08 0.13 -0.24
-200 -200 -200 -200 -200 -200 -200 -200 -200 -200 -200
123 17 77 57 23 0.03 -0.03 0.01 -0.16 0.26 -0.24
124 17 78 59 23 0.04 -0.01 0.01 -0.11 0.32 -0.24
125 17 76 61 23 0.04 -0.02 0.01 -0.09 0.13 -0.16
126 17 75 56 23 0.03 -0.03 0.01 -0.07 0.22 -0.14
127 16 74 59 23 0.03 -0.03 0.0 0.02 0.15 -0.03
128 17 74 56 23 0.03 -0.02 0.01 0.04 0.14 0.0
129 16 74 60 23 0.03 -0.02 0.01 0.0 0.11 -0.04
130 16 72 59 23 0.01 -0.03 0.01 -0.03 0.12 -0.05
131 16 72 61 23 0.0 -0.03 0.01 -0.06 0.16 -0.06
132 16 72 61 23 -0.01 -0.04 0.01 -0.05 0.16 -0.06
133 16 74 59 23 -0.03 -0.04 0.0 -0.01 0.17 0.04
134 17 74 58 23 -0.04 -0.05 0.0 0.04 0.16 0.04
135 16 74 63 23 -0.05 -0.05 0.01 0.02 0.14 0.02
136 17 73 59 23 -0.05 -0.04 0.0 -0.03 0.11 -0.09
137 17 74 57 23 -0.05 -0.03 0.0 -0.04 0.11 -0.07
138 17 73 56 23 -0.04 -0.03 0.0 0.0 0.11 -0.1
139 17 73 56 23 -0.03 -0.03 0.0 0.0 0.11 0.0
140 18 76 56 23 -0.01 -0.02 -0.0 0.0 0.1 -0.08
141 17 75 60 23 0.01 -0.01 -0.01 0.0 0.11 -0.12
142 17 74 58 23 0.03 0.02 -0.01 0.0 0.14 -0.18
143 17 73 63 23 0.05 0.05 -0.0 0.01 0.16 -0.11
144 17 74 61 22 0.04 0.03 0.0 0.0 0.17 -0.12
145 17 73 59 25 0.05 0.02 0.01 -0.06 0.18 -0.11
146 16 73 64 23 0.04 -0.0 0.01 -0.06 0.15 -0.09
147 16 73 60 23 0.03 -0.01 0.01 -0.07 0.16 -0.11
148 16 74 65 23 0.02 -0.02 0.0 0.0 0.14 0.0
149 17 76 62 23 0.01 -0.02 0.01 -0.01 0.11 0.03
150 17 76 64 23 -0.0 -0.02 0.01 0.0 0.08 0.05
151 17 77 63 23 -0.01 -0.02 0.01 0.0 0.07 0.02
152 17 78 60 23 -0.02 -0.02 0.0 -0.01 0.08 0.0
153 17 78 60 23 -0.02 -0.01 0.01 -0.01 0.1 -0.02
154 18 78 64 23 -0.02 -0.02 0.01 -0.01 0.12 -0.04
155 18 79 61 24 -0.02 -0.01 0.01 -0.03 0.15 -0.04
156 17 78 64 23 -0.02 -0.01 0.0 -0.02 0.15 -0.06
157 17 76 63 23 -0.02 -0.01 0.0 -0.04 0.13 -0.1
158 17 77 62 23 -0.01 -0.01 0.0 0.0 0.14 -0.1
159 17 76 63 23 -0.01 -0.0 0.0 -0.02 0.16 -0.13
160 17 76 61 23 -0.0 -0.0 0.0 -0.01 0.15 -0.09
161 17 76 65 23 -0.01 -0.01 0.01 0.0 0.13 -0.04
162 17 75 61 23 -0.0 -0.01 0.01 0.01 0.13 -0.07
163 18 75 64 23 0.0 -0.0 0.01 -0.01 0.11 -0.03
164 17 75 63 23 0.01 0.01 0.0 -0.02 0.11 -0.07
165 17 75 63 22 0.01 0.01 0.0 -0.02 0.1 -0.11
166 16 74 61 23 0.01 0.0 0.0 -0.05 0.11 -0.07
167 17 75 66 23 0.01 -0.0 0.0 -0.03 0.14 -0.05
168 16 77 66 23 0.01 -0.0 -0.0 -0.03 0.17 -0.08
169 17 76 62 23 0.01 -0.01 0.0 -0.01 0.15 0.0
170 16 75 60 23 -0.0 -0.01 -0.0 0.0 0.1 -0.01
171 16 75 59 23 -0.0 -0.0 -0.0 0.0 0.11 -0.04
172 17 74 65 23 -0.0 -0.0 -0.01 0.02 0.12 0.0
173 17 74 60 23 -0.01 -0.01 -0.0 0.0 0.07 -0.08
174 16 74 64 23 -0.0 -0.02 0.0 -0.01 0.1 -0.15
175 16 74 62 23 0.0 -0.01 -0.0 -0.04 0.15 -0.09
176 17 75 65 23 0.01 -0.01 0.0 -0.06 0.13 -0.05
177 17 78 61 23 0.0 -0.01 -0.0 -0.06 0.17 -0.04
178 17 78 58 23 0.0 -0.0 -0.0 0.0 0.17 0.0
179 16 77 58 23 -0.0 0.0 -0.01 0.0 0.13 -0.01
180 16 79 65 23 -0.0 -0.0 -0.01 -0.01 0.13 -0.06
181 17 79 64 23 -0.01 -0.0 -0.01 -0.01 0.06 -0.05
182 16 78 62 23 -0.01 -0.01 -0.01 0.0 0.08 -0.09
183 16 77 59 23 -0.01 -0.01 -0.01 -0.01 0.09 -0.06
184 17 77 63 23 -0.01 -0.01 -0.01 0.0 0.09 -0.01
185 17 76 59 23 -0.01 -0.01 -0.0 0.01 0.11 -0.03
186 17 76 63 23 -0.01 -0.01 -0.01 0.0 0.11 -0.05
187 17 76 61 23 -0.02 -0.01 -0.0 -0.01 0.1 -0.03
188 18 78 63 23 -0.02 -0.01 -0.0 -0.01 0.12 -0.03
189 17 77 62 23 -0.02 -0.01 -0.0 0.03 0.13 -0.06
190 18 77 60 23 -0.02 -0.02 0.0 -0.04 0.14 -0.04
191 17 77 58 23 -0.02 -0.01 0.0 -0.11 0.1 0.02
192 17 75 56 33 -0.02 -0.0 0.0 -0.12 0.07 0.03
193 17 78 57 31 -0.03 0.03 0.0 -0.18 -0.01 0.24
194 17 78 56 30 -0.03 0.07 0.01 -0.14 -0.03 0.32
195 17 80 59 28 -0.03 0.09 0.01 -0.08 -0.04 0.45
196 16 81 57 27 -0.06 0.15 0.01 -0.11 -0.08 0.69
197 16 79 55 30 -0.11 0.25 0.01 0.01 -0.07 0.81
198 16 78 54 36 -0.12 0.31 0.01 0.04 0.03 0.57
199 16 81 54 34 -0.13 0.44 0.0 0.07 0.15 0.36
200 15 80 54 32 -0.15 0.54 0.0 -0.08 0.29 0.42
201 16 80 53 37 -0.15 0.58 -0.01 -0.16 0.29 0.46
202 17 81 54 41 -0.2 0.6 -0.02 -0.22 0.29 0.66
203 44 103 53 53 -0.26 0.56 -0.03 -0.58 0.06 1.04
204 58 107 52 61 -0.28 0.56 -0.05 -0.76 -0.01 0.96
205 69 128 53 56 -0.17 0.55 -0.08 -0.76 0.09 -0.05
206 61 144 58 60 0.03 0.65 -0.09 -0.74 0.4 -0.42
207 54 149 63 70 0.13 0.67 -0.06 -1.02 0.74 -0.45
208 55 146 66 61 0.27 0.51 0.0 -1.07 0.85 -0.38
209 64 142 63 53 0.37 0.22 0.09 -2.03 0.91 -0.22
210 74 135 66 46 0.43 0.1 0.15 -2.41 1.19 0.3
211 80 154 70 42 0.52 -0.29 0.37 -2.52 0.69 0.91
212 85 149 65 38 0.58 -0.55 0.49 -1.7 1.41 0.78
213 108 149 69 35 0.65 -0.58 0.56 -1.61 1.18 0.53
214 114 145 79 33 0.69 -0.76 0.65 -1.51 1.66 0.4
215 111 158 79 32 0.61 -1.24 0.76 -1.72 1.6 0.51
216 122 154 79 30 0.53 -1.68 0.76 -1.56 1.39 0.69
217 122 142 76 29 0.51 -2.4 0.73 -1.41 1.48 0.91
218 147 137 84 27 0.41 -3.18 0.59 -1.02 1.5 0.37
219 144 132 81 26 0.29 -3.45 0.59 0.31 1.15 -0.05
220 151 126 78 26 0.28 -3.49 0.63 0.04 2.38 -0.18
221 147 121 82 25 -0.04 -3.19 0.56 0.65 1.04 -0.75
222 165 122 82 25 0.09 -3.1 0.35 -0.04 1.2 -0.45
223 215 117 87 25 0.28 -3.02 0.21 1.16 1.56 -0.54
224 229 114 86 24 0.21 -2.81 0.08 1.63 2.29 -0.76
225 271 140 85 24 0.12 -2.36 0.04 1.45 1.67 -0.66
226 283 139 79 24 0.01 -1.96 -0.09 1.51 1.67 -1.01
227 280 132 73 24 -0.01 -1.82 -0.24 1.06 1.54 -1.12
228 270 126 78 23 -0.01 -1.53 -0.48 1.36 1.23 -1.55
229 253 129 75 23 0.03 -1.31 -0.58 1.24 1.26 -1.36
230 267 143 75 23 -0.16 -1.04 -0.58 0.2 1.29 -1.36
231 240 134 73 23 -0.29 -1.0 -0.56 0.52 0.42 -1.39
232 251 129 77 24 -0.36 -1.18 -0.55 0.35 -0.18 -1.4
233 242 121 84 25 -0.38 -1.35 -0.56 0.4 -0.16 -1.24
234 309 128 78 28 -0.46 -1.31 -0.57 1.02 -1.4 -1.49
235 314 121 78 27 -0.62 -1.15 -0.57 0.41 -1.92 -0.78
236 282 115 76 25 -0.86 -0.97 -0.58 -0.61 -3.45 -1.32
237 296 123 81 27 -0.32 -1.21 -0.39 0.35 -2.66 -1.06
238 279 116 92 35 -0.34 -0.98 -0.37 0.56 -2.66 -1.22
239 275 114 92 32 -0.34 -0.8 -0.4 0.31 -2.86 -1.1
240 254 111 86 31 -0.39 -0.44 -0.28 -0.06 -2.42 -0.8
241 268 126 88 29 -0.18 -0.28 -0.2 0.42 -3.33 -0.55
242 251 126 88 28 -0.06 -0.25 -0.13 -0.18 -2.02 -1.09
243 281 118 92 27 -0.01 -0.18 -0.03 0.0 -1.82 -1.34
244 287 113 94 26 -0.05 -0.1 0.04 0.07 -0.84 -1.58
245 264 119 96 26 -0.05 -0.09 0.05 -0.07 -0.61 -1.21
246 248 110 94 28 -0.09 -0.03 0.07 -0.03 -0.56 -0.6
247 250 121 95 26 -0.03 0.03 -0.02 0.0 -0.3 -0.68
248 246 111 96 26 -0.01 0.07 -0.05 -0.06 -0.01 -0.84
249 281 115 98 34 0.0 0.08 -0.09 -0.08 0.0 -0.83
250 289 117 98 32 -0.01 0.04 -0.11 -0.22 0.2 -0.91
251 271 108 98 30 -0.03 0.02 -0.09 -0.26 0.25 -0.78
252 249 122 99 28 -0.08 0.01 -0.05 -0.31 0.35 -0.66
253 234 114 93 28 -0.17 0.09 -0.04 -0.24 0.33 -0.26
254 237 107 91 27 -0.22 0.13 -0.03 -0.33 0.23 -0.04
255 232 102 90 25 -0.26 0.15 -0.01 -0.33 0.2 0.04
256 221 101 88 26 -0.19 0.11 -0.02 -0.31 0.22 0.24
257 197 108 85 25 -0.14 0.11 -0.03 -0.2 0.3 0.23
258 189 104 84 28 -0.05 0.12 -0.04 -0.28 0.26 0.14
259 175 98 82 27 0.05 0.12 -0.04 -0.34 0.3 0.09
260 171 111 88 26 0.07 0.1 -0.03 -0.56 0.31 0.16
261 168 105 84 25 0.09 0.01 0.01 -0.66 0.33 0.17
262 189 103 78 25 0.06 -0.02 0.06 -0.28 0.31 0.39
263 195 100 76 24 0.01 0.01 0.1 -0.36 -0.06 0.45
264 217 115 71 24 -0.02 0.04 0.14 -0.23 0.19 0.15
265 234 122 71 24 0.02 0.02 0.15 -0.03 0.25 -0.03
266 213 113 78 27 0.05 -0.03 0.14 0.0 0.41 -0.09
267 185 107 74 29 0.08 -0.13 0.12 0.14 0.45 0.0
268 178 104 72 27 0.1 -0.15 0.08 0.14 0.34 0.14
269 182 101 69 27 0.1 -0.12 0.05 0.15 0.3 0.19
270 172 96 67 26 0.13 -0.07 -0.0 0.03 0.3 -0.03
271 157 90 66 25 0.14 -0.04 -0.02 -0.1 0.23 -0.26
272 153 89 73 27 0.14 -0.03 -0.01 -0.1 0.16 -0.59
273 164 89 71 37 0.12 -0.02 0.04 -0.1 0.11 -0.67
274 148 85 71 33 0.07 -0.0 0.07 -0.28 0.19 -0.46
275 155 84 70 31 0.05 0.02 0.09 -0.25 0.26 -0.37
276 146 85 68 29 -0.01 0.1 0.09 0.02 0.14 -0.24
277 166 90 64 28 -0.03 0.14 0.07 0.08 0.2 -0.33
278 147 89 64 28 -0.01 0.14 0.05 0.12 0.18 -0.37
279 146 86 63 28 -0.01 0.09 0.02 0.01 0.15 -0.39
280 134 86 63 27 0.02 0.02 0.01 0.02 0.03 -0.31
281 124 85 62 26 0.03 0.01 0.01 -0.01 0.01 -0.26
282 147 89 60 25 0.07 0.01 0.01 -0.01 0.11 -0.31
283 147 87 60 25 0.06 0.02 0.03 -0.05 0.21 -0.48
284 131 87 62 25 0.04 0.03 0.03 -0.12 0.15 -0.49
285 126 89 69 24 0.03 -0.03 0.03 -0.1 0.16 -0.46
286 125 90 68 27 0.02 -0.06 0.03 0.06 0.2 -0.31
287 111 88 67 27 0.01 -0.05 0.03 0.07 0.24 -0.32
288 101 90 68 26 -0.01 -0.04 0.03 0.08 0.16 -0.2
289 94 90 65 26 -0.02 -0.04 0.02 0.0 0.14 -0.08
290 116 89 65 25 -0.02 -0.05 0.02 -0.03 0.19 -0.2
291 107 94 65 24 -0.03 -0.06 0.03 0.07 0.2 -0.23
292 92 90 68 31 -0.03 -0.01 0.03 0.14 0.28 -0.07
293 88 88 65 29 -0.03 0.02 0.02 0.14 0.25 -0.05
294 112 87 64 28 -0.0 0.03 -0.02 0.05 0.27 -0.07
295 117 88 65 27 0.02 -0.02 -0.05 -0.05 0.25 -0.11
296 115 86 63 26 0.02 -0.04 -0.06 -0.08 0.23 -0.1
297 118 90 64 25 0.01 -0.08 -0.06 -0.06 0.24 -0.16
298 109 114 69 31 -0.0 -0.06 -0.06 -0.08 0.23 -0.09
299 102 105 70 29 -0.02 -0.03 -0.05 -0.1 0.2 -0.09
300 106 100 67 27 -0.01 0.01 -0.02 -0.14 0.13 -0.3
301 98 98 65 27 0.0 -0.01 0.01 -0.19 0.14 -0.29
302 93 94 62 26 0.01 -0.02 0.02 -0.07 0.16 -0.15
303 114 92 63 25 -0.01 -0.01 0.02 -0.06 0.16 -0.24
304 109 91 59 25 -0.01 0.01 -0.0 -0.07 0.12 -0.34
305 91 88 59 27 -0.0 0.02 -0.01 -0.06 0.2 -0.33
306 77 88 61 27 -0.02 0.03 -0.01 -0.1 0.11 -0.34
307 76 90 61 26 -0.01 0.02 -0.01 -0.12 0.23 -0.27
308 77 88 59 25 -0.02 0.01 -0.02 -0.09 0.25 -0.17
309 73 89 62 25 -0.06 -0.0 -0.01 -0.15 0.16 -0.24
310 93 88 63 25 -0.07 0.0 -0.02 -0.03 0.05 -0.18
311 89 87 63 26 -0.05 0.01 -0.01 -0.02 0.05 -0.12
312 82 88 66 26 -0.03 0.03 -0.0 -0.02 0.05 -0.16
313 76 86 62 25 -0.01 0.03 0.0 0.08 0.0 -0.12
314 74 85 60 26 -0.0 0.04 -0.0 0.06 0.03 -0.19
315 63 84 58 29 0.01 0.03 -0.01 0.03 0.1 -0.27
316 61 102 58 29 -0.01 0.02 -0.02 0.06 0.1 -0.22
317 60 95 60 28 -0.02 0.03 -0.02 0.04 0.06 -0.22
318 52 91 58 30 -0.02 0.04 -0.02 0.07 -0.19 -0.18
319 50 88 58 28 0.0 0.03 -0.03 0.09 -0.26 -0.26
320 42 93 56 30 0.0 0.02 -0.02 0.04 -0.37 -0.43
321 37 91 53 39 0.02 0.01 -0.01 0.1 -0.53 -0.47
322 46 93 54 69 0.02 0.07 0.02 0.14 -1.02 -0.66
323 57 108 55 60 0.03 0.11 0.04 0.15 -1.22 -0.7
324 55 105 53 83 0.06 0.26 0.13 0.33 -1.82 -0.96
325 47 102 53 105 0.18 0.68 0.28 0.14 -2.03 -1.84
326 42 98 54 132 0.24 0.99 0.36 -0.06 -1.93 -1.88
327 36 99 57 121 0.3 1.62 0.5 -0.81 -1.67 -1.58
328 34 106 59 142 0.25 2.08 0.63 -0.76 -1.99 -1.38
329 30 124 62 115 0.21 2.25 0.7 -0.74 -2.23 -1.34
330 30 124 65 94 0.16 2.49 0.87 -0.37 -2.0 -1.9
331 36 116 65 96 0.06 2.81 1.06 -0.3 -1.21 -2.01
332 34 113 69 113 -0.01 3.06 1.16 -0.56 -0.6 -1.96
333 37 112 72 95 -0.25 3.4 1.3 -0.81 -0.44 -1.89
334 35 107 77 81 -0.41 3.57 1.36 -0.61 -0.39 -2.11
335 38 104 77 68 -0.48 3.66 1.35 -0.6 -0.14 -2.08
336 37 99 80 60 -0.66 3.71 1.27 -0.45 1.09 -2.15
337 45 97 82 53 -1.15 3.53 1.19 -0.37 0.37 -1.77
338 51 112 86 54 -1.23 3.26 1.1 -0.07 1.26 -1.45
339 61 106 86 47 -1.2 2.46 1.01 0.17 1.22 -0.69
340 61 104 86 42 -1.44 1.93 0.73 0.17 1.09 -0.65
341 64 107 84 39 -1.41 1.7 0.64 0.78 1.08 -0.33
342 77 105 85 48 -1.52 1.46 0.4 1.05 1.35 0.26
343 84 101 85 47 -1.52 1.1 0.24 0.95 1.24 1.32
344 85 94 83 43 -1.53 0.94 0.15 0.95 1.08 1.58
345 88 89 82 38 -1.37 0.72 -0.03 1.35 1.51 2.29
346 95 90 79 36 -1.18 0.6 -0.24 0.63 1.29 2.42
347 102 88 79 35 -0.95 0.48 -0.33 0.28 1.4 2.31
348 110 85 76 33 -0.76 0.2 -0.58 -0.5 -0.24 1.58
349 117 82 80 31 -0.2 -0.05 -0.57 1.27 1.7 0.38
350 128 82 85 29 -0.08 0.21 -0.3 -6.43 0.38 4.57
351 128 84 87 28 0.37 -1.12 0.16 -7.96 -0.9 7.48
352 135 82 87 27 0.51 -0.76 0.15 1.36 0.67 4.16
353 132 78 81 26 0.48 0.04 0.12 0.97 0.65 2.81
354 131 76 73 26 0.26 0.37 0.03 0.42 0.77 0.86
355 126 75 70 25 0.09 0.16 -0.05 0.12 0.18 -0.26
356 120 73 71 25 0.06 0.16 -0.05 -0.05 0.12 -0.19
357 112 72 71 24 -0.03 0.15 -0.04 -0.15 -0.3 0.16
358 109 73 71 24 -0.02 0.08 -0.0 0.09 -0.29 0.24
359 98 72 66 24 -0.01 0.08 0.01 0.09 -0.05 0.1
360 91 71 64 24 -0.04 0.15 -0.02 -0.12 -0.01 0.01
361 85 70 60 24 -0.06 0.22 -0.04 -0.11 0.01 -0.14
362 83 71 66 24 -0.05 0.23 -0.04 -0.12 -0.15 -0.11
363 80 72 67 23 -0.02 0.19 0.0 0.06 0.14 -0.17
-100 -100 -100 -100 -100 -100 -100 -100 -100 -100 -100
364 78 72 67 23 -0.0 0.14 0.0 0.11 0.07 -0.12
365 76 72 71 23 0.02 0.13 -0.0 -0.04 0.02 -0.1
366 73 72 72 23 0.07 0.11 0.01 -0.01 0.15 -0.17
367 70 71 72 23 0.08 0.07 0.0 0.0 0.18 -0.03
368 67 71 73 23 0.07 0.03 -0.01 -0.06 0.23 0.03
369 63 71 71 23 0.06 -0.06 -0.02 -0.06 0.18 0.25
370 61 72 74 22 0.05 -0.08 -0.03 -0.07 0.16 0.2
371 60 71 73 23 0.03 -0.07 -0.04 -0.01 0.05 0.2
372 59 72 74 23 0.02 -0.04 -0.05 0.12 0.09 0.16
373 58 73 71 23 -0.0 -0.02 -0.05 0.16 0.01 0.16
374 54 71 74 23 -0.01 -0.02 -0.04 0.13 0.0 0.17
375 52 71 78 23 -0.02 -0.02 -0.03 0.15 0.03 0.11
376 53 71 77 23 -0.03 -0.01 -0.03 0.13 0.05 0.14
377 53 71 75 23 -0.03 0.0 -0.03 0.1 0.09 0.18
378 51 71 73 22 -0.04 0.02 -0.02 0.06 0.1 0.22
379 50 73 78 23 -0.04 0.03 -0.03 0.07 0.12 0.19
380 47 71 80 23 -0.05 0.05 -0.03 0.1 0.09 0.15
381 45 71 81 23 -0.04 0.08 -0.03 0.17 0.03 0.09
382 42 70 79 23 -0.04 0.09 -0.02 0.12 0.01 0.0
383 40 69 79 23 -0.03 0.09 -0.01 0.09 -0.02 -0.01
384 39 70 80 23 -0.02 0.09 -0.01 0.04 0.0 -0.05
385 40 70 83 23 -0.02 0.09 -0.01 -0.08 0.02 -0.03
386 38 70 84 23 -0.01 0.07 -0.01 -0.06 0.01 -0.04
387 37 70 81 23 -0.02 0.04 -0.01 -0.01 0.03 -0.02
388 38 70 84 23 -0.02 0.01 -0.01 0.06 0.06 -0.04
389 38 70 83 23 -0.02 -0.03 0.0 0.02 0.02 -0.05
390 37 71 84 23 -0.02 -0.04 0.0 0.02 0.06 0.03
391 36 70 87 23 -0.02 -0.04 -0.0 0.04 0.01 0.08
392 38 70 89 23 -0.02 -0.02 -0.01 0.04 0.05 0.12
393 36 69 85 23 -0.03 -0.02 -0.0 0.11 0.03 0.06
394 34 69 86 23 -0.03 -0.02 0.0 0.12 0.04 0.12
395 34 69 81 23 -0.03 -0.01 0.01 0.09 0.05 0.12
396 31 68 89 23 -0.03 -0.02 0.0 0.02 0.1 0.08
397 31 69 86 23 -0.03 -0.02 0.0 -0.04 0.09 0.1
398 30 70 85 24 -0.05 -0.02 -0.01 -0.06 0.07 0.12
399 30 70 83 23 -0.05 -0.01 -0.02 -0.02 0.0 -0.02
400 29 72 84 24 -0.04 0.0 -0.02 0.13 0.04 -0.01
401 26 72 82 23 -0.04 -0.01 -0.01 0.09 0.05 0.02
402 24 72 86 23 -0.05 -0.05 -0.0 0.11 0.08 0.05
403 25 73 85 24 -0.05 -0.06 0.0 0.02 0.06 0.14
404 24 74 83 23 -0.06 -0.06 0.0 0.06 0.07 0.13
405 26 74 84 23 -0.05 -0.03 0.0 0.09 0.07 0.07
406 23 78 85 24 -0.04 -0.02 -0.0 0.09 0.06 0.07
407 24 79 81 22 -0.03 0.0 -0.0 0.05 0.06 0.04
408 23 79 80 24 -0.02 -0.0 0.0 0.05 0.04 -0.01
409 22 78 82 24 -0.02 -0.0 0.0 0.0 0.06 0.0
410 21 80 86 23 -0.01 -0.01 0.0 0.01 0.06 -0.03
411 21 80 84 24 0.0 -0.01 0.0 -0.01 0.02 -0.05
412 21 82 81 23 0.01 -0.01 0.0 -0.04 -0.01 -0.05
413 20 81 79 23 0.02 -0.01 0.0 -0.06 -0.04 -0.07
414 20 82 79 23 0.03 -0.01 -0.0 -0.02 0.07 -0.1
415 19 78 77 23 0.03 -0.03 0.01 -0.11 0.11 0.02
416 21 77 79 23 0.02 -0.05 0.01 -0.03 0.11 0.09
417 22 78 83 24 0.01 -0.08 0.0 0.04 0.14 0.17
418 22 78 81 24 0.0 -0.08 -0.0 0.17 0.06 0.14
419 22 77 78 23 0.01 -0.03 -0.01 0.16 0.02 0.1
-200 -200 -200 -200 -200 -200 -200 -200 -200 -200 -200
420 20 77 82 24 0.02 0.0 -0.01 0.15 0.05 0.15
421 20 79 84 23 0.02 0.01 -0.01 0.1 0.02 0.16
422 19 81 82 25 0.0 0.0 -0.01 0.1 0.02 0.12
423 19 81 80 24 -0.01 -0.01 -0.0 0.1 0.04 0.05
424 19 81 86 24 -0.01 -0.01 0.0 0.02 0.08 0.03
425 18 82 87 24 -0.01 -0.01 0.0 -0.02 0.04 0.06
426 18 83 85 24 -0.01 0.0 0.0 -0.01 0.08 0.04
427 18 81 84 24 -0.01 0.01 0.0 0.0 0.08 0.14
428 18 81 84 31 -0.01 0.04 0.0 -0.04 0.08 0.2
429 18 84 84 35 -0.01 0.08 0.0 -0.02 0.06 0.28
430 28 92 84 32 -0.02 0.09 0.0 0.02 0.07 0.69
431 33 100 84 54 -0.04 0.12 0.01 -0.11 0.04 0.92
432 83 108 81 68 -0.05 0.22 0.01 -0.25 0.16 1.27
433 95 105 84 81 -0.06 0.31 0.01 -0.79 0.48 1.6
434 110 106 81 69 0.0 0.5 -0.04 -0.97 0.76 1.83
435 125 109 79 59 0.11 0.5 -0.08 -1.21 1.45 2.55
436 142 113 78 51 0.17 0.4 -0.09 -1.5 1.42 2.63
437 229 118 77 46 0.16 0.02 -0.03 -1.71 1.13 2.65
438 299 129 79 41 0.32 -0.63 -0.06 -2.4 1.13 2.65
439 280 131 80 37 0.39 -1.27 -0.24 -1.08 1.7 2.78
440 306 144 83 34 0.49 -1.47 -0.34 -1.23 1.23 2.64
441 271 165 85 32 0.72 -1.3 -0.51 -0.63 1.42 2.1
442 236 159 81 30 0.82 -1.26 -0.56 -0.36 0.96 0.64
443 227 147 81 28 0.96 -1.48 -0.67 -0.93 1.02 -0.07
444 200 139 81 27 1.12 -2.11 -0.6 -0.56 0.97 -1.13
445 204 128 83 27 1.17 -2.39 -0.53 1.01 0.27 -1.29
446 191 124 85 25 1.33 -2.61 -0.45 0.91 0.91 -1.35
447 202 117 89 25 1.3 -2.43 -0.41 1.34 0.68 -0.65
448 202 115 89 25 1.29 -2.36 -0.41 0.88 0.4 -0.48
449 206 121 89 24 1.28 -2.27 -0.48 0.65 0.51 -0.22
450 263 120 86 24 1.08 -2.5 -0.59 0.19 0.37 -0.91
451 287 116 86 24 1.02 -2.73 -0.63 0.55 0.68 -1.38
452 287 118 90 24 0.88 -3.04 -0.73 0.62 0.32 -1.54
453 246 133 90 23 0.76 -3.06 -0.89 0.96 0.56 -1.45
454 279 123 89 23 0.65 -2.9 -0.93 0.89 0.45 -1.55
455 299 119 84 23 0.37 -2.45 -1.02 0.38 0.42 -1.7
456 321 116 88 25 0.21 -2.34 -1.12 0.49 0.42 -1.55
457 283 115 96 24 0.1 -2.32 -1.12 0.11 0.22 -1.46
458 288 111 96 24 -0.13 -2.25 -1.08 0.25 -0.01 -1.26
459 298 112 95 24 -0.32 -1.92 -1.04 0.47 -0.86 -0.51
460 277 115 96 43 -0.44 -1.68 -0.99 -0.26 -1.37 -0.53
461 275 115 96 43 -0.55 -1.29 -0.93 -0.65 -1.47 -0.69
462 253 113 93 42 -0.52 -1.11 -0.85 -0.75 -1.55 -0.96
463 249 109 92 38 -0.49 -1.06 -0.8 -0.51 -1.9 -0.46
464 216 106 99 34 -0.45 -0.89 -0.6 -0.32 -1.89 -0.3
465 264 108 99 32 -0.41 -0.58 -0.35 -0.66 -2.01 -0.18
466 281 107 101 31 -0.29 -0.4 -0.31 -0.81 -1.68 -0.21
467 242 104 106 32 -0.09 -0.16 -0.18 -0.9 -1.43 -0.16
468 226 100 103 33 -0.03 0.03 -0.07 -0.8 -1.39 -0.23
469 214 102 102 31 -0.01 0.09 -0.03 -0.91 -1.26 -0.34
470 227 102 100 29 0.0 0.12 0.04 -0.97 -1.2 -0.36
471 227 104 102 27 0.06 0.09 0.09 -0.41 -0.96 -0.61
472 272 110 105 34 0.06 0.08 0.13 -0.42 -0.42 -1.06
473 250 106 100 32 0.07 -0.02 0.18 -0.27 -0.29 -1.11
474 231 101 95 30 0.06 -0.05 0.2 0.17 -0.06 -0.76
475 227 104 93 29 0.07 -0.05 0.18 0.25 0.01 -0.66
476 207 101 96 27 0.07 0.01 0.1 0.31 0.08 -0.6
477 243 101 100 29 0.07 0.02 0.01 -0.13 0.18 -0.58
478 224 106 91 29 0.04 -0.02 -0.03 -0.28 0.07 -0.57
479 252 105 88 27 0.03 -0.1 -0.07 -0.35 0.01 -0.39
480 257 100 94 27 -0.0 -0.1 -0.06 -0.31 0.06 -0.51
481 289 129 89 26 -0.02 -0.05 -0.04 -0.4 0.16 -0.65
482 272 130 88 26 -0.06 -0.04 0.0 -0.32 0.22 -0.57
483 261 121 85 25 -0.07 -0.09 0.0 -0.4 0.14 -0.44
484 251 114 86 25 -0.06 -0.13 -0.0 -0.02 0.09 -0.08
485 253 132 81 26 -0.06 -0.12 -0.03 -0.08 0.12 -0.08
486 278 137 78 34 -0.06 -0.05 -0.03 -0.06 0.17 0.05
487 271 125 72 31 -0.08 -0.01 -0.03 -0.05 0.18 0.02
488 237 114 80 30 -0.07 0.05 -0.03 -0.08 0.09 -0.14
489 241 115 76 29 -0.05 0.07 -0.03 -0.29 0.18 -0.11
490 241 117 76 27 -0.02 0.06 -0.04 -0.35 0.21 -0.04
491 256 137 80 26 -0.01 0.03 -0.04 -0.44 0.21 -0.01
492 247 132 85 26 -0.01 -0.01 -0.02 -0.54 0.26 -0.12
493 271 128 83 24 -0.02 -0.03 -0.0 -0.62 0.31 -0.05
494 267 139 85 25 -0.03 -0.07 0.05 -0.44 0.24 -0.04
495 260 139 83 24 -0.0 -0.04 0.09 -0.19 0.23 -0.15
496 263 134 83 24 0.01 -0.01 0.09 -0.36 0.13 -0.07
497 250 130 85 24 0.05 -0.01 0.07 -0.24 0.17 -0.01
498 239 123 82 24 0.08 -0.03 0.04 -0.33 0.16 -0.17
499 207 114 79 25 0.09 -0.04 0.04 -0.36 0.12 -0.19
500 224 110 76 24 0.06 -0.11 0.03 -0.39 0.18 -0.29
501 221 115 75 24 0.02 -0.16 0.04 -0.09 0.18 -0.38
502 224 114 72 24 -0.01 -0.14 0.06 0.17 0.08 -0.38
503 222 112 73 24 -0.06 -0.06 0.09 0.21 -0.1 -0.28
504 207 107 76 24 -0.05 -0.02 0.07 0.22 -0.1 -0.21
505 183 100 75 29 -0.03 -0.03 0.05 0.2 -0.04 -0.23
506 202 115 75 28 0.0 -0.08 0.0 0.29 0.0 -0.2
507 184 109 74 26 -0.01 -0.06 -0.02 0.31 0.18 -0.27
508 181 105 72 26 -0.02 -0.02 -0.03 0.21 0.21 -0.26
509 197 100 71 25 -0.05 0.03 -0.03 -0.04 0.15 -0.19
510 235 96 75 24 -0.05 0.01 -0.04 -0.13 0.08 -0.13
511 209 91 72 27 -0.05 -0.01 -0.05 -0.21 0.04 -0.08
512 192 89 74 27 -0.06 -0.07 -0.04 -0.17 0.02 -0.03
513 207 87 86 25 -0.05 -0.08 -0.04 -0.22 0.18 0.02
514 233 110 86 25 -0.06 -0.07 -0.04 -0.17 0.22 0.07
515 205 103 85 24 -0.07 -0.03 -0.05 -0.48 0.2 0.11
516 189 98 84 26 -0.07 -0.05 -0.04 -0.36 0.08 0.06
517 218 96 85 25 -0.05 -0.07 -0.04 -0.33 0.09 0.06
518 200 93 88 25 -0.01 -0.11 -0.02 -0.25 0.05 -0.22
519 225 91 86 28 0.03 -0.12 0.01 -0.06 0.15 -0.23
520 193 106 89 26 0.04 -0.1 0.02 -0.07 0.16 -0.1
521 180 106 85 26 0.06 -0.07 0.02 -0.08 0.33 -0.21
522 177 106 82 27 0.03 -0.06 0.02 -0.1 0.3 -0.29
523 186 102 83 29 0.01 -0.08 0.02 -0.03 0.18 -0.24
524 169 100 90 28 -0.02 -0.09 0.01 -0.08 0.02 -0.22
525 165 96 91 28 -0.02 -0.09 -0.01 -0.08 0.04 -0.24
526 138 92 86 29 -0.01 -0.09 -0.02 -0.1 0.06 -0.18
527 122 89 86 27 -0.0 -0.04 -0.0 -0.06 -0.05 -0.16
528 124 91 84 27 -0.01 0.01 0.02 -0.19 -0.47 -0.2
529 138 87 84 25 0.0 0.03 0.03 -0.23 -0.59 -0.12
530 127 89 79 102 0.04 0.06 0.06 -0.4 -0.92 -0.32
531 106 86 81 99 0.07 0.06 0.12 -0.33 -1.18 -0.58
532 91 88 83 86 0.09 0.07 0.16 -0.43 -1.65 -0.6
533 80 93 87 74 0.19 0.21 0.35 -0.54 -2.2 -0.79
534 68 91 86 107 0.25 0.29 0.44 -0.22 -2.52 -1.46
535 56 93 91 89 0.32 0.39 0.54 0.04 -2.16 -1.57
536 56 93 92 75 0.25 0.97 0.99 0.32 -2.23 -1.44
537 53 93 94 64 0.01 1.47 1.37 -0.51 -2.01 -1.48
538 47 96 99 54 -0.11 1.74 1.56 -1.5 -2.06 -1.68
539 41 104 103 53 -0.25 2.05 1.84 -2.14 -1.93 -1.25
540 35 114 109 47 -0.46 2.14 2.13 -1.04 -1.92 -1.85
541 60 130 117 52 -0.58 2.15 2.28 0.18 -1.48 -2.48
542 86 128 120 48 -0.84 2.11 2.48 0.42 -0.49 -2.81
543 82 118 124 43 -0.84 2.18 2.38 -1.67 0.26 -4.12
544 66 107 126 40 -0.82 1.94 2.16 -1.21 0.71 -3.56
545 57 102 127 35 -1.03 1.16 1.59 0.9 1.39 -2.19
546 52 106 128 44 -1.16 0.54 1.16 1.41 1.2 -0.36
547 49 106 130 40 -1.21 0.39 0.99 1.75 1.06 0.45
548 50 108 131 42 -1.26 0.5 0.71 3.11 0.75 1.28
549 56 113 129 38 -1.24 0.75 0.61 2.72 1.14 0.78
550 62 106 130 38 -1.04 1.38 0.47 1.9 1.17 0.02
551 56 102 127 35 -0.77 1.41 0.16 0.39 0.76 -0.43
552 53 102 129 42 -0.65 1.14 -0.02 0.43 1.04 0.23
553 55 98 127 40 -0.39 0.47 -0.23 0.48 1.0 0.75
554 66 98 124 37 -0.3 0.18 -0.4 0.2 1.17 0.62
555 62 93 120 34 -0.3 0.14 -0.48 -0.12 1.32 0.2
556 64 91 115 31 -0.3 0.01 -0.57 0.03 1.22 0.04
557 57 87 114 30 -0.36 -0.2 -0.66 -0.13 1.11 -0.74
558 51 82 110 29 -0.4 -0.39 -0.7 0.17 1.1 -1.81
559 49 78 109 27 -0.38 -0.84 -0.72 -0.41 0.91 -1.33
560 53 78 108 26 0.12 -1.95 -0.68 -3.47 2.33 1.91
561 49 75 103 26 0.64 -1.69 -0.29 -0.31 -0.42 7.98
562 48 79 102 28 1.33 -0.32 -0.39 0.65 0.26 8.69
563 53 82 99 29 1.19 -0.02 -0.4 -0.46 0.35 6.65
564 46 86 94 28 1.0 -0.08 -0.41 -1.13 0.98 1.04
565 42 92 95 27 0.74 0.12 -0.41 -0.66 0.95 -0.01
566 42 92 94 26 0.65 0.38 -0.44 -0.08 0.76 -0.78
567 42 94 97 25 0.57 0.28 -0.41 0.67 0.2 0.03
568 44 96 92 25 0.41 -0.01 -0.24 0.87 -0.14 0.33
569 43 96 89 24 0.31 -0.11 -0.14 0.59 -0.55 0.87
570 43 98 89 23 0.29 -0.03 -0.12 0.25 -0.51 0.82
571 45 97 82 24 0.22 0.23 -0.1 0.0 -0.49 0.51
572 44 95 82 23 0.17 0.43 -0.09 0.07 -0.32 0.3
573 41 95 83 23 0.12 0.47 -0.06 -0.08 -0.01 -0.03
574 41 94 78 23 0.05 0.39 0.0 -0.04 0.0 -0.11
575 42 94 76 23 -0.02 0.27 0.03 -0.04 0.12 -0.05
576 46 93 74 23 -0.05 0.22 0.05 -0.1 0.14 -0.02
-100 -100 -100 -100 -100 -100 -100 -100 -100 -100 -100
577 44 94 76 23 -0.06 0.23 0.05 -0.02 0.21 -0.03
578 43 93 73 23 -0.04 0.29 0.03 -0.08 0.16 0.01
579 42 92 71 23 -0.04 0.3 0.03 -0.13 0.14 -0.08
580 43 92 68 23 -0.04 0.29 0.02 -0.11 0.13 -0.17
581 43 93 66 23 -0.04 0.22 0.01 -0.29 0.1 -0.36
582 44 93 65 23 -0.05 0.16 0.0 -0.28 0.03 -0.31
583 46 93 63 22 -0.05 0.08 -0.0 -0.17 -0.09 -0.2
584 46 93 64 23 -0.04 0.01 -0.01 -0.12 -0.1 -0.22
585 46 93 63 23 -0.04 -0.01 -0.01 -0.1 -0.01 -0.16
586 46 94 67 23 -0.03 -0.02 -0.02 -0.05 -0.02 -0.1
587 47 94 63 23 -0.01 0.01 -0.02 -0.1 0.09 -0.05
588 47 94 60 22 -0.0 0.03 -0.03 -0.15 0.08 -0.09
589 46 92 59 22 0.0 0.04 -0.03 -0.12 0.1 -0.08
590 46 90 58 23 -0.0 0.03 -0.02 0.0 0.08 -0.08
591 45 88 56 23 -0.01 0.03 -0.02 0.0 0.06 -0.14
592 42 88 57 23 -0.01 0.04 -0.02 0.01 0.03 -0.13
593 40 88 63 23 -0.01 0.05 -0.01 -0.04 0.04 -0.11
594 38 87 64 23 0.0 0.03 -0.01 -0.09 -0.01 -0.07
595 37 86 62 23 0.01 0.01 -0.01 -0.05 -0.03 -0.12
596 38 85 60 22 0.01 0.04 -0.01 -0.06 -0.03 -0.24
597 38 84 60 23 0.0 0.03 -0.02 -0.2 -0.02 -0.03
598 37 83 64 23 0.01 -0.01 -0.0 -0.16 0.0 -0.01
599 39 81 60 23 0.01 0.0 -0.0 0.0 -0.02 -0.02
600 38 80 61 23 0.01 0.0 -0.0 0.01 -0.06 -0.03
601 39 78 65 22 0.01 0.0 0.0 0.1 -0.03 -0.06
602 40 78 61 23 0.0 0.03 0.01 0.1 0.04 -0.04
603 39 79 60 22 0.0 0.04 0.0 -0.13 0.05 -0.1
604 37 78 63 22 0.02 0.04 0.0 -0.17 0.0 -0.1
605 36 79 59 23 0.03 0.04 0.0 -0.19 0.0 -0.17
606 35 80 60 23 0.03 0.03 0.0 -0.15 0.12 -0.14
607 36 79 58 26 0.02 0.03 -0.01 -0.14 0.13 -0.08
608 34 79 56 25 0.01 0.02 -0.0 -0.01 0.09 0.0
609 32 77 54 25 0.0 0.01 0.0 0.01 0.0 -0.06
610 32 77 54 25 0.0 0.01 0.01 0.01 -0.02 -0.08
611 32 76 53 24 0.0 0.02 0.01 -0.04 -0.05 -0.09
612 32 76 59 25 0.0 0.02 0.01 -0.13 0.03 -0.1
613 31 76 66 24 0.01 0.03 0.01 -0.13 0.04 -0.08
614 30 75 64 24 0.01 0.02 0.01 -0.05 0.04 -0.07
615 28 76 63 23 0.01 0.02 0.01 0.03 0.0 -0.03
616 26 76 60 25 0.01 0.02 0.01 0.0 -0.02 -0.02
617 25 78 57 24 0.0 0.02 0.02 -0.05 -0.01 -0.09
618 23 79 57 22 0.01 0.02 0.02 -0.14 0.01 -0.12
619 26 80 59 24 0.0 0.02 0.02 -0.09 0.09 -0.14
620 27 80 56 24 0.0 0.01 0.02 -0.06 0.11 -0.09
621 27 80 54 23 -0.0 0.0 0.01 -0.03 0.08 -0.13
-200 -200 -200 -200 -200 -200 -200 -200 -200 -200 -200
622 29 80 53 23 -0.01 -0.02 0.02 -0.04 0.06 -0.12
623 30 79 54 23 -0.02 -0.01 0.03 0.03 0.04 -0.1
624 32 80 53 23 -0.02 -0.01 0.04 0.0 0.07 -0.13
625 33 80 53 23 -0.02 -0.02 0.05 -0.04 0.07 -0.1
626 32 80 53 24 -0.03 -0.02 0.05 0.0 0.08 -0.06
627 32 81 53 25 -0.04 -0.03 0.05 -0.04 0.08 -0.02
628 30 83 53 27 -0.04 -0.03 0.04 -0.05 0.04 -0.01
629 30 83 54 25 -0.03 -0.02 0.02 -0.18 0.0 -0.05
630 29 81 54 25 -0.03 -0.01 0.02 -0.18 0.01 -0.08
631 27 81 53 25 -0.02 -0.0 0.01 -0.16 0.03 -0.1
632 27 78 54 31 -0.02 0.0 0.0 -0.08 0.04 -0.02
633 29 76 56 37 -0.02 0.0 0.01 0.0 -0.02 0.17
634 26 78 59 71 -0.02 0.02 0.01 0.03 -0.03 0.34
635 30 85 59 114 -0.03 0.05 0.04 -0.15 -0.22 0.64
636 51 98 59 107 -0.05 0.07 0.06 -0.11 -0.23 1.13
637 91 108 58 110 -0.15 0.15 0.11 -0.08 -0.1 1.34
638 105 115 59 132 -0.35 0.19 0.17 -0.64 0.16 1.75
639 99 111 58 110 -0.38 0.18 0.17 -0.66 0.72 1.94
640 100 137 57 96 -0.36 0.07 0.12 -0.56 1.0 2.68
641 102 129 56 84 -0.26 -0.23 0.1 -0.27 1.44 3.48
642 124 130 56 71 -0.22 -0.43 0.07 -0.69 1.42 3.84
643 119 147 55 61 -0.22 -0.57 -0.02 -0.94 1.84 3.64
644 112 142 56 53 0.06 -1.03 -0.18 -1.6 0.67 3.25
645 114 133 60 46 0.32 -1.33 -0.22 0.16 1.45 2.29
646 128 148 61 41 0.77 -1.26 -0.26 0.32 1.63 2.12
647 125 140 67 37 1.13 -0.62 -0.27 0.57 1.81 2.14
648 120 127 68 34 1.25 -0.32 -0.27 -0.02 2.0 2.53
649 130 119 72 31 1.28 -0.12 -0.26 -0.17 1.73 2.62
650 127 114 69 30 1.42 -0.5 -0.42 -0.18 2.16 1.34
651 186 113 67 28 1.43 -0.81 -0.52 -0.3 1.69 0.61
652 246 113 64 27 1.5 -1.32 -0.54 0.35 1.64 -0.58
653 270 111 72 26 1.44 -1.41 -0.64 0.54 1.45 -1.48
654 310 108 74 25 1.38 -1.42 -0.66 0.41 1.29 -2.37
655 269 108 71 25 1.15 -1.41 -0.69 0.58 1.14 -2.57
656 267 111 70 24 0.98 -1.45 -0.79 0.6 1.24 -3.08
657 256 112 70 24 0.79 -1.44 -0.81 1.15 0.62 -3.1
658 289 108 67 24 0.38 -1.26 -0.9 1.37 0.27 -3.16
659 293 111 72 23 0.05 -0.84 -1.05 0.83 -0.4 -2.96
660 294 112 74 25 -0.21 -0.6 -1.12 0.19 -0.9 -3.24
661 302 109 72 25 -0.6 -0.49 -1.19 -0.07 -1.13 -3.45
662 338 106 75 25 -0.89 -0.63 -1.25 -0.68 -1.58 -2.66
663 373 107 76 25 -0.98 -0.73 -1.2 -0.65 -2.11 -2.1
664 363 121 75 30 -1.11 -0.66 -1.11 -0.86 -3.41 -0.56
665 402 127 79 28 -1.05 -0.47 -1.04 -1.56 -3.23 -0.53
666 363 143 82 27 -0.92 -0.43 -0.98 -2.07 -3.2 -0.86
667 371 134 82 26 -0.71 -0.59 -0.66 -1.64 -2.98 -1.24
668 377 125 78 25 -0.42 -0.79 -0.29 -0.67 -2.7 -1.15
669 341 120 82 25 -0.28 -0.8 -0.13 -0.36 -2.64 -0.79
670 321 122 82 28 -0.02 -0.6 -0.03 0.39 -2.19 -0.31
671 311 129 81 32 0.15 -0.33 -0.07 0.28 -1.82 -0.6
672 273 134 83 32 0.22 -0.24 -0.11 0.45 -1.47 -0.97
673 298 136 98 37 0.24 -0.12 -0.13 0.18 -0.76 -1.99
674 275 133 96 35 0.15 -0.21 -0.09 0.07 -0.51 -2.09
675 283 124 93 33 0.09 -0.28 -0.07 0.03 -0.44 -1.78
676 286 119 93 31 0.03 -0.31 -0.05 0.31 -0.2 -1.31
677 266 134 90 29 -0.08 -0.17 -0.04 0.5 -0.01 -0.84
678 248 133 92 30 -0.11 -0.06 -0.04 0.32 0.03 -0.78
679 266 131 93 32 -0.17 0.04 -0.05 0.01 -0.15 -0.54
680 251 127 94 30 -0.18 0.01 -0.06 -0.3 0.01 -0.29
681 234 119 88 29 -0.19 -0.02 -0.05 -0.37 0.05 -0.23
682 209 116 91 28 -0.19 -0.03 -0.04 -0.1 0.07 0.2
683 246 125 89 26 -0.17 0.04 -0.07 -0.34 0.27 0.43
684 218 128 89 26 -0.17 0.07 -0.07 -0.49 0.27 0.48
685 238 123 85 26 -0.18 0.14 -0.05 -0.56 0.26 0.31
686 205 120 89 25 -0.13 0.11 -0.01 -0.68 0.16 0.15
687 221 112 91 25 -0.1 0.08 0.0 -0.66 0.23 0.12
688 219 120 93 24 -0.05 0.03 0.01 -0.65 0.21 0.2
689 243 120 89 24 -0.03 0.01 0.03 -0.44 0.25 0.26
690 250 116 83 25 -0.03 0.02 0.04 -0.29 0.32 0.29
691 212 114 82 25 -0.02 0.04 0.05 -0.22 0.36 0.1
692 237 124 77 25 0.0 0.01 0.03 -0.09 0.27 -0.08
693 219 115 77 24 0.01 0.0 0.03 -0.07 0.24 -0.14
694 225 111 76 24 0.02 -0.01 0.02 -0.05 0.22 -0.08
695 217 109 79 25 0.01 0.04 0.01 -0.07 0.18 0.08
696 231 113 75 25 0.01 0.07 0.01 -0.22 0.06 -0.03
697 251 115 73 25 0.03 0.09 0.02 -0.41 -0.03 -0.09
698 236 109 71 24 0.06 0.02 0.04 -0.33 0.12 -0.38
699 219 102 69 25 0.06 -0.02 0.06 -0.3 0.11 -0.44
700 217 97 71 24 0.05 -0.05 0.1 -0.13 0.09 -0.07
701 199 107 75 23 0.04 -0.05 0.1 -0.11 0.09 0.05
702 225 108 72 24 0.06 -0.05 0.08 -0.14 0.09 0.01
703 209 107 70 23 0.07 -0.03 0.03 -0.09 0.13 -0.12
704 222 109 71 28 0.05 0.03 0.03 0.01 0.15 -0.22
705 195 102 73 27 0.04 0.07 0.02 -0.05 0.16 -0.25
706 192 112 72 26 0.04 0.11 0.01 -0.34 0.2 -0.27
707 198 107 71 26 0.04 0.04 -0.02 -0.36 0.08 -0.28
708 183 101 73 25 0.03 0.01 -0.03 -0.3 0.07 -0.31
709 217 99 73 25 0.02 -0.03 -0.01 -0.33 0.09 -0.46
710 184 98 73 24 -0.01 -0.07 0.03 -0.09 0.06 -0.39
711 185 107 77 23 -0.02 -0.06 0.04 -0.03 0.1 -0.33
712 163 102 75 26 -0.03 -0.0 0.03 0.09 0.14 -0.34
713 164 99 80 26 -0.04 0.05 0.01 0.02 0.09 -0.35
714 144 98 75 25 -0.04 0.06 -0.0 0.02 0.0 -0.39
715 141 92 75 24 -0.03 0.07 -0.02 0.0 0.07 -0.39
716 129 94 74 24 -0.03 0.09 -0.01 -0.22 0.03 -0.47
717 116 106 75 25 -0.04 0.07 -0.01 -0.17 -0.02 -0.44
718 104 102 72 24 -0.06 0.06 0.01 -0.26 -0.04 -0.46
719 92 97 74 24 -0.05 0.05 0.03 -0.16 -0.02 -0.39
720 92 93 75 25 -0.06 0.07 0.05 -0.2 -0.1 -0.34
721 76 88 72 25 -0.07 0.11 0.08 -0.34 -0.14 -0.39
722 87 93 69 70 -0.08 0.05 0.11 -0.36 -0.38 -0.33
723 84 97 67 83 -0.07 0.03 0.13 -0.33 -0.53 -0.38
724 69 101 68 89 -0.04 0.09 0.19 -0.47 -1.08 -0.41
725 62 97 70 110 0.02 0.31 0.32 -0.66 -1.9 -0.51
726 51 114 73 98 0.09 0.52 0.41 -0.53 -2.14 -0.61
727 44 139 76 93 0.23 1.23 0.68 -0.44 -2.23 -1.02
728 40 169 75 80 0.31 2.0 1.02 -0.69 -1.54 -1.86
729 39 179 80 70 0.3 2.28 1.17 -0.65 -1.14 -1.94
730 39 224 80 143 0.17 2.7 1.47 -0.44 -0.87 -1.84
731 39 205 88 136 -0.04 3.12 1.7 -0.66 -1.39 -1.83
732 42 181 91 121 -0.14 3.33 1.79 -0.91 -1.5 -2.01
733 49 173 100 120 -0.2 3.69 1.91 -1.26 -0.48 -2.55
734 55 179 102 103 -0.36 3.91 1.94 -0.94 -0.27 -2.87
735 57 164 110 90 -0.47 3.89 1.96 -1.24 -0.13 -2.8
736 60 147 114 78 -0.68 3.66 1.93 -0.6 -0.33 -1.95
737 66 140 117 69 -0.97 3.33 1.88 -0.75 0.41 -0.94
738 78 132 119 58 -1.1 3.07 1.81 -0.42 0.7 -0.53
739 93 144 121 56 -1.34 2.37 1.56 0.0 0.57 -0.19
740 83 134 123 52 -1.4 1.98 1.38 1.11 0.33 -0.46
741 82 120 124 46 -1.38 1.38 1.02 1.05 0.41 -0.68
742 76 112 126 50 -1.28 1.13 0.7 1.97 0.52 -0.38
743 74 107 124 45 -1.27 1.09 0.56 1.8 0.37 0.47
744 73 106 123 42 -1.22 0.99 0.34 0.81 0.21 1.3
745 72 99 123 41 -1.27 0.72 0.21 1.36 -0.01 2.06
746 85 104 120 39 -1.24 0.24 0.04 1.5 -0.09 1.98
747 80 103 118 43 -1.22 0.03 -0.08 0.84 -0.25 1.8
748 78 97 112 39 -1.01 -0.29 -0.12 0.84 0.07 1.35
749 78 98 110 37 -0.86 -0.47 -0.37 0.73 -0.27 0.91
750 77 95 106 46 -0.76 -0.52 -0.47 0.78 -0.28 0.75
751 75 94 104 43 -0.57 -0.51 -0.56 0.35 -0.04 0.8
752 80 91 99 39 -0.59 -0.58 -0.54 0.24 0.27 0.9
753 76 87 95 35 -0.61 -0.7 -0.56 0.08 0.28 0.39
754 79 85 91 31 -0.55 -0.73 -0.47 -2.18 -0.02 0.55
755 78 84 86 31 -0.33 -0.75 -0.3 -13.9 0.34 8.91
756 74 82 86 32 0.35 -2.06 0.18 -9.09 -0.17 9.32
757 73 94 81 49 0.47 -3.0 0.23 3.42 1.47 4.85
758 63 99 81 56 0.42 -1.57 0.2 1.97 1.44 1.22
759 54 92 81 49 0.41 0.14 0.02 1.71 1.01 0.18
760 50 90 77 43 0.34 -0.1 -0.04 1.42 0.68 -0.51
761 46 89 80 39 0.21 -0.23 -0.09 0.54 0.12 0.01
762 40 87 77 35 0.2 -0.16 -0.09 0.21 0.03 0.31
763 37 86 75 33 0.23 -0.07 -0.07 -0.37 -0.18 0.43
764 33 89 73 30 0.27 -0.03 -0.05 -0.27 -0.05 0.0
765 29 87 70 29 0.27 0.02 -0.05 -0.38 0.18 -0.16
766 25 87 70 28 0.19 0.06 -0.07 -0.46 0.17 0.0
767 30 84 68 27 0.16 0.05 -0.08 -0.3 0.09 0.01
768 29 82 76 27 0.07 -0.03 -0.05 -0.13 0.01 -0.08
-100 -100 -100 -100 -100 -100 -100 -100 -100 -100 -100
769 31 82 73 26 0.01 -0.1 -0.02 0.26 0.04 0.01
770 28 80 68 25 0.01 -0.13 -0.01 0.34 0.06 0.29
771 26 83 64 25 0.03 -0.1 -0.02 0.31 0.04 0.42
772 25 83 62 24 0.01 -0.01 -0.02 0.16 0.05 0.26
773 24 81 58 24 0.02 0.04 -0.02 0.15 0.04 0.06
774 22 81 58 24 0.04 0.16 -0.01 0.06 0.11 -0.06
775 22 81 60 24 0.05 0.15 -0.01 -0.04 0.05 -0.14
776 25 80 63 24 0.05 0.1 -0.01 -0.07 0.05 -0.12
777 24 80 62 24 0.05 -0.0 -0.0 -0.06 0.04 -0.07
778 23 80 61 23 0.04 -0.03 0.01 -0.12 0.09 0.0
779 22 77 60 23 0.05 -0.03 0.0 0.05 0.16 0.0
780 22 79 62 23 0.05 -0.02 -0.0 0.02 0.19 0.04
781 22 78 62 24 0.05 -0.03 -0.02 -0.03 0.13 0.02
782 21 79 63 23 0.05 -0.04 -0.02 0.1 0.1 0.06
783 20 81 60 24 0.03 -0.04 -0.02 0.04 0.04 -0.04
784 19 80 60 23 0.03 -0.05 -0.02 0.05 0.07 0.0
785 20 80 66 25 0.03 -0.05 -0.02 0.09 0.02 0.09
786 20 83 68 24 0.02 -0.04 -0.0 0.07 0.01 0.13
787 18 83 73 24 0.01 -0.02 0.0 0.07 0.02 0.05
788 18 82 70 24 0.01 -0.01 0.0 0.13 0.11 0.06
789 18 82 68 24 -0.0 0.01 0.0 0.09 0.12 0.1
790 18 85 68 23 -0.02 0.01 0.0 0.02 0.1 0.05
791 19 83 68 23 -0.03 0.0 0.0 0.0 0.1 -0.03
792 18 82 66 23 -0.05 -0.0 0.01 0.04 0.08 -0.01
793 19 83 64 24 -0.05 -0.02 0.02 -0.02 0.09 -0.03
794 19 82 65 23 -0.05 -0.02 0.02 0.04 0.03 -0.02
795 17 82 72 24 -0.04 -0.01 0.02 0.02 0.08 -0.03
796 19 81 72 24 -0.03 -0.0 0.01 -0.04 0.07 -0.02
797 20 80 72 24 -0.03 -0.0 0.01 0.06 0.06 -0.05
798 19 82 72 24 -0.01 -0.03 0.01 0.06 0.02 -0.1
799 23 81 70 24 0.0 -0.03 0.02 0.08 0.1 -0.05
800 19 79 70 23 0.01 -0.02 0.01 -0.08 0.11 0.0
801 18 78 69 26 0.02 0.0 0.02 -0.08 0.1 -0.01
802 19 76 71 25 0.03 -0.01 0.01 0.01 0.13 0.02
803 19 75 74 25 0.02 -0.01 0.01 0.05 0.01 -0.01
804 19 74 73 25 0.02 -0.02 0.01 0.01 0.07 -0.02
805 19 74 72 24 0.02 -0.01 0.01 0.01 0.05 0.0
806 19 73 73 24 0.01 -0.01 0.01 -0.02 0.04 -0.02
807 19 72 74 25 0.01 -0.01 0.01 -0.01 0.05 -0.05
808 19 75 76 24 0.0 -0.02 0.01 -0.03 0.08 -0.03
809 20 74 78 24 0.01 -0.03 0.01 0.02 0.13 -0.01
810 20 74 77 24 -0.01 -0.06 0.01 0.06 0.14 0.0
811 22 73 76 24 -0.02 -0.07 0.02 0.0 0.09 0.02
812 22 72 79 23 -0.01 -0.07 0.02 0.02 0.1 0.0
813 21 71 83 23 -0.02 -0.04 0.01 0.06 0.04 0.05
-200 -200 -200 -200 -200 -200 -200 -200 -200 -200 -200
814 21 70 80 24 -0.02 -0.04 0.01 0.07 0.07 0.0
815 21 71 78 23 -0.02 -0.03 0.01 0.05 0.05 0.0
816 20 70 78 24 -0.02 -0.02 0.01 0.05 0.06 -0.01
817 20 70 76 23 -0.0 -0.01 0.01 0.08 0.03 -0.02
818 19 69 74 24 -0.0 -0.0 0.02 -0.02 0.04 -0.01
819 19 70 77 23 0.01 0.01 0.03 0.0 0.13 -0.03
820 19 70 79 24 0.01 0.0 0.02 -0.02 0.1 -0.07
821 19 69 78 23 0.02 -0.0 0.02 -0.05 0.08 -0.03
822 19 69 76 23 0.02 -0.01 0.01 0.01 0.08 0.0
823 18 70 77 23 0.02 -0.01 0.0 -0.02 0.1 -0.04
824 18 71 74 23 0.02 -0.01 0.0 0.09 0.06 -0.06
825 18 71 74 23 0.03 -0.02 0.0 0.0 0.06 0.0
826 17 70 75 21 0.02 -0.03 0.01 0.08 0.08 0.0
827 18 69 73 23 0.02 -0.03 0.01 0.01 0.1 0.0
828 17 69 74 23 0.02 -0.03 0.02 -0.01 0.1 0.01
829 17 70 74 32 0.01 -0.03 0.01 -0.02 0.13 0.05
830 18 77 75 67 0.01 -0.03 0.01 -0.03 0.13 0.04
831 18 83 83 173 -0.0 -0.03 0.0 -0.03 0.13 0.1
832 30 91 79 193 -0.03 -0.03 0.01 0.08 -0.03 0.28
833 87 113 74 169 -0.05 -0.03 0.02 0.07 -0.12 0.46
834 123 117 70 160 -0.09 0.02 0.07 0.13 -0.01 0.84
835 144 120 68 134 -0.09 0.21 0.09 -0.01 0.15 1.08
836 145 118 66 111 -0.09 0.27 0.08 0.06 0.25 1.6
837 214 137 62 91 -0.04 0.39 0.03 -0.24 0.46 2.95
838 242 154 61 79 -0.01 0.4 -0.05 0.22 1.13 3.28
839 235 181 63 67 0.03 0.35 -0.06 0.09 1.38 3.15
840 253 168 61 57 0.14 0.2 -0.13 -2.19 -0.75 3.65
841 262 202 61 50 0.84 -0.79 -0.54 -0.92 1.45 4.24
842 278 210 66 44 0.81 -1.51 -0.53 -1.12 0.88 3.93
843 318 192 67 39 1.07 -2.36 -0.69 0.37 1.54 3.04
844 275 176 66 36 1.45 -2.68 -0.88 0.55 1.67 2.46
845 239 164 75 33 1.55 -2.43 -1.03 0.67 1.59 2.23
846 243 158 78 31 1.56 -2.27 -1.04 1.22 1.74 1.3
847 293 166 77 30 1.54 -2.0 -1.16 0.93 1.59 0.72
848 334 161 74 32 1.54 -2.05 -1.2 0.79 1.75 0.23
849 322 147 72 31 1.38 -2.15 -1.37 0.53 1.85 -0.3
850 310 138 72 30 1.2 -2.35 -1.51 0.54 1.38 -1.33
851 346 140 82 28 1.1 -2.31 -1.54 0.52 1.15 -1.44
852 351 134 88 27 0.91 -2.18 -1.59 0.8 0.76 -2.08
853 341 141 90 26 0.68 -1.79 -1.56 0.92 0.59 -2.21
854 352 154 88 32 0.46 -1.56 -1.51 0.64 0.23 -2.03
855 402 148 90 30 0.13 -1.13 -1.42 -0.19 -0.95 -2.09
856 394 146 92 28 0.04 -0.94 -1.36 -0.74 -1.34 -1.96
857 368 150 99 27 0.02 -0.88 -1.33 -0.6 -1.79 -1.92
858 375 147 111 27 -0.12 -0.84 -1.23 -0.59 -1.94 -2.19
859 355 146 107 43 -0.23 -0.71 -1.02 -0.95 -1.8 -2.43
860 333 146 136 39 -0.28 -0.65 -0.91 -0.81 -2.18 -2.42
861 356 152 131 55 -0.29 -0.64 -0.71 -1.0 -2.18 -2.13
862 349 149 125 69 -0.32 -0.59 -0.58 -0.8 -1.79 -1.24
863 367 180 127 60 -0.34 -0.51 -0.55 -0.54 -1.58 -1.07
864 326 169 125 53 -0.35 -0.34 -0.5 -0.26 -1.57 -1.3
865 321 159 120 47 -0.24 -0.33 -0.45 -0.33 -1.25 -1.29
866 300 162 115 42 -0.19 -0.36 -0.44 -0.32 -0.94 -1.1
867 296 155 121 46 -0.14 -0.37 -0.38 -0.27 -0.82 -0.9
868 286 161 117 65 -0.19 -0.25 -0.33 -0.4 -0.83 -0.88
869 350 184 117 56 -0.2 -0.18 -0.28 -0.39 -0.85 -0.92
870 297 175 116 56 -0.21 -0.04 -0.2 -0.47 -0.67 -0.89
871 280 160 114 50 -0.19 -0.02 -0.15 -0.42 -0.47 -0.73
872 265 157 109 44 -0.18 -0.04 -0.12 -0.4 -0.41 -0.65
873 293 156 110 39 -0.14 -0.07 -0.05 -0.57 -0.17 -0.25
874 292 161 110 40 -0.15 -0.09 0.04 -0.41 0.01 -0.26
875 281 173 123 39 -0.17 -0.1 0.1 -0.42 0.07 -0.29
876 255 156 113 39 -0.18 -0.14 0.16 -0.29 0.25 0.0
877 251 150 125 36 -0.15 -0.14 0.13 -0.09 0.27 0.24
878 274 141 117 49 -0.11 -0.13 0.09 0.12 0.36 0.26
879 246 141 121 45 -0.05 -0.11 0.04 -0.04 0.48 0.13
880 245 134 118 41 -0.02 -0.11 0.03 -0.08 0.52 0.14
881 250 129 119 39 -0.03 -0.09 0.04 -0.09 0.49 0.19
882 244 149 116 37 -0.05 -0.06 0.06 -0.01 0.43 0.11
883 244 149 116 42 -0.03 -0.03 0.07 -0.01 0.47 -0.09
884 266 138 120 40 -0.01 -0.03 0.08 0.0 0.36 -0.1
885 279 143 115 37 0.02 0.01 0.08 0.04 0.32 -0.02
886 265 132 111 34 0.02 0.06 0.09 -0.09 0.32 -0.02
887 249 142 103 35 0.02 0.04 0.09 -0.31 0.38 -0.22
888 241 148 103 33 0.02 -0.09 0.1 -0.21 0.41 -0.23
889 257 138 100 35 0.0 -0.14 0.1 0.01 0.23 -0.29
890 261 140 94 32 0.0 -0.13 0.09 0.04 0.22 -0.25
891 234 144 86 31 0.0 -0.08 0.08 0.09 0.24 -0.14
892 254 142 86 29 -0.0 0.01 0.05 0.19 0.23 -0.21
893 235 144 91 38 0.01 0.04 0.05 0.15 0.26 -0.26
894 239 143 90 41 0.03 0.06 0.03 0.03 0.25 -0.15
895 249 135 85 39 0.05 0.06 0.0 0.12 0.23 -0.19
896 236 131 83 36 0.05 0.06 0.0 -0.01 0.27 -0.31
897 257 128 83 34 0.05 0.03 0.01 -0.09 0.26 -0.31
898 245 128 82 31 0.05 0.0 0.02 -0.2 0.23 -0.31
899 224 138 87 28 0.05 -0.02 0.03 -0.22 0.26 -0.31
900 237 134 86 28 0.02 -0.05 0.04 -0.14 0.32 -0.33
901 251 137 85 27 -0.01 -0.06 0.05 -0.03 0.33 -0.26
902 226 139 84 27 -0.01 -0.05 0.05 0.01 0.31 -0.22
903 203 145 85 26 0.01 -0.04 0.03 0.04 0.24 -0.22
904 190 141 82 25 0.03 -0.02 0.01 0.11 0.23 -0.31
905 217 135 78 25 0.03 0.01 0.0 0.09 0.24 -0.31
906 198 149 79 24 0.02 0.03 -0.01 0.03 0.24 -0.35
907 191 142 81 24 -0.01 0.05 -0.0 0.04 0.19 -0.25
908 253 147 88 24 -0.02 0.05 -0.01 0.0 0.17 -0.26
909 226 147 96 27 -0.01 0.03 -0.02 -0.03 0.13 -0.24
910 204 140 87 26 0.01 0.03 -0.02 -0.1 0.08 -0.21
911 202 134 85 26 0.01 0.04 -0.02 -0.15 0.1 -0.17
912 184 126 84 28 -0.01 0.05 -0.0 -0.18 -0.06 -0.33
913 168 137 81 31 0.0 0.04 0.04 -0.22 -0.2 -0.35
914 147 127 77 101 0.01 0.02 0.07 -0.25 -0.35 -0.32
915 123 116 72 89 0.04 0.01 0.12 -0.27 -0.88 -0.28
916 104 116 69 128 0.1 0.1 0.2 -0.26 -1.43 -0.31
917 92 109 67 132 0.14 0.19 0.26 -0.34 -1.95 -0.58
918 77 110 65 129 0.27 0.51 0.42 -0.22 -2.4 -1.04
919 67 115 70 119 0.39 1.03 0.63 -0.38 -2.68 -1.36
920 58 118 73 102 0.4 1.29 0.77 -0.51 -2.81 -1.47
921 50 113 75 85 0.41 1.65 1.05 -0.62 -2.91 -1.73
922 43 131 79 81 0.35 1.85 1.37 -0.76 -2.84 -2.48
923 51 203 85 71 0.3 1.94 1.54 -0.71 -2.76 -2.62
924 45 230 91 75 0.09 2.29 1.86 -0.63 -1.96 -3.3
925 39 228 95 67 -0.21 2.71 2.13 -0.57 -1.36 -3.76
926 43 232 101 64 -0.41 2.89 2.23 -0.53 -0.72 -4.04
927 39 203 103 68 -0.75 2.95 2.24 -0.57 0.48 -4.21
928 71 181 106 122 -1.08 2.97 2.05 -1.67 1.11 -2.97
929 63 171 108 108 -1.18 2.76 1.84 -1.49 1.54 -2.17
930 56 158 113 102 -1.49 2.17 1.41 -0.49 1.08 -1.03
931 49 140 116 96 -1.64 1.7 1.07 0.31 0.86 0.09
932 43 144 117 100 -1.64 1.55 0.97 0.84 0.94 0.22
933 43 136 115 89 -1.64 1.3 0.85 0.99 1.63 0.42
934 58 136 117 96 -1.63 1.19 0.91 1.28 1.88 0.9
935 79 137 116 90 -1.63 1.1 0.87 0.34 1.5 1.56
936 79 153 116 80 -1.67 0.64 0.65 -0.9 0.75 1.87
937 70 152 113 75 -1.43 -0.24 0.38 0.57 0.84 2.09
938 65 141 111 66 -1.31 -0.65 0.23 1.17 1.1 2.09
939 63 127 109 59 -1.03 -1.08 0.0 1.69 1.03 1.92
940 65 117 106 51 -0.76 -0.91 -0.1 1.85 0.92 1.9
941 60 109 104 47 -0.65 -0.63 -0.15 1.79 1.09 1.09
942 58 101 106 41 -0.14 -0.6 -0.2 -4.68 -1.54 7.03
943 71 95 108 38 0.95 -2.1 -0.16 4.08 1.5 8.95
944 62 89 99 35 0.93 -0.99 -0.05 2.58 -0.59 8.27
945 56 84 92 32 0.8 0.82 -0.13 0.99 0.21 3.53
946 52 83 90 31 0.6 1.04 -0.27 1.39 0.49 0.67
947 50 82 95 29 0.54 1.13 -0.31 0.57 0.47 -0.72
948 50 82 92 28 0.4 1.09 -0.25 -0.24 0.48 -0.7
949 50 83 91 27 0.32 0.92 -0.21 -0.99 0.09 0.27
950 47 85 89 26 0.21 0.36 -0.11 -0.71 -0.18 0.37
951 44 87 87 26 0.15 -0.04 0.01 -0.35 0.11 0.2
952 45 89 84 24 0.09 -0.12 0.04 -0.12 0.15 0.08
953 41 91 86 24 0.02 -0.09 0.05 -0.05 0.28 0.14
954 39 93 82 24 0.01 0.04 0.02 0.33 0.22 0.18
955 38 93 84 24 0.02 0.09 0.0 0.35 0.23 0.0
-100 -100 -100 -100 -100 -100 -100 -100 -100 -100 -100
956 40 94 81 24 0.09 0.13 -0.02 0.43 0.24 0.03
957 38 96 80 23 0.15 0.12 -0.04 0.22 0.22 0.05
958 39 96 80 23 0.17 0.13 -0.05 -0.15 0.13 -0.03
959 36 97 81 23 0.19 0.12 -0.07 -0.13 0.14 -0.03
960 36 97 85 23 0.21 0.09 -0.09 -0.07 0.13 0.02
961 36 96 80 23 0.2 0.06 -0.09 0.09 0.07 0.03
962 34 96 76 23 0.17 0.01 -0.08 0.11 0.06 0.11
963 35 97 73 23 0.15 0.01 -0.06 0.22 0.0 0.12
964 35 98 72 23 0.15 0.02 -0.06 0.2 0.02 0.05
965 34 98 71 23 0.16 0.08 -0.06 0.17 0.1 0.23
966 39 98 73 23 0.14 0.1 -0.06 0.14 0.11 0.28
967 35 98 68 23 0.12 0.09 -0.05 0.2 0.16 0.11
968 35 98 65 23 0.08 0.06 -0.05 0.18 0.14 0.08
969 34 99 64 23 0.04 0.02 -0.03 0.13 0.13 0.01
970 34 98 71 23 0.02 0.01 -0.03 0.08 0.15 0.06
971 32 98 69 23 0.01 0.01 -0.02 0.12 0.12 0.07
972 30 98 65 23 -0.0 0.02 -0.01 0.11 0.13 0.13
973 30 98 67 23 -0.0 0.02 -0.01 0.11 0.18 0.05
974 28 97 65 23 -0.01 0.03 -0.0 0.16 0.05 0.02
975 26 96 68 22 -0.04 -0.02 -0.0 0.13 0.09 -0.02
976 34 94 67 24 -0.07 -0.09 0.0 -0.01 0.08 -0.15
977 34 93 64 23 -0.09 -0.23 0.01 -0.04 0.11 -0.18
978 34 93 63 23 -0.09 -0.32 0.02 -0.02 0.07 -0.19
979 31 92 63 23 -0.07 -0.32 0.01 0.1 0.03 0.01
980 30 90 66 23 -0.07 -0.37 0.01 0.21 0.04 -0.02
981 30 89 64 23 -0.02 -0.3 -0.0 0.16 0.02 0.0
982 28 88 66 23 0.0 -0.25 -0.0 0.18 0.09 0.01
983 34 87 64 23 0.05 -0.12 -0.02 0.13 0.12 0.07
984 36 86 66 23 0.09 -0.02 -0.04 0.08 0.15 0.1
985 33 86 71 23 0.11 0.03 -0.05 0.04 0.12 0.09
986 32 85 67 23 0.13 0.09 -0.06 0.12 0.05 0.1
987 29 85 64 24 0.13 0.14 -0.05 0.21 0.08 0.02
988 28 83 63 23 0.13 0.15 -0.04 0.17 0.12 0.01
989 26 85 64 23 0.11 0.13 -0.03 0.13 0.15 -0.01
990 28 86 70 23 0.1 0.11 -0.02 0.06 0.11 0.04
991 29 85 66 23 0.08 0.11 -0.02 0.08 0.11 0.08
992 27 85 66 21 0.07 0.11 -0.02 0.1 0.11 0.08
993 31 84 64 23 0.07 0.16 -0.01 0.19 0.11 0.13
994 29 84 61 23 0.06 0.18 0.0 0.18 0.07 0.08
995 26 82 61 23 0.06 0.21 0.01 0.17 0.12 0.06
996 25 81 69 23 0.05 0.21 0.01 0.03 0.12 0.04
997 24 81 68 23 0.04 0.2 0.0 -0.01 0.06 0.0
998 23 81 66 23 0.03 0.17 0.01 0.0 0.04 0.01
999 31 80 62 23 0.03 0.15 0.0 0.01 -0.01 0.0
1000 28 77 65 23 0.02 0.13 0.01 0.08 0.01 -0.03
1001 26 78 63 23 0.01 0.09 0.01 0.11 0.01 -0.02
1002 25 78 62 23 0.0 0.06 0.02 0.1 0.05 0.03
-200 -200 -200 -200 -200 -200 -200 -200 -200 -200 -200
1003 24 79 63 23 0.0 0.05 0.02 0.06 0.07 0.04
1004 27 79 60 23 0.01 0.08 0.02 0.07 0.07 0.02
1005 27 78 59 23 0.02 0.09 0.01 0.01 0.16 0.0
1006 27 75 64 23 0.01 0.08 0.01 0.07 0.12 0.02
1007 25 77 63 23 0.01 0.07 0.01 0.05 0.13 0.05
1008 26 77 63 23 0.02 0.09 0.0 0.07 0.07 0.04
1009 25 76 59 23 0.02 0.11 -0.0 0.02 0.06 -0.04
1010 27 76 58 23 0.03 0.11 -0.01 0.03 0.09 -0.06
1011 25 74 57 23 0.03 0.07 -0.01 -0.01 0.14 -0.16
1012 24 73 60 23 0.02 0.04 -0.01 -0.02 0.13 -0.1
1013 25 75 64 23 0.02 -0.02 -0.02 -0.05 0.13 -0.05
1014 24 76 63 23 0.03 -0.02 -0.03 0.06 0.02 0.06
1015 22 77 60 23 0.04 -0.01 -0.03 0.11 0.04 0.07
1016 21 77 61 23 0.05 0.03 -0.04 0.17 0.03 0.06
1017 24 78 69 24 0.05 0.04 -0.03 0.12 0.04 -0.05
1018 22 79 68 23 0.04 0.04 -0.02 0.04 0.07 -0.02
1019 21 78 64 23 0.03 0.02 -0.02 0.0 0.11 -0.01
1020 21 77 62 23 0.03 0.01 -0.02 0.01 0.09 0.04
1021 33 78 62 23 0.02 0.01 -0.02 0.1 0.11 0.07
1022 32 79 61 22 0.01 0.02 -0.02 0.13 0.08 0.08
1023 30 83 59 22 -0.0 0.02 -0.01 0.16 0.16 0.15
1024 37 86 59 23 -0.02 0.01 -0.01 0.11 0.11 0.14
1025 38 86 60 38 -0.04 0.01 -0.01 0.1 0.0 0.24
1026 54 94 58 35 -0.06 0.04 -0.01 0.07 0.09 0.29
1027 83 102 60 61 -0.07 0.07 -0.02 -0.26 0.0 0.69
1028 92 109 60 85 -0.08 0.17 -0.02 -0.6 0.04 0.96
1029 125 117 59 94 -0.21 0.21 -0.03 -0.59 0.17 2.51
1030 163 124 59 78 -0.31 0.28 -0.05 -0.83 0.91 5.07
1031 168 139 58 73 -0.46 0.29 -0.08 -0.8 1.31 5.82
1032 179 142 56 62 -0.45 0.01 -0.11 -0.68 1.93 4.94
1033 253 137 62 53 -0.3 -0.37 -0.18 0.21 2.06 3.72
1034 342 135 62 47 0.04 -1.07 -0.46 -0.47 1.38 3.4
1035 359 143 63 43 0.59 -1.9 -0.67 0.86 2.09 4.45
1036 369 149 67 38 0.76 -2.07 -0.65 0.88 1.76 3.82
1037 334 142 70 35 1.11 -2.02 -0.77 0.56 1.78 3.27
1038 325 138 67 34 1.38 -2.1 -0.91 0.25 1.09 1.61
1039 295 130 64 32 1.57 -2.18 -0.98 -0.3 1.21 0.23
1040 298 131 65 30 1.6 -2.38 -1.14 -0.54 1.36 -0.25
1041 261 122 66 30 1.6 -2.84 -1.34 0.49 1.41 -1.19
1042 296 124 88 28 1.56 -2.78 -1.4 1.05 1.03 -1.87
1043 263 121 83 27 1.45 -2.44 -1.42 1.49 1.03 -2.08
1044 288 135 80 26 1.16 -1.76 -1.36 0.96 0.69 -2.67
1045 292 127 81 27 0.99 -1.51 -1.31 -0.27 0.3 -2.99
1046 320 123 83 26 0.71 -1.36 -1.28 -0.27 -0.24 -2.33
1047 307 125 79 26 0.42 -1.35 -1.29 -1.26 -0.53 -1.63
1048 349 132 78 37 0.21 -1.39 -1.3 -0.85 -1.07 -1.37
1049 307 138 74 33 0.09 -1.3 -1.38 -0.59 -1.52 -1.62
1050 331 133 83 36 -0.17 -1.0 -1.2 -0.64 -1.85 -2.73
1051 362 127 106 38 -0.25 -0.86 -1.07 -1.37 -1.8 -2.85
1052 332 125 114 37 -0.34 -0.95 -0.87 -1.61 -1.52 -2.67
1053 295 129 106 41 -0.31 -1.43 -0.81 -1.63 -1.64 -1.92
1054 261 128 105 48 -0.28 -1.7 -0.8 -0.56 -1.87 -1.3
1055 286 126 99 42 -0.3 -1.74 -0.78 -0.13 -1.92 -1.45
1056 279 130 96 43 -0.36 -1.4 -0.76 -0.76 -1.83 -1.54
1057 265 138 95 39 -0.38 -1.27 -0.72 -0.8 -1.64 -1.42
1058 242 131 94 36 -0.34 -1.17 -0.61 -0.68 -1.68 -1.24
1059 259 130 105 33 -0.34 -0.97 -0.42 -0.63 -1.7 -0.85
1060 276 137 100 33 -0.36 -0.79 -0.32 -0.55 -1.65 -0.59
1061 281 141 103 32 -0.38 -0.46 -0.14 -0.63 -1.54 -0.72
1062 298 139 121 30 -0.31 -0.23 -0.05 -0.68 -1.23 -0.72
1063 267 144 121 29 -0.27 -0.14 -0.03 -0.77 -1.0 -0.83
1064 264 146 116 27 -0.19 -0.11 -0.04 -0.95 -0.58 -0.83
1065 269 146 113 27 -0.11 -0.18 -0.0 -0.37 -0.35 -0.45
1066 270 141 106 27 -0.11 -0.12 0.02 -0.06 -0.26 -0.38
1067 259 143 111 31 -0.12 0.13 0.06 -0.06 -0.04 -0.38
1068 246 143 109 30 -0.09 0.23 0.05 -0.45 0.12 -0.41
1069 266 149 99 29 -0.06 0.16 0.04 -0.58 0.24 -0.29
1070 288 145 97 28 -0.02 0.02 0.02 -0.28 0.31 0.0
1071 255 143 104 27 -0.04 0.06 0.04 -0.29 0.36 0.06
1072 229 144 110 27 -0.06 0.09 0.05 -0.34 0.37 0.12
1073 231 138 102 27 -0.08 0.11 0.08 -0.19 0.25 0.16
1074 208 138 98 31 -0.05 0.1 0.1 -0.25 0.32 0.22
1075 259 131 98 31 -0.02 0.06 0.09 -0.17 0.3 0.25
1076 243 129 96 30 0.05 -0.03 0.07 0.13 0.44 0.3
1077 206 126 89 29 0.07 -0.0 0.06 0.02 0.42 0.26
1078 198 141 83 28 0.07 0.03 0.05 -0.17 0.48 0.16
1079 204 146 82 25 0.07 0.0 0.03 -0.29 0.3 0.02
1080 187 141 81 31 0.07 -0.01 0.03 -0.08 0.2 -0.19
1081 196 145 88 31 0.06 0.01 0.04 -0.07 0.22 -0.24
1082 204 150 83 30 0.04 0.05 0.06 -0.05 0.14 -0.23
1083 208 144 88 28 0.05 0.04 0.05 -0.05 0.26 -0.18
1084 214 145 88 27 0.05 0.02 0.04 0.03 0.3 -0.15
1085 200 141 86 26 0.02 0.04 0.03 -0.05 0.29 -0.12
1086 235 153 79 26 -0.01 0.03 0.03 -0.1 0.24 -0.1
1087 265 150 80 26 -0.02 0.02 0.02 -0.03 0.15 -0.13
1088 267 141 82 27 -0.01 0.07 0.01 0.12 -0.04 -0.16
1089 261 137 93 26 0.02 0.15 -0.01 -0.29 -0.06 -0.06
1090 239 138 89 26 0.04 0.15 -0.02 -0.59 -0.06 -0.1
1091 281 129 87 25 0.08 0.06 -0.04 -0.56 -0.05 -0.28
1092 257 136 100 29 0.08 0.0 -0.02 -0.36 0.2 -0.27
1093 245 152 95 30 0.05 0.01 0.0 -0.37 0.2 -0.35
1094 231 139 93 30 0.01 0.03 0.04 -0.15 0.16 -0.25
1095 224 125 90 28 0.0 0.07 0.05 -0.18 0.07 -0.23
1096 195 113 85 26 0.02 0.07 0.04 -0.23 0.16 -0.23
1097 194 110 88 26 0.03 0.01 0.03 -0.19 0.18 -0.21
1098 193 104 87 25 0.03 -0.02 0.02 -0.03 0.05 -0.2
1099 170 98 82 24 0.02 0.03 0.02 -0.06 0.02 -0.29
1100 166 98 76 27 -0.01 0.12 0.03 -0.17 -0.04 -0.39
1101 142 94 74 27 -0.01 0.12 0.04 -0.2 -0.3 -0.55
1102 122 91 72 91 0.0 0.07 0.04 -0.16 -0.41 -0.5
1103 102 86 71 87 0.0 0.09 0.06 -0.13 -0.84 -0.5
1104 85 87 67 76 0.04 0.22 0.09 -0.43 -1.56 -0.69
1105 77 87 66 81 0.08 0.3 0.12 -0.47 -1.91 -0.83
1106 72 91 69 110 0.16 0.54 0.24 -0.85 -2.88 -1.4
1107 62 91 71 93 0.27 0.8 0.44 -1.33 -3.16 -1.95
1108 53 91 75 92 0.33 0.87 0.57 -1.55 -2.91 -2.22
1109 55 104 75 111 0.38 0.91 0.91 -1.4 -2.66 -2.18
1110 73 120 80 128 0.27 1.04 1.24 -1.55 -2.56 -2.78
1111 91 145 89 115 0.19 1.15 1.38 -1.95 -2.45 -3.05
1112 90 167 94 100 0.05 1.55 1.63 -2.68 -2.4 -3.3
1113 77 160 97 108 0.03 1.73 1.74 -2.39 -1.1 -2.95
1114 62 153 101 119 -0.04 1.7 1.78 -2.03 -0.7 -2.94
1115 54 149 109 122 -0.23 1.5 1.81 -1.2 -0.36 -2.25
1116 46 146 118 112 -0.49 1.47 1.82 -0.71 -0.55 -1.57
1117 57 165 122 102 -0.59 1.56 1.79 -0.32 -0.04 -1.36
1118 91 157 121 116 -0.75 1.79 1.68 0.5 1.12 -0.48
1119 79 143 122 161 -0.92 1.99 1.52 0.12 1.52 -0.33
1120 84 137 127 152 -1.01 2.03 1.4 -0.7 1.36 -0.3
1121 70 133 129 169 -1.11 1.83 1.15 0.32 1.02 0.11
1122 58 121 132 139 -1.08 1.48 0.92 0.37 1.52 0.99
1123 53 120 129 112 -1.0 1.29 0.82 0.15 1.51 1.22
1124 65 120 128 106 -0.86 0.81 0.73 0.94 1.71 1.77
1125 57 116 125 91 -0.81 0.59 0.68 0.96 1.87 1.17
1126 47 111 123 77 -0.85 0.28 0.59 0.51 2.29 1.16
1127 41 105 122 75 -0.8 -0.28 0.45 1.69 1.66 1.12
1128 36 99 117 64 -0.72 -0.76 0.18 2.05 1.4 1.07
1129 33 95 116 56 -0.68 -0.87 0.04 2.05 0.95 0.81
1130 30 91 114 49 -0.62 -0.95 -0.14 2.18 0.92 0.53
1131 27 87 111 44 -0.63 -0.91 -0.2 1.49 2.97 -0.73
1132 24 83 113 38 -0.72 -0.52 -0.31 0.88 1.43 3.19
1133 23 83 107 36 -0.12 -0.66 -0.42 1.26 -2.79 7.67
1134 21 85 102 33 0.81 -0.64 -0.29 2.26 0.0 5.51
1135 20 88 96 31 1.13 -0.18 -0.27 1.65 0.59 4.15
1136 18 90 97 29 0.7 0.59 -0.33 -1.1 0.48 1.24
1137 18 94 97 28 0.56 0.78 -0.4 -1.0 0.09 0.8
1138 18 98 97 26 0.46 1.16 -0.35 -0.37 -0.09 0.68
1139 17 99 98 26 0.42 1.1 -0.22 0.04 -0.04 0.67
1140 17 100 98 25 0.36 0.85 -0.18 0.33 0.03 0.45
1141 19 103 95 25 0.23 0.48 -0.12 0.36 -0.02 0.53
1142 18 105 95 24 0.26 0.56 -0.08 0.25 -0.07 0.27
1143 18 106 90 24 0.27 0.65 -0.09 -0.17 0.39 -0.06
1144 18 107 95 24 0.28 0.94 -0.13 -0.35 0.39 -0.01
1145 21 110 94 24 0.24 1.02 -0.13 -0.41 0.39 0.21
1146 22 110 87 23 0.23 0.98 -0.13 -0.31 0.16 0.08
-100 -100 -100 -100 -100 -100 -100 -100 -100 -100 -100
1147 24 110 89 23 0.17 0.79 -0.1 -0.21 0.05 -0.14
1148 24 109 82 23 0.16 0.61 -0.08 0.03 0.08 -0.51
1149 26 109 84 23 0.16 0.6 -0.08 0.02 0.08 -0.37
1150 27 109 85 23 0.18 0.61 -0.08 0.0 0.07 -0.28
1151 40 104 86 23 0.17 0.57 -0.07 -0.06 0.08 -0.01
1152 40 102 83 23 0.16 0.54 -0.06 -0.04 0.05 -0.02
1153 41 100 87 23 0.15 0.48 -0.05 -0.09 0.03 -0.02
1154 39 98 88 23 0.14 0.51 -0.03 0.07 0.11 -0.06
1155 38 97 85 23 0.15 0.55 -0.03 -0.01 0.17 -0.17
1156 43 97 83 23 0.15 0.55 -0.03 0.0 0.14 -0.2
1157 46 95 88 23 0.16 0.57 -0.03 -0.13 0.09 -0.16
1158 43 95 83 23 0.17 0.54 -0.04 -0.07 0.09 -0.11
1159 39 95 82 23 0.16 0.5 -0.04 -0.14 0.13 -0.05
1160 42 96 84 22 0.13 0.41 -0.07 -0.28 0.16 -0.06
1161 39 95 82 23 0.11 0.37 -0.07 -0.26 0.06 0.14
1162 38 97 76 23 0.09 0.33 -0.08 -0.14 0.09 0.13
1163 38 96 76 23 0.05 0.26 -0.08 0.0 0.01 0.0
1164 40 95 75 23 0.04 0.26 -0.07 -0.11 -0.01 0.05
1165 40 97 82 23 0.02 0.24 -0.07 -0.08 0.02 0.09
1166 44 99 84 23 0.0 0.18 -0.06 -0.05 0.01 0.13
1167 41 102 83 23 -0.02 0.14 -0.05 -0.02 -0.02 0.14
1168 48 103 89 22 -0.05 0.07 -0.05 0.04 -0.02 0.03
1169 54 102 84 23 -0.05 0.1 -0.06 -0.02 0.07 0.09
1170 49 102 85 23 -0.05 0.11 -0.06 -0.14 0.09 0.11
1171 51 102 80 23 -0.07 0.14 -0.07 -0.07 0.19 -0.09
1172 47 102 78 23 -0.08 0.13 -0.07 0.03 0.18 -0.12
1173 45 100 88 22 -0.09 0.13 -0.07 0.1 0.06 -0.22
1174 45 99 89 23 -0.08 0.14 -0.06 0.03 0.07 -0.22
1175 51 97 90 24 -0.08 0.11 -0.06 -0.19 0.06 -0.07
1176 44 96 90 23 -0.09 0.09 -0.05 -0.13 0.08 -0.02
1177 45 95 87 23 -0.09 0.07 -0.06 -0.07 0.0 -0.01
1178 44 98 82 23 -0.08 0.09 -0.08 -0.07 0.02 0.01
1179 43 96 82 23 -0.07 0.11 -0.09 -0.1 0.02 0.03
1180 42 94 83 21 -0.05 0.15 -0.11 -0.07 0.1 -0.16
1181 52 92 85 23 -0.05 0.16 -0.12 0.06 0.16 -0.18
1182 50 92 89 23 -0.05 0.15 -0.12 -0.02 0.13 -0.05
1183 45 92 91 23 -0.06 0.13 -0.13 -0.01 0.11 0.0
1184 45 90 87 23 -0.07 0.08 -0.14 -0.07 0.04 0.11
1185 43 90 81 23 -0.07 0.08 -0.14 -0.08 0.05 0.03
