-1 -1 -1 -1 -1 -1 -1 -1 -1 -1 -1
2 30 81 68 23 -0.09 0.06 0.0 0.13 -0.11 -0.09
3 34 83 72 23 -0.09 0.08 0.01 0.01 0.0 -0.16
4 33 82 71 23 -0.09 0.11 0.01 -0.06 0.01 -0.17
5 31 82 74 24 -0.08 0.12 0.01 -0.12 0.09 -0.26
6 28 83 70 23 -0.08 0.11 0.01 -0.1 0.13 -0.43
7 27 81 67 24 -0.08 0.11 0.0 -0.12 0.14 -0.38
8 33 81 67 23 -0.07 0.08 -0.02 -0.11 0.15 -0.38
9 39 81 71 23 -0.06 0.06 -0.03 -0.05 0.13 -0.3
10 33 81 69 23 -0.06 0.02 -0.02 -0.14 0.06 -0.24
11 30 80 67 23 -0.05 -0.01 -0.02 -0.08 0.07 -0.21
12 27 80 69 23 -0.05 -0.02 -0.02 -0.03 0.04 -0.23
13 25 79 75 23 -0.03 -0.04 -0.01 -0.03 0.05 -0.22
14 28 79 76 23 -0.01 -0.04 -0.01 -0.03 0.03 -0.17
15 27 78 86 23 -0.0 -0.05 0.0 -0.02 0.02 -0.12
16 29 78 84 23 0.02 -0.04 0.01 0.0 0.0 -0.04
17 27 81 82 23 0.03 -0.04 0.02 -0.06 -0.02 -0.06
18 25 81 79 23 0.03 -0.05 0.02 -0.14 0.07 0.0
19 26 82 80 23 0.02 -0.04 0.0 -0.14 0.07 0.04
20 25 82 76 23 -0.0 -0.03 -0.02 -0.19 0.13 0.16
21 26 83 74 23 -0.02 -0.02 -0.03 -0.06 0.05 0.16
22 28 84 70 23 -0.05 -0.02 -0.04 0.0 0.0 0.09
23 26 86 72 23 -0.06 -0.0 -0.03 0.09 -0.08 0.01
24 25 85 69 23 -0.06 0.01 -0.03 0.04 -0.07 -0.1
25 23 88 70 24 -0.05 0.01 -0.01 -0.02 0.0 -0.13
26 21 89 72 24 -0.03 0.03 0.0 -0.12 0.07 -0.17
27 25 91 72 24 -0.02 0.04 -0.0 -0.14 0.09 -0.16
28 23 91 68 23 -0.01 0.03 -0.01 -0.13 0.12 -0.2
29 22 94 69 23 0.01 0.02 -0.02 -0.1 0.12 -0.25
30 27 94 76 23 0.01 0.0 -0.02 -0.11 0.1 -0.22
31 28 95 79 24 0.02 -0.02 -0.03 -0.09 0.07 -0.25
32 25 97 73 23 0.04 -0.03 -0.02 -0.04 0.07 -0.15
33 25 94 73 23 0.05 -0.04 -0.03 -0.07 0.06 -0.1
34 23 90 75 23 0.04 -0.07 -0.03 -0.05 0.09 -0.01
35 25 90 76 23 0.01 -0.07 -0.03 -0.06 0.06 0.21
36 28 87 72 23 0.0 -0.05 -0.03 0.06 -0.04 0.07
37 31 84 71 23 -0.01 -0.0 -0.03 0.07 -0.09 0.05
38 34 82 69 23 -0.0 0.02 -0.01 0.07 -0.11 -0.01
39 30 80 73 23 0.0 0.02 -0.0 -0.04 0.0 -0.1
40 29 82 69 23 0.02 0.03 0.01 -0.04 0.05 -0.11
41 27 80 66 23 0.03 0.03 0.02 -0.09 0.1 -0.16
42 25 81 70 23 0.03 0.03 0.01 -0.11 0.12 -0.19
43 24 80 73 23 0.04 0.02 0.0 -0.13 0.08 -0.18
44 27 80 77 23 0.04 0.01 -0.0 -0.14 0.07 -0.13
45 25 79 71 23 0.05 0.0 -0.01 -0.09 0.1 -0.06
46 25 80 68 23 0.05 0.0 -0.02 -0.11 0.12 -0.07
47 34 81 71 23 0.04 0.01 -0.03 -0.08 0.11 -0.01
48 31 81 71 23 0.04 0.01 -0.03 -0.06 0.07 -0.09
49 29 81 73 24 0.03 0.01 -0.03 -0.08 0.02 -0.03
50 27 80 69 23 0.01 -0.01 -0.03 0.03 -0.02 -0.02
51 25 79 68 24 0.0 -0.02 -0.02 0.06 -0.07 -0.04
52 31 80 65 23 -0.02 -0.05 0.0 0.08 -0.1 0.02
53 29 80 64 24 -0.02 -0.05 0.03 0.13 -0.07 0.05
54 28 80 65 23 -0.03 -0.04 0.04 0.07 0.01 0.07
55 28 79 65 24 -0.02 -0.01 0.04 -0.09 0.03 0.06
56 34 79 72 24 -0.01 0.02 0.04 -0.13 0.12 -0.03
57 30 77 70 24 -0.0 0.03 0.03 -0.12 0.08 -0.19
58 28 79 67 23 0.01 0.04 0.01 -0.14 0.1 -0.18
59 28 77 63 23 0.01 0.02 0.0 -0.08 0.08 -0.18
60 28 78 66 23 0.01 0.01 -0.0 0.0 0.0 -0.16
61 25 78 70 23 0.03 0.0 0.0 0.01 -0.01 -0.15
62 26 78 70 23 0.04 0.01 0.01 0.0 0.01 -0.05
63 32 78 66 23 0.05 0.01 0.01 -0.09 0.07 0.0
64 30 77 70 23 0.04 0.01 0.01 -0.1 0.12 0.05
65 28 77 72 23 0.03 0.01 -0.01 -0.11 0.12 0.0
66 27 77 75 23 0.02 0.01 -0.01 -0.03 0.02 -0.07
67 32 76 73 23 0.01 0.01 -0.01 -0.02 -0.02 -0.07
68 28 78 72 23 0.0 0.0 -0.0 0.02 0.0 -0.07
69 29 79 75 23 0.0 0.0 0.0 -0.01 0.03 -0.06
70 27 80 75 24 -0.0 -0.0 0.0 -0.03 0.07 -0.06
71 25 81 80 23 -0.01 -0.01 0.01 -0.06 0.1 -0.06
72 32 83 76 23 -0.02 -0.01 0.01 -0.11 0.07 -0.04
73 31 83 76 23 -0.02 -0.02 -0.0 -0.09 0.07 0.0
74 28 83 70 23 -0.02 -0.01 -0.01 0.0 0.03 -0.07
75 27 84 67 23 -0.02 -0.01 -0.01 -0.05 0.04 -0.13
76 26 82 75 23 -0.01 -0.0 -0.01 -0.04 0.08 -0.12
77 26 82 74 23 -0.01 -0.01 -0.0 -0.06 0.02 -0.08
78 28 83 74 23 -0.01 -0.02 -0.0 -0.04 0.02 -0.06
79 26 82 70 23 -0.01 -0.02 -0.01 -0.04 0.05 -0.05
80 30 81 65 23 -0.01 -0.01 -0.01 -0.05 0.05 0.0
81 28 82 65 23 -0.01 -0.01 -0.01 -0.05 0.04 0.0
82 26 82 76 24 -0.01 -0.01 -0.01 -0.04 0.05 -0.01
83 24 81 73 23 -0.01 -0.0 -0.01 -0.04 0.04 -0.06
84 26 83 71 23 -0.01 0.0 -0.02 -0.08 0.04 -0.07
85 26 85 67 23 -0.01 0.0 -0.02 -0.02 0.05 -0.06
86 24 85 66 23 -0.02 -0.01 -0.02 -0.02 0.07 -0.05
87 25 85 67 23 -0.02 -0.01 -0.02 0.02 0.06 -0.07
88 24 85 69 23 -0.02 -0.01 -0.02 -0.01 0.04 -0.09
89 22 86 73 23 -0.02 -0.01 -0.02 -0.04 0.0 -0.07
90 27 86 91 23 -0.03 -0.01 -0.01 -0.04 0.04 -0.07
91 29 84 100 23 -0.02 -0.02 -0.01 -0.03 0.04 -0.09
92 28 85 127 23 -0.02 -0.02 -0.01 -0.04 0.02 0.11
93 28 90 134 23 -0.01 -0.02 -0.01 -0.02 0.01 0.12
94 27 101 154 23 -0.01 0.0 -0.0 0.03 -0.04 0.2
-200 -200 -200 -200 -200 -200 -200 -200 -200 -200 -200
95 27 98 148 23 0.0 0.04 0.02 0.23 -0.04 0.22
96 31 93 141 23 0.01 0.07 0.06 0.38 -0.15 0.11
97 31 90 145 23 0.03 0.07 0.15 0.7 -0.11 0.21
98 38 92 126 23 0.0 0.07 0.21 0.14 -0.19 0.27
99 35 90 116 23 -0.01 0.11 0.23 -0.32 -0.05 0.17
100 32 88 106 23 -0.01 0.18 0.21 -0.5 0.21 -0.1
101 30 85 95 23 -0.02 0.27 0.13 -0.11 0.55 -0.22
102 29 83 88 23 -0.05 0.25 0.09 -0.21 0.42 -0.1
103 27 83 83 23 -0.08 0.21 0.05 -0.42 0.33 -0.19
104 34 80 77 23 -0.1 0.15 0.02 -0.17 0.19 -0.34
105 32 79 89 23 -0.1 0.12 0.02 -0.15 0.09 -0.39
106 31 82 90 23 -0.08 0.09 0.01 -0.15 0.06 -0.39
107 28 80 84 23 -0.05 0.05 -0.01 -0.03 0.08 -0.34
108 26 79 78 23 -0.04 0.03 -0.01 -0.07 0.1 -0.31
109 25 80 73 23 -0.02 0.01 -0.01 -0.01 0.08 0.07
110 27 81 69 24 -0.01 0.05 -0.01 -0.05 0.06 0.06
111 29 81 64 23 0.01 0.09 -0.01 -0.08 0.06 0.09
112 27 82 63 23 0.03 0.21 -0.01 -0.07 0.02 0.13
113 31 89 62 39 0.05 0.33 0.01 0.19 0.06 0.5
114 28 90 59 37 0.05 0.38 0.02 0.32 0.12 0.69
115 28 90 58 38 0.04 0.53 0.02 -0.06 0.05 1.17
116 36 94 57 36 0.08 0.81 0.01 0.05 0.01 1.13
117 34 100 55 34 0.11 0.96 0.01 -0.1 0.11 0.99
118 30 142 55 84 0.2 1.25 -0.02 -0.23 0.09 0.68
119 32 148 56 75 0.3 1.59 -0.06 -0.35 0.14 0.51
120 29 137 55 63 0.38 1.73 -0.07 -0.51 0.3 0.2
121 29 133 58 57 0.45 1.89 -0.07 -0.11 0.32 0.19
122 29 126 55 53 0.42 1.98 -0.03 -0.05 0.19 0.5
123 29 124 56 45 0.42 2.06 0.03 -0.28 0.23 0.86
124 28 120 62 41 0.5 2.71 0.24 -1.65 0.19 0.58
125 28 125 66 69 0.58 2.85 0.44 -1.6 0.37 0.36
126 33 118 69 58 0.63 2.93 0.5 -1.5 0.39 0.31
127 43 116 70 52 0.65 3.65 0.79 -2.11 0.36 0.36
128 41 113 76 46 0.8 4.23 0.91 -0.91 1.06 1.15
129 38 108 80 41 0.7 4.6 1.02 -1.38 0.73 0.88
130 37 105 92 37 0.57 5.01 1.21 -1.56 0.67 0.55
131 40 106 87 35 0.35 5.03 1.41 -1.08 0.43 -0.78
132 42 103 99 32 0.23 4.96 1.54 -1.03 0.26 -0.78
133 44 103 104 38 -0.03 4.73 1.77 -0.57 0.1 -1.11
134 48 103 117 38 -0.24 4.48 1.89 -0.46 0.34 -1.18
135 63 106 150 41 -0.43 4.3 1.83 -0.49 -0.04 -1.11
136 66 110 150 40 -0.92 3.9 1.78 0.44 -0.47 -0.82
137 62 110 140 43 -1.23 3.64 1.8 0.37 -0.99 -0.64
138 71 106 134 52 -1.3 3.57 1.79 0.11 -0.79 -0.87
139 77 108 136 64 -1.42 3.19 1.74 -0.72 -0.91 -0.88
140 81 106 142 87 -1.49 2.3 1.63 -0.48 -1.35 -0.84
141 94 108 147 119 -1.46 1.81 1.57 -0.01 -1.6 -0.64
142 95 106 163 132 -1.39 1.08 1.49 1.02 -1.75 -0.16
143 92 104 170 162 -1.3 0.87 1.43 1.37 -1.54 0.94
144 93 102 176 190 -1.31 0.81 1.35 1.01 -1.55 1.2
145 88 103 203 216 -1.23 0.57 1.23 1.15 -1.27 1.29
146 82 101 239 236 -1.16 0.18 1.07 1.39 -1.06 1.24
147 82 104 254 248 -1.1 -0.03 1.0 1.23 -1.06 1.2
148 77 107 264 275 -0.9 -0.51 0.81 1.35 -0.69 1.34
149 76 110 276 288 -0.72 -1.03 0.63 2.39 -0.57 1.4
150 71 106 294 282 -0.64 -1.09 0.51 3.19 -0.81 0.73
151 66 102 323 281 -0.44 -0.76 0.33 3.47 -0.42 0.24
152 60 98 331 279 -0.36 -0.15 0.16 1.9 -0.35 0.21
153 55 96 340 271 -0.3 0.03 0.1 1.69 0.0 0.17
154 51 94 349 261 -0.27 0.02 -0.03 0.31 -0.11 0.77
155 46 95 356 244 -0.23 -0.3 -0.09 0.46 -0.17 0.57
156 43 95 357 234 -0.22 -0.43 -0.13 0.65 -0.2 0.47
157 39 91 359 217 -0.18 -0.38 -0.18 0.77 -0.18 0.24
158 35 88 366 200 -0.15 -0.16 -0.21 0.87 -0.32 0.21
159 33 96 368 183 -0.09 -0.03 -0.2 0.51 -0.37 0.24
160 31 94 362 180 -0.02 0.04 -0.16 0.42 -0.38 0.22
161 29 98 356 164 0.04 -0.02 -0.13 0.42 -0.58 0.17
162 27 98 350 158 0.07 -0.05 -0.11 0.4 -0.67 0.09
163 25 100 351 150 0.13 -0.09 -0.09 0.71 -0.66 0.16
164 25 104 339 149 0.15 0.1 -0.06 0.54 -0.67 0.15
165 23 116 340 143 0.15 0.22 -0.05 0.2 -0.57 0.2
166 21 123 335 145 0.16 0.3 -0.03 -0.6 -0.4 0.18
167 23 118 329 155 0.13 0.16 -0.03 -0.63 -0.16 0.28
168 25 119 319 156 0.11 0.06 -0.03 -0.38 0.05 0.33
169 27 117 311 177 0.07 -0.08 -0.05 -0.02 0.14 0.39
170 25 117 302 172 0.04 -0.08 -0.07 -0.02 0.16 0.31
171 24 140 295 180 0.04 -0.04 -0.07 -0.09 0.23 0.17
172 23 135 289 184 0.06 0.04 -0.06 -0.27 0.28 0.06
173 22 133 284 195 0.06 0.04 -0.03 -0.65 0.31 0.17
174 22 137 276 202 0.06 0.01 -0.02 -0.64 0.3 0.22
175 26 138 265 208 0.04 -0.09 0.0 -0.31 0.19 0.03
176 25 141 260 214 0.01 -0.17 0.04 -0.01 0.16 -0.12
177 24 145 250 224 -0.02 -0.15 0.05 0.16 0.09 -0.15
178 26 146 242 242 -0.05 -0.05 0.07 0.14 0.0 0.02
179 27 150 237 249 -0.08 -0.02 0.07 0.05 -0.16 0.16
180 26 152 232 257 -0.09 -0.04 0.07 0.17 -0.27 0.22
181 25 153 220 270 -0.09 -0.11 0.05 0.4 -0.3 0.34
182 25 158 214 289 -0.07 -0.12 0.03 0.69 -0.48 0.33
183 25 160 205 299 -0.06 -0.1 0.01 0.69 -0.51 0.34
184 25 159 201 303 -0.02 -0.05 -0.01 0.51 -0.55 0.46
185 23 164 194 318 0.0 -0.03 -0.01 0.3 -0.57 0.42
186 27 166 184 334 0.01 -0.04 -0.02 0.3 -0.54 0.37
187 28 171 183 333 0.06 -0.05 -0.03 0.28 -0.34 0.16
188 30 174 175 338 0.08 -0.06 -0.02 0.31 -0.26 -0.07
189 31 173 169 347 0.09 -0.05 -0.02 0.4 -0.23 -0.11
190 33 173 160 348 0.09 -0.0 0.0 0.33 -0.19 -0.19
191 34 175 152 362 0.06 0.06 0.03 0.12 -0.15 -0.1
192 35 176 144 368 0.05 0.08 0.03 0.04 -0.13 -0.02
193 36 175 142 374 0.01 0.06 0.03 -0.15 -0.09 0.03
194 38 177 135 381 -0.02 -0.03 0.01 -0.02 -0.05 0.2
195 42 182 126 384 -0.03 -0.08 -0.0 0.08 -0.03 0.22
196 43 188 120 395 -0.03 -0.11 -0.02 0.34 -0.07 0.18
197 43 183 114 391 -0.01 -0.07 -0.02 0.26 -0.08 0.16
198 44 184 111 391 0.0 -0.06 -0.02 0.13 -0.06 0.13
199 46 184 104 389 0.03 -0.06 -0.01 0.03 -0.01 0.23
200 47 188 97 386 0.04 -0.08 0.0 0.13 0.05 0.11
201 46 186 90 386 0.04 -0.08 0.01 0.21 0.07 0.04
202 48 186 86 383 0.02 -0.03 0.03 0.21 0.04 0.0
203 50 187 84 381 0.02 -0.01 0.04 0.12 0.02 -0.05
204 50 191 80 384 -0.01 -0.04 0.04 0.14 0.02 -0.02
205 54 193 79 386 -0.04 -0.09 0.04 0.36 -0.07 -0.08
206 54 192 77 384 -0.05 -0.1 0.04 0.38 -0.14 -0.05
207 56 189 75 386 -0.08 -0.1 0.03 0.4 -0.17 -0.06
208 57 187 74 381 -0.08 -0.06 0.03 0.34 -0.19 0.08
209 60 190 76 380 -0.08 -0.04 0.03 0.31 -0.21 0.14
210 61 184 76 375 -0.06 -0.03 0.03 0.37 -0.19 0.11
211 61 182 72 381 -0.04 -0.02 0.04 0.42 -0.16 0.13
212 59 195 74 373 -0.03 -0.0 0.04 0.36 -0.16 0.21
213 66 187 76 368 -0.01 0.02 0.03 0.32 -0.11 0.21
214 68 184 76 363 0.0 0.01 0.01 0.36 -0.18 0.25
215 65 186 76 354 0.01 -0.04 -0.01 0.36 -0.24 0.2
216 71 183 73 350 0.02 -0.05 -0.02 0.37 -0.21 0.15
217 73 184 78 346 0.02 -0.03 -0.04 0.37 -0.21 0.16
218 73 183 85 353 0.02 -0.02 -0.05 0.3 -0.14 0.09
219 72 185 84 349 0.02 0.01 -0.06 0.14 -0.09 0.0
220 71 185 87 354 0.02 -0.02 -0.08 0.06 -0.08 0.0
221 76 181 87 346 0.0 -0.08 -0.09 0.2 -0.11 -0.11
222 74 179 94 336 0.0 -0.08 -0.09 0.19 -0.13 -0.17
223 73 180 96 334 -0.01 -0.03 -0.07 0.05 -0.19 -0.12
224 73 179 99 336 -0.02 -0.0 -0.06 0.01 -0.21 -0.04
225 77 174 101 327 -0.03 0.0 -0.03 0.09 -0.2 0.0
226 79 172 104 323 -0.03 -0.01 0.0 0.33 -0.22 0.14
227 83 167 106 318 -0.03 -0.0 0.0 0.42 -0.22 0.23
228 79 167 109 313 -0.01 0.0 -0.01 0.56 -0.18 0.23
229 85 166 112 306 -0.01 0.01 -0.03 0.61 -0.06 0.22
230 85 164 112 293 0.0 0.02 -0.05 0.51 0.02 0.12
231 86 162 117 296 0.02 0.04 -0.08 0.43 0.01 0.08
232 89 161 121 286 0.03 0.02 -0.11 0.36 0.02 0.14
233 93 168 125 290 0.04 0.0 -0.13 0.41 -0.04 0.01
234 91 159 130 276 0.05 0.02 -0.15 0.41 -0.1 -0.05
235 91 157 128 268 0.07 0.08 -0.17 0.43 -0.4 0.07
236 90 156 130 263 0.11 0.08 -0.19 0.33 -0.5 0.37
237 94 158 132 259 0.13 0.05 -0.2 0.44 -0.77 0.6
238 94 154 134 256 0.18 -0.04 -0.23 0.51 -1.03 0.88
239 92 154 135 253 0.23 -0.15 -0.28 0.65 -1.42 1.32
240 97 154 136 254 0.27 -0.24 -0.33 0.84 -1.54 1.48
241 97 153 139 247 0.46 -0.68 -0.55 1.25 -1.48 1.83
242 96 151 142 248 0.54 -0.95 -0.67 1.12 -1.35 1.83
243 92 155 143 232 0.63 -1.34 -0.82 1.22 -1.38 1.68
244 93 152 147 236 0.73 -2.83 -1.37 1.53 -1.55 0.57
245 94 151 152 216 0.77 -3.29 -1.53 1.63 -0.99 0.09
246 90 150 153 202 0.74 -4.14 -1.86 1.77 -0.76 -0.06
247 90 153 154 180 0.57 -4.91 -2.19 1.58 -0.21 -0.27
248 89 153 160 173 0.43 -5.2 -2.35 1.31 -0.13 -1.18
249 100 160 167 153 0.15 -5.48 -2.65 1.48 -0.12 -1.47
250 102 166 174 151 -0.15 -4.83 -2.78 2.3 0.22 -1.57
251 102 157 184 125 -0.27 -4.01 -2.81 3.2 0.15 -0.96
252 103 154 193 103 -0.52 -2.2 -2.77 2.91 -0.07 -0.97
253 108 150 202 97 -0.73 -0.95 -2.51 0.45 -0.47 -0.41
254 111 154 211 101 -0.79 -0.66 -2.39 -1.17 -0.57 -0.17
255 116 153 217 84 -0.83 -0.94 -2.15 -2.13 -0.46 -0.15
256 121 154 223 73 -0.9 -2.06 -1.76 -3.08 -0.7 -0.67
257 130 155 229 72 -0.72 -2.52 -1.82 -2.32 -0.06 -0.74
258 131 151 237 61 -0.64 -3.0 -1.69 -0.64 0.06 -0.57
259 135 144 244 66 -0.72 -2.53 -1.53 1.24 0.45 -0.56
260 131 144 248 56 -0.57 -2.11 -1.24 1.28 0.02 -0.26
261 129 139 251 50 -0.71 -1.3 -1.1 1.38 -0.03 -0.39
262 128 143 257 47 -0.62 -1.27 0.53 -13.34 2.04 4.8
263 168 138 257 40 -0.23 -3.48 0.49 5.4 -2.1 5.99
264 160 139 260 38 0.14 -0.61 0.21 4.47 -1.09 5.51
265 139 138 260 36 0.47 1.38 -0.01 1.06 0.17 1.03
266 130 134 258 35 0.55 1.21 -0.07 1.04 -0.35 -0.2
267 120 132 262 39 0.5 0.8 -0.09 0.38 -0.02 -0.27
268 114 128 264 42 0.32 0.57 -0.12 -0.07 -0.52 -0.25
269 112 128 258 45 0.25 0.44 -0.07 -0.27 -0.65 -0.28
270 116 124 258 44 0.16 0.21 0.02 -0.04 -0.55 -0.37
271 105 122 256 42 0.08 0.17 0.04 -0.56 -0.26 -0.61
272 101 121 252 40 0.03 0.19 0.03 -0.81 -0.11 -0.74
273 99 119 249 40 -0.04 0.12 0.03 -0.81 -0.05 -0.62
274 94 118 243 37 -0.1 -0.06 0.05 -0.23 0.17 -0.07
275 90 114 242 37 -0.13 -0.15 0.04 -0.22 0.05 0.08
276 89 111 238 36 -0.09 -0.27 0.04 -0.16 0.1 0.02
277 85 110 233 35 -0.03 -0.19 0.01 0.01 0.17 -0.08
278 88 106 227 35 -0.0 -0.1 -0.0 0.03 0.16 0.09
279 80 103 222 36 0.03 -0.01 -0.01 0.16 0.06 0.13
280 79 103 216 36 0.07 0.0 -0.02 0.1 0.01 0.13
281 76 99 206 38 0.1 -0.01 -0.01 0.15 -0.03 0.01
282 70 96 207 39 0.11 0.0 -0.01 0.19 -0.02 0.0
-100 -100 -100 -100 -100 -100 -100 -100 -100 -100 -100
283 65 94 200 39 0.11 0.07 0.0 -0.01 -0.12 0.18
284 62 92 192 40 0.11 0.08 0.0 -0.06 -0.13 0.22
285 64 92 187 39 0.09 0.09 0.0 0.0 -0.08 0.13
286 59 90 180 39 0.07 0.08 0.0 -0.01 0.0 0.06
287 58 88 175 42 0.06 0.07 -0.0 0.01 0.01 0.05
288 52 87 166 42 0.03 0.07 -0.0 -0.03 -0.03 0.13
289 48 87 162 44 0.01 0.07 -0.0 0.01 -0.06 0.16
290 43 85 156 42 0.0 0.08 -0.01 0.0 -0.07 0.15
291 39 84 150 40 -0.01 0.09 -0.01 0.06 -0.11 -0.06
292 39 84 144 38 -0.01 0.09 -0.01 0.03 -0.17 -0.1
293 42 82 139 38 -0.01 0.08 0.0 0.09 -0.24 -0.18
294 41 79 134 36 0.0 0.11 0.01 0.15 -0.26 -0.17
295 51 80 130 37 0.02 0.15 0.02 0.15 -0.25 -0.03
296 46 81 124 35 0.02 0.18 0.03 0.01 -0.2 0.12
297 39 79 118 34 0.03 0.21 0.03 -0.02 0.05 0.25
298 35 78 114 35 0.04 0.25 0.02 -0.09 0.12 0.14
299 34 77 108 38 0.04 0.27 0.01 0.0 0.16 0.09
300 33 75 106 37 0.06 0.27 -0.02 0.0 0.14 0.04
301 34 75 100 40 0.07 0.25 -0.03 0.0 0.08 -0.03
302 37 77 98 42 0.07 0.23 -0.03 -0.05 -0.09 -0.24
303 35 75 93 44 0.08 0.2 -0.03 -0.05 -0.08 -0.27
304 32 73 88 49 0.08 0.18 -0.02 -0.04 -0.16 -0.27
305 31 74 85 50 0.07 0.16 -0.01 -0.1 -0.17 -0.26
306 27 74 81 49 0.06 0.09 0.0 -0.04 -0.19 -0.2
307 25 73 76 51 0.04 0.02 0.01 -0.06 -0.16 -0.01
308 29 72 71 52 0.04 -0.0 0.01 -0.01 -0.16 -0.01
309 33 73 69 51 0.03 0.01 0.01 0.0 -0.08 -0.04
310 33 74 65 49 0.02 0.03 0.0 0.03 -0.01 0.03
311 32 74 65 50 0.02 0.03 0.0 0.03 0.04 0.14
312 31 77 66 49 -0.01 0.01 0.0 -0.02 0.05 0.22
313 34 77 63 48 -0.03 0.0 -0.01 0.06 -0.01 0.25
314 31 78 60 47 -0.04 0.02 -0.0 0.05 -0.02 0.23
315 34 77 57 44 -0.04 0.08 -0.01 0.1 -0.08 0.16
316 39 77 58 43 -0.03 0.12 -0.01 0.07 -0.09 0.11
317 38 77 58 40 -0.03 0.12 -0.01 0.08 -0.09 0.04
318 39 77 60 37 -0.01 0.12 -0.0 0.0 -0.08 -0.16
319 39 80 61 39 -0.0 0.09 -0.01 -0.06 -0.13 -0.21
320 39 80 61 40 0.0 0.07 -0.0 -0.11 -0.12 -0.22
321 39 82 62 40 0.01 0.03 0.0 -0.1 -0.16 -0.24
322 43 82 70 37 0.01 0.01 0.01 0.06 -0.18 -0.16
323 44 82 68 35 0.01 0.01 0.01 0.03 -0.2 -0.1
324 53 83 70 33 0.02 0.01 0.02 0.1 -0.16 -0.05
325 50 82 72 34 0.03 0.01 0.02 0.07 -0.11 0.0
326 51 81 74 32 0.04 0.01 0.02 0.07 -0.06 0.0
327 50 81 77 32 0.05 0.03 0.03 -0.02 -0.01 0.03
328 48 83 78 30 0.05 0.03 0.02 -0.03 0.02 -0.02
329 51 84 81 29 0.05 0.03 0.02 -0.04 0.03 -0.05
330 51 83 87 28 0.04 0.01 0.01 -0.09 0.07 -0.06
331 57 83 87 28 0.02 -0.02 -0.01 -0.08 0.03 0.0
332 51 82 88 27 0.01 -0.03 -0.0 -0.06 -0.03 0.09
333 48 82 89 26 -0.01 -0.05 -0.0 0.05 -0.04 0.08
334 45 81 91 25 -0.02 -0.03 0.0 0.04 -0.07 0.06
335 42 82 94 25 -0.02 -0.03 0.01 0.07 -0.05 0.08
336 41 82 95 25 -0.02 -0.01 0.01 0.02 -0.05 0.0
337 40 82 97 25 -0.01 0.0 0.0 -0.04 -0.08 -0.09
338 39 82 98 25 -0.01 0.0 0.0 -0.08 -0.1 -0.11
339 40 82 101 25 -0.01 0.0 0.01 -0.05 -0.08 -0.2
340 47 83 103 25 -0.0 -0.01 0.01 -0.04 -0.07 -0.2
341 50 84 104 25 -0.0 -0.01 0.01 -0.06 -0.01 -0.06
342 46 83 105 24 -0.0 -0.04 0.01 -0.08 0.0 -0.04
-200 -200 -200 -200 -200 -200 -200 -200 -200 -200 -200
343 47 83 106 24 -0.01 -0.05 0.01 -0.06 0.0 0.06
344 47 84 106 24 -0.01 -0.04 0.01 -0.06 0.01 0.02
345 46 83 108 24 -0.01 -0.03 0.01 -0.01 -0.04 -0.03
346 45 84 108 24 -0.02 -0.01 0.0 0.01 -0.02 0.02
347 49 83 111 24 -0.02 -0.01 0.0 0.0 -0.01 0.02
348 50 85 110 24 -0.02 -0.01 0.0 0.02 -0.01 0.02
349 53 86 112 23 -0.02 0.0 0.0 -0.06 -0.02 0.06
350 53 87 113 23 -0.02 0.01 0.0 -0.03 0.0 0.06
351 51 88 115 23 -0.03 0.03 0.0 -0.01 -0.04 -0.04
352 52 88 114 24 -0.03 0.03 -0.0 -0.06 -0.04 -0.06
353 49 90 114 23 -0.03 0.02 -0.0 -0.04 -0.04 -0.09
354 51 89 116 23 -0.03 0.0 0.0 -0.04 -0.06 -0.14
355 57 91 117 24 -0.02 0.0 0.0 0.0 -0.08 -0.14
356 62 92 118 23 -0.02 0.01 0.0 -0.01 -0.05 -0.07
357 60 93 118 23 -0.01 0.01 0.01 0.03 -0.01 -0.06
358 59 94 119 23 -0.01 0.01 0.01 -0.01 -0.01 -0.01
359 56 99 115 38 -0.01 0.01 0.01 -0.03 -0.02 -0.01
360 163 112 105 173 -0.01 0.03 0.01 0.0 0.03 0.04
361 195 128 103 214 -0.01 0.09 0.0 0.03 -0.01 0.12
362 221 120 110 191 0.02 0.23 -0.01 -0.08 -0.35 -0.14
363 190 124 116 157 0.19 0.73 -0.03 -0.29 -0.38 -0.13
364 169 129 115 203 0.26 1.07 -0.03 0.4 0.26 0.49
365 141 128 115 200 0.27 1.23 -0.03 0.03 0.43 0.7
366 125 132 114 166 0.29 1.53 -0.04 -0.45 0.45 1.66
367 114 127 107 234 0.36 2.06 -0.04 -0.54 0.32 1.75
368 106 121 114 218 0.43 2.34 -0.03 -0.4 0.18 1.31
369 95 115 118 174 0.57 2.6 0.15 -1.75 0.18 -1.09
370 89 111 126 163 0.63 2.27 0.44 -2.92 0.32 -0.74
371 82 103 136 135 0.59 2.11 0.58 -2.15 1.63 -0.2
372 76 111 132 119 0.36 2.44 1.01 -4.24 0.07 0.08
373 73 107 131 102 0.3 2.27 1.26 -3.08 0.23 -0.34
374 71 108 132 109 0.2 2.24 1.39 -2.98 0.24 -0.55
375 72 107 134 103 -0.02 2.27 1.63 -2.79 0.26 -0.97
376 74 108 128 91 -0.24 2.29 1.9 -2.08 0.15 -0.89
377 72 113 126 75 -0.31 2.3 1.99 -1.66 0.06 -0.72
378 72 116 119 98 -0.53 2.37 2.09 -1.4 0.17 -0.72
379 76 132 120 96 -0.83 2.33 2.13 -1.66 -0.21 -0.75
380 82 180 124 114 -0.9 2.22 2.14 -1.79 -0.49 -1.03
381 84 175 124 94 -0.96 1.86 2.22 -1.32 -0.55 -0.75
382 97 165 128 85 -0.99 1.5 2.32 0.25 -0.25 0.07
383 101 163 129 75 -1.03 1.44 2.3 0.35 -0.52 0.25
384 110 161 137 66 -1.03 1.57 2.27 0.92 -0.65 0.51
385 120 200 143 60 -1.07 1.72 2.2 1.27 -1.07 0.6
386 128 211 160 53 -1.07 1.76 2.15 1.35 -0.88 0.85
387 139 194 158 46 -1.16 1.55 1.98 1.14 -1.0 0.56
388 140 190 171 43 -1.14 1.23 1.81 1.1 -0.78 0.38
389 138 178 181 38 -1.15 1.14 1.69 1.5 -1.06 0.38
390 148 167 190 36 -1.12 0.99 1.5 2.14 -1.46 0.73
391 152 174 201 34 -1.05 0.99 1.31 1.84 -1.35 0.74
392 153 165 219 32 -0.97 0.99 1.18 1.71 -1.5 0.46
393 157 158 223 31 -0.85 0.81 0.99 1.53 -1.73 0.34
394 156 181 242 29 -0.83 0.53 0.77 1.01 -1.49 0.53
395 154 172 249 28 -0.8 0.47 0.64 3.22 -2.99 0.32
396 149 166 264 29 -0.69 0.26 0.48 1.35 -1.65 1.27
397 147 158 271 29 -0.55 0.1 0.37 1.15 -1.41 1.13
398 139 160 283 28 -0.49 -0.0 0.32 1.24 -1.21 1.19
399 135 155 289 27 -0.26 -0.2 0.17 1.54 -0.97 0.95
400 125 149 294 27 -0.09 -0.2 0.07 1.98 -0.88 0.68
401 118 146 301 26 -0.05 -0.12 0.0 1.54 -0.56 0.5
402 109 146 295 28 -0.07 -0.06 -0.06 0.99 -0.46 0.41
403 97 137 299 27 -0.09 -0.15 -0.07 0.69 -0.74 0.2
404 106 140 297 26 -0.05 -0.18 -0.1 0.68 -0.62 0.03
405 97 133 302 26 -0.02 -0.11 -0.11 0.65 -0.55 0.06
406 90 141 294 26 0.02 0.05 -0.11 0.24 -0.46 -0.06
407 82 134 294 26 0.04 0.12 -0.1 0.09 -0.34 -0.03
408 78 125 286 25 0.07 0.19 -0.09 -0.19 -0.14 0.13
409 71 118 283 25 0.08 0.21 -0.04 -0.21 -0.03 0.16
410 65 125 276 28 0.08 0.2 -0.02 -0.11 0.0 0.11
411 58 120 270 30 0.06 0.2 0.02 -0.19 -0.08 0.0
412 56 124 265 29 0.06 0.17 0.04 -0.11 0.06 0.09
413 51 116 263 31 0.04 0.16 0.04 -0.09 0.09 0.04
414 47 114 251 30 0.02 0.16 0.03 -0.13 0.07 -0.03
415 44 120 247 29 -0.03 0.14 -0.01 -0.15 0.14 0.01
416 44 113 238 29 -0.05 0.11 -0.02 -0.19 0.1 -0.01
417 39 124 230 30 -0.09 0.02 -0.03 -0.12 -0.05 0.02
418 47 120 225 29 -0.12 -0.03 -0.02 0.08 -0.18 -0.01
419 50 119 211 28 -0.11 -0.03 -0.01 0.07 -0.18 -0.06
420 46 111 210 29 -0.11 -0.01 0.0 0.19 -0.04 0.0
421 40 112 204 28 -0.09 -0.01 -0.0 0.1 -0.05 0.07
422 38 118 197 29 -0.08 -0.03 -0.0 0.12 -0.04 0.16
423 34 132 189 28 -0.06 -0.09 -0.0 0.16 -0.13 0.17
424 32 135 187 28 -0.04 -0.1 0.02 0.3 -0.19 0.11
425 30 122 179 29 -0.04 -0.09 0.03 0.33 -0.23 0.08
426 30 124 174 28 -0.01 -0.05 0.04 0.44 -0.15 0.01
427 29 115 166 29 -0.01 0.0 0.04 0.33 -0.19 0.0
428 27 118 162 27 -0.01 0.01 0.04 0.31 -0.21 -0.02
429 28 110 160 27 -0.01 -0.01 0.03 0.32 -0.21 -0.07
430 27 105 153 27 -0.01 -0.01 0.02 0.19 -0.14 -0.05
431 26 101 147 26 -0.01 -0.03 0.02 0.11 -0.17 0.01
432 29 103 139 26 -0.02 -0.08 0.01 0.17 -0.18 0.03
433 29 100 134 25 -0.01 -0.1 0.01 0.6 -0.17 -0.15
434 29 103 135 25 -0.0 -0.04 -0.0 0.57 -0.16 -0.16
435 27 112 131 25 -0.01 0.07 -0.02 0.46 -0.15 -0.04
436 30 109 126 25 -0.02 0.08 -0.02 0.0 -0.23 0.06
437 30 129 121 24 -0.03 0.05 -0.03 -0.09 -0.25 0.04
438 31 121 119 25 -0.04 -0.0 -0.04 -0.08 -0.33 0.09
439 34 117 118 24 -0.04 -0.03 -0.04 0.04 -0.35 0.16
440 34 112 113 24 -0.03 -0.04 -0.04 0.26 -0.21 0.27
441 33 108 110 24 -0.01 0.04 -0.04 0.22 -0.11 0.35
442 32 124 105 24 0.01 0.06 -0.05 0.21 0.02 0.29
443 33 121 102 24 0.04 0.05 -0.08 0.17 0.04 0.19
444 34 117 102 24 0.07 -0.0 -0.09 0.25 0.13 -0.05
445 36 111 100 24 0.07 -0.03 -0.1 0.19 0.14 -0.12
446 37 111 97 24 0.08 -0.06 -0.11 0.27 0.1 -0.21
447 35 112 94 23 0.07 -0.04 -0.09 0.23 -0.02 -0.28
448 38 113 94 24 0.06 -0.02 -0.08 0.14 -0.2 -0.31
449 40 118 91 24 0.03 0.01 -0.05 0.14 -0.25 -0.4
450 40 113 87 24 0.02 0.0 -0.03 0.36 -0.29 -0.58
451 39 112 82 23 0.0 0.02 -0.02 0.41 -0.33 -0.4
452 42 117 84 23 -0.02 0.09 -0.01 0.33 -0.34 -0.32
453 42 122 82 23 -0.05 0.09 -0.01 0.24 -0.29 -0.19
454 44 124 86 23 -0.06 0.08 0.0 0.18 -0.25 0.0
455 49 120 81 23 -0.06 0.05 0.01 0.19 -0.21 0.08
456 51 116 77 23 -0.05 0.02 0.0 0.21 -0.08 0.33
457 54 124 77 23 -0.04 0.01 0.0 0.21 -0.03 0.39
458 57 122 76 23 -0.01 0.01 -0.01 0.19 -0.02 0.39
459 57 122 76 23 0.02 0.0 -0.02 0.12 0.03 0.35
460 65 120 76 22 0.03 -0.01 -0.02 0.04 0.03 0.37
461 67 118 71 23 0.04 -0.04 -0.04 0.01 -0.03 0.39
462 70 115 73 23 0.03 -0.08 -0.06 0.04 -0.16 0.32
463 70 115 67 23 0.02 -0.1 -0.06 0.1 -0.44 0.37
464 69 115 63 23 0.02 -0.14 -0.09 0.11 -0.55 0.41
465 72 118 64 24 0.03 -0.22 -0.13 0.27 -0.76 0.48
466 80 120 61 23 0.05 -0.27 -0.16 0.48 -1.03 0.75
467 81 124 61 23 0.1 -0.4 -0.24 0.51 -1.12 0.85
468 80 124 73 23 0.19 -0.71 -0.36 0.53 -1.33 1.06
469 79 122 72 23 0.23 -0.99 -0.43 0.71 -1.38 1.27
470 77 120 70 23 0.32 -1.88 -0.63 0.91 -1.49 1.45
471 78 118 73 23 0.42 -3.01 -0.87 1.68 -1.56 1.34
472 78 120 75 23 0.48 -3.51 -1.0 2.81 -1.82 0.21
473 77 119 75 23 0.65 -4.19 -1.35 3.01 -1.76 -0.3
474 80 120 77 23 0.66 -4.64 -1.73 3.03 -1.14 -1.2
475 81 118 81 23 0.57 -4.83 -1.93 2.66 -0.62 -1.31
476 79 119 83 24 0.32 -5.15 -2.26 2.36 -0.34 -1.28
477 80 121 87 24 -0.08 -5.38 -2.58 1.54 -0.18 -1.27
478 81 121 94 25 -0.28 -5.41 -2.7 1.42 0.1 -1.46
479 90 128 99 29 -0.74 -5.21 -2.83 1.31 0.14 -1.54
480 88 126 106 33 -1.16 -4.62 -2.79 1.79 0.06 -1.56
481 89 128 113 34 -1.32 -4.12 -2.71 2.25 -0.35 -1.26
482 102 129 124 33 -1.57 -2.7 -2.53 2.06 -0.53 -1.07
483 98 136 130 34 -1.6 -1.13 -2.32 1.63 -0.64 -0.48
484 98 140 140 31 -1.57 -0.39 -2.24 0.05 -1.22 0.05
485 100 141 150 29 -1.42 0.56 -2.07 -0.36 -1.21 0.16
486 105 140 154 29 -1.24 0.76 -1.97 -1.3 -1.45 0.2
487 106 137 161 28 -1.2 0.59 -1.69 -0.61 -1.12 -0.03
488 102 136 166 27 -0.97 0.18 -1.81 -0.3 -1.18 -0.26
489 101 132 171 26 -0.94 -0.15 -1.98 0.42 -2.92 -0.45
490 101 137 178 26 -0.77 -0.37 -1.71 3.12 10.73 5.72
491 173 136 181 26 -1.68 -0.3 -0.2 -20.74 -16.49 5.38
492 148 134 184 25 0.26 -3.6 -0.04 6.83 3.83 -0.78
493 125 133 188 25 0.91 0.46 0.23 -1.86 1.47 -1.21
494 106 131 190 25 0.92 2.46 -0.03 -3.0 2.03 0.06
495 96 130 187 24 0.74 1.35 -0.19 1.16 0.77 0.33
496 95 129 186 24 0.64 1.09 -0.06 -0.41 0.27 0.02
497 98 129 186 23 0.19 0.4 -0.14 -0.67 0.13 0.07
498 87 128 179 23 -0.09 -0.36 -0.15 -0.28 -0.34 -0.59
499 77 127 181 23 -0.09 -0.34 -0.12 -0.43 -0.4 -0.82
500 76 125 177 23 0.0 -0.08 -0.07 -0.57 -0.07 -0.52
501 74 125 170 23 -0.04 -0.13 -0.04 -0.23 0.0 -0.11
502 76 121 171 23 -0.08 -0.18 -0.02 0.15 -0.15 0.03
503 75 119 168 23 -0.12 -0.22 0.01 0.24 0.13 0.04
504 74 117 166 23 -0.06 -0.19 0.02 0.27 0.13 0.0
505 71 116 161 23 -0.02 -0.16 0.02 -0.02 0.15 -0.05
506 70 112 160 23 0.01 -0.08 -0.02 -0.08 0.17 -0.08
507 67 110 154 23 0.04 -0.0 -0.04 -0.09 0.2 0.0
508 59 108 148 23 0.05 0.02 -0.04 -0.23 0.06 -0.11
509 59 104 149 23 0.09 0.03 -0.04 -0.27 0.06 -0.2
510 66 101 149 23 0.07 -0.03 -0.04 -0.2 -0.04 -0.2
511 60 99 138 23 0.05 -0.06 -0.04 -0.14 0.03 -0.09
512 53 95 138 23 0.02 -0.11 -0.03 -0.13 0.0 -0.14
513 49 93 135 23 -0.02 -0.17 -0.02 -0.14 0.03 -0.15
514 48 92 131 23 -0.04 -0.2 -0.02 -0.05 0.04 -0.15
515 48 89 125 23 -0.06 -0.23 -0.02 0.0 0.0 -0.13
516 47 86 122 23 -0.06 -0.2 -0.01 0.01 -0.04 0.03
517 45 85 117 23 -0.05 -0.17 0.0 0.13 -0.05 0.14
518 52 82 113 23 -0.03 -0.06 0.01 0.15 -0.03 0.19
519 49 82 110 23 -0.0 0.04 0.01 0.03 0.03 0.06
520 42 82 108 23 0.01 0.08 0.01 0.04 0.0 -0.01
521 42 80 102 23 0.02 0.14 0.01 0.0 0.0 -0.11
522 38 81 100 24 0.04 0.19 0.0 -0.03 0.01 -0.23
523 34 79 94 23 0.05 0.2 0.01 -0.16 0.0 -0.29
524 40 77 91 23 0.07 0.21 0.01 -0.16 -0.02 -0.28
525 37 77 88 23 0.07 0.2 0.02 -0.24 0.01 -0.27
526 33 76 90 23 0.08 0.18 0.02 -0.16 0.0 -0.2
527 35 76 86 23 0.06 0.14 0.03 -0.15 0.03 -0.2
-100 -100 -100 -100 -100 -100 -100 -100 -100 -100 -100
528 30 76 81 23 0.05 0.1 0.03 -0.2 0.06 -0.19
529 27 77 77 24 0.04 0.09 0.03 -0.17 0.07 -0.13
530 25 75 76 24 0.03 0.08 0.02 -0.19 0.11 -0.12
531 37 76 71 24 0.03 0.05 0.0 -0.15 0.07 -0.11
532 32 76 68 23 0.02 0.05 -0.0 -0.17 0.07 -0.14
533 32 74 66 24 0.01 0.02 -0.01 -0.14 0.04 -0.15
534 32 75 64 24 0.0 0.01 -0.02 -0.1 0.04 -0.16
535 29 74 60 23 0.0 0.01 -0.02 -0.08 0.0 -0.05
536 25 73 66 23 -0.0 -0.0 -0.01 -0.03 0.02 -0.05
537 24 72 62 23 -0.0 0.01 -0.0 0.01 0.01 -0.06
538 30 72 63 24 0.0 0.02 -0.0 -0.01 0.04 -0.05
539 28 71 60 23 0.0 0.03 0.0 -0.02 0.06 -0.04
540 26 73 59 24 -0.01 0.05 -0.0 -0.06 0.07 -0.04
541 26 74 57 22 -0.01 0.05 -0.0 -0.07 -0.01 -0.17
542 24 74 55 23 -0.01 0.06 -0.01 -0.09 0.0 -0.15
543 22 75 54 23 0.0 0.06 -0.01 -0.1 0.01 -0.21
544 38 78 53 23 0.01 0.06 -0.0 -0.11 -0.02 -0.19
545 33 78 53 23 0.02 0.06 0.0 -0.13 -0.01 -0.21
546 29 79 62 23 0.05 0.06 0.0 -0.09 -0.02 -0.21
547 28 80 60 23 0.06 0.06 0.0 -0.13 -0.01 -0.22
548 26 77 59 23 0.07 0.05 0.01 -0.13 0.01 -0.18
549 24 78 59 23 0.07 0.04 0.01 -0.17 0.05 -0.12
550 25 77 59 23 0.07 0.03 0.01 -0.13 0.07 -0.09
551 30 77 60 23 0.06 0.01 -0.0 -0.11 0.1 -0.07
552 28 77 60 24 0.04 0.0 -0.01 -0.05 0.09 -0.04
553 24 77 62 23 0.03 -0.0 -0.01 -0.05 0.08 0.0
554 23 78 64 23 0.01 -0.01 -0.01 0.0 0.05 0.01
555 25 79 68 23 -0.02 -0.01 -0.01 0.0 0.04 0.0
556 23 81 67 23 -0.02 -0.01 -0.01 -0.03 0.01 -0.05
557 32 82 69 23 -0.04 0.01 -0.01 -0.04 0.04 -0.04
558 31 83 69 23 -0.04 0.03 -0.02 -0.1 0.02 -0.1
559 29 84 70 24 -0.04 0.04 -0.02 -0.06 0.06 -0.07
560 26 85 70 23 -0.04 0.05 -0.02 -0.1 0.08 -0.08
561 24 84 73 23 -0.04 0.04 -0.02 -0.1 0.03 -0.13
562 23 87 73 23 -0.04 0.04 -0.02 -0.08 0.03 -0.14
563 22 88 74 23 -0.03 0.03 -0.02 -0.05 0.02 -0.12
564 25 87 73 23 -0.02 0.02 -0.01 -0.01 0.0 -0.14
565 33 87 79 23 -0.01 0.02 -0.01 -0.06 -0.02 -0.19
566 30 87 77 23 0.01 0.03 -0.0 -0.08 -0.02 -0.18
567 28 87 75 23 0.02 0.04 -0.0 -0.13 0.01 -0.2
568 27 89 74 23 0.02 0.03 -0.0 -0.16 0.03 -0.2
569 25 89 74 23 0.03 0.01 -0.0 -0.09 0.08 -0.06
570 30 90 73 25 0.03 -0.0 -0.0 -0.06 0.05 -0.05
571 29 89 73 25 0.02 -0.0 -0.0 -0.07 0.04 -0.02
572 33 89 73 23 0.01 -0.01 -0.01 -0.02 0.02 -0.05
573 32 90 74 23 0.0 -0.01 -0.0 -0.02 0.0 -0.09
-200 -200 -200 -200 -200 -200 -200 -200 -200 -200 -200
574 28 89 77 23 0.01 -0.0 -0.0 -0.05 0.01 -0.12
575 27 91 76 23 0.01 -0.0 0.0 -0.09 0.0 -0.09
576 27 92 75 23 0.01 -0.0 0.0 -0.09 0.05 -0.15
577 28 93 75 23 0.01 -0.0 0.0 -0.11 0.05 -0.16
578 28 91 73 23 0.01 -0.02 0.0 -0.06 0.07 -0.13
579 27 94 75 23 0.02 -0.03 0.0 -0.1 0.03 -0.13
580 31 94 75 23 0.02 -0.03 0.0 -0.08 0.04 -0.13
581 27 92 79 23 0.02 -0.02 0.01 -0.04 0.05 -0.03
582 27 91 75 23 0.02 -0.01 0.01 -0.03 0.06 -0.05
583 29 92 72 23 0.02 -0.01 0.0 -0.06 0.07 0.01
584 29 92 71 23 0.02 -0.0 0.0 -0.02 0.07 0.02
585 27 91 71 22 0.0 0.0 -0.0 -0.07 0.06 -0.06
586 27 92 71 23 -0.0 -0.0 -0.01 -0.06 0.08 -0.08
587 32 92 71 23 -0.01 -0.0 -0.01 -0.09 0.05 -0.07
588 30 91 71 23 -0.02 -0.01 -0.01 -0.07 0.04 -0.08
589 28 91 74 24 -0.02 -0.01 -0.01 -0.09 0.04 -0.09
590 28 91 72 23 -0.02 -0.01 -0.02 -0.06 0.08 -0.08
591 26 90 70 23 -0.02 0.0 -0.02 -0.02 0.08 -0.09
592 25 88 73 23 -0.02 -0.0 -0.02 -0.05 0.1 -0.08
593 23 89 72 23 -0.02 0.01 -0.02 -0.08 0.11 -0.02
594 22 88 68 25 -0.03 0.04 -0.04 -0.05 0.11 0.0
595 22 84 70 24 -0.04 0.05 -0.04 -0.09 0.11 0.05
596 21 85 70 24 -0.04 0.09 -0.05 0.08 0.09 0.05
597 22 85 70 24 -0.04 0.16 -0.06 0.0 0.07 0.09
598 26 88 68 31 -0.03 0.2 -0.05 -0.04 0.06 0.1
599 26 89 64 51 0.01 0.3 -0.06 -0.18 0.0 0.09
600 25 87 66 68 0.05 0.45 -0.05 -0.26 -0.03 0.13
601 28 89 65 75 0.06 0.48 -0.05 -0.28 -0.03 0.19
602 26 90 63 84 0.07 0.54 -0.06 -0.35 0.06 0.08
603 27 125 64 127 0.06 0.53 -0.06 -0.35 0.06 -0.01
604 30 137 62 160 0.06 0.48 -0.06 -0.51 0.02 -0.2
605 36 141 66 164 0.05 0.3 -0.05 -0.38 -0.11 -0.45
606 36 152 67 140 0.1 0.21 -0.01 -0.3 -0.39 -0.88
607 31 142 65 117 0.14 0.19 0.03 -0.37 -0.43 -0.75
608 36 130 64 117 0.26 0.24 0.12 -0.76 -0.28 -0.38
609 31 120 65 119 0.4 0.5 0.25 -1.65 -0.21 0.61
610 30 113 65 116 0.48 0.65 0.32 -1.8 -0.13 0.87
611 30 109 69 138 0.6 0.95 0.47 -1.87 -0.29 1.2
612 28 106 68 147 0.71 1.28 0.7 -1.57 0.23 1.02
613 27 118 66 120 0.76 1.46 0.78 -1.59 -0.06 0.91
614 25 118 68 103 0.84 1.95 0.97 -1.37 0.28 0.76
615 34 124 76 89 0.79 2.36 1.16 -1.33 0.6 0.75
616 31 116 74 81 0.72 2.46 1.24 -1.58 0.55 0.98
617 34 136 71 74 0.65 2.52 1.4 -1.88 0.25 1.25
618 32 149 77 66 0.6 2.43 1.54 -2.06 0.22 1.05
619 33 139 78 58 0.56 2.33 1.61 -1.96 0.27 0.96
620 53 137 84 55 0.5 2.25 1.75 -1.53 0.3 0.38
621 49 130 91 77 0.35 2.41 1.85 -0.73 0.21 0.32
622 50 121 113 98 0.27 2.67 1.93 -0.56 0.08 0.43
623 53 122 108 88 0.09 3.37 2.06 -0.09 0.17 0.35
624 55 120 101 77 -0.17 3.58 2.18 -0.77 -0.24 0.0
625 56 116 98 70 -0.29 3.47 2.24 -1.27 -0.45 -1.1
626 62 110 95 61 -0.55 3.01 2.28 -0.84 -0.75 -1.18
627 66 115 90 54 -0.74 2.5 2.28 0.0 -0.71 -0.79
628 74 114 94 49 -0.81 2.28 2.24 0.35 -0.98 -0.68
629 82 135 91 45 -0.96 1.79 2.1 0.47 -1.43 -0.43
630 84 148 110 41 -1.02 1.27 2.0 0.88 -1.95 -0.22
631 98 160 120 40 -1.06 1.04 1.89 1.13 -1.97 -0.16
632 100 190 128 37 -1.09 0.6 1.72 1.45 -2.58 0.17
633 107 244 138 35 -1.0 0.24 1.54 1.61 -2.59 0.55
634 114 243 156 32 -0.92 0.14 1.41 2.41 -2.35 0.43
635 113 226 164 31 -0.74 0.04 1.13 2.87 -2.01 0.6
636 114 224 179 30 -0.53 0.03 0.87 3.08 -1.16 0.9
637 110 206 187 29 -0.47 0.05 0.73 3.02 -0.89 0.97
638 110 201 192 28 -0.35 0.11 0.5 2.77 -0.62 0.87
639 104 200 209 27 -0.28 0.14 0.29 2.34 -0.34 0.65
640 104 182 216 28 -0.24 0.18 0.2 2.33 -0.31 0.54
641 101 181 218 27 -0.19 0.3 0.09 1.85 -0.19 0.18
642 98 171 230 29 -0.16 0.35 0.04 1.48 -0.07 0.17
643 92 181 235 28 -0.14 0.44 -0.03 1.06 -0.06 0.12
644 84 171 236 29 -0.15 0.45 -0.05 0.56 0.02 0.19
645 79 164 241 28 -0.15 0.42 -0.04 0.29 -0.03 -0.15
646 74 163 234 29 -0.15 0.33 -0.04 0.15 0.04 -0.08
647 66 167 233 28 -0.15 0.22 -0.04 0.04 0.05 -0.06
648 63 163 228 30 -0.14 0.16 -0.04 0.16 0.12 -0.13
649 56 155 226 28 -0.14 0.1 -0.03 0.18 0.11 -0.08
650 52 159 228 28 -0.14 0.05 -0.02 0.14 0.11 0.2
651 50 156 222 28 -0.14 0.04 -0.02 0.14 0.0 0.15
652 43 150 224 29 -0.11 0.07 -0.01 0.2 0.0 0.12
653 40 143 217 28 -0.09 0.09 -0.01 0.07 0.02 0.29
654 37 139 211 28 -0.08 0.07 -0.03 -0.03 -0.11 0.3
655 36 150 205 27 -0.09 -0.01 -0.05 0.0 -0.16 0.2
656 36 141 204 28 -0.09 -0.08 -0.06 0.07 -0.12 0.13
657 34 138 201 28 -0.1 -0.11 -0.06 0.3 -0.17 0.01
658 31 145 192 27 -0.09 -0.1 -0.08 0.39 -0.22 0.0
659 29 135 196 30 -0.09 0.02 -0.08 0.12 -0.31 0.01
660 27 152 192 30 -0.09 0.03 -0.08 -0.14 -0.38 -0.01
661 24 141 182 29 -0.08 -0.03 -0.08 -0.07 -0.33 0.11
662 23 136 178 29 -0.08 -0.14 -0.06 -0.16 -0.34 0.16
663 25 127 170 28 -0.07 -0.21 -0.05 0.05 -0.36 -0.06
664 25 132 161 29 -0.04 -0.28 -0.04 0.46 -0.29 -0.02
665 24 129 170 28 -0.01 -0.14 -0.04 0.56 -0.3 0.07
666 24 122 178 27 -0.0 -0.05 -0.04 0.2 -0.27 0.17
667 24 130 168 27 0.02 0.02 -0.04 0.09 -0.33 0.26
668 24 121 165 27 0.02 -0.03 -0.07 0.03 -0.35 0.28
669 23 120 157 27 0.03 -0.06 -0.08 0.09 -0.17 0.2
670 23 113 151 28 0.04 -0.1 -0.1 0.15 -0.08 0.18
671 30 114 145 29 0.05 -0.11 -0.12 0.13 0.06 0.06
672 29 110 140 28 0.06 -0.13 -0.13 0.22 0.04 0.0
673 27 121 139 27 0.07 -0.11 -0.13 0.23 -0.03 -0.02
674 28 118 132 27 0.07 -0.03 -0.11 0.16 -0.03 -0.15
675 27 116 136 26 0.07 -0.01 -0.09 0.09 0.0 -0.37
676 27 109 130 26 0.05 0.03 -0.06 0.18 0.0 -0.41
677 28 125 129 26 0.01 0.09 -0.04 0.2 0.04 -0.35
678 30 121 126 25 -0.01 0.11 -0.03 0.36 0.09 -0.34
679 28 120 121 25 -0.03 0.13 -0.01 0.32 0.11 -0.31
680 26 126 123 24 -0.05 0.11 -0.01 0.29 0.1 -0.24
681 30 121 117 24 -0.06 0.09 -0.01 0.31 0.0 -0.14
682 27 116 122 24 -0.06 0.02 0.01 0.29 0.05 -0.07
683 29 115 114 25 -0.05 0.0 0.0 0.31 -0.11 -0.07
684 32 127 113 25 -0.05 0.01 -0.0 0.24 -0.17 0.1
685 29 116 111 24 -0.07 0.04 -0.01 0.28 -0.22 0.12
686 29 110 112 24 -0.05 0.06 -0.0 0.28 -0.24 0.12
687 28 117 111 24 -0.05 0.08 -0.01 0.24 -0.26 0.13
688 26 109 105 24 -0.03 0.08 0.0 0.25 -0.29 0.17
689 28 103 103 24 -0.01 0.04 -0.01 0.27 -0.39 0.2
690 28 97 104 23 0.0 0.02 -0.03 0.39 -0.49 0.27
691 26 90 99 23 0.03 -0.03 -0.08 0.44 -0.54 0.34
692 25 87 100 24 0.05 -0.11 -0.14 0.57 -0.71 0.5
693 23 83 95 24 0.07 -0.17 -0.17 0.75 -0.8 0.63
694 24 79 94 24 0.12 -0.27 -0.25 0.94 -0.85 0.83
695 23 77 92 24 0.17 -0.42 -0.37 1.07 -0.9 0.94
696 22 75 89 24 0.21 -0.56 -0.45 1.01 -0.83 1.28
697 20 73 86 24 0.3 -1.12 -0.64 0.96 -0.81 1.36
698 19 73 85 24 0.38 -2.04 -0.92 1.48 -0.88 1.33
699 19 72 82 23 0.43 -2.52 -1.08 2.3 -0.77 0.75
700 18 70 82 24 0.49 -3.34 -1.46 2.6 -0.81 0.29
701 19 70 77 25 0.43 -3.97 -1.86 3.07 -0.82 -0.79
702 18 70 71 25 0.35 -4.18 -2.06 2.76 -0.55 -1.15
703 18 69 66 26 0.09 -4.69 -2.4 1.96 -0.41 -0.91
704 23 70 65 26 -0.24 -5.19 -2.72 1.95 -0.36 -1.15
705 21 76 66 26 -0.37 -5.14 -2.87 3.25 -0.31 -1.39
706 21 78 69 26 -0.67 -4.18 -3.09 3.52 -0.35 -1.61
707 21 79 74 28 -0.98 -2.79 -3.07 3.82 -0.29 -1.46
708 22 82 80 26 -1.15 -2.22 -2.96 1.77 -1.02 -0.84
709 25 86 89 26 -1.38 -1.48 -2.72 1.03 -1.2 -0.9
710 25 87 94 25 -1.39 -1.0 -2.57 -0.61 -1.39 -0.19
711 28 86 102 25 -1.36 -0.86 -2.49 -1.34 -1.34 -0.16
712 30 90 107 25 -1.26 -0.87 -2.39 -3.02 -1.8 0.19
713 30 91 111 25 -1.17 -1.27 -1.96 -1.81 -0.82 0.19
714 31 93 117 24 -1.12 -1.38 -1.94 -1.64 -0.74 0.43
715 32 93 131 24 -1.08 -1.61 -1.86 -0.73 0.11 0.22
716 44 93 132 24 -0.86 -2.12 -1.44 -0.67 -0.18 -0.05
717 40 98 141 24 -0.89 -2.27 -1.6 -27.63 0.28 20.92
718 71 99 143 24 -2.05 -3.1 -0.12 -26.87 -13.3 5.79
719 64 97 150 24 0.32 -2.85 0.28 2.48 0.09 -2.43
720 54 97 151 24 0.63 0.0 0.1 2.78 0.92 0.57
721 46 97 154 24 0.8 2.3 -0.24 -0.26 1.16 0.5
722 53 97 156 23 0.47 0.55 -0.11 0.32 0.15 0.24
723 48 100 157 24 0.35 0.19 -0.12 0.2 0.09 0.0
724 42 102 158 24 0.07 -0.13 -0.17 -0.49 -0.31 -0.18
725 38 102 159 24 0.05 -0.33 -0.08 0.18 -0.41 -0.51
726 33 104 156 24 0.1 -0.22 -0.04 -0.04 -0.1 -0.63
727 30 104 159 23 0.16 0.01 -0.06 -0.3 -0.05 -0.38
728 27 105 162 24 0.13 0.06 -0.09 -0.53 0.14 -0.18
729 31 105 161 24 0.09 0.07 -0.07 -0.3 0.23 -0.15
730 29 105 158 24 0.08 -0.03 -0.03 -0.15 0.24 -0.09
731 33 105 155 23 0.06 -0.14 -0.01 -0.15 0.1 -0.01
732 32 105 156 24 0.07 -0.16 -0.0 -0.25 0.22 -0.04
733 28 102 156 25 0.11 -0.14 -0.02 -0.28 0.38 0.04
734 29 104 154 24 0.04 -0.09 -0.06 -0.23 0.3 0.14
735 25 103 150 23 0.04 -0.07 -0.05 -0.18 0.29 0.07
736 28 100 148 23 0.03 -0.06 -0.07 -0.1 0.35 0.03
737 27 98 148 24 0.02 -0.08 -0.07 -0.06 0.18 0.0
738 32 96 148 24 0.03 -0.07 -0.08 -0.03 0.12 0.05
739 29 94 144 24 0.01 -0.05 -0.07 0.02 0.09 0.06
740 28 95 143 24 -0.02 -0.01 -0.06 0.12 0.01 0.13
741 28 91 141 25 -0.03 0.01 -0.05 0.09 -0.02 0.18
742 28 90 140 24 -0.05 0.09 -0.03 0.1 -0.06 0.26
743 26 90 140 24 -0.03 0.22 -0.01 0.15 -0.01 0.13
744 29 90 139 24 -0.02 0.28 -0.01 0.01 0.03 -0.08
745 28 88 132 24 0.01 0.37 -0.01 -0.02 0.04 -0.1
-100 -100 -100 -100 -100 -100 -100 -100 -100 -100 -100
746 25 87 133 23 0.04 0.43 -0.02 -0.06 0.06 -0.08
747 25 84 133 24 0.03 0.44 -0.01 -0.15 -0.07 -0.28
748 30 86 130 23 0.06 0.44 -0.01 -0.17 -0.07 -0.34
749 27 85 131 24 0.09 0.45 0.01 -0.2 -0.1 -0.38
750 27 84 128 23 0.1 0.43 0.02 -0.16 -0.09 -0.44
751 32 84 126 23 0.12 0.36 0.03 -0.25 -0.06 -0.44
752 32 82 122 23 0.12 0.28 0.04 -0.36 -0.05 -0.43
753 28 81 120 24 0.13 0.23 0.04 -0.33 -0.02 -0.43
754 31 84 117 23 0.13 0.13 0.04 -0.34 0.0 -0.4
755 29 79 116 23 0.12 0.06 0.04 -0.28 -0.04 -0.38
756 27 77 114 23 0.12 0.02 0.04 -0.27 0.01 -0.27
757 29 77 111 23 0.12 -0.02 0.04 -0.25 0.02 -0.2
758 30 75 110 23 0.12 -0.07 0.03 -0.13 0.06 -0.16
759 27 74 110 23 0.11 -0.09 0.02 -0.15 0.09 -0.02
760 29 73 108 23 0.1 -0.11 0.0 -0.14 0.14 0.01
761 26 73 107 23 0.07 -0.11 -0.02 -0.16 0.17 0.0
762 27 72 104 23 0.06 -0.11 -0.04 -0.12 0.18 0.06
763 25 71 102 23 0.03 -0.09 -0.06 -0.04 0.18 0.13
764 27 72 102 22 -0.01 -0.08 -0.07 0.0 0.15 0.12
765 25 71 104 23 -0.02 -0.09 -0.08 0.09 0.07 0.1
766 27 72 102 23 -0.05 -0.08 -0.07 0.06 0.04 0.12
767 28 72 99 22 -0.06 -0.04 -0.06 0.09 0.02 0.07
768 25 73 99 23 -0.07 -0.02 -0.05 0.05 -0.03 -0.03
769 24 74 95 23 -0.07 0.01 -0.05 0.01 0.0 -0.06
770 23 74 100 23 -0.07 0.04 -0.03 -0.08 -0.03 -0.1
771 27 76 104 23 -0.06 0.05 -0.03 -0.13 0.0 -0.17
772 24 74 99 23 -0.06 0.04 -0.02 -0.08 0.0 -0.15
773 30 77 97 24 -0.06 0.03 -0.0 -0.08 0.05 -0.12
774 27 75 95 23 -0.05 0.02 0.01 0.0 0.04 -0.12
775 25 77 93 23 -0.03 0.02 0.02 -0.03 0.04 -0.11
776 24 79 94 24 0.0 0.02 0.03 -0.01 -0.02 -0.06
777 29 78 93 24 0.02 0.03 0.05 -0.01 -0.05 -0.1
778 27 78 91 22 0.05 0.06 0.06 0.0 -0.09 -0.15
779 28 78 93 24 0.1 0.11 0.07 -0.09 -0.03 -0.24
780 24 78 88 24 0.12 0.13 0.07 -0.13 -0.03 -0.29
781 22 80 89 24 0.15 0.14 0.06 -0.19 -0.03 -0.25
782 24 82 91 24 0.17 0.11 0.04 -0.25 0.06 -0.24
783 26 81 89 24 0.18 0.1 0.03 -0.3 0.11 -0.21
784 25 79 86 24 0.17 0.06 -0.0 -0.23 0.21 -0.18
785 27 79 83 24 0.16 0.03 -0.03 -0.23 0.18 -0.07
786 24 78 87 23 0.15 0.01 -0.04 -0.16 0.22 0.11
787 22 77 82 24 0.09 -0.05 -0.06 -0.08 0.27 0.14
788 21 78 83 24 0.05 -0.07 -0.07 0.01 0.18 0.2
789 20 79 82 24 0.02 -0.07 -0.08 0.13 0.12 0.24
790 26 79 82 23 -0.02 -0.05 -0.07 0.14 0.08 0.23
791 27 78 81 24 -0.05 -0.01 -0.06 0.17 -0.08 0.14
792 26 79 84 24 -0.06 0.01 -0.05 0.14 -0.21 0.04
793 24 79 78 24 -0.07 0.07 -0.02 0.1 -0.24 -0.07
794 23 78 80 24 -0.07 0.13 -0.0 -0.03 -0.22 -0.15
795 21 78 79 24 -0.06 0.15 0.01 -0.18 -0.05 -0.22
796 20 78 80 25 -0.07 0.15 0.02 -0.22 -0.04 -0.24
797 26 78 83 25 -0.07 0.12 0.02 -0.27 0.08 -0.2
798 29 78 81 25 -0.08 0.09 0.02 -0.18 0.15 -0.16
-200 -200 -200 -200 -200 -200 -200 -200 -200 -200 -200
799 26 78 80 25 -0.09 0.03 0.0 -0.13 0.1 -0.1
800 25 78 80 25 -0.09 0.01 -0.01 0.07 0.18 0.0
801 23 78 83 25 -0.08 -0.01 0.0 0.1 0.13 0.0
802 21 78 85 25 -0.05 0.0 0.02 0.13 -0.01 -0.03
803 22 78 82 25 0.0 0.05 0.04 0.12 -0.17 -0.1
804 37 80 83 24 0.04 0.09 0.05 0.04 -0.18 -0.32
805 32 80 85 24 0.12 0.14 0.09 -0.05 -0.15 -0.28
806 29 82 89 25 0.18 0.18 0.1 -0.14 -0.04 -0.25
807 27 85 90 25 0.21 0.2 0.1 -0.32 0.11 -0.27
808 24 86 87 24 0.24 0.19 0.07 -0.35 0.16 -0.24
809 33 89 85 25 0.24 0.14 0.02 -0.39 0.18 -0.16
810 35 90 85 25 0.23 0.11 0.0 -0.27 0.14 -0.13
811 31 92 89 24 0.2 0.06 -0.04 -0.2 0.12 -0.08
812 29 90 88 25 0.15 0.01 -0.06 -0.09 0.12 0.03
813 27 90 88 23 0.13 0.0 -0.07 -0.09 0.11 0.08
814 25 89 85 25 0.07 -0.03 -0.08 0.01 0.17 0.2
815 24 90 82 25 -0.01 -0.06 -0.08 0.09 0.18 0.26
816 22 92 81 25 -0.05 -0.07 -0.08 0.12 0.13 0.26
817 20 91 83 24 -0.1 -0.07 -0.05 0.22 -0.03 0.23
818 19 93 85 24 -0.13 -0.01 -0.03 0.2 -0.19 0.1
819 19 96 87 29 -0.13 0.05 -0.02 0.17 -0.22 0.08
820 18 101 84 31 -0.11 0.19 0.0 0.13 -0.24 0.0
821 18 99 84 30 -0.08 0.38 0.02 -0.06 -0.13 -0.05
822 19 98 80 29 -0.05 0.47 0.02 -0.12 -0.08 -0.07
823 25 127 81 56 -0.01 0.64 0.03 -0.17 0.3 0.41
824 29 156 84 69 0.01 0.8 0.01 -0.23 0.43 0.82
825 52 174 87 102 0.03 0.97 -0.01 -0.05 0.48 0.93
826 57 171 95 113 0.2 1.52 -0.02 0.11 0.04 0.88
827 51 155 107 101 0.53 2.7 0.04 0.37 -0.15 0.57
828 48 146 105 89 0.72 3.54 0.09 -0.15 -0.22 0.0
829 45 135 99 74 0.77 4.82 0.32 -1.47 -0.41 0.06
830 42 127 103 64 0.56 5.16 0.67 -0.82 -0.02 -1.62
831 37 139 116 56 0.32 6.02 0.95 -3.15 0.88 -1.06
832 38 133 112 49 0.31 5.89 1.26 -3.72 0.64 -1.51
833 36 134 119 45 0.27 4.83 1.43 -3.49 0.59 -1.75
834 40 128 132 40 0.24 4.36 1.54 -3.07 0.61 -1.64
835 39 122 135 36 0.08 3.76 1.64 -1.48 0.82 -1.04
836 42 123 138 35 -0.18 3.63 1.72 -0.96 0.56 -0.78
837 45 119 134 35 -0.34 3.57 1.76 -1.32 0.38 -0.88
838 44 115 141 34 -0.69 3.15 1.89 -1.21 -0.02 -0.72
839 40 115 145 35 -0.86 2.6 2.0 -0.78 -0.07 -0.59
840 41 109 146 33 -0.91 2.26 2.04 -0.32 -0.3 -0.49
841 40 109 144 31 -1.02 1.9 2.05 -0.51 -0.52 -0.06
842 44 107 157 32 -1.13 1.53 1.98 -0.37 -0.7 0.35
843 45 104 153 30 -1.2 1.33 1.94 -0.51 -0.92 0.36
844 43 105 145 33 -1.21 0.91 1.8 -0.25 -1.15 0.43
845 43 105 147 31 -1.17 0.56 1.65 0.41 -1.39 0.34
846 45 104 138 33 -1.13 0.45 1.6 0.72 -1.39 0.43
847 51 115 139 40 -1.1 0.37 1.51 1.22 -1.31 0.77
848 51 123 132 47 -1.09 0.24 1.37 1.12 -1.17 1.1
849 57 141 137 46 -1.07 0.13 1.27 1.1 -1.28 0.94
850 53 142 141 49 -0.97 -0.11 1.06 1.28 -1.25 0.5
851 53 138 146 45 -0.81 -0.26 0.86 1.81 -0.75 0.29
852 62 143 150 51 -0.76 -0.29 0.78 1.88 -1.03 0.42
853 61 153 163 48 -0.67 -0.4 0.64 1.24 -0.63 0.73
854 66 147 169 43 -0.53 -0.69 0.51 1.41 -0.76 0.75
855 65 157 179 40 -0.47 -0.8 0.43 1.65 -0.8 0.67
856 70 155 186 39 -0.36 -0.81 0.33 2.64 -0.79 0.64
857 66 148 188 36 -0.28 -0.5 0.28 2.47 -0.79 0.41
858 63 141 193 33 -0.25 -0.32 0.25 2.02 -0.82 0.39
859 67 131 195 31 -0.18 -0.09 0.21 1.55 -0.84 0.31
860 66 146 195 29 -0.08 -0.06 0.16 1.24 -0.81 0.22
861 64 139 195 28 -0.03 -0.07 0.14 1.24 -0.77 0.32
862 61 133 186 31 0.07 -0.03 0.08 1.25 -0.48 0.47
863 63 136 188 31 0.14 0.1 0.04 1.05 -0.19 0.37
864 62 142 187 29 0.15 0.19 0.04 0.76 -0.16 0.22
865 58 132 187 27 0.16 0.25 0.04 0.02 0.05 0.03
866 57 122 182 27 0.19 0.18 0.02 -0.11 0.09 0.0
867 52 112 172 26 0.19 0.13 0.02 0.17 0.24 0.13
868 52 105 167 25 0.19 0.1 0.02 0.37 0.37 0.06
869 47 100 158 26 0.18 0.22 0.0 0.23 0.29 -0.12
870 44 95 156 26 0.16 0.26 -0.02 0.1 0.27 -0.14
871 45 91 154 26 0.11 0.27 -0.04 -0.22 -0.04 -0.18
872 40 89 147 26 0.08 0.25 -0.05 -0.24 -0.28 -0.13
873 36 84 144 25 0.07 0.26 -0.06 -0.22 -0.33 -0.03
874 33 82 142 25 0.03 0.37 -0.06 -0.38 -0.27 0.13
875 30 81 137 25 0.01 0.44 -0.06 -0.53 -0.23 0.19
876 29 81 130 24 0.0 0.42 -0.06 -0.63 -0.24 0.27
877 26 80 127 24 -0.01 0.24 -0.08 -0.61 -0.19 0.28
878 26 80 126 24 -0.02 -0.0 -0.09 -0.11 -0.18 0.17
879 23 80 122 24 -0.04 -0.07 -0.09 0.07 -0.19 0.15
880 23 77 114 24 -0.07 -0.05 -0.08 0.16 -0.22 0.04
881 22 83 112 24 -0.1 0.02 -0.05 0.21 -0.33 0.05
882 25 84 111 23 -0.12 0.04 -0.03 0.14 -0.35 0.08
883 26 83 106 23 -0.15 -0.01 -0.01 0.06 -0.52 0.19
884 24 81 107 23 -0.15 -0.15 0.0 0.39 -0.55 0.27
885 23 82 102 24 -0.13 -0.19 0.01 0.5 -0.56 0.24
886 22 83 101 24 -0.08 -0.17 0.01 0.75 -0.36 0.1
887 21 84 98 23 -0.01 -0.08 0.03 0.72 -0.32 -0.11
888 23 84 105 23 0.02 -0.03 0.03 0.57 -0.19 -0.26
889 23 86 103 23 0.08 0.03 0.06 0.46 -0.08 -0.34
890 23 89 104 23 0.1 0.04 0.08 0.37 0.08 -0.09
891 23 92 96 23 0.1 0.04 0.08 0.3 0.13 -0.01
892 23 89 94 23 0.07 0.02 0.08 0.47 0.17 0.02
893 22 86 90 23 0.04 0.03 0.06 0.47 0.21 0.03
894 21 92 92 25 0.03 0.03 0.06 0.43 0.21 0.07
895 20 88 91 28 0.03 0.05 0.03 0.43 0.13 -0.01
896 21 91 90 27 0.03 0.08 0.01 0.17 0.01 0.0
897 22 93 85 26 0.03 0.07 -0.0 0.04 -0.16 -0.02
898 18 92 80 25 0.03 -0.01 -0.02 -0.03 -0.3 -0.07
899 21 93 76 25 0.02 -0.07 -0.04 0.01 -0.49 -0.09
900 20 94 73 25 0.02 -0.09 -0.04 0.0 -0.53 -0.14
901 20 94 72 24 0.01 -0.09 -0.07 0.06 -0.55 -0.04
902 20 93 72 24 0.01 -0.08 -0.1 0.11 -0.56 0.17
903 19 92 77 24 0.02 -0.08 -0.12 0.15 -0.54 0.31
904 19 93 79 24 0.04 -0.08 -0.16 0.07 -0.49 0.6
905 18 93 73 24 0.07 -0.17 -0.21 0.16 -0.47 0.86
906 18 95 69 24 0.1 -0.23 -0.23 0.33 -0.5 1.03
907 17 97 66 24 0.17 -0.33 -0.28 0.56 -0.51 1.13
908 17 96 65 24 0.25 -0.44 -0.35 0.74 -0.63 1.12
909 19 94 70 26 0.3 -0.5 -0.38 0.74 -0.69 1.06
910 17 99 74 26 0.4 -0.76 -0.48 0.58 -0.7 1.05
911 16 97 71 25 0.49 -1.38 -0.63 0.26 -0.75 0.78
912 16 99 65 25 0.52 -1.83 -0.72 0.22 -0.78 0.55
913 16 99 63 24 0.59 -3.07 -0.95 0.82 -0.57 0.06
914 16 98 63 24 0.58 -4.19 -1.24 1.44 -0.31 -0.41
915 16 93 63 24 0.56 -4.6 -1.37 1.73 -0.1 -0.75
916 16 92 63 24 0.45 -5.15 -1.67 2.49 0.21 -1.16
917 15 92 65 23 0.25 -5.38 -1.91 2.35 0.22 -1.62
918 16 93 69 23 0.11 -5.41 -2.01 1.82 0.21 -1.36
919 16 90 75 28 -0.23 -5.45 -2.18 1.49 0.25 -1.6
920 16 102 79 32 -0.56 -5.34 -2.33 1.33 0.2 -1.5
921 16 95 84 30 -0.74 -5.28 -2.35 1.14 0.19 -1.64
922 16 95 88 29 -1.12 -5.28 -2.28 1.3 -0.33 -1.36
923 16 99 95 28 -1.48 -5.25 -2.08 1.2 -0.45 -1.31
924 15 118 104 32 -1.61 -5.06 -1.97 1.18 -0.42 -1.28
925 16 115 108 31 -1.81 -4.37 -1.77 1.79 -0.71 -0.48
926 17 113 113 30 -2.02 -3.47 -1.6 1.66 -1.04 -0.27
927 17 113 118 28 -2.07 -2.99 -1.51 0.93 -1.81 0.34
928 17 116 122 27 -2.0 -2.01 -1.28 0.58 -1.68 0.5
929 17 121 126 27 -1.76 -1.4 -1.25 0.51 -1.47 0.42
930 16 118 132 33 -1.67 -1.22 -1.24 0.61 -1.31 0.13
931 17 120 138 31 -1.52 -0.98 -1.26 0.69 -1.12 -0.57
932 18 121 144 29 -1.2 -0.1 -0.96 -28.62 -6.44 19.39
933 34 118 142 28 -0.37 -0.67 -0.07 -27.54 -4.23 11.78
934 32 115 147 27 0.19 -4.21 0.19 4.84 -0.26 4.64
935 28 112 150 26 0.63 1.91 -0.04 0.34 0.76 2.09
936 25 110 154 25 0.76 2.52 -0.0 -1.11 0.27 -0.17
937 23 107 154 25 0.69 1.5 -0.03 0.45 0.89 -0.72
938 22 105 155 24 0.27 0.63 -0.15 -0.26 0.37 0.21
939 21 103 155 24 0.12 0.33 -0.2 -0.66 0.0 0.23
940 21 97 152 24 0.05 -0.1 -0.13 0.03 0.06 -0.19
941 21 94 155 24 0.08 -0.06 -0.04 -0.3 0.02 -0.3
942 20 92 159 23 0.1 0.08 -0.04 -0.52 -0.05 -0.34
943 27 90 157 24 0.15 0.3 -0.05 -0.57 0.12 -0.37
944 31 89 158 23 0.15 0.35 -0.04 -0.48 0.03 -0.17
945 28 86 154 23 0.09 0.29 0.01 -0.43 0.14 -0.19
946 25 84 155 23 0.06 0.15 0.03 -0.37 0.04 -0.41
947 25 81 155 23 0.08 0.07 0.03 -0.35 0.01 -0.38
948 24 80 156 23 0.14 0.01 0.02 -0.24 0.05 -0.28
949 23 77 149 24 0.13 0.03 0.02 -0.18 0.07 -0.2
950 25 76 147 23 0.13 0.08 0.02 -0.16 0.12 0.1
951 25 74 149 23 0.13 0.08 0.02 -0.11 0.16 0.1
952 28 72 147 23 0.11 0.1 -0.01 -0.12 0.23 0.11
953 27 73 146 23 0.09 0.11 -0.03 -0.14 0.22 0.04
954 24 73 141 23 0.09 0.11 -0.03 -0.08 0.19 0.0
-100 -100 -100 -100 -100 -100 -100 -100 -100 -100 -100
955 25 73 139 24 0.04 0.11 -0.04 -0.03 0.09 0.0
956 23 72 139 23 0.03 0.11 -0.03 0.01 0.0 0.0
957 22 74 135 24 0.02 0.15 -0.02 -0.05 -0.01 -0.04
958 22 71 136 23 0.02 0.16 -0.01 -0.08 -0.01 -0.05
959 27 73 133 23 0.0 0.16 0.01 -0.14 0.04 -0.03
960 27 71 130 24 0.0 0.15 0.01 -0.14 0.05 -0.05
961 29 72 125 23 -0.01 0.16 0.01 -0.12 0.08 -0.1
962 24 73 126 24 -0.01 0.17 0.01 -0.12 0.03 -0.15
963 24 72 127 23 -0.0 0.19 0.01 -0.12 0.05 -0.12
964 21 70 124 23 0.0 0.22 0.0 -0.1 0.03 -0.09
965 26 71 120 23 0.01 0.24 -0.0 -0.15 0.0 -0.07
966 31 72 116 23 0.03 0.28 0.0 -0.17 0.08 -0.2
967 28 71 114 23 0.04 0.27 0.0 -0.2 0.06 -0.24
968 27 71 111 23 0.04 0.26 -0.0 -0.23 0.05 -0.3
969 24 72 105 23 0.05 0.22 -0.01 -0.24 -0.01 -0.28
970 23 71 104 23 0.05 0.17 -0.01 -0.22 0.05 -0.18
971 22 72 101 23 0.05 0.14 -0.01 -0.18 0.0 -0.2
972 29 72 102 23 0.05 0.13 -0.0 -0.17 0.0 -0.19
973 27 72 105 23 0.05 0.12 -0.0 -0.13 0.06 -0.16
974 26 74 103 23 0.05 0.11 -0.01 -0.12 0.04 -0.15
975 24 75 101 23 0.04 0.08 -0.01 -0.15 0.01 -0.12
976 25 78 95 23 0.03 0.06 -0.01 -0.11 0.02 -0.14
977 23 77 93 23 0.03 0.06 -0.0 -0.08 0.01 -0.15
978 30 77 101 23 0.04 0.07 0.0 -0.1 0.01 -0.12
979 29 76 99 23 0.04 0.08 0.01 -0.09 0.03 -0.09
980 26 77 94 23 0.03 0.08 0.01 -0.06 0.05 -0.06
981 26 75 89 23 0.02 0.08 0.01 -0.07 0.02 -0.08
982 24 74 86 23 0.03 0.09 0.02 -0.13 -0.02 -0.2
983 23 75 85 23 0.03 0.09 0.02 -0.13 -0.01 -0.19
984 35 75 88 23 0.04 0.07 0.02 -0.13 -0.01 -0.16
985 32 74 84 23 0.03 0.07 0.02 -0.18 0.09 -0.07
986 28 75 79 23 0.02 0.06 0.01 -0.18 0.11 0.0
987 25 74 77 23 0.0 0.05 0.0 -0.12 0.14 -0.03
988 24 73 77 23 -0.01 0.05 -0.0 -0.11 0.08 -0.09
989 23 72 79 23 -0.01 0.06 -0.01 -0.04 0.0 -0.08
990 22 72 81 23 -0.01 0.07 -0.01 -0.03 -0.02 -0.12
991 28 72 78 23 -0.01 0.07 0.0 -0.08 -0.01 -0.11
992 26 73 76 23 -0.0 0.07 0.0 -0.13 0.01 -0.18
993 24 74 77 23 0.01 0.06 0.0 -0.11 0.04 -0.15
994 23 75 75 23 0.0 0.04 0.0 -0.12 0.05 -0.17
995 22 73 75 24 0.0 0.04 0.0 -0.14 0.02 -0.1
996 24 72 71 23 0.01 0.04 0.0 -0.14 0.06 -0.11
997 27 74 68 24 0.0 0.04 -0.0 -0.14 0.03 -0.11
998 31 75 84 23 0.01 0.03 -0.0 -0.13 0.05 -0.16
999 27 76 78 24 0.01 0.03 -0.01 -0.15 0.05 -0.16
1000 25 76 76 23 0.01 0.03 -0.01 -0.14 0.06 -0.12
1001 24 77 72 24 0.01 0.02 -0.01 -0.14 0.08 -0.08
1002 26 79 79 23 0.01 0.01 -0.02 -0.12 0.04 -0.11
1003 33 78 73 23 0.0 -0.0 -0.02 -0.07 0.0 -0.09
1004 32 78 69 24 -0.01 -0.0 -0.01 -0.06 0.02 0.0
1005 28 77 70 23 -0.02 0.0 -0.01 -0.06 0.01 -0.04
1006 26 78 67 24 -0.03 -0.0 -0.01 -0.06 0.01 -0.09
-200 -200 -200 -200 -200 -200 -200 -200 -200 -200 -200
1007 24 79 76 24 -0.03 0.0 -0.01 -0.08 0.04 -0.1
1008 29 80 79 24 -0.03 0.02 -0.01 -0.09 0.03 -0.13
1009 33 79 72 24 -0.02 0.03 -0.01 -0.1 0.03 -0.12
1010 32 80 68 24 -0.02 0.03 -0.01 -0.12 0.04 -0.12
1011 28 78 70 24 -0.01 0.03 -0.01 -0.14 0.02 -0.19
1012 27 77 72 24 0.01 0.04 -0.01 -0.19 0.01 -0.27
1013 28 76 72 24 0.01 0.02 -0.01 -0.22 -0.01 -0.18
1014 27 77 67 25 -0.0 -0.03 -0.01 -0.2 0.04 -0.11
1015 28 77 65 25 -0.02 -0.07 -0.0 -0.12 0.06 -0.06
1016 26 75 64 24 -0.03 -0.07 -0.0 -0.01 0.05 -0.07
1017 24 75 66 24 -0.03 -0.05 -0.01 0.0 0.04 -0.03
1018 23 78 66 24 -0.02 -0.03 -0.01 0.0 0.03 0.0
1019 24 79 71 24 -0.02 -0.02 -0.01 0.0 0.03 -0.04
1020 23 79 69 24 -0.02 -0.01 -0.01 -0.08 0.01 -0.05
1021 21 79 69 24 -0.03 -0.01 -0.01 -0.05 0.07 -0.04
1022 21 81 68 24 -0.03 -0.01 -0.01 -0.03 0.05 -0.01
1023 20 83 66 23 -0.04 0.01 -0.01 0.0 0.01 0.01
1024 20 88 66 26 -0.05 0.07 -0.0 0.11 0.02 0.13
1025 20 90 63 26 -0.05 0.12 0.01 0.04 0.0 0.16
1026 28 99 62 26 -0.06 0.23 0.02 0.03 0.0 0.29
1027 25 105 63 55 -0.08 0.42 0.03 0.08 0.04 0.47
1028 23 121 67 114 -0.07 0.55 0.05 0.32 0.18 0.61
1029 23 120 64 124 0.01 0.86 0.06 0.47 0.17 0.54
1030 25 118 68 135 0.13 1.22 0.06 0.52 0.0 0.88
1031 26 110 66 117 0.21 1.45 0.08 0.04 -0.04 0.81
1032 24 128 64 98 0.43 2.02 0.11 -0.5 -0.21 0.82
1033 22 140 60 93 0.6 2.38 0.22 -2.62 -0.34 0.0
1034 34 132 58 86 0.64 2.34 0.3 -2.98 -0.22 -0.26
1035 31 128 64 74 0.71 1.97 0.6 -3.75 -0.36 -0.27
1036 36 137 65 64 0.66 2.74 1.04 -3.97 1.17 -0.34
1037 33 139 65 55 0.74 3.05 1.11 -2.96 0.99 0.98
1038 32 148 68 48 0.78 3.44 1.32 -2.93 0.75 1.05
1039 34 140 68 43 0.66 3.6 1.49 -2.77 0.71 0.86
1040 39 139 79 39 0.61 3.49 1.59 -2.62 0.52 0.28
1041 39 136 95 38 0.56 3.34 1.78 -1.64 0.21 0.39
1042 53 133 118 39 0.46 3.67 1.96 -0.22 0.15 0.19
1043 52 131 112 37 0.38 3.91 2.03 -0.17 0.0 0.3
1044 57 132 122 41 0.15 4.26 2.13 -0.26 -0.3 0.42
1045 50 168 128 42 -0.15 4.04 2.2 -0.06 -0.55 -0.15
1046 51 165 127 42 -0.27 3.82 2.23 0.31 -0.66 -0.23
1047 52 148 132 46 -0.45 3.41 2.24 1.17 -0.65 -1.66
1048 49 139 130 42 -0.71 2.99 2.19 0.04 -1.02 -1.29
1049 49 132 135 39 -0.84 2.75 2.11 -0.16 -1.17 -0.67
1050 58 139 136 36 -1.02 2.08 1.93 0.36 -1.17 0.5
1051 58 151 131 37 -1.11 1.5 1.77 1.73 -1.28 0.27
1052 61 146 151 35 -1.12 1.42 1.68 2.07 -0.7 0.0
1053 69 153 156 33 -1.18 1.41 1.51 1.59 -1.04 -0.08
1054 68 154 150 45 -1.17 1.09 1.29 0.61 -1.0 0.52
1055 67 162 167 40 -1.12 0.81 1.19 0.62 -0.98 0.64
1056 71 157 162 37 -0.97 0.45 1.06 1.42 -0.87 0.76
1057 67 166 168 34 -0.87 0.35 0.97 1.33 -0.91 1.02
1058 66 153 179 34 -0.83 0.33 0.91 1.16 -0.81 1.03
1059 63 162 187 36 -0.74 0.2 0.78 1.02 -0.74 0.88
1060 61 157 203 36 -0.63 -0.08 0.67 1.0 -0.65 0.8
1061 55 167 207 34 -0.57 -0.22 0.61 1.44 -0.64 0.79
1062 58 167 208 31 -0.45 -0.35 0.47 1.94 -0.65 0.97
1063 53 156 223 40 -0.35 -0.22 0.33 1.81 -0.7 0.84
1064 53 149 231 36 -0.3 -0.14 0.27 1.71 -0.65 0.65
1065 52 151 232 34 -0.22 -0.09 0.16 0.98 -0.68 0.36
1066 53 147 236 32 -0.16 -0.19 0.06 0.88 -0.63 0.2
1067 48 143 246 30 -0.13 -0.21 0.03 1.04 -0.56 0.17
1068 49 158 242 28 -0.11 -0.13 -0.02 0.98 -0.37 0.08
1069 45 152 242 27 -0.09 0.01 -0.05 0.81 -0.41 0.0
1070 44 150 242 27 -0.08 0.05 -0.06 0.49 -0.48 0.0
1071 44 146 244 26 -0.06 0.04 -0.07 0.42 -0.42 0.03
1072 40 158 242 26 -0.03 0.03 -0.08 0.41 -0.33 0.05
1073 37 153 237 25 -0.03 0.04 -0.09 0.37 -0.36 0.0
1074 35 146 241 25 -0.01 0.05 -0.09 0.27 -0.35 0.13
1075 33 136 231 27 0.0 0.04 -0.09 0.03 -0.26 0.1
1076 34 143 228 26 0.01 0.02 -0.09 -0.05 -0.26 0.09
1077 30 131 227 27 0.02 -0.03 -0.07 -0.05 -0.24 0.0
1078 30 126 220 28 0.03 -0.04 -0.05 0.07 -0.21 -0.07
1079 30 143 216 29 0.04 -0.03 -0.04 0.09 -0.13 0.0
1080 27 141 209 28 0.05 0.0 -0.03 -0.03 -0.06 0.0
1081 29 131 205 28 0.05 -0.0 -0.02 -0.05 0.0 -0.23
1082 28 137 218 29 0.04 -0.0 -0.02 -0.12 0.01 -0.13
1083 28 136 210 28 0.02 -0.04 -0.01 -0.17 -0.02 -0.09
1084 26 131 206 28 -0.0 -0.09 0.01 -0.25 0.01 -0.03
1085 28 132 194 27 -0.02 -0.14 0.01 -0.2 -0.04 -0.05
1086 45 125 185 27 -0.03 -0.24 0.02 -0.21 -0.09 -0.11
1087 83 124 181 28 -0.02 -0.32 0.03 0.28 -0.12 0.0
1088 69 121 178 29 -0.02 -0.3 0.03 0.35 -0.13 0.08
1089 57 121 171 30 -0.0 -0.2 0.03 0.63 -0.2 0.21
1090 50 113 164 27 0.02 -0.13 0.01 0.62 -0.18 0.19
1091 47 116 163 31 0.03 -0.12 -0.01 0.52 -0.19 0.16
1092 45 127 158 32 0.05 -0.15 -0.05 0.5 -0.25 0.05
1093 40 127 151 31 0.07 -0.13 -0.06 0.47 -0.22 -0.12
1094 41 120 147 32 0.07 -0.09 -0.07 0.35 -0.2 -0.18
1095 36 120 146 31 0.06 -0.03 -0.05 0.14 -0.16 -0.26
1096 43 116 148 31 0.04 0.0 -0.03 0.12 -0.15 -0.25
1097 42 112 137 30 0.03 0.01 -0.01 0.11 -0.11 -0.26
1098 39 115 132 30 0.01 -0.01 0.0 0.07 -0.07 -0.16
1099 35 121 128 30 -0.01 -0.03 0.01 0.26 -0.09 -0.1
1100 31 113 126 29 -0.01 -0.03 0.02 0.44 -0.13 -0.13
1101 34 108 121 28 0.0 0.01 0.02 0.48 -0.07 -0.09
1102 39 106 118 28 0.01 0.05 0.02 0.24 -0.13 -0.06
1103 37 121 127 27 0.02 0.05 0.02 0.16 -0.14 0.0
1104 32 112 125 27 0.02 0.02 0.02 0.18 -0.13 0.0
1105 39 114 116 26 0.02 0.01 0.01 0.33 -0.08 -0.03
1106 35 120 113 26 0.01 0.01 0.0 0.35 -0.07 -0.05
1107 31 113 111 25 0.0 0.02 -0.01 0.3 -0.16 -0.06
1108 39 107 110 23 -0.0 0.02 -0.03 0.24 -0.19 -0.07
1109 36 112 107 25 -0.0 0.01 -0.03 0.29 -0.12 0.04
1110 42 115 104 24 -0.0 0.01 -0.04 0.35 -0.1 0.0
1111 42 113 107 25 -0.0 0.03 -0.05 0.16 -0.08 0.0
1112 39 110 105 25 0.0 0.01 -0.05 0.17 -0.07 0.09
1113 36 137 104 25 0.01 -0.05 -0.05 0.18 -0.14 0.14
1114 34 134 103 25 0.02 -0.06 -0.04 0.34 -0.18 0.0
1115 31 125 102 25 0.03 -0.02 -0.03 0.27 -0.16 -0.04
1116 41 122 100 25 0.03 0.05 -0.02 0.04 -0.1 0.0
1117 38 116 96 24 0.04 0.03 -0.01 0.0 -0.16 0.11
1118 36 112 90 24 0.04 0.0 -0.02 0.08 -0.21 0.16
1119 33 108 87 24 0.03 -0.06 -0.03 0.33 -0.44 0.3
1120 33 105 87 23 0.05 -0.17 -0.08 0.49 -0.59 0.4
1121 31 101 82 24 0.06 -0.24 -0.11 0.62 -0.79 0.56
1122 36 98 77 24 0.1 -0.41 -0.2 0.8 -0.97 0.8
1123 39 95 73 23 0.16 -0.65 -0.33 0.83 -1.25 1.17
1124 36 92 71 23 0.2 -0.84 -0.42 0.82 -1.3 1.25
1125 31 90 67 23 0.28 -1.49 -0.63 1.04 -1.44 1.49
1126 30 87 65 23 0.43 -2.41 -0.9 1.7 -1.24 1.11
1127 27 87 62 23 0.5 -2.86 -1.06 2.24 -1.19 0.78
1128 26 92 59 24 0.59 -3.56 -1.41 3.38 -0.92 -0.22
1129 24 120 62 26 0.54 -3.98 -1.78 3.81 -0.59 -0.87
1130 23 133 63 25 0.46 -4.13 -1.94 3.46 -0.42 -1.17
1131 39 120 67 25 0.2 -4.41 -2.23 3.07 -0.02 -1.53
1132 37 160 70 24 -0.19 -4.5 -2.5 2.51 -0.03 -1.21
1133 32 182 73 24 -0.41 -4.47 -2.59 2.13 0.0 -1.03
1134 31 177 79 24 -0.82 -4.23 -2.73 1.49 -0.18 -1.0
1135 30 161 81 27 -1.17 -3.85 -2.81 0.01 -0.54 -0.83
1136 32 154 88 27 -1.33 -3.72 -2.81 -0.58 -0.53 -0.85
1137 35 146 95 27 -1.63 -3.56 -2.75 -1.47 -0.59 -0.59
1138 31 142 101 26 -1.78 -3.61 -2.58 -1.84 -0.61 -0.53
1139 27 143 107 26 -1.83 -3.63 -2.48 -1.37 -0.58 -0.25
1140 28 141 115 25 -1.88 -3.43 -2.22 -1.22 -0.84 -0.17
1141 27 141 122 26 -1.69 -2.7 -1.84 0.18 -0.59 0.88
1142 26 139 128 39 -1.62 -2.15 -1.76 0.03 -0.61 1.19
1143 29 141 135 36 -1.42 -1.27 -1.46 -0.33 -0.73 1.46
1144 30 141 138 35 -1.2 -1.05 -1.26 0.09 -1.23 1.1
1145 27 143 144 32 -1.04 -0.81 -1.16 0.02 -0.96 1.1
1146 25 145 150 30 -0.8 -0.13 -1.05 -1.33 -2.28 0.2
1147 26 147 156 29 -0.2 0.3 -0.58 -12.29 0.14 8.98
1148 29 146 161 27 0.17 -0.48 -0.27 -28.08 -4.03 14.19
1149 57 156 161 26 0.2 -1.99 0.14 4.5 0.2 1.63
1150 59 146 167 26 0.56 1.18 0.03 -0.57 0.87 0.61
1151 54 142 169 25 0.58 1.32 -0.06 -1.56 0.15 0.46
1152 45 138 171 25 0.43 0.22 -0.08 0.06 0.39 -0.34
1153 45 141 171 25 0.13 -0.2 -0.13 -0.57 -0.09 -0.36
1154 39 135 171 24 0.07 -0.27 -0.12 -0.64 -0.26 -0.31
1155 39 130 175 24 0.07 -0.35 -0.03 0.18 -0.05 -0.32
1156 35 128 176 24 0.12 -0.08 -0.0 -0.35 -0.04 0.09
1157 31 126 177 24 0.13 0.06 -0.0 -0.23 0.22 0.14
1158 39 124 176 24 0.05 0.18 -0.0 0.13 0.2 0.11
1159 34 125 174 24 0.04 0.26 0.03 0.14 0.26 0.09
1160 63 122 175 24 0.03 0.29 0.02 0.08 0.22 0.04
1161 55 118 171 23 0.08 0.36 0.02 0.08 0.16 -0.01
1162 47 113 171 24 0.13 0.53 -0.01 -0.18 0.14 -0.07
1163 41 112 167 24 0.15 0.61 -0.01 -0.18 0.16 -0.05
1164 38 108 167 24 0.14 0.68 -0.03 -0.16 0.23 -0.17
1165 40 107 166 24 0.15 0.65 -0.03 -0.39 0.11 -0.31
1166 35 104 164 24 0.14 0.61 -0.04 -0.34 0.15 -0.35
1167 31 100 161 25 0.14 0.52 -0.05 -0.43 0.07 -0.33
1168 28 97 160 26 0.11 0.39 -0.04 -0.37 0.08 -0.32
1169 34 94 157 26 0.09 0.33 -0.03 -0.36 0.09 -0.3
1170 30 93 157 26 0.05 0.22 -0.02 -0.35 0.08 -0.22
1171 36 91 153 26 -0.0 0.16 -0.0 -0.16 0.05 -0.11
1172 33 89 151 25 -0.02 0.14 0.0 -0.16 0.01 -0.11
1173 29 86 148 25 -0.03 0.14 0.01 -0.13 0.08 -0.05
1174 27 84 146 25 -0.04 0.17 -0.0 -0.07 0.11 -0.06
1175 50 83 143 25 -0.03 0.19 -0.01 -0.13 0.12 -0.06
1176 60 80 144 26 -0.03 0.21 -0.02 -0.08 0.06 -0.18
1177 51 78 137 26 -0.01 0.24 -0.03 -0.04 0.04 -0.09
1178 47 79 136 29 0.01 0.26 -0.02 -0.07 0.02 -0.07
-100 -100 -100 -100 -100 -100 -100 -100 -100 -100 -100
1179 40 78 133 31 0.03 0.3 -0.01 -0.11 -0.01 -0.22
1180 40 76 131 33 0.03 0.3 -0.01 -0.14 -0.02 -0.24
1181 53 79 129 32 0.04 0.29 -0.01 -0.2 -0.02 -0.26
1182 46 80 129 33 0.05 0.27 -0.01 -0.21 0.02 -0.33
1183 40 77 130 35 0.05 0.23 -0.01 -0.21 0.15 -0.25
1184 36 77 128 36 0.04 0.2 -0.02 -0.29 0.0 -0.15
1185 37 74 126 37 0.03 0.14 -0.0 -0.18 0.07 -0.18
1186 65 74 125 37 0.02 0.12 -0.0 -0.15 0.02 -0.2
1187 65 76 123 37 0.02 0.12 0.0 -0.16 0.03 -0.16
1188 55 75 124 37 0.01 0.09 0.0 -0.12 0.01 -0.21
1189 47 74 116 37 0.01 0.06 0.0 -0.15 0.04 -0.18
1190 42 74 115 35 0.01 0.04 0.01 -0.17 0.06 -0.16
1191 40 73 112 32 -0.01 0.02 0.0 -0.13 0.06 -0.09
1192 36 74 112 31 -0.01 0.01 0.0 -0.09 0.05 -0.07
1193 39 74 111 29 -0.02 0.01 0.0 -0.11 0.06 -0.09
1194 34 73 111 28 -0.01 0.02 0.0 -0.1 0.07 -0.13
1195 30 72 104 26 -0.01 0.04 -0.0 -0.05 0.05 -0.09
1196 31 72 104 26 -0.01 0.05 -0.0 -0.07 0.06 -0.06
1197 28 72 103 25 -0.02 0.03 -0.01 -0.09 0.04 -0.13
1198 26 72 102 25 -0.01 0.03 -0.01 -0.09 0.01 -0.11
1199 35 73 103 25 -0.01 0.04 -0.01 -0.06 0.02 -0.07
1200 31 73 102 24 0.0 0.05 -0.0 -0.09 0.0 -0.16
1201 34 73 100 24 0.01 0.07 -0.0 -0.14 0.03 -0.18
1202 30 73 98 24 0.02 0.06 -0.0 -0.15 0.04 -0.16
1203 27 72 96 24 0.02 0.04 -0.0 -0.19 0.06 -0.14
1204 27 72 97 24 0.02 0.03 -0.01 -0.14 0.06 -0.13
1205 33 72 99 24 0.01 0.0 -0.01 -0.13 0.03 -0.15
1206 32 73 97 24 0.01 -0.0 -0.01 -0.05 0.02 -0.09
1207 32 73 95 23 0.01 -0.0 -0.0 -0.05 0.0 -0.1
1208 30 75 94 23 0.01 0.01 -0.01 -0.06 0.02 -0.1
1209 26 73 94 23 0.02 0.02 -0.01 -0.08 0.04 -0.09
1210 24 73 93 23 0.02 0.03 -0.01 -0.07 0.01 -0.11
1211 28 73 95 23 0.02 0.03 -0.01 -0.09 0.02 -0.14
1212 35 73 92 24 0.03 0.03 -0.01 -0.13 0.01 -0.15
1213 32 75 90 23 0.03 0.03 -0.0 -0.13 0.01 -0.18
1214 29 73 88 23 0.03 0.01 -0.0 -0.11 0.04 -0.16
1215 26 73 89 22 0.03 -0.0 0.0 -0.08 0.02 -0.09
1216 24 71 89 23 0.03 -0.01 -0.0 -0.06 0.04 -0.08
1217 26 74 91 23 0.03 -0.01 0.0 -0.05 0.03 -0.07
1218 41 75 87 23 0.02 -0.0 0.0 -0.1 0.07 -0.06
1219 36 75 85 23 0.02 0.0 -0.0 -0.06 0.06 -0.1
1220 32 76 86 23 0.01 -0.0 -0.01 -0.07 0.06 -0.08
1221 31 76 87 23 0.01 0.0 -0.01 -0.07 0.04 -0.07
1222 27 74 83 23 0.01 0.0 -0.01 -0.08 0.01 -0.05
1223 27 73 86 23 0.01 0.02 -0.01 -0.1 0.01 -0.1
1224 35 73 84 23 0.01 0.01 -0.0 -0.09 0.05 -0.11
1225 30 72 87 23 0.01 0.02 -0.0 -0.06 -0.01 -0.14
1226 28 72 86 24 0.01 0.01 0.0 -0.09 0.0 -0.17
