-1 -1 -1 -1 -1 -1 -1 -1 -1 -1 -1
2 18 97 53 23 0.02 -0.09 -0.07 0.28 0.13 -0.16
3 17 98 52 23 0.01 -0.08 -0.06 0.33 0.15 -0.14
4 17 99 51 23 -0.02 -0.04 -0.04 0.37 0.1 -0.2
5 21 98 51 23 -0.04 -0.01 0.0 0.45 0.06 -0.16
6 20 100 52 23 -0.05 0.03 0.02 0.18 -0.06 -0.17
7 20 100 53 23 -0.06 0.05 0.05 0.14 -0.08 -0.18
8 19 100 51 23 -0.06 0.08 0.06 0.07 -0.07 -0.16
9 18 99 50 23 -0.06 0.09 0.06 -0.11 -0.03 -0.2
10 18 100 51 23 -0.05 0.08 0.05 -0.09 0.0 -0.18
11 17 99 52 23 -0.03 0.05 0.03 -0.1 0.08 -0.05
12 22 100 54 23 -0.03 0.03 0.03 -0.01 0.1 -0.06
13 21 99 53 23 -0.02 0.01 0.01 0.05 0.12 -0.04
14 19 98 53 23 -0.0 -0.0 0.0 0.12 0.1 -0.04
15 19 97 51 23 0.01 0.0 0.0 0.11 0.05 -0.07
16 19 98 54 23 0.03 0.02 -0.0 -0.01 0.01 -0.07
17 18 97 54 23 0.06 0.0 -0.01 -0.07 0.01 -0.02
18 18 98 52 23 0.07 -0.0 -0.01 -0.09 0.04 -0.04
19 18 98 51 23 0.08 -0.03 -0.01 -0.02 0.08 -0.04
20 21 96 50 23 0.07 -0.05 -0.01 0.07 0.12 0.0
21 20 97 52 23 0.07 -0.05 -0.01 0.04 0.11 -0.01
22 19 99 52 23 0.05 -0.04 -0.03 0.05 0.09 0.01
23 19 97 50 23 0.03 -0.04 -0.03 0.0 0.05 0.01
24 18 98 49 23 0.03 -0.04 -0.03 0.0 0.03 -0.04
25 18 98 49 23 0.02 -0.05 -0.03 0.05 0.04 -0.01
26 17 97 49 23 0.01 -0.04 -0.01 0.14 0.08 -0.01
27 19 98 53 23 -0.01 -0.03 -0.01 0.19 0.13 0.02
28 20 99 52 24 -0.02 -0.01 0.0 0.16 0.13 0.0
29 20 99 52 23 -0.04 0.01 0.01 0.09 0.09 -0.01
30 19 98 52 23 -0.05 0.01 0.01 0.0 -0.02 -0.03
31 18 98 51 23 -0.05 0.01 0.02 -0.01 -0.07 -0.05
32 18 96 51 23 -0.03 0.01 0.02 -0.01 -0.02 -0.02
33 18 96 53 23 -0.02 0.01 0.02 0.01 0.04 -0.08
34 21 95 52 23 -0.01 0.02 0.0 0.0 0.1 -0.01
35 20 95 51 22 -0.0 0.01 -0.01 -0.02 0.1 -0.04
36 20 95 51 23 -0.0 0.01 -0.01 -0.04 0.09 -0.04
37 19 95 53 23 0.0 -0.01 -0.02 0.01 0.1 -0.03
38 18 94 52 23 0.0 -0.02 -0.01 0.08 0.1 -0.05
39 18 93 52 22 0.0 -0.02 -0.01 0.08 0.06 -0.07
40 18 93 52 23 0.0 -0.01 -0.0 0.05 0.04 -0.01
41 18 92 52 23 0.01 -0.01 0.01 0.03 0.05 -0.03
42 20 91 54 23 0.0 -0.01 0.01 0.02 0.02 -0.04
43 19 91 52 23 0.01 -0.0 0.02 0.02 0.06 -0.02
44 19 89 51 23 0.01 -0.0 0.02 -0.02 0.07 -0.01
45 18 89 50 23 0.01 -0.01 0.01 0.0 0.08 -0.03
46 18 90 49 24 0.0 -0.02 0.01 -0.02 0.06 -0.01
47 18 90 52 23 -0.0 -0.02 0.0 0.02 0.07 0.0
48 17 90 51 23 -0.0 -0.02 0.0 0.03 0.05 -0.01
49 18 90 50 23 -0.01 -0.01 -0.01 0.01 0.03 -0.03
50 19 89 50 23 -0.01 -0.01 -0.0 0.03 0.07 -0.01
51 19 88 51 23 -0.01 -0.01 -0.0 0.05 0.07 -0.04
52 18 88 52 23 -0.01 0.01 -0.01 0.06 0.09 -0.03
53 19 87 51 23 -0.02 -0.0 -0.01 0.05 0.11 -0.04
54 18 86 51 23 -0.02 -0.0 -0.0 0.03 0.09 -0.05
55 18 86 51 23 -0.02 -0.0 -0.0 0.02 0.04 -0.03
56 19 84 50 23 -0.01 0.0 -0.0 0.04 0.05 -0.01
57 22 82 52 23 -0.01 -0.0 -0.0 0.03 0.04 -0.01
58 21 82 51 23 -0.01 -0.0 -0.01 0.01 0.04 -0.02
59 20 80 50 23 -0.01 -0.0 -0.01 -0.05 0.04 -0.05
60 19 79 49 23 -0.01 -0.01 -0.02 0.0 0.04 -0.04
61 18 79 52 21 -0.0 -0.03 -0.01 0.03 0.09 -0.04
62 18 79 50 23 0.0 -0.02 -0.01 0.06 0.03 -0.02
63 17 80 49 23 0.01 -0.02 -0.01 0.05 0.02 -0.06
64 17 81 49 23 0.01 0.0 -0.01 0.0 0.05 -0.03
65 17 80 47 23 0.01 0.0 -0.02 0.0 0.09 -0.02
66 17 82 51 23 0.01 0.0 -0.02 0.0 0.08 -0.04
67 21 84 50 23 0.0 -0.01 -0.03 0.05 0.11 -0.02
68 19 85 50 23 -0.01 -0.01 -0.03 0.02 0.08 -0.03
69 18 85 48 23 -0.01 -0.02 -0.02 0.03 0.07 -0.05
70 19 86 48 23 -0.01 -0.02 -0.01 0.06 0.02 -0.03
71 19 87 51 23 -0.01 -0.02 -0.0 0.03 0.02 -0.05
72 18 88 49 23 -0.01 -0.01 0.0 0.02 0.07 -0.05
73 17 89 49 23 -0.01 -0.01 0.0 0.02 0.06 0.0
74 17 88 48 23 -0.01 -0.01 -0.0 0.0 0.08 -0.01
75 20 87 47 23 -0.01 -0.01 -0.01 0.0 0.09 -0.04
-200 -200 -200 -200 -200 -200 -200 -200 -200 -200 -200
76 19 88 49 23 -0.01 -0.02 -0.01 0.0 0.06 -0.03
77 20 89 50 23 -0.01 -0.01 -0.01 0.0 0.04 -0.01
78 18 92 49 23 -0.01 -0.01 -0.02 0.0 0.05 -0.05
79 18 90 48 23 -0.01 -0.02 -0.01 0.02 0.07 -0.04
80 18 90 48 23 -0.01 -0.02 -0.01 0.06 0.05 -0.02
81 17 89 50 23 -0.01 -0.02 -0.01 0.03 0.03 -0.02
82 18 122 50 23 -0.01 -0.02 -0.01 0.0 0.04 -0.03
83 19 148 49 23 -0.01 -0.02 -0.01 0.0 0.05 -0.03
84 21 184 49 25 -0.01 -0.02 -0.01 0.01 0.05 -0.05
85 29 214 49 26 0.0 -0.04 -0.0 0.0 0.05 -0.01
86 33 223 52 31 0.06 -0.1 -0.0 -0.28 0.1 0.02
87 39 228 53 31 0.1 -0.16 0.0 -0.38 0.06 0.04
88 59 218 54 36 0.16 -0.36 0.03 -0.45 -0.01 -0.06
89 63 211 53 50 0.11 -0.62 0.12 1.16 0.13 -0.09
90 67 229 53 70 0.04 -0.63 0.15 0.69 0.23 0.09
91 70 232 57 74 -0.08 -0.57 0.2 0.24 -0.06 0.34
92 64 232 59 62 -0.29 -0.96 0.32 -0.06 -0.5 0.13
93 53 214 60 53 -0.37 -1.2 0.31 -0.08 -0.74 -0.16
94 45 224 58 47 -0.0 -0.79 0.15 0.3 -0.37 0.0
95 43 303 59 42 0.12 -0.42 0.04 0.69 -0.79 0.0
96 55 324 60 38 0.1 -0.22 0.03 -1.27 -0.21 -0.03
97 65 365 60 35 0.14 -0.09 -0.04 -0.96 -0.08 0.09
98 84 373 58 38 0.19 -0.19 -0.07 -0.39 -0.15 0.08
99 97 528 60 35 0.27 -0.33 -0.1 0.22 -3.12 0.83
100 94 588 60 35 0.25 -0.45 0.16 0.14 6.53 0.68
101 95 735 66 30 0.53 -0.71 -0.11 0.88 0.82 1.27
102 96 698 71 33 0.7 -0.68 -0.13 0.42 0.51 1.17
103 87 663 77 31 0.93 -0.45 -0.18 1.03 0.73 0.72
104 83 628 77 29 1.08 -1.09 -0.19 1.61 1.32 3.57
105 92 570 77 27 1.17 -1.24 -0.21 1.82 1.32 3.81
106 86 558 76 27 1.41 -1.23 -0.31 2.2 1.94 3.37
107 83 510 72 28 1.53 -0.86 -0.46 2.1 1.99 3.17
108 71 482 72 26 1.57 -0.65 -0.55 1.94 2.1 2.83
109 68 479 69 27 1.66 -0.52 -0.72 1.84 1.69 3.16
110 80 540 74 30 1.86 -0.76 -0.89 1.15 1.27 2.24
111 96 512 81 34 1.94 -0.92 -0.94 0.92 1.23 1.86
112 100 545 90 32 2.1 -1.14 -1.03 0.22 1.14 0.94
113 106 536 86 31 2.14 -1.28 -1.02 -0.52 0.71 0.63
114 140 473 80 29 2.18 -1.32 -0.96 -0.39 0.88 0.62
115 138 425 86 34 2.18 -1.27 -0.88 -0.86 0.33 -0.03
116 141 400 83 32 2.15 -1.21 -0.81 -1.17 -0.03 -0.52
117 153 400 82 30 2.16 -1.16 -0.78 -1.33 0.01 -0.84
118 136 452 83 29 2.05 -0.99 -0.7 -0.99 -0.11 -1.93
119 152 406 92 27 1.93 -0.81 -0.6 -0.52 -0.2 -2.23
120 166 390 96 26 1.87 -0.75 -0.57 -0.75 -0.27 -2.16
121 184 404 100 27 1.59 -0.69 -0.46 -0.81 -0.88 -1.69
122 211 383 110 33 1.39 -0.67 -0.43 -1.2 -1.03 -1.61
123 236 382 111 33 1.26 -0.62 -0.38 -1.17 -0.95 -1.45
124 207 408 114 35 1.07 -0.49 -0.35 -0.63 -1.13 -1.52
125 247 443 108 32 0.93 -0.16 -0.34 -1.03 -1.28 -1.71
126 249 491 126 37 0.86 -0.05 -0.32 -0.97 -1.37 -2.04
127 259 475 142 48 0.72 0.05 -0.26 -1.12 -1.1 -2.07
128 319 408 159 84 0.57 -0.02 -0.2 -1.02 -1.01 -2.23
129 331 385 184 120 0.49 -0.02 -0.18 -1.02 -0.42 -2.26
130 426 376 191 110 0.33 0.25 -0.1 -0.64 -0.94 -1.45
131 408 407 237 130 0.22 0.29 -0.09 -0.96 -1.08 0.64
132 449 397 246 190 0.09 0.49 -0.13 -0.42 -0.86 -0.47
133 430 437 277 321 0.07 0.75 -0.22 -0.73 -1.64 -4.92
134 453 385 362 334 -0.1 0.7 -0.15 -1.16 -1.64 -0.19
135 492 378 316 325 -0.51 0.68 0.18 -2.26 -2.08 -0.5
136 568 410 294 347 -0.67 0.77 0.12 -0.44 -1.51 0.65
137 581 411 309 347 -0.78 0.64 0.04 -0.26 -1.57 -1.76
138 651 371 306 340 -0.99 0.55 0.12 0.3 -1.4 -0.95
139 685 348 274 310 -1.14 0.46 0.28 -0.86 -1.83 0.17
140 784 327 253 273 -1.11 0.32 0.24 -0.68 -1.25 0.92
141 712 305 255 241 -0.96 0.13 0.28 -0.89 -1.52 0.94
142 709 288 234 212 -0.85 -0.06 0.27 -1.01 -1.22 0.82
143 680 286 220 201 -0.78 -0.1 0.25 -0.34 -1.16 0.17
144 684 251 199 185 -0.6 -0.11 0.26 -0.11 -1.12 0.26
145 709 275 204 185 -0.41 -0.14 0.27 -0.34 -0.69 1.01
146 632 296 192 200 -0.33 -0.16 0.26 0.0 -0.32 0.35
147 597 276 201 187 -0.21 -0.15 0.24 0.16 -0.15 0.36
148 645 271 191 171 -0.16 -0.13 0.22 0.37 -0.04 0.22
149 634 342 225 207 -0.14 -0.14 0.22 0.3 -0.08 0.21
150 727 338 199 171 -0.13 -0.04 0.19 0.14 -0.02 -0.05
151 739 342 209 177 -0.13 -0.07 0.17 -0.26 -0.03 0.05
152 727 318 207 169 -0.12 -0.1 0.18 -0.24 0.05 0.13
153 643 335 195 214 -0.09 -0.1 0.2 -0.35 0.01 0.23
154 644 327 185 211 -0.08 -0.08 0.23 0.0 0.09 0.0
155 573 301 190 198 -0.07 -0.07 0.26 -0.05 0.17 0.01
156 609 285 180 163 -0.04 0.0 0.27 0.02 0.23 0.04
157 613 281 160 164 -0.03 -0.0 0.25 0.07 0.47 -0.15
158 655 346 174 167 -0.04 -0.02 0.23 0.2 0.43 -0.34
159 600 431 176 195 -0.04 -0.02 0.2 0.37 0.34 -0.15
160 604 443 175 184 0.01 -0.01 0.13 0.55 0.22 0.07
161 612 435 174 191 0.04 -0.01 0.08 0.26 0.05 -0.03
162 580 389 174 197 0.19 0.03 -0.04 0.22 0.1 -0.22
163 542 380 162 173 0.18 0.01 -0.09 0.0 0.21 -0.32
164 554 341 163 157 0.14 0.01 -0.08 -0.04 0.28 -0.34
165 540 312 150 137 0.08 -0.01 -0.03 -0.17 0.32 -0.32
166 538 313 149 152 0.04 0.0 0.02 -0.07 0.23 -0.07
167 556 297 142 158 0.02 0.0 0.04 -0.06 0.16 -0.08
168 565 273 146 132 0.02 -0.01 0.05 0.07 0.11 0.18
169 563 280 144 120 0.03 0.02 0.03 0.01 0.13 0.06
170 552 302 144 139 0.04 0.03 0.02 0.0 0.16 0.17
171 549 278 150 145 0.06 0.05 0.01 0.01 0.14 -0.22
172 510 284 144 130 0.06 0.05 0.01 -0.12 0.02 -0.27
173 616 284 144 136 0.06 0.05 0.01 -0.21 -0.06 -0.28
174 591 303 151 154 0.05 0.03 0.01 -0.3 -0.15 -0.33
175 559 314 144 135 0.04 0.02 0.02 -0.3 -0.13 -0.41
176 494 294 138 147 0.03 0.02 0.05 -0.3 -0.15 -0.41
177 589 267 142 138 0.04 0.0 0.06 -0.14 -0.08 -0.55
178 536 267 148 128 0.06 -0.02 0.09 -0.1 -0.11 -0.37
179 559 273 146 141 0.05 -0.03 0.08 -0.06 -0.06 -0.47
180 561 296 139 125 0.03 -0.01 0.08 0.08 0.0 -0.36
181 567 288 138 132 -0.03 0.03 0.03 0.18 0.0 -0.43
182 557 279 141 141 -0.05 0.06 0.02 0.12 -0.02 -0.33
183 636 257 138 133 -0.07 0.06 0.01 0.08 -0.04 -0.25
184 606 252 147 121 -0.06 0.09 -0.02 -0.11 0.0 0.0
185 585 241 167 116 -0.05 0.09 -0.03 -0.1 0.07 -0.11
186 532 235 185 120 -0.06 0.1 -0.02 -0.27 0.19 -0.14
187 470 251 174 112 -0.1 0.13 -0.0 -0.39 0.26 0.01
188 482 247 161 129 -0.14 0.16 0.01 -0.27 0.22 -0.11
189 459 232 147 123 -0.16 0.12 0.05 -0.04 0.04 -0.32
190 478 243 159 114 -0.13 0.08 0.07 0.03 -0.08 -0.23
191 476 239 158 116 -0.11 0.05 0.07 0.04 -0.12 -0.01
192 475 256 149 115 -0.06 0.03 0.05 0.02 -0.03 0.11
193 502 258 151 111 -0.05 0.05 0.03 -0.11 0.03 -0.17
194 519 263 156 113 -0.05 0.05 0.03 -0.09 0.06 -0.29
195 484 244 152 117 -0.05 0.05 0.02 -0.07 0.02 -0.45
196 461 239 146 114 -0.05 0.04 0.03 -0.16 -0.05 -0.33
197 494 231 143 133 -0.05 0.03 0.03 -0.22 -0.03 -0.24
198 527 238 139 129 -0.05 0.03 0.04 -0.18 -0.06 -0.23
199 485 232 152 147 -0.05 0.01 0.05 -0.09 -0.06 -0.39
200 523 247 153 132 -0.06 0.0 0.05 0.02 -0.06 -0.25
201 546 282 176 151 -0.07 0.04 0.04 0.07 0.02 0.06
202 556 276 172 169 -0.08 0.07 0.02 0.13 0.13 0.08
203 619 270 158 159 -0.08 0.08 0.0 0.22 0.16 0.0
204 565 281 157 160 -0.07 0.1 -0.01 0.0 0.2 0.03
205 519 266 155 140 -0.07 0.1 -0.01 0.02 0.2 0.03
206 445 256 148 133 -0.06 0.07 -0.02 0.01 0.2 -0.01
207 490 282 161 161 -0.04 0.05 -0.02 0.09 0.09 0.03
208 422 291 160 165 -0.01 0.03 -0.03 0.0 0.03 0.13
209 433 274 151 153 0.01 0.01 -0.02 -0.06 0.05 0.14
210 416 264 154 142 0.04 0.01 -0.02 -0.01 0.15 0.04
211 434 257 156 143 0.08 -0.01 -0.01 0.02 0.2 0.04
212 450 252 151 130 0.09 -0.03 -0.01 0.14 0.25 -0.01
213 457 273 142 139 0.11 -0.03 -0.03 0.18 0.17 0.03
214 460 272 144 156 0.12 -0.0 -0.05 0.13 0.25 -0.11
215 476 275 158 142 0.12 0.01 -0.06 -0.01 0.29 -0.23
216 467 285 156 168 0.11 0.02 -0.05 -0.15 0.26 -0.34
217 423 265 153 145 0.09 0.02 -0.02 -0.32 0.2 -0.46
218 438 297 149 125 0.07 0.02 0.01 -0.34 0.16 -0.42
219 422 291 142 115 0.05 -0.0 0.04 -0.26 0.07 -0.41
220 417 286 141 116 0.03 -0.02 0.06 -0.14 0.06 -0.38
221 446 297 156 132 0.03 -0.03 0.06 0.04 0.13 -0.44
222 489 306 149 109 0.01 0.01 0.03 0.03 0.17 -0.36
223 426 294 160 109 -0.01 0.04 0.01 0.03 0.22 -0.41
224 493 308 162 169 -0.01 0.04 -0.0 0.02 0.23 -0.4
225 524 288 167 178 -0.03 0.02 -0.02 0.03 0.17 -0.28
226 498 280 153 161 -0.04 0.02 -0.0 -0.04 0.11 -0.16
227 562 279 172 148 -0.05 0.02 0.0 -0.14 0.07 -0.08
228 550 292 182 174 -0.03 0.01 0.01 -0.1 0.11 0.08
229 485 285 198 148 -0.03 0.01 0.02 -0.05 0.11 -0.02
230 487 304 189 174 -0.03 0.02 0.02 -0.02 0.15 0.0
231 453 288 180 157 -0.04 0.04 0.01 0.0 0.22 -0.01
232 453 282 188 194 -0.05 0.04 0.0 0.06 0.25 -0.17
233 485 273 191 177 -0.04 0.04 0.01 0.01 0.19 -0.09
234 461 262 178 158 -0.02 0.01 0.01 0.03 0.21 -0.01
235 451 275 171 138 0.0 -0.0 0.01 0.0 0.24 0.03
236 425 260 163 135 0.01 -0.01 0.01 0.01 0.26 0.02
237 401 267 154 123 0.02 0.0 -0.01 0.01 0.23 -0.1
238 394 253 143 113 0.03 -0.0 -0.02 0.03 0.2 -0.11
239 410 280 144 144 0.03 -0.01 -0.01 0.01 0.15 -0.17
240 379 267 142 121 0.03 -0.02 -0.01 -0.06 0.09 -0.12
241 337 259 135 101 0.04 -0.04 0.01 -0.05 0.03 -0.06
242 384 287 121 128 0.04 -0.04 0.01 0.01 -0.02 -0.05
243 386 268 121 116 0.04 -0.04 0.01 0.07 -0.01 -0.12
244 336 273 119 113 0.05 -0.07 -0.01 0.1 0.02 -0.19
245 312 244 116 98 0.05 -0.08 -0.01 0.13 0.01 -0.22
246 248 238 114 83 0.04 -0.09 -0.03 0.1 -0.07 -0.34
247 207 238 109 71 0.04 -0.09 -0.04 0.08 -0.15 -0.38
248 186 231 107 64 0.04 -0.07 -0.04 0.04 -0.24 -0.42
249 153 230 120 59 0.05 -0.13 -0.04 -0.17 -0.46 -0.8
250 130 226 122 52 0.11 -0.29 -0.03 -0.24 -0.51 -0.67
251 105 237 122 50 0.1 -0.32 -0.03 -0.24 -0.59 -0.18
252 92 227 116 46 0.02 -0.36 -0.04 -0.57 -0.84 -0.1
253 85 244 113 46 -0.06 -0.38 -0.02 -0.75 -1.06 -0.39
254 90 261 123 47 -0.11 -0.36 0.01 -0.91 -1.16 -0.46
255 83 330 144 49 -0.19 -0.29 0.07 -1.13 -1.28 -0.44
256 78 294 185 50 -0.25 -0.19 0.19 -1.49 -1.65 -0.74
257 94 385 286 65 -0.27 -0.1 0.27 -1.55 -1.68 -0.96
258 109 511 412 87 -0.38 0.18 0.49 -1.94 -1.08 -1.4
259 102 513 380 80 -0.47 0.65 0.74 -1.23 -1.1 -0.92
260 142 589 365 98 -0.5 0.94 0.87 -0.68 -0.9 -0.7
261 121 583 332 82 -0.76 1.18 1.06 -1.27 -0.81 -1.01
262 103 497 311 70 -0.93 0.77 1.07 -1.15 -1.18 -1.56
263 88 426 267 60 -0.98 0.3 1.06 -0.81 -1.62 -0.82
264 75 369 237 53 -1.18 0.35 1.01 0.97 0.17 -1.43
265 62 316 204 53 -1.34 0.61 0.93 -0.22 -1.03 -0.84
266 56 293 176 50 -1.5 1.18 0.88 0.26 -0.62 -0.21
267 58 258 152 52 -1.54 1.28 0.81 -0.12 -0.34 -2.08
268 59 235 133 46 -1.5 1.09 0.82 -0.25 -0.1 -1.61
269 57 209 118 41 -1.56 0.78 0.93 -0.46 0.17 -1.21
270 49 191 108 39 -1.6 0.61 0.94 -0.05 0.13 -0.21
271 47 192 102 41 -1.65 0.73 0.94 0.17 0.1 -0.08
272 49 175 104 51 -1.71 1.19 0.91 0.83 0.32 0.06
273 51 159 100 45 -1.81 1.68 0.91 0.95 0.56 -0.53
274 45 175 92 44 -1.85 1.86 0.92 1.59 0.59 -0.58
275 44 185 87 43 -1.96 2.13 0.88 1.65 0.64 -0.55
276 51 186 85 40 -2.05 2.2 0.79 2.42 0.36 -1.12
277 50 161 82 40 -2.06 2.09 0.64 0.06 0.32 -0.65
278 52 149 83 39 -2.12 1.38 0.64 0.38 -0.14 -0.1
279 46 140 81 43 -1.9 0.75 0.25 0.26 -0.17 0.96
280 42 137 82 47 -1.76 0.51 0.03 0.72 0.08 1.14
281 44 133 81 42 -1.6 0.33 -0.13 1.43 0.0 1.65
282 41 131 80 38 -1.49 0.35 -0.06 0.54 -0.09 2.37
283 37 129 78 35 -1.38 0.33 -0.04 -0.09 -0.11 1.89
284 36 129 77 32 -1.14 0.29 -0.07 0.0 -0.03 1.36
285 33 127 76 30 -0.96 0.28 -0.15 0.13 0.41 -0.02
286 30 128 74 29 -0.91 0.45 -0.1 -2.9 0.1 0.44
287 27 127 73 27 -0.3 0.42 -0.26 -3.25 -0.99 12.45
288 25 125 73 27 1.19 0.77 -0.3 4.53 3.13 -1.29
289 23 119 81 27 0.31 0.12 -0.32 -0.28 0.18 -2.56
290 22 117 77 25 0.81 0.39 -0.35 -0.28 0.0 0.26
291 20 118 73 25 0.68 0.71 -0.47 -0.51 0.86 0.8
292 19 118 71 25 0.5 0.69 -0.48 -1.03 0.46 -0.13
293 18 114 70 24 0.45 0.31 -0.39 -0.95 0.39 -0.17
294 18 110 67 24 0.38 -0.1 -0.19 -0.37 0.05 -0.01
295 18 105 64 24 0.39 -0.21 -0.15 -0.02 0.06 -0.06
296 17 101 63 23 0.34 -0.29 -0.12 0.05 0.06 0.04
297 18 99 62 24 0.26 -0.26 -0.12 0.6 0.24 0.08
298 16 95 61 24 0.21 -0.2 -0.1 0.65 0.08 -0.03
299 17 92 62 24 0.16 -0.09 -0.06 0.62 0.07 0.04
300 16 88 60 24 0.11 0.0 -0.05 0.41 0.26 0.05
301 17 86 60 23 0.09 0.04 -0.05 0.09 0.26 0.06
302 17 83 58 24 0.05 0.06 -0.04 0.03 0.24 0.08
303 16 81 58 24 0.03 0.06 -0.04 0.01 0.26 -0.01
304 16 80 59 23 0.01 0.05 -0.03 -0.02 0.2 -0.02
305 16 78 59 24 0.01 0.03 -0.03 -0.07 0.2 0.0
306 16 77 58 23 0.02 -0.0 -0.02 0.01 0.22 -0.03
307 16 76 55 24 0.02 -0.02 -0.02 0.08 0.22 0.0
308 16 74 54 25 0.02 -0.03 -0.01 0.12 0.22 -0.02
309 16 73 53 25 0.02 -0.02 -0.02 0.04 0.17 -0.04
310 16 71 57 25 0.02 -0.01 -0.03 0.06 0.16 0.0
311 16 70 54 25 0.02 -0.0 -0.03 0.05 0.19 -0.01
312 16 68 53 25 0.03 -0.0 -0.04 -0.02 0.18 -0.06
313 18 68 54 24 0.04 -0.01 -0.04 0.06 0.22 -0.01
314 16 68 55 24 0.04 -0.02 -0.03 0.08 0.21 0.01
315 17 68 54 24 0.03 -0.03 -0.03 0.1 0.21 0.01
316 16 68 54 24 0.03 -0.02 -0.03 0.05 0.23 0.01
317 16 70 52 24 0.02 -0.01 -0.02 0.09 0.21 0.0
-100 -100 -100 -100 -100 -100 -100 -100 -100 -100 -100
318 16 72 54 24 -0.0 -0.01 -0.01 0.09 0.19 -0.01
319 16 75 55 24 -0.01 -0.0 -0.01 0.09 0.15 0.0
320 16 76 55 24 -0.02 0.0 -0.01 0.07 0.12 0.0
321 16 79 54 24 -0.02 0.01 0.0 0.06 0.12 -0.02
322 16 83 54 23 -0.02 0.02 0.0 -0.01 0.13 -0.04
323 16 85 56 24 -0.01 0.01 0.01 -0.01 0.14 -0.04
324 16 85 57 24 -0.01 0.0 0.01 0.0 0.15 0.0
325 17 87 55 23 -0.01 0.0 0.0 0.03 0.14 -0.03
326 16 87 54 23 0.0 0.0 -0.01 0.02 0.16 0.0
327 15 88 55 25 0.01 0.0 -0.01 0.01 0.16 -0.03
328 16 89 59 24 0.01 0.01 -0.02 -0.01 0.17 -0.02
329 17 89 56 24 0.01 0.0 -0.02 0.0 0.19 -0.02
330 16 90 54 24 0.02 -0.01 -0.02 0.0 0.18 -0.03
331 16 92 53 24 0.02 -0.01 -0.01 0.06 0.16 -0.02
332 16 94 56 23 0.02 -0.01 -0.01 0.08 0.17 -0.03
333 16 98 57 23 0.02 -0.01 -0.02 0.08 0.14 -0.02
334 16 107 56 23 0.02 0.0 -0.02 0.0 0.14 0.0
335 16 106 59 23 0.02 0.01 -0.02 -0.02 0.15 -0.03
336 16 107 60 23 0.02 -0.0 -0.02 -0.01 0.13 -0.05
337 16 111 60 24 0.03 -0.01 -0.02 0.04 0.13 -0.04
338 16 109 58 24 0.03 -0.02 -0.01 0.02 0.13 -0.01
339 16 109 57 23 0.03 -0.02 -0.01 0.03 0.19 -0.03
340 16 108 57 23 0.03 -0.02 -0.01 0.0 0.15 0.0
341 16 106 57 23 0.02 -0.02 -0.02 0.0 0.18 0.0
342 15 112 58 23 0.02 -0.02 -0.02 0.01 0.18 -0.03
343 16 112 59 23 0.01 -0.03 -0.02 0.03 0.15 -0.01
344 16 112 59 23 0.02 -0.03 -0.03 0.03 0.16 -0.01
345 16 110 58 23 0.02 -0.02 -0.02 0.07 0.12 -0.03
346 16 106 57 23 0.02 -0.02 -0.02 0.05 0.12 -0.01
347 16 113 56 23 0.01 -0.01 -0.01 0.01 0.13 -0.04
348 16 111 58 23 0.01 -0.01 -0.01 0.02 0.14 -0.03
349 17 108 55 24 0.01 -0.01 -0.01 0.04 0.14 -0.02
350 16 103 59 23 0.01 -0.01 -0.01 0.02 0.13 0.0
351 16 100 57 23 0.0 -0.01 -0.01 0.0 0.13 -0.05
352 16 100 60 24 0.01 -0.01 -0.01 0.0 0.09 -0.05
353 17 100 60 23 0.0 -0.03 -0.0 -0.04 0.08 -0.05
354 19 108 59 23 0.0 -0.1 0.02 -0.16 0.12 -0.05
355 17 109 61 23 -0.0 -0.16 0.03 -0.12 0.16 -0.02
356 16 104 59 23 -0.01 -0.24 0.05 0.04 0.19 -0.01
357 16 102 61 23 -0.02 -0.23 0.06 0.12 0.16 -0.02
-200 -200 -200 -200 -200 -200 -200 -200 -200 -200 -200
358 17 102 60 22 -0.02 -0.21 0.06 0.15 0.16 -0.02
359 16 100 58 23 -0.01 -0.15 0.04 0.16 0.15 -0.01
360 16 97 60 23 -0.01 -0.07 0.02 0.09 0.2 -0.06
361 16 96 62 23 -0.01 -0.04 -0.0 0.03 0.2 -0.04
362 17 93 61 24 -0.01 -0.02 -0.02 -0.07 0.13 -0.04
363 16 91 59 22 -0.0 -0.03 -0.03 -0.07 0.13 -0.04
364 18 91 57 23 0.0 -0.05 -0.02 -0.04 0.14 -0.03
365 16 91 57 23 0.01 -0.06 -0.02 0.0 0.13 -0.01
366 16 91 57 23 0.01 -0.05 -0.02 0.07 0.1 -0.03
367 16 90 56 23 0.02 -0.04 -0.02 0.07 0.09 0.0
368 18 90 58 23 0.02 -0.02 -0.02 0.08 0.14 -0.01
369 16 95 58 23 0.02 -0.0 -0.03 0.02 0.14 -0.03
370 17 99 56 23 0.02 -0.0 -0.03 0.01 0.15 -0.03
371 20 108 55 23 0.02 -0.0 -0.03 0.06 0.17 0.0
372 24 118 54 23 0.01 -0.0 -0.01 0.05 0.15 -0.01
373 69 151 54 24 0.0 -0.0 -0.01 0.06 0.14 0.0
374 100 176 54 33 0.01 -0.02 -0.0 0.09 0.09 0.02
375 101 210 54 47 0.03 -0.05 -0.02 -0.3 0.08 0.02
376 102 235 54 57 0.04 -0.11 -0.03 0.0 0.18 0.08
377 101 270 54 76 0.03 -0.26 -0.01 0.47 0.41 0.33
378 110 323 57 103 -0.14 -0.47 0.04 1.49 0.36 0.53
379 127 331 57 87 -0.2 -0.48 0.03 2.02 0.27 0.63
380 118 374 57 79 -0.14 -0.09 -0.03 1.07 0.41 1.55
381 104 353 59 77 -0.16 0.16 -0.07 -0.41 0.56 2.78
382 98 387 63 76 -0.1 0.21 -0.09 -0.36 0.24 4.37
383 94 489 69 66 0.47 -0.47 -0.42 2.49 0.7 5.48
384 88 534 81 57 1.47 -1.82 -0.42 0.18 0.98 5.33
385 130 497 102 52 1.75 -1.71 -0.46 2.76 1.67 5.12
386 146 541 104 51 2.25 -0.46 -0.65 1.74 1.65 4.83
387 146 614 104 51 2.49 0.19 -0.75 0.06 1.34 4.21
388 163 565 104 44 2.61 0.2 -0.76 -0.16 1.27 3.71
389 143 529 134 42 2.84 -0.37 -0.76 -0.96 1.06 2.01
390 147 504 128 37 2.94 -1.38 -0.69 -0.27 0.68 1.09
391 161 535 123 35 2.93 -1.73 -0.69 -0.27 0.4 0.9
392 156 508 111 33 2.82 -1.83 -0.65 -0.51 0.02 -0.27
393 162 514 108 33 2.75 -1.69 -0.7 -0.75 -0.33 -0.96
394 191 464 114 31 2.56 -1.34 -0.65 -0.97 -0.46 -1.27
395 232 445 109 30 2.43 -1.19 -0.55 -1.36 -1.07 -1.53
396 200 433 122 38 2.38 -1.2 -0.53 -1.02 -0.88 -1.76
397 183 456 138 36 2.21 -1.21 -0.46 -1.17 -0.99 -1.87
398 190 462 147 34 2.0 -0.96 -0.42 -1.55 -1.32 -2.08
399 213 448 140 36 1.92 -0.91 -0.31 -1.1 -1.22 -2.06
400 236 460 148 37 1.68 -0.81 -0.24 -1.06 -1.22 -1.95
401 265 437 141 45 1.43 -0.67 -0.12 -0.87 -1.24 -2.37
402 285 427 145 57 1.31 -0.62 -0.09 -0.8 -1.28 -2.41
403 276 413 157 56 1.12 -0.69 0.01 0.02 -1.26 -2.49
404 267 374 154 54 0.9 -0.63 0.09 -0.5 -1.38 -1.85
405 251 461 154 65 0.76 -0.57 0.15 -0.72 -1.27 -1.47
406 331 471 146 96 0.53 -0.47 0.15 -0.76 -1.39 -1.59
407 317 702 141 92 0.32 -0.4 0.14 -0.21 -1.16 -1.93
408 329 682 139 83 0.23 -0.38 0.17 0.16 -1.57 -1.83
409 304 598 135 92 0.09 -0.36 0.15 0.07 -1.69 -1.41
410 336 557 134 85 0.01 -0.41 0.09 0.12 -1.47 -0.77
411 325 673 171 96 -0.02 -0.39 0.07 -0.08 -1.42 -0.9
412 331 650 180 87 -0.08 -0.29 0.04 -0.11 -1.32 -0.91
413 347 753 177 131 -0.14 -0.31 0.0 -0.02 -1.05 -0.58
414 343 884 187 126 -0.16 -0.35 -0.01 0.12 -0.97 -0.6
415 357 769 182 155 -0.2 -0.34 -0.04 0.0 -1.0 -0.39
416 329 715 182 160 -0.19 -0.31 -0.07 -0.17 -0.73 -0.02
417 342 629 211 142 -0.2 -0.29 -0.09 -0.2 -0.57 0.01
418 311 565 234 122 -0.19 -0.2 -0.12 -0.25 -0.55 -0.01
419 305 530 267 103 -0.19 -0.12 -0.11 -0.56 -0.47 0.49
420 377 558 228 116 -0.18 -0.09 -0.1 -0.67 -0.29 0.42
421 372 508 209 138 -0.17 -0.11 -0.05 -0.69 -0.2 0.46
422 362 487 215 125 -0.15 -0.12 -0.0 -0.24 -0.16 0.14
423 400 451 198 112 -0.13 -0.14 0.03 -0.44 -0.02 0.34
424 382 440 200 113 -0.09 -0.11 0.04 -0.34 0.07 0.31
425 339 444 189 95 -0.09 0.02 0.02 -0.27 0.15 0.08
426 374 444 186 102 -0.08 0.04 0.02 -0.08 0.24 -0.13
427 360 477 196 87 -0.06 0.05 0.04 -0.1 0.15 -0.12
428 360 516 191 87 -0.04 0.02 0.07 -0.08 0.11 0.06
429 409 477 195 84 -0.03 0.02 0.08 -0.18 0.24 0.05
430 388 445 192 95 -0.02 0.05 0.08 -0.18 0.26 -0.06
431 375 457 173 111 -0.01 0.03 0.08 0.0 0.36 0.11
432 379 429 192 91 -0.01 0.02 0.08 0.23 0.25 -0.02
433 385 429 211 87 0.01 0.02 0.08 0.24 0.1 0.18
434 364 404 209 93 0.04 0.02 0.05 0.13 0.14 0.27
435 391 408 211 85 0.06 0.01 0.03 -0.11 0.12 0.0
436 410 434 199 83 0.08 -0.01 -0.01 -0.11 0.1 0.07
437 398 435 192 82 0.09 0.01 -0.03 -0.05 0.0 -0.13
438 364 404 185 77 0.09 0.01 -0.03 -0.11 -0.14 -0.18
439 347 383 176 65 0.09 0.02 -0.01 0.04 -0.08 -0.13
440 412 354 173 78 0.09 0.03 0.01 -0.04 -0.04 -0.21
441 439 333 175 79 0.09 0.03 0.01 -0.11 -0.04 -0.37
442 421 344 184 70 0.03 -0.02 0.04 -0.03 0.0 -0.42
443 457 344 184 66 0.0 -0.03 0.05 0.0 -0.06 -0.25
444 434 361 186 64 -0.01 -0.03 0.03 0.01 -0.04 -0.15
445 441 341 199 65 -0.01 -0.0 0.0 0.06 -0.06 -0.15
446 405 345 200 61 -0.01 0.0 -0.01 0.0 -0.07 -0.21
447 374 364 183 77 -0.01 -0.01 -0.01 -0.05 0.0 -0.15
448 378 405 185 86 -0.02 -0.03 -0.02 -0.16 -0.03 -0.2
449 381 394 169 96 -0.03 -0.05 0.0 -0.01 0.03 -0.25
450 379 347 160 86 -0.03 -0.07 0.0 0.05 0.03 -0.17
451 344 336 181 77 -0.03 -0.04 0.01 0.03 0.01 -0.11
452 341 314 177 93 -0.02 -0.05 0.02 -0.07 0.01 0.1
453 365 398 176 87 -0.01 -0.07 0.02 -0.04 0.06 0.05
454 427 369 166 80 0.0 -0.05 0.02 -0.02 0.07 -0.07
455 396 372 186 83 0.0 -0.04 0.02 -0.03 0.06 -0.11
456 383 369 175 108 -0.0 -0.04 0.01 0.04 0.18 -0.2
457 355 387 173 101 -0.0 -0.03 0.0 -0.01 0.22 -0.13
458 344 354 162 92 -0.01 -0.03 -0.0 -0.1 0.18 -0.07
459 347 346 166 85 -0.02 -0.04 0.0 -0.23 0.19 -0.02
460 324 322 149 90 -0.03 -0.08 0.04 -0.21 0.2 -0.1
461 364 347 144 80 -0.05 -0.09 0.07 -0.05 0.12 -0.1
462 321 332 145 71 -0.07 -0.06 0.07 0.11 0.0 -0.24
463 320 314 150 85 -0.07 -0.05 0.04 0.13 -0.09 -0.05
464 333 302 144 87 -0.06 0.02 0.0 0.09 -0.03 -0.04
465 316 303 156 82 -0.06 0.04 -0.01 0.09 0.05 -0.23
466 294 298 167 80 -0.06 0.07 -0.03 0.06 0.06 -0.32
467 406 305 156 102 -0.06 0.09 -0.04 0.1 0.01 -0.29
468 368 316 148 107 -0.07 0.1 -0.05 -0.08 -0.06 -0.35
469 371 304 143 95 -0.08 0.11 -0.04 -0.03 -0.03 -0.31
470 341 309 136 92 -0.08 0.06 -0.02 -0.29 -0.08 0.04
471 299 298 130 105 -0.08 0.02 -0.01 -0.26 0.0 0.03
472 302 340 135 96 -0.07 -0.03 0.02 -0.21 0.0 0.12
473 276 321 158 84 -0.04 -0.02 0.04 -0.2 0.08 0.1
474 252 329 159 84 -0.03 -0.02 0.04 -0.09 0.17 0.01
475 242 322 149 77 -0.01 -0.02 0.05 -0.05 0.16 -0.02
476 214 302 149 71 -0.02 -0.0 0.04 0.0 0.04 -0.2
477 212 295 146 62 -0.02 0.0 0.04 0.13 0.05 -0.23
478 190 270 152 54 -0.03 0.0 0.03 0.13 -0.1 -0.16
479 169 253 146 47 -0.05 0.01 0.01 0.13 -0.3 -0.24
480 138 228 136 48 -0.07 0.01 0.01 0.05 -0.41 -0.21
481 117 221 123 42 -0.12 0.04 -0.0 -0.09 -0.61 -0.33
482 98 207 126 39 -0.22 0.06 -0.0 -0.45 -1.01 -0.29
483 82 198 110 35 -0.3 0.08 0.01 -0.46 -1.17 -0.3
484 77 187 106 32 -0.51 0.17 0.01 -0.74 -1.82 -0.71
485 72 183 97 31 -0.76 0.53 0.0 -0.53 -2.16 -1.21
486 62 168 97 29 -0.85 0.93 0.0 -0.4 -2.55 -1.78
487 62 159 103 28 -0.94 1.92 0.0 -0.14 -2.32 -2.5
488 65 148 99 27 -1.13 2.66 -0.0 0.06 -2.07 -2.6
489 71 152 98 27 -1.25 2.85 -0.02 0.1 -1.92 -2.58
490 73 159 90 26 -1.52 2.96 -0.06 0.21 -1.79 -2.51
491 107 219 86 26 -1.83 3.01 -0.13 -0.1 -1.59 -1.89
492 102 224 87 26 -1.97 3.07 -0.17 0.4 -1.24 -1.51
493 114 287 86 25 -2.1 3.29 -0.24 0.06 -1.24 -1.47
494 108 298 91 25 -2.16 3.34 -0.28 0.04 -0.89 -1.47
495 113 280 89 24 -2.16 3.36 -0.29 0.11 -0.91 -1.23
496 102 283 84 24 -2.09 2.82 -0.3 -1.83 -1.44 -0.35
497 101 262 79 39 -2.02 1.96 -0.22 -2.17 -0.56 0.48
498 100 250 78 63 -2.03 1.49 -0.23 -1.68 -0.74 2.14
499 99 259 72 86 -1.86 1.42 -0.12 -1.76 0.82 0.17
500 101 258 71 102 -1.8 1.75 -0.04 -0.55 0.39 -0.94
501 101 224 68 85 -1.84 1.87 0.02 -0.54 0.78 -0.99
502 89 202 64 71 -1.83 1.59 0.37 -1.28 0.64 -0.51
503 82 187 62 61 -1.69 0.94 0.35 -2.52 1.17 0.54
504 73 178 60 54 -1.63 0.56 0.28 -1.85 1.34 1.05
505 71 169 59 47 -1.58 0.06 0.22 -0.46 1.42 2.58
506 68 166 57 49 -1.56 -0.27 0.27 -0.01 1.7 2.68
507 75 158 62 43 -1.58 -0.32 0.23 1.2 1.58 1.36
508 75 147 61 38 -1.62 -0.29 0.12 0.71 1.63 0.89
509 63 142 59 35 -1.69 -0.32 0.14 1.14 0.98 0.21
510 58 137 56 32 -1.67 -0.4 0.06 0.58 0.93 -0.11
511 50 131 54 31 -1.6 -0.78 -0.1 1.06 0.19 -0.87
512 43 130 53 29 -1.48 -1.2 -0.26 1.22 0.1 -1.63
513 37 129 54 28 -1.47 -1.32 -0.35 1.32 0.23 -2.12
514 42 134 58 32 -1.28 -1.16 -0.64 -20.42 -8.85 24.26
515 36 128 56 37 0.56 -3.61 0.49 1.06 7.57 1.67
516 31 119 74 33 -0.25 -4.08 0.17 5.65 -1.27 -3.47
517 28 114 69 32 1.31 -0.63 -0.14 2.66 -0.43 0.3
518 26 116 67 30 0.75 0.11 -0.28 0.81 0.32 0.79
519 23 118 66 29 0.49 0.07 -0.33 1.52 0.51 0.57
520 22 119 63 28 0.17 0.15 -0.35 1.34 0.37 0.19
521 21 116 67 27 0.14 0.22 -0.21 0.56 -0.03 0.14
522 19 112 68 26 0.15 0.22 -0.15 0.3 -0.04 -0.03
523 18 108 70 26 0.12 0.16 -0.09 -0.58 0.2 0.1
524 18 104 66 25 0.08 0.08 -0.06 -0.36 0.4 0.3
525 17 101 66 24 0.02 0.05 -0.02 -0.38 0.29 0.16
526 17 98 64 24 -0.03 -0.04 0.05 0.06 0.26 -0.01
527 17 94 67 24 -0.06 -0.08 0.06 0.33 0.13 0.0
528 17 89 74 24 -0.04 -0.06 0.06 0.33 0.22 -0.05
529 17 85 74 24 -0.03 0.02 0.02 0.16 0.2 0.03
530 16 83 72 21 -0.01 0.04 -0.01 -0.17 0.22 -0.02
531 17 80 68 23 -0.01 0.04 -0.03 -0.28 0.21 -0.12
-100 -100 -100 -100 -100 -100 -100 -100 -100 -100 -100
532 16 78 69 24 -0.0 -0.02 -0.05 -0.2 0.16 0.01
533 17 75 68 24 0.01 -0.07 -0.04 -0.05 0.12 -0.01
534 16 71 73 24 0.01 -0.07 -0.03 0.03 0.08 -0.02
535 16 71 71 24 0.02 -0.06 -0.03 0.16 0.11 0.02
536 16 70 68 23 0.02 -0.03 -0.02 0.15 0.09 0.0
537 16 68 72 23 0.02 -0.02 -0.01 0.04 0.09 0.0
538 16 68 71 24 0.01 -0.02 -0.01 0.04 0.12 -0.01
539 16 67 76 23 -0.01 -0.01 -0.01 0.02 0.12 0.01
540 13 67 72 24 -0.01 -0.01 -0.02 -0.02 0.12 0.03
541 16 67 68 23 -0.01 -0.02 -0.02 -0.03 0.14 -0.02
542 16 69 68 23 -0.01 -0.02 -0.01 0.01 0.15 -0.03
543 16 74 70 23 -0.0 -0.04 -0.01 0.04 0.14 -0.02
544 16 75 73 23 0.01 -0.03 -0.01 0.07 0.14 -0.01
545 18 75 72 24 0.03 -0.01 -0.03 -0.02 0.12 -0.02
546 18 75 68 23 0.04 -0.01 -0.04 -0.12 0.13 0.02
547 24 79 69 23 0.04 -0.04 -0.06 -0.16 0.15 -0.06
548 26 79 67 23 0.05 -0.07 -0.06 -0.09 0.1 -0.05
549 58 81 72 23 0.05 -0.08 -0.06 -0.02 0.09 0.0
550 55 78 75 24 0.05 -0.09 -0.04 0.09 0.04 -0.03
551 73 77 82 23 0.05 -0.09 -0.04 0.2 0.08 0.05
552 65 78 88 24 0.04 -0.06 -0.01 0.21 0.13 0.08
553 54 77 90 23 0.02 -0.03 -0.0 0.16 0.18 0.06
554 48 79 91 24 -0.0 0.0 -0.0 0.18 0.23 0.15
555 45 80 86 24 -0.01 0.03 0.0 0.1 0.25 0.11
556 40 79 92 25 -0.03 0.05 0.01 0.0 0.15 -0.04
557 35 79 90 25 -0.03 0.05 0.01 -0.05 0.11 -0.05
558 35 81 91 24 -0.03 0.05 0.0 -0.06 0.1 -0.05
559 31 82 88 24 -0.02 0.03 -0.01 -0.05 0.06 -0.08
560 28 80 91 24 -0.01 0.01 0.0 0.01 0.04 -0.06
561 26 78 90 23 -0.0 -0.01 0.0 0.01 0.06 -0.04
562 30 77 87 23 0.0 -0.01 0.0 0.01 0.1 -0.01
563 30 77 92 23 0.0 -0.01 -0.0 0.01 0.13 0.0
564 27 77 92 23 0.0 0.0 -0.0 -0.01 0.13 0.01
565 25 78 89 23 0.0 -0.0 -0.01 -0.01 0.12 0.0
566 26 79 92 23 0.0 -0.0 -0.01 0.04 0.15 -0.02
567 25 82 87 23 0.0 -0.0 -0.01 0.0 0.14 -0.05
568 25 83 84 23 0.0 -0.01 -0.01 -0.02 0.11 -0.03
569 28 82 78 23 0.0 -0.02 -0.01 -0.05 0.1 -0.02
570 25 92 78 24 0.0 -0.04 -0.01 -0.03 0.08 -0.03
571 24 111 76 24 0.01 -0.05 -0.02 0.03 0.13 0.0
572 30 130 77 28 0.01 -0.05 -0.02 0.06 0.13 0.0
573 31 124 75 27 0.0 -0.05 -0.01 0.06 0.16 0.02
574 27 115 71 27 -0.0 -0.04 -0.01 0.11 0.12 0.04
575 26 115 79 27 -0.01 -0.04 -0.01 0.0 0.11 0.0
576 28 116 85 25 -0.02 -0.05 -0.0 -0.05 0.08 -0.04
577 39 112 98 27 -0.01 -0.06 0.0 -0.01 0.13 0.05
578 37 103 100 26 -0.01 -0.06 0.0 -0.01 0.11 0.09
579 36 98 94 25 -0.02 -0.05 -0.0 0.01 0.18 0.1
580 38 99 88 25 -0.02 -0.04 -0.01 -0.06 0.16 -0.02
-200 -200 -200 -200 -200 -200 -200 -200 -200 -200 -200
581 39 94 85 25 -0.02 -0.05 -0.02 -0.17 0.15 -0.03
582 52 92 90 24 -0.01 -0.04 -0.03 -0.12 0.14 -0.05
583 44 88 95 24 0.0 -0.05 -0.05 0.05 0.09 -0.04
584 38 86 92 24 0.01 -0.05 -0.05 0.06 0.1 0.0
585 38 85 86 24 0.02 -0.04 -0.04 0.09 0.11 0.0
586 33 85 98 24 0.02 -0.02 -0.03 0.09 0.1 -0.05
587 31 84 95 25 0.02 -0.01 -0.03 0.05 0.11 0.01
588 45 85 94 24 0.02 0.0 -0.03 0.03 0.11 0.02
589 41 83 91 21 0.0 0.0 -0.02 0.0 0.14 0.04
590 39 83 83 24 -0.01 -0.0 -0.01 0.07 0.13 0.02
591 36 83 85 24 -0.01 0.0 -0.01 0.06 0.15 0.0
592 34 80 79 26 -0.02 -0.0 0.0 0.01 0.14 0.0
593 39 82 83 27 -0.03 -0.01 0.0 0.02 0.13 0.0
594 42 93 77 27 -0.03 -0.01 0.01 0.0 0.11 -0.04
595 54 108 72 26 -0.02 -0.02 0.01 0.01 0.13 -0.01
596 66 145 72 38 -0.02 -0.02 0.02 0.01 0.16 0.0
597 76 229 68 41 -0.05 -0.03 0.01 0.06 0.16 0.01
598 87 239 66 42 -0.07 -0.07 0.02 0.15 0.17 0.0
599 150 259 67 80 -0.08 -0.09 0.01 0.07 0.14 0.09
600 158 280 68 96 -0.11 -0.15 0.01 -0.07 0.22 0.17
601 156 300 77 82 -0.17 -0.33 0.04 -0.13 0.23 0.53
602 167 383 75 105 -0.16 -0.37 0.04 -0.18 0.26 1.03
603 179 367 70 89 -0.05 -0.38 0.04 -0.08 0.46 2.5
604 182 335 68 87 -0.05 -1.0 0.12 0.02 0.82 3.34
605 184 351 67 77 -0.02 -1.11 0.07 -2.58 -1.1 4.13
606 187 383 89 67 0.93 -1.57 -0.4 1.44 1.68 4.64
607 179 425 102 60 1.29 -1.76 -0.44 1.7 1.15 4.51
608 168 415 97 53 1.61 -1.64 -0.53 1.43 1.03 4.67
609 151 487 92 46 2.08 -1.5 -0.68 0.85 1.29 4.52
610 152 493 99 42 2.44 -1.57 -0.77 0.7 1.46 2.92
611 143 471 98 38 2.53 -1.63 -0.81 0.77 1.25 2.55
612 141 457 106 40 2.74 -1.76 -0.87 0.6 0.87 1.74
613 130 448 115 40 2.81 -1.69 -0.86 0.15 0.69 0.76
614 175 441 109 37 2.83 -1.64 -0.89 0.06 0.49 0.62
615 281 417 122 38 2.76 -1.69 -0.84 -0.26 0.07 0.13
616 261 427 138 40 2.67 -1.66 -0.82 -0.61 0.1 -0.35
617 290 398 131 37 2.57 -1.59 -0.77 -1.03 -0.34 -0.62
618 324 364 120 42 2.39 -1.46 -0.64 -0.79 -0.46 -1.05
619 292 386 119 38 2.14 -1.25 -0.56 -1.04 -0.88 -1.49
620 285 353 117 41 2.05 -1.2 -0.52 -0.95 -0.73 -2.05
621 327 347 133 46 1.77 -1.02 -0.34 -0.73 -0.82 -2.32
622 448 351 150 47 1.49 -0.82 -0.33 -1.1 -1.15 -2.18
623 406 369 148 54 1.36 -0.76 -0.29 -0.84 -1.14 -2.11
624 455 365 146 52 1.14 -0.59 -0.21 -0.77 -1.68 -2.57
625 484 335 192 50 0.88 -0.41 -0.12 -0.92 -1.79 -2.22
626 502 315 175 60 0.73 -0.39 -0.05 -1.17 -1.69 -1.99
627 442 296 165 56 0.54 -0.41 -0.01 -1.28 -1.74 -1.35
628 495 330 174 87 0.35 -0.3 0.06 -1.12 -1.61 -1.75
629 527 318 218 104 0.26 -0.27 0.08 -0.9 -1.32 -1.8
630 570 353 245 146 0.07 -0.14 0.1 -0.13 -1.03 -2.33
631 640 351 254 213 -0.15 -0.05 0.12 -0.51 -1.04 -0.97
632 684 362 232 281 -0.21 -0.02 0.1 -0.6 -0.99 -0.71
633 717 364 239 284 -0.32 0.08 0.09 -0.63 -0.85 -0.47
634 726 352 281 252 -0.4 0.23 0.06 -0.54 -0.92 -0.56
635 755 347 264 248 -0.42 0.2 0.07 -0.51 -1.07 -0.48
636 748 353 242 236 -0.43 0.04 0.03 -0.28 -0.65 0.53
637 866 338 265 267 -0.47 0.1 -0.03 -0.75 -1.02 0.28
638 895 330 245 280 -0.43 0.04 -0.05 -0.77 -0.84 0.44
639 860 335 227 278 -0.36 -0.03 -0.07 -0.33 -0.75 -0.02
640 899 299 233 280 -0.31 -0.09 -0.01 -0.29 -0.86 -0.05
641 891 323 229 366 -0.27 -0.13 0.01 0.0 -0.73 0.07
642 864 321 241 334 -0.18 -0.1 -0.01 -0.23 -0.42 0.34
643 814 328 251 326 -0.14 -0.04 0.01 -0.3 -0.26 -0.22
644 799 329 261 338 -0.11 -0.04 0.03 -0.16 -0.18 -0.2
645 927 316 291 293 -0.14 -0.06 0.09 -0.5 -0.18 -0.02
646 853 313 281 277 -0.15 -0.07 0.16 -0.76 -0.02 0.47
647 889 346 275 314 -0.24 -0.04 0.19 -0.36 -0.05 -0.17
648 903 323 252 324 -0.16 -0.04 0.22 0.13 -0.01 -0.18
649 861 329 251 281 -0.12 -0.04 0.21 0.29 -0.03 0.17
650 913 340 278 278 -0.11 -0.01 0.18 0.29 0.02 0.06
651 865 349 267 308 -0.09 -0.01 0.09 0.03 0.19 0.43
652 797 338 258 288 -0.13 -0.02 -0.01 0.38 0.21 -0.22
653 739 317 254 253 -0.13 0.02 -0.05 0.37 0.11 -0.53
654 678 338 262 224 -0.09 0.06 -0.01 -0.12 0.09 0.45
655 695 360 250 232 -0.05 0.07 0.0 -0.49 0.0 0.81
656 696 346 246 266 -0.04 0.04 0.01 -0.44 0.08 0.79
657 660 325 265 229 -0.02 0.05 0.03 -0.1 -0.1 -0.28
658 714 337 270 214 0.02 0.04 0.08 -0.01 -0.03 0.3
659 784 315 287 231 0.04 0.02 0.09 0.02 0.02 0.4
660 753 292 286 208 0.06 -0.05 0.08 -0.01 0.14 0.38
661 742 302 259 186 0.07 -0.08 0.04 0.13 0.27 0.09
662 750 303 246 225 0.07 -0.07 0.03 0.13 0.32 -0.1
663 689 286 252 213 0.06 -0.08 0.03 0.05 0.32 -0.13
664 785 287 246 182 0.03 -0.04 0.05 -0.02 0.19 -0.13
665 743 268 228 174 0.03 -0.03 0.07 -0.06 0.04 -0.08
666 838 273 222 168 0.01 -0.05 0.08 0.0 0.02 -0.04
667 788 311 197 180 0.01 -0.05 0.06 -0.13 0.06 0.0
668 760 283 204 161 0.01 -0.04 0.04 -0.12 0.04 -0.27
669 712 276 196 172 0.02 -0.04 0.03 -0.18 0.0 -0.09
670 673 262 198 160 0.01 -0.04 0.02 -0.16 0.01 -0.1
671 626 260 211 165 0.0 -0.02 0.03 -0.16 -0.05 -0.09
672 635 254 217 155 0.01 0.02 0.02 -0.12 -0.04 -0.12
673 578 256 195 145 0.02 0.03 0.0 -0.08 -0.01 -0.24
674 544 251 190 136 0.02 0.01 0.0 -0.15 -0.07 -0.37
675 562 261 184 155 0.02 -0.01 0.0 0.0 0.07 -0.55
676 602 251 186 149 -0.0 0.01 0.0 -0.15 0.07 -0.45
677 572 253 197 137 -0.02 0.01 0.0 -0.04 0.13 -0.49
678 618 268 196 163 -0.06 0.06 -0.01 -0.26 0.12 -0.2
679 619 261 178 174 -0.07 0.06 0.01 -0.2 0.14 -0.1
680 614 292 176 202 -0.07 0.04 0.02 -0.14 0.1 -0.06
681 587 285 182 175 -0.05 0.03 0.04 -0.15 0.04 -0.01
682 546 276 185 155 -0.03 0.02 0.03 -0.1 0.09 0.06
683 568 265 173 152 -0.03 0.03 0.03 -0.18 0.14 0.03
684 544 257 165 139 -0.02 0.03 0.02 -0.19 0.13 -0.02
685 540 277 169 130 -0.02 0.02 0.02 -0.15 0.14 -0.04
686 545 272 168 129 -0.02 0.02 0.04 -0.09 0.12 -0.04
687 511 282 167 135 -0.0 0.02 0.05 -0.01 0.18 0.08
688 486 281 171 154 -0.01 0.03 0.05 0.04 0.24 0.01
689 446 266 197 136 -0.01 0.04 0.04 0.21 0.28 -0.09
690 525 268 192 133 -0.02 0.09 0.02 -0.02 0.16 -0.01
691 544 255 176 136 -0.02 0.12 0.0 -0.19 0.17 0.03
692 525 251 180 128 -0.02 0.12 0.01 -0.13 0.11 -0.05
693 512 235 192 112 -0.02 0.14 0.03 -0.26 0.16 -0.05
694 455 233 181 108 -0.0 0.06 0.05 -0.17 0.1 -0.18
695 370 217 175 95 -0.0 0.03 0.06 -0.09 0.1 -0.18
696 327 218 167 93 -0.01 -0.02 0.08 0.0 -0.08 -0.2
697 279 213 160 79 -0.01 -0.06 0.08 0.05 -0.21 -0.25
698 247 214 151 70 -0.01 -0.07 0.08 0.02 -0.35 -0.35
699 223 199 147 59 -0.04 -0.1 0.08 -0.04 -0.42 -0.26
700 196 214 160 54 -0.05 -0.13 0.07 -0.22 -0.62 -0.06
701 183 233 160 50 -0.09 -0.21 0.03 -0.31 -0.73 -0.04
702 174 274 142 54 -0.17 -0.21 -0.0 -0.45 -1.04 -0.06
703 161 282 135 51 -0.21 -0.18 -0.03 -0.59 -1.65 -0.75
704 167 283 141 46 -0.27 -0.18 -0.05 -0.64 -1.88 -1.04
705 164 305 134 41 -0.29 -0.24 0.02 -0.83 -2.0 -1.17
706 171 327 122 39 -0.38 -0.22 0.16 -0.92 -2.15 -1.33
707 168 317 122 40 -0.43 -0.21 0.23 -1.11 -2.13 -1.43
708 188 371 123 44 -0.55 -0.04 0.55 -0.88 -1.87 -1.76
709 181 359 130 45 -0.59 0.06 0.67 -0.98 -1.55 -1.9
710 177 345 132 44 -0.77 0.3 0.84 -1.04 -1.52 -1.62
711 175 361 126 64 -0.97 0.72 0.91 -0.41 -1.22 -0.87
712 179 423 117 57 -1.08 0.96 0.91 -1.23 -1.56 0.29
713 172 417 114 110 -1.19 1.36 0.89 -0.24 0.95 -0.16
714 165 399 108 154 -1.28 1.78 0.78 -1.22 -0.53 -1.72
715 147 434 110 209 -1.36 1.85 0.8 -1.34 -0.53 -0.95
716 153 420 107 186 -1.48 1.59 0.91 -0.92 -0.84 -0.11
717 149 379 97 152 -1.27 1.31 0.94 -0.79 0.07 -1.06
718 164 320 88 135 -1.34 1.2 0.95 -2.36 0.06 -0.17
719 161 279 81 127 -1.34 1.05 0.84 -1.11 0.5 -0.39
720 151 245 76 115 -1.4 1.42 0.75 -0.22 0.52 -1.06
721 141 220 74 104 -1.39 1.8 0.72 0.49 0.69 -1.44
722 135 193 79 88 -1.48 2.72 0.62 0.46 0.6 -1.22
723 139 176 78 77 -1.58 3.14 0.5 -0.25 0.88 -0.14
724 122 155 73 65 -1.53 2.99 0.3 -1.1 1.17 0.77
725 140 139 71 56 -1.51 2.29 0.32 0.18 0.6 1.38
726 134 132 73 49 -1.44 1.61 0.1 0.71 0.87 2.45
727 135 119 67 44 -1.45 1.36 -0.01 0.69 0.97 2.72
728 123 113 63 58 -1.44 0.95 -0.06 0.77 0.62 2.7
729 117 109 62 79 -1.25 0.76 -0.1 0.89 0.65 2.5
730 116 115 61 72 -1.14 0.69 -0.14 0.95 0.75 1.95
731 111 113 59 62 -0.93 0.5 -0.26 0.97 0.7 2.15
732 112 114 58 54 -0.79 -0.06 -0.35 0.27 0.61 2.03
733 106 114 58 47 -0.74 -0.3 -0.36 0.71 0.53 1.74
734 106 113 60 42 -0.65 -0.32 -0.38 0.84 0.66 1.39
735 107 116 58 38 -0.7 0.11 -0.38 0.6 0.8 1.25
736 96 118 55 34 -0.73 0.44 -0.44 -1.04 -0.63 14.84
737 87 119 58 32 0.21 0.82 -0.52 3.08 1.52 -0.92
738 79 120 70 31 0.29 0.87 -0.4 0.19 -0.08 -2.34
739 74 122 66 29 0.42 0.92 -0.4 -0.16 -0.21 0.08
740 69 124 62 28 0.36 0.79 -0.41 -0.42 0.06 0.45
741 63 124 59 27 0.19 0.53 -0.37 -0.6 0.15 0.24
742 55 121 59 27 0.21 0.36 -0.32 -0.86 -0.22 -0.05
743 48 117 63 32 0.3 0.07 -0.17 -0.71 -0.37 -0.07
744 43 113 69 30 0.34 -0.14 -0.1 -0.1 -0.28 -0.03
745 38 111 65 28 0.29 -0.16 -0.09 0.23 -0.17 0.15
746 35 109 63 27 0.21 -0.08 -0.07 0.34 -0.12 0.19
747 31 107 67 26 0.14 -0.02 -0.03 0.45 -0.05 0.08
748 26 104 65 26 0.13 0.01 -0.02 0.42 0.15 0.11
749 26 100 66 33 0.09 0.06 0.01 0.31 0.26 0.12
750 25 98 64 31 0.03 0.08 0.01 0.08 0.2 0.09
751 24 92 74 29 0.0 0.07 0.02 -0.02 0.2 0.07
752 23 89 73 29 -0.01 0.06 0.01 -0.06 0.16 0.03
753 22 86 71 27 -0.02 0.03 0.02 -0.17 0.12 -0.03
754 21 84 67 26 -0.01 0.01 0.02 -0.09 0.16 0.0
755 20 81 66 30 -0.0 -0.04 0.02 -0.03 0.15 -0.01
-100 -100 -100 -100 -100 -100 -100 -100 -100 -100 -100
756 21 80 63 29 -0.01 -0.05 0.01 0.04 0.11 0.01
757 20 77 74 27 -0.01 -0.05 0.01 0.05 0.08 0.0
758 19 74 74 27 -0.01 -0.02 -0.01 0.04 0.06 0.02
759 19 73 73 26 -0.01 -0.01 -0.03 -0.02 0.05 0.0
760 20 71 71 26 -0.01 -0.01 -0.03 -0.08 0.01 0.01
761 17 70 69 28 0.01 -0.03 -0.02 -0.02 0.02 0.03
762 17 69 71 27 0.01 -0.03 -0.01 0.1 0.06 0.01
763 17 70 67 26 0.01 -0.03 0.0 0.13 0.06 0.0
764 16 71 68 25 0.01 -0.0 -0.0 0.06 0.07 0.0
765 17 73 69 32 -0.01 -0.0 -0.01 -0.02 0.13 0.01
766 17 75 70 30 -0.02 -0.0 -0.01 -0.07 0.11 0.02
767 17 76 69 29 -0.03 -0.01 -0.01 -0.03 0.08 0.0
768 17 77 71 27 -0.04 -0.03 -0.01 0.02 0.07 0.0
769 17 78 68 26 -0.04 -0.04 -0.01 0.08 0.0 -0.01
770 16 79 67 26 -0.04 -0.03 0.0 0.07 -0.02 0.01
771 16 78 67 31 -0.02 -0.02 0.0 0.03 -0.01 0.0
772 16 81 69 29 -0.02 -0.01 0.0 -0.05 0.05 -0.02
773 16 83 68 28 -0.0 -0.01 0.0 -0.07 0.05 -0.01
774 16 84 64 27 0.01 -0.02 -0.01 -0.08 0.05 0.0
775 17 85 64 28 0.01 -0.04 -0.02 -0.05 0.1 -0.01
776 16 83 63 27 0.01 -0.06 -0.02 -0.05 0.12 0.0
777 16 84 63 25 0.01 -0.07 -0.02 0.06 0.08 0.02
778 16 87 64 25 0.01 -0.06 -0.02 0.08 0.06 0.01
779 16 86 66 25 0.0 -0.05 -0.01 0.07 0.07 0.01
780 17 87 71 32 -0.01 -0.03 -0.01 0.04 0.06 0.01
781 17 86 70 28 -0.01 -0.03 -0.0 0.0 0.05 -0.01
782 16 86 70 27 -0.01 -0.02 -0.01 -0.01 0.05 0.02
783 16 87 82 26 -0.01 -0.03 -0.01 -0.05 0.05 0.01
784 18 86 77 27 -0.01 -0.03 -0.0 0.0 0.08 0.01
785 17 87 76 30 -0.01 -0.04 0.0 0.04 0.05 0.03
786 18 87 71 29 -0.01 -0.03 0.0 0.02 0.04 0.0
787 17 89 72 27 -0.01 -0.04 -0.0 0.02 0.05 -0.01
788 17 90 71 27 -0.02 -0.03 -0.0 -0.02 0.07 0.0
789 19 89 72 34 -0.02 -0.03 -0.01 -0.05 0.06 0.01
790 19 86 69 31 -0.02 -0.04 -0.01 0.0 0.05 0.0
791 19 86 65 30 -0.02 -0.06 -0.0 -0.01 0.04 0.01
792 19 86 69 28 -0.03 -0.07 0.0 -0.04 0.03 0.0
793 20 87 67 32 -0.03 -0.08 0.0 0.01 0.07 -0.01
794 25 92 64 30 -0.04 -0.08 0.01 0.03 0.09 0.0
795 23 94 65 29 -0.05 -0.08 0.01 -0.04 0.05 0.01
796 21 89 68 28 -0.06 -0.09 0.01 -0.05 0.07 -0.01
797 20 86 67 26 -0.06 -0.1 0.01 -0.1 0.06 0.0
798 20 86 65 31 -0.05 -0.11 0.01 -0.08 0.05 -0.02
799 19 84 66 29 -0.04 -0.11 0.01 -0.05 0.05 -0.03
800 18 86 72 28 -0.03 -0.1 0.0 -0.02 0.06 -0.04
801 17 85 72 27 -0.0 -0.08 -0.01 -0.35 0.1 -0.13
802 19 87 76 26 0.02 -0.11 -0.02 -0.65 0.25 -0.05
803 18 91 72 26 0.01 -0.27 0.01 -0.28 0.26 0.14
804 18 91 75 26 -0.05 -0.37 0.04 0.3 0.07 0.05
805 20 91 78 27 -0.07 -0.35 0.06 0.52 0.03 0.01
-200 -200 -200 -200 -200 -200 -200 -200 -200 -200 -200
806 22 89 79 27 -0.08 -0.21 0.07 0.75 -0.03 -0.01
807 20 88 75 27 -0.07 -0.03 0.04 0.43 -0.13 -0.02
808 20 87 74 26 -0.06 0.02 0.03 0.34 -0.08 -0.06
809 18 88 76 28 -0.03 0.09 -0.01 -0.25 0.03 -0.07
810 18 88 71 27 0.0 0.05 -0.03 -0.35 0.08 -0.06
811 18 90 69 26 0.02 0.01 -0.04 -0.23 0.12 -0.06
812 18 91 67 26 0.05 -0.02 -0.06 -0.03 0.13 -0.04
813 18 92 71 25 0.07 -0.01 -0.07 0.03 0.09 -0.08
814 17 92 67 24 0.09 -0.01 -0.08 0.0 0.12 -0.05
815 17 92 72 29 0.09 -0.0 -0.07 -0.07 0.13 0.0
816 17 91 68 28 0.1 -0.01 -0.08 -0.08 0.1 0.04
817 15 96 66 27 0.09 -0.04 -0.07 -0.01 0.1 0.06
818 17 96 65 31 0.05 -0.06 -0.04 0.25 0.08 0.07
819 18 101 66 29 0.01 -0.05 -0.01 0.27 0.09 0.05
820 29 145 64 32 -0.01 -0.03 0.0 0.14 0.1 0.06
821 50 214 66 87 -0.05 -0.02 0.03 0.19 0.13 0.12
822 97 222 65 122 -0.05 -0.02 0.05 0.35 0.09 0.13
823 126 311 62 113 -0.09 0.01 0.08 0.28 0.03 0.06
824 128 320 66 123 -0.15 -0.0 0.1 -0.22 0.12 0.11
825 117 378 73 209 -0.19 -0.16 0.14 0.79 0.5 0.7
826 161 373 69 171 -0.06 -0.3 0.19 1.3 0.76 1.46
827 164 379 66 150 -0.04 -0.31 0.24 0.78 1.48 5.28
828 174 381 65 126 0.21 -0.6 0.22 -1.77 0.63 6.13
829 143 403 73 104 0.74 -1.03 -0.16 -1.57 0.29 5.9
830 162 398 86 89 1.45 -1.64 -0.27 1.76 1.62 6.13
831 142 429 99 75 1.8 -1.51 -0.33 1.64 1.79 6.39
832 163 433 91 66 2.32 -1.26 -0.55 1.39 2.05 5.78
833 211 488 89 58 2.63 -1.27 -0.67 1.07 1.57 4.38
834 186 493 103 52 2.77 -1.37 -0.69 0.82 1.33 1.61
835 209 433 115 45 2.94 -1.64 -0.65 0.66 1.07 1.14
836 211 409 113 41 2.94 -1.65 -0.6 0.16 1.08 0.81
837 269 403 112 37 2.82 -1.58 -0.56 -0.26 0.2 0.5
838 229 392 106 36 2.68 -1.59 -0.61 -0.55 0.15 0.17
839 261 406 107 35 2.49 -1.7 -0.57 -0.95 -0.22 -1.51
840 316 401 123 39 2.4 -1.81 -0.55 -0.64 -0.44 -2.31
841 400 389 125 36 2.16 -1.84 -0.56 -0.8 -0.65 -2.52
842 336 353 129 38 1.83 -1.69 -0.54 -0.71 -1.4 -2.17
843 379 363 133 59 1.7 -1.57 -0.5 -1.49 -1.48 -2.31
844 409 354 136 68 1.32 -1.34 -0.47 -1.52 -1.41 -2.46
845 430 362 153 70 1.01 -1.04 -0.4 -1.4 -1.69 -3.01
846 419 337 159 64 0.94 -0.93 -0.37 -1.02 -1.88 -2.41
847 518 317 177 108 0.75 -0.78 -0.34 -1.13 -1.86 -1.99
848 526 343 201 119 0.53 -0.62 -0.29 -1.63 -2.06 -1.87
849 589 319 221 121 0.38 -0.56 -0.26 -1.25 -2.02 -2.55
850 598 294 246 124 0.1 -0.47 -0.15 -0.66 -1.78 -2.81
851 573 288 260 128 -0.16 -0.3 -0.11 -1.08 -2.19 -2.11
852 636 308 311 181 -0.26 -0.16 -0.1 -1.23 -1.91 -0.86
853 745 341 286 240 -0.43 0.05 -0.07 -0.66 -2.0 -1.01
854 831 346 294 266 -0.64 0.25 0.04 -1.29 -1.79 -1.25
855 917 388 292 263 -0.69 0.27 0.12 -1.15 -1.83 -0.15
856 948 361 265 250 -0.72 0.11 0.25 -0.44 -1.64 -0.22
857 965 332 256 318 -0.67 -0.11 0.29 -0.53 -1.31 0.74
858 964 330 251 304 -0.63 -0.1 0.28 -0.36 -0.97 0.49
859 964 375 255 361 -0.56 -0.17 0.27 -0.4 -0.82 0.6
860 964 381 244 420 -0.53 -0.23 0.24 -0.27 -0.67 -0.33
861 964 372 242 378 -0.51 -0.27 0.27 -0.13 -0.5 0.18
862 964 411 260 373 -0.48 -0.21 0.3 -0.39 -0.67 0.14
863 964 447 279 502 -0.39 -0.19 0.28 -0.08 -0.52 0.62
864 965 433 288 471 -0.33 -0.16 0.25 -0.01 -0.18 0.6
865 965 401 279 422 -0.27 -0.07 0.2 -0.31 0.0 -0.19
866 964 383 263 382 -0.21 -0.02 0.2 -0.42 0.05 -0.15
867 964 367 248 350 -0.21 0.02 0.2 -0.33 -0.04 0.08
868 964 361 251 373 -0.2 0.08 0.16 -0.32 -0.2 -0.15
869 965 461 248 378 -0.11 0.02 0.11 -0.2 -0.04 0.28
870 874 429 238 385 -0.07 0.03 0.09 -0.15 -0.03 0.22
871 798 439 267 465 -0.01 0.03 0.07 -0.63 0.39 0.21
872 739 440 251 429 -0.03 0.01 0.08 -0.17 0.47 -0.47
873 673 408 228 375 -0.04 -0.01 0.09 0.22 0.07 -0.1
874 704 364 259 339 -0.04 -0.01 0.08 0.25 0.03 0.01
875 696 326 249 330 -0.02 0.03 -0.02 0.54 -0.07 0.25
876 620 388 228 398 0.01 0.04 -0.07 0.18 0.02 0.62
877 633 394 233 387 0.03 0.06 -0.17 0.24 0.07 -0.03
878 640 373 245 393 0.07 0.07 -0.18 -0.11 0.04 -0.11
879 633 343 245 352 0.08 0.06 -0.15 -0.17 0.0 0.0
880 665 332 225 317 0.06 0.06 -0.12 -0.25 0.11 0.17
881 634 348 221 311 0.04 -0.02 -0.06 -0.53 0.18 0.35
882 604 327 232 291 0.02 -0.05 -0.03 -0.41 0.19 -0.18
883 660 313 241 247 0.01 -0.07 0.03 -0.28 0.15 -0.11
884 695 304 231 227 0.02 -0.1 0.05 -0.21 0.05 0.07
885 814 374 250 247 0.03 -0.12 0.05 0.05 0.16 0.35
886 770 352 227 222 0.02 -0.07 0.03 0.42 0.17 -0.26
887 831 366 224 206 0.04 -0.01 0.01 0.27 0.18 -0.15
888 868 360 214 184 0.06 -0.01 -0.01 0.36 0.26 -0.3
889 839 361 231 214 0.08 -0.02 -0.07 0.13 0.36 -0.23
890 753 356 226 213 0.02 -0.01 -0.1 0.01 0.35 -0.35
891 697 363 226 207 -0.01 -0.03 -0.1 -0.02 0.17 -0.22
892 681 341 208 206 -0.05 0.04 -0.08 -0.14 -0.04 -0.19
893 672 337 220 185 -0.01 0.03 -0.02 -0.23 -0.16 0.41
894 664 343 227 170 0.01 0.01 -0.01 -0.24 0.0 0.49
895 713 333 217 148 0.07 -0.03 -0.04 -0.21 0.05 0.43
896 710 316 200 153 0.12 -0.03 -0.07 -0.14 0.2 -0.12
897 663 299 219 141 0.13 -0.02 -0.08 -0.07 0.18 -0.28
898 705 299 220 145 0.1 -0.02 -0.06 -0.18 0.27 -0.23
899 692 373 208 190 0.06 -0.01 -0.03 -0.25 0.34 -0.07
900 748 366 213 190 0.04 -0.04 -0.02 -0.17 0.27 -0.09
901 782 338 215 197 0.02 -0.06 0.01 -0.22 0.09 0.0
902 687 326 202 169 0.03 -0.05 0.01 -0.16 0.05 -0.08
903 604 319 205 160 0.04 -0.04 0.01 -0.12 0.07 -0.02
904 634 321 193 151 0.03 -0.02 -0.0 -0.14 0.05 -0.16
905 611 325 197 202 0.04 -0.01 -0.01 -0.01 0.0 -0.32
906 559 328 185 169 0.04 -0.01 -0.01 -0.1 0.02 -0.18
907 532 344 208 214 0.04 0.02 -0.0 -0.06 0.04 -0.24
908 639 384 205 215 0.03 0.09 -0.01 -0.19 0.06 -0.24
909 668 413 191 215 0.03 0.12 -0.02 -0.24 0.05 -0.29
910 626 404 208 189 0.06 0.05 -0.02 -0.18 0.06 -0.24
911 670 372 203 167 0.14 0.02 -0.03 -0.2 -0.02 -0.13
912 603 337 185 149 0.15 0.03 -0.04 -0.08 -0.03 -0.02
913 584 343 168 135 0.11 0.09 -0.03 -0.14 0.09 -0.06
914 562 347 165 153 0.07 0.07 -0.02 -0.12 0.04 0.0
915 496 357 170 135 0.06 0.08 -0.02 -0.1 0.07 -0.13
916 466 349 182 111 0.04 0.07 -0.0 -0.12 0.02 -0.21
917 435 356 212 99 0.05 0.04 0.01 -0.1 -0.08 0.04
918 394 334 206 87 0.04 0.04 0.01 -0.13 -0.08 0.0
919 326 302 196 73 0.04 0.07 0.01 -0.18 -0.12 -0.03
920 301 273 195 63 0.05 0.15 0.01 -0.37 -0.27 -0.33
921 245 297 179 56 0.05 0.19 0.01 -0.39 -0.33 -0.47
922 198 277 190 50 0.06 0.25 0.05 -0.59 -0.51 -0.51
923 183 293 183 46 0.03 0.22 0.08 -0.72 -0.73 -0.16
924 170 285 172 43 -0.02 0.21 0.09 -0.82 -1.06 -0.08
925 154 405 153 39 -0.13 0.3 0.07 -0.81 -1.02 -0.17
926 163 452 151 36 -0.19 0.46 0.08 -0.67 -1.07 -0.22
927 161 489 157 36 -0.2 0.55 0.1 -0.63 -1.17 -0.32
928 152 529 199 35 -0.2 0.85 0.18 -0.66 -1.35 -0.76
929 160 485 208 44 -0.24 1.18 0.29 -0.6 -1.67 -0.81
930 198 596 233 54 -0.25 1.34 0.35 -0.69 -1.48 -0.94
931 184 594 219 51 -0.33 1.67 0.5 -1.96 -1.11 -1.2
932 179 543 215 50 -0.59 1.7 0.56 -1.53 -2.49 -0.25
933 170 467 196 45 -0.93 1.6 0.73 -2.55 -1.61 0.6
934 159 531 167 51 -0.87 1.49 0.58 -0.44 -1.17 -1.96
935 147 462 156 46 -0.98 1.67 0.52 -1.22 0.02 -1.53
936 136 401 152 58 -1.03 1.87 0.56 -0.01 -0.39 -1.32
937 162 334 130 58 -1.05 1.84 0.57 -1.25 0.19 -2.95
938 168 297 118 54 -1.15 1.49 0.67 -1.44 -0.64 -1.99
939 147 259 111 53 -1.22 1.27 0.72 -1.21 -0.8 -1.85
940 135 222 101 47 -1.35 0.92 0.74 -0.45 -0.51 -1.64
941 129 200 95 42 -1.44 0.83 0.8 -0.11 -0.29 -1.43
942 118 181 89 40 -1.51 0.9 0.81 -0.2 -0.23 -1.59
943 104 164 82 36 -1.64 1.18 0.78 0.78 -0.23 -1.44
944 132 157 80 33 -1.84 1.45 0.7 0.91 -0.09 -0.53
945 117 145 77 31 -1.94 1.43 0.68 0.77 -0.25 0.71
946 113 136 75 29 -2.0 1.0 0.53 1.02 -0.02 0.58
947 105 126 74 29 -1.94 0.51 0.4 2.26 -0.49 -0.03
948 107 125 72 31 -1.93 0.46 0.31 0.84 0.85 0.53
949 105 120 70 30 -2.1 0.5 0.43 1.25 -0.16 1.88
950 107 122 71 28 -1.88 0.18 0.06 0.76 -0.06 2.48
951 96 123 68 29 -1.88 0.0 -0.01 1.08 -0.04 2.62
952 91 116 69 30 -1.66 -0.41 -0.18 1.6 0.17 2.09
953 86 119 71 46 -1.44 -0.46 -0.28 1.68 0.37 1.74
954 80 123 76 42 -1.33 -0.33 -0.34 1.31 0.25 1.72
955 74 127 75 35 -1.15 -0.05 -0.42 0.78 0.07 1.74
956 70 132 78 35 -1.03 0.12 -0.47 0.13 -0.08 0.93
957 65 134 77 33 -1.01 0.07 -0.47 0.33 0.1 0.08
958 60 138 82 34 -0.79 0.58 -0.35 -1.22 -1.3 6.21
959 55 140 88 32 0.68 2.98 -0.33 4.34 2.94 4.19
960 54 137 96 31 0.98 1.58 -0.51 0.43 0.49 -1.19
961 64 137 86 29 0.53 0.38 -0.39 -0.62 0.75 -1.02
962 59 137 78 28 0.2 0.76 -0.35 -1.53 1.04 0.28
963 84 136 73 27 0.21 0.86 -0.34 -1.92 0.78 0.6
964 69 135 76 26 0.46 0.27 -0.29 -0.88 0.25 -0.24
965 61 134 83 26 0.46 -0.4 -0.08 0.63 -0.04 0.01
966 51 134 79 25 0.43 -0.2 -0.08 0.7 0.01 0.06
967 43 133 72 25 0.37 -0.1 -0.1 0.68 -0.09 0.06
968 37 131 68 25 0.26 0.02 -0.11 0.71 -0.15 0.09
969 33 128 67 25 0.17 0.11 -0.07 0.56 -0.1 0.0
970 29 124 64 25 0.12 0.1 -0.06 -0.13 0.04 0.05
971 26 121 71 25 0.07 0.06 -0.06 -0.26 0.1 0.06
972 25 118 66 25 0.05 0.03 -0.05 -0.23 0.17 0.04
973 23 114 66 24 0.05 0.0 -0.03 -0.09 0.24 0.02
-100 -100 -100 -100 -100 -100 -100 -100 -100 -100 -100
974 22 109 67 24 0.04 -0.03 -0.02 0.0 0.19 0.0
975 20 104 66 27 0.04 -0.03 -0.02 0.05 0.21 0.0
976 18 100 70 26 0.03 -0.03 -0.01 0.1 0.17 0.01
977 18 97 67 26 0.03 -0.03 -0.01 0.04 0.12 -0.03
978 18 95 63 25 0.03 -0.03 -0.02 0.03 0.08 0.0
979 20 91 67 25 0.03 -0.01 -0.04 -0.02 0.08 0.0
980 18 88 64 27 0.03 -0.01 -0.04 -0.02 0.09 0.0
981 18 86 66 25 0.03 -0.01 -0.04 -0.05 0.1 0.01
982 18 83 65 25 0.03 -0.01 -0.04 -0.03 0.1 -0.08
983 17 79 69 25 0.04 -0.0 -0.03 0.01 0.1 0.02
984 18 77 69 25 0.05 0.0 -0.04 -0.05 0.12 0.0
985 17 74 65 22 0.05 -0.02 -0.04 -0.07 0.13 -0.02
986 16 73 62 24 0.04 -0.05 -0.04 0.0 0.14 0.01
987 17 72 70 25 0.04 -0.06 -0.03 0.02 0.13 0.01
988 16 72 66 28 0.03 -0.05 -0.03 0.08 0.12 -0.01
989 17 73 69 27 0.02 -0.02 -0.04 0.05 0.06 -0.02
990 16 72 67 26 0.03 -0.01 -0.03 0.01 0.06 0.0
991 16 71 65 26 0.03 -0.01 -0.03 -0.01 0.07 -0.01
992 16 71 65 25 0.04 -0.02 -0.02 0.04 0.1 0.01
993 16 73 65 25 0.03 -0.01 -0.02 0.05 0.12 -0.03
994 16 71 63 24 0.03 -0.0 -0.02 0.04 0.14 -0.01
995 16 73 60 25 0.02 -0.0 -0.02 -0.06 0.16 0.0
996 16 73 60 28 0.02 -0.0 -0.02 -0.05 0.13 0.01
997 16 73 67 27 0.02 -0.02 -0.02 -0.03 0.1 -0.01
998 17 75 67 26 0.02 -0.03 -0.01 0.06 0.07 0.0
999 17 76 64 26 0.02 -0.02 -0.02 0.07 0.09 0.04
1000 16 77 62 25 0.01 -0.0 -0.01 0.03 0.09 0.0
1001 16 77 60 28 0.0 0.0 -0.0 0.0 0.11 0.0
1002 16 78 57 27 0.0 0.0 -0.0 -0.01 0.13 0.0
1003 16 79 55 27 -0.01 -0.0 -0.01 -0.02 0.1 -0.05
1004 16 80 67 26 -0.0 -0.01 -0.0 0.0 0.08 -0.02
1005 16 81 65 27 -0.0 -0.01 -0.01 -0.02 0.05 0.0
1006 16 80 63 27 0.0 -0.01 -0.01 0.0 0.07 0.0
1007 16 81 63 26 0.01 -0.01 -0.01 0.0 0.1 -0.02
1008 16 81 62 26 0.01 -0.01 -0.01 0.0 0.1 0.0
1009 16 90 61 26 0.01 -0.02 -0.0 -0.02 0.12 -0.02
1010 17 108 62 33 0.01 -0.02 -0.0 0.01 0.09 -0.07
1011 17 109 60 31 0.03 -0.03 -0.01 0.0 0.06 -0.05
1012 20 110 62 29 0.08 -0.06 -0.0 -0.01 0.0 -0.01
1013 23 103 60 28 0.08 -0.03 0.01 0.03 -0.02 0.0
1014 40 100 60 27 0.07 -0.0 0.03 -0.1 0.02 -0.03
1015 41 97 66 26 0.06 -0.06 0.04 -0.18 0.07 -0.05
1016 36 93 71 28 0.04 -0.09 0.03 -0.04 0.17 0.04
1017 34 90 68 27 0.03 -0.15 0.03 0.0 0.16 0.04
1018 30 90 66 26 0.01 -0.19 0.04 -0.12 0.18 -0.02
1019 28 90 65 26 -0.01 -0.22 0.04 -0.16 0.17 0.02
1020 25 88 66 25 -0.02 -0.27 0.03 -0.1 0.16 0.01
1021 23 87 66 24 -0.02 -0.25 0.02 0.06 0.17 -0.02
1022 21 86 71 24 -0.02 -0.22 0.01 0.13 0.16 0.03
1023 20 86 68 26 -0.03 -0.13 -0.0 0.18 0.13 0.0
1024 19 86 67 25 -0.03 -0.06 -0.01 0.13 0.15 -0.02
1025 19 85 71 25 -0.03 -0.04 -0.02 0.0 0.09 -0.01
1026 18 86 67 24 -0.02 -0.02 -0.03 -0.01 0.1 -0.01
1027 17 85 68 24 -0.01 -0.0 -0.04 -0.07 0.09 -0.01
-200 -200 -200 -200 -200 -200 -200 -200 -200 -200 -200
1028 18 86 70 25 -0.01 0.0 -0.04 -0.06 0.06 0.0
1029 17 85 67 24 0.0 -0.01 -0.03 -0.02 0.04 0.0
1030 15 84 69 27 0.02 -0.0 -0.03 0.0 0.11 -0.01
1031 17 83 67 26 0.02 0.0 -0.03 0.0 0.13 0.0
1032 17 82 63 25 0.01 -0.01 -0.03 0.06 0.12 0.0
1033 17 81 64 24 0.0 -0.01 -0.02 0.07 0.1 -0.02
1034 18 86 64 24 0.0 -0.01 -0.01 0.04 0.06 0.0
1035 16 84 64 24 -0.0 0.0 -0.01 0.02 0.08 0.0
1036 17 83 64 27 -0.01 0.01 -0.0 -0.01 0.09 -0.01
1037 16 84 62 26 -0.0 0.01 -0.0 -0.02 0.1 0.01
1038 16 83 61 25 -0.01 -0.0 0.0 -0.03 0.09 0.0
1039 17 83 59 25 -0.01 -0.01 -0.0 0.02 0.09 -0.02
1040 17 84 58 26 -0.0 -0.01 -0.0 0.01 0.07 -0.03
1041 17 83 58 25 -0.0 0.0 -0.0 -0.01 0.09 -0.02
1042 17 85 60 25 0.0 0.01 -0.01 -0.06 0.1 -0.02
1043 23 88 62 29 0.0 -0.0 -0.01 -0.04 0.14 -0.01
1044 43 88 62 29 0.0 -0.03 0.0 0.0 0.15 0.03
1045 63 104 63 30 -0.02 -0.04 0.01 0.06 0.12 0.01
1046 88 168 60 57 -0.03 -0.05 0.02 0.26 0.11 0.11
1047 94 204 61 54 -0.09 -0.03 0.03 0.21 0.11 0.08
1048 109 239 61 75 -0.11 -0.07 0.03 -0.21 0.06 0.07
1049 120 296 60 81 -0.11 -0.19 0.04 0.33 0.14 0.16
1050 141 416 65 95 -0.05 -0.3 0.09 0.43 0.11 0.2
1051 150 386 69 91 0.1 -0.53 0.07 0.53 0.2 0.82
1052 173 389 77 80 0.1 -0.85 0.06 0.1 -0.1 2.02
1053 191 395 76 69 0.03 -1.51 0.15 -5.8 -0.14 5.25
1054 186 446 83 59 1.05 -3.31 -0.36 1.4 0.7 5.23
1055 158 401 101 50 1.61 -3.6 -0.3 3.35 1.29 5.88
1056 160 395 115 51 2.17 -1.88 -0.4 3.51 1.98 4.45
1057 144 390 121 46 2.38 -0.48 -0.59 2.72 2.25 5.36
1058 137 450 118 42 2.42 -0.24 -0.7 1.19 1.67 4.48
1059 126 423 110 44 2.6 -0.83 -0.88 1.43 1.5 3.6
1060 160 411 123 42 2.76 -1.46 -0.98 1.74 1.52 0.94
1061 186 377 131 38 2.74 -1.52 -1.01 1.58 1.21 0.59
1062 171 424 128 37 2.56 -1.32 -1.05 1.24 0.98 0.58
1063 171 424 115 38 2.37 -1.2 -1.03 0.21 0.46 0.16
1064 172 387 111 41 2.3 -1.23 -1.03 -0.33 0.19 -1.35
1065 159 439 117 42 2.08 -1.29 -0.93 0.14 0.14 -1.32
1066 178 447 123 42 1.9 -1.25 -0.93 -0.99 -0.43 -1.42
1067 214 432 117 41 1.85 -1.19 -0.9 -0.75 -0.43 -1.28
1068 235 423 114 45 1.66 -0.8 -0.82 -0.69 -0.87 -1.3
1069 269 407 119 42 1.48 -0.69 -0.61 -1.16 -0.79 -1.26
1070 243 408 136 38 1.4 -0.7 -0.58 -1.05 -0.98 -1.33
1071 293 422 146 37 1.27 -0.8 -0.51 -1.2 -1.13 -1.38
1072 283 395 144 35 1.14 -0.78 -0.44 -0.95 -1.38 -1.57
1073 293 406 142 33 1.09 -0.76 -0.41 -0.98 -1.42 -1.52
1074 312 381 144 39 0.95 -0.68 -0.38 -0.85 -1.34 -1.59
1075 327 364 138 50 0.81 -0.54 -0.31 -0.86 -1.36 -1.45
1076 352 343 131 80 0.71 -0.46 -0.28 -0.9 -1.49 -1.67
1077 333 344 128 76 0.54 -0.28 -0.22 -0.78 -1.46 -1.89
1078 445 330 131 77 0.35 -0.15 -0.14 -0.71 -1.24 -2.09
1079 421 314 146 94 0.25 -0.14 -0.08 -1.23 -1.4 -1.72
1080 410 301 205 96 0.07 -0.23 0.02 -1.17 -1.46 -1.6
1081 529 290 202 126 -0.14 -0.16 0.03 -0.83 -1.66 -1.69
1082 570 275 236 135 -0.26 -0.09 0.07 -1.24 -1.71 -0.81
1083 559 276 231 146 -0.39 0.08 0.16 -0.99 -1.37 -0.41
1084 567 280 258 173 -0.48 0.03 0.18 -0.56 -1.39 0.11
1085 657 322 243 231 -0.56 0.08 0.2 -0.61 -1.31 -0.74
1086 623 319 219 247 -0.62 -0.0 0.22 -0.15 -1.06 -0.5
1087 649 353 204 297 -0.6 -0.06 0.23 -0.03 -1.1 -0.46
1088 703 344 199 288 -0.57 -0.11 0.2 0.07 -0.76 0.0
1089 688 325 191 265 -0.54 -0.14 0.16 -0.32 -0.66 0.03
1090 701 347 203 251 -0.48 -0.16 0.1 -0.11 -0.61 -0.37
1091 688 342 190 270 -0.44 -0.19 0.1 -0.6 -0.52 0.18
1092 790 325 187 265 -0.38 -0.29 0.12 -0.75 -0.35 0.46
1093 850 357 177 328 -0.28 -0.22 0.12 -0.44 -0.44 0.0
1094 907 415 179 359 -0.22 -0.23 0.14 -0.62 -0.11 0.48
1095 889 385 175 323 -0.11 -0.25 0.13 -0.68 -0.07 0.04
1096 821 392 195 306 -0.02 -0.15 0.14 -0.99 -0.19 0.36
1097 791 380 212 314 0.01 -0.09 0.14 -0.94 0.0 0.36
1098 910 390 211 293 0.02 0.02 0.14 -1.0 0.02 0.42
1099 834 371 215 398 -0.01 0.04 0.2 -0.88 0.26 -0.29
1100 829 359 204 422 -0.02 0.0 0.22 -0.01 0.41 -0.7
1101 794 333 201 364 -0.02 -0.02 0.29 0.06 0.27 -0.86
1102 806 320 201 329 0.0 0.01 0.28 0.34 0.17 -0.1
1103 801 285 188 332 -0.01 0.06 0.23 0.42 0.25 0.07
1104 729 286 190 325 -0.04 0.09 0.1 0.53 0.27 0.01
1105 669 285 180 331 -0.03 0.16 -0.02 0.54 0.11 -0.4
1106 624 279 191 272 -0.01 0.17 -0.04 0.03 0.17 0.0
1107 604 291 197 272 0.02 0.21 -0.04 -0.04 0.14 0.22
1108 610 323 185 330 0.06 0.12 -0.02 -0.42 0.12 0.6
1109 581 322 169 292 0.06 0.07 -0.01 -0.23 0.17 0.44
1110 522 291 169 244 0.04 0.07 0.03 0.08 -0.03 -0.48
1111 571 273 164 204 0.06 0.04 0.08 -0.08 0.03 -0.26
1112 558 262 162 177 0.06 0.02 0.09 -0.16 0.12 -0.04
1113 520 255 157 177 0.03 -0.05 0.08 0.13 0.19 0.05
1114 653 283 147 229 0.01 -0.02 0.05 0.27 0.11 -0.02
1115 581 275 172 203 -0.0 0.01 0.04 0.27 0.08 -0.15
1116 620 260 173 193 0.01 0.01 0.02 0.32 0.12 -0.17
1117 555 267 162 187 0.02 0.01 -0.01 0.22 0.1 0.1
1118 602 301 158 215 0.02 -0.01 -0.02 0.01 0.17 0.14
1119 566 274 155 196 -0.0 -0.0 -0.04 0.03 0.24 -0.14
1120 552 263 170 185 0.0 0.02 -0.03 0.04 0.18 -0.2
1121 675 243 164 170 0.03 0.01 -0.01 -0.05 0.2 0.03
1122 713 267 172 182 0.03 -0.02 0.01 -0.09 0.11 0.09
1123 669 281 171 187 0.01 -0.04 0.02 0.09 0.2 -0.12
1124 564 266 167 169 -0.02 -0.01 0.01 0.1 0.2 -0.29
1125 574 248 161 163 -0.03 0.03 -0.01 0.02 0.06 -0.36
1126 487 245 150 148 -0.02 0.01 -0.01 -0.11 0.0 -0.12
1127 493 286 145 200 -0.02 -0.0 -0.01 -0.03 0.06 -0.11
1128 451 289 136 220 -0.03 -0.0 -0.01 -0.07 -0.01 -0.1
1129 451 260 130 183 -0.02 0.02 -0.01 -0.02 0.11 -0.31
1130 506 255 125 185 -0.01 0.03 -0.01 -0.07 0.16 -0.31
1131 444 269 123 185 -0.02 0.06 -0.01 -0.09 0.12 -0.28
1132 485 256 130 186 -0.04 0.04 -0.0 0.03 0.15 -0.32
1133 493 248 133 171 -0.05 0.03 -0.01 0.02 0.15 -0.28
1134 516 260 130 194 -0.07 0.05 -0.02 -0.04 0.09 -0.12
1135 488 248 137 200 -0.08 0.04 -0.03 -0.04 0.05 -0.14
1136 479 239 143 182 -0.07 0.06 -0.03 -0.07 0.02 -0.17
1137 440 249 144 181 -0.05 0.06 -0.02 -0.18 0.1 0.12
1138 465 239 134 173 -0.04 0.08 -0.0 -0.05 0.14 -0.14
1139 451 240 133 153 -0.03 0.09 -0.0 -0.1 0.13 -0.1
1140 428 244 130 135 -0.02 0.04 0.01 -0.09 0.18 -0.1
1141 401 259 123 167 -0.04 -0.01 0.01 -0.01 0.15 -0.03
1142 365 235 123 150 -0.04 -0.01 0.01 0.1 0.14 -0.05
1143 351 218 123 131 -0.03 0.01 0.01 0.07 0.0 0.02
1144 303 197 118 109 -0.02 -0.01 -0.0 0.04 -0.05 0.0
1145 264 174 132 91 -0.01 0.0 -0.01 -0.01 -0.05 -0.01
1146 237 185 147 79 -0.01 0.02 -0.01 -0.09 -0.19 -0.18
1147 201 247 159 69 -0.02 0.02 -0.03 -0.28 -0.29 -0.26
1148 174 328 171 66 -0.04 -0.02 -0.04 -0.37 -0.45 -0.24
1149 152 355 170 65 -0.08 -0.1 -0.09 -0.33 -0.57 -0.34
1150 136 402 153 82 -0.03 -0.07 -0.15 -0.23 -0.99 -0.65
1151 128 432 165 75 0.03 0.01 -0.15 -0.21 -1.22 -0.52
1152 119 439 175 72 0.06 0.22 -0.1 -0.48 -1.75 -0.35
1153 120 428 180 63 0.0 0.59 -0.04 -0.77 -1.92 -0.63
1154 122 424 179 54 -0.02 0.84 0.0 -1.07 -1.92 -0.89
1155 117 440 175 54 -0.08 1.29 0.15 -2.39 -2.19 -1.65
1156 126 416 195 52 -0.21 1.63 0.42 -2.7 -2.3 -1.61
1157 138 448 200 76 -0.3 1.78 0.58 -3.01 -2.55 -1.4
1158 133 502 181 75 -0.55 1.96 0.78 -3.49 -2.72 -1.41
1159 121 456 168 63 -0.89 1.84 0.94 -2.87 -2.17 -1.24
1160 118 506 160 70 -0.94 1.84 1.1 -0.61 -0.37 -1.75
1161 112 525 143 62 -1.01 2.01 1.01 -1.04 -1.81 -2.44
1162 100 454 133 54 -1.3 2.3 1.05 -1.21 -0.98 -2.13
1163 99 384 117 47 -1.37 2.35 1.03 -1.11 -0.67 -2.92
1164 99 338 107 42 -1.63 2.18 0.96 -0.05 -0.1 -1.99
1165 94 287 98 38 -1.76 2.05 0.95 -0.16 0.34 -1.37
1166 116 274 118 81 -1.95 1.63 0.86 0.21 0.61 -1.41
1167 152 265 117 81 -2.18 1.41 0.72 0.77 0.77 -0.89
1168 137 237 120 80 -2.31 1.38 0.65 2.18 0.75 0.15
1169 112 210 111 68 -2.43 1.53 0.45 2.58 0.82 0.4
1170 103 193 105 62 -2.37 1.66 0.17 2.23 1.31 1.13
1171 87 183 94 56 -2.39 1.7 0.07 -0.39 2.0 2.08
1172 86 164 87 49 -2.32 1.71 -0.06 0.96 0.56 1.96
1173 118 153 83 68 -2.13 1.47 -0.18 1.04 0.46 2.91
1174 219 141 82 69 -2.0 1.31 -0.26 0.8 0.49 2.68
1175 194 129 86 67 -1.66 0.96 -0.43 1.06 0.67 2.54
1176 166 119 82 99 -1.34 0.77 -0.4 1.42 1.11 2.62
1177 137 121 78 93 -1.2 0.74 -0.43 1.14 0.8 2.25
1178 117 120 77 79 -1.01 0.71 -0.56 0.86 0.39 1.86
1179 111 122 76 68 -0.94 0.77 -0.63 0.48 0.21 1.29
1180 94 125 73 58 -0.93 0.79 -0.64 -0.68 0.13 1.96
1181 137 128 74 55 -0.69 0.68 -0.48 -9.29 -2.75 23.94
1182 164 126 70 49 0.73 0.49 -0.21 -0.3 -0.62 -4.57
1183 136 124 72 44 0.54 -0.64 -0.14 -2.1 -0.54 -2.6
1184 109 126 77 39 1.1 -0.44 -0.03 -0.04 0.15 -0.22
1185 96 130 72 36 0.63 -0.44 -0.11 0.79 0.63 0.68
1186 82 133 67 34 0.45 -0.58 -0.15 0.38 0.06 0.21
1187 68 136 63 31 0.06 -0.82 -0.07 0.41 -0.36 0.25
1188 58 133 60 30 -0.01 -0.81 0.06 1.07 -0.36 0.09
1189 52 127 58 29 0.03 -0.69 0.01 1.32 0.0 -0.02
1190 45 125 56 27 0.08 -0.22 -0.1 1.01 0.02 0.07
1191 39 123 59 27 0.07 0.17 -0.18 0.33 0.19 0.05
1192 34 121 59 26 0.05 0.24 -0.2 -0.34 0.33 -0.06
1193 32 116 56 26 0.03 0.2 -0.21 -0.48 0.3 0.0
1194 34 113 55 25 0.02 0.03 -0.2 -0.52 0.3 -0.02
1195 30 110 54 25 0.03 -0.06 -0.19 -0.26 0.3 -0.05
1196 28 107 53 25 0.03 -0.21 -0.14 -0.05 0.27 0.05
1197 27 104 53 25 0.04 -0.3 -0.1 0.08 0.21 -0.03
1198 26 102 52 25 0.04 -0.33 -0.08 0.27 0.1 0.03
-100 -100 -100 -100 -100 -100 -100 -100 -100 -100 -100
1199 24 100 51 24 0.04 -0.33 -0.05 0.33 0.06 0.04
1200 23 98 52 25 0.04 -0.26 -0.06 0.29 0.04 0.02
1201 22 97 52 24 0.05 -0.2 -0.06 0.21 0.0 0.03
1202 24 94 51 24 0.04 -0.11 -0.07 0.1 0.02 0.03
1203 24 93 51 25 0.04 -0.07 -0.08 0.17 0.07 0.0
1204 29 90 51 24 0.04 -0.06 -0.07 0.09 0.11 0.01
1205 26 89 51 23 0.03 -0.03 -0.06 0.11 0.09 0.0
1206 24 86 50 23 0.03 -0.03 -0.03 0.05 0.06 -0.01
1207 23 84 51 23 0.03 -0.02 -0.02 0.06 0.11 -0.02
1208 22 81 49 23 0.04 -0.01 -0.01 0.02 0.11 -0.02
1209 22 79 51 23 0.03 -0.01 -0.01 -0.02 0.11 0.03
1210 22 74 50 23 0.04 -0.01 -0.01 -0.01 0.13 -0.02
1211 24 75 49 23 0.04 -0.01 -0.04 -0.06 0.14 0.01
1212 24 74 49 23 0.04 -0.0 -0.06 -0.1 0.15 0.0
1213 23 72 49 23 0.04 -0.02 -0.07 -0.06 0.12 0.0
1214 27 70 48 23 0.03 -0.04 -0.08 0.01 0.13 0.02
1215 25 70 49 23 0.02 -0.03 -0.08 0.04 0.13 0.0
1216 23 69 49 23 0.01 -0.03 -0.08 0.19 0.17 -0.01
1217 25 71 49 23 -0.01 -0.03 -0.08 0.13 0.16 0.0
1218 24 71 49 24 -0.02 -0.01 -0.07 0.08 0.17 -0.02
1219 26 71 49 23 -0.03 -0.02 -0.05 0.19 0.13 -0.01
1220 23 72 48 24 -0.04 -0.03 -0.02 0.18 0.1 -0.04
1221 23 72 48 24 -0.05 -0.01 0.01 0.18 0.06 0.0
1222 23 73 48 24 -0.04 0.01 0.02 0.02 0.0 -0.01
1223 22 73 48 25 -0.05 0.04 0.03 0.01 0.01 0.01
1224 30 75 48 23 -0.05 0.07 0.03 -0.11 0.0 0.02
1225 28 75 48 23 -0.05 0.08 0.02 -0.09 0.0 -0.02
1226 29 73 47 23 -0.04 0.08 0.02 -0.06 0.05 0.0
1227 26 72 46 23 -0.04 0.06 0.0 0.01 0.1 -0.04
1228 24 71 46 23 -0.03 0.06 0.0 -0.05 0.18 -0.03
1229 23 71 46 24 0.0 0.05 -0.0 0.06 0.12 -0.02
1230 22 71 44 23 0.02 0.06 0.0 0.01 0.09 -0.06
1231 22 71 46 23 0.04 0.06 0.0 -0.03 0.03 -0.02
1232 23 70 45 23 0.07 0.06 -0.0 -0.07 0.01 -0.03
1233 29 72 46 23 0.11 0.06 -0.02 -0.16 0.04 -0.02
1234 27 69 45 23 0.12 0.05 -0.03 -0.24 0.09 0.0
1235 25 73 46 24 0.14 0.02 -0.05 -0.2 0.09 0.0
1236 23 74 47 23 0.13 -0.02 -0.07 -0.1 0.12 0.03
1237 21 73 47 23 0.13 -0.03 -0.08 0.0 0.1 0.0
1238 21 73 48 24 0.12 -0.04 -0.09 0.04 0.11 -0.01
1239 20 72 49 23 0.1 -0.04 -0.1 0.05 0.1 0.01
1240 19 70 48 24 0.1 -0.03 -0.11 0.1 0.15 0.0
1241 19 70 47 24 0.09 -0.02 -0.1 0.15 0.16 -0.01
1242 25 71 48 23 0.05 -0.04 -0.1 0.27 0.24 0.04
1243 26 70 47 24 0.03 0.01 -0.1 -0.01 0.17 -0.01
1244 24 69 47 23 -0.0 0.03 -0.07 0.02 0.14 -0.01
1245 22 68 47 23 -0.03 0.01 -0.03 0.15 0.02 0.02
1246 21 69 48 23 -0.05 0.01 -0.01 0.08 -0.03 -0.01
1247 16 70 48 24 -0.05 0.05 0.01 0.02 -0.05 0.02
1248 20 71 48 23 -0.04 0.08 0.02 -0.06 -0.02 0.02
1249 22 73 49 23 -0.04 0.09 0.02 -0.11 0.04 0.0
1250 21 72 48 23 -0.04 0.1 0.01 -0.13 0.07 0.01
1251 20 73 47 23 -0.05 0.09 -0.02 -0.09 0.14 -0.02
1252 21 73 47 23 -0.06 0.08 -0.03 -0.04 0.15 -0.03
1253 20 73 47 24 -0.05 0.06 -0.04 0.0 0.15 -0.04
