-1 -1 -1 -1 -1 -1 -1 -1 -1 -1 -1
1 16 71 68 23 -0.03 -0.05 0.14 0.01 -0.12 -0.14
2 16 72 77 22 -0.03 -0.07 0.16 -0.04 -0.08 -0.17
3 17 72 73 24 -0.03 -0.07 0.17 -0.03 -0.01 -0.19
4 16 72 72 26 -0.03 -0.07 0.17 -0.07 0.02 -0.14
5 16 70 74 23 -0.02 -0.08 0.17 -0.1 0.1 -0.06
6 16 70 69 23 -0.02 -0.06 0.16 -0.05 0.1 -0.2
7 17 70 69 24 -0.01 -0.06 0.15 -0.05 0.04 -0.21
8 16 69 65 23 0.0 -0.07 0.15 -0.06 -0.01 -0.15
9 16 69 67 23 0.02 -0.06 0.15 -0.04 -0.04 -0.19
10 16 70 71 23 0.03 -0.07 0.16 -0.06 -0.06 -0.2
11 17 70 72 24 0.04 -0.07 0.16 -0.05 0.03 -0.05
12 16 69 67 23 0.05 -0.07 0.16 -0.03 0.05 -0.06
13 16 72 68 23 0.06 -0.07 0.15 0.01 0.06 0.0
14 16 73 67 23 0.06 -0.04 0.14 -0.01 0.08 0.05
15 17 74 69 23 0.06 -0.03 0.13 -0.04 0.13 -0.01
16 16 75 71 23 0.06 -0.0 0.11 -0.12 0.12 0.0
17 16 75 66 23 0.05 0.01 0.1 -0.09 0.14 0.0
18 17 76 64 23 0.05 0.01 0.08 -0.08 0.06 -0.01
19 16 77 70 23 0.04 0.02 0.07 -0.04 0.04 -0.01
20 17 77 70 23 0.03 0.02 0.07 -0.02 0.01 -0.03
21 16 77 72 23 0.02 0.02 0.07 0.02 -0.01 0.0
22 16 79 69 23 0.01 0.02 0.08 0.0 -0.04 -0.02
23 16 78 74 23 0.0 0.01 0.1 0.05 -0.02 -0.01
24 16 79 73 23 0.01 0.01 0.1 0.05 0.05 -0.02
25 17 79 72 23 0.01 0.01 0.1 -0.02 0.0 0.05
26 16 79 72 23 0.01 0.01 0.1 -0.01 0.02 0.0
27 16 79 70 23 0.01 0.02 0.1 -0.16 0.0 -0.01
28 16 80 70 23 0.01 0.02 0.08 -0.16 -0.02 -0.02
29 16 81 65 23 0.01 0.01 0.06 -0.16 -0.03 -0.05
30 16 83 65 23 0.02 0.01 0.05 -0.11 -0.05 -0.1
31 17 85 64 23 0.03 0.01 0.03 -0.12 -0.05 -0.11
32 16 85 74 23 0.05 -0.0 0.01 -0.13 0.01 -0.04
33 16 84 73 23 0.05 -0.01 0.01 -0.11 0.07 -0.06
34 17 85 68 23 0.06 -0.02 -0.0 -0.1 0.09 -0.01
35 15 86 69 23 0.08 -0.03 -0.02 -0.1 0.1 -0.05
36 16 86 64 23 0.08 -0.04 -0.02 -0.12 0.12 -0.01
37 17 87 68 24 0.08 -0.06 -0.03 -0.1 0.11 0.01
38 16 87 65 23 0.07 -0.07 -0.04 -0.06 0.07 0.0
39 16 87 70 23 0.06 -0.07 -0.03 0.01 0.05 0.06
40 16 89 68 23 0.05 -0.06 -0.03 0.04 0.04 0.06
41 16 89 64 23 0.03 -0.04 -0.02 0.07 0.06 0.03
42 16 89 70 23 0.03 -0.03 -0.01 0.02 0.02 0.02
43 16 90 67 23 0.02 -0.02 0.0 0.0 0.08 0.03
44 16 87 68 23 -0.01 -0.04 0.01 -0.1 0.07 0.0
45 16 86 65 23 -0.02 -0.05 0.02 -0.03 0.05 -0.01
46 16 84 69 23 -0.03 -0.03 0.02 0.02 0.05 0.05
47 17 83 67 24 -0.04 -0.02 0.02 0.01 0.08 -0.04
48 16 81 73 23 -0.04 -0.02 0.02 -0.08 0.06 -0.02
49 16 80 67 23 -0.05 -0.02 0.03 -0.03 0.05 0.01
50 16 79 65 23 -0.06 -0.04 0.03 -0.02 0.02 -0.01
51 16 77 71 23 -0.06 -0.03 0.04 -0.03 0.02 -0.03
52 17 76 70 24 -0.06 -0.01 0.03 -0.02 0.03 -0.05
53 16 74 72 23 -0.04 -0.01 0.03 -0.08 0.05 -0.05
54 16 73 68 23 -0.04 -0.01 0.02 -0.14 0.05 -0.1
55 16 72 71 23 -0.04 -0.01 0.02 -0.07 0.08 -0.06
56 16 70 72 24 -0.03 -0.02 0.01 -0.09 0.1 -0.07
57 16 70 72 23 -0.02 -0.02 0.01 -0.05 0.12 -0.09
58 16 70 75 24 -0.01 -0.02 0.0 -0.04 0.09 -0.02
59 17 69 72 23 -0.01 -0.01 -0.0 -0.08 0.06 -0.01
60 16 68 74 23 0.0 -0.01 -0.01 -0.07 0.05 -0.04
61 16 68 75 23 0.01 -0.02 -0.0 -0.06 0.04 -0.06
62 16 68 72 23 -0.0 -0.01 -0.0 -0.08 0.03 -0.04
63 16 68 69 23 0.0 -0.02 0.0 -0.05 0.05 -0.01
64 15 68 73 23 0.01 -0.03 -0.0 0.0 0.11 -0.02
65 16 69 70 23 0.0 -0.02 -0.0 0.02 0.08 0.01
66 15 69 69 23 0.0 -0.02 -0.0 -0.03 0.1 0.05
67 16 69 65 23 -0.01 -0.01 0.0 -0.05 0.07 0.03
68 16 70 63 23 -0.02 -0.0 0.0 -0.03 0.06 -0.02
69 16 69 62 23 -0.02 -0.0 0.0 -0.07 0.06 -0.06
70 16 70 67 23 -0.02 -0.01 0.01 -0.05 0.06 -0.04
71 17 71 66 24 -0.02 -0.01 0.01 0.0 0.07 0.01
72 16 70 63 23 -0.02 -0.01 0.02 -0.02 0.08 0.03
73 16 71 62 24 -0.03 0.0 0.02 -0.05 0.09 -0.03
74 16 70 64 23 -0.03 0.0 0.02 -0.09 0.09 -0.03
75 17 70 62 23 -0.02 -0.0 0.02 -0.06 0.06 -0.05
76 16 70 62 23 -0.02 -0.01 0.02 -0.04 0.04 -0.02
77 16 70 59 23 -0.02 -0.0 0.02 -0.04 0.08 -0.02
78 16 71 60 23 -0.02 -0.0 0.02 -0.07 0.06 -0.06
79 17 72 61 23 -0.01 -0.01 0.02 -0.05 0.07 -0.04
80 16 72 62 23 -0.0 -0.01 0.02 -0.06 0.1 -0.02
81 16 70 61 23 -0.01 -0.01 0.01 -0.05 0.09 0.0
82 17 70 62 23 -0.0 -0.0 0.01 -0.08 0.09 -0.01
83 16 70 66 23 0.0 -0.0 0.01 -0.06 0.06 -0.03
84 16 70 64 23 -0.0 -0.01 0.01 -0.06 0.06 -0.04
85 17 70 65 23 0.0 -0.0 0.0 -0.02 0.1 0.02
86 17 70 64 22 -0.0 -0.0 0.0 -0.04 0.07 -0.03
87 17 69 65 23 0.0 0.0 0.0 -0.03 0.08 -0.05
88 17 69 68 23 0.0 0.0 0.0 -0.07 0.06 -0.04
89 17 69 66 23 0.0 -0.01 0.0 -0.05 0.07 -0.06
90 16 69 71 23 0.0 -0.01 0.0 -0.06 0.06 -0.03
91 17 69 67 23 0.01 -0.01 0.0 -0.09 0.06 -0.02
92 17 69 68 26 0.01 0.0 -0.0 -0.09 0.08 0.04
93 16 71 71 42 0.0 0.01 -0.01 -0.06 0.1 0.0
94 17 71 70 38 0.0 0.0 -0.02 -0.03 0.11 0.0
95 16 70 70 35 0.0 0.01 -0.02 -0.04 0.1 -0.02
96 16 69 69 32 0.0 0.01 -0.02 -0.06 0.11 0.0
97 16 69 65 30 0.0 0.0 -0.02 -0.01 0.08 0.0
98 16 70 73 29 -0.01 -0.0 -0.01 0.0 0.09 -0.04
99 16 69 72 27 -0.01 -0.0 -0.01 -0.05 0.07 -0.06
100 17 70 73 27 -0.01 -0.01 0.0 -0.05 0.04 -0.02
-200 -200 -200 -200 -200 -200 -200 -200 -200 -200 -200
101 16 69 68 25 -0.01 -0.02 0.01 -0.05 0.07 0.0
102 17 69 63 25 -0.01 -0.01 0.01 -0.07 0.07 0.01
103 16 70 63 25 -0.02 -0.0 0.0 -0.04 0.1 -0.01
104 17 70 59 25 -0.03 0.0 0.0 -0.05 0.1 -0.04
105 16 68 61 26 -0.02 -0.0 -0.0 -0.05 0.08 -0.06
106 17 69 59 28 -0.01 -0.01 -0.01 -0.1 0.09 -0.09
107 17 71 61 27 -0.01 -0.03 -0.01 -0.15 0.06 -0.07
108 20 71 60 26 -0.01 -0.04 -0.01 -0.13 0.04 -0.01
109 20 72 59 26 -0.01 -0.05 -0.02 -0.11 0.05 0.02
110 31 75 58 28 -0.02 -0.08 -0.03 0.0 0.16 0.04
111 59 80 58 37 -0.04 -0.09 -0.02 0.04 0.23 0.04
112 60 88 59 68 -0.09 -0.13 -0.0 0.0 0.38 0.16
113 89 93 61 91 -0.24 -0.26 0.01 -0.52 0.37 0.55
114 111 126 61 130 -0.36 -0.38 0.03 -0.27 0.38 0.61
115 114 127 62 157 -0.64 -0.7 0.12 -0.12 0.04 1.69
116 137 155 64 156 -0.9 -0.94 0.28 -0.25 -0.14 2.15
117 151 173 63 126 -0.81 -0.88 0.29 -0.6 -0.14 2.18
118 171 195 61 106 -0.44 -0.9 0.26 -0.22 0.45 2.12
119 151 199 60 103 -0.07 -1.0 0.19 0.41 0.29 1.42
120 143 224 59 85 0.12 -0.83 0.14 0.05 0.34 1.51
121 151 216 56 74 0.86 -0.75 -0.14 1.02 1.04 5.09
122 151 201 54 62 1.69 -1.43 -0.52 3.83 1.44 5.32
123 183 228 52 52 1.96 -1.09 -0.66 3.69 0.63 4.95
124 188 236 50 47 2.45 0.09 -0.96 3.08 1.28 3.5
125 178 245 50 41 2.78 0.97 -1.19 2.31 1.01 2.99
126 215 219 49 37 2.96 1.14 -1.28 2.2 0.76 2.81
127 247 199 49 35 3.32 0.93 -1.45 1.65 0.65 2.08
128 260 184 48 32 3.45 0.33 -1.6 1.86 0.23 1.62
129 243 167 47 30 3.49 -0.0 -1.69 2.19 0.02 1.15
130 275 158 47 29 3.55 -0.51 -1.91 2.48 -0.39 0.81
131 262 155 47 28 3.54 -0.59 -2.13 1.84 -0.68 -0.23
132 248 177 48 26 3.49 -0.51 -2.26 1.96 -0.69 -0.39
133 237 204 48 26 3.32 -0.38 -2.53 1.72 -1.24 -0.4
134 215 191 48 25 3.11 -0.43 -2.75 0.33 -1.82 -0.91
135 231 174 49 24 3.0 -0.49 -2.83 0.36 -1.91 -1.3
136 225 162 48 24 2.69 -0.43 -2.83 0.0 -2.23 -2.59
137 265 155 48 24 2.28 -0.09 -2.67 -1.22 -2.46 -3.3
138 253 141 49 24 2.09 0.01 -2.55 -2.17 -2.48 -3.55
139 221 138 49 25 1.69 0.05 -2.22 -3.0 -2.86 -2.95
140 216 130 49 29 1.32 -0.2 -1.83 -4.09 -3.0 -2.46
141 176 125 53 45 1.03 -0.32 -1.59 -4.4 -3.16 -2.39
142 154 127 56 42 0.56 -0.38 -1.12 -4.48 -2.93 -2.54
143 130 119 61 42 0.17 -0.19 -0.58 -5.89 -3.21 -2.35
144 119 121 62 62 0.03 -0.13 -0.32 -6.63 -3.35 -2.34
145 105 118 65 57 -0.09 -0.3 0.29 -7.93 -3.99 -2.09
146 99 112 66 58 -0.15 -0.59 1.06 -8.43 -4.04 -2.04
147 90 128 70 54 -0.21 -0.72 1.54 -8.55 -4.13 -1.99
148 81 133 72 55 -0.31 -0.93 2.59 -7.71 -3.91 -1.56
149 75 165 68 82 -0.49 -1.12 3.64 -7.01 -3.6 -1.33
150 79 148 76 69 -0.59 -1.22 4.13 -5.59 -3.49 -1.15
151 111 186 78 66 -0.75 -1.38 4.95 -4.5 -3.76 -0.82
152 108 177 77 64 -0.79 -1.47 5.53 -1.59 -4.17 -0.04
153 102 182 88 61 -0.73 -1.47 5.74 -0.77 -4.2 0.0
154 93 207 87 59 -0.55 -1.56 5.97 0.24 -4.34 -0.93
155 190 190 88 54 -0.33 -1.75 5.96 -0.12 -4.41 -1.85
156 182 199 93 53 -0.21 -1.68 5.94 -0.1 -4.31 -1.9
157 187 202 94 49 -0.23 -1.4 5.84 1.34 -4.85 -1.27
158 214 216 102 44 -0.28 -1.16 5.57 3.53 -4.84 -0.6
159 298 219 106 40 -0.27 -1.14 5.31 5.06 -5.34 -0.98
160 262 207 118 37 0.01 -1.29 4.43 7.53 -5.08 -1.51
161 277 200 118 35 0.17 -1.17 3.86 11.94 -3.65 -1.04
162 284 201 116 32 0.33 -0.48 2.54 12.81 -3.15 -0.45
163 278 202 117 34 0.32 0.09 1.08 12.62 -2.89 0.13
164 291 199 114 32 0.34 0.19 0.32 11.45 -2.41 -0.12
165 265 200 110 37 0.5 0.39 -1.28 11.39 -2.38 -0.33
166 237 197 107 37 0.32 1.07 -2.72 9.34 -2.89 -0.84
167 218 187 103 34 0.23 1.46 -3.34 7.87 -3.41 -1.34
168 233 182 98 31 0.21 2.07 -4.35 5.63 -3.91 -1.33
169 219 186 96 30 0.25 2.26 -5.13 4.08 -4.73 -1.06
170 243 176 93 29 0.3 2.17 -5.42 1.82 -5.16 -0.56
171 253 164 86 33 0.43 1.69 -5.84 1.3 -5.21 -0.58
172 271 160 86 40 0.44 1.34 -6.05 1.09 -5.21 -1.18
173 314 160 82 36 0.45 1.38 -6.07 0.94 -4.99 -2.76
174 312 149 77 35 0.43 1.86 -5.96 0.58 -4.95 -3.23
175 323 153 73 33 0.38 2.52 -5.76 -2.02 -4.96 -2.77
176 299 147 68 31 0.43 2.65 -5.65 -3.73 -4.36 -1.75
177 292 159 64 31 0.51 2.34 -5.41 -4.45 -4.16 -1.52
178 329 154 64 35 0.57 1.59 -5.08 -5.43 -3.37 -0.95
179 362 150 61 44 0.55 1.33 -4.83 -6.64 -2.56 -1.24
180 307 137 60 39 0.26 1.16 -4.08 -8.02 -2.68 -1.57
181 287 135 61 37 -0.13 0.87 -3.07 -8.98 -2.15 -1.99
182 253 140 64 43 -0.17 0.54 -2.58 -9.39 -1.61 -0.36
183 217 150 66 64 -0.35 -0.35 -1.54 -9.38 -1.25 0.07
184 193 146 65 69 -0.42 -0.79 -0.62 -8.15 -0.2 0.08
185 176 141 68 60 -0.38 -0.76 -0.2 -7.24 0.21 -0.37
186 146 128 75 90 -0.24 -0.36 0.46 -6.89 0.53 -0.38
187 124 120 76 87 -0.01 -0.12 0.94 -6.09 0.97 0.32
188 109 125 76 93 0.07 -0.14 1.16 -5.79 0.7 0.67
189 94 124 73 80 0.19 -0.32 1.57 -5.05 0.42 0.7
190 82 119 75 70 0.25 -0.33 2.0 -4.16 0.32 0.84
191 70 116 71 64 0.25 -0.23 2.23 -4.53 -0.32 0.06
192 60 105 71 57 0.24 -0.11 2.66 -4.99 -0.88 -0.57
193 52 99 72 72 0.28 -0.2 3.01 -5.53 -1.46 -2.28
194 43 98 71 68 0.27 -0.29 3.35 -4.75 -2.0 -2.14
195 38 109 72 60 0.22 -0.26 3.6 -4.56 -2.19 -1.67
196 34 112 73 64 -0.02 -0.15 4.13 -3.42 -3.19 -1.3
197 32 107 75 55 -0.38 -0.08 4.66 -2.67 -3.78 -1.96
198 27 112 83 46 -0.61 -0.42 5.07 -2.17 -3.81 -2.1
199 25 106 82 47 -0.88 -0.92 5.47 -1.11 -4.62 -1.23
200 27 114 85 44 -0.87 -1.09 5.55 0.32 -4.69 -1.19
201 66 153 79 43 -0.9 -1.41 5.72 1.05 -4.7 -1.16
202 58 158 77 39 -0.93 -1.87 5.73 2.02 -4.64 -0.96
203 53 162 75 36 -0.86 -1.96 5.66 3.29 -4.28 -1.05
204 54 172 77 35 -1.04 -1.85 5.46 2.87 -4.06 -1.65
205 182 165 76 33 -1.09 -1.38 4.82 2.4 -5.45 -2.95
206 208 158 76 31 -0.84 -1.2 4.33 5.98 -5.25 -1.64
207 207 174 77 30 -0.44 -0.93 3.1 7.77 -5.28 -0.51
208 209 175 76 29 -0.03 -0.81 1.82 11.62 -4.3 0.84
209 221 168 75 27 0.04 -0.66 1.19 11.65 -4.18 0.83
210 207 171 73 27 0.21 -0.26 -0.22 11.25 -3.26 0.21
211 219 170 72 26 0.27 0.31 -1.65 10.48 -2.7 0.12
212 198 165 68 26 0.33 0.6 -2.28 9.11 -2.56 -0.01
213 210 166 68 25 0.47 1.01 -3.3 7.79 -2.51 -0.2
214 191 160 67 27 0.38 1.27 -4.14 5.78 -3.7 -0.15
215 220 158 65 26 0.43 1.32 -4.44 5.48 -3.95 -0.37
216 245 183 63 26 0.55 1.43 -4.96 5.16 -4.27 -1.06
217 265 169 62 28 0.65 1.74 -5.35 3.62 -4.66 -1.55
218 240 165 61 27 0.72 1.92 -5.5 2.97 -4.83 -1.6
219 268 175 59 26 0.83 2.3 -5.65 1.49 -4.59 -1.34
220 300 164 60 29 0.87 2.67 -5.65 0.89 -4.46 -1.57
221 295 154 62 38 0.9 2.76 -5.6 0.64 -4.24 -1.68
222 291 149 60 44 0.84 2.56 -5.38 -2.1 -4.08 -1.35
223 252 143 60 55 0.95 1.8 -5.17 -5.23 -4.1 -0.75
224 286 139 63 53 1.09 1.32 -5.03 -5.13 -3.68 -0.91
225 272 135 63 48 1.15 0.63 -4.49 -4.73 -3.18 -2.23
226 279 130 64 48 0.75 -0.16 -3.62 -7.18 -2.89 -3.04
227 285 139 64 42 0.49 -0.46 -3.1 -7.58 -2.52 -2.69
228 238 130 67 38 0.22 -0.66 -2.22 -7.64 -1.97 -1.62
229 221 127 69 35 -0.23 -0.61 -1.28 -6.91 -1.16 -1.46
230 262 122 72 38 -0.42 -0.56 -0.94 -6.37 -0.89 -1.31
231 245 113 74 34 -0.73 -0.43 -0.34 -4.59 -0.11 -1.51
232 234 111 78 35 -0.9 -0.18 0.11 -3.31 0.43 -1.7
233 196 111 78 33 -0.91 -0.1 0.25 -2.84 0.47 -1.58
234 167 105 83 61 -0.79 -0.11 0.38 -1.88 0.69 -0.99
235 150 108 82 56 -0.73 -0.3 0.46 -1.4 0.53 0.14
236 125 103 83 61 -0.69 -0.37 0.49 -1.23 0.39 0.39
237 111 104 82 66 -0.67 -0.36 0.55 -0.71 0.28 0.39
238 120 112 85 101 -0.63 -0.2 0.6 -0.59 0.02 -0.06
239 103 110 82 107 -0.59 -0.11 0.62 -0.55 -0.11 -0.22
240 102 104 79 98 -0.56 -0.01 0.7 -1.21 -0.74 -0.56
241 90 97 77 83 -0.47 -0.07 0.81 -0.81 -0.81 -0.17
242 91 95 76 73 -0.48 -0.1 0.88 -0.71 -0.79 -0.04
243 78 91 75 62 -0.51 -0.17 0.98 -0.5 -0.62 -0.1
244 106 108 74 63 -0.56 -0.15 1.04 -0.13 -0.55 -0.31
245 93 103 71 54 -0.59 -0.14 1.06 0.26 -0.57 -0.04
246 91 101 69 54 -0.65 -0.06 1.07 0.47 -0.4 0.19
247 78 96 69 48 -0.62 -0.08 1.0 0.94 -0.11 0.4
248 64 104 66 43 -0.56 -0.1 0.94 0.99 0.0 0.32
249 93 122 66 53 -0.49 -0.14 0.81 0.91 0.07 0.18
250 77 117 66 48 -0.41 -0.12 0.7 1.17 0.05 0.79
251 63 106 65 44 -0.39 -0.11 0.66 1.3 0.17 1.18
252 53 100 66 44 -0.32 -0.23 0.53 1.05 0.43 0.86
253 44 96 64 40 -0.22 -0.3 0.4 0.93 0.33 0.27
254 39 92 65 40 -0.19 -0.24 0.37 0.59 0.27 0.03
255 34 91 62 36 -0.16 -0.05 0.36 -0.19 -0.15 -0.56
256 31 91 62 34 -0.25 0.12 0.5 -0.37 -0.41 -0.13
257 27 95 61 38 -0.34 0.17 0.61 -0.42 -0.4 -0.12
258 25 94 61 35 -0.54 0.22 0.84 0.03 -0.5 -0.68
259 26 97 60 32 -0.77 0.38 1.08 -0.21 -0.64 -1.3
260 23 93 59 33 -0.88 0.52 1.17 -0.43 -0.66 -1.66
261 24 90 58 31 -1.09 0.89 1.33 -0.73 -0.78 -2.12
262 24 87 58 29 -1.4 1.11 1.46 0.11 -0.69 -1.24
263 32 91 58 28 -1.55 1.11 1.47 0.26 -0.57 -1.11
264 36 95 59 30 -1.8 0.97 1.42 0.1 -0.52 -1.69
265 41 95 61 35 -1.97 0.79 1.36 0.84 -0.65 -2.01
266 50 93 59 33 -2.09 0.71 1.33 1.09 -0.65 -1.43
267 59 97 58 34 -2.22 0.4 1.13 1.49 -0.41 0.35
268 61 101 58 36 -2.06 0.01 0.83 1.72 0.0 0.37
269 57 99 57 33 -1.92 -0.06 0.67 1.86 0.12 0.09
270 68 98 58 34 -1.7 0.18 0.45 1.79 0.18 0.07
271 62 93 57 32 -1.57 0.39 0.28 1.38 0.19 1.2
272 69 95 57 31 -1.49 0.37 0.18 0.9 -0.04 1.59
273 60 96 56 33 -1.25 0.11 0.09 0.6 0.07 1.3
274 52 100 56 31 -1.1 0.03 -0.03 0.39 -0.07 0.68
275 60 98 56 29 -1.06 0.08 -0.02 0.33 -0.12 0.42
276 52 99 57 35 -0.96 0.24 0.0 0.03 -0.06 -0.13
277 49 100 59 64 -0.91 0.39 0.05 0.22 0.09 -0.95
278 46 100 62 89 -0.92 0.45 0.06 0.37 0.09 -1.22
279 52 105 58 83 -1.03 0.58 0.08 1.23 0.0 -0.71
280 59 107 57 71 -1.18 0.6 0.08 1.74 -0.05 -0.34
281 65 105 57 61 -1.19 0.7 0.05 1.69 0.0 -0.2
282 74 100 57 57 -1.23 0.92 -0.06 1.71 0.15 -0.45
283 61 102 56 50 -1.23 1.03 -0.25 0.72 0.25 -0.26
284 55 101 57 45 -1.22 0.98 -0.35 0.68 -0.01 0.06
285 51 104 58 40 -0.72 0.27 -0.35 -3.86 -1.24 7.57
286 60 103 59 37 -0.36 -2.32 -0.06 0.09 -0.14 4.01
287 57 96 61 34 -0.46 -2.41 0.04 0.77 2.0 -1.13
288 54 91 63 32 0.45 -0.1 -0.05 0.82 0.48 0.42
289 51 90 65 31 0.72 1.23 -0.31 2.32 0.55 0.9
290 52 91 64 29 0.57 1.04 -0.32 2.6 0.64 0.65
291 54 91 64 27 0.16 0.49 -0.24 1.29 0.14 0.15
292 57 91 65 26 -0.09 0.32 -0.16 0.3 -0.33 0.36
293 56 89 65 26 -0.14 0.27 -0.14 -0.56 -0.28 0.23
294 56 86 66 25 -0.14 0.18 -0.13 -1.11 -0.14 -0.32
295 56 84 67 25 -0.04 -0.11 -0.03 -1.0 -0.07 -0.63
296 54 81 67 25 -0.02 -0.23 0.0 -0.74 -0.09 -0.46
297 50 78 68 24 -0.0 -0.46 0.04 0.14 0.12 -0.06
298 54 76 67 24 -0.07 -0.75 0.06 0.3 0.14 0.06
299 49 74 67 24 -0.09 -0.84 0.06 0.3 0.14 0.0
300 47 73 66 24 -0.11 -0.94 0.08 0.04 0.1 0.06
301 48 71 65 24 -0.04 -0.94 0.07 0.11 0.08 0.01
302 45 71 64 23 -0.01 -0.87 0.06 0.46 0.04 0.17
303 43 69 63 23 0.06 -0.64 0.01 0.63 0.03 0.22
-100 -100 -100 -100 -100 -100 -100 -100 -100 -100 -100
304 43 68 64 23 0.1 -0.44 -0.04 0.62 0.09 0.27
305 42 68 64 24 0.11 -0.36 -0.05 0.57 0.07 0.26
306 42 67 63 23 0.11 -0.23 -0.07 0.46 0.06 0.19
307 40 68 65 24 0.11 -0.18 -0.07 0.3 0.08 0.09
308 39 68 65 24 0.1 -0.17 -0.06 0.25 0.13 0.09
309 38 68 65 23 0.08 -0.18 -0.04 0.24 0.11 0.13
310 37 68 66 24 0.05 -0.18 -0.03 0.22 0.12 0.12
311 37 67 65 24 0.04 -0.19 -0.01 0.17 0.09 0.12
312 37 67 65 24 0.01 -0.2 0.02 0.33 0.1 0.13
313 37 67 65 24 0.0 -0.17 0.01 0.31 0.09 0.1
314 38 68 65 24 0.01 -0.16 0.02 0.27 0.13 0.1
315 34 69 65 23 -0.01 -0.11 0.01 0.26 0.11 0.11
316 32 69 64 24 -0.0 -0.07 0.0 0.24 0.09 0.1
317 31 68 63 24 -0.0 -0.05 0.01 0.24 0.11 0.08
318 28 68 63 24 -0.0 -0.03 0.0 0.17 0.1 0.02
319 28 67 63 24 -0.0 -0.03 0.0 0.13 0.07 0.05
320 26 67 63 24 -0.0 -0.03 -0.0 0.11 0.07 0.05
321 26 66 62 24 0.01 -0.03 0.0 0.12 0.05 0.0
322 25 66 60 24 0.01 -0.03 -0.0 0.11 0.04 0.01
323 25 66 61 23 0.02 -0.04 0.0 0.17 0.07 0.04
324 25 65 61 24 0.02 -0.05 0.0 0.18 0.06 0.03
325 25 65 61 26 0.02 -0.05 0.0 0.18 0.09 0.06
326 23 67 61 24 0.02 -0.04 -0.0 0.16 0.08 0.04
327 22 68 60 24 0.02 -0.03 -0.0 0.13 0.12 0.02
328 21 70 61 24 0.01 -0.02 -0.01 0.14 0.15 0.04
329 20 70 60 24 0.0 -0.03 -0.0 0.13 0.1 0.05
330 20 72 60 24 -0.0 -0.04 -0.0 0.17 0.09 0.04
331 19 74 61 24 -0.01 -0.04 0.0 0.19 0.04 0.03
332 19 75 62 24 -0.01 -0.03 0.01 0.18 0.04 0.04
333 19 76 62 23 -0.01 -0.02 0.01 0.18 0.05 0.03
334 18 77 63 24 -0.01 -0.01 0.01 0.13 0.05 0.03
335 19 78 62 24 0.0 -0.0 0.01 0.09 0.07 0.03
336 20 79 62 24 0.01 -0.0 0.0 0.07 0.06 0.0
337 21 79 62 24 0.01 -0.01 -0.0 0.08 0.09 0.02
338 21 77 61 24 0.01 -0.02 -0.01 0.1 0.09 0.02
339 21 81 60 24 0.02 -0.02 -0.01 0.11 0.1 0.05
340 21 75 60 24 0.02 -0.02 -0.02 0.12 0.09 0.04
341 19 72 60 24 0.02 -0.02 -0.02 0.13 0.08 0.05
342 19 71 60 24 0.01 -0.02 -0.02 0.15 0.07 0.02
343 20 70 59 24 0.01 -0.02 -0.01 0.15 0.07 0.02
344 20 69 59 24 0.01 -0.02 -0.01 0.15 0.05 0.03
345 19 68 59 24 0.01 -0.02 -0.01 0.15 0.06 0.03
346 19 67 60 24 0.01 -0.02 -0.01 0.13 0.08 0.05
347 19 67 59 25 0.01 -0.01 -0.01 0.13 0.09 0.02
348 18 67 60 24 0.0 -0.01 -0.01 0.12 0.12 0.03
349 19 67 60 25 0.0 -0.01 -0.01 0.11 0.1 0.05
350 18 66 60 24 0.0 -0.01 -0.0 0.12 0.11 0.05
351 18 66 60 25 -0.01 -0.01 -0.0 0.15 0.08 0.03
352 18 67 61 25 -0.01 -0.01 0.0 0.13 0.07 0.01
353 18 67 61 24 -0.01 -0.01 0.0 0.09 0.03 0.02
354 17 67 60 25 -0.01 -0.01 0.0 0.13 0.06 0.0
355 18 67 61 25 -0.0 -0.01 0.01 0.09 0.06 -0.02
356 17 66 60 24 0.0 -0.0 0.01 0.09 0.07 -0.02
357 17 66 59 25 0.01 -0.01 0.0 0.08 0.09 0.0
358 17 66 59 25 0.01 -0.01 -0.0 0.08 0.09 0.04
359 16 66 59 25 0.0 -0.01 -0.01 0.1 0.1 0.06
360 17 66 59 24 0.0 -0.01 -0.01 0.11 0.1 0.01
361 17 67 59 25 0.0 -0.0 -0.02 0.12 0.09 0.03
362 16 67 60 24 0.0 -0.01 -0.02 0.12 0.06 0.05
363 16 66 60 24 -0.0 -0.01 -0.01 0.13 0.04 0.01
364 17 66 60 24 0.0 -0.01 -0.01 0.1 0.04 0.01
365 16 66 60 24 0.0 -0.01 -0.0 0.11 0.03 0.01
-200 -200 -200 -200 -200 -200 -200 -200 -200 -200 -200
366 16 66 60 24 0.0 -0.0 0.0 0.08 0.08 0.01
367 17 65 61 24 0.0 -0.0 0.0 0.09 0.11 0.03
368 16 65 60 25 0.0 -0.01 -0.0 0.1 0.08 0.04
369 17 65 60 24 -0.0 -0.01 -0.0 0.11 0.08 0.01
370 17 66 60 25 -0.0 -0.01 -0.0 0.11 0.07 0.02
371 16 67 60 24 0.0 -0.0 -0.01 0.09 0.07 0.01
372 16 68 59 24 -0.0 -0.0 -0.01 0.08 0.09 0.02
373 16 68 59 24 0.0 -0.0 -0.0 0.1 0.1 0.03
374 16 69 58 23 0.0 -0.01 -0.0 0.1 0.07 0.03
375 16 70 59 24 0.0 -0.01 -0.01 0.11 0.09 0.0
376 16 71 58 23 0.0 -0.01 -0.01 0.12 0.09 0.04
377 17 71 57 24 0.0 -0.0 -0.01 0.11 0.05 0.01
378 16 71 57 24 0.0 -0.0 -0.01 0.09 0.06 0.0
379 16 71 58 24 0.0 0.0 -0.01 0.07 0.1 0.0
380 16 71 58 23 0.0 -0.0 -0.01 0.07 0.09 0.02
381 16 71 57 24 0.0 -0.0 -0.01 0.05 0.09 0.01
382 16 72 58 24 0.0 -0.01 -0.01 0.08 0.1 0.01
383 16 71 58 24 -0.0 -0.01 -0.01 0.11 0.09 0.03
384 17 70 58 24 -0.0 -0.01 -0.0 0.13 0.09 0.01
385 16 69 58 24 -0.01 -0.01 -0.0 0.12 0.08 0.02
386 16 68 58 23 -0.01 -0.01 0.0 0.11 0.06 0.05
387 16 67 58 23 -0.01 -0.01 0.0 0.07 0.08 0.01
388 16 67 58 24 -0.01 -0.0 0.0 0.1 0.09 0.02
389 16 67 56 24 -0.01 -0.01 0.0 0.11 0.08 0.01
390 16 67 56 23 -0.01 -0.01 -0.0 0.09 0.1 0.02
391 16 68 56 26 -0.02 -0.01 0.0 0.08 0.08 0.03
392 16 68 56 31 -0.02 -0.01 -0.0 0.05 0.06 0.04
393 16 67 56 33 -0.02 -0.01 0.0 0.08 0.06 0.01
394 26 73 55 39 -0.02 -0.02 -0.0 0.03 0.03 0.06
395 31 79 55 50 -0.04 -0.07 0.01 0.03 0.06 0.08
396 50 90 56 59 -0.08 -0.14 0.02 0.17 0.18 0.29
397 115 105 59 83 -0.16 -0.2 0.04 0.01 0.52 0.55
398 154 123 58 133 -0.51 -0.38 0.15 0.04 0.38 0.58
399 141 123 57 116 -0.9 -0.5 0.27 0.16 -0.68 0.59
400 179 132 55 94 -0.69 -0.1 0.24 0.53 -0.44 1.66
401 179 139 54 82 -0.22 0.38 0.18 0.79 -0.06 2.69
402 162 132 53 72 0.18 0.93 0.09 0.63 -0.65 4.04
403 163 147 52 60 0.39 1.26 0.08 1.43 0.17 3.49
404 161 187 51 53 0.88 1.75 -0.0 0.34 -0.94 4.07
405 156 186 50 47 2.11 1.53 -0.52 1.92 3.74 5.17
406 156 176 49 41 2.19 1.29 -0.37 0.83 1.75 4.53
407 155 164 49 37 2.62 0.97 -0.4 0.99 1.68 4.43
408 172 174 49 34 2.96 1.01 -0.53 1.16 1.65 3.67
409 238 183 49 32 3.07 1.07 -0.55 1.11 1.11 2.96
410 212 169 48 30 3.32 1.19 -0.6 1.08 0.92 2.73
411 207 159 48 29 3.5 1.3 -0.62 0.75 0.64 1.37
412 248 152 50 34 3.55 1.22 -0.62 0.85 0.37 0.81
413 251 141 51 32 3.59 1.3 -0.62 0.51 0.27 -0.11
414 203 127 52 30 3.5 1.31 -0.59 0.29 -0.14 -0.74
415 159 118 50 32 3.42 1.11 -0.57 -0.41 -0.74 -1.47
416 130 109 49 31 3.16 0.37 -0.51 -0.59 -0.83 -1.73
417 107 104 53 33 2.82 -0.4 -0.39 -1.38 -1.0 -2.88
418 85 96 57 33 2.6 -0.63 -0.3 -2.66 -1.21 -3.3
419 70 92 60 33 2.13 -0.86 -0.03 -3.42 -1.48 -3.4
420 60 90 60 34 1.75 -1.41 0.33 -5.14 -1.85 -3.67
421 49 96 59 43 1.56 -1.94 0.56 -5.47 -2.16 -3.59
422 43 96 60 39 1.17 -2.92 1.1 -5.31 -2.42 -3.3
423 37 90 61 37 0.75 -3.13 1.77 -4.71 -2.59 -3.56
424 32 88 75 34 0.5 -2.88 2.11 -5.04 -2.97 -3.63
425 29 88 82 37 0.04 -2.44 2.8 -5.15 -3.03 -3.57
426 26 86 85 35 -0.48 -2.33 3.47 -5.26 -3.47 -3.27
427 24 94 85 33 -0.76 -2.37 3.77 -4.48 -4.02 -2.98
428 29 96 85 32 -1.17 -2.49 4.3 -4.24 -4.18 -3.07
429 55 110 83 29 -1.4 -2.46 4.79 -3.12 -4.6 -3.43
430 142 119 82 29 -1.38 -2.43 4.97 -2.71 -4.53 -3.1
431 194 133 81 28 -1.37 -2.36 5.24 -1.44 -4.73 -2.72
432 178 145 84 27 -1.26 -2.29 5.39 0.05 -4.48 -2.37
433 279 176 84 27 -1.21 -2.23 5.43 0.48 -4.48 -3.45
434 266 181 85 26 -1.24 -2.15 5.29 1.42 -4.99 -3.77
435 248 172 88 27 -1.05 -1.85 4.61 5.17 -4.99 -3.25
436 217 163 88 27 -0.89 -1.44 4.1 9.8 -4.48 -1.14
437 274 165 92 26 -0.53 -0.57 2.9 11.62 -3.33 0.79
438 264 166 92 25 -0.37 -0.22 1.64 11.37 -3.08 1.21
439 228 168 93 25 -0.22 -0.27 0.91 11.65 -2.94 1.12
440 193 174 91 25 0.21 -0.1 -0.62 11.65 -2.08 0.56
441 211 175 90 26 0.17 0.61 -1.92 9.83 -1.89 0.44
442 203 168 88 28 0.16 1.0 -2.49 9.01 -2.02 0.62
443 214 171 87 27 0.17 1.49 -3.38 5.98 -2.74 0.59
444 191 170 85 26 0.3 1.43 -4.06 5.0 -3.29 0.19
445 190 170 84 26 0.43 1.3 -4.3 4.13 -3.5 -0.46
446 175 172 83 25 0.7 1.09 -4.64 3.58 -4.08 -0.93
447 202 162 80 25 1.01 1.1 -4.86 1.84 -4.51 -0.62
448 219 152 78 25 1.1 1.26 -4.96 1.47 -4.59 -0.31
449 203 154 75 33 1.18 1.76 -5.09 0.91 -4.73 -0.27
450 232 154 72 31 1.25 2.34 -5.15 -0.61 -4.33 -1.26
451 226 165 69 30 1.27 2.59 -5.14 -0.84 -4.26 -1.41
452 223 156 66 28 1.37 3.01 -5.0 -2.08 -4.01 -2.11
453 286 157 63 47 1.57 3.22 -4.86 -2.68 -4.15 -2.36
454 295 152 64 66 1.75 3.33 -4.77 -2.62 -3.91 -2.49
455 277 156 64 60 1.98 3.68 -4.57 -4.65 -4.02 -2.57
456 270 143 62 61 1.96 3.02 -4.08 -5.73 -3.84 -2.28
457 293 135 59 54 1.93 2.25 -3.84 -6.24 -3.63 -1.91
458 311 132 59 54 1.67 0.71 -3.19 -5.52 -3.01 -1.61
459 310 135 57 52 1.09 0.05 -2.33 -6.04 -2.07 -2.6
460 266 130 58 45 0.81 0.18 -1.9 -6.1 -1.74 -2.91
461 250 125 57 40 0.43 0.77 -1.21 -4.97 -0.59 -3.37
462 213 119 62 46 0.15 0.92 -0.71 -4.31 -0.11 -2.89
463 184 113 65 41 0.01 0.65 -0.48 -4.29 0.12 -2.88
464 179 113 63 40 -0.19 -0.19 -0.07 -3.75 0.53 -2.6
465 163 108 65 36 -0.32 -0.6 0.25 -3.12 0.83 -2.3
466 142 102 68 38 -0.39 -0.58 0.4 -2.99 0.87 -1.67
467 132 102 67 34 -0.5 -0.33 0.68 -2.87 0.78 -0.94
468 118 105 72 66 -0.61 -0.08 0.92 -3.26 0.62 -0.74
469 105 98 70 62 -0.64 0.0 1.03 -3.46 0.57 -0.9
470 95 95 71 67 -0.62 0.03 1.27 -3.77 0.26 -1.5
471 85 94 69 70 -0.58 -0.2 1.58 -4.11 -0.23 -1.52
472 74 95 70 60 -0.59 -0.39 1.78 -4.27 -0.49 -1.47
473 66 99 69 58 -0.69 -0.76 2.24 -4.31 -1.16 -1.27
474 58 99 66 54 -0.9 -1.12 2.76 -3.84 -1.5 -1.3
475 49 94 65 49 -1.02 -1.27 3.04 -3.49 -1.79 -1.26
476 43 90 63 47 -1.32 -1.51 3.58 -3.16 -2.17 -1.66
477 37 92 61 43 -1.55 -1.57 4.06 -2.25 -2.71 -1.44
478 32 100 62 40 -1.7 -1.61 4.3 -1.61 -3.0 -1.09
479 29 95 67 42 -1.94 -1.77 4.73 -1.6 -3.63 -0.67
480 32 90 63 40 -1.93 -1.98 5.01 -0.53 -4.06 -0.65
481 55 117 65 40 -1.87 -2.11 5.11 -0.03 -4.19 -0.73
482 60 116 68 39 -1.67 -2.41 5.25 1.79 -4.09 -0.07
483 52 137 68 36 -1.52 -2.73 5.29 1.94 -3.87 -0.44
484 43 142 68 35 -1.48 -2.74 5.27 1.69 -3.73 -1.13
485 38 133 69 32 -1.48 -2.19 5.11 1.99 -4.22 -3.07
486 47 130 71 35 -1.4 -1.36 4.63 2.83 -4.44 -2.47
487 49 139 72 33 -1.35 -1.09 4.29 4.82 -4.86 -0.69
488 68 138 72 32 -0.94 -1.0 3.48 6.6 -4.11 0.68
489 96 128 71 30 -0.56 -1.05 2.73 7.8 -3.32 1.06
490 114 126 72 29 -0.37 -1.01 2.29 7.89 -2.96 0.85
491 111 134 69 30 -0.12 -0.72 1.34 8.17 -1.95 0.31
492 110 134 70 29 -0.08 -0.22 0.4 8.31 -1.68 0.26
493 135 148 71 30 -0.05 -0.03 -0.04 8.09 -1.58 0.23
494 139 152 70 28 0.13 0.14 -0.87 7.04 -1.51 0.12
495 175 171 69 28 0.22 0.22 -1.24 6.25 -1.47 -0.02
496 221 163 68 31 0.31 0.37 -1.96 5.4 -1.63 -0.05
497 213 154 68 30 0.34 0.47 -2.58 4.54 -2.04 -0.32
498 208 153 67 28 0.39 0.51 -2.84 3.95 -2.26 -1.14
499 308 158 67 27 0.5 0.68 -3.23 3.62 -2.47 -1.56
500 353 163 67 27 0.61 1.5 -3.71 3.43 -2.81 -1.96
501 348 174 64 27 0.61 1.5 -3.71 2.0 -3.25 -1.71
502 395 196 64 25 0.64 1.86 -4.01 1.92 -3.3 -1.65
503 402 199 63 25 0.81 2.12 -4.46 1.53 -3.52 -1.39
504 373 196 62 25 0.81 2.12 -4.46 1.46 -3.75 -1.42
505 384 223 62 24 1.07 3.02 -4.7 -0.56 -3.95 -1.26
506 392 209 61 25 1.52 3.73 -4.97 -1.65 -3.92 -0.95
507 408 206 62 25 1.95 2.85 -5.07 -2.71 -3.68 -0.2
508 338 184 62 26 2.19 2.24 -5.11 -2.57 -3.51 0.06
509 291 176 64 26 2.33 1.4 -5.12 -2.95 -3.49 0.26
510 287 162 65 25 2.24 1.35 -4.99 -4.04 -3.77 -1.11
511 299 158 64 27 1.99 1.46 -4.51 -4.65 -3.86 -1.58
512 251 147 63 28 1.66 1.31 -3.85 -6.42 -3.98 -2.87
513 209 133 63 28 1.41 1.01 -3.39 -7.0 -3.81 -3.58
514 187 128 64 27 0.87 0.44 -2.4 -7.28 -3.62 -3.85
515 195 124 65 26 0.26 0.2 -1.36 -6.95 -2.54 -4.33
516 178 125 67 35 -0.0 0.11 -0.93 -6.44 -1.78 -4.24
517 154 115 68 33 -0.45 -0.04 -0.24 -5.38 -1.19 -3.59
518 144 109 69 31 -0.81 -0.28 0.26 -4.58 -0.82 -3.18
519 120 105 71 33 -0.97 -0.39 0.45 -3.0 -0.52 -2.16
520 125 102 68 32 -1.23 -0.38 0.75 -2.58 -0.39 -1.85
521 121 98 69 36 -1.38 -0.13 0.92 -2.1 -0.61 -1.65
522 136 97 69 34 -1.39 -0.02 0.98 -2.02 -0.74 -1.94
523 111 95 65 32 -1.39 0.03 1.08 -1.74 -0.75 -1.71
524 101 91 67 35 -1.41 -0.16 1.18 -1.54 -0.98 -1.12
525 87 87 65 32 -1.44 -0.27 1.23 -1.11 -1.04 -0.99
526 71 85 64 32 -1.53 -0.33 1.32 -0.81 -1.38 -1.34
527 89 92 62 32 -1.66 -0.1 1.39 -0.49 -1.65 -1.92
528 83 91 61 29 -1.75 0.08 1.44 -0.16 -1.84 -1.31
529 74 92 59 33 -1.97 0.32 1.47 -0.54 -1.63 -1.16
530 63 94 57 31 -2.11 0.27 1.41 -0.12 -1.65 -1.11
531 53 94 55 29 -2.16 0.22 1.38 0.82 -1.39 -1.61
532 45 94 57 32 -2.22 0.15 1.27 1.12 -1.33 -1.72
533 48 92 56 31 -2.24 0.26 1.14 1.82 -1.18 -1.32
534 43 92 56 31 -2.29 0.33 1.08 2.14 -0.86 -0.64
535 70 92 56 33 -2.42 0.38 0.95 1.73 -0.73 -0.65
536 80 93 55 31 -2.61 0.28 0.85 1.32 -0.57 -0.41
537 88 91 58 50 -2.72 0.17 0.83 0.77 -0.43 0.26
538 72 94 56 47 -2.76 -0.17 0.57 0.91 -0.23 0.69
539 61 92 56 52 -2.67 -0.46 0.42 1.37 -0.18 1.18
540 57 94 55 50 -2.59 -0.52 0.38 0.86 -0.18 1.97
541 49 91 54 43 -2.39 -0.55 0.34 0.4 -0.08 2.64
542 67 93 54 40 -2.22 -0.7 0.36 -0.01 0.16 3.79
543 59 93 53 36 -2.11 -0.82 0.34 -0.66 0.5 3.24
544 50 91 54 39 -1.77 -1.11 0.28 -0.82 0.55 2.66
545 43 87 53 36 -1.44 -1.34 0.26 0.07 0.81 1.48
546 39 88 52 33 -1.32 -1.35 0.25 0.6 0.79 1.52
547 42 91 52 31 -1.16 -1.2 0.22 0.87 0.84 1.89
548 89 90 52 29 -1.03 -0.99 0.13 0.84 0.7 1.55
549 78 90 51 28 -1.0 -0.91 0.1 0.03 0.81 0.29
550 64 92 52 32 -0.89 -1.09 0.02 -0.27 1.06 0.77
551 56 101 50 31 -0.66 -1.76 0.07 -1.79 0.65 4.33
552 49 98 53 29 -0.45 -2.1 0.04 -1.85 0.34 4.7
553 43 98 61 28 0.06 -1.76 0.1 -0.17 0.43 3.15
554 40 96 66 27 0.25 -0.33 0.04 1.37 0.89 0.0
555 36 94 63 26 0.21 0.12 -0.04 0.89 0.69 -0.18
556 43 95 59 25 0.06 0.44 -0.14 0.49 0.56 -0.25
557 39 94 57 25 -0.08 0.26 -0.16 -0.62 0.24 -0.11
558 35 93 55 24 -0.1 0.12 -0.14 -1.43 -0.08 -0.21
559 30 92 53 24 -0.02 -0.2 -0.06 -1.27 -0.11 -0.37
560 27 90 52 24 0.06 -0.28 -0.02 -0.77 -0.13 -0.36
561 25 86 53 24 0.06 -0.28 -0.02 -0.32 0.05 -0.06
562 23 84 52 28 0.05 -0.24 -0.02 -0.19 0.11 0.02
563 23 81 51 25 0.01 -0.18 0.01 0.2 0.27 0.09
564 24 77 51 25 0.02 -0.12 0.01 0.17 0.31 0.03
565 22 78 51 24 0.03 0.02 -0.0 -0.08 0.3 0.0
-100 -100 -100 -100 -100 -100 -100 -100 -100 -100 -100
566 34 76 52 24 0.03 0.09 -0.02 -0.4 0.32 0.0
567 29 74 51 24 0.03 0.11 -0.03 -0.67 0.34 -0.15
568 27 74 49 24 0.01 0.08 -0.03 -0.66 0.41 -0.19
569 25 72 50 23 0.02 0.02 -0.03 -0.61 0.37 -0.21
570 27 72 49 24 0.03 0.0 -0.02 -0.47 0.34 -0.14
571 31 72 50 26 0.04 -0.03 -0.02 -0.39 0.34 -0.12
572 32 73 52 26 0.03 -0.01 -0.04 -0.34 0.3 -0.06
573 30 71 54 25 0.04 0.01 -0.04 -0.3 0.24 -0.09
574 31 73 52 24 0.05 0.03 -0.06 -0.31 0.25 -0.1
575 30 74 52 24 0.07 0.04 -0.07 -0.33 0.21 -0.13
576 27 75 56 24 0.07 0.04 -0.08 -0.37 0.2 -0.16
577 24 76 54 24 0.09 0.04 -0.09 -0.38 0.2 -0.12
578 26 78 53 23 0.09 0.02 -0.09 -0.33 0.25 -0.06
579 25 75 53 23 0.08 0.01 -0.08 -0.26 0.22 -0.05
580 23 77 54 26 0.08 -0.0 -0.07 -0.21 0.2 -0.05
581 23 76 55 25 0.07 -0.0 -0.06 -0.14 0.2 0.0
582 22 76 54 25 0.05 0.01 -0.05 -0.16 0.17 -0.01
583 34 76 57 25 0.04 0.03 -0.04 -0.15 0.19 -0.03
584 33 76 57 24 0.02 0.03 -0.02 -0.18 0.22 0.0
585 34 78 56 24 0.01 0.03 -0.01 -0.24 0.24 -0.05
586 30 77 56 24 -0.0 0.02 0.0 -0.26 0.23 -0.09
587 28 77 55 27 -0.02 0.01 0.01 -0.25 0.22 -0.05
588 25 76 54 26 -0.02 0.01 0.02 -0.25 0.22 -0.05
589 32 74 54 26 -0.03 0.0 0.02 -0.25 0.21 -0.07
590 30 76 53 25 -0.02 0.0 0.01 -0.25 0.2 -0.06
591 32 76 54 24 -0.02 0.0 0.01 -0.25 0.16 -0.1
592 28 77 52 24 -0.02 0.01 0.01 -0.27 0.14 -0.07
593 28 76 51 24 -0.01 0.01 0.01 -0.24 0.16 -0.07
594 28 76 53 28 -0.01 0.01 0.0 -0.26 0.15 -0.09
595 34 76 55 26 0.0 0.01 -0.0 -0.25 0.16 -0.1
596 36 75 55 26 0.0 0.0 -0.01 -0.24 0.2 -0.05
597 37 72 53 26 -0.0 -0.0 -0.01 -0.28 0.18 -0.04
598 33 72 53 25 -0.01 -0.01 -0.01 -0.21 0.16 -0.06
599 31 71 55 25 -0.01 -0.01 -0.0 -0.21 0.15 -0.05
600 28 71 55 28 -0.01 -0.0 -0.0 -0.18 0.13 -0.05
601 26 70 56 27 -0.01 -0.0 -0.0 -0.2 0.13 -0.07
602 25 72 59 27 -0.01 -0.01 -0.0 -0.2 0.12 -0.07
603 27 71 56 25 -0.01 -0.01 -0.0 -0.19 0.14 -0.04
604 36 72 56 25 -0.01 -0.01 0.0 -0.21 0.17 -0.03
605 32 71 56 24 -0.0 -0.01 -0.0 -0.23 0.17 -0.07
606 30 70 59 30 -0.0 -0.0 -0.01 -0.21 0.14 -0.05
607 27 69 57 29 -0.0 -0.01 -0.01 -0.21 0.14 -0.03
608 26 71 58 27 0.0 -0.01 -0.01 -0.18 0.11 -0.07
609 28 72 56 27 0.0 -0.01 -0.01 -0.16 0.12 -0.07
610 38 75 56 26 0.01 -0.01 -0.01 -0.19 0.11 -0.06
611 39 73 57 29 0.0 -0.01 -0.02 -0.18 0.14 -0.05
612 36 72 58 28 0.0 -0.01 -0.02 -0.16 0.13 -0.04
613 37 72 57 31 -0.0 -0.01 -0.02 -0.17 0.14 -0.05
614 33 71 59 26 -0.01 -0.01 -0.02 -0.15 0.13 -0.01
615 39 75 57 26 -0.01 -0.02 -0.01 -0.15 0.12 -0.01
616 35 74 59 29 -0.01 -0.03 -0.01 -0.14 0.12 -0.05
617 31 73 58 28 -0.02 -0.03 -0.0 -0.16 0.11 -0.08
618 29 72 57 27 -0.01 -0.03 0.0 -0.15 0.09 -0.09
619 32 72 56 26 -0.01 -0.02 -0.01 -0.15 0.09 0.0
620 30 73 57 25 -0.01 -0.01 -0.01 -0.19 0.14 -0.04
621 34 75 57 30 -0.01 -0.01 -0.01 -0.21 0.13 -0.02
622 30 75 55 28 -0.02 -0.02 -0.01 -0.17 0.14 -0.07
623 27 72 56 28 -0.01 -0.03 -0.01 -0.15 0.12 -0.03
624 25 71 55 27 -0.02 -0.03 -0.01 -0.12 0.12 -0.03
625 23 71 59 26 -0.01 -0.02 -0.01 -0.14 0.08 -0.05
626 22 72 58 29 -0.01 -0.03 -0.01 -0.14 0.06 -0.06
627 23 73 58 28 -0.01 -0.03 -0.01 -0.14 0.09 -0.07
628 28 76 58 27 -0.0 -0.02 -0.01 -0.14 0.08 -0.06
-200 -200 -200 -200 -200 -200 -200 -200 -200 -200 -200
629 27 74 57 26 -0.0 -0.02 -0.01 -0.13 0.09 -0.03
630 27 74 57 28 -0.01 -0.02 -0.01 -0.13 0.13 -0.02
631 25 73 59 27 -0.01 -0.02 -0.01 -0.13 0.09 -0.06
632 23 73 59 26 -0.0 -0.01 -0.01 -0.17 0.09 -0.08
633 21 74 58 24 0.0 -0.02 -0.01 -0.16 0.09 -0.06
634 24 76 57 25 0.01 -0.02 -0.01 -0.15 0.12 -0.03
635 24 75 57 29 0.0 -0.02 -0.0 -0.08 0.15 -0.06
636 23 75 57 28 0.0 -0.02 -0.01 -0.14 0.13 -0.03
637 23 74 56 27 -0.0 -0.02 -0.01 -0.09 0.11 -0.04
638 22 75 61 26 -0.0 -0.02 -0.01 -0.11 0.1 -0.04
639 23 77 59 25 -0.0 -0.02 -0.01 -0.11 0.09 -0.04
640 28 77 58 29 -0.01 -0.02 -0.0 -0.12 0.08 -0.06
641 27 77 59 28 -0.0 -0.02 -0.0 -0.1 0.11 -0.02
642 27 74 57 27 -0.01 -0.02 -0.0 -0.12 0.11 -0.03
643 23 75 57 26 -0.01 -0.02 -0.0 -0.14 0.1 -0.04
644 23 75 58 26 -0.01 -0.01 -0.0 -0.14 0.11 -0.05
645 30 74 58 32 -0.0 -0.01 -0.01 -0.15 0.09 -0.05
646 27 72 57 31 -0.0 -0.01 -0.0 -0.15 0.1 -0.04
647 25 72 56 29 -0.0 -0.01 -0.0 -0.13 0.07 -0.04
648 28 75 57 35 -0.0 -0.01 -0.0 -0.14 0.09 -0.01
649 35 75 57 32 -0.01 -0.03 0.0 -0.1 0.1 -0.03
650 33 78 57 36 -0.02 -0.03 0.0 -0.11 0.1 0.01
651 50 86 56 45 -0.03 -0.04 0.01 -0.04 0.09 0.1
652 103 91 58 77 -0.09 -0.14 0.03 -0.02 0.09 0.22
653 103 101 57 72 -0.17 -0.19 0.06 -0.26 0.22 0.16
654 127 117 55 76 -0.24 -0.21 0.08 -0.33 0.23 0.09
655 139 122 54 66 -0.31 -0.14 0.14 -0.01 -0.09 0.16
656 144 124 57 61 -0.17 -0.1 0.12 0.08 -0.08 0.17
657 173 123 56 53 -0.05 -0.06 0.09 0.4 -0.14 0.4
658 160 131 56 48 0.1 0.13 -0.0 0.32 -0.06 1.1
659 182 139 55 43 0.19 0.37 -0.15 0.44 0.05 0.78
660 189 141 58 59 0.26 0.49 -0.24 0.23 0.26 1.0
661 168 137 59 59 0.48 0.66 -0.42 -0.18 0.75 1.73
662 180 135 56 52 0.58 0.65 -0.47 -0.3 0.36 2.23
663 158 145 55 45 0.82 0.84 -0.49 -0.5 0.4 2.19
664 204 141 57 41 1.14 0.65 -0.54 -1.69 1.12 2.89
665 211 134 58 42 1.67 0.05 -0.59 -0.29 1.61 2.77
666 202 138 58 37 1.62 -0.83 -0.51 0.26 2.12 2.56
667 183 144 58 34 1.72 -0.63 -0.43 0.95 1.74 2.74
668 186 171 57 34 1.84 -0.01 -0.48 0.96 1.7 2.89
669 194 164 58 32 1.88 0.17 -0.5 0.71 1.51 2.8
670 257 172 59 30 2.01 0.19 -0.55 0.22 1.48 2.34
671 224 161 59 30 2.08 0.07 -0.56 0.07 1.64 1.64
672 225 157 61 33 2.16 -0.29 -0.52 0.01 1.52 1.46
673 228 143 60 31 2.29 -0.63 -0.45 0.0 1.5 1.23
674 199 148 60 29 2.32 -0.73 -0.43 -0.09 1.33 0.99
675 183 155 61 28 2.35 -0.72 -0.44 -0.17 1.18 0.9
676 159 162 61 29 2.34 -0.5 -0.48 -0.1 1.02 0.62
677 158 153 64 31 2.31 -0.22 -0.54 -0.53 0.68 0.1
678 131 136 63 29 2.28 -0.15 -0.57 -0.98 0.31 -0.33
679 118 130 65 28 2.26 -0.16 -0.56 -1.64 -0.46 -0.51
680 101 121 64 27 2.22 -0.2 -0.56 -2.38 -1.06 -1.45
681 87 116 66 27 2.09 -0.26 -0.44 -2.46 -1.41 -1.64
682 75 119 67 33 1.92 -0.23 -0.21 -2.95 -1.89 -1.85
683 63 119 68 31 1.82 -0.18 -0.08 -3.63 -2.39 -2.0
684 53 130 69 30 1.58 -0.16 0.29 -3.93 -2.53 -2.21
685 46 126 66 32 1.3 -0.42 0.74 -4.65 -2.98 -2.87
686 40 127 67 30 1.0 -0.75 1.24 -5.35 -3.04 -3.36
687 34 121 67 32 0.86 -0.9 1.53 -5.57 -3.05 -3.35
688 31 117 68 49 0.5 -0.96 2.19 -5.63 -3.4 -2.96
689 28 143 69 44 0.29 -0.99 2.53 -5.53 -3.55 -2.52
690 28 151 75 41 -0.13 -1.11 3.2 -4.81 -3.82 -2.21
691 28 160 79 39 -0.48 -1.28 3.85 -4.47 -3.97 -1.83
692 61 151 82 44 -0.64 -1.42 4.17 -3.61 -4.23 -1.13
693 155 151 84 41 -0.72 -1.76 4.64 -3.29 -4.34 -0.94
694 150 152 87 39 -0.65 -2.0 4.93 -1.24 -4.45 -0.9
695 179 153 87 37 -0.6 -2.06 5.02 0.08 -3.93 -1.39
696 203 155 85 34 -0.49 -2.0 5.12 0.32 -3.68 -1.75
697 189 160 84 32 -0.71 -1.66 5.05 0.68 -4.02 -3.14
698 166 182 84 29 -0.81 -1.47 4.84 1.72 -4.5 -3.25
699 167 179 86 37 -0.67 -1.07 4.05 5.15 -4.51 -2.0
700 168 174 87 34 -0.33 -0.66 3.0 7.59 -3.25 -0.57
701 244 173 86 32 -0.27 -0.46 2.53 8.31 -2.51 0.21
702 238 190 86 30 -0.22 -0.26 1.58 8.3 -2.27 0.12
703 270 188 85 29 -0.04 -0.2 0.51 8.6 -1.85 -0.03
704 234 185 84 26 -0.01 -0.03 -0.01 8.98 -1.41 0.07
705 226 178 82 27 -0.02 0.59 -1.05 8.59 -1.48 0.12
706 203 176 81 26 0.17 1.13 -1.94 7.02 -1.47 0.29
707 207 173 80 26 0.18 1.26 -2.34 5.8 -2.15 0.36
708 261 162 78 26 0.23 1.35 -3.06 4.81 -2.37 0.18
709 263 158 76 25 0.36 1.4 -3.6 4.52 -2.63 -0.13
710 252 159 75 25 0.42 1.49 -3.81 4.22 -2.81 -0.43
711 232 154 70 30 0.58 1.75 -4.15 3.02 -3.27 -1.18
712 251 158 71 29 0.76 2.05 -4.47 2.57 -3.67 -1.03
713 267 171 70 28 0.82 2.19 -4.63 1.48 -4.19 -0.23
714 297 169 67 27 1.03 2.44 -4.96 1.31 -4.26 -0.19
715 331 175 65 28 1.28 2.75 -5.18 -0.33 -4.32 -1.25
716 340 168 62 31 1.44 2.87 -5.26 -0.63 -4.31 -1.6
717 386 160 60 30 1.79 3.08 -5.35 -0.94 -4.2 -1.63
718 396 152 60 46 2.06 3.2 -5.41 -2.46 -4.31 -1.55
719 364 149 59 42 2.19 3.14 -5.36 -2.71 -4.09 -1.63
720 352 146 60 38 2.22 2.99 -5.08 -3.31 -3.96 -1.68
721 328 137 62 35 2.09 3.19 -4.63 -3.7 -3.63 -2.35
722 330 139 63 35 1.95 3.37 -4.29 -6.41 -3.74 -3.94
723 287 133 64 32 1.66 2.68 -3.49 -6.34 -3.44 -3.9
724 258 137 66 43 1.29 0.38 -2.66 -7.04 -2.67 -3.14
725 254 130 68 38 1.03 -0.7 -2.17 -7.06 -2.16 -3.21
726 242 127 71 35 0.44 -1.68 -1.22 -7.11 -1.35 -3.28
727 215 120 75 35 0.04 -1.13 -0.48 -5.91 -0.44 -2.75
728 194 112 78 33 -0.07 -0.63 -0.24 -5.4 0.14 -2.53
729 165 112 81 37 -0.28 0.16 0.16 -4.64 0.5 -2.01
730 152 106 85 35 -0.36 0.38 0.48 -4.02 0.6 -1.8
731 130 107 86 49 -0.39 0.29 0.62 -3.68 0.7 -1.89
732 116 101 89 80 -0.39 -0.01 0.89 -3.38 0.57 -1.77
733 107 104 89 71 -0.42 -0.13 1.17 -3.25 0.25 -1.77
734 93 96 88 61 -0.45 -0.08 1.3 -3.64 -0.1 -1.96
735 80 95 89 73 -0.53 0.0 1.59 -3.94 -0.45 -2.29
736 67 94 89 65 -0.68 -0.22 1.96 -3.9 -0.87 -1.88
737 56 96 87 59 -0.8 -0.45 2.17 -3.93 -1.12 -1.85
738 47 98 84 65 -1.03 -0.94 2.61 -3.51 -1.65 -1.62
739 41 100 82 60 -1.26 -1.23 3.03 -3.31 -1.9 -1.76
740 36 97 82 52 -1.38 -1.3 3.26 -3.25 -2.03 -1.91
741 32 98 78 50 -1.63 -1.38 3.68 -2.78 -2.57 -1.62
742 28 111 75 44 -1.76 -1.54 4.06 -2.59 -2.73 -1.42
743 25 124 71 41 -1.85 -1.64 4.24 -2.42 -3.27 -1.52
744 24 132 68 36 -1.94 -1.93 4.56 -2.02 -3.8 -1.16
745 29 137 67 34 -1.87 -2.2 4.87 -0.44 -4.19 0.05
746 47 140 66 36 -1.76 -2.3 4.98 -0.09 -4.12 0.06
747 55 152 69 50 -1.49 -2.66 5.1 -0.28 -3.82 -0.57
748 51 142 70 52 -1.3 -3.27 5.21 0.0 -4.03 -1.44
749 126 137 71 46 -1.23 -3.46 5.25 0.5 -4.16 -1.59
750 214 138 67 42 -1.05 -3.25 5.22 2.77 -4.56 -1.75
751 219 160 65 39 -0.91 -2.46 4.93 4.75 -4.54 -1.3
752 252 191 64 35 -0.78 -2.04 4.68 6.83 -4.69 -0.81
753 253 217 62 32 -0.46 -1.26 3.89 7.98 -4.34 -0.19
754 249 202 62 34 -0.11 -0.95 2.77 10.57 -3.74 -0.39
755 249 190 62 32 -0.03 -0.87 2.13 11.24 -3.38 -0.2
756 237 171 61 32 0.1 -0.49 0.76 11.56 -2.55 0.35
757 250 166 59 31 0.1 0.09 -0.55 9.58 -1.85 0.54
758 217 169 58 29 0.06 0.35 -1.15 8.78 -1.62 0.41
759 195 195 57 31 0.01 0.76 -2.19 6.41 -1.86 0.04
760 179 187 55 30 0.15 0.93 -2.97 5.33 -2.19 -0.08
761 194 173 54 29 0.15 0.92 -3.29 4.81 -2.47 -0.26
762 226 158 52 28 0.29 0.95 -3.74 3.68 -3.09 -0.67
763 215 151 51 27 0.5 1.15 -4.09 2.95 -3.84 -0.66
764 246 152 50 26 0.61 1.28 -4.18 2.53 -4.05 -0.59
765 226 181 51 32 0.67 1.69 -4.41 2.1 -4.48 -0.8
766 238 193 50 30 0.79 2.03 -4.62 0.71 -4.64 -1.09
767 223 177 51 29 0.84 2.21 -4.7 0.55 -4.68 -1.26
768 231 174 53 29 0.99 2.59 -4.82 -0.12 -4.58 -1.45
769 254 165 57 27 1.11 3.02 -4.87 -0.46 -4.79 -1.42
770 290 164 60 31 1.22 3.26 -4.88 -0.69 -4.97 -1.53
771 262 150 64 34 1.65 3.77 -4.94 -1.83 -4.69 -1.91
772 288 145 68 32 2.0 4.45 -4.87 -2.16 -4.23 -2.14
773 242 133 70 31 2.19 4.85 -4.79 -3.65 -4.07 -2.45
774 245 124 72 31 2.39 5.09 -4.55 -4.54 -3.81 -2.93
775 238 121 74 29 2.49 3.78 -4.18 -5.1 -3.74 -3.14
776 208 119 77 28 2.49 2.95 -3.97 -5.26 -3.58 -3.27
777 200 124 81 43 2.15 1.55 -3.31 -5.01 -3.24 -3.48
778 183 122 83 49 1.53 1.26 -2.51 -6.22 -2.98 -4.42
779 181 122 85 56 1.22 1.32 -2.14 -6.96 -2.66 -5.23
780 168 118 86 49 0.65 0.8 -1.39 -5.73 -1.57 -5.02
781 148 120 91 61 0.14 -0.1 -0.77 -4.97 -0.94 -4.85
782 140 115 94 65 -0.11 -0.43 -0.45 -4.67 -0.57 -4.43
783 125 117 93 61 -0.55 -0.57 0.08 -3.74 -0.23 -3.95
784 113 116 94 54 -0.93 -0.36 0.42 -2.38 0.05 -2.8
785 99 110 96 47 -1.08 -0.25 0.55 -2.27 0.15 -2.49
786 93 104 97 43 -1.31 -0.21 0.76 -1.93 0.08 -1.89
787 79 98 99 42 -1.5 -0.46 0.96 -1.3 0.06 -1.82
788 71 97 97 48 -1.53 -0.56 1.0 -1.14 -0.05 -1.91
789 74 97 95 46 -1.59 -0.77 1.11 -0.73 -0.48 -1.29
790 74 95 98 50 -1.67 -0.98 1.23 -0.66 -0.82 -0.78
791 79 92 96 59 -1.71 -1.07 1.28 -0.53 -0.85 -0.64
792 67 91 94 80 -1.79 -1.29 1.37 -0.75 -1.18 -0.67
793 57 93 92 70 -1.84 -1.51 1.43 -0.39 -1.52 -1.31
794 49 94 91 61 -1.86 -1.55 1.46 -0.24 -1.51 -1.65
795 46 90 87 55 -1.95 -1.49 1.57 0.32 -1.51 -1.7
796 55 91 86 48 -2.11 -1.52 1.7 0.65 -1.79 -0.59
797 60 87 87 43 -2.22 -1.63 1.76 0.85 -1.76 -0.2
798 55 89 85 38 -2.45 -1.91 1.8 0.67 -1.52 -0.15
799 51 88 84 36 -2.52 -2.27 1.73 0.13 -1.41 -1.0
800 47 85 83 33 -2.49 -2.32 1.67 0.47 -1.25 -1.44
801 52 85 85 36 -2.48 -2.01 1.59 2.0 -1.13 -1.1
802 62 88 84 31 -2.52 -1.57 1.49 2.19 -1.2 -0.24
803 87 96 85 32 -2.49 -1.39 1.4 2.07 -1.33 0.09
804 81 97 85 30 -2.44 -1.23 1.22 1.53 -1.06 -0.24
805 77 99 86 28 -2.36 -1.39 1.01 1.32 -1.16 -0.55
806 66 94 87 29 -2.26 -1.4 0.91 1.61 -0.94 -0.43
807 59 94 87 28 -2.08 -1.11 0.78 1.67 -0.7 -0.42
808 69 101 88 27 -2.05 -0.6 0.77 1.47 -0.51 0.81
809 66 105 90 27 -2.05 -0.34 0.71 1.53 -0.53 1.36
810 75 99 91 26 -2.0 0.0 0.53 1.59 -0.25 1.91
811 69 94 91 25 -1.66 0.31 0.34 1.68 0.05 1.24
812 60 91 94 26 -1.48 0.63 0.24 1.78 0.15 0.88
813 51 93 94 28 -1.24 1.66 0.03 1.5 0.37 0.82
814 44 97 95 31 -1.15 2.39 -0.05 0.51 0.11 1.51
815 41 104 94 33 -1.09 2.45 -0.12 0.28 0.15 1.58
816 37 104 95 37 -1.01 1.89 -0.22 -0.33 0.24 1.3
817 35 104 96 34 -0.8 0.98 -0.27 -0.23 0.18 0.92
818 32 105 96 32 -0.76 0.65 -0.29 0.02 0.14 0.9
819 44 104 98 34 -0.71 0.44 -0.29 0.36 0.05 0.97
820 44 104 96 32 -0.65 0.48 -0.28 0.46 0.14 0.89
821 41 104 96 29 -0.5 0.46 -0.23 0.05 -0.17 0.54
822 43 109 97 30 -0.26 0.38 -0.25 0.47 0.12 -0.04
823 37 121 97 30 -0.06 -0.33 -0.38 -4.52 1.11 14.7
824 38 123 94 32 -0.09 -0.75 -0.11 -1.46 3.53 4.97
825 37 115 94 30 -0.3 -0.95 -0.01 -1.63 0.06 -1.89
826 33 114 95 28 0.59 -0.21 -0.09 -1.09 -0.16 0.33
827 30 112 96 27 0.84 0.03 -0.14 0.25 0.57 0.36
828 27 113 95 26 0.61 0.07 -0.17 0.95 0.34 0.04
829 27 114 94 29 0.23 -0.1 -0.13 0.8 0.06 0.1
830 29 116 93 28 0.1 -0.19 -0.11 0.56 -0.02 0.11
831 31 116 92 27 -0.04 -0.3 -0.09 -0.25 0.04 -0.07
832 33 116 92 26 -0.06 -0.37 -0.07 -0.54 0.08 -0.05
833 29 111 90 25 -0.04 -0.39 -0.06 -0.73 0.05 -0.04
834 27 110 87 25 0.02 -0.43 -0.04 -0.61 0.11 -0.07
835 26 106 86 28 0.02 -0.45 -0.03 -0.03 0.23 0.03
836 24 104 83 28 -0.03 -0.52 -0.01 0.01 0.19 0.08
837 24 99 82 26 -0.05 -0.51 -0.03 0.14 0.24 0.08
838 31 98 80 25 -0.05 -0.46 -0.04 0.04 0.26 0.03
839 27 93 79 25 -0.06 -0.4 -0.07 0.07 0.24 0.04
840 25 90 77 25 -0.04 -0.26 -0.09 0.1 0.17 0.04
841 25 88 76 24 -0.02 -0.18 -0.09 0.15 0.05 -0.02
-100 -100 -100 -100 -100 -100 -100 -100 -100 -100 -100
842 23 87 76 30 0.02 -0.11 -0.08 0.11 0.0 -0.02
843 21 86 74 28 0.04 -0.05 -0.07 0.12 -0.02 0.01
844 22 86 72 27 0.04 -0.03 -0.07 -0.04 -0.06 0.0
845 22 86 72 26 0.03 -0.02 -0.05 -0.08 -0.03 0.0
846 23 86 71 26 0.03 -0.03 -0.03 -0.14 0.0 -0.07
847 31 83 70 25 0.03 -0.04 -0.01 -0.13 0.05 -0.04
848 27 82 70 30 0.02 -0.07 0.0 -0.07 0.09 -0.03
849 25 82 68 28 0.0 -0.09 0.02 -0.01 0.15 0.0
850 23 81 66 27 -0.0 -0.08 0.02 0.02 0.16 0.03
851 22 80 66 27 -0.02 -0.07 0.02 0.02 0.13 0.0
852 22 79 65 25 -0.02 -0.04 0.01 -0.01 0.14 -0.01
853 20 79 64 25 -0.02 -0.03 0.01 -0.11 0.11 -0.04
854 26 82 64 29 -0.01 -0.01 0.0 -0.1 0.09 -0.05
855 25 79 63 28 -0.01 -0.02 -0.0 -0.12 0.12 -0.04
856 21 79 61 27 -0.01 -0.03 -0.0 -0.15 0.09 -0.02
857 22 78 61 26 -0.0 -0.05 -0.0 -0.12 0.1 -0.03
858 21 79 59 25 -0.01 -0.06 0.0 -0.06 0.07 -0.03
859 23 79 58 25 -0.01 -0.07 0.0 -0.04 0.07 -0.01
860 21 81 56 25 -0.01 -0.05 0.01 -0.01 0.05 -0.03
861 20 79 55 28 -0.01 -0.04 0.01 -0.01 0.09 0.0
862 26 77 53 27 -0.01 -0.03 0.01 -0.04 0.08 -0.02
863 25 75 51 26 -0.02 -0.03 0.01 -0.05 0.08 -0.01
864 23 74 50 25 -0.02 -0.02 0.01 -0.07 0.09 -0.03
865 21 74 48 25 -0.02 -0.02 0.01 -0.04 0.11 -0.04
866 22 74 49 26 -0.02 -0.02 0.01 -0.04 0.08 -0.01
867 24 77 49 25 -0.01 -0.02 0.01 -0.07 0.07 -0.02
868 22 77 48 25 -0.0 -0.01 0.01 -0.08 0.08 -0.02
869 22 75 48 25 -0.0 -0.02 0.01 -0.09 0.09 -0.01
870 29 73 48 24 -0.01 -0.01 0.0 -0.1 0.11 0.0
871 28 72 48 31 -0.01 -0.01 -0.0 -0.08 0.09 -0.01
872 25 72 49 29 -0.01 -0.02 -0.0 -0.06 0.13 -0.03
873 24 71 49 28 -0.02 -0.02 0.0 -0.02 0.11 -0.01
874 24 73 49 27 -0.02 -0.02 0.01 -0.05 0.05 0.0
875 23 72 49 26 -0.03 -0.03 0.01 -0.04 0.03 0.0
876 20 73 49 27 -0.03 -0.03 0.02 -0.05 0.06 -0.01
877 22 76 49 27 -0.03 -0.03 0.02 -0.03 0.06 0.0
878 30 77 50 26 -0.03 -0.02 0.02 -0.02 0.08 -0.02
879 26 76 51 25 -0.03 -0.01 0.02 -0.12 0.07 -0.02
880 26 79 50 25 -0.03 -0.01 0.02 -0.1 0.07 -0.03
881 25 80 50 27 -0.03 -0.01 0.01 -0.13 0.09 -0.01
882 25 81 50 27 -0.03 -0.03 0.02 -0.11 0.09 -0.02
-200 -200 -200 -200 -200 -200 -200 -200 -200 -200 -200
883 24 84 50 26 -0.03 -0.04 0.01 -0.04 0.1 -0.02
884 27 85 51 25 -0.02 -0.04 0.02 -0.02 0.12 0.0
885 27 84 51 25 -0.02 -0.03 0.01 -0.03 0.07 0.0
886 25 84 50 27 -0.02 -0.02 0.01 -0.04 0.07 -0.01
887 23 84 51 27 -0.02 -0.01 0.0 -0.06 0.08 -0.01
888 22 86 51 26 -0.01 -0.01 0.0 -0.08 0.1 -0.03
889 25 85 53 25 -0.02 -0.02 0.01 -0.06 0.06 -0.02
890 24 85 54 26 -0.02 -0.03 0.01 -0.04 0.06 -0.04
891 29 85 54 25 -0.02 -0.02 0.01 -0.03 0.08 0.0
892 27 85 56 25 -0.02 -0.02 0.01 -0.06 0.1 -0.02
893 25 85 56 25 -0.02 -0.02 0.0 -0.05 0.12 -0.01
894 23 84 54 32 -0.02 -0.02 0.01 -0.09 0.1 -0.02
895 23 83 57 30 -0.03 -0.02 0.0 -0.07 0.09 0.0
896 32 83 56 28 -0.03 -0.03 0.01 -0.04 0.06 -0.01
897 29 83 58 27 -0.03 -0.03 0.01 0.0 0.06 -0.01
898 27 82 57 37 -0.03 -0.03 0.01 -0.02 0.07 0.0
899 26 82 59 34 -0.03 -0.01 0.01 -0.05 0.07 -0.03
900 33 86 57 35 -0.03 -0.01 0.01 -0.11 0.1 0.0
901 31 92 57 44 -0.03 -0.02 0.01 -0.13 0.11 -0.03
902 38 91 55 44 -0.04 -0.04 0.01 -0.07 0.13 0.0
903 63 106 58 45 -0.1 -0.08 0.03 -0.27 0.15 0.02
904 59 106 59 45 -0.14 -0.14 0.04 -0.5 0.32 0.11
905 71 112 57 47 -0.29 -0.34 0.08 -0.59 0.29 0.11
906 88 128 58 61 -0.41 -0.54 0.1 -0.13 0.17 0.19
907 98 124 61 88 -0.36 -0.46 0.1 1.2 -0.21 0.72
908 119 123 61 75 -0.09 0.06 0.07 0.77 -0.23 1.2
909 135 128 62 64 0.17 0.62 0.06 0.92 0.22 2.4
910 148 155 62 54 0.24 0.78 0.05 0.45 0.32 3.18
911 188 167 61 48 0.48 1.02 -0.04 -0.28 -0.04 3.87
912 229 177 61 42 1.46 0.7 -0.53 2.41 3.09 4.55
913 254 174 60 38 1.5 0.48 -0.43 1.34 1.41 3.72
914 252 160 58 38 1.87 0.01 -0.53 1.48 1.27 3.77
915 263 159 59 35 2.27 0.08 -0.75 1.97 1.44 3.73
916 286 154 57 32 2.43 0.27 -0.85 1.97 1.53 3.29
917 257 144 56 31 2.73 0.67 -1.02 1.89 1.52 3.14
918 258 141 55 32 2.9 1.01 -1.15 1.34 1.53 2.5
919 221 134 56 30 2.96 1.11 -1.2 1.17 1.27 2.05
920 207 126 55 36 3.03 1.18 -1.26 0.98 1.06 1.81
921 199 119 55 32 3.0 0.89 -1.24 0.31 0.73 0.55
922 185 114 55 31 2.96 0.63 -1.19 -0.04 0.46 0.35
923 179 117 55 30 2.85 0.06 -1.13 -1.35 -0.04 0.09
924 174 123 54 28 2.61 -0.28 -0.97 -1.6 -0.47 0.03
925 137 116 54 27 2.57 -0.43 -0.93 -2.15 -0.45 -0.46
926 129 111 53 34 2.38 -0.57 -0.76 -2.18 -0.91 -1.0
927 106 107 54 34 2.25 -0.57 -0.58 -2.64 -1.19 -2.01
928 84 98 57 39 2.16 -0.49 -0.48 -3.14 -1.33 -2.31
929 71 96 57 40 1.91 -0.54 -0.18 -3.89 -1.77 -2.69
930 60 96 58 38 1.71 -0.99 0.14 -4.79 -2.3 -3.2
931 49 93 59 38 1.5 -1.26 0.39 -5.15 -2.94 -3.13
932 43 93 57 46 1.19 -1.72 0.96 -5.92 -3.57 -3.57
933 37 93 62 42 0.81 -1.86 1.69 -6.11 -3.94 -3.68
934 32 103 70 40 0.53 -1.85 2.13 -6.18 -4.28 -3.71
935 29 111 81 39 -0.05 -1.91 3.03 -6.68 -4.84 -3.35
936 26 107 78 35 -0.5 -2.14 3.85 -6.25 -4.82 -3.14
937 32 105 80 33 -0.71 -2.2 4.24 -5.37 -4.95 -2.93
938 55 126 87 35 -0.97 -2.32 4.88 -4.77 -5.12 -2.47
939 107 129 91 35 -0.98 -2.31 5.36 -2.3 -5.03 -1.6
940 169 150 92 33 -1.0 -2.35 5.51 -1.63 -4.91 -1.43
941 249 146 92 30 -0.89 -2.52 5.67 0.6 -4.44 -1.77
942 285 163 94 29 -0.43 -2.58 5.65 0.75 -3.54 -3.14
943 290 179 93 29 -0.53 -2.42 5.56 -0.13 -3.82 -4.16
944 251 181 100 28 -0.39 -2.07 4.86 4.02 -5.0 -4.04
945 218 170 101 29 -0.14 -1.19 3.8 8.28 -3.99 -1.65
946 208 166 104 27 -0.04 -0.86 3.26 10.25 -3.1 0.28
947 189 174 107 26 -0.09 -0.51 2.18 9.5 -2.77 0.68
948 165 180 106 31 0.06 -0.46 0.95 9.44 -1.92 0.1
949 229 167 108 32 0.09 -0.24 0.34 9.44 -1.45 -0.16
950 226 171 108 30 0.11 0.44 -0.74 8.8 -1.08 -0.28
951 222 170 108 29 0.12 0.81 -1.56 6.83 -1.37 0.0
952 230 161 107 28 0.17 0.81 -1.91 6.43 -1.47 0.14
953 213 159 106 27 0.25 0.73 -2.51 5.42 -1.75 0.27
954 194 151 104 26 0.33 0.83 -3.0 4.86 -2.25 0.21
955 248 148 103 27 0.39 0.99 -3.18 4.38 -2.3 0.07
956 247 148 100 27 0.46 1.45 -3.5 3.99 -2.73 -0.22
957 222 144 99 25 0.57 2.0 -3.79 3.32 -3.43 -0.55
958 205 140 98 26 0.64 2.17 -3.94 2.86 -3.88 -0.62
959 195 146 96 25 0.81 2.18 -4.21 2.52 -4.44 -0.63
960 192 142 93 26 1.12 2.17 -4.56 1.08 -4.37 -1.11
961 288 152 90 30 1.26 2.29 -4.7 0.89 -4.36 -1.05
962 280 149 87 29 1.41 2.93 -4.87 -0.38 -4.6 -1.35
963 304 145 83 27 1.64 3.74 -4.96 -1.32 -4.68 -1.48
964 297 142 78 26 1.81 4.14 -5.01 -1.22 -4.49 -1.66
965 305 140 72 29 2.22 5.04 -5.07 -1.94 -4.66 -2.2
966 342 140 69 29 2.32 5.4 -4.95 -2.45 -4.68 -2.59
967 346 142 65 31 2.56 5.17 -4.61 -3.54 -4.48 -3.63
968 374 145 63 33 2.62 3.43 -4.21 -3.49 -4.18 -3.7
969 394 142 60 33 2.3 1.61 -3.64 -3.52 -2.99 -4.52
970 383 133 58 32 2.02 1.06 -3.31 -4.3 -2.6 -4.82
971 369 129 58 32 1.39 0.84 -2.63 -5.9 -1.59 -5.04
972 321 123 61 44 1.09 0.94 -2.34 -5.62 -0.74 -4.67
973 291 120 62 45 0.56 0.85 -1.79 -5.39 -0.47 -4.4
974 294 126 63 40 0.08 0.02 -1.11 -6.37 -0.13 -4.4
975 290 117 64 37 -0.09 -0.43 -0.8 -5.98 0.12 -3.98
976 262 111 68 36 -0.42 -0.9 -0.17 -5.65 0.12 -3.18
977 230 105 69 33 -0.59 -0.86 0.32 -4.83 0.57 -2.49
978 213 105 75 33 -0.65 -0.77 0.51 -3.61 1.05 -1.64
979 181 98 75 33 -0.72 -0.65 0.82 -3.47 1.06 -1.53
980 159 95 81 53 -0.76 -0.55 1.07 -3.55 0.89 -1.62
981 141 100 78 73 -0.77 -0.6 1.19 -3.45 0.01 -2.07
982 121 95 78 76 -0.8 -0.83 1.46 -3.61 -0.42 -2.11
983 108 101 76 66 -0.91 -1.09 1.85 -4.13 -1.49 -2.3
984 91 101 75 59 -1.13 -1.31 2.32 -4.06 -1.98 -1.99
985 79 101 73 52 -1.29 -1.36 2.58 -4.05 -2.22 -1.61
986 63 99 71 54 -1.62 -1.46 3.1 -3.91 -2.58 -1.58
987 53 95 68 50 -1.77 -1.57 3.35 -3.24 -3.16 -1.53
988 45 97 66 44 -2.07 -2.14 3.9 -2.94 -3.25 -1.32
989 39 95 65 62 -2.24 -2.83 4.43 -2.25 -3.51 -0.57
990 35 97 64 58 -2.28 -3.06 4.69 -0.89 -3.85 0.36
991 30 100 64 58 -2.32 -3.48 5.06 -0.11 -4.13 0.67
992 28 96 65 52 -1.93 -3.81 5.23 -0.14 -3.95 -0.02
993 24 97 67 46 -1.7 -4.04 5.28 -0.65 -4.13 -0.93
994 24 93 67 41 -1.26 -4.33 5.37 -0.89 -4.31 -1.61
995 30 95 66 39 -0.88 -3.8 5.47 -0.23 -4.88 -3.31
996 31 98 66 38 -0.76 -3.27 5.48 1.0 -5.04 -3.21
997 62 98 67 35 -0.89 -2.1 5.25 2.77 -5.41 -1.9
998 100 112 69 33 -0.85 -1.59 4.81 4.52 -4.79 -0.27
999 172 120 70 31 -0.54 -1.72 4.16 6.52 -4.69 -0.33
1000 183 124 68 30 -0.3 -1.75 3.73 6.89 -4.36 -0.39
1001 188 127 68 31 0.03 -1.48 2.71 9.73 -3.3 -0.53
1002 201 132 69 30 0.15 -1.18 2.1 10.62 -2.35 -0.29
1003 175 129 68 29 0.29 -0.25 0.88 10.5 -2.05 -0.02
1004 160 136 67 31 0.32 0.42 -0.28 9.4 -1.84 0.34
1005 157 144 66 29 0.34 0.6 -0.85 8.14 -1.89 -0.02
1006 229 143 65 31 0.6 0.71 -1.89 6.97 -1.82 -0.27
1007 245 135 63 30 0.57 0.8 -2.74 6.27 -2.26 -0.46
1008 240 138 60 29 0.56 0.89 -3.08 5.19 -2.87 -0.75
1009 223 131 59 27 0.64 1.08 -3.61 4.75 -3.29 -0.92
1010 241 128 56 27 0.74 1.39 -4.07 4.02 -3.82 -1.24
1011 212 127 55 33 0.83 1.58 -4.29 2.85 -3.83 -1.72
1012 200 131 54 31 1.01 2.05 -4.62 2.89 -3.95 -1.7
1013 256 132 53 36 1.09 2.55 -4.84 1.92 -4.26 -1.71
1014 259 132 52 33 1.19 2.97 -5.01 1.0 -4.5 -1.85
1015 309 149 53 31 1.24 3.14 -5.08 0.04 -4.26 -1.76
1016 274 142 53 30 1.36 3.42 -5.15 -0.72 -4.27 -1.46
1017 254 140 55 29 1.53 3.55 -5.18 -1.99 -3.61 -1.67
1018 246 136 60 30 1.94 3.82 -5.19 -1.97 -3.58 -1.6
1019 229 129 60 34 2.2 4.18 -5.06 -2.81 -3.79 -1.82
1020 212 120 67 39 2.28 4.16 -4.94 -5.03 -4.18 -2.46
1021 209 124 68 35 2.36 3.21 -4.47 -5.29 -3.48 -2.65
1022 267 116 73 33 2.19 1.91 -3.89 -5.41 -3.14 -3.0
1023 257 117 76 32 1.97 1.28 -3.53 -5.7 -2.9 -3.17
1024 209 112 80 32 1.36 0.49 -2.71 -6.16 -2.82 -3.24
1025 220 120 84 32 0.73 0.23 -1.91 -7.0 -2.6 -4.43
1026 198 113 87 30 0.46 0.19 -1.51 -6.39 -2.46 -4.73
1027 177 111 91 28 -0.04 0.17 -0.85 -5.54 -1.83 -4.61
1028 169 107 94 33 -0.43 0.16 -0.28 -4.69 -1.4 -3.92
1029 142 104 97 52 -0.59 0.11 -0.03 -3.67 -1.08 -3.17
1030 131 101 98 52 -0.85 -0.05 0.32 -2.71 -1.01 -2.68
1031 131 106 97 60 -1.04 -0.22 0.55 -1.63 -0.97 -2.29
1032 111 101 96 55 -1.1 -0.22 0.64 -1.44 -1.07 -2.15
1033 106 99 94 48 -1.25 -0.05 0.75 -1.43 -1.3 -2.07
1034 116 96 94 43 -1.36 0.15 0.84 -0.42 -1.81 -0.69
1035 105 96 91 39 -1.41 0.19 0.88 -0.28 -1.9 -0.35
1036 103 98 88 35 -1.48 -0.04 0.94 0.18 -2.35 0.12
1037 104 100 86 36 -1.48 -0.37 0.97 0.48 -2.62 0.05
1038 87 95 87 41 -1.5 -0.4 0.97 0.65 -3.01 -0.16
1039 77 94 83 52 -1.52 -0.21 0.94 1.59 -2.84 -1.43
1040 65 92 81 69 -1.59 -0.37 0.84 1.59 -2.73 -1.58
1041 54 95 77 67 -1.65 -0.53 0.76 1.41 -1.99 -1.39
1042 45 93 75 61 -1.8 -0.68 0.63 0.99 -1.69 -1.36
1043 49 94 75 56 -2.02 -0.39 0.56 0.46 -0.93 -1.48
1044 44 92 71 52 -2.16 -0.21 0.55 0.42 -0.98 -1.49
1045 44 101 68 44 -2.42 -0.08 0.56 0.03 -0.84 -0.25
1046 46 98 68 41 -2.69 -0.32 0.61 -0.42 -0.66 0.24
1047 43 98 68 37 -2.8 -0.48 0.66 -0.6 -0.53 0.31
1048 50 98 67 34 -2.86 -0.6 0.66 0.25 0.11 0.17
1049 49 104 68 34 -2.85 -0.63 0.6 0.67 0.3 1.02
1050 66 102 66 32 -2.85 -0.7 0.67 1.41 0.42 2.14
1051 71 106 68 33 -2.78 -0.92 0.58 1.72 0.54 1.74
1052 85 106 65 31 -2.57 -1.13 0.51 1.53 0.28 1.14
1053 74 107 66 40 -2.4 -1.13 0.46 1.82 0.29 1.7
1054 61 107 70 41 -2.12 -0.84 0.25 1.73 0.28 2.43
1055 59 110 70 47 -1.85 -0.14 0.06 1.64 0.39 2.7
1056 60 110 70 60 -1.57 0.62 -0.06 1.44 0.43 2.63
1057 50 111 71 51 -1.49 0.76 -0.09 -0.2 0.34 2.75
1058 56 112 71 46 -1.28 0.28 -0.18 -0.06 0.46 3.13
1059 48 112 73 42 -1.0 -0.55 -0.22 -0.02 0.45 2.56
1060 43 113 73 44 -0.89 -0.87 -0.2 0.44 0.59 1.69
1061 41 110 72 39 -0.72 -0.99 -0.2 0.89 0.49 1.53
1062 43 106 75 39 -0.66 -0.63 -0.08 1.02 0.73 1.34
1063 38 111 74 36 -0.63 -0.35 -0.12 0.42 0.38 1.28
1064 42 112 74 33 -0.28 -0.52 -0.1 -3.66 0.73 7.22
1065 44 111 73 31 -0.21 -0.91 0.07 -2.49 0.8 4.57
1066 37 107 73 29 -0.22 -1.22 0.19 -0.64 -0.02 -0.64
1067 35 105 74 28 0.21 -0.32 0.09 -0.27 0.17 -0.19
1068 31 104 73 28 0.25 -0.11 0.04 0.46 0.38 -0.05
1069 32 103 72 27 0.12 -0.09 -0.02 0.66 0.24 0.26
1070 32 104 72 26 -0.15 -0.64 0.04 0.3 0.22 -0.09
1071 30 101 72 28 -0.18 -0.85 0.04 -0.24 -0.09 -0.2
1072 29 102 71 27 -0.14 -1.01 0.05 -0.75 0.01 -0.23
1073 42 99 71 26 -0.05 -0.92 0.04 -0.66 0.05 0.0
1074 40 95 72 25 -0.01 -0.91 0.05 -0.46 0.18 0.08
1075 41 92 68 25 -0.05 -0.94 0.06 0.09 0.31 0.14
1076 52 91 67 24 -0.1 -0.81 0.05 0.19 0.27 0.25
1077 46 88 67 24 -0.12 -0.76 0.04 0.31 0.29 0.27
1078 44 90 65 24 -0.13 -0.56 -0.0 0.35 0.08 0.24
1079 39 85 64 24 -0.09 -0.38 -0.01 0.56 0.06 0.17
1080 34 83 63 23 -0.06 -0.3 -0.02 0.37 -0.11 0.08
1081 39 82 62 23 -0.02 -0.12 -0.02 0.28 -0.13 0.0
1082 41 80 60 23 0.02 0.01 -0.03 0.06 -0.11 -0.04
1083 46 82 59 23 0.02 0.04 -0.03 0.05 -0.13 -0.03
1084 65 82 57 23 0.03 0.1 -0.04 -0.16 -0.13 -0.13
-100 -100 -100 -100 -100 -100 -100 -100 -100 -100 -100
1085 67 81 58 24 0.04 0.06 -0.05 -0.33 -0.02 -0.14
1086 73 84 63 23 0.04 0.01 -0.05 -0.38 0.04 -0.16
1087 60 84 60 23 0.05 -0.08 -0.07 -0.28 0.1 -0.06
1088 52 85 58 23 0.06 -0.11 -0.08 -0.12 0.08 0.0
1089 46 84 56 23 0.06 -0.12 -0.07 -0.06 0.08 0.0
1090 39 84 53 28 0.05 -0.1 -0.07 0.07 0.16 0.03
1091 45 85 52 26 0.04 -0.09 -0.07 0.18 0.08 0.09
1092 44 86 50 25 0.04 -0.05 -0.06 0.2 0.08 0.08
1093 56 85 50 30 0.03 0.02 -0.06 0.11 0.04 0.03
1094 58 84 50 29 0.02 0.04 -0.05 0.02 0.01 -0.01
1095 51 83 49 27 0.02 0.05 -0.05 -0.07 0.0 -0.03
1096 45 80 48 26 -0.0 0.01 -0.04 -0.16 0.01 -0.04
1097 52 80 48 26 -0.0 -0.03 -0.02 -0.03 0.05 -0.04
1098 48 79 48 25 -0.01 -0.03 -0.02 -0.01 0.08 -0.01
1099 39 76 47 25 -0.02 -0.05 -0.0 -0.02 0.09 -0.03
1100 35 75 47 25 -0.01 -0.04 0.0 0.0 0.11 0.0
1101 37 75 49 25 -0.01 -0.04 0.0 -0.01 0.1 0.0
1102 37 76 49 24 -0.01 -0.04 0.0 -0.05 0.08 -0.02
1103 63 79 50 24 -0.01 -0.04 -0.01 -0.09 0.06 -0.03
1104 53 83 50 24 -0.01 -0.04 -0.01 -0.05 0.05 -0.02
1105 46 86 50 24 -0.01 -0.03 -0.02 -0.02 0.06 0.0
1106 41 87 49 28 0.0 -0.02 -0.03 -0.02 0.04 0.0
1107 36 92 51 27 0.01 -0.01 -0.03 -0.02 0.04 0.0
1108 40 93 53 27 0.01 -0.01 -0.02 -0.02 0.01 -0.05
1109 46 96 53 27 0.02 0.0 -0.01 -0.07 0.0 -0.06
1110 45 102 52 26 0.03 0.0 -0.0 -0.09 0.0 -0.06
1111 39 102 52 26 0.03 -0.0 0.01 0.0 0.0 -0.07
1112 34 101 52 27 0.04 -0.02 0.03 0.12 0.04 0.0
1113 31 97 53 26 0.04 -0.01 0.01 0.04 0.02 0.0
1114 29 96 52 25 0.04 0.01 0.0 0.03 0.05 0.01
1115 28 96 52 25 0.04 0.02 -0.01 -0.05 0.13 0.04
1116 40 94 53 24 0.03 0.02 -0.02 -0.06 0.16 0.03
1117 36 95 52 25 0.01 0.0 -0.02 -0.11 0.15 -0.03
1118 40 93 52 25 -0.0 -0.02 -0.03 -0.12 0.12 0.0
1119 38 93 52 27 -0.0 -0.03 -0.03 -0.08 0.08 0.0
1120 34 93 53 26 -0.01 -0.05 -0.03 -0.04 0.04 -0.02
1121 53 91 55 25 0.0 -0.04 -0.02 0.01 0.0 0.0
1122 52 89 55 25 0.01 -0.04 -0.02 0.01 0.0 -0.05
1123 44 90 56 25 0.02 -0.02 -0.01 0.01 0.01 -0.01
1124 39 88 55 28 0.02 -0.01 -0.01 0.0 0.09 0.0
1125 37 86 56 27 0.01 -0.01 -0.01 -0.03 0.09 0.0
-200 -200 -200 -200 -200 -200 -200 -200 -200 -200 -200
1126 35 87 56 26 0.0 -0.02 -0.01 -0.03 0.12 -0.01
1127 32 86 57 25 -0.01 -0.02 -0.0 -0.05 0.07 0.0
1128 34 85 57 25 -0.01 -0.02 -0.0 -0.05 0.1 0.0
1129 35 85 55 33 -0.01 -0.02 -0.0 0.01 0.02 -0.03
1130 33 87 55 31 -0.02 -0.01 0.0 -0.03 0.02 -0.01
1131 30 86 55 29 -0.01 -0.01 0.0 -0.01 0.0 -0.02
1132 29 85 53 28 -0.01 0.0 0.01 -0.02 0.0 -0.03
1133 31 83 54 27 -0.01 -0.01 0.01 -0.04 0.09 -0.02
1134 30 82 54 30 -0.01 -0.02 0.01 -0.06 0.09 0.01
1135 45 83 54 30 -0.02 -0.04 0.01 -0.03 0.07 -0.04
1136 42 82 55 29 -0.02 -0.04 0.01 -0.03 0.07 -0.02
1137 37 80 55 28 -0.02 -0.03 0.01 -0.05 0.08 -0.04
1138 35 78 54 27 -0.01 -0.02 0.0 -0.01 0.06 -0.01
1139 34 78 54 26 -0.01 -0.01 0.0 -0.04 0.04 -0.01
1140 41 78 54 30 -0.01 -0.01 -0.0 -0.05 0.03 -0.03
1141 38 75 56 29 -0.0 -0.01 -0.0 -0.1 0.05 -0.05
1142 44 74 56 28 0.0 -0.03 -0.01 -0.05 0.04 0.0
1143 50 75 55 28 0.0 -0.03 -0.01 -0.08 0.06 -0.03
1144 45 76 56 30 0.0 -0.04 -0.01 -0.04 0.07 0.0
1145 59 79 58 31 0.0 -0.03 -0.0 -0.02 0.05 0.0
1146 73 84 57 41 -0.0 -0.03 -0.0 -0.01 0.12 -0.01
1147 98 98 57 56 -0.03 -0.04 0.0 -0.12 0.06 0.0
1148 123 105 59 72 -0.08 -0.09 0.01 -0.25 0.1 0.12
1149 137 120 61 81 -0.13 -0.17 0.03 -0.32 0.15 0.17
1150 156 132 63 115 -0.31 -0.42 0.11 -0.1 0.39 0.37
1151 209 131 66 137 -0.43 -0.5 0.15 0.49 0.15 0.82
1152 218 150 66 140 -0.35 -0.29 0.1 0.97 0.11 1.06
1153 237 144 69 112 -0.08 0.31 -0.03 1.1 0.22 2.1
1154 229 135 71 94 0.47 0.66 -0.22 0.21 0.87 4.74
1155 222 128 72 79 0.8 0.72 -0.3 0.37 0.86 5.36
1156 251 128 71 66 1.75 0.96 -0.6 1.2 2.73 6.45
1157 302 126 70 57 2.27 0.57 -0.6 -1.02 2.09 5.17
1158 344 121 69 50 2.5 0.46 -0.53 0.53 2.78 4.87
1159 295 119 67 44 2.84 0.62 -0.53 0.95 2.57 3.98
1160 266 119 66 40 3.01 0.84 -0.51 1.35 2.37 3.4
1161 242 117 65 40 3.02 0.88 -0.49 1.15 2.2 2.73
1162 245 124 65 37 3.03 0.86 -0.48 0.8 1.64 2.1
1163 217 118 65 34 2.97 0.84 -0.44 0.4 1.26 0.38
1164 197 117 65 33 2.97 0.87 -0.4 0.45 1.18 0.0
1165 167 114 64 30 2.88 0.83 -0.32 -0.01 0.78 -0.83
1166 138 114 64 31 2.72 0.53 -0.26 -0.85 0.26 -0.5
1167 113 106 65 30 2.62 0.35 -0.21 -1.18 -0.14 -0.18
1168 93 105 64 41 2.39 0.12 -0.15 -2.04 -0.83 -0.89
1169 78 108 65 42 2.22 0.11 0.01 -2.37 -1.05 -1.53
1170 65 105 63 39 2.13 0.2 0.11 -3.14 -1.28 -2.06
1171 54 100 63 36 1.91 0.23 0.46 -3.61 -1.98 -1.99
1172 46 106 66 47 1.6 -0.19 0.88 -5.33 -3.09 -2.25
1173 40 105 70 46 1.47 -0.67 1.13 -5.61 -3.4 -2.4
1174 35 108 70 41 1.06 -1.74 1.74 -6.42 -4.38 -2.96
1175 30 109 74 44 0.86 -2.51 2.41 -6.44 -4.75 -3.71
1176 28 113 76 40 0.62 -2.7 2.85 -6.26 -4.86 -3.75
1177 25 117 84 38 0.08 -2.74 3.67 -5.76 -5.34 -3.56
1178 29 124 86 38 -0.5 -2.69 4.45 -5.78 -5.87 -3.63
1179 69 127 90 38 -0.73 -2.66 4.8 -4.5 -6.09 -3.31
1180 122 132 99 39 -1.03 -2.62 5.26 -3.92 -6.05 -2.81
1181 201 162 115 40 -1.18 -2.6 5.56 -1.94 -5.87 -2.29
1182 287 173 115 36 -1.11 -2.61 5.61 -1.09 -5.59 -2.22
1183 311 173 112 34 -0.85 -2.67 5.65 0.46 -5.2 -2.53
1184 363 191 114 36 -0.61 -2.61 5.41 0.74 -4.98 -4.62
1185 320 205 116 34 -0.59 -2.54 5.18 0.91 -5.17 -5.37
1186 313 209 120 31 -0.59 -1.7 4.28 7.2 -5.09 -3.96
1187 307 221 122 31 -0.6 -0.35 3.1 10.23 -3.79 -1.53
1188 295 213 123 29 -0.61 0.02 2.46 10.31 -3.49 -0.77
1189 295 218 124 28 -0.48 -0.04 1.15 10.17 -3.37 0.19
1190 334 222 122 30 -0.2 0.01 -0.24 10.59 -2.02 -0.44
1191 282 229 121 29 -0.27 0.34 -0.88 10.01 -1.66 -0.49
1192 282 227 120 28 -0.38 1.34 -1.97 8.74 -1.47 -0.07
1193 258 220 117 26 -0.3 1.96 -2.78 6.09 -1.8 1.56
1194 232 212 115 27 -0.21 2.02 -3.1 5.32 -2.08 1.86
1195 254 208 109 26 0.05 1.79 -3.62 3.98 -2.68 1.8
1196 229 199 110 26 0.46 1.63 -3.96 3.78 -3.18 1.1
1197 274 201 109 25 0.69 1.65 -4.09 3.51 -3.58 0.78
1198 247 198 106 28 1.14 1.97 -4.36 2.37 -3.68 0.23
1199 227 182 103 28 1.33 2.26 -4.48 1.92 -3.96 0.17
1200 203 166 101 30 1.7 2.8 -4.71 1.06 -4.15 -0.06
1201 227 177 99 26 2.02 3.37 -4.88 0.54 -4.48 -0.58
1202 200 171 94 28 2.19 3.62 -4.93 -0.92 -4.42 -1.55
1203 226 164 91 28 2.54 4.18 -4.96 -1.29 -4.34 -2.02
1204 258 162 86 27 2.93 4.91 -5.0 -1.5 -4.18 -2.39
1205 274 153 81 26 3.12 5.36 -4.91 -2.85 -3.65 -2.94
1206 282 145 75 26 3.24 6.01 -4.48 -2.93 -3.55 -3.02
1207 302 140 71 25 3.27 5.38 -3.98 -2.8 -3.24 -3.09
1208 279 132 66 25 3.19 4.68 -3.7 -2.23 -3.17 -3.0
1209 277 125 65 28 2.78 2.98 -3.12 -2.2 -2.66 -3.91
1210 243 120 60 28 2.14 1.77 -2.49 -3.18 -2.14 -5.09
1211 203 114 58 27 1.76 1.38 -2.21 -3.32 -1.34 -5.72
1212 211 109 58 26 1.06 0.79 -1.74 -3.57 -1.22 -5.49
1213 288 107 58 25 0.43 0.44 -1.33 -4.29 -1.04 -5.05
1214 273 103 57 25 0.15 0.34 -1.13 -4.89 -0.7 -4.44
1215 247 105 58 25 -0.33 0.12 -0.68 -4.52 -0.57 -4.32
1216 204 105 59 26 -0.7 -0.27 -0.23 -3.67 0.09 -3.95
1217 169 101 61 26 -0.85 -0.48 -0.0 -3.06 0.42 -3.88
1218 149 95 61 25 -1.02 -0.71 0.42 -2.96 0.47 -3.55
1219 127 93 64 25 -1.06 -0.72 0.74 -2.55 0.4 -2.15
1220 104 89 63 25 -1.08 -0.7 0.86 -2.27 0.34 -1.68
1221 87 88 65 24 -1.1 -0.78 1.04 -1.97 0.29 -1.77
1222 72 86 65 24 -1.14 -1.02 1.19 -1.87 0.07 -2.23
1223 59 86 63 24 -1.17 -1.13 1.27 -2.26 -0.53 -2.51
1224 50 81 65 24 -1.33 -1.16 1.47 -2.68 -0.84 -2.63
1225 46 82 64 24 -1.58 -1.24 1.75 -3.02 -1.37 -2.71
1226 37 82 65 27 -1.77 -1.34 1.93 -2.92 -1.87 -2.58
1227 33 83 64 29 -2.13 -1.78 2.34 -3.08 -2.04 -2.47
1228 29 105 63 29 -2.5 -2.45 2.84 -3.12 -2.79 -1.82
1229 27 114 67 31 -2.62 -2.76 3.09 -3.15 -3.07 -1.99
1230 25 120 63 29 -2.89 -3.48 3.68 -2.76 -3.5 -1.45
1231 29 127 64 34 -3.03 -4.21 4.24 -2.21 -3.87 -0.81
1232 32 157 63 32 -3.02 -4.47 4.51 -0.75 -4.44 0.03
1233 69 172 67 32 -2.73 -4.87 4.93 -0.64 -4.5 0.0
1234 121 183 67 30 -1.97 -5.02 5.1 -0.9 -4.51 -0.5
1235 167 173 66 29 -1.56 -5.07 5.2 -0.08 -4.28 -1.78
1236 165 173 69 31 -1.18 -4.86 5.38 -0.22 -4.54 -2.46
1237 206 164 70 29 -0.91 -3.95 5.3 2.2 -5.26 -3.25
1238 170 175 77 28 -0.76 -3.22 5.1 4.65 -5.05 -2.27
1239 230 170 73 31 -0.68 -1.81 4.5 6.18 -4.91 -0.34
1240 273 186 72 36 -0.51 -1.31 3.77 7.21 -4.29 0.65
1241 353 215 72 33 -0.35 -1.28 3.37 8.17 -3.02 0.02
1242 329 247 69 32 -0.04 -1.26 2.49 8.92 -2.72 -0.08
1243 291 232 68 31 0.04 -0.81 1.46 9.81 -2.45 -0.04
1244 278 216 66 34 0.04 -0.54 0.93 9.87 -2.12 0.39
1245 260 203 64 32 0.09 -0.17 -0.22 9.67 -1.83 0.59
1246 283 218 62 31 0.41 -0.01 -1.3 7.91 -1.07 0.72
1247 245 213 59 32 0.37 0.06 -1.76 6.76 -1.11 0.78
1248 228 208 57 31 0.29 0.17 -2.58 6.25 -1.32 0.86
1249 202 195 56 29 0.35 0.25 -3.15 4.64 -1.89 0.99
1250 238 187 55 28 0.4 0.23 -3.37 3.94 -2.53 0.93
1251 264 180 57 30 0.47 0.26 -3.76 3.31 -2.77 0.43
1252 257 174 58 34 0.68 0.46 -3.97 3.35 -3.06 0.0
1253 210 166 58 50 0.76 0.69 -4.09 2.14 -3.71 -0.6
1254 204 155 59 45 0.79 1.2 -4.33 2.02 -4.03 -0.62
1255 186 144 60 40 0.87 1.78 -4.56 1.29 -4.12 -0.44
1256 224 143 60 36 0.87 2.08 -4.68 0.51 -4.45 -0.84
1257 233 152 61 34 1.06 2.46 -4.88 0.41 -4.48 -0.95
1258 297 142 65 31 1.28 2.73 -4.96 -1.06 -4.41 -2.13
1259 311 147 68 30 1.45 2.93 -4.98 -1.7 -4.25 -2.35
1260 292 138 72 29 1.72 3.51 -4.88 -2.9 -4.49 -2.48
1261 342 130 77 28 2.12 4.15 -4.71 -3.16 -4.23 -2.49
1262 363 129 82 30 2.28 4.31 -4.6 -4.21 -4.05 -2.83
1263 386 127 83 30 2.23 3.79 -4.17 -4.15 -3.81 -2.85
1264 346 125 85 31 2.03 2.56 -3.54 -4.22 -3.46 -3.12
1265 288 119 92 37 1.83 2.09 -3.2 -5.03 -2.82 -4.14
1266 292 115 95 53 1.33 1.66 -2.49 -5.09 -2.6 -4.38
1267 296 129 96 70 0.8 1.17 -1.86 -5.24 -1.66 -4.88
1268 260 124 97 61 0.58 0.66 -1.57 -5.05 -0.69 -4.3
1269 293 120 99 62 0.09 -0.42 -0.91 -5.18 -0.25 -3.52
1270 292 122 100 54 -0.36 -0.98 -0.26 -4.92 -0.1 -3.28
1271 255 115 103 47 -0.54 -1.03 0.02 -3.34 -0.11 -2.56
1272 234 108 103 42 -0.77 -0.92 0.34 -2.96 -0.08 -2.28
1273 215 104 103 38 -0.9 -0.73 0.52 -2.16 0.08 -1.6
1274 224 102 104 36 -0.9 -0.62 0.58 -1.31 0.12 -0.81
1275 217 108 101 34 -0.84 -0.48 0.63 -1.17 0.11 -0.74
1276 197 109 100 32 -0.76 -0.46 0.67 -0.47 -0.31 -0.36
1277 184 107 100 31 -0.71 -0.49 0.69 -0.2 -0.45 -0.22
1278 162 103 101 30 -0.65 -0.58 0.71 -0.12 -0.46 -0.18
1279 130 95 100 30 -0.59 -0.6 0.69 0.07 -0.57 -0.22
1280 109 94 97 30 -0.58 -0.51 0.68 -0.16 -0.94 -0.57
1281 91 91 96 43 -0.59 -0.18 0.65 -0.31 -1.38 -0.57
1282 76 90 92 46 -0.73 0.21 0.69 -0.55 -1.75 -0.61
1283 65 91 91 50 -0.82 0.31 0.73 -0.42 -2.08 -0.36
1284 68 89 90 45 -1.03 0.38 0.87 -0.43 -2.18 -0.49
1285 57 85 88 41 -1.28 0.41 1.04 -0.61 -2.47 -1.27
1286 48 82 87 37 -1.41 0.4 1.11 -0.5 -2.57 -1.5
1287 43 81 85 34 -1.6 0.24 1.2 -0.36 -2.58 -1.59
1288 37 81 83 32 -1.81 0.09 1.25 0.53 -2.25 -0.76
1289 32 89 82 31 -1.93 0.09 1.27 0.75 -2.07 -0.54
1290 29 96 82 29 -2.19 0.16 1.3 1.17 -1.92 -0.69
1291 41 93 82 29 -2.44 0.32 1.3 1.32 -1.97 -1.29
1292 53 89 82 33 -2.57 0.46 1.28 0.49 -1.92 -1.4
1293 89 89 80 36 -2.81 0.57 1.17 0.18 -1.77 -1.34
1294 91 90 78 33 -2.92 0.36 0.95 -0.05 -1.43 -1.2
1295 89 89 76 32 -2.91 0.19 0.82 1.36 -1.15 -0.26
1296 77 86 76 30 -2.88 -0.01 0.61 1.89 -0.94 0.21
1297 70 93 76 28 -2.9 -0.1 0.48 2.11 -0.32 1.18
1298 78 94 77 31 -2.88 -0.22 0.41 1.65 -0.04 0.7
1299 94 92 76 29 -2.69 -0.46 0.19 2.06 -0.24 0.35
1300 80 93 74 31 -2.6 -0.73 0.34 1.43 0.17 0.94
1301 67 95 74 29 -2.48 -0.83 0.16 0.92 -0.02 2.47
1302 61 92 73 28 -2.39 -1.03 -0.07 0.95 -0.01 2.58
1303 64 95 74 32 -2.26 -1.32 -0.06 0.94 0.22 2.23
1304 59 97 74 32 -2.15 -1.45 -0.04 0.87 0.45 2.09
1305 85 93 75 33 -1.91 -1.44 -0.03 0.75 0.46 2.04
1306 95 96 75 31 -1.68 -1.11 -0.01 0.76 0.61 1.38
1307 85 96 76 30 -1.65 -0.93 0.02 1.3 0.59 1.54
1308 71 101 75 28 -1.53 -0.72 -0.01 1.07 0.67 1.74
1309 77 101 75 35 -1.4 -0.97 -0.1 1.15 0.38 2.05
1310 78 101 77 33 -1.28 -1.08 -0.16 1.26 0.55 1.5
1311 78 102 73 35 -1.11 -1.03 -0.25 0.97 0.32 1.11
1312 65 99 71 32 -1.0 -0.53 -0.28 0.32 0.25 0.97
1313 70 98 70 30 -0.96 -0.27 -0.29 -0.12 -1.05 1.79
1314 62 99 70 28 -0.87 -0.26 -0.1 -2.18 0.18 7.85
1315 59 101 68 32 -0.48 -0.71 -0.23 -1.11 1.51 -0.52
1316 50 94 69 31 -0.61 -0.43 0.05 -2.27 -0.32 -1.87
1317 44 91 69 28 -0.03 -0.57 -0.01 -1.58 -0.4 -0.66
1318 38 92 68 27 0.71 -0.17 -0.11 0.55 0.5 0.03
1319 38 93 66 26 0.79 -0.09 -0.19 1.04 0.32 0.0
1320 35 94 66 26 0.45 -0.06 -0.2 0.62 0.04 -0.51
1321 33 94 65 28 0.1 -0.12 -0.16 0.15 -0.08 -0.05
1322 41 94 65 27 0.04 -0.13 -0.14 -0.06 0.13 0.24
1323 38 95 64 26 0.03 -0.1 -0.11 -0.67 0.32 0.07
1324 34 94 62 25 0.11 -0.17 -0.08 -0.76 0.25 -0.02
-100 -100 -100 -100 -100 -100 -100 -100 -100 -100 -100
1325 32 90 62 25 0.17 -0.2 -0.07 -0.22 0.32 -0.05
1326 29 88 60 24 0.19 -0.24 -0.06 0.29 0.29 0.05
1327 28 89 60 29 0.13 -0.21 -0.05 0.65 0.31 0.12
1328 28 86 60 28 0.09 -0.17 -0.05 0.64 0.26 0.1
1329 30 86 58 27 0.01 -0.04 -0.07 0.37 0.27 0.11
1330 31 84 57 26 -0.03 0.12 -0.08 0.26 0.28 0.01
1331 30 81 56 27 -0.04 0.19 -0.09 0.14 0.23 -0.01
1332 29 79 55 26 -0.05 0.21 -0.07 -0.21 0.17 -0.04
1333 26 78 54 25 -0.05 0.13 -0.05 -0.29 0.12 -0.13
1334 27 77 53 31 -0.04 0.1 -0.04 -0.32 0.11 -0.09
1335 25 76 52 30 -0.01 0.05 -0.03 -0.34 0.07 -0.07
1336 24 76 52 29 0.0 0.02 -0.03 -0.17 0.15 -0.02
1337 23 77 52 27 -0.0 -0.02 -0.02 -0.06 0.14 -0.06
1338 32 75 51 27 -0.01 -0.04 -0.02 -0.03 0.18 -0.02
1339 28 73 52 29 -0.01 -0.04 -0.01 0.1 0.18 -0.04
1340 28 71 51 27 -0.01 -0.03 -0.01 0.12 0.18 -0.06
1341 26 70 50 26 -0.01 0.03 -0.01 0.01 0.14 -0.03
1342 24 71 50 26 -0.01 0.06 -0.01 -0.05 0.18 -0.05
1343 25 71 50 25 -0.01 0.06 -0.01 -0.06 0.17 -0.05
1344 24 70 49 25 -0.02 0.05 -0.0 -0.11 0.17 -0.04
1345 22 71 49 24 -0.02 0.02 -0.0 -0.18 0.14 -0.07
1346 20 69 50 29 -0.02 0.01 0.0 -0.13 0.16 -0.03
1347 26 70 49 28 -0.02 -0.01 0.0 -0.09 0.14 -0.04
1348 27 69 48 27 -0.02 -0.0 -0.0 -0.01 0.13 -0.04
1349 24 70 48 26 -0.02 -0.0 -0.0 -0.01 0.13 -0.05
1350 22 71 47 25 -0.02 0.01 -0.0 -0.04 0.13 -0.03
1351 22 72 47 25 -0.02 0.0 -0.01 -0.07 0.14 -0.05
1352 28 72 47 33 -0.01 0.0 -0.01 -0.09 0.13 -0.02
1353 27 74 47 31 -0.0 0.0 -0.01 -0.07 0.14 -0.02
1354 26 72 46 30 -0.0 -0.01 -0.01 -0.07 0.15 -0.05
1355 26 71 47 29 0.0 -0.02 -0.02 -0.04 0.14 -0.05
1356 24 71 47 28 -0.0 -0.02 -0.01 -0.04 0.15 0.0
1357 23 72 47 28 -0.0 -0.01 -0.01 -0.04 0.13 -0.05
1358 34 72 47 32 -0.0 -0.01 -0.01 -0.02 0.15 -0.05
1359 30 71 48 30 0.01 0.0 -0.01 -0.01 0.15 -0.06
1360 30 70 47 29 0.01 0.01 -0.01 -0.02 0.15 -0.02
1361 28 71 46 28 0.01 0.02 -0.02 0.0 0.14 -0.03
1362 25 69 46 27 0.0 0.02 -0.02 -0.07 0.13 -0.01
1363 23 71 46 26 0.0 0.02 -0.02 -0.09 0.14 -0.07
1364 22 72 46 30 0.0 0.02 -0.02 -0.11 0.12 -0.05
1365 22 71 47 29 0.0 -0.0 -0.01 -0.05 0.12 -0.03
1366 31 71 48 28 0.0 -0.01 -0.01 0.0 0.12 -0.05
1367 28 71 49 27 0.01 -0.01 -0.01 0.0 0.11 -0.04
1368 30 73 49 28 0.01 -0.0 -0.01 -0.02 0.13 -0.03
1369 27 72 50 27 0.02 0.01 -0.02 -0.08 0.15 -0.06
1370 25 72 50 32 0.01 0.01 -0.02 -0.08 0.13 -0.04
1371 24 72 52 30 0.01 -0.02 -0.02 -0.1 0.14 -0.01
1372 22 71 54 29 0.01 -0.02 -0.02 -0.06 0.12 -0.06
1373 21 70 55 28 0.01 -0.02 -0.02 -0.02 0.16 -0.04
