-1 -1 -1 -1 -1 -1 -1 -1 -1 -1 -1
2 16 74 47 24 0.01 -0.01 -0.18 0.2 0.05 -0.11
3 16 75 48 23 -0.01 -0.01 -0.18 0.19 0.0 -0.1
4 16 73 48 23 -0.04 -0.0 -0.16 0.21 -0.07 -0.1
5 16 74 47 23 -0.06 0.01 -0.12 0.3 -0.12 -0.1
6 16 73 46 23 -0.07 0.02 -0.09 0.34 -0.11 -0.12
7 16 72 46 24 -0.07 0.04 -0.03 0.37 -0.09 -0.12
8 16 72 46 23 -0.07 0.06 0.03 0.36 -0.09 -0.14
9 16 73 47 23 -0.06 0.08 0.06 0.23 -0.12 -0.17
10 16 74 47 23 -0.04 0.1 0.09 0.17 -0.11 -0.14
11 15 75 47 23 -0.02 0.12 0.1 -0.03 -0.06 -0.05
12 16 74 47 23 -0.01 0.13 0.09 -0.12 0.0 -0.05
13 16 75 47 23 0.0 0.11 0.06 -0.15 0.02 -0.05
14 16 76 47 23 0.0 0.07 0.03 -0.17 0.15 -0.11
15 16 74 47 23 -0.0 0.04 0.01 -0.16 0.16 -0.09
16 17 74 48 23 -0.01 -0.03 -0.03 -0.08 0.12 -0.06
17 16 74 48 23 -0.01 -0.07 -0.05 0.01 0.01 -0.07
18 16 74 48 23 -0.01 -0.08 -0.04 0.15 -0.11 -0.02
19 17 74 49 22 0.01 -0.09 -0.03 0.17 -0.13 -0.02
20 17 73 48 23 0.03 -0.06 -0.01 0.24 -0.14 0.02
21 17 75 48 24 0.05 -0.04 0.01 0.22 -0.07 0.0
22 16 72 49 23 0.05 0.01 0.02 0.19 -0.04 0.03
23 16 71 50 23 0.04 0.03 0.02 0.08 0.09 0.0
24 17 71 50 23 0.03 0.03 0.02 0.03 0.15 -0.03
25 17 71 51 23 0.01 0.01 0.02 0.03 0.11 -0.06
26 17 71 52 23 -0.0 -0.01 0.02 0.02 0.01 -0.05
27 16 69 53 23 -0.01 -0.02 0.03 0.06 -0.12 -0.02
28 17 70 54 23 0.01 -0.02 0.03 0.09 -0.16 -0.01
29 16 70 55 23 0.03 -0.0 0.04 0.1 -0.17 0.0
30 16 70 55 22 0.04 0.01 0.04 0.12 -0.04 0.0
31 16 69 55 23 0.05 0.04 0.03 0.11 -0.04 0.03
32 17 68 54 23 0.05 0.07 0.0 0.0 0.14 -0.04
33 16 68 53 23 0.04 0.07 -0.01 -0.02 0.21 -0.02
34 16 68 53 23 0.0 0.05 -0.03 -0.03 0.26 0.01
35 16 68 53 23 -0.05 0.01 -0.05 0.01 0.21 0.0
36 16 68 53 22 -0.08 -0.01 -0.06 0.1 0.04 0.06
37 16 70 53 23 -0.14 -0.02 -0.06 0.05 -0.01 0.03
38 16 69 53 23 -0.17 0.01 -0.06 0.13 -0.09 0.04
39 16 69 53 23 -0.17 0.02 -0.05 0.12 -0.09 -0.04
40 15 68 54 23 -0.16 0.04 -0.02 0.14 -0.11 -0.05
41 16 67 55 23 -0.12 0.04 0.02 0.14 -0.06 -0.09
42 16 68 55 23 -0.11 0.03 0.05 0.11 -0.03 -0.09
43 16 68 54 23 -0.07 0.02 0.09 0.1 -0.02 -0.09
44 16 68 53 23 -0.03 0.0 0.11 0.04 -0.03 -0.06
45 16 67 53 23 -0.01 0.0 0.11 0.01 -0.01 -0.06
46 16 67 51 23 0.02 -0.0 0.1 -0.1 -0.03 -0.06
47 16 67 51 23 0.03 -0.02 0.07 -0.16 -0.01 -0.01
48 16 68 51 23 0.04 -0.03 0.04 -0.16 -0.01 -0.03
49 15 68 51 24 0.04 -0.05 -0.01 -0.1 0.04 0.0
50 16 70 50 23 0.03 -0.06 -0.05 -0.1 0.05 -0.01
51 16 69 50 23 0.02 -0.06 -0.06 0.0 0.08 -0.05
52 16 69 50 23 0.0 -0.07 -0.08 0.1 0.07 -0.04
53 17 70 49 23 -0.01 -0.08 -0.07 0.18 0.04 -0.01
54 16 70 49 23 -0.01 -0.08 -0.06 0.19 0.02 -0.03
55 17 70 49 23 -0.01 -0.07 -0.03 0.22 -0.01 -0.03
56 18 72 50 23 0.0 -0.04 -0.01 0.17 -0.05 -0.02
57 17 73 51 23 0.0 -0.03 0.0 0.16 -0.04 -0.04
58 16 72 51 23 0.02 -0.01 0.01 0.07 -0.03 -0.03
59 17 73 50 23 0.03 0.0 0.01 0.0 0.01 -0.01
60 16 74 51 23 0.03 -0.0 0.01 -0.01 0.0 -0.05
61 17 75 51 23 0.03 -0.01 0.0 -0.03 0.05 -0.02
62 16 74 50 23 0.02 -0.02 -0.02 0.0 0.07 -0.03
63 16 74 51 23 0.01 -0.03 -0.03 0.03 0.07 -0.03
-200 -200 -200 -200 -200 -200 -200 -200 -200 -200 -200
64 16 73 51 23 -0.0 -0.02 -0.04 0.04 0.08 0.0
65 16 74 52 23 -0.02 -0.02 -0.05 0.06 0.08 -0.01
66 15 72 53 23 -0.04 -0.03 -0.05 0.05 0.06 -0.03
67 16 72 54 23 -0.05 -0.03 -0.04 0.1 0.03 -0.02
68 16 70 54 23 -0.06 -0.04 -0.02 0.12 0.02 -0.01
69 16 70 55 23 -0.06 -0.04 -0.02 0.14 0.0 -0.02
70 16 69 55 23 -0.06 -0.03 -0.0 0.14 0.01 -0.01
71 16 69 56 23 -0.06 -0.01 0.01 0.09 -0.03 -0.06
72 16 71 56 23 -0.05 -0.01 0.01 0.07 -0.04 -0.04
73 16 72 57 23 -0.03 0.01 0.02 0.01 -0.05 -0.03
74 16 73 57 23 -0.01 -0.0 0.02 -0.06 -0.02 -0.07
75 16 73 58 23 -0.0 -0.01 0.02 -0.02 0.0 -0.09
76 16 73 59 23 0.01 -0.03 0.02 0.01 0.04 -0.04
77 15 74 59 23 0.02 -0.04 0.02 0.05 0.03 -0.03
78 15 72 59 23 0.02 -0.04 0.02 0.02 0.0 -0.04
79 16 72 58 23 0.03 -0.03 0.02 0.01 0.02 -0.04
80 16 71 58 23 0.02 -0.04 0.02 0.0 0.03 -0.04
81 16 71 59 23 0.02 -0.05 0.02 0.02 0.03 -0.05
82 15 73 59 23 0.02 -0.06 0.03 0.03 0.02 0.0
83 16 72 59 23 0.01 -0.06 0.03 0.1 0.04 0.0
84 16 71 58 23 -0.0 -0.05 0.03 0.08 0.06 -0.01
85 16 70 58 23 -0.01 -0.03 0.03 0.04 0.04 0.0
86 17 69 57 23 -0.03 -0.02 0.02 0.03 0.07 -0.01
87 16 68 58 23 -0.03 -0.02 0.02 0.02 0.04 -0.05
88 17 70 57 23 -0.04 -0.03 0.03 0.01 0.03 -0.02
89 45 74 58 23 -0.04 -0.04 0.03 0.0 -0.01 -0.05
90 39 74 58 26 -0.04 -0.05 0.04 -0.05 -0.05 -0.1
91 40 79 56 32 -0.03 -0.07 0.04 -0.14 0.02 -0.05
92 55 84 57 30 -0.06 -0.13 0.04 -0.14 0.13 -0.02
93 62 86 59 28 -0.08 -0.16 0.05 -0.19 0.16 -0.02
94 76 92 59 27 -0.15 -0.27 0.04 -0.45 0.34 0.01
95 95 103 60 29 -0.26 -0.49 0.09 -0.04 0.35 0.2
96 121 116 60 43 -0.35 -0.6 0.13 0.05 0.42 0.22
97 163 149 62 60 -0.66 -0.99 0.24 0.11 0.54 0.38
98 199 153 63 58 -1.13 -1.64 0.34 -0.03 0.01 0.39
99 172 159 64 51 -1.07 -1.53 0.32 1.05 -0.29 0.45
100 188 158 65 46 -0.57 -0.77 0.11 0.46 -0.51 1.36
101 162 172 69 40 -0.31 -0.49 -0.15 3.38 -7.04 5.05
102 152 173 70 37 -0.76 -0.13 -0.46 -5.32 -2.42 4.12
103 161 165 74 37 0.43 0.25 -0.17 1.66 0.28 2.41
104 161 159 86 34 0.75 0.45 -0.3 0.23 0.54 1.8
105 152 148 82 31 0.9 0.46 -0.3 -0.07 0.38 2.57
106 140 148 85 29 1.08 0.48 -0.41 -0.19 0.73 3.41
107 178 167 81 31 1.27 0.44 -0.43 -0.39 0.86 2.26
108 163 159 91 29 1.38 0.31 -0.46 -0.12 1.03 1.64
109 177 151 94 28 1.47 0.02 -0.53 -0.59 0.87 0.98
110 170 146 99 27 1.54 -0.31 -0.6 -0.05 0.99 0.94
111 159 142 94 26 1.5 -0.38 -0.64 0.13 0.89 0.12
112 164 139 97 25 1.37 -0.45 -0.68 0.55 0.78 -0.72
113 182 141 93 25 1.16 -0.41 -0.66 0.48 0.17 -1.34
114 222 129 87 26 1.09 -0.37 -0.64 0.37 0.0 -1.52
115 209 126 85 25 0.96 -0.36 -0.54 0.1 -0.25 -1.62
116 206 128 87 24 0.82 -0.36 -0.41 0.48 -0.45 -1.7
117 203 126 88 24 0.75 -0.32 -0.34 0.61 -0.41 -1.89
118 279 127 94 24 0.65 -0.13 -0.27 0.66 -0.16 -1.84
119 274 124 92 23 0.57 -0.05 -0.27 0.43 0.15 -1.71
120 287 125 89 24 0.52 -0.06 -0.29 0.49 0.52 -1.41
121 252 125 83 26 0.39 -0.08 -0.34 0.61 0.62 -1.02
122 235 129 82 26 0.33 0.01 -0.44 1.34 0.97 -0.87
123 310 143 78 25 0.31 0.11 -0.49 1.32 0.95 -0.88
124 307 164 78 23 0.28 0.27 -0.54 0.59 0.85 -0.46
125 264 155 76 26 0.36 0.15 -0.55 -0.29 1.09 0.31
126 244 168 76 25 0.48 0.02 -0.55 -0.39 1.25 0.64
127 264 168 74 25 0.69 -0.17 -0.54 0.05 1.69 1.09
128 265 177 76 25 0.91 -0.16 -0.5 0.4 1.66 1.3
129 232 193 77 24 1.0 -0.09 -0.5 -0.16 1.82 1.49
130 197 207 73 25 1.17 -0.03 -0.52 -1.0 1.88 2.14
131 173 208 74 30 1.33 -0.11 -0.51 -1.31 1.91 2.52
132 152 227 70 25 1.42 -0.17 -0.51 -1.32 1.94 2.43
133 213 225 74 28 1.52 -0.15 -0.45 -1.09 1.56 2.18
134 181 198 83 30 1.58 0.02 -0.3 -1.65 0.86 1.46
135 194 184 79 29 1.64 0.06 -0.2 -1.78 0.36 1.36
136 217 177 76 27 1.6 0.06 0.11 -2.69 -0.84 1.65
137 236 166 74 26 1.63 -0.04 0.38 -2.57 -1.71 1.35
138 247 159 82 25 1.65 -0.05 0.5 -2.59 -2.1 0.73
139 237 151 80 25 1.66 0.06 0.74 -2.29 -2.63 -0.39
140 261 152 79 24 1.63 0.26 0.91 -1.63 -3.16 -1.31
141 439 162 76 24 1.61 0.29 1.01 -1.44 -3.35 -1.63
142 402 157 87 24 1.49 0.27 1.16 -1.06 -3.63 -2.26
143 347 148 92 23 1.4 0.2 1.2 0.48 -3.9 -2.83
144 285 138 92 24 1.21 -0.01 1.19 0.87 -3.91 -2.75
145 287 133 90 24 1.08 -0.11 0.97 1.49 -3.22 -3.03
146 297 131 89 24 0.99 -0.11 0.84 1.63 -2.86 -3.45
147 302 138 87 25 0.68 0.02 0.58 1.43 -2.63 -3.63
148 260 146 93 24 0.38 0.17 0.42 0.87 -1.54 -3.46
149 216 147 100 24 0.22 0.21 0.34 0.21 -1.22 -3.15
150 192 146 107 24 0.05 0.15 0.31 0.08 -0.82 -2.61
151 167 139 105 26 -0.23 0.25 0.38 -0.42 -0.9 -2.08
152 148 151 103 31 -0.35 0.31 0.46 -1.13 -0.85 -1.48
153 143 165 106 30 -0.51 0.42 0.62 -1.22 -0.98 -1.43
154 132 157 104 29 -0.71 0.6 0.87 0.13 -1.4 -0.74
155 118 163 114 27 -0.79 0.79 1.05 0.21 -1.5 -0.46
156 102 146 115 27 -0.93 1.35 1.37 0.03 -1.45 -0.35
157 89 167 111 26 -1.0 1.96 1.61 -1.44 -1.22 -1.05
158 76 149 109 36 -1.01 2.16 1.72 -1.52 -0.94 -1.29
159 65 141 114 34 -1.17 2.31 1.96 -1.93 -1.4 -1.21
160 62 130 120 33 -1.5 2.11 2.21 -1.78 -2.28 -1.02
161 71 139 119 30 -1.66 1.88 2.34 -1.29 -2.28 -0.12
162 144 162 115 30 -1.86 1.31 2.52 -0.55 -2.22 0.39
163 150 172 110 37 -2.11 1.08 2.5 -1.95 -2.4 0.88
164 149 165 117 35 -2.03 1.16 2.31 -1.0 -2.46 2.6
165 146 160 118 39 -1.62 0.78 1.7 0.34 -2.0 2.48
166 130 152 122 36 -1.09 -0.14 1.17 3.14 -1.0 2.28
167 140 152 116 34 -0.87 -0.55 1.06 3.69 0.05 2.62
168 166 146 124 31 -0.4 -0.58 0.89 4.02 0.35 2.65
169 152 160 125 30 -0.11 -0.01 0.6 3.91 0.9 2.81
170 133 145 123 29 0.02 0.24 0.44 1.96 1.02 2.29
171 129 138 117 27 0.3 0.2 0.09 1.69 1.22 2.03
172 108 129 114 31 0.52 -0.24 -0.13 1.33 1.13 1.35
173 105 125 120 30 0.56 -0.41 -0.19 0.93 0.5 -0.09
174 112 129 119 29 0.52 -0.49 -0.21 0.73 0.04 -0.5
175 106 122 115 28 0.42 -0.36 -0.14 -0.65 -1.26 -1.18
176 146 122 106 27 0.34 -0.26 -0.1 -1.4 -2.47 -1.8
177 135 133 100 26 0.2 -0.01 -0.06 -1.5 -3.04 -2.22
178 131 137 106 27 -0.01 0.2 -0.01 -1.47 -4.35 -2.91
179 125 135 97 27 -0.16 0.26 0.01 -1.38 -4.5 -3.56
180 133 142 102 26 -0.39 0.41 0.02 -1.01 -3.82 -3.87
181 114 142 100 28 -0.65 0.61 -0.03 -0.7 -3.67 -4.15
182 135 133 95 43 -0.84 0.75 -0.08 -0.92 -3.66 -4.02
183 142 137 95 53 -1.24 0.84 -0.21 -0.83 -3.47 -4.04
184 154 141 88 48 -1.55 0.73 -0.27 -1.01 -1.44 -3.0
185 143 165 83 85 -1.94 0.46 -0.28 -0.58 -1.0 -2.6
186 167 155 88 83 -2.16 0.41 -0.27 0.07 -0.45 -1.54
187 159 166 88 86 -2.64 0.59 -0.38 1.17 0.58 0.67
188 145 174 82 86 -2.73 0.74 -0.41 0.94 1.28 2.02
189 178 227 87 166 -2.74 0.84 -0.43 0.86 1.44 3.24
190 159 219 86 145 -2.45 0.8 -0.48 0.72 1.6 3.99
191 136 219 98 139 -2.27 0.71 -0.48 1.04 2.03 4.28
192 175 221 96 121 -1.8 0.34 -0.36 0.21 2.1 6.17
193 180 212 96 111 -1.16 0.02 -0.33 0.17 2.23 6.94
194 166 209 96 115 -0.88 -0.07 -0.29 0.56 2.05 6.67
195 132 204 102 103 -0.33 -0.14 -0.24 0.7 2.27 5.41
196 116 203 101 93 0.12 -0.28 -0.2 0.28 2.18 3.43
197 107 194 97 91 0.28 -0.4 -0.18 0.37 2.01 2.87
198 96 191 100 81 0.48 -0.56 -0.16 0.55 1.62 1.37
199 95 188 100 75 0.5 -0.54 -0.08 0.84 1.25 0.67
200 83 186 113 70 0.45 -0.45 -0.03 1.12 1.07 0.42
201 69 178 109 69 0.32 -0.22 0.03 1.23 0.51 0.06
202 67 172 100 65 0.23 -0.06 -0.0 0.92 0.09 -0.13
203 57 169 90 57 0.2 -0.05 -0.03 0.94 -0.47 -0.39
204 77 160 83 49 0.11 -0.05 -0.08 0.88 -0.85 -0.83
205 136 154 77 48 0.0 -0.04 -0.14 1.4 -1.29 -1.06
206 113 150 72 42 -0.08 0.01 -0.17 1.52 -1.42 -1.03
207 166 159 67 40 -0.2 0.29 -0.29 2.53 -1.81 -0.45
208 193 164 65 38 -0.23 0.55 -0.61 4.68 -2.63 0.56
209 241 174 61 35 -0.17 0.61 -0.83 5.12 -2.82 0.81
210 284 169 60 34 0.11 0.47 -1.49 5.13 -2.95 0.98
211 310 173 60 34 0.45 0.03 -2.31 4.88 -2.71 0.58
212 283 156 61 31 0.57 -0.24 -2.77 4.74 -2.5 1.03
213 235 150 67 49 0.99 -0.86 -3.69 3.08 -1.95 0.87
214 237 148 76 43 1.17 -1.51 -4.35 1.24 -2.04 1.11
215 190 142 79 45 1.26 -1.74 -4.57 0.29 -2.18 0.88
216 178 139 84 45 1.3 -2.02 -4.6 -2.02 -2.02 0.98
217 233 145 88 45 1.11 -1.94 -4.06 -5.97 -1.16 0.47
218 251 145 87 48 0.98 -1.75 -3.64 -6.53 -0.75 0.49
219 205 159 89 42 0.65 -1.03 -2.6 -7.02 -0.32 0.12
220 202 151 90 47 0.32 -0.13 -1.51 -7.19 -0.04 -0.33
221 192 145 84 41 0.16 0.2 -1.03 -7.17 0.03 -0.56
222 160 137 87 45 -0.02 0.45 -0.23 -7.11 0.0 -1.36
223 140 128 83 41 -0.12 0.31 0.34 -5.5 0.1 -1.25
224 161 126 80 41 -0.15 0.31 0.54 -3.49 0.07 -1.04
225 145 119 76 38 -0.16 0.42 0.74 -2.2 0.33 -1.12
226 133 125 75 34 -0.18 0.54 0.78 -1.18 0.5 -1.06
227 122 151 75 34 -0.18 0.52 0.74 -0.79 0.84 -0.9
228 129 146 73 34 -0.11 0.46 0.59 0.0 0.31 -0.61
229 124 140 70 33 -0.06 0.41 0.48 0.47 0.14 -0.37
230 114 176 67 33 -0.04 0.4 0.4 0.44 0.09 -0.41
231 111 177 67 31 0.02 0.34 0.31 0.41 0.04 -0.37
232 130 191 65 30 0.11 0.28 0.25 0.3 0.15 -0.25
233 109 197 63 28 0.11 0.26 0.24 0.24 0.22 -0.28
234 104 187 62 27 0.05 0.18 0.26 0.23 0.22 -0.2
235 86 186 62 27 -0.04 0.13 0.3 0.37 0.16 0.04
236 99 187 63 26 -0.08 0.1 0.32 0.54 0.15 0.19
237 89 194 63 25 -0.13 0.1 0.33 0.49 -0.01 0.23
238 78 193 63 25 -0.12 0.11 0.3 0.51 -0.16 0.05
239 66 214 64 28 -0.12 0.12 0.27 0.41 -0.18 -0.1
240 83 198 64 27 -0.1 0.13 0.24 0.69 -0.28 -0.66
241 70 175 64 26 -0.1 0.2 0.21 0.75 -0.13 -1.04
242 64 163 66 39 -0.12 0.24 0.18 0.74 -0.19 -1.44
243 61 160 64 43 -0.14 0.37 0.11 0.95 0.02 -1.79
244 55 163 63 39 -0.2 0.52 0.07 1.45 -0.03 -2.85
245 51 159 63 41 -0.22 0.6 0.04 1.08 0.2 -2.66
246 43 161 64 43 -0.48 0.81 -0.0 0.27 -0.45 -2.16
247 37 147 63 42 -0.58 1.11 -0.02 0.87 -0.51 -2.55
248 33 158 64 57 -0.67 1.31 -0.03 1.21 -0.47 -2.7
249 30 149 64 56 -0.87 1.58 -0.06 0.82 -0.86 -2.92
250 28 135 63 48 -1.06 1.82 -0.09 1.4 -0.91 -2.64
251 25 122 62 43 -1.09 1.88 -0.15 1.43 -1.28 -2.43
252 24 113 61 38 -1.18 1.82 -0.48 -0.13 -3.12 1.48
253 133 129 63 79 1.14 0.29 -0.43 -24.98 -4.23 27.15
254 112 128 62 68 -0.47 -1.48 0.08 3.23 1.94 -2.62
255 92 125 62 58 0.01 -1.49 0.09 -2.52 -2.85 -3.98
256 88 120 63 51 0.75 0.27 0.16 0.59 -0.14 0.29
257 87 113 60 45 0.64 0.44 0.11 0.55 0.16 0.88
258 75 104 58 40 0.34 -0.36 -0.0 1.73 0.02 0.08
259 65 97 57 37 -0.03 -1.05 0.08 1.21 -0.55 0.51
260 79 93 59 34 -0.12 -0.94 0.13 1.31 -0.41 0.78
261 65 90 59 31 -0.14 -0.34 0.08 0.98 0.23 0.71
262 58 90 65 29 -0.22 0.28 -0.01 0.75 0.48 0.64
263 50 88 64 28 -0.21 0.45 -0.0 0.08 0.29 0.15
264 49 87 60 26 -0.17 0.58 0.01 -0.28 0.17 -0.03
265 47 87 57 26 -0.16 0.37 0.07 -0.55 -0.07 -0.03
266 41 86 55 26 -0.17 0.27 0.09 -0.52 -0.05 -0.13
267 37 86 53 25 -0.22 0.12 0.11 -0.74 -0.2 -0.21
268 35 85 52 25 -0.21 0.13 0.07 -0.33 -0.14 0.05
269 53 83 50 24 -0.2 0.17 0.04 -0.09 -0.15 0.01
270 60 81 50 24 -0.17 0.22 0.01 0.26 -0.35 -0.04
271 56 79 50 24 -0.13 0.19 0.01 0.33 -0.37 -0.01
272 52 77 49 26 -0.1 0.18 0.01 0.26 -0.34 -0.07
273 44 76 49 23 -0.04 0.17 0.01 0.08 -0.31 -0.14
274 40 75 49 23 0.03 0.14 -0.0 -0.2 -0.23 -0.22
275 35 74 48 23 0.06 0.11 -0.01 -0.25 -0.22 -0.19
276 34 74 49 23 0.08 0.05 -0.02 -0.28 -0.2 -0.13
277 39 74 49 23 0.09 0.01 -0.02 -0.15 -0.12 -0.02
278 43 76 49 23 0.09 -0.05 -0.03 -0.15 -0.14 -0.02
279 37 74 50 23 0.08 -0.1 -0.03 0.02 -0.12 0.04
280 35 73 51 23 0.08 -0.12 -0.04 0.06 -0.1 0.03
281 32 73 51 23 0.08 -0.11 -0.04 0.08 -0.1 0.0
282 31 71 51 23 0.07 -0.07 -0.03 0.1 -0.15 0.03
283 36 70 52 23 0.07 -0.05 -0.03 0.1 -0.14 0.03
284 33 71 52 23 0.06 -0.02 -0.02 0.1 -0.17 0.06
285 30 70 51 24 0.06 -0.01 -0.01 0.09 -0.19 0.0
-100 -100 -100 -100 -100 -100 -100 -100 -100 -100 -100
286 34 69 50 23 0.06 -0.01 0.0 0.07 -0.18 0.06
287 55 69 49 23 0.05 0.01 0.02 0.08 -0.18 0.03
288 54 69 48 23 0.05 0.03 0.02 0.03 -0.12 -0.02
289 48 71 48 23 0.05 0.04 0.02 0.0 -0.09 0.0
290 46 71 47 23 0.04 0.04 0.03 -0.02 -0.12 0.0
291 40 72 47 24 0.04 0.03 0.03 -0.06 -0.1 0.0
292 42 72 48 23 0.03 0.03 0.03 -0.05 -0.11 0.0
293 36 72 48 23 0.03 0.02 0.02 0.0 -0.1 0.0
294 32 72 47 23 0.03 0.01 0.02 0.01 -0.12 0.0
295 32 72 48 23 0.03 0.02 0.02 -0.01 -0.1 0.0
296 58 72 48 21 0.03 0.02 0.02 -0.03 -0.13 0.0
297 49 72 49 23 0.03 0.01 0.01 -0.05 -0.12 -0.01
298 47 72 49 24 0.02 0.01 0.01 0.0 -0.12 -0.01
299 46 73 48 23 0.02 -0.0 0.01 0.02 -0.12 0.0
300 42 72 49 23 0.02 0.0 0.01 0.02 -0.13 -0.01
301 38 71 50 23 0.02 0.01 0.01 0.03 -0.14 0.01
302 38 70 50 23 0.02 0.02 0.01 0.03 -0.11 0.02
303 53 68 51 23 0.02 0.03 0.0 -0.01 -0.14 0.0
304 53 71 51 23 0.03 0.03 0.0 -0.01 -0.12 0.0
305 50 71 50 23 0.02 0.02 0.0 0.0 -0.13 -0.01
306 44 73 50 23 0.02 0.02 -0.0 -0.02 -0.1 0.0
307 47 73 50 24 0.02 0.02 -0.0 0.0 -0.1 0.02
308 40 71 51 23 0.02 0.02 -0.0 -0.02 -0.08 0.0
309 37 71 50 24 0.02 0.02 -0.01 -0.03 -0.09 -0.02
310 53 72 51 24 0.02 0.02 -0.01 -0.03 -0.09 -0.01
311 58 74 50 24 0.02 0.01 -0.01 -0.01 -0.1 0.0
312 53 73 49 24 0.01 0.0 -0.01 -0.03 -0.14 0.0
313 46 72 49 24 0.01 -0.01 -0.01 0.02 -0.1 0.01
314 43 72 49 24 0.01 -0.01 -0.01 0.0 -0.1 0.0
315 38 72 49 24 0.01 -0.01 -0.01 -0.01 -0.11 0.0
316 35 71 47 24 0.01 -0.01 -0.01 0.0 -0.08 0.01
317 35 70 48 24 0.01 -0.01 -0.01 0.0 -0.11 0.01
318 36 71 49 23 0.0 -0.01 -0.0 0.01 -0.09 -0.02
319 62 71 49 23 0.0 -0.01 -0.0 0.0 -0.11 0.0
320 51 70 48 23 0.0 -0.01 -0.01 0.0 -0.12 0.01
321 47 70 48 23 0.0 -0.01 -0.0 0.05 -0.1 -0.01
322 40 70 48 23 0.0 -0.0 -0.0 0.01 -0.12 0.0
323 40 69 48 23 0.0 0.0 0.0 -0.01 -0.12 -0.01
324 38 70 47 24 0.0 0.0 -0.0 -0.01 -0.13 -0.03
325 39 69 47 24 0.01 0.0 -0.0 -0.01 -0.09 -0.02
326 54 70 47 23 0.01 0.0 -0.01 0.0 -0.08 0.0
327 56 70 47 23 0.01 0.0 -0.01 -0.01 -0.07 -0.02
328 50 71 47 23 0.01 0.01 -0.01 -0.02 -0.06 0.0
-200 -200 -200 -200 -200 -200 -200 -200 -200 -200 -200
329 41 69 47 24 0.01 -0.01 -0.01 -0.02 -0.05 0.0
330 37 69 47 23 -0.0 -0.01 -0.01 -0.01 -0.09 -0.02
331 34 70 48 23 -0.0 -0.01 -0.01 0.02 -0.09 0.01
332 33 70 49 23 -0.01 -0.02 -0.01 0.05 -0.1 0.0
333 30 70 49 23 -0.01 -0.02 -0.0 0.06 -0.1 -0.01
334 27 71 50 25 -0.01 -0.01 -0.0 -0.01 -0.1 -0.02
335 30 72 48 23 -0.01 0.0 0.0 0.0 -0.1 0.0
336 28 72 48 23 -0.01 0.0 -0.0 -0.04 -0.09 -0.03
337 30 73 49 22 -0.01 -0.0 0.0 -0.02 -0.07 0.0
338 26 70 48 23 -0.01 -0.01 -0.01 -0.02 -0.07 -0.01
339 47 73 48 23 -0.01 -0.01 -0.01 -0.02 -0.08 -0.02
340 49 74 48 23 -0.01 -0.01 -0.01 -0.01 -0.08 -0.01
341 42 73 47 23 -0.01 -0.01 -0.02 -0.01 -0.08 -0.02
342 42 72 46 23 -0.02 -0.01 -0.01 0.0 -0.1 -0.03
343 39 72 47 23 -0.01 -0.01 -0.01 0.0 -0.1 -0.02
344 39 71 46 23 -0.01 -0.01 -0.01 -0.02 -0.08 -0.03
345 36 70 47 23 -0.01 -0.02 -0.01 0.01 -0.05 -0.02
346 34 71 46 23 -0.01 -0.02 -0.01 0.01 -0.1 0.0
347 31 71 46 23 -0.01 -0.01 -0.01 0.0 -0.08 -0.01
348 31 70 46 23 -0.01 -0.01 -0.01 -0.01 -0.09 -0.02
349 30 70 47 23 -0.01 -0.01 -0.01 -0.01 -0.07 0.0
350 38 72 48 23 -0.02 -0.02 -0.01 -0.02 -0.06 0.01
351 37 74 48 24 -0.02 -0.03 -0.01 -0.02 -0.08 0.0
352 44 74 49 23 -0.03 -0.03 -0.01 -0.03 -0.07 -0.01
353 63 78 49 23 -0.05 -0.04 -0.02 -0.1 -0.07 0.04
354 98 83 53 26 -0.08 -0.08 -0.02 -0.12 -0.05 0.01
355 123 96 52 26 -0.1 -0.1 -0.03 -0.63 0.26 0.29
356 152 111 57 56 -0.23 -0.26 -0.02 -0.66 0.28 0.48
357 284 135 57 50 -0.47 -0.64 0.03 -0.57 0.45 0.58
358 249 161 56 51 -0.68 -1.02 0.09 -2.01 0.54 0.92
359 303 173 56 45 -1.47 -2.34 0.33 -2.7 -0.25 0.75
360 293 171 61 40 -0.71 -1.74 0.14 1.03 0.73 1.16
361 298 169 66 37 -0.37 -1.55 0.04 0.75 0.92 2.61
362 274 154 67 34 -0.17 -1.45 0.08 1.38 1.86 3.86
363 242 143 71 31 0.03 -0.82 -0.08 0.77 1.31 3.62
364 296 131 69 30 0.16 -0.45 -0.19 -0.02 4.09 4.46
365 279 147 68 28 0.92 -0.16 -0.57 0.26 2.09 3.74
366 246 139 64 27 1.0 -0.35 -0.44 -0.22 2.76 2.6
367 229 134 81 27 1.02 -0.44 -0.37 -0.2 2.54 2.44
368 286 134 86 26 1.15 -0.56 -0.27 -0.33 2.41 2.57
369 317 133 82 27 1.26 -0.48 -0.18 -0.05 1.83 2.78
370 307 142 75 26 1.23 -0.36 -0.12 0.11 1.84 2.58
371 249 142 73 27 1.32 -0.04 -0.15 0.44 1.51 2.18
372 231 130 71 27 1.48 0.35 -0.15 0.78 1.18 1.32
373 182 147 67 28 1.58 0.48 -0.19 0.55 0.93 1.26
374 152 175 68 43 1.69 0.52 -0.16 -0.29 0.1 0.87
375 128 169 66 42 1.85 0.37 -0.13 -0.6 -0.42 0.69
376 177 194 75 46 1.99 0.3 -0.06 -0.62 -1.03 0.6
377 171 177 84 41 2.28 0.15 0.22 -1.66 -1.78 0.93
378 147 169 79 37 2.54 -0.18 0.51 -2.03 -1.76 0.81
379 229 173 77 35 2.57 -0.3 0.64 -2.29 -2.3 0.42
380 217 160 82 32 2.72 -0.37 0.8 -2.28 -2.36 0.23
381 285 151 86 30 2.65 -0.08 0.87 -1.22 -2.74 -0.49
382 326 165 86 29 2.63 0.05 0.84 -0.83 -2.7 -0.71
383 356 170 89 28 2.44 0.26 0.9 -0.78 -2.98 -1.93
384 358 157 96 27 2.18 0.17 0.89 -0.32 -3.06 -3.24
385 384 155 103 27 2.03 0.07 0.85 0.04 -3.18 -3.65
386 422 149 98 25 1.63 -0.11 0.76 0.91 -3.5 -4.11
387 376 147 97 37 1.23 -0.23 0.6 0.69 -3.39 -3.89
388 359 145 94 36 1.0 -0.26 0.51 0.66 -3.36 -3.7
389 367 148 90 33 0.61 -0.31 0.34 0.97 -3.21 -3.57
390 366 154 98 31 0.3 -0.3 0.22 1.08 -2.5 -2.97
391 327 143 95 29 0.12 -0.23 0.2 0.83 -2.39 -2.73
392 349 145 100 28 -0.12 -0.13 0.13 0.51 -1.95 -1.93
393 387 144 92 32 -0.26 -0.1 0.09 0.63 -1.62 -1.37
394 341 136 88 31 -0.3 -0.08 0.04 0.72 -1.35 -0.98
395 299 131 85 30 -0.39 0.03 -0.05 0.38 -0.91 -0.68
396 265 148 86 29 -0.35 0.08 -0.16 0.05 -0.45 -0.51
397 256 147 83 28 -0.39 0.11 -0.18 -0.51 -0.38 -0.36
398 267 161 79 27 -0.28 0.04 -0.19 -0.65 -0.1 -0.29
399 230 155 77 42 -0.19 -0.01 -0.15 -0.77 0.09 -0.32
400 189 137 73 38 -0.16 0.01 -0.1 -0.87 0.15 -0.3
401 167 132 72 36 -0.12 0.11 -0.0 -1.19 0.43 -0.31
402 147 137 72 34 -0.11 0.27 0.11 -1.54 0.48 -0.47
403 126 149 72 34 -0.12 0.35 0.19 -1.75 0.5 -0.61
404 111 137 68 32 -0.16 0.54 0.41 -1.4 0.35 -0.58
405 97 130 75 30 -0.28 0.92 0.72 -1.08 0.22 -0.23
406 89 140 79 30 -0.33 1.17 0.87 -0.93 0.33 -0.35
407 84 140 75 28 -0.44 1.75 1.17 -1.59 0.43 -0.93
408 72 145 77 27 -0.62 2.12 1.46 -2.32 0.44 -1.37
409 66 139 75 26 -0.79 2.08 1.63 -2.37 0.21 -1.14
410 90 137 73 26 -1.13 1.83 1.87 -2.81 -0.23 -0.68
411 87 147 70 25 -1.23 1.46 1.97 -2.69 -0.9 -0.65
412 84 141 75 25 -1.2 1.33 1.99 -2.39 -1.11 -0.59
413 100 193 87 25 -0.98 1.27 1.91 -0.31 -1.63 1.12
414 83 173 87 25 -0.83 1.28 1.82 1.45 -1.73 1.61
415 106 164 85 26 -0.6 1.52 1.57 1.07 -1.65 1.46
416 128 155 84 25 -0.35 1.46 1.32 1.18 -1.26 1.23
417 124 159 82 24 -0.26 1.27 1.22 1.44 -0.85 0.99
418 119 157 101 24 -0.11 0.76 1.0 1.75 -0.82 1.02
419 120 163 97 24 0.04 0.38 0.74 2.01 -0.68 0.86
420 124 180 92 24 0.13 0.31 0.61 1.25 -0.24 0.91
421 228 178 87 47 0.16 0.29 0.41 0.94 -0.14 0.94
422 222 175 84 41 0.1 0.17 0.29 1.08 -0.35 1.17
423 193 162 82 38 0.07 0.11 0.24 1.21 -0.49 0.78
424 217 162 106 34 0.06 -0.01 0.14 1.38 -0.59 0.54
425 211 153 105 32 0.11 -0.17 0.07 1.69 -0.46 0.59
426 195 151 100 30 0.12 -0.25 0.05 1.37 -0.64 0.8
427 255 155 93 29 0.08 -0.41 0.02 1.34 -0.91 0.88
428 219 153 91 28 0.1 -0.46 -0.07 1.44 -0.93 0.42
429 209 149 101 28 0.1 -0.42 -0.13 1.19 -1.23 -0.2
430 174 156 101 31 0.08 -0.3 -0.26 0.91 -1.38 -0.43
431 157 152 95 30 0.04 -0.24 -0.36 -0.01 -2.05 -1.15
432 158 147 101 28 0.03 -0.26 -0.4 -0.49 -2.59 -1.86
433 163 142 97 27 0.0 -0.23 -0.44 -0.64 -2.97 -2.1
434 155 147 96 26 -0.13 -0.13 -0.42 -1.46 -3.72 -2.84
435 184 146 100 26 -0.22 -0.07 -0.4 -1.84 -3.7 -3.36
436 186 141 89 25 -0.49 -0.01 -0.38 -1.77 -3.53 -3.65
437 177 149 88 25 -0.89 0.05 -0.32 -1.71 -3.36 -3.74
438 163 146 86 26 -1.12 0.08 -0.25 -0.72 -2.91 -3.34
439 142 147 79 29 -1.57 0.11 -0.16 -0.44 -2.73 -3.15
440 132 164 75 36 -1.99 0.27 -0.15 0.29 -1.93 -2.12
441 127 152 71 36 -2.16 0.4 -0.19 0.51 -0.59 -0.48
442 133 152 72 37 -2.43 0.6 -0.33 0.57 -0.22 -0.1
443 151 146 74 34 -2.54 0.65 -0.46 0.31 0.22 1.19
444 132 155 73 48 -2.5 0.61 -0.51 0.69 1.11 2.38
445 111 157 69 59 -2.42 0.62 -0.59 0.36 1.32 2.98
446 117 156 67 56 -2.18 0.69 -0.67 -0.59 1.89 3.58
447 172 149 65 50 -2.02 0.63 -0.65 -1.0 1.68 3.69
448 164 145 73 47 -1.65 0.37 -0.48 -1.27 1.63 3.91
449 186 145 83 43 -1.24 0.04 -0.25 -0.94 1.93 4.44
450 157 142 81 38 -1.05 -0.06 -0.15 -0.65 1.79 4.52
451 129 139 81 35 -0.63 -0.2 -0.02 -0.54 1.83 4.25
452 127 139 78 32 -0.28 -0.17 0.02 0.0 1.82 2.74
453 130 137 82 31 -0.17 -0.14 0.05 0.19 1.59 1.57
454 125 147 89 31 -0.03 -0.11 0.12 0.35 1.46 1.14
455 105 141 88 29 0.07 -0.14 0.17 0.61 0.88 0.54
456 101 144 83 28 0.07 -0.14 0.17 0.68 0.51 0.37
457 85 141 83 27 0.07 -0.06 0.16 0.94 0.5 0.29
458 82 142 88 26 0.06 0.14 0.07 0.82 0.52 -0.02
459 100 144 85 25 0.06 0.14 0.07 0.43 0.28 -0.44
460 128 149 80 32 0.04 0.15 0.02 0.39 0.17 -0.58
461 124 153 79 32 -0.05 0.02 0.03 0.88 -0.4 -0.5
462 140 148 84 28 -0.05 0.02 0.03 1.18 -0.84 -0.39
463 123 139 79 28 -0.08 0.1 -0.05 1.35 -0.96 -0.3
464 138 138 76 29 -0.09 0.07 -0.17 1.97 -1.43 0.1
465 136 137 73 27 -0.11 0.04 -0.25 2.76 -2.03 0.45
466 126 138 73 26 -0.08 0.03 -0.48 3.59 -2.59 0.63
467 133 139 71 25 0.03 0.04 -0.84 3.95 -2.69 0.77
468 148 151 69 26 0.08 0.0 -1.06 3.77 -2.45 0.7
469 155 150 68 46 0.26 -0.2 -1.52 3.96 -2.46 0.75
470 141 148 67 43 0.44 -0.47 -2.05 3.65 -2.33 0.83
471 190 146 83 39 0.53 -0.55 -2.31 2.87 -1.99 0.63
472 162 133 92 36 0.6 -0.62 -2.7 2.18 -1.96 0.47
473 140 131 84 33 0.62 -0.8 -2.91 -0.1 -1.95 1.33
474 178 129 89 38 0.62 -0.95 -2.99 -1.47 -1.7 1.32
475 205 134 90 39 0.63 -1.19 -3.07 -1.71 -1.11 1.07
476 174 138 101 35 0.55 -1.08 -2.9 -3.09 -0.4 0.43
477 322 159 106 50 0.46 -0.87 -2.73 -5.48 0.03 0.15
478 415 160 110 62 0.32 -0.58 -2.19 -5.93 0.48 0.09
479 360 154 106 53 0.1 -0.44 -1.44 -6.96 1.01 -0.63
480 317 150 103 56 0.06 -0.46 -1.06 -6.9 1.53 -0.83
481 293 145 100 58 -0.06 -0.51 -0.4 -6.48 1.68 -0.87
482 307 139 104 56 -0.05 -0.45 0.09 -4.31 1.62 -0.69
483 280 131 112 49 -0.06 -0.35 0.3 -3.1 1.56 -0.74
484 317 133 119 43 0.01 -0.18 0.53 -2.64 1.46 -0.76
485 279 130 111 42 0.12 -0.1 0.57 -0.92 1.34 -0.88
486 261 128 100 43 0.16 -0.05 0.55 -0.05 1.2 -0.93
487 296 132 102 38 0.19 0.05 0.42 0.54 1.1 -1.11
488 269 127 105 39 0.16 0.11 0.24 0.65 0.9 -1.04
489 244 129 94 36 0.17 0.11 0.17 0.51 0.65 -1.02
490 263 127 96 34 0.16 0.09 0.08 0.5 0.52 -0.95
491 223 128 92 33 0.05 0.1 0.06 0.44 0.47 -0.62
492 197 126 89 32 -0.01 0.1 0.05 0.28 0.28 -0.32
493 183 122 85 33 -0.08 0.11 0.04 0.2 0.08 -0.17
494 177 118 89 31 -0.13 0.12 0.04 -0.03 -0.16 0.2
495 253 119 84 32 -0.15 0.09 0.04 -0.19 -0.27 0.32
496 209 116 86 30 -0.14 -0.01 0.06 -0.14 -0.35 0.48
497 181 112 84 29 -0.1 -0.1 0.08 -0.08 -0.35 0.48
498 174 113 76 28 -0.07 -0.12 0.08 0.12 -0.27 0.35
499 150 113 71 28 -0.05 -0.11 0.08 0.18 -0.28 0.23
500 169 119 68 27 -0.04 -0.07 0.07 0.28 -0.22 -0.03
501 140 118 64 26 -0.04 -0.06 0.06 0.41 -0.15 -0.56
502 125 123 62 26 -0.05 -0.14 0.03 0.43 -0.06 -0.72
503 106 140 60 27 -0.06 -0.21 -0.02 0.71 -0.04 -1.19
504 98 134 58 27 -0.08 -0.22 -0.04 0.75 -0.04 -1.55
505 99 135 58 27 -0.15 -0.22 -0.07 0.76 -0.02 -1.64
506 88 135 59 26 -0.25 -0.2 -0.09 0.82 0.05 -1.95
507 118 131 57 27 -0.32 -0.19 -0.1 0.53 -0.04 -1.88
508 111 125 56 26 -0.45 -0.12 -0.15 0.45 -0.11 -1.76
509 119 155 58 26 -0.57 -0.01 -0.22 0.14 -0.21 -1.41
510 101 145 58 26 -0.64 0.03 -0.25 0.29 -0.48 -1.46
511 125 139 60 26 -0.74 0.16 -0.26 -0.1 -0.47 -1.46
512 115 129 61 29 -0.82 0.17 -0.27 -0.15 -0.42 -1.65
513 108 121 60 27 -0.88 0.14 -0.28 -0.07 -0.4 -1.78
514 117 112 61 26 -0.97 0.11 -0.3 -0.17 -0.32 -1.8
515 98 105 98 26 -1.06 0.11 -0.34 0.02 -0.19 -2.55
516 81 99 164 25 -1.13 0.23 -0.35 -0.93 0.25 -2.14
517 122 96 180 24 -1.0 0.12 -0.46 -13.99 -6.52 28.41
518 144 95 158 25 0.53 0.19 -0.28 8.81 5.92 2.47
519 201 98 142 24 0.3 -0.25 -0.16 -1.15 0.73 -1.41
520 167 93 121 25 0.54 0.47 -0.15 0.54 0.74 -0.33
521 139 88 107 25 -0.03 0.45 -0.33 0.05 0.92 0.51
522 137 87 98 25 -0.07 0.15 -0.36 0.55 0.82 0.13
523 115 87 92 25 -0.04 -0.12 -0.14 0.61 0.5 -0.68
524 98 83 91 24 0.12 -0.14 0.01 0.08 -0.78 -0.21
525 84 81 87 24 0.15 -0.1 0.06 0.33 -0.81 -0.07
526 115 80 83 23 0.13 0.02 0.07 0.5 -0.68 -0.23
527 105 79 78 24 0.07 0.1 0.11 0.34 -0.68 -0.24
528 125 81 76 24 0.05 0.07 0.14 0.19 -0.68 -0.35
529 115 81 76 23 0.03 0.04 0.15 -0.13 -0.27 -0.17
530 95 78 70 23 0.0 0.03 0.13 -0.1 0.02 0.2
531 77 75 68 23 -0.02 0.03 0.15 -0.1 0.07 0.11
532 70 74 66 23 0.0 0.09 0.07 -0.36 0.23 0.07
533 74 76 67 23 -0.04 0.11 0.06 -0.31 0.38 -0.07
534 70 78 63 23 -0.03 0.1 0.05 -0.38 0.29 -0.06
535 100 82 58 23 0.01 0.05 0.02 -0.34 0.27 -0.04
536 104 81 61 23 0.03 0.06 -0.0 -0.31 0.14 -0.11
537 93 80 60 25 0.03 0.06 -0.02 -0.3 0.06 -0.14
538 83 79 57 22 0.04 0.04 -0.03 -0.21 -0.02 -0.14
539 74 78 60 23 0.06 0.03 -0.05 -0.12 -0.01 -0.18
540 68 77 62 23 0.08 0.01 -0.04 0.0 0.03 -0.02
541 62 79 69 23 0.1 0.04 -0.06 0.08 0.1 0.02
542 67 78 67 22 0.07 0.06 -0.06 -0.05 0.04 0.0
543 59 77 64 23 0.06 0.06 -0.07 -0.08 0.16 -0.01
544 76 77 63 23 0.03 0.04 -0.06 -0.13 0.18 -0.05
545 73 76 61 23 0.02 -0.01 -0.03 -0.11 0.09 -0.04
546 64 76 60 23 0.01 -0.03 -0.02 -0.09 0.05 -0.05
-100 -100 -100 -100 -100 -100 -100 -100 -100 -100 -100
547 68 77 64 23 -0.0 -0.04 -0.0 0.0 0.03 -0.03
548 61 75 62 23 -0.01 -0.03 0.02 0.03 0.04 -0.03
549 76 76 61 23 -0.01 -0.03 0.02 -0.01 0.04 -0.06
550 66 75 61 24 -0.02 -0.02 0.03 -0.08 0.03 -0.05
551 64 75 59 23 -0.02 -0.03 0.02 -0.12 0.06 -0.05
552 81 75 59 23 -0.02 -0.03 0.02 -0.14 0.07 -0.04
553 76 75 60 23 -0.03 -0.06 0.02 -0.18 0.09 -0.09
554 70 76 60 23 -0.03 -0.05 0.01 -0.08 0.08 -0.01
555 60 76 61 24 -0.03 -0.06 0.02 -0.07 0.08 -0.05
556 79 73 60 24 -0.02 -0.05 0.01 -0.08 0.01 -0.05
557 70 75 59 23 -0.01 -0.04 0.01 -0.01 -0.04 -0.07
558 67 75 59 22 -0.0 -0.02 0.0 0.01 0.02 -0.09
559 69 76 62 23 0.0 -0.01 0.0 -0.07 0.0 -0.09
560 78 74 64 23 0.01 -0.01 -0.0 -0.08 0.01 -0.02
561 67 76 63 23 0.01 -0.01 -0.0 -0.05 0.05 -0.04
562 59 77 63 23 0.01 0.01 -0.0 -0.04 0.09 -0.04
563 51 75 61 23 0.01 0.03 -0.01 -0.09 0.04 -0.05
564 50 76 61 23 0.01 0.03 -0.01 -0.04 0.13 -0.09
565 47 75 60 26 0.01 0.02 -0.01 -0.08 0.04 -0.08
566 43 74 64 23 0.01 0.01 -0.01 -0.15 0.0 -0.07
567 46 76 62 21 0.0 -0.01 -0.01 -0.14 0.02 -0.05
568 73 76 61 23 0.01 -0.02 -0.01 -0.05 0.05 -0.08
569 61 74 61 23 0.0 -0.01 -0.01 -0.06 0.04 -0.07
570 61 75 58 23 0.0 -0.01 -0.01 -0.05 0.07 -0.07
571 55 73 57 23 0.01 0.0 -0.02 -0.07 0.07 -0.07
572 58 75 58 23 0.01 0.0 -0.02 -0.11 0.06 -0.07
573 53 75 56 23 0.01 -0.0 -0.02 -0.07 0.05 -0.05
574 50 75 57 23 0.01 -0.0 -0.02 -0.04 0.05 -0.09
575 42 75 58 23 0.01 -0.0 -0.02 -0.05 0.05 -0.06
576 44 76 58 23 0.01 -0.0 -0.02 -0.08 0.04 -0.04
577 71 75 60 23 0.01 0.0 -0.02 -0.07 0.01 -0.06
578 73 75 57 23 0.01 -0.0 -0.02 -0.07 0.03 -0.06
579 63 75 54 20 0.0 -0.0 -0.01 -0.02 0.04 -0.03
580 62 76 54 23 0.0 0.01 -0.01 -0.03 0.05 -0.05
581 53 75 56 23 0.0 0.01 -0.01 -0.07 0.09 -0.05
582 47 76 62 24 -0.0 0.01 -0.0 -0.07 0.08 -0.08
583 48 75 62 23 -0.0 0.01 -0.0 -0.1 0.03 -0.08
584 48 74 58 23 0.0 -0.01 0.0 -0.07 0.05 -0.07
585 61 76 57 23 0.0 -0.01 0.0 -0.06 0.04 -0.05
586 67 77 59 23 0.0 -0.01 -0.01 0.0 0.04 -0.06
587 65 78 61 23 0.0 0.01 -0.01 -0.01 0.04 -0.06
588 62 77 65 25 0.0 0.02 -0.01 -0.06 0.04 -0.03
589 52 75 81 23 0.0 0.01 -0.01 -0.09 0.05 -0.06
590 50 73 84 23 0.01 0.02 -0.0 -0.1 0.03 -0.08
591 42 72 95 23 0.02 0.02 -0.0 0.0 0.05 0.01
592 81 74 87 23 0.01 0.07 -0.0 -0.04 0.09 0.05
-200 -200 -200 -200 -200 -200 -200 -200 -200 -200 -200
593 86 76 80 23 -0.02 0.07 0.0 -0.18 0.11 -0.08
594 80 77 81 23 -0.02 0.04 0.0 -0.21 0.09 -0.14
595 75 80 83 23 -0.03 0.01 0.0 -0.14 0.09 -0.12
596 74 80 84 23 -0.03 0.0 0.0 -0.06 0.05 -0.09
597 80 78 79 23 -0.03 -0.01 0.0 -0.05 0.07 -0.07
598 70 75 75 23 -0.03 -0.01 0.0 0.0 0.05 -0.09
599 90 77 69 23 -0.02 -0.0 0.0 -0.01 0.06 -0.12
600 82 81 66 23 -0.02 -0.0 0.0 -0.07 0.01 -0.08
601 77 79 70 23 -0.01 0.0 -0.0 -0.06 0.02 -0.09
602 70 79 69 23 -0.0 0.01 -0.01 -0.07 0.04 -0.09
603 66 78 65 23 0.0 0.01 -0.01 -0.09 0.01 -0.1
604 65 80 68 23 0.01 0.01 -0.01 -0.06 0.04 -0.07
605 72 78 67 23 0.02 0.02 -0.02 -0.07 0.06 -0.05
606 97 79 77 23 0.02 0.02 -0.02 -0.1 0.05 -0.05
607 81 77 74 23 0.02 0.03 -0.03 -0.06 0.09 -0.04
608 69 75 71 23 0.02 0.02 -0.03 -0.07 0.08 -0.01
609 62 76 67 22 0.02 0.02 -0.02 -0.06 0.08 -0.05
610 57 75 71 23 0.01 0.02 -0.02 -0.07 0.08 -0.03
611 56 76 66 23 0.0 0.01 -0.01 -0.06 0.06 -0.04
612 57 77 69 23 0.0 0.01 -0.01 -0.05 0.06 -0.06
613 54 77 68 23 0.0 0.02 -0.01 -0.05 0.07 -0.07
614 76 78 67 23 -0.01 0.02 -0.0 -0.08 0.06 -0.04
615 78 78 69 24 -0.01 0.01 0.0 -0.1 0.08 -0.04
616 69 79 72 23 -0.01 0.0 0.0 -0.1 0.1 -0.07
617 69 78 72 23 -0.01 -0.01 0.01 -0.07 0.08 -0.04
618 64 78 71 23 -0.01 -0.01 0.01 -0.05 0.08 -0.05
619 64 76 67 23 -0.02 -0.01 0.0 -0.1 0.08 -0.07
620 63 79 67 23 -0.01 -0.02 0.0 -0.1 0.04 -0.05
621 56 77 62 23 -0.01 -0.03 0.0 -0.08 0.04 -0.09
622 50 76 60 23 -0.01 -0.02 0.0 -0.08 0.02 -0.09
623 79 77 58 23 -0.0 -0.02 -0.0 -0.08 0.05 -0.06
624 81 77 60 23 -0.0 -0.02 -0.0 -0.07 0.03 -0.06
625 75 74 72 23 -0.0 -0.05 -0.0 -0.08 0.07 -0.08
626 69 81 68 23 -0.01 -0.07 -0.0 -0.1 0.08 -0.07
627 78 81 67 23 -0.01 -0.08 -0.01 -0.1 0.09 -0.06
628 76 79 73 22 -0.01 -0.08 -0.01 -0.09 0.09 0.01
629 79 83 79 23 -0.02 -0.08 -0.01 -0.12 0.09 -0.04
630 82 84 76 23 -0.03 -0.08 -0.01 -0.13 0.09 -0.06
631 77 83 83 23 -0.05 -0.11 -0.01 -0.18 0.1 -0.07
632 100 86 100 24 -0.06 -0.14 0.0 -0.04 0.08 -0.03
633 106 84 122 23 -0.06 -0.17 0.01 -0.09 0.06 0.0
634 120 84 108 24 -0.09 -0.17 0.02 -0.12 0.05 0.13
635 137 86 101 23 -0.11 -0.18 0.02 -0.35 0.04 0.12
636 129 87 92 23 -0.16 -0.25 0.03 -0.32 0.06 0.04
637 110 84 88 23 -0.19 -0.37 0.03 -0.11 0.2 0.17
638 141 96 88 35 -0.21 -0.43 0.04 -0.17 0.08 0.24
639 137 99 83 34 -0.26 -0.55 0.08 -0.16 0.11 0.28
640 130 127 87 34 -0.3 -0.65 0.11 -0.08 0.09 0.1
641 144 139 89 32 -0.28 -0.69 0.14 0.06 0.11 -0.13
642 149 146 87 31 -0.18 -0.75 0.17 0.34 0.17 -0.11
643 168 146 92 35 -0.17 -0.71 0.17 0.13 0.07 0.08
644 176 138 84 35 -0.15 -0.7 0.17 -0.06 0.11 0.29
645 173 130 79 37 -0.1 -0.7 0.13 -0.31 0.21 0.45
646 174 128 78 40 -0.08 -0.69 0.07 -0.63 -0.11 0.32
647 166 135 77 36 -0.04 -0.67 0.01 -1.69 -1.87 0.66
648 159 128 80 33 0.14 -0.69 -0.18 0.26 0.36 -0.15
649 146 139 78 31 0.0 -0.31 0.39 -0.99 -3.09 0.74
650 133 137 75 38 0.13 0.06 0.78 -0.21 -1.04 -0.33
651 144 135 83 35 0.2 -0.21 0.24 -0.18 0.71 -0.23
652 137 131 84 33 0.21 -0.22 0.23 0.08 0.29 -0.09
653 122 126 82 31 0.18 -0.2 0.23 0.0 0.36 0.25
654 124 129 98 29 0.19 -0.17 0.2 0.42 0.37 0.54
655 141 125 95 28 0.23 -0.08 0.13 0.34 0.44 0.7
656 145 118 94 27 0.24 -0.02 0.09 0.24 0.52 0.76
657 181 121 87 27 0.28 0.01 -0.01 0.15 0.58 0.74
658 168 118 98 25 0.31 -0.04 -0.09 0.31 0.77 0.34
659 157 120 103 26 0.32 -0.05 -0.1 0.21 0.83 0.07
660 144 115 99 30 0.32 -0.06 -0.11 0.17 0.85 0.19
661 150 112 100 29 0.33 -0.04 -0.11 0.02 0.82 0.48
662 139 113 101 28 0.34 -0.04 -0.1 0.05 0.83 0.41
663 170 111 95 28 0.36 -0.0 -0.08 0.27 1.09 0.33
664 174 114 95 27 0.4 0.07 -0.07 0.29 1.35 0.6
665 214 136 89 34 0.43 0.12 -0.07 0.09 2.18 1.05
666 220 147 95 34 0.45 0.14 -0.09 0.19 2.34 1.16
667 234 148 96 32 0.52 0.22 -0.12 0.99 2.69 0.8
668 215 159 89 32 0.56 0.3 -0.12 0.99 2.66 0.96
669 215 149 91 31 0.67 0.49 -0.07 1.07 2.63 1.5
670 293 141 89 43 0.79 0.66 -0.07 0.3 2.27 2.65
671 238 136 84 52 0.85 0.62 -0.08 -0.21 2.13 2.91
672 196 133 77 55 1.12 0.22 -0.17 -0.32 1.84 3.34
673 185 133 81 49 1.45 -0.04 -0.24 0.27 1.83 3.44
674 245 130 90 44 1.61 -0.04 -0.23 -0.55 1.97 3.46
675 289 128 91 39 1.91 -0.1 -0.17 -1.29 1.46 3.5
676 254 120 85 40 2.16 -0.3 -0.04 -1.22 0.81 3.43
677 286 121 92 36 2.31 -0.43 0.02 -1.14 -0.11 3.27
678 254 126 91 34 2.47 -0.5 0.06 -0.87 -1.07 2.54
679 287 125 98 31 2.52 -0.41 0.11 -1.0 -2.61 0.75
680 349 119 91 29 2.52 -0.36 0.11 -1.17 -3.2 0.1
681 340 118 97 28 2.43 -0.36 0.21 -1.17 -4.04 -1.75
682 355 121 93 27 2.36 -0.44 0.27 -0.71 -4.19 -2.31
683 326 122 90 26 2.24 -0.42 0.31 -0.6 -4.44 -2.54
684 450 130 84 26 1.9 -0.25 0.33 -0.2 -4.46 -3.36
685 405 127 91 25 1.59 -0.08 0.24 -0.12 -4.32 -4.12
686 337 123 93 24 1.42 -0.03 0.2 -0.25 -3.97 -4.15
687 364 125 96 24 1.17 -0.09 0.02 -0.2 -3.66 -4.14
688 316 124 93 24 0.77 -0.12 -0.08 0.01 -3.04 -3.84
689 284 114 89 24 0.62 -0.1 -0.11 0.06 -2.78 -3.66
690 246 131 84 32 0.4 -0.03 -0.15 -0.01 -1.62 -3.08
691 209 125 81 30 0.05 0.04 -0.16 -0.02 -1.14 -2.8
692 227 119 78 32 -0.05 0.02 -0.18 -0.03 -0.86 -2.79
693 206 117 78 31 -0.17 -0.07 -0.19 -0.84 0.09 -2.19
694 195 120 77 29 -0.31 -0.38 -0.24 -1.99 0.03 -1.83
695 196 118 76 28 -0.29 -0.61 -0.24 -2.23 0.26 -1.16
696 157 114 77 28 -0.25 -0.81 -0.11 -1.82 0.27 -0.45
697 129 112 80 27 -0.22 -0.51 0.15 -2.04 0.41 0.06
698 104 114 79 26 -0.2 -0.31 0.29 -2.21 0.52 0.27
699 85 120 84 26 -0.17 -0.02 0.51 -2.38 0.51 0.64
700 72 134 83 34 -0.2 0.16 0.71 -1.94 0.32 0.1
701 61 136 93 32 -0.21 0.27 0.82 -1.7 0.18 -0.2
702 51 153 94 30 -0.28 0.62 1.11 -1.38 0.33 -0.73
703 62 141 89 29 -0.4 1.04 1.45 -1.75 0.37 0.12
704 58 137 89 27 -0.51 1.23 1.61 -2.29 0.18 0.21
705 90 145 82 30 -0.66 1.58 1.88 -2.74 0.08 0.03
706 118 136 87 29 -0.9 1.78 2.03 -4.46 -0.62 -0.99
707 108 129 89 33 -0.92 1.77 2.06 -4.46 -0.87 -1.07
708 88 133 93 34 -0.7 1.48 2.05 -3.36 -1.34 -0.33
709 107 132 89 33 -0.51 1.06 2.05 -0.33 -1.85 0.36
710 175 138 98 32 -0.49 0.98 2.03 0.43 -2.08 0.25
711 169 140 96 30 -0.43 1.06 1.99 2.36 -2.04 0.0
712 165 142 94 29 -0.34 1.31 1.77 2.22 -1.96 0.1
713 196 144 97 27 -0.27 1.33 1.59 2.31 -1.75 0.36
714 194 146 95 30 -0.06 0.96 1.17 3.07 -1.29 0.65
715 201 142 93 29 0.12 0.57 0.77 3.53 -0.69 0.82
716 189 138 92 29 0.15 0.54 0.59 3.19 -0.56 0.8
717 178 151 93 32 0.12 0.59 0.27 2.26 -0.14 0.78
718 166 144 88 31 0.03 0.42 0.07 2.1 -0.18 0.48
719 162 134 90 30 0.0 0.27 0.03 2.25 -0.3 0.49
720 144 137 95 28 -0.06 0.04 0.02 2.05 -0.53 0.99
721 129 131 96 27 -0.09 -0.04 -0.01 1.89 -0.39 1.34
722 144 144 89 27 -0.07 -0.07 -0.05 1.67 -0.31 1.55
723 129 139 87 26 -0.05 -0.19 -0.15 1.18 -0.31 1.41
724 125 134 83 25 -0.01 -0.29 -0.21 0.99 -0.38 1.03
725 118 136 93 25 0.02 -0.3 -0.24 0.78 -0.54 0.6
726 105 135 91 25 0.08 -0.34 -0.29 0.43 -0.59 0.15
727 127 132 84 24 0.14 -0.38 -0.34 -0.3 -0.94 -0.37
728 124 134 78 25 0.14 -0.42 -0.35 -0.39 -1.04 -0.6
729 122 135 82 24 0.12 -0.41 -0.36 -0.68 -1.48 -1.0
730 117 138 93 24 0.03 -0.32 -0.33 -0.99 -2.68 -1.76
731 101 136 95 24 -0.02 -0.27 -0.29 -1.1 -3.19 -2.07
732 118 139 95 24 -0.1 -0.16 -0.23 -1.45 -3.73 -3.07
733 114 140 89 23 -0.26 -0.08 -0.13 -1.93 -3.78 -3.6
734 113 143 85 24 -0.38 -0.09 -0.06 -2.4 -3.8 -4.04
735 116 142 85 24 -0.72 -0.18 0.08 -2.56 -3.66 -4.64
736 129 139 91 35 -1.1 -0.2 0.22 -1.91 -2.41 -3.78
737 130 153 85 54 -1.35 -0.14 0.31 -1.58 -1.83 -3.35
738 130 148 81 53 -1.9 0.14 0.49 -1.05 -0.86 -2.67
739 152 145 78 51 -2.36 0.49 0.57 -0.34 0.12 -1.31
740 138 138 75 47 -2.52 0.6 0.56 -0.2 0.45 -0.68
741 136 163 75 65 -2.71 0.65 0.49 0.68 0.94 1.58
742 133 169 71 57 -2.72 0.62 0.4 1.27 1.27 2.52
743 190 153 72 53 -2.61 0.62 0.34 1.42 1.44 2.92
744 169 146 73 73 -2.35 0.71 0.21 1.05 0.85 4.33
745 194 143 77 66 -1.84 0.56 0.12 0.93 0.93 5.02
746 159 135 76 57 -1.65 0.49 0.04 0.5 1.81 4.89
747 190 134 85 49 -1.15 0.34 0.02 0.81 1.78 4.34
748 172 131 81 44 -0.6 0.24 -0.07 0.34 2.26 3.59
749 154 131 75 44 -0.47 0.22 -0.04 0.36 2.29 3.3
750 132 127 75 39 -0.24 0.15 0.01 0.31 2.05 2.16
751 118 129 81 36 -0.12 0.06 0.09 0.2 1.61 1.5
752 115 128 80 34 -0.03 0.01 0.13 0.25 1.48 1.28
753 115 121 79 35 0.05 -0.03 0.19 0.4 0.94 0.71
754 117 121 79 33 0.1 -0.03 0.19 0.45 0.71 0.4
755 115 124 78 30 0.12 -0.01 0.18 0.5 0.56 0.03
756 146 128 76 29 0.14 0.02 0.14 0.55 0.37 -0.3
757 130 122 74 28 0.08 0.07 0.08 0.65 -0.05 -0.78
758 134 118 73 27 0.08 0.06 0.04 0.71 -0.17 -0.87
759 136 114 73 28 0.04 0.04 -0.04 1.04 -0.49 -0.96
760 144 114 71 26 -0.0 0.06 -0.15 2.03 -0.94 -0.75
761 141 120 72 25 -0.03 0.09 -0.22 2.43 -1.11 -0.59
762 173 120 72 26 -0.06 0.13 -0.42 3.38 -1.67 -0.24
763 184 125 70 26 -0.03 0.13 -0.75 3.99 -1.9 -0.03
764 194 121 73 66 0.01 0.1 -0.95 4.4 -2.27 -0.15
765 254 127 71 58 0.11 0.01 -1.42 4.73 -2.52 -0.17
766 241 141 72 49 0.21 -0.03 -1.94 4.17 -1.98 -0.1
767 232 137 74 43 0.24 -0.07 -2.2 3.65 -1.89 0.05
768 229 141 74 40 0.29 -0.13 -2.7 2.54 -1.68 0.38
769 252 149 74 40 0.27 -0.23 -3.05 0.55 -1.72 0.89
770 293 165 73 40 0.25 -0.28 -3.13 -0.1 -1.97 0.98
771 282 164 76 37 0.26 -0.37 -3.11 -2.13 -1.92 0.05
772 355 152 97 34 0.35 -0.46 -2.86 -3.76 -1.48 -0.11
773 350 146 90 34 0.38 -0.44 -2.67 -4.09 -1.23 0.18
774 300 134 85 32 0.32 -0.24 -2.13 -5.48 -0.55 1.49
775 262 143 82 31 0.15 -0.23 -1.51 -5.86 0.31 0.51
776 242 137 80 30 0.07 -0.3 -1.21 -5.55 0.93 -0.43
777 226 130 79 29 -0.14 -0.32 -0.69 -5.26 1.18 -1.03
778 244 122 82 30 -0.2 -0.34 -0.32 -4.23 1.19 -1.05
779 239 115 80 30 -0.24 -0.34 -0.17 -3.93 1.07 -0.89
780 207 111 78 28 -0.27 -0.27 0.05 -2.51 1.08 -0.62
781 191 109 77 28 -0.23 -0.11 0.17 -1.72 1.14 -0.51
782 177 106 80 27 -0.21 -0.03 0.19 -1.41 1.12 -0.57
783 159 104 81 24 -0.14 0.04 0.21 -0.54 1.17 -0.56
784 168 106 85 25 -0.09 0.11 0.17 -0.32 1.28 -0.65
785 163 108 85 26 -0.06 0.13 0.13 -0.23 1.21 -0.64
786 159 109 82 25 -0.02 0.15 0.11 -0.16 1.15 -0.47
787 168 105 86 25 -0.01 0.15 0.09 -0.09 0.99 0.0
788 144 101 83 29 0.0 0.15 0.08 -0.15 0.99 0.11
789 161 106 82 24 -0.02 0.12 0.1 -0.15 0.66 0.34
790 155 102 77 24 -0.01 0.1 0.12 -0.19 0.47 0.33
791 142 99 76 24 -0.01 0.05 0.14 -0.16 0.47 0.32
792 124 97 75 24 -0.01 0.0 0.15 0.22 0.35 0.23
793 117 98 73 24 -0.01 0.01 0.14 0.25 0.29 0.1
794 125 98 71 24 -0.03 0.02 0.12 0.29 0.22 0.07
795 124 119 70 23 -0.02 -0.01 0.09 0.24 0.2 0.03
796 107 114 71 24 -0.02 -0.04 0.08 0.14 0.01 -0.01
797 104 109 71 24 0.02 -0.07 0.06 0.17 0.0 0.0
798 91 122 69 24 0.02 -0.05 0.05 0.23 0.0 0.0
799 101 143 70 24 0.02 -0.03 0.04 0.24 0.06 -0.19
800 143 152 70 24 -0.02 0.03 0.02 0.27 0.1 -0.37
801 129 144 70 23 -0.06 0.05 0.0 0.23 0.09 -0.91
802 109 147 69 23 -0.09 0.07 -0.0 0.12 0.08 -1.3
803 123 154 69 23 -0.15 0.06 -0.01 0.13 0.07 -1.49
804 126 150 70 27 -0.23 0.03 -0.03 0.21 0.03 -1.73
805 137 138 68 27 -0.28 0.03 -0.04 0.19 -0.02 -1.68
806 147 131 69 30 -0.42 0.04 -0.06 0.31 -0.24 -1.79
807 132 126 71 29 -0.51 0.05 -0.1 0.14 -0.36 -1.85
808 120 117 70 28 -0.55 0.04 -0.14 0.14 -0.26 -2.24
809 112 107 67 27 -0.63 0.06 -0.2 0.17 -0.3 -2.4
810 102 100 64 26 -0.77 0.18 -0.25 0.41 -0.03 -3.15
811 83 94 64 26 -0.87 0.28 -0.28 -0.32 -0.18 -2.98
812 76 93 64 26 -1.06 0.26 -0.29 -0.19 -0.33 -2.87
813 108 93 62 25 -1.16 0.54 -0.25 -14.81 -5.79 28.58
814 89 89 62 25 0.07 1.27 -0.15 5.04 2.94 -2.25
815 86 88 69 25 0.27 -0.5 -0.08 -1.23 -0.11 -3.72
816 83 90 66 24 0.4 -0.07 0.11 -1.28 0.21 0.41
817 67 88 62 24 0.21 -0.04 0.02 0.4 0.39 1.15
818 57 87 61 24 -0.04 -0.2 -0.08 1.61 0.12 0.52
819 93 87 59 23 0.03 -0.17 -0.06 1.0 -0.2 -0.83
820 88 86 60 23 0.1 -0.1 -0.03 0.39 -0.38 -0.01
821 93 86 60 23 0.18 0.13 -0.01 0.37 -0.33 -0.13
822 79 87 61 24 0.18 0.22 -0.05 -0.27 -0.17 -0.11
823 84 85 60 23 0.15 0.18 -0.04 -0.18 0.01 0.05
824 85 86 59 23 0.1 0.1 0.0 -0.21 0.03 -0.17
825 106 84 59 23 0.14 0.11 0.0 -0.15 0.2 -0.01
826 117 86 60 23 0.13 0.12 0.0 -0.01 0.45 0.07
827 111 85 59 24 0.06 0.16 -0.01 -0.05 0.55 0.1
828 111 83 60 23 -0.0 0.15 -0.02 -0.23 0.54 0.09
829 94 83 59 23 -0.02 0.14 -0.02 -0.31 0.44 -0.03
830 90 81 60 22 -0.05 0.12 -0.01 -0.3 0.29 -0.06
831 84 80 60 23 -0.05 0.1 -0.0 -0.23 0.04 -0.12
832 77 78 61 23 -0.04 0.09 0.0 -0.17 -0.06 -0.15
833 79 78 60 23 -0.03 0.09 0.0 -0.11 -0.1 -0.12
834 89 81 61 23 -0.01 0.08 0.0 -0.12 -0.08 -0.16
835 74 78 63 23 0.01 0.09 -0.0 -0.15 0.05 -0.16
836 71 77 63 23 0.02 0.06 -0.01 -0.18 0.1 -0.13
837 72 76 63 23 0.03 0.06 -0.02 -0.19 0.13 -0.05
838 76 75 62 23 0.03 0.05 -0.03 -0.21 0.23 -0.03
839 95 78 61 23 0.01 0.06 -0.03 -0.25 0.24 -0.03
840 80 79 62 23 0.01 0.06 -0.04 -0.2 0.17 -0.09
841 69 78 63 23 0.0 0.05 -0.05 -0.15 0.15 -0.1
842 96 78 62 23 0.01 0.05 -0.05 -0.16 0.12 -0.1
843 94 77 63 23 0.01 0.05 -0.05 -0.15 0.05 -0.11
844 83 79 62 22 0.02 0.06 -0.05 -0.1 0.09 -0.07
-100 -100 -100 -100 -100 -100 -100 -100 -100 -100 -100
845 79 78 63 23 0.02 0.06 -0.04 -0.13 0.1 -0.08
846 82 79 62 23 0.02 0.04 -0.04 -0.12 0.11 -0.06
847 77 78 62 23 0.01 0.03 -0.04 -0.08 0.15 -0.06
848 74 78 61 23 0.0 0.03 -0.04 -0.11 0.11 -0.09
849 75 80 61 23 -0.0 0.03 -0.03 -0.1 0.12 -0.08
850 62 79 61 23 -0.01 0.02 -0.03 -0.13 0.09 -0.13
851 101 80 61 23 -0.0 0.03 -0.02 -0.11 0.06 -0.09
852 93 78 60 23 -0.0 0.03 -0.01 -0.15 0.03 -0.06
853 94 80 60 23 -0.01 0.03 -0.01 -0.1 0.06 -0.07
854 80 77 61 23 -0.01 0.02 -0.01 -0.12 0.11 -0.08
855 70 79 61 23 -0.0 0.02 -0.01 -0.12 0.09 -0.04
856 77 79 62 23 -0.01 0.03 -0.01 -0.13 0.15 -0.08
857 75 79 61 23 -0.01 0.05 -0.01 -0.18 0.15 -0.08
858 81 80 60 22 -0.01 0.03 -0.02 -0.16 0.11 -0.08
859 96 78 60 22 -0.01 0.03 -0.01 -0.13 0.07 -0.11
860 96 79 58 23 -0.01 0.01 -0.01 -0.14 0.03 -0.07
861 83 80 57 23 -0.01 0.0 -0.01 -0.12 0.01 -0.1
862 85 81 57 23 -0.01 0.01 -0.01 -0.11 0.04 -0.11
863 84 81 57 23 -0.0 0.01 -0.01 -0.13 0.06 -0.09
864 76 79 57 23 0.01 0.01 -0.01 -0.12 0.06 -0.1
865 67 78 56 23 0.01 0.02 -0.01 -0.13 0.08 -0.08
866 67 78 57 23 0.01 0.01 -0.01 -0.08 0.1 -0.05
867 67 80 57 23 0.01 0.0 -0.01 -0.07 0.07 -0.06
868 71 78 57 23 0.01 0.01 -0.01 -0.12 0.07 -0.07
869 96 82 56 23 0.02 0.02 -0.01 -0.15 0.06 -0.05
870 85 80 56 23 0.01 0.03 -0.02 -0.14 0.09 -0.08
871 70 77 55 23 0.01 0.03 -0.02 -0.11 0.11 -0.08
872 71 76 55 23 0.01 0.02 -0.02 -0.1 0.09 -0.1
873 64 76 54 23 0.01 0.01 -0.02 -0.1 0.07 -0.05
874 58 78 54 23 0.0 0.0 -0.02 -0.1 0.03 -0.1
875 53 78 54 23 0.01 0.0 -0.01 -0.09 0.04 -0.09
876 54 77 53 23 0.02 0.01 -0.0 -0.09 0.02 -0.09
877 54 81 53 23 0.02 0.0 -0.0 -0.1 0.03 -0.02
878 67 75 52 23 0.02 0.01 -0.01 -0.11 0.07 -0.06
879 72 76 53 23 0.02 0.02 -0.01 -0.16 0.08 -0.06
880 76 77 52 23 0.01 0.02 -0.01 -0.16 0.09 -0.11
881 69 76 51 23 0.02 0.01 -0.01 -0.17 0.1 -0.09
882 67 77 52 23 0.01 0.0 -0.02 -0.09 0.09 -0.07
883 62 76 65 23 0.01 0.01 -0.02 -0.12 0.07 -0.08
884 56 77 65 23 0.02 0.0 -0.01 -0.12 0.05 -0.06
885 77 77 63 23 0.02 0.0 -0.01 -0.08 0.08 -0.04
886 88 76 59 23 0.02 -0.0 -0.01 -0.1 0.07 -0.05
887 79 74 56 23 0.01 0.01 -0.01 -0.1 0.09 -0.08
888 69 73 55 23 0.02 0.02 -0.01 -0.1 0.04 -0.04
889 59 76 57 23 0.02 0.02 -0.01 -0.13 0.04 -0.08
890 58 79 58 23 0.02 0.05 -0.01 -0.11 0.02 -0.12
891 79 81 67 23 0.02 0.03 -0.01 -0.12 0.1 -0.05
892 104 82 63 23 0.02 0.02 -0.0 -0.2 0.11 -0.01
-200 -200 -200 -200 -200 -200 -200 -200 -200 -200 -200
893 96 82 63 23 0.01 -0.0 -0.01 -0.16 0.12 -0.03
894 82 78 60 23 0.0 -0.01 -0.0 -0.14 0.07 -0.09
895 70 79 58 23 0.0 -0.01 -0.01 -0.16 0.04 -0.11
896 63 79 57 23 0.01 -0.03 -0.01 -0.11 0.06 -0.08
897 56 80 55 23 0.02 -0.02 -0.01 -0.07 0.05 -0.07
898 97 82 54 23 0.02 -0.02 -0.01 -0.07 0.04 -0.08
899 93 82 58 23 0.02 -0.01 -0.01 -0.1 0.02 -0.09
900 81 80 55 23 0.02 -0.01 -0.0 -0.14 0.07 -0.09
901 67 75 53 23 0.02 -0.02 -0.01 -0.11 0.1 -0.11
902 63 81 53 23 0.02 -0.02 -0.01 -0.13 0.09 -0.08
903 82 81 52 23 0.02 -0.02 -0.01 -0.08 0.08 -0.03
904 98 80 51 23 0.01 -0.02 -0.01 -0.12 0.09 -0.06
905 93 82 50 23 0.01 -0.03 -0.01 -0.1 0.1 -0.06
906 94 81 49 23 0.0 -0.01 -0.01 -0.08 0.07 -0.05
907 87 82 52 23 0.0 -0.01 -0.01 -0.06 0.06 -0.09
908 82 81 51 23 0.0 -0.01 -0.01 -0.09 0.05 -0.06
909 83 81 52 23 -0.01 -0.03 0.0 -0.15 0.08 -0.08
910 78 81 53 24 -0.0 -0.03 0.0 -0.13 0.08 -0.09
911 75 80 51 23 -0.01 -0.02 -0.0 -0.08 0.09 -0.03
912 114 81 55 23 -0.02 -0.01 -0.0 -0.14 0.09 -0.1
913 104 84 53 23 -0.02 -0.02 -0.0 -0.24 0.06 -0.13
914 98 85 52 23 0.0 -0.03 -0.0 -0.12 0.06 -0.07
915 96 85 52 23 -0.0 -0.04 -0.01 -0.08 0.07 -0.07
916 84 84 50 23 -0.01 -0.05 -0.0 -0.08 0.07 -0.1
917 98 81 50 23 -0.01 -0.07 -0.01 -0.07 0.04 -0.06
918 89 81 50 23 -0.01 -0.06 -0.01 -0.09 0.06 -0.09
919 99 80 49 23 -0.01 -0.05 -0.0 0.02 0.17 -0.07
920 104 79 52 21 -0.02 -0.06 -0.0 -0.13 0.1 -0.06
921 102 78 50 23 -0.02 -0.06 0.01 -0.09 0.05 -0.09
922 103 79 50 23 -0.01 -0.05 0.01 -0.08 0.05 -0.06
923 99 78 49 22 -0.01 -0.02 0.01 -0.04 0.04 -0.06
924 91 78 49 23 -0.01 -0.01 0.01 -0.16 0.05 -0.06
925 97 78 49 23 -0.01 -0.01 0.01 -0.19 0.11 -0.1
926 93 78 49 23 -0.01 -0.03 0.0 -0.17 0.11 -0.08
927 90 78 49 23 -0.01 -0.03 -0.0 -0.11 0.06 -0.07
928 103 80 51 24 -0.01 -0.03 -0.01 -0.06 0.06 -0.05
929 90 81 51 23 -0.02 -0.04 -0.01 -0.07 0.06 -0.09
930 93 83 49 23 -0.02 -0.03 -0.02 -0.08 0.02 -0.08
931 88 80 50 23 -0.01 -0.02 -0.02 -0.05 0.06 -0.08
932 77 81 49 23 -0.02 -0.03 -0.01 -0.07 0.11 -0.06
933 82 85 49 23 -0.02 -0.05 -0.01 -0.08 0.06 -0.11
934 81 85 49 23 -0.02 -0.06 -0.01 -0.07 0.05 -0.08
935 76 86 50 23 -0.02 -0.06 0.0 -0.11 0.05 -0.1
936 83 98 50 23 -0.03 -0.07 0.0 -0.1 0.04 -0.07
937 76 108 52 23 -0.01 -0.08 0.01 -0.11 0.0 -0.09
938 70 115 51 23 0.03 -0.1 -0.0 -0.17 0.0 -0.05
939 59 121 50 24 0.05 -0.15 0.01 -0.08 0.0 -0.07
940 51 138 50 26 0.07 -0.17 0.01 -0.15 0.0 -0.05
941 65 158 51 29 0.1 -0.21 0.02 -0.16 0.08 0.01
942 73 172 51 27 0.09 -0.25 0.03 0.1 0.17 -0.05
943 71 180 51 27 0.1 -0.23 0.06 -0.04 0.1 -0.12
944 86 171 50 26 0.15 -0.21 0.09 -0.11 -0.05 -0.06
945 97 159 50 26 0.18 -0.24 0.09 0.01 0.07 0.06
946 84 156 50 26 0.12 -0.29 0.09 -0.12 0.03 0.07
947 80 147 51 25 0.06 -0.29 0.08 -0.2 0.15 0.02
948 91 141 54 25 0.01 -0.3 0.07 -0.12 0.11 0.11
949 82 134 55 31 -0.01 -0.3 0.06 -0.09 0.2 0.0
950 78 124 53 29 -0.05 -0.28 0.07 0.06 0.25 -0.09
951 81 117 52 28 -0.07 -0.23 0.07 -0.03 0.18 -0.13
952 82 117 57 27 -0.07 -0.16 0.07 -0.15 0.18 -0.07
953 92 116 59 26 -0.08 -0.13 0.03 -0.34 0.12 0.1
954 91 113 57 27 -0.09 -0.13 0.02 -0.26 0.21 0.24
955 123 113 56 43 -0.12 -0.18 0.02 -0.17 0.21 0.27
956 111 107 56 39 -0.13 -0.14 0.02 0.08 0.24 -0.1
957 117 107 55 35 -0.12 -0.09 0.03 -0.15 0.19 0.05
958 159 117 59 32 -0.1 -0.05 0.04 -0.15 0.21 0.29
959 145 114 60 30 -0.07 -0.06 0.04 0.13 0.25 0.94
960 158 113 61 29 -0.07 -0.01 0.07 0.17 0.52 2.2
961 165 121 61 27 -0.07 0.2 0.1 0.07 -0.34 3.16
962 149 117 60 26 0.03 0.63 0.08 0.12 0.95 2.57
963 165 111 61 26 0.06 0.76 0.06 -0.9 2.04 3.02
964 212 118 66 25 0.27 0.74 0.09 -0.75 2.32 3.14
965 199 124 66 25 0.53 0.44 0.11 -0.41 3.2 3.42
966 178 131 66 36 0.67 0.3 0.12 0.11 3.24 3.83
967 153 126 64 38 0.92 0.17 0.16 0.6 3.18 3.71
968 137 121 67 35 1.19 0.34 0.16 1.07 3.01 3.19
969 124 117 68 32 1.42 0.53 0.19 0.28 2.04 3.21
970 124 121 67 30 1.66 0.42 0.13 -0.42 1.66 3.12
971 103 119 65 32 2.04 0.04 0.13 -0.47 1.05 3.03
972 85 109 68 30 2.21 -0.1 0.12 -0.38 0.37 2.55
973 69 102 81 28 2.47 -0.13 0.12 -0.5 0.11 2.43
974 59 108 80 27 2.6 0.06 0.14 -1.43 -0.71 2.03
975 76 115 76 27 2.69 0.1 0.16 -1.72 -1.58 1.22
976 122 121 70 26 2.79 0.1 0.31 -1.61 -1.61 0.8
977 175 116 77 25 2.73 0.16 0.51 -1.25 -2.6 -0.69
978 226 113 77 24 2.68 0.24 0.59 -1.31 -3.18 -1.39
979 197 114 80 24 2.59 0.44 0.76 -0.62 -3.56 -1.94
980 192 117 82 24 2.42 0.59 0.84 -0.44 -3.47 -2.28
981 185 118 78 24 2.26 0.65 0.86 -0.49 -3.86 -3.24
982 243 118 73 24 1.88 0.51 0.85 -0.29 -3.77 -3.51
983 285 121 75 23 1.68 0.04 0.75 0.13 -3.65 -3.68
984 256 120 79 23 1.37 -0.14 0.64 0.86 -3.35 -3.53
985 248 125 76 23 1.2 -0.11 0.57 0.91 -3.23 -3.46
986 236 126 76 22 0.87 0.03 0.42 0.97 -3.04 -3.36
987 208 124 76 24 0.74 0.08 0.33 0.96 -2.27 -3.16
988 168 118 75 24 0.52 0.13 0.1 0.62 -1.79 -3.03
989 140 118 75 27 0.2 0.1 -0.03 0.55 -1.42 -2.72
990 114 132 76 31 0.09 0.07 -0.09 0.44 -0.96 -2.41
991 90 121 81 29 -0.12 0.14 -0.16 0.35 -0.71 -2.35
992 76 113 82 28 -0.26 0.36 -0.17 -0.22 -0.56 -1.92
993 64 106 79 27 -0.33 0.46 -0.14 -1.55 -0.57 -0.89
994 52 117 80 23 -0.42 0.56 -0.06 -1.91 -0.46 -0.88
995 45 121 80 28 -0.44 0.65 0.05 -2.42 -0.04 -1.41
996 39 119 81 27 -0.46 0.73 0.15 -2.58 0.04 -1.66
997 47 116 79 26 -0.53 0.95 0.43 -2.57 0.15 -1.86
998 43 125 78 25 -0.7 1.21 0.81 -2.32 0.05 -1.64
999 38 128 75 30 -0.88 1.41 1.18 -2.22 0.08 -1.22
1000 77 120 79 28 -0.96 1.47 1.32 -2.12 -0.08 -0.8
1001 154 119 78 27 -1.14 1.51 1.48 -2.49 -0.17 -0.55
1002 212 117 80 26 -1.24 1.44 1.51 -2.23 -0.39 -0.2
1003 210 126 76 26 -1.47 1.2 1.51 -2.11 -0.75 1.0
1004 180 133 74 25 -1.36 0.86 1.33 -0.11 -1.27 1.5
1005 168 132 73 26 -1.19 0.79 1.19 1.11 -1.34 0.97
1006 220 132 77 25 -0.69 0.83 0.88 1.84 -1.22 0.75
1007 196 127 78 25 -0.29 1.0 0.67 1.2 -1.1 0.94
1008 186 131 76 25 -0.13 0.97 0.59 1.03 -1.05 1.17
1009 162 125 76 24 0.07 0.62 0.5 1.09 -0.7 1.35
1010 182 127 76 25 0.13 0.2 0.4 1.56 -0.69 1.14
1011 160 126 73 24 0.15 0.09 0.36 1.68 -0.69 1.05
1012 159 141 70 23 0.15 0.03 0.34 2.16 -0.68 1.14
1013 195 135 69 24 0.07 0.15 0.34 2.18 -0.68 1.33
1014 165 133 70 23 0.01 0.17 0.33 1.89 -0.72 1.62
1015 141 141 68 24 -0.08 0.03 0.27 1.97 -0.72 1.63
1016 153 145 74 24 -0.02 -0.27 0.14 2.27 -0.57 1.52
1017 169 142 74 24 0.03 -0.38 0.05 2.12 -0.58 1.37
1018 188 144 77 24 0.1 -0.5 -0.11 1.69 -0.56 0.85
1019 162 139 75 26 0.15 -0.5 -0.22 1.1 -0.67 0.64
1020 136 144 82 26 0.15 -0.48 -0.27 0.72 -0.79 0.35
1021 118 144 89 25 0.12 -0.54 -0.32 0.09 -1.33 -0.26
1022 108 142 89 25 0.07 -0.68 -0.32 0.04 -1.55 -0.63
1023 101 143 85 24 0.04 -0.7 -0.29 0.02 -1.76 -1.14
1024 136 137 81 24 -0.1 -0.61 -0.21 -0.14 -2.21 -1.5
1025 138 141 94 24 -0.29 -0.43 -0.12 -0.36 -2.91 -2.01
1026 118 135 97 23 -0.4 -0.31 -0.08 -0.43 -3.2 -2.12
1027 118 132 93 24 -0.63 -0.1 -0.01 -0.46 -3.54 -2.49
1028 121 135 96 23 -0.87 0.12 0.03 -0.69 -3.54 -3.56
1029 119 128 96 23 -1.01 0.2 0.03 -0.95 -3.34 -3.94
1030 125 142 91 31 -1.42 0.16 0.05 -2.14 -2.08 -3.73
1031 146 145 86 36 -1.93 -0.26 0.04 -2.0 -1.13 -3.2
1032 143 144 87 41 -2.16 -0.39 0.01 -0.99 -0.64 -2.72
1033 171 157 82 39 -2.57 -0.24 0.03 0.11 -0.18 -2.18
1034 163 158 83 37 -2.89 0.29 0.12 0.01 0.62 -0.06
1035 160 148 83 34 -2.98 0.53 0.12 -0.08 0.93 0.59
1036 158 139 77 35 -2.88 0.63 0.03 -0.29 1.66 2.15
1037 147 144 90 33 -2.65 0.36 -0.05 -0.24 1.72 4.46
1038 129 136 87 32 -2.4 0.22 -0.11 -0.06 1.97 4.87
1039 154 135 81 30 -1.85 0.19 -0.16 0.16 2.39 5.34
1040 194 127 83 29 -1.34 0.33 -0.08 -0.07 2.16 5.02
1041 209 124 81 28 -0.98 0.28 -0.12 -0.44 2.47 4.72
1042 205 122 86 28 -0.43 0.12 -0.15 -0.61 2.49 3.52
1043 179 117 82 27 -0.06 -0.13 -0.06 -0.52 2.51 2.67
1044 191 117 77 25 0.04 -0.2 -0.01 -0.31 2.11 1.77
1045 161 110 75 25 0.16 -0.25 0.13 -0.2 1.73 1.07
1046 139 109 80 27 0.17 -0.16 0.24 0.0 1.07 0.23
1047 159 106 75 26 0.16 -0.09 0.28 0.0 0.77 -0.01
1048 160 112 69 26 0.12 0.02 0.32 0.16 0.3 -0.41
1049 158 105 67 26 0.07 0.07 0.32 0.22 0.1 -0.61
1050 151 103 69 25 -0.0 0.04 0.3 0.31 0.0 -0.72
1051 197 98 69 24 -0.03 0.03 0.29 0.83 -0.29 -0.72
1052 206 99 66 24 -0.07 0.05 0.24 1.23 -0.54 -0.68
1053 199 99 72 32 -0.09 0.12 0.12 1.51 -0.78 -0.57
1054 346 106 72 30 -0.1 0.14 0.05 2.11 -1.16 -0.47
1055 345 111 70 37 -0.16 0.15 -0.24 3.38 -1.81 0.1
1056 337 112 68 34 -0.18 0.15 -0.38 3.84 -1.85 0.32
1057 295 114 74 33 -0.18 0.14 -0.55 4.67 -2.12 0.37
1058 267 122 70 31 -0.05 0.01 -1.19 5.07 -2.54 0.66
1059 258 132 66 30 -0.01 -0.09 -1.44 4.72 -2.81 0.78
1060 283 129 66 29 0.11 -0.31 -1.94 4.01 -2.86 0.93
1061 250 125 67 28 0.18 -0.34 -2.42 3.06 -2.4 0.96
1062 247 124 68 28 0.19 -0.31 -2.64 1.8 -2.69 1.0
1063 234 116 108 27 0.3 -0.43 -2.91 0.45 -2.49 0.53
1064 220 129 105 26 0.47 -0.68 -3.05 -1.32 -1.5 0.21
1065 190 131 121 25 0.5 -0.78 -3.05 -1.88 -1.38 0.51
1066 246 141 106 25 0.45 -0.82 -2.87 -3.12 -1.01 1.02
1067 236 135 98 25 0.41 -0.77 -2.59 -4.72 -0.25 0.61
1068 248 132 91 32 0.37 -0.74 -2.39 -5.23 0.04 0.07
1069 228 125 88 30 0.24 -0.61 -1.95 -5.63 1.09 -0.84
1070 233 121 86 31 0.11 -0.43 -1.4 -6.14 1.15 -1.14
1071 251 119 86 30 0.06 -0.37 -1.12 -6.17 1.36 -1.01
1072 216 117 86 28 0.03 -0.23 -0.67 -5.55 1.45 -0.91
1073 237 115 82 27 0.0 -0.12 -0.27 -4.77 1.67 -0.96
1074 250 118 78 34 -0.01 -0.08 -0.09 -3.69 1.61 -1.06
1075 233 111 80 31 0.0 0.0 0.18 -2.55 1.53 -1.17
1076 227 104 74 30 -0.0 0.06 0.39 -1.36 1.49 -1.09
1077 203 101 72 29 -0.01 0.06 0.44 -1.11 1.39 -0.96
1078 203 101 72 27 -0.05 0.04 0.45 -0.24 1.09 -0.61
1079 176 101 68 26 -0.03 0.04 0.4 0.04 0.93 -0.32
1080 204 112 70 26 -0.03 0.05 0.37 0.08 0.75 -0.21
1081 200 107 65 25 0.01 0.03 0.32 0.21 0.49 0.01
1082 234 106 69 26 -0.06 -0.01 0.26 -0.02 0.19 0.16
1083 250 104 67 25 -0.07 -0.07 0.25 0.15 -0.04 0.27
1084 196 97 64 25 -0.06 -0.11 0.24 0.14 -0.14 0.38
1085 198 95 65 24 -0.07 -0.06 0.23 0.1 -0.31 0.51
1086 171 94 62 24 -0.08 -0.05 0.23 0.11 -0.34 0.5
1087 152 94 61 25 -0.07 -0.05 0.24 0.15 -0.36 0.28
1088 207 94 59 24 -0.05 -0.06 0.24 0.4 -0.35 0.07
1089 170 90 58 24 -0.06 -0.06 0.23 0.48 -0.34 0.07
1090 143 93 61 24 -0.04 -0.08 0.19 0.49 -0.25 0.04
1091 124 92 62 25 -0.03 -0.09 0.12 0.55 -0.22 0.1
1092 139 93 61 24 -0.03 -0.08 0.09 0.54 -0.12 0.2
1093 155 94 61 27 -0.03 -0.06 0.01 0.49 -0.09 0.23
1094 155 91 58 26 -0.01 -0.06 -0.07 0.31 -0.1 -0.01
1095 152 90 56 25 0.0 -0.08 -0.09 0.16 -0.1 -0.11
1096 127 89 58 25 0.04 -0.12 -0.14 0.09 -0.07 -0.13
1097 114 86 62 24 0.06 -0.1 -0.15 0.06 0.05 -0.08
1098 107 87 62 24 0.06 -0.07 -0.16 -0.01 0.12 -0.14
1099 109 90 61 24 0.05 -0.02 -0.16 -0.18 0.22 -0.36
1100 127 93 60 27 0.01 -0.01 -0.15 -0.37 0.25 -0.5
1101 118 93 60 26 -0.01 -0.02 -0.14 -0.41 0.23 -0.52
1102 101 92 58 25 -0.03 -0.05 -0.11 -0.5 0.3 -0.63
1103 100 89 59 26 -0.07 -0.05 -0.08 -0.44 0.25 -0.63
1104 85 88 61 25 -0.08 -0.05 -0.07 -0.42 0.24 -0.64
1105 83 119 58 27 -0.1 0.01 -0.03 -0.34 0.28 -0.7
1106 86 130 58 27 -0.14 0.08 -0.01 -0.47 0.2 -0.69
1107 104 130 57 27 -0.15 0.09 0.01 -0.48 0.24 -0.76
1108 86 123 56 27 -0.16 0.09 0.02 -0.29 0.14 -0.87
1109 76 128 56 26 -0.16 0.09 0.03 -0.28 0.13 -0.87
1110 79 142 58 27 -0.16 0.09 0.03 -0.14 0.04 -0.93
1111 112 215 58 26 -0.15 0.14 0.03 0.03 0.22 -1.3
1112 111 203 59 25 -0.14 0.24 -0.01 0.13 0.17 -1.71
1113 100 185 59 25 -0.16 0.28 -0.03 0.03 0.27 -2.15
1114 93 166 56 25 -0.35 0.29 -0.1 0.14 0.07 -2.34
1115 95 150 58 24 -0.6 0.09 -0.16 -0.09 -0.08 -3.13
1116 79 134 63 24 -0.74 -0.03 -0.19 0.09 0.14 -3.44
1117 88 122 65 23 -1.05 -0.21 -0.24 0.48 0.09 -3.79
1118 86 114 65 24 -1.49 -0.04 -0.24 2.32 0.73 -2.07
1119 78 110 90 26 -1.41 0.65 -0.23 -12.54 -6.14 23.31
1120 73 109 85 26 -0.65 0.33 -0.83 -2.53 -3.04 -7.59
1121 125 108 81 26 0.46 -0.29 0.05 -1.25 -1.02 -2.57
1122 141 100 81 25 0.44 -0.01 0.13 -1.24 -1.26 1.09
1123 182 95 76 25 0.09 -0.15 -0.0 0.03 -0.06 0.59
1124 159 91 73 24 -0.09 0.06 -0.05 1.16 0.03 0.01
1125 143 88 69 24 -0.08 0.06 -0.05 1.0 -0.16 -0.33
1126 125 85 73 23 0.04 0.14 0.02 0.28 -0.29 -0.07
1127 104 85 70 24 0.05 0.24 -0.0 -0.3 0.38 -0.13
1128 91 82 68 23 0.03 0.27 -0.03 -0.52 0.32 0.08
1129 74 79 67 24 -0.05 0.25 -0.02 -0.44 0.22 0.11
1130 100 81 63 24 -0.08 0.09 0.03 -0.38 0.09 -0.23
1131 106 81 62 23 -0.05 0.04 0.05 -0.32 0.08 -0.11
1132 94 80 61 23 -0.05 0.04 0.03 -0.06 0.02 -0.11
1133 80 78 59 23 -0.03 0.07 0.03 -0.11 -0.02 -0.11
1134 69 79 58 23 -0.03 0.08 0.02 -0.13 -0.11 -0.01
1135 84 81 57 23 -0.03 0.06 0.01 -0.2 -0.12 -0.16
1136 89 81 56 23 -0.01 0.06 0.01 -0.25 -0.07 -0.05
1137 87 78 54 23 -0.0 0.07 0.01 -0.24 -0.01 0.0
1138 95 79 55 23 0.01 0.07 -0.01 -0.07 0.06 -0.12
1139 84 79 57 23 0.01 0.1 -0.02 -0.18 0.07 -0.02
1140 100 78 55 23 0.01 0.09 -0.02 -0.17 0.06 -0.03
1141 104 79 53 22 -0.0 0.08 -0.02 -0.23 0.08 -0.09
1142 111 81 53 23 0.0 0.07 -0.03 -0.2 0.07 -0.02
-100 -100 -100 -100 -100 -100 -100 -100 -100 -100 -100
1143 99 79 53 23 -0.0 0.06 -0.02 -0.15 0.05 -0.03
1144 92 78 51 23 -0.01 0.03 -0.03 -0.14 0.0 -0.09
1145 78 79 52 23 -0.01 0.05 -0.03 -0.11 0.0 -0.04
1146 84 81 55 23 -0.02 0.06 -0.04 -0.08 0.0 -0.06
1147 74 78 55 23 -0.02 0.05 -0.04 -0.1 0.0 -0.1
1148 67 77 53 24 -0.02 0.02 -0.03 -0.17 0.0 -0.07
1149 78 75 53 23 -0.02 0.01 -0.03 -0.11 -0.01 -0.08
1150 73 76 51 23 -0.02 0.02 -0.03 -0.09 -0.02 -0.06
1151 70 78 52 23 -0.02 0.02 -0.02 -0.07 0.03 -0.03
1152 58 77 52 23 -0.02 0.02 -0.02 -0.09 0.02 -0.06
1153 58 76 53 22 -0.03 0.02 -0.01 -0.16 0.0 -0.08
1154 51 76 54 23 -0.02 0.01 -0.01 -0.18 -0.04 -0.08
1155 59 79 69 23 -0.02 0.01 -0.01 -0.15 0.0 -0.07
1156 89 80 84 23 -0.02 0.01 -0.01 -0.13 -0.02 -0.06
1157 80 79 85 23 -0.01 0.04 -0.01 -0.1 0.03 0.13
1158 89 87 79 23 -0.02 0.07 -0.01 -0.05 0.06 0.18
1159 93 85 76 23 -0.04 0.13 -0.01 -0.28 0.11 -0.12
1160 87 87 73 23 -0.03 0.09 -0.02 -0.15 0.06 -0.12
1161 74 84 70 23 -0.02 0.06 -0.01 -0.19 0.03 -0.12
1162 74 82 67 23 -0.01 0.02 -0.02 -0.32 0.01 -0.15
1163 70 82 63 23 0.01 -0.02 -0.03 -0.11 -0.04 -0.11
1164 87 82 61 23 0.01 -0.03 -0.03 -0.04 -0.04 -0.08
1165 82 81 61 23 0.02 -0.04 -0.03 -0.03 -0.06 -0.07
1166 88 79 67 23 0.03 -0.01 -0.03 -0.05 0.0 -0.06
1167 93 79 65 23 0.03 0.0 -0.03 -0.04 0.02 -0.05
1168 81 79 72 23 0.03 0.02 -0.03 -0.08 0.05 -0.02
1169 88 80 75 23 0.02 0.01 -0.02 -0.1 0.04 -0.02
1170 88 81 71 23 0.01 0.0 -0.01 -0.1 0.04 -0.01
1171 90 81 70 23 0.0 0.0 -0.01 -0.1 0.03 -0.08
1172 80 82 78 23 0.0 0.01 -0.0 -0.1 0.01 -0.06
1173 78 81 91 23 -0.0 0.01 -0.0 -0.08 0.02 -0.06
1174 75 84 96 23 -0.01 0.01 0.0 -0.13 0.0 0.0
1175 98 84 93 23 -0.02 0.02 0.0 -0.13 0.07 0.02
1176 114 85 86 22 -0.03 0.02 0.01 -0.2 0.07 -0.01
1177 106 85 78 23 -0.04 0.01 0.01 -0.24 0.04 -0.14
1178 106 84 77 23 -0.03 0.02 0.0 -0.04 0.01 -0.12
1179 93 85 78 23 -0.02 0.04 -0.01 -0.09 -0.01 -0.1
1180 87 83 78 23 -0.02 0.04 -0.01 -0.15 -0.05 -0.13
1181 82 82 77 23 -0.01 0.04 -0.01 -0.12 -0.02 -0.08
1182 76 82 75 23 -0.0 0.0 -0.01 -0.14 0.02 -0.08
1183 88 84 79 23 0.01 -0.01 -0.01 -0.11 0.03 -0.08
1184 80 83 88 23 0.01 -0.01 -0.01 -0.04 0.02 -0.03
-200 -200 -200 -200 -200 -200 -200 -200 -200 -200 -200
1185 82 82 85 23 0.01 0.0 -0.01 -0.06 0.03 -0.01
1186 77 80 81 23 0.01 0.01 -0.02 -0.13 0.04 -0.05
1187 81 81 77 23 0.0 0.01 -0.02 -0.17 0.03 -0.05
1188 77 87 73 23 0.01 -0.0 -0.02 -0.13 0.06 -0.06
1189 70 83 83 23 0.0 -0.0 -0.02 -0.12 0.06 -0.05
1190 67 84 86 23 0.0 -0.0 -0.02 -0.04 0.01 -0.05
1191 71 82 82 23 0.0 0.01 -0.01 -0.06 0.0 -0.04
1192 79 82 84 23 0.01 0.01 -0.01 -0.06 -0.01 -0.08
1193 79 83 91 23 0.01 0.01 -0.0 -0.1 0.01 -0.08
1194 78 84 92 26 0.01 0.01 -0.0 -0.13 0.0 0.0
1195 79 85 92 23 -0.0 0.01 0.0 -0.14 0.05 0.01
1196 76 85 84 23 -0.01 0.01 0.0 -0.18 0.07 -0.05
1197 74 88 82 23 -0.02 -0.01 0.0 -0.14 0.06 -0.04
1198 68 87 80 23 -0.02 -0.03 0.0 -0.13 0.02 -0.1
1199 64 86 85 23 -0.02 -0.03 -0.0 -0.08 0.0 -0.08
1200 83 89 85 23 -0.02 -0.03 -0.0 -0.11 0.0 -0.07
1201 77 87 81 23 -0.01 -0.02 -0.01 -0.1 0.02 -0.06
1202 73 86 79 23 -0.01 -0.02 -0.0 -0.12 0.04 -0.07
1203 69 85 77 23 -0.01 -0.03 -0.0 -0.1 0.04 -0.05
1204 83 87 84 23 -0.01 -0.05 -0.0 -0.07 0.02 -0.09
1205 102 87 81 24 -0.01 -0.04 -0.0 -0.09 0.01 -0.04
1206 89 84 76 23 -0.01 -0.03 -0.0 -0.12 0.02 -0.02
1207 81 86 71 23 -0.01 -0.04 -0.0 -0.16 0.05 -0.09
1208 76 89 69 25 -0.01 -0.05 0.0 -0.13 0.09 -0.01
1209 90 102 65 46 -0.02 -0.09 0.0 -0.1 0.11 0.09
1210 123 119 65 45 -0.02 -0.13 0.01 -0.16 -0.01 0.07
1211 129 134 63 63 -0.02 -0.15 0.03 0.06 0.06 0.2
1212 121 142 62 57 -0.04 -0.2 0.09 0.19 0.3 0.42
1213 127 143 67 48 -0.08 -0.26 0.17 0.22 0.36 0.55
1214 132 139 65 44 -0.1 -0.26 0.19 -0.04 0.44 1.36
1215 119 139 71 41 -0.1 -0.29 0.18 -0.1 0.69 1.73
1216 132 150 73 37 -0.05 -0.26 0.12 -0.72 0.75 2.78
1217 136 147 82 34 0.02 -0.23 0.09 -0.04 0.87 3.72
1218 129 140 84 32 0.19 0.09 0.05 0.03 0.89 3.77
1219 146 140 88 30 0.52 0.51 0.1 -1.8 0.99 3.92
1220 128 131 88 29 0.83 0.36 0.16 -1.53 1.78 3.82
1221 122 123 87 27 1.29 -0.1 0.21 -0.99 1.36 3.99
1222 145 130 85 26 1.7 -0.33 0.22 -0.39 2.06 3.78
1223 136 129 78 25 1.81 -0.3 0.21 -0.37 2.01 3.38
1224 134 130 76 25 1.89 -0.13 0.23 -0.63 2.02 2.8
1225 136 126 74 25 1.94 -0.03 0.23 -0.7 1.53 2.17
1226 119 124 69 25 2.0 -0.06 0.21 -0.97 1.19 0.96
1227 133 128 76 24 2.13 -0.28 0.25 -1.06 1.07 0.66
1228 187 124 80 22 2.25 -0.46 0.33 -0.81 0.63 0.34
1229 250 122 89 24 2.24 -0.46 0.38 -0.83 0.01 0.34
1230 225 123 97 23 2.31 -0.46 0.51 -0.53 -0.57 0.24
1231 267 122 104 24 2.33 -0.46 0.56 -0.46 -1.3 -0.5
1232 277 119 104 23 2.3 -0.44 0.56 -0.06 -1.84 -0.83
1233 233 117 104 23 2.15 -0.3 0.46 0.16 -2.59 -1.59
1234 220 119 100 24 2.01 -0.23 0.34 0.22 -3.13 -2.17
1235 209 115 102 24 1.92 -0.19 0.29 0.26 -3.42 -2.95
1236 180 115 92 23 1.78 -0.19 0.16 0.25 -3.48 -3.08
1237 200 114 89 23 1.53 -0.14 0.07 0.26 -3.41 -3.23
1238 196 129 87 23 1.4 -0.1 0.03 0.36 -3.19 -3.28
1239 239 125 85 23 1.15 0.01 -0.05 0.48 -2.98 -3.13
1240 251 120 84 23 0.92 0.09 -0.14 0.29 -2.36 -3.01
1241 241 119 83 24 0.81 0.12 -0.19 0.3 -2.0 -2.71
1242 213 119 81 24 0.55 0.12 -0.26 -0.14 -1.6 -2.52
1243 184 121 79 30 0.35 0.03 -0.29 -0.35 -1.05 -2.25
1244 146 113 76 29 0.24 -0.02 -0.28 -0.5 -0.57 -1.94
1245 121 116 80 27 0.04 -0.01 -0.21 -0.63 -0.39 -1.83
1246 98 107 83 26 -0.14 0.1 -0.1 -1.19 -0.27 -1.35
1247 79 104 81 27 -0.22 0.15 -0.04 -2.39 -0.33 -0.24
1248 67 101 80 28 -0.28 0.19 0.06 -2.64 -0.27 -0.08
1249 56 97 76 27 -0.28 0.24 0.23 -3.15 -0.19 -0.27
1250 51 104 82 26 -0.26 0.32 0.35 -3.24 -0.15 -0.72
1251 46 97 81 25 -0.25 0.52 0.68 -3.16 -0.27 -0.82
1252 47 96 89 25 -0.27 0.75 1.1 -2.88 -0.38 -0.98
1253 46 99 85 26 -0.32 0.85 1.3 -2.58 -0.3 -1.24
1254 58 97 84 25 -0.44 1.04 1.68 -1.98 -0.28 -1.21
1255 102 106 79 25 -0.66 1.24 2.0 -1.79 -0.29 -1.48
1256 139 116 77 24 -0.83 1.38 2.09 -3.49 -0.59 -1.17
1257 141 125 77 24 -0.95 1.37 2.0 -2.98 -0.7 -0.85
1258 156 124 78 25 -0.81 0.9 1.69 -0.14 -0.71 -0.04
1259 180 139 75 30 -0.77 0.73 1.54 0.92 -0.68 0.36
1260 173 132 75 31 -0.65 0.68 1.3 1.06 -0.53 0.6
1261 172 138 76 30 -0.47 0.79 1.08 1.59 -0.59 0.88
1262 223 143 80 28 -0.34 0.81 0.97 1.72 -0.71 1.07
1263 213 137 77 27 -0.07 0.65 0.77 2.57 -0.99 1.43
1264 215 136 78 26 0.13 0.48 0.57 2.64 -1.18 1.4
1265 187 129 77 26 0.22 0.39 0.43 2.83 -1.26 1.34
1266 209 131 80 26 0.41 0.29 0.14 2.69 -1.15 1.23
1267 192 136 81 26 0.5 0.19 -0.06 2.71 -1.19 0.99
1268 186 138 81 25 0.52 0.15 -0.13 2.3 -1.08 0.67
1269 188 139 81 25 0.46 0.08 -0.2 2.3 -1.11 0.64
1270 191 131 84 25 0.38 -0.01 -0.23 1.75 -0.87 0.58
1271 178 126 98 25 0.33 -0.08 -0.24 1.35 -0.8 0.84
1272 172 128 96 25 0.23 -0.23 -0.28 1.1 -0.79 0.9
1273 167 125 92 25 0.13 -0.34 -0.26 0.91 -1.01 0.66
1274 152 130 90 24 0.07 -0.36 -0.23 0.59 -1.38 -0.06
1275 166 125 85 24 -0.03 -0.34 -0.18 0.46 -1.5 -0.26
1276 165 125 87 24 -0.09 -0.28 -0.14 0.16 -1.93 -0.65
1277 190 127 82 24 -0.14 -0.25 -0.12 -0.4 -2.73 -1.35
1278 167 129 80 23 -0.23 -0.25 -0.07 -0.67 -3.04 -1.63
1279 225 131 79 24 -0.39 -0.33 0.0 -0.81 -3.99 -2.88
1280 195 131 75 24 -0.49 -0.36 0.04 -0.79 -4.3 -3.79
1281 178 129 72 23 -0.74 -0.35 0.12 -0.96 -4.25 -4.15
1282 176 127 73 24 -1.12 -0.28 0.13 -1.27 -3.64 -4.26
1283 171 129 72 27 -1.33 -0.23 0.11 -1.39 -2.95 -3.9
1284 149 129 69 32 -1.83 -0.05 0.08 -0.86 -1.59 -2.66
1285 166 133 74 37 -2.31 0.22 0.11 -0.29 -0.67 -2.31
1286 177 139 75 33 -2.5 0.34 0.15 -0.04 -0.3 -1.49
1287 203 140 73 37 -2.74 0.42 0.19 -0.14 0.16 -0.22
1288 191 141 74 40 -2.8 0.38 0.16 0.08 0.51 2.25
1289 171 129 71 36 -2.76 0.33 0.14 -0.06 0.71 2.89
1290 173 126 68 34 -2.53 0.28 0.09 0.01 1.36 4.25
1291 162 122 71 34 -2.14 0.27 -0.01 -0.23 1.95 5.12
1292 151 115 75 32 -2.13 0.29 0.16 0.56 1.15 5.26
1293 186 111 80 31 -1.38 0.28 -0.06 -0.13 2.22 4.65
1294 212 112 74 30 -0.83 0.17 -0.03 -0.4 2.26 4.08
1295 208 107 69 28 -0.6 0.1 -0.01 -0.1 2.6 3.8
1296 196 103 67 27 -0.35 0.02 0.06 -0.11 2.39 2.54
1297 162 100 69 27 -0.2 -0.07 0.15 0.23 2.34 1.85
1298 150 103 75 26 -0.17 -0.08 0.19 0.53 1.95 1.38
1299 133 104 72 31 -0.06 -0.02 0.18 0.51 1.59 1.1
1300 136 103 69 41 0.0 0.05 0.16 0.1 1.1 0.27
1301 145 104 65 37 0.05 0.05 0.14 0.09 0.96 -0.01
1302 136 102 64 35 0.06 0.06 0.14 0.08 0.58 -0.4
1303 139 104 62 32 0.01 0.1 0.13 0.1 0.46 -0.49
1304 134 111 59 30 0.01 0.13 0.12 0.05 0.41 -0.49
1305 124 109 58 29 0.02 0.14 0.07 0.02 0.09 -0.39
1306 123 108 57 27 -0.01 0.14 0.03 0.16 -0.11 -0.42
1307 143 106 56 27 -0.0 0.13 0.02 0.4 -0.35 -0.39
1308 139 112 57 26 -0.01 0.09 -0.01 0.94 -0.7 -0.37
1309 160 113 56 25 -0.0 0.06 -0.05 1.98 -0.97 -0.35
1310 164 111 55 25 -0.02 0.07 -0.09 2.25 -1.08 -0.22
1311 158 114 56 27 -0.02 0.04 -0.25 2.81 -1.17 0.04
1312 174 117 57 26 0.0 -0.03 -0.52 3.75 -1.61 0.37
1313 154 112 59 25 0.03 -0.04 -0.7 3.95 -1.76 0.28
1314 131 107 62 27 0.15 -0.05 -1.09 3.97 -1.83 0.14
1315 121 109 65 61 0.24 -0.11 -1.52 3.31 -1.67 0.16
1316 140 121 65 61 0.22 -0.19 -1.74 2.18 -1.76 -0.04
1317 136 118 62 67 0.31 -0.45 -2.09 1.53 -1.81 -0.1
1318 114 115 61 57 0.29 -0.57 -2.28 0.53 -1.48 -0.01
1319 178 117 63 49 0.27 -0.56 -2.33 0.09 -1.33 0.0
1320 157 110 62 44 0.2 -0.51 -2.36 -0.73 -0.9 0.07
1321 146 105 60 42 0.15 -0.52 -2.33 -2.04 -0.44 0.52
1322 144 104 60 38 0.1 -0.54 -2.28 -2.32 -0.29 0.69
1323 163 107 59 36 0.02 -0.46 -2.11 -3.14 -0.05 0.77
1324 153 106 60 34 0.04 -0.32 -1.88 -3.34 0.28 0.64
1325 161 106 58 32 0.01 -0.24 -1.71 -3.51 0.33 0.52
1326 154 105 57 31 0.03 -0.12 -1.39 -3.86 0.55 0.22
1327 138 100 61 29 0.1 -0.14 -1.08 -3.84 0.73 0.04
1328 119 97 62 27 0.15 -0.16 -0.93 -3.62 1.01 -0.19
1329 123 100 59 27 0.19 -0.16 -0.65 -3.47 1.2 -0.34
1330 143 100 61 30 0.15 -0.09 -0.38 -3.16 1.07 -0.53
1331 181 101 60 30 0.11 -0.06 -0.26 -2.94 1.08 -0.62
1332 152 97 60 29 0.06 0.0 -0.05 -2.08 0.93 -0.75
1333 145 96 60 28 0.03 0.06 0.1 -1.61 0.92 -0.73
1334 143 98 59 27 0.01 0.07 0.15 -1.41 0.89 -0.7
1335 131 100 59 26 -0.0 0.05 0.21 -0.86 0.79 -0.49
1336 113 97 59 25 -0.01 0.03 0.25 -0.5 0.74 -0.4
1337 119 93 58 26 -0.01 0.03 0.26 -0.27 0.62 -0.3
1338 109 92 59 25 -0.03 0.05 0.27 -0.07 0.48 -0.19
1339 96 89 58 25 -0.03 0.07 0.26 0.08 0.36 -0.05
1340 103 94 58 26 -0.05 0.08 0.25 0.06 0.28 -0.05
1341 102 94 56 25 -0.07 0.1 0.21 0.12 0.1 0.03
1342 84 91 57 25 -0.05 0.08 0.2 0.13 0.08 0.05
1343 68 87 58 25 -0.04 0.09 0.18 0.12 0.05 0.09
1344 65 87 56 25 -0.03 0.07 0.16 0.28 -0.01 0.08
1345 68 96 55 25 -0.03 0.07 0.16 0.42 0.0 -0.08
1346 110 114 55 25 -0.03 0.07 0.17 0.56 0.0 -0.23
1347 118 124 53 24 -0.05 0.05 0.16 0.53 0.03 -0.37
1348 103 118 54 24 -0.07 0.05 0.16 0.12 0.01 -0.86
1349 90 109 54 26 -0.09 0.11 0.14 0.12 -0.02 -0.96
1350 77 107 54 25 -0.15 0.2 0.09 0.32 0.01 -1.26
1351 64 100 54 25 -0.15 0.2 0.09 0.55 0.0 -2.07
1352 56 93 66 24 -0.27 0.28 0.08 0.53 0.02 -2.26
1353 69 90 65 24 -0.57 0.31 0.06 0.66 -0.07 -2.83
1354 87 87 98 24 -0.57 0.31 0.06 0.88 0.0 -3.09
1355 95 87 86 24 -1.02 0.33 0.08 0.82 -0.01 -3.3
1356 81 83 80 24 -1.46 0.3 0.09 -0.28 -0.26 -4.37
1357 67 80 72 24 -1.46 0.3 0.09 -1.26 -0.44 -5.18
1358 62 82 68 25 -2.15 0.07 -0.05 -2.9 -1.58 6.52
1359 77 90 65 42 -0.88 0.32 -0.23 5.6 6.55 12.09
1360 74 92 63 37 -0.67 -0.46 -0.47 0.34 -3.32 -5.96
1361 140 92 62 34 0.73 -0.4 0.07 -1.32 -0.35 -2.24
1362 146 91 60 33 0.36 -0.3 0.17 -1.14 -0.14 1.06
1363 120 90 58 30 0.34 -0.41 0.02 1.76 0.29 0.36
1364 99 87 56 29 0.23 -0.24 -0.12 1.61 0.21 0.24
1365 98 85 54 27 0.16 0.07 -0.07 0.77 -0.58 -0.32
1366 112 82 53 27 0.29 0.22 -0.11 0.65 0.03 -0.16
1367 92 81 52 25 0.34 0.43 -0.18 -0.02 0.35 -0.18
1368 78 79 50 25 0.28 0.46 -0.2 -0.47 0.22 0.15
1369 75 79 49 24 0.24 0.39 -0.16 -0.49 0.41 0.02
1370 116 81 48 25 0.16 0.23 -0.09 -0.57 0.35 0.06
1371 118 81 48 24 0.09 0.15 -0.03 -0.54 0.42 0.15
1372 126 82 47 24 0.05 0.12 0.0 -0.36 0.22 0.0
1373 118 81 46 23 -0.03 0.06 0.03 -0.22 0.17 0.02
1374 99 80 47 24 -0.06 0.0 0.03 -0.24 -0.04 -0.08
1375 81 77 49 23 -0.07 -0.02 0.04 -0.09 -0.08 -0.2
1376 69 76 47 23 -0.05 0.0 0.04 -0.08 -0.16 -0.03
1377 73 76 46 24 -0.03 0.04 0.03 -0.02 -0.08 -0.08
1378 83 77 46 23 -0.04 0.06 0.02 -0.19 0.0 -0.06
1379 98 81 46 23 -0.04 0.1 0.01 -0.23 0.03 -0.03
1380 112 80 46 23 -0.04 0.09 -0.0 -0.23 0.11 -0.08
1381 94 77 46 23 -0.05 0.06 -0.0 -0.25 0.05 -0.07
1382 80 77 46 21 -0.03 0.02 0.0 -0.22 0.06 -0.02
1383 84 76 47 23 -0.03 0.0 -0.0 -0.27 -0.01 -0.08
1384 79 76 47 23 -0.02 0.01 0.0 -0.23 -0.01 -0.07
1385 71 80 48 22 -0.01 0.0 -0.01 -0.19 0.0 -0.03
1386 72 79 48 23 -0.01 0.01 -0.02 -0.12 0.03 -0.07
1387 60 80 47 23 -0.02 0.01 -0.03 -0.2 0.01 -0.04
1388 58 78 48 23 -0.03 0.0 -0.03 -0.1 0.02 -0.06
1389 58 78 48 22 -0.03 0.0 -0.03 -0.15 0.01 -0.11
1390 76 77 48 23 -0.03 0.01 -0.02 -0.13 0.0 -0.06
1391 64 76 47 23 -0.02 -0.0 -0.01 -0.1 0.0 -0.05
1392 56 76 46 23 -0.01 0.0 -0.01 -0.12 0.0 -0.05
1393 53 76 47 23 -0.01 0.01 -0.02 -0.16 0.0 -0.08
1394 56 77 46 23 0.0 0.01 -0.02 -0.17 0.02 -0.1
-100 -100 -100 -100 -100 -100 -100 -100 -100 -100 -100
1395 65 78 47 22 -0.01 -0.0 -0.02 -0.16 0.01 -0.06
1396 63 76 46 23 -0.0 0.0 -0.02 -0.13 0.0 -0.06
1397 78 76 47 23 -0.01 0.0 -0.02 -0.17 0.0 -0.09
1398 69 75 47 23 -0.02 0.0 -0.01 -0.12 0.01 -0.05
1399 59 73 46 22 -0.02 0.0 -0.01 -0.18 0.0 -0.11
1400 96 74 47 23 -0.02 -0.01 -0.01 -0.15 0.0 -0.08
1401 87 73 46 23 -0.02 0.01 -0.01 -0.13 -0.01 -0.04
1402 86 73 46 23 -0.02 0.0 -0.01 -0.19 0.0 -0.09
1403 70 72 46 24 -0.01 -0.01 -0.01 -0.14 0.0 -0.06
1404 63 72 46 23 -0.01 -0.0 -0.01 -0.13 0.04 -0.02
1405 58 71 47 23 -0.01 -0.01 -0.0 -0.16 0.01 -0.1
1406 60 74 47 23 -0.0 -0.0 0.0 -0.17 -0.02 -0.08
1407 58 77 47 23 0.01 0.01 0.0 -0.08 0.0 -0.07
1408 73 78 47 23 0.01 0.01 0.0 -0.08 0.02 -0.12
1409 72 77 45 23 0.01 -0.01 -0.01 -0.06 0.03 -0.13
1410 94 80 46 23 0.01 -0.01 -0.02 -0.11 0.0 -0.05
1411 76 77 46 23 0.0 -0.0 -0.01 -0.2 0.0 -0.04
1412 70 80 46 22 -0.0 -0.02 -0.01 -0.18 0.02 -0.04
1413 60 79 45 23 -0.01 -0.02 -0.0 -0.15 0.01 -0.04
1414 55 77 46 23 -0.01 -0.02 0.0 -0.14 0.03 -0.08
1415 54 77 46 23 -0.0 -0.02 0.01 -0.12 -0.03 -0.03
1416 56 76 45 23 -0.0 0.01 0.01 -0.2 -0.03 -0.06
1417 52 75 45 25 0.0 0.01 0.0 -0.12 0.03 -0.06
1418 51 76 46 23 0.01 0.03 0.0 -0.16 0.02 -0.05
1419 65 75 45 23 0.01 0.02 -0.0 -0.2 0.03 -0.08
1420 73 75 46 22 0.01 0.01 -0.01 -0.16 0.01 -0.04
1421 67 73 45 23 0.01 0.01 -0.01 -0.14 0.04 -0.08
1422 61 74 46 23 0.01 0.01 -0.01 -0.13 0.03 -0.07
1423 61 75 46 23 0.01 0.0 -0.01 -0.1 0.0 -0.07
1424 58 74 46 23 0.01 0.01 -0.01 -0.14 0.02 -0.05
1425 51 74 46 23 0.0 0.01 -0.01 -0.12 0.03 -0.05
1426 45 74 47 23 -0.0 0.01 -0.0 -0.11 0.01 -0.06
1427 42 74 46 23 -0.0 0.0 0.0 -0.12 -0.01 -0.05
1428 72 77 46 23 -0.0 -0.0 0.01 -0.12 0.01 -0.07
1429 67 77 46 23 0.0 0.0 0.01 -0.12 0.0 -0.08
1430 69 78 46 23 0.0 0.0 0.01 -0.11 0.02 -0.06
1431 67 77 46 23 0.0 0.01 0.01 -0.12 0.05 -0.08
1432 62 76 46 24 -0.0 0.01 0.01 -0.19 0.06 -0.08
1433 60 77 47 23 -0.0 0.01 0.0 -0.18 0.01 -0.05
1434 55 78 47 23 -0.0 0.02 -0.0 -0.16 0.02 -0.06
1435 49 75 47 23 0.0 0.03 -0.0 -0.16 0.0 -0.06
1436 82 75 46 23 0.0 0.01 -0.0 -0.17 0.0 -0.08
1437 73 74 47 23 0.01 0.02 -0.0 -0.11 0.03 -0.04
1438 62 75 46 23 0.0 0.01 -0.0 -0.1 0.01 -0.08
1439 59 74 47 23 0.0 0.02 -0.01 -0.07 0.02 -0.06
1440 54 73 46 22 0.01 0.04 -0.0 -0.1 0.01 -0.04
1441 51 74 46 23 0.0 0.04 -0.0 -0.13 0.03 -0.08
1442 44 73 46 23 0.0 0.04 -0.0 -0.16 0.04 -0.08
1443 40 74 45 24 -0.01 0.02 -0.01 -0.14 0.01 -0.02
1444 41 71 45 23 -0.01 0.02 -0.0 -0.09 0.02 -0.07
1445 41 74 46 23 -0.01 0.02 -0.0 -0.1 0.01 -0.08
