-1 -1 -1 -1 -1 -1 -1 -1 -1 -1 -1
2 39 106 75 25 0.0 0.01 0.02 0.12 0.01 -0.08
3 53 118 84 26 0.0 0.01 0.02 0.05 0.0 -0.12
4 56 125 86 28 -0.01 0.01 0.01 0.02 -0.01 -0.14
5 56 128 85 28 -0.02 0.01 0.01 -0.04 -0.02 -0.13
6 60 131 83 28 -0.02 0.0 0.01 -0.02 0.0 -0.13
7 67 133 86 28 -0.02 -0.02 -0.01 0.02 0.0 -0.12
8 65 134 83 28 -0.02 -0.01 -0.02 0.06 -0.01 -0.13
9 62 133 90 28 -0.02 -0.01 -0.02 0.08 -0.05 -0.15
10 61 132 86 28 -0.0 0.0 -0.03 0.05 -0.02 -0.14
11 60 135 87 28 0.01 0.01 -0.03 -0.01 0.0 -0.02
12 67 136 86 28 0.01 0.0 -0.03 0.0 0.04 -0.02
13 67 138 86 29 0.01 -0.01 -0.03 0.0 0.05 0.01
14 68 137 87 29 0.02 -0.0 -0.03 0.02 0.03 0.02
15 75 144 89 29 0.02 0.0 -0.03 0.01 0.05 0.0
16 76 148 94 29 0.02 0.0 -0.02 0.03 0.04 0.01
17 77 154 91 28 0.01 0.0 -0.01 0.02 0.03 0.07
18 82 155 95 29 0.0 0.0 -0.01 0.06 0.03 0.02
19 85 158 97 30 -0.01 0.02 -0.01 0.06 0.02 0.04
20 83 159 93 30 -0.01 0.02 0.0 -0.01 0.0 -0.02
21 81 160 96 30 -0.01 0.03 0.01 -0.04 0.02 -0.02
22 78 155 94 29 -0.01 0.01 0.01 -0.05 0.05 -0.01
23 72 148 92 29 -0.05 -0.03 0.01 -0.08 0.15 0.09
24 71 145 89 29 -0.07 -0.04 0.0 0.0 0.19 0.15
25 71 144 89 29 -0.12 -0.04 -0.01 0.06 0.13 0.09
26 66 141 89 28 -0.14 -0.03 -0.02 0.13 -0.02 -0.04
27 64 137 87 28 -0.12 -0.01 -0.01 0.05 -0.2 -0.08
28 61 137 83 28 -0.07 -0.0 0.01 0.07 -0.23 -0.11
29 61 136 83 28 -0.01 0.01 0.03 0.0 -0.19 -0.11
30 67 139 87 29 0.02 0.03 0.03 -0.04 -0.05 -0.12
31 66 143 89 29 0.1 0.05 0.02 -0.05 0.0 -0.07
32 65 141 88 29 0.15 0.07 -0.0 -0.11 0.13 -0.07
33 70 141 90 29 0.17 0.08 -0.01 -0.15 0.16 -0.04
34 69 143 88 29 0.19 0.05 -0.04 -0.21 0.15 -0.02
35 67 142 89 29 0.19 0.02 -0.05 -0.08 0.12 -0.02
36 68 141 91 29 0.18 -0.0 -0.04 0.05 0.07 0.06
37 68 141 88 28 0.14 -0.03 -0.03 0.14 0.08 0.1
38 71 143 91 28 0.08 -0.03 -0.01 0.28 0.03 0.18
39 73 148 96 29 0.05 -0.01 0.01 0.27 -0.01 0.15
40 72 149 95 29 -0.0 0.03 0.03 0.23 -0.02 0.12
41 70 145 90 28 -0.05 0.04 0.06 0.14 -0.03 0.06
42 73 145 92 28 -0.07 0.05 0.07 0.08 -0.04 0.01
43 71 144 91 28 -0.08 0.06 0.08 -0.04 0.02 -0.01
44 68 140 88 29 -0.08 0.06 0.08 -0.09 0.03 -0.04
45 71 140 86 29 -0.07 0.06 0.08 -0.08 0.08 -0.08
46 68 139 83 28 -0.04 0.05 0.06 -0.1 0.11 -0.09
47 67 143 86 28 -0.01 0.03 0.05 -0.21 0.13 -0.11
48 75 148 96 29 0.01 0.02 0.04 -0.24 0.13 -0.12
49 73 151 95 31 0.03 -0.03 0.03 -0.15 0.12 -0.05
50 69 147 91 29 0.02 -0.07 0.01 -0.06 0.16 0.08
51 73 152 92 29 0.01 -0.08 -0.01 0.07 0.14 0.15
52 71 150 92 28 -0.03 -0.06 -0.04 0.13 0.02 0.14
53 68 146 87 28 -0.06 -0.02 -0.06 0.19 -0.11 0.09
54 63 139 87 28 -0.07 -0.0 -0.05 0.14 -0.3 -0.08
55 62 139 93 28 -0.06 0.04 -0.04 0.08 -0.26 -0.11
56 61 138 92 28 -0.03 0.04 -0.02 0.01 -0.17 -0.08
57 64 139 95 28 -0.02 0.04 -0.01 0.0 0.04 -0.03
58 64 142 90 29 0.01 0.03 -0.01 0.0 0.12 -0.01
59 63 142 86 28 0.03 0.04 -0.02 -0.06 0.21 -0.02
60 67 140 93 29 0.04 0.04 -0.02 -0.14 0.19 -0.01
61 67 143 94 29 0.06 0.02 -0.04 -0.14 0.15 -0.04
62 63 139 89 29 0.07 -0.0 -0.04 -0.11 0.06 -0.07
63 64 138 90 29 0.07 -0.02 -0.04 0.01 -0.01 -0.01
64 64 139 85 29 0.07 -0.03 -0.03 0.07 0.0 0.0
65 64 139 83 28 0.06 -0.03 -0.03 0.1 0.01 0.05
66 66 140 85 28 0.04 -0.03 -0.02 0.14 0.06 0.08
67 78 142 83 28 0.01 -0.03 -0.01 0.15 0.08 0.1
68 79 144 83 28 -0.03 -0.02 0.01 0.08 0.03 0.08
69 85 144 83 29 -0.05 -0.02 0.01 0.05 0.05 0.04
70 82 148 82 28 -0.1 -0.06 0.04 0.08 0.02 0.06
71 77 145 79 28 -0.16 -0.14 0.07 0.01 0.0 -0.06
72 80 155 78 27 -0.16 -0.17 0.08 0.01 -0.02 -0.04
73 77 174 87 28 -0.14 -0.13 0.1 -0.07 0.04 0.0
74 77 178 85 28 -0.11 -0.08 0.09 0.06 0.07 0.04
75 82 177 85 28 -0.1 -0.07 0.08 0.21 0.34 0.2
76 76 172 84 28 -0.08 -0.02 0.05 0.19 0.37 0.16
77 70 160 82 28 -0.08 0.05 -0.0 -0.18 0.17 -0.02
78 72 160 81 29 -0.09 0.08 -0.02 -0.29 0.06 -0.13
79 67 160 79 28 -0.1 0.01 -0.05 -0.36 -0.07 -0.18
80 63 165 75 28 -0.06 -0.13 -0.04 -0.28 -0.05 -0.32
81 62 156 74 29 -0.04 -0.2 -0.04 0.09 -0.09 0.0
82 63 151 77 28 0.02 -0.26 -0.03 0.04 -0.11 0.18
83 64 154 80 28 0.02 -0.21 -0.03 0.29 0.39 0.26
84 66 154 79 28 -0.01 -0.13 -0.06 -0.22 0.21 -0.01
85 64 149 78 28 -0.02 -0.14 -0.08 -0.52 0.24 -0.22
86 61 149 76 28 -0.02 -0.3 -0.08 -0.34 0.08 -0.21
87 66 152 75 28 -0.02 -0.32 -0.07 0.2 -0.09 0.01
88 62 152 74 28 -0.05 -0.25 -0.03 0.15 -0.2 -0.02
89 62 145 77 27 -0.05 -0.09 0.0 0.5 -0.11 0.02
90 62 142 78 27 -0.06 -0.0 0.01 0.32 -0.09 -0.03
91 63 140 77 28 -0.03 0.16 0.01 0.15 -0.05 -0.05
92 61 136 74 28 -0.02 0.26 0.02 -0.01 0.04 -0.02
93 66 140 80 28 -0.01 0.26 0.03 -0.19 0.07 -0.08
94 65 144 81 28 -0.01 0.21 0.03 -0.23 0.1 -0.09
95 64 139 83 28 -0.0 0.13 0.01 -0.3 0.11 0.01
96 70 140 84 29 -0.0 0.08 0.01 -0.13 0.16 0.0
97 68 140 82 29 -0.01 0.03 -0.02 -0.15 0.14 -0.02
98 64 134 79 29 -0.01 0.02 -0.04 -0.01 0.06 -0.01
99 75 136 88 29 0.0 0.02 -0.04 0.06 0.03 -0.02
100 75 140 89 29 0.01 0.03 -0.04 0.05 0.0 -0.05
101 73 136 85 29 0.02 0.03 -0.03 0.04 0.04 -0.05
-200 -200 -200 -200 -200 -200 -200 -200 -200 -200 -200
102 78 138 87 30 0.03 0.03 -0.03 -0.03 0.07 -0.03
103 75 137 88 30 0.03 0.02 -0.02 -0.04 0.07 -0.04
104 73 134 83 30 0.03 0.0 -0.02 -0.07 0.07 -0.01
105 76 141 83 30 0.02 -0.02 -0.01 -0.05 0.05 -0.05
106 76 145 84 30 0.02 -0.07 -0.0 0.0 0.04 -0.04
107 73 145 84 29 0.02 -0.07 0.01 -0.01 0.01 -0.01
108 76 146 92 29 0.03 -0.07 0.01 0.04 0.02 -0.03
109 77 148 94 30 0.04 -0.06 0.03 0.02 0.02 -0.04
110 75 147 93 30 0.04 -0.05 0.03 0.01 0.12 0.03
111 78 148 93 31 0.04 -0.07 0.03 -0.06 0.2 0.04
112 76 145 90 30 -0.01 -0.15 0.03 -0.02 0.17 0.05
113 73 155 85 30 -0.02 -0.12 0.02 -0.01 0.18 0.1
114 79 163 85 30 -0.04 -0.13 0.02 -0.01 0.14 0.03
115 78 161 84 29 -0.05 -0.16 0.02 0.0 0.08 0.0
116 75 156 81 29 -0.06 -0.19 0.05 -0.04 0.08 0.0
117 80 172 81 48 -0.07 -0.2 0.05 -0.08 0.12 0.01
118 81 189 82 52 -0.11 -0.23 0.06 -0.03 0.19 0.19
119 91 196 79 50 -0.19 -0.3 0.1 0.27 0.09 0.21
120 98 205 80 50 -0.26 -0.31 0.12 0.26 0.05 0.1
121 95 212 78 46 -0.36 -0.33 0.14 -0.42 -0.01 -0.06
122 97 202 76 46 -0.42 -0.59 0.18 -0.57 0.03 0.06
123 91 187 75 46 -0.44 -0.72 0.19 -0.46 0.11 0.46
124 92 233 76 71 -0.44 -0.96 0.17 -0.4 0.03 0.44
125 97 231 76 71 -0.33 -0.99 0.15 -0.4 -0.04 0.37
126 124 244 77 63 -0.24 -0.97 0.14 -0.34 -0.11 -0.06
127 114 251 76 55 -0.05 -0.93 0.15 -0.28 -0.08 -0.27
128 104 240 76 48 0.15 -1.07 0.15 -0.61 -0.04 0.57
129 106 232 80 44 0.25 -1.22 0.16 -0.48 0.0 0.94
130 129 223 81 45 0.38 -1.35 0.16 0.06 0.3 1.5
131 118 222 81 47 0.48 -1.28 0.11 -0.25 -0.58 2.5
132 115 210 80 48 0.57 -1.24 0.11 -0.7 0.6 2.89
133 105 270 81 46 1.09 -1.66 -0.23 0.08 1.48 2.32
134 115 259 83 48 1.18 -2.0 -0.1 0.22 0.76 1.88
135 116 262 85 47 1.36 -2.01 -0.1 0.65 0.86 2.01
136 129 280 84 46 1.6 -1.73 -0.13 0.28 0.78 2.43
137 127 277 84 44 1.77 -1.62 -0.15 0.1 0.78 1.71
138 130 276 89 56 1.86 -1.72 -0.15 0.13 0.76 1.32
139 137 265 93 51 2.01 -1.79 -0.16 0.41 0.83 0.61
140 151 273 100 51 2.05 -1.76 -0.11 0.71 0.77 0.03
141 160 277 99 70 2.06 -1.72 -0.1 0.38 0.59 -0.03
142 170 280 98 61 1.97 -1.51 -0.03 0.39 0.28 0.12
143 191 272 97 69 1.92 -1.36 0.01 0.11 0.1 -0.2
144 189 247 102 86 1.85 -1.36 0.02 0.48 -0.04 -0.53
145 203 251 108 79 1.77 -1.22 0.02 0.88 -0.15 -0.92
146 208 287 101 71 1.65 -1.0 0.02 0.53 -0.64 -1.22
147 218 271 105 71 1.63 -0.96 0.0 0.69 -0.58 -1.0
148 226 290 109 72 1.57 -0.94 -0.07 0.58 -0.87 -0.83
149 230 301 105 79 1.5 -1.01 -0.17 0.82 -1.06 -1.26
150 250 312 103 75 1.44 -0.99 -0.22 0.99 -1.18 -1.43
151 250 304 102 69 1.33 -0.81 -0.35 1.27 -1.25 -1.94
152 253 307 99 61 1.2 -0.69 -0.5 0.86 -1.33 -1.93
153 249 300 99 55 1.13 -0.63 -0.61 0.6 -1.42 -1.91
154 246 296 98 51 0.93 -0.47 -0.83 0.61 -1.32 -1.93
155 239 310 94 55 0.69 -0.17 -1.07 0.62 -1.19 -2.62
156 240 318 96 50 0.56 0.02 -1.18 0.6 -1.22 -2.98
157 226 311 94 52 0.32 0.54 -1.45 0.7 -1.26 -3.41
158 197 307 90 48 0.08 1.5 -1.75 0.45 -1.36 -2.99
159 190 297 90 45 -0.05 2.09 -1.89 0.31 -1.39 -2.66
160 198 294 87 45 -0.28 3.21 -2.18 -0.67 -1.58 -1.47
161 172 283 82 56 -0.42 4.31 -2.46 -0.87 -1.37 -1.07
162 159 273 80 50 -0.45 4.99 -2.58 -0.88 -1.29 -1.13
163 146 265 80 47 -0.36 6.86 -2.69 -0.32 -0.85 -1.88
164 128 257 82 42 -0.16 8.94 -2.78 -0.6 -0.51 -2.34
165 134 242 80 39 -0.06 9.76 -2.78 -1.33 -0.16 -2.66
166 124 240 87 36 0.08 10.63 -2.65 -1.05 0.06 -2.37
167 125 231 90 36 0.16 10.61 -2.41 -1.58 0.0 -2.27
168 138 232 115 41 0.16 10.26 -2.22 -0.77 -0.16 -2.1
169 128 236 116 45 0.06 9.58 -1.78 0.38 -0.05 -3.27
170 120 223 122 42 -0.23 8.84 -1.26 0.32 -0.12 -3.87
171 141 265 132 48 -0.36 8.34 -0.99 -0.35 -0.1 -3.83
172 131 271 124 49 -0.54 6.8 -0.49 -1.57 -0.21 -3.49
173 133 255 117 46 -0.61 4.57 -0.18 -3.26 -0.28 -3.51
174 132 237 119 49 -0.6 3.36 -0.09 -4.0 -0.36 -3.43
175 124 225 124 46 -0.69 1.17 0.14 -2.0 -0.41 -2.1
176 117 211 119 60 -0.8 0.44 0.39 -0.91 -0.38 -0.38
177 120 208 119 58 -0.89 0.53 0.47 -1.17 -0.3 -0.19
178 110 210 117 55 -1.15 0.91 0.61 -0.92 -0.29 -0.32
179 104 202 119 51 -1.21 0.78 0.68 -0.7 -0.02 -0.58
180 109 195 118 52 -1.18 0.47 0.72 -0.81 -0.2 -0.34
181 101 200 123 53 -1.12 -0.28 0.72 -0.8 -0.47 0.54
182 109 207 124 57 -1.07 -0.72 0.7 -0.21 -0.56 0.36
183 108 216 124 54 -1.04 -0.75 0.69 -0.08 -0.7 -0.13
184 99 205 124 52 -0.94 -0.98 0.67 -0.69 -0.82 -0.54
185 93 204 121 46 -0.78 -2.49 0.69 -1.68 -0.79 0.99
186 111 279 119 45 -0.72 -3.73 0.72 -1.4 -0.73 1.63
187 108 289 123 54 -0.64 -5.72 0.88 -0.14 -0.65 1.64
188 109 314 124 51 -0.56 -6.27 1.03 -0.3 -0.74 -0.42
189 117 310 129 47 -0.52 -6.23 1.03 0.16 -0.65 -1.2
190 108 292 130 48 -0.5 -5.82 0.94 0.84 -0.43 -1.21
191 99 284 125 43 -0.44 -5.38 0.81 1.48 -0.11 -0.51
192 100 271 126 42 -0.47 -5.02 0.8 1.54 -0.16 -0.36
193 98 283 128 41 -0.55 -4.25 0.79 1.18 -0.1 0.08
194 106 266 125 39 -0.66 -3.62 0.72 1.41 -0.02 -0.07
195 111 261 123 38 -0.65 -3.39 0.67 1.4 -0.04 -0.31
196 103 275 128 36 -0.61 -2.99 0.53 0.99 -0.12 -0.34
197 96 265 119 34 -0.51 -2.57 0.34 1.97 -0.04 -0.17
198 102 266 121 34 -0.46 -2.14 0.26 2.0 0.07 -0.17
199 114 250 121 35 -0.45 -1.14 0.16 1.54 -0.08 0.21
200 107 241 118 35 -0.43 -0.52 0.08 1.16 -0.07 0.27
201 113 225 117 35 -0.44 -0.45 0.04 0.65 -0.12 0.24
202 109 221 116 34 -0.37 -0.83 -0.05 0.49 -0.05 0.12
203 104 238 112 34 -0.3 -0.95 -0.09 0.35 -0.04 -0.05
204 113 235 117 35 -0.3 -0.83 -0.12 0.36 -0.04 -0.16
205 109 256 116 35 -0.29 -0.46 -0.19 0.52 -0.04 -0.12
206 98 233 110 33 -0.28 -0.07 -0.24 0.47 -0.03 -0.11
207 101 227 110 37 -0.28 0.08 -0.26 0.45 -0.03 -0.06
208 108 225 111 38 -0.28 0.22 -0.27 0.34 0.0 0.22
209 101 213 108 37 -0.28 0.15 -0.25 0.35 0.0 0.44
210 109 222 114 38 -0.29 0.06 -0.24 0.25 -0.04 0.42
211 105 224 111 38 -0.26 -0.06 -0.23 0.08 -0.07 0.32
212 105 246 105 39 -0.27 -0.01 -0.24 -0.03 0.0 0.16
213 110 239 105 41 -0.28 0.03 -0.24 -0.16 -0.1 0.2
214 105 232 106 41 -0.22 0.07 -0.23 -0.19 -0.13 0.12
215 97 285 107 38 -0.11 -0.07 -0.21 -0.52 -0.2 0.1
216 96 283 109 37 -0.08 -0.18 -0.18 -0.44 -0.17 0.1
217 91 283 104 36 -0.01 -0.28 -0.15 -0.37 -0.08 0.03
218 86 303 97 34 -0.02 -0.11 -0.13 -0.21 0.04 -0.14
219 113 284 96 37 -0.04 -0.01 -0.12 -0.12 0.06 -0.19
220 106 273 93 40 -0.06 0.06 -0.13 -0.11 -0.11 -0.25
221 99 248 90 37 -0.08 0.04 -0.12 0.2 -0.12 -0.32
222 104 234 92 38 -0.14 -0.01 -0.11 0.34 -0.04 -0.48
223 99 221 91 37 -0.18 -0.03 -0.11 0.19 -0.11 -0.46
224 93 210 87 36 -0.24 -0.01 -0.13 0.38 -0.18 -0.41
225 105 204 91 36 -0.29 0.05 -0.15 0.36 -0.25 -0.39
226 102 207 89 38 -0.35 0.2 -0.2 0.29 -0.35 -0.68
227 105 314 88 35 -0.39 0.49 -0.29 0.17 -0.67 -1.65
228 118 352 95 37 -0.39 0.7 -0.35 0.16 -0.58 -2.02
229 115 316 93 39 -0.4 1.2 -0.51 0.21 -0.41 -1.66
230 106 281 91 38 -0.5 1.4 -0.67 0.47 -0.38 -0.82
231 109 261 94 38 -0.6 1.31 -0.73 0.61 -0.38 -0.43
232 109 245 92 38 -0.76 0.99 -0.84 0.71 -0.45 -0.34
233 119 231 89 36 -0.85 0.87 -0.95 0.88 -0.34 -1.34
234 132 221 95 44 -0.93 1.01 -1.01 1.05 -0.3 -1.33
235 126 251 92 48 -1.28 1.63 -1.09 0.69 -0.02 -1.03
236 127 257 90 45 -1.6 2.16 -1.09 1.47 -0.23 -0.17
237 129 245 96 46 -1.67 2.36 -1.11 1.52 -0.38 -0.23
238 127 257 94 48 -1.43 2.35 -1.22 -0.74 -0.81 -1.16
239 130 395 96 45 -1.28 1.54 -1.09 -0.57 -0.42 -0.74
240 140 348 97 44 -1.25 1.24 -1.09 -0.76 -0.62 -0.38
241 136 314 95 44 -0.89 0.78 -1.11 -0.88 -0.35 0.16
242 131 283 93 40 -0.8 0.53 -1.11 -0.34 0.03 0.37
243 139 260 98 40 -0.81 0.49 -1.12 0.85 0.48 0.41
244 135 246 97 41 -0.9 0.54 -1.05 1.1 0.07 -0.06
245 135 233 93 41 -0.98 0.75 -1.23 1.44 -0.22 -0.61
246 171 228 99 41 -1.07 0.84 -1.28 2.08 0.11 -0.95
247 174 224 103 42 -1.32 0.99 -1.39 0.22 -4.43 2.77
248 186 210 104 53 -1.39 0.97 -1.55 -27.38 13.25 15.65
249 202 207 110 52 -0.17 -1.25 -0.3 0.01 3.54 -3.03
250 184 210 109 51 -1.48 -2.93 -0.09 0.48 -0.47 -4.07
251 187 213 111 49 -0.25 0.07 0.04 -0.85 0.05 -0.93
252 195 214 117 50 -0.02 0.43 0.03 0.08 0.9 0.7
253 201 223 117 51 -0.05 0.55 0.02 0.48 0.06 0.62
254 197 219 113 50 -0.1 0.17 -0.07 0.71 -0.2 0.69
255 198 212 116 51 -0.31 -0.69 -0.2 0.25 -0.32 0.58
256 191 210 115 50 -0.37 -1.06 -0.1 0.28 -0.51 -0.16
257 177 198 110 48 -0.23 -1.0 0.02 -0.38 -0.48 -0.15
258 173 193 111 49 -0.17 -0.91 0.05 -0.06 -0.45 0.02
259 170 192 110 48 -0.14 -0.63 0.09 0.56 -0.28 0.29
260 163 189 106 47 -0.13 -0.5 0.11 0.31 -0.13 0.29
261 179 196 113 47 -0.09 -0.3 0.13 0.33 0.0 0.23
262 185 204 115 50 -0.01 -0.18 0.13 0.27 0.04 0.18
263 206 200 112 48 0.04 -0.09 0.13 0.14 0.08 0.06
264 214 207 120 49 0.04 -0.06 0.12 0.0 0.07 0.01
265 209 215 122 52 0.05 0.0 0.09 -0.06 0.11 0.03
266 195 209 118 51 0.06 0.04 0.08 -0.17 0.08 -0.05
267 203 212 122 53 0.08 0.06 0.04 -0.22 0.09 -0.05
268 203 216 123 52 0.09 0.02 0.02 -0.13 0.12 0.04
269 191 208 119 51 0.09 -0.06 0.01 0.0 0.07 0.01
270 204 214 126 49 0.09 -0.09 0.0 0.01 0.04 -0.01
271 208 221 127 52 0.07 -0.11 0.0 0.04 0.01 0.09
272 200 216 124 52 0.05 -0.06 0.01 0.05 -0.02 0.11
273 204 218 128 53 0.05 -0.03 0.01 0.06 -0.04 0.07
274 210 226 129 55 0.05 0.01 0.01 0.0 0.02 0.1
275 202 218 126 54 0.05 0.01 0.01 -0.01 0.09 0.09
276 215 224 133 56 0.04 0.0 0.0 -0.02 0.08 0.07
277 212 229 133 58 0.0 -0.03 -0.01 0.0 0.09 0.05
278 202 217 127 55 -0.01 -0.02 -0.02 -0.01 0.08 0.05
279 205 221 129 54 -0.02 -0.03 -0.02 0.0 0.04 0.03
280 200 221 128 55 -0.01 -0.02 -0.01 0.02 -0.02 0.02
281 193 209 123 53 -0.01 -0.01 -0.01 0.0 -0.03 0.02
282 187 204 121 52 -0.01 -0.02 0.01 -0.03 -0.02 0.02
283 183 200 118 52 -0.01 -0.04 0.02 -0.05 0.01 0.0
284 173 197 116 51 -0.01 -0.04 0.02 -0.03 0.03 0.01
285 190 206 120 50 -0.02 -0.05 0.02 0.0 0.06 0.04
286 195 215 125 53 -0.03 -0.05 0.02 0.01 0.07 0.03
287 197 210 123 52 -0.03 -0.04 0.02 0.0 0.04 0.03
288 208 217 130 52 -0.02 -0.04 0.01 0.0 0.05 0.0
289 208 223 131 55 -0.01 -0.03 0.01 0.0 0.03 0.03
290 194 214 126 55 -0.01 -0.02 0.01 0.01 0.06 0.01
291 190 211 128 55 -0.01 -0.02 0.0 -0.02 0.06 0.0
292 185 212 124 54 -0.01 -0.02 0.0 -0.01 0.05 0.02
293 189 207 125 53 -0.01 -0.02 0.0 0.0 0.07 0.02
294 201 215 131 53 -0.01 -0.03 0.0 0.02 0.06 0.03
295 198 220 132 56 -0.02 -0.02 -0.0 0.04 0.06 0.07
296 188 210 127 55 -0.02 -0.02 -0.0 0.04 0.04 0.03
297 197 215 132 57 -0.02 -0.01 -0.01 0.01 0.03 0.02
298 192 215 130 57 -0.02 -0.01 -0.01 -0.03 0.04 0.02
299 177 203 124 55 -0.01 -0.0 -0.01 -0.01 0.02 0.0
300 175 199 123 55 -0.01 -0.02 -0.0 -0.06 0.0 -0.01
301 169 199 121 54 -0.0 -0.03 0.0 -0.03 0.0 0.0
302 171 193 119 55 -0.0 -0.03 0.0 0.0 0.02 0.03
303 186 204 125 56 -0.0 -0.02 0.01 0.03 0.05 0.04
304 192 216 128 57 0.0 -0.0 0.0 0.04 0.05 0.05
305 183 211 126 55 -0.0 -0.01 0.01 0.0 0.04 0.01
306 202 220 133 58 0.0 0.0 0.0 -0.01 0.04 0.03
307 200 223 133 59 0.0 -0.01 0.0 -0.03 0.05 -0.01
308 191 217 129 58 0.01 -0.01 0.0 0.0 0.05 0.02
309 206 225 136 59 0.01 -0.01 -0.0 0.0 0.06 0.02
-100 -100 -100 -100 -100 -100 -100 -100 -100 -100 -100
310 208 232 138 60 0.01 -0.01 0.0 0.01 0.07 0.04
311 201 227 133 59 0.0 -0.01 0.0 0.02 0.08 0.04
312 209 230 136 59 -0.0 -0.0 -0.0 0.0 0.06 0.05
313 203 228 135 59 -0.0 -0.0 -0.0 0.02 0.09 0.03
314 196 214 129 58 -0.01 -0.0 -0.0 -0.02 0.06 0.02
315 192 211 129 60 -0.01 -0.01 -0.01 -0.03 0.04 0.0
316 184 210 126 59 -0.01 -0.01 -0.01 -0.01 0.06 0.02
317 176 204 122 59 -0.01 -0.02 -0.0 0.01 0.07 0.06
318 189 211 128 62 -0.02 -0.02 -0.0 0.01 0.03 0.0
319 194 220 129 63 -0.02 -0.01 0.01 0.01 0.04 0.01
320 183 213 128 63 -0.01 -0.01 0.0 0.02 0.04 0.04
321 187 216 130 66 -0.02 -0.01 0.0 -0.01 0.07 0.03
322 179 216 129 63 -0.02 -0.0 -0.0 -0.03 0.07 0.02
323 166 205 124 62 -0.02 -0.0 0.0 -0.01 0.09 0.03
324 179 213 130 63 -0.02 -0.0 -0.01 0.02 0.09 0.02
325 186 219 131 63 -0.03 -0.01 -0.01 0.05 0.07 0.05
326 170 208 125 62 -0.03 -0.01 -0.01 0.05 0.05 0.03
327 180 212 131 65 -0.03 -0.01 -0.01 0.07 0.02 0.04
328 178 218 131 64 -0.03 -0.01 -0.0 0.05 0.0 0.01
329 172 211 129 63 -0.02 -0.01 0.0 0.04 0.01 0.04
330 188 221 136 62 -0.02 -0.01 0.01 0.02 0.03 0.0
331 188 227 138 63 -0.01 -0.01 0.01 0.0 0.06 0.0
332 181 221 135 63 -0.02 -0.02 0.01 0.01 0.08 0.0
333 194 227 141 63 -0.01 -0.03 0.01 0.03 0.08 0.02
334 197 233 143 64 -0.02 -0.03 0.0 0.08 0.06 0.04
335 191 223 138 63 -0.01 -0.02 0.0 0.08 0.06 0.05
336 198 229 142 62 -0.02 -0.01 -0.0 0.08 0.04 0.02
337 195 230 142 63 -0.02 -0.0 -0.0 0.08 0.06 0.04
338 185 219 137 64 -0.02 -0.0 0.0 0.04 0.02 0.05
339 200 227 144 66 -0.03 -0.0 0.01 0.05 0.06 0.03
340 202 234 145 66 -0.03 -0.0 0.01 0.03 0.04 0.01
341 189 221 139 64 -0.03 -0.0 0.01 0.02 0.03 0.02
342 184 215 138 65 -0.03 -0.02 0.01 -0.01 0.1 -0.02
343 177 213 137 62 -0.03 -0.04 0.01 0.0 0.07 0.0
344 168 204 133 63 -0.03 -0.05 0.01 0.02 0.11 0.01
345 184 213 139 65 -0.03 -0.06 0.0 0.01 0.09 0.01
346 188 222 142 67 -0.03 -0.07 0.0 0.09 0.1 0.04
347 176 211 137 64 -0.03 -0.06 -0.0 0.09 0.08 0.04
348 182 215 140 65 -0.03 -0.06 -0.0 0.09 0.07 0.02
349 182 216 140 65 -0.03 -0.04 -0.0 0.07 0.07 0.01
350 171 209 136 64 -0.03 -0.04 -0.0 0.05 0.06 0.04
351 180 213 139 67 -0.03 -0.04 -0.0 0.03 0.06 0.01
352 180 220 141 66 -0.03 -0.04 -0.0 0.03 0.08 0.0
353 180 213 139 66 -0.03 -0.05 0.0 0.03 0.07 0.0
354 194 223 146 67 -0.03 -0.06 0.0 0.05 0.07 0.02
355 198 229 148 68 -0.03 -0.06 0.0 0.04 0.11 0.05
356 190 223 146 69 -0.03 -0.06 0.0 0.06 0.1 0.03
357 198 226 148 69 -0.03 -0.05 -0.0 0.06 0.12 0.03
358 196 229 149 69 -0.03 -0.03 -0.0 0.1 0.1 0.04
359 186 220 144 68 -0.03 -0.02 -0.01 0.08 0.08 0.04
360 192 224 147 69 -0.03 -0.01 -0.01 0.05 0.05 0.02
361 196 231 148 70 -0.02 0.0 -0.01 0.06 0.05 0.01
362 190 223 145 71 -0.02 0.0 -0.01 0.01 0.06 0.0
363 203 232 151 70 -0.01 -0.01 -0.0 0.0 0.06 0.0
364 203 237 151 70 -0.01 -0.02 0.0 0.03 0.05 0.02
365 188 226 146 69 -0.01 -0.01 0.0 0.06 0.07 0.03
366 200 231 151 68 -0.01 -0.01 0.0 0.08 0.09 0.02
367 200 237 152 70 -0.0 -0.01 0.01 0.06 0.11 0.04
368 188 226 146 69 -0.0 -0.0 0.0 0.03 0.1 0.04
369 210 236 155 68 -0.0 0.0 0.0 0.04 0.09 0.01
370 221 250 160 69 0.0 0.0 0.0 0.04 0.11 0.02
371 224 248 161 68 0.0 0.0 0.0 0.05 0.09 0.02
372 247 261 169 69 0.01 -0.0 0.0 0.03 0.08 0.01
373 245 263 169 70 0.01 -0.0 0.01 0.05 0.07 0.03
374 237 253 164 69 0.01 -0.0 0.01 0.03 0.09 0.02
375 260 266 174 69 0.01 0.01 0.01 0.04 0.11 0.04
376 265 278 176 73 0.01 0.02 0.0 0.05 0.13 0.0
377 261 270 174 70 0.01 0.01 0.0 0.04 0.12 0.03
378 278 281 180 72 0.01 0.01 -0.0 0.03 0.1 0.02
379 269 279 177 74 0.01 -0.0 -0.01 0.03 0.09 0.01
380 246 260 166 71 0.01 -0.01 -0.0 0.05 0.07 0.02
381 260 264 170 69 0.01 -0.02 0.0 0.05 0.07 0.0
382 258 269 170 71 0.0 -0.01 0.01 0.06 0.06 0.04
383 250 257 166 69 0.01 -0.01 0.01 0.03 0.1 0.01
384 263 265 172 67 0.0 -0.01 0.02 0.02 0.12 0.0
385 261 270 172 71 0.0 -0.01 0.01 0.03 0.17 0.04
386 249 258 167 67 0.0 -0.01 0.01 0.03 0.14 0.04
387 250 263 168 68 -0.0 -0.02 -0.0 0.01 0.1 0.0
-200 -200 -200 -200 -200 -200 -200 -200 -200 -200 -200
388 239 260 165 67 -0.0 -0.03 -0.01 0.04 0.08 0.0
389 226 247 158 63 0.0 -0.03 -0.0 0.03 0.08 0.0
390 237 250 162 62 0.0 -0.03 -0.0 0.04 0.08 0.0
391 236 255 163 64 0.01 -0.02 0.0 0.06 0.11 0.02
392 228 246 160 74 0.01 -0.01 0.01 -0.02 0.11 -0.02
393 230 247 159 75 0.0 -0.02 0.01 -0.05 0.11 -0.02
394 219 234 156 80 -0.01 -0.06 0.01 -0.12 0.06 -0.06
395 203 227 148 81 -0.02 -0.1 0.02 -0.12 0.09 -0.07
396 198 219 146 82 -0.07 -0.2 0.05 -0.15 0.11 -0.12
397 188 228 142 75 -0.16 -0.3 0.1 -0.09 0.13 0.09
398 191 231 138 73 -0.2 -0.29 0.15 0.02 0.1 0.03
399 190 224 143 74 -0.16 -0.25 0.19 -0.2 0.13 0.14
400 200 248 142 82 -0.1 -0.26 0.19 -0.03 0.25 0.39
401 193 260 141 107 -0.08 -0.29 0.19 -0.85 0.12 0.55
402 204 274 141 120 -0.09 -0.52 0.2 -1.31 0.0 0.5
403 194 266 139 114 -0.09 -1.09 0.3 -1.76 -0.09 1.45
404 190 265 133 101 -0.07 -1.36 0.41 -1.72 0.03 1.52
405 204 282 138 90 -0.14 -1.82 0.65 -1.99 0.17 1.34
406 210 320 140 84 1.04 -3.12 -0.4 -1.58 7.22 3.09
407 202 292 134 81 1.05 -3.52 0.4 -1.6 3.82 2.79
408 206 284 140 73 1.04 -4.24 0.64 -1.24 1.4 1.67
409 204 285 140 70 1.42 -4.27 0.69 -0.58 0.93 2.25
410 194 275 135 63 1.51 -4.26 0.69 -0.28 1.12 2.45
411 191 276 138 64 1.68 -4.27 0.59 -0.13 0.77 2.23
412 188 267 138 61 1.96 -4.13 0.45 0.65 0.85 0.81
413 187 264 131 58 2.03 -4.04 0.44 0.6 0.71 0.53
414 190 255 133 57 2.22 -3.77 0.3 0.51 0.27 -0.13
415 197 256 134 55 2.34 -3.46 0.12 0.75 0.05 -0.62
416 201 254 128 50 2.34 -3.27 0.05 0.82 -0.18 -0.73
417 248 276 133 46 2.33 -2.9 -0.1 0.65 -0.34 -1.19
418 254 274 129 50 2.22 -2.46 -0.18 0.14 -0.72 -1.47
419 255 287 125 50 2.14 -2.26 -0.2 0.07 -0.8 -1.65
420 261 295 125 48 1.94 -1.95 -0.27 -0.2 -1.08 -2.07
421 271 290 126 45 1.78 -1.79 -0.32 -0.39 -1.2 -2.26
422 274 282 122 44 1.67 -1.7 -0.33 0.03 -0.9 -2.39
423 284 281 130 47 1.38 -1.37 -0.34 0.17 -0.97 -2.28
424 318 274 132 55 1.04 -1.02 -0.28 -0.39 -0.59 -2.18
425 322 264 134 55 0.89 -0.92 -0.26 -0.39 -0.64 -2.14
426 304 264 135 59 0.69 -0.8 -0.25 -0.19 -0.31 -1.8
427 292 271 130 64 0.52 -0.71 -0.22 -0.34 -0.29 -1.67
428 305 266 128 72 0.43 -0.67 -0.19 -0.32 -0.21 -1.59
429 291 265 132 81 0.29 -0.59 -0.16 -0.41 -0.27 -1.48
430 294 262 130 89 0.2 -0.55 -0.15 -0.29 -0.25 -0.96
431 308 251 133 88 0.16 -0.53 -0.13 -0.48 -0.35 -0.53
432 283 258 128 97 0.12 -0.55 -0.13 -0.54 -0.37 -0.21
433 314 256 133 117 0.09 -0.57 -0.13 -0.28 -0.26 -0.37
434 295 254 134 117 0.11 -0.56 -0.12 -0.4 -0.29 -0.55
435 270 264 134 128 0.15 -0.62 -0.09 -0.29 -0.26 -0.73
436 257 265 133 129 0.18 -0.7 -0.1 -0.09 -0.48 -0.37
437 238 255 130 137 0.19 -0.69 -0.11 -0.04 -0.52 -0.29
438 245 267 129 150 0.19 -0.58 -0.15 0.22 -0.57 -0.58
439 241 272 131 160 0.2 -0.43 -0.21 0.02 -0.63 -1.07
440 244 289 128 186 0.19 -0.37 -0.25 0.15 -0.55 -1.14
441 239 293 123 194 0.15 -0.31 -0.35 -0.06 -0.61 -1.2
442 240 312 122 195 0.14 -0.21 -0.48 -0.21 -0.45 -1.63
443 298 314 117 203 0.11 -0.12 -0.55 -0.3 -0.42 -1.79
444 286 317 113 204 -0.01 0.02 -0.71 -0.47 -0.49 -2.16
445 294 332 110 214 -0.18 0.17 -0.89 -0.71 -0.62 -2.09
446 286 362 107 202 -0.28 0.29 -0.99 -0.89 -0.63 -2.03
447 285 349 106 192 -0.5 0.75 -1.18 -1.9 -0.44 -2.3
448 279 341 107 190 -0.67 1.59 -1.35 -1.74 -0.25 -2.06
449 330 345 103 188 -0.77 2.2 -1.39 -1.92 -0.13 -1.63
450 306 329 104 172 -1.0 3.81 -1.33 -1.88 0.17 -0.69
451 278 324 104 156 -1.23 5.93 -1.3 -1.73 0.2 -0.35
452 262 305 104 138 -1.26 7.17 -1.34 -1.36 0.13 -0.28
453 248 287 110 120 -1.2 9.5 -1.52 -1.02 0.3 0.09
454 221 289 111 123 -1.11 11.28 -1.72 -0.4 0.74 0.0
455 213 267 109 110 -1.06 11.86 -1.78 0.23 0.83 -0.32
456 204 264 112 96 -0.86 12.23 -1.78 0.14 0.58 -1.84
457 192 257 126 88 -0.66 12.06 -1.53 0.45 0.61 -2.04
458 181 253 126 76 -0.61 11.8 -1.35 0.26 0.59 -1.8
459 190 249 124 77 -0.59 10.66 -0.91 -0.81 0.22 -1.77
460 191 262 117 80 -0.74 8.08 -0.3 -1.66 0.23 -2.19
461 181 249 110 70 -0.79 6.37 0.0 -3.05 0.34 -3.34
462 183 252 113 70 -0.8 2.82 0.56 -3.72 0.22 -2.43
463 172 248 113 75 -0.65 0.46 0.73 -3.4 0.34 0.19
464 160 236 109 74 -0.66 -0.05 0.88 -2.86 0.27 0.48
465 166 249 114 70 -0.71 -0.06 1.02 -0.51 0.88 0.65
466 153 292 111 85 -0.67 -0.12 1.11 -0.93 0.41 0.48
467 144 303 104 81 -0.61 -0.46 1.11 -1.6 0.12 0.68
468 138 311 101 76 -0.5 -1.86 1.08 -1.34 -0.19 0.75
469 133 361 101 81 -0.35 -3.53 1.1 0.09 -0.19 1.38
470 124 321 97 92 -0.35 -3.97 1.14 -0.08 -0.6 1.42
471 133 355 101 95 -0.4 -4.31 1.06 0.3 -0.43 0.5
472 133 340 100 88 -0.66 -4.2 0.96 0.39 -0.58 0.06
473 122 310 97 79 -0.73 -4.38 0.92 0.03 -0.56 0.09
474 119 285 96 69 -0.65 -5.52 0.85 -0.44 -0.59 0.26
475 148 266 95 63 -0.67 -6.11 0.86 0.71 -0.25 0.17
476 138 273 92 56 -0.74 -5.94 0.86 0.5 -0.24 -0.26
477 132 275 95 53 -0.81 -5.39 0.73 0.85 -0.13 -0.95
478 175 282 103 50 -0.77 -4.72 0.52 0.78 -0.05 -0.96
479 161 264 99 46 -0.74 -4.33 0.4 1.2 0.01 -0.92
480 151 260 105 43 -0.68 -3.24 0.19 1.59 0.09 -0.75
481 156 252 103 41 -0.65 -1.93 0.07 0.91 -0.04 -0.55
482 142 245 102 44 -0.67 -1.47 0.02 0.62 -0.02 -0.4
483 139 252 105 43 -0.66 -1.2 -0.07 0.21 -0.08 -0.29
484 123 250 106 40 -0.55 -1.39 -0.12 -0.29 -0.03 -0.38
485 136 238 104 37 -0.48 -1.4 -0.14 -0.42 0.0 -0.47
486 149 224 109 39 -0.41 -1.08 -0.18 0.08 0.2 -0.38
487 150 217 108 39 -0.37 -0.51 -0.18 0.51 0.29 -0.09
488 135 209 109 39 -0.35 -0.22 -0.16 0.51 0.35 -0.04
489 132 203 110 38 -0.34 0.01 -0.12 -0.27 0.26 -0.12
490 122 197 107 37 -0.3 -0.32 -0.1 -0.27 0.34 -0.11
491 114 189 106 35 -0.27 -0.5 -0.1 -0.31 0.35 -0.12
492 141 208 113 36 -0.22 -0.64 -0.09 -0.28 0.37 -0.21
493 132 221 112 39 -0.23 -0.39 -0.08 0.36 0.49 -0.17
494 120 241 111 38 -0.23 -0.15 -0.07 0.31 0.43 -0.22
495 129 245 115 37 -0.21 0.21 -0.06 0.37 0.3 -0.13
496 125 229 112 36 -0.19 0.19 -0.05 -0.08 0.13 0.11
497 117 219 111 36 -0.13 0.05 -0.06 -0.27 0.11 0.22
498 134 225 116 37 -0.05 -0.23 -0.06 0.02 0.25 0.22
499 178 253 112 40 -0.04 -0.15 -0.06 -0.03 0.26 -0.02
500 161 258 110 39 -0.05 -0.01 -0.05 0.11 0.23 -0.12
501 159 258 120 37 -0.03 0.2 -0.05 0.15 0.05 -0.28
502 148 256 116 39 0.02 0.18 -0.06 0.02 -0.09 -0.27
503 146 243 113 38 0.04 0.12 -0.08 0.07 -0.06 -0.32
504 137 237 113 36 0.07 0.01 -0.11 0.17 -0.07 -0.43
505 139 251 112 39 0.03 0.02 -0.14 0.27 -0.04 -0.45
506 143 292 111 42 0.01 0.05 -0.15 0.19 -0.08 -0.45
507 150 274 119 43 0.01 0.16 -0.19 0.39 -0.03 -0.75
508 141 257 115 43 -0.03 0.39 -0.21 0.38 -0.02 -0.97
509 134 239 116 40 -0.06 0.43 -0.21 0.05 -0.07 -0.79
510 128 291 116 40 -0.1 0.4 -0.22 0.02 -0.1 -0.44
511 142 274 114 37 -0.14 0.39 -0.23 -0.05 0.03 -0.21
512 127 247 112 36 -0.15 0.39 -0.25 -0.13 0.04 -0.2
513 124 230 114 36 -0.18 0.38 -0.26 -0.08 0.2 -0.21
514 154 239 113 36 -0.22 0.37 -0.28 -0.14 0.17 -0.37
515 139 238 114 34 -0.28 0.43 -0.28 0.03 0.2 -0.55
516 131 222 113 34 -0.36 0.59 -0.25 -0.1 0.25 -0.69
517 126 215 114 35 -0.37 0.51 -0.21 -0.3 0.25 -0.49
518 120 205 111 35 -0.37 0.38 -0.2 -0.44 0.17 -0.33
519 117 194 114 34 -0.36 0.22 -0.18 -0.26 0.23 -0.67
520 153 217 112 34 -0.38 0.38 -0.18 -0.24 0.17 -1.37
521 143 221 109 34 -0.4 0.59 -0.19 -0.03 0.26 -1.32
522 147 215 110 33 -0.5 1.04 -0.24 0.37 0.27 -0.92
523 150 209 111 35 -0.58 1.19 -0.33 0.5 0.13 -0.97
524 144 204 106 37 -0.63 1.15 -0.37 0.64 0.05 -1.14
525 142 199 103 36 -0.7 1.03 -0.46 0.78 -0.01 -1.78
526 180 191 103 40 -0.87 1.0 -0.57 0.39 -0.3 -1.4
527 163 193 101 40 -0.97 0.99 -0.63 0.43 -0.3 -1.16
528 164 206 100 38 -1.25 0.94 -0.65 0.9 -0.5 -0.66
529 157 218 103 61 -1.19 0.79 -0.73 1.32 -0.49 -0.91
530 157 209 98 57 -1.13 0.84 -0.72 1.19 -0.39 -1.5
531 175 195 97 51 -1.13 0.94 -0.68 0.56 -0.45 -1.79
532 162 191 97 47 -1.11 0.62 -0.69 -0.45 -0.81 0.03
533 155 185 96 44 -1.06 0.38 -0.7 -0.16 -0.63 0.36
534 145 208 100 70 -0.95 0.07 -0.74 0.4 -0.35 -0.11
535 140 212 99 64 -0.92 0.28 -0.76 0.75 -0.07 -0.5
536 141 203 96 58 -0.98 0.58 -0.75 0.78 -0.03 -0.46
537 136 202 94 54 -1.04 0.97 -0.77 -0.03 -0.19 -0.41
538 175 199 97 51 -1.03 1.06 -0.79 0.3 0.15 -0.66
539 167 206 97 49 -1.0 0.97 -0.8 0.18 -0.8 -0.83
540 158 199 98 46 -0.92 0.64 -0.82 -1.89 -2.38 1.75
541 162 202 102 62 -0.37 -0.29 -0.85 -0.83 6.94 1.86
542 184 205 104 64 -0.77 -0.71 0.04 4.89 -2.02 -3.33
543 178 199 103 59 -0.79 0.44 -0.21 -1.51 0.11 -2.74
544 204 201 109 56 -0.3 0.74 -0.39 0.32 0.39 0.05
545 194 202 111 53 0.06 0.35 -0.43 1.01 0.41 0.32
546 190 199 112 50 0.03 0.4 -0.43 1.23 -0.06 0.35
547 187 198 114 49 -0.03 0.56 -0.42 0.98 -0.23 0.62
548 182 193 113 48 -0.09 0.88 -0.36 0.58 -0.16 0.48
549 168 187 111 46 -0.12 1.03 -0.29 -0.11 -0.16 -0.04
550 167 186 112 45 -0.11 1.02 -0.27 -0.71 0.07 -0.21
551 168 187 112 45 -0.15 0.87 -0.2 -0.68 0.04 -0.37
552 159 185 111 45 -0.17 0.62 -0.11 -0.65 0.06 -0.51
553 193 188 112 43 -0.18 0.46 -0.05 -0.73 0.1 -0.55
554 183 192 112 43 -0.17 0.06 0.02 -0.57 0.15 -0.52
555 176 190 111 43 -0.16 -0.2 0.02 -0.26 0.25 -0.21
556 185 193 114 43 -0.17 -0.31 0.02 0.05 0.27 -0.05
557 173 196 114 44 -0.2 -0.43 -0.0 0.21 0.2 0.06
558 173 197 115 42 -0.22 -0.44 -0.01 0.18 0.16 0.0
559 174 200 118 44 -0.2 -0.43 -0.02 0.14 0.12 0.01
560 194 201 116 45 -0.14 -0.34 -0.03 0.14 0.11 0.0
561 185 202 116 45 -0.08 -0.26 -0.03 0.16 0.13 0.0
562 190 208 118 45 -0.05 -0.22 -0.03 0.14 0.2 0.0
563 179 207 116 45 -0.02 -0.17 -0.05 0.11 0.17 -0.02
564 169 202 113 44 0.0 -0.13 -0.06 0.07 0.1 -0.03
565 168 200 113 45 0.01 -0.13 -0.07 0.04 0.08 -0.01
566 160 199 111 43 0.03 -0.09 -0.07 -0.01 0.1 -0.01
567 161 199 109 44 0.02 -0.07 -0.04 0.04 0.09 -0.02
568 192 199 110 44 0.02 -0.05 -0.03 0.04 0.12 0.0
569 181 201 112 44 0.02 -0.03 -0.0 0.1 0.2 0.03
570 187 202 114 44 0.0 -0.03 0.0 0.12 0.21 0.0
571 176 197 112 45 0.0 -0.02 -0.0 -0.02 0.19 -0.06
572 171 189 113 46 -0.01 -0.02 -0.02 -0.04 0.2 -0.07
573 168 192 114 46 -0.0 -0.02 -0.02 -0.02 0.17 -0.08
574 155 186 111 45 -0.01 -0.03 -0.03 0.0 0.13 -0.02
575 146 185 108 43 -0.0 -0.02 -0.03 0.01 0.14 -0.02
576 179 182 107 42 -0.0 -0.02 -0.02 0.0 0.13 -0.01
577 161 177 105 42 -0.01 -0.01 -0.02 0.03 0.14 -0.01
578 156 177 107 43 -0.01 -0.01 -0.0 -0.01 0.14 -0.05
579 153 181 108 43 -0.02 -0.02 -0.01 -0.05 0.19 -0.09
580 142 179 105 43 -0.02 -0.03 -0.01 -0.02 0.18 -0.04
581 144 176 104 41 -0.03 -0.06 -0.01 0.02 0.19 -0.01
582 145 174 103 41 -0.04 -0.08 -0.01 0.04 0.16 -0.02
583 141 172 103 42 -0.05 -0.09 -0.01 0.1 0.13 0.01
584 127 174 104 43 -0.05 -0.08 -0.0 0.14 0.16 0.0
585 128 176 105 42 -0.04 -0.04 0.0 0.01 0.09 -0.03
586 123 175 105 43 -0.04 -0.02 0.0 -0.01 0.11 -0.04
587 132 182 110 45 -0.02 -0.0 0.0 -0.04 0.13 -0.05
588 132 187 112 47 -0.01 -0.0 -0.01 -0.06 0.18 -0.11
589 144 190 114 48 0.0 -0.01 -0.01 -0.09 0.16 -0.07
590 141 192 114 47 0.0 -0.04 -0.02 -0.06 0.16 -0.08
591 137 190 113 47 0.01 -0.07 -0.02 0.01 0.16 -0.05
592 147 197 118 49 0.0 -0.07 -0.02 0.03 0.11 -0.05
593 146 198 118 48 0.0 -0.06 -0.01 0.04 0.13 -0.01
594 145 193 117 47 0.0 -0.05 -0.01 0.04 0.16 0.0
595 156 199 122 49 0.0 -0.04 -0.01 0.04 0.14 0.0
-100 -100 -100 -100 -100 -100 -100 -100 -100 -100 -100
596 153 203 122 50 -0.01 -0.03 -0.01 0.04 0.15 0.0
597 146 197 120 48 -0.01 -0.0 -0.01 0.04 0.14 -0.04
598 136 189 117 47 -0.01 -0.0 -0.01 0.02 0.12 -0.02
599 156 198 124 49 -0.01 0.01 -0.0 0.0 0.13 -0.04
600 157 205 126 49 -0.01 0.0 -0.0 -0.03 0.17 -0.07
601 144 193 121 47 -0.01 -0.0 -0.0 -0.05 0.17 -0.06
602 133 183 116 46 -0.01 -0.02 -0.01 -0.02 0.14 -0.04
603 127 175 113 44 -0.02 -0.03 -0.01 -0.01 0.1 -0.04
604 127 172 112 45 -0.01 -0.04 -0.02 0.01 0.09 -0.02
605 122 173 111 44 -0.01 -0.03 -0.01 0.03 0.09 -0.01
606 122 172 110 43 -0.01 -0.01 -0.01 0.0 0.12 -0.06
607 124 171 111 45 0.0 -0.01 -0.0 -0.03 0.13 -0.06
608 146 183 119 47 0.01 -0.01 -0.0 0.0 0.15 -0.03
609 146 193 123 49 0.0 -0.02 -0.01 -0.05 0.16 -0.07
610 146 192 123 49 0.0 -0.03 -0.01 -0.01 0.13 -0.06
611 140 186 122 47 -0.0 -0.04 -0.01 0.03 0.14 -0.01
612 132 180 118 44 -0.01 -0.04 -0.01 0.01 0.11 -0.02
613 127 176 118 44 -0.01 -0.03 -0.01 0.03 0.12 -0.03
614 151 188 125 46 -0.01 -0.02 -0.0 0.02 0.11 0.0
615 159 200 130 50 0.0 -0.0 -0.0 0.0 0.16 -0.02
616 149 193 127 49 -0.01 -0.0 -0.0 0.0 0.15 -0.03
617 151 190 127 49 -0.01 -0.01 -0.0 -0.02 0.14 -0.04
618 145 188 126 47 -0.01 -0.01 -0.01 -0.04 0.1 -0.06
619 134 178 122 45 -0.01 -0.02 -0.01 -0.02 0.08 -0.05
620 138 186 125 46 -0.01 -0.02 -0.0 -0.01 0.07 0.0
621 146 199 129 47 -0.0 -0.03 0.0 0.0 0.07 -0.05
622 148 197 129 47 -0.0 -0.03 0.01 0.0 0.14 0.0
623 153 198 131 47 0.0 -0.04 0.01 0.03 0.11 0.0
624 153 197 131 47 -0.0 -0.02 0.01 0.02 0.16 -0.03
625 146 191 129 46 -0.0 -0.01 0.01 0.01 0.17 -0.01
626 174 206 140 47 -0.0 0.01 0.0 0.06 0.15 0.0
627 183 222 143 54 -0.01 0.02 -0.0 0.0 0.13 -0.03
628 185 221 144 53 -0.02 0.02 0.0 -0.04 0.11 -0.04
629 194 228 148 55 -0.02 0.01 0.0 -0.01 0.1 -0.03
630 190 225 146 54 -0.02 -0.0 0.01 -0.02 0.11 -0.02
631 179 215 141 52 -0.02 -0.01 0.01 0.0 0.12 0.0
632 198 228 148 54 -0.02 0.0 0.01 0.01 0.12 -0.04
633 200 234 149 56 -0.02 -0.0 0.01 -0.05 0.12 -0.04
634 190 222 143 56 -0.02 -0.01 0.01 -0.01 0.13 -0.03
635 196 227 147 57 -0.01 -0.01 0.01 0.0 0.1 -0.03
636 198 232 149 56 -0.02 -0.02 0.0 0.0 0.09 0.0
637 196 231 148 55 -0.02 -0.02 0.0 0.0 0.11 -0.01
638 209 237 151 57 -0.02 -0.02 0.01 0.0 0.11 -0.05
639 210 241 152 58 -0.02 -0.01 0.01 0.0 0.1 -0.02
640 215 237 153 57 -0.02 0.0 0.01 0.02 0.11 0.0
641 234 250 160 60 -0.02 0.01 0.01 0.0 0.14 -0.03
642 228 254 160 61 -0.01 0.01 0.01 -0.03 0.15 -0.04
643 211 239 153 60 -0.01 -0.0 0.01 -0.01 0.12 -0.04
644 205 233 150 59 -0.02 -0.01 0.01 -0.03 0.12 -0.06
645 204 233 150 57 -0.01 -0.01 0.01 0.02 0.16 -0.04
646 199 225 146 57 -0.02 -0.0 0.01 0.02 0.14 -0.06
647 209 231 152 57 -0.01 0.0 -0.0 0.01 0.14 -0.02
648 202 234 151 56 -0.01 0.01 -0.01 -0.03 0.1 -0.06
649 195 225 147 55 -0.01 0.01 -0.01 -0.01 0.1 -0.06
650 190 220 145 56 -0.01 -0.0 -0.0 -0.01 0.08 -0.06
651 181 217 143 53 -0.01 -0.01 0.0 -0.01 0.12 -0.06
652 178 215 142 54 -0.01 -0.01 0.01 0.01 0.14 -0.03
653 188 223 146 55 -0.0 -0.0 0.02 -0.01 0.14 0.0
654 194 234 149 56 0.0 0.0 0.01 0.0 0.17 -0.07
655 205 237 155 58 0.0 0.0 0.01 -0.04 0.17 -0.05
656 220 245 160 63 0.01 0.0 -0.01 -0.04 0.15 -0.03
657 215 242 159 62 0.02 -0.01 -0.02 -0.02 0.13 -0.09
658 208 231 156 60 0.02 -0.02 -0.02 0.0 0.1 -0.06
-200 -200 -200 -200 -200 -200 -200 -200 -200 -200 -200
659 200 228 155 57 0.02 -0.02 -0.01 0.0 0.09 -0.03
660 187 218 149 55 0.02 -0.02 -0.0 0.02 0.12 -0.04
661 190 218 151 55 0.02 -0.02 0.01 0.01 0.1 -0.01
662 214 237 161 57 0.01 -0.0 0.01 0.04 0.14 0.0
663 220 247 164 62 0.01 0.01 0.01 -0.01 0.12 -0.05
664 226 244 165 62 0.01 0.01 0.0 -0.02 0.18 -0.04
665 228 249 166 63 0.01 -0.0 -0.0 -0.08 0.18 -0.06
666 216 240 159 60 -0.0 -0.03 -0.01 -0.05 0.17 -0.09
667 191 219 147 56 -0.0 -0.03 -0.01 -0.02 0.13 -0.03
668 173 202 139 52 -0.0 -0.05 -0.0 -0.01 0.13 -0.02
669 163 193 135 52 -0.0 -0.04 0.0 0.05 0.14 -0.03
670 159 190 132 51 -0.0 -0.03 0.0 0.06 0.17 -0.01
671 175 204 138 51 -0.01 -0.02 -0.01 0.05 0.15 0.0
672 174 214 139 53 -0.01 -0.01 -0.01 -0.01 0.2 -0.07
673 161 201 132 55 -0.01 -0.02 -0.02 -0.07 0.18 -0.06
674 151 198 127 52 -0.02 -0.04 -0.02 -0.07 0.15 -0.07
675 140 188 122 50 -0.04 -0.14 -0.01 -0.12 0.18 -0.14
676 140 184 122 49 -0.05 -0.23 0.0 -0.25 0.16 -0.15
677 139 184 123 48 -0.09 -0.35 0.02 -0.24 0.17 -0.09
678 133 187 121 71 -0.13 -0.41 0.03 -0.15 0.26 -0.08
679 143 189 121 69 -0.15 -0.44 0.04 0.2 0.29 0.23
680 149 202 122 63 -0.25 -0.45 0.07 0.3 0.22 0.22
681 144 207 125 62 -0.3 -0.31 0.09 -0.24 0.22 0.16
682 144 212 122 70 -0.29 -0.27 0.11 -0.51 0.21 0.17
683 140 236 125 69 -0.29 -0.24 0.12 -0.69 0.14 0.05
684 143 251 125 75 -0.27 -0.49 0.17 -0.83 0.19 0.09
685 157 264 128 84 -0.31 -0.75 0.21 -1.89 -0.06 0.53
686 150 267 122 83 -0.34 -1.46 0.39 -2.42 -0.26 1.07
687 144 253 119 80 -0.03 -2.7 0.51 -2.46 -0.45 2.05
688 157 263 122 72 -0.09 -3.2 0.56 -6.25 -6.65 3.93
689 168 270 123 66 1.11 -4.63 0.23 -1.31 5.87 3.13
690 170 260 122 60 0.88 -4.81 0.6 -0.89 0.35 1.58
691 162 303 123 61 1.08 -4.5 0.66 -0.7 0.21 1.72
692 166 304 125 61 1.38 -3.48 0.64 -0.03 0.47 1.89
693 161 290 124 57 1.61 -2.67 0.57 0.2 0.57 1.55
694 200 280 128 61 1.69 -2.61 0.51 -0.35 0.27 1.62
695 202 285 127 58 1.86 -3.0 0.38 -0.12 0.18 0.65
696 190 297 123 59 2.05 -3.74 0.23 0.0 -0.01 -0.24
697 193 320 121 56 2.17 -3.94 0.13 0.66 -0.02 -1.19
698 219 332 120 52 2.28 -3.88 -0.01 0.81 -0.09 -1.51
699 222 302 120 54 2.24 -3.5 -0.14 0.91 -0.25 -1.07
700 232 291 124 56 2.18 -3.29 -0.22 0.75 -0.42 -0.79
701 255 290 127 53 2.07 -2.91 -0.36 0.4 -0.49 -1.04
702 256 282 132 55 1.9 -2.45 -0.39 0.34 -0.35 -1.58
703 265 276 134 51 1.78 -2.15 -0.38 0.29 -0.3 -1.67
704 274 267 133 62 1.51 -1.67 -0.35 -0.16 -0.45 -1.38
705 294 275 131 64 1.26 -1.39 -0.34 -0.33 -0.47 -1.35
706 302 277 141 65 1.17 -1.3 -0.33 -0.33 -0.51 -1.59
707 335 272 140 74 0.95 -1.15 -0.27 -0.37 -0.41 -2.13
708 330 275 145 73 0.78 -1.01 -0.25 -0.38 -0.53 -1.83
709 328 290 155 88 0.73 -0.98 -0.24 -0.79 -0.51 -1.69
710 338 310 149 95 0.63 -0.97 -0.21 -0.71 -0.59 -1.22
711 327 298 138 97 0.57 -0.87 -0.19 -0.72 -0.65 -1.21
712 325 310 137 98 0.52 -0.81 -0.16 -0.68 -0.43 -1.19
713 332 316 138 111 0.42 -0.7 -0.14 -0.71 -0.54 -1.12
714 311 310 135 121 0.36 -0.63 -0.14 -0.83 -0.5 -0.95
715 338 325 140 124 0.34 -0.59 -0.14 -0.86 -0.52 -0.85
716 305 324 143 136 0.29 -0.53 -0.15 -0.85 -0.44 -0.91
717 307 330 141 139 0.22 -0.51 -0.17 -0.68 -0.46 -1.09
718 298 330 131 162 0.19 -0.5 -0.18 -0.48 -0.51 -1.27
719 287 345 123 194 0.11 -0.41 -0.22 -0.32 -0.35 -1.46
720 274 344 123 205 0.03 -0.27 -0.29 -0.39 -0.27 -1.5
721 297 338 117 210 0.01 -0.23 -0.35 -0.5 -0.18 -1.58
722 276 347 110 235 -0.07 -0.16 -0.47 -0.42 -0.22 -1.73
723 262 338 107 234 -0.18 -0.02 -0.63 -0.66 -0.24 -2.27
724 288 335 104 239 -0.26 0.08 -0.73 -0.63 -0.27 -2.31
725 296 338 100 251 -0.43 0.37 -0.93 -0.46 -0.35 -1.6
726 331 356 98 250 -0.63 0.7 -1.09 -1.15 -0.36 -1.41
727 361 391 97 249 -0.72 0.92 -1.16 -1.67 -0.2 -1.53
728 383 398 97 253 -0.86 1.81 -1.23 -0.79 0.0 -1.66
729 345 395 96 230 -1.0 3.41 -1.26 -1.35 0.02 -0.65
730 313 381 97 212 -1.06 4.36 -1.29 -1.24 0.01 -0.08
731 284 373 97 199 -1.09 6.3 -1.46 -0.16 0.09 0.51
732 272 363 96 186 -1.01 8.25 -1.66 -0.4 0.43 -0.2
733 239 346 98 167 -0.96 9.24 -1.79 -0.22 0.43 -0.8
734 208 345 102 148 -0.74 10.91 -1.88 -0.8 0.98 -0.94
735 196 325 102 130 -0.67 11.67 -1.81 -0.56 1.17 -0.42
736 185 313 107 117 -0.6 11.77 -1.71 -0.17 1.15 -0.2
737 179 310 111 104 -0.56 11.96 -1.39 0.52 1.09 -1.82
738 162 301 121 91 -0.66 11.86 -1.01 -0.07 0.68 -2.69
739 169 282 131 84 -0.67 11.43 -0.81 -0.98 0.63 -2.22
740 163 281 127 81 -0.69 9.06 -0.23 -1.59 0.11 -2.06
741 158 266 125 82 -0.73 4.77 0.45 -2.82 0.24 -1.52
742 162 264 124 80 -0.78 2.84 0.63 -3.11 0.48 -1.51
743 154 270 124 72 -0.86 0.56 1.05 -2.86 0.36 -0.62
744 150 263 127 75 -0.84 0.59 1.16 -2.01 0.4 0.29
745 162 275 130 78 -0.89 0.92 1.15 -2.41 0.17 0.06
746 151 283 125 76 -1.03 1.17 1.12 -0.69 0.26 -0.48
747 138 271 119 82 -0.96 0.18 1.11 -1.47 -0.28 -0.45
748 137 265 120 81 -0.81 -0.58 1.08 -2.04 -0.55 0.75
749 127 264 120 80 -0.56 -1.92 0.98 -0.77 -0.65 1.29
750 121 253 120 81 -0.5 -1.97 0.91 1.04 -0.53 0.9
751 132 255 122 91 -0.54 -1.65 0.82 1.07 -0.54 0.4
752 125 257 120 83 -0.67 -1.52 0.62 -0.01 -0.6 0.47
753 119 250 117 90 -0.66 -2.98 0.53 -0.66 -0.73 1.26
754 123 256 114 90 -0.63 -4.14 0.53 -1.08 -0.78 1.52
755 127 277 110 85 -0.68 -6.12 0.67 -0.87 -0.81 0.81
756 112 281 106 75 -0.73 -6.82 0.73 -0.13 -0.63 -0.83
757 148 287 108 78 -0.74 -6.73 0.72 0.41 -0.51 -1.16
758 145 313 107 70 -0.69 -6.22 0.6 0.45 -0.38 -1.47
759 154 290 111 65 -0.71 -5.43 0.45 0.4 -0.27 -0.91
760 206 304 118 60 -0.68 -5.16 0.38 0.44 -0.13 -0.71
761 208 323 116 57 -0.58 -4.52 0.31 1.16 0.1 -0.22
762 196 318 110 65 -0.53 -3.65 0.24 0.35 0.11 -0.71
763 212 301 117 62 -0.5 -3.23 0.17 0.56 0.12 -0.8
764 212 298 123 59 -0.51 -2.24 0.06 0.9 0.17 -1.03
765 251 270 122 55 -0.42 -1.57 0.01 0.47 0.13 -0.99
766 241 262 131 51 -0.37 -1.33 0.0 0.39 0.14 -0.44
767 244 271 129 53 -0.3 -0.92 0.0 0.28 0.21 0.0
768 215 283 126 55 -0.28 -0.58 -0.01 0.08 0.2 -0.32
769 228 269 128 51 -0.26 -0.51 -0.04 0.17 0.24 -0.45
770 226 283 126 50 -0.26 -0.42 -0.06 0.36 0.33 -0.56
771 209 270 126 49 -0.27 -0.41 -0.08 0.28 0.24 -0.51
772 287 260 126 48 -0.26 -0.44 -0.09 0.28 0.19 -0.48
773 255 256 126 47 -0.2 -0.41 -0.08 0.37 0.24 -0.26
774 227 245 123 44 -0.19 -0.2 -0.09 0.32 0.25 -0.27
775 216 261 129 43 -0.21 -0.03 -0.11 0.38 0.21 -0.18
776 207 247 124 45 -0.29 0.21 -0.15 0.13 0.11 -0.15
777 219 235 122 44 -0.28 -0.02 -0.18 -0.04 0.04 -0.08
778 195 219 121 45 -0.23 -0.15 -0.17 -0.13 -0.02 -0.12
779 176 205 118 42 -0.17 -0.18 -0.17 -0.13 0.02 -0.37
780 163 205 117 41 -0.2 0.14 -0.16 0.07 0.06 -0.66
781 162 217 123 41 -0.19 0.39 -0.17 0.01 0.03 -0.75
782 200 229 120 42 -0.22 0.88 -0.23 -0.09 -0.11 -0.73
783 176 258 121 40 -0.33 1.0 -0.33 0.06 -0.07 -0.8
784 186 256 125 41 -0.39 0.98 -0.38 0.14 -0.08 -0.95
785 176 249 123 39 -0.42 0.93 -0.51 0.47 -0.06 -1.22
786 161 228 122 38 -0.56 1.05 -0.62 0.76 -0.04 -1.0
787 170 228 126 39 -0.66 1.19 -0.66 0.85 -0.2 -0.78
788 171 224 121 40 -0.82 1.54 -0.76 0.73 -0.2 -0.99
789 163 220 119 41 -0.91 1.77 -0.79 0.69 -0.3 -1.43
790 172 260 124 47 -1.05 2.23 -0.86 0.37 -0.25 -1.17
791 167 255 120 46 -1.09 2.34 -0.92 0.29 -0.38 0.06
792 163 243 120 44 -1.06 2.28 -0.94 0.21 -0.32 -0.11
793 161 234 123 44 -0.92 1.77 -0.98 0.1 -0.21 -0.15
794 147 222 118 44 -0.84 0.98 -0.87 -0.2 -0.35 -0.66
795 183 253 120 44 -0.75 0.72 -0.84 -0.31 -0.12 -0.4
796 179 242 120 43 -0.71 0.66 -0.82 -0.58 -0.19 0.64
797 175 236 116 43 -0.69 0.85 -0.8 -0.81 -0.13 0.91
798 167 231 115 43 -0.69 0.95 -0.81 -0.18 0.18 0.11
799 172 232 122 45 -0.71 1.26 -0.86 0.43 0.25 -0.46
800 175 228 118 46 -0.81 1.81 -0.88 1.3 0.4 -1.78
801 212 240 116 48 -0.86 2.13 -0.87 2.08 0.33 -3.13
802 217 250 123 55 -0.92 2.65 -0.9 2.02 0.34 -3.23
803 265 255 122 57 -1.03 2.53 -1.04 1.48 0.0 -1.47
804 242 253 118 87 -1.18 2.0 -1.04 1.08 -0.78 0.64
805 236 259 123 89 -1.07 0.31 -1.36 -0.26 -1.84 1.56
806 218 255 119 83 -1.19 -1.03 -1.45 2.43 -0.6 -0.1
807 238 261 117 81 -1.23 -1.28 -1.42 -31.4 3.28 28.25
808 239 257 122 74 0.1 -1.74 -0.18 -9.82 9.06 -0.83
809 306 255 122 72 -1.03 -2.48 0.32 0.86 -2.72 -4.24
810 307 247 118 66 -0.11 -0.58 0.25 0.26 0.66 -0.6
811 294 252 130 62 0.54 1.05 0.02 0.93 1.32 0.37
812 278 256 131 63 0.43 0.93 -0.13 0.71 0.22 0.72
813 254 247 126 61 0.31 0.51 -0.19 1.73 0.45 0.59
814 263 251 133 61 0.03 -0.38 -0.23 1.26 0.21 0.76
815 253 250 131 61 -0.13 -0.68 -0.16 -0.28 0.0 0.41
816 223 244 124 57 -0.11 -0.74 -0.13 -0.23 0.19 -0.23
817 215 229 121 57 -0.08 -0.58 -0.12 -0.18 -0.12 -0.1
818 204 222 118 55 -0.12 -0.3 -0.03 0.09 0.04 -0.09
819 194 213 116 54 -0.07 -0.15 -0.02 0.0 0.17 0.0
820 217 230 127 55 -0.06 -0.06 0.01 0.05 0.16 0.02
821 217 237 128 59 -0.06 -0.1 -0.0 0.2 0.19 0.1
822 213 230 126 56 -0.06 -0.12 0.0 0.19 0.16 0.18
823 228 241 134 56 -0.09 -0.11 -0.0 0.18 0.2 0.1
824 222 245 134 59 -0.07 -0.06 -0.02 0.05 0.07 -0.01
825 236 228 127 57 -0.06 -0.01 -0.03 -0.05 0.03 -0.12
826 216 222 125 58 -0.04 0.07 -0.04 -0.04 -0.02 -0.11
827 202 217 121 55 -0.0 0.11 -0.03 -0.03 -0.02 -0.07
828 196 214 121 56 0.0 0.09 -0.02 -0.05 0.0 -0.08
829 202 223 126 59 0.01 0.04 -0.0 -0.03 -0.01 -0.06
830 200 223 127 58 0.01 0.02 0.01 -0.06 0.02 -0.09
831 202 225 128 58 0.01 0.01 0.01 -0.04 0.07 -0.11
832 210 228 132 60 0.02 -0.0 0.0 -0.01 0.06 -0.06
833 211 232 133 59 0.02 0.0 0.0 -0.02 0.08 -0.05
834 254 236 135 60 0.01 0.01 0.01 0.04 0.11 -0.02
835 273 252 150 62 0.01 0.01 0.0 0.04 0.1 0.01
836 272 261 152 67 -0.0 -0.0 0.01 0.05 0.12 0.0
837 254 248 146 65 -0.01 0.0 0.01 0.01 0.13 -0.01
838 259 252 151 66 -0.02 0.0 0.01 0.0 0.12 -0.01
839 251 252 148 66 -0.02 -0.01 0.01 -0.03 0.12 -0.08
840 233 241 141 62 -0.02 -0.01 0.01 0.01 0.09 -0.05
-100 -100 -100 -100 -100 -100 -100 -100 -100 -100 -100
841 231 237 143 61 -0.01 -0.0 0.0 0.03 0.08 -0.02
842 222 236 140 60 -0.01 -0.01 -0.0 0.02 0.07 -0.02
843 240 226 134 60 -0.01 -0.01 -0.0 0.02 0.08 -0.06
844 242 229 139 61 -0.01 -0.0 0.0 0.0 0.08 -0.06
845 233 230 136 61 0.0 -0.01 -0.0 -0.03 0.12 -0.08
846 235 229 138 59 0.0 -0.01 0.0 0.04 0.1 -0.02
847 253 246 150 59 0.0 -0.02 0.0 0.03 0.09 0.0
848 255 257 151 64 0.01 -0.01 0.01 0.0 0.08 -0.04
849 257 250 150 63 0.01 -0.02 0.0 0.02 0.1 -0.02
850 261 254 155 65 0.01 -0.01 0.01 0.02 0.07 -0.03
851 291 260 155 65 0.01 0.0 0.0 -0.02 0.1 -0.06
852 274 257 154 65 0.02 0.0 0.0 -0.03 0.14 -0.03
853 283 267 163 65 0.01 0.0 -0.0 0.0 0.15 0.0
854 276 271 163 69 0.0 -0.02 -0.01 0.0 0.14 -0.02
855 251 254 154 65 -0.01 -0.03 -0.01 0.03 0.13 -0.02
856 251 250 154 63 -0.02 -0.03 -0.01 0.04 0.12 0.01
857 246 253 154 64 -0.03 -0.02 -0.01 0.05 0.08 0.0
858 231 241 148 61 -0.04 -0.01 -0.01 0.03 0.06 0.0
859 260 242 148 61 -0.04 -0.01 -0.01 0.03 0.05 -0.01
860 241 237 144 59 -0.03 -0.0 -0.0 -0.01 0.06 -0.08
861 216 222 136 58 -0.03 -0.01 -0.0 -0.05 0.08 -0.1
862 205 214 133 58 -0.03 -0.02 -0.0 -0.07 0.11 -0.12
863 197 210 132 55 -0.03 -0.04 -0.01 0.01 0.1 -0.03
864 181 200 127 54 -0.03 -0.03 -0.01 -0.01 0.12 -0.04
865 191 205 131 54 -0.02 -0.03 -0.01 0.0 0.1 -0.06
866 187 210 133 56 -0.01 -0.03 -0.01 0.01 0.08 -0.02
867 176 205 130 56 -0.01 -0.03 -0.01 0.02 0.13 -0.01
868 189 211 134 56 -0.01 -0.02 -0.02 0.0 0.13 -0.01
869 188 215 135 56 -0.01 -0.03 -0.02 0.02 0.1 -0.03
870 181 208 132 54 -0.02 -0.03 -0.01 0.02 0.07 -0.02
871 188 208 136 55 -0.02 -0.02 -0.01 0.03 0.06 -0.03
872 184 208 136 55 -0.03 -0.02 -0.01 0.05 0.07 -0.01
873 176 206 133 54 -0.03 -0.02 -0.0 0.02 0.1 -0.01
874 193 212 136 55 -0.03 -0.02 -0.0 0.02 0.11 -0.01
875 195 217 139 55 -0.03 -0.01 0.0 0.01 0.12 -0.04
876 183 215 135 55 -0.03 -0.0 -0.0 0.0 0.09 -0.04
877 191 219 139 56 -0.03 -0.0 -0.01 0.0 0.08 -0.03
878 187 220 139 56 -0.02 0.0 -0.01 -0.04 0.07 -0.07
879 188 218 140 55 -0.02 0.01 -0.01 0.0 0.09 -0.07
880 200 224 145 57 -0.02 -0.01 -0.01 0.0 0.06 -0.04
881 197 224 144 57 -0.02 -0.01 -0.01 0.01 0.08 -0.04
882 181 212 137 54 -0.02 -0.01 -0.0 -0.01 0.08 -0.06
883 194 215 141 57 -0.01 -0.01 0.0 0.0 0.07 -0.02
884 188 220 141 57 -0.0 -0.0 0.0 -0.01 0.07 -0.03
885 199 224 145 60 0.0 0.0 0.0 -0.01 0.1 -0.04
886 225 246 157 65 0.0 0.0 -0.0 0.0 0.08 -0.02
887 223 252 156 65 -0.0 -0.01 -0.01 -0.03 0.09 -0.02
888 212 239 151 62 0.0 -0.01 -0.0 -0.01 0.08 -0.1
889 217 240 153 62 -0.01 -0.02 -0.0 0.0 0.12 -0.05
890 216 244 152 62 -0.01 -0.02 0.0 0.03 0.08 -0.01
891 210 235 150 61 -0.01 -0.03 0.0 0.0 0.1 -0.04
892 227 244 157 60 -0.02 -0.02 0.0 0.02 0.09 0.0
893 231 254 159 64 -0.02 -0.01 0.0 0.03 0.11 0.0
894 212 242 154 62 -0.02 -0.0 0.0 -0.02 0.1 -0.07
895 208 238 152 61 -0.02 -0.0 0.0 -0.02 0.08 -0.06
-200 -200 -200 -200 -200 -200 -200 -200 -200 -200 -200
896 199 230 148 59 -0.01 -0.0 0.0 -0.03 0.09 -0.04
897 191 224 144 57 -0.01 -0.01 0.0 -0.02 0.08 -0.06
898 193 225 144 58 -0.01 -0.01 0.0 -0.04 0.1 -0.09
899 192 226 144 57 -0.01 -0.02 0.0 0.05 0.12 -0.01
900 187 217 141 57 -0.01 -0.02 -0.0 0.04 0.11 -0.02
901 200 225 147 56 -0.01 -0.02 -0.0 0.02 0.12 0.0
902 200 230 149 59 -0.01 -0.02 -0.01 0.02 0.09 -0.01
903 189 219 145 61 -0.01 -0.02 -0.0 0.03 0.08 -0.05
904 194 225 148 69 -0.01 -0.02 -0.0 0.0 0.09 -0.02
905 195 231 149 65 -0.02 -0.02 0.0 -0.06 0.09 -0.06
906 185 226 147 85 -0.03 -0.03 0.0 -0.28 0.06 -0.21
907 191 228 150 85 -0.06 -0.11 0.02 -0.39 0.19 -0.17
908 193 233 152 88 -0.17 -0.27 0.06 -0.27 0.39 0.0
909 204 237 148 84 -0.26 -0.34 0.09 -0.27 0.07 0.13
910 212 244 148 80 -0.33 -0.29 0.16 -0.15 -0.08 0.24
911 207 249 146 84 -0.27 -0.25 0.26 -1.3 -0.19 0.48
912 223 245 143 84 -0.26 -0.43 0.31 -2.02 -0.05 0.75
913 230 253 147 81 -0.21 -1.22 0.36 -2.61 0.0 1.67
914 221 242 147 78 -0.1 -2.32 0.55 -2.87 0.84 2.06
915 214 254 144 75 -0.14 -2.75 0.69 -7.33 -8.91 4.42
916 215 289 147 77 1.08 -4.01 -0.15 0.91 8.54 3.78
917 210 307 145 72 0.8 -4.7 0.68 -1.5 0.67 1.88
918 209 304 143 70 0.96 -4.95 0.8 -1.33 0.21 1.52
919 210 294 147 66 1.34 -4.96 0.82 -0.55 0.6 1.47
920 203 278 144 65 1.61 -4.85 0.76 0.06 0.31 1.48
921 193 272 140 63 1.76 -4.82 0.67 0.44 0.2 1.0
922 211 289 144 63 2.0 -4.56 0.55 1.14 0.43 0.25
923 206 294 144 63 2.1 -4.31 0.44 0.96 0.24 -0.88
924 213 275 141 61 2.15 -4.18 0.37 1.12 -0.04 -1.35
925 214 266 141 60 2.12 -3.93 0.2 0.96 -0.18 -1.35
926 235 259 143 58 2.07 -3.68 0.04 0.69 -0.39 -1.68
927 239 248 140 58 2.01 -3.59 -0.05 0.89 -0.52 -1.86
928 233 250 141 59 1.83 -3.23 -0.18 0.71 -0.51 -1.95
929 256 258 139 65 1.62 -2.65 -0.28 0.03 -0.62 -2.2
930 255 269 138 74 1.5 -2.45 -0.31 -0.22 -0.85 -1.97
931 264 268 143 83 1.29 -2.06 -0.33 -0.24 -0.76 -2.05
932 277 284 140 82 1.05 -1.8 -0.33 -0.66 -1.11 -1.82
933 303 274 135 84 0.98 -1.69 -0.35 -0.88 -0.9 -1.58
934 310 275 133 84 0.75 -1.43 -0.34 -0.84 -0.92 -1.51
935 320 286 139 101 0.62 -1.22 -0.36 -0.96 -0.94 -1.53
936 341 284 137 111 0.57 -1.12 -0.36 -1.07 -0.84 -1.63
937 343 295 134 114 0.51 -0.92 -0.34 -1.05 -0.82 -1.52
938 370 317 138 117 0.44 -0.7 -0.32 -0.85 -0.66 -1.92
939 397 328 139 119 0.38 -0.6 -0.31 -0.77 -0.68 -2.21
940 377 338 138 127 0.31 -0.42 -0.34 -0.54 -0.66 -2.33
941 371 365 141 137 0.2 -0.24 -0.41 -0.56 -0.58 -2.38
942 359 334 134 141 0.11 -0.15 -0.47 -0.91 -0.47 -2.34
943 411 363 135 140 -0.03 0.09 -0.67 -0.99 -0.29 -2.34
944 431 389 134 143 -0.26 0.39 -0.86 -1.62 -0.28 -2.24
945 397 370 129 152 -0.37 0.58 -0.95 -2.72 -0.36 -1.95
946 400 407 129 155 -0.55 1.17 -1.17 -2.27 -0.37 -1.53
947 389 400 126 155 -0.69 2.4 -1.32 -1.88 0.01 -0.43
948 356 381 125 146 -0.77 3.24 -1.33 -1.29 0.34 -0.15
949 311 379 124 138 -1.0 5.13 -1.35 -1.21 0.27 -0.16
950 289 363 121 141 -1.15 6.92 -1.44 -1.58 0.48 0.25
951 259 340 122 132 -1.15 7.79 -1.5 -0.67 0.87 0.31
952 242 328 127 124 -1.2 9.11 -1.61 -0.53 1.18 -0.01
953 218 316 127 113 -1.24 9.86 -1.7 0.29 1.37 -0.32
954 216 299 127 100 -1.2 10.05 -1.71 -0.95 1.33 -0.5
955 222 298 130 89 -1.03 10.1 -1.63 -0.9 1.21 -0.61
956 205 293 141 85 -0.91 9.91 -1.39 -0.94 1.01 -1.75
957 210 290 158 91 -0.84 9.7 -1.23 -0.59 0.76 -1.93
958 221 293 181 96 -0.85 8.95 -0.83 -0.58 0.48 -1.96
959 206 296 176 109 -1.05 7.45 -0.21 -1.41 0.01 -2.61
960 209 326 174 172 -1.03 6.19 0.1 -1.22 -0.05 -2.82
961 201 319 161 148 -1.07 3.19 0.68 -2.97 -0.32 -3.01
962 186 299 165 125 -0.98 -0.07 1.33 -3.77 -0.18 -0.74
963 184 288 158 112 -0.87 -1.33 1.58 -4.3 -0.35 1.2
964 185 272 151 97 -0.64 -2.63 2.0 -3.96 -0.34 3.18
965 173 264 145 91 -0.41 -2.82 2.22 -2.79 -0.29 1.65
966 176 274 143 87 -0.38 -2.91 2.25 -1.86 -0.34 -0.03
967 173 273 140 86 -0.5 -3.47 2.13 -0.47 -0.75 -0.51
968 161 269 137 86 -0.33 -3.56 1.74 1.98 -0.36 0.09
969 156 252 132 91 -0.35 -3.1 1.55 2.96 -0.36 -0.25
970 160 238 127 84 -0.51 -1.83 1.15 2.52 -0.37 -0.34
971 152 257 124 86 -0.68 -1.1 0.86 1.17 -0.67 0.15
972 170 270 127 84 -0.72 -1.3 0.72 1.09 -0.6 0.49
973 175 256 127 95 -0.66 -1.93 0.57 0.85 -0.59 0.72
974 162 260 123 88 -0.6 -1.94 0.45 1.04 -0.45 0.18
975 160 260 124 83 -0.58 -1.7 0.39 1.26 -0.32 -0.1
976 156 266 122 76 -0.46 -1.14 0.24 1.26 -0.26 -0.19
977 147 249 118 71 -0.32 -0.89 0.12 0.51 -0.05 0.04
978 156 244 118 65 -0.25 -0.89 0.07 0.31 0.03 0.05
979 170 241 124 64 -0.13 -0.84 0.0 0.03 0.15 -0.09
980 166 243 123 64 -0.1 -0.68 -0.03 0.12 0.18 -0.4
981 163 229 122 63 -0.09 -0.6 -0.04 0.05 0.16 -0.52
982 158 226 122 61 -0.11 -0.63 -0.05 -0.03 0.22 -0.36
983 139 215 115 54 -0.08 -0.8 -0.04 -0.09 0.31 -0.45
984 205 204 112 55 -0.1 -0.82 -0.04 0.44 0.43 -0.51
985 203 223 118 52 -0.13 -0.71 -0.03 0.56 0.44 -0.48
986 191 241 118 55 -0.18 -0.47 -0.04 0.64 0.4 -0.38
987 182 230 116 54 -0.19 -0.35 -0.06 0.71 0.38 -0.39
988 184 233 121 54 -0.16 -0.23 -0.11 0.5 0.26 -0.39
989 168 235 117 52 -0.16 -0.4 -0.16 0.47 0.17 -0.19
990 158 221 118 53 -0.16 -0.52 -0.17 0.33 0.13 -0.21
991 164 222 120 50 -0.16 -0.67 -0.2 0.26 0.09 -0.31
992 154 229 117 53 -0.16 -0.53 -0.23 0.23 0.08 -0.3
993 155 232 117 52 -0.15 -0.4 -0.24 0.2 0.09 -0.38
994 174 229 123 51 -0.11 -0.1 -0.25 -0.25 0.01 -0.42
995 159 226 124 49 -0.1 -0.1 -0.26 -0.36 0.01 -0.04
996 165 292 121 51 -0.09 -0.19 -0.25 -0.2 0.08 0.15
997 214 290 122 51 -0.08 -0.33 -0.22 -0.16 0.18 0.23
998 196 267 119 49 -0.09 -0.37 -0.19 0.03 0.3 -0.15
999 182 253 117 48 -0.1 -0.37 -0.17 0.13 0.15 -0.31
1000 186 254 121 51 -0.14 -0.27 -0.14 0.13 0.09 -0.3
1001 173 255 117 53 -0.17 -0.17 -0.15 0.09 0.06 -0.15
1002 179 269 116 53 -0.17 -0.19 -0.15 0.07 0.07 -0.04
1003 180 273 120 51 -0.2 -0.26 -0.13 -0.08 0.06 0.02
1004 198 276 115 56 -0.2 -0.3 -0.12 -0.01 0.11 -0.09
1005 180 267 115 52 -0.18 -0.25 -0.13 -0.05 0.03 -0.32
1006 169 254 114 53 -0.16 -0.03 -0.13 -0.01 0.07 -0.17
1007 160 242 115 49 -0.14 0.15 -0.14 -0.31 0.09 0.14
1008 164 234 118 51 -0.12 0.14 -0.12 -0.42 0.06 0.22
1009 173 236 122 52 -0.08 -0.07 -0.09 -0.32 0.1 0.07
1010 171 236 117 52 -0.06 -0.21 -0.06 -0.2 0.2 -0.22
1011 163 228 116 49 -0.06 -0.17 -0.05 -0.13 0.25 -0.38
1012 192 240 119 49 -0.07 0.03 -0.04 -0.07 0.23 -0.36
1013 184 246 116 48 -0.1 0.12 -0.05 0.0 0.25 -0.33
1014 183 247 119 46 -0.1 0.1 -0.06 0.09 0.12 -0.43
1015 191 247 122 46 -0.12 0.03 -0.06 0.15 0.06 -0.57
1016 179 235 117 45 -0.12 -0.01 -0.08 0.27 0.01 -0.86
1017 180 233 123 44 -0.13 0.02 -0.1 0.29 0.0 -0.91
1018 173 236 125 47 -0.19 0.12 -0.15 0.45 -0.01 -0.95
1019 212 226 121 47 -0.27 0.23 -0.24 0.53 -0.22 -0.89
1020 194 222 124 45 -0.34 0.28 -0.3 0.54 -0.29 -0.94
1021 190 230 124 45 -0.48 0.41 -0.45 0.75 -0.43 -1.11
1022 175 229 120 44 -0.62 0.57 -0.62 1.16 -0.44 -1.19
1023 196 238 122 46 -0.7 0.65 -0.68 1.05 -0.54 -1.04
1024 255 277 126 49 -0.81 0.72 -0.78 1.16 -0.43 -1.04
1025 237 289 122 49 -0.8 0.63 -0.87 0.91 -0.48 -0.69
1026 229 278 122 49 -0.78 0.54 -0.94 0.89 -0.44 -0.41
1027 231 272 127 50 -0.84 0.48 -1.07 0.88 -0.27 -0.24
1028 214 259 124 50 -0.91 0.47 -1.15 0.57 -0.06 -0.22
1029 218 258 125 51 -0.97 0.46 -1.16 0.53 -0.09 -0.3
1030 265 263 133 53 -1.05 0.46 -1.21 0.4 0.09 -0.18
1031 250 256 127 56 -1.04 0.51 -1.25 -0.2 -0.13 -0.13
1032 254 256 131 61 -0.98 0.43 -1.19 0.34 0.18 -0.18
1033 251 265 137 60 -0.98 0.38 -1.16 0.22 0.08 -0.42
1034 243 258 133 62 -0.91 0.42 -1.15 0.03 0.13 -0.26
1035 277 255 132 61 -0.94 0.49 -1.13 -0.83 -0.47 -0.1
1036 270 259 138 60 -0.93 0.42 -0.96 0.58 0.58 -0.14
1037 255 262 136 61 -0.83 0.17 -1.07 0.12 -0.01 -0.52
1038 266 273 139 59 -0.83 0.17 -1.07 0.51 0.22 -0.79
1039 250 273 140 77 -0.85 0.1 -1.01 -12.99 -0.01 14.97
1040 234 269 133 72 -0.84 -0.23 -0.4 0.68 3.87 -0.3
1041 259 263 135 68 -0.84 -0.23 -0.4 4.17 -0.76 -2.6
1042 255 261 138 68 -0.41 0.24 -0.35 -3.04 -1.0 -3.04
1043 243 255 137 65 0.41 0.19 0.05 -0.75 0.55 -0.65
1044 253 261 143 62 0.41 0.19 0.05 0.51 0.04 0.46
1045 284 279 156 65 0.33 0.22 -0.07 1.29 0.19 0.45
1046 271 273 152 71 -0.03 -0.07 -0.13 1.27 -0.24 0.33
1047 240 256 148 68 -0.03 -0.07 -0.13 0.99 -0.07 0.42
1048 227 251 146 66 -0.18 -0.16 -0.12 -0.61 0.03 0.25
1049 215 241 141 63 -0.21 -0.1 -0.09 -0.8 0.07 -0.18
1050 214 228 136 62 -0.22 -0.07 -0.04 -0.59 -0.04 -0.45
1051 227 233 141 62 -0.1 0.01 0.03 -0.39 0.03 -0.37
1052 223 238 142 62 -0.01 0.01 0.03 0.02 0.23 -0.07
1053 239 245 149 63 -0.01 0.0 0.01 0.21 0.38 0.09
1054 255 262 158 69 -0.1 0.02 -0.02 0.14 0.23 0.11
1055 251 261 155 67 -0.09 0.0 -0.04 -0.12 0.12 -0.16
1056 237 248 148 64 -0.07 -0.01 -0.04 -0.24 0.15 -0.32
1057 253 242 147 63 -0.03 -0.03 -0.04 -0.4 0.0 -0.4
1058 234 232 141 60 0.03 -0.02 -0.03 -0.17 -0.05 -0.22
1059 230 229 141 61 0.04 -0.01 -0.02 -0.14 0.0 -0.14
1060 233 238 142 62 0.07 0.0 -0.01 -0.03 0.13 -0.1
1061 221 235 137 60 0.06 -0.01 -0.01 -0.04 0.11 -0.12
1062 219 230 137 59 0.06 -0.01 -0.01 -0.07 0.11 -0.12
1063 216 231 137 58 0.06 -0.01 -0.01 -0.07 0.16 -0.12
1064 203 219 131 55 0.06 -0.01 -0.02 -0.07 0.14 -0.1
1065 218 217 133 60 0.05 -0.01 -0.02 -0.03 0.16 -0.08
1066 232 224 135 60 0.03 -0.01 -0.02 -0.03 0.17 -0.05
1067 215 219 131 57 0.02 -0.01 -0.01 -0.07 0.18 -0.08
1068 216 219 133 59 0.01 -0.03 -0.02 -0.02 0.18 -0.06
1069 204 217 131 56 -0.02 -0.05 -0.02 -0.02 0.19 -0.08
1070 186 204 124 54 -0.03 -0.05 -0.02 -0.02 0.09 -0.07
1071 184 200 123 55 -0.03 -0.05 -0.02 -0.07 0.12 -0.12
1072 184 204 124 54 -0.03 -0.04 -0.02 -0.07 0.09 -0.13
1073 176 197 121 52 -0.03 -0.03 -0.01 -0.06 0.1 -0.07
1074 167 192 120 51 -0.03 -0.03 -0.01 -0.05 0.08 -0.07
1075 153 197 120 50 -0.03 -0.03 -0.0 -0.04 0.08 -0.09
1076 149 193 118 50 -0.03 -0.03 0.0 -0.06 0.09 -0.13
1077 162 199 121 51 -0.02 -0.04 0.0 -0.11 0.1 -0.19
1078 169 205 124 51 -0.03 -0.11 0.0 -0.19 0.13 -0.26
1079 176 201 121 48 -0.04 -0.25 0.01 -0.2 0.17 -0.22
1080 177 199 123 48 -0.05 -0.29 0.01 -0.21 0.15 -0.18
-100 -100 -100 -100 -100 -100 -100 -100 -100 -100 -100
1081 170 195 120 47 -0.05 -0.28 0.0 -0.06 0.14 -0.07
1082 160 188 117 45 -0.05 -0.23 -0.0 -0.04 0.13 -0.08
1083 171 196 122 47 -0.05 -0.21 -0.0 0.03 0.14 -0.06
1084 170 198 122 49 -0.04 -0.19 -0.01 0.01 0.13 -0.06
1085 171 199 122 47 -0.03 -0.16 -0.01 0.0 0.04 -0.09
1086 185 202 123 47 -0.02 -0.14 -0.01 0.0 0.1 -0.05
1087 170 207 127 48 -0.01 -0.08 -0.01 0.02 0.1 -0.03
1088 159 205 127 49 -0.01 -0.05 -0.01 0.02 0.11 -0.03
1089 161 207 128 50 -0.01 -0.03 -0.0 -0.03 0.14 -0.04
1090 170 211 130 50 -0.03 -0.08 0.0 -0.16 0.16 -0.13
1091 160 203 127 48 -0.04 -0.13 0.0 -0.15 0.13 -0.14
1092 169 202 127 47 -0.04 -0.14 0.0 -0.12 0.12 -0.11
1093 159 193 126 46 -0.04 -0.15 0.01 -0.09 0.14 -0.12
1094 160 188 123 45 -0.04 -0.16 0.0 -0.1 0.11 -0.15
1095 163 188 124 45 -0.05 -0.23 0.01 -0.11 0.14 -0.13
1096 168 196 127 47 -0.05 -0.28 0.0 -0.1 0.17 -0.12
1097 162 194 124 45 -0.05 -0.28 -0.0 -0.05 0.16 -0.06
1098 171 194 124 44 -0.04 -0.24 -0.01 -0.02 0.17 -0.04
1099 160 191 122 44 -0.04 -0.22 -0.01 -0.03 0.12 -0.06
1100 154 189 120 43 -0.04 -0.21 -0.01 0.0 0.1 -0.03
1101 165 197 125 45 -0.04 -0.2 -0.01 0.01 0.1 -0.03
1102 170 199 126 47 -0.03 -0.17 -0.01 0.01 0.05 -0.03
1103 158 191 125 43 0.03 -0.14 -0.01 -0.02 0.02 -0.07
1104 162 191 127 46 0.07 -0.12 -0.01 0.0 0.03 -0.02
1105 163 194 129 46 0.08 -0.07 -0.0 0.0 0.06 -0.06
1106 169 192 130 46 0.06 -0.06 0.0 0.0 0.1 -0.04
1107 179 201 136 51 0.03 -0.04 0.01 -0.01 0.11 -0.03
1108 180 207 137 52 0.0 -0.02 0.01 -0.09 0.16 -0.05
1109 174 201 135 50 -0.01 -0.01 0.01 -0.1 0.18 -0.09
1110 177 204 137 51 -0.01 -0.02 0.01 -0.12 0.19 -0.1
1111 175 207 136 51 -0.02 -0.05 -0.0 -0.06 0.19 -0.09
1112 166 194 131 48 -0.02 -0.06 -0.01 -0.03 0.17 -0.06
1113 167 197 131 48 -0.03 -0.04 -0.01 -0.06 0.17 -0.07
1114 163 200 131 46 -0.03 -0.05 -0.02 -0.07 0.15 -0.1
1115 154 195 127 44 -0.03 -0.05 -0.02 -0.03 0.13 -0.02
1116 150 191 127 42 -0.04 -0.03 -0.01 -0.02 0.12 -0.04
1117 151 190 126 43 -0.04 -0.02 -0.02 0.0 0.12 -0.05
1118 148 183 124 42 -0.04 -0.01 -0.02 -0.05 0.05 -0.05
1119 149 187 125 43 -0.03 -0.01 -0.01 -0.05 0.08 -0.03
1120 152 191 127 44 -0.03 0.01 -0.01 -0.01 0.1 -0.06
1121 151 188 128 43 -0.02 0.01 -0.01 -0.08 0.07 -0.09
1122 164 198 134 47 -0.02 0.01 -0.0 -0.04 0.08 -0.07
1123 169 205 137 48 -0.01 -0.0 0.0 -0.07 0.12 -0.06
1124 169 204 138 47 0.01 -0.01 0.0 -0.07 0.11 -0.09
1125 187 208 143 52 0.02 -0.01 -0.0 -0.04 0.1 -0.09
-200 -200 -200 -200 -200 -200 -200 -200 -200 -200 -200
1126 187 213 145 52 0.03 -0.01 -0.01 -0.06 0.12 -0.11
1127 181 211 142 51 0.03 -0.0 -0.0 -0.03 0.12 -0.04
1128 182 209 142 50 0.02 0.0 -0.01 -0.02 0.1 -0.03
1129 179 206 142 50 0.02 0.0 -0.01 -0.06 0.11 -0.06
1130 171 198 141 50 0.01 -0.0 -0.01 -0.06 0.12 -0.06
1131 181 204 144 54 0.0 -0.01 -0.01 -0.06 0.1 -0.05
1132 181 207 147 59 -0.02 -0.02 0.0 -0.03 0.14 -0.02
1133 173 203 146 57 -0.03 -0.02 0.0 -0.17 0.06 -0.1
1134 171 200 143 55 -0.04 -0.03 0.02 -0.24 0.04 -0.1
1135 164 222 140 65 -0.05 -0.04 0.05 -0.25 0.05 -0.06
1136 163 225 139 59 -0.06 -0.05 0.08 -0.06 0.27 0.36
1137 171 227 143 59 -0.18 -0.17 0.13 -0.01 0.26 0.41
1138 182 244 145 63 -0.31 -0.62 0.17 -0.93 0.23 0.23
1139 201 240 146 68 -0.38 -1.05 0.2 -1.58 0.1 0.08
1140 226 264 153 66 -0.38 -1.7 0.18 -1.7 0.11 0.23
1141 245 264 161 67 -0.37 -2.13 0.18 -2.41 0.25 0.55
1142 242 270 155 70 -0.41 -2.38 0.26 -3.55 -1.39 1.3
1143 255 293 157 67 -0.06 -3.34 0.07 -7.17 -7.94 2.61
1144 238 283 157 68 1.33 -5.19 -0.11 1.54 8.08 2.28
1145 243 305 157 62 0.73 -5.09 0.14 -0.89 0.81 1.01
1146 245 332 162 71 0.91 -4.76 0.43 -0.54 0.43 1.4
1147 237 336 162 76 1.25 -4.05 0.43 -0.13 0.54 2.7
1148 215 316 158 78 1.35 -3.92 0.4 -0.34 -0.15 2.68
1149 225 313 156 74 1.8 -4.09 0.2 -0.25 0.0 2.35
1150 221 329 157 73 2.13 -4.29 0.05 0.97 0.15 0.89
1151 215 309 153 67 2.3 -4.03 -0.0 1.49 0.4 -0.05
1152 225 295 161 73 2.38 -3.43 -0.08 1.41 0.31 -0.15
1153 236 306 160 73 2.31 -2.86 -0.18 1.03 -0.07 -0.03
1154 240 311 155 76 2.3 -2.63 -0.23 0.91 -0.28 -0.83
1155 271 331 152 69 2.31 -2.29 -0.31 0.88 -0.24 -1.09
1156 287 354 150 69 2.2 -1.95 -0.33 0.46 -0.28 -1.79
1157 302 345 148 64 2.11 -1.8 -0.34 -0.32 -0.6 -2.09
1158 315 330 148 62 1.95 -1.55 -0.36 -0.68 -0.69 -2.2
1159 317 316 146 65 1.73 -1.36 -0.37 -0.02 -0.75 -1.94
1160 295 306 142 66 1.61 -1.27 -0.38 0.1 -0.78 -1.65
1161 312 321 141 64 1.32 -1.07 -0.34 -0.22 -0.91 -1.57
1162 316 322 140 72 1.06 -0.91 -0.29 -0.79 -1.07 -1.77
1163 310 339 136 81 0.94 -0.9 -0.28 -0.69 -1.11 -1.88
1164 321 333 137 89 0.73 -0.89 -0.27 -0.55 -1.13 -1.96
1165 307 346 136 105 0.58 -0.81 -0.23 -0.5 -0.95 -2.1
1166 336 362 133 106 0.5 -0.75 -0.22 -0.5 -0.94 -1.75
1167 319 364 132 129 0.38 -0.7 -0.24 -0.45 -0.88 -1.7
1168 327 391 135 134 0.27 -0.7 -0.29 -0.18 -0.78 -1.45
1169 317 387 131 152 0.23 -0.72 -0.35 -0.16 -0.48 -1.58
1170 331 376 132 159 0.14 -0.61 -0.42 0.14 -0.41 -1.71
1171 324 375 131 172 0.06 -0.44 -0.55 -0.02 -0.34 -1.39
1172 313 363 126 177 0.01 -0.37 -0.62 -0.5 -0.21 -0.86
1173 292 369 121 206 -0.09 -0.22 -0.78 -0.55 -0.16 -0.81
1174 289 371 118 225 -0.22 -0.04 -0.91 -0.72 -0.03 -0.98
1175 289 370 114 231 -0.29 0.03 -0.97 -1.35 0.09 -1.36
1176 294 372 115 241 -0.39 0.21 -1.04 -1.58 0.08 -1.44
1177 288 379 115 245 -0.49 0.59 -1.06 -2.17 0.12 -1.66
1178 280 369 113 244 -0.54 0.91 -1.07 -2.37 0.2 -1.67
1179 326 368 115 236 -0.63 2.0 -1.01 -3.26 0.34 -1.02
1180 302 358 116 222 -0.86 3.54 -0.9 -3.46 0.47 -0.41
1181 270 334 113 221 -0.98 4.43 -0.92 -2.59 0.33 0.33
1182 284 331 116 201 -1.1 6.39 -0.97 -1.58 0.42 0.05
1183 250 322 116 191 -1.04 8.35 -1.13 -0.99 0.53 -0.49
1184 237 325 119 166 -0.98 9.09 -1.23 -2.07 0.49 0.0
1185 234 332 125 144 -0.84 10.13 -1.44 -1.52 0.74 0.38
1186 208 326 128 126 -0.74 10.66 -1.53 -1.21 1.08 -0.46
1187 197 309 125 109 -0.72 10.89 -1.53 -0.25 1.25 -0.91
1188 206 300 127 93 -0.72 10.97 -1.44 0.09 1.32 -1.0
1189 193 301 128 89 -0.75 10.01 -1.2 0.02 0.98 -0.84
1190 184 287 121 80 -0.75 9.3 -1.01 -0.83 0.43 -1.24
1191 192 272 123 75 -0.87 7.63 -0.47 -0.83 0.34 -1.22
1192 183 273 126 68 -1.02 5.81 0.06 -1.27 0.23 -1.09
1193 170 262 144 74 -1.13 4.79 0.31 -1.92 0.16 -1.25
1194 172 256 142 75 -1.31 2.89 0.74 -1.98 -0.36 -0.63
1195 159 255 143 76 -1.37 1.58 1.01 -2.93 -0.15 0.34
1196 145 230 138 77 -1.46 1.04 1.17 -3.14 -0.28 1.03
1197 152 239 140 93 -1.45 0.07 1.35 -3.31 -0.21 0.98
1198 143 241 138 92 -1.36 -0.89 1.43 -1.61 -0.42 0.74
1199 136 239 131 86 -1.33 -1.15 1.49 -0.69 -0.32 0.34
1200 142 241 129 97 -1.24 -1.86 1.51 -1.73 -1.12 -0.23
1201 135 237 123 94 -1.03 -3.1 1.39 -1.34 -1.3 0.21
1202 130 234 118 86 -0.9 -4.05 1.33 -0.45 -1.4 0.9
1203 178 250 121 87 -0.45 -5.88 1.28 0.3 -1.26 0.92
1204 179 290 121 96 -0.27 -6.42 1.26 1.1 -1.13 0.06
1205 178 288 114 85 -0.27 -6.16 1.19 1.23 -0.95 -1.19
1206 182 303 117 77 -0.31 -5.53 0.94 1.1 -0.93 -1.66
1207 207 296 117 72 -0.41 -5.43 0.67 1.55 -0.73 -1.35
1208 199 279 114 68 -0.39 -5.39 0.58 1.75 -0.66 -1.11
1209 192 288 120 66 -0.4 -4.59 0.46 1.83 -0.35 -0.77
1210 197 282 119 69 -0.47 -3.17 0.28 1.23 -0.22 -1.23
1211 189 282 116 64 -0.49 -2.62 0.17 1.27 -0.2 -1.34
1212 180 272 118 61 -0.43 -2.18 -0.06 1.17 -0.15 -1.02
1213 201 256 119 59 -0.36 -2.24 -0.17 1.46 0.01 -0.79
1214 181 239 119 57 -0.3 -2.13 -0.18 1.3 0.1 -0.41
1215 197 232 121 58 -0.29 -1.44 -0.2 0.82 0.29 -0.33
1216 263 232 120 54 -0.36 -0.67 -0.28 0.23 0.34 -0.33
1217 265 239 117 51 -0.4 -0.45 -0.32 0.06 0.39 -0.34
1218 247 241 119 51 -0.44 -0.39 -0.38 -0.11 0.28 -0.34
1219 221 237 128 49 -0.36 -0.66 -0.38 -0.06 0.32 -0.38
1220 203 223 124 47 -0.27 -0.76 -0.36 -0.1 0.49 -0.18
1221 219 225 122 60 -0.19 -0.6 -0.29 -0.11 0.48 -0.07
1222 238 227 117 61 -0.23 -0.09 -0.25 -0.09 0.55 -0.1
1223 247 225 115 57 -0.29 0.16 -0.26 -0.22 0.41 -0.29
1224 256 225 117 54 -0.33 0.51 -0.25 -0.29 0.43 -0.63
1225 248 225 119 53 -0.29 0.28 -0.22 -0.3 0.32 -0.1
1226 228 216 121 51 -0.24 0.05 -0.21 -0.22 0.3 0.18
1227 225 224 123 49 -0.18 -0.19 -0.17 -0.18 0.34 0.35
1228 244 232 123 47 -0.15 -0.09 -0.14 -0.19 0.39 0.03
1229 222 222 118 49 -0.17 0.05 -0.14 -0.23 0.38 -0.08
1230 291 246 126 47 -0.2 0.34 -0.12 -0.38 0.23 -0.3
1231 257 271 126 46 -0.19 0.31 -0.11 -0.28 0.16 -0.08
1232 270 263 124 43 -0.17 0.17 -0.09 -0.2 0.07 0.14
1233 301 265 130 45 -0.09 -0.13 -0.06 -0.15 0.09 0.22
1234 277 294 124 46 -0.07 -0.24 -0.03 -0.24 0.11 -0.12
1235 245 298 119 43 -0.06 -0.21 -0.02 -0.25 0.1 -0.2
1236 226 284 120 46 -0.06 -0.03 -0.03 -0.23 0.05 -0.26
1237 201 265 113 45 -0.06 0.09 -0.04 -0.15 -0.01 -0.31
1238 215 240 110 40 -0.07 0.08 -0.04 -0.17 -0.04 -0.3
1239 240 223 110 41 -0.08 -0.02 -0.03 -0.05 -0.01 -0.23
1240 212 222 107 39 -0.06 -0.06 -0.02 -0.18 -0.07 -0.25
1241 185 215 102 44 -0.07 -0.05 -0.02 -0.07 -0.05 -0.23
1242 170 212 101 42 -0.09 0.05 -0.03 -0.01 -0.05 -0.27
1243 150 213 106 40 -0.07 0.12 -0.06 -0.06 0.03 -0.27
1244 162 206 105 39 -0.07 0.12 -0.06 -0.08 0.08 -0.24
1245 155 209 104 39 -0.05 -0.01 -0.06 -0.22 0.12 -0.22
1246 143 205 103 37 -0.05 -0.21 -0.05 -0.29 0.17 -0.13
1247 132 198 110 37 -0.05 -0.25 -0.05 -0.25 0.2 -0.24
1248 131 189 107 44 -0.06 -0.16 -0.03 -0.14 0.26 -0.31
1249 137 184 109 41 -0.09 0.05 -0.01 -0.22 0.21 -0.21
1250 136 200 108 41 -0.11 0.1 -0.0 -0.21 0.21 -0.22
1251 161 203 106 39 -0.12 -0.0 0.01 -0.17 0.15 -0.21
1252 163 198 104 38 -0.1 -0.1 0.01 -0.12 0.17 -0.25
1253 205 202 105 39 -0.1 -0.1 0.01 0.01 0.17 -0.37
1254 188 213 104 41 -0.09 -0.03 0.0 0.11 0.16 -0.35
1255 169 218 103 40 -0.09 0.07 -0.01 0.02 0.14 -0.34
1256 164 210 108 40 -0.09 0.08 -0.01 0.06 0.14 -0.33
1257 161 212 104 41 -0.09 0.05 -0.03 -0.04 0.15 -0.29
1258 182 207 102 39 -0.09 -0.01 -0.03 0.04 0.18 -0.2
1259 163 204 101 38 -0.08 -0.03 -0.04 -0.03 0.18 -0.22
1260 159 200 100 40 -0.09 0.0 -0.04 -0.03 0.13 -0.23
1261 151 209 101 37 -0.1 0.09 -0.05 -0.07 0.1 -0.28
1262 147 227 99 39 -0.1 0.12 -0.05 -0.13 0.1 -0.24
1263 150 224 97 39 -0.11 0.16 -0.05 -0.17 0.09 -0.21
1264 168 214 97 39 -0.12 0.15 -0.04 -0.22 0.04 -0.16
1265 164 220 97 39 -0.11 0.11 -0.04 -0.21 0.02 -0.22
1266 155 216 96 38 -0.1 0.04 -0.03 -0.1 0.02 -0.33
1267 144 206 95 39 -0.09 0.0 -0.03 -0.07 0.02 -0.25
1268 136 200 94 38 -0.09 0.01 -0.02 -0.08 0.02 -0.16
1269 133 195 92 40 -0.11 0.04 -0.02 -0.06 0.1 -0.09
1270 131 205 92 39 -0.11 0.03 -0.03 -0.02 0.11 -0.2
1271 177 211 97 38 -0.11 0.03 -0.03 0.04 0.05 -0.2
1272 175 209 99 39 -0.12 0.06 -0.05 0.02 0.04 -0.16
1273 173 205 100 40 -0.11 0.03 -0.06 0.01 0.07 -0.11
1274 167 204 106 39 -0.1 0.01 -0.05 0.04 0.1 -0.15
1275 159 200 107 40 -0.11 0.03 -0.06 0.1 0.1 -0.26
1276 157 200 103 40 -0.14 0.09 -0.06 -0.09 0.08 -0.33
1277 154 202 102 39 -0.15 0.08 -0.06 -0.11 0.09 -0.3
1278 185 198 102 38 -0.15 0.03 -0.06 -0.1 0.06 -0.28
1279 172 190 99 37 -0.17 0.02 -0.05 0.0 0.1 -0.35
1280 162 195 97 37 -0.19 0.03 -0.05 -0.02 0.05 -0.3
1281 156 201 97 37 -0.2 0.04 -0.06 0.07 0.11 -0.21
1282 151 195 100 37 -0.21 0.04 -0.07 0.05 0.05 -0.13
1283 158 196 101 39 -0.22 0.04 -0.07 0.09 0.06 -0.16
1284 174 211 108 38 -0.21 0.05 -0.08 0.06 0.02 -0.17
1285 207 218 108 40 -0.22 0.07 -0.09 0.04 0.14 -0.17
1286 188 220 107 39 -0.21 0.07 -0.1 0.0 0.11 -0.21
1287 179 215 105 41 -0.19 0.04 -0.1 -0.02 0.11 -0.19
1288 173 207 103 42 -0.18 0.07 -0.11 0.06 0.15 -0.33
1289 166 202 103 39 -0.19 0.1 -0.11 0.03 0.16 -0.38
1290 166 197 101 39 -0.2 0.15 -0.13 0.11 0.13 -0.24
1291 161 203 106 39 -0.22 0.1 -0.15 0.08 0.13 -0.11
1292 144 202 103 39 -0.23 0.07 -0.15 0.03 0.15 -0.16
1293 146 225 102 41 -0.24 0.05 -0.15 0.02 0.15 -0.2
1294 148 232 101 42 -0.25 0.09 -0.15 -0.03 0.18 -0.13
1295 138 218 100 40 -0.25 0.1 -0.15 -0.11 0.16 -0.08
1296 135 218 98 39 -0.19 0.03 -0.15 -0.13 0.18 0.1
1297 140 215 98 38 -0.19 -0.03 -0.13 -0.16 0.22 0.1
1298 138 203 100 38 -0.19 -0.02 -0.12 -0.13 0.23 0.04
1299 139 200 99 37 -0.18 -0.0 -0.1 -0.13 0.2 0.11
1300 168 207 98 38 -0.16 0.05 -0.1 -0.17 0.25 0.19
1301 167 203 97 37 -0.15 0.07 -0.1 -0.16 0.25 0.23
1302 158 206 100 38 -0.13 0.07 -0.09 -0.15 0.24 0.13
1303 156 205 100 37 -0.11 0.03 -0.09 0.0 0.24 -0.01
1304 145 209 100 38 -0.1 0.03 -0.09 0.02 0.28 -0.05
1305 150 212 98 38 -0.11 0.05 -0.09 0.03 0.29 -0.08
1306 169 203 103 38 -0.12 0.02 -0.08 -0.05 0.25 0.0
1307 161 204 102 37 -0.11 -0.01 -0.07 -0.06 0.23 0.03
1308 156 196 99 37 -0.11 -0.01 -0.05 -0.12 0.18 0.1
1309 146 191 100 37 -0.11 -0.01 -0.04 -0.15 0.22 0.12
1310 141 190 97 38 -0.1 -0.01 -0.04 -0.1 0.22 0.09
1311 149 188 99 38 -0.09 0.0 -0.04 -0.1 0.19 0.02
1312 171 188 101 37 -0.06 -0.01 -0.03 -0.04 0.2 0.04
1313 161 179 103 37 -0.05 -0.01 -0.03 -0.06 0.19 0.03
1314 151 183 103 38 -0.05 0.01 -0.03 -0.02 0.24 -0.05
1315 157 187 103 37 -0.05 0.02 -0.03 0.05 0.19 -0.22
1316 155 189 105 37 -0.05 0.02 -0.03 0.04 0.15 -0.22
1317 157 187 108 38 -0.06 0.03 -0.04 0.06 0.11 -0.32
1318 185 187 106 39 -0.08 0.02 -0.05 0.12 0.11 -0.34
1319 176 187 107 40 -0.09 0.01 -0.06 0.17 0.15 -0.46
1320 169 187 107 40 -0.12 0.04 -0.08 0.19 0.11 -0.58
1321 162 190 111 40 -0.17 0.11 -0.1 0.17 0.07 -0.54
1322 158 193 111 39 -0.19 0.14 -0.13 0.2 0.04 -0.57
1323 198 191 112 41 -0.22 0.19 -0.17 0.27 0.03 -0.66
1324 177 190 112 40 -0.27 0.26 -0.21 0.39 0.0 -0.76
1325 165 187 114 41 -0.3 0.29 -0.23 0.4 -0.01 -0.68
1326 158 181 111 40 -0.36 0.35 -0.3 0.54 -0.07 -0.81
1327 156 198 110 39 -0.43 0.41 -0.37 0.52 -0.12 -0.94
1328 161 201 109 39 -0.46 0.45 -0.4 0.71 -0.07 -0.94
1329 189 196 108 43 -0.53 0.64 -0.51 0.87 -0.18 -1.0
1330 179 190 108 42 -0.63 0.84 -0.62 0.92 -0.15 -0.87
1331 178 205 110 44 -0.69 0.85 -0.68 0.72 -0.24 -0.79
1332 178 212 110 44 -0.79 0.81 -0.77 0.77 -0.24 -0.89
1333 174 208 111 44 -0.82 0.77 -0.84 0.57 -0.31 -0.91
1334 169 205 113 43 -0.83 0.75 -0.87 0.58 -0.28 -0.78
1335 209 202 115 54 -0.88 0.7 -0.91 0.13 -0.47 -0.23
1336 190 199 116 52 -0.92 0.58 -0.98 0.16 -0.5 -0.22
1337 181 200 118 49 -0.88 0.55 -1.05 0.06 -0.53 -0.7
1338 193 203 119 55 -0.81 0.58 -0.98 0.87 -0.29 -1.23
1339 182 202 119 53 -0.88 0.75 -0.87 0.78 -0.84 -1.24
1340 177 223 118 99 -0.57 0.65 -1.0 -12.35 -1.11 21.26
1341 202 231 121 101 -0.09 0.06 -0.44 -2.07 5.68 -1.04
1342 200 226 126 91 -1.1 0.13 -0.34 -2.64 -0.65 -1.67
1343 182 211 124 79 -0.19 0.52 -0.37 -2.88 -0.59 -0.56
1344 179 205 125 71 0.64 0.05 -0.28 0.0 0.71 -0.13
1345 170 196 124 64 0.46 -0.04 -0.2 1.35 -0.01 0.12
1346 165 192 123 59 0.36 -0.01 -0.23 1.39 -0.36 0.29
1347 173 195 126 55 0.1 0.12 -0.2 1.2 -0.5 0.54
1348 185 198 128 54 -0.08 0.31 -0.16 0.24 -0.17 0.27
1349 170 198 127 51 -0.12 0.43 -0.16 -0.92 0.06 0.1
1350 168 198 126 49 -0.2 0.48 -0.18 -0.78 0.08 0.0
1351 160 192 125 46 -0.17 0.41 -0.12 -0.15 0.14 -0.07
1352 148 186 122 44 -0.15 0.36 -0.1 -0.08 0.2 -0.04
1353 163 190 125 45 -0.21 0.2 -0.1 0.05 0.18 -0.01
1354 155 192 126 45 -0.29 0.08 -0.12 -0.04 0.3 -0.01
1355 147 198 124 45 -0.36 0.05 -0.15 -0.1 0.22 0.01
1356 143 201 121 43 -0.38 -0.02 -0.22 -0.22 0.11 -0.1
1357 134 191 118 42 -0.37 -0.11 -0.23 -0.13 0.03 -0.18
1358 132 183 116 40 -0.34 -0.15 -0.23 -0.2 -0.26 -0.17
1359 128 177 112 40 -0.21 -0.24 -0.16 -0.19 -0.25 -0.25
1360 128 181 112 40 -0.09 -0.24 -0.08 0.07 -0.22 0.04
1361 116 189 113 40 -0.04 -0.21 -0.05 0.16 -0.24 0.1
1362 122 186 114 40 0.01 -0.14 -0.02 0.36 -0.1 0.14
1363 122 184 115 39 0.01 -0.05 -0.01 0.1 -0.05 0.08
1364 126 184 116 40 0.0 -0.0 -0.01 0.04 -0.04 0.08
1365 132 183 117 41 0.01 0.05 -0.01 -0.01 0.01 -0.01
1366 128 181 117 41 0.03 0.06 -0.01 -0.02 0.06 -0.03
1367 130 185 118 41 0.04 0.06 -0.01 -0.07 0.06 -0.02
1368 134 184 117 42 0.05 0.04 -0.0 -0.09 0.1 -0.03
1369 145 184 117 41 0.03 0.01 -0.0 -0.01 0.1 0.0
1370 146 187 119 42 0.02 0.01 -0.01 -0.01 0.07 0.0
1371 151 195 123 43 0.01 0.01 -0.02 0.0 0.02 0.03
1372 162 197 127 45 0.01 0.01 -0.03 -0.03 0.0 0.01
1373 190 198 126 45 0.01 0.01 -0.02 -0.08 -0.01 0.0
1374 178 198 124 45 0.02 0.0 -0.02 -0.02 0.01 -0.01
1375 160 192 123 44 0.03 -0.01 -0.01 -0.02 0.05 0.0
1376 154 191 124 44 0.03 -0.01 -0.01 0.02 0.05 0.02
1377 155 189 125 46 0.01 -0.0 -0.01 0.02 0.02 0.01
1378 155 192 126 46 0.01 0.0 -0.01 -0.01 0.0 -0.01
1379 161 195 126 46 0.0 0.0 -0.01 -0.04 0.0 -0.01
1380 153 191 125 46 -0.01 -0.0 -0.01 -0.02 0.03 0.02
1381 149 188 124 44 -0.01 0.0 -0.01 -0.02 0.06 -0.03
1382 153 190 123 44 -0.01 0.0 -0.01 -0.04 0.07 0.01
1383 144 184 121 43 -0.02 -0.01 -0.01 -0.02 0.05 -0.01
1384 141 181 121 43 -0.03 -0.02 -0.01 0.0 0.02 0.0
1385 137 181 120 43 -0.03 -0.03 -0.01 -0.03 0.0 -0.02
1386 154 177 116 43 -0.02 -0.03 -0.0 -0.01 -0.05 0.0
1387 149 175 118 42 -0.01 -0.02 0.01 0.01 -0.01 0.0
1388 150 178 119 43 -0.0 -0.01 0.01 -0.01 0.0 0.0
1389 149 182 122 45 0.0 0.01 0.01 -0.02 0.05 -0.01
1390 157 188 125 45 0.01 0.01 0.0 -0.04 0.08 0.0
1391 156 198 129 48 0.01 0.01 0.0 -0.05 0.06 -0.01
1392 152 195 129 46 0.0 0.01 -0.01 -0.05 0.08 0.0
1393 148 193 126 46 -0.0 -0.01 -0.02 -0.02 0.02 -0.02
1394 136 186 122 44 -0.01 -0.02 -0.02 -0.04 -0.02 0.01
1395 134 182 120 43 -0.01 -0.03 -0.01 0.0 -0.01 0.03
1396 134 183 120 44 -0.01 -0.01 0.01 0.0 0.0 -0.01
1397 142 188 122 44 -0.0 -0.01 0.01 0.0 0.0 0.0
1398 144 194 125 46 0.0 -0.0 0.02 -0.02 0.06 0.0
1399 151 196 128 47 0.0 0.0 0.02 -0.02 0.06 -0.02
1400 146 202 128 47 -0.0 -0.0 0.01 -0.02 0.09 0.0
1401 149 199 127 47 -0.01 -0.0 0.0 -0.03 0.06 0.0
1402 145 198 126 46 -0.01 -0.0 0.0 -0.03 0.05 -0.03
1403 137 188 123 45 -0.01 -0.0 -0.0 -0.03 0.02 -0.01
1404 130 183 119 44 -0.01 -0.01 -0.0 -0.06 0.01 0.0
1405 132 184 119 45 -0.01 -0.01 -0.0 0.0 0.03 -0.02
1406 132 185 118 43 -0.0 -0.01 0.0 -0.01 0.04 -0.01
1407 130 189 118 44 -0.0 -0.01 0.0 0.0 0.05 0.01
1408 135 193 120 45 -0.01 -0.01 0.0 -0.02 0.05 0.01
1409 130 192 119 45 -0.01 -0.01 -0.0 -0.03 0.07 0.0
-100 -100 -100 -100 -100 -100 -100 -100 -100 -100 -100
1410 126 188 117 44 -0.01 -0.02 -0.01 -0.04 0.01 -0.02
1411 123 182 115 43 -0.01 -0.02 -0.01 -0.01 0.02 -0.01
1412 126 182 115 43 -0.02 -0.03 -0.01 0.0 0.02 0.01
1413 129 185 118 44 -0.02 -0.02 -0.01 0.0 0.02 0.01
1414 139 186 118 45 -0.02 -0.02 -0.0 0.0 0.02 -0.03
1415 144 191 118 45 -0.01 -0.01 -0.0 0.0 0.01 0.0
1416 150 195 120 45 -0.01 -0.01 0.0 0.0 0.05 0.0
1417 147 194 120 46 -0.01 -0.01 0.01 -0.01 0.04 -0.03
1418 147 194 121 46 -0.01 -0.0 0.0 0.0 0.06 0.0
1419 142 193 119 47 -0.0 -0.0 -0.01 0.0 0.06 -0.02
1420 136 188 117 46 -0.0 -0.0 -0.01 -0.03 0.03 -0.03
1421 133 188 115 45 -0.0 -0.01 -0.01 0.0 0.03 -0.03
1422 140 190 116 44 0.0 -0.01 -0.0 0.0 0.04 0.0
1423 149 195 119 46 0.0 -0.01 -0.0 0.01 0.04 -0.02
1424 148 197 122 48 0.0 -0.01 -0.0 0.0 0.04 0.01
1425 142 198 121 47 -0.0 -0.0 -0.0 0.02 0.03 0.0
1426 139 193 120 47 -0.0 -0.01 0.0 -0.03 0.05 -0.02
1427 135 191 119 46 0.0 -0.0 0.0 -0.02 0.06 -0.01
1428 136 192 121 45 0.0 -0.01 -0.01 0.01 0.06 0.01
1429 141 197 122 47 0.0 -0.01 -0.0 0.01 0.06 0.03
1430 141 198 124 48 -0.01 0.0 -0.01 0.0 0.05 0.01
1431 138 197 122 47 -0.01 -0.01 -0.0 -0.06 0.05 -0.03
1432 137 191 119 46 -0.01 -0.02 -0.0 0.0 0.02 0.0
1433 138 193 119 47 -0.01 -0.02 0.0 -0.04 0.04 -0.01
1434 145 197 120 46 -0.01 -0.01 0.0 0.05 0.04 0.01
1435 148 199 122 47 -0.01 -0.01 0.0 0.03 0.07 0.0
1436 149 203 122 47 -0.01 -0.01 0.0 0.02 0.03 0.0
1437 149 206 123 48 -0.0 -0.0 0.0 -0.04 0.03 0.0
1438 153 205 123 48 -0.0 0.0 0.01 -0.04 0.03 -0.03
1439 150 200 122 48 0.0 -0.0 0.01 -0.05 0.02 -0.02
1440 150 200 122 48 0.01 -0.01 0.0 0.0 0.06 -0.01
1441 160 211 126 50 0.0 -0.0 0.0 0.0 0.06 -0.01
1442 168 214 126 51 0.01 -0.01 -0.0 -0.04 0.06 0.0
1443 159 210 124 49 0.0 -0.03 -0.01 -0.04 0.07 0.0
1444 152 206 122 48 -0.0 -0.04 -0.01 -0.01 0.07 0.0
1445 156 202 121 47 -0.01 -0.06 0.0 -0.01 0.07 0.0
1446 156 205 122 46 -0.01 -0.06 0.0 0.0 0.02 0.0
1447 154 204 124 47 -0.01 -0.05 0.0 0.03 0.05 0.01
1448 156 207 126 48 -0.01 -0.03 0.01 0.01 0.04 0.02
1449 155 208 126 49 -0.01 -0.02 0.01 0.01 0.03 0.04
1450 157 208 127 50 -0.01 -0.02 0.01 0.0 0.04 -0.02
1451 151 204 126 49 -0.01 -0.01 0.01 -0.02 0.08 0.0
1452 154 203 126 49 -0.01 -0.01 0.01 0.0 0.06 0.0
1453 152 201 125 49 -0.0 -0.01 0.01 -0.02 0.06 -0.01
1454 151 198 125 48 0.0 -0.02 0.0 -0.02 0.06 0.0
1455 151 199 125 48 -0.0 -0.02 0.0 0.0 0.05 -0.02
1456 158 204 129 50 0.0 -0.02 0.01 0.0 0.06 -0.02
1457 156 207 128 51 -0.0 -0.01 -0.0 0.0 0.07 0.0
1458 154 208 127 50 -0.0 -0.01 0.0 0.0 0.06 0.0
1459 159 216 130 50 -0.0 -0.01 0.0 0.0 0.06 0.0
1460 159 221 132 51 -0.0 -0.0 0.01 0.0 0.08 0.0
1461 157 215 131 51 -0.01 -0.0 0.0 -0.01 0.08 0.0
1462 155 212 131 50 -0.01 -0.01 0.0 0.0 0.05 -0.01
1463 154 209 130 49 -0.01 -0.01 0.0 0.01 0.08 -0.02
1464 150 205 129 49 -0.01 -0.0 0.0 -0.01 0.06 0.0
1465 153 204 129 48 -0.01 -0.01 0.0 0.02 0.04 -0.02
1466 144 203 128 47 -0.0 -0.01 0.01 -0.01 0.04 0.02
1467 151 205 129 47 -0.0 -0.0 0.01 0.02 0.05 0.01
1468 149 204 130 48 -0.0 -0.0 0.01 0.02 0.06 0.0
1469 154 210 133 48 -0.01 -0.01 0.01 0.0 0.05 0.02
1470 155 214 134 49 -0.0 0.0 0.0 -0.03 0.07 0.0
1471 169 218 139 51 0.0 0.0 -0.0 0.0 0.05 -0.02
1472 182 224 144 53 0.0 -0.0 0.0 0.0 0.07 0.01
1473 188 230 147 55 0.0 0.0 0.0 0.0 0.09 0.0
1474 196 235 152 59 0.0 0.01 0.0 -0.01 0.07 -0.01
1475 196 242 155 58 0.01 0.01 0.0 0.0 0.07 0.0
1476 198 247 155 58 0.01 0.02 0.0 0.01 0.09 0.01
1477 206 251 157 60 0.01 0.02 0.0 -0.02 0.06 -0.01
1478 205 252 157 60 0.01 0.01 -0.0 -0.03 0.05 0.0
1479 207 246 154 58 0.01 0.01 0.0 -0.01 0.07 0.0
1480 217 248 157 60 0.01 0.0 0.0 0.0 0.1 -0.01
1481 213 249 156 61 0.01 -0.0 0.0 0.02 0.08 0.0
1482 213 242 155 59 0.01 0.0 0.0 0.01 0.1 -0.02
1483 217 242 157 60 0.0 0.0 0.0 -0.01 0.12 0.0
1484 217 240 155 60 0.0 -0.0 -0.0 0.0 0.09 -0.01
1485 203 231 151 58 0.0 0.0 -0.0 0.0 0.08 -0.05
1486 199 225 148 58 0.01 -0.0 0.0 -0.03 0.07 -0.04
1487 189 220 144 55 0.01 -0.01 -0.0 0.0 0.09 -0.02
1488 182 209 139 53 0.01 -0.0 -0.01 -0.02 0.07 0.0
1489 190 213 142 52 0.01 0.0 -0.01 0.01 0.14 0.0
1490 187 216 142 54 0.0 -0.0 -0.0 0.01 0.13 0.02
1491 186 215 139 53 0.01 0.0 -0.02 -0.06 0.08 -0.03
1492 173 205 133 50 -0.01 -0.0 -0.01 -0.02 0.1 -0.02
1493 159 195 127 47 -0.01 -0.02 -0.01 -0.05 0.07 -0.06
1494 153 198 125 44 0.0 -0.03 -0.0 0.03 0.08 0.0
1495 173 206 130 47 0.0 -0.03 0.0 0.06 0.07 0.0
