-1 -1 -1 -1 -1 -1 -1 -1 -1 -1 -1
1 24 73 71 23 0.04 -0.01 0.02 -0.02 -0.03 -0.2
2 23 73 72 23 0.05 -0.02 0.0 -0.03 0.12 -0.08
3 25 73 73 24 0.04 -0.03 -0.01 -0.11 0.13 -0.09
4 28 75 73 23 0.01 -0.05 -0.04 -0.12 0.08 -0.1
5 27 76 72 23 -0.03 -0.07 -0.07 -0.03 0.01 -0.08
6 25 74 74 23 -0.05 -0.07 -0.08 0.16 -0.06 -0.07
7 24 73 78 23 -0.07 -0.06 -0.08 0.21 -0.1 -0.09
8 23 73 76 24 -0.08 -0.02 -0.07 0.28 -0.04 -0.07
9 28 73 73 23 -0.07 -0.0 -0.06 0.22 0.03 -0.13
10 29 72 74 24 -0.07 0.02 -0.03 0.17 0.02 -0.15
11 27 72 71 23 -0.05 0.02 -0.03 0.01 0.04 -0.05
12 27 72 72 23 -0.05 0.02 -0.01 -0.01 0.0 -0.05
13 24 72 68 23 -0.02 0.01 -0.0 -0.04 -0.05 -0.04
14 26 72 67 24 0.02 -0.0 -0.0 -0.1 -0.01 -0.05
15 27 73 70 23 0.03 -0.0 -0.0 -0.06 0.0 -0.02
16 29 71 69 23 0.04 0.0 -0.01 -0.03 0.0 0.03
17 27 72 74 24 0.04 0.01 -0.02 0.01 0.03 0.1
18 27 72 74 23 0.03 0.02 -0.03 0.03 0.1 0.1
19 25 73 71 23 0.01 0.03 -0.05 0.03 0.16 0.08
20 23 72 67 24 -0.03 0.02 -0.04 -0.03 -0.05 0.0
21 27 73 70 24 -0.03 0.01 -0.03 0.03 -0.09 -0.02
22 26 72 70 24 -0.01 -0.01 0.0 0.11 -0.06 -0.09
23 24 71 73 23 0.03 -0.0 0.03 0.16 -0.08 -0.11
24 28 71 75 24 0.05 0.02 0.04 -0.03 0.02 -0.03
25 26 72 72 24 0.09 0.04 0.05 -0.09 0.05 -0.03
26 28 72 76 23 0.1 0.03 0.04 -0.21 0.11 0.0
27 26 72 76 24 0.1 0.02 0.03 -0.16 0.2 0.03
28 25 72 72 24 0.09 -0.0 0.0 -0.17 0.18 0.07
29 23 71 72 23 0.05 -0.03 -0.02 0.03 0.16 0.09
30 27 72 72 23 0.03 -0.03 -0.03 0.14 0.02 0.09
31 26 73 69 23 -0.01 -0.01 -0.02 0.13 0.04 0.09
32 28 73 71 23 -0.07 0.01 0.0 0.25 0.03 0.11
33 28 72 68 24 -0.1 0.03 0.01 0.26 0.1 0.1
34 26 72 70 23 -0.15 0.05 0.04 0.15 0.02 0.08
35 24 72 66 24 -0.18 0.05 0.08 0.07 0.0 0.04
36 26 73 64 24 -0.19 0.05 0.09 0.03 -0.1 -0.05
37 34 74 66 23 -0.17 0.06 0.11 0.0 -0.12 -0.08
38 31 74 66 23 -0.12 0.05 0.12 -0.1 -0.1 -0.17
39 28 73 69 24 -0.08 0.05 0.12 -0.21 -0.11 -0.16
40 27 74 68 23 -0.01 0.05 0.1 -0.24 -0.06 -0.16
41 34 76 66 24 0.08 0.07 0.08 -0.25 0.04 -0.12
42 34 76 70 23 0.11 0.05 0.06 -0.37 0.07 -0.08
43 30 74 74 24 0.15 0.02 0.01 -0.25 0.2 0.05
44 28 74 68 23 0.15 -0.01 -0.04 -0.19 0.2 0.07
45 27 73 66 23 0.14 -0.02 -0.06 -0.02 0.19 0.09
46 27 74 63 24 0.1 -0.04 -0.08 0.0 0.23 0.13
47 31 74 66 23 0.03 -0.05 -0.07 0.19 0.15 0.13
48 29 75 62 23 -0.01 -0.05 -0.05 0.43 0.05 0.17
49 28 76 65 23 -0.06 -0.01 0.01 0.47 0.02 0.15
50 27 76 68 23 -0.12 0.05 0.07 0.34 0.01 0.11
51 26 75 65 23 -0.15 0.06 0.09 0.21 0.0 0.08
52 30 75 65 23 -0.18 0.08 0.13 0.04 -0.01 0.03
53 28 74 62 23 -0.18 0.08 0.15 -0.02 0.0 0.0
54 26 73 66 23 -0.18 0.08 0.14 -0.13 -0.04 -0.02
55 24 73 67 23 -0.16 0.08 0.13 -0.11 0.0 -0.06
56 24 73 66 24 -0.12 0.07 0.1 -0.19 -0.04 -0.04
57 26 73 66 24 -0.1 0.07 0.09 -0.18 -0.01 -0.12
58 31 72 63 23 -0.05 0.05 0.07 -0.17 -0.03 -0.09
59 27 73 68 23 0.01 0.04 0.04 -0.14 0.05 -0.08
60 26 72 69 23 0.02 0.04 0.02 -0.14 0.07 -0.04
61 25 72 67 23 0.05 0.03 0.0 -0.07 0.11 0.02
62 27 73 65 23 0.06 0.02 -0.02 -0.08 0.08 0.03
63 32 74 65 24 0.07 0.02 -0.03 0.0 0.06 0.03
64 30 74 69 24 0.06 0.0 -0.04 0.0 0.08 0.04
65 31 75 68 23 0.04 -0.0 -0.03 0.1 0.04 0.03
66 29 74 63 23 0.04 -0.01 -0.02 0.14 0.02 0.06
67 31 76 64 23 0.03 -0.01 -0.0 0.12 0.05 0.04
68 28 76 62 23 0.02 0.01 0.01 0.08 0.05 0.05
69 29 76 67 23 0.02 0.01 0.02 0.04 0.08 0.03
70 28 76 71 23 0.0 0.02 0.02 0.03 0.03 0.03
71 29 76 66 23 -0.0 0.01 0.02 -0.07 0.06 -0.01
72 31 76 64 23 -0.01 0.0 0.02 -0.08 0.03 -0.01
73 28 76 65 23 -0.01 -0.01 0.01 -0.05 0.05 0.01
74 26 74 69 23 -0.01 -0.01 0.01 -0.02 0.09 0.01
75 29 74 66 23 -0.01 -0.01 0.0 -0.01 0.05 -0.01
76 34 74 66 23 -0.01 -0.01 -0.0 -0.03 0.01 0.0
77 34 75 69 23 -0.01 -0.01 -0.0 0.01 0.07 0.04
78 30 74 72 24 -0.01 -0.01 -0.0 0.0 0.07 0.04
79 27 72 71 23 -0.02 -0.01 -0.0 0.0 0.07 0.02
80 28 71 67 23 -0.02 -0.01 -0.0 0.0 0.07 0.02
81 28 72 66 23 -0.03 -0.02 -0.0 0.0 0.07 0.0
82 28 73 65 24 -0.03 -0.03 0.0 0.04 0.01 0.01
83 27 73 72 23 -0.03 -0.03 0.01 0.02 0.01 0.02
84 25 74 68 24 -0.03 -0.02 0.01 -0.01 0.02 0.0
85 24 74 71 23 -0.03 -0.01 0.01 -0.03 0.01 0.0
86 31 76 72 23 -0.02 -0.02 0.0 -0.05 0.04 0.01
87 31 76 73 23 -0.02 -0.02 -0.0 -0.04 0.05 0.01
88 33 73 73 23 -0.02 -0.02 -0.01 -0.03 0.07 0.01
89 29 76 68 23 -0.02 -0.01 -0.02 0.04 0.09 0.01
90 28 76 70 23 -0.02 -0.01 -0.02 0.03 0.03 0.0
91 32 76 75 23 -0.01 -0.01 -0.02 0.02 0.01 0.02
92 32 76 72 23 -0.01 -0.01 -0.02 -0.01 0.0 0.01
93 31 74 71 23 -0.01 -0.01 -0.02 -0.01 0.1 0.0
94 29 74 72 23 -0.01 -0.02 -0.01 0.02 0.07 0.01
95 26 73 71 24 -0.01 -0.02 -0.02 0.04 0.04 0.02
96 24 73 69 23 -0.01 -0.02 -0.02 0.03 0.03 0.01
97 29 73 68 24 -0.01 -0.01 -0.02 0.0 0.06 0.02
98 28 73 70 23 -0.01 -0.0 -0.02 0.01 0.05 -0.01
99 26 73 72 24 -0.01 -0.01 -0.02 -0.01 0.04 0.0
100 24 73 74 24 -0.0 -0.01 -0.02 0.01 0.05 0.02
101 24 77 72 24 -0.0 -0.0 -0.02 0.0 0.04 0.0
102 28 78 71 23 0.0 -0.01 -0.02 -0.02 0.04 0.0
103 30 80 80 24 0.01 -0.01 -0.01 0.02 0.06 0.01
104 28 82 74 23 0.01 -0.01 -0.01 0.0 0.05 0.03
105 25 81 77 24 0.01 -0.02 -0.0 -0.02 0.13 0.0
106 24 81 74 24 -0.0 -0.02 -0.0 0.0 0.13 0.01
-200 -200 -200 -200 -200 -200 -200 -200 -200 -200 -200
107 27 83 75 23 -0.01 -0.02 -0.0 0.06 0.06 0.04
108 31 81 73 24 -0.02 -0.02 -0.01 0.04 0.01 0.01
109 31 82 71 24 -0.02 -0.01 0.0 0.05 0.04 0.0
110 28 80 70 23 -0.02 -0.01 0.0 0.0 0.07 0.01
111 25 80 74 23 -0.02 -0.0 0.0 0.02 0.06 -0.02
112 26 80 70 24 -0.02 -0.0 0.0 -0.05 0.07 0.02
113 35 81 73 23 -0.02 -0.01 -0.0 0.01 0.04 0.0
114 31 81 76 24 -0.02 -0.01 -0.01 0.03 0.05 -0.01
115 28 81 71 23 -0.01 0.0 -0.01 0.0 0.05 0.03
116 26 81 72 24 -0.02 0.01 -0.02 0.0 0.05 0.01
117 27 81 71 23 -0.01 0.0 -0.01 0.0 0.05 -0.04
118 29 81 69 24 -0.01 0.01 -0.02 0.0 0.08 0.01
119 31 79 68 23 -0.02 -0.0 -0.02 0.0 0.08 0.03
120 28 79 70 23 -0.02 0.0 -0.02 0.02 0.08 0.0
121 26 78 69 23 -0.02 -0.01 -0.02 0.02 0.0 -0.01
122 25 77 72 23 -0.01 -0.0 -0.01 0.0 -0.01 -0.02
123 25 77 75 24 -0.0 0.0 -0.0 -0.01 0.03 0.03
124 34 77 78 23 0.01 -0.0 -0.0 -0.02 0.08 0.01
125 33 77 73 23 0.01 0.0 -0.01 -0.01 0.13 0.02
126 30 77 70 23 0.01 -0.0 -0.01 0.0 0.15 0.02
127 27 78 70 23 0.0 -0.0 -0.02 -0.02 0.1 0.01
128 27 77 69 23 0.0 -0.01 -0.02 0.0 0.05 0.01
129 24 75 77 23 -0.01 -0.01 -0.02 0.0 0.06 0.0
130 34 76 72 23 -0.01 -0.02 -0.01 0.07 0.02 0.0
131 31 75 70 24 -0.01 -0.01 0.0 0.06 0.03 0.02
132 28 74 78 23 -0.01 0.0 0.0 0.04 0.03 0.01
133 28 74 76 24 -0.01 0.01 0.0 0.0 0.08 0.04
134 25 74 78 23 -0.02 0.01 -0.0 -0.04 0.12 0.03
135 34 73 73 24 -0.02 0.01 -0.0 -0.02 0.09 -0.02
136 33 74 76 23 -0.01 0.0 -0.01 0.0 0.03 -0.03
137 32 73 74 23 0.02 0.0 -0.0 0.0 0.01 -0.02
138 28 72 72 25 0.03 0.01 0.0 0.01 0.02 -0.02
139 27 71 68 24 0.04 0.02 0.0 -0.06 0.13 0.02
140 25 71 70 23 0.04 0.0 0.0 -0.06 0.17 0.04
141 31 71 74 23 0.03 -0.01 -0.0 -0.07 0.12 0.01
142 29 71 70 24 0.03 -0.02 -0.01 -0.03 0.03 0.03
143 27 70 65 23 0.02 -0.02 -0.01 0.04 0.0 0.04
144 26 71 66 23 0.01 -0.02 -0.0 0.06 0.04 0.01
145 25 72 67 23 -0.0 -0.02 0.01 0.05 0.04 0.03
146 27 71 72 23 -0.01 -0.0 0.01 0.02 0.07 0.04
147 30 71 70 23 -0.02 0.0 0.0 0.0 0.07 0.0
148 28 72 66 24 -0.03 0.01 0.0 -0.04 0.04 0.0
149 26 70 63 24 -0.02 0.0 -0.0 -0.06 0.05 -0.02
150 25 71 67 23 -0.02 0.0 -0.0 -0.05 0.03 0.01
151 25 72 64 23 -0.0 0.0 -0.01 -0.02 0.07 0.0
152 26 72 71 23 0.0 0.01 -0.02 -0.04 0.09 0.0
153 27 73 66 24 0.01 0.01 -0.02 -0.05 0.06 -0.02
154 27 74 68 24 0.01 -0.0 -0.03 -0.05 0.08 0.0
155 25 76 69 23 0.01 -0.0 -0.03 0.02 0.07 0.0
156 23 76 70 24 0.01 -0.01 -0.03 0.02 0.09 0.02
157 24 78 66 24 0.01 -0.01 -0.02 0.02 0.08 0.03
158 25 78 63 23 0.0 -0.01 -0.02 0.0 0.14 0.04
159 23 78 64 23 -0.0 -0.01 -0.02 -0.02 0.08 0.0
160 25 79 65 23 -0.01 -0.02 -0.01 0.03 0.03 0.04
161 29 78 63 24 -0.02 -0.02 -0.01 -0.02 0.06 -0.01
162 31 78 66 24 -0.01 -0.02 -0.01 -0.01 0.07 -0.02
163 28 89 69 23 -0.01 -0.02 -0.01 -0.02 0.11 0.0
164 25 101 64 23 -0.01 -0.03 -0.0 -0.06 0.14 0.01
165 30 132 61 26 -0.02 -0.04 -0.0 -0.06 0.18 0.0
166 45 169 60 50 -0.0 -0.11 0.01 0.09 0.17 0.07
167 52 241 59 44 0.3 -0.26 0.04 0.03 0.15 0.2
168 68 239 58 40 0.44 -0.43 0.05 -0.03 0.15 0.1
169 83 220 58 38 0.3 -0.69 0.11 -0.34 -0.14 -0.05
170 94 211 55 49 -0.09 -0.8 0.14 -0.59 0.1 0.0
171 128 196 55 46 -0.27 -0.86 0.17 -0.41 0.24 0.09
172 123 201 54 42 -0.64 -1.15 0.21 0.05 0.03 -0.08
173 126 204 54 39 -0.82 -1.07 0.22 -0.36 -0.36 -0.28
174 142 225 53 35 -0.54 -0.87 0.17 -0.16 -0.52 -0.43
175 134 231 52 33 0.01 -0.71 0.07 0.39 -0.38 0.06
176 112 204 54 30 0.31 -0.57 0.02 0.1 0.05 0.58
177 89 190 54 29 0.39 -0.5 0.02 0.2 0.27 0.7
178 75 179 53 29 0.44 -0.29 0.01 0.18 0.58 1.32
179 70 250 52 28 0.46 0.11 -0.04 0.13 0.57 1.32
180 82 282 51 27 0.45 0.22 -0.06 -0.35 0.47 1.13
181 81 270 50 26 0.5 0.17 -0.16 -1.35 0.04 1.22
182 75 251 50 25 0.84 -0.51 -0.35 -0.19 3.45 1.07
183 61 214 50 25 0.8 -0.76 -0.06 -0.08 0.35 0.53
184 54 212 50 24 0.69 -0.84 0.06 0.22 0.59 0.57
185 46 214 50 24 0.65 -0.53 0.12 0.35 0.43 0.35
186 51 215 50 24 0.65 -0.39 0.11 0.43 0.37 0.07
187 48 218 50 24 0.66 -0.28 0.1 0.4 0.39 -0.14
188 54 193 48 24 0.62 -0.36 0.07 0.35 0.31 -0.63
189 58 174 48 24 0.59 -0.42 0.04 0.28 0.22 -0.78
190 51 168 50 42 0.5 -0.4 -0.02 0.42 0.17 -1.24
191 61 163 50 38 0.35 -0.13 -0.05 0.19 0.07 -1.28
192 71 183 50 35 0.26 0.02 -0.04 0.11 0.02 -1.28
193 64 195 50 32 0.12 0.2 0.0 -0.08 -0.06 -1.04
194 54 324 52 33 0.11 0.18 0.01 -0.43 -0.08 -0.7
195 79 369 53 41 0.13 0.09 0.0 -0.34 -0.09 -0.65
196 75 352 54 38 0.27 -0.19 -0.01 -0.21 0.01 0.08
197 63 430 58 37 0.33 -0.65 -0.07 -0.2 0.49 2.08
198 75 614 70 36 0.29 -1.08 -0.11 -0.09 0.68 2.74
199 89 596 71 40 0.54 -1.9 -0.32 0.15 0.67 2.89
200 104 586 72 37 1.0 -2.39 -0.51 0.26 0.88 2.51
201 110 545 83 38 1.15 -2.4 -0.55 0.58 1.21 2.75
202 120 486 80 35 1.43 -2.05 -0.57 0.49 0.75 3.71
203 123 433 76 34 1.83 -1.57 -0.56 -0.07 0.55 3.58
204 130 396 74 32 2.02 -1.4 -0.55 0.43 0.57 2.93
205 170 405 73 31 2.12 -1.01 -0.44 0.46 0.73 1.17
206 172 380 77 29 2.05 -0.65 -0.27 0.01 0.46 0.13
207 165 339 79 29 2.07 -0.59 -0.21 0.07 0.19 0.25
208 181 313 76 28 2.12 -0.67 -0.19 0.36 0.04 -0.32
209 206 296 84 32 1.98 -0.64 -0.13 -0.21 -0.09 -0.92
210 202 296 80 31 1.89 -0.53 -0.1 -0.28 -0.21 -1.24
211 203 276 79 31 1.78 -0.45 -0.11 -0.26 -0.5 -1.57
212 208 266 77 30 1.56 -0.41 -0.09 -0.47 -0.8 -1.7
213 206 270 73 32 1.47 -0.41 -0.11 -0.34 -0.83 -2.12
214 231 287 71 33 1.24 -0.33 -0.1 -0.64 -1.01 -2.23
215 222 306 74 32 1.03 -0.31 -0.1 -0.75 -1.05 -2.44
216 235 310 78 31 0.94 -0.3 -0.09 -0.76 -1.13 -2.52
217 218 355 73 31 0.82 -0.36 -0.1 -0.26 -1.03 -2.18
218 221 382 78 32 0.68 -0.28 -0.1 -0.57 -1.01 -2.0
219 226 381 77 35 0.62 -0.21 -0.1 -0.68 -1.0 -1.91
220 225 389 78 36 0.51 -0.13 -0.1 -0.73 -0.8 -1.65
221 299 363 85 35 0.44 -0.26 -0.1 -0.68 -0.77 -1.37
222 347 380 84 39 0.41 -0.28 -0.09 -0.52 -0.64 -1.52
223 382 377 82 38 0.31 -0.17 -0.07 -0.57 -0.65 -1.02
224 326 343 91 38 0.24 -0.08 -0.07 -0.54 -0.47 -0.76
225 324 313 85 36 0.19 -0.06 -0.08 -0.35 -0.4 -0.85
226 308 309 83 39 0.05 0.03 -0.07 -0.6 -0.29 -0.92
227 310 333 85 36 -0.03 0.08 -0.05 -0.53 -0.17 -0.89
228 343 353 83 34 -0.07 0.11 -0.04 -0.6 -0.16 -0.97
229 293 339 88 32 -0.1 0.07 -0.02 -0.51 -0.03 -0.64
230 266 347 91 34 -0.12 0.07 0.0 -0.48 0.01 -0.4
231 265 342 84 33 -0.15 0.08 0.01 -0.34 0.09 -0.18
232 268 323 84 32 -0.17 0.09 0.03 -0.29 0.17 -0.18
233 307 328 85 31 -0.19 0.05 0.02 -0.16 0.24 -0.09
234 270 320 86 30 -0.18 0.02 0.01 -0.07 0.27 -0.16
235 260 317 91 31 -0.18 0.03 -0.02 -0.03 0.3 -0.24
236 214 338 87 31 -0.16 0.04 -0.04 0.05 0.29 -0.07
237 216 352 88 35 -0.16 0.07 -0.05 -0.02 0.22 0.01
238 186 350 92 34 -0.15 0.05 -0.07 -0.02 0.18 0.0
239 222 359 91 33 -0.16 0.03 -0.09 -0.07 0.14 -0.14
240 231 351 89 31 -0.15 0.01 -0.1 0.11 0.12 -0.31
241 205 315 92 30 -0.17 0.05 -0.07 -0.04 0.07 -0.16
242 238 287 86 30 -0.16 0.04 -0.06 0.18 0.13 -0.17
243 211 280 82 33 -0.14 -0.05 -0.04 0.11 0.11 -0.19
244 209 311 82 34 -0.15 0.02 -0.01 0.07 0.05 -0.12
245 223 289 80 31 -0.15 0.02 -0.02 0.19 0.07 -0.08
246 197 268 82 30 -0.11 -0.02 -0.02 0.15 0.13 -0.02
247 179 264 86 30 -0.08 -0.02 -0.05 0.01 0.13 0.0
248 212 281 85 30 -0.08 0.01 -0.07 -0.17 0.07 0.06
249 186 264 84 30 -0.09 0.01 -0.1 -0.16 0.1 -0.02
250 176 268 81 35 -0.1 0.01 -0.09 -0.28 0.07 -0.22
251 202 270 79 34 -0.1 0.02 -0.06 -0.23 0.1 -0.19
252 201 276 78 33 -0.1 0.0 -0.04 -0.23 0.04 -0.15
253 178 299 80 31 -0.1 -0.06 -0.02 -0.16 0.12 -0.14
254 180 305 80 30 -0.11 -0.07 0.01 -0.02 0.03 -0.19
255 194 299 78 29 -0.12 -0.07 0.01 -0.03 0.13 -0.11
256 180 303 79 27 -0.09 -0.03 0.01 0.09 0.1 -0.21
257 201 280 79 26 -0.09 -0.03 0.0 0.04 0.11 -0.11
258 184 277 83 28 -0.07 -0.03 -0.01 0.06 0.08 -0.17
259 195 260 79 27 -0.04 0.0 -0.03 0.03 0.11 -0.09
260 184 259 78 26 -0.04 0.02 -0.05 -0.06 0.06 -0.05
261 155 283 81 26 -0.02 0.04 -0.06 0.0 0.06 -0.11
262 165 320 80 26 -0.0 0.05 -0.07 -0.08 0.09 -0.29
263 167 278 76 26 0.0 0.05 -0.08 -0.26 0.0 -0.3
264 152 271 74 26 0.01 0.04 -0.09 -0.18 0.04 -0.28
265 166 260 75 25 -0.03 0.1 -0.07 -0.41 -0.04 -0.25
266 175 264 72 25 -0.04 0.08 -0.06 -0.34 -0.06 -0.22
267 164 234 77 24 -0.05 0.05 -0.03 -0.29 -0.05 -0.31
268 151 259 77 24 -0.06 0.06 0.0 -0.32 -0.08 -0.18
269 132 269 74 24 -0.06 0.06 0.01 -0.31 -0.03 -0.16
270 139 271 72 24 -0.08 0.06 0.03 -0.27 0.0 -0.16
271 127 267 74 24 -0.07 0.03 0.04 -0.1 0.05 -0.16
272 120 302 70 24 -0.07 0.03 0.04 -0.12 0.04 -0.15
273 118 281 69 24 -0.08 0.06 0.03 -0.03 0.04 -0.21
274 104 248 67 24 -0.08 0.09 0.01 0.03 0.06 -0.18
275 106 235 68 24 -0.09 0.11 0.01 -0.03 -0.01 -0.26
276 114 211 64 24 -0.1 0.18 0.01 -0.06 -0.03 -0.23
277 105 188 63 24 -0.15 0.22 0.04 -0.19 -0.11 -0.28
278 100 173 62 23 -0.17 0.23 0.06 -0.27 -0.22 -0.29
279 92 155 59 23 -0.29 0.3 0.12 -0.28 -0.35 -0.36
280 84 143 59 23 -0.45 0.43 0.19 -0.31 -0.48 -0.61
281 74 134 57 24 -0.53 0.55 0.25 -0.17 -0.59 -1.43
282 64 128 58 24 -0.7 0.86 0.33 -0.23 -0.55 -1.64
283 59 124 58 23 -0.89 1.02 0.41 -0.45 -0.77 -1.75
284 53 124 58 24 -0.96 0.99 0.43 -0.37 -0.93 -2.13
285 47 130 57 23 -1.13 0.89 0.45 -0.31 -0.94 -2.26
286 43 134 57 24 -1.33 1.05 0.52 0.05 -0.67 -2.35
287 37 134 57 23 -1.46 1.2 0.53 0.29 -0.4 -2.38
288 38 144 56 23 -1.84 1.28 0.51 0.08 -0.19 -2.47
289 51 146 57 23 -2.12 0.88 0.42 0.22 -0.17 -2.88
290 59 151 55 24 -2.23 0.69 0.38 -0.24 0.07 -2.92
291 50 160 55 39 -2.46 0.52 0.34 -0.62 0.05 -3.14
292 44 160 55 37 -2.66 0.64 0.32 -0.59 0.22 -3.01
293 42 161 55 34 -2.73 0.89 0.3 -0.09 -0.1 -2.12
294 47 153 53 31 -2.81 1.58 0.28 -0.17 -0.23 -1.92
295 44 158 53 34 -2.83 2.11 0.25 -0.74 -0.51 -0.35
296 47 150 53 36 -2.85 2.23 0.21 -0.5 -0.29 -0.12
297 46 145 53 45 -2.85 2.13 0.15 -0.54 -0.2 0.16
298 45 139 53 41 -2.76 1.78 0.09 -1.49 -0.81 0.69
299 47 135 52 37 -2.65 1.62 0.03 -0.34 -0.44 0.51
300 42 131 52 34 -2.41 1.23 0.12 -0.64 -0.88 0.51
301 39 128 51 32 -2.02 0.77 -0.03 -0.58 -0.52 0.71
302 36 126 51 29 -1.91 0.52 -0.15 -0.97 -0.35 -0.51
303 37 120 57 28 -1.38 -0.14 -0.21 -3.93 -1.73 1.91
304 35 118 65 28 2.4 -3.67 -0.17 11.28 7.63 5.61
305 69 118 64 26 1.13 -1.85 0.19 5.06 0.76 -2.49
306 61 113 72 26 1.01 0.65 -0.05 1.41 0.48 -2.7
307 54 108 74 25 0.69 0.18 -0.34 1.29 0.72 -0.17
308 46 103 68 25 0.3 -0.09 -0.4 0.9 0.59 1.68
309 43 97 64 25 -0.15 0.04 -0.33 -0.2 0.27 0.82
310 38 97 67 24 -0.1 -0.13 -0.02 -0.31 -0.13 -0.58
311 33 95 69 24 0.05 -0.21 0.06 -0.16 0.09 0.21
312 29 92 68 24 0.21 -0.06 0.05 0.05 0.26 0.36
313 27 89 70 24 -0.01 0.03 0.04 0.35 0.33 0.33
314 26 88 69 24 -0.13 0.05 0.07 0.38 0.1 -0.12
315 35 91 65 23 -0.16 0.06 0.13 0.39 -0.03 -0.14
316 32 87 65 24 -0.1 0.13 0.13 0.0 0.01 -0.08
317 30 87 64 23 -0.07 0.17 0.11 -0.12 0.07 -0.13
318 27 86 70 24 -0.01 0.29 0.05 -0.45 0.16 -0.14
319 25 82 69 23 0.06 0.28 -0.01 -0.49 0.16 -0.06
320 22 81 68 24 0.11 0.23 -0.03 -0.35 0.22 -0.06
321 22 80 69 24 0.16 0.04 -0.05 -0.42 0.13 -0.06
322 22 79 66 23 0.16 -0.03 -0.05 -0.13 0.09 0.01
323 24 78 66 23 0.15 -0.03 -0.05 0.02 0.04 0.08
324 21 76 73 24 0.14 0.03 -0.05 0.11 0.08 -0.05
325 24 74 71 24 0.11 0.05 -0.05 0.05 0.05 0.01
326 22 72 67 24 0.09 0.05 -0.05 0.07 0.11 0.06
327 23 72 67 24 0.03 0.02 -0.02 0.11 0.08 0.0
328 26 71 70 23 0.01 0.01 -0.01 0.07 0.08 -0.01
329 23 71 70 23 0.01 0.03 -0.0 0.09 0.07 -0.01
330 23 70 71 23 0.02 0.06 0.0 -0.03 0.08 0.0
331 22 70 71 23 0.0 0.03 0.02 -0.08 0.09 -0.05
332 21 70 68 23 -0.0 0.02 0.02 -0.08 0.11 0.03
-100 -100 -100 -100 -100 -100 -100 -100 -100 -100 -100
333 20 70 67 23 -0.0 -0.01 0.02 -0.05 0.13 -0.02
334 28 72 67 24 0.0 0.01 0.01 -0.01 0.16 -0.02
335 32 73 69 24 -0.01 0.01 0.0 -0.05 0.13 -0.05
336 29 72 72 23 -0.01 0.04 -0.0 -0.07 0.1 -0.06
337 26 72 70 24 0.01 0.04 -0.01 -0.1 0.07 -0.03
338 24 72 67 23 0.01 0.02 -0.01 -0.03 0.08 -0.03
339 23 72 63 23 0.01 -0.0 -0.0 -0.02 0.08 -0.07
340 28 73 61 23 0.02 -0.0 -0.0 -0.01 0.07 -0.02
341 25 72 66 23 0.02 0.01 -0.0 0.03 0.1 -0.05
342 32 73 67 23 0.02 0.04 -0.01 -0.07 0.12 0.01
343 36 72 64 23 0.01 0.03 -0.0 -0.09 0.14 -0.01
344 32 70 63 23 0.01 0.01 -0.0 -0.04 0.13 -0.02
345 30 70 61 24 0.0 -0.0 -0.0 -0.02 0.12 -0.02
346 28 70 62 23 -0.0 0.0 0.0 0.01 0.07 0.0
347 27 72 63 23 -0.01 0.0 0.0 -0.03 0.03 -0.01
348 25 72 65 23 0.01 0.01 0.0 -0.06 0.05 -0.03
349 27 72 69 23 0.01 0.01 0.01 -0.06 0.1 -0.09
350 26 71 72 23 0.02 0.01 0.01 -0.03 0.13 -0.01
351 33 71 71 23 0.02 0.01 0.0 -0.01 0.15 -0.05
352 37 71 67 23 0.01 0.0 -0.0 -0.05 0.09 -0.02
353 38 71 68 23 0.01 0.0 -0.01 -0.06 0.07 0.02
354 37 71 66 23 0.02 0.01 -0.01 -0.05 0.11 -0.03
355 36 71 66 24 0.02 -0.01 -0.01 -0.04 0.11 -0.01
356 35 70 71 23 0.02 -0.01 -0.01 -0.01 0.09 0.01
357 33 70 71 24 0.01 -0.01 -0.01 0.0 0.09 -0.05
358 39 72 67 24 0.01 -0.02 -0.01 -0.04 0.05 0.0
359 39 72 70 23 0.01 -0.03 -0.01 -0.02 0.06 -0.02
360 38 73 70 23 0.0 -0.02 -0.0 -0.02 0.07 -0.05
361 41 73 67 24 0.01 -0.01 0.0 0.03 0.12 0.0
362 40 71 77 24 0.01 0.0 -0.0 -0.02 0.1 -0.04
363 36 75 75 23 0.01 0.02 -0.0 -0.04 0.06 -0.05
364 34 77 75 23 0.02 0.0 -0.01 -0.11 0.11 -0.04
365 40 78 71 23 0.02 -0.0 -0.01 -0.03 0.13 0.0
366 39 80 67 23 0.01 -0.03 -0.01 -0.01 0.16 -0.05
367 44 80 66 23 0.01 -0.01 -0.01 0.06 0.16 0.0
368 40 81 67 23 -0.0 0.0 -0.01 0.0 0.11 0.02
369 45 83 73 23 -0.01 0.01 -0.01 0.0 0.12 -0.05
370 43 86 75 23 -0.01 0.01 -0.0 -0.1 0.06 0.0
371 41 83 70 23 -0.01 0.01 0.0 -0.08 0.07 -0.02
372 42 84 72 23 -0.02 -0.0 0.0 -0.09 0.04 -0.02
373 46 84 69 21 -0.01 -0.02 0.0 0.03 0.06 -0.03
374 51 84 66 23 -0.0 -0.02 0.0 0.08 0.09 -0.01
375 53 86 69 23 -0.01 -0.0 -0.01 -0.01 0.1 0.0
376 50 86 67 23 -0.01 -0.0 -0.0 -0.13 0.08 -0.01
377 50 87 72 23 -0.0 -0.01 -0.0 -0.1 0.11 -0.03
378 48 87 69 23 -0.0 -0.02 -0.0 -0.06 0.1 -0.01
379 44 88 67 23 -0.01 -0.03 -0.01 0.02 0.09 0.01
380 50 90 66 23 -0.01 -0.02 -0.01 0.06 0.12 -0.04
381 52 92 66 22 -0.01 -0.01 -0.01 -0.02 0.1 0.02
382 51 92 70 23 -0.02 -0.01 0.0 -0.12 0.11 -0.05
383 46 90 68 25 -0.02 -0.01 -0.0 -0.12 0.1 -0.04
384 43 89 70 23 -0.02 -0.02 -0.0 -0.1 0.08 0.0
385 39 89 67 23 -0.01 -0.03 -0.0 0.02 0.1 0.0
386 46 89 70 23 -0.01 -0.03 -0.01 0.04 0.08 -0.02
387 42 89 69 23 -0.01 -0.02 -0.01 0.02 0.08 -0.04
388 43 89 70 24 -0.02 -0.02 -0.01 0.0 0.09 0.0
389 42 86 68 23 -0.01 -0.01 -0.01 -0.05 0.1 0.01
390 41 85 70 23 -0.01 -0.01 -0.01 -0.07 0.09 -0.06
391 39 83 71 24 -0.01 -0.02 -0.01 -0.08 0.07 -0.03
392 37 84 72 23 -0.01 -0.03 -0.01 -0.09 0.06 -0.01
393 40 86 74 24 -0.02 -0.05 -0.01 -0.04 0.1 -0.03
-200 -200 -200 -200 -200 -200 -200 -200 -200 -200 -200
394 44 89 70 23 -0.02 -0.04 -0.01 0.0 0.11 -0.02
395 42 89 68 24 -0.02 -0.04 -0.0 0.01 0.1 -0.04
396 42 89 68 23 -0.01 -0.02 -0.0 -0.01 0.11 -0.06
397 42 90 66 23 -0.01 -0.0 -0.01 -0.06 0.09 0.0
398 40 90 65 23 -0.01 -0.01 -0.0 -0.04 0.1 -0.03
399 39 91 66 23 -0.01 -0.03 -0.0 -0.01 0.12 -0.01
400 42 91 65 24 -0.01 -0.05 -0.01 0.0 0.1 -0.03
401 46 90 63 23 -0.02 -0.04 -0.01 -0.02 0.09 0.0
402 47 89 62 23 -0.02 -0.05 -0.01 0.0 0.08 -0.04
403 47 93 61 24 -0.03 -0.06 -0.01 -0.05 0.07 -0.03
404 50 108 60 23 -0.03 -0.06 -0.01 -0.02 0.08 0.02
405 43 101 57 23 -0.05 -0.08 -0.0 -0.11 0.07 -0.02
406 61 104 57 23 -0.05 -0.12 0.0 -0.07 0.15 -0.03
407 69 105 56 24 -0.04 -0.12 -0.0 -0.1 0.15 -0.02
408 65 124 56 26 -0.05 -0.13 -0.02 -0.17 0.22 -0.05
409 95 136 58 42 -0.09 -0.21 -0.03 -0.28 0.13 -0.07
410 106 167 56 46 -0.11 -0.28 -0.03 -0.09 0.12 0.13
411 109 168 54 41 -0.18 -0.46 -0.01 0.17 -0.03 0.16
412 133 184 56 42 -0.1 -0.47 -0.01 0.3 -0.02 0.2
413 132 236 55 39 -0.09 -0.45 -0.0 -0.04 0.02 0.26
414 134 276 58 35 -0.1 -0.63 -0.02 -0.47 0.01 0.6
415 156 280 56 35 -0.04 -1.07 -0.06 -0.19 0.26 0.89
416 141 342 55 32 -0.01 -1.2 -0.1 -0.2 0.23 0.81
417 160 360 56 31 0.22 -1.35 -0.18 -0.13 0.04 1.18
418 155 348 55 29 0.58 -1.3 -0.27 0.54 0.03 1.79
419 141 369 56 28 0.73 -1.28 -0.33 0.41 -0.2 2.19
420 127 358 58 28 1.5 -1.7 -0.51 1.52 0.7 3.25
421 113 333 60 27 1.53 -1.2 -0.48 0.71 0.84 2.67
422 121 332 60 27 1.51 -0.95 -0.49 0.41 0.76 2.52
423 111 359 66 27 1.55 -0.67 -0.48 0.32 0.64 2.22
424 105 338 65 30 1.77 -0.87 -0.52 0.49 0.48 2.11
425 95 337 66 32 1.89 -0.97 -0.54 0.21 0.43 1.93
426 142 333 68 34 1.99 -1.01 -0.54 0.43 0.56 1.4
427 149 318 69 33 2.01 -0.79 -0.5 0.21 0.39 1.4
428 139 351 73 32 2.08 -0.73 -0.49 0.24 0.2 1.15
429 146 380 72 31 2.21 -0.79 -0.5 0.28 0.19 0.33
430 163 360 73 30 2.19 -0.68 -0.45 0.02 0.04 0.23
431 186 380 77 34 2.18 -0.62 -0.43 0.19 -0.32 0.29
432 183 477 80 34 2.15 -0.53 -0.39 0.06 -0.48 0.0
433 211 542 94 41 2.04 -0.48 -0.35 0.09 -0.68 -1.13
434 226 512 129 42 2.03 -0.48 -0.33 -0.02 -0.67 -1.3
435 209 580 133 46 1.98 -0.4 -0.3 -0.24 -0.78 -0.81
436 206 638 129 50 1.84 -0.33 -0.28 -0.44 -1.01 -0.72
437 225 681 128 49 1.77 -0.33 -0.28 -0.45 -1.04 -0.91
438 234 628 124 48 1.58 -0.34 -0.24 -0.22 -1.09 -2.01
439 255 536 124 47 1.49 -0.34 -0.22 -0.12 -1.2 -1.89
440 264 551 134 45 1.46 -0.32 -0.21 -0.26 -1.15 -1.32
441 249 508 131 43 1.33 -0.29 -0.22 -0.5 -1.2 -1.0
442 271 496 133 46 1.17 -0.28 -0.23 -0.68 -1.11 -1.42
443 276 494 121 43 1.08 -0.27 -0.24 -0.59 -1.15 -1.71
444 234 448 119 42 0.91 -0.2 -0.23 -0.54 -1.16 -1.95
445 215 427 123 53 0.75 -0.2 -0.24 -0.59 -1.07 -1.85
446 208 436 123 59 0.66 -0.2 -0.25 -0.55 -0.92 -1.77
447 237 426 112 55 0.44 -0.18 -0.26 -0.83 -0.96 -1.64
448 251 424 112 57 0.27 -0.18 -0.28 -0.51 -0.78 -1.76
449 270 423 106 69 0.18 -0.11 -0.27 -0.39 -0.72 -1.75
450 235 420 104 61 0.05 -0.04 -0.25 -0.4 -0.64 -1.54
451 198 423 118 56 -0.03 -0.07 -0.26 -0.61 -0.32 -1.05
452 194 418 113 53 -0.1 0.0 -0.25 -0.66 -0.23 -0.97
453 227 418 104 53 -0.25 0.16 -0.23 -0.75 -0.13 -1.0
454 218 383 106 60 -0.25 0.09 -0.2 -0.5 -0.1 -0.98
455 242 405 109 62 -0.25 0.05 -0.17 -0.4 -0.02 -0.84
456 223 405 131 55 -0.28 0.03 -0.13 -0.48 0.1 -0.33
457 210 404 128 52 -0.29 0.0 -0.11 -0.28 0.22 -0.16
458 212 412 126 54 -0.29 0.03 -0.11 -0.35 0.31 0.03
459 195 458 122 57 -0.26 0.09 -0.1 -0.31 0.4 0.13
460 169 420 122 56 -0.22 0.06 -0.1 -0.03 0.45 0.23
461 160 376 115 51 -0.18 0.01 -0.1 0.03 0.42 0.27
462 212 396 113 48 -0.12 -0.0 -0.11 0.0 0.43 0.49
463 209 375 121 47 -0.09 0.02 -0.13 0.04 0.42 0.45
464 224 402 112 45 -0.07 0.03 -0.14 -0.03 0.42 0.39
465 211 408 122 53 -0.04 0.04 -0.15 -0.23 0.37 -0.05
466 176 373 118 47 -0.02 0.01 -0.13 -0.08 0.35 -0.05
467 152 346 116 48 -0.02 0.0 -0.11 -0.12 0.3 -0.06
468 140 340 109 45 -0.03 -0.01 -0.06 -0.18 0.13 -0.11
469 215 355 103 49 -0.06 -0.01 -0.02 -0.14 0.08 -0.18
470 179 365 103 45 -0.07 -0.0 0.0 -0.2 -0.04 -0.21
471 154 352 107 45 -0.07 -0.04 0.01 -0.11 -0.02 -0.28
472 172 356 104 44 -0.08 -0.08 0.02 -0.01 -0.16 -0.22
473 141 357 98 43 -0.09 -0.1 0.01 0.0 -0.15 -0.11
474 128 350 96 40 -0.09 -0.08 -0.01 0.05 -0.11 -0.09
475 116 374 97 40 -0.09 -0.05 -0.02 0.17 -0.04 -0.05
476 151 371 110 39 -0.07 -0.04 -0.05 0.12 -0.06 -0.07
477 131 358 118 50 -0.07 -0.03 -0.07 -0.01 -0.05 -0.1
478 198 343 110 45 -0.06 -0.03 -0.08 -0.06 0.0 0.0
479 163 352 101 40 -0.05 -0.02 -0.09 -0.24 0.01 -0.22
480 163 343 105 41 -0.06 -0.02 -0.08 -0.26 -0.02 -0.21
481 138 354 107 38 -0.04 -0.04 -0.07 -0.14 0.05 -0.16
482 156 358 102 36 -0.04 -0.06 -0.05 -0.15 0.07 -0.17
483 166 381 109 41 -0.04 -0.04 -0.03 -0.16 0.18 -0.14
484 165 357 102 38 -0.05 -0.03 -0.03 -0.13 0.14 -0.03
485 138 339 98 35 -0.07 -0.05 -0.04 -0.19 0.12 -0.09
486 135 341 99 33 -0.05 -0.02 -0.05 -0.07 0.15 -0.18
487 172 377 95 32 -0.04 0.01 -0.06 -0.16 0.1 0.0
488 159 344 99 34 -0.01 -0.01 -0.05 -0.11 0.09 0.07
489 172 350 103 35 0.01 -0.04 -0.05 -0.2 0.11 0.04
490 181 319 96 34 0.01 -0.03 -0.05 -0.18 0.11 -0.05
491 155 330 99 33 0.03 -0.03 -0.05 -0.22 0.14 -0.05
492 133 325 96 34 0.06 -0.01 -0.05 -0.27 0.11 -0.05
493 135 343 94 48 0.06 -0.01 -0.04 -0.25 0.03 -0.14
494 127 342 95 43 0.05 0.03 -0.05 -0.28 0.03 -0.17
495 130 305 92 40 0.05 0.03 -0.04 -0.37 -0.08 -0.23
496 172 323 88 37 0.05 0.01 -0.03 -0.46 -0.03 -0.36
497 155 322 90 34 0.04 0.0 0.0 -0.27 -0.05 -0.35
498 193 295 91 32 0.04 -0.01 0.05 -0.21 -0.06 -0.34
499 175 349 93 30 0.04 -0.03 0.07 -0.13 -0.11 -0.25
500 164 337 95 31 0.03 -0.02 0.09 -0.06 -0.07 -0.21
501 157 321 94 30 0.0 0.04 0.09 -0.07 -0.04 -0.25
502 153 325 87 28 -0.02 0.06 0.09 -0.02 -0.01 -0.26
503 160 300 87 28 -0.05 0.04 0.07 0.03 0.05 -0.27
504 145 281 86 27 -0.07 0.03 0.04 0.0 0.11 -0.26
505 133 253 86 26 -0.08 0.04 0.03 0.06 0.1 -0.2
506 135 238 91 26 -0.09 0.07 0.01 0.08 0.07 -0.12
507 136 239 93 27 -0.07 0.06 0.0 0.0 0.02 0.0
508 130 257 88 27 -0.06 0.06 -0.01 -0.03 0.03 0.05
509 148 236 83 28 -0.04 0.08 -0.0 -0.03 0.04 0.02
510 155 233 79 27 -0.01 0.06 -0.0 -0.06 -0.03 0.09
511 161 211 82 27 0.0 0.04 0.0 -0.1 -0.01 -0.05
512 176 213 82 26 0.02 0.02 0.02 -0.14 0.0 -0.12
513 173 221 91 26 0.0 0.02 0.03 -0.14 0.08 -0.35
514 209 244 87 28 -0.01 0.02 0.04 -0.11 0.08 -0.39
515 195 254 87 27 -0.02 0.01 0.06 -0.12 0.11 -0.38
516 226 271 83 26 -0.05 0.0 0.07 -0.07 0.04 -0.29
517 213 255 88 26 -0.05 -0.01 0.07 0.11 0.05 -0.17
518 192 258 97 25 -0.08 0.0 0.06 0.13 -0.01 -0.07
519 184 235 91 25 -0.07 -0.04 0.04 0.1 -0.07 -0.06
520 167 257 84 25 -0.06 -0.04 0.02 0.09 -0.04 -0.08
521 159 249 82 25 -0.05 0.03 0.01 0.01 -0.09 -0.1
522 155 222 80 25 -0.05 0.08 -0.01 -0.08 -0.06 -0.22
523 153 227 79 25 -0.05 0.06 -0.01 -0.07 -0.02 -0.27
524 164 248 73 24 -0.04 0.05 -0.0 -0.12 -0.08 -0.31
525 178 266 70 27 -0.08 0.14 0.02 -0.36 -0.14 -0.38
526 162 258 70 26 -0.1 0.17 0.04 -0.31 -0.15 -0.38
527 167 229 67 23 -0.13 0.18 0.08 -0.15 -0.21 -0.51
528 163 206 67 25 -0.14 0.1 0.11 -0.05 -0.09 -0.53
529 146 195 72 25 -0.15 0.08 0.12 -0.07 -0.21 -0.54
530 159 174 75 25 -0.22 0.18 0.14 -0.21 -0.31 -0.51
531 149 161 70 24 -0.34 0.4 0.18 -0.14 -0.45 -0.51
532 142 154 68 25 -0.43 0.53 0.21 -0.2 -0.7 -0.45
533 138 152 66 24 -0.65 0.75 0.29 -0.23 -0.73 -0.65
534 128 140 64 24 -0.82 0.81 0.37 -0.41 -0.75 -1.42
535 118 126 62 24 -0.9 0.83 0.42 -0.7 -0.76 -1.88
536 116 117 62 24 -1.03 1.0 0.5 -0.65 -0.67 -1.77
537 114 112 61 23 -1.27 1.33 0.63 -0.88 -0.65 -1.52
538 121 114 59 26 -1.39 1.43 0.67 -1.01 -0.66 -1.86
539 112 105 58 25 -1.55 1.33 0.65 -0.77 -0.54 -2.11
540 101 100 58 24 -1.76 1.4 0.76 -0.79 -0.6 -2.8
541 90 96 57 24 -1.86 1.61 0.85 -0.09 -0.39 -3.85
542 78 91 62 24 -1.96 2.12 0.96 -0.65 -0.42 -4.1
543 71 90 62 24 -2.01 2.15 1.01 -0.28 -1.02 -2.29
544 61 88 62 24 -2.02 1.94 0.97 0.37 -1.02 -0.86
545 57 90 60 23 -2.02 1.31 0.82 0.67 -1.02 -0.33
546 65 97 57 23 -2.09 0.78 0.63 0.91 -0.54 -0.17
547 64 95 55 23 -2.13 0.62 0.54 -1.27 0.08 -0.9
548 56 93 54 24 -2.38 0.43 0.31 -0.61 0.0 -0.54
549 49 91 54 26 -2.57 0.05 0.06 1.44 0.06 0.45
550 41 86 53 26 -2.65 0.15 -0.03 1.82 -0.2 1.22
551 38 86 52 26 -2.78 0.61 -0.13 2.25 -0.01 1.23
552 58 89 51 25 -2.58 0.87 -0.17 1.21 -0.43 1.29
553 49 84 50 25 -2.42 0.85 -0.22 0.15 -0.21 0.41
554 44 84 54 25 -2.29 0.82 -0.35 -0.63 -0.36 -0.21
555 53 98 60 52 -2.16 0.59 -0.39 -13.28 -3.41 17.05
556 80 169 64 163 -1.16 0.78 -0.66 0.14 7.13 3.87
557 69 159 67 133 -0.64 -1.75 -0.09 4.5 0.82 -7.13
558 59 145 89 110 0.85 -0.61 -0.05 0.42 -0.36 -0.82
559 52 125 82 90 1.23 0.1 -0.04 0.01 0.94 1.69
560 49 117 75 76 0.77 0.04 -0.03 1.27 0.34 1.39
561 46 111 69 66 -0.01 -0.22 0.01 0.46 -0.26 0.01
562 46 103 71 55 -0.13 -0.29 0.01 0.41 -0.37 0.4
563 44 99 71 49 -0.2 -0.22 0.08 0.37 -0.1 0.21
564 38 96 76 44 0.12 0.08 -0.06 0.83 0.68 0.04
565 36 94 81 39 0.13 0.25 -0.09 0.62 0.48 0.08
566 32 92 77 36 0.07 0.55 -0.11 0.3 0.6 0.03
567 31 89 72 33 -0.06 0.54 -0.08 -0.07 0.48 0.03
568 29 88 70 31 -0.09 0.45 -0.06 -0.45 0.37 -0.08
569 25 86 79 30 -0.08 0.23 -0.06 -0.42 0.28 -0.09
570 27 85 75 28 -0.12 0.03 -0.06 -0.47 0.15 -0.06
571 26 87 74 27 -0.1 -0.01 -0.07 -0.09 0.29 -0.15
572 29 87 76 27 -0.0 -0.05 -0.04 0.02 -0.2 -0.14
573 27 90 77 26 0.07 -0.0 -0.03 0.35 0.06 -0.04
574 26 92 76 26 0.12 0.05 -0.04 0.38 0.06 -0.06
575 25 91 74 25 0.12 0.12 -0.06 0.13 0.09 -0.05
576 27 91 72 25 0.08 0.09 -0.07 -0.02 0.1 -0.02
577 25 91 74 25 0.06 0.06 -0.07 0.0 0.2 0.01
578 23 93 73 24 0.06 0.01 -0.06 0.06 0.15 0.09
-100 -100 -100 -100 -100 -100 -100 -100 -100 -100 -100
579 29 94 74 24 0.05 0.02 -0.05 0.05 0.13 -0.04
580 35 95 74 24 0.06 0.02 -0.04 0.27 0.12 0.0
581 33 96 74 24 0.05 0.04 -0.03 0.25 0.11 0.03
582 33 96 79 21 0.03 0.07 -0.02 0.15 0.14 0.0
583 32 97 73 24 0.02 0.07 -0.01 0.05 0.18 0.0
584 31 99 71 23 0.0 0.09 -0.01 -0.04 0.16 0.03
585 31 102 68 24 -0.02 0.07 -0.01 0.0 0.19 -0.01
586 30 104 65 24 -0.02 0.06 -0.0 -0.01 0.16 0.0
587 32 105 73 24 -0.01 0.05 -0.0 0.02 0.16 0.03
588 34 107 70 24 -0.0 0.06 -0.01 0.01 0.15 -0.03
589 39 107 66 24 0.0 0.05 -0.01 -0.07 0.11 -0.02
590 42 110 70 23 -0.0 -0.01 -0.01 -0.05 0.09 -0.04
591 42 112 67 24 0.01 -0.02 -0.0 0.04 0.1 0.01
592 42 114 71 24 0.01 -0.01 -0.0 0.03 0.13 0.04
593 40 114 72 23 0.01 -0.0 -0.01 0.01 0.14 0.0
594 41 113 69 24 0.01 0.01 -0.02 0.05 0.14 -0.03
595 43 114 69 24 0.01 -0.0 -0.02 0.03 0.16 0.03
596 44 114 66 24 0.01 -0.01 -0.01 0.11 0.16 0.02
597 42 114 64 24 -0.0 0.0 -0.0 0.1 0.1 -0.04
598 50 115 65 24 -0.0 0.0 0.0 0.08 0.08 0.01
599 51 116 68 24 0.0 0.01 0.01 0.07 0.1 -0.01
600 50 116 69 23 0.01 0.03 0.01 0.05 0.1 -0.04
601 51 117 67 23 0.01 0.03 0.01 0.0 0.11 -0.03
602 51 118 68 24 0.02 0.05 0.0 0.0 0.11 0.0
603 58 120 65 24 0.01 0.03 -0.0 -0.02 0.14 0.02
604 57 121 67 23 0.01 0.02 -0.0 -0.03 0.16 -0.02
605 57 121 71 24 0.01 -0.0 -0.0 0.02 0.16 -0.01
606 57 118 71 23 0.01 -0.02 -0.01 0.06 0.13 0.0
607 58 117 71 24 0.01 -0.01 -0.01 0.05 0.11 0.0
608 64 117 69 23 0.01 0.01 -0.01 0.05 0.11 0.0
609 66 118 70 23 0.0 0.01 -0.0 0.02 0.11 -0.01
610 67 118 70 24 -0.0 0.01 0.0 0.03 0.1 0.0
611 68 117 68 23 -0.0 0.0 0.01 0.03 0.1 0.0
612 69 114 70 24 -0.01 -0.0 0.01 0.03 0.13 -0.01
613 73 113 66 24 -0.01 -0.0 0.01 0.0 0.15 0.0
614 73 112 69 23 -0.01 -0.0 0.01 0.03 0.14 0.0
615 74 113 69 23 -0.01 0.0 0.01 0.02 0.11 -0.03
616 74 112 72 23 -0.01 -0.0 0.01 0.04 0.11 0.0
617 75 109 69 24 -0.01 0.01 0.0 0.02 0.12 0.01
618 73 107 66 23 -0.01 0.01 0.0 -0.02 0.13 -0.03
619 81 107 67 24 -0.01 0.01 0.0 0.0 0.09 0.0
620 84 107 68 23 0.0 0.0 0.01 0.02 0.13 0.02
621 85 107 73 24 0.0 0.0 0.0 0.04 0.14 -0.01
622 85 106 70 23 -0.0 0.0 0.01 0.03 0.14 0.0
623 87 105 65 24 -0.01 -0.01 0.0 0.02 0.14 0.0
-200 -200 -200 -200 -200 -200 -200 -200 -200 -200 -200
624 89 105 62 24 -0.01 -0.02 0.01 0.01 0.09 0.0
625 88 104 65 23 -0.01 -0.01 0.0 0.01 0.1 -0.01
626 90 106 64 23 -0.01 -0.0 0.0 0.01 0.12 0.02
627 89 105 69 23 -0.01 0.0 0.01 0.05 0.11 -0.01
628 94 110 65 23 -0.01 0.01 0.01 0.04 0.09 -0.01
629 97 110 61 23 -0.01 0.01 0.01 0.0 0.1 0.01
630 97 110 60 23 -0.01 0.0 0.01 0.02 0.12 -0.04
631 95 110 58 23 -0.01 0.01 0.01 0.03 0.13 0.0
632 95 110 61 23 -0.01 0.01 0.01 0.03 0.11 0.0
633 93 111 65 23 -0.02 -0.0 0.0 -0.03 0.11 -0.04
634 90 114 69 23 -0.01 -0.01 0.0 -0.01 0.09 -0.02
635 94 107 65 23 -0.01 -0.01 0.01 0.02 0.09 -0.02
636 95 105 65 23 -0.01 -0.02 0.01 0.07 0.11 -0.03
637 94 103 60 24 -0.02 -0.01 0.01 0.04 0.11 -0.05
638 96 104 61 24 -0.01 0.0 0.01 0.01 0.1 0.0
639 94 104 62 24 0.01 0.01 0.01 0.02 0.11 -0.01
640 88 103 60 24 0.01 0.02 0.01 -0.03 0.13 -0.01
641 90 103 65 24 0.0 0.0 0.0 -0.08 0.14 -0.01
642 89 99 62 24 -0.02 -0.03 0.0 0.01 0.17 0.0
643 87 112 58 25 -0.02 -0.04 0.0 0.03 0.16 0.01
644 94 117 56 24 -0.04 -0.05 0.01 0.13 0.07 0.03
645 97 124 55 30 -0.05 -0.06 0.02 0.01 -0.01 -0.04
646 117 154 54 41 -0.04 -0.07 0.02 -0.04 0.0 -0.04
647 155 148 53 39 -0.05 -0.13 -0.01 -0.54 0.15 -0.17
648 154 148 52 36 -0.13 -0.39 -0.02 -0.16 0.21 -0.02
649 162 156 52 40 -0.17 -0.56 -0.01 0.23 0.21 0.01
650 165 188 52 41 -0.22 -0.78 -0.01 0.81 0.1 0.31
651 184 195 53 37 -0.25 -0.54 -0.07 0.68 0.02 0.11
652 176 209 53 34 -0.23 -0.38 -0.09 0.1 0.15 0.09
653 190 236 55 31 -0.15 -0.52 -0.15 -0.24 -0.02 0.52
654 180 243 54 30 0.05 -0.71 -0.2 -0.53 0.01 1.01
655 185 283 56 52 0.22 -0.75 -0.22 -0.68 -0.05 1.26
656 167 299 56 46 0.51 -0.82 -0.26 -0.92 -0.74 2.15
657 176 320 63 42 1.9 -1.88 -0.8 -4.56 -2.84 2.05
658 150 326 66 37 1.73 -1.69 -0.5 0.57 0.53 2.11
659 149 306 67 35 1.63 -1.26 -0.38 0.74 0.82 1.9
660 148 295 84 33 1.5 -0.83 -0.34 0.66 0.99 2.36
661 128 352 92 32 1.5 -0.8 -0.36 0.43 0.76 2.33
662 148 329 96 31 1.57 -1.0 -0.42 0.32 0.59 2.08
663 170 334 96 29 1.57 -1.0 -0.42 0.43 0.84 1.12
664 162 333 91 30 1.53 -0.93 -0.42 0.33 0.66 0.86
665 139 355 84 29 1.56 -0.81 -0.45 0.38 0.42 0.64
666 122 322 90 29 1.61 -0.8 -0.51 0.29 0.22 0.64
667 113 309 106 28 1.65 -0.8 -0.54 0.31 0.14 0.33
668 129 331 118 27 1.67 -0.76 -0.57 0.21 0.0 0.36
669 127 370 129 28 1.66 -0.61 -0.57 -0.13 -0.21 -0.17
670 117 465 173 32 1.64 -0.56 -0.56 -0.12 -0.25 -0.32
671 117 465 214 30 1.63 -0.49 -0.54 -0.18 -0.46 -0.47
672 122 488 201 29 1.63 -0.42 -0.5 -0.36 -0.57 -0.44
673 117 498 173 31 1.63 -0.38 -0.48 -0.44 -0.69 -0.52
674 124 460 158 31 1.6 -0.3 -0.45 -0.35 -0.71 -0.3
675 122 450 151 32 1.5 -0.27 -0.43 -0.31 -0.78 -0.53
676 137 433 145 33 1.41 -0.24 -0.42 -0.14 -0.77 -0.7
677 147 454 132 34 1.29 -0.23 -0.39 -0.22 -0.8 -0.95
678 162 437 129 35 1.26 -0.23 -0.37 -0.62 -0.9 -0.88
679 195 484 121 44 1.28 -0.28 -0.37 -0.68 -0.84 -0.94
680 202 518 122 58 1.24 -0.3 -0.34 -0.43 -0.72 -0.94
681 189 473 115 56 1.18 -0.3 -0.32 -0.46 -0.69 -0.85
682 178 452 106 55 1.14 -0.33 -0.32 -0.28 -0.59 -0.91
683 158 399 115 49 1.03 -0.27 -0.29 -0.35 -0.51 -1.2
684 168 363 127 47 0.92 -0.23 -0.25 -0.04 -0.43 -1.33
685 188 339 132 52 0.85 -0.18 -0.22 0.19 -0.32 -1.26
686 173 363 132 53 0.75 -0.17 -0.21 -0.45 -0.38 -0.89
687 179 373 159 48 0.6 -0.23 -0.2 -0.48 -0.28 -0.78
688 270 352 151 49 0.53 -0.18 -0.19 -0.62 -0.12 -1.03
689 229 330 142 49 0.39 -0.09 -0.15 -0.9 -0.2 -1.31
690 198 355 141 47 0.31 -0.07 -0.08 -0.61 -0.08 -1.66
691 173 341 143 56 0.25 -0.07 -0.03 -0.64 -0.1 -1.71
692 199 308 157 50 0.16 -0.05 0.07 -0.54 -0.1 -1.33
693 185 318 142 49 0.06 -0.12 0.13 -0.53 -0.07 -1.01
694 161 335 134 47 0.03 -0.16 0.13 -0.4 -0.1 -0.95
695 183 304 133 45 -0.03 -0.12 0.14 -0.2 0.03 -0.72
696 233 302 140 57 -0.11 -0.05 0.1 -0.23 0.06 -0.54
697 223 348 137 60 -0.15 -0.01 0.08 0.23 0.07 -0.38
698 209 360 144 59 -0.15 -0.03 0.02 0.2 0.03 -0.25
699 180 349 137 63 -0.09 -0.05 -0.02 0.12 0.05 0.01
700 160 332 147 59 -0.07 -0.03 -0.04 0.14 0.11 0.21
701 154 315 136 54 -0.05 0.05 -0.07 -0.22 0.09 0.31
702 145 353 126 49 -0.06 0.06 -0.08 -0.17 0.2 0.09
703 150 325 119 46 -0.07 0.05 -0.08 -0.13 0.23 -0.04
704 133 361 125 45 -0.1 0.06 -0.04 -0.2 0.11 -0.25
705 154 397 134 69 -0.1 0.0 -0.04 -0.04 0.12 -0.46
706 142 395 128 59 -0.09 0.0 -0.02 -0.18 0.08 -0.32
707 134 396 120 56 -0.07 -0.05 0.01 -0.23 0.08 -0.02
708 159 402 115 52 -0.07 0.0 0.03 -0.15 0.1 0.02
709 147 372 113 52 -0.07 0.02 0.04 -0.12 0.09 0.04
710 136 398 113 48 -0.04 -0.02 0.03 -0.04 0.03 0.0
711 149 388 112 45 -0.01 -0.05 0.01 0.03 0.01 -0.01
712 127 345 106 48 0.01 -0.02 -0.0 0.07 0.07 -0.11
713 128 335 98 45 0.0 0.02 -0.01 0.02 0.04 -0.18
714 164 362 95 42 -0.02 0.01 -0.01 -0.09 0.06 0.04
715 157 345 96 38 -0.04 -0.01 -0.02 -0.13 0.09 0.1
716 136 321 91 38 -0.06 -0.02 -0.03 -0.03 0.18 -0.37
717 150 307 92 33 -0.08 0.03 -0.03 0.16 0.12 -0.51
718 145 294 93 32 -0.08 0.05 -0.03 0.05 0.08 -0.44
719 153 305 99 33 -0.08 0.05 -0.04 0.0 0.07 -0.22
720 137 280 100 32 -0.1 0.05 -0.05 -0.14 0.07 -0.06
721 132 293 101 30 -0.12 0.08 -0.04 -0.29 0.04 -0.04
722 159 301 96 33 -0.11 0.05 -0.04 -0.27 0.04 -0.09
723 134 306 90 31 -0.09 0.03 -0.01 -0.32 0.06 -0.09
724 154 297 93 31 -0.08 0.03 -0.0 -0.29 0.05 -0.11
725 135 287 97 29 -0.07 0.05 0.01 -0.2 0.14 -0.02
726 149 298 107 30 -0.05 0.06 0.0 -0.15 0.15 -0.05
727 135 344 108 32 -0.05 0.05 0.01 -0.01 0.14 0.08
728 158 364 101 30 -0.06 0.05 0.02 0.0 0.16 0.07
729 143 315 98 29 -0.04 0.01 0.02 0.03 0.09 -0.01
730 129 304 93 28 -0.02 0.0 0.01 0.04 0.09 -0.06
731 159 310 96 27 -0.01 0.05 0.02 -0.01 0.13 0.0
732 149 295 95 27 -0.01 0.08 0.01 0.05 0.13 -0.12
733 135 298 96 28 -0.02 0.09 0.02 0.08 0.18 -0.14
734 118 310 96 28 -0.03 0.03 0.01 0.09 0.19 -0.12
735 122 306 92 29 -0.04 -0.01 -0.01 0.05 0.17 -0.14
736 103 259 92 28 -0.04 -0.01 -0.01 0.11 0.14 -0.04
737 98 267 91 29 -0.04 0.01 -0.02 -0.06 0.09 0.03
738 119 271 91 29 -0.03 0.03 -0.02 -0.01 0.04 0.13
739 114 258 96 28 -0.03 0.04 -0.01 -0.12 0.05 0.03
740 108 246 101 27 0.01 0.03 0.01 0.03 0.04 0.04
741 153 263 96 29 0.02 0.04 0.01 -0.08 0.07 0.08
742 157 265 95 29 0.03 0.04 0.01 -0.13 0.06 0.05
743 146 284 87 28 0.03 0.02 0.01 -0.18 0.12 -0.12
744 140 306 86 28 0.04 0.01 0.03 -0.13 0.11 -0.16
745 146 312 83 30 0.04 -0.01 0.04 0.0 0.12 -0.22
746 130 287 86 29 0.03 0.01 0.06 -0.08 0.07 -0.22
747 142 282 82 28 0.02 0.01 0.07 -0.18 0.05 -0.31
748 138 251 80 28 0.02 0.0 0.07 -0.13 0.05 -0.28
749 133 254 78 27 -0.0 0.01 0.07 -0.08 0.1 -0.19
750 134 232 78 27 -0.02 0.03 0.07 -0.03 0.02 -0.21
751 122 242 76 26 -0.02 0.06 0.07 0.02 0.02 -0.22
752 129 230 75 26 -0.04 0.13 0.06 -0.06 -0.03 -0.36
753 127 209 79 25 -0.04 0.13 0.05 -0.05 -0.03 -0.39
754 143 189 77 25 -0.05 0.13 0.04 -0.08 -0.09 -0.35
755 138 204 76 25 -0.09 0.15 0.05 -0.16 -0.13 -0.41
756 138 182 75 25 -0.17 0.2 0.07 -0.26 -0.19 -0.46
757 132 185 76 25 -0.22 0.2 0.09 -0.3 -0.25 -0.54
758 130 165 74 24 -0.34 0.24 0.14 -0.33 -0.41 -0.59
759 131 163 74 24 -0.38 0.25 0.16 -0.43 -0.48 -1.01
760 130 182 73 24 -0.5 0.28 0.23 -0.37 -0.52 -1.01
761 130 176 72 24 -0.58 0.36 0.34 -0.66 -0.67 -1.43
762 128 158 69 27 -0.61 0.45 0.39 -0.91 -0.51 -1.78
763 130 137 70 24 -0.77 0.7 0.51 -0.88 -0.66 -1.74
764 123 126 69 24 -0.98 1.13 0.62 -0.7 -0.67 -1.25
765 133 128 69 24 -1.14 1.29 0.69 -0.58 -0.7 -1.18
766 126 123 68 24 -1.36 1.3 0.76 -0.51 -0.53 -1.46
767 123 116 68 24 -1.49 1.25 0.75 -0.78 -0.44 -2.09
768 109 121 65 24 -1.55 1.25 0.72 -0.94 -0.38 -2.85
769 100 120 64 29 -1.79 1.54 0.74 -0.6 -0.22 -2.87
770 96 118 63 28 -2.11 1.95 0.74 0.13 -0.31 -2.2
771 89 117 62 26 -2.25 2.1 0.71 0.35 -0.57 -1.34
772 101 117 61 26 -2.47 2.04 0.62 0.36 -0.58 -1.06
773 96 119 59 26 -2.48 1.67 0.42 0.18 -0.45 -0.72
774 82 117 58 25 -2.48 1.5 0.32 0.7 0.06 -0.84
775 67 117 56 25 -2.51 1.4 0.12 1.34 -0.02 -0.39
776 58 112 54 27 -2.48 1.59 -0.09 1.44 0.28 0.01
777 52 105 53 27 -2.46 1.72 -0.2 0.81 -0.22 1.0
778 55 102 52 26 -2.44 1.8 -0.45 0.71 -0.36 1.1
779 60 100 50 29 -2.34 1.69 -0.69 2.08 0.14 0.62
780 54 96 50 33 -2.25 1.4 -0.66 0.31 -0.42 -0.12
781 60 93 49 30 -1.83 0.74 -0.77 0.32 -0.53 -0.38
782 54 89 51 28 -1.65 0.44 -0.86 0.13 -0.55 -1.11
783 52 87 54 28 -1.61 0.36 -0.85 -0.4 -0.85 -1.42
784 83 86 57 28 -0.86 0.29 -0.7 -30.8 -11.87 29.89
785 80 86 58 27 0.45 -3.26 0.21 6.91 2.74 -2.47
786 65 85 64 26 0.41 -1.75 0.2 -0.3 -0.01 -0.65
787 61 82 64 25 0.97 0.6 -0.05 -0.76 0.31 0.08
788 59 82 64 26 0.47 -0.14 -0.23 1.03 1.1 -0.02
789 54 81 57 25 0.09 -0.66 -0.27 0.68 0.87 0.89
790 46 79 62 25 -0.14 -0.97 -0.16 0.48 0.74 0.75
791 41 77 67 24 -0.14 -0.72 0.11 1.37 -0.19 -0.23
792 36 75 66 24 -0.0 -0.51 0.15 1.24 0.17 0.19
793 33 76 63 24 0.06 0.07 0.07 0.88 0.25 0.51
794 35 77 66 24 -0.03 0.5 -0.02 -0.01 0.05 -0.04
795 37 75 72 24 -0.04 0.51 -0.01 -0.29 0.0 -0.25
796 32 74 68 25 -0.11 0.18 0.06 -0.36 -0.13 -0.08
797 34 73 65 24 -0.06 -0.01 0.08 -0.37 -0.03 -0.12
798 31 72 64 25 -0.05 -0.01 0.07 -0.31 -0.19 -0.1
799 29 71 72 25 0.03 0.05 0.05 0.03 0.08 -0.05
-100 -100 -100 -100 -100 -100 -100 -100 -100 -100 -100
800 29 72 75 24 0.07 0.11 0.0 0.01 0.22 -0.01
801 27 72 75 24 0.06 0.12 -0.0 0.07 0.11 -0.03
802 26 71 71 24 0.06 0.11 -0.02 0.06 0.19 0.07
803 24 71 69 24 0.0 -0.03 -0.01 0.07 0.13 -0.02
804 29 71 73 25 -0.0 -0.04 -0.0 0.01 0.05 0.03
805 26 72 73 24 -0.01 -0.03 -0.0 0.01 0.02 -0.02
806 26 73 70 23 -0.01 0.01 -0.0 0.03 0.03 -0.04
807 23 75 73 24 0.0 0.02 -0.01 0.02 0.1 -0.03
808 30 78 71 23 0.01 0.03 0.0 0.05 0.1 -0.02
809 30 78 74 23 0.01 0.05 0.01 0.05 0.14 0.01
810 29 79 70 23 0.0 0.06 0.01 0.04 0.14 0.0
811 30 79 69 24 -0.02 0.06 0.01 0.02 0.14 0.0
812 29 78 67 24 -0.02 0.08 0.0 -0.06 0.09 -0.02
813 37 79 65 24 -0.02 0.09 0.0 -0.08 0.11 -0.05
814 36 79 69 24 -0.01 0.06 0.0 0.0 0.11 -0.02
815 39 79 70 24 -0.01 0.05 0.0 0.0 0.08 0.0
816 42 80 74 24 -0.03 0.03 0.0 0.06 0.05 -0.04
817 45 81 73 23 -0.02 0.04 -0.0 0.04 0.03 -0.03
818 45 82 75 24 -0.0 0.05 -0.0 -0.01 0.07 0.02
819 45 82 68 24 0.0 0.05 -0.0 -0.13 0.14 -0.04
820 45 82 72 23 -0.0 0.0 -0.0 -0.11 0.12 -0.02
821 46 83 71 24 -0.01 -0.02 -0.0 0.0 0.18 0.03
822 53 84 70 24 -0.01 -0.03 -0.0 0.04 0.11 0.0
823 57 85 70 24 -0.04 -0.04 0.0 0.07 0.09 0.01
824 58 87 65 24 -0.05 -0.04 0.01 0.06 0.01 0.0
825 58 88 63 24 -0.03 -0.02 0.01 0.05 0.04 -0.03
826 65 89 77 24 -0.02 -0.01 0.01 0.01 0.03 -0.05
827 67 89 74 24 -0.0 0.01 0.01 0.0 0.07 -0.03
828 68 90 73 24 -0.0 0.02 0.01 0.0 0.1 -0.01
829 67 90 68 24 0.0 0.04 0.0 -0.02 0.12 -0.02
830 66 91 66 24 0.01 0.03 -0.01 -0.06 0.14 -0.04
831 77 92 75 28 0.0 0.01 -0.01 -0.03 0.15 -0.03
832 76 91 77 28 -0.01 -0.08 0.0 -0.07 0.12 -0.04
833 81 91 73 27 -0.17 -0.7 0.04 -0.73 0.06 -0.09
834 81 90 75 26 -0.23 -0.98 0.06 -0.51 0.03 -0.02
835 79 90 72 26 -0.18 -0.96 0.05 0.01 0.03 0.05
836 86 92 71 25 -0.09 -0.7 0.04 0.42 0.05 -0.06
837 89 91 76 25 -0.05 -0.53 0.04 0.61 0.18 0.03
838 88 90 76 25 0.01 -0.21 0.01 0.56 0.2 0.02
839 87 90 77 25 0.04 0.07 -0.01 0.33 0.16 -0.03
840 90 89 76 25 0.02 0.12 -0.02 -0.09 0.06 -0.05
841 92 90 78 24 -0.01 0.04 -0.01 -0.31 0.06 -0.04
-200 -200 -200 -200 -200 -200 -200 -200 -200 -200 -200
842 91 89 85 24 -0.02 -0.09 -0.0 -0.36 0.13 -0.02
843 90 89 82 24 -0.01 -0.12 -0.0 -0.03 0.16 -0.01
844 96 89 79 25 0.02 -0.07 -0.0 0.25 0.2 0.0
845 98 88 80 24 0.02 0.05 -0.01 0.32 0.19 0.01
846 100 88 82 24 0.02 0.1 -0.01 0.0 0.14 -0.08
847 98 89 77 24 0.0 0.14 0.0 -0.11 0.1 -0.05
848 103 88 74 24 -0.02 0.06 0.01 -0.19 0.1 -0.05
849 105 90 68 25 -0.01 0.04 0.0 -0.08 0.08 -0.05
850 106 89 76 24 0.0 0.02 -0.01 -0.01 0.11 -0.06
851 109 89 75 24 0.02 0.05 -0.01 0.07 0.1 -0.02
852 109 88 77 27 0.03 0.07 -0.02 0.07 0.11 0.01
853 110 88 73 26 0.03 0.1 -0.01 -0.05 0.15 -0.03
854 109 88 71 26 -0.01 -0.0 -0.0 -0.12 0.14 -0.04
855 107 86 72 25 -0.0 -0.02 0.0 0.01 0.16 0.0
856 104 89 71 24 -0.0 -0.02 0.0 0.08 0.16 0.0
857 104 91 71 24 -0.01 0.0 -0.0 0.07 0.14 -0.01
858 102 89 72 24 -0.01 0.02 -0.01 -0.06 0.12 -0.04
859 125 91 69 24 -0.01 0.02 -0.01 -0.13 0.11 -0.06
860 124 93 65 24 -0.02 -0.04 -0.01 -0.11 0.07 0.0
861 114 90 62 24 -0.03 -0.07 -0.01 -0.09 0.03 -0.1
862 114 90 62 24 -0.04 -0.08 -0.02 0.0 0.07 -0.04
863 118 98 62 27 -0.06 -0.07 -0.03 -0.1 0.13 -0.01
864 134 116 61 35 -0.07 -0.09 -0.03 -0.07 0.1 0.06
865 165 138 61 51 -0.09 -0.24 -0.02 0.01 0.18 0.14
866 171 178 63 54 -0.11 -0.39 -0.02 0.12 0.07 -0.03
867 180 230 64 51 -0.04 -0.42 -0.02 0.09 0.02 -0.09
868 180 245 63 45 0.03 -0.5 -0.01 0.12 0.05 -0.03
869 238 266 60 44 0.06 -0.75 -0.02 -0.26 0.02 0.55
870 214 253 59 40 0.04 -0.97 -0.03 -0.04 0.12 1.04
871 209 297 60 38 0.15 -1.19 -0.12 0.0 0.33 0.84
872 217 303 61 38 0.25 -1.17 -0.25 0.31 0.23 1.28
873 231 295 63 36 0.43 -1.18 -0.3 1.27 0.03 1.42
874 222 316 62 33 0.67 -1.08 -0.34 -1.3 -0.99 2.09
875 218 331 65 31 1.6 -1.76 -0.53 3.59 1.24 3.72
876 184 352 70 31 1.43 -1.47 -0.55 1.96 1.0 3.51
877 163 421 84 30 1.55 -1.07 -0.54 1.13 0.75 3.48
878 137 402 96 34 1.7 -0.71 -0.64 0.71 0.91 3.26
879 134 388 111 34 1.81 -0.68 -0.69 0.76 0.95 3.23
880 110 568 122 43 1.92 -0.7 -0.73 0.71 0.78 3.23
881 96 636 129 48 2.12 -0.57 -0.71 0.29 0.41 2.36
882 96 600 121 46 2.26 -0.53 -0.7 0.14 0.36 1.62
883 140 538 113 56 2.21 -0.48 -0.65 -0.22 0.08 0.95
884 130 519 122 60 2.12 -0.55 -0.64 0.7 0.31 0.88
885 125 555 126 62 2.1 -0.52 -0.65 0.0 -0.43 -0.3
886 118 584 118 53 2.14 -0.45 -0.58 -0.34 -0.61 -0.38
887 118 563 123 49 2.19 -0.59 -0.53 -0.48 -0.76 -0.33
888 124 533 124 52 2.18 -0.6 -0.52 -0.62 -1.01 -0.33
889 143 509 135 52 2.1 -0.56 -0.47 -0.62 -1.01 -0.39
890 136 466 126 49 2.03 -0.53 -0.44 -0.94 -1.14 -1.24
891 130 452 129 48 1.98 -0.54 -0.42 -0.49 -1.23 -1.49
892 124 429 129 57 1.87 -0.52 -0.37 -0.46 -1.21 -1.94
893 123 412 124 57 1.74 -0.52 -0.36 -0.74 -1.33 -1.9
894 226 407 113 54 1.66 -0.54 -0.36 -0.49 -1.35 -2.11
895 233 383 110 61 1.45 -0.44 -0.33 -0.84 -1.45 -2.04
896 203 376 111 64 1.22 -0.34 -0.32 -0.75 -1.35 -2.28
897 186 365 120 64 1.1 -0.32 -0.33 -0.62 -1.28 -2.86
898 160 319 119 64 0.91 -0.3 -0.28 -0.43 -1.18 -2.72
899 138 314 117 57 0.72 -0.26 -0.23 -0.73 -1.19 -1.84
900 152 365 110 59 0.61 -0.25 -0.23 -1.0 -1.09 -1.5
901 164 393 109 67 0.4 -0.22 -0.21 -1.05 -0.99 -1.68
902 153 426 123 76 0.26 -0.15 -0.19 -0.92 -0.84 -2.03
903 154 393 114 75 0.19 -0.16 -0.17 -0.8 -0.74 -1.83
904 128 384 115 74 0.1 -0.18 -0.11 -0.53 -0.68 -1.58
905 118 373 113 69 0.02 -0.23 -0.07 -0.4 -0.6 -0.71
906 122 369 122 85 -0.02 -0.24 -0.07 -0.33 -0.25 -0.16
907 113 346 115 81 -0.08 -0.28 -0.11 -0.34 -0.1 0.01
908 137 347 119 84 -0.12 -0.31 -0.18 -0.13 0.09 0.01
909 137 371 119 94 -0.09 -0.33 -0.22 0.15 0.33 -0.57
910 140 357 112 89 -0.07 -0.08 -0.23 -0.01 0.38 -0.49
911 126 323 108 77 -0.01 -0.02 -0.22 0.0 0.49 -0.17
912 131 327 109 70 0.02 -0.04 -0.22 -0.11 0.55 0.13
913 169 309 108 76 0.02 0.04 -0.19 -0.54 0.57 0.22
914 197 325 102 68 -0.02 0.08 -0.16 -0.57 0.55 0.11
915 187 314 97 60 -0.02 0.06 -0.14 -0.4 0.53 -0.33
916 163 306 95 55 0.0 0.01 -0.07 -0.31 0.43 -0.38
917 158 339 94 51 0.01 0.04 0.02 -0.41 0.23 -0.22
918 140 311 94 46 0.01 0.04 0.05 -0.39 0.18 0.0
919 148 307 100 44 -0.02 0.06 0.09 -0.43 0.12 0.0
920 131 335 95 42 -0.02 0.09 0.13 -0.32 0.13 -0.02
921 118 309 97 43 -0.02 0.09 0.15 0.01 0.1 0.01
922 149 296 99 39 0.03 0.04 0.14 0.03 0.13 0.04
923 134 319 98 38 0.05 0.05 0.13 0.13 0.09 0.09
924 133 367 107 42 0.06 0.09 0.11 0.23 0.1 0.15
925 160 338 100 46 0.07 0.08 0.07 0.28 0.09 0.11
926 142 339 103 43 0.07 0.1 0.02 0.18 0.02 -0.1
927 131 372 101 43 0.08 0.11 0.01 0.16 -0.06 -0.22
928 119 353 102 40 0.1 0.09 -0.01 0.25 -0.04 -0.08
929 157 401 100 38 0.06 0.08 -0.01 -0.17 -0.03 0.0
930 168 396 97 39 0.05 0.03 -0.02 -0.05 -0.01 -0.14
931 160 419 105 40 0.01 0.05 -0.0 -0.12 0.03 -0.33
932 148 422 100 43 -0.01 0.04 0.01 0.07 0.04 -0.39
933 150 402 118 41 -0.01 0.03 0.01 0.1 -0.04 -0.52
934 152 370 122 37 0.02 -0.03 0.01 0.22 -0.01 -0.39
935 169 334 119 34 -0.02 0.04 0.03 0.16 0.0 -0.08
936 175 347 111 34 -0.04 0.07 0.02 -0.14 0.08 0.15
937 178 350 106 32 -0.08 0.06 -0.01 -0.16 0.14 0.07
938 174 360 103 32 -0.1 0.05 -0.02 -0.2 0.17 -0.17
939 178 357 98 31 -0.1 0.08 -0.02 -0.15 0.19 -0.14
940 175 329 98 31 -0.09 0.09 -0.01 -0.2 0.03 -0.19
941 182 309 101 32 -0.09 0.09 0.02 -0.02 0.08 -0.07
942 179 291 93 31 -0.09 0.09 0.03 -0.33 0.12 0.14
943 197 273 91 30 -0.09 0.08 0.05 -0.29 0.18 0.2
944 222 280 94 29 -0.08 0.04 0.04 -0.29 0.15 0.11
945 208 281 92 28 -0.07 0.04 0.03 -0.14 0.18 0.02
946 254 281 94 27 -0.05 0.08 0.03 -0.11 0.15 0.01
947 246 293 90 27 -0.06 0.09 0.01 -0.04 0.11 -0.11
948 244 300 87 27 -0.05 0.07 0.01 0.07 0.12 -0.16
949 251 295 90 27 -0.04 0.07 0.02 0.08 0.08 -0.12
950 247 309 91 27 -0.03 0.05 0.01 -0.08 0.04 0.01
951 269 301 86 26 -0.02 0.04 0.01 -0.08 0.08 -0.02
952 260 300 82 26 -0.03 0.06 0.01 -0.19 0.02 0.01
953 262 292 79 26 -0.04 0.03 -0.0 -0.09 0.06 0.0
954 256 310 76 26 -0.04 0.03 -0.0 -0.1 0.09 -0.28
955 262 287 78 26 -0.03 0.05 0.0 0.15 0.09 -0.38
956 256 313 81 26 -0.05 0.08 0.01 0.12 0.04 -0.19
957 261 289 79 26 -0.04 0.06 0.01 0.01 0.03 -0.07
958 294 302 75 26 -0.05 0.05 0.0 0.0 0.04 -0.09
959 303 295 74 25 -0.07 0.05 -0.02 -0.05 0.03 -0.09
960 281 307 77 25 -0.08 0.05 -0.02 -0.11 0.03 -0.1
961 281 288 73 25 -0.08 0.02 -0.02 -0.13 0.0 -0.16
962 279 305 78 25 -0.06 -0.01 -0.01 -0.17 0.0 -0.1
963 284 318 73 28 -0.06 0.01 -0.01 -0.16 0.0 -0.1
964 285 310 75 27 -0.06 0.07 0.0 -0.1 0.01 -0.09
965 287 332 78 26 -0.07 0.06 0.01 -0.17 0.03 -0.23
966 291 289 77 26 -0.07 0.04 0.01 -0.05 0.06 -0.2
967 286 304 81 26 -0.08 0.03 0.04 -0.21 0.06 -0.16
968 301 311 83 26 -0.09 0.03 0.05 -0.19 0.03 -0.1
969 304 294 80 26 -0.1 0.03 0.06 -0.16 0.05 -0.26
970 296 291 79 25 -0.09 0.01 0.06 -0.11 0.0 -0.19
971 296 301 77 25 -0.09 0.04 0.08 -0.08 -0.04 -0.26
972 297 282 74 25 -0.1 0.08 0.09 -0.16 -0.07 -0.23
973 302 270 71 25 -0.15 0.15 0.1 -0.26 -0.22 -0.46
974 305 266 68 24 -0.2 0.16 0.12 -0.3 -0.32 -0.64
975 303 244 68 27 -0.22 0.18 0.15 -0.42 -0.51 -0.77
976 305 246 75 25 -0.35 0.31 0.24 -0.6 -0.66 -0.86
977 302 231 70 24 -0.55 0.45 0.35 -0.83 -0.79 -1.11
978 305 224 68 25 -0.67 0.56 0.42 -0.83 -0.81 -1.36
979 304 242 66 24 -0.87 0.76 0.55 -1.17 -0.74 -2.19
980 296 226 64 26 -1.07 0.88 0.59 -0.54 -0.89 -2.48
981 298 228 69 25 -1.15 1.04 0.64 -0.76 -0.97 -2.74
982 280 223 68 25 -1.33 1.33 0.72 -0.83 -0.87 -2.72
983 281 211 67 25 -1.65 1.37 0.76 -0.81 -0.92 -2.47
984 272 197 65 24 -1.78 1.31 0.76 -0.67 -0.69 -2.35
985 265 195 64 24 -2.05 1.23 0.76 -0.53 -0.61 -2.47
986 249 189 62 24 -2.31 1.35 0.75 -0.2 -0.52 -2.25
987 239 228 60 24 -2.45 1.42 0.72 0.04 -0.62 -2.0
988 234 235 58 25 -2.73 1.42 0.62 0.82 -0.78 -1.07
989 220 216 57 25 -2.52 1.35 0.39 1.6 -0.53 -1.52
990 205 199 55 39 -2.45 1.27 0.29 1.77 -0.32 -1.89
991 185 178 60 44 -2.6 1.16 0.14 -0.54 -0.5 -1.98
992 179 167 60 41 -2.77 1.18 0.05 -0.26 -0.71 -0.24
993 164 158 57 38 -2.78 1.34 0.02 0.13 -0.81 1.75
994 157 141 54 36 -2.8 1.9 -0.05 -0.77 -0.95 2.32
995 159 133 53 34 -2.67 1.92 -0.18 -2.08 -1.37 2.36
996 159 120 52 32 -2.61 1.87 -0.31 -1.0 -1.09 2.42
997 155 110 52 30 -2.34 1.67 -0.23 -0.22 -0.44 1.61
998 185 106 61 27 -2.06 1.84 -0.45 -1.72 -1.14 0.33
999 173 101 85 28 -1.88 1.68 -0.46 -19.26 -8.14 28.42
1000 176 97 93 27 1.34 -1.56 -0.99 2.84 4.11 -0.97
1001 191 95 87 27 0.2 -3.42 0.06 3.49 1.16 -3.64
1002 169 92 87 27 0.38 -1.47 0.15 5.65 0.53 -2.22
1003 153 88 81 26 0.63 0.81 -0.11 1.37 0.89 -0.02
1004 148 84 80 25 -0.1 0.16 -0.02 2.86 0.38 0.01
1005 137 82 71 25 -0.21 -0.15 -0.02 1.71 0.02 0.1
1006 130 84 75 26 -0.45 0.07 0.1 0.55 -0.65 -0.24
1007 144 84 76 25 -0.15 0.23 0.23 -0.02 -0.24 -0.22
1008 127 81 70 24 -0.0 0.38 0.21 -0.3 -0.18 0.09
1009 109 80 70 26 0.06 0.51 0.1 -0.96 -0.08 -0.11
1010 98 82 69 26 -0.12 0.23 0.09 -0.59 0.14 -0.18
1011 87 85 67 25 -0.12 0.08 0.1 -0.54 0.0 -0.17
1012 75 88 77 25 -0.04 -0.12 0.13 0.11 0.41 0.03
1013 67 89 75 25 0.01 -0.11 0.07 0.19 0.35 0.11
1014 57 91 70 24 -0.02 -0.04 0.05 -0.2 0.25 0.02
1015 48 94 72 25 -0.04 0.07 0.01 -0.28 0.23 -0.1
1016 49 96 73 25 0.06 0.11 -0.03 -0.28 0.08 -0.08
1017 42 98 68 24 0.11 0.1 -0.04 -0.19 0.09 0.0
1018 39 101 74 24 0.13 0.02 -0.05 0.08 0.03 -0.03
-100 -100 -100 -100 -100 -100 -100 -100 -100 -100 -100
1019 34 100 73 25 0.1 -0.03 -0.04 0.19 -0.03 0.05
1020 37 99 71 24 0.1 -0.03 -0.04 0.19 0.0 0.01
1021 33 98 68 25 0.08 0.01 -0.04 0.06 0.02 -0.05
1022 64 98 69 24 0.09 0.05 -0.04 0.0 0.13 0.04
1023 54 98 70 24 0.09 0.05 -0.04 0.0 0.16 0.02
1024 47 99 69 24 0.07 0.05 -0.04 0.08 0.18 0.05
1025 46 99 77 24 0.02 0.04 -0.02 0.11 0.12 0.03
1026 41 100 72 24 0.02 0.04 -0.02 0.11 0.06 -0.01
1027 37 99 71 24 0.0 0.05 0.0 0.04 0.08 -0.03
1028 34 98 80 24 0.0 0.03 0.01 -0.07 0.1 -0.01
1029 31 97 74 24 -0.0 0.01 0.0 -0.07 0.11 0.0
1030 33 97 73 24 -0.01 -0.0 0.0 0.01 0.14 0.03
1031 31 94 74 22 -0.01 -0.0 0.01 0.0 0.13 0.01
1032 31 91 74 24 -0.01 0.01 0.01 0.05 0.13 -0.02
1033 38 88 74 24 -0.0 0.03 0.0 0.05 0.12 0.0
1034 38 86 71 24 -0.0 0.02 0.01 -0.05 0.12 0.0
1035 36 85 78 24 0.0 0.02 0.0 -0.08 0.12 0.0
1036 36 84 79 25 -0.01 0.01 0.01 -0.03 0.16 -0.03
1037 72 82 80 24 -0.02 -0.01 0.01 0.0 0.14 0.03
1038 71 80 77 25 -0.02 0.0 0.01 0.0 0.09 0.02
1039 68 78 72 24 -0.02 0.0 0.0 0.0 0.09 0.0
1040 66 78 72 24 -0.01 0.01 0.01 0.02 0.06 0.0
1041 67 77 75 24 -0.01 0.01 0.0 0.03 0.05 -0.02
1042 66 77 78 24 0.0 0.02 -0.0 -0.06 0.07 -0.03
1043 67 76 74 24 0.02 0.01 -0.01 -0.03 0.11 -0.02
1044 66 73 73 24 0.02 -0.0 -0.01 -0.04 0.1 -0.03
1045 67 73 74 24 0.02 -0.01 -0.02 -0.03 0.1 -0.02
1046 67 73 73 25 0.02 -0.02 -0.02 0.01 0.11 0.0
1047 69 74 76 25 0.02 -0.01 -0.02 0.0 0.11 0.02
1048 74 75 73 25 0.01 -0.01 -0.01 0.02 0.1 0.0
1049 77 75 69 25 0.0 0.0 -0.01 0.02 0.12 0.03
1050 87 74 74 24 0.0 -0.0 -0.01 -0.01 0.13 0.01
1051 89 75 77 24 0.0 -0.01 -0.01 0.0 0.09 -0.03
1052 90 72 78 25 0.0 -0.02 -0.01 0.0 0.13 0.02
1053 91 72 75 24 0.0 -0.01 -0.01 -0.03 0.1 0.0
1054 92 73 77 25 0.0 -0.02 -0.01 0.0 0.15 0.0
1055 93 72 75 24 0.0 -0.01 -0.01 -0.02 0.08 0.0
1056 96 71 76 24 0.01 -0.01 -0.01 -0.03 0.08 0.0
1057 96 70 81 25 0.01 -0.02 -0.01 0.04 0.08 0.0
1058 101 80 75 25 0.01 -0.01 -0.01 0.0 0.09 0.0
1059 102 84 70 24 0.01 -0.01 -0.01 0.03 0.19 0.0
1060 102 82 67 24 -0.01 -0.03 -0.01 0.0 0.16 0.02
1061 105 81 65 25 -0.03 -0.06 0.0 -0.09 0.07 0.01
1062 110 81 62 24 -0.03 -0.07 0.0 -0.01 0.06 -0.02
1063 112 90 62 24 -0.02 -0.08 0.01 -0.03 0.07 -0.01
1064 114 96 66 24 -0.02 -0.08 0.01 0.07 0.09 -0.04
-200 -200 -200 -200 -200 -200 -200 -200 -200 -200 -200
1065 111 95 70 24 -0.01 -0.07 0.01 0.02 0.08 -0.05
1066 119 98 69 25 -0.0 -0.06 0.01 -0.02 0.17 0.06
1067 138 104 65 25 -0.01 -0.06 -0.0 -0.03 0.1 0.01
1068 135 121 61 28 -0.03 -0.08 -0.01 -0.02 0.11 0.0
1069 133 128 60 30 -0.04 -0.13 -0.01 -0.21 0.11 -0.12
1070 142 127 58 29 -0.03 -0.17 -0.02 0.0 0.13 0.03
1071 146 121 62 28 -0.05 -0.18 -0.01 0.07 0.11 0.0
1072 145 123 61 36 -0.08 -0.18 -0.02 -0.02 0.11 -0.03
1073 170 141 59 44 -0.09 -0.21 -0.02 0.31 0.27 0.21
1074 184 146 58 41 -0.14 -0.25 -0.0 0.26 0.25 0.14
1075 193 150 57 38 -0.21 -0.35 0.0 -0.27 0.21 0.02
1076 196 179 55 35 -0.24 -0.56 0.01 0.14 0.32 0.14
1077 202 171 58 83 -0.22 -0.62 0.02 0.13 0.33 0.2
1078 207 183 61 100 -0.17 -0.7 -0.01 0.19 0.21 0.71
1079 216 194 60 102 -0.13 -0.73 -0.04 0.2 0.12 1.17
1080 240 207 59 93 -0.05 -0.69 -0.16 -0.27 0.03 1.38
1081 223 209 60 79 0.07 -0.72 -0.28 0.34 -0.14 2.07
1082 202 229 61 67 0.15 -0.57 -0.27 -2.65 -1.53 2.07
1083 189 261 67 57 0.84 -0.93 -0.55 0.11 0.19 2.67
1084 179 280 66 51 1.15 -1.0 -0.45 -1.0 -0.54 2.17
1085 181 286 72 47 1.56 -1.18 -0.51 1.28 0.67 3.08
1086 166 288 70 43 1.65 -0.68 -0.38 0.23 0.51 2.62
1087 158 297 67 42 1.62 -0.4 -0.31 -0.21 0.33 2.38
1088 145 350 71 38 1.7 -0.52 -0.33 -0.02 0.28 1.94
1089 132 350 73 36 1.84 -0.91 -0.39 -0.03 0.37 1.61
1090 135 364 70 34 1.91 -1.03 -0.42 0.27 0.45 0.97
1091 131 382 70 34 1.93 -1.03 -0.45 0.47 0.06 0.76
1092 111 398 83 31 2.0 -0.98 -0.5 0.62 0.17 0.6
1093 97 416 94 37 2.05 -0.89 -0.54 0.29 -0.3 0.14
1094 87 416 92 34 2.12 -0.97 -0.56 0.29 -0.33 -0.21
1095 78 519 90 36 2.16 -0.98 -0.55 0.65 -0.47 -0.54
1096 92 506 89 33 2.12 -0.71 -0.55 -0.41 -0.87 0.27
1097 82 520 87 32 2.23 -0.7 -0.55 -0.42 -0.52 -0.09
1098 95 505 92 32 2.08 -0.46 -0.45 -0.19 -0.61 -0.13
1099 105 542 95 31 2.04 -0.31 -0.33 -0.33 -0.85 -0.32
1100 91 541 88 30 2.03 -0.34 -0.28 -0.55 -0.98 -0.1
1101 105 514 90 30 2.02 -0.59 -0.24 -0.67 -0.82 -0.63
1102 136 481 95 34 1.92 -0.65 -0.17 -0.65 -0.88 -0.87
1103 125 517 113 34 1.82 -0.59 -0.13 -0.57 -0.84 -1.08
1104 186 480 113 33 1.64 -0.49 -0.06 -0.58 -0.86 -0.84
1105 184 451 108 31 1.51 -0.54 -0.05 -0.56 -0.76 -0.97
1106 180 430 107 34 1.42 -0.56 -0.06 -0.08 -0.65 -1.27
1107 164 449 109 49 1.2 -0.47 -0.01 -0.21 -0.74 -1.29
1108 186 420 110 50 1.1 -0.49 -0.04 -0.24 -0.59 -1.43
1109 227 418 110 49 1.04 -0.5 -0.05 -0.5 -0.59 -1.59
1110 210 405 119 60 0.88 -0.41 -0.02 -0.08 -0.65 -1.59
1111 201 392 123 62 0.81 -0.32 -0.01 -0.87 -0.81 -1.43
1112 229 435 131 62 0.78 -0.38 -0.02 -0.65 -0.59 -1.31
1113 258 437 137 64 0.63 -0.32 -0.02 -0.84 -0.49 -1.26
1114 273 423 132 72 0.49 -0.27 -0.02 -0.59 -0.54 -1.35
1115 250 443 135 73 0.44 -0.25 -0.02 -0.66 -0.37 -1.73
1116 243 429 129 63 0.33 -0.3 -0.01 -0.64 -0.36 -1.63
1117 266 399 128 60 0.19 -0.29 0.02 -0.26 -0.24 -1.8
1118 258 412 135 60 0.1 -0.18 0.07 -0.39 -0.28 -1.46
1119 275 391 126 53 0.01 0.0 0.07 -0.52 -0.2 -1.24
1120 255 395 120 50 -0.1 0.03 0.04 -0.36 -0.13 -0.97
1121 261 390 119 47 -0.16 0.03 0.03 -0.53 -0.03 -0.87
1122 256 388 116 48 -0.25 0.08 -0.01 -0.48 0.0 -0.79
1123 259 378 127 48 -0.29 0.1 -0.03 0.06 0.07 -0.89
1124 286 338 122 48 -0.31 0.17 -0.03 -0.2 0.0 -0.3
1125 254 350 122 47 -0.29 0.17 -0.06 -0.38 0.05 -0.19
1126 250 340 120 44 -0.31 0.12 -0.08 -0.38 0.08 0.17
1127 258 324 117 42 -0.3 0.13 -0.08 -0.64 0.07 0.27
1128 213 299 111 39 -0.3 0.1 -0.08 -0.58 0.15 0.25
1129 194 304 116 44 -0.32 0.16 -0.05 -0.12 0.25 -0.3
1130 184 321 110 41 -0.33 0.2 -0.0 0.1 0.24 -0.23
1131 209 311 120 38 -0.26 0.14 0.04 -0.26 0.09 0.28
1132 205 331 116 36 -0.21 0.07 0.07 -0.07 0.23 0.23
1133 284 298 111 33 -0.2 0.11 0.08 -0.13 0.17 0.46
1134 246 309 110 33 -0.15 0.13 0.07 -0.09 0.14 0.49
1135 226 292 105 29 -0.1 0.09 0.07 0.2 0.21 0.04
1136 185 311 108 29 -0.08 0.1 0.08 0.16 0.23 -0.08
1137 177 334 98 28 -0.08 0.16 0.08 0.2 0.17 -0.12
1138 208 339 99 31 -0.09 0.11 0.05 0.17 0.12 -0.09
1139 192 322 100 30 -0.09 0.07 0.04 0.15 0.15 -0.13
1140 186 353 94 30 -0.09 0.06 0.03 0.11 0.15 -0.14
1141 172 331 100 30 -0.1 0.09 0.01 0.13 0.11 -0.17
1142 183 326 102 29 -0.1 0.08 0.01 0.22 0.17 -0.28
1143 165 320 100 29 -0.09 0.06 0.01 0.04 0.03 0.01
1144 158 339 104 28 -0.08 0.01 -0.01 -0.07 0.0 0.06
1145 136 314 101 27 -0.09 0.02 -0.01 -0.17 0.01 -0.05
1146 144 320 94 28 -0.09 0.01 -0.02 -0.13 0.04 -0.09
1147 138 325 99 26 -0.09 0.03 -0.02 -0.12 0.0 -0.19
1148 195 302 96 26 -0.09 0.02 -0.03 -0.02 0.01 -0.23
1149 180 296 92 26 -0.08 0.03 -0.03 -0.09 0.05 -0.05
1150 163 288 94 25 -0.08 0.04 -0.05 -0.12 0.14 -0.03
1151 146 330 93 25 -0.09 0.04 -0.05 -0.12 0.15 -0.02
1152 122 330 87 27 -0.08 0.02 -0.06 0.03 0.25 -0.07
1153 147 318 89 26 -0.07 0.06 -0.05 -0.03 0.23 -0.11
1154 158 308 89 26 -0.06 0.07 -0.04 0.0 0.22 0.01
1155 146 301 88 26 -0.05 0.05 -0.04 0.0 0.18 0.07
1156 121 288 87 26 -0.03 0.01 -0.05 0.03 0.09 -0.04
1157 101 264 91 25 -0.02 0.01 -0.05 0.07 0.13 0.0
1158 95 271 91 25 -0.03 0.0 -0.05 0.07 0.07 -0.03
1159 90 259 94 25 -0.03 0.01 -0.03 -0.08 0.07 -0.01
1160 90 322 90 25 -0.03 0.02 -0.02 -0.11 0.07 -0.05
1161 90 312 88 25 -0.01 0.01 -0.01 -0.11 0.11 0.01
1162 96 291 88 24 0.01 -0.01 -0.02 -0.26 0.15 -0.17
1163 91 272 89 27 0.01 -0.03 -0.02 -0.13 0.06 -0.06
1164 152 315 89 28 0.03 -0.05 -0.02 0.05 0.09 0.04
1165 127 305 97 27 0.05 -0.06 -0.01 -0.03 0.12 0.05
1166 132 276 95 27 0.05 -0.06 -0.01 0.07 0.12 0.05
1167 118 273 90 26 0.06 -0.0 -0.0 0.02 0.09 0.05
1168 123 259 87 25 0.07 -0.04 -0.02 0.04 0.06 -0.04
1169 139 254 92 25 0.08 -0.05 -0.02 0.08 0.1 -0.04
1170 143 234 92 26 0.07 -0.02 -0.04 -0.02 0.19 -0.05
1171 135 252 93 25 0.04 0.03 -0.05 -0.12 0.13 -0.14
1172 120 277 86 26 0.04 0.04 -0.06 -0.14 0.14 -0.15
1173 109 254 86 26 0.02 0.05 -0.06 -0.18 0.09 -0.22
1174 105 259 81 26 0.01 0.06 -0.04 -0.19 -0.01 -0.26
1175 106 274 87 25 0.0 0.05 -0.03 -0.2 -0.06 -0.26
1176 106 260 93 25 0.0 0.02 -0.02 -0.27 -0.12 -0.37
1177 104 254 88 24 -0.03 0.12 0.0 -0.5 -0.28 -0.47
1178 100 233 87 24 -0.05 0.19 0.02 -0.56 -0.29 -0.53
1179 96 201 82 24 -0.1 0.3 0.06 -0.73 -0.39 -0.73
1180 94 180 77 24 -0.15 0.34 0.1 -0.66 -0.43 -0.83
1181 96 161 74 24 -0.18 0.42 0.14 -0.93 -0.54 -0.93
1182 95 144 71 24 -0.3 0.67 0.22 -0.95 -0.6 -1.1
1183 92 134 69 24 -0.51 1.09 0.32 -0.71 -0.75 -1.18
1184 90 124 68 24 -0.67 1.33 0.39 -0.6 -0.8 -1.23
1185 82 115 67 23 -1.02 1.76 0.51 -0.2 -0.86 -1.53
1186 69 107 68 24 -1.31 1.95 0.58 0.2 -0.88 -2.08
1187 74 108 68 24 -1.44 1.94 0.61 0.64 -0.84 -2.13
1188 68 111 69 23 -1.63 1.81 0.55 0.53 -0.68 -2.31
1189 61 115 69 23 -1.78 1.66 0.43 -0.16 -0.21 -3.0
1190 52 122 68 23 -1.87 1.58 0.38 -0.64 -0.09 -3.25
1191 45 129 66 24 -1.98 1.66 0.31 -0.84 0.02 -3.6
1192 40 132 65 24 -2.14 2.14 0.29 -0.71 -0.08 -3.8
1193 61 134 64 24 -2.27 2.47 0.3 -0.74 -0.51 -2.88
1194 73 138 62 24 -2.6 2.69 0.3 -1.46 -0.73 -1.59
1195 76 132 61 24 -2.71 2.16 0.22 -1.02 -0.56 0.12
1196 81 133 59 24 -2.72 1.82 0.16 -0.96 -0.49 0.37
1197 74 140 58 24 -2.7 1.48 0.04 -0.48 -0.68 0.48
1198 84 140 57 24 -2.71 1.84 -0.02 0.18 -0.07 0.35
1199 85 143 56 24 -2.81 2.1 -0.02 0.95 -0.2 0.29
1200 73 141 54 23 -2.81 2.39 -0.13 0.22 -0.43 0.97
1201 61 140 53 24 -2.58 2.1 -0.37 0.52 -0.22 1.55
1202 54 137 52 24 -2.43 1.81 -0.47 -0.35 -1.02 1.56
1203 47 137 51 24 -2.0 1.19 -0.55 0.13 -0.71 1.67
1204 55 139 50 23 -1.83 0.89 -0.72 0.15 -0.84 1.32
1205 46 138 50 24 -1.75 0.74 -0.74 0.76 -0.24 0.79
1206 41 138 49 24 -1.28 0.29 -0.55 -0.95 -0.45 0.25
1207 46 137 59 24 0.19 -2.51 -0.97 -16.1 -4.34 18.9
1208 76 136 61 24 0.86 -5.98 -0.41 -4.84 -0.08 10.35
1209 64 136 61 24 0.61 -2.55 0.22 3.72 0.53 -0.11
1210 55 134 59 24 0.73 0.29 -0.05 0.89 0.24 -0.26
1211 57 130 58 24 0.57 0.09 -0.14 1.65 0.34 -0.32
1212 80 128 60 24 0.24 -0.8 -0.15 1.86 0.15 0.37
1213 85 129 60 23 0.18 -0.39 -0.01 0.85 0.03 0.43
1214 74 129 72 23 0.06 -0.14 0.07 0.63 -0.11 0.01
1215 96 125 78 23 0.05 0.03 0.15 0.75 0.0 0.04
1216 135 126 75 23 0.08 0.21 0.12 -0.41 0.33 0.41
1217 124 123 69 24 0.06 0.23 0.1 -0.8 0.42 0.45
1218 108 120 65 24 -0.09 0.21 0.06 -0.77 0.55 0.01
1219 99 120 62 23 -0.12 0.01 0.04 -0.64 0.53 -0.16
1220 89 119 60 24 -0.11 -0.18 0.05 0.0 0.61 -0.11
1221 87 120 59 24 -0.09 -0.27 0.03 -0.06 0.21 -0.07
1222 84 118 58 23 -0.04 -0.18 0.02 0.26 0.06 -0.03
1223 77 115 57 23 -0.02 -0.11 -0.0 0.09 0.0 -0.09
1224 77 114 61 24 0.07 0.03 -0.06 0.01 -0.09 -0.21
1225 72 111 64 23 0.22 0.13 -0.09 -0.18 -0.08 -0.21
1226 67 108 62 24 0.26 0.13 -0.1 -0.14 -0.12 -0.08
1227 95 105 61 24 0.28 0.09 -0.11 -0.04 -0.04 0.0
1228 93 104 60 24 0.26 0.07 -0.09 0.02 -0.02 0.0
1229 96 104 69 24 0.24 0.05 -0.08 0.02 0.07 0.0
1230 94 103 65 24 0.21 0.01 -0.05 0.09 0.23 0.12
1231 99 103 63 24 0.14 -0.02 -0.03 0.19 0.27 0.11
1232 99 103 65 24 0.12 -0.01 -0.03 0.22 0.26 0.1
1233 99 103 71 24 0.06 0.03 -0.02 0.22 0.21 0.13
-100 -100 -100 -100 -100 -100 -100 -100 -100 -100 -100
1234 97 100 73 24 0.03 0.08 -0.02 0.07 0.13 0.05
1235 95 98 68 24 0.02 0.1 -0.01 0.0 0.15 0.02
1236 87 98 71 24 0.0 0.09 -0.0 -0.22 0.11 -0.06
1237 94 96 73 24 -0.01 0.04 -0.01 -0.2 0.09 -0.07
1238 96 96 70 24 -0.0 0.01 0.0 -0.14 0.09 -0.07
1239 100 94 68 24 0.02 -0.02 -0.01 0.0 0.12 -0.03
1240 101 93 67 24 0.03 -0.02 -0.02 0.02 0.09 -0.04
1241 104 91 64 24 0.03 -0.0 -0.02 0.02 0.07 0.0
1242 129 90 63 24 0.02 0.01 -0.03 -0.04 0.1 0.0
1243 127 91 61 24 0.02 0.01 -0.03 -0.11 0.1 -0.04
1244 125 90 67 24 0.02 -0.01 -0.02 -0.08 0.14 -0.06
1245 121 88 65 24 0.01 -0.03 -0.02 0.07 0.16 0.06
1246 118 85 71 24 -0.01 -0.04 -0.0 0.07 0.09 0.05
1247 121 85 71 24 -0.02 -0.04 0.0 0.1 0.08 0.01
1248 119 83 68 24 -0.04 -0.01 0.01 0.04 0.05 0.0
1249 118 83 65 24 -0.04 0.0 0.01 -0.02 0.05 -0.03
1250 115 83 64 24 -0.04 0.0 0.0 -0.06 0.04 -0.03
1251 121 81 69 24 -0.03 0.01 -0.0 -0.08 0.06 -0.04
1252 124 80 69 24 -0.02 -0.0 -0.01 -0.04 0.06 -0.04
1253 124 78 66 24 -0.01 -0.0 -0.01 -0.02 0.07 -0.06
1254 123 76 64 24 0.0 -0.01 -0.02 -0.03 0.06 -0.07
1255 118 75 62 24 0.01 -0.0 -0.02 -0.04 0.09 -0.02
1256 122 75 61 24 0.01 -0.0 -0.02 -0.04 0.09 -0.03
1257 120 74 58 24 0.01 -0.01 -0.02 -0.01 0.11 -0.01
1258 117 75 59 24 0.01 -0.01 -0.02 0.0 0.11 -0.01
1259 120 75 62 24 0.01 -0.02 -0.02 0.05 0.09 0.05
1260 119 74 60 24 -0.0 -0.01 -0.01 0.05 0.12 0.01
1261 117 75 57 24 -0.01 -0.0 0.0 0.02 0.13 -0.03
1262 117 73 55 23 -0.01 0.0 -0.0 -0.02 0.09 -0.02
1263 118 72 61 23 -0.01 0.0 -0.01 -0.1 0.13 -0.04
1264 115 72 63 24 -0.0 -0.02 -0.02 -0.1 0.11 -0.04
1265 115 71 60 23 0.0 -0.03 -0.02 -0.06 0.12 0.0
1266 115 71 60 24 0.0 -0.04 -0.02 -0.04 0.08 0.0
1267 114 71 58 24 -0.0 -0.05 -0.02 0.05 0.03 0.0
1268 111 72 58 24 -0.01 -0.03 -0.01 0.09 0.05 -0.02
1269 110 72 62 24 -0.01 -0.02 -0.01 0.04 0.05 -0.02
1270 113 72 64 24 -0.01 -0.01 -0.01 -0.02 0.11 -0.02
1271 112 72 59 24 -0.01 -0.01 -0.01 -0.08 0.05 -0.01
1272 110 72 57 24 -0.0 -0.02 -0.01 -0.05 0.09 0.0
1273 111 72 61 23 -0.01 -0.02 -0.01 0.0 0.09 -0.04
1274 108 71 61 24 -0.01 -0.03 -0.01 0.0 0.05 -0.02
1275 109 71 63 23 -0.01 -0.03 -0.01 0.04 0.09 -0.02
1276 116 67 61 23 -0.01 -0.02 -0.01 0.01 0.09 -0.03
1277 117 71 65 24 0.0 -0.01 -0.01 0.0 0.12 0.02
1278 121 71 62 24 -0.01 -0.01 -0.01 -0.01 0.1 -0.02
1279 123 73 60 23 -0.01 -0.01 -0.01 0.0 0.08 -0.02
1280 124 72 56 23 -0.01 -0.02 -0.0 0.0 0.09 -0.01
1281 129 73 54 23 -0.01 -0.03 -0.0 0.0 0.07 -0.05
1282 127 73 54 23 -0.01 -0.03 0.0 0.05 0.08 -0.08
1283 130 72 59 23 0.01 -0.08 0.01 0.07 0.07 -0.02
1284 127 75 60 24 0.01 -0.07 0.02 0.04 -0.01 0.01
1285 128 75 65 23 0.01 -0.03 0.03 -0.08 0.08 -0.01
1286 126 73 60 23 0.01 0.0 0.02 -0.14 0.12 0.03
1287 134 72 68 23 -0.01 -0.0 0.01 -0.14 0.18 0.03
1288 135 72 68 23 -0.02 -0.02 0.01 -0.09 0.18 0.0
1289 135 73 71 23 -0.03 -0.05 0.0 -0.05 0.13 0.02
