-1 -1 -1 -1 -1 -1 -1 -1 -1 -1 -1
2 18 75 47 23 -0.03 0.07 0.01 -0.13 -0.17 -0.14
3 17 75 47 23 -0.01 0.04 0.02 0.01 0.0 -0.12
4 18 76 47 24 0.0 0.0 0.02 0.0 0.09 -0.07
5 18 76 51 23 0.02 -0.01 -0.0 0.03 0.16 -0.05
6 17 75 54 23 0.02 -0.03 -0.02 0.11 0.18 -0.04
7 18 74 54 23 0.02 -0.04 -0.04 0.13 0.13 -0.01
8 17 73 53 23 0.01 -0.05 -0.05 0.14 0.03 -0.03
9 17 72 52 23 0.0 -0.05 -0.05 0.12 -0.06 -0.02
10 17 72 52 23 0.0 -0.06 -0.04 0.1 -0.06 -0.01
11 17 71 50 23 -0.02 -0.07 -0.02 0.02 0.0 0.15
12 16 72 49 23 -0.02 -0.07 -0.01 0.04 0.04 0.07
13 22 75 53 24 -0.02 -0.08 -0.0 0.06 0.1 0.11
14 20 77 51 23 -0.03 -0.08 -0.01 0.01 0.11 0.15
15 19 76 50 24 -0.03 -0.08 -0.01 -0.02 0.13 0.14
16 19 76 46 23 -0.04 -0.09 -0.02 0.0 0.07 0.13
17 18 74 49 24 -0.04 -0.1 -0.02 -0.01 0.05 0.07
18 18 74 49 23 -0.04 -0.1 -0.02 0.04 0.01 0.09
19 18 75 52 24 -0.04 -0.11 -0.02 0.02 0.01 0.14
20 17 76 51 23 -0.03 -0.11 -0.01 0.06 0.03 0.13
21 18 75 50 24 -0.03 -0.1 -0.01 0.02 0.04 0.12
22 17 74 50 23 -0.03 -0.08 -0.0 0.03 0.03 0.14
23 17 74 48 24 -0.01 -0.07 -0.01 0.02 0.07 0.11
24 22 74 48 24 -0.01 -0.06 -0.01 0.01 0.1 0.09
25 21 76 54 23 0.01 -0.06 -0.02 0.0 0.14 0.08
26 20 74 50 23 0.01 -0.05 -0.03 0.11 0.25 0.19
27 19 74 49 23 -0.0 -0.03 -0.06 0.15 0.1 0.16
28 18 72 49 23 0.0 0.03 -0.08 0.17 0.15 0.21
29 16 73 49 23 -0.02 0.09 -0.1 0.03 0.1 0.17
30 19 73 49 23 -0.03 0.1 -0.12 -0.08 0.0 0.09
31 18 74 48 23 -0.07 0.08 -0.1 -0.09 -0.02 0.08
32 23 76 48 23 -0.07 0.03 -0.07 -0.08 -0.07 0.05
33 21 78 49 23 -0.07 0.01 -0.05 0.02 -0.01 0.08
34 20 76 50 23 -0.07 -0.02 -0.02 0.05 0.05 0.13
35 20 76 51 24 -0.06 -0.01 -0.01 0.03 0.06 0.12
36 21 76 53 23 -0.06 -0.01 -0.01 -0.06 0.03 0.09
37 20 77 50 23 -0.05 -0.0 -0.02 -0.07 0.04 0.04
38 21 78 50 23 -0.03 -0.02 -0.02 -0.13 0.03 0.05
39 19 76 50 23 -0.03 -0.03 -0.01 -0.09 0.04 0.03
40 19 76 52 23 0.0 -0.05 -0.02 -0.11 0.06 0.05
41 22 74 50 23 0.02 -0.07 -0.01 0.0 0.07 0.07
42 21 73 49 23 0.02 -0.08 -0.02 0.0 0.09 0.14
43 20 73 53 23 0.03 -0.08 -0.02 0.02 0.11 0.16
44 19 73 52 23 0.02 -0.06 -0.03 0.06 0.09 0.14
45 19 72 67 23 0.02 -0.05 -0.03 0.01 0.07 0.15
46 19 73 79 23 0.02 -0.04 -0.03 0.0 0.06 0.14
47 19 75 117 24 0.0 -0.03 -0.03 0.0 0.07 0.19
48 24 75 108 23 -0.01 -0.02 -0.03 -0.02 0.16 0.23
49 23 76 98 23 -0.03 0.0 -0.03 0.05 0.21 0.19
50 21 75 87 23 -0.06 0.02 -0.05 -0.07 0.09 0.06
51 20 73 82 23 -0.07 0.02 -0.06 -0.11 -0.04 0.02
52 20 72 76 23 -0.07 -0.01 -0.05 -0.07 -0.06 0.0
53 20 74 72 22 -0.05 -0.03 -0.02 0.06 -0.02 0.09
54 19 72 66 23 -0.05 -0.03 -0.01 0.07 0.18 0.09
55 23 72 63 23 -0.04 -0.02 -0.0 0.0 0.02 0.1
56 21 73 63 23 -0.01 -0.01 -0.0 0.01 0.11 0.04
57 21 72 61 23 0.0 -0.01 -0.01 -0.05 0.06 0.1
58 20 71 58 24 0.02 -0.01 -0.01 -0.08 0.1 0.12
59 21 71 56 24 0.03 -0.02 -0.02 -0.06 0.06 0.07
60 20 71 61 23 0.02 -0.03 -0.02 -0.03 0.03 0.07
61 21 72 58 23 0.03 -0.03 -0.01 -0.03 0.06 0.1
62 25 73 58 23 0.02 -0.05 -0.01 0.0 0.07 0.1
63 23 73 56 23 0.01 -0.05 -0.0 0.01 0.06 0.07
64 22 73 54 23 0.02 -0.06 0.0 0.01 0.13 0.12
65 20 74 54 23 0.01 -0.06 0.0 0.04 0.1 0.14
66 19 73 54 23 0.01 -0.06 -0.0 0.06 0.03 0.12
67 19 75 52 23 -0.0 -0.08 0.01 0.01 0.01 0.14
68 19 75 51 23 0.01 -0.05 0.02 -0.04 0.01 0.05
69 18 75 51 23 0.0 -0.04 0.03 0.04 0.04 0.06
70 21 75 50 23 0.0 -0.02 0.04 0.02 0.08 0.05
71 21 85 52 23 0.0 -0.01 0.04 -0.07 0.11 0.09
72 20 115 51 24 -0.01 -0.01 0.03 -0.12 0.11 0.12
73 20 110 50 23 -0.03 -0.02 0.03 -0.04 0.11 0.1
74 20 138 50 23 -0.05 -0.01 0.03 0.0 0.05 0.11
75 20 188 50 23 -0.05 -0.03 0.04 -0.02 0.01 0.03
76 19 210 53 26 -0.03 -0.08 0.07 -0.09 0.04 0.02
77 21 232 52 23 0.04 -0.15 0.09 -0.02 -0.01 -0.02
78 20 197 51 23 0.07 -0.17 0.1 0.06 0.08 0.25
79 22 175 50 23 0.06 -0.15 0.11 0.11 0.11 0.2
80 24 174 50 24 0.03 -0.06 0.1 0.03 0.14 0.12
81 22 198 50 23 0.02 -0.02 0.1 -0.07 0.1 0.01
82 21 176 54 23 0.01 0.02 0.08 -0.18 0.15 -0.02
83 23 190 53 23 0.02 -0.03 0.06 -0.13 0.14 0.04
84 23 183 54 23 0.01 -0.05 0.05 0.07 0.18 0.21
85 22 164 52 23 -0.0 -0.04 0.05 -0.03 0.11 0.13
86 22 170 51 23 -0.02 -0.0 0.05 -0.11 0.11 0.02
87 21 157 50 23 -0.02 -0.01 0.05 -0.08 0.14 0.1
88 20 164 52 23 -0.03 -0.05 0.03 -0.09 0.14 0.09
89 19 190 51 23 -0.05 -0.05 0.03 -0.02 0.13 0.08
90 22 207 50 24 -0.06 -0.06 0.03 -0.06 0.09 0.03
91 26 234 51 24 -0.05 -0.09 0.02 -0.09 0.05 0.04
92 24 207 52 23 -0.03 -0.11 0.02 0.0 0.05 0.08
93 23 214 54 23 -0.02 -0.13 0.02 0.17 0.06 0.2
94 23 249 54 23 -0.02 -0.13 0.04 0.04 0.04 0.14
95 21 267 52 24 -0.01 -0.07 0.06 -0.09 0.02 0.03
96 21 272 52 24 -0.0 -0.08 0.07 -0.07 0.13 0.16
97 21 274 54 25 0.0 -0.15 0.1 -0.13 0.19 0.13
98 25 253 61 43 -0.03 -0.18 0.11 0.0 0.12 0.1
99 47 274 63 50 -0.06 -0.2 0.12 0.0 0.28 0.27
100 41 273 60 55 -0.18 -0.28 0.15 0.16 0.22 0.33
101 66 256 68 49 -0.29 -0.28 0.22 -0.13 0.33 0.55
102 74 291 77 72 -0.37 -0.26 0.26 0.03 0.74 0.42
103 69 317 81 94 -0.59 -0.44 0.31 0.12 0.73 0.82
104 68 372 97 97 -0.75 -0.36 0.34 0.42 0.79 0.81
105 68 582 106 106 -0.77 -0.26 0.35 0.2 0.72 0.77
106 60 541 103 91 -0.53 -0.06 0.44 -0.31 0.47 0.54
107 51 477 91 79 -0.23 -0.44 0.44 -1.5 0.0 1.49
108 51 540 89 72 -0.11 -0.54 0.45 -1.19 0.23 1.93
109 54 555 82 72 0.18 -0.25 0.56 -1.68 -0.09 2.17
110 50 561 88 62 0.79 -0.69 0.9 -2.99 -1.11 3.87
111 45 499 81 53 0.7 -1.1 0.68 -2.2 1.02 3.2
112 39 445 79 47 0.89 -0.97 0.82 -1.15 1.03 2.61
113 37 431 83 44 1.12 -0.53 0.89 -1.15 0.7 2.41
114 36 439 86 40 1.26 -0.35 0.91 -1.01 0.84 2.17
115 33 408 81 36 1.4 -0.14 0.93 -1.03 0.7 2.16
116 31 404 85 34 1.49 -0.19 0.97 -0.88 0.34 1.82
117 28 384 81 33 1.54 -0.29 0.98 -0.67 0.36 1.26
118 27 406 79 42 1.58 -0.43 0.99 -0.31 0.09 0.64
119 27 394 90 49 1.59 -0.45 0.99 -0.3 -0.2 0.01
120 26 374 93 46 1.58 -0.48 1.0 -0.13 -0.39 -0.29
121 25 354 90 42 1.66 -0.56 1.02 -0.16 -0.5 -0.12
122 23 342 84 44 1.71 -0.66 1.0 -0.05 -0.79 -0.4
123 27 320 79 52 1.69 -0.65 0.99 0.15 -1.08 -1.39
124 29 372 74 55 1.58 -0.53 0.94 0.14 -1.12 -1.61
125 30 372 78 72 1.48 -0.41 0.9 0.39 -1.32 -2.0
126 26 391 85 65 1.43 -0.4 0.88 0.52 -1.36 -2.34
127 25 347 91 61 1.39 -0.58 0.85 0.25 -1.56 -1.96
128 23 300 84 55 1.25 -0.83 0.8 0.78 -1.2 -1.31
129 21 276 77 50 1.15 -0.9 0.76 0.54 -1.21 -1.47
130 21 278 74 45 0.95 -0.96 0.64 0.42 -1.16 -2.04
131 20 273 84 41 0.76 -0.88 0.5 0.89 -1.06 -2.59
132 19 249 84 37 0.69 -0.76 0.44 0.86 -1.06 -2.6
133 23 232 78 35 0.54 -0.47 0.3 0.93 -0.93 -2.23
134 23 233 75 33 0.35 -0.15 0.16 0.84 -0.91 -1.86
135 22 230 72 35 0.23 -0.02 0.08 0.59 -0.95 -1.71
136 21 204 77 32 0.04 0.11 -0.07 0.63 -1.01 -1.68
137 19 175 69 30 -0.14 0.22 -0.21 0.67 -1.13 -2.41
138 19 151 65 29 -0.21 0.27 -0.25 0.67 -1.2 -2.49
139 18 145 63 28 -0.37 0.52 -0.34 0.62 -1.41 -2.71
140 26 179 59 36 -0.59 0.89 -0.45 0.52 -1.98 -2.88
141 27 195 58 47 -0.73 1.08 -0.51 0.76 -2.06 -3.1
142 49 220 56 44 -0.97 1.46 -0.59 1.26 -1.7 -4.57
143 46 209 54 40 -1.11 1.59 -0.62 0.85 -1.53 -4.3
144 42 181 66 36 -1.19 1.47 -0.64 0.38 -1.56 -3.86
145 46 159 65 34 -1.38 1.06 -0.72 0.05 -1.37 -1.86
146 46 165 61 32 -1.58 0.71 -0.81 0.03 -0.55 -0.32
147 47 193 59 29 -1.68 0.62 -0.85 -0.17 -0.31 0.08
148 53 190 56 38 -1.82 0.65 -0.89 -0.33 0.09 0.58
149 55 182 55 42 -1.9 0.81 -0.94 -0.4 0.52 0.65
150 60 173 55 38 -1.98 0.86 -0.93 -0.17 0.68 0.22
151 56 160 61 35 -1.92 0.68 -0.91 -0.67 0.47 0.8
152 54 154 64 32 -1.68 0.27 -0.84 -0.4 0.41 1.5
153 70 148 68 30 -1.58 0.21 -0.83 0.16 0.57 1.87
154 67 144 64 29 -1.46 0.32 -0.78 0.25 0.44 2.17
155 68 163 64 28 -1.38 0.68 -0.91 0.16 0.54 2.53
156 67 155 65 35 -1.4 0.88 -0.97 0.38 0.65 1.99
157 60 154 65 34 -1.4 1.29 -1.04 0.82 0.79 0.75
158 50 153 66 32 -1.31 1.39 -1.06 -0.42 0.21 0.75
159 43 165 76 30 -1.27 1.29 -1.06 -0.58 0.03 0.96
160 38 161 73 28 -1.03 0.86 -1.04 -1.24 -0.3 1.53
161 32 161 72 27 -0.7 0.46 -0.91 -0.97 -0.4 1.47
162 28 161 70 26 -0.64 0.42 -0.92 -0.68 0.0 1.34
163 33 159 69 27 -0.9 0.78 -0.71 -13.91 -1.18 13.92
164 41 151 69 26 -0.3 0.25 -0.28 -2.63 1.88 -0.14
165 40 147 75 25 -0.21 -0.23 -0.06 1.54 -0.01 -1.91
166 35 146 76 25 0.6 0.48 0.01 -0.22 0.41 -1.0
167 30 144 73 24 0.45 0.87 -0.01 1.19 0.81 0.16
168 27 143 70 24 0.17 0.76 -0.14 -0.19 -0.96 0.12
169 26 140 68 25 -0.0 -0.05 0.0 1.01 0.77 0.15
170 23 144 67 24 -0.18 -0.51 -0.01 -0.41 -0.13 0.19
171 21 141 66 24 -0.19 -0.56 -0.0 -0.51 -0.33 0.05
172 21 137 65 26 -0.04 -0.38 0.05 -0.28 -0.17 0.02
173 25 132 64 24 0.1 -0.16 0.07 -0.29 0.0 0.05
174 22 127 63 24 0.13 -0.11 0.09 0.04 0.22 0.01
175 22 121 69 24 0.13 -0.13 0.07 0.02 0.26 0.07
176 20 117 72 23 0.14 -0.22 0.02 -0.16 0.21 0.0
177 21 113 70 23 0.13 -0.27 0.01 -0.2 0.17 0.02
178 21 110 68 23 0.14 -0.32 -0.0 -0.26 0.14 0.09
179 19 108 68 23 0.14 -0.35 0.0 -0.19 0.22 0.03
180 18 105 69 24 0.14 -0.37 0.0 -0.15 0.23 0.05
181 18 102 67 24 0.13 -0.4 0.01 -0.01 0.23 0.17
182 18 97 64 24 0.12 -0.4 0.02 0.05 0.25 0.14
183 17 92 63 23 0.1 -0.4 0.02 0.08 0.26 0.13
184 17 90 61 23 0.08 -0.38 0.01 0.04 0.27 0.19
185 17 98 60 24 0.06 -0.29 0.01 0.04 0.23 0.17
186 17 97 61 24 0.06 -0.24 0.01 0.14 0.23 0.19
187 17 91 69 24 0.04 -0.14 -0.0 0.16 0.19 0.22
188 16 98 65 24 0.01 -0.05 -0.02 0.05 0.13 0.12
189 16 103 69 23 0.01 -0.01 -0.03 0.0 0.13 0.11
190 17 109 68 23 0.01 0.08 -0.04 0.08 0.14 0.1
191 16 120 68 24 0.02 0.13 -0.03 0.07 0.12 0.12
192 17 143 67 23 0.03 0.14 -0.03 0.05 0.14 0.13
193 16 136 71 23 0.03 0.13 -0.01 0.0 0.13 0.1
194 15 124 69 23 0.03 0.1 0.02 -0.19 0.18 0.0
195 16 112 68 23 0.03 0.06 0.02 -0.21 0.17 -0.05
196 16 105 65 24 0.03 -0.01 0.02 -0.12 0.2 0.0
197 16 96 66 25 0.04 -0.03 0.01 -0.03 0.19 0.07
198 17 92 64 24 0.04 -0.04 0.0 -0.06 0.19 0.03
199 16 100 63 24 0.05 -0.03 -0.01 -0.08 0.18 0.02
200 16 98 61 24 0.06 -0.02 -0.02 -0.1 0.19 0.06
201 15 108 69 24 0.06 -0.03 -0.03 -0.09 0.18 0.04
202 16 101 70 24 0.05 -0.05 -0.04 -0.1 0.22 0.06
203 15 93 69 24 0.04 -0.07 -0.04 -0.06 0.15 0.05
204 16 88 70 24 0.04 -0.08 -0.04 -0.03 0.12 0.07
205 16 85 69 24 0.03 -0.1 -0.03 0.01 0.1 0.07
206 16 81 67 24 0.02 -0.13 -0.02 -0.03 0.14 0.05
207 16 77 68 24 0.02 -0.15 -0.01 -0.08 0.14 0.02
208 16 75 70 24 0.01 -0.16 -0.01 -0.13 0.14 0.05
209 16 73 65 24 0.02 -0.19 -0.01 -0.09 0.15 0.04
210 16 73 65 24 0.02 -0.19 -0.01 -0.09 0.14 0.02
211 16 73 67 24 0.02 -0.2 -0.01 -0.06 0.15 0.06
212 16 74 65 24 0.01 -0.21 -0.01 -0.04 0.15 0.06
213 15 74 66 24 0.01 -0.21 -0.01 -0.03 0.15 0.08
214 16 74 67 24 0.01 -0.21 -0.01 -0.02 0.13 0.11
215 16 74 63 24 0.0 -0.21 -0.01 0.01 0.14 0.1
216 15 73 61 24 0.0 -0.18 -0.01 0.05 0.17 0.09
217 16 74 61 24 -0.0 -0.15 -0.01 0.04 0.18 0.1
218 16 74 59 23 -0.01 -0.11 -0.02 -0.02 0.14 0.07
219 16 73 58 24 -0.0 -0.09 -0.02 -0.05 0.13 0.05
220 16 75 59 24 -0.0 -0.08 -0.02 -0.06 0.12 0.06
221 16 75 69 23 -0.01 -0.07 -0.02 -0.07 0.13 0.02
222 16 76 65 24 -0.0 -0.08 -0.01 -0.05 0.12 0.05
223 16 78 62 24 -0.01 -0.08 -0.01 -0.06 0.12 0.05
224 16 78 60 23 -0.01 -0.08 -0.01 -0.03 0.12 0.06
225 16 77 61 24 -0.02 -0.07 -0.01 -0.05 0.15 0.05
226 16 78 59 24 -0.01 -0.07 -0.01 -0.06 0.14 0.09
227 16 79 56 23 -0.02 -0.07 -0.0 -0.01 0.17 0.08
228 17 81 54 24 -0.02 -0.06 -0.01 -0.02 0.15 0.1
229 26 82 53 24 -0.02 -0.02 -0.01 -0.09 0.1 0.06
230 25 83 66 24 -0.01 0.02 -0.01 -0.1 0.08 0.08
231 26 81 67 24 -0.01 0.05 -0.0 -0.12 0.11 0.1
232 23 80 64 24 0.0 0.2 0.01 0.14 0.15 0.16
233 22 80 60 23 0.01 0.27 0.01 0.32 0.2 0.23
234 21 80 65 23 -0.02 0.34 0.01 0.25 0.19 0.14
235 26 82 63 24 -0.05 0.38 0.02 0.15 0.21 0.14
236 36 83 61 23 -0.07 0.39 0.02 -0.04 0.15 0.04
237 32 81 69 24 -0.07 0.39 0.02 -0.12 0.14 0.01
238 32 80 66 23 -0.07 0.37 0.01 -0.23 0.14 -0.03
239 26 79 69 23 -0.06 0.31 0.01 -0.32 0.12 -0.05
240 24 79 66 24 -0.05 0.25 0.01 -0.29 0.11 -0.09
241 22 79 64 24 -0.04 0.14 0.0 -0.31 0.11 -0.08
242 21 79 61 23 -0.02 0.03 -0.0 -0.28 0.1 -0.07
243 20 77 60 23 -0.0 -0.01 0.0 -0.16 0.11 -0.02
244 19 77 57 23 0.02 -0.05 -0.0 -0.08 0.09 0.0
245 18 77 57 24 0.06 -0.08 -0.01 -0.14 0.06 -0.03
246 18 77 66 23 0.07 -0.1 -0.02 -0.2 0.08 -0.07
247 22 79 66 24 0.12 -0.15 -0.02 -0.23 0.08 -0.05
248 21 79 63 24 0.13 -0.18 -0.03 -0.31 0.14 -0.06
249 24 80 62 24 0.13 -0.27 -0.04 -0.29 0.2 -0.02
250 23 81 61 23 0.12 -0.38 -0.05 -0.19 0.2 0.05
251 23 83 65 23 0.09 -0.44 -0.05 -0.06 0.15 0.08
252 22 84 62 24 0.09 -0.46 -0.05 0.0 0.14 0.07
253 34 85 60 23 0.06 -0.46 -0.03 0.16 0.07 0.16
254 61 86 57 24 0.05 -0.4 -0.02 0.24 0.09 0.21
255 54 84 60 23 0.04 -0.36 -0.01 0.26 0.1 0.21
256 49 83 62 23 0.05 -0.24 -0.01 0.25 0.13 0.23
257 41 81 66 23 0.04 -0.16 -0.01 0.18 0.15 0.22
258 41 84 64 24 0.02 -0.01 -0.02 0.13 0.13 0.18
259 36 82 64 23 0.0 0.09 -0.01 0.0 0.12 0.14
-200 -200 -200 -200 -200 -200 -200 -200 -200 -200 -200
260 33 81 60 24 -0.02 0.15 -0.0 -0.02 0.11 0.08
261 33 80 62 23 -0.03 0.15 0.01 0.0 0.11 0.05
262 31 79 63 23 -0.04 0.13 0.02 -0.07 0.12 0.04
263 28 77 63 23 -0.06 0.1 0.02 -0.1 0.13 0.02
264 31 76 67 23 -0.06 0.09 0.02 -0.17 0.11 -0.02
265 28 76 64 23 -0.06 0.06 0.02 -0.19 0.09 0.03
266 26 77 62 23 -0.06 0.02 0.02 -0.12 0.13 0.01
267 24 78 60 23 -0.05 0.0 0.02 -0.12 0.13 0.0
268 23 79 62 23 -0.04 -0.02 0.02 -0.07 0.11 0.07
269 31 80 75 23 -0.03 -0.03 0.01 -0.06 0.11 0.03
270 28 78 71 23 -0.03 -0.03 0.01 -0.06 0.13 0.04
271 26 78 68 23 -0.02 -0.01 0.0 -0.08 0.11 0.05
272 28 77 70 24 -0.01 -0.01 0.0 -0.08 0.1 0.04
273 25 77 72 24 -0.01 -0.01 0.0 -0.01 0.08 0.05
274 23 88 70 23 -0.01 0.0 0.01 0.04 0.12 0.1
275 26 119 66 24 -0.01 0.01 0.01 0.04 0.14 0.13
276 23 200 67 25 -0.03 0.06 0.01 0.07 0.18 0.12
277 28 214 70 26 -0.04 0.11 0.02 0.22 0.16 0.22
278 26 251 68 54 -0.03 0.14 0.03 0.39 0.14 0.35
279 26 279 65 56 -0.07 0.19 0.04 0.33 0.15 0.38
280 24 276 66 67 -0.15 0.2 0.09 0.37 0.08 0.32
281 43 284 64 60 -0.2 0.17 0.11 0.0 0.21 0.2
282 37 292 68 81 -0.35 0.05 0.15 0.21 0.27 0.44
283 34 274 66 101 -0.24 0.33 0.17 0.0 0.5 0.5
284 31 247 63 98 -0.13 0.44 0.13 0.15 0.33 0.86
285 27 233 61 85 0.11 1.05 0.15 0.11 0.45 1.1
286 25 313 64 82 0.25 1.36 0.17 -0.71 0.44 1.74
287 24 336 72 85 0.25 1.33 0.21 -1.38 0.57 1.86
288 27 301 69 77 0.17 1.01 0.28 -1.7 0.43 1.8
289 29 302 73 66 0.85 -0.04 0.48 -2.32 0.95 2.87
290 32 328 76 56 0.79 -0.51 0.46 -2.41 0.46 3.04
291 57 297 76 48 0.99 -0.74 0.61 -2.61 0.53 3.01
292 59 286 74 44 1.19 -0.39 0.76 -1.48 0.84 2.84
293 50 286 72 40 1.29 -0.18 0.85 -1.77 0.72 2.31
294 43 278 71 48 1.49 -0.41 0.93 -1.4 0.73 2.22
295 38 279 83 43 1.58 -0.56 1.0 -1.43 0.63 2.0
296 33 258 80 40 1.59 -0.66 1.02 -1.06 0.48 1.39
297 29 248 77 45 1.72 -0.81 1.07 -0.93 0.34 1.24
298 30 279 76 45 1.77 -0.81 1.12 -1.09 -0.03 0.7
299 27 274 80 41 1.78 -0.84 1.13 -1.02 -0.29 0.04
300 23 249 78 40 1.83 -0.93 1.19 -0.84 -0.39 -0.19
301 26 246 78 36 1.83 -0.86 1.26 -0.48 -0.56 -0.52
302 28 255 74 34 1.82 -0.8 1.27 -0.11 -0.76 -0.8
303 29 271 73 47 1.73 -0.59 1.28 0.0 -0.84 -1.29
304 29 272 83 47 1.61 -0.57 1.25 0.18 -1.11 -1.68
305 30 307 86 46 1.55 -0.64 1.22 0.22 -1.34 -1.63
306 28 296 81 39 1.42 -0.89 1.14 0.27 -1.46 -1.47
307 26 278 87 49 1.27 -1.18 1.02 0.64 -1.37 -1.48
308 27 283 84 45 1.18 -1.23 0.95 0.57 -1.37 -1.94
309 30 305 83 43 1.01 -1.24 0.82 0.77 -1.32 -2.06
310 31 288 83 41 0.85 -1.09 0.66 0.92 -1.32 -2.39
311 27 262 82 66 0.78 -0.94 0.58 1.06 -1.37 -2.36
312 28 278 88 69 0.65 -0.44 0.45 1.13 -1.19 -2.41
313 31 293 87 68 0.49 0.0 0.32 0.74 -1.26 -2.1
314 31 296 89 63 0.42 0.15 0.26 0.47 -1.09 -1.8
315 30 293 86 61 0.28 0.25 0.17 0.26 -1.09 -1.8
316 31 329 88 68 0.21 -0.04 0.11 0.05 -1.1 -1.46
317 31 291 88 60 0.2 -0.18 0.09 -0.03 -0.94 -1.18
318 35 329 90 58 0.16 -0.37 0.06 -0.16 -0.91 -1.03
319 32 359 89 67 0.11 -0.48 0.02 -0.18 -0.49 -0.74
320 32 330 90 59 0.08 -0.48 0.01 -0.19 -0.19 -0.95
321 28 353 89 53 0.01 -0.44 0.02 -0.33 -0.11 -0.71
322 27 315 90 48 -0.03 -0.52 0.04 -0.4 -0.01 -0.5
323 31 360 87 43 -0.05 -0.59 0.04 -0.1 0.12 -0.08
324 32 365 88 39 -0.09 -0.66 0.03 -0.1 0.16 -0.03
325 29 345 92 41 -0.11 -0.55 -0.02 0.03 0.2 -0.14
326 28 344 94 41 -0.12 -0.39 -0.04 0.31 0.32 -0.71
327 29 314 98 38 -0.09 -0.01 -0.04 0.27 0.34 -0.68
328 26 317 101 38 -0.08 0.19 -0.03 -0.09 0.32 0.36
329 29 332 96 35 -0.08 0.21 -0.03 -0.17 0.29 0.58
330 27 316 91 33 -0.07 0.1 -0.06 -0.18 0.28 0.57
331 28 323 88 35 -0.05 0.03 -0.09 -0.19 0.35 0.17
332 26 309 88 34 -0.05 0.06 -0.09 -0.2 0.3 -0.18
333 24 315 84 33 -0.04 0.15 -0.06 -0.23 0.26 -0.14
334 25 307 82 34 -0.01 0.22 -0.03 -0.35 0.23 0.0
335 25 280 84 32 -0.01 0.24 -0.02 -0.32 0.24 0.06
336 27 287 86 34 -0.0 0.12 -0.0 -0.39 0.2 0.17
337 25 283 83 37 -0.02 -0.03 0.0 -0.17 0.17 0.0
338 26 293 81 35 -0.02 -0.05 0.01 -0.1 0.15 -0.14
339 27 297 82 35 -0.02 -0.02 0.04 -0.03 0.09 -0.27
340 26 278 82 35 -0.02 0.01 0.05 -0.05 0.04 -0.22
341 24 258 83 34 -0.02 0.0 0.04 -0.01 0.05 -0.2
342 22 260 77 39 -0.03 -0.02 0.03 -0.08 0.1 -0.16
343 26 281 74 39 -0.06 -0.0 0.02 -0.05 0.08 -0.28
344 24 261 77 36 -0.06 -0.01 0.01 -0.14 0.01 -0.35
345 22 252 81 33 -0.05 0.0 0.02 -0.16 -0.02 -0.2
346 24 245 79 32 -0.05 -0.02 0.02 -0.06 -0.02 -0.04
347 24 252 79 34 -0.04 -0.03 0.02 0.0 0.01 -0.03
348 23 252 76 31 -0.03 -0.05 0.0 0.01 0.04 -0.09
349 21 222 79 38 -0.03 -0.04 -0.02 0.06 0.05 -0.19
350 19 212 76 40 -0.03 -0.01 -0.03 0.01 0.01 -0.22
351 21 229 75 38 -0.04 0.07 -0.05 -0.09 0.07 -0.3
352 21 214 72 37 -0.04 0.07 -0.05 -0.14 0.07 -0.22
353 22 221 71 35 -0.04 0.06 -0.04 -0.1 0.05 -0.23
354 21 196 78 32 -0.04 0.04 -0.04 -0.18 0.0 -0.15
355 21 201 76 31 -0.04 0.03 -0.03 -0.19 -0.01 -0.03
356 19 190 69 30 -0.04 0.02 -0.03 -0.08 0.02 -0.03
357 19 194 66 30 -0.06 0.01 -0.04 -0.02 0.08 -0.13
358 18 206 66 30 -0.1 -0.01 -0.06 0.1 0.11 -0.19
359 17 208 68 33 -0.11 -0.02 -0.06 0.08 0.1 -0.13
360 17 251 68 37 -0.14 -0.0 -0.07 0.03 0.07 -0.11
361 21 245 67 34 -0.13 -0.04 -0.06 -0.05 0.03 0.0
362 20 246 66 37 -0.12 -0.05 -0.06 -0.02 0.0 0.0
363 19 230 72 35 -0.09 -0.05 -0.05 -0.08 0.02 -0.02
364 19 217 75 36 -0.07 -0.0 -0.06 -0.15 0.04 -0.01
365 18 200 71 34 -0.06 0.01 -0.06 -0.2 0.09 0.0
366 18 211 69 35 -0.05 0.03 -0.06 -0.24 0.08 -0.13
367 18 230 67 34 -0.05 0.0 -0.06 -0.25 0.01 -0.17
368 17 239 75 33 -0.05 -0.01 -0.05 -0.21 0.04 -0.14
369 17 229 76 31 -0.07 -0.02 -0.04 -0.12 0.02 -0.18
370 18 231 76 35 -0.06 -0.05 -0.03 -0.07 0.12 -0.21
371 18 204 72 36 -0.07 -0.06 -0.02 0.0 0.18 -0.2
372 18 230 68 33 -0.09 -0.04 -0.02 0.0 0.21 -0.24
373 18 243 75 38 -0.08 -0.03 -0.02 0.05 0.24 -0.1
374 17 223 77 35 -0.07 -0.02 -0.03 0.0 0.22 -0.07
375 17 204 75 35 -0.05 -0.01 -0.04 -0.09 0.23 0.0
376 17 200 72 33 -0.03 0.02 -0.05 -0.15 0.32 -0.07
377 16 186 74 32 -0.01 0.04 -0.04 -0.2 0.29 -0.08
378 16 177 80 30 0.01 0.06 -0.02 -0.25 0.23 -0.05
379 16 173 79 28 0.02 0.12 -0.01 -0.17 0.07 -0.2
380 18 174 77 28 0.02 0.17 -0.01 -0.13 -0.01 -0.29
381 13 159 73 27 -0.01 0.26 -0.01 -0.01 -0.31 -0.56
382 17 143 69 26 -0.08 0.27 -0.02 0.06 -0.47 -0.7
383 16 131 69 26 -0.12 0.26 -0.04 0.16 -0.57 -0.8
384 17 122 81 25 -0.24 0.27 -0.1 0.39 -0.82 -1.08
385 17 122 88 26 -0.41 0.34 -0.19 0.72 -1.05 -1.47
386 15 124 94 25 -0.5 0.41 -0.24 0.89 -1.16 -1.65
387 16 116 91 26 -0.68 0.6 -0.34 1.26 -1.26 -1.94
388 16 110 83 26 -0.92 0.87 -0.47 1.3 -1.43 -1.85
389 16 105 77 26 -1.06 0.9 -0.56 1.18 -1.5 -2.11
390 16 102 70 25 -1.29 1.01 -0.71 1.17 -1.26 -2.37
391 16 98 68 25 -1.58 1.03 -0.86 1.02 -1.18 -2.36
392 17 96 64 24 -1.69 0.91 -0.95 0.99 -1.11 -2.42
393 19 94 61 25 -1.82 0.93 -1.08 1.0 -0.76 -2.43
394 19 95 59 25 -2.0 1.21 -1.19 1.08 -0.56 -2.04
395 20 101 57 30 -2.09 1.36 -1.25 0.53 -0.67 -1.77
396 34 118 56 29 -2.18 1.4 -1.36 0.28 -0.59 -1.77
397 38 111 56 28 -2.12 0.98 -1.37 -0.39 -0.63 -1.73
398 69 114 60 28 -2.0 0.68 -1.36 -0.62 -0.69 -1.51
399 87 118 71 76 -1.76 0.32 -1.34 -0.48 -0.71 0.08
400 116 118 73 69 -1.55 0.53 -1.31 -0.6 -0.45 0.79
401 105 109 72 59 -1.45 0.75 -1.33 0.01 -0.25 1.21
402 90 104 67 60 -1.24 1.11 -1.19 -0.6 -0.08 2.0
403 77 101 65 58 -1.1 1.32 -1.14 -1.45 0.06 2.14
404 69 94 69 50 -1.03 1.34 -1.11 -2.31 -0.18 2.05
405 60 88 68 44 -0.82 1.15 -0.99 -2.12 0.18 1.65
406 54 83 70 40 -0.64 0.9 -0.9 -1.54 0.3 0.62
407 50 82 71 36 -0.57 0.83 -0.87 -0.79 0.92 0.14
408 46 79 69 33 -0.42 0.69 -0.67 -0.59 0.06 -0.42
409 42 81 68 32 -0.53 0.68 -0.75 -2.26 -0.16 2.87
410 48 81 68 30 0.07 -0.11 -0.8 -22.43 -4.42 26.71
411 47 78 73 29 -0.58 -2.27 -0.1 5.04 -0.65 -1.71
412 42 76 77 29 0.45 -1.3 -0.19 1.73 -0.75 -2.34
413 38 76 78 28 0.93 -0.21 -0.15 1.05 1.05 2.68
414 38 77 74 27 0.64 0.41 -0.16 2.28 1.15 1.24
415 36 79 73 27 0.19 0.37 -0.25 1.55 0.33 0.63
416 38 78 74 26 0.05 0.32 -0.32 0.78 0.2 0.66
417 34 77 74 26 -0.06 0.17 -0.25 -0.14 0.05 0.25
418 31 78 77 26 -0.02 0.15 -0.16 -0.86 -0.32 -0.37
419 28 76 73 25 -0.02 0.12 -0.1 -1.06 -0.59 -0.23
420 26 76 72 25 -0.03 0.0 0.03 -0.66 -0.46 -0.31
421 27 76 73 25 -0.02 -0.25 0.11 -0.39 -0.27 -0.3
422 25 76 75 25 -0.01 -0.39 0.12 -0.41 -0.09 -0.08
423 23 74 75 24 -0.02 -0.62 0.14 -0.19 0.0 -0.1
424 23 73 74 24 -0.0 -0.66 0.15 -0.15 0.05 0.12
425 26 72 73 25 0.02 -0.63 0.14 -0.12 0.11 0.12
426 24 72 70 24 0.03 -0.55 0.11 0.0 0.25 0.06
427 25 71 67 24 0.06 -0.45 0.08 0.08 0.28 0.17
428 24 71 67 23 0.07 -0.4 0.05 0.09 0.36 0.16
429 22 70 72 24 0.07 -0.34 0.02 0.14 0.27 0.14
430 21 69 75 24 0.08 -0.28 -0.03 0.03 0.15 0.18
431 20 69 70 23 0.08 -0.25 -0.04 0.01 0.13 0.12
432 24 70 70 24 0.06 -0.19 -0.03 -0.02 0.02 0.07
433 23 71 72 24 0.05 -0.17 -0.02 -0.06 0.05 0.07
434 22 71 68 21 0.04 -0.17 -0.01 -0.03 0.05 0.11
435 21 72 74 23 0.01 -0.16 0.01 0.0 0.06 0.08
436 20 72 72 23 -0.01 -0.15 0.03 0.06 0.06 0.12
437 19 71 70 23 -0.02 -0.14 0.03 0.08 0.03 0.11
438 26 71 66 23 -0.02 -0.07 0.03 0.02 0.04 0.11
439 22 71 67 23 -0.02 -0.0 0.04 0.0 0.09 0.08
440 26 71 68 23 -0.02 0.02 0.04 -0.05 0.08 0.02
-100 -100 -100 -100 -100 -100 -100 -100 -100 -100 -100
441 24 67 73 23 -0.01 0.04 0.03 -0.16 0.13 0.01
442 22 70 71 23 -0.0 0.02 0.02 -0.14 0.14 0.04
443 21 69 70 23 0.0 0.02 0.02 -0.18 0.13 0.0
444 19 70 67 23 0.01 0.0 0.0 -0.17 0.12 0.0
445 19 71 68 25 0.02 -0.01 -0.01 -0.12 0.08 0.02
446 19 71 69 23 0.03 -0.02 -0.01 -0.13 0.09 0.05
447 24 73 69 23 0.03 -0.03 -0.01 -0.08 0.08 0.05
448 23 72 66 23 0.03 -0.02 -0.01 -0.03 0.04 0.05
449 23 72 63 23 0.04 -0.01 -0.01 -0.06 0.03 0.03
450 21 73 70 23 0.04 -0.0 -0.0 -0.08 0.05 0.01
451 20 73 67 23 0.04 -0.01 0.0 -0.15 0.07 0.05
452 22 75 64 23 0.05 -0.02 -0.0 -0.09 0.12 0.03
453 25 76 64 23 0.04 -0.05 0.01 -0.13 0.18 0.07
454 28 76 60 24 0.02 -0.08 0.02 -0.03 0.11 0.09
455 30 75 58 23 0.0 -0.1 0.02 -0.01 0.11 0.1
456 25 75 56 24 -0.02 -0.12 0.03 -0.14 0.05 0.03
457 23 74 60 24 -0.02 -0.11 0.03 -0.01 0.08 0.09
458 23 74 62 24 -0.02 -0.11 0.03 0.0 0.06 0.09
459 22 74 64 23 -0.02 -0.08 0.04 0.0 0.07 0.06
460 25 74 64 24 -0.02 -0.04 0.04 -0.08 0.05 0.04
461 23 74 63 24 -0.01 -0.04 0.04 -0.11 0.05 0.02
462 27 75 65 23 -0.01 -0.03 0.04 -0.19 0.08 0.02
463 24 76 64 24 -0.0 -0.04 0.03 -0.26 0.04 0.08
464 25 76 61 24 -0.0 -0.04 0.02 -0.03 0.24 0.01
465 23 75 59 23 -0.02 -0.04 0.0 -0.24 0.12 0.0
466 22 76 61 24 -0.0 -0.06 -0.0 -0.08 0.11 0.06
467 21 75 58 24 -0.0 -0.05 -0.01 -0.1 0.13 0.1
468 23 75 60 24 0.0 -0.03 -0.01 -0.05 0.11 0.03
469 23 90 65 24 -0.0 -0.03 -0.01 -0.05 0.03 0.02
470 21 90 61 24 0.01 -0.02 -0.01 -0.07 0.03 0.04
471 21 100 60 23 0.02 -0.01 -0.01 -0.11 0.05 0.03
472 23 94 59 26 0.03 -0.01 -0.0 -0.18 0.06 0.02
473 21 90 64 24 0.03 -0.02 0.0 -0.13 0.09 0.04
474 21 86 68 24 0.03 -0.03 -0.01 -0.09 0.13 0.07
475 25 86 73 24 0.02 -0.03 -0.01 -0.15 0.07 0.08
476 23 82 67 24 0.01 -0.04 -0.0 0.04 0.2 0.14
477 21 98 65 24 -0.02 -0.04 -0.01 0.02 0.09 0.05
478 21 92 66 24 -0.03 -0.03 -0.02 0.0 0.08 0.07
479 25 88 65 24 -0.02 -0.01 -0.01 0.01 0.05 0.06
480 25 87 62 24 -0.01 0.0 -0.0 -0.06 0.02 0.02
-200 -200 -200 -200 -200 -200 -200 -200 -200 -200 -200
481 23 87 65 25 -0.01 0.01 0.0 -0.17 0.07 0.02
482 25 83 61 24 0.0 0.01 0.0 -0.14 0.11 0.01
483 23 80 62 24 0.01 -0.01 -0.0 -0.14 0.1 0.0
484 22 77 65 25 0.01 -0.02 -0.01 -0.14 0.1 0.03
485 22 76 64 24 0.02 -0.03 -0.02 -0.13 0.08 0.04
486 22 74 62 24 0.02 -0.03 -0.03 -0.1 0.08 0.01
487 21 74 62 25 0.02 -0.04 -0.03 -0.09 0.13 0.04
488 23 74 65 24 0.01 -0.05 -0.02 -0.06 0.12 0.06
489 24 73 64 24 -0.0 -0.05 -0.02 0.0 0.13 0.03
490 27 72 68 24 -0.0 -0.04 -0.01 0.0 0.11 0.09
491 25 71 65 25 -0.01 -0.02 -0.01 -0.06 0.11 0.07
492 24 71 63 24 -0.02 -0.0 -0.01 -0.1 0.09 0.01
493 24 71 59 24 -0.02 -0.0 -0.01 -0.13 0.1 0.04
494 22 73 59 24 -0.02 -0.01 -0.01 -0.12 0.1 0.03
495 21 72 64 24 -0.02 -0.02 -0.01 -0.09 0.08 0.04
496 24 72 66 24 -0.02 -0.03 -0.01 -0.11 0.08 0.03
497 23 71 66 25 -0.02 -0.02 -0.0 -0.12 0.07 0.01
498 22 86 62 25 -0.01 -0.02 -0.01 -0.08 0.1 0.02
499 22 94 63 25 -0.01 -0.02 -0.01 -0.1 0.1 0.05
500 22 113 65 24 -0.01 -0.01 -0.01 -0.09 0.11 0.03
501 21 123 62 24 -0.01 -0.01 -0.01 -0.04 0.13 0.03
502 21 129 63 24 -0.01 -0.01 -0.02 -0.03 0.08 0.04
503 22 161 67 40 -0.01 -0.01 -0.02 0.0 0.07 0.08
504 21 188 68 51 -0.01 -0.01 -0.01 0.12 0.08 0.14
505 23 211 66 65 -0.02 -0.0 0.01 0.29 0.05 0.39
506 28 241 66 68 -0.07 0.09 0.06 0.24 0.05 0.32
507 26 234 66 60 -0.11 0.24 0.11 -0.04 0.04 0.24
508 26 238 73 100 -0.11 0.39 0.13 0.38 0.14 0.18
509 28 266 73 108 -0.2 0.31 0.11 0.12 0.29 0.33
510 30 311 71 110 -0.35 0.34 0.16 -0.49 0.32 0.39
511 33 313 76 99 -0.39 0.41 0.21 -1.19 0.45 0.0
512 33 271 82 83 -0.31 0.49 0.27 -0.01 0.17 -0.16
513 32 315 80 85 0.05 0.66 0.19 0.37 0.11 0.46
514 30 307 77 99 0.13 0.72 0.18 -0.6 0.1 0.98
515 28 310 76 86 0.15 0.62 0.15 -0.72 0.04 0.77
516 29 302 76 78 0.13 0.21 0.13 -1.07 0.33 0.22
517 28 290 75 74 0.12 -0.0 0.14 -1.62 0.28 0.73
518 26 319 72 73 0.15 -0.2 0.2 -1.79 0.25 1.17
519 25 333 71 76 0.6 -0.61 0.28 -2.4 1.17 2.52
520 26 368 69 69 0.49 -0.72 0.36 -1.98 0.88 1.96
521 23 334 73 78 0.67 -0.85 0.53 -1.53 0.8 1.47
522 22 319 80 69 0.95 -0.85 0.65 -1.38 0.9 1.4
523 21 305 96 67 1.04 -0.79 0.7 -0.81 1.1 1.78
524 20 277 86 61 1.15 -0.6 0.8 -0.91 1.02 1.79
525 18 291 81 57 1.19 -0.58 0.89 -0.74 0.98 1.72
526 20 267 76 49 1.18 -0.59 0.94 -0.8 0.5 1.19
527 18 250 74 49 1.15 -0.84 0.98 -0.79 0.38 1.2
528 19 337 74 45 1.22 -1.04 0.98 -0.04 0.47 0.25
529 19 326 81 47 1.22 -1.0 0.96 0.12 0.26 0.12
530 18 298 78 41 1.32 -0.9 0.92 0.05 0.08 0.19
531 17 273 83 37 1.36 -0.78 0.86 0.08 -0.13 0.26
532 17 273 102 37 1.35 -0.69 0.84 0.55 -0.22 -0.38
533 17 261 102 37 1.32 -0.53 0.81 0.55 -0.36 -0.39
534 17 239 93 34 1.23 -0.47 0.78 0.45 -0.39 -0.88
535 17 242 94 32 1.18 -0.47 0.78 0.22 -0.5 -0.84
536 16 234 91 32 1.09 -0.4 0.73 0.21 -0.56 -0.81
537 17 253 97 32 0.99 -0.4 0.69 0.17 -0.4 -1.01
538 17 276 89 35 0.95 -0.38 0.66 0.2 -0.36 -1.11
539 16 292 87 33 0.85 -0.42 0.64 -0.01 -0.44 -0.89
540 16 328 92 32 0.78 -0.49 0.62 -0.24 -0.52 -0.8
541 17 325 92 38 0.74 -0.56 0.61 -0.11 -0.52 -0.83
542 16 324 86 39 0.7 -0.75 0.58 -0.08 -0.55 -0.85
543 18 370 87 42 0.68 -0.86 0.55 -0.15 -0.56 -1.36
544 17 314 100 38 0.67 -0.87 0.54 0.14 -0.59 -1.37
545 17 291 113 35 0.62 -0.8 0.53 0.1 -0.67 -1.25
546 17 281 106 35 0.55 -0.72 0.48 0.0 -0.66 -0.99
547 16 291 105 39 0.51 -0.72 0.43 0.23 -0.52 -1.34
548 17 273 98 36 0.43 -0.63 0.35 0.26 -0.45 -1.58
549 16 258 96 33 0.34 -0.42 0.31 0.21 -0.38 -1.66
550 18 261 91 46 0.3 -0.32 0.3 0.17 -0.43 -1.21
551 18 247 93 42 0.17 -0.21 0.26 0.26 -0.42 -1.11
552 17 232 90 38 0.13 -0.24 0.21 0.35 -0.37 -1.14
553 17 235 92 39 0.1 -0.25 0.19 0.5 -0.17 -0.96
554 16 237 98 42 0.04 -0.17 0.12 0.53 -0.08 -0.97
555 17 236 93 44 -0.03 0.03 0.05 0.38 0.05 -0.97
556 16 260 88 42 -0.05 0.08 0.03 0.17 -0.04 -0.65
557 19 243 95 40 -0.09 0.09 -0.01 0.12 -0.05 -0.56
558 19 255 100 41 -0.12 0.05 -0.04 0.06 -0.04 -0.28
559 18 266 99 37 -0.13 0.03 -0.05 0.06 0.03 -0.16
560 18 259 100 34 -0.12 0.02 -0.08 -0.04 0.1 0.05
561 18 252 97 34 -0.09 0.07 -0.11 -0.12 0.27 0.1
562 18 259 100 33 -0.09 0.13 -0.11 -0.3 0.28 0.18
563 18 269 100 41 -0.06 0.17 -0.11 -0.32 0.3 0.13
564 17 270 93 42 -0.03 0.2 -0.09 -0.36 0.24 0.06
565 18 268 100 38 -0.03 0.18 -0.07 -0.35 0.26 0.0
566 18 253 98 35 -0.02 0.13 -0.02 -0.37 0.25 0.09
567 18 268 100 38 -0.02 0.07 0.02 -0.24 0.18 0.16
568 18 263 99 39 -0.02 0.03 0.03 -0.1 0.11 0.05
569 17 237 100 36 -0.02 0.0 0.02 0.03 0.12 -0.17
570 17 218 100 35 -0.02 0.02 0.02 0.07 0.11 -0.26
571 17 228 95 49 -0.01 0.06 0.02 0.05 0.08 -0.21
572 17 230 102 44 -0.02 0.15 0.01 0.06 0.11 -0.13
573 17 227 100 40 -0.03 0.14 -0.01 0.0 0.09 -0.07
574 17 209 93 36 -0.03 0.1 -0.02 -0.09 0.21 -0.11
575 17 210 96 36 -0.03 0.05 -0.03 -0.11 0.23 -0.17
576 17 206 92 35 -0.03 0.06 -0.02 -0.15 0.2 -0.13
577 15 204 94 34 -0.03 0.06 -0.01 -0.11 0.18 -0.11
578 16 215 92 36 -0.02 0.03 -0.0 -0.11 0.2 -0.06
579 16 228 89 34 -0.02 0.01 -0.02 -0.09 0.25 -0.21
580 17 203 90 33 -0.02 0.02 -0.03 -0.09 0.19 -0.23
581 16 192 89 32 -0.02 0.02 -0.03 -0.12 0.16 -0.18
582 16 186 93 32 -0.01 0.02 -0.03 -0.18 0.13 -0.12
583 16 223 88 32 -0.01 0.01 -0.04 -0.19 0.17 -0.15
584 16 209 85 35 -0.01 0.03 -0.04 -0.27 0.17 -0.1
585 17 192 89 32 -0.0 0.08 -0.04 -0.2 0.15 -0.24
586 16 202 89 39 -0.0 0.1 -0.03 -0.25 0.08 -0.27
587 16 197 87 36 -0.0 0.1 -0.01 -0.26 0.07 -0.28
588 16 187 85 34 -0.01 0.09 0.0 -0.16 0.11 -0.23
589 16 231 89 32 -0.01 0.08 0.01 -0.1 0.13 -0.17
590 16 210 85 30 -0.01 0.05 0.01 -0.05 0.12 -0.06
591 16 195 82 41 -0.02 0.04 -0.0 0.01 0.17 -0.09
592 17 204 86 37 -0.02 0.02 -0.01 0.11 0.16 -0.23
593 16 184 92 34 -0.03 0.01 -0.01 0.08 0.2 -0.2
594 16 227 90 32 -0.04 -0.02 -0.02 0.03 0.18 -0.08
595 18 223 85 39 -0.06 -0.01 -0.02 -0.12 0.1 0.1
596 17 204 83 38 -0.07 -0.01 -0.02 -0.08 0.12 0.13
597 17 211 91 35 -0.05 -0.03 -0.01 -0.14 0.14 0.06
598 17 243 92 37 -0.04 -0.04 -0.0 -0.05 0.11 0.0
599 15 234 90 40 -0.02 -0.04 0.02 -0.04 0.11 -0.03
600 16 219 91 36 -0.02 -0.03 0.02 -0.01 0.06 -0.09
601 16 203 92 38 -0.02 -0.04 0.02 -0.03 0.02 -0.09
602 19 194 91 35 -0.02 -0.03 0.01 0.05 0.04 -0.13
603 18 174 88 32 -0.04 -0.01 -0.01 -0.07 -0.05 -0.24
604 17 222 92 31 -0.04 -0.02 -0.02 0.0 -0.16 -0.4
605 17 229 85 29 -0.06 0.02 -0.02 -0.02 -0.28 -0.49
606 16 212 81 28 -0.09 0.07 -0.03 0.17 -0.64 -0.7
607 17 203 87 27 -0.12 0.08 -0.05 0.28 -0.95 -0.97
608 17 193 83 25 -0.22 0.11 -0.13 0.46 -1.24 -1.22
609 17 208 76 26 -0.28 0.16 -0.17 0.73 -1.46 -1.73
610 18 251 71 24 -0.36 0.24 -0.23 0.9 -1.49 -2.04
611 19 238 68 24 -0.69 0.57 -0.45 1.05 -1.48 -2.79
612 22 263 69 24 -0.87 0.76 -0.59 1.27 -1.03 -3.18
613 32 251 67 24 -1.09 0.87 -0.66 0.53 -1.51 -3.56
614 34 225 65 24 -1.31 1.02 -0.79 1.79 -0.94 -3.56
615 40 219 61 24 -1.59 1.17 -0.94 1.13 -1.02 -3.38
616 42 204 61 24 -1.7 1.17 -1.02 1.19 -0.8 -2.98
617 52 204 61 24 -1.98 1.15 -1.2 0.67 -0.6 -2.25
618 46 206 60 24 -2.25 1.04 -1.36 -0.05 -0.64 -0.89
619 40 210 58 24 -2.37 1.01 -1.42 -0.06 -0.51 -0.52
620 36 204 57 24 -2.51 1.06 -1.49 0.01 -0.34 -0.09
621 31 189 56 23 -2.43 1.05 -1.5 -0.55 -0.14 0.16
622 28 187 53 24 -2.33 0.94 -1.45 -1.86 -0.36 0.37
623 26 180 51 24 -2.09 0.5 -1.29 -2.92 -0.68 1.21
624 23 174 52 24 -1.79 0.09 -1.21 -2.32 -0.56 2.26
625 23 169 51 24 -1.65 -0.03 -1.18 -2.12 -0.27 2.38
626 22 166 50 24 -1.43 -0.02 -1.07 -1.69 0.1 2.35
627 21 157 51 27 -1.26 0.11 -0.98 -0.74 0.83 1.72
628 19 147 52 26 -1.21 0.17 -0.93 -0.48 0.82 1.36
629 18 144 51 25 -1.05 0.21 -0.87 0.4 0.86 0.24
630 18 141 51 25 -0.88 0.73 -0.65 1.98 1.53 -1.68
631 18 140 55 24 -0.49 0.88 -0.44 -2.81 -1.64 1.68
632 22 137 58 24 0.94 -2.3 -0.18 -2.24 3.17 5.41
633 27 133 68 24 0.74 -0.35 -0.19 2.97 -0.01 -1.26
634 26 128 63 24 0.93 0.72 -0.15 2.04 0.78 -1.43
635 24 126 62 24 0.73 1.15 -0.23 -0.1 0.08 0.32
636 22 124 59 24 0.37 0.34 -0.23 -0.12 0.5 0.29
637 22 119 60 24 0.19 0.08 -0.21 -0.36 0.39 0.3
638 20 113 60 23 0.03 -0.22 -0.09 -0.68 -0.24 0.03
639 19 106 63 23 0.15 -0.32 0.02 -0.25 -0.08 -0.08
640 19 100 67 23 0.15 -0.29 0.04 -0.08 0.02 0.0
641 17 97 64 23 0.1 -0.25 0.03 0.03 0.1 0.22
642 18 92 62 23 0.02 -0.18 0.01 0.0 0.0 0.05
643 17 86 61 23 0.02 -0.15 0.02 -0.13 -0.12 0.01
644 17 83 59 23 0.11 -0.17 0.03 -0.1 -0.06 0.01
645 17 81 57 23 0.12 -0.18 0.02 -0.26 -0.15 -0.05
646 17 77 63 24 0.14 -0.18 0.02 -0.31 -0.06 -0.03
-100 -100 -100 -100 -100 -100 -100 -100 -100 -100 -100
647 16 75 65 23 0.16 -0.19 0.01 -0.37 0.06 -0.08
648 16 74 62 23 0.19 -0.23 -0.01 -0.41 0.0 -0.05
649 18 73 59 23 0.19 -0.29 0.0 -0.37 0.09 0.02
650 18 72 57 23 0.17 -0.38 -0.0 -0.14 0.08 -0.02
651 17 73 55 23 0.17 -0.4 -0.01 -0.2 0.0 -0.02
652 22 76 56 24 0.16 -0.42 -0.0 -0.06 0.05 0.04
653 21 77 60 24 0.17 -0.41 0.0 -0.02 0.17 0.04
654 19 77 64 24 0.14 -0.36 -0.01 0.18 0.21 0.22
655 21 78 63 24 0.12 -0.34 -0.01 0.23 0.22 0.21
656 20 78 66 24 0.07 -0.24 -0.01 0.28 0.22 0.21
657 19 78 65 24 0.04 -0.1 -0.02 0.26 0.1 0.2
658 19 80 65 23 0.03 -0.03 -0.01 0.25 0.1 0.19
659 22 81 65 24 0.01 0.07 -0.02 0.03 0.06 0.11
660 18 83 63 24 0.0 0.11 -0.01 -0.07 -0.03 0.03
661 18 85 69 25 0.0 0.11 -0.01 -0.19 -0.03 -0.02
662 21 86 71 24 0.01 0.09 -0.0 -0.26 0.01 0.01
663 21 88 71 24 0.0 0.04 0.01 -0.17 0.0 0.0
664 20 90 68 24 0.0 0.03 0.01 -0.15 0.0 -0.03
665 18 88 63 24 0.0 0.02 0.02 -0.13 -0.01 0.04
666 19 89 65 24 0.01 0.03 0.02 -0.06 0.02 0.0
667 19 87 64 24 0.01 0.04 0.02 -0.04 0.04 0.04
668 19 88 68 24 0.01 0.06 0.02 -0.08 0.11 0.05
669 18 87 69 24 0.01 0.06 0.01 -0.15 0.1 0.01
670 23 88 66 24 0.01 0.06 0.01 -0.18 0.05 0.03
671 22 88 68 24 0.01 0.05 0.0 -0.18 0.09 0.0
672 22 90 68 24 0.01 0.04 -0.0 -0.16 0.11 -0.01
673 20 91 66 24 0.0 0.02 -0.0 -0.15 0.07 0.0
674 19 91 66 24 0.0 0.01 -0.0 -0.1 0.05 0.03
675 20 92 65 24 0.01 0.02 -0.0 -0.09 0.04 0.01
676 19 93 69 24 0.01 0.03 -0.0 -0.09 0.01 0.05
677 20 92 67 24 0.01 0.02 0.0 -0.16 0.0 0.01
678 19 93 64 24 0.01 0.02 -0.0 -0.14 0.01 -0.02
679 23 94 68 24 0.02 0.01 0.0 -0.16 0.02 0.01
680 21 94 72 24 0.03 0.01 -0.0 -0.13 0.01 0.05
681 21 93 68 24 0.03 0.01 -0.0 -0.13 0.05 0.0
682 20 94 66 24 0.03 -0.0 0.0 -0.13 0.03 0.02
683 19 92 63 24 0.02 -0.02 -0.0 -0.12 0.06 0.0
684 19 93 62 24 0.02 -0.02 -0.0 -0.09 0.05 0.02
685 21 93 65 24 0.02 -0.01 -0.0 -0.08 0.05 0.02
686 19 93 68 23 0.01 -0.0 0.0 -0.07 0.07 0.06
687 23 94 67 24 0.0 -0.0 0.0 -0.05 0.08 0.03
688 21 95 65 24 -0.01 -0.0 0.0 -0.05 0.1 0.03
-200 -200 -200 -200 -200 -200 -200 -200 -200 -200 -200
689 21 95 68 23 -0.01 0.0 0.01 -0.09 0.04 0.04
690 20 95 73 24 -0.01 0.01 0.0 -0.13 0.02 0.0
691 19 95 72 24 0.01 0.02 0.01 -0.16 0.04 0.02
692 19 95 70 24 0.01 0.01 -0.0 -0.18 0.1 0.03
693 18 95 74 23 0.01 0.01 -0.01 -0.13 0.16 0.04
694 23 98 74 24 -0.0 -0.01 -0.01 -0.11 0.16 0.04
695 21 98 72 24 -0.02 -0.01 -0.02 -0.07 0.14 0.07
696 21 98 68 23 -0.02 -0.01 -0.02 -0.04 0.03 0.03
697 19 96 64 24 -0.02 0.0 -0.02 -0.05 0.01 0.04
698 17 96 64 23 -0.01 0.0 -0.01 -0.13 0.01 0.0
699 18 95 65 23 -0.01 -0.0 -0.0 -0.12 -0.01 0.0
700 19 95 71 24 -0.0 0.0 0.0 -0.12 0.06 0.02
701 18 94 69 23 0.0 -0.0 0.0 -0.14 0.07 0.03
702 19 95 69 24 0.0 -0.01 -0.01 -0.11 0.08 0.02
703 25 96 66 24 -0.0 -0.0 -0.01 -0.12 0.07 0.02
704 20 98 70 23 -0.01 -0.01 -0.01 -0.11 0.09 0.01
705 19 96 66 24 -0.01 -0.01 -0.01 -0.11 0.06 0.0
706 18 97 68 24 -0.01 -0.02 -0.01 -0.09 0.06 0.01
707 19 98 69 23 -0.01 -0.0 -0.01 0.0 0.04 0.07
708 18 101 64 23 -0.01 0.01 -0.01 -0.04 0.11 0.04
709 20 140 65 24 -0.02 0.01 0.0 -0.04 0.12 0.03
710 18 174 64 24 -0.04 0.01 0.0 -0.08 0.13 0.06
711 18 179 69 23 -0.04 0.01 0.01 0.1 0.1 0.12
712 19 185 65 32 -0.06 -0.0 0.02 0.15 0.09 0.21
713 37 218 64 50 -0.12 0.03 0.05 0.23 0.06 0.25
714 70 257 61 45 -0.14 0.05 0.06 0.2 0.08 0.14
715 85 251 71 44 -0.22 -0.02 0.1 -0.07 0.17 0.11
716 169 234 70 54 -0.33 -0.09 0.13 -0.15 0.29 0.17
717 143 247 68 49 -0.36 -0.04 0.12 -0.11 0.35 0.4
718 120 274 80 80 -0.41 0.16 0.05 0.05 0.35 0.55
719 108 280 80 81 -0.37 0.44 -0.02 0.03 0.09 0.85
720 100 314 74 78 -0.3 0.63 -0.04 -0.33 0.56 1.26
721 94 352 71 72 -0.12 0.39 -0.1 -0.94 0.54 1.33
722 120 346 70 68 0.05 -0.05 -0.03 -1.89 0.48 1.37
723 100 399 78 58 0.1 -0.18 0.03 -2.4 -0.92 2.1
724 81 383 75 50 0.53 -0.63 0.06 -5.47 -2.74 2.73
725 69 367 71 45 1.0 -1.35 0.26 -0.77 0.42 2.9
726 63 454 80 44 1.03 -1.17 0.38 -0.78 0.44 2.62
727 53 418 83 52 1.34 -0.53 0.52 -0.07 0.74 2.45
728 46 404 83 61 1.43 0.19 0.64 -0.86 0.55 2.38
729 40 389 83 54 1.49 0.23 0.69 -0.65 0.51 2.41
730 36 365 82 53 1.58 -0.04 0.77 -0.62 0.42 1.81
731 35 354 80 57 1.68 -0.15 0.88 -0.44 0.45 1.27
732 33 373 83 74 1.69 -0.16 0.92 -0.32 0.3 0.41
733 32 405 80 119 1.7 -0.15 0.98 -0.26 0.21 0.2
734 29 379 89 118 1.75 -0.21 1.08 -0.01 0.0 -0.37
735 27 327 109 97 1.82 -0.25 1.16 -0.64 -0.43 -0.08
736 23 269 118 80 1.99 -0.4 1.29 -1.06 -0.65 0.42
737 26 308 108 96 1.97 -0.24 1.28 -0.87 -0.65 0.51
738 30 427 106 85 1.89 -0.16 1.23 -0.08 -0.55 -0.35
739 26 391 97 71 1.73 -0.09 1.11 0.21 -0.46 -1.59
740 24 348 99 67 1.59 -0.25 1.03 0.02 -0.82 -1.58
741 22 313 98 63 1.52 -0.34 0.99 0.34 -0.81 -1.57
742 21 286 97 62 1.37 -0.46 0.88 0.33 -0.83 -1.59
743 20 264 99 59 1.24 -0.5 0.76 0.37 -0.83 -1.95
744 19 284 97 56 1.18 -0.48 0.7 0.32 -0.91 -1.9
745 19 289 107 61 1.07 -0.38 0.6 0.34 -0.99 -1.76
746 19 286 106 56 0.91 -0.36 0.51 0.42 -0.94 -1.82
747 17 287 108 57 0.83 -0.34 0.48 0.33 -0.81 -1.88
748 17 260 114 62 0.66 -0.33 0.41 0.36 -0.82 -1.97
749 17 251 116 54 0.49 -0.31 0.37 0.23 -0.87 -1.88
750 16 270 122 48 0.43 -0.33 0.34 0.26 -0.7 -1.32
751 17 267 122 46 0.29 -0.33 0.26 0.3 -0.64 -1.32
752 17 263 113 45 0.12 -0.21 0.17 0.22 -0.57 -1.44
753 18 255 122 50 0.05 -0.15 0.14 0.25 -0.51 -1.83
754 16 245 135 45 -0.04 -0.1 0.1 0.13 -0.52 -1.71
755 18 253 133 41 -0.11 -0.1 0.09 -0.03 -0.54 -0.85
756 21 268 124 41 -0.15 -0.11 0.07 -0.08 -0.46 -0.58
757 20 280 123 60 -0.21 -0.18 0.03 -0.1 -0.41 -0.43
758 20 279 124 60 -0.27 -0.13 -0.0 0.07 -0.25 -0.81
759 19 274 129 52 -0.29 -0.11 -0.0 0.02 -0.14 -0.62
760 18 259 124 46 -0.27 -0.07 0.01 0.02 0.03 -0.14
761 18 256 115 48 -0.28 0.06 -0.02 -0.03 0.11 -0.05
762 17 228 118 49 -0.29 0.1 -0.04 -0.12 0.21 -0.16
763 16 225 123 44 -0.3 0.08 -0.05 -0.11 0.21 -0.16
764 17 246 119 40 -0.28 0.03 -0.04 -0.12 0.26 0.19
765 17 244 116 62 -0.28 0.05 -0.04 -0.1 0.29 0.33
766 17 241 120 56 -0.28 0.12 -0.07 -0.12 0.29 0.28
767 17 228 117 52 -0.25 0.06 -0.06 -0.15 0.25 0.04
768 16 235 120 47 -0.22 0.02 -0.04 -0.12 0.2 0.16
769 17 247 118 45 -0.18 0.04 -0.01 -0.13 0.22 0.27
770 18 245 118 42 -0.15 0.07 -0.01 -0.23 0.25 0.29
771 19 254 113 46 -0.14 0.07 -0.01 -0.32 0.28 0.03
772 17 246 113 47 -0.11 0.04 0.0 -0.26 0.29 0.04
773 17 223 121 46 -0.09 0.04 0.02 -0.27 0.28 0.04
774 17 264 117 43 -0.07 0.03 0.03 -0.19 0.19 -0.04
775 17 249 108 40 -0.05 -0.0 0.06 -0.15 0.21 0.0
776 18 268 114 48 -0.03 0.0 0.07 -0.06 0.1 0.07
777 18 245 106 45 -0.03 -0.01 0.06 0.01 0.07 0.05
778 17 238 103 43 -0.02 -0.03 0.04 0.08 0.1 -0.07
779 17 225 104 42 -0.01 0.02 0.02 0.0 0.11 -0.13
780 17 221 104 38 -0.01 0.04 0.02 -0.07 0.1 0.03
781 16 219 109 41 0.0 0.03 0.0 -0.04 0.09 -0.03
782 16 213 112 38 0.02 -0.02 -0.0 -0.02 0.13 -0.05
783 16 223 106 40 0.02 -0.01 0.0 -0.01 0.11 0.01
784 16 207 109 37 0.03 0.02 -0.0 -0.01 0.11 0.07
785 16 234 108 38 0.03 0.02 -0.01 -0.02 0.11 0.06
786 16 230 104 40 0.04 0.01 -0.02 0.05 0.1 -0.03
787 15 241 105 38 0.05 0.0 -0.03 0.05 0.09 -0.1
788 16 260 102 34 0.04 0.03 -0.04 -0.04 0.24 -0.14
789 15 264 111 38 0.03 0.05 -0.05 -0.19 0.22 -0.24
790 16 250 109 41 0.0 0.04 -0.04 -0.24 0.19 -0.23
791 15 230 113 40 -0.01 0.02 -0.02 -0.32 0.15 -0.23
792 16 261 108 42 -0.02 0.0 -0.01 -0.33 0.13 -0.13
793 17 253 110 40 -0.03 -0.01 0.03 -0.35 0.1 -0.15
794 16 252 107 37 -0.04 -0.03 0.07 -0.26 -0.03 0.01
795 16 244 103 37 -0.03 -0.05 0.08 -0.15 -0.07 0.04
796 16 224 103 34 -0.0 -0.05 0.07 0.09 -0.07 0.0
797 16 221 99 37 0.02 -0.0 0.03 0.22 -0.01 -0.17
798 16 221 109 35 0.03 0.01 0.02 0.21 0.02 -0.14
799 15 228 105 33 0.02 0.04 -0.02 0.25 0.04 -0.23
800 16 231 106 37 0.01 0.04 -0.06 0.15 0.1 -0.16
801 16 217 107 38 -0.01 0.06 -0.08 0.07 0.06 -0.2
802 16 241 111 40 -0.04 0.07 -0.09 0.02 0.03 -0.24
803 16 220 111 36 -0.04 0.04 -0.08 -0.08 0.02 -0.11
804 16 247 109 31 -0.05 0.04 -0.07 -0.14 0.02 -0.11
805 16 222 116 33 -0.05 0.03 -0.05 -0.12 0.0 -0.05
806 16 215 106 31 -0.06 0.03 -0.04 -0.08 -0.06 -0.14
807 16 238 101 30 -0.06 0.02 -0.04 -0.05 -0.07 -0.18
808 16 248 97 28 -0.07 0.03 -0.05 0.02 -0.22 -0.39
809 15 238 95 27 -0.12 0.05 -0.08 0.19 -0.3 -0.55
810 15 211 100 27 -0.15 0.06 -0.1 0.16 -0.31 -0.66
811 16 198 98 26 -0.25 0.07 -0.15 0.35 -0.4 -0.93
812 20 200 98 26 -0.4 0.11 -0.23 0.4 -0.58 -1.15
813 19 184 119 25 -0.48 0.14 -0.28 0.61 -0.74 -1.48
814 19 178 111 25 -0.64 0.21 -0.38 0.71 -0.88 -1.93
815 17 178 104 24 -0.83 0.41 -0.47 0.83 -1.17 -2.21
816 18 166 93 24 -0.92 0.53 -0.53 0.82 -1.19 -2.29
817 18 159 87 22 -1.12 0.65 -0.64 1.14 -0.69 -2.6
818 19 155 81 24 -1.47 0.89 -0.71 0.6 -1.05 -2.42
819 21 151 78 24 -1.63 0.81 -0.78 0.28 -1.03 -2.47
820 20 165 75 24 -1.93 0.77 -0.88 0.73 -0.49 -1.88
821 19 169 72 28 -2.24 0.86 -0.97 0.45 -0.41 -1.58
822 18 155 71 26 -2.31 0.81 -1.02 0.38 -0.24 -1.55
823 18 149 67 30 -2.41 0.69 -1.08 0.54 0.02 -1.8
824 18 148 65 31 -2.33 0.36 -1.08 -0.22 -0.34 -1.03
825 19 148 63 28 -2.26 0.17 -1.08 -0.45 -0.47 -0.58
826 18 145 60 39 -2.14 -0.08 -1.07 -0.65 -0.7 1.12
827 19 152 58 43 -1.99 -0.03 -1.05 -0.09 -0.31 2.05
828 18 153 56 41 -1.93 0.1 -1.08 -1.35 -0.57 2.31
829 18 144 55 38 -1.76 0.33 -1.02 -0.44 -0.05 1.91
830 17 142 54 36 -1.62 0.35 -1.04 -0.54 -0.03 0.87
831 17 142 52 33 -1.5 0.27 -0.99 -0.89 -0.26 0.48
832 17 140 50 30 -1.22 0.15 -0.85 -1.03 -0.47 0.73
833 16 140 49 29 -1.0 0.25 -0.77 -0.32 -0.14 0.51
834 20 137 48 28 -0.95 0.39 -0.73 -0.24 -0.02 0.2
835 24 133 55 26 -0.79 1.15 -0.53 1.67 0.76 -1.82
836 19 132 55 26 -0.16 1.89 -0.33 -10.5 -4.65 12.57
837 22 126 57 24 0.9 0.9 -0.4 -16.83 -6.33 22.65
838 26 120 57 25 0.64 -1.67 -0.01 3.31 0.35 -0.23
839 23 115 57 25 0.46 -0.16 -0.06 1.12 1.24 -1.66
840 22 112 56 24 0.51 0.35 -0.04 0.48 1.09 -0.9
841 21 108 56 24 0.32 0.04 -0.13 0.22 0.88 0.7
842 20 104 59 24 0.08 -0.37 -0.15 0.1 0.27 0.39
843 19 97 67 24 0.01 -0.32 -0.12 0.15 0.1 0.38
844 18 95 65 23 0.0 -0.11 -0.04 0.3 -0.17 0.22
845 18 87 63 23 0.1 0.03 -0.03 -0.04 0.18 0.11
846 17 82 60 24 0.11 0.1 -0.05 -0.2 -0.01 0.17
847 17 79 62 23 0.14 0.12 -0.06 -0.24 -0.07 -0.12
848 17 77 65 24 0.12 0.04 -0.05 -0.38 -0.18 -0.08
849 17 77 65 24 0.15 -0.03 -0.04 -0.25 0.05 -0.02
850 16 76 68 22 0.19 -0.14 -0.05 -0.36 0.03 0.0
851 15 77 65 23 0.19 -0.19 -0.04 -0.36 0.06 -0.03
852 17 80 62 24 0.19 -0.22 -0.05 -0.31 0.06 -0.05
853 16 80 62 23 0.18 -0.3 -0.04 -0.18 0.09 -0.01
854 16 81 72 23 0.18 -0.39 -0.02 -0.11 0.19 0.08
-100 -100 -100 -100 -100 -100 -100 -100 -100 -100 -100
855 16 82 74 24 0.18 -0.42 -0.01 -0.04 0.2 0.1
856 16 84 70 23 0.14 -0.44 -0.01 0.11 0.15 0.11
857 16 85 66 23 0.11 -0.4 -0.01 0.15 0.19 0.17
858 16 89 65 23 0.1 -0.37 -0.0 0.19 0.13 0.16
859 17 92 64 24 0.07 -0.27 -0.0 0.32 0.19 0.16
860 16 94 67 24 0.05 -0.12 -0.01 0.27 0.18 0.17
861 16 96 66 23 0.04 -0.06 -0.02 0.21 0.16 0.13
862 17 98 70 23 0.02 0.03 -0.02 0.03 0.14 0.09
863 16 101 67 23 -0.01 0.06 -0.02 -0.15 0.11 0.0
864 16 101 72 24 -0.01 0.05 -0.01 -0.22 0.13 0.0
865 15 104 70 23 -0.0 0.03 -0.01 -0.31 0.09 0.02
866 16 107 67 23 0.0 -0.0 -0.01 -0.16 0.08 0.0
867 16 109 70 24 -0.0 -0.02 0.0 -0.09 0.11 0.03
868 16 110 77 23 0.0 -0.01 -0.0 0.01 0.12 0.05
869 16 112 74 24 0.01 0.02 -0.0 0.0 0.14 0.06
870 16 113 68 23 0.0 0.03 -0.01 -0.05 0.13 0.04
871 16 115 64 24 -0.0 0.05 -0.01 -0.12 0.08 0.02
872 16 115 63 24 -0.0 0.05 -0.02 -0.18 0.09 -0.01
873 16 114 71 24 0.01 0.04 -0.01 -0.17 0.07 0.0
874 15 114 72 24 0.02 0.01 -0.01 -0.12 0.07 0.02
875 16 114 69 24 0.02 -0.02 0.0 -0.07 0.08 0.05
876 16 117 66 23 0.02 -0.02 -0.0 -0.04 0.09 0.03
877 16 117 62 24 0.01 -0.03 0.01 -0.02 0.1 0.06
878 16 118 64 24 0.01 -0.01 0.01 -0.03 0.1 0.06
879 16 119 65 23 0.0 -0.0 0.01 -0.05 0.16 0.04
880 17 120 69 24 0.0 0.01 0.01 -0.04 0.13 0.04
881 16 121 67 24 0.0 0.01 0.01 -0.12 0.1 0.02
882 17 120 69 24 0.01 0.01 0.01 -0.12 0.09 0.02
883 17 123 66 24 0.02 0.01 0.01 -0.16 0.04 0.0
884 16 124 63 24 0.02 0.01 0.0 -0.11 0.02 -0.03
885 16 127 63 23 0.04 -0.02 0.0 -0.12 0.04 -0.02
886 17 123 66 24 0.06 -0.03 0.01 -0.01 0.13 0.07
887 18 126 63 24 0.05 -0.05 0.01 -0.11 0.16 0.08
888 17 125 62 24 0.04 -0.05 0.01 -0.08 0.16 0.14
889 17 125 61 24 -0.01 -0.04 0.01 0.08 0.15 0.08
890 17 127 59 23 -0.04 -0.0 0.01 0.06 0.1 0.06
891 17 124 60 24 -0.04 0.03 0.01 -0.04 0.09 -0.03
892 17 122 58 23 -0.03 0.05 0.0 -0.04 0.06 -0.01
893 17 121 70 24 -0.03 0.04 0.01 -0.16 0.05 0.03
-200 -200 -200 -200 -200 -200 -200 -200 -200 -200 -200
894 17 121 69 23 -0.02 0.03 0.01 -0.15 0.04 0.02
895 17 120 67 24 -0.0 0.02 0.01 -0.2 0.09 0.04
896 17 120 65 24 0.01 0.02 0.0 -0.2 0.11 0.0
897 16 118 69 24 0.01 0.0 0.0 -0.21 0.1 0.01
898 16 118 72 24 0.02 -0.03 -0.0 -0.11 0.12 0.01
899 16 117 71 24 0.03 -0.04 -0.01 -0.1 0.12 0.01
900 17 118 68 23 0.03 -0.05 -0.0 -0.02 0.12 0.04
901 17 121 66 24 0.02 -0.04 -0.01 0.0 0.12 0.05
902 16 122 64 24 0.02 -0.04 -0.01 -0.02 0.11 0.07
903 16 122 66 24 0.01 -0.02 -0.0 -0.06 0.1 0.06
904 17 122 63 24 0.0 -0.02 -0.0 -0.09 0.09 0.03
905 17 124 67 24 0.0 -0.02 -0.0 -0.1 0.1 0.03
906 16 121 66 24 -0.0 -0.02 0.01 -0.09 0.1 0.02
907 17 122 67 24 -0.01 -0.03 0.01 -0.06 0.11 0.04
908 17 123 70 25 -0.02 -0.03 0.01 -0.07 0.09 0.06
909 16 123 68 23 -0.02 -0.03 0.01 -0.04 0.1 0.04
910 15 123 68 23 -0.03 -0.03 0.01 -0.02 0.11 0.06
911 16 124 70 23 -0.03 -0.02 0.01 0.04 0.1 0.05
912 16 138 70 24 -0.03 -0.01 0.01 0.06 0.13 0.05
913 16 207 69 24 -0.04 -0.0 0.02 0.03 0.13 0.07
914 16 245 66 24 -0.04 0.01 0.03 0.04 0.11 0.06
915 17 261 63 24 -0.03 -0.0 0.03 0.1 0.1 0.08
916 18 248 61 52 -0.05 -0.05 0.07 0.14 0.02 0.1
917 40 247 61 68 -0.1 -0.08 0.11 0.12 0.0 0.13
918 145 251 60 90 -0.14 -0.07 0.13 0.09 0.01 0.07
919 163 249 63 101 -0.17 -0.01 0.15 -0.12 -0.06 0.08
920 133 261 65 83 -0.15 0.07 0.15 0.73 -0.06 0.7
921 124 323 93 73 -0.09 0.44 0.19 0.94 0.08 1.03
922 110 339 98 64 0.12 1.18 0.31 0.59 0.22 1.05
923 130 331 101 59 0.46 1.97 0.36 0.31 0.37 2.41
924 128 322 106 69 0.47 2.12 0.33 -0.91 0.44 3.09
925 116 328 99 63 0.16 1.06 0.23 -3.03 0.19 2.42
926 98 340 104 56 0.36 -0.24 0.12 -3.12 2.1 3.47
927 79 343 94 52 0.82 -0.99 0.18 -3.3 1.62 3.3
928 66 312 98 46 0.86 -1.27 0.37 -1.73 1.17 2.71
929 57 303 101 42 0.96 -1.04 0.48 -1.38 1.11 2.55
930 50 333 99 36 1.19 -0.47 0.69 -1.37 0.82 2.46
931 49 300 91 42 1.37 -0.32 0.81 -1.3 0.51 2.21
932 44 312 84 47 1.48 -0.45 0.84 -0.44 0.48 0.8
933 39 295 78 44 1.6 -0.62 0.9 -0.02 0.52 0.53
934 34 279 83 41 1.64 -0.52 0.93 0.15 0.07 -0.24
935 32 264 81 39 1.65 -0.42 0.94 0.14 -0.24 -0.53
936 30 277 77 41 1.67 -0.39 0.93 0.07 -0.28 -0.44
937 28 298 76 45 1.65 -0.49 0.93 -0.42 -0.56 -0.46
938 26 290 73 56 1.61 -0.68 0.9 0.05 -0.64 -0.83
939 24 310 76 52 1.56 -1.11 0.86 0.25 -0.62 -1.37
940 22 284 81 47 1.49 -1.1 0.82 0.25 -0.82 -1.47
941 20 274 78 53 1.46 -1.01 0.82 -0.11 -0.84 -0.72
942 20 276 75 57 1.48 -0.81 0.78 -0.24 -0.92 -0.55
943 19 268 83 84 1.39 -0.67 0.76 -0.31 -0.94 -0.81
944 21 257 89 98 1.37 -0.71 0.74 -0.01 -0.67 -1.29
945 19 247 95 97 1.31 -0.8 0.7 0.03 -0.69 -1.17
946 19 242 94 93 1.21 -0.75 0.68 -0.14 -0.71 -0.93
947 23 251 97 83 1.11 -0.64 0.65 -0.2 -0.69 -1.05
948 23 248 98 76 1.07 -0.62 0.65 -0.24 -0.48 -1.35
949 24 255 94 68 0.93 -0.44 0.68 -0.33 -0.49 -1.61
950 29 245 93 62 0.87 -0.39 0.68 -0.13 -0.61 -1.68
951 28 263 94 62 0.77 -0.35 0.65 -0.02 -0.63 -1.69
952 29 253 92 57 0.63 -0.29 0.57 0.32 -0.58 -1.62
953 30 270 88 52 0.56 -0.26 0.54 0.61 -0.4 -1.7
954 31 261 87 47 0.42 -0.17 0.43 0.62 -0.37 -1.72
955 30 250 86 59 0.28 -0.04 0.3 0.74 -0.16 -1.69
956 32 250 98 52 0.22 0.03 0.25 0.8 -0.04 -2.06
957 30 249 99 48 0.12 0.14 0.17 0.92 0.0 -2.09
958 28 246 99 55 0.03 0.2 0.12 0.62 -0.03 -1.43
959 27 266 108 53 -0.03 0.2 0.08 0.44 0.0 -1.12
960 25 303 106 53 -0.14 0.13 0.02 0.29 0.0 -1.1
961 24 311 106 51 -0.21 0.04 -0.01 0.17 0.12 -1.09
962 22 291 104 46 -0.24 0.04 0.0 0.1 0.17 -0.85
963 21 270 118 42 -0.26 0.02 0.03 0.0 0.19 -0.51
964 21 280 109 42 -0.27 -0.02 0.03 -0.06 0.18 -0.02
965 22 315 108 42 -0.27 -0.04 0.03 -0.04 0.19 0.08
966 20 293 105 43 -0.23 -0.07 0.0 0.04 0.18 0.0
967 20 274 113 40 -0.19 -0.0 -0.01 0.13 0.23 -0.03
968 19 266 106 42 -0.16 0.05 -0.01 0.13 0.23 0.0
969 20 251 107 40 -0.12 0.13 -0.03 0.08 0.36 0.22
970 18 253 108 40 -0.12 0.14 -0.03 0.04 0.37 0.18
971 18 257 105 38 -0.11 0.12 -0.02 -0.09 0.33 0.2
972 18 258 104 42 -0.13 0.08 -0.01 -0.06 0.3 0.11
973 17 255 115 46 -0.11 0.03 0.01 -0.02 0.18 0.14
974 14 251 110 43 -0.11 0.02 0.02 -0.04 0.16 0.2
975 20 256 108 38 -0.08 0.01 0.04 0.0 0.14 0.18
976 18 240 107 37 -0.04 0.0 0.04 0.0 0.05 0.09
977 18 239 114 35 -0.03 0.01 0.04 0.06 0.04 0.04
978 17 244 106 32 -0.03 0.05 0.03 0.05 0.1 -0.11
979 17 227 107 31 -0.04 0.05 0.02 0.11 0.14 -0.13
980 16 214 117 30 -0.04 0.05 0.02 0.07 0.11 -0.17
981 17 252 119 30 -0.02 0.01 0.01 0.13 0.13 -0.12
982 17 275 108 33 -0.02 0.02 -0.01 0.15 0.1 -0.15
983 17 262 106 45 -0.01 0.02 -0.03 0.19 0.14 -0.17
984 17 240 122 44 -0.01 0.05 -0.04 0.17 0.08 -0.3
985 16 222 117 47 -0.0 0.07 -0.04 0.07 0.05 -0.33
986 17 232 108 42 0.0 0.08 -0.05 0.06 0.08 -0.23
987 18 223 108 38 0.01 0.1 -0.05 0.0 0.12 -0.33
988 16 221 108 38 -0.01 0.1 -0.05 -0.08 0.13 -0.27
989 17 209 104 38 -0.02 0.1 -0.05 -0.11 0.13 -0.3
990 17 217 104 36 -0.05 0.06 -0.05 -0.11 0.17 -0.24
991 17 202 98 34 -0.06 0.01 -0.04 -0.04 0.18 -0.25
992 17 189 114 31 -0.06 -0.01 -0.04 0.07 0.22 -0.19
993 16 186 106 30 -0.07 0.0 -0.03 0.04 0.22 -0.09
994 16 170 105 29 -0.06 0.02 -0.02 0.0 0.22 0.06
995 17 164 103 29 -0.06 0.02 -0.02 0.0 0.25 0.11
996 17 155 102 28 -0.05 0.01 -0.01 0.0 0.24 0.11
997 17 166 98 29 -0.02 -0.01 -0.01 0.06 0.23 0.0
998 17 178 96 28 -0.01 -0.01 -0.01 0.11 0.2 -0.12
999 16 172 102 30 0.0 0.03 -0.02 0.08 0.17 -0.12
1000 16 173 102 33 0.02 0.05 -0.03 0.01 0.13 -0.15
1001 16 204 101 43 0.03 0.06 -0.03 0.07 0.13 -0.26
1002 17 205 94 39 0.01 0.1 -0.03 0.05 0.15 -0.39
1003 17 196 96 35 0.0 0.11 -0.02 -0.06 0.13 -0.43
1004 17 212 107 34 -0.01 0.11 -0.02 -0.08 0.12 -0.4
1005 17 218 104 32 -0.02 0.08 -0.02 -0.12 0.09 -0.34
1006 16 208 99 41 -0.04 0.05 -0.02 -0.1 0.1 -0.24
1007 16 203 90 37 -0.05 0.03 -0.02 -0.07 0.06 -0.21
1008 16 218 85 35 -0.06 0.02 -0.01 0.08 0.04 -0.36
1009 16 200 80 69 -0.07 0.02 -0.03 0.17 -0.02 -0.43
1010 17 229 75 148 -0.08 0.04 -0.04 0.2 -0.05 -0.42
1011 16 219 82 150 -0.09 0.05 -0.07 0.16 -0.24 -0.41
1012 16 240 82 127 -0.11 0.04 -0.1 0.0 -0.43 -0.38
1013 16 221 88 105 -0.12 0.07 -0.11 -0.03 -0.38 -0.34
1014 19 198 82 85 -0.13 0.18 -0.13 -0.01 -0.16 -0.31
1015 17 206 77 74 -0.15 0.32 -0.15 -0.03 -0.08 -0.3
1016 17 199 74 63 -0.18 0.38 -0.16 0.04 -0.09 -0.34
1017 16 204 71 54 -0.25 0.42 -0.2 0.37 -0.18 -0.8
1018 16 197 69 48 -0.35 0.38 -0.26 0.7 -0.15 -1.13
1019 17 214 67 43 -0.4 0.36 -0.29 0.75 -0.2 -1.31
1020 17 214 67 39 -0.52 0.37 -0.39 0.95 -0.3 -1.88
1021 23 218 65 35 -0.65 0.47 -0.51 1.14 -0.41 -2.37
1022 46 206 66 33 -0.73 0.56 -0.58 1.14 -0.64 -2.69
1023 100 220 66 30 -0.9 0.71 -0.73 1.28 -0.6 -2.71
1024 121 238 67 30 -1.04 0.83 -0.92 0.77 -0.85 -2.71
1025 146 238 68 30 -1.15 0.88 -1.04 0.32 -1.03 -2.57
1026 204 231 65 40 -1.33 0.62 -1.35 -0.08 -1.03 -1.99
1027 205 223 65 51 -1.49 0.36 -1.65 -0.49 -0.75 -1.67
1028 197 253 66 54 -1.59 0.29 -1.75 -0.55 -0.5 -1.51
1029 240 253 66 52 -1.83 0.31 -1.86 -0.62 -0.22 -0.02
1030 210 255 67 49 -2.0 0.39 -1.81 -0.03 -0.08 0.64
1031 185 265 65 69 -2.03 0.41 -1.75 0.7 -0.13 0.42
1032 155 247 60 79 -2.0 0.57 -1.61 0.87 -0.32 0.04
1033 133 243 61 69 -1.84 0.83 -1.28 0.22 -0.35 -0.08
1034 117 222 59 85 -1.75 0.95 -1.12 0.19 -0.49 0.24
1035 103 211 58 95 -1.61 1.15 -0.85 -1.55 -0.5 0.98
1036 85 205 57 81 -1.42 1.02 -0.69 -1.67 -0.38 1.98
1037 70 194 55 69 -1.38 0.97 -0.65 -1.64 -0.41 2.06
1038 57 182 54 58 -1.3 0.91 -0.59 -1.26 0.07 1.52
1039 50 167 53 51 -1.24 0.86 -0.53 -0.64 0.45 1.05
1040 42 164 52 45 -1.23 0.8 -0.52 -0.34 0.59 0.42
1041 37 165 52 40 -1.33 0.27 -0.46 0.05 0.55 -0.07
1042 35 157 51 36 -1.32 -0.46 -0.45 0.65 0.21 -0.68
1043 30 147 50 34 -1.26 -0.77 -0.46 1.22 0.61 -1.54
1044 27 136 48 31 -0.96 -0.44 -0.04 1.14 0.74 -1.19
1045 25 129 47 30 0.59 -2.42 -0.64 -16.09 2.61 16.41
1046 23 119 47 29 0.35 -3.0 0.47 -1.89 3.09 2.74
1047 22 109 48 27 0.29 -0.75 0.28 1.76 -0.13 -1.41
1048 21 104 48 27 0.62 0.29 0.02 0.61 0.7 0.47
1049 22 99 47 26 0.45 0.26 0.0 0.5 0.52 0.33
1050 18 91 47 25 0.16 -0.09 -0.07 0.39 0.43 0.28
1051 18 89 46 25 -0.01 -0.16 -0.04 -0.24 0.14 0.24
1052 19 86 46 24 -0.07 -0.16 0.02 -0.3 -0.03 0.08
1053 18 82 45 24 0.09 -0.21 0.11 -0.08 0.18 -0.17
1054 18 80 45 24 0.2 -0.17 0.09 -0.17 0.2 0.16
1055 18 77 45 24 0.23 -0.13 0.05 -0.13 0.35 0.19
1056 17 74 45 24 0.13 -0.08 0.01 -0.1 0.29 -0.01
1057 17 74 45 24 0.13 -0.07 -0.01 -0.05 0.15 0.04
1058 17 75 46 24 0.16 -0.1 -0.01 -0.04 0.21 0.05
1059 16 76 45 24 0.22 -0.14 -0.02 -0.06 0.13 0.03
1060 17 76 45 24 0.19 -0.11 -0.02 -0.09 0.12 0.05
-100 -100 -100 -100 -100 -100 -100 -100 -100 -100 -100
1061 17 77 45 24 0.15 -0.11 -0.02 -0.14 0.13 0.03
1062 17 79 46 24 0.15 -0.1 -0.02 -0.13 0.09 0.03
1063 17 82 47 23 0.2 -0.12 -0.01 -0.03 0.24 0.01
1064 18 84 46 24 0.2 -0.13 -0.02 0.0 0.2 0.03
1065 17 86 46 24 0.17 -0.13 -0.03 0.08 0.18 0.12
1066 17 89 47 23 0.12 -0.12 -0.01 0.14 0.18 0.13
1067 17 89 48 23 0.1 -0.09 -0.01 0.15 0.14 0.09
1068 16 90 48 24 0.09 -0.03 0.01 0.11 0.09 0.08
1069 17 94 48 23 0.09 0.01 0.01 0.06 0.01 0.05
1070 18 96 48 24 0.08 0.03 0.01 0.02 -0.01 0.02
1071 18 97 48 24 0.09 0.06 0.03 -0.03 0.0 0.02
1072 13 98 47 23 0.12 0.08 0.03 0.09 -0.16 0.01
1073 19 101 48 23 0.14 0.11 0.06 -0.17 0.11 0.09
1074 24 102 47 23 0.15 0.15 0.04 -0.17 0.08 -0.03
1075 22 104 47 23 0.18 0.04 0.04 -0.13 0.38 0.02
1076 20 105 49 24 0.17 0.01 0.02 -0.1 0.41 0.09
1077 18 105 59 24 0.13 0.0 0.0 -0.01 0.49 0.06
1078 19 105 61 24 0.08 -0.0 -0.03 0.1 0.43 0.15
1079 20 105 59 23 0.04 0.01 -0.04 0.09 0.33 0.19
1080 19 106 56 24 -0.02 0.05 -0.05 -0.01 0.22 0.06
1081 19 108 57 23 -0.04 0.04 -0.04 -0.1 0.1 0.04
1082 18 107 55 23 -0.04 0.04 -0.03 -0.13 0.07 0.01
1083 22 109 60 23 -0.04 0.02 -0.01 -0.12 0.02 0.0
1084 21 110 59 24 -0.03 0.0 -0.0 -0.09 0.02 0.02
1085 21 109 59 24 -0.02 0.0 -0.0 -0.06 0.08 0.01
1086 20 110 64 23 -0.02 -0.0 0.01 -0.02 0.14 0.02
1087 20 112 62 24 -0.02 0.01 0.0 -0.05 0.16 0.01
1088 19 112 61 24 -0.02 0.01 -0.0 -0.05 0.17 0.05
1089 18 113 63 23 -0.02 0.01 -0.0 -0.06 0.17 0.04
1090 19 114 60 23 -0.03 0.01 -0.01 -0.07 0.17 0.05
1091 19 115 58 23 -0.03 0.01 -0.01 -0.08 0.18 0.04
1092 18 114 55 24 -0.03 0.0 -0.02 -0.12 0.13 0.0
1093 22 114 54 24 -0.02 -0.01 -0.01 -0.11 0.11 0.0
1094 20 115 59 23 -0.02 -0.02 -0.01 -0.12 0.11 0.0
1095 19 114 59 23 -0.02 -0.03 -0.01 -0.02 0.13 0.03
1096 19 113 61 25 -0.02 -0.03 -0.0 -0.02 0.14 0.04
1097 18 110 58 23 -0.02 -0.03 -0.0 -0.04 0.14 0.05
1098 18 110 56 24 -0.03 -0.02 -0.0 -0.03 0.12 0.04
1099 18 108 55 23 -0.03 -0.01 -0.0 -0.08 0.13 0.01
1100 20 108 57 23 -0.02 -0.01 -0.01 -0.11 0.15 0.0
-200 -200 -200 -200 -200 -200 -200 -200 -200 -200 -200
1101 18 108 70 23 -0.01 -0.02 -0.01 -0.14 0.15 0.03
1102 18 107 67 23 -0.01 -0.03 -0.02 -0.09 0.15 0.05
1103 18 105 63 24 -0.01 -0.03 -0.02 -0.07 0.15 0.02
1104 17 105 60 24 -0.0 -0.03 -0.02 0.0 0.12 0.07
1105 17 106 59 24 -0.01 -0.01 -0.02 0.01 0.11 0.05
1106 16 105 59 24 -0.01 -0.0 -0.03 0.0 0.12 0.06
1107 18 105 62 24 -0.01 0.01 -0.03 -0.06 0.11 0.0
1108 18 104 63 23 -0.01 0.01 -0.03 -0.11 0.11 -0.01
1109 17 103 65 23 -0.01 -0.0 -0.03 -0.09 0.1 0.03
1110 17 104 63 23 -0.0 -0.02 -0.02 -0.09 0.15 0.01
1111 21 106 60 24 -0.0 -0.03 -0.02 -0.02 0.11 0.01
1112 24 103 57 23 -0.01 -0.03 -0.02 0.0 0.11 0.03
1113 53 107 58 23 -0.01 -0.02 -0.02 0.01 0.13 0.03
1114 57 112 63 23 -0.01 0.01 -0.02 -0.01 0.09 0.08
1115 58 124 61 23 -0.01 0.04 -0.02 -0.05 0.13 0.12
1116 66 129 67 23 -0.02 0.14 -0.03 0.12 0.14 0.14
1117 71 146 69 23 -0.03 0.23 -0.04 0.33 0.17 0.08
1118 65 166 66 23 -0.04 0.24 -0.03 -0.11 0.17 0.04
1119 63 265 64 23 -0.02 0.19 -0.04 -0.32 0.1 -0.02
1120 70 266 62 31 0.03 0.02 -0.03 -0.39 0.04 -0.03
1121 97 277 66 41 0.05 -0.08 -0.02 -0.36 0.09 -0.01
1122 93 284 68 40 0.01 -0.29 0.02 -0.25 0.01 0.02
1123 79 273 71 36 -0.03 -0.39 0.07 0.13 0.16 0.07
1124 69 265 71 37 -0.06 -0.43 0.09 0.23 0.22 0.12
1125 86 281 74 43 -0.21 -0.43 0.14 0.67 0.64 0.4
1126 89 289 68 50 -0.36 -0.29 0.12 0.33 0.71 0.41
1127 98 307 69 102 -0.37 -0.08 0.07 0.36 0.58 0.47
1128 90 333 75 108 -0.34 0.28 0.02 0.7 0.34 0.45
1129 85 343 75 94 -0.26 0.31 0.02 0.01 0.24 0.7
1130 76 302 77 80 -0.2 0.27 0.04 -0.56 0.12 1.13
1131 70 323 71 75 -0.13 0.16 0.07 -1.04 0.11 1.5
1132 66 309 65 64 0.08 -0.05 0.08 -1.0 0.21 1.41
1133 59 370 63 58 0.18 -0.1 0.1 -1.1 0.17 1.39
1134 59 362 63 61 0.8 -0.54 0.01 1.07 2.89 3.24
1135 54 357 73 54 0.82 -1.15 0.2 -1.28 0.68 2.7
1136 43 355 69 48 0.93 -1.15 0.33 -0.98 0.3 2.83
1137 38 404 65 47 1.26 -0.65 0.43 -0.45 0.73 2.82
1138 35 441 63 42 1.47 -0.05 0.57 -0.86 0.63 1.95
1139 32 404 61 40 1.55 0.03 0.65 -0.86 0.7 1.43
1140 26 369 62 39 1.68 -0.12 0.82 -1.02 0.48 1.39
1141 27 407 68 39 1.73 -0.29 1.0 -1.14 0.26 1.49
1142 24 369 70 40 1.75 -0.33 1.07 -1.13 0.07 1.26
1143 26 379 67 44 1.81 -0.37 1.18 -1.11 0.03 0.87
1144 21 337 64 40 1.76 -0.33 1.3 -0.81 0.04 0.46
1145 21 332 62 41 1.75 -0.33 1.35 -0.76 -0.04 0.29
1146 20 308 75 36 1.72 -0.32 1.41 -0.86 -0.4 0.02
1147 18 282 74 34 1.73 -0.49 1.36 -0.68 -0.41 -0.25
1148 15 298 93 33 1.73 -0.52 1.31 -0.07 -0.27 -0.55
1149 18 284 94 33 1.65 -0.43 1.22 0.27 -0.45 -0.91
1150 18 282 92 31 1.56 -0.27 1.11 0.54 -0.53 -1.36
1151 18 268 89 34 1.48 -0.22 1.06 0.76 -0.58 -1.45
1152 17 253 88 32 1.35 -0.24 0.95 0.73 -0.74 -1.72
1153 17 266 89 30 1.21 -0.27 0.85 0.61 -0.81 -1.78
1154 17 254 91 29 1.14 -0.29 0.79 0.65 -0.85 -1.79
1155 16 263 92 28 0.99 -0.28 0.69 0.65 -0.89 -1.85
1156 16 297 94 28 0.83 -0.27 0.58 0.69 -0.86 -1.79
1157 16 289 87 30 0.76 -0.26 0.52 0.7 -0.86 -2.0
1158 17 304 92 28 0.63 -0.29 0.4 0.67 -0.95 -2.0
1159 17 305 88 27 0.58 -0.3 0.35 0.45 -0.84 -1.99
1160 17 289 83 27 0.49 -0.24 0.25 0.36 -0.86 -2.02
1161 17 290 89 26 0.35 -0.05 0.13 0.19 -0.83 -2.11
1162 19 312 94 28 0.27 0.04 0.08 -0.11 -0.7 -1.92
1163 20 332 95 29 0.09 0.11 0.01 -0.16 -0.63 -1.87
1164 18 324 91 29 -0.1 0.06 0.02 -0.07 -0.76 -1.81
1165 18 301 89 28 -0.14 -0.06 0.02 -0.07 -0.74 -1.44
1166 17 296 86 27 -0.27 -0.26 0.07 -0.44 -0.92 -1.04
1167 17 309 82 31 -0.35 -0.48 0.05 -0.26 -0.77 -0.51
1168 17 306 89 30 -0.36 -0.53 0.02 0.12 -0.47 -0.46
1169 17 306 88 29 -0.39 -0.39 0.01 0.27 -0.25 -0.62
1170 18 327 94 28 -0.34 -0.19 0.02 0.0 -0.09 -0.28
1171 17 305 87 32 -0.32 -0.1 0.02 -0.04 0.18 0.42
1172 17 279 82 32 -0.27 0.03 -0.01 -0.06 0.26 0.52
1173 17 269 90 32 -0.24 0.04 -0.03 -0.07 0.42 0.5
1174 17 277 91 33 -0.22 0.03 -0.02 -0.08 0.45 0.44
1175 17 262 95 34 -0.16 0.04 0.0 -0.11 0.42 0.5
1176 16 239 88 32 -0.08 0.07 0.04 -0.13 0.55 0.75
1177 16 239 95 30 -0.05 0.07 0.05 -0.12 0.6 0.66
1178 16 259 93 30 0.01 0.03 0.08 -0.07 0.6 0.56
1179 16 288 99 29 0.04 0.03 0.1 0.01 0.57 0.38
1180 16 264 109 28 0.06 0.03 0.11 0.01 0.5 0.36
1181 16 264 107 27 0.11 0.0 0.1 0.0 0.49 0.32
1182 17 307 100 25 0.12 0.01 0.09 0.0 0.43 0.09
1183 18 282 101 26 0.12 0.02 0.09 0.0 0.31 -0.08
1184 17 251 102 29 0.12 0.02 0.09 -0.01 0.24 -0.18
1185 16 238 98 28 0.12 0.02 0.1 -0.06 0.11 -0.12
1186 17 222 99 27 0.12 0.03 0.09 -0.04 0.0 -0.15
1187 18 224 106 26 0.11 -0.0 0.08 -0.04 -0.07 -0.15
1188 17 237 104 28 0.11 -0.04 0.07 0.01 -0.06 -0.23
1189 17 250 99 32 0.11 -0.04 0.07 -0.04 -0.06 -0.24
1190 17 254 109 30 0.11 -0.02 0.05 -0.01 -0.03 -0.27
1191 17 241 111 29 0.13 -0.01 0.04 -0.14 -0.12 -0.25
1192 16 228 102 28 0.13 -0.01 0.03 -0.15 -0.02 -0.29
1193 17 246 100 27 0.13 0.02 0.01 -0.15 -0.04 -0.32
1194 17 244 97 26 0.11 0.03 -0.0 -0.15 0.04 -0.48
1195 16 250 100 30 0.09 0.04 -0.01 -0.14 0.0 -0.46
1196 17 241 96 30 0.06 0.04 -0.01 -0.16 -0.01 -0.39
1197 16 231 96 29 0.03 0.03 -0.01 -0.16 -0.01 -0.35
1198 16 212 97 29 0.02 0.01 -0.01 -0.13 -0.04 -0.29
1199 17 221 103 29 0.01 -0.02 -0.01 -0.09 -0.05 -0.27
1200 16 227 106 28 -0.01 0.01 -0.01 -0.12 -0.03 -0.26
1201 16 236 106 26 -0.01 0.02 -0.01 -0.15 -0.07 -0.09
1202 16 227 103 26 -0.0 0.01 0.0 -0.14 -0.04 -0.08
1203 16 219 104 26 -0.0 0.01 -0.01 -0.11 0.04 -0.24
1204 16 221 102 29 -0.0 0.01 -0.02 -0.11 0.08 -0.35
1205 16 203 101 28 -0.02 0.03 -0.03 -0.07 0.1 -0.34
1206 16 197 114 28 -0.03 0.04 -0.03 -0.07 0.14 -0.18
1207 16 204 118 29 -0.04 0.05 -0.03 -0.08 0.19 -0.06
1208 16 209 105 29 -0.07 0.03 -0.03 -0.07 0.18 0.04
1209 16 217 97 31 -0.1 0.03 -0.04 -0.08 0.2 -0.05
1210 16 229 101 34 -0.13 0.04 -0.04 -0.05 0.13 -0.26
1211 16 210 96 32 -0.13 0.01 -0.03 -0.07 0.1 -0.21
1212 17 188 104 29 -0.1 0.02 -0.01 -0.1 0.05 0.0
1213 17 193 109 28 -0.1 0.04 -0.0 -0.11 0.06 0.11
1214 16 238 107 27 -0.08 0.03 -0.01 -0.13 0.08 0.1
1215 17 251 101 27 -0.08 0.02 -0.02 -0.08 0.15 -0.09
1216 17 235 108 26 -0.07 0.02 -0.01 -0.09 0.2 -0.13
1217 17 225 104 26 -0.05 0.03 0.0 -0.07 0.15 -0.05
1218 17 221 98 25 -0.02 0.02 0.01 -0.07 0.2 0.09
1219 16 208 100 25 -0.02 0.02 0.01 -0.06 0.21 -0.01
1220 16 209 104 26 -0.02 0.01 0.01 -0.09 0.21 0.02
1221 16 208 96 25 -0.01 0.03 0.01 -0.05 0.16 -0.05
1222 16 211 100 26 -0.02 0.04 0.02 -0.04 0.0 -0.11
1223 17 238 96 26 -0.02 0.0 0.02 -0.02 0.02 -0.1
1224 17 226 101 27 -0.01 -0.01 0.01 0.1 0.06 -0.13
1225 16 216 97 27 -0.01 -0.0 0.0 0.08 0.0 -0.18
1226 17 203 98 26 -0.02 0.01 -0.02 0.1 0.1 -0.26
1227 16 217 95 26 -0.04 0.02 -0.02 0.07 0.09 -0.21
1228 16 219 100 27 -0.05 0.03 -0.02 0.08 0.08 -0.25
1229 16 214 95 35 -0.09 -0.0 -0.02 0.04 0.08 -0.22
1230 16 213 94 33 -0.11 -0.03 -0.03 0.13 -0.01 -0.14
1231 16 193 97 32 -0.11 -0.02 -0.04 0.01 -0.1 -0.18
1232 15 191 92 31 -0.11 -0.01 -0.06 0.0 -0.13 -0.19
1233 16 224 89 30 -0.12 0.03 -0.08 -0.02 -0.08 -0.28
1234 16 212 101 29 -0.12 0.05 -0.08 -0.02 -0.1 -0.4
1235 16 185 100 27 -0.13 0.06 -0.09 -0.01 -0.1 -0.4
1236 16 186 95 27 -0.16 0.08 -0.1 0.01 -0.32 -0.56
1237 16 170 89 26 -0.18 0.09 -0.1 0.06 -0.54 -0.76
1238 16 180 90 26 -0.23 0.11 -0.13 0.11 -0.62 -0.88
1239 15 168 83 25 -0.3 0.15 -0.18 0.22 -0.83 -1.13
1240 15 182 87 25 -0.34 0.19 -0.22 0.49 -0.91 -1.53
1241 16 184 83 25 -0.47 0.32 -0.32 0.62 -0.92 -1.7
1242 16 169 79 24 -0.65 0.49 -0.45 0.91 -0.83 -2.32
1243 20 149 85 24 -0.75 0.59 -0.52 0.75 -0.88 -2.55
1244 28 135 80 25 -0.99 0.72 -0.67 0.64 -0.94 -2.4
1245 47 127 75 24 -1.25 0.68 -0.82 0.28 -1.09 -2.12
1246 51 116 72 24 -1.39 0.61 -0.88 0.31 -0.85 -1.93
1247 61 109 85 24 -1.64 0.5 -0.95 0.3 -0.6 -2.13
1248 56 123 90 24 -1.86 0.39 -1.02 0.87 -0.15 -1.85
1249 47 135 95 24 -1.99 0.49 -1.03 -0.28 -0.85 -0.65
1250 40 164 112 29 -2.3 0.48 -1.14 -0.14 -0.46 -0.29
1251 36 157 110 41 -2.48 0.44 -1.2 0.72 -0.23 -1.0
1252 31 144 111 61 -2.51 0.47 -1.19 0.25 -0.29 -1.53
1253 29 142 112 54 -2.35 0.39 -1.14 0.1 -0.3 -1.41
1254 26 141 104 48 -2.2 0.13 -1.05 -0.47 -1.12 0.35
1255 23 136 95 42 -2.14 0.1 -0.99 -0.54 -1.07 1.54
1256 22 157 93 44 -2.02 0.46 -0.94 -1.22 -1.04 1.69
1257 21 169 93 41 -1.86 0.84 -0.97 -0.43 -0.4 0.72
1258 20 172 95 37 -1.76 0.87 -1.03 -0.39 -0.24 -1.18
1259 19 163 96 34 -1.64 0.72 -1.02 -0.39 -0.21 -1.15
1260 19 150 92 32 -1.51 0.54 -0.85 0.05 -0.07 -0.74
1261 21 139 89 31 -1.48 0.57 -0.8 4.31 1.8 -1.77
1262 19 133 98 28 -1.38 2.08 -0.48 0.29 0.53 -0.2
1263 21 130 100 27 -0.34 2.53 -0.49 -19.62 -9.62 18.26
1264 28 121 110 27 1.31 0.16 -0.28 5.05 3.1 0.12
1265 27 114 102 26 0.51 0.24 -0.18 1.11 2.7 -4.07
1266 24 110 95 25 0.69 1.56 -0.0 0.36 1.3 -2.15
1267 25 110 87 25 0.56 1.58 -0.07 -1.18 0.08 1.15
1268 24 107 81 25 0.34 0.54 -0.24 -0.95 0.01 1.3
1269 22 105 84 24 0.04 -0.4 -0.21 -0.46 -0.13 0.69
1270 20 99 84 24 -0.02 -0.47 -0.15 -0.48 -0.2 -0.3
1271 19 100 81 24 0.18 -0.18 -0.08 -0.09 -0.02 -0.39
1272 19 100 81 24 0.29 -0.08 -0.04 0.25 -0.15 0.17
1273 19 98 79 24 0.3 -0.09 -0.02 0.14 -0.01 0.2
1274 17 94 77 23 0.21 -0.19 -0.0 -0.05 -0.06 0.1
1275 18 91 83 23 0.16 -0.23 0.02 -0.26 0.07 0.16
1276 18 88 84 23 0.16 -0.23 0.02 0.02 0.11 0.17
1277 18 86 80 23 0.18 -0.24 0.01 0.03 0.09 0.18
1278 17 84 88 23 0.14 -0.21 0.01 -0.08 0.05 0.24
-100 -100 -100 -100 -100 -100 -100 -100 -100 -100 -100
1279 16 81 85 24 0.12 -0.17 0.01 0.0 0.08 -0.01
1280 16 79 85 23 0.11 -0.14 0.01 -0.09 0.09 0.05
1281 17 77 80 23 0.14 -0.18 0.0 -0.16 0.0 0.0
1282 21 75 74 23 0.16 -0.2 -0.0 -0.02 0.18 0.07
1283 21 76 74 23 0.18 -0.21 -0.0 0.01 0.21 0.09
1284 20 75 84 23 0.16 -0.18 -0.02 0.11 0.22 0.09
1285 19 75 83 23 0.16 -0.16 -0.01 0.23 0.32 0.19
1286 19 75 89 24 0.14 -0.11 -0.01 0.22 0.39 0.3
1287 18 75 83 23 0.07 -0.06 -0.02 0.34 0.25 0.32
1288 17 76 84 24 0.02 -0.01 -0.02 0.1 0.0 0.14
1289 25 75 85 23 -0.03 0.09 -0.02 0.07 -0.04 0.11
1290 23 75 88 23 -0.04 0.15 -0.02 -0.34 -0.14 -0.07
1291 22 76 86 24 -0.03 0.15 -0.01 -0.42 -0.01 -0.08
1292 20 75 81 24 0.01 0.08 0.0 -0.36 0.02 -0.07
1293 19 74 86 23 0.04 -0.02 0.01 -0.06 0.14 0.06
1294 20 72 92 23 0.05 -0.04 0.01 0.03 0.14 0.08
1295 20 73 91 23 0.05 -0.03 0.01 0.11 0.13 0.1
1296 24 71 88 23 0.05 0.02 -0.01 0.02 0.12 0.1
1297 22 72 84 23 0.04 0.04 -0.01 -0.1 0.13 0.03
1298 21 72 83 23 0.05 0.05 -0.02 -0.14 0.1 0.01
1299 20 71 81 23 0.05 0.03 -0.02 -0.11 0.07 0.01
1300 19 71 76 23 0.05 0.02 -0.02 0.0 0.01 0.02
1301 19 72 85 24 0.05 -0.01 -0.01 0.04 0.0 0.06
1302 19 73 82 24 0.05 0.0 -0.01 -0.04 0.02 0.05
1303 18 74 80 24 0.05 -0.0 -0.0 -0.13 0.05 0.01
1304 21 73 80 23 0.04 -0.01 -0.0 -0.17 0.08 0.04
1305 20 73 80 23 0.04 -0.02 -0.0 -0.09 0.1 0.04
1306 19 73 87 24 0.04 -0.03 0.0 -0.02 0.12 0.1
1307 20 72 92 24 0.03 -0.03 -0.01 0.0 0.1 0.09
1308 19 72 85 24 0.02 -0.02 -0.01 0.02 0.07 0.09
1309 18 70 80 24 0.02 -0.01 -0.01 -0.02 0.09 0.03
1310 17 70 81 23 0.01 0.0 -0.01 -0.08 0.11 0.07
1311 17 69 90 23 0.0 -0.01 -0.01 -0.1 0.1 0.04
1312 21 69 86 23 0.0 -0.01 -0.01 -0.07 0.09 0.05
1313 20 69 80 24 0.0 -0.01 -0.0 -0.02 0.08 0.07
1314 20 70 78 23 -0.01 -0.01 0.0 -0.05 0.11 0.06
1315 20 69 75 24 -0.02 -0.01 -0.0 -0.05 0.08 0.02
1316 19 69 80 23 -0.01 -0.01 -0.01 -0.07 0.11 0.03
1317 19 69 89 23 -0.01 -0.01 -0.01 -0.1 0.08 0.04
1318 18 69 83 23 -0.0 -0.01 -0.01 -0.09 0.04 0.05
1319 18 70 80 24 0.0 -0.01 -0.02 -0.06 0.06 0.02
1320 17 69 77 23 0.01 -0.01 -0.02 -0.04 0.05 0.06
1321 22 70 76 24 0.02 -0.02 -0.02 -0.06 0.06 0.03
1322 22 72 76 24 0.02 -0.01 -0.02 -0.07 0.1 0.04
1323 21 74 86 24 0.02 -0.01 -0.02 -0.08 0.12 0.03
1324 19 76 86 24 0.02 -0.02 -0.03 -0.06 0.12 0.03
1325 19 75 86 24 0.02 -0.03 -0.02 -0.01 0.1 0.08
1326 18 75 85 25 0.01 -0.02 -0.02 0.01 0.09 0.06
1327 18 74 80 24 0.0 -0.02 -0.02 -0.01 0.09 0.06
1328 17 72 82 24 -0.01 -0.01 -0.01 -0.03 0.03 0.07
1329 19 72 81 25 -0.0 -0.02 -0.01 -0.1 0.06 0.04
