-1 -1 -1 -1 -1 -1 -1 -1 -1 -1 -1
2 16 77 224 72 0.36 -0.27 0.11 -0.48 -0.17 -0.21
3 16 75 227 63 0.32 -0.36 0.11 -0.48 -0.33 -0.26
4 16 73 228 55 0.26 -0.49 0.1 -0.18 -0.35 -0.23
5 17 74 230 49 0.22 -0.48 0.06 -0.35 -0.24 -0.23
6 17 75 231 44 0.22 -0.46 0.02 -0.63 -0.05 -0.2
7 17 75 229 41 0.2 -0.45 -0.06 -0.52 -0.01 -0.19
8 16 73 233 36 0.17 -0.51 -0.11 -0.56 0.02 -0.18
9 16 72 233 34 0.15 -0.54 -0.14 0.05 0.26 0.12
10 18 72 235 32 0.11 -0.5 -0.19 0.12 0.29 0.09
11 16 71 238 30 0.08 -0.32 -0.26 0.15 0.23 0.1
12 17 71 238 29 0.07 -0.24 -0.29 0.06 0.07 -0.02
13 16 71 237 28 0.04 -0.08 -0.36 -0.2 -0.09 -0.2
14 17 74 237 27 0.05 0.04 -0.45 -0.2 -0.12 -0.13
15 15 75 239 26 0.05 0.08 -0.51 -0.4 -0.06 -0.2
16 16 78 238 26 0.05 0.16 -0.61 -0.33 0.07 -0.2
17 20 79 238 26 0.04 0.19 -0.72 -0.78 0.17 -0.07
18 17 79 240 27 0.01 0.15 -0.77 -1.04 -0.04 -0.27
19 16 79 238 26 -0.07 -0.04 -0.82 -1.03 -0.14 -0.35
20 16 79 250 30 -0.13 -0.24 -0.79 -0.29 -0.15 -0.39
21 16 78 243 34 -0.14 -0.3 -0.77 0.04 -0.02 -0.17
22 16 77 241 36 -0.17 -0.3 -0.71 0.13 0.05 0.0
23 17 75 238 40 -0.22 -0.29 -0.62 0.03 0.02 -0.02
24 17 76 239 43 -0.25 -0.28 -0.59 0.11 -0.13 -0.22
25 17 76 240 43 -0.24 -0.21 -0.5 0.27 0.0 -0.24
26 16 77 230 45 -0.19 -0.1 -0.41 0.39 -0.01 -0.18
27 14 76 234 45 -0.16 -0.0 -0.36 0.34 0.05 -0.1
28 17 78 230 47 -0.1 0.18 -0.31 0.25 0.13 -0.14
29 17 78 228 47 -0.08 0.25 -0.28 -0.4 0.14 -0.19
30 17 78 226 46 -0.08 0.22 -0.27 -0.74 0.02 -0.13
31 17 76 220 49 -0.12 0.11 -0.25 -0.64 -0.03 -0.15
32 16 77 219 45 -0.14 0.06 -0.22 -0.51 -0.19 -0.19
33 16 78 213 46 -0.16 0.05 -0.2 -0.12 -0.17 -0.35
34 17 77 209 46 -0.14 0.05 -0.17 -0.38 -0.3 -0.23
35 20 78 201 45 -0.15 0.03 -0.15 -0.47 -0.29 -0.37
36 19 78 196 42 -0.15 0.01 -0.14 -0.04 -0.14 -0.35
37 19 79 191 40 -0.12 0.04 -0.13 0.27 0.03 -0.3
38 19 80 190 37 -0.13 0.1 -0.14 -0.12 0.28 0.08
39 16 78 181 36 -0.16 0.1 -0.15 -0.26 0.31 0.05
40 18 78 174 35 -0.22 0.09 -0.15 -0.23 0.38 0.03
41 18 77 175 33 -0.22 0.09 -0.15 -0.07 0.31 -0.11
42 17 76 168 32 -0.22 0.09 -0.15 -0.1 0.16 -0.08
43 16 74 166 31 -0.23 0.09 -0.14 -0.3 -0.08 -0.18
44 26 74 158 29 -0.23 0.11 -0.1 -0.19 -0.11 -0.22
45 19 73 158 29 -0.23 0.1 -0.09 -0.66 -0.31 -0.46
46 20 74 153 28 -0.21 0.03 -0.05 -0.79 -0.34 -0.47
47 19 74 145 27 -0.18 -0.03 -0.0 -0.2 -0.29 -0.42
48 20 74 149 27 -0.17 -0.05 0.02 -0.17 -0.23 -0.24
49 19 74 139 27 -0.15 -0.02 0.03 -0.23 -0.17 -0.2
50 18 72 132 25 -0.15 -0.04 0.03 -0.6 0.07 -0.15
51 17 70 128 25 -0.16 -0.09 0.04 -0.46 0.19 -0.29
52 18 70 125 25 -0.14 -0.18 0.04 -0.23 0.25 -0.21
53 17 70 120 24 -0.09 -0.19 0.05 0.0 0.13 -0.08
54 18 70 119 24 -0.06 -0.15 0.05 -0.07 -0.06 -0.3
55 18 70 114 24 0.03 -0.07 0.07 -0.1 -0.05 -0.34
56 18 70 113 24 0.13 -0.03 0.1 -0.22 -0.09 -0.4
57 18 69 109 24 0.18 -0.02 0.1 -0.04 0.03 -0.27
58 17 69 108 24 0.25 0.01 0.13 -0.08 0.0 -0.1
59 17 70 104 24 0.24 0.03 0.13 -0.24 0.04 -0.08
60 17 68 97 24 0.22 0.04 0.13 -0.52 -0.09 -0.07
61 18 69 96 24 0.17 0.02 0.12 -0.48 -0.08 -0.17
62 17 69 94 24 0.15 -0.03 0.11 -0.29 -0.26 -0.4
63 18 69 94 24 0.17 -0.04 0.1 -0.48 -0.27 -0.35
64 18 68 95 24 0.2 -0.06 0.09 -0.38 -0.05 -0.33
65 19 67 92 24 0.23 -0.09 0.06 -0.63 0.0 -0.22
66 18 67 97 24 0.22 -0.12 0.05 -0.19 0.1 -0.19
67 18 67 95 24 0.23 -0.15 0.03 -0.13 0.08 -0.08
68 18 68 87 23 0.21 -0.12 0.02 -0.08 -0.03 -0.09
69 17 68 83 24 0.21 -0.09 0.02 -0.2 -0.01 -0.18
70 18 69 86 25 0.2 -0.05 0.01 -0.3 -0.07 -0.24
71 18 70 89 25 0.22 -0.05 0.02 -0.27 0.02 -0.18
72 21 72 83 25 0.22 -0.05 0.03 -0.06 0.12 -0.17
73 20 74 77 25 0.22 -0.03 0.03 0.0 0.14 -0.02
74 19 77 79 25 0.17 -0.03 0.05 -0.15 0.24 -0.04
75 19 78 83 25 0.14 -0.03 0.05 0.0 0.16 0.07
76 18 79 79 25 0.07 -0.01 0.08 -0.07 0.07 0.01
77 19 81 76 25 0.01 0.02 0.09 -0.14 0.01 -0.06
78 18 82 78 25 -0.02 0.03 0.1 -0.28 0.02 -0.21
79 23 81 83 25 -0.04 0.02 0.11 0.0 0.08 -0.19
80 21 81 84 25 -0.05 0.05 0.13 0.03 0.06 -0.05
81 21 83 86 25 -0.06 0.07 0.13 0.03 0.03 -0.15
82 19 85 83 25 -0.07 0.11 0.15 -0.33 -0.08 -0.14
83 19 87 84 25 -0.06 0.11 0.17 -0.33 -0.11 -0.24
84 18 89 88 25 -0.05 0.11 0.16 -0.6 -0.22 -0.32
85 19 91 85 25 -0.01 0.09 0.15 -0.58 -0.15 -0.34
86 23 93 88 25 0.05 0.05 0.14 -0.56 -0.14 -0.33
87 21 97 93 25 0.08 0.03 0.13 -0.15 0.01 -0.33
88 22 100 100 25 0.15 0.03 0.1 -0.12 0.12 -0.23
89 20 101 97 24 0.17 0.03 0.06 -0.36 0.31 -0.01
90 19 103 95 24 0.17 0.02 0.04 -0.37 0.24 -0.06
91 24 103 100 25 0.15 0.0 0.02 -0.21 0.08 -0.14
92 28 102 97 24 0.16 0.01 0.02 -0.19 -0.05 -0.19
93 25 103 99 24 0.17 0.01 0.03 -0.13 -0.13 -0.32
94 23 104 99 24 0.2 0.01 0.06 0.14 -0.09 -0.29
95 22 103 104 24 0.24 0.04 0.09 -0.12 -0.1 -0.23
96 20 100 105 24 0.25 0.03 0.12 -0.19 -0.12 -0.26
97 19 98 106 24 0.24 -0.01 0.16 -0.18 -0.17 -0.26
98 26 96 110 24 0.23 -0.02 0.19 -0.16 -0.12 -0.21
99 28 95 110 24 0.23 -0.02 0.2 -0.26 -0.05 -0.26
100 25 96 112 24 0.23 -0.0 0.19 -0.26 0.04 -0.22
101 23 95 115 24 0.22 -0.02 0.17 -0.44 0.15 -0.09
102 23 95 109 24 0.21 -0.03 0.16 -0.37 0.1 -0.15
103 21 95 110 24 0.19 -0.06 0.13 -0.17 0.02 -0.08
104 20 94 113 24 0.19 -0.02 0.13 0.11 0.04 -0.05
105 31 96 116 24 0.18 0.01 0.13 0.02 0.06 -0.01
106 29 99 113 24 0.14 0.05 0.13 -0.21 0.07 -0.05
107 26 99 111 23 0.1 0.06 0.13 -0.16 0.06 -0.03
108 23 100 112 24 0.08 0.06 0.14 -0.07 0.05 -0.05
109 23 100 114 24 0.06 0.1 0.16 0.02 0.08 -0.03
110 24 101 118 24 0.01 0.13 0.16 -0.12 0.01 -0.05
111 22 102 122 24 -0.01 0.15 0.16 -0.18 0.02 -0.1
112 28 102 119 24 -0.04 0.15 0.15 -0.35 0.06 -0.09
113 25 103 119 23 -0.08 0.12 0.12 -0.3 0.06 -0.02
114 23 105 117 24 -0.11 0.1 0.11 -0.3 0.04 -0.03
115 26 105 119 24 -0.15 0.07 0.09 -0.35 0.0 -0.12
116 24 104 123 23 -0.16 0.05 0.06 -0.32 0.02 -0.1
117 24 105 124 23 -0.16 0.04 0.04 -0.35 0.06 -0.16
118 28 105 123 23 -0.13 0.02 0.0 -0.44 0.14 -0.11
119 25 104 122 23 -0.11 -0.01 -0.03 -0.3 0.12 -0.06
120 23 104 124 23 -0.1 -0.01 -0.05 -0.27 0.11 -0.09
121 23 103 122 23 -0.08 -0.01 -0.1 -0.36 0.01 -0.15
122 24 101 120 23 -0.04 -0.03 -0.12 -0.36 0.0 -0.19
123 22 101 120 23 -0.03 -0.04 -0.13 -0.2 -0.04 -0.2
124 22 103 125 23 0.02 -0.08 -0.14 -0.14 -0.06 -0.19
125 20 102 121 23 0.07 -0.08 -0.13 -0.04 -0.01 -0.13
126 20 101 120 23 0.08 -0.08 -0.14 -0.2 0.0 -0.1
127 19 100 120 23 0.1 -0.08 -0.14 -0.26 0.04 -0.11
128 19 99 123 23 0.12 -0.09 -0.15 -0.24 0.04 -0.15
129 19 98 121 23 0.13 -0.09 -0.16 -0.24 0.08 -0.16
130 18 98 123 24 0.13 -0.1 -0.17 -0.11 0.05 -0.04
131 21 98 119 23 0.12 -0.08 -0.18 -0.1 0.01 -0.01
132 19 97 120 23 0.11 -0.07 -0.18 -0.11 0.03 -0.07
133 18 97 121 23 0.1 -0.06 -0.18 -0.16 -0.02 -0.1
134 20 98 122 23 0.07 -0.07 -0.18 -0.14 -0.08 -0.11
135 18 98 125 24 0.06 -0.07 -0.17 -0.14 -0.04 -0.11
136 18 99 123 24 0.04 -0.07 -0.16 -0.16 0.03 -0.14
137 18 99 119 24 0.02 -0.09 -0.14 -0.02 0.17 -0.02
138 17 100 120 23 -0.0 -0.1 -0.12 0.0 0.17 -0.03
139 17 99 115 23 -0.03 -0.1 -0.1 0.09 0.15 0.01
140 16 98 126 23 -0.05 -0.09 -0.07 -0.08 0.01 -0.07
141 17 97 120 24 -0.06 -0.08 -0.05 -0.1 -0.04 -0.14
142 18 98 121 23 -0.07 -0.09 -0.02 -0.1 -0.05 -0.11
143 18 99 117 23 -0.07 -0.1 0.01 -0.06 -0.04 -0.13
144 17 98 118 24 -0.07 -0.11 0.02 -0.05 0.0 -0.12
145 17 97 118 24 -0.06 -0.1 0.04 -0.06 0.0 -0.01
146 17 96 117 24 -0.07 -0.09 0.04 -0.26 0.05 0.03
147 17 96 120 24 -0.08 -0.07 0.04 -0.22 0.1 -0.07
148 17 95 120 22 -0.06 -0.04 0.02 -0.26 0.07 -0.21
149 17 93 121 23 -0.03 -0.04 -0.0 -0.27 0.0 -0.24
150 18 91 122 24 -0.01 -0.06 -0.01 -0.24 -0.04 -0.25
151 17 89 118 24 0.02 -0.08 -0.01 0.0 -0.03 -0.13
152 17 89 120 24 0.04 -0.07 0.01 0.02 0.0 -0.03
153 17 87 119 23 0.04 -0.06 0.02 -0.02 0.0 -0.12
154 17 87 124 24 0.04 -0.03 0.02 -0.02 0.04 -0.04
155 18 88 120 24 0.04 -0.01 0.02 -0.11 0.06 -0.06
156 17 88 121 24 0.03 -0.0 0.02 -0.14 0.09 -0.07
157 17 89 117 24 0.03 0.0 0.01 -0.11 0.03 -0.03
158 17 88 118 23 0.02 0.01 0.01 -0.13 0.0 -0.07
159 16 88 123 23 0.02 0.01 0.01 -0.18 0.03 -0.14
160 17 90 124 24 0.02 0.02 0.0 -0.18 0.04 -0.15
161 17 91 122 24 0.02 0.0 -0.0 -0.2 0.05 -0.08
162 17 91 124 24 0.02 -0.01 -0.01 -0.17 0.06 -0.07
163 18 89 118 24 0.02 -0.01 -0.01 -0.08 0.08 -0.05
164 18 88 122 24 0.01 0.0 -0.01 -0.14 0.02 -0.1
165 22 86 116 24 0.01 -0.0 -0.01 -0.18 0.04 -0.17
166 21 88 117 24 0.01 -0.01 -0.01 -0.13 0.03 -0.06
167 20 87 119 24 -0.01 -0.04 0.01 0.0 0.03 -0.06
168 19 87 118 24 -0.02 -0.05 0.02 -0.03 0.0 -0.07
169 16 87 116 25 -0.03 -0.03 0.04 -0.04 0.0 -0.07
170 18 88 116 25 -0.05 -0.01 0.05 -0.05 0.02 -0.1
171 18 87 116 24 -0.04 0.0 0.05 -0.08 0.04 -0.1
172 18 89 115 25 -0.03 0.01 0.05 -0.15 0.03 -0.13
173 17 87 115 24 -0.01 0.01 0.04 -0.17 0.03 -0.14
174 17 85 113 24 0.0 0.01 0.04 -0.15 0.01 -0.15
175 17 85 110 24 0.03 0.01 0.03 -0.16 -0.01 -0.12
176 17 84 113 24 0.07 0.01 0.02 -0.18 -0.03 -0.17
177 20 82 115 24 0.09 0.01 0.02 -0.14 -0.02 -0.15
178 19 82 113 24 0.13 0.02 0.02 -0.1 0.0 -0.15
179 18 82 116 24 0.15 0.02 0.03 -0.01 0.0 -0.13
180 19 81 115 24 0.17 0.03 0.05 -0.04 -0.02 -0.15
181 18 80 114 25 0.19 0.03 0.07 -0.07 0.0 -0.1
182 18 79 110 24 0.18 0.02 0.08 -0.17 -0.05 -0.02
183 20 79 106 24 0.18 0.02 0.08 -0.13 0.04 0.01
184 22 81 110 24 0.15 0.01 0.07 -0.18 0.16 0.01
185 21 79 107 24 0.14 0.01 0.06 0.03 0.28 0.03
-200 -200 -200 -200 -200 -200 -200 -200 -200 -200 -200
186 20 81 107 24 0.09 0.03 0.04 0.0 0.22 0.01
187 19 81 110 24 0.06 0.08 0.03 -0.14 0.11 -0.08
188 19 80 114 25 0.06 0.09 0.03 0.02 -0.06 -0.18
189 18 80 114 24 0.06 0.08 0.05 0.02 -0.12 -0.14
190 18 80 113 24 0.07 0.07 0.07 -0.23 -0.06 -0.14
191 20 79 111 25 0.08 0.07 0.07 -0.11 0.02 -0.12
192 18 79 108 24 0.08 0.05 0.08 -0.08 0.04 -0.13
193 22 80 110 24 0.06 0.04 0.09 -0.03 0.1 -0.05
194 22 78 108 25 0.03 0.04 0.08 -0.07 0.1 -0.06
195 20 79 112 24 0.02 0.04 0.08 -0.11 0.09 -0.04
196 20 80 110 25 -0.01 0.04 0.08 -0.17 0.12 -0.04
197 19 79 108 24 -0.03 0.03 0.08 -0.1 0.12 -0.02
198 19 80 103 24 -0.07 0.03 0.07 -0.06 0.13 -0.06
199 22 80 101 25 -0.09 0.04 0.06 0.0 0.08 -0.01
200 21 80 103 24 -0.11 0.06 0.05 -0.03 0.04 -0.06
201 20 82 103 24 -0.11 0.07 0.05 -0.03 0.04 -0.09
202 20 82 103 24 -0.11 0.09 0.04 -0.24 0.0 -0.15
203 19 85 97 24 -0.11 0.08 0.04 -0.13 0.03 -0.07
204 18 83 95 24 -0.1 0.06 0.03 -0.08 0.02 -0.09
205 18 84 97 25 -0.1 0.05 0.02 -0.16 0.04 -0.11
206 18 83 96 25 -0.08 0.04 0.0 -0.25 0.17 -0.11
207 17 80 94 37 -0.08 0.01 -0.0 -0.2 0.22 -0.08
208 17 81 93 37 -0.09 -0.03 -0.02 -0.04 0.19 0.02
209 17 82 88 33 -0.1 -0.05 -0.02 0.01 0.03 0.02
210 18 81 86 33 -0.12 -0.04 -0.02 -0.02 0.1 0.0
211 19 82 85 37 -0.17 -0.07 -0.02 0.29 0.33 0.38
212 38 84 87 82 -0.3 -0.13 0.02 0.32 0.18 0.59
213 63 88 84 88 -0.39 -0.14 0.04 0.22 0.0 0.54
214 60 93 80 81 -0.62 -0.26 0.09 -0.14 -0.05 0.95
215 58 98 78 73 -1.12 -0.61 0.17 -0.62 -0.53 1.45
216 66 101 76 62 -1.13 -0.39 0.17 -0.85 -0.39 1.45
217 59 108 77 65 -0.7 0.23 -0.0 -1.11 0.49 1.29
218 65 109 77 59 -0.49 0.29 -0.06 0.72 -0.09 1.54
219 67 132 73 55 -0.59 0.35 0.11 -1.09 -1.03 1.97
220 66 124 71 50 -0.34 0.31 -0.1 0.06 -0.43 1.33
221 71 117 72 43 -0.11 -0.38 -0.08 0.0 -0.48 0.51
222 78 112 75 39 0.12 -0.78 -0.12 0.78 0.44 -0.85
223 76 108 80 36 0.19 -0.85 -0.1 0.09 -0.01 0.24
224 70 107 84 33 0.31 -0.87 -0.1 0.94 0.37 2.03
225 69 101 86 32 0.39 -0.78 -0.13 0.89 0.29 2.4
226 59 95 83 30 0.48 -0.5 -0.16 0.56 0.25 3.0
227 51 93 84 28 0.61 -0.41 -0.32 0.26 0.23 2.67
228 52 92 89 28 0.64 -0.41 -0.41 0.11 0.41 2.42
229 47 93 86 27 0.72 -0.45 -0.57 0.25 0.49 1.36
230 55 92 82 27 0.81 -0.52 -0.65 0.16 0.64 0.54
231 67 99 85 26 0.84 -0.54 -0.7 0.08 0.55 0.12
232 73 100 87 26 0.86 -0.62 -0.77 0.01 0.57 -0.57
233 71 100 98 25 0.87 -0.64 -0.8 -0.07 0.41 -0.67
234 87 102 128 26 0.83 -0.66 -0.88 -0.22 0.52 -0.6
235 120 104 118 25 0.79 -0.59 -0.95 -0.31 0.61 -0.75
236 150 111 114 25 0.76 -0.55 -1.0 -0.54 0.69 -1.15
237 190 120 109 25 0.64 -0.43 -1.1 -0.61 0.77 -1.46
238 195 123 125 25 0.5 -0.32 -1.21 -0.5 0.69 -1.75
239 189 121 126 25 0.45 -0.25 -1.27 -0.4 0.57 -1.37
240 197 123 117 25 0.32 -0.17 -1.43 -0.11 0.37 -1.22
241 299 144 118 25 0.25 -0.2 -1.53 0.48 0.09 -1.26
242 272 139 121 24 0.18 -0.0 -1.53 0.5 -0.1 -1.41
243 278 141 137 25 0.13 0.2 -1.52 0.81 -0.19 -1.35
244 294 148 145 27 0.11 0.64 -1.55 0.83 -0.38 -1.38
245 312 151 141 26 0.07 0.8 -1.57 -0.71 -0.12 -1.36
246 329 149 141 26 0.03 0.58 -1.59 -1.21 -0.16 -1.15
247 347 146 149 28 0.02 0.16 -1.61 -1.16 -0.12 -0.92
248 407 140 149 29 0.01 0.01 -1.58 0.01 -0.13 -0.68
249 456 155 154 29 -0.07 0.02 -1.49 0.64 -0.05 -0.76
250 504 150 168 31 -0.22 0.46 -1.41 1.34 0.12 -1.0
251 491 147 169 30 -0.3 0.69 -1.4 0.52 -0.15 -1.11
252 482 143 188 34 -0.36 0.71 -1.38 -0.91 -0.67 -1.09
253 502 147 181 32 -0.27 0.23 -1.35 -1.77 -1.12 -0.64
254 442 144 179 31 -0.2 -0.04 -1.33 -0.93 -0.98 -0.32
255 429 141 193 30 -0.11 -0.27 -1.21 -0.48 -0.89 -0.36
256 380 134 201 29 -0.14 -0.06 -0.95 0.18 -0.75 -0.65
257 352 126 194 28 -0.18 0.17 -0.79 0.55 -0.69 -0.31
258 384 121 179 27 -0.22 0.65 -0.59 0.29 -0.76 -0.22
259 383 125 178 26 -0.14 0.71 -0.51 -1.5 -0.66 -0.71
260 359 121 171 26 -0.08 0.55 -0.47 -1.38 -0.61 -1.01
261 391 120 189 27 0.02 0.17 -0.37 -0.64 -0.66 -0.97
262 377 119 195 27 0.09 -0.03 -0.25 -0.3 -0.4 -0.89
263 383 115 184 26 0.13 -0.06 -0.2 -0.3 -0.09 -0.97
264 367 117 174 25 0.13 -0.09 -0.13 -0.18 -0.01 -1.0
265 343 112 176 26 0.07 -0.03 -0.07 0.02 0.16 -0.88
266 313 113 170 25 0.03 0.02 -0.04 -0.36 0.3 -0.99
267 334 109 170 25 -0.05 0.0 0.01 -0.17 0.24 -0.97
268 312 110 171 25 -0.08 0.03 0.03 0.64 0.19 -0.54
269 296 110 171 25 -0.09 0.11 0.02 0.39 0.03 -0.44
270 311 110 173 27 -0.07 0.19 -0.01 0.16 0.02 -0.52
271 324 115 166 27 -0.07 0.18 0.01 -0.28 0.0 -0.58
272 297 117 171 26 -0.08 0.17 0.03 -0.96 0.23 -0.4
273 292 115 181 26 -0.14 0.06 0.06 -0.97 0.3 -0.4
274 293 118 179 26 -0.19 -0.05 0.08 -0.49 0.31 -0.11
275 261 112 173 27 -0.18 -0.05 0.08 0.18 0.06 0.19
276 265 116 179 29 -0.14 0.05 0.08 0.14 0.05 0.23
277 304 121 188 30 -0.08 0.11 0.08 -0.42 0.05 0.41
278 288 118 174 30 -0.07 0.11 0.09 -0.71 0.09 0.47
279 305 117 162 30 -0.06 0.07 0.09 -0.7 0.14 0.48
280 291 115 162 29 -0.07 0.07 0.11 -0.17 0.08 0.39
281 284 114 155 29 -0.06 0.11 0.12 0.12 0.0 0.28
282 279 110 152 31 -0.03 0.19 0.12 0.07 0.04 0.21
283 302 109 157 29 0.02 0.19 0.11 -0.26 0.1 0.06
284 314 109 154 29 0.03 0.15 0.1 -0.25 0.22 -0.14
285 297 106 159 30 0.01 0.05 0.06 -0.02 0.15 -0.16
286 260 107 153 30 0.0 0.08 0.04 0.47 0.12 -0.09
287 302 117 153 29 -0.01 0.14 0.04 0.49 0.17 -0.05
288 274 113 150 28 -0.02 0.27 0.05 0.27 0.08 -0.19
289 266 114 149 29 -0.03 0.28 0.05 -0.35 -0.01 -0.37
290 278 115 145 29 -0.03 0.22 0.05 -0.59 -0.02 -0.44
291 260 111 142 28 -0.0 0.01 0.02 -0.38 0.02 -0.45
292 233 106 137 28 0.01 -0.07 -0.0 0.21 0.08 -0.32
293 202 106 147 28 0.01 -0.03 -0.01 0.34 0.07 -0.24
294 218 112 176 33 -0.01 0.12 -0.01 0.19 0.01 -0.2
295 211 112 172 33 -0.03 0.17 -0.01 -0.34 0.06 -0.15
296 219 106 162 32 -0.05 0.14 -0.01 -0.61 0.02 -0.18
297 210 106 159 31 -0.06 0.05 0.0 -0.5 0.02 -0.2
298 218 110 167 30 -0.05 0.02 0.03 -0.22 0.18 -0.02
299 199 107 158 31 -0.05 0.03 0.04 -0.05 0.17 0.02
300 179 105 162 30 -0.03 0.11 0.04 -0.03 0.17 0.12
301 173 101 165 32 -0.02 0.17 0.01 -0.2 0.07 0.16
302 190 96 177 30 -0.02 0.18 0.01 -0.24 0.01 0.22
303 203 94 164 30 0.01 0.11 -0.01 -0.7 -0.11 0.05
304 190 97 155 28 0.05 0.04 -0.01 -0.52 -0.08 0.05
305 200 95 158 28 0.06 0.04 0.0 -0.2 0.05 0.12
306 195 98 154 27 0.06 0.2 0.05 -0.11 0.05 0.07
307 179 95 155 28 0.05 0.34 0.09 -0.48 0.06 -0.13
308 202 99 167 29 0.04 0.34 0.1 -0.56 0.03 -0.22
309 207 102 172 27 0.05 0.24 0.1 -0.65 -0.02 -0.33
310 181 97 158 28 0.09 0.09 0.09 -0.38 -0.05 -0.26
311 199 99 150 27 0.1 0.04 0.09 -0.26 -0.04 -0.21
312 171 96 152 27 0.12 0.04 0.08 -0.01 0.05 -0.2
313 160 91 144 28 0.11 0.09 0.08 -0.01 0.11 -0.25
314 187 93 153 26 0.1 0.13 0.07 0.05 0.29 -0.34
315 172 94 146 27 0.07 0.18 0.07 -0.02 0.29 -0.38
316 185 94 146 26 0.03 0.16 0.06 -0.44 0.23 -0.39
317 189 93 142 26 0.02 0.12 0.05 -0.49 0.2 -0.33
318 213 99 143 26 -0.0 0.03 0.03 -0.44 0.17 -0.3
319 216 102 146 25 -0.01 0.02 0.02 0.02 0.06 -0.21
320 218 100 139 25 -0.02 0.04 0.02 -0.03 0.11 -0.17
321 190 103 134 25 -0.03 0.1 0.02 -0.33 0.08 -0.14
322 199 104 132 25 -0.03 0.05 0.0 -0.55 0.03 -0.2
323 178 98 130 26 -0.03 0.02 0.0 -0.5 0.03 -0.13
324 167 96 136 25 -0.03 -0.03 0.02 -0.35 0.02 -0.05
325 160 93 136 25 -0.04 -0.0 0.04 -0.05 0.06 0.09
326 213 94 134 25 -0.04 0.03 0.04 -0.03 0.06 0.13
327 187 91 129 24 -0.04 0.09 0.03 -0.01 0.06 0.01
328 189 89 127 24 -0.03 0.13 0.01 -0.32 0.03 0.0
329 205 90 125 24 -0.03 0.11 0.01 -0.35 0.04 -0.04
330 201 89 124 25 -0.03 0.05 0.01 -0.41 0.02 -0.24
331 174 88 122 25 -0.02 -0.01 0.02 -0.25 0.0 -0.3
332 142 84 115 25 -0.01 -0.02 0.03 -0.18 0.04 -0.3
333 112 82 117 25 0.01 -0.01 0.04 0.05 -0.01 -0.21
334 94 79 113 24 0.01 0.08 0.05 0.22 -0.16 -0.27
335 77 78 112 24 0.03 0.14 0.06 0.05 -0.45 -0.41
336 63 80 106 24 0.09 0.22 0.11 -0.16 -0.78 -0.68
337 54 83 103 24 0.21 0.22 0.22 -0.19 -1.06 -1.36
338 45 87 99 25 0.28 0.18 0.3 -0.19 -1.23 -1.58
339 39 84 95 25 0.4 -0.07 0.53 0.01 -1.3 -2.55
340 34 82 92 25 0.46 -0.29 0.86 0.25 -0.95 -2.98
341 31 87 89 23 0.43 -0.33 1.03 0.21 -0.79 -3.1
342 29 98 87 50 0.23 -0.41 1.28 0.02 -0.31 -3.3
343 28 96 82 63 -0.11 -0.51 1.47 -0.13 -0.02 -3.08
344 27 116 77 59 -0.33 -0.56 1.53 -0.51 -0.01 -2.95
345 24 111 71 52 -0.69 -0.59 1.58 -0.51 -0.07 -2.23
346 26 105 67 48 -0.95 -0.46 1.58 -0.76 -0.05 -1.81
347 30 111 66 60 -1.0 -0.43 1.56 -0.96 -0.08 -1.55
348 32 134 62 52 -1.09 -0.3 1.52 -0.84 -0.19 -1.0
349 30 145 59 48 -1.18 0.06 1.39 -1.15 -0.12 -0.92
350 27 181 59 46 -1.16 0.17 1.3 -1.34 -0.15 -0.92
351 28 210 58 44 -1.08 -0.16 1.08 -1.08 -0.04 -1.9
352 30 216 57 41 -0.93 -0.81 0.99 -0.46 0.06 -1.62
353 28 261 56 37 -0.89 -1.05 0.97 0.06 0.1 -1.23
354 25 253 54 35 -0.81 -1.23 0.94 -0.04 -0.03 -1.08
355 26 261 53 38 -0.76 -1.27 0.89 0.4 0.12 -1.51
356 29 288 52 39 -0.75 -1.24 0.86 0.42 0.46 -1.79
357 29 260 52 36 -0.84 -1.09 0.86 0.95 0.97 -1.78
358 29 230 51 35 -0.96 -0.81 0.87 0.22 0.88 -0.68
359 29 209 51 32 -1.03 -0.79 0.8 0.02 0.72 -0.36
360 30 183 50 31 -1.09 -0.84 0.62 1.1 0.65 -0.38
361 28 166 49 29 -1.03 -0.8 0.49 1.41 0.04 -1.23
362 71 151 59 28 -1.06 -0.67 0.39 -2.08 -0.54 -3.76
363 61 134 61 27 0.74 -1.39 -0.35 -3.38 -7.05 9.69
364 57 122 76 26 3.25 -0.31 -0.16 8.13 0.13 17.71
365 57 108 71 26 2.62 0.22 -0.53 2.7 0.87 8.2
366 79 105 81 25 1.63 -0.11 -0.4 -0.51 1.94 0.49
367 76 97 79 25 1.05 0.49 -0.28 0.43 3.81 0.15
-100 -100 -100 -100 -100 -100 -100 -100 -100 -100 -100
368 63 92 74 25 0.76 0.6 -0.3 0.75 2.11 1.74
369 51 89 85 24 0.25 0.4 -0.15 1.41 0.98 1.07
370 46 85 78 24 -0.27 0.54 0.11 1.08 0.37 0.65
371 39 82 73 24 -0.33 0.68 0.15 0.47 -0.06 0.57
372 34 81 71 24 -0.19 0.94 0.14 -0.99 -0.06 -0.55
373 30 80 69 23 -0.24 0.68 0.18 -0.87 -0.12 -0.83
374 28 77 76 23 -0.26 0.54 0.23 -0.92 -0.58 -0.65
375 27 74 79 23 -0.16 0.22 0.32 -0.88 -0.54 -0.76
376 25 73 82 23 0.02 0.12 0.32 -0.05 -0.27 -0.51
377 25 72 80 23 0.1 0.13 0.29 -0.02 -0.1 -0.48
378 29 73 73 23 0.16 0.22 0.26 -0.13 0.26 -0.08
379 27 73 70 24 0.16 0.28 0.2 -0.36 0.39 -0.03
380 30 74 71 24 0.17 0.32 0.17 -0.45 0.44 0.0
381 28 76 75 23 0.18 0.3 0.1 -0.68 0.31 -0.05
382 26 77 71 24 0.21 0.23 0.06 -0.71 0.27 -0.18
383 24 77 68 23 0.24 0.2 0.05 -0.46 0.27 -0.17
384 23 79 66 23 0.22 0.11 0.03 -0.23 0.24 -0.13
385 21 80 69 23 0.18 0.07 0.04 0.0 0.11 -0.12
386 22 81 74 23 0.17 0.09 0.04 0.0 0.08 -0.09
387 33 83 77 24 0.15 0.13 0.04 -0.05 0.11 -0.03
388 32 83 73 23 0.09 0.1 0.05 -0.15 0.15 -0.02
389 29 85 77 23 0.06 0.1 0.06 -0.16 0.2 -0.01
390 28 86 73 24 0.01 0.06 0.06 -0.18 0.21 -0.1
391 25 88 75 24 -0.02 0.03 0.07 -0.25 0.19 -0.13
392 23 89 72 24 -0.02 0.01 0.08 -0.11 0.22 -0.09
393 21 89 68 24 -0.03 0.0 0.08 -0.1 0.15 -0.06
394 25 89 71 24 -0.01 0.04 0.07 -0.21 0.1 -0.2
395 24 90 75 25 0.01 0.08 0.06 -0.28 0.09 -0.18
396 26 91 75 25 0.07 0.14 0.03 -0.34 0.13 -0.18
397 27 92 71 25 0.09 0.09 0.0 -0.45 0.24 -0.08
398 25 93 68 25 0.08 0.07 -0.01 -0.38 0.24 -0.08
399 23 94 76 25 0.07 0.04 -0.03 -0.16 0.23 -0.08
400 22 95 76 25 0.05 0.02 -0.03 -0.1 0.15 -0.11
401 20 96 78 25 0.06 0.04 -0.03 -0.08 0.16 -0.09
402 21 95 76 25 0.04 0.03 -0.03 -0.06 0.07 -0.07
403 20 96 79 26 0.03 0.03 -0.02 -0.14 0.14 -0.09
404 27 97 83 25 0.03 0.02 -0.01 -0.13 0.12 -0.12
405 25 98 86 26 0.02 0.01 -0.01 -0.15 0.13 -0.09
406 24 98 80 26 0.0 0.01 -0.0 -0.1 0.15 -0.09
407 22 99 81 27 -0.01 0.01 -0.0 -0.08 0.13 -0.11
408 21 100 79 27 0.01 0.03 -0.01 -0.17 0.12 -0.15
409 20 100 81 27 0.02 0.03 -0.0 -0.24 0.13 -0.15
410 19 100 81 27 0.02 -0.0 -0.0 -0.24 0.12 -0.19
411 19 100 76 27 0.04 -0.01 -0.02 -0.24 0.11 -0.11
412 18 99 85 27 0.05 0.02 -0.03 -0.17 0.13 -0.09
-200 -200 -200 -200 -200 -200 -200 -200 -200 -200 -200
413 18 101 79 27 0.09 0.09 -0.05 -0.11 0.09 -0.07
414 17 101 81 27 0.13 0.22 -0.06 -0.04 0.08 -0.04
415 16 102 82 27 0.15 0.3 -0.06 0.01 0.14 -0.03
416 17 102 85 27 0.12 0.32 -0.05 -0.05 0.11 -0.05
417 17 102 85 27 0.04 0.18 -0.03 -0.2 0.11 -0.13
418 17 102 84 27 0.01 0.09 -0.01 -0.16 0.11 -0.07
419 24 103 77 27 -0.04 -0.01 0.0 -0.1 0.1 -0.04
420 28 105 72 28 -0.06 -0.03 0.01 0.03 0.07 -0.09
421 25 103 70 27 -0.07 -0.02 0.02 -0.03 0.08 -0.11
422 23 103 70 27 -0.08 0.0 0.02 -0.15 0.08 -0.08
423 21 102 74 27 -0.08 -0.01 0.02 -0.17 0.11 -0.12
424 20 101 76 27 -0.09 -0.03 0.02 -0.15 0.11 -0.14
425 19 99 74 28 -0.09 -0.06 0.03 -0.16 0.1 -0.11
426 16 97 74 28 -0.07 -0.06 0.03 -0.17 0.15 -0.14
427 18 95 72 27 -0.07 -0.07 0.03 -0.14 0.14 -0.06
428 18 92 74 27 -0.07 -0.06 0.02 -0.14 0.12 -0.05
429 17 93 69 27 -0.06 -0.07 0.02 -0.06 0.08 -0.08
430 17 92 66 27 -0.06 -0.06 0.02 -0.1 0.08 -0.09
431 17 92 65 27 -0.05 -0.04 0.01 -0.13 0.13 -0.09
432 15 91 72 26 -0.04 -0.03 -0.0 -0.19 0.13 -0.14
433 16 90 75 26 -0.04 -0.05 -0.01 -0.16 0.09 -0.09
434 16 89 75 26 -0.04 -0.07 -0.01 -0.15 0.1 -0.08
435 16 88 74 26 -0.05 -0.08 -0.01 -0.12 0.13 -0.09
436 16 88 70 26 -0.05 -0.08 -0.01 -0.06 0.15 -0.07
437 17 87 70 26 -0.06 -0.09 -0.01 -0.06 0.15 -0.04
438 16 87 73 26 -0.08 -0.09 -0.0 0.01 0.11 -0.05
439 16 87 67 27 -0.09 -0.1 0.01 0.0 0.09 0.01
440 16 87 63 33 -0.13 -0.13 0.03 0.06 0.12 0.03
441 16 88 60 35 -0.17 -0.14 0.05 0.01 0.02 0.14
442 17 89 59 34 -0.19 -0.15 0.05 -0.12 -0.09 0.23
443 34 90 58 60 -0.25 -0.18 0.07 -0.19 -0.08 0.2
444 53 93 58 100 -0.33 -0.22 0.08 -0.17 0.18 0.41
445 68 97 59 95 -0.4 -0.25 0.09 -0.37 0.25 0.59
446 63 101 61 97 -0.53 -0.17 0.12 -0.41 0.27 0.62
447 60 97 59 115 -0.46 -0.09 0.13 -0.44 0.34 1.31
448 51 96 62 94 -0.42 -0.05 0.12 -0.37 0.35 1.51
449 51 98 61 89 -0.31 -0.15 0.1 -0.2 0.48 1.57
450 54 118 62 92 -0.29 -0.23 0.1 0.21 0.58 1.33
451 104 126 64 76 -0.3 -0.26 0.13 0.23 0.29 1.04
452 102 124 66 65 -0.24 -0.31 0.1 -0.5 -0.07 1.83
453 137 126 69 57 0.08 -0.39 0.14 0.18 0.59 1.57
454 112 118 70 49 0.11 -0.19 0.15 -0.28 0.04 2.25
455 121 115 72 43 0.55 0.0 0.14 -0.08 0.04 2.7
456 179 125 73 41 0.89 0.12 0.07 0.49 0.32 3.12
457 183 123 76 38 1.04 0.17 0.02 0.0 0.71 2.67
458 197 122 76 35 1.19 0.34 -0.06 0.1 0.91 2.51
459 244 124 82 33 1.21 0.57 -0.24 0.57 0.9 2.21
460 238 124 86 33 1.23 0.68 -0.36 0.2 0.68 1.61
461 254 125 87 32 1.23 0.8 -0.56 0.07 0.76 0.64
462 343 133 86 32 1.21 0.87 -0.73 0.5 0.84 0.07
463 379 145 88 29 1.16 0.9 -0.83 0.36 0.57 -0.94
464 360 140 88 28 1.07 0.89 -1.03 0.44 0.8 -1.37
465 372 147 102 27 0.93 0.6 -1.2 0.59 0.82 -1.93
466 404 146 98 27 0.81 0.4 -1.28 0.65 0.75 -2.18
467 375 144 103 26 0.64 0.12 -1.44 0.6 0.59 -2.31
468 418 138 104 26 0.49 0.09 -1.55 0.78 0.27 -2.39
469 436 153 102 29 0.4 0.11 -1.57 0.44 0.08 -2.5
470 413 147 114 29 0.14 0.06 -1.52 0.34 -0.05 -2.69
471 452 143 111 27 -0.07 0.06 -1.45 -0.32 -0.15 -2.61
472 431 141 137 28 -0.17 -0.04 -1.42 -0.28 -0.44 -2.04
473 415 132 136 27 -0.33 -0.34 -1.33 -0.36 -0.46 -1.91
474 456 144 142 29 -0.42 -0.47 -1.24 -0.35 -0.51 -1.58
475 447 140 141 29 -0.45 -0.46 -1.19 0.0 -0.68 -1.43
476 476 137 130 29 -0.5 -0.32 -1.06 -0.15 -0.81 -1.26
477 501 143 148 28 -0.49 -0.25 -0.95 -0.49 -0.44 -1.16
478 490 143 157 29 -0.48 -0.26 -0.9 -0.53 -0.47 -0.66
479 459 137 170 29 -0.5 -0.31 -0.81 -0.24 -0.72 -0.22
480 494 132 178 29 -0.5 -0.26 -0.79 0.1 -0.56 -0.09
481 442 153 216 33 -0.49 -0.17 -0.79 -0.18 -0.49 -0.18
482 446 156 210 35 -0.45 0.01 -0.77 -0.23 -0.53 -0.22
483 419 150 199 37 -0.4 0.08 -0.72 -0.05 -0.42 -0.19
484 476 152 195 35 -0.38 0.11 -0.69 -0.4 -0.27 0.22
485 459 154 223 34 -0.37 0.14 -0.65 -0.33 -0.21 0.2
486 470 151 224 33 -0.41 0.23 -0.65 0.08 -0.2 -0.14
487 433 153 233 32 -0.42 0.33 -0.63 -0.17 -0.22 -0.28
488 468 153 232 32 -0.45 0.5 -0.53 -0.36 -0.18 -0.23
489 485 159 235 37 -0.45 0.52 -0.45 -0.46 -0.14 -0.04
490 447 156 239 38 -0.43 0.5 -0.43 0.32 -0.13 -0.1
491 493 156 223 35 -0.42 0.44 -0.39 0.34 -0.23 -0.1
492 514 148 243 37 -0.37 0.56 -0.33 0.35 -0.19 -0.19
493 515 152 236 37 -0.33 0.61 -0.31 -0.07 -0.22 -0.2
494 456 143 222 34 -0.26 0.67 -0.24 -0.1 -0.24 -0.27
495 494 159 205 34 -0.21 0.66 -0.2 0.13 -0.15 -0.41
496 469 153 200 32 -0.19 0.64 -0.19 -0.04 -0.25 -0.67
497 426 152 199 34 -0.13 0.64 -0.15 -0.27 -0.27 -0.83
498 552 162 191 33 0.03 0.52 -0.08 -0.68 -0.26 -1.1
499 543 151 203 37 0.12 0.36 -0.05 -0.36 -0.15 -0.57
500 490 143 205 34 0.18 0.03 -0.05 -0.1 -0.07 -0.16
501 471 140 192 32 0.18 -0.07 -0.06 0.35 -0.06 -0.39
502 438 141 183 37 0.17 -0.04 -0.05 0.26 0.0 -0.6
503 433 143 211 37 0.14 0.1 0.0 0.1 0.03 -0.56
504 394 135 202 35 0.15 0.1 0.04 -0.3 0.09 -0.45
505 365 124 192 33 0.16 0.05 0.04 -0.26 0.14 -0.37
506 335 119 193 32 0.15 -0.08 0.0 -0.21 0.2 -0.37
507 360 114 177 31 0.11 -0.16 -0.02 0.2 0.34 -0.3
508 351 121 160 30 0.08 -0.14 -0.02 0.25 0.19 -0.25
509 345 118 180 32 0.03 0.01 -0.0 0.01 0.05 -0.21
510 357 119 173 31 0.02 0.12 0.01 -0.27 0.07 -0.21
511 361 119 162 34 0.02 0.15 0.01 -0.83 0.16 -0.06
512 349 116 163 33 0.02 0.12 0.03 -0.8 0.08 -0.03
513 343 120 159 32 0.03 0.02 0.04 -0.65 0.04 0.06
514 343 117 157 31 0.04 -0.02 0.04 -0.28 0.1 0.03
515 391 115 160 31 0.08 0.05 0.06 -0.25 0.13 0.08
516 402 111 181 31 0.12 0.17 0.08 -0.25 0.21 0.0
517 419 115 203 33 0.12 0.23 0.09 -0.46 0.28 0.13
518 407 111 201 34 0.05 0.24 0.1 -0.67 0.23 0.12
519 401 110 203 34 -0.0 0.15 0.08 -0.35 0.13 0.0
520 385 108 186 37 -0.01 0.11 0.07 -0.12 0.02 -0.02
521 385 112 182 37 0.02 0.09 0.08 -0.1 0.03 0.0
522 371 110 182 38 0.03 0.08 0.08 -0.21 0.09 -0.11
523 394 110 171 35 0.03 0.08 0.07 -0.26 0.19 -0.3
524 401 108 164 32 0.01 0.03 0.04 -0.31 0.22 -0.39
525 375 109 160 34 -0.03 -0.03 0.04 -0.2 0.16 -0.39
526 376 106 166 37 -0.04 -0.08 0.04 0.2 0.08 -0.1
527 342 106 158 34 -0.04 -0.07 0.04 0.26 0.1 0.01
528 318 108 158 33 -0.01 0.0 0.05 -0.03 0.09 -0.19
529 347 109 151 34 0.0 0.0 0.04 0.25 0.07 -0.35
530 346 112 162 34 0.01 -0.0 0.05 0.23 0.06 -0.37
531 331 113 165 35 0.01 0.03 0.05 0.16 0.1 -0.37
532 341 107 157 34 0.01 0.04 0.04 -0.14 0.14 -0.12
533 357 117 152 35 0.0 0.01 0.01 -0.18 0.21 -0.14
534 323 116 154 33 -0.02 -0.04 -0.02 0.0 0.09 -0.07
535 314 114 157 33 -0.03 -0.05 -0.02 -0.06 0.07 -0.02
536 304 113 158 37 -0.06 0.0 -0.02 -0.06 -0.02 0.04
537 293 110 151 35 -0.04 0.05 -0.01 -0.27 -0.01 0.16
538 303 112 158 34 -0.03 0.06 0.0 -0.39 -0.06 0.15
539 301 110 155 33 0.01 0.03 0.0 -0.4 0.01 -0.01
540 281 108 158 30 0.05 -0.01 0.0 -0.42 0.07 -0.07
541 265 109 159 30 0.06 -0.01 0.01 -0.37 0.13 -0.07
542 294 111 158 29 0.03 0.02 0.04 -0.19 0.17 0.11
543 290 110 158 28 0.0 0.08 0.05 -0.32 0.16 0.05
544 291 112 164 28 -0.0 0.09 0.05 -0.34 0.13 0.04
545 289 112 173 28 0.01 0.08 0.05 -0.31 0.11 0.0
546 302 112 169 27 0.03 0.02 0.06 -0.24 -0.01 0.04
547 296 112 173 29 0.06 -0.01 0.06 -0.14 -0.03 0.1
548 280 109 166 30 0.09 0.0 0.07 -0.14 -0.09 0.04
549 345 111 160 34 0.11 0.05 0.07 -0.29 -0.22 -0.06
550 287 110 171 33 0.13 0.08 0.09 -0.31 -0.21 -0.11
551 268 108 178 32 0.14 0.11 0.14 -0.34 -0.18 -0.27
552 254 110 175 34 0.16 0.13 0.18 -0.24 -0.01 -0.39
553 217 104 167 31 0.16 0.13 0.2 -0.13 0.05 -0.33
554 278 106 167 30 0.15 0.1 0.22 -0.18 -0.09 -0.42
555 256 105 164 30 0.16 0.01 0.22 -0.51 -0.2 -0.39
556 253 104 175 29 0.17 -0.08 0.22 -0.58 -0.23 -0.31
557 233 100 166 28 0.2 -0.26 0.22 -0.48 -0.27 -0.23
558 200 95 160 115 0.2 -0.38 0.27 -0.06 -0.38 -0.13
559 160 90 151 100 0.2 -0.37 0.31 0.09 -0.47 -0.07
560 134 90 142 88 0.22 -0.26 0.4 -0.05 -1.0 -0.23
561 110 87 136 78 0.28 -0.27 0.56 -0.09 -1.37 -0.51
562 101 92 127 67 0.31 -0.37 0.69 0.25 -1.34 -0.89
563 84 99 122 61 0.38 -0.62 1.03 0.46 -1.19 -1.74
564 77 100 116 54 0.46 -0.6 1.4 0.26 -0.71 -2.43
565 82 104 108 55 0.45 -0.61 1.54 0.16 -0.71 -2.55
566 123 111 105 53 0.18 -0.87 1.85 -0.1 -0.75 -2.9
567 100 129 99 99 0.07 -0.92 1.89 -0.26 -0.29 -3.27
568 81 144 91 87 -0.03 -0.87 1.88 -0.44 -0.26 -3.19
569 68 153 85 74 -0.47 -1.8 1.73 0.44 -0.43 -4.4
570 74 188 79 69 -0.57 -2.26 1.72 1.3 -0.05 -4.23
571 93 204 75 76 -0.94 -3.08 1.75 2.43 0.74 -3.29
572 86 195 71 92 -1.23 -2.91 1.81 1.68 0.82 -2.84
573 93 210 69 97 -1.33 -2.05 1.61 0.34 0.25 -0.63
574 84 227 65 99 -1.42 -1.88 1.46 0.35 0.12 0.13
575 91 228 62 94 -1.37 -1.82 1.18 0.19 0.02 0.85
576 97 239 60 84 -1.08 -1.99 1.02 0.3 0.72 0.94
577 108 231 58 74 -0.92 -2.01 0.95 -0.04 0.85 0.85
578 116 225 56 65 -0.62 -1.87 0.92 0.15 0.96 1.16
579 106 211 54 57 -0.27 -1.51 0.85 0.72 1.13 1.09
580 96 194 56 49 -0.08 -1.33 0.8 0.66 1.13 1.08
581 114 204 57 47 0.11 -1.01 0.68 0.5 1.32 1.38
582 111 213 56 45 0.15 -0.81 0.53 -0.21 1.3 0.97
583 99 194 55 43 0.18 -0.76 0.48 -0.33 1.08 0.71
584 101 175 53 40 0.24 -0.57 0.47 -0.31 0.7 0.59
585 96 158 51 36 0.14 -0.27 0.53 0.07 0.76 0.12
586 97 143 51 33 0.04 -0.15 0.54 0.02 0.88 0.02
587 86 133 50 31 -0.17 -0.04 0.53 0.19 0.75 -0.38
588 80 123 50 30 -0.36 0.02 0.5 0.65 0.6 -0.59
589 72 113 51 28 -0.57 0.09 0.51 0.4 0.74 -0.9
590 63 108 52 27 -0.63 0.15 0.46 1.12 0.53 -1.88
591 94 102 54 26 -0.93 0.16 0.3 -0.38 0.17 -1.04
592 85 95 59 27 -0.37 1.11 0.24 8.19 -2.53 19.57
593 71 90 89 27 0.26 2.24 -0.59 3.28 -5.36 4.01
594 60 85 125 28 1.14 0.69 -0.9 -0.54 1.56 -1.52
595 50 84 111 27 0.66 0.94 -0.61 0.42 1.09 -1.18
596 43 82 98 26 0.03 1.54 -0.46 -0.85 0.55 1.07
597 37 80 89 26 -0.14 1.19 -0.35 -1.09 -0.4 1.6
598 33 78 87 26 -0.12 0.76 -0.22 -0.38 -0.08 1.13
599 31 76 80 25 -0.02 0.3 -0.02 -0.54 0.38 -0.47
600 28 76 87 25 0.04 0.22 0.04 -0.69 0.31 -0.4
601 26 74 82 24 -0.0 0.13 0.06 0.29 0.13 -0.13
602 24 73 76 24 -0.09 0.18 0.11 1.12 0.1 0.03
603 28 74 83 24 -0.15 0.33 0.14 0.4 0.1 -0.26
604 30 73 85 24 -0.17 0.33 0.13 0.2 0.11 -0.18
605 28 71 90 24 -0.19 0.31 0.13 -0.05 0.1 -0.02
606 27 69 83 24 -0.17 0.2 0.1 -0.51 0.21 -0.24
607 29 71 82 23 -0.13 0.14 0.09 -0.5 0.16 -0.17
608 27 70 84 23 -0.05 0.01 0.05 -0.32 0.27 -0.12
609 25 70 83 23 0.01 -0.03 0.01 -0.13 0.24 -0.02
610 22 70 79 24 0.02 -0.04 0.01 0.1 0.2 -0.03
611 21 70 80 23 0.02 0.01 0.01 0.19 0.17 -0.14
-100 -100 -100 -100 -100 -100 -100 -100 -100 -100 -100
612 21 71 79 23 0.01 0.07 0.02 0.22 0.13 -0.1
613 20 71 79 23 -0.01 0.09 0.02 0.18 0.08 -0.1
614 24 70 78 23 -0.02 0.08 0.01 -0.01 0.11 -0.11
615 24 70 76 23 -0.03 0.04 0.01 0.0 0.2 -0.05
616 32 70 70 23 -0.04 -0.01 0.01 -0.01 0.25 -0.04
617 29 69 77 24 -0.04 0.02 -0.0 0.14 0.21 -0.06
618 26 70 80 23 -0.04 0.04 -0.0 0.05 0.15 -0.16
619 24 71 83 23 -0.01 0.06 -0.01 0.07 0.15 -0.17
620 23 71 78 23 0.01 0.06 -0.01 -0.07 0.1 -0.17
621 23 73 75 23 0.01 0.04 -0.01 -0.06 0.16 -0.09
622 31 77 77 23 0.01 -0.03 -0.02 0.0 0.17 -0.05
623 28 81 70 23 0.0 -0.04 -0.02 0.1 0.19 -0.08
624 28 83 75 23 -0.01 -0.03 -0.02 0.12 0.17 -0.15
625 30 84 74 23 -0.02 0.01 -0.01 0.12 0.19 -0.15
626 27 84 73 23 -0.02 0.04 0.01 0.17 0.18 -0.05
627 27 83 70 23 -0.04 0.03 0.02 0.12 0.2 -0.09
628 24 85 73 23 -0.06 0.01 0.03 0.07 0.23 -0.07
629 22 85 70 23 -0.08 -0.02 0.03 0.02 0.22 -0.02
630 21 87 76 24 -0.08 -0.03 0.03 0.05 0.18 -0.05
631 28 88 72 24 -0.08 -0.01 0.03 0.06 0.2 -0.12
632 26 87 70 23 -0.09 0.0 0.03 0.0 0.17 -0.12
633 24 87 76 23 -0.08 -0.0 0.03 -0.02 0.18 -0.16
634 22 86 69 23 -0.06 -0.01 0.03 0.0 0.19 -0.1
635 21 87 67 23 -0.07 -0.03 0.03 0.05 0.2 -0.04
636 20 85 63 23 -0.07 -0.04 0.03 0.1 0.16 -0.05
637 20 84 61 23 -0.07 -0.02 0.03 0.08 0.14 -0.11
638 18 84 59 23 -0.06 0.0 0.03 -0.01 0.11 -0.19
639 18 82 60 23 -0.04 0.02 0.03 -0.04 0.09 -0.22
640 19 82 59 23 0.0 0.04 0.02 -0.06 0.07 -0.23
641 20 82 62 24 0.05 0.03 -0.01 -0.15 0.04 -0.27
642 22 82 71 23 0.08 0.01 -0.03 -0.31 0.14 -0.26
643 20 82 74 24 0.14 -0.0 -0.07 -0.33 0.16 -0.11
644 20 81 76 24 0.14 -0.07 -0.09 -0.12 0.18 0.14
645 20 81 82 23 0.13 -0.09 -0.09 0.24 0.24 0.03
646 19 80 82 24 0.09 -0.11 -0.06 0.36 0.24 -0.02
647 22 81 76 24 0.04 -0.05 -0.05 0.3 0.21 -0.05
-200 -200 -200 -200 -200 -200 -200 -200 -200 -200 -200
648 21 82 71 24 0.01 -0.02 -0.04 0.05 0.2 -0.06
649 20 80 71 23 -0.03 -0.04 -0.03 -0.05 0.19 -0.01
650 20 81 76 25 -0.04 -0.1 -0.01 0.0 0.16 -0.06
651 19 79 78 26 -0.05 -0.11 -0.0 0.21 0.16 -0.09
652 19 86 75 46 -0.06 -0.05 0.01 0.25 0.16 -0.04
653 18 91 70 46 -0.05 0.04 0.02 0.17 0.18 -0.13
654 20 91 67 41 -0.05 0.08 0.03 0.25 0.15 -0.19
655 19 88 64 36 -0.03 0.19 0.07 0.31 0.15 -0.17
656 21 87 65 34 -0.01 0.21 0.07 0.12 0.2 -0.11
657 16 86 66 32 -0.01 0.19 0.07 0.03 0.22 -0.13
658 19 85 75 30 -0.03 0.15 0.06 0.0 0.23 -0.09
659 19 83 79 29 -0.05 0.08 0.05 -0.23 0.18 -0.09
660 18 84 74 28 -0.04 0.04 0.05 -0.03 0.25 -0.04
661 17 85 71 27 -0.06 -0.01 0.06 -0.02 0.21 -0.02
662 17 86 70 26 -0.07 -0.03 0.06 0.01 0.21 -0.04
663 17 85 69 28 -0.07 -0.03 0.06 -0.02 0.13 -0.04
664 17 85 69 27 -0.09 -0.04 0.05 -0.08 0.11 -0.04
665 17 85 66 29 -0.08 -0.06 0.05 -0.12 0.03 -0.06
666 39 93 63 34 -0.07 -0.06 0.04 -0.15 0.03 -0.12
667 46 96 61 32 -0.06 -0.08 0.04 -0.1 0.03 -0.09
668 71 98 59 41 -0.04 -0.09 0.03 -0.35 0.0 0.01
669 102 98 58 40 -0.01 -0.1 0.02 -0.56 0.0 0.26
670 103 101 58 41 0.03 -0.17 0.01 -0.35 -0.03 0.37
671 108 101 58 37 0.07 -0.25 0.0 0.06 0.0 0.36
672 107 107 57 39 0.08 -0.27 0.01 0.78 0.25 0.61
673 141 120 57 37 0.07 -0.25 -0.02 0.79 0.35 0.62
674 172 135 58 52 -0.11 -0.15 0.0 1.31 -0.3 0.94
675 196 141 58 46 -0.08 -0.11 -0.02 1.1 0.23 0.7
676 181 139 59 40 0.04 -0.06 -0.14 0.75 -0.01 0.43
677 168 137 60 37 0.24 0.07 -0.28 0.41 0.04 0.96
678 193 135 60 34 0.4 0.05 -0.39 2.39 0.07 2.13
679 179 132 62 31 0.62 0.09 -0.57 1.59 0.04 2.76
680 179 133 60 30 0.74 0.68 -0.69 1.35 0.17 2.86
681 204 131 61 29 0.77 1.01 -0.76 0.74 0.44 2.45
682 194 131 61 28 0.76 1.42 -0.89 0.56 0.41 2.32
683 250 127 71 27 0.82 1.34 -0.97 -0.35 0.18 2.48
684 239 131 78 27 0.84 1.19 -1.03 -0.36 0.29 2.41
685 223 126 76 27 0.83 0.91 -1.22 -0.25 0.33 2.16
686 234 119 82 27 0.81 0.92 -1.36 0.51 0.54 1.26
687 226 127 86 26 0.83 1.04 -1.41 0.86 0.78 0.1
688 277 129 87 27 0.71 1.41 -1.44 0.01 0.77 -0.58
689 284 135 93 27 0.64 1.62 -1.41 0.11 0.51 -0.41
690 262 139 107 26 0.57 1.58 -1.41 -0.41 0.46 -0.69
691 271 141 116 26 0.47 1.37 -1.45 -0.53 0.29 -0.59
692 354 145 122 26 0.38 0.95 -1.47 -0.69 0.18 -0.86
693 333 134 131 27 0.35 0.75 -1.47 -0.42 0.27 -1.42
694 404 131 135 28 0.22 0.31 -1.44 -0.39 0.23 -1.55
695 401 148 126 29 0.11 -0.01 -1.34 -0.35 0.32 -1.62
696 368 136 129 30 0.03 -0.12 -1.28 -0.14 0.07 -1.86
697 350 133 132 30 -0.09 -0.28 -1.15 -0.32 -0.04 -1.73
698 367 134 130 29 -0.15 -0.31 -0.99 -0.18 -0.16 -1.79
699 346 130 123 28 -0.16 -0.27 -0.91 0.02 -0.22 -1.72
700 404 124 125 29 -0.16 -0.11 -0.75 0.04 -0.05 -1.8
701 346 124 119 29 -0.18 0.04 -0.61 0.2 0.11 -1.56
702 352 123 122 29 -0.21 0.11 -0.58 -0.08 -0.05 -1.12
703 362 131 134 30 -0.27 0.2 -0.56 -0.28 -0.2 -1.07
704 349 130 135 31 -0.28 0.12 -0.55 -0.49 -0.19 -1.11
705 391 126 132 30 -0.29 0.06 -0.53 -0.52 -0.13 -1.17
706 344 123 134 29 -0.32 -0.08 -0.46 -0.19 -0.14 -0.98
707 378 130 131 30 -0.32 -0.03 -0.41 0.35 0.05 -0.41
708 424 136 133 29 -0.33 0.04 -0.4 0.18 0.1 -0.33
709 443 137 151 29 -0.32 0.14 -0.38 0.23 -0.14 -0.21
710 412 139 153 29 -0.28 0.24 -0.36 0.17 -0.32 -0.11
711 419 145 145 30 -0.26 0.26 -0.34 -0.49 -0.71 0.11
712 431 147 138 29 -0.2 0.28 -0.33 -0.02 -0.62 0.09
713 413 139 149 29 -0.14 0.24 -0.31 -0.02 -0.51 -0.2
714 385 136 146 27 -0.11 0.23 -0.28 -0.25 -0.52 -0.68
715 386 132 137 30 -0.03 0.14 -0.21 -0.46 -0.48 -0.84
716 457 132 138 27 0.05 -0.07 -0.15 -0.21 -0.45 -1.03
717 415 138 147 26 0.09 -0.14 -0.11 0.36 -0.28 -1.05
718 409 138 143 27 0.16 -0.14 -0.03 0.68 -0.14 -0.79
719 375 134 142 27 0.2 -0.03 0.03 0.7 -0.06 -0.65
720 362 126 134 27 0.21 0.0 0.02 0.28 0.17 -0.73
721 374 133 145 27 0.2 -0.04 -0.03 0.24 0.21 -0.75
722 370 136 142 26 0.14 -0.06 -0.06 0.21 0.24 -0.82
723 334 126 141 26 0.1 -0.05 -0.06 0.42 0.24 -0.81
724 337 125 141 26 0.03 0.05 -0.04 0.39 0.25 -0.75
725 331 120 140 25 -0.02 0.14 -0.03 0.3 0.23 -0.42
726 349 120 137 26 -0.03 0.18 -0.03 0.04 0.19 -0.44
727 345 128 126 25 -0.07 0.23 -0.02 0.01 0.18 -0.4
728 307 138 133 25 -0.1 0.24 0.01 -0.22 0.22 -0.27
729 346 139 135 25 -0.11 0.21 0.01 -0.11 0.2 -0.04
730 320 137 132 28 -0.09 0.15 -0.02 0.0 0.16 0.07
731 368 137 129 28 -0.05 0.19 -0.03 -0.05 0.11 0.09
732 362 134 122 27 -0.04 0.19 -0.02 -0.63 0.22 0.02
733 358 141 123 27 -0.02 0.15 -0.0 -0.66 0.2 0.04
734 334 137 119 27 -0.03 0.07 0.02 -0.39 0.17 0.18
735 327 133 123 27 -0.02 0.05 0.03 -0.24 0.11 0.24
736 326 127 126 28 0.0 0.03 0.04 -0.23 0.1 0.27
737 304 130 134 28 0.04 -0.01 0.04 -0.14 0.15 0.29
738 304 137 130 27 0.05 -0.01 0.04 0.0 0.23 0.26
739 301 132 130 26 0.04 0.04 0.06 0.0 0.28 0.2
740 336 129 124 26 0.04 0.1 0.06 0.01 0.25 0.07
741 318 123 127 26 0.04 0.12 0.06 -0.01 0.18 -0.01
742 295 132 128 27 0.03 0.14 0.05 -0.09 0.22 -0.02
743 268 142 129 26 0.03 0.09 0.04 -0.18 0.07 -0.05
744 279 141 128 26 0.03 0.05 0.03 -0.12 -0.01 -0.04
745 281 132 118 25 0.03 0.02 0.03 -0.12 -0.03 -0.06
746 283 130 121 25 0.04 0.02 0.05 -0.01 -0.02 -0.12
747 316 130 121 25 0.04 0.02 0.06 -0.03 0.09 -0.22
748 311 123 121 26 0.06 -0.0 0.07 0.04 0.18 -0.13
749 297 124 113 26 0.05 -0.02 0.05 0.14 0.21 -0.04
750 304 123 107 26 0.04 -0.01 0.05 0.21 0.2 -0.14
751 283 119 114 25 0.02 0.01 0.03 0.12 0.19 -0.17
752 288 119 124 25 0.01 0.04 0.02 0.22 0.23 -0.13
753 264 125 119 26 0.01 0.07 0.01 0.18 0.15 -0.01
754 298 120 120 28 -0.0 0.15 0.01 0.09 0.19 0.02
755 282 116 113 28 -0.03 0.16 0.01 -0.48 0.05 -0.16
756 298 118 115 29 -0.03 0.12 0.01 -0.56 0.13 -0.19
757 307 113 111 26 -0.03 -0.03 0.01 -0.25 0.03 -0.08
758 315 111 105 26 -0.02 -0.07 0.01 0.09 0.14 0.14
759 327 116 100 25 -0.03 -0.02 0.01 -0.04 0.09 0.14
760 318 116 117 25 -0.03 0.08 0.03 -0.1 0.11 0.1
761 299 113 110 25 -0.01 0.1 0.03 -0.34 0.05 0.05
762 290 118 106 25 0.01 0.07 0.03 -0.37 0.1 -0.04
763 302 114 99 24 0.03 -0.02 0.04 -0.37 0.09 -0.07
764 290 110 99 26 0.03 -0.06 0.04 0.08 0.09 0.07
765 316 110 99 27 0.04 -0.03 0.05 0.04 0.09 -0.05
766 281 105 101 25 0.05 0.02 0.06 -0.12 0.07 -0.16
767 265 102 100 25 0.07 -0.01 0.06 -0.03 0.15 -0.19
768 262 107 101 27 0.08 -0.02 0.05 0.12 0.21 -0.02
769 247 102 105 26 0.07 0.0 0.06 0.04 0.18 0.0
770 218 99 95 26 0.07 0.02 0.07 -0.06 0.1 0.06
771 181 96 88 26 0.06 0.01 0.06 -0.02 -0.01 -0.05
772 144 92 80 28 0.08 0.01 0.06 -0.07 -0.09 -0.29
773 124 89 75 28 0.1 0.03 0.1 -0.13 -0.42 -0.51
774 111 90 69 29 0.12 0.04 0.14 -0.15 -0.55 -0.64
775 90 88 65 52 0.23 0.08 0.25 -0.16 -0.68 -0.92
776 76 84 63 53 0.35 0.04 0.42 -0.17 -0.96 -1.15
777 63 82 62 47 0.4 -0.04 0.53 -0.14 -1.05 -1.08
778 54 88 62 43 0.46 -0.29 0.82 0.07 -0.98 -1.25
779 49 89 61 53 0.45 -0.44 1.15 0.15 -0.88 -1.65
780 49 95 61 74 0.42 -0.46 1.3 0.13 -0.8 -1.87
781 45 95 61 104 0.3 -0.52 1.56 0.08 -0.2 -2.4
782 44 98 64 106 0.0 -0.66 1.76 -0.07 -0.14 -2.81
783 39 116 69 96 -0.15 -0.75 1.83 -0.25 -0.25 -3.01
784 45 131 71 96 -0.4 -0.89 1.88 -0.66 -0.22 -2.97
785 43 141 73 95 -0.6 -0.85 1.89 -0.69 -0.32 -2.97
786 41 169 74 86 -0.66 -0.82 1.93 -0.7 -0.28 -2.91
787 38 173 77 76 -0.71 -0.82 1.93 -1.12 0.44 -2.51
788 43 212 77 74 -0.98 -0.86 1.88 -1.39 0.04 -1.96
789 50 212 81 71 -1.1 -0.89 1.86 -1.11 0.0 -1.67
790 69 219 81 71 -1.14 -0.85 1.7 -0.61 0.13 -1.47
791 86 238 80 70 -1.09 -0.83 1.51 -0.13 0.35 -0.96
792 74 258 81 63 -1.14 -0.83 1.41 0.34 0.66 -0.86
793 85 258 81 59 -1.18 -1.09 1.23 0.51 0.69 -0.64
794 86 258 77 52 -1.17 -1.4 1.12 0.99 0.44 -0.14
795 82 235 72 46 -1.13 -1.45 1.06 1.17 0.44 0.09
796 70 213 67 41 -1.08 -1.44 0.92 1.42 0.56 0.44
797 62 190 64 39 -1.03 -1.49 0.72 1.74 0.81 0.35
798 53 169 61 39 -1.01 -1.55 0.62 1.94 0.83 0.31
799 48 150 60 36 -1.02 -1.5 0.47 2.21 0.54 0.12
800 54 136 57 34 -1.12 -1.27 0.29 1.11 0.25 -0.16
801 80 123 56 32 -1.14 -1.24 0.3 3.13 0.24 -1.43
802 66 111 54 30 -1.02 -1.26 0.19 3.86 -0.21 -1.09
803 56 102 60 28 0.57 -1.41 -0.24 9.3 -3.52 14.91
804 47 97 65 27 1.93 -0.07 -0.11 6.44 1.98 12.57
805 40 97 63 26 1.3 1.77 -0.31 1.54 -1.38 7.03
806 37 98 61 26 0.61 1.22 -0.37 -1.35 1.84 0.37
807 33 95 78 25 0.31 1.13 -0.34 -1.93 1.78 -0.04
808 29 97 81 25 0.08 0.86 -0.29 -1.62 0.6 0.36
809 26 98 86 23 0.16 0.29 -0.13 -0.75 0.29 0.57
810 24 98 83 24 0.13 0.09 -0.03 0.14 -0.18 0.17
811 23 101 80 24 0.17 -0.03 0.04 0.72 0.27 -0.17
812 21 103 78 24 0.1 0.17 0.07 0.6 0.07 -0.22
813 20 104 80 23 0.07 0.29 0.07 0.38 0.1 -0.23
814 20 106 82 23 -0.01 0.32 0.06 -0.1 0.0 -0.14
815 19 106 82 23 -0.09 0.14 0.11 -0.39 0.04 -0.05
816 18 106 80 23 -0.03 0.09 0.1 -0.49 0.17 -0.16
817 18 104 82 24 -0.01 0.05 0.07 -0.3 0.37 -0.18
818 18 103 81 23 0.06 0.06 0.02 -0.17 0.42 0.03
-100 -100 -100 -100 -100 -100 -100 -100 -100 -100 -100
819 17 100 79 23 0.06 0.04 0.0 -0.06 0.38 0.12
820 16 96 82 23 0.07 0.02 -0.01 -0.01 0.29 -0.04
821 17 94 77 23 0.04 0.03 -0.01 0.07 0.15 -0.07
822 16 92 74 23 0.04 0.04 -0.01 0.07 0.13 -0.1
823 17 90 72 24 0.05 0.05 -0.0 0.09 0.14 -0.13
824 17 88 70 23 0.03 0.05 0.01 -0.01 0.11 -0.13
825 16 86 71 23 0.02 0.04 0.01 -0.04 0.17 -0.11
826 16 85 77 23 0.02 0.03 0.0 -0.03 0.2 -0.11
827 16 82 74 23 0.02 0.01 -0.0 -0.02 0.22 -0.04
828 16 79 71 23 0.01 0.0 -0.0 0.01 0.18 -0.02
829 16 77 70 23 0.01 0.02 -0.0 -0.02 0.22 -0.04
830 16 75 73 23 -0.01 0.01 -0.0 -0.03 0.21 -0.01
831 16 74 72 23 -0.02 -0.01 -0.01 -0.07 0.19 -0.1
832 15 72 69 23 -0.02 -0.01 -0.0 0.03 0.21 -0.07
833 16 71 74 23 -0.02 -0.01 0.01 0.01 0.16 -0.16
834 16 69 75 23 -0.01 0.01 0.0 0.01 0.14 -0.17
835 16 69 75 23 0.0 0.02 0.0 -0.05 0.18 -0.1
836 16 68 74 23 -0.0 0.0 0.0 -0.08 0.18 -0.1
837 15 68 71 23 0.0 -0.01 0.01 -0.04 0.25 -0.03
838 16 67 70 23 -0.02 -0.05 0.01 0.03 0.22 -0.05
839 15 67 71 23 -0.01 -0.02 0.01 0.07 0.19 -0.07
840 15 67 75 24 -0.02 -0.01 0.01 0.04 0.19 -0.08
841 16 67 74 23 -0.02 0.02 0.01 -0.03 0.15 -0.09
842 16 66 74 23 -0.01 0.02 0.01 -0.04 0.14 -0.13
843 15 65 72 23 -0.01 0.03 0.02 -0.05 0.17 -0.1
844 15 66 72 23 0.0 0.03 0.02 -0.01 0.14 -0.07
845 15 65 70 23 -0.01 0.02 0.02 -0.02 0.23 -0.06
846 15 65 69 23 -0.01 0.01 0.02 -0.07 0.2 -0.12
847 15 64 69 23 -0.02 -0.01 0.02 -0.02 0.15 -0.07
848 16 65 66 23 -0.03 -0.02 0.02 -0.04 0.14 -0.06
849 16 65 65 24 -0.03 -0.03 0.03 -0.02 0.11 -0.1
850 15 65 67 23 -0.03 -0.03 0.03 0.07 0.11 -0.07
851 15 65 70 24 -0.02 0.0 0.03 0.05 0.18 -0.16
852 15 67 67 23 -0.02 0.01 0.03 0.0 0.19 -0.13
853 16 66 66 24 -0.02 0.02 0.02 -0.01 0.22 0.0
854 16 65 69 27 -0.04 0.01 0.02 -0.13 0.15 -0.08
855 16 65 68 27 -0.04 -0.03 0.01 -0.14 0.16 -0.14
856 16 66 70 25 -0.02 -0.02 0.0 -0.02 0.16 -0.08
857 15 68 74 25 -0.01 -0.01 -0.01 -0.04 0.14 -0.08
858 16 70 69 30 -0.01 -0.01 -0.01 0.02 0.16 -0.06
859 16 72 65 29 -0.01 -0.01 -0.0 0.0 0.15 -0.07
860 15 73 63 28 -0.02 -0.01 0.0 -0.04 0.15 -0.06
861 15 73 61 24 -0.03 -0.02 0.0 -0.02 0.16 -0.08
862 16 75 59 34 -0.04 -0.04 0.01 0.01 0.17 -0.06
863 16 78 58 31 -0.05 -0.04 0.02 -0.05 0.14 -0.1
864 16 76 66 29 -0.06 -0.05 0.02 -0.02 0.12 -0.1
865 15 74 73 30 -0.05 -0.07 0.03 0.01 0.12 -0.1
866 15 72 68 30 -0.05 -0.06 0.04 0.08 0.18 0.0
867 15 70 64 30 -0.07 -0.05 0.04 0.06 0.17 0.0
868 16 70 71 28 -0.08 -0.05 0.04 -0.05 0.15 -0.12
869 15 69 71 27 -0.07 -0.05 0.03 -0.03 0.26 -0.09
870 15 68 68 26 -0.07 -0.04 0.02 -0.1 0.21 -0.08
-200 -200 -200 -200 -200 -200 -200 -200 -200 -200 -200
871 14 68 70 26 -0.05 -0.03 0.0 -0.06 0.17 -0.08
872 16 68 68 25 -0.05 -0.03 -0.0 0.01 0.16 -0.13
873 16 67 70 30 -0.03 -0.0 -0.02 -0.02 0.11 -0.17
874 15 66 75 29 0.0 0.02 -0.02 -0.09 0.12 -0.13
875 15 66 73 28 0.03 0.03 -0.03 -0.12 0.16 -0.18
876 15 66 68 27 0.04 0.02 -0.03 -0.1 0.2 -0.12
877 15 62 67 27 0.04 0.0 -0.03 0.06 0.19 0.0
878 16 66 73 28 0.03 -0.0 -0.03 0.09 0.2 -0.03
879 16 66 70 27 0.02 0.0 -0.02 0.03 0.15 -0.05
880 16 66 67 26 -0.0 0.01 -0.02 -0.05 0.19 -0.1
881 15 65 63 26 -0.01 0.0 -0.02 -0.03 0.16 -0.06
882 16 66 62 34 -0.02 -0.02 -0.01 0.02 0.19 -0.02
883 15 67 67 32 -0.04 -0.05 0.0 0.08 0.19 0.04
884 25 73 66 55 -0.05 -0.04 0.01 0.12 0.11 0.0
885 37 77 64 104 -0.09 -0.03 0.02 0.07 0.11 0.03
886 66 81 63 106 -0.12 -0.02 0.03 -0.2 0.02 0.17
887 74 82 61 101 -0.11 0.02 0.03 -0.62 -0.1 0.33
888 104 88 61 95 -0.07 0.09 0.02 -0.82 -0.13 0.62
889 99 91 60 92 0.01 0.19 -0.01 -0.28 -0.05 0.78
890 114 90 59 99 0.01 0.14 -0.06 1.36 -0.12 2.09
891 113 94 58 81 -0.16 0.13 -0.02 1.35 -2.47 2.14
892 102 94 57 69 -0.28 0.29 0.11 1.76 0.29 2.02
893 118 95 54 63 -0.25 0.23 0.01 1.09 0.14 1.18
894 115 101 54 54 -0.08 0.29 -0.17 1.47 -0.02 1.07
895 118 104 56 48 0.03 0.84 -0.34 1.59 0.34 1.15
896 164 110 56 43 0.14 1.16 -0.52 1.06 -0.13 1.44
897 197 106 63 39 0.28 1.06 -0.6 0.92 0.03 1.72
898 203 114 66 36 0.55 0.84 -0.76 0.67 0.06 2.15
899 220 117 63 36 0.69 0.72 -0.82 0.46 0.21 2.42
900 218 117 61 33 0.82 0.72 -0.93 0.54 0.2 2.44
901 222 115 61 33 0.91 0.93 -1.09 0.43 0.35 1.99
902 221 116 60 31 0.96 1.05 -1.17 0.15 0.54 1.13
903 210 114 62 30 1.01 1.22 -1.26 0.0 0.63 0.73
904 238 124 73 29 1.0 1.18 -1.29 -0.29 0.78 -0.12
905 249 126 77 35 0.99 1.05 -1.3 -0.12 0.54 -0.18
906 265 126 80 33 0.94 0.96 -1.32 0.0 0.46 -0.32
907 289 127 84 31 0.91 0.93 -1.36 0.05 0.26 -0.45
908 296 133 82 30 0.9 0.95 -1.38 -0.16 0.12 -0.7
909 308 135 95 30 0.82 0.92 -1.38 -0.74 0.21 -1.02
910 339 134 101 28 0.71 0.78 -1.33 -0.58 0.13 -1.0
911 349 132 98 36 0.64 0.66 -1.32 -0.05 -0.02 -0.98
912 352 136 98 33 0.53 0.57 -1.27 0.14 -0.01 -1.0
913 374 139 98 31 0.53 0.62 -1.2 0.39 0.09 -1.74
914 361 133 106 31 0.5 0.69 -1.15 -0.15 -0.01 -2.21
915 324 128 106 28 0.41 0.68 -1.01 -0.37 -0.11 -2.16
916 321 130 100 29 0.37 0.45 -0.89 -0.65 0.12 -1.77
917 360 129 116 27 0.35 0.25 -0.86 -0.39 0.23 -1.73
918 356 128 116 27 0.23 0.02 -0.85 0.19 0.08 -1.7
919 368 126 111 28 0.07 0.03 -0.79 0.26 -0.14 -1.55
920 375 126 118 35 -0.01 0.09 -0.75 -0.07 -0.11 -1.48
921 385 126 118 33 -0.1 0.13 -0.66 -0.24 -0.13 -1.43
922 388 123 114 31 -0.2 -0.01 -0.63 -0.31 -0.28 -1.5
923 411 127 110 31 -0.22 -0.14 -0.62 0.27 -0.55 -0.87
924 405 127 115 29 -0.23 -0.26 -0.6 0.4 -0.62 -0.75
925 412 131 111 30 -0.21 -0.18 -0.54 0.27 -0.68 -0.65
926 416 129 115 28 -0.2 -0.13 -0.5 -0.06 -0.52 -0.51
927 446 135 117 27 -0.2 -0.05 -0.4 -0.18 -0.54 -0.49
928 430 130 127 29 -0.19 -0.08 -0.36 -0.11 -0.53 -0.53
929 477 137 142 27 -0.19 -0.12 -0.35 0.32 -0.55 -0.32
930 401 130 141 26 -0.14 -0.09 -0.32 0.64 -0.45 -0.2
931 392 126 154 27 -0.09 0.06 -0.31 0.19 -0.37 -0.42
932 405 124 142 26 -0.07 0.13 -0.29 -0.3 -0.21 -0.65
933 369 118 135 26 -0.05 0.14 -0.25 -0.4 -0.08 -0.63
934 376 115 149 29 -0.17 0.1 -0.17 -0.09 0.0 -0.67
935 376 116 169 29 -0.2 0.1 -0.14 -0.03 0.26 -0.63
936 358 122 170 29 -0.24 0.11 -0.13 0.0 0.01 -0.65
937 356 127 164 28 -0.2 0.04 -0.11 0.06 0.01 -0.15
938 337 123 158 27 -0.18 0.05 -0.11 0.0 -0.08 -0.1
939 339 123 176 30 -0.11 0.03 -0.12 -0.31 -0.03 -0.23
940 328 130 173 29 -0.07 -0.1 -0.1 -0.64 0.0 -0.37
941 326 134 167 30 -0.06 -0.18 -0.08 -0.31 0.04 -0.2
942 407 141 161 29 -0.05 -0.23 -0.05 -0.23 0.1 -0.23
943 374 134 152 29 -0.04 -0.2 -0.04 0.01 0.32 -0.14
944 328 126 159 28 -0.06 -0.16 -0.04 0.08 0.29 0.1
945 324 129 161 27 -0.07 -0.06 -0.03 -0.02 0.2 0.17
946 316 123 150 27 -0.06 -0.01 -0.01 -0.43 0.09 0.16
947 299 129 149 27 -0.04 -0.06 -0.01 -0.73 0.0 -0.15
948 308 141 148 26 0.05 -0.3 0.0 -0.54 -0.03 -0.16
949 305 137 152 26 0.13 -0.4 0.01 -0.05 0.0 0.05
950 298 128 149 28 0.14 -0.33 0.03 0.23 0.08 0.19
951 309 128 150 28 0.09 -0.05 0.06 0.25 0.31 0.31
952 300 124 146 29 0.01 0.18 0.07 0.0 0.19 0.08
953 295 122 157 27 -0.02 0.26 0.08 -0.27 0.1 0.01
954 304 119 152 28 -0.04 0.27 0.09 -0.27 0.05 -0.03
955 317 133 154 27 -0.03 0.17 0.1 -0.24 -0.04 -0.02
956 300 137 152 28 -0.01 0.12 0.11 -0.22 -0.13 0.0
957 323 135 170 27 0.03 0.02 0.09 0.09 0.0 0.06
958 317 135 168 28 0.04 0.05 0.07 0.3 0.05 0.14
959 286 133 157 27 0.04 0.09 0.07 0.16 0.15 0.02
960 277 128 152 26 0.04 0.16 0.06 0.18 0.17 -0.02
961 262 123 150 27 0.03 0.18 0.04 0.03 0.16 -0.09
962 277 119 143 27 0.02 0.17 0.03 -0.15 0.01 -0.15
963 280 113 144 26 0.03 0.1 0.02 -0.2 -0.01 -0.23
964 252 116 161 26 0.06 -0.02 0.02 -0.25 -0.06 -0.31
965 262 115 158 25 0.08 -0.07 0.03 0.02 0.1 -0.18
966 297 117 150 28 0.07 -0.05 0.04 0.14 0.17 -0.08
967 268 120 145 27 0.05 0.06 0.05 0.06 0.3 0.0
968 277 114 141 27 0.03 0.11 0.04 -0.33 0.27 -0.17
969 243 114 132 27 0.0 0.11 0.03 -0.38 0.24 -0.27
970 249 113 133 26 -0.01 0.03 0.0 -0.26 0.27 -0.32
971 253 109 143 26 -0.01 0.01 0.01 -0.07 0.13 -0.15
972 280 115 141 26 -0.02 0.03 0.02 -0.06 0.12 -0.13
973 275 127 137 25 -0.03 0.07 0.02 -0.18 0.07 -0.05
974 273 138 133 26 -0.03 0.09 0.03 -0.21 0.02 -0.07
975 266 131 137 25 -0.03 0.11 0.04 -0.28 0.09 0.0
976 248 131 142 26 -0.03 0.11 0.05 -0.23 0.08 -0.03
977 292 127 136 27 -0.02 0.09 0.05 -0.2 0.09 -0.02
978 275 120 131 26 0.01 0.03 0.03 -0.1 0.16 -0.01
979 239 115 124 26 0.02 -0.01 0.01 0.0 0.22 -0.08
980 248 121 128 27 0.01 -0.01 0.0 0.13 0.15 -0.07
981 246 120 128 26 -0.02 0.03 0.01 0.1 0.13 -0.05
982 231 117 121 27 -0.04 0.08 0.01 0.19 0.08 -0.04
983 262 116 130 26 -0.04 0.1 0.0 0.13 0.1 -0.12
984 300 118 130 26 -0.02 0.08 -0.01 -0.06 0.17 -0.2
985 272 113 123 26 -0.02 -0.01 -0.02 -0.15 0.15 -0.03
986 233 109 114 27 -0.02 -0.03 -0.03 -0.11 0.05 0.0
987 267 107 112 27 -0.02 -0.01 -0.03 0.15 0.02 0.14
988 243 110 114 26 -0.0 0.05 -0.02 0.02 -0.04 0.08
989 215 106 111 26 0.01 0.07 -0.02 -0.08 -0.09 0.07
990 200 105 110 28 0.04 0.05 -0.01 -0.22 -0.15 -0.11
991 166 100 103 27 0.06 0.01 0.04 -0.2 -0.25 -0.12
992 133 96 98 27 0.08 0.02 0.06 -0.04 -0.22 -0.15
993 110 92 94 27 0.12 0.09 0.12 0.05 -0.27 -0.29
994 103 91 93 27 0.18 0.12 0.19 -0.14 -0.45 -0.73
995 105 97 96 75 0.22 0.1 0.25 -0.08 -0.53 -0.79
996 97 97 93 89 0.34 0.01 0.44 0.25 -0.75 -1.22
997 96 91 88 77 0.45 0.07 0.64 0.13 -1.01 -1.33
998 79 88 86 73 0.5 0.11 0.72 0.0 -1.16 -1.33
999 64 88 85 73 0.54 0.11 0.86 -0.44 -1.25 -1.46
1000 55 85 80 64 0.47 -0.09 1.02 -0.81 -1.22 -1.55
1001 47 82 74 57 0.42 -0.27 1.11 -0.85 -0.58 -1.63
1002 43 84 70 51 0.22 -0.53 1.32 -0.52 -0.53 -1.74
1003 39 92 66 75 -0.01 -0.57 1.59 -0.16 -0.5 -2.01
1004 61 103 63 74 -0.14 -0.54 1.71 0.12 -0.54 -2.49
1005 84 124 62 71 -0.3 -0.27 1.82 -0.47 -0.63 -2.27
1006 74 118 59 62 -0.39 0.05 1.8 -1.06 0.12 -2.8
1007 61 157 59 55 -0.4 0.22 1.71 -1.11 0.37 -2.65
1008 53 158 60 50 -0.64 -0.08 1.53 -0.77 0.37 -2.78
1009 45 198 60 54 -0.81 -0.84 1.47 0.32 0.19 -3.11
1010 63 233 65 68 -0.88 -1.27 1.51 1.2 0.83 -2.37
1011 74 257 65 63 -1.09 -1.94 1.58 1.7 1.21 -2.06
1012 73 231 66 60 -1.0 -1.12 1.47 -0.1 1.24 -1.19
1013 84 247 65 65 -1.12 -0.91 1.32 -0.57 1.14 -0.72
1014 70 252 68 60 -1.29 -1.39 1.01 0.0 0.73 0.14
1015 62 258 70 56 -1.15 -2.1 0.8 0.85 0.2 0.98
1016 54 250 70 50 -1.03 -2.36 0.72 1.18 0.26 0.89
1017 51 229 71 56 -0.83 -2.53 0.63 2.3 0.65 0.82
1018 44 203 71 49 -0.76 -2.37 0.58 1.89 0.8 0.3
1019 38 178 70 43 -0.72 -2.24 0.5 1.16 0.7 -0.07
1020 32 154 69 39 -0.49 -1.97 0.38 1.96 0.43 -0.13
1021 30 138 70 36 -0.67 -1.29 0.21 1.86 0.71 -1.43
1022 30 127 71 33 -0.82 -0.96 0.16 2.81 1.3 -3.57
1023 29 115 75 31 -0.64 -0.56 0.06 0.61 -2.25 4.15
1024 26 109 84 30 1.13 1.78 -0.24 5.86 -1.39 13.62
1025 24 100 84 29 1.23 1.58 -0.42 1.34 0.03 7.36
1026 54 95 86 28 0.65 0.97 -0.23 -2.81 0.6 0.9
1027 52 93 87 26 0.44 1.1 -0.18 -1.92 1.58 0.55
1028 44 91 81 26 0.33 1.07 -0.23 -2.1 1.38 0.4
1029 38 90 89 25 0.3 0.49 -0.04 0.52 0.33 -0.09
1030 34 91 91 25 0.01 0.07 0.1 0.97 0.32 -0.11
1031 30 90 84 25 -0.11 0.06 0.12 0.66 0.02 0.5
1032 26 89 80 24 -0.18 0.24 0.1 0.08 0.09 -0.17
1033 24 90 79 25 -0.05 0.35 0.09 -0.3 -0.01 -0.43
1034 25 88 82 25 -0.04 0.33 0.1 -0.36 -0.11 -0.33
1035 22 89 87 23 -0.02 0.23 0.1 -0.44 -0.09 -0.32
1036 25 88 83 23 0.08 0.1 0.08 -0.29 0.05 -0.37
1037 23 89 80 23 0.13 0.08 0.06 -0.21 0.16 -0.28
1038 22 89 82 23 0.18 0.09 0.03 -0.18 0.33 0.0
-100 -100 -100 -100 -100 -100 -100 -100 -100 -100 -100
1039 20 89 84 24 0.16 0.15 0.0 -0.05 0.3 0.08
1040 20 88 81 23 0.15 0.18 -0.0 0.03 0.23 0.08
1041 26 86 79 23 0.15 0.2 -0.03 -0.12 0.18 -0.04
1042 24 85 88 23 0.15 0.19 -0.04 -0.08 0.15 -0.1
1043 24 82 85 23 0.11 0.14 -0.03 -0.07 0.1 -0.1
1044 22 80 85 23 0.1 0.1 -0.03 -0.1 0.09 -0.03
1045 25 79 85 23 0.09 0.1 -0.03 0.02 0.18 -0.05
1046 22 76 87 23 0.07 0.09 -0.03 0.0 0.14 -0.04
1047 21 73 82 23 0.06 0.08 -0.02 -0.01 0.24 -0.02
1048 23 72 82 23 0.05 0.08 -0.03 -0.12 0.23 -0.03
1049 22 72 78 24 0.04 0.06 -0.03 -0.22 0.27 -0.07
1050 21 71 77 23 0.0 -0.03 -0.02 -0.12 0.22 -0.03
1051 20 70 76 24 -0.02 -0.06 -0.02 0.01 0.23 -0.07
1052 19 70 74 23 -0.03 -0.06 -0.01 0.05 0.18 -0.07
1053 19 70 72 24 -0.05 -0.04 -0.0 0.09 0.12 -0.06
1054 18 72 76 24 -0.05 -0.01 0.0 0.01 0.09 -0.13
1055 18 74 76 24 -0.04 0.01 0.01 -0.01 0.11 -0.14
1056 22 77 76 24 -0.04 0.0 0.01 -0.14 0.2 -0.03
1057 20 77 74 25 -0.03 0.04 0.0 -0.09 0.21 -0.05
1058 23 79 75 24 -0.04 0.02 0.0 -0.09 0.24 -0.06
1059 20 80 77 24 -0.07 -0.04 0.01 -0.01 0.18 -0.05
1060 20 81 84 24 -0.08 -0.03 0.01 0.02 0.14 -0.1
1061 19 81 77 25 -0.08 -0.04 0.01 0.02 0.13 -0.12
1062 18 83 80 25 -0.07 -0.03 0.01 -0.11 0.16 -0.12
1063 18 85 82 25 -0.06 -0.02 0.01 -0.1 0.18 -0.07
1064 18 88 82 25 -0.05 -0.03 0.0 -0.07 0.18 -0.04
1065 18 89 80 25 -0.04 -0.02 0.0 -0.07 0.15 -0.06
1066 17 90 78 24 -0.05 -0.03 -0.01 -0.04 0.16 -0.09
1067 21 90 75 25 -0.04 -0.03 -0.02 -0.02 0.12 -0.11
1068 21 89 72 25 -0.02 -0.01 -0.02 -0.19 0.17 -0.15
1069 19 87 78 24 -0.0 -0.01 -0.04 -0.15 0.24 -0.11
1070 21 86 74 24 0.0 -0.0 -0.05 -0.16 0.24 0.03
1071 20 86 79 24 -0.0 0.0 -0.07 -0.16 0.22 0.02
1072 20 87 77 24 -0.02 -0.01 -0.08 -0.04 0.15 -0.05
1073 20 86 74 24 -0.03 -0.02 -0.09 -0.09 0.09 -0.06
1074 19 88 78 24 -0.02 -0.03 -0.07 0.12 0.08 -0.18
1075 19 88 78 24 -0.02 -0.06 -0.04 0.13 -0.05 -0.18
1076 18 88 78 24 -0.02 -0.05 -0.03 0.2 0.06 -0.18
1077 18 87 82 25 -0.02 -0.02 -0.01 0.18 -0.02 -0.13
1078 22 86 80 25 -0.02 -0.01 0.02 0.1 0.15 -0.13
1079 21 88 84 25 -0.02 -0.02 0.03 -0.1 0.11 -0.03
1080 22 87 82 25 -0.02 -0.03 0.04 -0.08 0.25 0.02
-200 -200 -200 -200 -200 -200 -200 -200 -200 -200 -200
1081 21 85 81 25 -0.03 -0.04 0.03 -0.05 0.28 -0.08
1082 21 86 84 26 -0.03 -0.03 0.02 -0.06 0.25 -0.15
1083 20 85 86 26 -0.02 -0.0 0.01 -0.11 0.22 -0.1
1084 21 85 82 25 -0.02 -0.01 -0.0 -0.1 0.14 -0.08
1085 20 85 81 26 -0.01 -0.01 -0.01 -0.08 0.15 -0.09
1086 20 85 78 25 -0.01 -0.01 -0.01 -0.01 0.08 -0.12
1087 19 84 76 26 -0.0 -0.01 -0.0 0.02 0.11 -0.1
1088 22 84 85 25 0.0 -0.01 0.01 0.04 0.11 -0.09
1089 21 82 83 25 -0.0 0.01 0.01 0.02 0.1 -0.1
1090 22 80 82 25 0.0 0.0 0.02 -0.07 0.1 -0.06
1091 21 77 79 25 0.0 0.0 0.02 -0.07 0.12 -0.06
1092 20 75 80 25 0.0 0.0 0.01 -0.05 0.14 -0.09
1093 21 75 84 25 0.0 0.0 0.01 -0.06 0.17 -0.08
1094 20 75 82 25 0.0 0.01 0.01 -0.09 0.14 -0.03
1095 19 76 79 25 -0.0 -0.0 0.01 -0.04 0.17 -0.07
1096 19 76 86 25 -0.01 -0.02 0.01 -0.02 0.16 -0.09
1097 18 75 83 25 -0.01 -0.02 0.0 0.01 0.16 -0.06
1098 18 79 79 25 -0.02 -0.01 0.0 -0.01 0.15 0.0
1099 17 78 81 31 -0.03 -0.01 0.01 0.0 0.15 -0.04
1100 18 83 83 45 -0.04 -0.02 0.02 0.06 0.14 -0.01
1101 44 93 82 44 -0.09 -0.02 0.04 0.18 0.12 0.08
1102 73 101 80 42 -0.17 -0.05 0.06 -0.38 -0.05 0.21
1103 93 113 77 91 -0.2 -0.07 0.06 -0.58 0.0 0.32
1104 137 112 75 111 -0.29 -0.13 0.09 -0.19 0.11 0.86
1105 149 111 73 93 -0.42 -0.14 0.14 0.12 0.0 1.43
1106 141 114 73 81 -0.44 -0.07 0.16 -0.06 -0.05 1.64
1107 121 110 73 76 -0.35 0.04 0.13 -0.29 0.26 1.97
1108 122 114 72 69 -0.3 0.07 0.07 -0.13 0.41 2.0
1109 129 111 72 59 -0.32 0.1 0.02 0.02 -0.48 2.2
1110 141 115 71 51 -0.08 0.25 -0.2 0.44 1.62 2.03
1111 146 110 68 49 0.12 0.56 -0.16 1.75 0.4 1.22
1112 161 108 75 44 0.29 0.83 -0.17 1.25 0.44 1.29
1113 181 110 70 41 0.53 1.13 -0.25 0.85 -0.03 2.3
1114 195 110 67 37 0.72 1.19 -0.35 0.52 -0.14 2.7
1115 221 111 64 36 0.88 1.07 -0.44 0.43 -0.11 2.86
1116 220 112 62 38 1.09 0.8 -0.61 0.72 0.29 2.68
1117 224 110 61 38 1.14 0.86 -0.77 0.81 0.4 2.18
1118 259 112 72 36 1.13 0.97 -0.85 0.77 0.61 1.62
1119 247 119 73 38 1.13 1.13 -1.0 0.77 0.65 1.03
1120 247 119 92 38 1.13 1.15 -1.11 0.56 0.82 0.12
1121 245 116 90 39 1.13 1.16 -1.17 0.77 0.83 -0.21
1122 266 121 85 38 1.08 1.19 -1.28 0.61 0.68 -0.3
1123 304 125 91 38 0.99 1.14 -1.38 0.2 0.54 -0.64
1124 314 125 105 39 0.94 1.11 -1.4 0.13 0.48 -0.82
1125 318 129 100 37 0.78 1.08 -1.4 0.61 0.61 -1.4
1126 351 131 97 35 0.54 1.13 -1.41 0.3 0.34 -1.88
1127 356 128 101 33 0.44 1.1 -1.39 0.13 0.26 -2.12
1128 407 128 100 33 0.22 0.97 -1.32 0.19 0.09 -2.54
1129 407 147 100 32 0.02 0.88 -1.21 -0.39 -0.05 -2.74
1130 392 142 99 31 -0.07 0.75 -1.14 -0.3 -0.12 -2.58
1131 370 143 108 31 -0.18 0.42 -1.06 -0.5 -0.12 -2.2
1132 429 155 109 32 -0.24 0.09 -1.05 -0.69 -0.49 -1.84
1133 498 148 122 31 -0.25 -0.13 -1.06 -0.48 -0.58 -1.79
1134 455 146 131 31 -0.24 -0.45 -1.05 0.0 -0.45 -1.79
1135 461 145 143 30 -0.23 -0.59 -1.0 0.11 -0.25 -1.58
1136 421 152 146 29 -0.24 -0.59 -0.98 0.13 -0.16 -1.44
1137 430 146 147 28 -0.28 -0.58 -0.94 -0.06 -0.52 -1.3
1138 378 153 144 27 -0.28 -0.54 -0.91 -0.14 -0.75 -0.86
1139 424 148 149 27 -0.29 -0.41 -0.82 -0.09 -0.66 -0.87
1140 461 152 169 26 -0.31 -0.22 -0.72 -0.21 -0.49 -0.9
1141 451 151 175 26 -0.32 -0.16 -0.68 -0.36 -0.65 -0.9
1142 440 151 186 28 -0.3 -0.12 -0.6 -0.58 -0.72 -0.79
1143 485 147 197 27 -0.26 -0.23 -0.53 -0.97 -0.67 -0.77
1144 515 144 182 27 -0.26 -0.3 -0.5 -0.36 -0.58 -0.7
1145 479 137 204 27 -0.22 -0.41 -0.4 -0.05 -0.58 -0.51
1146 517 150 216 27 -0.2 -0.25 -0.27 0.27 -0.3 -0.17
1147 453 144 223 27 -0.2 -0.15 -0.23 -0.07 -0.15 -0.28
1148 421 140 226 26 -0.17 -0.13 -0.21 0.15 -0.01 -0.49
1149 469 142 204 27 -0.17 -0.21 -0.21 0.45 0.03 -0.58
1150 415 140 203 28 -0.17 -0.22 -0.19 0.68 0.02 -0.47
1151 489 149 214 29 -0.16 -0.07 -0.15 0.68 0.07 -0.48
1152 449 146 208 30 -0.17 0.08 -0.12 0.16 0.18 -0.66
1153 426 140 212 32 -0.17 0.09 -0.11 -0.01 0.18 -0.74
1154 416 143 197 32 -0.17 -0.0 -0.15 0.08 0.18 -0.7
1155 410 154 190 39 -0.18 -0.07 -0.17 0.3 0.05 -0.27
1156 480 152 197 40 -0.18 -0.06 -0.16 0.4 -0.09 -0.03
1157 424 143 189 39 -0.15 0.09 -0.13 0.13 -0.02 -0.09
1158 387 141 178 37 -0.13 0.21 -0.08 -0.25 0.01 -0.05
1159 366 138 166 42 -0.12 0.2 -0.08 -0.54 -0.13 -0.22
1160 334 133 159 42 -0.08 0.08 -0.07 -0.44 -0.13 -0.15
1161 362 136 160 47 -0.03 -0.04 -0.03 -0.15 -0.04 0.16
1162 356 132 168 51 -0.02 -0.04 -0.01 -0.17 0.09 0.11
1163 342 125 162 52 -0.01 0.04 0.0 -0.37 0.15 0.16
1164 340 117 159 51 -0.01 0.03 0.01 -0.41 0.29 0.11
1165 342 118 157 50 -0.03 0.02 0.0 -0.22 0.38 0.16
1166 335 116 158 48 -0.08 0.02 -0.02 -0.24 0.19 0.2
1167 345 114 157 49 -0.08 0.02 -0.02 -0.13 0.12 0.35
1168 315 114 149 56 -0.07 0.03 -0.02 -0.38 0.0 0.25
1169 362 118 153 54 -0.01 -0.02 -0.01 -0.41 0.07 0.2
1170 350 113 150 49 0.02 -0.07 -0.0 -0.27 0.08 0.1
1171 329 113 161 51 0.02 -0.07 0.01 -0.08 0.08 0.16
1172 348 114 156 47 0.02 -0.01 0.04 -0.1 0.05 0.17
1173 347 111 153 47 0.04 0.03 0.05 -0.34 0.06 0.04
1174 363 119 170 52 0.05 0.01 0.05 -0.21 0.17 0.0
1175 384 121 204 53 0.05 -0.01 0.05 -0.2 0.11 0.0
1176 398 120 219 51 0.03 0.02 0.06 -0.11 0.08 0.1
1177 417 125 201 52 0.02 0.04 0.06 -0.04 0.13 0.01
1178 365 128 187 53 -0.0 0.11 0.07 -0.26 -0.01 -0.18
1179 338 130 178 53 0.02 0.07 0.08 -0.22 0.18 -0.17
1180 325 124 159 51 0.02 0.02 0.07 -0.23 0.17 -0.15
1181 324 124 160 56 0.03 -0.08 0.04 -0.14 0.16 -0.2
1182 302 121 168 63 0.05 -0.13 0.03 0.37 0.0 -0.06
1183 289 121 156 59 0.06 -0.09 0.03 0.15 0.03 -0.1
1184 306 126 167 61 0.07 0.01 0.05 -0.04 0.08 -0.14
1185 277 126 165 54 0.04 0.0 0.05 -0.16 0.16 -0.34
1186 323 121 164 55 0.03 -0.03 0.04 -0.05 0.07 -0.37
1187 321 123 153 52 0.01 -0.08 0.04 0.26 0.1 -0.07
1188 310 130 148 51 0.01 -0.05 0.02 0.28 0.11 -0.01
1189 305 122 147 46 0.01 -0.01 0.02 -0.01 0.14 -0.11
1190 287 120 143 44 0.02 0.0 0.01 0.0 0.21 -0.1
1191 281 115 140 45 0.01 -0.02 -0.02 0.0 0.03 -0.11
1192 341 120 151 43 0.01 -0.02 -0.02 -0.02 0.04 -0.05
1193 360 120 146 42 -0.0 0.01 -0.01 -0.06 -0.01 -0.02
1194 352 117 162 40 0.01 0.0 -0.0 -0.23 0.11 -0.12
1195 316 114 164 38 0.01 -0.03 -0.01 -0.13 0.15 -0.14
1196 293 110 152 38 -0.0 -0.07 -0.03 0.05 0.2 -0.1
1197 295 106 154 40 -0.02 -0.02 -0.02 0.13 0.1 0.09
1198 286 115 147 37 -0.03 0.03 -0.01 -0.05 0.07 0.05
1199 271 110 144 37 -0.02 0.12 0.0 -0.16 0.03 -0.03
1200 274 109 136 38 -0.01 0.13 0.02 -0.26 0.03 -0.05
1201 307 112 132 38 -0.0 0.12 0.02 -0.36 -0.01 -0.13
1202 276 111 135 38 -0.01 0.06 0.04 -0.22 0.04 -0.13
1203 254 108 128 38 0.0 0.03 0.05 -0.23 0.0 -0.07
1204 250 107 129 42 0.01 0.03 0.06 -0.18 -0.05 -0.06
1205 222 104 130 43 0.03 0.07 0.09 0.01 -0.13 0.07
1206 199 99 126 40 0.06 0.2 0.15 -0.03 -0.22 0.04
1207 163 95 123 47 0.08 0.28 0.18 -0.28 -0.35 -0.35
1208 136 93 121 60 0.1 0.41 0.26 -0.36 -0.43 -0.47
1209 113 94 117 71 0.14 0.43 0.39 -0.35 -0.57 -0.67
1210 92 93 113 73 0.17 0.38 0.48 -0.14 -0.57 -1.01
1211 77 88 106 76 0.21 0.16 0.73 0.0 -0.67 -1.07
1212 67 86 105 77 0.26 0.01 1.04 0.32 -0.67 -1.27
1213 63 93 103 86 0.27 -0.02 1.2 0.51 -0.82 -1.6
1214 57 90 98 89 0.32 0.06 1.51 0.59 -0.94 -1.81
1215 56 90 95 78 0.3 0.05 1.79 0.33 -0.56 -2.95
1216 56 90 94 74 0.23 -0.02 1.9 -0.15 0.1 -3.63
1217 61 96 103 163 -0.03 -0.27 1.99 -0.82 0.51 -3.72
1218 55 136 95 146 -0.36 -0.57 1.85 -1.22 0.33 -3.63
1219 47 138 86 176 -0.51 -0.7 1.75 -1.32 -1.05 -2.84
1220 41 147 81 193 -0.74 -1.01 1.68 -1.24 -1.46 -2.67
1221 37 142 74 169 -0.66 -1.3 1.78 -0.9 -0.25 -2.33
1222 33 209 68 145 -0.69 -1.4 1.84 -0.79 0.32 -2.35
1223 30 226 65 136 -0.9 -1.46 1.87 -0.78 0.38 -2.36
1224 28 234 60 120 -1.11 -1.52 1.85 0.19 0.54 -1.41
1225 24 240 60 110 -1.27 -1.56 1.85 0.7 0.23 -0.61
1226 24 227 60 93 -1.36 -1.44 1.85 0.9 0.1 -0.21
1227 23 232 61 106 -1.34 -1.08 1.74 0.51 0.57 -0.29
1228 25 242 59 95 -1.35 -0.94 1.64 0.11 0.52 -0.15
1229 31 235 58 82 -1.39 -1.05 1.41 0.34 0.48 0.03
1230 33 210 58 70 -1.4 -1.52 1.16 0.57 0.26 0.17
1231 32 183 53 59 -1.39 -1.8 1.04 1.65 0.06 0.05
1232 28 168 53 53 -1.3 -2.22 0.81 2.09 0.24 -0.05
1233 26 150 52 47 -1.24 -2.18 0.59 3.23 0.36 -1.14
1234 26 132 51 41 -1.33 -1.98 0.52 5.23 2.67 -5.55
1235 25 132 50 38 -1.16 -1.45 0.49 -2.47 -5.92 5.88
1236 25 123 50 35 1.5 -2.15 -0.38 7.68 1.99 7.49
1237 23 119 51 32 1.38 -0.99 -0.13 1.59 -0.65 9.04
1238 50 116 54 30 1.31 0.49 -0.41 1.07 -0.61 9.46
1239 47 116 63 29 0.9 0.99 -0.47 -0.96 0.02 5.52
1240 40 115 78 28 0.87 1.0 -0.58 -0.99 1.17 0.3
1241 35 115 76 27 0.68 0.98 -0.5 -0.99 1.64 0.17
1242 30 115 74 26 0.6 0.8 -0.43 -0.87 0.39 0.41
1243 31 115 82 25 0.55 0.57 -0.32 -0.43 -0.02 -0.03
1244 26 117 84 25 0.45 0.19 -0.15 0.06 -0.04 -0.18
1245 24 118 83 24 0.5 0.25 -0.11 0.78 -0.04 -0.11
1246 22 120 83 24 0.53 0.43 -0.11 0.5 0.25 -0.06
1247 23 121 83 24 0.45 0.78 -0.1 0.27 0.24 0.0
1248 22 122 82 24 0.22 0.63 -0.05 0.04 0.26 -0.04
1249 25 120 77 24 0.15 0.45 -0.02 0.0 0.36 -0.09
1250 23 119 82 23 0.17 0.38 -0.01 0.04 0.41 -0.12
1251 22 117 82 24 0.2 0.42 -0.04 -0.18 0.29 0.08
1252 20 115 85 24 0.2 0.45 -0.07 -0.28 0.23 0.04
1253 20 111 81 23 0.18 0.49 -0.09 -0.37 0.18 0.0
1254 20 108 87 23 0.15 0.36 -0.09 -0.31 0.05 -0.18
1255 19 105 87 24 0.15 0.32 -0.09 -0.15 0.0 -0.14
1256 19 102 88 24 0.12 0.21 -0.07 0.05 -0.03 0.07
1257 18 97 90 23 0.09 0.21 -0.04 0.3 -0.03 -0.01
1258 17 94 88 24 0.09 0.23 -0.04 0.13 0.18 -0.11
1259 18 90 86 25 0.11 0.35 -0.03 0.02 0.24 -0.05
1260 17 86 90 24 0.1 0.38 -0.04 -0.22 0.3 0.03
1261 17 84 91 25 0.08 0.34 -0.03 -0.03 0.27 0.02
1262 17 81 87 24 0.05 0.25 -0.03 0.03 0.28 0.05
1263 17 78 82 25 0.04 0.23 -0.04 0.12 0.17 -0.06
1264 17 75 87 25 0.04 0.26 -0.05 -0.14 0.12 -0.14
1265 17 73 87 25 0.04 0.29 -0.06 -0.59 0.09 -0.33
1266 16 72 88 25 0.04 0.25 -0.07 -0.74 0.13 -0.25
1267 16 71 91 25 0.03 0.16 -0.06 -0.28 0.1 -0.08
1268 16 71 99 26 -0.03 -0.01 -0.03 -0.1 0.08 -0.03
1269 17 77 94 26 -0.11 -0.12 0.03 0.47 0.09 0.11
1270 16 74 90 26 -0.15 -0.14 0.05 0.78 0.12 0.17
-100 -100 -100 -100 -100 -100 -100 -100 -100 -100 -100
1271 16 76 96 27 -0.22 -0.1 0.11 0.67 0.15 0.12
1272 16 78 96 29 -0.24 0.03 0.12 0.2 0.22 0.02
1273 16 78 93 29 -0.24 0.08 0.13 -0.07 0.21 -0.04
1274 16 78 89 29 -0.25 0.12 0.13 -0.16 0.14 -0.04
1275 16 79 93 28 -0.24 0.1 0.12 -0.09 0.17 -0.07
1276 17 82 92 28 -0.22 0.09 0.1 -0.13 0.14 -0.17
1277 18 83 97 28 -0.17 0.13 0.07 -0.18 0.12 -0.16
1278 17 86 93 28 -0.1 0.16 0.04 -0.16 0.14 -0.21
1279 17 89 102 27 -0.07 0.15 0.04 0.03 0.07 -0.06
1280 18 91 105 29 -0.01 0.14 0.03 0.03 0.13 -0.12
1281 17 93 100 29 0.04 0.18 0.03 -0.37 0.13 -0.12
1282 17 96 92 28 0.06 0.17 0.02 -0.25 0.08 0.0
1283 18 99 88 27 0.05 0.13 0.02 -0.17 0.04 0.02
1284 17 102 89 27 0.03 0.11 0.03 0.18 0.08 -0.04
1285 17 104 97 27 0.03 0.13 0.03 0.08 0.12 -0.07
1286 16 106 99 26 0.02 0.18 0.03 0.07 0.17 -0.02
1287 18 107 100 26 0.02 0.19 0.05 -0.06 0.16 -0.07
1288 18 111 101 26 0.01 0.18 0.06 0.04 0.18 -0.07
1289 18 112 96 25 0.01 0.16 0.07 0.1 0.26 -0.04
1290 18 113 97 25 0.02 0.15 0.07 0.02 0.18 0.01
1291 17 115 98 26 0.02 0.16 0.07 -0.13 0.11 -0.04
1292 19 114 100 26 0.03 0.19 0.07 -0.11 0.13 -0.13
1293 21 115 103 26 0.06 0.21 0.06 -0.3 0.12 -0.15
1294 19 115 98 25 0.07 0.19 0.06 -0.05 0.19 -0.19
1295 19 116 102 24 0.08 0.13 0.07 0.07 0.13 -0.03
1296 18 116 102 25 0.09 0.1 0.08 0.07 0.14 0.0
1297 18 115 110 25 0.09 0.12 0.09 -0.03 0.3 0.12
1298 19 114 107 25 0.1 0.15 0.08 -0.09 0.17 -0.01
1299 20 117 109 25 0.09 0.18 0.09 -0.12 0.07 -0.16
1300 20 116 112 24 0.1 0.17 0.09 -0.09 0.1 -0.12
1301 19 115 108 24 0.09 0.1 0.11 -0.04 0.16 -0.06
1302 20 113 104 24 0.08 0.08 0.13 0.14 0.11 0.02
1303 19 111 102 24 0.07 0.09 0.13 0.09 0.15 0.03
1304 19 110 104 24 0.07 0.13 0.14 0.09 0.02 -0.03
1305 18 109 102 24 0.08 0.17 0.15 -0.04 0.01 -0.09
1306 23 107 97 24 0.08 0.18 0.15 0.01 0.05 -0.15
1307 22 106 98 23 0.07 0.12 0.16 -0.21 0.16 -0.09
1308 22 105 101 23 0.05 0.05 0.16 -0.2 0.19 -0.01
1309 67 105 96 23 0.03 0.03 0.17 0.0 0.17 -0.02
1310 65 104 93 24 0.01 0.03 0.17 0.16 0.08 -0.01
1311 55 103 94 23 0.01 0.09 0.18 0.15 0.12 0.0
