-1 -1 -1 -1 -1 -1 -1 -1 -1 -1 -1
2 47 151 79 133 -0.08 0.05 -0.16 0.02 -0.07 -0.25
3 40 169 82 124 -0.06 0.06 -0.16 0.06 -0.13 -0.24
4 35 175 83 114 -0.01 0.12 -0.17 0.15 -0.12 -0.18
5 34 166 86 102 -0.02 0.07 -0.16 0.21 -0.05 -0.11
6 30 174 89 94 -0.03 0.06 -0.16 -0.13 -0.02 -0.2
7 27 169 89 83 -0.03 0.0 -0.17 -0.34 0.0 -0.26
8 29 159 86 72 -0.04 -0.08 -0.16 0.08 0.1 -0.14
9 27 155 92 66 -0.04 -0.07 -0.17 0.11 0.0 -0.16
10 26 144 90 57 -0.05 -0.04 -0.19 0.03 -0.02 -0.17
11 48 162 92 52 -0.06 -0.01 -0.22 -0.13 0.03 -0.23
12 41 158 96 47 -0.06 -0.01 -0.23 -0.17 0.12 -0.2
13 36 150 92 43 -0.1 -0.11 -0.21 0.29 0.2 -0.06
14 32 154 92 39 -0.18 -0.14 -0.19 0.23 0.09 -0.06
15 34 160 92 36 -0.2 -0.11 -0.2 0.09 -0.06 -0.21
16 30 168 96 34 -0.23 -0.02 -0.21 -0.02 0.0 -0.2
17 30 159 95 31 -0.23 -0.07 -0.21 -0.33 0.01 -0.26
18 31 163 95 30 -0.24 -0.16 -0.19 0.37 0.02 -0.15
19 28 159 96 29 -0.28 -0.22 -0.16 0.26 -0.03 -0.17
20 24 159 94 28 -0.27 -0.16 -0.16 -0.12 -0.05 -0.16
21 23 152 95 28 -0.27 -0.15 -0.17 -0.37 -0.07 -0.22
22 23 142 93 27 -0.24 -0.23 -0.19 -0.3 -0.05 -0.28
23 21 137 92 28 -0.21 -0.35 -0.19 -0.05 -0.02 -0.19
24 20 141 91 27 -0.22 -0.39 -0.19 -0.06 -0.15 -0.18
25 19 144 91 25 -0.23 -0.46 -0.18 -0.17 -0.13 -0.18
26 18 144 91 29 -0.22 -0.48 -0.2 -0.48 -0.2 -0.24
27 19 143 89 41 -0.2 -0.53 -0.21 -0.61 -0.43 -0.38
28 27 142 88 38 -0.07 -0.55 -0.22 -0.38 -0.34 -0.36
29 30 131 91 35 0.02 -0.4 -0.19 0.37 -0.29 -0.46
30 27 138 89 32 0.03 -0.33 -0.2 0.22 -0.05 -0.11
31 25 135 96 30 0.08 -0.21 -0.25 0.11 0.06 -0.06
32 23 128 91 29 -0.02 -0.29 -0.29 0.2 0.57 0.02
33 25 123 89 27 -0.11 -0.31 -0.3 0.56 0.79 0.22
34 25 143 92 27 -0.34 -0.34 -0.28 0.49 0.53 0.11
35 23 151 89 26 -0.62 -0.28 -0.26 -0.48 0.64 -0.17
36 23 152 89 25 -0.64 -0.29 -0.19 0.34 0.15 -0.28
37 26 141 87 25 -0.62 -0.34 -0.16 0.09 0.14 -0.44
38 24 136 88 25 -0.52 -0.33 -0.11 -0.23 0.18 -0.33
39 23 156 90 25 -0.47 -0.33 -0.09 0.21 0.25 -0.19
40 26 161 89 25 -0.42 -0.32 -0.03 0.33 0.26 -0.2
41 29 150 86 24 -0.43 -0.25 0.03 0.33 0.05 -0.29
42 27 151 86 24 -0.42 -0.22 0.04 0.07 -0.06 -0.48
43 24 160 87 24 -0.33 -0.08 0.03 -0.14 -0.13 -0.44
44 24 155 87 24 -0.23 0.03 -0.03 -0.19 -0.17 -0.48
45 25 155 84 24 -0.16 0.06 -0.06 0.09 -0.13 -0.31
46 23 144 82 24 -0.07 0.1 -0.08 0.13 -0.22 -0.38
47 26 133 81 23 0.02 0.17 -0.08 0.08 -0.22 -0.39
48 29 136 78 23 0.06 0.19 -0.07 -0.05 -0.24 -0.53
49 27 129 80 24 0.21 0.28 -0.09 0.15 -0.08 -0.43
50 23 126 75 23 0.26 0.37 -0.1 -0.09 0.12 -0.22
51 23 124 76 24 0.25 0.39 -0.11 -0.26 0.06 -0.14
52 22 123 73 24 0.23 0.4 -0.15 -0.38 0.0 -0.13
53 26 133 74 36 0.23 0.32 -0.16 -0.51 -0.14 -0.21
54 24 176 69 74 0.25 0.26 -0.14 -0.2 -0.14 -0.24
55 23 188 71 90 0.29 0.25 -0.06 0.06 -0.2 -0.19
56 22 167 68 75 0.39 0.67 0.13 1.09 -0.17 -0.51
57 33 165 65 64 0.49 0.83 0.17 0.08 -0.29 -0.22
58 32 155 62 55 0.69 0.84 0.19 -0.39 0.08 -0.23
59 31 136 60 48 0.69 0.59 0.29 -0.48 0.19 -0.03
60 28 126 57 43 0.67 0.47 0.3 0.03 0.22 -0.16
61 26 117 68 39 0.63 0.41 0.29 0.12 0.14 -0.2
62 23 113 79 36 0.59 0.58 0.21 0.41 0.24 -0.23
63 22 106 90 33 0.55 0.66 0.19 0.31 0.13 -0.1
64 21 100 92 31 0.36 0.49 0.22 0.05 0.34 -0.01
65 22 95 82 29 0.19 0.35 0.27 0.11 0.43 0.15
66 29 91 78 28 0.09 0.24 0.3 0.0 0.39 0.02
67 27 91 82 28 -0.06 0.07 0.32 -0.02 0.41 -0.03
68 24 90 77 26 -0.15 0.09 0.27 0.16 0.14 0.01
69 22 90 81 26 -0.11 0.17 0.21 0.04 0.12 -0.24
70 21 91 88 25 -0.09 0.23 0.13 -0.13 0.05 -0.3
71 21 93 83 25 -0.11 0.19 0.09 0.15 0.02 -0.2
72 22 96 83 25 -0.1 0.17 0.09 0.02 0.09 -0.07
73 20 103 83 24 -0.09 0.2 0.08 -0.22 -0.03 -0.17
74 29 104 79 24 -0.07 0.23 0.06 -0.31 -0.05 -0.18
75 28 105 86 24 -0.02 0.26 0.05 -0.16 -0.08 -0.29
76 25 106 84 23 0.12 0.3 0.01 -0.25 -0.11 -0.38
77 23 108 89 25 0.17 0.24 -0.0 -0.16 -0.09 -0.27
78 21 109 90 27 0.19 0.23 -0.01 -0.09 -0.05 -0.21
79 21 112 88 26 0.2 0.25 -0.05 -0.05 -0.08 -0.14
80 20 115 101 26 0.25 0.26 -0.1 -0.17 -0.07 -0.26
81 19 117 95 25 0.28 0.22 -0.1 -0.08 -0.08 -0.28
82 18 118 99 26 0.27 0.21 -0.12 0.01 -0.05 -0.13
83 20 118 107 25 0.27 0.25 -0.14 -0.05 -0.05 -0.16
84 20 120 111 27 0.25 0.26 -0.14 0.15 0.09 -0.03
85 29 120 103 27 0.18 0.34 -0.15 0.19 0.18 0.01
86 26 121 101 27 0.05 0.44 -0.16 0.26 0.22 0.0
87 25 121 95 26 -0.01 0.49 -0.17 0.12 0.2 -0.09
88 22 121 95 27 -0.12 0.42 -0.13 0.0 0.19 -0.1
89 21 121 87 27 -0.19 0.34 -0.1 -0.11 0.09 -0.03
90 19 120 87 30 -0.21 0.34 -0.08 0.21 0.05 -0.22
91 20 120 90 31 -0.27 0.32 -0.03 0.01 -0.34 -0.38
92 21 120 87 33 -0.18 0.38 0.03 0.85 0.0 0.02
93 20 118 82 33 -0.19 0.42 0.02 0.0 -0.02 -0.24
94 19 117 88 37 -0.19 0.41 0.06 -0.13 -0.1 -0.34
95 21 118 88 38 -0.19 0.19 0.11 -0.42 0.01 -0.34
96 22 118 83 41 -0.17 0.08 0.12 -0.05 0.0 -0.22
97 29 119 85 44 -0.14 -0.05 0.14 -0.02 0.02 -0.23
98 27 119 95 46 -0.08 -0.03 0.13 0.04 -0.02 -0.18
99 25 118 95 45 -0.06 -0.0 0.13 0.02 0.01 -0.2
100 23 119 94 45 -0.01 0.06 0.1 -0.08 0.0 -0.21
101 26 118 98 49 0.01 0.03 0.09 -0.12 0.03 -0.17
102 27 119 95 49 0.03 -0.0 0.09 -0.16 -0.01 -0.2
103 25 119 101 46 0.06 -0.06 0.08 -0.07 -0.04 -0.15
104 23 122 99 44 0.07 -0.01 0.06 0.08 -0.02 -0.13
105 22 123 95 44 0.06 0.02 0.05 0.02 -0.04 -0.18
106 22 123 97 45 0.05 0.02 0.03 -0.03 0.01 -0.17
107 26 122 106 45 0.05 -0.07 0.03 -0.17 0.03 -0.2
108 25 122 104 45 0.04 -0.1 0.03 0.0 0.02 -0.05
109 25 121 99 44 0.03 -0.14 0.03 0.07 0.03 -0.09
110 23 121 93 41 0.03 -0.08 0.01 0.13 0.02 -0.13
111 24 122 90 37 0.03 -0.05 0.01 0.01 0.03 -0.14
112 39 121 90 36 0.04 0.03 -0.02 0.0 0.03 -0.13
113 81 152 91 36 0.04 0.07 -0.03 -0.07 0.04 -0.14
114 90 163 93 38 0.03 0.08 -0.04 -0.36 0.04 -0.11
115 76 221 96 38 0.02 0.04 -0.08 -0.47 0.18 -0.06
116 64 213 95 36 0.04 -0.1 -0.09 0.18 0.18 0.02
117 53 244 98 34 0.15 -0.17 -0.14 -0.11 0.34 -0.22
118 52 247 91 33 0.2 -0.19 -0.12 0.2 0.03 -0.17
119 53 280 97 32 0.23 -0.19 -0.09 0.51 0.12 0.08
120 77 303 94 36 0.21 -0.11 -0.12 0.74 0.22 -0.2
121 68 283 100 38 0.12 -0.09 -0.08 -0.26 -0.21 -0.41
122 59 250 99 36 0.12 -0.26 -0.02 -0.3 0.06 -0.22
123 67 224 94 34 0.06 -0.32 0.0 0.21 0.06 -0.12
124 69 206 91 33 0.0 -0.27 0.03 0.12 0.03 -0.14
125 65 190 104 34 -0.07 -0.31 0.06 -0.26 0.0 -0.23
126 58 177 103 34 -0.09 -0.34 0.07 -0.21 -0.06 -0.21
127 69 173 98 33 -0.11 -0.33 0.06 0.18 -0.01 -0.15
128 58 163 97 34 -0.12 -0.22 0.03 0.01 0.11 -0.1
129 60 159 97 34 -0.16 -0.18 0.03 -0.12 0.11 -0.15
130 63 149 95 32 -0.24 -0.13 0.01 -0.19 0.09 -0.05
131 77 141 91 32 -0.24 -0.19 0.0 -0.2 0.13 -0.2
132 69 134 100 31 -0.27 -0.23 0.01 -0.19 -0.1 -0.26
133 59 134 97 31 -0.21 -0.33 0.02 0.46 0.04 -0.12
134 50 128 91 30 -0.18 -0.29 0.0 0.2 -0.06 -0.25
135 51 121 87 29 -0.14 -0.28 0.01 -0.14 -0.03 -0.21
136 51 122 85 28 -0.12 -0.31 0.01 -0.31 -0.05 -0.15
137 43 117 82 29 -0.06 -0.32 -0.01 0.06 0.05 -0.23
138 36 127 79 28 -0.04 -0.31 -0.01 0.18 0.08 -0.22
139 36 164 75 27 -0.01 -0.26 -0.02 0.11 0.04 -0.24
140 40 281 74 34 0.08 -0.22 -0.03 0.24 -0.14 -0.28
141 45 417 74 51 0.19 -0.17 -0.05 0.11 -0.21 -0.46
142 41 393 73 51 0.55 -0.15 -0.1 0.17 -0.36 -0.69
143 63 490 76 50 0.93 -0.29 -0.11 -0.4 -0.56 -0.78
144 56 431 79 49 0.82 -0.38 -0.02 0.74 -0.23 -0.27
145 60 409 78 44 0.66 -0.36 0.09 0.85 -0.03 -0.04
146 73 433 74 41 0.6 -0.24 0.14 0.11 0.25 0.12
147 68 414 72 49 0.57 -0.21 0.18 -0.12 0.24 0.05
148 71 363 70 45 0.57 -0.26 0.2 -0.7 0.22 0.01
149 60 313 67 40 0.55 -0.2 0.26 -0.5 0.04 -0.03
150 63 270 65 36 0.52 -0.14 0.32 -0.53 0.11 0.03
151 86 239 62 34 0.36 -0.15 0.34 0.91 0.62 -0.12
152 114 211 60 32 0.25 -0.08 0.29 0.18 0.33 -0.1
153 103 189 59 30 0.22 -0.1 0.27 0.05 0.43 -0.19
154 106 170 58 28 0.08 -0.11 0.21 -0.02 0.18 -0.2
155 96 153 58 27 -0.04 -0.07 0.14 0.18 0.17 -0.06
156 83 138 61 27 -0.11 -0.02 0.1 -0.04 0.15 -0.01
157 71 125 62 26 -0.3 -0.07 0.06 -0.52 0.05 -0.01
158 59 115 65 25 -0.41 -0.06 0.02 -0.82 0.18 -0.13
159 53 107 70 26 -0.42 -0.15 -0.0 -0.65 0.18 -0.16
160 45 101 72 26 -0.41 -0.19 -0.06 -0.28 0.1 -0.18
161 38 95 79 25 -0.36 -0.15 -0.15 -0.02 0.24 -0.14
162 38 89 88 25 -0.34 -0.08 -0.19 0.08 0.12 -0.2
163 35 85 91 25 -0.29 0.08 -0.24 0.59 0.04 -0.24
164 31 82 95 26 -0.17 0.27 -0.23 0.62 0.06 -0.2
165 30 78 89 25 -0.11 0.34 -0.21 0.49 0.04 -0.21
166 32 80 83 25 -0.1 0.46 -0.13 0.05 -0.05 -0.17
167 39 82 79 25 -0.1 0.36 -0.04 -0.18 -0.04 -0.27
168 43 82 81 25 -0.09 0.27 -0.01 0.07 -0.02 -0.26
169 40 81 76 24 -0.14 0.14 0.03 0.15 -0.01 -0.24
170 35 80 73 24 -0.14 0.14 0.04 0.05 -0.03 -0.25
171 31 81 71 24 -0.13 0.15 0.04 0.03 -0.03 -0.25
172 26 82 70 25 -0.06 0.18 0.03 -0.2 0.05 -0.22
173 26 80 70 24 -0.01 0.2 0.01 -0.11 0.08 -0.23
174 31 81 69 24 0.01 0.17 0.02 0.26 0.03 -0.19
175 27 79 69 24 0.0 0.11 0.02 -0.18 0.04 -0.21
176 31 80 74 23 0.03 0.1 0.02 -0.13 0.06 -0.19
177 28 84 72 23 0.03 0.08 0.02 -0.11 0.04 -0.2
178 27 81 68 24 0.05 0.06 0.0 -0.06 0.09 -0.17
179 24 80 65 24 0.07 0.07 -0.01 -0.1 0.09 -0.22
180 22 82 66 24 0.07 0.07 -0.02 -0.12 0.07 -0.23
181 22 82 75 24 0.08 0.04 -0.03 -0.16 0.03 -0.2
182 23 85 76 23 0.09 0.01 -0.04 -0.02 0.05 -0.13
183 22 86 74 23 0.1 0.01 -0.04 0.09 0.07 -0.2
184 26 85 81 24 0.11 0.04 -0.04 0.11 0.11 -0.17
185 26 91 83 24 0.1 0.08 -0.03 0.09 0.11 -0.12
186 23 87 85 24 0.09 0.11 -0.03 0.08 0.1 -0.13
187 23 87 82 23 0.06 0.1 -0.01 0.05 0.09 -0.16
188 20 86 77 24 0.04 0.08 -0.01 0.03 0.11 -0.18
189 23 86 78 24 0.03 0.08 0.0 0.02 0.14 -0.14
190 28 86 80 23 0.01 0.06 0.0 -0.04 0.11 -0.16
191 28 84 84 23 0.0 0.08 -0.0 0.0 0.07 -0.16
192 25 83 77 23 -0.01 0.07 -0.0 -0.04 0.06 -0.16
193 23 84 74 23 -0.02 0.04 -0.0 -0.05 0.03 -0.17
194 22 84 75 23 -0.01 0.03 -0.0 -0.03 0.01 -0.21
195 21 83 69 23 -0.01 0.03 -0.01 -0.01 0.06 -0.21
196 20 84 69 23 0.0 0.05 -0.01 0.0 0.03 -0.21
197 25 83 70 23 0.01 0.06 -0.01 0.0 0.03 -0.17
198 24 84 80 23 0.02 0.07 -0.02 0.0 0.06 -0.19
199 23 85 81 24 0.02 0.08 -0.02 0.0 0.07 -0.18
200 21 85 78 24 0.02 0.06 -0.02 -0.03 0.14 -0.16
201 20 98 74 23 0.02 0.04 -0.02 0.01 0.09 -0.19
202 19 105 76 24 0.01 0.03 -0.01 -0.01 0.09 -0.18
203 24 105 75 23 0.01 0.04 -0.01 0.0 0.07 -0.14
204 26 102 74 23 0.02 0.04 -0.02 0.0 0.09 -0.2
205 23 99 71 23 0.02 0.02 -0.02 -0.05 0.07 -0.14
206 23 96 72 23 0.0 0.0 -0.01 0.01 0.09 -0.16
207 21 93 76 23 -0.0 -0.01 -0.01 0.0 0.05 -0.18
208 20 92 80 23 -0.01 0.01 -0.01 0.02 0.07 -0.16
209 23 91 78 24 -0.01 0.03 -0.01 -0.01 0.05 -0.19
210 26 89 73 23 -0.0 0.03 -0.01 -0.03 0.06 -0.21
211 27 89 72 23 -0.0 0.02 -0.01 0.04 0.11 -0.17
212 25 87 73 23 -0.0 0.0 -0.01 -0.03 0.08 -0.17
213 23 87 83 23 -0.0 0.0 -0.01 0.0 0.1 -0.2
214 21 86 81 23 0.0 0.01 -0.01 0.0 0.05 -0.18
215 21 86 76 23 0.0 0.03 -0.02 -0.02 0.08 -0.16
216 23 83 71 23 0.0 0.02 -0.01 0.0 0.06 -0.18
217 23 84 73 24 -0.0 0.01 -0.01 -0.02 0.06 -0.17
218 25 83 72 24 -0.01 0.01 -0.0 0.0 0.09 -0.17
219 23 82 71 23 -0.01 0.01 0.0 0.03 0.09 -0.21
220 22 81 69 24 -0.02 -0.0 0.01 0.0 0.09 -0.18
221 20 81 66 23 -0.02 -0.01 0.01 0.0 0.1 -0.13
222 26 80 63 23 -0.02 -0.01 0.01 -0.02 0.08 -0.2
223 24 93 64 23 -0.02 -0.01 0.01 -0.01 0.06 -0.18
224 25 110 65 24 -0.02 -0.01 0.01 0.0 0.03 -0.18
225 25 105 65 23 -0.01 -0.01 0.01 0.0 0.02 -0.2
226 25 101 70 23 0.01 -0.0 0.0 -0.02 0.04 -0.18
227 22 95 67 23 0.02 -0.01 0.0 -0.03 0.08 -0.18
228 26 90 67 23 0.02 -0.01 -0.0 0.0 0.09 -0.18
229 25 86 71 23 0.02 0.0 -0.0 0.0 0.1 -0.16
230 24 83 71 23 0.02 0.02 -0.01 -0.03 0.11 -0.19
231 25 81 73 23 0.01 0.02 -0.01 -0.06 0.08 -0.16
232 24 78 73 22 0.01 0.02 -0.01 -0.03 0.08 -0.17
233 22 76 71 23 -0.0 0.01 -0.01 0.0 0.08 -0.18
234 21 75 70 24 -0.01 0.02 -0.01 0.01 0.05 -0.21
235 29 75 67 23 -0.0 0.03 -0.01 0.02 0.07 -0.17
236 26 74 68 23 -0.01 0.01 0.01 -0.02 0.08 -0.18
237 22 73 69 23 -0.01 0.0 0.01 0.0 0.1 -0.17
238 22 72 68 23 -0.01 0.01 0.01 0.0 0.09 -0.2
239 24 71 64 23 -0.0 0.02 0.01 -0.03 0.09 -0.15
240 23 71 70 23 -0.01 0.02 0.01 -0.07 0.09 -0.19
241 29 73 72 23 -0.0 0.01 0.0 -0.05 0.06 -0.16
242 27 73 68 23 0.0 0.01 0.0 -0.02 0.07 -0.18
243 24 72 67 23 0.01 0.02 -0.0 0.01 0.1 -0.16
244 22 71 69 23 0.01 0.04 -0.01 -0.01 0.07 -0.18
245 21 71 78 23 0.01 0.04 -0.01 -0.05 0.08 -0.18
246 24 72 76 23 0.01 0.02 -0.01 -0.08 0.07 -0.18
247 23 73 74 23 0.01 -0.0 -0.01 0.0 0.08 -0.16
248 26 73 70 23 0.01 0.0 -0.01 0.0 0.09 -0.22
249 24 72 69 23 0.0 0.0 -0.01 -0.03 0.07 -0.21
250 23 71 78 23 0.0 0.0 -0.0 -0.01 0.1 -0.16
251 20 70 73 23 -0.01 -0.0 -0.0 0.0 0.06 -0.15
252 19 70 72 23 -0.01 0.0 -0.0 -0.03 0.07 -0.19
253 22 70 73 23 -0.01 0.01 -0.01 -0.02 0.08 -0.17
254 28 70 69 23 -0.01 0.01 -0.01 0.01 0.07 -0.2
255 26 70 74 23 -0.0 0.02 -0.01 0.0 0.1 -0.21
256 24 71 79 23 -0.01 0.01 -0.01 -0.04 0.08 -0.17
257 23 70 74 24 0.0 0.0 -0.01 0.01 0.09 -0.14
258 21 70 73 24 -0.0 0.01 -0.01 -0.01 0.08 -0.21
259 22 70 79 24 -0.0 0.01 -0.01 -0.09 0.06 -0.18
260 20 69 75 24 0.0 0.03 -0.01 -0.04 0.05 -0.16
261 25 69 73 24 0.01 0.02 -0.01 -0.05 0.1 -0.2
262 26 70 72 24 0.0 0.01 -0.01 0.01 0.11 -0.17
263 24 70 77 24 -0.01 0.0 -0.0 0.0 0.1 -0.21
264 22 68 76 24 -0.02 -0.01 0.0 -0.02 0.1 -0.18
265 23 69 73 24 -0.02 0.0 0.01 0.0 0.05 -0.16
266 22 70 71 24 -0.02 0.01 0.01 -0.03 0.07 -0.16
267 27 70 69 24 -0.02 0.01 0.01 -0.08 0.07 -0.2
268 28 71 69 23 -0.01 0.01 0.01 0.0 0.08 -0.17
269 25 70 77 23 -0.0 0.02 0.0 -0.06 0.07 -0.2
270 25 70 74 23 -0.0 0.02 0.0 -0.04 0.06 -0.2
271 25 70 76 24 0.01 0.02 -0.01 -0.08 0.1 -0.15
272 22 70 78 24 0.01 0.02 -0.0 -0.05 0.07 -0.18
273 25 70 76 23 0.01 0.02 -0.0 -0.03 0.09 -0.17
274 24 69 78 24 0.01 0.02 -0.0 -0.01 0.08 -0.19
275 27 70 73 23 0.01 0.03 0.0 0.0 0.1 -0.18
276 25 70 72 23 0.01 0.03 0.0 0.01 0.1 -0.18
277 22 68 70 24 0.01 0.04 0.0 -0.04 0.1 -0.2
278 22 69 79 23 0.01 0.04 0.0 -0.04 0.11 -0.16
279 25 70 75 23 -0.0 0.01 0.01 -0.05 0.11 -0.16
280 26 70 76 23 -0.0 0.0 0.01 -0.01 0.07 -0.17
281 24 70 71 23 0.0 0.0 0.01 -0.05 0.11 -0.16
282 23 71 68 24 0.0 0.0 0.01 -0.02 0.09 -0.17
283 21 70 67 24 0.0 0.02 0.01 0.0 0.11 -0.17
284 20 70 71 23 0.01 0.02 0.0 -0.06 0.12 -0.17
285 25 70 67 24 0.01 0.01 0.0 -0.06 0.12 -0.19
286 26 70 68 24 0.01 0.01 0.0 -0.04 0.09 -0.18
287 27 71 79 23 0.02 0.01 -0.01 -0.02 0.08 -0.16
288 25 71 75 24 0.01 0.02 -0.01 -0.04 0.09 -0.19
289 23 71 76 22 0.01 0.02 -0.01 -0.03 0.11 -0.14
290 22 72 72 24 0.01 0.01 -0.0 -0.06 0.1 -0.15
291 29 74 69 24 0.01 0.01 -0.0 -0.05 0.13 -0.22
292 26 76 72 23 0.0 0.0 0.0 -0.04 0.1 -0.16
293 28 77 71 24 -0.0 0.0 -0.0 -0.04 0.11 -0.17
294 26 76 69 23 -0.01 0.0 0.0 -0.03 0.12 -0.18
295 24 76 66 23 -0.0 0.0 0.0 -0.01 0.11 -0.16
296 27 75 63 24 -0.0 0.01 0.0 -0.03 0.12 -0.16
297 25 74 72 24 -0.01 0.01 0.0 -0.07 0.12 -0.19
298 23 74 70 23 -0.01 -0.01 0.0 -0.08 0.11 -0.17
299 22 75 65 23 -0.01 -0.01 0.0 -0.06 0.12 -0.15
300 24 75 67 23 -0.01 -0.0 -0.0 -0.04 0.13 -0.17
301 25 76 65 25 -0.01 0.0 -0.0 -0.04 0.1 -0.17
302 27 75 70 23 -0.01 0.01 -0.0 -0.08 0.06 -0.21
303 25 74 76 23 -0.01 -0.01 -0.01 -0.03 0.09 -0.14
304 28 75 75 23 -0.01 -0.02 -0.0 -0.06 0.1 -0.14
305 26 74 74 24 -0.01 -0.02 -0.0 -0.05 0.17 -0.16
306 25 74 70 23 -0.02 -0.02 -0.0 -0.05 0.16 -0.16
307 24 74 78 24 -0.02 -0.03 -0.0 -0.04 0.11 -0.19
308 28 73 76 23 -0.02 -0.05 0.0 -0.03 0.08 -0.18
309 26 73 78 23 -0.03 -0.09 0.01 -0.06 0.1 -0.19
310 24 74 74 23 -0.04 -0.16 0.02 -0.14 0.13 -0.19
311 25 73 80 23 -0.05 -0.19 0.03 -0.11 0.16 -0.14
-200 -200 -200 -200 -200 -200 -200 -200 -200 -200 -200
312 26 73 79 23 -0.05 -0.2 0.03 -0.05 0.15 -0.2
313 24 72 75 23 -0.05 -0.16 0.03 0.04 0.18 -0.16
314 28 73 77 24 -0.05 -0.11 0.02 0.04 0.12 -0.15
315 25 74 75 23 -0.04 -0.05 0.01 0.0 0.11 -0.19
316 24 73 78 24 -0.03 -0.01 0.0 -0.07 0.09 -0.2
317 27 72 74 23 -0.02 -0.0 0.01 -0.04 0.11 -0.17
318 26 73 77 23 -0.02 0.03 0.0 -0.02 0.1 -0.15
319 24 72 75 23 -0.01 0.07 -0.01 -0.03 0.13 -0.15
320 28 74 78 23 -0.01 0.09 -0.01 -0.06 0.15 -0.16
321 26 76 75 24 -0.01 0.08 -0.01 -0.03 0.16 -0.15
322 24 77 71 23 -0.03 0.04 -0.0 -0.09 0.16 -0.16
323 27 79 69 23 -0.03 0.02 -0.0 -0.1 0.15 -0.17
324 27 81 72 23 -0.03 -0.0 0.0 -0.13 0.1 -0.23
325 25 81 71 24 -0.03 -0.01 0.0 -0.05 0.14 -0.19
326 27 82 70 24 -0.02 -0.01 -0.01 -0.01 0.12 -0.16
327 26 83 69 23 -0.02 -0.0 -0.0 -0.04 0.11 -0.19
328 30 84 69 24 -0.02 -0.01 -0.0 -0.1 0.15 -0.21
329 27 83 66 23 -0.01 -0.01 0.0 -0.07 0.15 -0.21
330 26 89 74 23 -0.01 -0.0 0.0 -0.03 0.17 -0.17
331 40 122 69 23 -0.01 0.0 0.0 -0.01 0.14 -0.16
332 47 150 68 23 -0.01 0.01 0.0 -0.02 0.14 -0.21
333 63 154 70 23 -0.01 -0.01 0.0 -0.05 0.08 -0.21
334 67 170 73 23 0.1 -0.03 -0.03 -0.18 0.08 -0.24
335 56 157 75 23 0.13 -0.05 -0.03 -0.23 0.16 -0.21
336 50 163 82 23 0.15 -0.12 -0.03 -0.1 0.19 -0.19
337 44 162 75 23 0.14 -0.15 -0.0 0.12 0.21 -0.07
338 44 164 71 23 0.11 -0.14 0.0 0.19 0.08 -0.12
339 69 174 66 23 0.05 -0.1 0.02 0.18 0.03 -0.22
340 69 186 63 23 0.05 -0.09 0.04 0.03 0.01 -0.17
341 69 206 60 26 0.04 -0.09 0.05 0.0 0.03 -0.24
342 91 237 58 46 -0.02 -0.06 0.07 -0.08 0.08 -0.14
343 88 275 56 44 0.02 -0.04 0.05 0.22 0.18 -0.08
344 82 280 54 40 0.07 -0.03 0.03 0.35 0.09 -0.21
345 78 308 63 37 0.1 0.09 0.02 0.61 0.2 -0.13
346 74 313 65 35 0.14 0.09 0.04 -0.01 0.22 -0.14
347 82 308 63 31 0.15 0.02 0.05 -0.44 0.18 -0.09
348 106 295 60 31 0.18 -0.01 0.05 -0.36 0.16 -0.08
349 97 284 62 30 -0.03 0.31 0.05 0.05 0.15 -0.16
350 86 303 60 51 -0.04 0.36 0.03 0.12 0.08 -0.02
351 78 310 62 78 -0.07 0.57 0.01 -0.03 0.09 -0.13
352 79 297 67 68 -0.02 0.53 0.01 -0.17 0.16 0.15
353 94 337 67 76 0.01 0.53 0.01 -1.04 -0.1 1.12
354 90 337 67 70 0.19 0.45 0.04 -0.71 0.78 1.49
355 85 359 66 61 0.28 0.13 -0.03 -0.63 0.04 2.52
356 95 359 71 53 0.31 -0.15 -0.04 -0.29 0.79 3.02
357 89 403 77 47 0.71 -0.6 -0.14 -0.65 -0.38 2.37
358 85 442 77 42 1.0 -0.88 -0.17 -1.17 -0.12 2.04
359 102 430 82 38 1.32 -1.22 -0.33 1.43 1.03 2.53
360 130 468 89 35 1.46 -1.3 -0.31 0.03 0.5 1.35
361 115 426 89 43 1.44 -1.29 -0.29 -0.27 0.34 1.32
362 110 403 91 42 1.48 -1.29 -0.29 -0.26 0.16 0.73
363 118 437 90 42 1.47 -1.24 -0.25 -0.18 0.14 0.57
364 126 444 97 39 1.43 -1.25 -0.22 -0.5 -0.03 -0.22
365 129 398 94 39 1.42 -1.34 -0.19 -0.74 -0.1 -0.82
366 118 449 93 38 1.38 -1.39 -0.11 -0.73 -0.3 -1.03
367 159 464 99 42 1.31 -1.28 0.01 -0.5 -0.4 -1.55
368 161 493 110 48 1.24 -1.19 0.07 -0.82 -0.54 -1.95
369 177 480 115 47 1.13 -1.08 0.17 -0.58 -0.45 -2.42
370 213 445 105 44 0.99 -1.01 0.26 -0.74 -0.65 -2.44
371 213 461 109 44 0.93 -1.02 0.28 -0.74 -0.57 -2.43
372 244 414 112 43 0.74 -1.0 0.36 -0.7 -0.61 -2.44
373 257 389 112 47 0.53 -0.86 0.39 -0.85 -0.57 -2.53
374 274 375 128 46 0.4 -0.8 0.4 -0.66 -0.46 -2.12
375 252 381 131 44 0.21 -0.7 0.41 -0.7 -0.45 -1.88
376 252 399 127 53 0.06 -0.64 0.37 -0.32 -0.23 -1.57
377 241 451 126 49 0.01 -0.61 0.34 -0.3 -0.06 -1.55
378 241 419 124 53 -0.09 -0.51 0.31 -0.11 0.0 -1.7
379 233 419 123 47 -0.18 -0.41 0.3 0.06 -0.02 -1.31
380 225 428 126 47 -0.21 -0.39 0.3 -0.17 -0.02 -0.54
381 214 405 124 47 -0.23 -0.39 0.27 -0.05 0.03 -0.49
382 220 380 123 49 -0.25 -0.36 0.24 0.0 0.07 -0.29
383 204 356 117 46 -0.25 -0.34 0.21 0.1 0.15 -0.14
384 201 323 113 42 -0.21 -0.27 0.15 0.34 0.27 -0.2
385 198 327 119 39 -0.19 -0.18 0.1 0.3 0.29 0.26
386 206 301 124 38 -0.18 -0.14 0.07 0.34 0.3 0.58
387 179 292 114 43 -0.21 -0.02 0.0 0.22 0.3 0.67
388 172 319 114 41 -0.18 0.02 -0.06 0.02 0.43 0.04
389 187 303 116 39 -0.13 0.07 -0.08 0.21 0.52 -0.32
390 175 291 121 37 -0.07 0.15 -0.1 0.23 0.35 -0.38
391 158 287 124 34 0.0 0.13 -0.1 -0.17 0.24 0.08
392 172 296 115 33 0.03 0.11 -0.09 -0.32 0.26 0.3
393 179 306 110 35 0.02 0.09 -0.08 -0.21 0.27 0.12
394 166 317 109 42 0.04 0.09 -0.06 -0.24 0.36 -0.34
395 162 310 105 38 0.04 0.09 -0.04 -0.15 0.27 -0.54
396 167 311 107 38 0.04 0.08 -0.01 -0.2 0.21 -0.53
397 155 313 109 35 0.04 0.02 -0.01 -0.29 0.14 -0.25
398 162 313 109 33 0.05 0.02 -0.01 -0.24 0.17 -0.29
399 163 307 107 31 0.04 0.05 -0.01 -0.21 0.12 -0.34
400 147 328 104 37 0.03 0.06 -0.02 -0.22 0.14 -0.2
401 143 299 97 36 0.02 0.06 -0.03 -0.21 0.14 -0.23
402 171 322 101 38 0.01 0.1 -0.02 -0.21 0.07 -0.48
403 172 337 99 42 0.01 0.09 -0.02 -0.3 0.02 -0.48
404 159 332 102 39 0.03 0.07 -0.02 -0.35 -0.01 -0.46
405 152 310 100 36 0.04 0.03 -0.0 -0.29 -0.05 -0.45
406 168 318 97 36 0.04 0.01 0.0 -0.23 -0.02 -0.34
407 143 340 95 35 0.04 0.01 0.0 -0.16 0.0 -0.4
408 143 376 87 37 0.03 0.02 0.0 -0.15 0.09 -0.4
409 160 390 86 36 0.01 0.03 -0.01 0.03 0.11 -0.49
410 159 360 90 34 0.01 0.04 -0.01 0.02 0.19 -0.52
411 145 345 102 31 0.02 0.03 -0.03 0.02 0.1 -0.4
412 144 355 99 34 0.01 -0.0 -0.04 0.05 0.14 -0.18
413 140 338 91 32 0.01 -0.01 -0.06 0.01 0.15 -0.05
414 142 339 86 30 0.01 -0.01 -0.07 -0.02 0.18 -0.11
415 141 343 84 30 -0.0 0.02 -0.07 -0.05 0.14 -0.21
416 126 339 81 30 -0.02 0.04 -0.07 -0.15 0.13 -0.22
417 139 338 85 29 -0.02 0.03 -0.05 -0.1 0.18 -0.35
418 122 331 88 28 -0.02 0.01 -0.04 -0.2 0.13 -0.33
419 121 295 81 27 -0.03 -0.0 -0.04 -0.18 0.14 -0.28
420 118 320 92 26 -0.03 -0.02 -0.04 -0.14 0.07 -0.33
421 110 343 96 26 -0.02 -0.03 -0.04 -0.15 0.1 -0.33
422 101 331 97 25 -0.02 -0.01 -0.04 -0.15 0.11 -0.26
423 112 330 93 25 -0.01 0.02 -0.06 -0.22 0.15 -0.31
424 107 316 87 24 -0.01 0.01 -0.07 -0.21 0.14 -0.23
425 107 350 83 25 -0.01 -0.01 -0.07 -0.2 0.12 -0.26
426 112 339 87 25 0.0 -0.01 -0.05 -0.19 0.13 -0.24
427 103 309 86 25 0.0 -0.0 -0.05 -0.18 0.1 -0.25
428 98 322 90 25 0.01 -0.01 -0.05 -0.16 0.12 -0.26
429 117 331 88 24 0.02 -0.02 -0.05 -0.09 0.14 -0.26
430 108 324 93 25 0.02 -0.01 -0.05 -0.05 0.11 -0.2
431 106 318 90 25 0.01 -0.01 -0.05 -0.1 0.08 -0.21
432 96 313 85 24 0.01 -0.01 -0.04 -0.07 0.16 -0.19
433 127 351 82 25 0.0 0.0 -0.03 -0.09 0.18 -0.28
434 126 331 87 25 -0.01 0.02 -0.02 -0.11 0.16 -0.32
435 115 314 82 24 -0.01 0.03 -0.02 -0.26 0.07 -0.4
436 111 316 82 24 0.0 0.01 -0.02 -0.18 0.05 -0.32
437 117 318 83 25 0.01 0.02 -0.02 -0.2 0.06 -0.29
438 117 312 82 25 0.0 0.05 -0.01 -0.2 0.07 -0.34
439 113 296 76 25 -0.01 0.05 -0.0 -0.1 0.01 -0.42
440 108 285 72 25 -0.0 0.04 0.0 -0.07 0.0 -0.44
441 93 282 67 25 -0.01 0.05 0.0 -0.06 0.01 -0.55
442 79 263 65 24 -0.03 0.09 -0.0 -0.13 -0.03 -0.66
443 73 253 64 24 -0.04 0.1 -0.01 -0.22 -0.06 -0.67
444 64 252 63 25 -0.08 0.15 -0.02 -0.25 -0.08 -0.77
445 56 237 66 24 -0.12 0.2 -0.03 -0.2 -0.15 -0.64
446 53 273 65 24 -0.15 0.24 -0.03 -0.28 -0.16 -0.61
447 55 259 63 37 -0.2 0.3 -0.02 -0.27 -0.19 -0.83
448 60 260 61 40 -0.25 0.4 0.03 0.02 -0.23 -1.05
449 54 242 59 37 -0.29 0.5 0.08 0.06 -0.26 -1.24
450 52 226 57 33 -0.31 0.67 0.14 -0.63 -0.23 -1.36
451 45 243 57 32 -0.4 0.83 0.18 -0.45 -0.25 -0.82
452 39 217 56 30 -0.45 0.9 0.19 -0.34 -0.32 -0.65
453 45 252 55 35 -0.57 1.0 0.19 -0.29 -0.13 -0.58
454 70 281 54 33 -0.72 1.13 0.24 0.45 0.0 -0.93
455 68 280 53 31 -0.77 1.28 0.28 0.39 0.04 -1.29
456 83 348 52 29 -0.86 1.47 0.29 -0.35 0.14 -1.5
457 94 326 53 28 -0.91 1.44 0.31 -0.13 -0.08 -1.54
458 90 295 51 27 -0.87 1.5 0.29 0.41 0.15 -1.17
459 113 266 51 26 -0.98 1.44 0.27 0.24 0.0 -0.43
460 126 242 50 26 -1.12 1.29 0.19 0.24 0.39 -0.42
461 114 236 54 34 -1.2 1.2 0.14 0.03 0.48 -0.17
462 100 215 54 31 -1.3 1.0 0.03 0.14 0.32 0.19
463 97 199 53 30 -1.24 0.93 -0.09 0.93 0.32 0.83
464 100 191 54 28 -1.17 1.07 -0.18 1.47 0.6 0.81
465 82 184 54 27 -1.02 1.62 -0.32 1.18 0.65 0.27
466 80 191 56 26 -1.0 2.06 -0.4 -0.36 0.07 -1.15
467 80 187 56 25 -0.97 2.09 -0.41 -0.54 -0.13 -1.06
468 70 178 60 28 -0.88 1.77 -0.29 -0.85 -0.12 2.11
469 59 169 59 27 -0.69 1.32 -0.45 0.5 -0.69 0.35
470 49 161 59 26 -0.61 1.28 -0.47 -0.42 0.11 0.71
471 51 151 60 25 -0.53 0.59 -0.65 -8.22 -4.82 7.82
472 48 143 62 26 0.21 -0.57 -0.33 1.04 0.83 0.64
473 41 138 65 25 -0.27 -0.69 -0.16 0.45 1.24 -1.78
474 35 129 77 25 -0.15 -1.13 -0.09 -0.25 -0.46 -0.7
475 31 119 73 25 0.05 -0.84 -0.05 1.66 0.57 1.36
476 32 109 70 24 -0.02 -0.58 -0.01 2.05 0.65 1.1
477 33 100 71 24 -0.19 -0.16 -0.03 1.33 0.13 0.18
478 31 94 71 24 -0.21 0.09 -0.04 0.82 -0.37 -0.02
479 33 89 70 24 -0.11 0.23 -0.08 0.45 -0.27 -0.17
480 29 87 70 23 0.04 0.43 -0.13 -0.31 -0.38 -0.23
481 26 87 69 24 0.03 0.43 -0.1 -0.56 -0.28 -0.11
482 24 87 67 23 0.05 0.29 -0.05 -0.47 0.0 -0.11
483 24 86 66 23 0.08 -0.03 0.01 -0.12 0.01 0.0
484 28 87 65 23 0.05 -0.11 0.05 0.37 0.12 0.08
485 26 87 64 23 0.04 -0.07 0.06 0.37 0.09 0.05
486 26 89 63 23 0.04 0.06 0.04 0.07 0.18 0.03
487 24 92 63 23 0.06 0.11 -0.0 -0.23 0.25 0.05
488 22 96 62 23 0.06 0.09 -0.01 -0.32 0.27 0.04
489 22 99 61 23 0.05 -0.02 -0.0 -0.17 0.21 0.07
490 21 102 62 23 0.05 -0.07 -0.01 0.0 0.2 0.04
491 20 105 60 24 0.05 -0.07 -0.02 0.12 0.21 0.05
-100 -100 -100 -100 -100 -100 -100 -100 -100 -100 -100
492 27 107 60 23 0.05 -0.04 -0.03 0.02 0.16 0.08
493 26 110 60 23 0.05 -0.02 -0.03 0.0 0.17 0.07
494 32 113 59 23 0.05 -0.02 -0.03 0.0 0.21 0.09
495 30 116 58 24 0.03 -0.03 -0.03 0.0 0.24 0.07
496 28 118 58 23 0.01 -0.04 -0.03 0.08 0.17 0.11
497 27 119 57 23 0.0 -0.04 -0.03 0.09 0.18 0.08
498 25 121 56 24 -0.01 -0.01 -0.02 0.07 0.14 0.06
499 31 122 56 23 0.01 -0.0 -0.03 0.02 0.07 0.05
500 53 123 55 24 0.07 -0.02 -0.03 0.0 0.08 0.02
501 68 122 54 23 0.17 -0.06 -0.03 0.0 0.12 0.0
502 59 122 54 24 0.14 -0.03 -0.04 -0.1 0.13 0.0
503 51 122 53 24 0.11 -0.02 -0.05 -0.12 0.12 0.04
504 48 123 52 23 0.07 -0.03 -0.05 -0.01 0.09 0.03
505 41 125 51 24 0.05 -0.03 -0.03 -0.02 0.1 0.05
506 35 124 51 24 0.05 -0.03 -0.03 0.0 0.11 0.06
507 41 125 51 24 0.03 -0.03 -0.01 0.04 0.15 0.04
508 38 126 51 23 0.01 -0.02 -0.0 0.01 0.13 0.05
509 35 127 49 23 0.01 -0.01 -0.0 -0.01 0.13 0.06
510 34 127 48 24 -0.01 0.0 -0.0 -0.03 0.14 0.06
511 33 129 47 24 -0.03 0.0 -0.01 -0.02 0.13 0.05
512 30 131 48 24 -0.05 0.0 -0.01 -0.01 0.15 0.04
513 27 131 46 23 -0.07 -0.0 -0.0 0.01 0.16 0.03
514 33 132 46 23 -0.09 -0.0 0.0 0.04 0.15 0.05
515 34 134 46 24 -0.1 0.0 0.0 0.07 0.12 0.05
516 34 136 45 23 -0.1 0.0 0.01 -0.01 0.11 0.03
517 30 137 46 23 -0.09 -0.0 0.01 -0.01 0.12 0.03
518 29 138 46 23 -0.09 -0.0 0.01 -0.03 0.12 0.05
519 30 141 46 23 -0.07 -0.0 0.0 0.0 0.16 0.06
520 33 142 45 23 -0.06 0.01 -0.01 0.02 0.1 0.07
521 36 145 46 23 -0.05 0.01 -0.01 -0.04 0.11 0.02
522 73 145 46 23 -0.03 0.01 -0.01 -0.01 0.1 0.01
523 120 148 47 23 -0.02 0.01 -0.01 0.03 0.11 0.02
524 119 146 46 23 -0.02 0.01 -0.01 0.03 0.12 0.03
525 114 142 52 23 -0.03 0.03 -0.03 -0.02 0.12 0.03
526 94 149 52 23 -0.04 0.03 -0.04 -0.16 0.1 0.03
527 93 153 51 23 -0.03 0.02 -0.05 -0.19 0.16 0.02
528 79 150 51 23 -0.01 -0.02 -0.05 0.03 0.14 0.06
529 70 152 51 23 -0.0 -0.03 -0.05 -0.01 0.13 0.03
530 66 152 50 23 -0.0 -0.04 -0.05 -0.01 0.15 0.08
531 67 150 49 23 0.0 -0.04 -0.04 0.04 0.12 0.1
532 61 151 49 24 -0.01 -0.04 -0.03 0.0 0.09 0.05
-200 -200 -200 -200 -200 -200 -200 -200 -200 -200 -200
533 52 150 49 23 -0.01 -0.03 -0.03 0.01 0.1 0.03
534 53 150 53 23 -0.02 -0.03 -0.02 0.02 0.11 0.08
535 95 150 51 23 -0.02 -0.04 -0.0 0.06 0.08 0.08
536 83 150 51 23 -0.03 -0.04 0.0 0.04 0.08 0.07
537 75 149 52 23 -0.04 -0.03 0.0 0.0 0.1 0.04
538 67 150 51 23 -0.03 -0.03 0.0 -0.05 0.13 0.03
539 57 149 53 23 -0.03 -0.03 0.0 0.0 0.15 0.04
540 49 150 52 23 -0.03 -0.02 -0.01 -0.05 0.11 0.04
541 46 151 53 23 -0.02 -0.01 -0.01 -0.04 0.09 0.05
542 86 150 53 23 -0.01 -0.02 -0.01 -0.08 0.07 0.01
543 73 152 54 23 -0.0 -0.02 -0.02 -0.1 0.05 -0.02
544 63 150 55 23 0.0 -0.02 -0.02 0.01 0.13 0.06
545 54 149 55 23 0.01 -0.01 -0.02 0.01 0.14 0.06
546 48 148 55 23 0.01 0.0 -0.02 0.07 0.13 -0.01
547 42 150 55 24 0.01 0.01 -0.02 0.03 0.15 0.01
548 56 147 54 23 0.01 0.01 -0.02 0.05 0.18 0.03
549 49 145 55 23 0.0 0.01 -0.0 0.05 0.16 0.02
550 61 146 57 24 -0.01 -0.0 -0.01 -0.01 0.27 0.02
551 67 151 56 27 -0.02 -0.01 -0.0 0.04 0.22 0.06
552 65 152 57 28 -0.05 -0.02 0.01 0.01 0.2 0.04
553 64 163 56 28 -0.05 -0.07 0.02 0.06 0.14 0.05
554 69 187 55 28 -0.05 -0.11 0.03 0.15 0.11 0.01
555 81 185 55 44 0.03 -0.24 0.04 0.16 0.02 0.0
556 93 192 56 40 0.14 -0.34 0.06 0.19 0.01 0.05
557 119 195 54 43 0.15 -0.34 0.08 0.07 -0.06 0.01
558 115 243 57 38 0.17 -0.22 0.1 0.26 0.15 0.09
559 110 275 57 40 0.01 -0.05 0.12 0.1 0.08 0.15
560 112 279 56 63 0.07 -0.03 0.12 0.23 0.25 0.42
561 106 302 58 55 0.13 0.15 0.11 0.18 -0.1 0.33
562 92 306 61 48 0.2 0.3 0.11 -0.16 -0.14 0.59
563 86 308 60 43 0.3 0.45 0.11 0.34 -0.08 0.79
564 75 320 69 39 0.4 0.54 0.07 0.39 0.03 0.79
565 82 336 70 38 0.43 0.57 0.05 -0.3 0.21 0.98
566 73 406 78 35 0.55 0.52 -0.01 -0.4 0.0 1.32
567 67 461 73 33 0.65 0.24 -0.13 -0.76 1.17 1.5
568 61 460 94 32 0.72 -0.04 -0.04 -0.43 0.66 1.21
569 54 438 90 30 0.77 -0.55 0.0 -0.65 0.41 1.3
570 68 499 94 29 0.85 -0.93 0.0 -0.64 0.43 1.66
571 94 466 117 29 0.86 -1.02 -0.0 -1.31 -0.08 0.31
572 80 477 115 28 1.08 -1.47 -0.13 1.66 1.4 0.61
573 70 461 118 28 0.95 -1.68 -0.08 0.0 0.47 -0.12
574 74 492 123 28 0.94 -1.75 -0.1 0.29 0.46 0.04
575 74 517 120 30 0.99 -1.84 -0.19 0.44 0.46 0.02
576 75 557 116 35 0.98 -1.74 -0.24 0.07 0.16 -0.26
577 122 576 109 36 0.9 -1.71 -0.24 -0.31 0.26 -0.45
578 121 573 107 38 0.82 -1.65 -0.22 -0.6 0.02 -0.8
579 125 574 110 41 0.85 -1.67 -0.19 -0.5 0.19 -0.9
580 169 551 114 40 0.84 -1.63 -0.17 -0.25 -0.16 -0.31
581 164 500 109 56 0.93 -1.55 -0.09 -0.2 -0.12 0.12
582 178 473 107 89 0.9 -1.16 0.06 -0.56 -0.34 -0.08
583 280 567 105 89 0.91 -1.03 0.12 -0.4 0.05 -0.61
584 279 575 104 84 0.92 -0.83 0.22 0.09 -0.07 -0.77
585 293 567 109 74 0.97 -0.8 0.22 0.1 -0.03 -0.98
586 259 614 122 89 1.04 -0.84 0.21 0.27 -0.12 -0.53
587 283 622 128 130 1.13 -0.85 0.2 0.07 -0.05 -0.16
588 325 641 123 132 1.13 -0.72 0.19 0.2 -0.08 0.51
589 342 660 119 109 1.06 -0.65 0.19 0.06 -0.25 0.0
590 318 645 131 120 0.98 -0.53 0.18 0.03 -0.28 -0.19
591 308 604 134 111 0.98 -0.39 0.13 -0.04 -0.27 0.01
592 358 597 133 104 0.96 -0.34 0.11 -0.34 0.16 -0.05
593 360 515 129 108 0.85 -0.3 0.09 -0.34 0.34 -0.26
594 361 520 141 94 0.69 -0.32 0.12 -0.37 0.33 -1.04
595 308 510 140 86 0.62 -0.29 0.14 -0.33 0.17 -1.11
596 320 463 141 93 0.51 -0.21 0.13 -0.1 0.25 -1.12
597 277 468 154 90 0.35 -0.15 0.1 -0.1 0.26 -1.19
598 281 452 143 80 0.25 -0.13 0.06 0.0 0.34 -1.18
599 400 411 128 71 0.1 -0.06 -0.03 -0.1 0.25 -1.44
600 355 419 131 66 -0.05 0.04 -0.08 0.03 0.19 -1.51
601 312 399 118 60 -0.13 0.08 -0.11 0.0 0.08 -1.03
602 272 359 115 54 -0.29 0.07 -0.16 -0.09 0.02 -0.94
603 266 348 105 54 -0.45 0.1 -0.24 -0.37 0.06 -0.53
604 250 353 108 49 -0.52 0.13 -0.27 -0.14 -0.07 -0.58
605 217 320 101 48 -0.59 0.28 -0.3 -0.07 -0.1 -0.8
606 209 313 98 43 -0.54 0.4 -0.33 -0.28 -0.12 -0.39
607 197 309 99 40 -0.5 0.4 -0.33 -0.51 -0.13 0.02
608 172 325 98 37 -0.46 0.3 -0.32 -0.62 -0.01 0.26
609 197 302 93 40 -0.43 0.37 -0.3 -0.56 0.11 0.17
610 177 300 92 43 -0.4 0.43 -0.28 -0.43 0.22 0.26
611 160 283 98 40 -0.37 0.43 -0.21 -0.21 0.28 0.18
612 161 274 93 38 -0.35 0.31 -0.14 -0.4 0.37 0.25
613 150 249 90 35 -0.33 0.27 -0.1 -0.18 0.26 0.46
614 171 236 91 33 -0.27 0.24 -0.07 -0.24 0.26 0.49
615 164 252 89 31 -0.25 0.21 -0.02 0.23 0.25 0.47
616 163 250 87 31 -0.2 0.15 -0.04 -0.2 0.3 0.49
617 157 256 92 34 -0.15 0.12 -0.01 0.04 0.31 0.43
618 146 274 91 32 -0.08 0.1 -0.01 0.16 0.22 0.38
619 139 266 87 31 -0.06 0.12 0.01 0.03 0.31 0.37
620 150 272 81 30 -0.03 0.11 0.01 -0.05 0.29 0.36
621 162 277 79 28 0.0 0.05 -0.0 -0.03 0.29 0.14
622 138 280 79 31 0.01 0.01 0.0 -0.03 0.22 -0.18
623 129 273 76 31 0.03 -0.0 0.03 0.04 0.25 -0.24
624 179 265 75 34 0.04 -0.0 0.05 0.0 0.14 -0.02
625 162 275 78 31 0.05 -0.02 0.05 0.0 0.15 -0.06
626 147 290 83 31 0.05 -0.03 0.04 -0.03 0.15 -0.08
627 156 319 81 30 0.05 -0.01 0.03 -0.03 0.11 -0.09
628 154 341 80 28 0.05 -0.01 0.03 -0.07 0.05 -0.14
629 132 350 82 29 0.05 -0.03 0.01 -0.16 0.03 -0.34
630 114 326 78 28 0.06 -0.06 -0.01 -0.09 0.02 -0.27
631 159 309 77 28 0.06 -0.05 -0.0 -0.09 0.02 -0.22
632 164 326 75 26 0.05 -0.01 -0.0 -0.13 0.04 -0.25
633 138 317 72 27 0.02 0.04 -0.01 -0.11 -0.04 -0.24
634 133 317 69 26 0.01 0.04 -0.01 -0.09 -0.05 -0.25
635 123 324 70 25 -0.02 0.01 -0.0 -0.05 -0.01 -0.22
636 118 314 68 25 -0.04 -0.01 0.0 -0.06 0.09 -0.19
637 112 334 77 28 -0.04 0.01 0.01 0.0 0.13 -0.31
638 108 336 75 27 -0.05 0.06 -0.03 -0.29 0.15 -0.2
639 102 340 75 28 -0.01 0.05 -0.08 -0.01 0.04 -0.2
640 134 351 76 27 0.02 0.02 -0.08 -0.15 0.09 0.11
641 146 323 77 27 0.04 -0.03 -0.09 -0.25 0.05 0.17
642 126 320 75 26 0.03 -0.02 -0.07 -0.22 0.15 0.03
643 112 365 74 27 0.02 -0.01 -0.05 -0.2 0.18 -0.05
644 107 366 70 27 -0.0 -0.02 -0.03 -0.15 0.19 -0.04
645 99 343 69 31 -0.02 -0.03 -0.0 -0.03 0.18 -0.1
646 109 316 69 32 -0.02 -0.04 -0.01 0.06 0.25 -0.05
647 106 306 74 31 -0.02 -0.04 0.0 -0.01 0.29 -0.08
648 113 308 73 29 -0.01 -0.03 -0.01 0.03 0.25 -0.04
649 103 306 70 28 -0.0 -0.04 -0.01 -0.02 0.22 0.05
650 130 320 68 27 -0.0 -0.04 -0.03 0.0 0.19 -0.01
651 129 312 68 27 -0.02 0.01 -0.04 -0.07 0.18 -0.06
652 116 288 69 27 -0.03 0.03 -0.04 -0.1 0.26 -0.13
653 96 267 66 27 -0.01 -0.02 -0.04 -0.1 0.22 -0.14
654 96 253 69 25 -0.0 -0.02 -0.04 -0.14 0.13 -0.06
655 95 247 66 25 -0.01 -0.02 -0.03 -0.22 0.06 0.07
656 84 236 67 25 -0.02 0.02 -0.0 -0.19 0.09 0.02
657 84 272 67 27 -0.03 0.03 0.01 -0.18 0.07 -0.18
658 80 238 65 31 -0.04 0.04 0.03 -0.21 0.0 -0.23
659 72 243 64 29 -0.07 0.04 0.06 -0.17 -0.03 -0.27
660 66 242 65 28 -0.08 0.05 0.06 -0.15 -0.04 -0.35
661 60 321 64 28 -0.13 0.08 0.08 -0.22 -0.14 -0.35
662 66 483 63 30 -0.17 0.16 0.1 -0.16 -0.12 -0.41
663 70 507 63 29 -0.17 0.21 0.12 -0.04 -0.16 -0.68
664 90 474 60 27 -0.16 0.4 0.14 0.01 -0.14 -0.97
665 77 407 58 26 -0.22 0.59 0.2 -0.16 -0.12 -1.14
666 69 362 58 26 -0.36 0.75 0.21 -0.12 0.11 -1.06
667 71 323 59 25 -0.4 0.66 0.21 -0.22 0.11 -0.96
668 68 300 59 26 -0.54 0.83 0.19 -0.02 0.02 -0.59
669 58 273 58 24 -0.69 1.03 0.17 -0.28 0.1 -0.53
670 53 264 59 24 -0.8 1.07 0.17 -0.38 0.2 -0.31
671 50 249 58 25 -0.96 1.13 0.16 -0.36 0.23 -0.35
672 45 232 58 33 -1.05 1.27 0.11 -0.38 0.24 -0.67
673 40 224 58 31 -1.12 1.35 0.13 0.27 0.34 -0.62
674 36 215 57 29 -1.2 1.62 0.06 0.28 0.36 -0.73
675 32 242 56 30 -1.36 1.71 0.01 -0.03 0.1 -1.1
676 28 231 56 28 -1.39 1.67 0.02 0.57 0.03 -0.85
677 27 223 56 27 -1.29 1.82 -0.02 0.99 -0.01 -0.88
678 32 211 53 26 -1.4 2.03 -0.05 0.69 -0.12 -0.24
679 27 196 54 26 -1.51 2.0 -0.03 0.14 0.21 -0.21
680 31 181 53 37 -1.76 1.84 -0.18 -0.69 -0.12 -0.15
681 30 171 53 34 -1.76 1.91 -0.27 -0.29 0.3 -0.3
682 26 161 51 32 -1.75 2.15 -0.32 0.07 0.19 -1.85
683 24 152 49 30 -1.63 2.42 -0.33 0.08 0.25 -1.96
684 33 144 48 28 -1.54 2.41 -0.38 -0.6 -0.34 -2.02
685 29 135 48 27 -1.44 2.16 -0.39 0.6 0.0 -1.74
686 31 135 48 27 -1.06 1.12 -0.26 -5.0 -1.31 1.73
687 30 126 48 26 1.23 -3.44 -0.54 -7.2 -3.64 14.32
688 27 117 49 26 1.34 -3.81 -0.11 2.33 0.63 0.7
689 29 109 48 25 0.38 -1.83 0.09 1.77 1.71 -0.95
690 32 101 48 25 0.24 -1.14 -0.02 -0.52 0.14 -0.96
691 31 97 48 25 0.21 -1.35 -0.03 2.1 0.62 1.49
692 32 93 48 24 -0.05 -1.29 0.04 2.42 0.85 1.62
693 29 91 49 25 -0.27 -0.56 0.11 2.25 -0.32 0.4
694 27 89 49 24 -0.23 -0.26 0.09 1.31 -0.45 0.04
695 24 87 48 24 -0.13 0.12 0.06 0.77 -0.46 0.02
696 23 86 48 24 -0.12 0.26 0.04 -0.73 -0.17 -0.03
697 21 88 47 24 -0.16 0.17 0.05 -0.99 -0.16 -0.23
698 20 89 47 24 -0.14 -0.11 0.1 -0.75 -0.17 -0.21
699 23 91 46 23 -0.02 -0.28 0.11 -0.34 -0.01 -0.14
700 23 94 46 24 -0.02 -0.3 0.1 0.12 0.15 0.04
701 21 95 46 24 -0.05 -0.25 0.08 0.11 0.16 0.03
702 21 101 46 24 -0.03 -0.22 0.04 -0.13 0.28 0.03
703 34 100 46 24 -0.02 -0.21 0.02 -0.21 0.26 0.05
704 30 104 46 24 0.01 -0.21 -0.01 -0.26 0.25 0.0
705 35 106 46 23 0.03 -0.24 -0.04 -0.23 0.07 -0.03
706 32 111 46 23 0.05 -0.23 -0.05 0.01 0.06 0.05
-100 -100 -100 -100 -100 -100 -100 -100 -100 -100 -100
707 29 113 45 23 0.06 -0.2 -0.06 0.18 0.06 0.07
708 26 115 46 23 0.05 -0.2 -0.05 0.09 0.06 0.03
709 24 119 47 23 0.04 -0.17 -0.04 0.18 0.07 0.09
710 23 120 47 23 0.04 -0.08 -0.02 0.13 0.07 0.05
711 22 122 48 23 0.03 -0.03 0.0 0.11 0.02 0.02
712 22 126 47 23 0.04 0.0 -0.0 0.05 0.07 0.01
713 22 126 48 23 0.04 0.04 0.0 0.02 0.08 0.02
714 24 128 48 24 0.03 0.02 0.0 -0.12 0.17 -0.01
715 22 129 47 23 0.02 -0.02 0.01 -0.14 0.22 0.02
716 21 132 48 23 0.0 -0.07 0.0 -0.07 0.23 0.05
717 20 133 48 24 -0.0 -0.07 0.01 0.04 0.18 0.0
718 19 137 49 23 0.0 -0.04 0.0 0.12 0.14 0.01
719 19 136 48 23 0.01 0.03 -0.01 0.06 0.09 0.02
720 19 138 49 23 0.03 0.08 -0.01 -0.05 0.11 -0.01
721 18 140 49 23 0.04 0.09 -0.02 -0.12 0.16 0.0
722 18 140 48 23 0.03 0.06 -0.02 -0.13 0.16 0.05
723 19 141 49 23 0.02 -0.01 -0.01 -0.09 0.16 0.01
724 18 142 48 23 0.01 -0.03 -0.01 -0.02 0.15 0.01
725 19 144 48 24 -0.0 -0.03 -0.0 0.04 0.14 0.04
726 18 146 48 24 -0.0 -0.0 -0.01 0.02 0.12 -0.01
727 21 149 47 24 -0.0 0.01 -0.01 -0.06 0.1 0.0
728 20 150 47 23 0.02 0.03 -0.02 -0.09 0.08 0.0
729 19 150 46 24 0.02 0.0 -0.02 -0.13 0.13 -0.02
730 19 150 46 23 0.01 -0.0 -0.02 0.0 0.14 0.02
731 17 152 47 23 0.01 -0.0 -0.02 0.02 0.13 0.0
732 18 151 47 23 0.02 0.03 -0.02 0.03 0.07 0.0
733 18 154 48 24 0.02 0.06 -0.03 -0.02 0.02 0.0
734 17 154 49 23 0.05 0.1 -0.03 -0.05 0.05 0.0
735 18 154 48 23 0.06 0.15 -0.04 -0.01 0.09 0.0
736 17 154 48 23 0.07 0.17 -0.04 -0.02 0.11 0.02
737 17 155 49 23 0.06 0.21 -0.04 0.03 0.14 0.05
738 18 155 49 23 0.04 0.19 -0.03 0.02 0.13 0.01
739 19 156 49 24 0.04 0.17 -0.03 -0.07 0.13 0.01
740 18 153 48 23 0.03 0.14 -0.02 -0.05 0.11 0.01
741 19 151 48 22 0.02 0.08 -0.0 -0.01 0.14 0.03
742 18 150 48 24 0.01 0.06 0.01 -0.02 0.11 0.01
743 19 148 47 24 0.0 0.05 0.02 -0.01 0.07 -0.03
744 21 148 47 23 0.0 0.05 0.02 -0.02 0.07 -0.02
745 21 148 46 24 0.0 0.05 0.01 -0.02 0.05 0.0
746 20 148 47 23 0.01 0.05 0.01 -0.1 0.07 0.01
747 20 148 46 23 0.01 0.04 0.0 -0.08 0.15 -0.02
748 21 148 46 24 0.01 0.03 0.0 -0.06 0.15 0.01
749 21 146 46 23 0.0 0.02 -0.0 -0.09 0.14 0.0
750 22 145 47 23 -0.0 0.01 -0.02 -0.07 0.14 0.0
751 21 146 46 24 0.0 0.0 -0.02 -0.05 0.11 0.01
752 21 146 47 23 0.01 0.0 -0.02 -0.07 0.09 0.0
753 22 145 47 24 0.01 -0.01 -0.02 -0.01 0.06 0.0
754 21 145 48 23 0.0 -0.02 -0.02 0.0 0.06 0.01
755 21 144 49 23 0.0 0.0 -0.02 0.03 0.05 0.03
756 25 145 50 24 -0.0 0.02 -0.01 -0.01 0.08 -0.01
757 26 145 51 23 0.0 0.02 -0.01 -0.04 0.08 0.01
-200 -200 -200 -200 -200 -200 -200 -200 -200 -200 -200
758 28 144 52 24 -0.0 0.01 -0.01 -0.08 0.13 0.01
759 28 143 53 23 -0.01 0.0 -0.01 -0.05 0.13 -0.02
760 28 143 54 24 -0.01 0.0 -0.01 -0.04 0.1 0.0
761 31 143 54 23 -0.01 -0.0 -0.01 -0.05 0.12 0.0
762 29 143 54 23 -0.01 -0.01 -0.0 -0.02 0.12 0.0
763 27 141 54 23 -0.01 -0.01 -0.01 -0.01 0.12 0.02
764 25 140 54 23 -0.01 0.0 -0.01 -0.02 0.1 0.02
765 25 139 52 23 -0.01 0.0 -0.0 -0.05 0.09 0.0
766 24 139 53 23 -0.01 0.0 -0.01 -0.05 0.12 0.01
767 27 139 53 24 -0.0 -0.0 -0.01 -0.06 0.1 0.01
768 27 138 54 23 -0.0 -0.01 -0.01 -0.06 0.11 -0.02
769 26 137 53 23 -0.01 -0.01 -0.01 -0.02 0.15 0.03
770 28 133 52 23 -0.02 -0.02 -0.01 0.01 0.11 0.04
771 30 129 53 23 -0.03 -0.01 -0.01 0.01 0.09 0.0
772 50 128 53 23 -0.03 -0.01 -0.01 -0.02 0.05 0.01
773 46 126 54 23 -0.03 -0.01 0.0 -0.05 0.11 0.03
774 63 140 55 23 -0.06 -0.05 0.01 -0.07 0.14 0.01
775 63 177 55 24 -0.08 -0.08 0.01 -0.05 0.13 0.04
776 79 180 54 30 -0.08 -0.12 0.02 0.0 0.08 0.03
777 116 185 54 29 0.01 -0.18 0.02 0.0 0.07 0.06
778 120 194 56 47 0.04 -0.21 0.03 -0.04 0.09 0.03
779 118 193 58 43 0.11 -0.31 0.04 -0.26 -0.02 -0.03
780 107 206 59 38 0.2 -0.34 0.05 0.16 0.09 0.0
781 94 229 58 35 0.28 -0.34 0.05 0.28 0.11 0.04
782 95 243 57 38 0.43 -0.2 0.02 0.28 0.07 0.26
783 90 272 58 35 0.42 0.05 0.0 0.13 -0.02 0.0
784 93 307 56 33 0.45 0.12 -0.01 -0.05 -0.17 -0.08
785 86 335 64 30 0.57 0.21 -0.04 0.01 -0.18 0.13
786 86 317 68 29 0.47 0.22 0.0 0.23 -0.03 0.85
787 95 341 69 28 0.36 0.26 0.01 0.54 0.38 0.74
788 104 379 67 27 0.19 0.26 -0.02 0.04 0.06 1.22
789 90 362 65 27 0.18 0.21 -0.01 -0.68 -0.02 1.32
790 88 416 67 30 0.17 0.18 0.04 -1.84 0.24 1.1
791 79 434 79 29 0.28 -0.21 -0.05 -0.45 0.61 1.4
792 81 420 84 27 0.33 -0.64 -0.06 -0.38 0.3 1.32
793 92 439 78 29 0.36 -0.85 -0.06 -0.32 0.22 1.52
794 90 437 84 27 0.48 -1.15 -0.05 -0.3 0.19 0.74
795 77 460 90 27 0.69 -1.4 -0.11 -0.17 0.29 0.67
796 74 484 91 26 0.77 -1.4 -0.11 -0.14 0.28 0.66
797 78 471 94 25 1.09 -1.51 -0.18 1.09 0.8 1.13
798 70 490 92 26 0.98 -1.2 -0.05 -0.27 0.15 0.66
799 74 431 83 26 0.99 -1.09 -0.04 -0.08 0.33 0.45
800 81 455 79 25 0.99 -1.01 -0.03 -0.26 0.08 0.69
801 96 451 83 26 1.08 -0.96 -0.02 -0.13 0.21 0.24
802 137 454 82 30 1.11 -0.89 -0.0 -0.2 0.28 0.16
803 144 427 84 29 1.09 -0.76 0.04 -0.81 -0.09 0.04
804 147 408 92 39 1.12 -0.74 0.05 -1.17 0.03 0.24
805 177 375 92 36 1.15 -0.83 0.07 -1.03 0.11 0.41
806 166 368 92 33 1.23 -0.92 0.08 -0.76 0.08 -0.26
807 207 407 98 32 1.19 -0.85 0.15 -0.41 0.1 -0.39
808 194 404 108 35 1.19 -0.8 0.15 -0.47 0.02 -0.78
809 210 392 111 34 1.17 -0.74 0.18 -0.54 -0.19 -0.88
810 232 365 119 38 1.12 -0.66 0.19 -0.16 -0.36 -1.05
811 235 422 112 52 1.1 -0.65 0.18 -0.11 -0.36 -1.12
812 230 397 111 49 1.02 -0.61 0.17 -0.15 -0.58 -0.96
813 281 394 120 51 0.9 -0.55 0.16 -0.05 -0.28 -1.3
814 286 423 128 50 0.82 -0.49 0.15 -0.17 -0.4 -1.4
815 283 420 123 45 0.7 -0.46 0.14 -0.16 -0.27 -1.46
816 356 416 118 45 0.58 -0.44 0.15 -0.27 -0.31 -1.38
817 368 401 117 45 0.48 -0.4 0.17 -0.59 -0.27 -1.48
818 369 384 116 62 0.3 -0.29 0.19 -0.69 -0.21 -1.68
819 341 407 122 61 0.15 -0.19 0.2 -0.62 -0.26 -1.74
820 378 404 118 53 0.1 -0.14 0.19 -0.66 -0.34 -1.51
821 347 441 116 62 -0.0 -0.07 0.18 -0.65 -0.34 -0.81
822 345 421 110 58 -0.06 -0.04 0.15 -0.39 -0.36 -0.46
823 308 404 108 52 -0.08 -0.0 0.14 -0.24 -0.29 -0.4
824 320 384 111 47 -0.11 0.07 0.12 0.21 -0.21 -0.27
825 288 414 117 49 -0.13 0.04 0.07 0.35 -0.06 -0.4
826 300 413 114 62 -0.15 0.06 0.04 0.41 0.03 -0.33
827 279 384 112 61 -0.18 0.11 -0.01 0.54 0.21 -0.28
828 245 406 110 62 -0.2 0.15 -0.07 0.62 0.36 -0.47
829 212 393 109 57 -0.19 0.14 -0.08 0.53 0.38 -0.34
830 214 393 108 50 -0.19 0.12 -0.07 0.32 0.32 0.05
831 205 403 116 46 -0.21 0.07 -0.04 0.14 0.37 0.25
832 197 387 107 43 -0.23 0.06 -0.03 0.12 0.33 0.4
833 200 355 102 40 -0.26 0.05 -0.0 0.07 0.37 0.3
834 185 351 111 37 -0.22 0.02 -0.01 0.19 0.37 0.18
835 180 352 108 34 -0.2 0.01 -0.01 0.06 0.33 0.33
836 182 359 104 32 -0.15 -0.01 -0.02 0.05 0.22 0.54
837 186 416 104 33 -0.13 -0.01 -0.02 -0.05 0.19 0.51
838 212 385 102 33 -0.12 -0.02 -0.02 -0.17 0.17 0.33
839 210 359 96 31 -0.08 -0.05 -0.03 -0.14 0.11 -0.04
840 207 362 94 32 -0.05 -0.07 -0.01 -0.12 0.07 -0.02
841 210 325 100 36 -0.02 -0.06 -0.01 -0.16 0.08 -0.1
842 195 319 94 34 -0.02 -0.06 -0.01 -0.28 0.03 -0.01
843 207 303 91 33 -0.03 -0.03 -0.01 -0.34 0.11 -0.19
844 210 354 103 36 -0.03 -0.04 -0.01 -0.22 0.06 -0.19
845 192 384 108 34 -0.02 -0.05 -0.02 -0.1 0.09 -0.36
846 186 435 108 37 -0.0 -0.03 -0.02 -0.05 0.08 -0.31
847 192 405 118 36 0.05 0.0 -0.03 -0.02 0.04 -0.25
848 184 384 111 35 0.09 0.02 -0.03 -0.19 0.02 0.14
849 175 343 107 33 0.09 -0.01 -0.03 -0.44 0.15 0.25
850 169 377 99 31 0.08 -0.04 -0.03 -0.43 0.15 0.18
851 162 378 101 32 0.03 -0.02 -0.04 -0.36 0.17 0.22
852 184 383 106 32 0.01 -0.01 -0.03 -0.3 0.23 -0.23
853 189 350 102 30 -0.01 0.01 -0.03 -0.29 0.28 -0.58
854 179 386 98 30 -0.01 0.03 -0.01 -0.03 0.14 -0.1
855 158 367 105 29 -0.0 0.02 -0.0 -0.08 0.14 0.12
856 161 338 99 27 -0.01 -0.01 -0.0 -0.1 0.21 0.14
857 158 340 97 27 -0.04 0.04 -0.01 -0.01 0.28 0.02
858 166 339 93 26 -0.07 0.06 -0.02 0.0 0.28 -0.07
859 172 341 86 31 -0.11 0.06 -0.04 -0.02 0.21 -0.09
860 167 339 84 29 -0.13 0.07 -0.06 -0.04 0.16 -0.42
861 159 315 84 28 -0.14 0.08 -0.06 -0.07 0.07 -0.29
862 135 306 91 29 -0.12 0.08 -0.06 -0.01 0.02 -0.21
863 119 295 92 28 -0.11 0.05 -0.06 -0.13 0.0 0.13
864 144 294 86 27 -0.11 0.04 -0.05 -0.2 0.08 0.1
865 146 299 81 26 -0.11 0.04 -0.04 -0.17 0.1 0.08
866 162 272 80 26 -0.12 0.06 -0.03 -0.18 0.18 -0.04
867 184 305 79 26 -0.12 0.05 -0.03 -0.04 0.17 -0.14
868 153 293 75 26 -0.13 0.05 -0.02 -0.11 0.21 -0.11
869 149 283 73 25 -0.13 0.03 -0.02 -0.05 0.17 -0.01
870 151 299 70 25 -0.13 0.03 -0.02 0.0 0.12 -0.03
871 141 306 70 25 -0.13 0.01 -0.02 0.04 0.1 -0.01
872 126 290 73 25 -0.13 -0.06 -0.03 0.05 0.07 -0.13
873 128 288 75 25 -0.12 -0.1 -0.03 0.06 0.05 -0.23
874 117 278 71 27 -0.12 -0.1 -0.03 0.03 0.04 -0.21
875 104 289 69 26 -0.13 -0.05 -0.03 0.0 -0.01 -0.1
876 100 275 65 26 -0.14 -0.01 -0.03 -0.03 -0.03 -0.21
877 104 277 62 25 -0.15 0.06 -0.02 -0.11 -0.06 -0.24
878 106 252 61 26 -0.16 0.09 -0.02 -0.1 -0.04 -0.12
879 94 272 59 26 -0.18 0.09 -0.01 -0.12 -0.07 -0.4
880 80 243 58 26 -0.2 0.19 -0.01 -0.1 0.0 -0.5
881 86 241 55 25 -0.24 0.43 0.01 -0.09 0.0 -0.69
882 89 255 55 25 -0.27 0.57 0.03 -0.05 0.04 -0.69
883 79 248 53 24 -0.35 0.87 0.07 -0.04 -0.03 -0.58
884 71 241 53 24 -0.42 1.13 0.09 -0.1 0.07 -0.65
885 66 285 53 25 -0.51 1.24 0.11 0.09 -0.05 -0.54
886 62 315 52 25 -0.58 1.49 0.13 -0.33 -0.18 -0.97
887 65 321 53 25 -0.48 1.51 0.11 -0.44 0.06 -1.29
888 69 300 52 24 -0.49 1.55 0.15 -0.51 -0.19 -0.91
889 74 271 51 24 -0.5 1.54 0.14 -0.63 -0.2 -0.73
890 80 262 52 24 -0.5 1.24 0.09 -0.62 -0.14 -0.42
891 137 253 52 24 -0.5 1.09 0.04 -0.45 0.0 -0.17
892 117 235 53 24 -0.54 0.98 0.06 -0.43 0.01 -0.15
893 105 229 52 23 -0.65 1.17 0.07 -0.56 0.2 -0.24
894 122 219 52 24 -0.76 1.26 0.08 -0.01 0.25 0.01
895 116 212 52 24 -1.07 1.39 0.12 0.12 0.3 0.23
896 105 200 52 24 -1.27 1.38 0.1 0.07 0.17 0.45
897 89 197 51 24 -1.34 1.31 0.09 0.26 0.43 0.0
898 73 198 50 24 -1.32 1.01 -0.01 0.37 0.56 -0.11
899 67 198 50 24 -1.28 0.83 -0.15 0.11 0.32 -0.54
900 63 183 50 25 -1.24 0.83 -0.17 0.05 0.27 -1.14
901 69 191 51 26 -1.31 1.08 -0.2 0.13 0.23 -1.13
902 62 199 53 28 -1.4 1.05 -0.23 -1.44 -0.06 -1.21
903 55 214 53 27 -1.47 0.57 -0.26 -1.83 -0.24 -1.38
904 49 201 52 26 -1.37 -1.37 -0.43 -1.9 -0.23 -1.25
905 43 191 51 25 -1.17 -3.17 -0.54 -0.7 -0.71 -1.34
906 37 182 49 25 -0.98 -3.5 -0.41 0.52 0.19 -1.15
907 36 172 49 24 -1.09 -2.59 -0.27 1.14 0.19 -1.53
908 32 165 49 24 -1.31 -1.09 -0.03 1.13 -0.06 -1.49
909 35 155 54 25 -1.31 -0.4 -0.05 7.09 -2.38 13.62
910 30 145 55 24 -0.21 2.69 0.45 4.01 -2.66 13.22
911 39 138 54 24 0.19 1.29 -0.28 -3.03 0.68 -0.85
912 38 130 53 24 0.21 0.64 -0.37 -1.92 2.13 -1.91
913 33 124 51 24 0.11 0.38 -0.13 -2.56 0.28 -1.76
914 50 118 48 23 -0.04 0.38 -0.13 -0.98 -0.09 1.08
915 43 111 47 23 0.03 0.16 -0.14 0.54 0.05 0.66
916 36 106 50 23 0.03 -0.03 -0.04 0.75 0.07 -0.34
917 32 103 50 23 0.1 0.26 -0.01 0.41 0.14 -0.25
918 29 97 50 23 0.11 0.44 -0.04 0.28 0.06 0.05
919 36 92 49 23 -0.02 0.49 -0.05 0.2 0.03 0.01
920 36 90 49 23 -0.1 0.31 0.0 -0.2 -0.11 0.03
921 46 90 49 23 -0.08 0.23 0.03 -0.49 -0.05 -0.05
922 42 88 50 23 -0.02 0.15 0.02 -0.35 0.01 -0.08
923 36 85 50 23 0.02 0.16 -0.02 -0.25 0.07 0.0
924 34 82 49 24 0.05 0.18 -0.02 -0.16 0.53 0.11
925 30 77 48 23 0.03 0.11 -0.04 -0.3 0.39 0.06
926 39 76 48 23 0.01 -0.0 -0.03 -0.32 0.25 0.12
927 37 78 49 23 0.01 -0.05 -0.03 -0.01 0.16 0.05
-100 -100 -100 -100 -100 -100 -100 -100 -100 -100 -100
928 37 78 49 23 -0.01 -0.11 -0.01 0.04 0.16 0.0
929 35 76 49 24 -0.01 -0.08 -0.0 0.08 0.03 -0.01
930 36 76 49 23 -0.01 -0.07 -0.0 -0.08 0.0 -0.03
931 41 77 50 23 -0.03 -0.12 0.01 -0.15 0.06 -0.03
932 48 79 50 23 -0.02 -0.18 0.02 -0.2 0.06 0.0
933 41 79 48 23 -0.0 -0.17 0.01 -0.02 0.1 0.0
934 36 84 50 23 0.01 -0.13 0.01 0.0 0.12 0.01
935 34 83 49 24 0.02 -0.03 -0.0 0.09 0.18 0.01
936 36 86 50 23 0.02 -0.0 -0.0 -0.19 0.1 -0.01
937 43 87 49 23 0.02 0.02 -0.01 -0.18 0.12 -0.01
938 41 89 49 23 0.04 -0.0 -0.02 -0.18 0.11 0.02
939 42 89 50 23 0.05 -0.01 -0.02 -0.11 0.11 0.0
940 37 88 49 23 0.05 -0.01 -0.04 -0.09 0.13 0.01
941 44 89 50 23 0.04 0.0 -0.05 -0.09 0.16 0.03
942 54 91 50 24 0.04 -0.01 -0.05 -0.03 0.17 0.03
943 47 96 49 23 0.04 -0.01 -0.04 -0.01 0.17 0.06
944 43 98 49 23 0.02 -0.04 -0.03 -0.02 0.1 0.0
945 40 101 48 23 0.02 -0.05 -0.02 -0.02 0.12 0.05
946 39 104 48 23 0.02 -0.02 -0.01 0.06 0.15 0.02
947 49 105 47 23 0.01 0.02 -0.01 0.02 0.15 0.02
948 47 108 47 23 0.01 0.03 -0.01 -0.09 0.08 0.01
949 41 111 47 23 -0.01 0.02 -0.01 -0.12 0.11 -0.01
950 38 111 46 23 -0.01 -0.01 0.01 -0.05 0.06 0.0
951 38 111 47 23 -0.01 -0.0 0.01 -0.08 0.11 -0.04
952 45 114 46 23 0.01 0.0 0.0 -0.04 0.14 0.0
953 46 114 47 23 0.0 0.0 0.0 -0.12 0.18 0.03
954 43 116 47 23 -0.0 -0.01 -0.0 -0.17 0.11 0.02
955 45 117 47 23 -0.01 -0.03 -0.0 -0.09 0.11 0.06
956 48 120 48 23 0.0 -0.01 -0.0 0.05 0.12 0.02
957 41 118 47 23 0.0 -0.01 -0.0 0.0 0.13 -0.02
958 53 122 47 23 0.0 0.02 -0.0 0.01 0.13 0.01
959 54 122 46 23 -0.0 0.03 -0.0 0.0 0.12 0.01
960 48 123 47 23 -0.01 0.01 -0.0 -0.12 0.14 0.02
961 48 125 46 24 -0.01 -0.01 -0.0 -0.13 0.12 0.01
962 55 126 46 23 -0.02 -0.01 0.0 -0.01 0.13 0.02
963 59 125 46 23 -0.03 0.0 0.0 -0.02 0.12 0.02
964 52 127 47 23 -0.03 0.03 0.0 -0.1 0.11 -0.01
965 48 127 47 23 -0.03 0.01 -0.0 -0.14 0.08 0.01
966 47 128 46 23 -0.03 0.01 -0.0 -0.1 0.08 0.0
967 55 127 48 23 -0.01 -0.01 -0.0 -0.04 0.08 0.0
968 53 123 49 24 -0.01 -0.02 -0.0 -0.07 0.07 0.01
969 49 124 49 24 -0.01 -0.02 -0.0 -0.15 0.11 0.01
970 43 125 50 24 -0.03 -0.08 0.01 -0.18 0.08 0.04
-200 -200 -200 -200 -200 -200 -200 -200 -200 -200 -200
971 41 125 50 23 -0.05 -0.25 0.03 -0.31 0.02 0.03
972 51 121 50 23 -0.06 -0.36 0.03 -0.2 0.0 0.0
973 46 123 49 23 -0.01 -0.41 0.03 -0.15 0.07 -0.04
974 45 123 48 23 0.01 -0.36 0.02 0.04 0.13 -0.05
975 41 122 49 23 0.02 -0.29 0.01 0.07 0.13 0.02
976 39 122 50 23 0.04 -0.22 -0.0 0.24 0.17 0.0
977 40 121 49 23 0.03 -0.08 -0.02 0.16 0.16 -0.02
978 48 121 48 23 0.03 -0.04 -0.03 -0.02 0.17 0.01
979 51 121 48 23 0.02 -0.01 -0.03 -0.06 0.19 0.01
980 56 121 48 23 0.01 0.01 -0.03 -0.02 0.17 0.04
981 56 120 47 23 0.01 0.0 -0.02 -0.01 0.14 0.01
982 54 121 48 23 -0.01 0.0 -0.01 -0.04 0.13 0.0
983 62 119 47 23 -0.01 -0.0 -0.01 -0.05 0.12 0.0
984 57 120 48 23 -0.02 -0.01 -0.0 0.0 0.12 0.0
985 49 116 49 22 -0.02 -0.02 0.01 0.0 0.15 0.01
986 59 117 49 23 -0.03 0.0 0.01 -0.01 0.12 -0.01
987 63 116 50 21 -0.03 0.0 0.01 -0.15 0.07 0.0
988 55 124 50 23 -0.04 -0.03 0.02 -0.16 0.08 0.0
989 54 127 50 23 -0.03 -0.07 0.02 -0.12 0.14 0.01
990 51 159 49 23 -0.02 -0.1 0.03 -0.07 0.18 0.01
991 58 166 49 23 -0.02 -0.09 0.02 0.0 0.18 0.08
992 67 150 49 23 -0.02 -0.09 0.01 0.01 0.15 0.02
993 71 159 50 24 -0.01 -0.08 0.01 -0.01 0.07 0.0
994 103 173 49 29 -0.02 -0.07 0.01 -0.02 0.0 0.11
995 119 196 49 28 0.03 -0.06 0.01 -0.01 -0.01 0.06
996 126 217 50 30 0.07 -0.07 0.0 -0.08 -0.06 -0.07
997 132 213 50 28 0.17 -0.14 0.01 -0.08 0.0 -0.06
998 140 217 50 28 0.2 -0.19 0.06 0.21 0.0 0.01
999 133 239 51 27 0.15 -0.2 0.09 0.0 0.0 0.08
1000 170 265 49 27 0.16 -0.28 0.1 0.09 0.02 0.05
1001 206 309 54 26 0.22 -0.39 0.09 0.03 -0.05 0.27
1002 182 339 56 25 0.29 -0.42 0.09 0.0 -0.17 0.35
1003 157 338 57 24 0.48 -0.44 0.05 -0.06 -0.17 0.58
1004 141 410 59 25 0.68 -0.37 0.01 -0.34 -0.07 0.97
1005 125 423 79 24 0.77 -0.33 -0.01 2.87 0.94 2.41
1006 139 429 80 25 1.23 -0.64 -0.17 -0.43 0.21 1.94
1007 135 417 76 25 1.08 -0.42 -0.15 0.26 0.39 2.42
1008 119 486 76 25 1.06 -0.46 -0.18 0.27 0.67 1.66
1009 136 527 73 29 1.0 -0.52 -0.23 0.3 0.61 1.52
1010 138 537 80 30 0.96 -0.43 -0.25 -0.07 0.65 1.0
1011 134 588 78 38 0.91 -0.43 -0.26 -0.31 0.3 1.03
1012 134 600 86 39 0.8 -0.6 -0.23 -0.26 0.27 0.75
1013 123 575 94 40 0.89 -0.91 -0.16 -0.43 0.17 0.37
1014 113 510 89 44 0.94 -1.03 -0.09 -0.53 0.0 0.15
1015 107 534 87 41 1.05 -1.16 0.03 -0.59 -0.12 0.13
1016 124 504 105 37 1.05 -1.17 0.13 -0.12 -0.22 -0.05
1017 125 519 115 37 1.06 -1.05 0.15 0.07 0.02 -0.24
1018 122 503 120 41 1.13 -0.95 0.11 0.18 0.03 -0.14
1019 153 507 116 39 1.19 -0.82 0.01 0.0 0.03 -0.11
1020 158 522 126 48 1.17 -0.75 -0.03 0.0 -0.02 -0.1
1021 148 543 126 46 1.13 -0.61 -0.11 -0.07 -0.07 -0.26
1022 137 539 156 48 1.1 -0.5 -0.14 -0.12 0.03 -0.73
1023 152 525 149 47 1.07 -0.45 -0.14 -0.05 -0.15 -0.46
1024 184 510 159 42 1.04 -0.44 -0.13 -0.2 0.01 -0.64
1025 188 492 172 42 0.99 -0.38 -0.12 -0.07 -0.27 -0.82
1026 186 480 161 41 0.93 -0.32 -0.06 0.21 -0.48 -0.67
1027 195 442 147 45 0.79 -0.22 -0.01 -0.23 -0.14 -0.72
1028 184 416 134 42 0.61 -0.23 0.05 -0.37 -0.35 -0.98
1029 183 425 132 41 0.54 -0.29 0.06 -0.17 -0.11 -1.41
1030 190 406 133 44 0.41 -0.35 0.03 -0.07 -0.08 -1.46
1031 194 421 128 50 0.31 -0.35 0.01 -0.18 0.0 -1.31
1032 187 385 114 46 0.26 -0.33 -0.01 -0.26 0.04 -1.16
1033 201 399 115 42 0.14 -0.32 -0.01 -0.24 0.02 -1.17
1034 183 391 117 40 0.07 -0.37 -0.03 -0.2 0.1 -1.0
1035 184 358 123 43 0.01 -0.36 -0.02 -0.33 0.12 -1.06
1036 211 362 125 44 -0.07 -0.32 -0.01 -0.01 0.06 -0.91
1037 195 363 125 41 -0.09 -0.35 0.01 -0.07 0.04 -0.55
1038 197 372 131 42 -0.1 -0.35 0.02 -0.18 0.0 -0.27
1039 232 404 163 39 -0.09 -0.3 0.04 -0.27 -0.01 -0.05
1040 264 393 181 48 -0.09 -0.23 0.03 -0.45 0.04 0.22
1041 280 355 162 46 -0.08 -0.23 0.02 -0.58 0.06 0.21
1042 257 338 158 45 -0.1 -0.18 0.04 -1.17 0.07 -0.3
1043 249 323 167 43 -0.13 -0.1 0.1 -1.38 -0.01 -0.49
1044 237 347 161 43 -0.11 -0.04 0.16 -1.22 -0.04 -0.42
1045 231 360 148 46 -0.13 0.03 0.27 -1.37 0.14 -0.05
1046 279 362 151 53 -0.11 -0.04 0.27 -0.62 0.1 0.12
1047 256 346 145 49 -0.09 -0.04 0.27 -0.3 0.19 -0.02
1048 245 358 150 57 -0.06 0.01 0.26 0.03 0.24 -0.11
1049 251 370 158 53 -0.02 0.03 0.2 0.25 0.16 0.07
1050 246 359 156 52 -0.0 0.04 0.17 0.27 0.21 0.12
1051 225 337 152 49 0.05 0.08 0.09 0.5 0.2 0.07
1052 210 318 143 47 0.09 0.14 0.02 0.49 0.18 0.33
1053 232 315 132 43 0.11 0.13 -0.03 0.53 0.2 0.38
1054 217 327 126 41 0.08 0.11 -0.09 0.23 0.3 0.29
1055 208 342 123 40 0.06 0.09 -0.14 0.22 0.39 -0.29
1056 199 343 125 42 0.07 0.11 -0.16 0.28 0.23 -0.33
1057 237 361 121 39 0.06 0.14 -0.12 0.06 0.17 0.02
1058 262 381 111 37 0.04 0.08 -0.07 -0.12 0.18 0.27
1059 256 387 113 36 0.01 0.04 -0.04 -0.14 0.11 0.24
1060 224 361 128 34 -0.03 0.0 -0.02 0.04 0.18 -0.14
1061 220 344 126 32 -0.01 -0.01 -0.01 0.19 0.03 -0.09
1062 214 333 118 31 -0.01 -0.01 -0.01 0.16 0.0 0.05
1063 215 335 113 33 0.02 0.01 -0.03 -0.09 0.04 0.18
1064 209 405 119 32 -0.01 0.06 -0.04 -0.13 0.07 0.07
1065 211 389 116 31 -0.01 0.06 -0.04 -0.15 0.04 0.0
1066 210 412 112 32 -0.0 0.02 -0.05 -0.16 0.08 -0.42
1067 185 378 137 31 -0.02 0.01 -0.03 -0.17 0.05 -0.11
1068 184 350 127 32 -0.02 0.01 -0.03 -0.02 0.1 -0.36
1069 180 361 120 31 -0.02 0.04 -0.03 -0.07 0.07 -0.21
1070 168 351 114 30 -0.06 0.09 -0.03 -0.09 0.07 -0.02
1071 155 349 112 30 -0.08 0.09 -0.04 -0.17 0.05 -0.03
1072 208 346 113 28 -0.1 0.06 -0.03 -0.25 0.06 -0.09
1073 188 339 105 32 -0.08 0.08 -0.03 -0.32 0.2 -0.37
1074 159 327 109 31 -0.08 0.08 -0.02 -0.32 0.17 -0.27
1075 134 304 127 31 -0.06 0.03 -0.02 -0.19 0.1 0.01
1076 144 325 120 30 -0.08 0.03 -0.01 -0.17 0.13 0.2
1077 154 322 118 28 -0.1 0.04 -0.0 -0.13 0.07 0.22
1078 156 346 131 33 -0.12 0.07 0.01 -0.16 0.09 0.05
1079 168 324 134 32 -0.1 0.13 0.05 -0.1 0.11 -0.41
1080 159 347 143 32 -0.09 0.15 0.05 -0.14 0.09 -0.3
1081 157 352 136 30 -0.07 0.09 0.02 -0.23 0.09 -0.05
1082 147 364 128 30 -0.06 0.04 -0.02 -0.19 0.07 0.1
1083 137 369 137 35 -0.07 0.04 -0.03 -0.18 0.09 0.14
1084 166 364 153 32 -0.08 0.06 -0.03 -0.09 0.08 -0.04
1085 160 359 149 37 -0.07 0.05 -0.03 -0.14 0.15 -0.11
1086 143 352 144 35 -0.06 0.05 -0.02 -0.12 0.15 -0.06
1087 171 335 128 33 -0.06 0.04 -0.01 -0.09 0.12 -0.05
1088 179 324 121 31 -0.08 0.03 -0.01 -0.15 0.08 0.06
1089 193 305 124 30 -0.08 0.03 -0.01 -0.01 0.09 -0.02
1090 174 284 117 28 -0.08 0.13 -0.02 0.05 0.02 -0.03
1091 141 273 114 28 -0.07 0.29 -0.05 0.18 0.04 -0.1
1092 140 302 109 28 -0.07 0.39 -0.06 0.29 0.11 -0.21
1093 120 298 108 27 -0.07 0.67 -0.09 0.35 0.22 -0.3
1094 130 283 107 26 -0.1 1.08 -0.11 0.36 0.25 -0.26
1095 111 283 97 26 -0.14 1.33 -0.12 0.37 0.24 -0.3
1096 99 277 90 26 -0.26 1.79 -0.14 0.2 0.1 -0.44
1097 92 265 85 26 -0.39 1.87 -0.15 0.01 -0.06 -0.75
1098 77 255 79 27 -0.45 1.78 -0.16 -0.02 -0.07 -0.85
1099 68 253 74 27 -0.56 1.61 -0.13 -0.15 0.0 -0.96
1100 58 246 77 26 -0.71 1.78 -0.02 0.0 0.42 -0.83
1101 50 245 86 26 -0.78 1.85 -0.06 -0.21 0.07 -1.13
1102 52 239 80 25 -0.87 2.04 -0.01 0.76 -0.17 -0.53
1103 68 238 74 25 -1.07 2.26 0.04 0.6 -0.05 -0.57
1104 64 242 69 24 -1.22 2.2 0.06 0.56 0.22 -1.08
1105 75 245 64 24 -1.32 1.77 0.02 -1.35 0.08 -1.93
1106 67 246 62 24 -1.24 1.25 -0.09 -0.73 0.02 -1.53
1107 55 247 61 24 -1.24 1.07 -0.12 -0.56 -0.22 -1.08
1108 58 252 58 24 -1.21 0.92 -0.17 -0.14 -0.22 -0.65
1109 55 263 58 24 -1.19 1.19 -0.21 0.17 -0.21 -0.64
1110 51 277 57 24 -1.23 1.39 -0.2 -0.12 -0.18 -0.84
1111 90 262 56 25 -1.27 1.58 -0.16 -1.23 -0.4 -1.8
1112 90 252 55 25 -1.25 1.46 -0.09 -0.82 0.1 -1.16
1113 80 241 57 24 -1.32 1.28 -0.12 -0.77 -0.11 -0.99
1114 67 229 56 24 -1.24 0.58 -0.09 -0.4 -0.1 -0.2
1115 57 220 56 24 -1.27 0.32 -0.1 -0.5 -0.25 0.07
1116 47 211 54 24 -1.23 0.26 -0.09 -0.29 -0.11 0.11
1117 41 204 55 23 -1.23 0.41 -0.12 0.26 0.19 0.04
1118 36 199 54 23 -1.28 0.55 -0.06 0.72 0.3 -0.18
1119 31 190 53 25 -1.29 0.6 -0.06 0.71 0.26 -0.22
1120 36 182 54 24 -1.45 0.53 0.02 0.42 1.35 -1.59
1121 32 173 58 24 -0.32 -2.86 0.09 -2.26 -3.02 3.13
1122 29 159 56 24 -0.06 -3.26 -0.17 2.26 -1.39 6.39
1123 27 148 54 23 0.48 -2.33 -0.05 -1.85 1.46 5.44
1124 27 140 58 23 0.26 -1.01 0.02 1.8 0.43 -0.44
1125 24 128 58 23 0.28 -0.72 -0.08 0.67 0.47 -0.97
1126 23 119 57 23 0.16 -0.35 -0.16 0.86 0.27 -0.07
1127 22 108 56 24 -0.01 -0.12 -0.16 0.86 -0.19 0.49
1128 21 100 54 24 -0.03 -0.07 -0.15 0.95 -0.13 0.14
1129 20 93 52 24 -0.08 -0.07 -0.03 0.58 -0.36 -0.2
1130 19 87 54 23 -0.04 0.01 0.04 0.15 -0.19 -0.03
-100 -100 -100 -100 -100 -100 -100 -100 -100 -100 -100
1131 19 83 53 23 -0.08 0.08 0.05 0.02 -0.27 0.03
1132 18 81 54 23 -0.0 0.16 0.01 -0.1 -0.07 0.0
1133 17 81 54 24 0.03 0.2 -0.0 -0.26 0.02 -0.08
1134 17 79 53 23 0.03 0.19 -0.0 -0.29 0.11 -0.06
1135 17 80 52 23 0.07 0.14 0.0 -0.24 0.22 0.04
1136 16 81 52 23 0.06 0.09 -0.0 -0.36 0.26 0.0
1137 16 84 51 23 0.04 0.07 -0.01 -0.39 0.27 0.02
1138 17 86 50 23 0.04 0.05 -0.03 -0.34 0.28 0.08
1139 16 88 51 23 0.05 0.02 -0.06 -0.27 0.23 0.08
1140 17 91 51 24 0.05 0.0 -0.07 -0.23 0.23 0.05
1141 16 93 47 23 0.04 -0.02 -0.07 -0.01 0.07 0.03
1142 15 95 48 23 0.03 -0.01 -0.06 0.07 0.04 0.05
1143 16 98 48 23 0.03 -0.0 -0.06 0.07 -0.01 0.05
1144 15 101 48 23 0.01 0.02 -0.05 0.03 -0.02 -0.01
1145 16 103 48 23 0.01 0.04 -0.05 -0.16 0.01 -0.04
1146 14 104 49 23 0.01 0.04 -0.06 -0.24 -0.04 -0.09
1147 16 108 49 24 0.07 0.05 -0.09 -0.34 0.06 -0.13
1148 16 106 50 23 0.1 -0.03 -0.09 -0.39 0.17 -0.05
1149 16 113 50 23 0.1 -0.06 -0.09 -0.21 0.11 0.03
1150 15 118 51 23 0.08 -0.08 -0.07 -0.03 0.03 0.0
1151 15 118 59 23 0.08 -0.12 -0.06 0.11 0.06 0.04
1152 16 117 57 23 0.07 -0.09 -0.06 0.2 0.06 0.08
1153 16 118 55 23 0.07 -0.03 -0.05 0.1 0.15 0.1
1154 15 116 58 23 0.04 0.0 -0.05 0.08 0.1 0.09
1155 16 115 59 24 0.02 0.02 -0.05 -0.06 0.06 0.03
1156 16 114 60 23 0.02 -0.01 -0.03 -0.06 0.13 0.11
1157 16 112 60 23 -0.02 -0.02 -0.01 0.04 0.11 0.01
1158 16 112 58 23 -0.03 -0.03 0.0 0.07 0.09 0.03
1159 16 113 59 23 -0.05 -0.01 0.01 0.04 0.1 0.05
1160 16 113 58 23 -0.05 0.02 0.01 0.03 0.12 0.03
1161 16 113 58 23 -0.04 0.03 0.01 -0.07 0.08 -0.02
1162 16 113 58 23 -0.03 0.02 0.01 -0.2 0.02 -0.01
1163 16 112 57 23 -0.02 0.0 0.01 -0.14 0.05 -0.01
1164 15 111 56 23 -0.02 -0.0 0.01 -0.07 0.0 -0.01
1165 15 112 56 23 -0.01 0.01 0.01 -0.07 0.01 -0.01
1166 15 112 56 23 0.0 0.02 0.0 -0.08 0.09 0.06
1167 16 114 56 23 -0.0 0.02 0.0 -0.05 0.09 0.07
1168 16 115 55 23 -0.01 0.02 0.0 -0.06 0.14 0.05
1169 16 116 55 23 -0.02 0.02 0.0 -0.06 0.15 0.05
1170 16 116 54 23 -0.02 0.03 -0.0 -0.07 0.11 0.02
1171 17 117 53 23 -0.02 0.03 -0.0 -0.09 0.05 0.02
1172 17 117 52 23 -0.02 0.03 -0.0 -0.12 0.01 0.0
1173 16 123 51 23 -0.02 0.02 -0.01 -0.1 0.01 0.02
1174 16 124 51 23 -0.01 0.02 -0.0 -0.07 0.03 0.0
1175 16 122 51 23 -0.01 0.01 0.0 -0.09 0.06 0.02
1176 17 123 49 23 -0.01 0.01 0.01 -0.06 0.07 0.02
-200 -200 -200 -200 -200 -200 -200 -200 -200 -200 -200
1177 17 125 49 23 -0.02 0.02 0.02 -0.05 0.06 0.03
1178 17 127 48 23 -0.03 0.04 0.02 0.01 0.1 0.01
1179 16 125 48 23 -0.03 0.06 0.02 0.0 0.1 0.01
1180 16 126 48 23 -0.02 0.09 0.02 -0.06 0.07 0.0
1181 16 126 48 23 -0.02 0.1 0.01 -0.11 0.07 0.03
1182 16 126 49 24 -0.02 0.08 0.01 -0.16 0.08 0.02
1183 17 126 48 23 -0.02 0.05 0.0 -0.22 0.08 0.0
1184 17 125 48 23 -0.02 0.01 0.0 -0.14 0.11 0.0
1185 16 122 47 23 -0.01 0.0 0.0 -0.05 0.13 0.04
1186 17 121 46 23 -0.01 -0.01 0.01 0.0 0.09 0.01
1187 16 121 46 23 -0.01 0.0 0.0 -0.07 0.0 0.0
1188 17 121 46 23 -0.0 0.01 -0.0 -0.09 0.0 0.0
1189 16 121 45 23 0.01 0.01 -0.01 -0.2 0.05 0.0
1190 16 121 45 23 0.01 -0.0 -0.01 -0.15 0.02 -0.02
1191 17 123 45 24 0.01 -0.01 -0.01 -0.09 0.06 0.0
1192 16 122 45 23 0.02 -0.02 -0.01 -0.01 0.09 0.06
1193 19 123 45 23 0.01 -0.01 -0.01 0.03 0.08 0.06
1194 24 124 46 23 0.0 0.01 -0.01 0.03 0.07 0.02
1195 25 127 47 24 -0.0 0.03 -0.02 -0.04 0.07 0.01
1196 46 137 47 23 -0.01 0.04 -0.02 -0.22 0.05 -0.02
1197 61 171 47 27 -0.0 0.02 -0.03 -0.27 0.02 -0.06
1198 59 172 48 27 0.04 -0.03 -0.04 -0.38 0.0 -0.06
1199 62 178 49 27 0.09 -0.06 -0.04 -0.27 -0.09 -0.08
1200 64 189 49 29 0.22 -0.1 -0.03 -0.11 -0.08 0.0
1201 77 176 50 30 0.29 -0.09 -0.02 0.2 -0.01 0.06
1202 83 193 51 37 0.33 -0.06 -0.01 0.3 0.05 0.02
1203 98 265 52 42 0.32 -0.01 -0.01 0.42 0.07 0.03
1204 97 279 52 48 0.32 0.07 0.0 0.58 0.06 0.05
1205 104 264 51 44 0.32 0.2 0.02 0.28 -0.06 0.21
1206 95 295 53 47 0.31 0.24 0.04 0.16 -0.08 0.31
1207 93 303 62 44 0.34 0.29 0.06 -0.08 -0.14 0.78
1208 100 292 62 52 0.44 0.38 0.04 -0.03 -0.21 1.51
1209 111 339 63 78 0.68 0.45 -0.03 -0.52 -0.17 1.59
1210 107 337 70 67 0.68 0.36 -0.02 -0.9 -0.27 2.37
1211 109 325 70 58 0.75 0.28 -0.02 0.19 0.98 2.58
1212 109 365 70 50 1.14 -0.54 -0.09 0.09 0.6 2.26
1213 109 372 79 51 1.24 -1.0 -0.05 -0.4 0.46 2.01
1214 114 436 95 45 1.27 -1.14 0.05 -0.14 0.48 2.3
1215 130 453 100 41 1.29 -1.2 0.05 -0.29 0.51 2.26
1216 124 423 94 37 1.32 -1.59 0.07 -0.45 0.44 1.82
1217 127 515 105 36 1.36 -1.95 0.03 -0.2 0.59 0.79
1218 125 504 101 34 1.35 -2.05 -0.0 -0.09 0.62 0.82
1219 124 476 101 34 1.24 -2.04 -0.05 0.05 0.51 0.62
1220 153 490 99 34 1.2 -2.01 -0.06 0.11 0.19 0.54
1221 151 596 123 60 1.27 -1.92 -0.16 0.16 -0.01 0.48
1222 206 570 146 60 1.41 -1.7 -0.26 -0.04 0.11 -0.56
1223 225 553 139 61 1.37 -1.53 -0.22 0.04 -0.17 -0.69
1224 244 578 153 61 1.36 -1.26 -0.22 -0.72 -0.26 -1.25
1225 237 540 168 66 1.43 -1.35 -0.24 -0.79 -0.38 -1.32
1226 280 500 171 63 1.45 -1.38 -0.24 -1.06 -0.75 -0.02
1227 313 533 163 63 1.39 -1.21 -0.19 -0.96 -0.64 -0.13
1228 278 505 165 61 1.23 -0.91 -0.17 -0.83 -0.45 -1.06
1229 293 511 173 68 1.16 -0.79 -0.15 -0.55 -0.38 -2.09
1230 315 516 178 71 1.04 -0.7 -0.09 -0.5 -0.45 -1.99
1231 396 552 166 90 0.9 -0.69 0.01 -0.71 -0.41 -1.42
1232 452 517 156 85 0.8 -0.69 0.05 -0.93 -0.42 -1.64
1233 459 475 152 84 0.67 -0.69 0.09 -0.81 -0.4 -1.83
1234 407 457 161 99 0.54 -0.61 0.12 -0.41 -0.38 -1.6
1235 421 517 149 99 0.46 -0.57 0.15 -0.31 -0.3 -1.28
1236 400 471 144 85 0.28 -0.55 0.18 -0.28 -0.25 -1.4
1237 422 431 149 92 0.18 -0.62 0.16 -0.01 -0.3 -1.83
1238 436 459 143 110 0.15 -0.6 0.16 0.05 -0.41 -1.23
1239 455 461 139 104 0.11 -0.47 0.13 -0.23 -0.44 -1.13
1240 468 467 150 99 0.05 -0.43 0.11 -0.72 -0.59 -1.23
1241 407 412 154 89 0.03 -0.48 0.13 -0.47 -0.57 -1.14
1242 391 372 169 90 0.03 -0.45 0.19 -0.17 -0.54 -0.5
1243 405 378 159 82 -0.1 -0.31 0.24 -0.19 -0.29 0.22
1244 403 374 155 81 -0.18 -0.26 0.24 0.17 0.22 -0.16
1245 382 391 139 87 -0.29 -0.1 0.19 0.13 0.32 -0.43
1246 381 368 132 82 -0.34 0.03 0.13 0.46 0.46 -0.67
1247 334 379 135 73 -0.34 0.08 0.1 0.26 0.36 -0.06
1248 320 398 141 78 -0.35 0.06 0.05 0.15 0.4 0.14
1249 304 377 133 69 -0.33 0.07 -0.03 -0.12 0.33 0.49
1250 308 349 127 64 -0.31 0.11 -0.06 -0.22 0.33 0.32
1251 386 360 135 63 -0.23 0.22 -0.09 -0.16 0.35 0.5
1252 362 364 131 57 -0.19 0.2 -0.08 -0.44 0.25 0.64
1253 320 342 119 51 -0.18 0.17 -0.07 -0.42 0.28 0.5
1254 314 330 119 53 -0.15 0.13 -0.04 -0.41 0.29 0.45
1255 297 338 135 49 -0.11 0.16 -0.02 -0.29 0.29 0.32
1256 288 323 126 44 -0.09 0.15 -0.01 -0.18 0.28 0.32
1257 294 334 121 40 -0.06 0.11 -0.0 -0.1 0.31 0.25
1258 283 308 112 47 -0.05 0.09 0.0 0.01 0.31 0.07
1259 261 318 113 43 -0.04 0.09 0.0 0.0 0.28 0.0
1260 240 287 118 40 -0.02 0.13 0.0 0.02 0.17 -0.1
1261 247 273 119 37 0.0 0.1 -0.0 0.11 0.12 0.09
1262 279 276 116 35 0.01 0.09 -0.01 0.03 0.15 0.1
1263 276 265 110 34 -0.01 0.08 -0.01 0.0 0.15 0.07
1264 239 284 117 38 -0.02 0.07 -0.02 -0.05 0.11 0.04
1265 241 287 107 38 -0.03 0.05 -0.03 -0.15 0.11 -0.07
1266 241 287 112 38 -0.02 0.0 -0.03 -0.06 0.04 -0.09
1267 228 282 127 35 -0.01 0.06 -0.02 -0.05 -0.01 0.02
1268 217 287 116 34 -0.01 0.09 -0.01 0.0 -0.06 0.02
1269 261 352 114 31 0.01 0.06 -0.02 -0.09 -0.09 0.08
1270 258 345 109 30 0.03 0.05 -0.02 -0.27 -0.06 -0.05
1271 272 353 114 29 0.03 0.03 -0.02 -0.36 -0.08 -0.18
1272 265 330 110 36 0.04 -0.02 -0.01 -0.26 -0.06 -0.13
1273 268 312 109 35 0.02 -0.02 0.01 -0.13 -0.02 -0.21
1274 260 317 104 33 0.0 0.0 0.01 -0.04 0.08 -0.4
1275 256 371 100 33 -0.02 0.02 0.01 0.0 0.08 -0.31
1276 222 347 102 33 -0.06 -0.0 -0.0 -0.05 0.07 -0.13
1277 244 343 116 31 -0.07 -0.0 -0.01 -0.06 0.12 -0.15
1278 221 354 120 35 -0.09 0.01 -0.02 -0.14 0.12 0.03
1279 198 326 113 35 -0.08 0.0 -0.01 -0.16 0.13 -0.03
1280 202 328 104 33 -0.07 0.0 -0.01 -0.19 0.15 0.02
1281 227 305 101 31 -0.06 -0.02 0.02 -0.11 0.16 0.11
1282 243 294 98 32 -0.05 -0.0 0.03 -0.16 0.2 0.13
1283 268 317 92 30 -0.05 -0.01 0.03 -0.14 0.21 0.11
1284 291 337 110 35 -0.05 -0.02 0.02 -0.1 0.16 0.14
1285 266 318 109 33 -0.03 -0.01 -0.01 -0.12 0.15 0.09
1286 247 291 101 38 -0.03 0.01 -0.02 -0.05 0.15 0.27
1287 271 286 93 45 -0.03 0.03 -0.04 -0.06 0.13 0.1
1288 260 324 89 42 -0.04 0.07 -0.04 -0.17 0.07 -0.14
1289 243 319 98 38 -0.03 0.04 -0.04 -0.02 0.1 -0.24
1290 244 289 99 35 -0.0 0.0 -0.03 -0.1 0.09 -0.15
1291 209 274 103 34 0.01 -0.01 -0.03 -0.1 0.09 -0.02
1292 216 262 103 34 0.0 -0.01 -0.03 -0.1 0.08 -0.12
1293 218 291 104 37 -0.01 0.01 -0.03 -0.1 0.0 -0.1
1294 223 331 102 35 -0.02 0.04 -0.03 0.0 0.02 -0.15
1295 218 304 98 33 -0.03 0.05 -0.04 -0.06 -0.02 -0.18
1296 207 294 94 31 -0.04 0.04 -0.03 -0.16 -0.06 -0.2
1297 195 274 89 36 -0.04 0.04 -0.01 -0.25 -0.01 -0.05
1298 205 309 92 33 -0.04 0.03 0.0 -0.21 0.02 0.0
1299 201 291 85 37 -0.03 0.0 0.02 -0.21 0.05 -0.07
1300 219 277 84 37 -0.02 -0.01 0.03 -0.09 0.07 0.01
1301 249 290 92 45 -0.02 -0.01 0.03 -0.07 0.07 0.03
1302 213 287 87 41 -0.02 -0.02 0.03 -0.03 0.12 0.1
1303 215 280 94 40 -0.02 -0.02 0.03 -0.09 0.16 -0.06
1304 211 272 94 39 -0.02 -0.01 0.03 0.0 0.16 -0.01
1305 227 293 98 40 -0.04 0.0 0.03 0.0 0.11 -0.03
1306 222 284 99 40 -0.04 -0.01 0.02 -0.09 0.12 -0.01
1307 229 267 89 37 -0.02 -0.04 0.02 0.0 0.19 0.12
1308 215 272 94 36 -0.0 -0.04 0.0 -0.03 0.16 0.21
1309 188 301 90 34 -0.01 0.04 -0.0 -0.03 0.18 0.13
1310 173 298 90 52 -0.02 0.07 -0.01 -0.1 0.14 0.05
1311 157 337 84 47 -0.03 0.03 -0.02 -0.12 0.06 0.0
1312 155 302 83 43 -0.01 0.02 -0.03 -0.07 0.01 -0.36
1313 131 267 79 39 -0.0 0.02 -0.03 -0.19 -0.04 0.01
1314 125 254 77 35 0.01 0.01 -0.02 -0.27 -0.01 0.11
1315 108 273 75 33 -0.01 0.04 -0.02 -0.2 0.06 -0.09
1316 102 288 71 31 -0.04 0.1 -0.0 -0.21 0.05 -0.16
1317 94 281 69 32 -0.09 0.22 0.02 -0.16 0.08 -0.41
1318 85 260 67 31 -0.14 0.3 0.07 -0.18 -0.04 -0.76
1319 85 252 66 29 -0.16 0.35 0.1 -0.27 -0.04 -0.79
1320 82 248 65 28 -0.23 0.47 0.16 -0.04 -0.18 -0.65
1321 78 222 63 27 -0.33 0.69 0.24 -0.11 -0.16 -0.72
1322 65 232 64 26 -0.39 0.85 0.28 -0.15 -0.17 -0.64
1323 63 210 63 26 -0.59 1.26 0.43 -0.29 0.07 -1.09
1324 57 210 64 25 -0.68 1.42 0.35 0.16 0.36 -1.31
1325 64 200 63 25 -0.77 1.56 0.34 0.0 0.06 -1.41
1326 58 182 63 26 -0.95 1.75 0.35 -0.35 -0.07 -1.04
1327 52 170 64 24 -1.01 1.88 0.29 -0.29 0.09 -1.59
1328 43 160 64 24 -1.12 1.96 0.28 -0.37 0.11 -1.55
1329 38 151 64 24 -1.29 1.98 0.26 0.06 0.24 -1.39
1330 37 148 64 24 -1.46 1.78 0.17 0.13 0.13 -0.92
1331 46 146 64 24 -1.49 1.68 0.11 0.33 0.18 -0.98
1332 41 141 63 24 -1.5 1.57 0.02 1.2 0.34 -0.77
1333 53 149 61 24 -1.68 1.68 0.02 0.53 0.2 -0.76
1334 64 148 61 23 -1.78 1.71 -0.04 -0.89 0.17 -1.32
1335 53 154 59 23 -2.1 1.59 -0.17 -2.36 0.05 -1.91
1336 46 153 58 23 -2.23 1.09 -0.3 -0.76 -0.06 -2.66
1337 39 152 58 23 -2.22 0.91 -0.42 -0.86 -0.27 -2.83
1338 36 152 56 23 -2.32 0.77 -0.55 0.28 -0.15 -3.66
1339 39 148 55 24 -2.33 0.91 -0.47 1.0 0.21 -4.51
1340 45 146 56 27 -2.47 1.15 -0.42 0.1 0.14 -5.2
1341 67 132 60 24 -2.31 1.15 -0.35 -22.15 -17.56 25.08
1342 59 129 61 24 2.33 -3.87 -0.11 19.24 12.99 4.79
1343 49 129 58 25 0.68 -1.8 0.59 -0.75 0.46 -4.67
1344 45 122 56 24 0.7 -0.3 -0.14 -0.77 0.61 -1.42
1345 39 113 54 29 0.83 -0.15 -0.29 2.74 1.83 1.85
1346 40 104 55 28 0.42 0.42 -0.49 3.41 1.25 1.09
1347 35 97 54 24 0.05 1.02 -0.56 2.49 -0.13 -0.55
1348 32 93 56 26 -0.07 0.71 -0.26 -0.78 -0.65 0.0
1349 34 88 56 27 -0.02 0.52 -0.16 -1.17 -0.44 0.06
1350 31 85 59 26 0.15 0.41 -0.19 -0.95 0.1 0.27
1351 28 81 64 25 0.07 0.27 -0.11 -0.06 0.04 -0.07
1352 26 79 69 25 0.02 0.17 -0.03 0.14 0.05 0.04
1353 24 77 64 26 -0.06 0.05 0.03 0.07 0.09 0.03
1354 23 78 61 26 -0.03 0.04 0.0 0.09 0.13 -0.04
1355 21 81 61 25 -0.02 0.04 0.0 0.0 0.26 -0.03
1356 20 83 61 24 -0.02 0.05 -0.01 -0.11 0.12 0.12
1357 20 84 64 27 0.02 0.14 -0.06 0.07 0.44 0.04
1358 20 89 61 26 0.04 0.18 -0.09 0.09 0.32 0.01
1359 18 90 58 26 0.04 0.19 -0.12 -0.3 0.07 -0.04
1360 18 93 58 25 0.05 0.07 -0.12 -0.22 0.01 -0.09
1361 22 96 58 24 0.07 0.03 -0.12 -0.11 0.07 -0.01
1362 20 98 59 24 0.09 0.0 -0.12 0.16 0.05 0.14
1363 22 100 65 24 0.08 0.06 -0.11 0.18 0.08 0.04
-100 -100 -100 -100 -100 -100 -100 -100 -100 -100 -100
1364 25 102 63 25 0.07 0.12 -0.11 0.18 0.18 0.17
1365 22 103 60 24 0.03 0.19 -0.11 0.29 0.2 0.08
1366 21 105 59 24 -0.02 0.18 -0.09 -0.15 0.21 0.03
1367 20 109 59 24 -0.04 0.11 -0.08 -0.09 0.22 0.05
1368 20 111 61 25 -0.08 0.06 -0.06 -0.03 0.21 0.07
1369 19 112 63 24 -0.11 0.05 -0.04 0.01 0.14 0.08
1370 18 114 69 24 -0.12 0.05 -0.04 0.01 0.05 0.07
1371 18 116 65 24 -0.14 0.09 -0.04 0.01 0.05 0.06
1372 18 119 64 25 -0.17 0.08 -0.02 0.12 0.09 0.0
1373 13 120 66 24 -0.17 0.08 -0.01 0.08 0.1 0.04
1374 20 121 66 24 -0.19 0.06 -0.01 0.01 0.14 0.04
1375 20 123 66 24 -0.22 0.02 0.0 -0.1 0.09 0.04
1376 19 126 66 24 -0.24 0.0 0.01 -0.04 0.11 0.01
1377 25 129 65 23 -0.25 0.02 0.0 0.0 0.14 0.08
1378 23 133 66 24 -0.27 0.01 0.01 -0.01 0.06 0.0
1379 22 137 68 23 -0.27 -0.0 0.0 0.0 0.07 0.0
1380 21 138 70 24 -0.26 -0.02 0.01 0.02 0.04 0.03
1381 22 138 67 24 -0.26 -0.01 0.01 -0.08 0.03 0.05
1382 26 139 65 23 -0.27 -0.02 0.01 -0.01 -0.03 0.01
1383 26 142 66 23 -0.26 -0.05 0.02 0.05 -0.02 0.0
1384 25 144 68 23 -0.25 -0.02 0.02 0.16 0.0 0.01
1385 25 145 69 21 -0.24 0.0 0.01 0.04 -0.01 0.02
1386 24 145 68 23 -0.25 0.05 -0.01 0.04 -0.01 0.03
1387 23 145 69 23 -0.28 0.06 -0.01 0.09 0.2 0.04
1388 23 145 66 23 -0.3 0.04 -0.01 0.15 0.33 0.03
1389 22 149 65 23 -0.32 0.0 -0.02 -0.1 0.57 0.21
1390 23 150 63 23 -0.36 0.02 -0.05 -0.3 0.41 0.1
1391 27 151 71 24 -0.36 0.03 -0.06 -0.33 0.38 0.01
1392 31 153 70 24 -0.35 0.09 -0.09 -0.27 0.11 0.01
1393 31 154 68 23 -0.35 0.03 -0.1 -0.37 0.2 0.06
1394 30 153 66 23 -0.37 -0.09 -0.08 -0.09 0.22 0.08
1395 29 156 66 24 -0.37 -0.18 -0.05 0.21 0.24 0.12
1396 29 157 70 24 -0.38 -0.15 -0.04 0.41 0.0 0.0
1397 30 158 70 24 -0.36 -0.09 -0.03 0.28 0.04 0.09
1398 35 160 68 24 -0.36 -0.0 -0.01 0.15 -0.03 -0.03
1399 36 161 73 24 -0.35 0.08 -0.01 -0.03 -0.01 0.04
1400 36 161 73 24 -0.35 0.07 0.0 -0.05 0.07 -0.01
1401 37 162 74 24 -0.37 -0.03 0.01 -0.07 0.16 0.13
1402 39 165 72 24 -0.38 -0.04 0.0 0.04 0.15 -0.03
1403 37 165 73 25 -0.37 0.0 -0.01 0.03 0.04 -0.06
1404 38 168 71 26 -0.32 0.11 -0.05 -0.05 0.02 -0.09
1405 37 169 75 28 -0.3 0.1 -0.08 -0.38 0.22 0.06
1406 46 170 72 35 -0.3 0.05 -0.09 -0.24 0.3 0.09
1407 45 170 73 49 -0.32 -0.03 -0.1 -0.08 0.36 0.24
1408 44 173 77 63 -0.36 -0.02 -0.12 0.38 0.13 0.07
1409 43 174 84 85 -0.35 0.04 -0.12 0.16 0.06 -0.04
