-1 -1 -1 -1 -1 -1 -1 -1 -1 -1 -1
2 48 89 83 25 0.01 0.03 0.03 0.07 0.05 -0.17
3 43 88 87 25 0.03 0.04 0.03 0.04 0.1 -0.15
4 37 85 87 25 0.04 0.05 0.02 -0.03 0.08 -0.16
5 35 85 84 26 0.06 0.03 0.02 -0.1 0.04 -0.17
6 34 83 86 26 0.07 0.03 0.01 -0.13 0.05 -0.16
7 40 81 82 25 0.06 -0.0 0.01 -0.14 0.05 -0.15
8 59 82 81 24 0.05 -0.02 0.0 0.03 0.15 -0.11
9 52 82 79 25 0.02 -0.03 0.01 0.07 0.09 -0.08
10 45 79 81 24 -0.02 -0.04 0.01 0.0 0.04 -0.09
11 42 78 78 25 -0.05 -0.06 0.03 0.04 -0.12 -0.01
12 37 78 81 24 -0.05 -0.06 0.04 0.15 -0.14 0.0
13 33 77 83 24 -0.04 -0.02 0.05 0.2 -0.14 0.0
14 36 78 80 24 -0.03 0.03 0.06 0.08 -0.05 0.01
15 31 80 76 24 -0.03 0.05 0.06 -0.07 0.09 0.0
16 29 81 76 24 -0.03 0.06 0.05 -0.16 0.09 -0.05
17 52 80 77 24 -0.02 0.02 0.04 -0.14 0.07 -0.03
18 46 79 75 24 -0.02 0.02 0.03 -0.06 0.0 -0.05
19 39 78 75 24 -0.01 0.02 0.01 -0.02 -0.04 -0.04
20 42 79 72 24 -0.0 0.02 -0.0 -0.1 0.0 -0.02
21 40 79 71 24 -0.0 0.0 -0.01 -0.06 0.08 -0.02
22 35 78 76 24 -0.0 -0.02 -0.02 -0.05 0.13 -0.02
23 31 79 72 24 -0.02 -0.03 -0.02 0.01 0.1 0.04
24 31 76 73 24 -0.04 -0.02 -0.03 -0.01 0.0 0.0
25 52 77 69 25 -0.06 -0.03 -0.03 -0.01 -0.07 0.0
26 62 78 69 24 -0.07 -0.02 -0.03 0.04 -0.09 -0.01
27 54 78 70 24 -0.07 -0.01 -0.03 0.07 -0.06 0.0
28 45 79 73 25 -0.06 0.02 -0.03 0.01 -0.05 -0.05
29 41 79 76 24 -0.05 0.02 -0.03 0.02 0.08 -0.05
30 36 80 72 24 -0.05 0.02 -0.03 -0.04 0.15 0.0
31 38 80 68 25 -0.04 0.01 -0.04 -0.03 0.17 0.01
32 62 82 65 24 -0.04 0.01 -0.04 -0.02 0.14 -0.03
33 52 81 63 24 -0.04 -0.0 -0.04 -0.03 0.13 -0.05
34 48 81 70 24 -0.02 -0.01 -0.03 0.0 0.05 -0.04
35 44 82 69 24 0.0 -0.01 -0.03 -0.04 0.0 -0.04
36 40 83 65 24 0.01 -0.01 -0.03 -0.04 0.0 -0.05
37 37 82 69 25 0.03 -0.02 -0.01 -0.07 0.01 -0.06
38 66 83 63 24 0.05 -0.03 0.0 0.01 0.01 -0.04
39 55 83 62 24 0.05 -0.02 0.01 0.03 0.08 0.0
40 51 82 58 23 0.05 -0.03 0.02 0.02 0.07 0.01
41 54 84 56 23 0.05 -0.07 0.03 -0.09 0.04 -0.02
42 63 101 57 24 0.04 -0.09 0.03 -0.14 -0.04 -0.04
43 62 151 55 24 0.04 -0.12 0.04 -0.18 0.01 -0.08
44 83 176 66 25 -0.01 -0.28 0.0 -0.81 0.08 0.0
45 78 178 65 25 0.03 -0.43 0.01 -0.39 0.18 0.07
46 65 159 62 24 0.1 -0.7 0.02 -0.36 0.09 0.03
47 57 139 59 24 0.09 -0.76 0.05 0.07 0.04 -0.07
48 54 128 70 24 0.09 -0.7 0.05 0.16 0.07 -0.09
49 47 118 73 24 0.1 -0.57 0.05 0.15 -0.01 -0.17
50 42 113 76 23 0.12 -0.35 0.03 0.43 0.18 0.03
51 61 108 83 23 0.1 -0.25 0.03 0.52 0.24 0.07
52 55 103 84 23 0.03 -0.06 0.0 0.45 0.24 0.1
53 55 98 80 23 -0.06 0.07 0.01 0.25 -0.04 0.01
54 50 94 78 23 -0.09 0.09 0.03 0.14 -0.09 -0.05
55 46 90 72 24 -0.1 0.13 0.07 0.1 -0.1 -0.05
56 41 89 73 23 -0.09 0.16 0.1 0.22 -0.03 -0.04
57 36 87 70 23 -0.07 0.19 0.11 0.1 0.06 -0.04
58 57 86 67 24 -0.06 0.23 0.1 0.11 0.11 -0.02
59 53 87 64 23 -0.07 0.24 0.08 -0.23 0.22 -0.08
60 49 86 66 23 -0.07 0.22 0.07 -0.36 0.31 -0.07
61 42 85 65 23 -0.07 0.14 0.04 -0.43 0.31 -0.05
62 37 86 64 24 -0.06 0.04 0.03 -0.22 0.2 -0.07
63 34 86 62 24 -0.04 0.02 0.02 -0.12 0.1 -0.09
64 31 85 68 23 -0.02 -0.02 0.01 -0.03 -0.05 -0.1
65 36 83 67 23 0.01 -0.02 0.01 -0.08 -0.02 -0.01
66 56 83 68 23 0.02 -0.02 0.01 -0.02 -0.06 -0.06
-200 -200 -200 -200 -200 -200 -200 -200 -200 -200 -200
67 49 82 70 23 0.04 -0.02 0.01 0.03 -0.05 -0.04
68 42 82 64 23 0.05 0.02 0.01 0.11 -0.04 -0.01
69 38 83 62 23 0.05 0.05 0.0 0.06 0.08 -0.02
70 34 82 66 23 0.04 0.08 -0.01 0.0 0.12 0.0
71 34 82 68 23 0.03 0.07 -0.03 -0.29 0.11 -0.02
72 38 81 65 23 0.02 0.04 -0.03 -0.2 0.19 0.0
73 43 80 68 23 -0.01 -0.04 -0.02 -0.09 0.21 0.02
74 52 81 65 23 -0.05 -0.09 -0.02 0.12 0.16 0.02
75 46 83 61 23 -0.07 -0.08 -0.01 0.21 0.03 -0.04
76 43 82 60 23 -0.08 -0.03 -0.01 0.15 0.01 -0.05
77 41 82 63 23 -0.07 0.04 -0.02 0.09 -0.03 -0.01
78 41 82 67 24 -0.06 0.07 -0.03 -0.13 -0.03 -0.06
79 36 81 67 24 -0.04 0.05 -0.03 -0.18 0.0 -0.06
80 55 80 64 23 -0.03 0.0 -0.03 -0.12 0.1 -0.02
81 50 79 62 23 -0.03 -0.02 -0.02 0.03 0.11 -0.02
82 43 79 61 23 -0.03 -0.03 -0.02 0.03 0.07 -0.01
83 46 78 63 23 -0.03 0.02 -0.03 0.07 0.05 -0.02
84 42 76 61 23 -0.03 0.04 -0.03 -0.08 0.03 -0.07
85 37 77 61 23 -0.02 0.05 -0.03 -0.13 0.08 -0.05
86 39 98 61 24 -0.01 -0.0 -0.03 -0.14 0.17 -0.01
87 41 134 59 23 -0.02 -0.03 -0.02 0.2 0.23 0.02
88 48 175 57 30 -0.03 -0.06 -0.02 0.23 0.18 0.01
89 65 190 55 30 0.01 -0.05 -0.04 0.02 0.18 0.02
90 81 206 53 29 0.07 -0.09 -0.04 -0.23 0.16 0.02
91 78 199 53 40 0.09 -0.26 -0.01 -0.08 0.11 -0.01
92 77 201 52 39 0.05 -0.43 0.05 0.36 0.13 0.26
93 121 185 57 110 -0.07 -0.47 0.09 0.43 0.14 0.24
94 125 171 57 92 -0.52 -0.83 0.21 -0.47 0.07 0.29
95 127 168 57 87 -0.85 -0.94 0.26 -0.53 -0.26 -0.28
96 109 191 56 72 -0.62 -0.71 0.2 -0.49 -0.18 0.21
97 141 201 56 63 -0.34 -0.65 0.16 -0.39 -0.11 0.1
98 158 243 55 58 -0.21 -0.8 0.15 -0.21 -0.25 0.4
99 186 239 58 50 -0.12 -0.85 0.12 -0.52 -0.06 0.5
100 163 236 58 46 0.08 -1.01 0.07 -0.61 -0.59 0.8
101 178 220 58 41 0.42 -1.13 -0.05 -0.96 -1.1 2.9
102 157 203 58 37 0.61 -1.27 -0.09 1.74 -2.82 4.02
103 154 218 62 34 1.8 -2.42 -0.43 0.0 -0.55 2.92
104 178 217 62 35 1.71 -1.8 -0.35 1.2 0.88 2.94
105 157 222 70 32 1.73 -1.54 -0.35 0.2 0.56 3.36
106 156 205 69 35 1.77 -1.27 -0.37 0.19 0.23 3.25
107 183 213 81 34 2.1 -1.34 -0.4 0.46 0.21 2.78
108 171 192 82 32 2.23 -1.39 -0.38 0.33 0.46 1.27
109 161 179 86 32 2.31 -1.44 -0.3 0.23 0.45 0.9
110 190 164 86 34 2.31 -1.37 -0.23 0.5 -0.08 0.64
111 181 161 88 44 2.32 -1.33 -0.2 0.34 -0.23 0.49
112 229 161 87 48 2.18 -1.23 -0.09 -0.35 -0.07 -0.16
113 273 191 85 48 2.04 -1.22 -0.05 -0.13 -0.24 -0.67
114 260 206 87 59 1.93 -1.16 -0.05 -0.59 -0.17 -1.3
115 334 208 87 62 1.61 -1.04 -0.07 -0.58 -0.29 -1.5
116 363 222 86 56 1.32 -0.93 -0.1 -0.53 -0.47 -2.06
117 378 218 90 63 1.2 -0.94 -0.12 -0.46 -0.51 -2.92
118 365 214 88 75 1.1 -0.83 -0.1 -0.66 -0.67 -2.65
119 377 222 92 82 1.12 -0.82 -0.1 -0.95 -0.81 -1.39
120 411 243 92 89 1.1 -0.85 -0.1 -1.03 -0.61 -1.1
121 365 247 99 91 0.97 -0.75 -0.1 -1.12 -0.62 -1.12
122 343 262 100 97 0.86 -0.71 -0.1 -0.99 -0.46 -1.43
123 340 284 106 98 0.82 -0.69 -0.11 -0.61 -0.41 -1.94
124 373 283 103 97 0.76 -0.58 -0.09 -0.8 -0.37 -1.69
125 412 257 99 97 0.71 -0.56 -0.09 -0.99 -0.33 -0.92
126 363 252 92 88 0.66 -0.53 -0.09 -1.01 -0.04 -0.67
127 345 241 95 86 0.54 -0.46 -0.08 -1.05 -0.03 -0.79
128 313 245 108 95 0.44 -0.41 -0.05 -0.66 0.08 -1.22
129 342 248 105 91 0.38 -0.36 -0.02 -0.53 0.05 -1.4
130 330 260 101 106 0.31 -0.4 0.03 -0.49 0.15 -1.38
131 319 282 104 96 0.23 -0.47 0.11 -0.49 0.21 -1.35
132 373 289 102 102 0.19 -0.47 0.17 -0.57 0.17 -1.09
133 363 262 100 93 0.1 -0.48 0.23 -0.37 0.26 -0.89
134 343 262 100 102 0.01 -0.47 0.27 -0.38 0.16 -0.65
135 330 260 101 101 -0.04 -0.43 0.26 0.13 0.0 -0.54
136 344 262 96 104 -0.08 -0.35 0.21 0.27 -0.08 -0.6
137 338 249 102 101 -0.07 -0.27 0.11 0.17 -0.11 -0.58
138 372 295 100 100 -0.07 -0.22 0.06 -0.21 -0.17 -0.29
139 379 300 98 96 -0.07 -0.17 -0.01 -0.28 -0.14 -0.33
140 370 323 96 100 -0.06 -0.12 -0.05 -0.3 -0.12 -0.54
141 326 280 94 92 -0.06 -0.09 -0.07 -0.18 -0.2 -0.39
142 322 279 92 95 -0.04 -0.07 -0.08 -0.12 -0.14 -0.17
143 324 262 89 90 -0.01 -0.0 -0.13 -0.11 -0.1 0.0
144 307 241 92 87 0.01 0.04 -0.14 -0.41 0.0 -0.16
145 285 251 90 79 0.04 0.09 -0.15 -0.5 -0.01 -0.24
146 279 279 86 100 0.04 0.09 -0.12 -0.48 0.1 -0.38
147 280 282 90 94 0.03 0.09 -0.1 -0.19 0.06 -0.51
148 297 287 92 99 0.02 0.11 -0.05 -0.16 0.1 -0.43
149 280 312 92 108 0.0 0.17 -0.06 -0.34 0.03 -0.49
150 272 315 88 101 -0.03 0.21 -0.07 -0.21 -0.06 -0.6
151 275 305 90 113 -0.06 0.21 -0.08 -0.3 -0.08 -0.52
152 292 315 89 109 -0.06 0.14 -0.07 -0.27 -0.18 -0.36
153 305 311 86 101 -0.06 0.12 -0.06 -0.26 -0.19 -0.22
154 282 292 82 97 -0.04 0.09 -0.03 -0.26 -0.16 -0.05
155 262 273 84 99 -0.03 0.08 -0.03 -0.36 -0.06 -0.06
156 272 308 81 99 -0.04 0.09 -0.03 -0.47 0.03 -0.21
157 260 327 82 96 -0.05 0.1 -0.02 -0.53 0.07 -0.22
158 244 318 82 86 -0.07 0.06 0.02 -0.44 0.0 -0.32
159 237 311 82 84 -0.08 0.04 0.04 -0.36 0.01 -0.23
160 226 299 81 75 -0.07 0.02 0.07 -0.32 0.06 -0.11
161 263 298 82 69 -0.06 -0.01 0.1 -0.05 0.13 -0.13
162 242 293 81 63 -0.07 -0.01 0.09 0.17 0.17 -0.15
163 261 271 82 68 -0.07 0.02 0.05 0.18 0.19 -0.17
164 240 305 83 63 -0.06 0.04 -0.01 0.24 0.19 -0.24
165 235 299 79 59 -0.06 0.07 -0.04 0.02 0.09 -0.15
166 246 289 80 56 -0.06 0.1 -0.08 -0.1 0.04 -0.15
167 262 279 79 56 -0.07 0.09 -0.07 -0.37 -0.01 -0.15
168 235 292 77 51 -0.08 0.08 -0.04 -0.35 -0.02 -0.26
169 237 279 74 52 -0.09 0.05 0.01 -0.36 -0.02 -0.23
170 217 256 76 49 -0.09 -0.01 0.08 -0.16 -0.04 -0.19
171 229 264 77 48 -0.09 -0.02 0.09 0.02 0.04 -0.22
172 226 256 73 46 -0.08 0.01 0.08 0.02 0.08 -0.04
173 199 299 71 57 -0.09 0.03 0.05 0.01 0.15 -0.15
174 210 271 71 53 -0.08 0.03 0.04 0.0 0.1 0.0
175 195 256 73 48 -0.06 0.0 0.03 0.03 0.08 0.0
176 248 296 70 44 -0.04 -0.0 0.02 -0.14 0.14 0.05
177 256 288 70 46 -0.04 0.01 0.0 -0.37 0.2 0.03
178 226 269 67 43 -0.04 0.03 0.01 -0.41 0.17 0.02
179 277 291 66 42 -0.02 0.01 0.03 -0.31 0.11 -0.03
180 260 317 71 47 -0.0 -0.0 0.04 -0.19 0.18 -0.04
181 290 304 70 47 0.02 -0.02 0.04 -0.13 0.23 -0.09
182 259 274 76 43 0.03 -0.02 0.04 -0.03 0.18 -0.14
183 248 268 79 42 0.03 -0.01 0.03 -0.02 0.13 -0.21
184 285 263 78 56 0.04 0.02 0.01 -0.01 0.1 -0.2
185 252 266 76 49 0.03 0.02 -0.01 -0.03 0.04 -0.2
186 230 270 75 46 0.03 0.02 -0.02 -0.08 0.02 -0.32
187 266 286 75 42 0.01 0.04 -0.0 -0.1 0.0 -0.34
188 232 267 73 40 -0.01 0.06 -0.0 -0.03 -0.07 -0.51
189 239 273 72 36 -0.03 0.07 0.0 -0.04 -0.11 -0.58
190 242 251 71 33 -0.05 0.05 0.02 -0.08 -0.16 -0.5
191 244 237 69 32 -0.07 0.02 0.02 -0.07 -0.22 -0.37
192 205 252 66 31 -0.08 0.03 0.02 -0.01 -0.23 -0.39
193 180 229 67 29 -0.09 0.03 0.02 -0.05 -0.25 -0.45
194 165 220 66 28 -0.09 0.08 0.0 -0.09 -0.22 -0.42
195 133 203 63 27 -0.11 0.12 -0.01 -0.27 -0.24 -0.44
196 119 193 65 26 -0.15 0.15 -0.02 -0.36 -0.2 -0.59
197 101 184 73 26 -0.2 0.19 0.01 -0.47 -0.16 -0.69
198 96 184 74 25 -0.23 0.22 0.03 -0.5 -0.19 -0.69
199 84 185 79 25 -0.33 0.3 0.08 -0.54 -0.15 -0.55
200 70 191 79 25 -0.45 0.46 0.15 -0.63 -0.14 -0.54
201 62 198 82 25 -0.52 0.58 0.18 -0.5 -0.08 -0.52
202 58 199 82 24 -0.68 0.92 0.23 -0.09 0.0 -0.72
203 56 197 82 24 -0.85 1.32 0.31 0.02 -0.03 -1.1
204 65 193 83 24 -0.91 1.48 0.36 0.2 0.07 -1.08
205 67 186 79 24 -1.04 1.68 0.44 -0.03 -0.07 -1.24
206 95 176 81 24 -1.14 1.73 0.48 -0.28 0.18 -1.72
207 103 167 80 23 -1.23 1.77 0.51 -0.77 -0.1 -1.69
208 100 172 78 24 -1.42 1.84 0.5 -0.99 0.24 -1.56
209 95 171 71 24 -1.59 2.06 0.41 -0.57 -0.16 -1.17
210 99 212 66 36 -1.62 2.13 0.35 -0.28 -0.44 -0.99
211 95 223 64 35 -1.7 2.09 0.26 0.66 0.19 -0.48
212 88 199 61 42 -1.78 2.13 0.15 0.55 0.15 -1.99
213 91 179 57 37 -1.74 2.12 0.13 1.17 0.31 -2.07
214 91 182 55 34 -1.75 2.47 0.17 -0.49 -0.26 -1.66
215 82 176 54 34 -1.69 2.49 0.16 -0.75 -0.29 -0.88
216 84 175 52 36 -1.67 2.36 0.16 -0.78 -0.52 -0.1
217 80 165 51 34 -1.6 2.15 0.16 -0.33 -0.32 -0.31
218 75 166 52 31 -1.52 2.19 0.19 -0.33 -0.12 -0.65
219 91 162 51 29 -1.52 2.24 0.23 -0.37 0.06 -0.66
220 85 163 51 28 -1.51 2.17 0.3 -1.28 0.15 -0.21
221 71 153 50 27 -1.51 1.63 0.3 -1.15 -0.24 0.43
222 61 159 48 27 -1.35 1.13 0.21 -0.69 -0.12 0.72
223 54 152 48 28 -1.18 0.61 0.05 0.62 -0.04 1.28
224 49 149 47 26 -1.1 0.59 0.04 0.7 -0.08 1.25
225 59 147 47 25 -1.06 0.65 -0.0 0.63 -0.13 1.09
226 54 144 47 25 -0.91 0.6 0.03 1.14 0.18 0.85
227 48 145 46 25 -0.88 0.45 -0.16 0.75 0.14 -0.48
228 41 145 46 25 -0.86 0.32 -0.23 1.03 0.2 -0.91
229 36 145 55 25 -0.84 0.27 -0.39 0.51 0.72 -1.92
230 31 150 67 24 -0.57 -0.11 -0.69 -18.38 -8.16 25.58
231 33 148 66 25 0.44 -1.88 -0.8 -4.77 -2.47 9.73
232 56 145 63 25 0.92 -1.6 -0.01 2.1 0.0 -1.85
233 51 142 61 25 0.86 -0.66 -0.15 -0.03 -0.12 -0.1
234 45 142 63 25 0.71 -0.76 -0.17 -0.11 0.31 0.18
235 40 142 61 26 0.26 -0.71 -0.29 1.03 0.05 0.52
236 35 141 61 25 0.25 -0.33 -0.23 1.99 -0.18 0.11
237 31 137 61 25 0.25 -0.24 -0.18 1.57 -0.18 0.04
238 28 133 66 25 0.39 -0.03 -0.08 0.83 -0.13 -0.05
239 25 128 64 25 0.46 0.29 -0.12 -0.15 0.24 0.11
240 25 126 61 25 0.41 0.35 -0.13 -0.22 0.34 0.16
241 24 125 63 25 0.22 0.24 -0.09 -0.03 0.31 0.15
242 22 122 59 25 0.15 0.08 -0.02 -0.02 0.28 0.08
243 21 119 57 25 0.16 0.03 -0.0 -0.01 0.27 0.04
244 21 117 58 25 0.12 -0.02 0.0 0.2 0.27 0.0
245 19 113 60 25 0.08 -0.02 0.0 0.12 0.19 0.08
246 19 109 59 24 0.07 -0.01 0.0 0.06 0.13 0.03
247 18 105 58 25 0.08 0.03 -0.01 0.1 0.16 0.02
248 18 99 57 25 0.11 0.03 -0.02 0.16 0.14 -0.04
249 18 94 55 25 0.12 0.02 -0.02 0.2 0.15 -0.04
250 18 89 56 25 0.11 0.01 -0.01 0.19 0.12 0.03
251 17 84 61 26 0.1 0.02 -0.0 0.1 0.14 -0.03
252 25 83 65 26 0.09 0.03 0.0 0.04 0.16 -0.01
253 24 81 63 26 0.07 0.02 0.0 -0.02 0.15 0.05
254 25 78 61 27 0.04 -0.01 0.01 0.06 0.17 0.06
255 26 76 64 27 0.03 -0.02 0.02 0.13 0.18 0.02
256 24 75 63 26 0.02 -0.03 0.02 0.18 0.16 0.03
257 22 73 67 26 0.02 -0.0 0.02 0.15 0.15 0.02
258 21 71 66 26 0.02 0.01 0.02 0.09 0.15 0.02
-100 -100 -100 -100 -100 -100 -100 -100 -100 -100 -100
259 24 71 65 26 0.02 0.03 0.01 0.02 0.14 0.02
260 27 71 61 26 0.02 0.03 0.0 -0.01 0.14 -0.01
261 26 71 59 25 0.02 0.02 -0.0 -0.01 0.1 -0.04
262 37 71 68 26 0.03 0.01 -0.01 0.07 0.07 -0.03
263 32 72 71 26 0.03 0.01 -0.01 0.08 0.06 -0.02
264 29 71 70 26 0.04 0.01 -0.01 0.05 0.11 0.0
265 59 73 67 26 0.04 0.01 -0.01 0.01 0.18 0.01
266 52 74 70 26 0.03 -0.01 -0.01 0.12 0.19 0.03
267 50 75 71 26 0.03 -0.02 -0.01 0.14 0.2 0.02
268 45 76 67 26 0.01 -0.02 -0.02 0.12 0.17 0.09
269 39 76 63 26 -0.02 0.0 -0.02 0.11 0.06 0.01
270 36 77 63 26 -0.02 0.02 -0.02 0.09 0.05 0.0
271 40 79 67 26 -0.02 0.02 -0.01 0.03 0.01 -0.03
272 39 80 68 27 -0.02 0.01 0.01 0.08 0.0 -0.02
273 35 80 66 28 -0.02 0.0 0.02 0.08 0.01 -0.05
274 33 81 65 28 -0.01 -0.0 0.03 0.12 0.09 -0.02
275 30 80 67 29 -0.01 0.01 0.03 0.02 0.14 -0.03
276 26 78 66 31 0.0 0.01 0.03 0.06 0.17 0.0
277 30 80 66 30 0.01 0.01 0.02 -0.01 0.16 0.04
278 27 80 65 30 0.0 0.01 0.01 0.02 0.1 0.0
279 26 81 61 29 0.0 0.01 0.01 0.04 0.11 -0.02
280 29 81 59 30 0.01 0.0 -0.0 0.01 0.09 -0.02
281 30 82 58 30 0.02 -0.0 -0.0 0.06 0.07 0.01
282 28 82 63 30 0.01 -0.01 -0.0 0.07 0.06 0.0
283 25 82 68 30 0.01 -0.01 0.0 0.09 0.13 0.01
284 24 85 70 28 0.01 -0.0 0.0 0.1 0.18 0.05
285 25 86 70 29 0.0 -0.0 0.0 0.07 0.13 0.01
286 28 89 69 27 -0.01 0.0 -0.0 0.09 0.15 0.01
287 25 90 65 27 -0.01 0.0 0.0 0.08 0.07 -0.01
288 24 92 67 26 -0.01 0.0 0.0 0.05 0.04 -0.02
289 23 91 71 26 -0.0 0.01 0.0 0.04 0.02 -0.04
290 23 92 67 26 0.01 0.02 0.01 0.0 0.03 -0.01
291 22 93 67 26 0.01 0.02 0.01 -0.01 0.1 0.0
292 22 94 66 26 0.02 0.02 0.0 0.05 0.16 0.0
-200 -200 -200 -200 -200 -200 -200 -200 -200 -200 -200
293 21 96 70 26 0.01 0.02 -0.01 0.09 0.2 0.02
294 23 98 69 25 0.01 0.02 -0.01 0.11 0.16 0.0
295 26 100 71 25 0.0 0.02 -0.02 0.05 0.12 0.0
296 29 104 68 25 0.0 0.03 -0.02 0.0 0.06 -0.01
297 26 106 71 25 0.01 0.02 -0.01 -0.01 0.06 -0.08
298 30 108 71 26 0.02 0.01 -0.01 0.01 0.06 -0.01
299 27 109 71 25 0.02 -0.0 -0.02 0.06 0.1 0.0
300 25 109 75 25 0.02 -0.0 -0.02 0.09 0.1 0.0
301 24 109 71 25 0.02 0.0 -0.02 0.09 0.13 0.03
302 24 108 69 24 0.01 0.01 -0.01 0.03 0.15 0.01
303 23 108 67 25 0.01 0.01 -0.01 0.04 0.12 -0.02
304 20 107 65 25 0.01 0.0 -0.01 -0.03 0.1 0.0
305 21 106 62 24 0.0 -0.0 -0.01 -0.01 0.08 -0.01
306 36 106 79 25 0.0 -0.01 -0.01 0.02 0.12 -0.01
307 35 105 78 24 0.0 -0.02 -0.01 0.12 0.14 0.03
308 31 104 73 24 -0.01 -0.01 -0.01 0.09 0.14 0.01
309 29 104 68 24 -0.02 0.0 -0.01 0.04 0.12 0.01
310 28 104 65 25 -0.02 0.01 -0.01 -0.05 0.1 -0.01
311 26 103 63 24 -0.02 0.0 0.0 -0.04 0.13 0.01
312 27 102 63 24 -0.02 -0.0 0.0 0.01 0.12 0.0
313 30 106 73 25 -0.01 -0.01 -0.0 0.19 0.1 0.06
314 68 106 68 25 -0.02 -0.01 -0.0 0.22 0.11 0.04
315 203 124 65 27 -0.02 -0.01 -0.01 0.1 0.05 -0.05
316 302 153 64 31 -0.01 -0.01 -0.02 -0.27 0.05 -0.15
317 294 146 60 34 -0.04 -0.07 -0.07 -1.06 0.11 -0.25
318 239 134 61 71 -0.07 -0.15 -0.1 -1.37 0.07 -0.24
319 256 128 59 62 -0.04 -0.64 -0.17 1.34 0.18 0.31
320 238 125 57 53 -0.17 -0.8 -0.15 2.17 0.22 0.65
321 250 122 56 50 -0.46 -0.71 -0.04 1.47 0.12 0.53
322 271 118 55 50 -0.52 -0.55 -0.02 -0.4 0.02 0.15
323 243 130 56 45 -0.52 -0.58 -0.02 -0.73 0.2 0.52
324 240 131 55 42 -0.44 -1.02 -0.09 -0.36 0.24 0.88
325 224 122 53 39 -0.42 -1.48 -0.22 -0.49 0.51 0.88
326 212 117 55 43 -0.09 -1.7 -0.26 -0.18 -0.02 1.87
327 232 113 55 39 0.03 -1.59 -0.27 -0.57 -0.02 1.72
328 254 115 54 35 1.7 -2.99 -0.65 -4.65 -2.75 1.18
329 231 115 55 34 1.19 -2.29 -0.5 -0.14 -0.35 2.25
330 195 111 59 33 1.37 -2.11 -0.5 1.43 0.72 2.46
331 168 114 64 35 1.18 -1.34 -0.44 1.09 0.6 2.32
332 219 111 64 32 1.26 -1.28 -0.52 0.71 0.16 1.81
333 198 110 74 31 1.32 -1.39 -0.58 0.74 0.39 1.55
334 228 105 74 29 1.51 -1.61 -0.64 0.54 -0.29 2.05
335 240 105 73 28 1.49 -1.2 -0.6 -0.09 0.24 0.98
336 219 112 71 36 1.37 -1.04 -0.54 0.43 0.16 0.55
337 204 114 76 45 1.17 -0.7 -0.48 0.75 0.05 0.22
338 181 123 72 45 1.2 -0.87 -0.48 0.0 -0.56 0.33
339 216 137 76 46 1.21 -0.94 -0.49 -0.15 -0.64 0.2
340 182 131 74 43 1.27 -0.94 -0.51 -0.21 -0.98 -0.46
341 163 131 75 46 1.29 -0.77 -0.48 -0.19 -0.79 -1.03
342 166 137 72 42 1.29 -0.7 -0.46 -0.3 -0.86 -1.32
343 179 131 79 47 1.3 -0.64 -0.38 -0.47 -0.64 -1.17
344 175 142 77 51 1.28 -0.65 -0.33 -0.72 -0.65 -0.63
345 175 139 81 53 1.26 -0.64 -0.31 -0.68 -0.49 -0.67
346 245 142 86 57 1.19 -0.56 -0.24 -0.74 -0.26 -0.73
347 222 144 86 55 1.13 -0.55 -0.19 -0.81 -0.13 -0.43
348 201 147 89 54 1.11 -0.58 -0.18 -0.72 -0.07 -0.45
349 182 158 84 55 1.04 -0.58 -0.16 -0.49 0.09 -0.54
350 242 176 81 58 0.97 -0.54 -0.14 -0.53 0.08 -0.47
351 275 178 84 57 0.94 -0.46 -0.12 -0.46 0.03 -0.51
352 276 194 87 52 0.91 -0.39 -0.12 -0.69 -0.14 -0.59
353 261 191 96 50 0.87 -0.37 -0.09 -0.8 -0.16 -0.53
354 325 177 99 46 0.86 -0.36 -0.09 -0.76 -0.09 -0.83
355 274 192 99 48 0.75 -0.33 -0.07 -0.82 -0.16 -1.09
356 273 207 93 61 0.64 -0.29 -0.05 -0.36 -0.36 -1.66
357 253 220 95 78 0.58 -0.26 -0.04 -0.43 -0.37 -1.75
358 323 221 93 80 0.48 -0.25 -0.01 -0.28 -0.28 -1.93
359 290 208 92 71 0.38 -0.17 0.02 -0.54 -0.3 -1.77
360 259 200 96 78 0.31 -0.16 0.03 -0.68 -0.27 -1.74
361 260 234 92 96 0.17 -0.12 0.05 -0.67 -0.16 -1.42
362 278 251 89 84 0.03 -0.04 0.08 -0.55 -0.21 -1.39
363 305 241 91 104 0.01 -0.03 0.09 -0.22 -0.11 -1.45
364 329 233 94 134 -0.03 -0.01 0.09 -0.16 -0.05 -1.13
365 299 213 95 115 -0.07 0.0 0.05 -0.19 -0.01 -0.61
366 242 213 90 102 -0.06 0.0 0.04 -0.18 -0.01 -0.31
367 247 216 86 110 -0.06 0.05 0.01 -0.24 -0.01 0.03
368 250 191 82 94 -0.04 0.13 -0.01 0.01 0.1 0.07
369 289 176 78 79 -0.03 0.17 -0.03 0.03 0.11 0.2
370 263 168 78 74 -0.01 0.26 -0.08 0.21 0.17 0.18
371 244 166 82 70 -0.03 0.33 -0.11 0.21 0.2 -0.14
372 219 182 80 76 -0.03 0.31 -0.11 0.12 0.19 -0.3
373 207 182 78 74 -0.02 0.22 -0.08 -0.07 0.07 -0.23
374 204 219 74 76 0.0 0.11 -0.05 -0.07 0.15 -0.08
375 226 218 74 82 0.01 0.1 -0.04 -0.18 0.16 -0.15
376 240 210 76 77 0.02 0.12 -0.03 -0.09 0.25 -0.13
377 268 199 76 75 0.03 0.09 -0.02 -0.2 0.24 0.16
378 235 185 79 71 0.02 0.09 -0.01 -0.06 0.27 0.15
379 242 196 79 66 0.02 0.12 0.01 -0.09 0.23 0.31
380 217 209 77 61 0.03 0.08 0.02 -0.04 0.19 0.36
381 195 177 75 55 0.04 0.05 0.02 0.04 0.16 0.31
382 194 187 75 50 0.06 0.06 0.01 0.01 0.17 0.52
383 274 180 78 57 0.05 0.06 0.0 0.1 0.19 0.42
384 242 169 77 57 0.05 0.04 -0.02 0.13 0.2 0.07
385 244 165 77 56 0.06 0.03 -0.02 0.1 0.19 -0.1
386 235 172 79 62 0.05 0.06 0.0 0.0 0.22 0.03
387 196 162 76 63 0.03 0.05 0.01 -0.06 0.15 -0.02
388 231 186 75 58 0.02 -0.0 0.02 -0.04 0.07 -0.05
389 254 173 72 51 -0.01 0.0 0.04 0.01 0.04 -0.13
390 258 166 72 49 -0.02 0.01 0.04 0.06 0.02 -0.18
391 232 160 69 49 -0.05 -0.04 0.05 0.16 0.03 -0.21
392 268 162 76 51 -0.08 -0.06 0.05 0.21 0.0 -0.22
393 272 171 76 49 -0.08 -0.06 0.04 0.26 0.0 -0.3
394 248 176 73 50 -0.11 -0.05 0.03 0.19 -0.04 -0.29
395 240 187 71 52 -0.11 -0.07 0.02 0.08 0.1 -0.2
396 235 178 72 54 -0.13 -0.1 0.0 0.07 0.13 -0.23
397 265 185 73 49 -0.12 -0.06 -0.01 0.11 0.12 -0.22
398 245 196 72 52 -0.1 -0.04 -0.02 -0.13 0.09 0.07
399 249 200 73 48 -0.1 -0.03 -0.02 -0.12 0.08 0.08
400 251 187 75 45 -0.08 -0.06 -0.01 -0.18 0.13 0.0
401 237 186 75 50 -0.07 -0.03 0.02 -0.15 0.21 0.0
402 280 188 72 49 -0.06 -0.02 0.03 -0.09 0.22 -0.05
403 254 186 76 45 -0.07 -0.03 0.04 0.01 0.18 -0.03
404 227 186 72 44 -0.05 -0.03 0.04 0.15 0.13 -0.06
405 214 174 74 47 -0.05 -0.03 0.02 0.14 0.16 -0.02
406 227 170 74 53 -0.05 -0.02 0.0 0.08 0.19 0.07
407 223 159 74 46 -0.05 -0.0 -0.01 0.07 0.14 -0.11
408 253 161 70 53 -0.05 0.03 -0.03 0.04 0.14 -0.14
409 228 180 69 55 -0.05 0.04 -0.03 0.0 0.06 -0.09
410 206 169 70 51 -0.05 0.05 -0.03 -0.05 0.0 -0.22
411 200 175 68 48 -0.05 0.03 -0.03 -0.12 0.0 -0.21
412 169 168 68 45 -0.05 0.06 -0.02 -0.19 0.07 -0.11
413 161 171 66 43 -0.07 0.08 -0.01 -0.17 0.1 -0.12
414 162 161 67 41 -0.07 0.08 0.01 -0.13 0.1 -0.15
415 242 158 68 47 -0.08 0.05 0.03 -0.14 0.07 -0.18
416 258 164 65 45 -0.07 0.04 0.05 -0.09 -0.01 -0.17
417 250 155 62 42 -0.07 0.04 0.05 -0.06 -0.06 -0.12
418 255 149 62 39 -0.06 0.02 0.07 -0.01 0.03 -0.12
419 219 141 66 37 -0.04 0.01 0.07 -0.04 0.06 -0.15
420 188 141 66 33 -0.02 0.01 0.07 -0.1 0.08 -0.1
421 172 140 66 32 -0.02 0.03 0.06 -0.09 0.11 -0.2
422 165 135 62 30 -0.03 0.02 0.06 -0.13 0.1 -0.21
423 148 132 61 28 -0.05 0.05 0.05 -0.07 0.08 -0.29
424 122 131 62 28 -0.07 0.1 0.05 -0.08 0.03 -0.29
425 98 131 68 30 -0.07 0.12 0.06 -0.16 -0.1 -0.31
426 79 133 64 28 -0.06 0.16 0.08 -0.22 -0.15 -0.33
427 72 133 60 27 -0.05 0.14 0.13 -0.34 -0.28 -0.19
428 71 132 58 27 -0.06 0.16 0.17 -0.51 -0.2 -0.12
429 73 127 60 26 -0.14 0.24 0.32 -0.79 -0.18 -0.25
430 75 124 60 25 -0.27 0.29 0.43 -1.5 -0.21 -0.87
431 86 149 56 25 -0.35 0.33 0.47 -1.87 -0.15 -1.11
432 77 147 54 25 -0.52 0.37 0.53 -1.54 -0.19 -1.04
433 68 146 52 24 -0.65 0.26 0.56 -0.74 -0.19 -0.93
434 60 146 55 24 -0.7 0.21 0.56 0.13 -0.18 -1.09
435 53 141 61 24 -0.77 0.31 0.5 0.45 -0.07 -1.24
436 51 152 64 24 -0.85 0.83 0.4 0.75 0.1 -1.4
437 50 150 72 24 -0.91 1.23 0.35 0.83 0.06 -1.08
438 60 148 67 24 -1.05 2.08 0.32 0.8 0.1 -0.93
439 74 142 67 24 -1.29 2.66 0.28 0.28 0.2 -0.58
440 88 158 65 24 -1.38 2.79 0.22 0.2 0.34 -1.16
441 86 160 62 24 -1.56 2.88 0.12 -0.24 0.24 -1.3
442 88 168 60 23 -1.67 2.83 0.07 0.01 0.16 -0.95
443 97 157 58 25 -1.69 2.79 0.06 -0.22 -0.26 0.06
444 90 143 56 24 -1.73 2.55 0.09 -0.49 -0.37 0.25
445 97 136 57 37 -1.57 2.36 0.12 -0.58 -0.08 1.0
446 87 127 55 36 -1.52 2.5 0.03 1.17 0.5 -0.95
447 74 117 55 33 -1.49 2.88 0.02 0.83 0.52 -1.31
448 79 110 55 31 -1.54 2.79 -0.01 -0.78 -0.15 -0.75
449 76 103 53 29 -1.59 2.36 0.05 -0.85 -0.49 0.52
450 73 104 53 28 -1.31 1.03 -0.04 -1.2 -0.51 0.82
451 65 100 52 28 -1.04 0.09 -0.16 -0.42 -0.39 0.6
452 64 96 53 27 -0.97 -0.11 -0.15 0.17 -0.08 -0.05
453 68 91 54 26 -0.96 0.08 -0.09 0.08 -0.03 -0.41
454 64 89 54 26 -0.97 0.54 -0.06 0.38 0.16 -0.34
455 57 86 54 25 -1.02 0.72 -0.1 0.19 -0.25 -0.52
456 49 86 53 24 -1.01 0.42 -0.11 0.67 0.11 -0.78
457 43 86 53 24 -1.02 -0.08 -0.33 0.91 -0.11 -1.92
458 43 87 54 24 -0.96 -0.41 -0.39 1.31 0.2 -2.69
459 44 95 58 24 -1.09 -0.69 -0.52 1.92 0.64 -3.03
460 104 94 59 40 0.87 0.06 -0.7 6.5 9.99 6.65
461 92 87 60 34 -0.17 0.09 -0.36 -1.74 -0.93 -6.38
462 76 83 64 32 0.8 -0.84 -0.14 0.04 -0.5 0.39
463 66 83 64 31 1.0 -0.27 -0.17 0.74 0.43 1.03
464 54 84 63 29 0.61 -0.18 -0.2 1.12 0.32 0.34
465 46 85 61 27 0.2 -0.07 -0.15 1.44 0.23 0.31
466 46 82 61 27 0.03 0.13 -0.05 1.44 -0.1 0.19
467 42 79 61 26 0.04 0.14 0.0 0.46 -0.54 -0.34
468 38 78 60 27 0.16 0.22 -0.01 0.1 -0.36 -0.34
469 34 76 60 26 0.09 0.31 -0.02 -0.16 -0.09 0.1
470 35 77 59 25 0.06 0.32 -0.03 -0.42 -0.19 -0.06
471 32 78 59 25 0.08 0.21 0.01 -0.41 0.19 -0.11
472 29 80 56 25 0.1 -0.01 0.03 -0.16 0.28 0.0
473 28 85 59 24 0.1 -0.06 0.03 0.11 0.27 0.04
474 28 87 59 25 0.06 -0.1 0.03 0.21 0.22 0.07
475 26 86 59 26 0.07 -0.03 0.0 0.21 0.19 0.04
476 26 92 59 31 0.07 -0.02 -0.0 0.06 0.19 0.0
477 26 105 59 46 0.06 -0.04 -0.02 -0.08 0.13 0.0
478 25 105 58 42 0.03 -0.19 0.01 -0.06 -0.03 -0.15
479 24 106 58 38 0.02 -0.3 0.04 -0.15 -0.09 -0.04
-100 -100 -100 -100 -100 -100 -100 -100 -100 -100 -100
480 25 103 59 35 0.06 -0.44 0.07 -0.08 -0.15 -0.06
481 31 103 59 33 0.12 -0.37 0.05 -0.42 -0.2 0.0
482 39 103 58 31 0.14 -0.35 0.04 -0.28 -0.07 -0.01
483 40 103 54 29 0.16 -0.33 -0.0 0.01 0.16 0.05
484 40 104 57 28 0.15 -0.29 -0.04 0.27 0.26 0.07
485 38 106 58 27 0.13 -0.25 -0.05 0.52 0.31 0.08
486 37 108 62 26 0.07 -0.18 -0.06 0.57 0.31 0.06
487 36 109 64 26 0.03 -0.09 -0.06 0.48 0.28 0.09
488 38 110 67 25 0.02 -0.03 -0.06 0.25 0.2 0.06
489 43 111 64 25 -0.01 0.05 -0.05 0.14 0.17 0.0
490 42 111 61 25 -0.01 0.07 -0.03 -0.03 0.08 0.0
491 41 113 62 24 -0.02 0.07 -0.03 0.08 -0.01 0.01
492 41 116 59 25 -0.01 0.06 -0.01 0.13 -0.01 -0.02
493 41 116 57 24 -0.02 0.06 0.01 0.13 -0.02 -0.01
494 40 117 56 25 -0.01 0.07 0.01 0.11 0.0 0.0
495 44 118 61 24 -0.01 0.07 0.02 0.07 0.02 -0.03
496 47 118 59 24 -0.01 0.07 0.02 0.02 0.05 0.03
497 44 118 62 25 -0.0 0.09 0.02 0.07 0.08 0.03
498 44 117 60 24 -0.0 0.11 0.01 0.06 0.06 -0.01
499 41 116 59 24 0.01 0.08 -0.0 -0.04 0.09 -0.01
500 38 116 59 24 0.01 0.06 -0.01 -0.1 0.06 0.0
501 36 117 55 24 0.02 0.02 -0.01 -0.04 0.08 0.02
502 34 117 57 24 0.02 -0.02 -0.01 0.03 0.08 0.01
503 33 117 57 23 0.02 -0.02 -0.01 0.1 0.07 0.0
504 33 117 58 24 0.02 -0.01 -0.02 0.09 0.06 0.01
505 33 117 63 24 0.02 -0.01 -0.01 0.05 0.04 0.0
506 33 117 61 24 0.02 -0.02 -0.01 0.06 0.06 0.0
507 32 116 59 24 0.02 -0.03 -0.0 0.05 0.06 0.0
508 33 115 61 24 0.02 -0.02 0.0 0.07 0.08 0.02
509 33 115 58 24 0.02 -0.01 0.0 0.08 0.08 0.0
510 34 114 59 24 0.01 0.0 0.0 0.07 0.12 0.01
511 36 112 58 24 0.0 0.0 0.0 0.09 0.15 0.02
512 33 111 57 24 -0.0 -0.0 -0.0 0.09 0.13 0.03
513 30 111 61 24 -0.01 -0.01 -0.0 0.06 0.14 0.0
514 33 110 61 24 -0.02 0.0 -0.0 0.05 0.11 0.03
515 35 111 65 24 -0.03 0.01 -0.0 0.06 0.09 0.05
516 37 109 62 24 -0.02 0.05 -0.0 0.12 0.12 0.02
-200 -200 -200 -200 -200 -200 -200 -200 -200 -200 -200
517 39 109 62 24 -0.03 0.08 -0.01 0.07 0.08 0.01
518 39 109 59 24 -0.03 0.08 -0.01 0.03 0.06 -0.01
519 37 108 58 24 -0.03 0.07 -0.01 -0.01 0.04 -0.01
520 36 105 57 24 -0.03 0.05 -0.01 -0.04 0.01 -0.02
521 37 103 61 23 -0.02 0.03 -0.01 0.0 0.02 -0.04
522 36 101 64 24 -0.0 0.01 -0.01 0.02 0.05 -0.04
523 34 100 60 23 0.01 -0.0 -0.01 0.16 0.03 0.0
524 32 99 60 24 0.0 0.0 -0.02 0.09 0.01 -0.01
525 33 100 58 23 0.0 0.0 -0.02 0.07 0.01 0.0
526 32 98 56 24 0.0 0.0 -0.01 0.06 0.04 -0.01
527 28 98 58 24 0.0 0.0 -0.0 0.05 0.05 0.01
528 30 97 57 24 0.0 -0.0 0.0 0.05 0.07 0.0
529 29 97 62 23 0.0 -0.0 0.0 0.04 0.1 0.03
530 26 95 58 24 0.0 -0.0 0.0 0.06 0.1 0.02
531 25 99 56 24 0.0 -0.0 -0.0 0.04 0.1 -0.01
532 23 99 58 23 -0.0 -0.0 -0.0 0.0 0.08 -0.01
533 25 102 57 23 -0.01 -0.0 -0.0 0.0 0.1 0.0
534 27 100 59 23 -0.01 -0.01 -0.0 0.03 0.08 -0.01
535 26 100 56 24 -0.01 -0.01 0.0 0.1 0.06 0.0
536 24 99 59 23 -0.01 -0.01 0.0 0.09 0.08 0.0
537 23 99 59 23 -0.01 -0.01 0.0 0.1 0.09 -0.01
538 22 100 58 24 -0.01 0.01 -0.01 0.03 0.05 0.0
539 21 101 57 23 -0.01 0.01 -0.01 -0.01 0.06 0.0
540 20 99 60 23 -0.01 0.01 -0.01 0.01 0.05 -0.02
541 21 97 58 24 -0.0 -0.0 -0.01 0.02 0.02 0.0
542 22 97 55 24 0.01 -0.01 -0.01 0.15 0.02 0.0
543 30 95 54 23 0.02 -0.02 0.0 0.11 0.02 -0.03
544 54 98 52 24 0.03 -0.03 0.01 0.18 0.08 0.02
545 75 98 51 24 0.04 -0.04 0.01 0.17 0.1 0.01
546 122 101 52 37 0.0 -0.04 0.02 0.15 0.09 -0.03
547 119 111 52 39 -0.1 -0.05 -0.0 -0.11 0.22 0.08
548 129 120 51 36 -0.16 -0.11 0.01 -0.08 0.18 0.02
549 124 117 53 37 -0.21 -0.43 0.06 0.22 0.24 0.25
550 122 155 56 58 -0.46 -1.07 0.16 0.52 0.06 0.22
551 171 227 58 61 -0.58 -1.21 0.2 0.7 0.01 0.2
552 155 217 59 53 -0.49 -1.11 0.16 -0.38 -0.17 0.55
553 166 195 59 47 -0.38 -1.5 0.14 -0.63 -0.14 0.85
554 178 192 62 43 -0.33 -1.67 0.13 -0.51 0.06 0.94
555 208 212 62 38 -0.19 -2.06 0.08 -0.46 -0.22 1.02
556 193 199 61 36 0.22 -2.05 -0.03 -1.49 -1.01 1.66
557 199 231 68 34 0.44 -2.13 -0.11 -5.89 -2.48 0.96
558 191 233 68 39 1.69 -3.66 -0.49 5.33 2.9 2.89
559 188 244 70 41 1.32 -2.31 -0.37 2.92 0.84 2.57
560 170 251 78 38 1.19 -1.65 -0.36 2.34 0.33 2.94
561 163 233 82 35 1.26 -0.92 -0.53 0.58 0.16 2.53
562 161 211 81 37 1.64 -1.18 -0.66 0.67 0.26 2.14
563 160 201 82 37 1.79 -1.3 -0.68 0.97 0.74 1.67
564 148 180 80 39 1.81 -1.07 -0.56 0.39 0.34 1.28
565 157 168 87 49 1.73 -0.89 -0.45 0.2 0.07 1.31
566 181 163 85 45 1.71 -0.91 -0.43 -0.03 0.04 1.42
567 165 180 90 49 1.65 -0.96 -0.3 -0.04 0.09 1.18
568 153 172 86 49 1.54 -0.95 -0.24 0.0 0.23 0.59
569 183 173 89 56 1.42 -0.87 -0.21 -0.3 -0.08 0.41
570 202 188 88 52 1.34 -0.88 -0.18 -0.11 -0.06 -0.74
571 189 193 95 55 1.32 -0.87 -0.17 0.13 -0.14 -1.17
572 182 203 102 54 1.32 -0.82 -0.16 0.02 -0.28 -1.22
573 174 196 100 57 1.35 -0.83 -0.17 -0.08 -0.32 -1.18
574 174 204 97 66 1.37 -0.74 -0.18 -0.77 -0.42 -0.4
575 169 229 100 70 1.34 -0.73 -0.2 -0.87 -0.55 -0.19
576 186 232 104 75 1.26 -0.65 -0.24 -0.85 -0.5 -0.62
577 181 220 103 66 1.17 -0.6 -0.24 -0.76 -0.59 -1.22
578 193 213 111 70 1.15 -0.6 -0.25 -0.72 -0.67 -1.22
579 195 197 110 85 1.09 -0.57 -0.25 -0.8 -0.69 -1.1
580 217 190 109 81 1.01 -0.54 -0.26 -0.77 -0.7 -0.76
581 276 187 118 94 0.96 -0.53 -0.27 -0.84 -0.69 -0.74
582 263 217 113 95 0.89 -0.53 -0.28 -0.72 -0.45 -1.05
583 315 226 122 90 0.83 -0.48 -0.27 -0.52 -0.26 -1.38
584 379 214 128 109 0.79 -0.44 -0.26 -0.55 -0.02 -1.65
585 360 197 135 109 0.72 -0.36 -0.25 -0.61 0.2 -1.25
586 309 185 129 117 0.63 -0.33 -0.22 -0.5 0.18 -1.08
587 298 181 124 113 0.55 -0.32 -0.22 -0.46 0.18 -1.28
588 347 191 118 114 0.41 -0.21 -0.21 -0.57 0.09 -1.8
589 389 180 110 115 0.3 -0.21 -0.17 -0.65 -0.02 -1.58
590 364 181 112 105 0.27 -0.23 -0.15 -0.77 -0.11 -1.22
591 321 182 112 104 0.17 -0.14 -0.13 -0.78 0.0 -0.9
592 296 192 127 121 0.06 -0.07 -0.11 -0.86 -0.02 -0.89
593 344 176 127 159 0.03 -0.06 -0.09 -0.88 -0.13 -0.77
594 309 182 117 158 -0.01 -0.07 -0.07 -0.81 -0.2 -0.55
595 331 187 109 149 -0.03 -0.03 -0.05 -0.75 -0.16 -0.11
596 284 173 113 143 -0.02 -0.01 -0.04 -0.64 -0.17 -0.05
597 309 179 104 129 -0.01 0.02 -0.02 -0.56 -0.1 -0.1
598 277 204 97 124 0.0 0.05 0.01 -0.5 -0.08 0.16
599 273 193 92 115 0.0 0.04 0.03 -0.47 0.04 0.05
600 257 180 98 117 -0.01 0.09 0.05 -0.42 0.08 -0.08
601 234 173 92 105 -0.02 0.09 0.06 -0.38 0.09 -0.06
602 245 190 92 108 -0.02 0.06 0.07 -0.15 0.05 0.0
603 247 184 99 95 -0.04 0.07 0.07 -0.24 0.03 0.11
604 274 172 98 94 -0.05 0.11 0.06 -0.04 -0.05 0.0
605 293 216 101 88 -0.06 0.14 0.05 -0.07 -0.11 -0.06
606 273 208 99 92 -0.04 0.12 0.04 0.0 -0.03 -0.12
607 250 201 96 84 -0.06 0.11 0.04 -0.13 0.0 -0.27
608 235 187 92 76 -0.06 0.11 0.05 -0.22 0.04 -0.18
609 231 175 84 83 -0.08 0.09 0.08 -0.06 0.09 -0.16
610 223 174 84 81 -0.11 0.08 0.1 0.11 0.09 -0.26
611 214 186 82 77 -0.11 0.07 0.1 0.16 0.14 -0.22
612 251 192 90 71 -0.12 0.07 0.09 0.17 0.12 0.03
613 216 180 86 68 -0.12 0.06 0.08 0.08 0.16 0.18
614 220 175 81 73 -0.11 0.06 0.07 0.09 0.16 0.26
615 207 185 81 71 -0.09 0.04 0.06 -0.01 0.13 0.26
616 193 189 79 64 -0.08 0.06 0.06 -0.01 0.14 0.07
617 188 189 87 65 -0.08 0.09 0.06 -0.05 0.14 0.07
618 216 190 81 58 -0.06 0.12 0.06 -0.04 0.14 -0.01
619 257 182 79 55 -0.04 0.07 0.06 -0.01 0.11 0.01
620 270 194 79 50 -0.03 0.03 0.05 0.08 0.09 0.0
621 246 191 80 55 -0.01 0.01 0.05 0.13 0.13 0.0
622 233 193 84 59 -0.01 0.04 0.03 0.05 0.21 0.0
623 234 181 84 53 -0.01 0.07 0.02 -0.02 0.19 0.01
624 217 193 80 47 -0.02 0.06 0.01 -0.01 0.17 0.03
625 195 191 87 46 -0.02 0.02 0.0 0.1 0.21 0.07
626 206 197 92 56 -0.02 0.04 -0.01 0.05 0.19 0.08
627 230 212 91 51 -0.03 0.07 -0.03 0.02 0.22 0.0
628 243 232 93 59 -0.05 0.11 -0.05 -0.26 0.25 -0.02
629 215 226 91 66 -0.07 0.11 -0.05 -0.28 0.22 -0.13
630 208 225 87 58 -0.09 0.09 -0.04 -0.13 0.07 -0.4
631 272 226 85 59 -0.08 0.06 0.01 -0.14 0.03 -0.07
632 278 238 82 69 -0.07 0.03 0.02 -0.06 -0.01 -0.05
633 250 233 89 60 -0.04 -0.01 0.03 0.07 0.01 0.0
634 245 225 89 61 -0.03 0.0 0.01 0.21 0.09 -0.01
635 228 239 84 56 -0.03 0.0 -0.01 0.19 0.13 0.0
636 205 228 82 52 -0.02 -0.0 -0.05 0.18 0.19 -0.19
637 185 229 87 52 -0.03 0.04 -0.06 0.02 0.16 -0.21
638 168 230 89 48 -0.04 0.05 -0.06 -0.01 0.17 -0.25
639 217 242 87 43 -0.05 0.03 -0.03 -0.16 0.09 -0.19
640 207 229 86 40 -0.07 0.03 0.0 -0.22 0.03 -0.25
641 174 246 87 36 -0.07 0.04 0.01 -0.24 -0.01 -0.2
642 168 241 83 34 -0.08 0.05 0.02 -0.3 -0.09 -0.14
643 135 247 78 33 -0.11 0.09 0.01 -0.38 -0.24 -0.15
644 132 272 77 35 -0.14 0.11 -0.01 -0.33 -0.18 -0.17
645 141 257 77 33 -0.21 0.19 -0.03 -0.12 -0.12 -0.38
646 132 239 75 31 -0.33 0.45 -0.06 0.03 -0.22 -0.26
647 128 243 71 29 -0.4 0.69 -0.04 -0.18 -0.16 -0.44
648 112 236 72 28 -0.6 1.19 -0.05 -0.55 -0.11 -1.18
649 99 233 75 27 -0.81 1.16 -0.07 -0.75 -0.28 -1.88
650 85 231 72 26 -0.84 0.98 -0.08 -0.7 -0.21 -1.99
651 69 222 71 26 -0.87 0.89 -0.03 -0.55 -0.27 -1.85
652 64 217 70 25 -1.0 1.39 0.06 -0.37 -0.19 -1.4
653 77 218 65 27 -1.11 1.78 0.12 -0.76 -0.43 -0.94
654 80 224 61 24 -1.33 2.48 0.22 -0.61 -0.17 -1.27
655 83 213 59 25 -1.49 2.8 0.25 -1.81 -0.14 -2.45
656 75 257 64 24 -1.59 2.82 0.25 -1.56 -0.12 -2.75
657 71 238 65 24 -1.72 2.81 0.29 -1.61 -0.04 -2.84
658 71 236 64 32 -1.84 2.73 0.34 -1.13 0.01 -2.04
659 71 248 61 36 -1.94 2.62 0.38 -1.43 -0.02 -1.14
660 77 248 59 40 -2.08 2.81 0.35 -0.36 0.08 -0.83
661 74 260 56 37 -2.12 2.87 0.25 0.76 -0.14 -0.89
662 74 238 57 33 -2.13 2.94 0.26 0.2 -0.12 -1.02
663 71 220 56 31 -2.06 2.89 0.24 -0.57 -0.24 -1.39
664 67 206 55 31 -1.85 2.59 0.1 -0.55 -0.32 -0.61
665 60 198 54 29 -1.79 2.42 0.04 -0.26 -0.34 -0.23
666 58 192 52 28 -1.72 2.16 -0.09 -0.2 -0.64 0.4
667 60 190 52 27 -1.7 2.1 -0.1 0.75 -0.83 0.93
668 93 181 52 26 -1.61 1.98 -0.11 0.54 -0.63 0.94
669 83 176 52 26 -1.57 1.84 -0.32 -0.64 -0.45 -0.23
670 69 172 51 25 -1.63 1.32 -0.53 -2.08 -0.8 -1.1
671 57 167 50 24 -1.56 0.64 -0.55 0.32 -0.4 -1.44
672 49 164 50 25 -1.43 -0.45 -0.73 1.38 -0.52 -1.68
673 45 168 52 24 -1.19 -1.07 -0.83 -2.83 -6.27 12.42
674 86 167 57 25 -1.06 -1.16 -1.28 -32.69 -11.51 29.94
675 82 157 60 24 0.01 -3.92 0.04 0.01 -5.1 -8.22
676 73 150 59 24 1.25 -1.61 0.01 1.67 -1.0 2.29
677 61 146 61 24 1.46 -0.76 -0.19 2.3 0.2 2.95
678 52 143 62 24 0.68 -0.67 -0.14 1.59 0.38 0.33
679 45 143 62 24 0.24 -0.58 -0.22 3.23 0.13 0.63
680 40 138 62 24 0.13 -0.14 -0.25 3.49 0.24 0.63
681 35 130 63 24 0.02 0.39 -0.14 1.54 -0.69 -0.07
682 33 123 62 24 0.15 0.66 -0.09 -0.5 0.0 0.06
683 31 116 62 24 0.17 0.69 -0.08 -0.81 0.03 0.29
684 33 108 61 24 0.09 0.62 -0.07 -1.02 0.33 0.04
685 39 101 62 24 0.05 0.34 0.02 -0.84 0.43 -0.09
686 35 94 62 25 0.02 0.16 0.07 -0.71 0.04 0.05
687 32 89 61 23 0.02 -0.09 0.1 0.06 0.29 -0.05
688 30 86 62 24 0.04 -0.15 0.05 0.18 0.35 0.04
689 28 85 62 24 0.01 -0.13 0.04 0.14 0.24 0.07
-100 -100 -100 -100 -100 -100 -100 -100 -100 -100 -100
690 27 84 62 26 -0.0 -0.08 0.03 0.04 0.18 -0.07
691 27 85 62 26 0.04 -0.06 0.02 -0.12 0.13 0.03
692 26 87 63 26 0.04 -0.06 0.01 -0.06 0.1 0.0
693 25 89 63 26 0.05 -0.08 0.0 0.07 0.01 0.0
694 24 92 63 27 0.05 -0.09 0.01 0.15 -0.06 0.03
695 24 96 63 26 0.08 -0.06 -0.0 0.15 0.01 0.01
696 26 100 63 27 0.08 -0.03 -0.02 -0.02 0.08 0.03
697 25 106 62 26 0.08 -0.02 -0.03 -0.07 0.07 0.01
698 24 111 63 26 0.08 -0.04 -0.03 -0.02 0.09 0.0
699 29 116 62 26 0.06 -0.05 -0.02 0.04 0.09 0.03
700 29 120 62 26 0.05 -0.06 -0.01 0.14 0.07 0.03
701 29 122 62 25 0.03 -0.05 -0.0 0.12 0.02 0.01
702 27 125 61 26 0.03 -0.03 0.01 0.25 0.09 0.01
703 26 129 61 26 0.02 -0.0 -0.0 0.06 0.02 0.02
704 24 132 58 26 0.01 0.02 0.0 0.02 0.09 0.02
705 24 135 61 26 0.0 0.03 0.0 0.0 0.06 0.0
706 22 135 60 26 0.0 0.03 0.01 0.0 0.09 0.0
707 21 137 60 26 0.0 0.01 0.01 0.0 0.08 0.0
708 25 138 58 27 -0.01 0.0 0.0 0.04 0.07 0.0
709 25 142 59 27 -0.01 0.0 0.0 0.02 0.05 0.0
710 24 144 57 27 -0.0 0.01 0.0 0.02 0.06 0.01
711 23 146 57 27 0.0 0.01 0.01 -0.02 0.07 -0.01
712 27 148 57 27 0.0 0.01 0.0 0.01 0.06 0.02
713 30 150 57 27 0.01 0.01 0.0 0.0 0.06 -0.01
714 32 151 56 28 0.01 0.01 -0.0 0.01 0.06 -0.04
715 31 153 56 27 0.01 0.01 -0.0 -0.01 0.05 0.03
716 29 153 55 27 0.01 0.01 -0.0 -0.03 0.06 0.03
717 28 154 54 27 0.01 0.0 0.0 0.02 0.03 0.0
718 26 155 54 27 0.01 -0.0 0.0 0.02 0.05 0.01
719 25 155 53 27 -0.0 0.0 0.0 0.02 0.05 -0.01
720 25 154 53 26 0.0 0.01 0.0 0.01 0.03 -0.01
721 24 153 55 26 0.0 0.01 0.0 -0.02 0.09 0.01
722 23 152 57 26 0.0 -0.0 0.0 -0.05 0.07 -0.02
723 22 153 57 26 0.0 -0.0 0.01 -0.01 0.05 0.0
724 22 154 55 26 0.0 -0.0 0.01 0.04 0.08 0.02
725 21 154 53 26 -0.0 0.01 0.01 0.01 0.08 0.04
726 21 155 53 27 0.0 0.01 -0.0 0.0 0.11 0.01
727 21 155 53 27 0.0 0.02 -0.01 -0.05 0.13 -0.01
728 20 155 54 27 -0.01 0.0 -0.01 -0.03 0.14 0.0
729 21 154 53 26 -0.01 -0.01 -0.01 -0.04 0.09 -0.05
-200 -200 -200 -200 -200 -200 -200 -200 -200 -200 -200
730 20 154 51 27 -0.01 -0.01 -0.02 -0.02 0.05 0.01
731 19 154 49 26 -0.0 -0.02 -0.01 0.0 0.05 0.02
732 20 153 49 27 -0.0 -0.02 -0.01 0.1 0.05 -0.02
733 19 153 48 28 -0.0 -0.01 -0.01 0.0 0.02 0.0
734 19 153 47 26 0.01 -0.0 -0.01 -0.04 0.04 -0.01
735 19 153 47 27 0.01 -0.01 -0.01 -0.01 0.06 -0.04
736 19 152 47 26 0.01 -0.01 -0.01 -0.04 0.07 0.0
737 18 150 46 25 0.01 -0.02 -0.01 0.0 0.07 0.0
738 18 150 46 25 0.0 -0.03 -0.01 0.0 0.11 0.0
739 18 149 46 25 0.0 -0.03 -0.01 0.0 0.08 0.01
740 17 149 46 25 0.0 -0.03 -0.01 0.06 0.11 0.04
741 18 149 45 24 -0.01 -0.02 -0.0 0.1 0.1 0.0
742 18 151 45 25 -0.01 -0.01 -0.0 0.07 0.08 0.03
743 18 152 45 25 -0.01 0.01 0.0 0.04 0.1 0.02
744 18 150 45 26 -0.02 0.01 0.01 0.09 0.11 0.0
745 21 156 46 26 -0.02 0.02 0.01 0.1 0.02 0.03
746 57 157 46 25 0.1 -0.07 0.03 0.11 -0.01 0.02
747 56 158 46 30 0.28 -0.19 0.04 0.19 -0.02 -0.08
748 68 159 47 30 0.31 -0.27 0.06 -0.22 -0.05 -0.03
749 83 162 47 38 0.3 -0.66 0.11 -0.35 0.29 -0.01
750 97 157 48 52 -0.23 -0.98 0.19 -0.44 0.39 0.4
751 115 154 51 58 -0.56 -0.97 0.21 0.11 0.08 0.13
752 109 149 52 52 -0.53 -0.81 0.17 0.62 0.1 0.33
753 129 154 53 59 -0.59 -0.69 0.11 0.71 0.01 0.48
754 132 143 55 51 -0.62 -0.71 0.1 -0.01 0.02 0.66
755 125 137 56 45 -0.59 -0.71 0.07 -0.24 0.24 0.73
756 140 139 57 42 -0.41 -0.99 0.05 -1.17 0.0 0.39
757 120 135 57 40 -0.3 -1.17 0.03 -1.75 -0.19 1.52
758 100 136 61 47 0.02 -1.94 -0.12 1.08 0.09 2.19
759 89 131 75 55 2.3 -4.55 -0.82 10.18 7.26 4.34
760 105 131 76 57 1.2 -3.72 -0.62 1.08 1.06 2.09
761 96 137 79 52 1.27 -3.33 -0.58 1.24 0.49 2.03
762 97 136 77 47 1.36 -2.26 -0.53 0.75 0.4 1.96
763 113 146 78 42 1.42 -1.8 -0.47 0.84 0.1 2.44
764 123 150 74 39 1.5 -1.27 -0.28 0.35 -0.08 2.3
765 119 154 73 40 1.57 -0.97 -0.18 0.54 0.28 1.73
766 121 157 83 39 1.54 -0.87 -0.14 0.43 0.54 0.96
767 145 165 81 49 1.34 -0.85 -0.17 0.51 0.53 0.84
768 146 167 81 45 1.13 -0.83 -0.2 0.66 0.47 0.42
769 146 171 84 57 1.04 -0.81 -0.23 0.45 0.24 -0.2
770 157 185 81 57 0.92 -0.77 -0.31 0.7 0.17 -0.79
771 145 186 79 52 0.92 -0.69 -0.34 0.94 0.07 -1.39
772 137 188 75 46 0.97 -0.65 -0.35 0.81 -0.18 -1.2
773 130 182 78 43 1.04 -0.65 -0.37 0.68 -0.24 -0.98
774 127 186 79 42 1.02 -0.55 -0.38 -0.14 -0.41 -0.06
775 122 180 78 39 1.02 -0.53 -0.42 -0.53 -0.42 0.08
776 148 188 76 38 1.0 -0.54 -0.48 -0.7 -0.44 -0.03
777 156 206 77 40 0.97 -0.51 -0.48 -0.8 -0.33 -0.47
778 148 243 80 43 0.95 -0.49 -0.47 -0.86 -0.36 -0.37
779 166 234 81 45 0.94 -0.48 -0.43 -0.98 -0.31 -0.6
780 153 227 88 50 0.96 -0.49 -0.4 -0.99 -0.37 -0.57
781 165 233 110 80 0.95 -0.51 -0.37 -1.19 -0.46 -0.66
782 165 248 127 121 0.97 -0.6 -0.33 -1.08 -0.45 -0.69
783 144 242 125 128 0.97 -0.67 -0.25 -1.52 -0.44 -0.53
784 148 365 130 147 0.98 -0.73 -0.23 -1.68 -0.82 -0.27
785 190 363 132 138 1.18 -0.84 -0.22 -1.65 -0.82 -0.17
786 208 437 142 136 1.26 -0.71 -0.15 -1.4 -0.63 -0.14
787 244 399 145 125 1.22 -0.62 -0.08 -1.77 -0.6 0.13
788 213 372 143 120 1.13 -0.45 -0.01 -1.66 -0.35 -0.17
789 259 394 134 117 0.98 -0.39 0.07 -1.49 -0.1 -0.91
790 223 365 127 109 0.91 -0.36 0.12 -0.94 0.14 -1.92
791 209 343 136 103 0.79 -0.29 0.18 -0.65 0.24 -2.0
792 196 306 129 88 0.63 -0.16 0.19 -0.19 0.38 -2.08
793 204 299 119 87 0.54 -0.1 0.19 -0.27 0.35 -1.97
794 178 316 120 94 0.36 -0.04 0.15 -0.06 0.35 -1.88
795 173 330 110 84 0.2 0.01 0.08 -0.01 0.45 -1.86
796 207 297 105 83 0.15 0.04 0.05 -0.06 0.38 -1.65
797 222 287 103 86 0.04 0.1 0.01 0.04 0.31 -1.44
798 211 274 104 77 -0.06 0.14 -0.02 -0.37 0.06 -0.7
799 237 280 99 85 -0.09 0.15 -0.04 -0.43 -0.04 -0.28
800 219 267 99 83 -0.13 0.17 -0.07 -0.44 -0.13 0.11
801 208 267 100 88 -0.13 0.17 -0.08 -0.56 -0.04 0.01
802 194 287 101 84 -0.13 0.17 -0.08 -0.53 -0.02 0.02
803 203 272 95 73 -0.12 0.22 -0.06 -0.61 -0.04 0.11
804 247 263 94 76 -0.08 0.19 -0.04 -0.65 0.01 0.48
805 271 297 92 66 -0.09 0.19 -0.02 -0.46 0.02 0.32
806 247 282 89 72 -0.12 0.19 0.0 -0.28 0.05 0.16
807 255 253 93 62 -0.11 0.17 -0.0 0.07 0.13 -0.03
808 207 229 89 57 -0.1 0.17 -0.01 0.16 0.19 0.02
809 227 237 86 54 -0.11 0.16 -0.03 0.17 0.16 0.12
810 230 222 83 55 -0.12 0.16 -0.05 0.26 0.21 0.11
811 290 219 83 60 -0.13 0.16 -0.06 0.11 0.16 0.27
812 261 210 81 57 -0.1 0.12 -0.07 0.17 0.19 0.12
813 274 198 80 52 -0.07 0.05 -0.06 0.23 0.25 0.08
814 256 241 84 48 -0.06 0.05 -0.05 0.17 0.31 0.19
815 224 226 79 47 -0.05 0.05 -0.05 0.12 0.31 0.21
816 246 214 79 59 -0.04 0.02 -0.04 0.07 0.3 0.15
817 224 200 76 54 -0.03 0.01 -0.04 0.0 0.22 0.04
818 258 217 83 52 -0.04 0.01 -0.02 0.06 0.21 -0.2
819 261 208 81 52 -0.03 0.01 -0.01 0.0 0.16 -0.09
820 235 214 81 51 -0.02 0.05 -0.01 -0.04 0.16 -0.18
821 235 215 79 53 -0.05 0.06 -0.02 -0.13 0.16 -0.23
822 206 202 81 49 -0.05 0.03 -0.03 -0.1 0.17 -0.18
823 243 183 78 43 -0.05 0.03 -0.03 -0.17 0.2 -0.04
824 224 171 76 43 -0.03 0.02 -0.03 -0.15 0.2 0.0
825 217 167 78 48 -0.03 0.03 -0.03 -0.1 0.14 -0.03
826 221 186 80 44 -0.03 0.03 -0.03 -0.08 0.1 -0.02
827 222 172 81 45 -0.02 0.01 -0.03 -0.06 0.08 -0.01
828 237 164 77 43 -0.01 0.0 -0.03 -0.14 0.09 0.06
829 222 175 76 40 -0.0 -0.01 -0.03 -0.04 0.11 -0.06
830 257 172 74 43 -0.01 0.02 -0.03 -0.04 0.1 -0.05
831 246 166 76 44 -0.02 0.04 -0.04 0.01 0.12 -0.04
832 220 161 74 40 -0.02 0.04 -0.05 0.24 0.05 0.12
833 190 163 77 38 -0.01 0.03 -0.06 0.32 0.05 0.16
834 172 154 83 39 0.03 0.03 -0.11 0.52 0.06 0.09
835 161 152 87 41 0.04 0.06 -0.14 0.35 0.08 0.08
836 196 157 84 44 0.05 0.07 -0.19 0.28 0.16 0.06
837 165 163 80 44 0.06 0.07 -0.21 -0.07 0.2 0.0
838 197 162 78 39 0.06 0.09 -0.2 -0.23 0.32 -0.07
839 169 161 76 36 0.04 0.11 -0.17 -0.44 0.28 -0.21
840 172 157 75 34 -0.0 0.15 -0.1 -0.59 0.25 -0.37
841 167 175 77 33 -0.02 0.17 -0.08 -0.59 0.12 -0.28
842 177 164 79 35 -0.07 0.19 -0.01 -0.61 0.06 -0.27
843 154 155 75 30 -0.08 0.08 0.03 -0.45 -0.05 -0.32
844 133 140 74 28 -0.07 0.02 0.04 -0.25 0.0 -0.27
845 127 155 71 27 -0.09 0.1 0.06 -0.23 0.02 -0.29
846 130 141 66 28 -0.11 0.16 0.06 -0.32 -0.01 -0.32
847 114 125 67 27 -0.11 0.15 0.05 -0.28 0.05 -0.44
848 93 115 68 26 -0.11 0.19 0.04 -0.22 0.13 -0.41
849 79 109 68 25 -0.13 0.33 0.03 -0.25 0.11 -0.5
850 65 105 71 25 -0.14 0.44 0.03 -0.26 0.11 -0.48
851 55 101 72 24 -0.21 0.74 0.05 -0.42 0.04 -0.42
852 48 102 75 23 -0.31 0.92 0.08 -0.58 0.0 -0.5
853 41 98 93 24 -0.36 0.95 0.1 -0.48 0.0 -0.64
854 40 94 95 24 -0.48 1.13 0.17 -0.24 0.02 -0.61
855 37 91 96 24 -0.71 1.65 0.29 0.1 0.0 -0.24
856 42 90 96 24 -0.9 1.95 0.37 0.0 0.03 -0.87
857 55 91 99 23 -1.22 2.2 0.47 -0.35 0.12 -1.36
858 69 118 97 24 -1.45 2.04 0.41 -1.22 0.13 -2.53
859 67 124 111 24 -1.53 1.88 0.34 -1.42 -0.28 -2.83
860 67 131 103 23 -1.53 1.54 0.2 -0.75 -0.33 -2.73
861 62 124 94 23 -1.59 1.29 0.19 0.08 -0.42 -2.07
862 67 137 85 24 -1.64 1.35 0.19 -0.21 -0.53 -1.51
863 76 142 78 24 -1.75 1.77 0.16 -0.19 -0.46 -1.49
864 100 161 71 25 -1.91 2.18 0.12 -0.6 -0.33 -2.12
865 100 171 70 26 -1.99 2.3 0.12 -1.16 -0.98 -2.15
866 92 172 69 30 -2.08 2.26 0.2 -1.28 -1.32 -1.17
867 81 170 64 29 -2.04 2.01 0.06 0.35 0.28 -1.97
868 81 177 60 28 -2.0 2.0 0.07 0.78 -0.42 -1.54
869 108 176 57 27 -1.9 2.42 0.1 -0.6 -0.8 -1.07
870 97 155 55 26 -1.76 2.25 0.03 -0.23 -0.39 -0.79
871 84 136 53 25 -1.68 2.13 0.02 -0.68 -0.22 0.17
872 73 125 52 26 -1.58 1.96 -0.09 -0.3 0.12 0.56
873 62 119 51 25 -1.47 1.42 -0.13 -0.72 0.0 0.85
874 54 109 51 25 -1.44 1.13 -0.25 -0.29 0.1 0.31
875 48 101 49 24 -1.44 0.59 -0.45 -0.19 0.11 0.28
876 40 100 49 24 -1.58 0.23 -0.55 0.05 -0.13 -0.29
877 35 100 49 24 -1.64 -0.05 -0.48 0.27 -0.2 -0.76
878 33 98 47 24 -1.67 -0.3 -0.68 0.35 0.28 -3.65
879 33 109 55 24 -1.13 -0.9 -0.85 -12.61 -9.38 18.24
880 33 113 59 24 1.22 -3.24 -1.31 8.48 3.93 -3.95
881 49 110 63 25 0.88 -0.97 -0.03 -0.25 -0.7 -4.64
882 58 111 59 24 1.41 -0.38 -0.12 0.26 -0.01 0.24
883 50 117 59 25 1.02 -0.26 -0.11 0.09 0.48 0.54
884 43 123 59 25 0.27 -0.1 -0.28 0.82 0.31 0.54
885 38 128 57 25 0.2 0.26 -0.3 2.17 0.26 0.32
886 33 128 62 26 0.15 0.45 -0.26 0.85 -0.42 -0.2
887 29 126 61 25 0.26 0.36 -0.13 -0.43 -0.14 -0.26
888 33 124 59 24 0.24 0.31 -0.09 -0.76 -0.15 0.08
889 32 123 57 24 0.19 0.28 -0.06 -0.55 0.07 0.09
890 31 121 59 25 0.02 0.13 -0.03 -0.4 0.03 0.01
891 29 120 67 24 0.05 0.0 0.03 -0.13 0.26 -0.02
892 26 118 68 24 0.08 -0.05 0.01 0.08 0.45 0.0
893 24 114 65 24 0.05 -0.12 0.01 0.09 0.42 0.0
894 23 112 65 24 0.01 -0.1 -0.0 0.13 0.25 0.11
895 22 107 66 24 0.01 -0.08 0.0 0.19 0.13 0.02
896 21 105 65 24 0.02 -0.0 -0.01 0.09 0.04 -0.02
897 22 104 65 25 0.07 0.04 -0.04 0.01 0.04 -0.02
898 30 101 71 25 0.07 0.05 -0.04 0.01 0.04 -0.06
899 37 100 70 25 0.08 0.04 -0.03 -0.06 0.06 0.02
-100 -100 -100 -100 -100 -100 -100 -100 -100 -100 -100
900 35 98 66 26 0.07 0.02 -0.02 -0.13 0.1 0.0
901 32 95 64 26 0.06 0.0 -0.02 -0.04 0.14 -0.04
902 29 94 64 25 0.03 -0.01 -0.02 -0.05 0.1 0.03
903 27 93 62 25 0.01 -0.01 -0.01 0.07 0.07 -0.02
904 25 92 64 25 0.01 -0.0 -0.01 0.06 0.05 0.01
905 23 90 68 25 0.01 0.01 -0.0 0.02 0.02 0.01
906 23 89 67 26 0.02 0.02 0.0 -0.06 0.09 -0.04
907 22 89 65 26 0.02 0.02 0.0 -0.1 0.08 -0.01
908 28 87 64 25 0.01 0.01 -0.0 -0.03 0.07 0.03
909 28 85 63 25 0.01 0.01 0.0 0.0 0.06 -0.01
910 26 84 63 25 0.01 0.02 0.0 0.0 0.07 0.0
911 25 82 66 25 0.02 0.02 0.0 -0.03 0.09 -0.04
912 24 80 64 25 0.02 0.02 0.0 -0.03 0.06 -0.01
913 23 78 64 25 0.02 0.02 -0.0 -0.06 0.04 0.0
914 21 76 63 26 0.03 0.02 0.0 -0.07 0.09 0.0
915 23 73 61 25 0.03 0.02 -0.0 -0.1 0.08 -0.01
916 25 72 62 25 0.03 0.01 -0.0 -0.05 0.09 0.01
917 25 72 61 25 0.02 0.01 -0.01 0.02 0.15 0.02
918 24 70 61 24 0.01 0.01 -0.01 0.0 0.13 0.0
919 32 71 61 25 0.01 0.01 -0.01 0.0 0.14 0.0
920 31 70 61 25 0.0 0.02 -0.0 -0.07 0.06 -0.01
921 30 69 64 25 0.0 0.01 0.0 -0.06 0.07 -0.03
922 26 68 62 25 0.01 0.01 0.01 -0.09 0.06 -0.02
923 25 68 68 25 0.01 0.01 0.0 -0.07 0.04 0.0
924 24 67 67 25 0.01 0.0 0.0 -0.03 0.09 0.01
925 23 67 67 24 0.02 0.01 -0.0 -0.03 0.09 -0.01
926 23 68 65 25 0.02 0.01 -0.01 -0.03 0.07 0.0
927 23 68 65 25 0.02 0.01 -0.01 -0.07 0.09 -0.01
928 29 74 65 25 0.02 0.01 -0.01 -0.12 0.09 0.0
929 26 75 64 24 0.02 0.01 -0.01 -0.04 0.06 0.03
930 25 75 67 24 0.0 0.05 -0.0 0.04 0.06 0.01
931 23 73 70 24 -0.0 0.09 -0.0 0.08 0.09 0.04
932 29 75 70 24 -0.01 0.17 -0.0 0.06 0.08 -0.04
933 22 73 72 24 -0.01 0.08 -0.0 -0.28 0.02 -0.09
934 22 72 66 24 -0.0 0.02 0.0 -0.26 0.07 -0.04
935 21 72 66 23 -0.01 -0.05 0.02 -0.17 0.12 0.02
936 21 72 66 23 -0.01 -0.09 0.02 -0.02 0.09 0.0
937 19 72 64 24 -0.01 -0.08 0.02 0.02 0.1 -0.01
938 21 74 65 24 -0.01 -0.06 0.01 0.0 0.14 0.0
939 23 74 64 23 -0.01 -0.03 0.0 -0.03 0.12 0.0
940 24 74 63 24 -0.01 -0.02 -0.0 -0.06 0.1 0.0
941 23 73 62 23 -0.0 -0.01 -0.01 -0.13 0.06 -0.02
942 22 72 61 23 0.01 -0.04 -0.01 -0.08 0.07 -0.05
943 20 72 61 24 0.04 -0.06 -0.01 -0.07 0.08 0.0
944 20 74 60 24 0.05 -0.08 -0.01 -0.01 0.06 -0.01
945 18 74 60 24 0.05 -0.07 -0.0 -0.03 0.07 -0.02
946 19 75 59 23 0.06 -0.07 -0.0 -0.02 0.07 0.0
-200 -200 -200 -200 -200 -200 -200 -200 -200 -200 -200
947 18 75 58 23 0.05 -0.06 0.0 -0.02 0.11 0.02
948 18 75 58 24 0.02 -0.04 0.01 0.02 0.1 0.0
949 19 76 58 24 0.01 -0.03 0.01 0.0 0.11 0.0
950 18 76 59 24 -0.02 -0.02 0.02 -0.02 0.07 0.01
951 19 77 58 24 -0.04 -0.01 0.03 -0.04 0.08 -0.02
952 18 78 58 24 -0.05 -0.01 0.03 -0.04 0.09 0.01
953 18 78 58 24 -0.06 -0.01 0.03 -0.06 0.06 0.01
954 18 77 59 24 -0.06 0.01 0.03 -0.09 0.07 -0.02
955 19 76 59 24 -0.05 0.01 0.02 -0.12 0.05 -0.04
956 18 76 60 24 -0.04 0.01 0.01 -0.13 0.08 -0.01
957 18 76 61 24 -0.02 0.0 0.0 -0.03 0.14 0.0
958 19 75 62 25 -0.02 -0.0 -0.0 0.02 0.16 0.0
959 37 78 63 34 -0.01 0.01 0.0 0.03 0.05 0.0
960 53 82 63 33 0.02 -0.0 0.01 0.02 0.03 0.02
961 79 86 63 35 0.01 -0.01 0.01 -0.21 -0.01 -0.04
962 84 91 61 55 -0.04 -0.05 -0.01 -0.39 0.01 0.0
963 94 101 63 58 -0.13 -0.26 0.03 0.12 0.31 0.1
964 95 142 68 71 -0.21 -0.38 0.09 0.33 0.4 0.25
965 115 166 65 63 -0.43 -0.73 0.2 0.71 0.21 0.18
966 124 175 63 55 -0.41 -0.67 0.2 0.46 -0.14 0.4
967 111 168 65 57 -0.39 -0.75 0.19 0.26 -0.19 0.45
968 115 163 68 56 -0.45 -0.86 0.19 -0.27 -0.02 1.03
969 99 155 70 55 -0.52 -1.28 0.1 -0.71 -0.16 0.85
970 96 152 72 48 -0.53 -1.68 0.07 -1.29 -0.04 0.89
971 152 141 69 44 -0.44 -2.15 0.03 -2.7 -0.62 1.41
972 149 137 71 43 0.41 -3.66 -0.49 5.04 0.01 2.14
973 137 125 72 40 2.3 -5.93 -1.06 6.45 4.62 3.42
974 170 126 75 37 1.58 -4.05 -0.46 2.32 0.63 1.66
975 170 144 75 35 1.34 -1.57 -0.09 1.51 0.85 2.62
976 164 148 75 40 1.22 -0.75 -0.07 0.56 0.72 3.05
977 146 143 79 37 1.42 -0.83 -0.32 0.88 0.31 2.87
978 176 139 80 34 1.94 -1.46 -0.56 1.37 0.52 1.89
979 180 134 83 35 2.03 -1.42 -0.57 1.09 1.12 1.49
980 162 132 89 33 1.83 -1.08 -0.54 1.11 0.66 1.12
981 150 129 90 32 1.74 -0.79 -0.56 0.45 0.53 0.67
982 153 135 91 33 1.75 -0.81 -0.54 0.21 0.25 0.36
983 140 138 92 33 1.7 -0.95 -0.49 0.15 0.09 0.02
984 184 137 93 53 1.54 -0.97 -0.45 -0.14 -0.07 -0.04
985 178 136 95 59 1.48 -0.94 -0.43 -0.32 -0.2 -0.06
986 188 137 95 55 1.37 -0.87 -0.37 -0.19 -0.12 -0.75
987 184 138 90 58 1.19 -0.86 -0.33 -0.64 -0.39 -0.63
988 171 143 90 62 1.13 -0.89 -0.33 -0.63 -0.39 -0.34
989 168 142 94 80 0.97 -0.91 -0.32 -1.04 -0.53 -0.19
990 213 151 94 78 0.91 -0.83 -0.33 -0.96 -0.57 -0.57
991 245 168 92 82 0.88 -0.79 -0.31 -0.47 -0.61 -1.4
992 234 169 88 74 0.94 -0.69 -0.27 -0.47 -0.66 -1.55
993 262 158 97 72 1.03 -0.71 -0.25 -1.02 -0.74 -0.68
994 247 185 96 65 1.05 -0.73 -0.26 -1.1 -0.76 -0.29
995 273 208 95 74 1.0 -0.66 -0.28 -1.26 -0.49 -0.5
996 238 240 99 93 0.92 -0.54 -0.3 -1.29 -0.55 -1.18
997 264 227 95 87 0.9 -0.51 -0.3 -1.3 -0.58 -1.37
998 286 215 95 84 0.88 -0.51 -0.27 -0.99 -0.55 -1.62
999 257 214 100 90 0.84 -0.45 -0.24 -1.07 -0.63 -1.09
1000 264 263 104 92 0.78 -0.39 -0.24 -1.26 -0.62 -0.78
1001 290 262 110 101 0.7 -0.33 -0.26 -1.32 -0.49 -0.78
1002 262 318 129 179 0.6 -0.28 -0.24 -1.28 -0.6 -1.21
1003 265 376 138 215 0.57 -0.28 -0.21 -1.36 -0.44 -1.3
1004 262 473 142 257 0.57 -0.34 -0.14 -1.2 -0.59 -1.5
1005 254 453 130 215 0.63 -0.4 -0.04 -1.21 -0.75 -0.62
1006 287 380 130 193 0.68 -0.4 0.01 -1.45 -0.67 -0.4
1007 285 343 125 162 0.67 -0.29 0.08 -1.43 -0.18 0.87
1008 265 362 127 148 0.49 0.01 0.13 -1.11 0.38 -0.35
1009 270 390 115 129 0.41 0.04 0.14 -0.81 0.58 -1.34
1010 264 362 112 116 0.34 -0.01 0.2 -0.37 0.59 -1.47
1011 241 332 113 109 0.26 0.01 0.21 0.16 0.85 -0.95
1012 239 305 104 99 0.19 0.09 0.2 0.14 0.8 -0.83
1013 251 344 100 97 0.02 0.19 0.15 0.28 0.7 -0.79
1014 237 371 100 88 -0.1 0.14 0.08 0.43 0.58 -0.57
1015 242 386 95 88 -0.15 0.15 0.05 0.52 0.52 -0.5
1016 237 376 98 85 -0.2 0.18 0.0 0.39 0.24 -0.2
1017 250 334 107 85 -0.2 0.15 -0.05 0.29 0.2 0.09
1018 257 322 104 78 -0.2 0.14 -0.07 0.11 0.13 0.21
1019 264 323 109 80 -0.19 0.15 -0.09 -0.15 0.19 0.73
1020 258 320 103 70 -0.21 0.21 -0.08 -0.38 0.05 0.29
1021 262 300 99 75 -0.21 0.19 -0.03 -0.43 -0.07 0.0
1022 230 276 99 70 -0.14 0.09 0.04 -0.3 -0.13 0.27
1023 203 283 103 66 -0.11 0.07 0.07 -0.38 -0.06 0.38
1024 225 300 99 59 -0.05 0.03 0.09 -0.4 0.02 0.4
1025 241 282 100 60 -0.04 0.05 0.1 -0.09 0.2 -0.01
1026 276 278 93 58 -0.04 0.03 0.09 -0.02 0.21 -0.02
1027 247 272 95 53 -0.07 0.01 0.08 0.03 0.16 -0.19
1028 229 268 104 58 -0.07 0.0 0.07 0.25 0.11 -0.16
1029 263 249 99 57 -0.06 -0.01 0.07 0.32 0.09 -0.01
1030 290 240 97 53 -0.05 0.0 0.02 0.22 0.2 0.08
1031 266 233 95 53 -0.06 0.05 -0.04 0.14 0.17 0.07
1032 240 242 93 48 -0.06 0.06 -0.06 -0.09 0.17 -0.05
1033 223 235 94 44 -0.08 0.06 -0.09 -0.18 0.15 -0.14
1034 273 231 96 43 -0.08 0.06 -0.1 -0.16 0.17 -0.2
1035 264 226 104 44 -0.09 0.06 -0.1 -0.35 0.14 -0.06
1036 247 231 97 43 -0.09 0.03 -0.09 -0.42 0.13 0.0
1037 220 233 91 43 -0.09 0.05 -0.06 -0.47 0.1 0.05
1038 223 319 90 40 -0.09 0.06 -0.04 -0.4 0.09 -0.04
1039 274 306 89 44 -0.07 0.04 -0.01 -0.29 0.14 -0.18
1040 248 277 87 41 -0.05 0.06 0.01 -0.23 0.16 -0.2
1041 258 241 87 40 -0.05 0.06 0.01 -0.27 0.27 -0.19
1042 238 249 84 39 -0.06 0.03 0.01 -0.27 0.27 -0.16
1043 285 272 83 39 -0.09 0.07 -0.01 -0.24 0.29 -0.15
1044 271 267 82 38 -0.11 0.11 -0.01 -0.23 0.19 -0.16
1045 259 249 80 38 -0.12 0.12 0.0 -0.17 0.12 -0.15
1046 245 243 78 36 -0.1 0.1 0.01 -0.12 0.05 0.01
1047 239 249 80 35 -0.09 0.11 0.01 -0.15 0.07 0.04
1048 255 249 76 32 -0.08 0.09 0.01 -0.1 0.1 0.1
1049 234 230 74 30 -0.06 0.05 0.01 -0.13 0.13 0.09
1050 244 225 75 35 -0.06 0.04 0.0 -0.15 0.14 0.02
1051 242 222 73 32 -0.07 0.07 0.0 -0.12 0.13 0.01
1052 212 209 75 33 -0.08 0.11 0.01 -0.05 0.13 -0.02
1053 190 205 80 35 -0.07 0.09 0.01 0.03 0.07 0.0
1054 253 201 78 32 -0.06 0.05 0.01 0.08 0.11 0.01
1055 277 202 85 31 -0.06 0.07 0.01 0.0 0.13 0.02
1056 257 206 86 45 -0.06 0.07 0.01 -0.06 0.09 -0.06
1057 212 226 82 42 -0.07 0.09 0.01 0.03 0.16 -0.06
1058 188 218 78 39 -0.08 0.06 0.01 0.07 0.15 -0.09
1059 211 221 80 36 -0.07 0.04 0.01 0.05 0.15 -0.01
1060 178 192 90 33 -0.07 0.05 0.02 -0.01 0.07 0.03
1061 160 175 85 31 -0.07 0.07 0.0 -0.1 0.0 0.08
1062 176 155 84 30 -0.07 0.08 -0.0 -0.22 -0.11 -0.04
1063 146 146 80 28 -0.08 0.14 -0.01 -0.27 -0.05 -0.1
1064 125 137 78 27 -0.11 0.16 -0.01 -0.35 -0.08 -0.2
1065 101 123 81 28 -0.12 0.16 -0.0 -0.38 -0.11 -0.3
1066 86 118 89 25 -0.18 0.21 0.02 -0.4 -0.12 -0.31
1067 95 117 84 25 -0.28 0.32 0.03 -0.55 -0.07 -0.53
1068 84 115 88 25 -0.33 0.4 0.04 -0.72 -0.03 -0.68
1069 68 104 81 24 -0.47 0.63 0.06 -0.89 -0.1 -0.81
1070 60 105 85 24 -0.58 0.8 0.07 -0.96 -0.13 -0.98
1071 61 112 85 24 -0.64 0.87 0.09 -0.9 -0.21 -1.15
1072 53 122 81 24 -0.76 1.08 0.15 -0.66 -0.21 -1.23
1073 53 130 76 24 -0.9 1.54 0.24 -0.48 -0.08 -1.56
1074 49 135 73 24 -0.98 1.83 0.3 -0.34 -0.24 -1.51
1075 61 159 71 23 -1.11 2.37 0.42 -0.38 -0.55 -1.37
1076 99 164 79 24 -1.22 2.98 0.54 -0.58 -0.19 -1.53
1077 101 234 76 23 -1.25 3.35 0.59 -1.58 -0.12 -2.25
1078 93 207 74 24 -1.43 3.71 0.63 -1.8 -0.3 -1.4
1079 82 183 71 23 -1.54 3.55 0.57 -0.62 0.14 -0.35
1080 72 161 67 23 -1.67 3.34 0.53 -0.23 0.75 -0.75
1081 66 142 64 26 -1.92 2.79 0.39 -0.21 0.01 -1.04
1082 79 145 61 26 -1.9 2.08 0.21 0.78 0.23 -0.99
1083 78 155 61 32 -1.96 2.17 0.18 0.17 -0.01 -0.79
1084 79 186 59 30 -2.11 2.23 0.07 0.36 -0.05 -0.74
1085 68 186 57 29 -2.21 2.16 -0.01 -0.27 -0.25 -1.05
1086 59 190 55 27 -2.15 2.1 -0.03 0.11 -0.08 -1.34
1087 53 208 54 26 -1.89 1.98 -0.12 0.07 0.0 -1.1
1088 47 196 54 26 -1.63 1.81 -0.25 -0.04 -0.23 -0.33
1089 44 191 53 25 -1.55 1.72 -0.3 0.78 -0.3 0.27
1090 66 169 54 27 -1.4 1.56 -0.41 -0.82 -0.49 0.13
1091 56 157 54 27 -1.27 1.29 -0.38 -0.48 -0.05 0.32
1092 50 141 53 26 -1.22 1.11 -0.47 -0.77 -0.21 0.24
1093 42 125 54 25 -1.21 0.61 -0.61 -0.55 -0.26 0.28
1094 37 113 53 25 -1.29 -0.19 -0.7 -0.79 -0.52 -0.59
1095 33 102 56 25 -1.26 -0.75 -0.74 -0.33 -0.44 -1.41
1096 56 95 57 24 -1.18 -1.42 -0.76 -0.12 -0.25 -1.67
1097 76 92 57 24 -1.26 -1.47 -0.7 -1.13 -0.83 -5.33
1098 63 100 80 24 -1.15 -1.21 -0.75 -27.89 -22.68 29.71
1099 57 96 72 24 1.24 -3.04 -0.46 14.16 8.77 -3.24
1100 47 94 76 24 1.03 -0.86 -0.19 -0.22 -2.44 -2.83
1101 41 96 76 24 0.97 -0.17 -0.09 1.03 -0.22 0.84
1102 49 98 73 24 0.64 -0.21 -0.2 0.67 0.66 0.4
1103 42 100 70 25 0.22 -0.03 -0.29 3.68 0.04 -0.66
1104 44 101 69 24 0.27 0.32 -0.35 1.63 0.01 0.1
1105 75 100 66 25 0.22 0.61 -0.12 0.41 0.05 0.16
1106 64 100 67 25 0.14 0.7 -0.16 -1.09 0.37 -0.11
1107 53 100 63 24 0.12 0.64 -0.11 -1.28 0.2 0.22
1108 49 99 62 24 0.11 0.5 -0.13 -1.16 0.11 0.04
1109 43 98 60 24 0.09 0.16 -0.06 -0.68 0.35 -0.04
1110 37 97 60 24 0.08 0.01 -0.03 0.09 0.19 0.12
1111 32 94 59 24 0.06 -0.15 -0.02 0.22 0.14 -0.07
1112 29 91 59 24 0.06 -0.15 -0.02 0.23 0.08 0.03
1113 30 89 59 24 0.06 -0.12 -0.01 0.07 0.01 0.01
1114 27 87 60 24 0.03 -0.03 -0.02 -0.02 0.08 -0.02
1115 31 87 60 24 0.03 0.02 -0.03 -0.08 -0.01 0.03
1116 31 85 60 24 0.05 0.02 -0.03 -0.02 0.08 0.0
1117 29 85 61 23 0.05 -0.0 -0.05 0.03 0.11 0.0
1118 29 84 61 24 0.05 -0.0 -0.05 0.05 0.09 0.06
1119 26 81 63 25 0.04 -0.01 -0.05 -0.04 0.01 -0.05
1120 26 79 64 24 0.02 -0.01 -0.03 -0.05 0.01 -0.03
-100 -100 -100 -100 -100 -100 -100 -100 -100 -100 -100
1121 22 78 65 24 0.02 -0.02 -0.03 -0.12 0.02 0.03
1122 30 77 68 24 0.01 -0.03 -0.02 -0.06 0.09 0.01
1123 26 75 65 24 0.0 -0.04 -0.02 0.0 0.06 0.02
1124 24 74 65 25 -0.01 -0.04 -0.02 0.04 0.08 0.0
1125 23 72 66 25 -0.01 -0.04 -0.02 0.17 0.09 0.01
1126 29 72 66 24 -0.02 -0.02 -0.01 0.07 0.05 0.01
1127 27 72 67 25 -0.02 0.0 -0.02 0.0 0.08 0.0
1128 25 70 67 24 -0.02 0.0 -0.02 -0.1 0.03 -0.01
1129 22 68 69 24 -0.02 0.01 -0.02 -0.17 0.05 0.01
1130 23 69 70 27 -0.01 -0.02 -0.03 -0.13 0.09 -0.01
1131 25 68 69 24 -0.01 -0.02 -0.03 0.0 0.06 0.0
1132 27 69 69 24 -0.01 -0.05 -0.02 0.05 0.01 0.0
1133 26 68 67 24 -0.01 -0.02 -0.02 0.13 0.0 0.0
1134 24 69 67 24 -0.0 0.0 -0.02 0.04 0.0 -0.02
1135 23 69 68 24 0.01 0.02 -0.02 -0.03 0.0 0.0
1136 22 69 66 24 0.01 0.01 -0.03 -0.18 0.06 0.0
1137 21 68 65 24 0.01 -0.01 -0.02 -0.12 0.06 -0.03
1138 21 68 63 24 0.01 -0.03 -0.02 -0.05 0.07 -0.02
1139 20 68 64 24 0.0 -0.04 -0.02 0.03 0.08 0.04
1140 26 68 61 25 -0.0 -0.04 -0.01 0.05 0.04 -0.03
1141 26 67 62 24 -0.0 -0.02 -0.0 0.11 0.02 -0.02
1142 25 68 60 24 -0.01 0.0 0.01 0.02 0.01 0.0
1143 24 68 60 24 -0.0 0.01 0.0 -0.04 0.06 -0.02
1144 26 68 59 24 0.0 0.01 -0.0 -0.06 0.05 -0.01
1145 25 68 58 24 0.0 0.0 -0.01 -0.11 0.05 0.02
1146 25 68 59 24 0.01 0.0 -0.01 -0.11 0.04 -0.04
1147 23 68 61 23 0.01 -0.01 -0.02 -0.06 0.05 0.0
1148 21 67 60 24 0.02 -0.01 -0.02 -0.02 0.06 0.0
1149 20 67 60 23 0.02 -0.01 -0.01 0.04 0.07 -0.01
1150 19 67 60 24 0.02 -0.01 -0.01 0.04 0.04 0.0
1151 20 67 59 24 0.01 -0.0 -0.0 0.06 0.06 0.0
1152 19 67 58 24 0.01 0.01 -0.0 0.0 0.01 -0.03
1153 19 67 60 24 0.01 0.02 -0.01 -0.06 0.02 -0.03
1154 19 68 59 23 0.02 0.01 -0.01 -0.1 0.06 0.0
1155 22 68 60 24 0.02 0.0 -0.01 -0.08 0.09 -0.01
1156 20 68 59 24 0.02 -0.01 -0.01 -0.05 0.06 0.0
1157 20 69 60 23 0.01 -0.02 -0.01 0.02 0.07 -0.02
1158 20 69 60 23 0.01 -0.02 -0.01 0.0 0.05 -0.01
1159 21 71 61 23 0.01 -0.0 -0.01 0.0 0.05 0.0
1160 19 72 59 24 0.0 -0.0 -0.0 -0.01 0.05 -0.01
1161 19 71 60 23 0.01 0.0 -0.0 -0.05 0.04 -0.01
1162 19 70 59 23 0.01 0.0 -0.01 -0.05 0.05 0.01
1163 18 72 59 23 0.0 -0.0 -0.01 -0.04 0.07 0.0
1164 19 73 62 23 0.0 -0.01 -0.01 -0.01 0.05 -0.01
1165 20 74 59 24 0.01 -0.01 -0.0 0.01 0.05 -0.02
1166 20 74 59 23 0.01 0.0 -0.0 0.05 0.01 -0.02
