-1 -1 -1 -1 -1 -1 -1 -1 -1 -1 -1
2 28 78 70 23 -0.03 0.08 0.04 -0.12 -0.2 -0.14
3 24 77 69 23 -0.01 0.07 0.03 -0.13 -0.12 -0.14
4 23 77 69 23 0.01 0.03 0.01 -0.03 -0.06 -0.15
5 22 77 68 23 0.03 0.01 -0.01 0.02 0.0 -0.15
6 26 76 65 23 0.04 0.01 -0.02 0.18 0.02 -0.13
7 25 77 74 24 0.04 0.01 -0.03 0.23 0.0 -0.09
8 24 76 70 23 0.03 0.02 -0.02 0.27 -0.04 -0.07
9 26 86 68 23 0.04 0.03 -0.01 0.1 -0.15 -0.19
10 23 98 66 23 0.07 0.03 -0.0 0.09 -0.16 -0.18
11 22 105 67 23 0.08 0.0 0.01 -0.02 -0.11 0.0
12 23 101 80 23 0.09 -0.01 0.01 0.0 -0.12 0.02
13 27 96 81 23 0.09 -0.03 0.01 0.04 -0.1 0.07
14 25 92 76 24 0.07 -0.03 -0.0 0.16 -0.03 0.09
15 26 89 72 23 0.05 -0.02 -0.01 0.14 -0.04 0.08
16 25 89 74 23 0.01 -0.0 -0.03 0.0 -0.05 0.05
17 23 85 72 23 -0.02 -0.0 -0.05 -0.04 -0.03 0.06
18 21 115 72 23 -0.03 -0.01 -0.06 0.06 0.06 0.07
19 22 109 69 24 -0.06 -0.04 -0.06 0.19 0.08 0.07
20 27 103 67 23 -0.07 -0.04 -0.04 0.36 0.11 0.01
21 25 96 65 23 -0.09 -0.03 -0.03 0.48 0.11 0.04
22 26 100 65 23 -0.1 0.01 0.0 0.43 0.08 0.03
23 23 95 65 24 -0.11 0.04 0.04 0.29 -0.06 0.01
24 22 97 64 23 -0.11 0.05 0.05 0.15 -0.15 0.01
25 21 92 67 23 -0.08 0.07 0.06 -0.01 -0.23 -0.02
26 21 87 64 23 -0.04 0.06 0.06 -0.06 -0.23 0.01
27 21 84 66 23 -0.02 0.06 0.05 -0.16 -0.17 0.0
28 20 88 66 23 0.0 0.05 0.02 -0.14 -0.11 0.03
29 25 100 70 23 0.02 0.02 -0.01 -0.11 0.0 0.02
30 22 100 71 23 0.01 0.01 -0.02 -0.08 0.04 0.01
31 22 94 71 24 0.01 -0.01 -0.03 0.0 0.06 0.02
32 21 93 76 23 0.02 -0.03 -0.03 0.08 -0.03 0.02
33 20 103 72 23 0.02 -0.04 -0.02 0.18 -0.1 0.03
34 19 99 83 24 0.04 -0.04 -0.01 0.28 -0.16 0.0
35 19 95 80 23 0.06 -0.0 0.0 0.18 -0.14 0.03
36 26 96 76 23 0.06 0.01 0.0 0.05 -0.06 0.0
37 24 90 75 24 0.07 0.02 0.0 0.02 -0.07 0.02
38 22 101 77 23 0.08 0.01 0.0 0.03 -0.04 -0.01
39 21 109 75 23 0.08 0.01 0.0 -0.04 0.02 0.05
40 21 106 71 23 0.07 0.0 -0.01 -0.07 0.07 0.0
41 20 100 67 23 0.04 -0.02 -0.03 -0.08 0.04 0.04
42 19 93 67 23 0.03 -0.04 -0.03 -0.04 -0.01 0.05
43 21 88 67 23 -0.0 -0.07 -0.05 0.0 0.0 0.06
44 25 84 68 23 -0.03 -0.08 -0.05 0.17 -0.04 0.06
45 23 81 65 23 -0.04 -0.07 -0.05 0.28 0.02 0.03
46 22 81 65 24 -0.05 -0.05 -0.03 0.33 0.06 0.02
47 21 79 71 23 -0.06 -0.03 -0.01 0.29 0.06 0.05
48 22 77 72 23 -0.06 -0.02 0.01 0.19 0.0 0.0
49 20 76 71 24 -0.05 0.01 0.03 0.18 -0.02 0.0
50 20 90 69 24 -0.04 0.03 0.04 0.07 -0.06 -0.01
51 21 89 67 24 -0.03 0.03 0.04 -0.02 -0.07 0.02
52 25 87 65 24 -0.01 0.04 0.03 -0.1 -0.07 0.0
53 23 84 64 23 0.0 0.0 0.02 -0.2 -0.1 -0.02
54 22 81 65 23 0.01 -0.02 0.01 -0.14 -0.06 0.02
55 22 82 70 23 0.02 -0.05 -0.01 -0.03 -0.02 -0.01
56 21 98 72 23 0.02 -0.06 -0.02 0.05 0.03 0.07
57 20 105 69 23 0.02 -0.05 -0.02 0.2 0.09 0.04
58 21 102 65 23 0.01 -0.04 -0.01 0.25 0.06 0.04
59 21 98 65 23 -0.02 -0.02 0.0 0.18 0.0 0.04
60 25 94 65 24 -0.02 -0.01 0.01 0.07 -0.03 0.02
61 23 93 76 23 -0.02 -0.01 0.02 0.05 -0.08 0.03
62 22 97 74 23 -0.01 -0.0 0.03 0.12 -0.05 0.01
63 21 92 69 23 0.0 0.01 0.04 -0.03 -0.07 -0.02
64 21 90 67 24 0.01 -0.01 0.04 -0.03 -0.04 0.02
65 20 85 68 23 0.01 -0.03 0.03 -0.03 -0.05 0.01
66 24 97 67 26 0.02 -0.03 0.02 0.0 0.05 0.03
67 22 101 68 23 0.02 -0.02 -0.0 -0.07 0.01 0.0
68 21 104 80 23 0.01 -0.02 -0.02 0.0 0.04 0.03
69 20 99 73 24 0.01 -0.03 -0.02 0.0 0.04 0.05
70 24 92 70 23 -0.02 -0.04 -0.03 0.03 0.01 0.05
71 23 89 69 23 -0.02 -0.05 -0.02 0.13 -0.07 0.03
72 21 85 69 23 -0.02 -0.05 -0.01 0.16 -0.04 0.01
73 19 97 67 23 -0.02 -0.04 -0.01 0.17 -0.02 0.01
74 20 94 77 23 -0.02 -0.0 0.0 0.1 0.02 0.0
75 26 94 75 23 -0.02 0.01 -0.0 -0.02 0.02 0.01
76 25 92 74 23 -0.02 -0.0 -0.0 -0.04 0.02 0.01
77 23 102 73 23 -0.01 -0.02 -0.01 -0.1 0.0 0.0
78 21 94 71 23 -0.01 -0.03 -0.01 0.0 -0.03 0.0
-200 -200 -200 -200 -200 -200 -200 -200 -200 -200 -200
79 25 107 69 24 -0.01 -0.04 -0.01 0.02 0.0 0.02
80 23 99 70 23 -0.01 -0.04 -0.01 0.05 -0.01 0.0
81 22 95 74 24 -0.0 -0.04 -0.01 0.06 0.0 0.0
82 23 92 71 24 -0.0 -0.04 -0.01 0.03 0.0 -0.01
83 24 88 70 22 0.0 -0.04 -0.0 0.1 0.04 0.0
84 22 99 65 24 0.0 -0.04 0.0 0.13 0.04 0.02
85 21 102 65 24 -0.0 -0.02 0.01 0.06 0.01 0.03
86 24 103 70 23 -0.0 -0.02 0.02 0.13 0.03 0.04
87 22 97 71 23 -0.01 -0.01 0.02 0.02 -0.01 -0.01
88 21 91 72 24 -0.01 -0.01 0.03 0.0 -0.05 0.01
89 21 88 67 23 0.0 -0.01 0.01 -0.11 -0.12 0.01
90 21 84 74 23 0.01 -0.02 0.01 -0.06 -0.04 0.0
91 20 97 72 23 0.01 -0.04 -0.01 -0.05 -0.01 0.0
92 28 102 71 23 0.01 -0.05 -0.01 -0.03 0.06 0.0
93 24 97 70 23 0.0 -0.05 -0.02 -0.03 0.03 -0.01
94 24 126 66 23 0.0 -0.07 -0.02 -0.04 0.05 0.02
95 24 137 67 23 -0.01 -0.11 -0.02 -0.02 0.0 0.02
96 23 167 71 23 -0.01 -0.12 -0.01 0.05 0.0 0.0
97 28 191 67 24 0.03 -0.18 -0.01 -0.04 -0.03 0.0
98 39 198 65 24 0.15 -0.26 -0.01 -0.01 0.0 0.02
99 38 230 65 24 0.17 -0.29 -0.0 -0.01 0.0 -0.01
100 40 229 63 24 0.16 -0.33 0.01 -0.1 -0.03 0.02
101 56 270 61 25 0.19 -0.46 0.04 -0.27 0.0 0.03
102 48 316 64 25 0.22 -0.52 0.06 -0.29 0.01 0.0
103 62 361 71 25 0.29 -0.63 0.09 0.68 -0.18 0.06
104 73 414 76 72 0.38 -0.65 0.11 1.04 -0.04 0.25
105 105 422 76 74 0.32 -0.62 0.14 1.19 0.02 0.25
106 103 491 80 66 0.14 -0.98 0.22 0.72 0.36 0.33
107 92 529 99 59 0.0 -1.26 0.27 0.66 -0.88 -0.12
108 84 540 100 53 0.14 -0.99 0.16 -1.06 -0.12 0.26
109 76 527 98 47 0.02 -1.16 0.09 -1.6 0.36 1.22
110 86 545 94 43 -0.29 -0.92 -0.05 -4.74 -0.93 2.64
111 108 587 94 40 0.11 -1.36 -0.46 -6.57 -12.06 4.0
112 106 539 104 37 0.8 -2.08 -0.05 -0.82 -1.14 1.8
113 122 545 130 34 0.71 -1.4 0.15 0.06 1.58 1.49
114 102 499 123 32 0.79 -1.21 0.02 -0.21 0.23 2.4
115 120 544 116 31 1.04 -1.02 0.01 0.54 0.5 3.26
116 141 546 104 31 1.37 -1.25 -0.07 0.33 0.62 2.5
117 125 519 107 32 1.47 -1.31 -0.08 0.64 1.07 1.33
118 125 487 105 32 1.47 -1.21 -0.07 0.91 0.8 0.9
119 123 455 105 31 1.47 -1.07 -0.07 0.91 0.3 1.04
120 161 415 101 36 1.48 -1.07 -0.11 0.98 0.09 0.75
121 151 429 100 39 1.52 -1.05 -0.17 0.68 -0.04 0.08
122 158 428 100 56 1.5 -1.02 -0.2 0.46 -0.16 -0.39
123 177 431 106 53 1.5 -1.0 -0.22 0.35 -0.36 -0.8
124 187 423 108 50 1.48 -0.96 -0.25 0.21 -0.4 -1.2
125 190 420 119 47 1.44 -0.87 -0.24 0.2 -0.57 -1.26
126 185 443 114 46 1.41 -0.78 -0.23 -0.04 -0.68 -1.16
127 181 502 116 47 1.37 -0.71 -0.21 -0.51 -0.6 -1.29
128 205 485 113 47 1.31 -0.67 -0.19 -0.77 -0.62 -1.51
129 199 643 119 85 1.27 -0.67 -0.17 -0.73 -0.58 -1.49
130 235 627 116 93 1.22 -0.65 -0.16 -0.74 -0.63 -1.53
131 259 674 112 94 1.15 -0.63 -0.16 -0.64 -0.69 -1.86
132 223 653 131 95 1.09 -0.6 -0.15 -0.67 -0.73 -1.71
133 212 637 119 96 1.03 -0.53 -0.16 -1.04 -0.5 -1.1
134 253 632 108 86 0.93 -0.52 -0.18 -1.05 -0.37 -0.85
135 307 589 106 75 0.85 -0.45 -0.15 -1.08 -0.35 -1.06
136 290 553 113 71 0.69 -0.38 -0.08 -0.71 -0.31 -1.88
137 259 531 122 70 0.58 -0.39 0.02 -0.44 -0.39 -1.69
138 238 485 128 62 0.53 -0.39 0.04 -0.36 -0.3 -1.31
139 230 458 130 59 0.41 -0.28 0.05 -0.5 -0.2 -0.86
140 249 485 124 53 0.26 -0.14 0.07 -0.36 -0.1 -0.86
141 260 537 117 62 0.2 -0.1 0.08 -0.2 -0.1 -1.01
142 249 477 121 59 0.09 -0.07 0.11 -0.09 -0.17 -1.01
143 251 459 122 55 -0.01 -0.04 0.13 0.09 -0.2 -1.05
144 216 500 127 59 -0.04 -0.03 0.13 0.25 -0.18 -0.88
145 201 491 119 54 -0.1 -0.02 0.08 0.42 -0.06 -0.69
146 176 442 122 49 -0.13 0.04 0.01 0.67 0.01 -0.7
147 183 470 127 48 -0.14 0.1 -0.02 0.58 0.07 -0.58
148 161 429 126 44 -0.16 0.15 -0.08 0.43 0.05 -0.27
149 165 503 121 42 -0.22 0.16 -0.13 0.04 -0.01 -0.17
150 148 556 117 45 -0.23 0.16 -0.14 0.09 -0.06 -0.23
151 143 608 111 46 -0.26 0.19 -0.14 -0.11 -0.11 -0.42
152 133 603 131 43 -0.25 0.23 -0.1 -0.21 -0.13 -0.71
153 141 571 125 41 -0.24 0.21 -0.07 -0.2 -0.11 -0.73
154 147 520 129 39 -0.19 0.12 -0.01 -0.3 -0.13 -0.01
155 131 498 126 36 -0.19 0.08 0.04 -0.56 -0.09 -0.04
156 123 542 119 36 -0.2 0.07 0.07 -0.46 -0.06 -0.03
157 130 506 140 35 -0.21 0.08 0.11 -0.27 0.05 0.0
158 193 501 133 35 -0.19 0.03 0.09 0.01 0.12 0.0
159 179 463 124 33 -0.18 0.01 0.08 0.05 0.1 0.1
160 164 498 123 34 -0.16 0.03 0.04 0.15 0.19 0.25
161 151 446 133 33 -0.16 0.06 -0.0 0.08 0.1 -0.18
162 126 476 127 33 -0.15 0.08 -0.03 -0.01 0.1 -0.36
163 119 478 121 31 -0.12 0.09 -0.03 -0.19 0.17 -0.12
164 132 438 136 31 -0.12 0.04 -0.03 -0.13 0.2 -0.19
165 122 451 133 28 -0.11 0.04 -0.03 -0.05 0.17 -0.23
166 125 530 122 31 -0.11 0.08 -0.02 -0.02 0.11 -0.05
167 110 515 115 31 -0.11 0.07 -0.02 0.02 0.13 -0.11
168 101 481 112 30 -0.1 0.06 -0.03 0.01 0.13 -0.32
169 153 482 115 29 -0.09 0.02 -0.03 0.05 0.19 -0.3
170 163 460 119 32 -0.08 0.03 -0.02 0.09 0.17 -0.1
171 142 465 130 30 -0.08 0.04 -0.01 0.0 0.16 -0.02
172 122 467 120 29 -0.08 0.03 -0.02 0.06 0.12 -0.05
173 106 477 119 28 -0.07 0.06 -0.03 0.07 0.09 -0.14
174 109 475 115 27 -0.06 0.09 -0.02 0.05 0.09 -0.21
175 138 452 117 27 -0.04 0.11 -0.02 0.02 0.0 -0.23
176 127 447 110 28 -0.05 0.09 -0.01 -0.17 0.02 -0.23
177 110 425 112 28 -0.06 0.07 -0.01 -0.24 0.06 -0.17
178 103 428 118 27 -0.06 -0.01 -0.02 -0.13 0.02 -0.19
179 92 475 115 27 -0.08 0.0 -0.02 -0.25 0.0 -0.14
180 116 474 114 26 -0.08 0.01 -0.02 -0.17 0.04 -0.09
181 116 509 110 27 -0.08 0.03 -0.01 -0.09 0.07 -0.23
182 110 537 112 26 -0.07 0.04 -0.01 0.0 0.05 -0.14
183 138 529 106 27 -0.06 0.05 -0.02 0.01 0.08 -0.13
184 118 527 103 27 -0.06 0.08 -0.02 -0.04 0.06 0.03
185 102 529 102 27 -0.05 0.1 -0.03 -0.12 0.05 -0.06
186 106 503 116 26 -0.05 0.1 -0.03 -0.15 0.06 -0.11
187 112 460 109 25 -0.04 0.1 -0.03 -0.15 0.06 -0.16
188 107 472 114 27 -0.03 0.06 -0.02 -0.04 0.0 -0.31
189 93 444 114 29 -0.02 0.04 -0.02 -0.08 0.01 -0.3
190 94 447 117 28 -0.0 0.04 -0.02 -0.01 0.0 -0.23
191 96 432 116 27 -0.02 0.08 -0.02 -0.18 0.02 -0.09
192 113 426 122 30 -0.03 0.08 -0.02 -0.18 0.05 -0.17
193 111 398 116 30 -0.04 0.05 -0.01 -0.19 0.01 -0.22
194 103 393 106 28 -0.04 0.05 0.02 -0.08 0.0 -0.22
195 95 438 104 29 -0.04 0.05 0.03 -0.07 0.04 -0.24
196 93 413 98 28 -0.04 0.04 0.01 0.0 0.03 -0.07
197 94 418 91 29 -0.05 0.05 -0.01 -0.02 0.04 0.03
198 104 419 95 28 -0.06 0.06 -0.02 -0.11 0.06 -0.17
199 104 428 92 30 -0.06 0.06 -0.01 -0.16 0.09 -0.17
200 96 425 98 28 -0.04 0.04 0.01 -0.14 0.03 -0.18
201 87 394 96 27 -0.04 0.04 0.03 -0.14 0.01 -0.13
202 81 373 88 26 -0.03 0.02 0.05 0.0 -0.07 -0.28
203 79 350 81 26 -0.03 0.03 0.07 0.0 -0.12 -0.31
204 76 337 75 25 -0.03 0.04 0.08 -0.01 -0.18 -0.38
205 75 327 73 25 -0.06 0.09 0.08 0.14 -0.33 -0.85
206 74 333 71 25 -0.13 0.22 0.14 0.21 -0.36 -1.2
207 70 360 65 24 -0.17 0.31 0.19 0.19 -0.39 -1.63
208 61 338 61 24 -0.25 0.46 0.32 -0.06 -0.37 -1.76
209 80 325 59 24 -0.32 0.56 0.42 -0.51 -0.42 -2.18
210 67 310 56 24 -0.38 0.56 0.44 -0.22 -0.2 -2.13
211 71 306 56 24 -0.55 0.76 0.51 -0.97 -0.27 -2.1
212 65 299 54 24 -0.72 0.89 0.53 -0.2 -0.17 -1.73
213 63 294 55 24 -0.84 1.01 0.55 -0.25 -0.15 -1.55
214 60 278 55 24 -1.13 1.18 0.56 -0.33 -0.27 -1.17
215 74 302 56 24 -1.46 1.19 0.52 -0.12 -0.13 -0.64
216 80 295 57 24 -1.64 1.14 0.5 0.06 -0.23 -0.17
217 75 289 59 24 -1.94 0.99 0.45 -0.05 0.12 -0.16
218 71 282 58 31 -2.24 0.89 0.36 -1.27 0.09 -0.09
219 73 288 65 123 -2.38 0.81 0.32 -1.19 0.18 -0.01
220 67 294 69 187 -2.64 0.79 0.23 -0.49 0.59 -0.04
221 64 290 68 184 -2.98 1.25 0.21 0.78 0.08 -0.71
222 58 271 68 151 -3.0 1.55 0.19 0.83 -0.05 -1.02
223 51 261 66 126 -2.77 1.84 0.14 0.07 -0.54 -0.78
224 43 250 63 103 -2.49 1.74 0.27 -0.73 -0.71 0.08
225 37 240 60 85 -2.38 1.52 0.31 -1.13 -0.73 0.23
226 65 236 58 73 -2.05 0.75 0.37 -1.08 -0.84 0.04
227 53 229 55 61 -1.51 0.15 0.21 -0.65 -0.42 -1.07
228 45 223 53 53 -1.42 0.12 0.16 0.54 -0.05 -2.89
229 42 215 51 47 -1.42 0.62 0.17 -0.02 -0.93 -4.36
230 49 205 56 42 -0.84 0.8 0.15 -2.08 -4.03 2.95
231 40 191 67 37 -0.12 0.2 0.06 0.53 -2.71 6.56
232 37 180 68 35 1.15 0.95 0.23 1.01 0.19 8.93
233 33 168 69 32 0.93 2.2 -0.21 0.02 0.22 5.1
234 31 157 69 30 0.88 1.51 -0.3 -1.44 1.04 2.12
235 32 147 68 29 0.38 0.89 -0.21 -2.41 1.02 -0.5
236 28 136 77 27 0.32 0.72 -0.14 -1.9 0.62 0.25
237 26 125 78 27 0.37 0.51 -0.13 -0.71 0.58 0.51
238 25 117 77 25 0.36 0.03 -0.08 0.51 0.44 0.49
239 35 107 72 26 0.25 -0.07 -0.01 0.97 0.16 0.12
240 31 100 73 25 0.19 0.01 0.01 1.01 0.17 0.01
241 28 94 79 24 0.16 0.3 -0.01 0.66 -0.04 -0.15
242 25 89 80 24 0.19 0.51 -0.04 -0.23 -0.08 -0.04
243 25 86 78 24 0.2 0.49 -0.04 -0.37 0.01 0.02
244 24 85 73 24 0.12 0.22 -0.01 -0.57 0.06 -0.04
245 29 83 70 23 0.09 0.03 0.01 -0.29 0.05 0.04
246 31 84 71 23 0.09 -0.01 0.0 0.0 0.04 -0.06
247 29 85 70 24 0.11 -0.01 0.0 0.28 0.04 0.08
248 25 87 74 23 0.11 0.08 0.0 0.2 0.01 -0.01
249 24 93 74 23 0.11 0.12 0.0 0.13 0.02 -0.03
250 22 96 71 23 0.1 0.14 0.01 -0.04 0.04 -0.04
251 21 101 71 24 0.05 0.06 0.02 -0.08 0.06 0.04
252 21 107 66 23 0.03 0.03 0.03 -0.03 0.08 0.12
-100 -100 -100 -100 -100 -100 -100 -100 -100 -100 -100
253 21 112 63 23 0.01 0.01 0.04 0.1 0.07 0.0
254 19 117 60 24 -0.01 0.01 0.04 0.1 0.03 0.0
255 18 121 62 23 -0.01 0.01 0.04 0.1 -0.02 -0.02
256 18 127 62 24 -0.01 0.03 0.04 -0.03 -0.01 -0.01
257 24 131 60 23 -0.02 0.02 0.04 -0.05 0.0 0.0
258 23 135 68 24 -0.01 0.01 0.04 -0.02 0.03 0.0
259 21 140 65 23 0.0 0.01 0.03 -0.04 0.03 -0.01
260 29 144 62 23 0.01 0.02 0.02 -0.12 0.07 -0.03
261 27 149 57 23 0.02 0.02 0.01 -0.12 0.06 -0.03
262 24 152 56 23 0.04 0.02 -0.01 -0.06 0.07 0.0
263 23 154 53 23 0.06 0.03 -0.02 -0.02 0.05 -0.03
264 21 158 51 25 0.06 0.03 -0.03 0.0 0.03 -0.04
265 21 161 51 23 0.07 0.01 -0.03 -0.02 0.01 0.0
266 19 165 51 23 0.07 -0.0 -0.03 -0.01 -0.04 -0.04
267 19 168 55 24 0.08 -0.01 -0.03 0.0 0.05 -0.04
268 19 169 56 23 0.09 -0.01 -0.03 0.01 0.06 0.0
269 19 170 57 24 0.07 -0.01 -0.02 0.1 0.09 0.1
270 18 171 73 23 0.05 -0.0 -0.02 0.06 0.06 0.05
271 27 171 70 23 0.02 0.01 -0.01 0.03 0.15 0.0
272 27 173 67 23 0.0 0.01 0.0 0.0 0.09 0.11
273 26 176 64 23 -0.01 -0.02 0.0 0.0 0.04 0.05
274 24 178 70 23 -0.02 -0.01 0.0 0.05 0.1 0.01
275 22 180 72 23 -0.03 -0.01 0.0 0.0 0.04 0.0
276 21 183 75 23 -0.02 0.0 0.01 0.05 0.07 0.01
277 21 185 70 23 -0.03 0.0 0.0 -0.02 0.02 0.0
278 22 187 69 23 -0.03 -0.01 0.01 -0.02 0.04 0.01
279 22 189 73 23 -0.03 -0.02 0.0 -0.02 0.06 0.0
280 22 191 73 23 -0.03 -0.03 0.0 0.0 0.04 -0.01
281 21 191 69 23 -0.03 -0.02 0.0 0.06 0.1 0.03
282 22 192 74 24 -0.04 -0.02 0.01 0.05 0.11 0.02
283 22 192 72 23 -0.04 -0.01 0.01 0.06 0.08 -0.01
284 22 193 80 23 -0.03 -0.0 0.0 0.01 0.07 -0.01
285 22 194 77 23 -0.02 0.0 -0.0 -0.04 0.04 -0.02
286 25 195 73 24 -0.02 0.0 -0.01 -0.09 0.06 -0.01
287 32 195 70 23 -0.01 -0.01 -0.02 -0.06 0.09 0.04
288 31 195 70 23 -0.02 -0.03 -0.01 -0.03 0.11 0.0
289 29 194 77 23 -0.03 -0.04 -0.01 0.03 0.09 0.0
290 29 192 78 23 -0.04 -0.04 -0.0 0.08 0.04 0.01
291 27 191 76 23 -0.05 -0.03 0.0 0.04 0.04 -0.05
292 26 190 75 23 -0.04 -0.03 0.01 -0.02 0.0 -0.05
293 24 190 72 23 -0.04 -0.03 0.02 -0.01 0.03 -0.01
294 24 189 69 24 -0.04 -0.04 0.02 -0.03 0.04 0.0
295 25 189 72 24 -0.03 -0.02 0.01 -0.01 0.03 -0.04
296 25 189 73 24 -0.03 -0.02 0.01 0.0 0.05 0.0
297 23 191 71 23 -0.02 -0.01 0.01 -0.01 0.09 0.0
298 22 190 67 23 -0.02 -0.02 0.01 -0.04 0.11 -0.01
299 22 189 69 23 -0.02 -0.02 0.01 -0.03 0.08 0.0
300 21 188 67 26 -0.02 -0.03 0.01 0.0 0.1 -0.01
-200 -200 -200 -200 -200 -200 -200 -200 -200 -200 -200
301 23 189 72 23 -0.01 -0.02 0.01 0.06 0.05 -0.02
302 24 189 69 23 -0.01 -0.01 0.01 0.07 0.08 0.0
303 23 188 75 23 -0.02 0.0 0.01 0.02 0.07 0.0
304 28 189 71 23 -0.02 -0.01 0.01 -0.04 0.06 -0.02
305 26 192 72 23 -0.02 -0.01 0.01 -0.03 0.06 -0.01
306 26 192 71 23 -0.01 -0.02 0.01 -0.04 0.08 -0.03
307 24 194 69 23 -0.01 -0.02 0.01 0.01 0.09 0.0
308 24 196 67 23 -0.01 -0.02 0.01 0.0 0.09 -0.01
309 24 197 66 23 -0.0 -0.01 0.0 0.0 0.09 0.0
310 24 198 65 23 0.0 0.01 -0.01 0.0 0.1 0.0
311 23 199 63 23 0.01 0.02 -0.01 -0.06 0.08 -0.03
312 22 199 67 23 0.02 0.03 -0.02 -0.06 0.08 -0.04
313 29 201 74 23 0.04 0.03 -0.03 0.01 0.04 0.0
314 29 203 72 23 0.05 0.04 -0.03 -0.01 0.04 0.0
315 29 204 70 23 0.07 0.04 -0.04 -0.12 0.04 -0.07
316 28 203 69 23 0.09 0.02 -0.04 -0.06 0.06 -0.04
317 33 201 69 23 0.09 -0.0 -0.04 -0.08 0.13 0.01
318 34 202 65 26 0.09 -0.04 -0.04 -0.03 0.16 0.04
319 42 201 64 25 0.07 -0.06 -0.04 0.02 0.17 0.02
320 76 208 61 26 0.06 -0.07 -0.04 0.01 0.09 -0.01
321 105 207 59 26 0.04 -0.08 -0.04 -0.04 0.1 -0.01
322 120 211 57 37 -0.0 -0.15 -0.03 -0.16 0.04 -0.07
323 162 234 58 37 -0.06 -0.22 -0.02 -0.36 -0.07 0.02
324 169 239 59 40 -0.11 -0.39 0.01 -0.32 -0.09 -0.01
325 192 253 59 38 -0.14 -0.65 0.03 -0.31 -0.18 -0.07
326 316 292 65 35 -0.09 -0.74 0.02 -0.12 -0.12 -0.2
327 281 292 64 35 0.09 -0.87 -0.05 -0.17 -0.18 -0.28
328 270 312 62 54 0.33 -1.23 -0.15 -0.72 -0.35 0.4
329 243 371 64 50 0.42 -1.54 -0.21 1.56 -0.66 0.91
330 219 457 70 48 0.65 -1.27 -0.35 1.32 -0.74 0.52
331 216 476 83 45 1.11 -0.71 -0.46 -0.93 -0.84 -0.7
332 177 488 81 47 1.38 -1.02 -0.6 1.8 2.06 0.71
333 169 435 93 47 1.5 -1.32 -0.5 -0.43 1.86 1.32
334 170 478 96 44 1.64 -2.08 -0.61 1.98 0.33 2.59
335 158 427 92 40 1.41 -1.75 -0.55 0.07 1.05 2.75
336 138 462 97 39 1.13 -1.01 -0.45 0.04 1.52 2.54
337 124 415 94 36 1.07 -0.62 -0.55 -0.14 1.29 2.02
338 109 430 96 38 1.1 -0.59 -0.56 0.44 1.04 2.26
339 101 463 97 39 1.21 -0.86 -0.58 0.54 0.92 1.93
340 130 498 94 36 1.34 -1.01 -0.58 1.03 0.81 1.49
341 128 555 91 33 1.34 -0.93 -0.57 0.93 0.66 1.41
342 131 530 97 32 1.43 -0.79 -0.58 0.21 0.29 0.98
343 148 504 94 36 1.48 -0.78 -0.54 0.21 0.22 0.77
344 129 542 109 36 1.43 -0.75 -0.49 0.12 0.12 0.54
345 125 502 106 33 1.48 -0.72 -0.5 -0.26 0.13 0.22
346 123 530 107 33 1.48 -0.72 -0.49 -0.23 -0.18 0.23
347 126 536 118 33 1.45 -0.71 -0.45 -0.32 -0.24 0.23
348 128 493 119 40 1.4 -0.66 -0.4 -0.45 -0.19 -0.19
349 150 502 120 44 1.35 -0.65 -0.35 -0.56 -0.42 -0.54
350 147 482 120 39 1.33 -0.64 -0.31 -0.48 -0.61 -1.01
351 143 480 122 40 1.3 -0.55 -0.21 -0.52 -0.62 -0.97
352 129 467 112 39 1.21 -0.49 -0.12 -0.68 -0.71 -1.05
353 139 441 121 36 1.16 -0.5 -0.09 -0.81 -0.78 -1.01
354 168 416 118 36 1.05 -0.51 -0.03 -0.58 -0.84 -1.24
355 148 407 110 40 0.87 -0.52 0.0 -0.56 -0.73 -1.33
356 136 365 116 54 0.8 -0.53 0.0 -0.32 -0.57 -1.71
357 156 353 125 58 0.66 -0.45 0.04 -0.35 -0.6 -1.8
358 186 423 139 67 0.56 -0.31 0.03 -0.71 -0.44 -1.88
359 192 409 135 65 0.51 -0.3 0.01 -0.95 -0.56 -1.85
360 227 399 140 71 0.43 -0.27 -0.02 -1.13 -0.67 -1.84
361 201 388 140 75 0.31 -0.18 -0.0 -1.21 -0.7 -1.41
362 204 433 146 90 0.22 -0.14 0.01 -1.11 -0.63 -1.45
363 238 493 151 92 0.09 -0.12 0.07 -0.99 -0.58 -1.46
364 219 541 143 87 0.01 -0.15 0.13 -0.81 -0.59 -1.56
365 217 538 136 85 -0.03 -0.14 0.16 -0.43 -0.61 -1.33
366 222 509 138 85 -0.06 -0.17 0.17 -0.22 -0.45 -0.89
367 225 517 149 104 -0.08 -0.19 0.16 -0.2 -0.41 -0.66
368 223 496 150 98 -0.08 -0.18 0.16 -0.15 -0.25 0.24
369 242 629 152 95 -0.07 -0.13 0.14 -0.24 -0.12 0.2
370 261 771 156 93 -0.06 -0.08 0.13 -0.25 -0.03 0.04
371 241 747 145 83 -0.03 -0.08 0.11 -0.26 -0.01 -0.13
372 247 734 176 106 -0.02 -0.09 0.13 -0.21 0.05 0.03
373 234 764 163 97 -0.0 -0.1 0.14 -0.14 0.28 -0.2
374 229 667 152 82 -0.01 -0.1 0.15 0.0 0.31 -0.15
375 233 676 143 74 -0.0 -0.05 0.16 0.25 0.3 -0.03
376 193 610 138 78 -0.02 -0.01 0.14 0.53 0.27 0.17
377 219 587 157 75 -0.03 0.05 0.12 0.41 0.29 -0.03
378 251 561 160 76 -0.06 0.12 0.07 0.55 0.13 -0.17
379 241 553 155 71 -0.07 0.06 0.01 0.3 0.12 0.07
380 255 593 152 75 -0.08 0.05 -0.01 0.28 0.17 0.04
381 230 575 160 67 -0.09 0.09 -0.03 0.2 0.13 -0.31
382 200 552 161 74 -0.09 0.07 -0.04 0.26 0.13 -0.44
383 181 542 152 62 -0.09 0.05 -0.04 0.01 0.09 -0.32
384 175 525 148 59 -0.12 0.02 -0.03 -0.19 0.13 -0.03
385 168 561 140 58 -0.14 0.05 -0.03 -0.11 0.17 -0.3
386 272 549 149 60 -0.15 0.08 -0.01 0.07 0.1 -0.41
387 238 592 150 54 -0.13 0.14 0.02 0.0 -0.05 -0.31
388 209 597 142 49 -0.09 0.04 0.03 0.0 -0.13 0.17
389 193 622 135 56 -0.08 0.01 0.03 0.02 -0.14 0.18
390 183 589 133 51 -0.07 0.02 0.02 0.07 -0.04 0.06
391 196 593 127 48 -0.06 0.04 -0.01 0.05 0.08 -0.05
392 167 557 126 45 -0.05 0.04 -0.03 0.07 0.06 -0.12
393 156 530 134 40 -0.05 0.06 -0.04 -0.04 0.1 -0.14
394 177 499 131 37 -0.04 0.03 -0.04 -0.13 0.02 -0.04
395 247 495 122 34 -0.03 0.04 -0.03 -0.09 0.0 -0.01
396 233 515 129 32 -0.03 0.06 -0.01 -0.18 -0.03 -0.16
397 201 537 125 33 -0.02 0.04 0.01 -0.09 0.0 -0.3
398 173 511 123 32 -0.02 0.03 0.02 -0.06 0.02 -0.47
399 158 471 119 31 -0.03 0.01 0.02 0.09 0.01 -0.52
400 144 433 118 33 -0.05 0.03 0.01 0.04 0.05 -0.29
401 164 456 115 31 -0.06 0.03 -0.01 0.07 0.03 -0.23
402 158 441 126 32 -0.09 0.07 -0.02 0.06 0.07 -0.28
403 187 478 118 42 -0.11 0.07 -0.04 -0.01 0.03 -0.2
404 171 477 124 39 -0.12 0.06 -0.04 -0.07 0.05 -0.18
405 169 458 123 36 -0.13 0.03 -0.05 -0.09 -0.06 -0.24
406 164 451 120 34 -0.11 0.05 -0.05 -0.13 -0.04 0.07
407 169 423 131 32 -0.1 0.05 -0.04 -0.18 -0.04 0.13
408 151 457 124 35 -0.07 0.05 -0.04 -0.09 -0.03 -0.01
409 138 438 124 36 -0.05 0.04 -0.02 -0.22 0.06 -0.03
410 144 417 119 31 -0.04 0.04 -0.02 -0.15 0.05 -0.09
411 136 440 118 30 -0.04 0.05 0.01 -0.18 0.08 -0.14
412 131 414 125 29 -0.03 0.02 0.01 -0.12 0.08 -0.11
413 137 434 128 28 -0.03 0.02 0.02 -0.07 0.07 -0.07
414 161 402 129 28 -0.03 0.02 0.02 -0.08 0.09 -0.1
415 161 408 120 27 -0.03 0.02 0.02 -0.07 0.06 -0.18
416 141 426 116 26 -0.04 0.02 0.02 -0.05 0.1 -0.24
417 159 431 106 27 -0.03 0.04 0.01 0.06 0.07 -0.33
418 161 399 109 26 -0.03 0.04 -0.0 0.12 0.04 -0.26
419 160 412 104 26 -0.03 0.04 -0.01 -0.03 0.04 -0.18
420 158 397 104 25 -0.03 0.02 -0.02 -0.02 0.04 -0.11
421 145 403 104 25 -0.03 0.04 -0.02 -0.05 0.02 -0.11
422 131 423 106 27 -0.04 0.07 -0.02 -0.09 0.03 -0.11
423 115 425 101 26 -0.04 0.09 -0.01 -0.06 -0.06 -0.27
424 102 403 104 25 -0.03 0.07 0.0 -0.09 -0.07 -0.22
425 93 407 108 28 -0.03 0.08 0.01 -0.05 -0.07 -0.22
426 121 421 111 27 -0.04 0.12 0.02 -0.13 -0.02 -0.16
427 117 416 109 27 -0.07 0.15 0.04 -0.22 -0.04 -0.28
428 112 413 107 27 -0.08 0.17 0.05 -0.34 -0.03 -0.45
429 97 413 104 27 -0.1 0.15 0.11 -0.33 -0.1 -0.55
430 90 422 103 26 -0.13 0.14 0.16 -0.21 -0.13 -0.49
431 76 413 94 26 -0.15 0.13 0.18 -0.17 -0.14 -0.47
432 73 418 94 25 -0.18 0.14 0.2 -0.05 -0.17 -0.55
433 68 414 95 25 -0.24 0.24 0.21 -0.02 -0.22 -0.49
434 72 431 90 27 -0.27 0.29 0.21 -0.08 -0.24 -0.52
435 77 408 84 26 -0.34 0.36 0.2 -0.13 -0.28 -0.68
436 71 389 79 26 -0.37 0.44 0.21 -0.22 -0.24 -0.95
437 60 357 77 25 -0.4 0.45 0.2 -0.17 -0.33 -1.0
438 58 355 76 25 -0.46 0.53 0.21 -0.05 -0.31 -0.9
439 54 345 73 24 -0.56 0.64 0.24 -0.08 -0.31 -0.85
440 68 377 71 24 -0.64 0.68 0.28 0.0 -0.28 -0.9
441 72 353 74 24 -0.81 0.78 0.36 0.12 -0.05 -1.06
442 66 366 78 24 -0.99 0.99 0.45 -0.08 0.14 -1.15
443 83 337 76 24 -1.09 1.13 0.45 -0.03 0.1 -1.2
444 85 312 72 25 -1.28 1.46 0.44 -0.31 0.3 -1.34
445 85 291 69 24 -1.58 1.58 0.44 0.37 0.42 -0.91
446 103 275 67 24 -1.72 1.57 0.39 0.28 0.39 -0.77
447 88 260 65 24 -1.89 1.32 0.23 -0.01 0.27 -0.59
448 78 258 64 37 -1.94 1.05 0.08 0.26 0.37 -0.4
449 69 251 61 45 -1.96 1.06 -0.0 0.53 0.38 -0.43
450 66 248 58 40 -1.99 1.34 -0.13 0.31 0.17 -0.91
451 95 242 56 37 -2.08 1.7 -0.15 -0.36 -0.01 -1.3
452 81 238 54 35 -2.14 1.81 -0.13 -0.29 0.03 -1.4
453 67 234 53 35 -2.17 1.8 -0.07 -1.38 -0.22 -2.04
454 57 220 52 39 -2.03 1.33 -0.05 -0.98 -0.39 -1.36
455 54 209 52 38 -1.97 0.93 -0.09 -1.35 -0.37 -0.93
456 45 196 54 34 -1.63 0.13 -0.08 -0.16 -0.63 -0.13
457 69 186 57 32 -1.48 -0.03 -0.11 0.37 -0.52 0.0
458 63 173 68 30 -1.43 0.04 -0.12 0.09 -0.59 -0.29
459 52 160 68 29 -1.41 0.28 -0.02 0.7 0.1 -0.7
460 47 149 75 27 -1.53 0.54 0.12 -2.31 -2.34 1.02
461 47 134 92 28 -1.07 0.37 0.34 -4.26 -6.47 18.67
462 40 123 102 27 1.15 1.16 -0.26 5.54 1.14 12.09
463 35 116 97 26 0.38 0.91 -0.43 -1.28 1.6 -1.87
464 35 106 91 26 0.39 0.91 -0.39 -1.32 1.33 -2.54
465 31 99 86 25 0.39 0.32 -0.14 -1.81 0.57 -0.38
466 28 99 82 25 0.2 -0.19 -0.1 0.79 0.2 -0.04
467 25 101 80 25 0.14 -0.3 -0.08 1.58 -0.02 0.6
468 30 103 90 25 0.14 -0.15 0.02 1.18 -0.13 0.1
469 27 105 88 25 0.19 0.15 0.03 0.8 0.21 -0.46
470 58 111 87 24 0.15 0.34 0.03 0.64 0.09 -0.26
471 49 115 77 24 0.06 0.56 0.06 0.39 -0.09 0.17
472 43 120 72 25 -0.02 0.4 0.06 -0.11 0.01 0.29
473 38 124 75 24 -0.04 0.33 0.07 -0.37 0.0 0.27
474 34 129 75 24 -0.01 0.25 0.04 -0.48 0.3 0.11
475 31 132 72 24 -0.04 0.17 0.04 -0.42 0.12 0.19
476 28 133 77 24 -0.01 0.1 0.03 -0.11 0.72 0.24
477 32 137 73 24 -0.02 0.05 0.01 -0.22 0.3 -0.01
478 29 141 71 24 -0.01 -0.0 0.01 -0.06 0.13 -0.02
479 26 142 72 24 0.0 -0.03 0.0 -0.05 0.07 -0.03
-100 -100 -100 -100 -100 -100 -100 -100 -100 -100 -100
480 29 142 72 24 -0.0 -0.08 -0.01 0.06 0.05 -0.06
481 26 145 84 24 0.03 -0.06 -0.02 0.12 0.03 0.03
482 24 146 76 24 0.04 -0.03 -0.02 0.17 0.0 0.02
483 22 148 73 24 0.05 0.0 -0.01 0.25 0.07 -0.12
484 21 152 75 23 0.06 0.03 -0.01 0.26 0.02 -0.03
485 19 153 77 23 0.07 0.04 -0.0 0.21 0.05 0.0
486 19 155 76 24 0.08 0.07 -0.0 0.05 0.09 0.03
487 19 163 72 24 0.07 0.08 0.0 0.01 0.09 0.05
488 19 162 68 23 0.07 0.08 0.0 -0.04 0.11 0.05
489 18 164 73 23 0.06 0.05 0.0 0.08 0.16 0.04
490 24 167 70 24 0.04 0.05 0.0 0.0 0.22 0.04
491 23 170 73 23 0.02 0.04 0.01 0.0 0.2 0.06
492 21 171 72 23 0.0 0.0 0.01 0.03 0.16 0.04
493 21 172 71 24 -0.02 -0.03 0.03 0.07 0.17 0.07
494 21 174 71 23 -0.03 -0.03 0.03 0.1 0.14 0.08
495 21 174 68 23 -0.05 -0.02 0.03 0.16 0.13 0.0
496 22 176 72 23 -0.05 0.0 0.03 0.09 0.09 -0.01
497 26 178 69 23 -0.05 0.01 0.02 0.03 0.06 0.0
498 28 177 70 23 -0.04 0.01 0.02 0.01 0.1 0.0
499 32 177 72 23 -0.04 0.01 0.01 -0.07 0.09 -0.05
500 35 179 71 23 -0.03 0.01 0.01 -0.07 0.12 -0.02
501 37 181 70 23 -0.01 0.0 0.01 -0.07 0.12 -0.01
502 39 182 70 23 -0.0 -0.01 0.01 0.03 0.14 0.01
503 44 185 67 23 -0.0 -0.01 0.0 0.06 0.16 0.03
504 41 187 65 23 0.0 0.0 0.0 0.05 0.13 0.01
505 58 187 71 23 0.0 0.01 -0.0 0.02 0.11 -0.03
506 64 188 69 23 0.0 0.01 -0.01 0.04 0.07 -0.01
507 62 190 69 23 0.0 0.05 -0.02 -0.13 0.05 -0.09
508 66 193 67 23 0.02 0.07 -0.02 0.03 0.07 0.05
509 60 194 71 23 0.03 0.08 -0.01 0.07 0.07 0.08
510 56 195 69 23 0.03 0.04 0.0 0.09 0.12 0.03
511 56 196 67 23 0.02 0.02 0.01 0.14 0.16 0.09
512 56 196 71 23 0.01 0.01 0.01 0.13 0.15 0.06
513 67 198 70 23 0.0 0.01 0.02 0.1 0.14 0.05
514 66 197 77 24 -0.01 0.02 0.01 0.02 0.1 0.04
515 60 195 83 23 -0.02 0.03 0.01 0.0 0.09 0.0
516 61 194 84 23 -0.01 0.03 0.01 -0.02 0.06 0.01
517 64 195 82 23 -0.02 0.01 0.01 0.0 0.11 0.03
518 61 195 81 26 -0.02 0.0 0.01 0.01 0.12 0.01
519 61 195 80 24 -0.02 0.0 0.0 0.03 0.15 -0.01
520 71 196 82 23 -0.0 0.0 0.0 0.05 0.17 0.0
-200 -200 -200 -200 -200 -200 -200 -200 -200 -200 -200
521 68 196 78 23 -0.01 0.01 0.0 0.03 0.09 0.03
522 66 196 79 24 -0.02 0.02 0.0 -0.05 0.06 0.0
523 66 194 81 23 -0.01 0.0 -0.01 -0.01 0.05 -0.02
524 62 195 76 23 -0.0 0.0 -0.01 -0.03 0.05 0.0
525 58 195 76 25 0.0 0.0 -0.01 -0.02 0.07 0.0
526 63 195 73 23 0.01 -0.01 -0.01 0.07 0.12 0.01
527 69 196 72 23 0.01 -0.01 -0.01 0.07 0.1 0.01
528 79 197 72 23 0.01 0.0 -0.01 0.04 0.07 -0.01
529 75 197 75 23 0.01 0.01 -0.01 0.03 0.04 0.03
530 70 199 76 23 0.01 0.01 -0.01 0.0 0.04 0.05
531 66 199 77 23 0.01 0.0 -0.02 0.0 0.03 -0.01
532 84 201 76 24 0.02 0.0 -0.01 0.04 0.11 0.0
533 75 205 72 23 0.02 0.01 -0.01 0.05 0.16 0.02
534 82 195 69 25 0.01 0.01 -0.01 0.0 0.18 0.03
535 89 216 68 29 0.01 0.0 -0.01 0.0 0.13 0.0
536 80 224 65 35 0.01 0.0 -0.02 -0.07 0.05 0.01
537 88 225 66 35 0.05 -0.05 -0.01 -0.17 -0.02 0.01
538 89 239 67 38 0.08 -0.09 -0.01 0.01 -0.05 -0.12
539 87 261 73 35 0.12 -0.11 0.02 0.09 -0.09 -0.03
540 104 293 72 33 0.14 -0.12 0.04 0.21 0.03 0.01
541 131 290 71 41 0.13 -0.12 0.05 0.11 0.06 0.02
542 126 337 67 47 0.18 -0.21 0.03 0.13 0.13 0.07
543 125 338 69 42 0.2 -0.3 0.04 -0.01 0.21 0.36
544 120 332 75 49 0.21 -0.35 0.04 -0.15 0.1 0.49
545 110 352 78 47 0.24 -0.41 0.04 -0.17 0.12 0.64
546 101 349 79 43 0.24 -0.57 0.03 -0.21 0.02 0.97
547 93 435 79 39 0.22 -0.7 0.03 -0.35 0.04 1.32
548 100 393 76 36 0.29 -0.97 0.04 -0.97 -0.1 0.95
549 96 454 81 35 0.51 -1.25 0.0 -1.38 -0.45 0.99
550 98 488 83 33 0.79 -1.72 -0.19 -0.72 0.23 1.79
551 125 465 85 31 0.88 -1.97 -0.06 -0.64 0.58 1.83
552 122 488 90 36 1.17 -2.03 -0.15 0.55 0.59 2.14
553 129 548 94 35 1.23 -1.79 -0.18 0.54 0.72 1.53
554 109 531 89 32 1.37 -1.76 -0.31 0.77 0.68 1.57
555 125 590 98 32 1.4 -1.58 -0.39 0.88 0.75 1.31
556 131 607 97 31 1.39 -1.48 -0.42 0.83 0.67 0.95
557 133 657 106 30 1.39 -1.34 -0.48 0.91 0.42 0.9
558 116 606 101 37 1.34 -1.21 -0.53 0.64 0.28 0.64
559 112 587 101 38 1.31 -1.12 -0.54 0.22 -0.03 0.33
560 113 639 109 41 1.34 -1.07 -0.53 0.28 0.01 0.2
561 112 641 120 43 1.4 -1.0 -0.53 0.06 0.07 -0.19
562 116 611 126 45 1.44 -0.93 -0.53 0.03 -0.26 -0.03
563 134 722 128 51 1.44 -0.81 -0.48 -0.17 -0.34 0.19
564 135 725 128 49 1.42 -0.71 -0.43 -0.45 -0.37 0.11
565 147 704 124 48 1.41 -0.68 -0.41 -0.53 -0.33 -0.19
566 142 696 118 49 1.35 -0.65 -0.37 -0.56 -0.26 -0.31
567 145 671 120 48 1.25 -0.59 -0.29 -0.58 -0.42 -0.26
568 138 620 112 58 1.22 -0.57 -0.26 -0.78 -0.24 -0.49
569 142 565 107 59 1.13 -0.53 -0.22 -0.65 -0.38 -0.6
570 143 520 113 56 1.09 -0.44 -0.2 -0.06 -0.41 -1.14
571 180 503 118 61 1.1 -0.41 -0.2 -0.46 -0.36 -1.04
572 203 548 121 58 1.09 -0.46 -0.2 -0.6 -0.36 -0.91
573 184 491 114 59 1.08 -0.57 -0.2 -0.52 -0.39 -0.75
574 182 464 129 71 1.05 -0.56 -0.18 -0.39 -0.37 -0.66
575 202 505 134 71 0.97 -0.51 -0.17 -0.53 -0.46 -0.68
576 190 489 133 68 0.88 -0.45 -0.14 -0.7 -0.29 -0.79
577 169 547 130 68 0.82 -0.46 -0.12 -0.63 -0.26 -1.01
578 238 548 128 64 0.73 -0.46 -0.09 -0.59 -0.26 -1.01
579 244 531 141 67 0.63 -0.45 -0.05 -0.55 -0.2 -1.28
580 229 564 135 64 0.58 -0.45 -0.03 -0.55 -0.11 -1.22
581 206 643 136 61 0.45 -0.39 0.03 -0.54 -0.05 -1.06
582 215 623 133 57 0.31 -0.3 0.04 -0.2 -0.06 -1.27
583 274 591 149 57 0.26 -0.26 0.04 -0.05 0.01 -1.49
584 247 586 157 54 0.16 -0.19 0.01 -0.03 -0.05 -1.44
585 259 579 141 50 0.08 -0.17 -0.02 0.0 -0.02 -1.21
586 265 519 131 50 0.03 -0.14 -0.03 -0.25 -0.06 -0.78
587 239 549 134 56 -0.09 -0.01 -0.06 -0.38 0.01 -0.77
588 236 548 132 54 -0.21 0.09 -0.06 -0.47 0.0 -0.97
589 212 647 134 48 -0.25 0.09 -0.07 -0.26 -0.01 -1.13
590 186 675 138 63 -0.25 0.07 -0.07 -0.15 -0.01 -0.99
591 254 640 137 62 -0.26 0.13 -0.06 -0.34 -0.26 -0.4
592 240 570 150 56 -0.26 0.14 -0.05 -0.29 -0.32 0.13
593 243 548 143 60 -0.22 0.14 -0.06 -0.33 -0.27 0.34
594 226 558 143 55 -0.2 0.19 -0.04 -0.47 -0.09 0.51
595 215 557 132 50 -0.2 0.2 -0.02 -0.43 0.04 0.32
596 192 615 129 48 -0.2 0.17 -0.0 -0.35 0.1 0.14
597 169 569 132 47 -0.22 0.16 0.01 -0.16 0.18 -0.14
598 201 548 126 47 -0.23 0.18 0.01 0.0 0.17 -0.26
599 232 512 130 48 -0.23 0.18 0.02 0.07 0.19 -0.31
600 203 559 133 44 -0.22 0.15 0.04 0.09 0.24 -0.24
601 179 570 130 43 -0.21 0.13 0.04 0.1 0.21 0.04
602 180 521 124 43 -0.2 0.13 0.04 0.1 0.19 0.1
603 166 506 118 41 -0.2 0.14 0.03 0.12 0.17 0.1
604 153 486 115 39 -0.19 0.15 0.02 0.02 0.2 0.07
605 157 476 112 37 -0.17 0.15 0.03 0.02 0.15 0.19
606 166 454 116 36 -0.13 0.06 0.03 0.05 0.16 0.23
607 167 465 115 35 -0.12 0.05 0.03 0.04 0.11 0.19
608 186 439 106 34 -0.12 0.09 0.05 0.05 0.1 0.22
609 173 458 103 32 -0.11 0.11 0.04 0.08 0.18 0.06
610 166 434 103 31 -0.12 0.1 0.03 0.14 0.23 -0.15
611 149 414 113 30 -0.11 0.08 0.01 0.14 0.19 -0.16
612 165 441 120 30 -0.1 0.05 0.0 0.08 0.1 -0.08
613 145 446 113 33 -0.1 0.03 -0.0 -0.01 0.13 0.09
614 140 430 109 32 -0.09 0.01 -0.01 -0.02 0.13 0.23
615 122 437 103 33 -0.09 0.03 -0.02 -0.08 0.11 -0.01
616 134 394 108 38 -0.09 0.03 -0.02 -0.09 0.09 -0.1
617 125 425 109 38 -0.07 0.04 -0.01 -0.05 0.08 -0.07
618 113 443 114 36 -0.05 0.04 0.0 -0.11 0.11 0.07
619 126 422 105 34 -0.04 0.04 0.0 -0.2 0.1 0.07
620 116 432 98 32 -0.04 0.03 -0.0 -0.21 0.09 0.03
621 110 408 93 31 -0.04 0.03 -0.0 -0.21 0.13 -0.12
622 114 385 107 30 -0.05 0.03 -0.01 -0.17 0.12 -0.23
623 123 424 108 32 -0.05 0.05 -0.0 -0.16 0.11 -0.22
624 117 399 109 31 -0.05 0.07 0.01 -0.17 0.07 -0.03
625 116 400 111 31 -0.04 0.05 0.0 -0.17 0.05 -0.02
626 139 413 108 30 -0.04 0.05 -0.0 -0.11 0.05 -0.05
627 135 391 100 28 -0.04 0.07 0.01 -0.12 0.08 -0.01
628 123 380 99 28 -0.04 0.07 0.01 -0.11 0.09 -0.06
629 104 390 99 27 -0.03 0.05 0.01 -0.07 0.04 -0.11
630 94 361 95 27 -0.03 0.04 0.01 -0.05 0.1 -0.16
631 89 351 86 27 -0.04 0.04 0.01 -0.04 0.1 -0.14
632 86 343 80 30 -0.06 0.05 0.0 -0.02 0.09 -0.18
633 75 368 80 30 -0.09 0.06 0.0 -0.04 0.01 -0.24
634 70 403 78 29 -0.11 0.05 0.01 -0.03 -0.02 -0.18
635 76 364 78 28 -0.13 0.05 0.02 0.0 -0.1 -0.17
636 70 355 88 27 -0.13 0.05 0.04 0.0 -0.09 -0.12
637 60 343 83 28 -0.12 0.06 0.04 -0.03 -0.01 0.1
638 64 335 79 27 -0.12 0.1 0.05 -0.02 0.0 0.09
639 64 305 78 27 -0.14 0.18 0.06 -0.05 0.03 -0.03
640 55 308 79 27 -0.15 0.21 0.08 -0.22 0.06 -0.31
641 52 290 75 26 -0.18 0.31 0.11 -0.1 0.01 -0.39
642 65 272 70 26 -0.22 0.41 0.14 -0.31 0.0 -0.52
643 68 270 67 26 -0.25 0.46 0.17 -0.35 0.01 -0.28
644 66 260 65 26 -0.36 0.57 0.22 -0.33 -0.03 -0.2
645 60 247 66 25 -0.49 0.68 0.27 -0.28 -0.16 -0.08
646 61 264 66 25 -0.57 0.71 0.31 -0.62 -0.18 -0.5
647 60 241 64 25 -0.72 0.82 0.41 -0.67 -0.17 -0.73
648 63 274 67 25 -0.71 1.0 0.45 -0.78 0.04 -1.2
649 63 258 71 23 -0.77 1.13 0.48 -0.58 -0.08 -0.93
650 61 244 68 25 -0.92 1.4 0.54 -0.55 -0.2 -0.83
651 59 229 70 25 -1.03 1.25 0.57 -0.61 -0.14 -0.55
652 59 241 69 26 -1.11 1.12 0.59 -0.36 -0.15 -0.31
653 56 223 67 24 -1.14 0.86 0.61 -0.1 -0.12 -0.7
654 54 212 64 25 -1.2 0.99 0.65 -0.22 0.46 -0.67
655 56 214 65 25 -1.26 1.07 0.63 -0.33 0.43 -0.87
656 53 207 63 25 -1.28 1.02 0.53 0.01 0.51 -0.99
657 65 208 65 25 -1.32 0.99 0.44 0.09 0.61 -1.12
658 68 202 63 25 -1.34 0.98 0.4 0.35 0.61 -1.35
659 111 237 58 26 -1.47 0.8 0.31 0.3 0.49 -1.44
660 96 223 61 26 -1.55 0.64 0.26 0.35 0.38 -1.69
661 81 201 59 26 -1.56 0.59 0.24 0.56 0.43 -1.79
662 78 188 57 26 -1.59 0.42 0.15 0.41 0.36 -1.65
663 65 177 56 26 -1.6 0.12 0.05 0.04 -0.06 -1.16
664 56 162 56 28 -1.59 0.0 0.02 -0.09 -0.12 -0.93
665 65 154 54 27 -1.61 -0.11 -0.01 0.34 -0.24 -1.02
666 55 147 53 27 -1.69 0.01 0.02 0.47 -0.14 -1.2
667 46 138 52 26 -1.74 0.09 0.01 -0.1 -0.75 -1.6
668 40 132 57 27 -1.79 0.13 0.05 0.1 -0.4 -1.51
669 36 122 58 26 -1.89 0.16 -0.02 -0.19 -0.21 -1.95
670 32 112 61 27 -1.96 0.14 -0.01 1.82 0.29 -4.65
671 29 103 62 26 -1.92 0.09 0.21 -0.67 -2.72 -0.76
672 27 99 78 25 0.49 4.31 0.22 1.96 -6.47 18.04
673 27 93 80 25 0.69 3.23 -0.16 -2.31 0.38 5.61
674 38 89 75 25 0.21 1.26 -0.18 -5.33 0.85 1.52
675 35 87 69 26 0.05 1.34 -0.15 -4.19 0.64 -1.35
676 32 87 67 26 0.15 0.93 -0.22 -2.1 0.41 -0.12
677 29 89 74 26 0.32 -0.18 -0.08 -0.71 0.37 -0.04
678 26 91 76 26 0.09 -0.43 0.04 0.88 0.23 0.23
679 24 94 72 26 0.09 -0.41 0.05 2.05 0.04 -0.11
680 24 95 69 26 0.05 -0.03 0.02 1.54 0.21 -0.3
681 23 99 68 25 0.01 0.35 -0.03 0.04 -0.11 -0.28
682 21 101 66 26 0.02 0.46 -0.04 -0.54 -0.3 0.0
683 21 105 64 25 0.05 0.3 -0.01 -0.63 -0.15 0.12
684 22 107 63 25 0.06 0.02 -0.0 -0.49 0.0 -0.06
685 21 110 70 26 0.08 -0.03 -0.0 -0.1 0.05 -0.08
686 20 111 70 25 0.07 0.0 -0.0 0.14 0.04 0.13
687 19 113 67 26 0.08 0.1 -0.02 0.11 0.04 0.15
688 19 116 71 26 0.09 0.14 -0.02 -0.22 0.0 0.01
689 19 119 70 26 0.09 0.16 -0.01 -0.24 0.09 0.05
690 18 121 68 27 0.08 0.08 0.0 -0.39 -0.02 0.0
-100 -100 -100 -100 -100 -100 -100 -100 -100 -100 -100
691 19 122 67 26 0.07 0.02 0.01 -0.08 -0.01 -0.01
692 19 123 65 26 0.04 0.03 -0.0 -0.01 -0.05 0.0
693 18 126 67 26 0.03 0.07 -0.02 -0.07 -0.02 -0.02
694 19 127 69 25 0.02 0.08 -0.03 -0.17 -0.04 -0.02
695 19 128 68 26 0.04 0.08 -0.03 -0.2 0.0 -0.06
696 19 128 64 26 0.05 0.05 -0.03 -0.27 0.03 0.0
697 19 129 67 26 0.05 0.02 -0.02 -0.16 0.06 0.04
698 18 130 65 26 0.04 -0.01 -0.02 -0.14 0.09 0.03
699 18 131 68 27 0.02 -0.01 -0.02 -0.05 0.07 0.06
700 19 132 65 26 0.0 0.01 -0.02 -0.05 0.04 -0.01
701 19 133 67 26 0.01 0.01 -0.02 -0.09 -0.02 -0.02
702 20 134 68 26 0.0 0.02 -0.02 -0.14 0.0 -0.06
703 20 135 65 26 -0.01 0.01 -0.01 -0.14 -0.04 0.01
704 21 137 64 26 -0.0 0.01 -0.02 -0.17 0.0 -0.03
705 21 137 64 26 -0.0 -0.01 -0.01 -0.12 0.02 -0.02
706 22 138 63 27 -0.0 -0.01 -0.01 -0.15 0.02 0.01
707 22 139 65 27 -0.01 -0.02 -0.01 -0.07 0.03 0.06
708 24 138 75 26 -0.02 -0.02 -0.0 -0.01 0.04 0.01
709 23 139 73 26 -0.02 -0.01 0.0 -0.06 0.01 -0.03
710 23 138 69 25 -0.03 -0.02 0.0 -0.1 -0.03 0.0
711 23 140 71 26 -0.03 -0.02 0.01 -0.12 0.0 -0.02
712 24 138 68 25 -0.03 -0.02 0.01 -0.12 -0.03 -0.02
713 24 138 64 26 -0.02 -0.02 0.01 -0.13 0.0 -0.01
714 25 138 61 28 -0.01 -0.01 0.0 -0.09 -0.01 -0.04
715 25 141 65 25 0.0 0.01 -0.0 -0.05 -0.01 -0.01
716 26 139 68 25 0.01 0.05 -0.01 0.0 -0.02 -0.03
717 26 137 64 26 0.02 0.08 -0.02 -0.04 -0.04 -0.04
718 26 137 65 25 0.03 0.08 -0.02 -0.11 -0.01 -0.02
719 26 138 63 25 0.04 0.07 -0.02 -0.2 0.02 -0.06
720 26 138 60 25 0.05 0.04 -0.02 -0.29 0.09 -0.03
721 27 139 58 25 0.05 0.02 -0.02 -0.25 0.08 0.01
722 26 139 65 24 0.04 -0.02 -0.03 -0.09 0.07 0.06
723 27 137 67 24 0.04 0.0 -0.02 0.03 0.0 0.0
724 29 141 69 25 0.04 0.02 -0.02 0.03 -0.03 0.0
725 30 143 70 25 0.03 0.05 -0.02 -0.12 -0.06 0.0
726 30 142 65 24 0.02 0.03 -0.01 -0.19 -0.06 -0.03
727 32 143 62 25 0.02 0.01 -0.01 -0.2 -0.02 0.0
728 37 143 60 24 0.01 -0.02 -0.01 -0.13 0.09 -0.01
729 36 142 65 24 -0.0 -0.03 0.0 -0.03 0.09 0.01
730 38 142 69 25 -0.01 -0.02 0.0 0.03 0.07 0.04
731 38 142 69 25 -0.02 0.0 0.01 0.0 0.06 0.0
732 38 142 70 25 -0.01 0.01 0.01 -0.12 -0.01 -0.02
733 39 142 68 25 -0.01 0.02 0.0 -0.13 -0.01 -0.01
-200 -200 -200 -200 -200 -200 -200 -200 -200 -200 -200
734 36 141 69 23 0.0 0.01 0.0 -0.1 -0.01 -0.02
735 36 142 67 24 0.0 0.01 0.0 -0.09 -0.01 -0.02
736 36 143 67 24 0.0 0.01 0.0 -0.08 0.0 0.0
737 35 144 73 24 0.0 0.01 -0.0 -0.1 0.02 -0.04
738 36 145 70 24 0.02 0.01 -0.0 -0.07 0.03 -0.02
739 36 146 69 24 0.02 0.02 -0.01 -0.06 0.03 -0.01
740 35 145 68 24 0.03 0.04 -0.01 -0.12 0.02 0.0
741 35 146 68 25 0.03 0.03 -0.02 -0.1 0.01 -0.01
742 38 148 67 25 0.02 0.02 -0.01 -0.09 0.02 -0.04
743 39 148 64 24 0.02 0.0 -0.01 -0.09 0.0 0.03
744 38 150 74 24 0.01 -0.0 -0.0 -0.06 0.05 0.0
745 37 151 69 23 -0.01 -0.0 0.0 -0.09 0.01 -0.01
746 35 151 72 24 -0.0 0.0 0.0 -0.09 0.01 0.03
747 37 147 69 23 -0.0 0.0 -0.0 -0.11 0.03 0.01
748 48 158 67 24 -0.01 -0.0 -0.0 -0.05 0.02 0.04
749 67 167 66 24 -0.02 -0.02 0.0 -0.14 -0.01 -0.01
750 70 192 65 24 -0.01 -0.03 -0.02 -0.32 -0.08 -0.02
751 71 215 62 25 0.03 -0.05 -0.02 -0.4 -0.11 -0.04
752 76 231 61 24 0.19 -0.13 -0.03 -0.34 -0.12 -0.02
753 87 233 59 25 0.28 -0.2 -0.01 0.08 -0.08 0.04
754 78 240 60 29 0.28 -0.21 0.01 0.3 0.03 0.12
755 78 242 62 29 0.27 -0.2 0.01 0.11 -0.01 0.09
756 78 259 65 28 0.21 -0.14 0.02 0.24 0.09 0.19
757 88 293 65 27 0.22 -0.08 0.01 0.15 0.16 0.15
758 96 336 66 27 0.17 -0.14 -0.0 -0.23 0.23 0.78
759 88 412 68 34 0.17 -0.25 -0.05 -0.33 -0.16 0.01
760 94 425 75 35 0.32 -0.29 -0.07 -0.43 -0.27 -0.21
761 97 404 90 33 0.49 -0.43 -0.04 -0.53 -0.33 0.4
762 91 487 85 33 0.43 -0.92 0.02 -1.32 -0.51 1.71
763 98 581 79 31 0.49 -1.18 -0.01 -1.51 -0.33 1.76
764 92 572 81 30 1.29 -2.16 -0.2 0.74 1.63 1.67
765 94 536 83 29 1.07 -1.97 -0.18 0.31 1.13 1.92
766 89 555 92 35 1.01 -1.73 -0.22 0.34 0.73 2.52
767 88 585 99 34 1.17 -1.76 -0.42 1.02 0.26 2.54
768 91 600 95 33 1.37 -1.73 -0.59 0.7 0.42 1.92
769 89 648 111 31 1.38 -1.69 -0.63 0.25 0.33 1.45
770 82 594 120 30 1.39 -1.58 -0.68 0.0 0.32 1.09
771 81 555 120 29 1.49 -1.53 -0.72 0.1 -0.06 0.83
772 83 542 111 28 1.52 -1.5 -0.71 0.0 -0.17 0.72
773 88 564 110 30 1.55 -1.35 -0.66 -0.23 -0.25 0.15
774 89 575 111 30 1.55 -1.13 -0.57 -0.09 -0.14 -0.13
775 153 532 111 29 1.49 -1.02 -0.53 -0.33 -0.34 -0.02
776 140 515 104 29 1.5 -0.96 -0.49 -0.32 -0.42 0.05
777 151 537 104 30 1.47 -0.89 -0.46 -0.16 -0.51 0.08
778 140 491 103 30 1.42 -0.82 -0.44 -0.27 -0.41 -0.27
779 137 442 114 29 1.34 -0.67 -0.42 -0.22 -0.37 -0.39
780 122 513 112 30 1.26 -0.53 -0.42 0.0 -0.25 -0.55
781 138 540 109 49 1.2 -0.45 -0.38 -0.08 -0.46 -0.27
782 132 518 113 49 1.09 -0.36 -0.38 0.01 -0.2 -0.97
783 126 487 116 53 1.07 -0.15 -0.33 0.5 -0.45 -1.62
784 157 507 134 58 1.07 -0.09 -0.3 0.18 -0.43 -1.41
785 146 473 127 54 1.08 -0.08 -0.31 -0.55 -0.54 -0.06
786 153 513 123 47 1.05 -0.18 -0.35 -1.04 -0.61 0.15
787 156 476 114 43 1.01 -0.18 -0.33 -1.13 -0.53 0.05
788 158 477 119 40 0.93 -0.2 -0.28 -1.11 -0.4 -0.72
789 146 433 124 38 0.87 -0.27 -0.21 -0.96 -0.31 -0.73
790 159 501 134 40 0.84 -0.32 -0.17 -1.06 -0.36 -0.64
791 161 492 129 38 0.73 -0.33 -0.09 -1.03 -0.3 -0.53
792 145 481 130 39 0.61 -0.3 -0.04 -0.88 -0.1 -0.96
793 134 557 136 39 0.57 -0.3 -0.02 -0.71 -0.06 -1.11
794 140 504 138 40 0.46 -0.3 0.02 -0.61 -0.1 -1.29
795 157 514 141 39 0.37 -0.26 0.05 -0.61 -0.11 -1.21
796 152 515 135 40 0.31 -0.23 0.07 -0.61 -0.09 -1.22
797 156 494 136 38 0.21 -0.18 0.08 -0.46 -0.05 -1.11
798 185 485 134 38 0.1 -0.15 0.08 -0.26 -0.02 -1.19
799 185 558 137 38 0.04 -0.1 0.08 -0.24 -0.04 -0.89
800 181 696 129 41 -0.06 -0.04 0.05 -0.24 -0.04 -0.88
801 172 609 128 37 -0.14 0.03 0.04 -0.27 -0.12 -0.96
802 175 573 123 35 -0.15 0.05 0.03 -0.2 -0.1 -0.91
803 154 582 114 33 -0.18 0.08 0.03 -0.31 -0.17 -0.31
804 161 527 113 34 -0.21 0.07 0.02 -0.22 -0.17 -0.16
805 141 465 107 35 -0.23 0.07 0.02 -0.2 -0.19 -0.05
806 121 467 107 34 -0.27 0.1 0.01 -0.1 -0.11 -0.21
807 119 459 111 34 -0.28 0.14 0.02 -0.06 -0.09 -0.42
808 127 475 125 31 -0.26 0.14 0.03 -0.04 -0.07 -0.23
809 127 446 117 36 -0.22 0.11 0.02 -0.08 -0.04 0.23
810 141 398 115 33 -0.23 0.1 0.02 -0.17 -0.14 0.37
811 131 433 108 33 -0.22 0.1 0.02 -0.15 -0.1 0.31
812 120 420 102 32 -0.2 0.09 0.02 -0.18 -0.14 0.3
813 108 439 113 39 -0.19 0.09 0.02 -0.06 -0.06 0.14
814 101 418 114 37 -0.18 0.09 0.03 -0.04 -0.02 0.13
815 111 429 111 34 -0.16 0.06 0.03 0.02 0.08 0.23
816 111 408 102 35 -0.16 0.05 0.03 0.01 0.12 0.29
817 100 403 102 34 -0.16 0.04 0.02 0.02 0.09 0.19
818 96 409 106 32 -0.15 0.04 0.0 0.03 0.06 0.11
819 92 406 111 30 -0.14 0.04 -0.0 -0.14 0.02 0.0
820 88 391 115 30 -0.13 0.04 0.01 -0.05 -0.05 0.08
821 104 401 106 27 -0.13 0.03 0.0 -0.11 0.03 0.1
822 101 443 108 28 -0.14 0.03 0.01 -0.1 0.05 0.0
823 100 458 101 29 -0.14 0.04 0.01 -0.17 0.08 0.01
824 107 475 101 32 -0.13 0.01 0.02 -0.13 0.1 0.0
825 98 445 100 30 -0.12 0.0 0.02 -0.21 0.08 0.02
826 99 443 102 30 -0.09 -0.03 0.03 -0.12 0.04 0.05
827 93 462 105 32 -0.05 -0.02 0.03 -0.11 0.08 0.17
828 79 476 107 33 -0.04 0.0 0.03 -0.11 0.09 0.26
829 89 454 106 31 -0.02 0.02 0.02 -0.23 0.06 0.38
830 85 426 105 33 0.0 0.01 0.01 -0.23 0.11 0.27
831 109 418 110 35 0.01 0.01 0.01 -0.12 0.08 0.16
832 93 427 109 36 0.02 0.02 -0.0 -0.11 0.11 0.09
833 96 438 114 34 0.03 0.04 0.01 -0.02 0.08 -0.1
834 85 486 105 33 0.03 0.05 0.02 -0.05 0.13 -0.15
835 121 443 109 31 0.05 0.07 0.03 0.01 0.13 -0.12
836 105 409 111 30 0.03 0.1 0.04 -0.08 0.06 -0.03
837 115 406 102 42 0.03 0.09 0.04 -0.09 0.06 0.04
838 107 439 102 38 0.01 0.08 0.03 -0.19 0.02 0.05
839 129 409 97 35 -0.03 0.08 0.03 -0.11 -0.02 0.03
840 114 394 93 33 -0.02 0.07 0.03 -0.11 -0.03 0.04
841 97 374 102 31 -0.01 0.02 0.01 -0.07 -0.03 0.08
842 94 394 103 29 -0.01 0.02 0.01 -0.03 -0.01 -0.01
843 81 406 104 31 -0.01 0.03 0.0 -0.06 0.05 0.09
844 94 389 101 30 -0.03 0.04 -0.0 -0.11 0.08 0.04
845 92 376 112 29 -0.03 0.04 0.0 -0.1 0.02 -0.05
846 101 430 111 29 -0.03 0.05 0.01 -0.11 0.03 0.03
847 114 416 106 27 -0.03 0.01 0.01 -0.05 0.04 -0.01
848 123 373 107 26 -0.04 -0.02 0.01 -0.07 0.08 0.05
849 129 436 98 26 -0.04 -0.03 0.0 -0.09 0.06 0.15
850 108 412 98 26 -0.05 -0.03 -0.01 -0.1 0.03 0.09
851 100 439 94 30 -0.05 0.0 -0.0 -0.09 0.07 -0.13
852 107 392 95 28 -0.05 0.03 0.01 -0.12 0.0 -0.14
853 119 410 100 27 -0.04 0.04 0.01 -0.2 0.01 -0.1
854 116 383 100 27 -0.03 0.02 0.01 -0.22 -0.02 0.0
855 111 357 95 25 -0.04 0.03 0.02 -0.26 -0.03 -0.11
856 94 348 88 26 -0.07 0.04 0.02 -0.23 -0.03 -0.17
857 92 343 85 26 -0.1 0.06 0.02 -0.27 -0.04 -0.28
858 86 306 93 26 -0.12 0.08 0.03 -0.26 -0.08 -0.41
859 103 311 95 26 -0.15 0.13 0.04 -0.3 -0.1 -0.6
860 89 286 102 25 -0.2 0.2 0.08 -0.32 -0.19 -0.66
861 84 276 108 25 -0.23 0.22 0.1 -0.36 -0.31 -0.52
862 86 264 115 26 -0.33 0.28 0.15 -0.4 -0.32 -0.46
863 90 275 112 28 -0.49 0.38 0.2 -0.48 -0.31 -0.75
864 99 277 128 28 -0.56 0.46 0.23 -0.55 -0.33 -1.16
865 90 279 127 27 -0.69 0.67 0.31 -0.63 -0.37 -1.47
866 87 269 128 26 -0.83 0.72 0.39 -1.08 -0.42 -1.5
867 82 271 132 26 -0.88 0.68 0.4 -0.71 -0.44 -1.39
868 83 254 132 25 -1.02 0.74 0.47 -0.75 -0.43 -1.22
869 80 255 125 25 -1.18 0.94 0.53 -0.27 -0.21 -1.13
870 79 273 128 25 -1.31 1.08 0.58 -0.28 -0.1 -1.36
871 98 271 119 24 -1.53 1.32 0.62 -0.37 -0.14 -1.55
872 87 253 113 25 -1.61 1.29 0.56 -0.4 -0.29 -1.78
873 88 234 116 24 -1.64 1.25 0.52 -0.09 -0.27 -1.65
874 93 234 107 24 -1.76 1.16 0.5 0.09 -0.19 -1.44
875 120 228 100 24 -1.95 1.13 0.49 0.47 -0.09 -0.97
876 130 217 90 24 -2.01 1.1 0.44 0.33 -0.05 -0.82
877 105 216 80 23 -2.07 1.12 0.34 0.04 0.04 -0.94
878 108 214 76 24 -2.18 1.14 0.28 -0.14 0.01 -0.79
879 92 206 70 24 -2.23 1.09 0.25 -0.45 -0.15 -0.72
880 74 195 65 31 -2.25 0.89 0.16 -0.78 -0.35 -0.61
881 63 189 64 29 -2.3 0.75 0.15 -0.56 -0.81 -0.5
882 60 179 67 28 -2.07 0.58 0.14 -0.38 -0.46 0.0
883 50 167 74 27 -1.88 0.52 0.12 -0.44 -0.5 0.05
884 46 157 81 26 -1.81 0.43 0.16 0.12 -0.05 0.1
885 40 144 91 25 -1.8 0.42 0.1 0.85 -3.94 15.22
886 33 132 117 26 -0.19 2.28 0.66 9.76 -2.01 22.06
887 55 123 107 26 0.35 1.55 -0.27 -2.81 -0.43 2.27
888 61 113 95 25 0.67 0.21 -0.24 -1.55 1.57 -2.73
889 52 103 88 24 0.41 0.12 -0.3 -2.05 1.53 -2.82
890 50 99 89 24 -0.09 0.27 -0.14 -1.82 0.0 -1.62
891 43 91 85 24 -0.02 0.05 -0.09 0.97 -0.71 1.31
892 39 87 88 24 0.07 -0.06 0.06 1.17 -0.32 1.13
893 36 84 85 24 0.1 0.09 0.11 0.5 -0.03 -0.43
894 32 82 82 24 0.1 0.21 0.1 0.55 -0.15 -0.6
895 35 83 81 24 -0.01 0.43 0.03 0.61 -0.17 -0.31
896 32 83 84 24 -0.07 0.46 0.02 -0.03 -0.13 0.1
897 37 82 87 23 -0.09 0.38 0.02 -0.5 -0.12 0.05
898 45 82 86 23 -0.06 0.16 0.03 -0.67 0.05 0.18
899 40 83 85 23 -0.03 0.12 0.01 -0.65 0.25 0.12
900 37 86 80 23 -0.03 0.13 -0.0 -0.36 0.27 0.1
901 41 88 84 23 0.0 0.12 -0.04 -0.2 0.2 0.09
902 36 90 80 23 0.03 0.03 -0.04 -0.12 0.02 -0.06
903 32 89 79 23 0.05 0.0 -0.04 0.02 0.0 -0.06
904 29 90 77 23 0.08 0.01 -0.04 0.0 -0.01 -0.02
905 27 92 81 23 0.08 0.04 -0.03 -0.04 -0.07 -0.06
906 32 94 82 23 0.08 0.06 -0.04 -0.01 -0.06 -0.07
907 31 95 81 24 0.07 0.09 -0.05 -0.11 0.0 -0.01
-100 -100 -100 -100 -100 -100 -100 -100 -100 -100 -100
908 28 96 79 24 0.05 0.08 -0.04 -0.1 0.0 0.05
909 25 97 78 23 0.05 0.06 -0.04 -0.01 0.01 0.05
910 29 97 84 23 0.03 0.03 -0.02 -0.03 0.03 0.03
911 31 98 80 23 0.02 0.02 -0.0 0.01 0.01 0.03
912 30 100 78 23 0.01 0.02 0.0 -0.02 0.0 -0.03
913 32 101 77 23 0.01 0.04 0.0 0.0 0.0 0.0
914 36 101 76 23 0.01 0.06 0.0 -0.05 0.05 0.03
915 33 103 79 23 -0.0 0.05 -0.0 -0.18 0.04 0.01
916 31 103 80 23 -0.02 0.01 -0.0 -0.13 0.07 -0.03
917 32 107 76 23 -0.02 0.0 -0.01 -0.16 0.03 -0.04
918 29 108 71 24 -0.02 0.0 -0.01 -0.12 0.08 -0.04
919 41 110 73 23 -0.0 0.02 -0.01 -0.07 0.06 0.0
920 39 113 80 23 0.01 0.03 -0.01 -0.09 0.06 0.0
921 39 116 75 23 0.02 0.02 -0.01 -0.02 0.05 0.01
922 37 121 77 23 0.03 0.03 -0.01 0.0 0.04 -0.03
923 37 124 76 23 0.0 0.01 -0.01 -0.1 0.01 -0.01
924 36 125 70 23 0.0 -0.01 -0.01 -0.12 0.04 0.03
925 43 127 76 23 -0.0 -0.01 -0.0 -0.11 0.03 0.02
926 44 127 74 23 -0.01 -0.02 -0.01 -0.04 0.02 -0.07
927 41 127 74 23 -0.01 -0.02 -0.01 -0.03 0.02 0.02
928 37 128 75 23 -0.01 -0.0 -0.01 -0.1 0.0 0.05
929 38 128 77 23 -0.02 0.0 -0.0 -0.06 0.01 0.05
930 38 128 71 23 -0.02 0.0 -0.0 -0.04 0.02 0.01
931 34 127 71 24 -0.03 0.0 0.0 -0.06 0.05 -0.01
932 44 124 73 23 -0.04 -0.01 0.01 -0.05 0.04 0.02
933 54 125 70 23 -0.04 -0.02 0.01 -0.04 0.05 -0.01
934 51 127 84 24 -0.05 -0.03 0.01 -0.04 0.02 -0.01
935 45 127 79 23 -0.05 -0.02 0.01 -0.09 -0.02 -0.01
936 44 127 75 24 -0.05 -0.02 0.01 -0.15 0.0 0.0
937 43 127 76 23 -0.04 -0.02 0.01 -0.12 0.03 0.0
938 51 126 78 23 -0.04 -0.03 0.0 -0.08 0.02 0.09
939 48 126 76 23 -0.04 -0.02 -0.0 -0.09 0.09 -0.02
940 43 123 71 23 -0.04 -0.01 -0.01 -0.09 0.08 -0.02
941 44 124 73 23 -0.03 0.01 -0.01 -0.07 0.04 -0.02
942 50 124 72 23 -0.03 0.01 -0.01 -0.08 0.0 -0.03
943 58 127 71 23 -0.02 -0.0 -0.02 -0.08 0.0 -0.05
944 55 128 72 23 -0.02 -0.01 -0.02 -0.02 0.0 0.0
945 50 126 75 24 -0.02 -0.01 -0.02 -0.06 0.0 -0.06
946 46 126 69 23 -0.02 -0.01 -0.02 -0.06 0.0 -0.02
947 43 128 72 23 -0.02 -0.01 -0.02 -0.07 0.01 -0.03
948 52 127 81 23 -0.02 -0.02 -0.01 -0.02 0.07 -0.04
949 51 129 81 23 -0.02 -0.02 -0.01 0.0 0.09 0.0
-200 -200 -200 -200 -200 -200 -200 -200 -200 -200 -200
950 49 128 83 25 -0.03 -0.02 -0.01 -0.06 0.07 0.05
951 47 126 80 23 -0.03 -0.02 -0.01 -0.14 0.07 -0.03
952 55 124 82 23 -0.03 -0.03 -0.01 -0.15 0.07 -0.02
953 51 126 76 23 -0.03 -0.04 -0.01 -0.13 0.01 -0.01
954 49 129 85 24 -0.03 -0.03 -0.01 -0.04 0.0 0.0
955 47 126 81 24 -0.02 -0.02 -0.01 -0.02 0.0 0.03
956 43 126 85 23 -0.01 -0.0 -0.02 -0.06 -0.02 -0.01
957 51 124 81 23 -0.0 0.0 -0.02 -0.13 0.02 -0.06
958 47 121 78 23 0.0 0.0 -0.02 -0.11 0.03 -0.01
959 46 121 81 23 0.01 -0.01 -0.03 -0.07 0.03 0.0
960 47 122 78 24 0.02 -0.0 -0.03 -0.02 0.07 0.01
961 40 121 82 23 0.01 -0.0 -0.02 0.0 0.04 0.02
962 40 121 76 23 0.01 0.01 -0.02 -0.06 0.04 0.0
963 48 121 72 23 0.0 0.01 -0.02 -0.05 0.05 -0.01
964 54 120 71 23 -0.0 0.0 -0.02 -0.06 0.04 -0.02
965 57 123 73 23 -0.0 -0.0 -0.01 -0.02 0.03 0.06
966 65 129 70 23 -0.01 -0.0 -0.01 0.02 0.05 0.06
967 66 127 75 23 -0.02 0.01 -0.01 -0.06 0.05 -0.04
968 71 130 70 28 -0.02 0.0 -0.01 -0.09 0.04 -0.01
969 69 131 66 31 -0.01 0.0 -0.01 0.0 0.05 0.06
970 84 191 61 37 -0.02 -0.01 0.0 -0.03 0.0 0.03
971 95 248 64 35 0.02 -0.04 -0.0 -0.04 -0.07 0.0
972 103 238 62 34 0.05 -0.06 0.0 -0.01 -0.09 -0.23
973 87 270 64 32 0.21 -0.11 0.02 -0.09 -0.08 -0.13
974 84 273 65 30 0.24 -0.21 0.03 -0.23 0.03 -0.06
975 92 300 64 36 0.27 -0.26 0.03 -0.05 0.0 -0.16
976 118 382 68 34 0.33 -0.33 0.02 0.04 0.07 0.12
977 113 407 68 34 0.4 -0.45 0.02 -0.34 -0.01 0.5
978 104 454 78 32 0.46 -0.51 -0.0 0.0 0.22 0.68
979 91 516 74 32 0.53 -0.68 -0.02 -0.41 -0.05 0.97
980 93 458 76 30 0.45 -1.03 -0.04 -0.73 -0.01 0.46
981 104 521 79 29 0.49 -1.21 -0.04 -0.35 0.2 1.73
982 103 554 84 28 0.44 -1.47 -0.03 -0.97 0.19 1.76
983 95 521 82 27 0.57 -1.51 -0.07 -0.97 0.42 1.63
984 97 546 81 29 0.65 -1.4 -0.08 1.03 0.02 1.48
985 92 553 83 30 1.04 -1.82 -0.28 1.36 0.79 2.48
986 90 573 90 29 1.18 -1.66 -0.32 1.08 0.48 2.05
987 99 616 94 29 1.21 -1.52 -0.33 0.76 0.38 1.89
988 91 561 96 28 1.45 -1.21 -0.46 0.63 0.45 1.67
989 97 543 96 28 1.43 -0.9 -0.44 0.46 0.43 1.27
990 119 502 93 29 1.45 -0.82 -0.44 0.47 0.33 1.11
991 107 500 95 31 1.54 -0.91 -0.48 0.39 0.27 1.02
992 115 471 93 29 1.58 -0.92 -0.51 0.18 0.11 0.64
993 122 512 100 28 1.58 -0.93 -0.52 0.09 0.05 0.37
994 128 523 97 30 1.6 -0.87 -0.52 0.15 -0.07 0.39
995 123 541 104 30 1.65 -0.84 -0.51 -0.12 -0.05 0.15
996 126 527 99 31 1.69 -0.84 -0.51 -0.03 -0.14 0.01
997 134 502 93 34 1.66 -0.7 -0.49 -0.15 -0.28 -0.22
998 152 481 100 34 1.63 -0.58 -0.46 -0.01 -0.38 -0.57
999 145 460 119 33 1.61 -0.54 -0.44 -0.01 -0.47 -0.91
1000 140 549 120 37 1.55 -0.46 -0.41 -0.2 -0.41 -0.84
1001 144 495 108 34 1.47 -0.45 -0.41 -0.19 -0.42 -0.74
1002 187 490 103 35 1.43 -0.41 -0.42 -0.31 -0.42 -1.3
1003 191 448 99 32 1.32 -0.35 -0.43 -0.27 -0.46 -1.33
1004 176 408 102 33 1.22 -0.33 -0.43 -0.52 -0.48 -1.38
1005 177 393 104 32 1.18 -0.35 -0.43 -0.66 -0.55 -1.27
1006 170 382 109 37 1.08 -0.36 -0.41 -0.67 -0.5 -1.2
1007 161 408 102 35 0.94 -0.28 -0.38 -0.84 -0.57 -0.99
1008 158 398 101 34 0.87 -0.28 -0.34 -0.79 -0.51 -1.33
1009 144 392 102 33 0.72 -0.27 -0.3 -0.8 -0.5 -1.55
1010 141 421 110 31 0.57 -0.24 -0.22 -0.79 -0.51 -1.47
1011 142 434 124 30 0.5 -0.21 -0.19 -0.65 -0.42 -1.16
1012 135 439 123 31 0.37 -0.17 -0.14 -0.81 -0.36 -1.19
1013 145 450 123 31 0.24 -0.13 -0.12 -0.7 -0.34 -1.08
1014 134 513 126 31 0.18 -0.1 -0.12 -0.77 -0.28 -0.94
1015 143 482 125 30 0.07 -0.06 -0.09 -0.69 -0.21 -1.07
1016 121 444 121 30 -0.01 -0.02 -0.05 -0.52 -0.22 -1.2
1017 115 433 118 30 -0.04 0.0 -0.03 -0.4 -0.18 -0.72
1018 118 422 109 30 -0.1 0.0 0.03 -0.31 -0.23 -0.53
1019 123 406 110 29 -0.15 -0.01 0.06 -0.35 -0.1 -0.34
1020 120 423 114 30 -0.18 0.0 0.07 -0.21 -0.04 -0.24
1021 119 450 128 30 -0.24 0.06 0.09 -0.18 0.0 -0.19
1022 118 443 125 28 -0.25 0.03 0.07 -0.05 -0.03 -0.29
1023 124 440 122 28 -0.22 0.02 0.06 -0.02 -0.01 0.16
1024 117 438 125 28 -0.21 0.03 0.07 -0.05 0.02 0.36
1025 112 426 119 28 -0.18 0.02 0.05 0.04 0.11 0.47
1026 144 416 117 27 -0.18 0.04 0.04 -0.08 0.11 0.46
1027 146 464 114 29 -0.17 0.06 0.03 -0.05 0.13 0.36
1028 132 501 111 29 -0.15 0.05 0.02 -0.14 0.09 0.19
1029 114 456 110 28 -0.13 0.05 0.03 -0.04 0.06 0.06
1030 128 500 100 26 -0.1 0.02 0.05 -0.07 0.05 0.11
1031 134 506 110 27 -0.05 -0.0 0.08 -0.01 0.11 0.4
1032 142 458 108 26 -0.04 -0.01 0.1 -0.08 0.15 0.39
1033 132 447 107 26 -0.03 -0.0 0.11 0.01 0.16 0.37
1034 151 448 106 27 -0.05 0.02 0.12 -0.04 0.11 0.2
1035 149 426 105 26 -0.07 -0.0 0.12 0.0 0.09 0.0
1036 127 407 106 30 -0.05 -0.03 0.11 0.02 0.03 -0.09
1037 112 391 113 30 -0.05 -0.03 0.1 0.07 0.01 0.0
1038 109 390 110 29 -0.06 -0.04 0.1 0.13 -0.05 0.08
1039 108 414 106 29 -0.08 -0.02 0.08 0.21 -0.04 0.06
1040 106 430 104 28 -0.09 0.01 0.05 0.2 -0.02 -0.11
1041 105 380 96 27 -0.09 0.02 0.03 0.2 0.02 -0.16
1042 118 363 95 27 -0.08 0.03 0.0 0.14 0.0 -0.05
1043 110 374 91 26 -0.08 0.04 -0.01 -0.05 -0.04 0.1
1044 108 362 95 26 -0.09 0.04 -0.03 -0.04 -0.05 0.11
1045 100 415 93 26 -0.09 0.04 -0.05 -0.07 -0.06 0.06
1046 99 407 96 28 -0.08 0.03 -0.05 -0.04 -0.05 0.05
1047 94 380 89 28 -0.08 0.03 -0.05 -0.04 -0.03 -0.03
1048 124 349 84 28 -0.07 0.05 -0.05 -0.11 -0.09 0.08
1049 127 354 93 28 -0.06 0.04 -0.04 -0.12 -0.08 0.06
1050 127 366 99 27 -0.06 0.04 -0.03 -0.19 -0.01 0.04
1051 104 352 104 27 -0.05 0.04 -0.02 -0.07 0.01 -0.05
1052 108 353 99 27 -0.04 0.04 -0.01 -0.03 -0.02 0.04
1053 93 338 102 26 -0.03 0.05 -0.0 0.0 -0.01 0.06
1054 102 369 105 25 -0.04 0.07 -0.01 -0.12 0.0 0.04
1055 106 397 102 26 -0.04 0.03 -0.03 -0.11 0.0 0.02
1056 129 384 93 25 -0.04 0.03 -0.03 -0.14 0.01 0.0
1057 112 374 99 26 -0.06 0.05 -0.03 -0.19 0.06 -0.2
1058 112 376 91 26 -0.08 0.04 0.0 -0.19 0.0 -0.23
1059 101 370 98 25 -0.08 0.04 0.0 -0.2 -0.03 -0.14
1060 94 351 94 25 -0.08 0.03 0.02 -0.13 -0.03 -0.05
1061 103 338 94 26 -0.08 0.0 0.02 -0.11 -0.04 0.06
1062 102 336 93 26 -0.08 0.0 0.02 -0.06 -0.01 0.02
1063 107 334 93 26 -0.08 0.02 0.02 -0.09 0.02 0.09
1064 118 355 87 25 -0.08 0.05 0.0 -0.04 0.04 0.01
1065 112 350 84 26 -0.08 0.05 0.0 -0.11 0.06 -0.02
1066 103 333 83 26 -0.09 0.05 0.0 -0.07 0.09 -0.13
1067 98 333 82 26 -0.08 0.05 0.0 -0.2 0.06 -0.12
1068 80 315 85 25 -0.08 0.05 0.01 -0.09 0.03 -0.11
1069 69 326 83 25 -0.08 0.04 0.03 -0.25 -0.11 -0.02
1070 64 316 82 25 -0.08 0.06 0.04 -0.32 -0.18 -0.09
1071 57 293 76 24 -0.09 0.09 0.06 -0.41 -0.18 -0.19
1072 48 283 70 24 -0.14 0.15 0.11 -0.41 -0.21 -0.28
1073 44 278 66 24 -0.22 0.2 0.18 -0.55 -0.26 -0.5
1074 39 245 62 24 -0.27 0.2 0.21 -0.6 -0.26 -0.62
1075 34 246 60 24 -0.38 0.18 0.28 -0.45 -0.34 -0.88
1076 31 275 58 23 -0.49 0.25 0.4 -0.22 -0.36 -1.02
1077 28 286 56 23 -0.55 0.35 0.46 -0.12 -0.35 -1.11
1078 26 297 53 23 -0.71 0.67 0.63 -0.07 -0.29 -1.57
1079 25 297 54 23 -0.94 1.08 0.78 -0.32 -0.15 -1.86
1080 23 281 52 23 -1.06 1.19 0.84 -0.96 -0.23 -2.02
1081 22 253 51 23 -1.36 1.11 0.88 -0.87 -0.36 -1.78
1082 21 241 50 26 -1.55 0.78 0.82 -0.56 -0.38 -1.57
1083 28 234 51 25 -1.58 0.6 0.81 -0.44 -0.31 -1.54
1084 46 261 50 26 -1.64 0.43 0.84 -0.33 -0.21 -1.4
1085 49 250 50 25 -1.7 0.43 0.85 -0.88 -0.08 -1.48
1086 45 236 49 24 -1.76 0.41 0.83 -1.15 -0.03 -1.43
1087 49 240 50 30 -1.87 0.46 0.78 -0.56 -0.07 -0.54
1088 52 238 51 36 -1.97 0.68 0.71 0.66 -0.08 0.09
1089 64 225 51 39 -2.05 0.79 0.66 0.75 -0.09 0.34
1090 63 219 50 35 -2.19 0.84 0.54 0.73 0.05 0.04
1091 62 214 49 33 -2.15 0.82 0.41 -0.16 0.11 0.0
1092 54 209 50 30 -2.11 0.75 0.33 -0.07 0.1 0.09
1093 46 205 50 29 -2.02 0.7 0.2 0.46 0.05 0.08
1094 41 203 51 28 -1.9 0.86 0.13 0.22 -0.03 -0.21
1095 35 194 51 26 -1.85 0.95 0.08 0.39 0.14 -0.4
1096 31 189 58 26 -1.74 1.09 0.14 0.64 -0.16 -1.29
1097 28 182 64 27 -1.63 1.2 0.02 0.54 0.36 -1.99
1098 25 173 76 27 -1.65 1.17 0.04 1.55 -1.0 -1.35
1099 26 163 83 27 -0.14 2.34 0.52 6.01 -3.51 14.06
1100 24 156 93 26 0.25 3.69 -0.35 -3.79 -1.82 6.96
1101 29 150 86 26 0.3 2.0 -0.44 -2.26 0.6 2.33
1102 26 143 80 25 0.25 1.26 -0.14 -3.63 0.85 -1.42
1103 29 140 77 26 0.42 0.5 -0.17 -3.99 -0.32 0.01
1104 54 133 70 25 0.37 0.12 -0.12 -2.17 0.66 0.17
1105 47 127 72 25 0.33 -0.21 0.04 0.8 0.02 0.03
1106 42 121 76 25 0.33 -0.11 0.07 1.58 -0.18 0.11
1107 34 116 75 24 0.33 0.1 0.04 1.59 -0.02 -0.15
1108 32 111 73 24 0.37 0.69 -0.04 0.94 -0.13 -0.15
1109 29 109 69 25 0.33 0.82 -0.09 0.53 -0.13 0.15
1110 26 105 67 25 0.26 0.78 -0.09 -0.12 0.16 0.12
1111 35 102 79 25 0.2 0.44 -0.04 -0.81 0.0 0.16
1112 32 100 77 25 0.3 0.16 -0.03 -0.44 0.18 0.0
1113 27 95 78 25 0.31 0.13 -0.04 -0.2 0.21 0.01
1114 27 93 73 24 0.25 0.23 -0.09 0.05 0.18 0.12
1115 25 90 78 24 0.22 0.33 -0.1 0.1 0.11 0.17
1116 23 86 79 24 0.21 0.36 -0.1 0.04 0.1 0.12
1117 22 84 77 24 0.11 0.19 -0.07 -0.29 -0.02 0.0
1118 21 82 73 24 0.09 0.05 -0.06 -0.12 -0.11 -0.07
1119 57 86 73 24 0.09 0.05 -0.06 -0.05 -0.09 -0.01
1120 48 79 76 24 0.1 0.09 -0.06 0.04 0.0 0.03
1121 48 78 76 24 0.09 0.15 -0.06 0.2 0.06 0.15
1122 42 76 78 24 0.07 0.17 -0.07 0.12 0.04 0.07
1123 37 76 75 24 0.06 0.15 -0.05 0.15 0.0 0.0
-100 -100 -100 -100 -100 -100 -100 -100 -100 -100 -100
1124 33 75 75 24 0.03 0.13 -0.03 -0.06 0.03 0.04
1125 29 74 82 24 0.01 0.12 -0.03 -0.04 0.03 0.03
1126 26 72 77 24 -0.0 0.09 -0.01 0.04 0.01 -0.02
1127 24 71 77 23 0.0 0.13 -0.03 0.04 0.12 0.05
1128 27 70 71 24 -0.01 0.12 -0.03 -0.14 0.14 0.0
1129 29 70 69 23 -0.04 0.07 -0.03 -0.17 0.11 0.07
1130 26 69 75 23 -0.05 0.02 -0.02 -0.14 0.02 0.02
1131 24 71 75 24 -0.05 -0.01 -0.02 0.0 0.0 0.04
1132 50 73 72 24 -0.04 0.0 -0.01 0.07 -0.06 0.0
1133 44 74 75 25 -0.03 0.05 -0.01 0.0 -0.12 0.03
1134 37 75 80 24 -0.03 0.06 -0.0 -0.02 -0.15 0.0
1135 39 78 74 24 -0.01 0.06 0.02 0.0 -0.15 -0.03
1136 38 81 74 25 0.0 0.05 0.03 -0.03 -0.1 0.0
1137 33 82 70 24 0.01 0.06 0.03 0.0 -0.08 -0.01
1138 30 84 68 24 0.02 0.07 0.03 -0.04 -0.01 0.02
1139 27 84 74 25 0.02 0.08 0.02 -0.13 0.0 -0.01
1140 25 85 74 24 0.03 0.07 0.02 -0.13 0.03 -0.01
1141 45 85 72 25 0.05 0.05 0.0 -0.15 -0.02 0.0
1142 49 85 72 25 0.07 0.04 -0.0 -0.06 -0.05 0.0
1143 46 86 73 24 0.08 0.04 -0.01 -0.09 -0.05 -0.02
1144 41 87 79 24 0.09 0.03 -0.02 -0.14 -0.06 -0.05
1145 36 87 79 24 0.1 0.04 -0.04 -0.1 -0.06 0.01
1146 32 87 73 24 0.11 0.05 -0.05 -0.03 -0.05 0.03
1147 29 89 78 24 0.1 0.05 -0.06 -0.12 0.0 0.02
1148 28 90 83 24 0.08 0.04 -0.06 -0.05 0.05 0.02
1149 36 91 80 24 0.07 0.03 -0.07 -0.03 0.09 0.08
1150 34 95 75 24 0.04 0.02 -0.06 -0.05 0.14 0.08
1151 31 99 74 23 0.0 0.01 -0.05 0.09 0.21 0.12
1152 28 102 68 24 -0.02 -0.0 -0.04 0.09 0.22 0.12
1153 56 106 70 24 -0.06 -0.02 -0.02 0.12 0.01 0.1
1154 49 106 80 24 -0.09 -0.0 -0.0 0.14 -0.12 0.03
1155 42 108 77 24 -0.09 0.02 0.01 0.09 -0.16 0.04
1156 42 108 73 25 -0.09 -0.01 0.02 -0.09 -0.26 -0.11
1157 47 108 70 24 -0.08 -0.0 0.02 -0.2 -0.18 -0.03
1158 41 109 71 25 -0.05 0.01 0.01 -0.16 -0.02 -0.04
1159 37 109 78 25 -0.04 0.01 0.0 -0.05 0.09 0.09
1160 33 110 76 25 -0.05 0.04 -0.02 0.0 0.2 0.05
1161 29 109 71 25 -0.05 0.05 -0.03 -0.04 0.15 0.05
1162 27 110 69 24 -0.05 0.05 -0.04 -0.1 0.13 -0.01
1163 34 110 69 24 -0.04 0.01 -0.03 -0.02 -0.03 -0.03
1164 55 110 77 24 -0.03 0.01 -0.02 -0.03 -0.14 -0.03
1165 64 111 80 25 0.0 0.02 -0.01 0.0 -0.27 -0.07
1166 55 109 73 25 0.02 0.02 -0.01 -0.06 -0.25 -0.08
1167 48 109 75 24 0.05 0.02 -0.01 -0.2 -0.16 -0.06
1168 42 107 84 24 0.08 0.02 -0.02 -0.2 -0.06 -0.04
1169 39 110 78 24 0.09 0.02 -0.03 -0.12 0.11 0.04
1170 35 107 78 23 0.09 0.03 -0.04 -0.06 0.19 0.03
1171 48 108 76 24 0.07 0.04 -0.06 -0.01 0.3 0.08
1172 43 108 78 24 0.04 0.05 -0.08 -0.07 0.24 0.09
1173 37 109 76 24 0.02 0.03 -0.08 -0.08 0.18 0.09
1174 34 110 74 24 -0.02 0.0 -0.06 0.08 0.03 0.07
1175 30 110 73 24 -0.04 -0.01 -0.03 0.18 -0.07 0.06
1176 55 110 69 24 -0.05 -0.01 -0.01 0.22 -0.13 0.02
