-1 -1 -1 -1 -1 -1 -1 -1 -1 -1 -1
2 17 78 73 23 -0.01 -0.01 -0.01 0.03 0.03 -0.14
3 19 79 75 23 -0.01 -0.01 -0.01 0.03 0.03 -0.16
4 20 79 72 23 -0.01 -0.0 -0.01 0.01 0.03 -0.14
5 19 80 67 23 0.0 -0.0 -0.01 0.0 0.02 -0.16
6 25 78 65 23 0.0 -0.0 -0.01 0.01 0.04 -0.14
7 23 78 72 23 0.0 -0.01 -0.02 0.03 0.05 -0.15
8 25 77 71 24 -0.0 -0.0 -0.02 0.05 0.0 -0.14
9 23 77 69 23 -0.0 -0.0 -0.02 0.03 0.02 -0.13
10 23 78 66 23 -0.0 -0.01 -0.02 0.05 0.0 -0.13
11 21 78 70 23 -0.0 -0.0 -0.01 0.04 0.02 -0.01
12 21 78 71 23 -0.0 0.0 -0.01 0.0 0.06 -0.03
13 19 78 71 23 -0.01 0.0 -0.01 -0.02 0.06 -0.03
14 21 79 67 23 -0.01 -0.0 -0.01 0.01 0.07 -0.02
15 21 80 68 23 -0.01 -0.0 -0.01 -0.02 0.05 -0.04
16 20 81 65 24 -0.01 -0.01 -0.01 -0.01 0.01 -0.02
17 21 81 69 24 -0.01 -0.01 -0.01 0.0 0.01 -0.02
18 21 81 66 23 -0.01 -0.01 -0.01 0.03 0.0 -0.04
19 26 80 65 23 -0.01 -0.0 -0.01 0.0 0.04 -0.03
20 25 80 63 23 -0.01 -0.0 -0.01 -0.01 0.05 -0.02
21 23 81 73 23 -0.01 -0.01 -0.01 0.02 0.04 -0.04
22 21 83 72 24 -0.0 -0.01 -0.01 0.06 0.05 -0.01
23 21 84 76 23 -0.0 0.0 -0.01 0.0 0.04 -0.03
24 22 84 71 23 -0.0 0.0 -0.01 0.0 0.04 -0.02
25 21 84 69 23 -0.0 -0.0 -0.01 0.0 0.02 -0.02
26 21 83 66 23 -0.0 -0.0 -0.01 -0.03 0.0 -0.03
27 26 82 84 23 -0.0 -0.0 -0.01 0.0 0.04 -0.02
28 26 81 80 23 -0.0 -0.01 -0.01 0.0 0.05 -0.03
29 30 81 75 23 -0.01 -0.01 -0.01 0.01 0.03 0.0
30 28 81 72 24 -0.01 -0.0 -0.01 0.03 0.03 -0.02
31 27 80 68 23 -0.01 -0.0 -0.01 0.0 0.01 -0.03
32 24 81 68 23 -0.01 -0.0 -0.01 -0.04 0.0 -0.04
33 23 81 68 23 -0.01 -0.01 -0.0 0.05 0.05 -0.01
34 24 80 65 23 -0.01 -0.01 -0.0 0.06 0.0 -0.02
35 22 79 67 23 -0.0 0.0 0.0 0.04 0.0 -0.02
36 29 79 66 23 0.0 0.01 -0.0 -0.03 0.0 -0.04
37 26 77 75 23 0.01 0.0 -0.01 -0.03 0.03 -0.01
38 24 76 75 23 0.01 0.01 -0.01 -0.04 0.06 -0.02
39 23 75 72 23 0.01 0.01 -0.01 -0.06 0.07 -0.01
40 22 75 75 23 0.0 0.01 -0.02 -0.02 0.08 0.0
41 21 76 78 23 -0.0 -0.01 -0.01 0.05 0.03 -0.03
42 22 76 81 23 -0.01 -0.0 -0.02 0.06 0.0 -0.06
43 22 78 79 23 -0.01 0.0 -0.01 -0.01 -0.01 -0.01
44 22 79 75 23 -0.01 0.01 -0.01 -0.02 0.01 -0.01
45 21 81 71 23 -0.01 0.01 -0.01 0.0 0.03 -0.04
46 27 81 78 23 0.0 0.0 -0.01 -0.01 0.05 -0.03
47 24 79 77 23 -0.0 -0.0 -0.01 -0.02 0.09 0.0
48 23 80 76 24 -0.01 -0.01 -0.01 -0.05 0.06 0.02
49 21 80 73 24 -0.02 -0.0 -0.02 -0.01 0.02 -0.03
50 21 79 72 23 -0.02 -0.02 -0.02 0.0 0.03 0.0
51 26 81 65 23 -0.02 -0.01 -0.02 0.04 0.02 -0.04
52 25 81 68 23 -0.02 -0.01 -0.02 0.05 0.03 -0.02
53 26 81 68 23 -0.03 -0.0 -0.02 0.01 0.02 -0.04
54 25 80 68 23 -0.03 0.0 -0.02 -0.01 0.06 -0.03
55 24 80 72 23 -0.03 0.0 -0.02 -0.03 0.04 0.0
56 22 79 68 23 -0.02 0.01 -0.03 0.03 0.02 -0.02
57 24 79 69 23 -0.03 0.01 -0.02 0.0 0.05 -0.03
58 23 81 75 24 -0.02 0.02 -0.03 -0.04 0.06 0.0
59 22 82 75 23 -0.03 0.01 -0.03 -0.07 0.07 -0.03
60 21 80 70 24 -0.03 0.01 -0.03 0.03 0.13 0.0
61 27 81 71 24 -0.03 0.01 -0.02 0.02 0.12 0.0
62 24 81 67 23 -0.04 0.0 0.0 0.1 0.05 -0.01
63 23 82 66 24 -0.05 -0.0 0.02 0.16 0.0 -0.01
64 26 80 65 24 -0.05 -0.0 0.06 0.19 -0.06 -0.04
65 24 82 65 24 -0.04 0.01 0.09 0.04 -0.04 -0.06
66 23 82 68 24 -0.04 0.01 0.1 -0.06 0.04 -0.08
67 22 82 72 23 -0.02 0.01 0.1 -0.07 0.05 -0.07
68 21 82 67 24 -0.01 0.0 0.1 -0.07 0.11 -0.05
69 19 82 66 24 0.0 0.01 0.09 -0.09 0.06 -0.03
70 24 83 71 24 0.02 0.01 0.07 -0.1 0.02 -0.08
71 22 82 74 24 0.05 0.01 0.04 -0.09 0.0 -0.08
72 24 81 76 24 0.07 0.01 0.03 -0.12 0.0 -0.07
73 23 80 73 24 0.1 0.01 0.01 -0.04 0.03 -0.03
74 22 79 74 24 0.11 0.02 -0.01 -0.01 0.02 -0.02
75 21 79 74 23 0.11 0.03 -0.01 -0.04 -0.02 -0.02
76 21 80 83 24 0.11 0.04 -0.03 -0.08 -0.02 0.0
77 20 79 82 24 0.1 0.04 -0.05 -0.11 0.01 0.01
78 29 80 79 24 0.09 0.04 -0.06 -0.1 0.15 0.01
79 26 80 73 24 0.06 0.04 -0.07 -0.09 0.2 0.0
80 25 82 71 24 0.04 0.03 -0.08 0.03 0.29 0.02
81 23 83 72 24 0.01 0.02 -0.07 0.02 0.23 0.01
82 22 84 75 24 -0.01 0.0 -0.04 0.12 0.15 -0.02
83 21 83 71 24 -0.04 -0.01 -0.01 0.17 0.03 -0.01
84 20 81 72 24 -0.05 -0.01 0.02 0.18 0.01 -0.01
85 20 81 70 24 -0.07 -0.01 0.06 0.09 -0.03 0.0
-200 -200 -200 -200 -200 -200 -200 -200 -200 -200 -200
86 19 79 67 25 -0.09 -0.02 0.1 0.01 0.04 0.0
87 19 77 68 24 -0.1 -0.03 0.11 -0.02 0.01 0.0
88 18 77 77 24 -0.13 -0.07 0.14 -0.04 0.03 -0.01
89 18 75 74 24 -0.15 -0.08 0.15 0.06 0.0 -0.05
90 20 75 74 24 -0.16 -0.08 0.16 0.1 0.03 -0.01
91 20 74 74 24 -0.16 -0.07 0.16 0.01 0.03 -0.03
92 20 74 71 25 -0.14 -0.06 0.16 0.0 0.02 -0.04
93 19 73 73 24 -0.13 -0.05 0.16 -0.04 0.01 -0.06
94 19 73 73 24 -0.09 0.01 0.13 -0.15 -0.02 -0.11
95 18 73 72 25 -0.05 0.03 0.1 -0.3 0.0 -0.14
96 18 71 71 25 -0.02 0.02 0.07 -0.35 -0.04 -0.14
97 26 71 71 25 0.03 0.0 0.03 -0.32 -0.02 -0.13
98 25 71 73 24 0.07 0.01 -0.03 -0.22 0.03 -0.06
99 23 72 70 24 0.08 0.01 -0.06 -0.27 0.06 -0.05
100 23 73 72 24 0.1 0.03 -0.11 -0.12 0.1 0.0
101 21 74 73 24 0.1 0.04 -0.15 -0.09 0.22 0.01
102 20 74 68 24 0.09 0.02 -0.16 -0.07 0.27 0.01
103 19 90 68 24 0.05 -0.03 -0.15 0.11 0.23 0.01
104 19 98 70 24 0.02 -0.03 -0.11 0.29 0.22 0.04
105 19 91 69 24 0.01 -0.03 -0.08 0.34 0.17 0.02
106 18 88 67 27 -0.02 -0.01 -0.01 0.46 0.01 0.03
107 23 85 64 24 -0.06 -0.0 0.08 0.4 -0.11 0.02
108 25 80 62 24 -0.07 0.01 0.11 0.31 -0.2 -0.02
109 20 81 62 25 -0.1 0.03 0.16 0.13 -0.15 -0.03
110 19 79 62 25 -0.1 0.06 0.15 -0.13 0.0 -0.05
111 19 77 72 24 -0.09 0.07 0.14 -0.17 0.05 -0.04
112 18 75 73 25 -0.06 0.08 0.1 -0.34 0.16 -0.07
113 20 92 75 25 -0.02 0.06 0.06 -0.33 0.23 -0.09
114 20 89 71 25 0.0 0.05 0.05 -0.27 0.22 -0.09
115 19 85 68 25 0.04 0.04 0.02 -0.05 0.09 -0.12
116 19 82 66 24 0.09 0.03 0.02 -0.05 -0.03 -0.06
117 20 81 64 25 0.1 0.03 0.01 -0.02 -0.12 -0.08
118 24 79 75 24 0.14 0.05 -0.01 -0.02 -0.18 -0.04
119 24 79 78 24 0.17 0.09 -0.03 -0.12 -0.06 -0.12
120 24 77 74 25 0.2 0.1 -0.05 -0.09 0.01 -0.08
121 23 77 75 24 0.21 0.12 -0.09 -0.3 0.17 0.0
122 22 77 72 24 0.21 0.06 -0.12 -0.13 0.2 0.01
123 20 97 69 24 0.21 0.04 -0.13 0.13 0.2 0.03
124 20 106 65 24 0.2 0.05 -0.14 0.28 0.15 0.06
125 20 128 62 24 0.2 0.09 -0.12 0.4 0.0 0.09
126 23 128 60 24 0.21 0.12 -0.11 0.27 -0.1 -0.05
127 26 126 59 24 0.27 0.16 -0.09 -0.28 -0.07 -0.13
128 37 129 57 28 0.32 0.02 -0.06 -0.31 0.06 -0.02
129 45 165 55 27 0.31 -0.06 -0.04 -0.21 -0.04 0.0
130 58 196 55 28 0.24 -0.16 0.0 0.22 0.0 0.1
131 57 187 54 41 0.22 -0.15 0.01 0.39 -0.03 0.08
132 50 208 55 40 0.2 -0.13 0.01 0.15 0.02 -0.02
133 63 223 55 37 0.12 -0.33 0.03 -0.15 0.37 -0.14
134 77 255 57 72 0.01 -0.73 0.11 -0.09 0.29 0.25
135 74 287 60 69 -0.13 -0.96 0.17 -0.32 0.29 0.31
136 70 317 61 65 -0.3 -1.46 0.28 -0.17 -0.38 0.22
137 121 349 61 60 0.16 -1.45 0.19 -0.65 -0.23 0.38
138 112 347 62 51 0.2 -1.35 0.18 -0.26 -0.01 1.13
139 116 382 65 48 0.02 -1.26 0.19 -0.68 0.11 1.81
140 112 457 63 43 0.07 -1.55 0.19 -0.62 0.43 0.99
141 106 469 63 42 0.07 -1.55 0.15 -1.77 -1.05 0.74
142 132 497 67 38 0.55 -1.86 -0.24 -0.11 1.81 1.72
143 115 536 70 48 0.75 -1.91 -0.09 -0.25 -0.29 1.61
144 109 518 83 46 0.88 -1.68 -0.05 -0.47 0.47 2.06
145 94 473 82 42 1.14 -1.59 -0.15 0.33 0.55 1.92
146 102 462 78 41 1.35 -1.56 -0.31 1.24 1.24 2.23
147 95 464 77 37 1.44 -1.57 -0.41 1.69 1.22 1.54
148 106 471 83 34 1.7 -1.49 -0.51 1.21 1.26 0.86
149 112 462 97 36 1.7 -1.41 -0.58 0.83 0.93 0.56
150 107 458 99 35 1.69 -1.42 -0.61 0.88 0.75 0.76
151 106 484 97 32 1.69 -1.4 -0.66 0.52 0.37 0.84
152 114 493 97 37 1.69 -1.31 -0.71 0.45 0.05 -0.1
153 126 517 103 35 1.66 -1.2 -0.71 0.15 -0.26 -0.33
154 153 544 111 36 1.63 -0.98 -0.67 0.29 -0.52 -0.61
155 146 495 106 34 1.57 -0.81 -0.6 -0.19 -0.9 -0.44
156 169 554 112 43 1.54 -0.77 -0.57 -0.19 -0.83 -0.49
157 156 531 115 45 1.45 -0.72 -0.52 -0.41 -0.82 -0.7
158 174 543 118 43 1.32 -0.64 -0.46 -0.61 -0.45 -1.25
159 174 556 126 41 1.26 -0.61 -0.44 -0.52 -0.48 -1.33
160 207 564 118 40 1.14 -0.58 -0.36 -0.56 -0.35 -1.47
161 188 524 115 43 1.01 -0.63 -0.29 -0.54 -0.25 -1.53
162 169 511 122 47 0.95 -0.66 -0.25 -0.55 -0.2 -1.6
163 172 582 128 46 0.8 -0.59 -0.19 -0.48 -0.23 -1.6
164 199 574 128 41 0.63 -0.53 -0.15 -0.78 -0.23 -1.44
165 205 565 132 40 0.58 -0.53 -0.16 -0.63 -0.27 -1.66
166 193 591 134 37 0.45 -0.39 -0.14 -0.55 -0.28 -1.76
167 206 599 127 37 0.33 -0.26 -0.1 -0.94 -0.37 -1.64
168 187 587 134 37 0.28 -0.28 -0.09 -0.94 -0.45 -1.6
169 207 538 131 43 0.21 -0.3 -0.07 -0.69 -0.56 -1.11
170 187 594 119 43 0.13 -0.23 -0.06 -0.83 -0.51 -0.57
171 217 582 119 42 0.09 -0.17 -0.07 -0.83 -0.48 -0.57
172 219 556 124 39 0.02 -0.06 -0.07 -0.76 -0.4 -1.04
173 192 511 123 35 -0.03 -0.02 -0.05 -0.74 -0.4 -1.1
174 198 486 122 36 -0.03 -0.03 -0.04 -0.62 -0.33 -1.11
175 187 484 114 33 -0.06 -0.03 0.0 -0.36 -0.26 -0.64
176 161 496 113 31 -0.11 0.01 0.04 -0.37 -0.25 -0.29
177 153 496 121 32 -0.14 0.03 0.04 -0.22 -0.23 -0.27
178 170 473 129 32 -0.17 0.07 0.02 -0.03 -0.17 -0.49
179 155 495 123 30 -0.16 0.09 0.01 0.08 0.0 -0.44
180 143 478 150 29 -0.15 0.1 0.01 0.0 0.03 -0.39
181 128 432 142 28 -0.16 0.06 -0.0 -0.02 0.04 -0.08
182 120 435 133 29 -0.18 0.11 -0.01 0.09 0.05 0.01
183 132 435 140 29 -0.2 0.16 -0.02 0.03 0.09 -0.09
184 157 469 136 37 -0.21 0.19 -0.03 -0.07 -0.01 -0.53
185 168 453 147 33 -0.19 0.18 -0.02 0.15 -0.02 -0.35
186 151 426 153 33 -0.18 0.18 -0.02 -0.02 -0.09 -0.25
187 138 431 169 31 -0.14 0.09 -0.03 0.0 -0.07 -0.04
188 132 427 163 30 -0.1 0.09 -0.04 -0.06 0.14 -0.04
189 151 412 152 29 -0.1 0.12 -0.05 -0.17 0.12 -0.06
190 135 436 177 34 -0.11 0.13 -0.07 -0.12 0.2 -0.29
191 121 487 178 34 -0.13 0.14 -0.08 -0.12 0.21 -0.38
192 103 440 224 33 -0.14 0.13 -0.08 -0.13 0.17 -0.41
193 116 449 218 31 -0.16 0.12 -0.07 -0.07 0.01 -0.23
194 178 457 222 31 -0.16 0.13 -0.06 -0.29 0.0 0.21
195 162 456 206 29 -0.15 0.15 -0.05 -0.4 0.03 0.66
196 142 439 188 62 -0.18 0.17 -0.07 -0.41 0.15 0.67
197 122 426 175 53 -0.22 0.21 -0.12 0.28 0.15 -0.48
198 128 490 173 47 -0.24 0.24 -0.12 0.41 0.18 -0.78
199 112 445 174 44 -0.23 0.25 -0.09 0.28 0.15 -0.76
200 96 431 171 39 -0.18 0.14 -0.06 -0.23 0.14 -0.1
201 141 456 160 37 -0.16 0.08 -0.05 -0.16 0.08 -0.03
202 129 417 147 56 -0.14 0.07 -0.03 -0.23 0.02 -0.06
203 109 428 136 58 -0.14 0.09 -0.0 -0.22 0.02 -0.41
204 125 475 124 51 -0.13 0.08 0.01 -0.11 0.0 -0.6
205 122 426 150 46 -0.13 0.04 0.03 -0.04 0.01 -0.36
206 124 403 141 44 -0.11 -0.03 0.02 -0.01 -0.03 -0.31
207 105 383 130 39 -0.1 -0.04 0.02 -0.06 -0.07 -0.22
208 119 415 125 37 -0.08 -0.02 -0.0 -0.06 -0.1 -0.37
209 154 413 120 34 -0.06 -0.03 -0.01 -0.15 -0.01 -0.35
210 148 391 117 32 -0.05 -0.03 -0.01 -0.19 0.01 -0.35
211 127 381 117 33 -0.03 -0.05 -0.03 -0.16 0.06 -0.1
212 116 371 116 33 -0.03 -0.04 -0.03 -0.28 0.02 0.05
213 97 363 107 41 -0.03 -0.01 -0.03 -0.13 0.01 0.06
214 115 353 103 37 -0.03 -0.0 -0.03 -0.09 0.03 -0.14
215 99 406 101 35 -0.03 0.01 -0.02 -0.18 0.08 -0.15
216 92 384 102 33 -0.02 -0.0 -0.0 -0.19 0.12 -0.11
217 98 364 103 33 -0.0 -0.02 0.02 0.0 0.1 -0.06
218 99 335 96 31 0.0 -0.0 0.03 -0.08 0.11 -0.01
219 147 368 90 30 0.0 0.01 0.03 -0.05 0.09 -0.05
220 136 372 88 30 0.03 -0.02 0.01 -0.04 0.1 -0.16
221 138 335 97 28 0.03 -0.02 0.01 -0.06 0.04 -0.35
222 136 344 92 28 0.03 -0.01 0.02 -0.1 0.01 -0.4
223 118 381 87 27 0.03 0.0 0.03 -0.21 -0.13 -0.48
224 102 346 80 26 0.01 0.02 0.05 -0.3 -0.18 -0.63
225 95 319 77 26 -0.01 0.05 0.09 -0.21 -0.22 -0.74
226 86 293 76 27 -0.04 0.05 0.13 -0.23 -0.27 -0.77
227 84 297 73 25 -0.06 0.04 0.15 -0.16 -0.38 -0.79
228 73 262 71 26 -0.11 0.05 0.19 -0.18 -0.35 -0.81
229 70 254 68 25 -0.21 0.11 0.24 -0.38 -0.32 -0.72
230 64 236 66 24 -0.27 0.16 0.26 -0.1 -0.43 -0.97
231 55 235 68 24 -0.38 0.32 0.3 -0.14 -0.4 -1.05
232 56 231 68 24 -0.54 0.57 0.39 -0.13 -0.45 -0.99
233 54 241 68 24 -0.71 0.79 0.49 -0.28 -0.33 -1.13
234 52 234 68 24 -0.77 0.92 0.53 -0.26 -0.31 -1.29
235 52 231 66 26 -0.99 1.27 0.64 -0.9 -0.31 -1.03
236 50 228 75 24 -1.25 1.44 0.67 -1.01 -0.16 -1.02
237 51 227 106 24 -1.33 1.44 0.64 -0.73 -0.14 -0.96
238 75 232 104 23 -1.53 1.43 0.67 -0.58 0.16 -0.8
239 88 233 100 24 -1.81 1.61 0.72 -0.86 0.31 -0.98
240 79 233 94 25 -1.97 1.74 0.75 -1.08 0.28 -1.04
241 74 226 87 29 -2.28 1.9 0.69 -1.17 0.13 -1.29
242 66 236 80 29 -2.35 1.85 0.62 -0.41 0.38 -2.23
243 58 237 77 28 -2.34 1.7 0.57 0.17 0.27 -2.7
244 50 233 74 27 -2.23 1.48 0.6 -0.3 -0.05 -2.66
245 47 228 70 26 -2.19 1.26 0.63 -0.53 -0.33 -1.8
246 52 222 67 25 -2.05 0.75 0.7 -1.08 -0.25 -1.21
247 45 217 65 25 -1.95 0.39 0.67 -1.11 -0.2 -0.93
248 64 207 65 24 -1.92 0.31 0.61 0.03 -0.12 -1.05
249 60 197 66 23 -2.02 0.23 0.52 -1.34 -0.49 -1.45
250 54 188 69 24 -1.8 0.15 0.45 0.81 -0.13 -1.94
251 51 178 77 24 -2.01 0.09 0.43 0.48 -2.46 -5.28
252 48 164 88 23 -0.22 -1.54 0.26 -1.6 -9.7 7.44
253 47 155 89 24 1.08 2.07 0.48 7.62 0.07 15.9
254 44 145 84 24 0.67 2.97 0.03 -0.89 -1.72 7.22
255 38 136 80 24 0.55 1.52 -0.35 -1.01 2.1 0.64
256 36 129 82 24 0.19 1.54 -0.28 -2.12 1.82 -1.39
257 35 119 79 23 0.17 1.3 -0.27 -2.83 0.58 -1.22
258 34 109 79 23 0.13 0.22 -0.13 -1.39 0.2 -0.66
259 32 102 76 24 0.02 -0.15 0.02 0.68 -0.13 0.6
260 31 96 77 23 0.04 -0.05 0.01 0.83 -0.16 -0.2
261 35 90 84 23 0.16 0.22 -0.02 0.67 -0.42 -0.65
262 61 87 79 24 0.26 0.47 0.0 0.11 -0.38 -0.64
-100 -100 -100 -100 -100 -100 -100 -100 -100 -100 -100
263 57 82 80 23 0.24 0.5 0.01 -0.53 -0.35 0.2
264 51 80 78 23 0.07 0.1 0.04 -0.7 -0.22 0.33
265 45 77 79 24 0.06 -0.05 0.06 -0.65 -0.07 0.22
266 38 74 76 23 0.09 -0.07 0.05 -0.12 0.16 0.0
267 33 73 74 23 0.08 0.01 0.02 0.06 0.22 -0.08
268 30 73 73 23 0.14 0.13 0.0 0.18 0.06 -0.08
269 27 74 84 23 0.16 0.18 0.0 -0.03 -0.06 -0.01
270 25 74 84 23 0.13 0.23 0.01 -0.16 -0.06 -0.08
271 23 74 78 23 0.08 0.08 0.03 -0.51 -0.11 0.16
272 21 74 77 23 0.06 0.03 0.03 -0.39 -0.1 0.06
273 32 77 78 24 0.06 -0.0 0.03 -0.28 -0.02 -0.03
274 28 79 81 23 0.06 0.01 0.02 -0.02 -0.02 0.02
275 26 82 86 23 0.04 0.03 0.03 0.05 -0.12 0.07
276 23 87 107 24 0.03 0.09 0.04 0.0 -0.08 0.01
277 27 93 100 24 0.02 0.16 0.04 -0.04 -0.1 0.3
278 52 96 89 24 0.0 0.19 0.06 -0.45 -0.07 0.0
279 51 101 79 24 -0.01 0.1 0.07 -0.43 -0.06 -0.2
280 48 103 72 24 -0.0 0.03 0.06 -0.24 -0.11 -0.26
281 42 107 70 23 0.0 0.01 0.04 -0.18 -0.11 -0.26
282 38 107 81 23 0.03 0.02 0.03 -0.06 -0.18 -0.22
283 32 107 80 23 0.05 0.07 0.02 0.0 -0.15 -0.18
284 28 107 81 23 0.04 0.08 0.02 -0.03 -0.02 -0.15
285 26 109 73 23 0.05 0.09 -0.0 -0.36 -0.11 -0.08
286 26 111 70 23 0.08 0.1 -0.01 -0.36 -0.06 -0.07
287 24 114 75 23 0.08 0.09 -0.02 -0.22 -0.03 -0.1
288 25 115 89 23 0.08 0.06 -0.02 -0.21 -0.02 -0.1
289 29 114 82 23 0.08 0.05 -0.01 -0.09 -0.01 0.02
290 32 114 77 23 0.06 0.05 -0.01 -0.09 -0.01 0.07
291 29 116 77 23 0.04 0.05 -0.0 -0.15 -0.05 -0.05
292 28 118 76 23 0.04 0.05 0.0 -0.13 -0.11 -0.04
293 25 120 73 23 0.04 0.05 0.0 -0.13 -0.1 -0.05
294 27 123 76 23 0.02 0.05 0.0 -0.21 -0.08 0.0
295 26 124 79 23 0.01 0.04 -0.0 -0.27 -0.01 -0.04
296 24 126 78 23 0.01 0.02 0.01 -0.22 -0.01 -0.02
297 24 128 74 24 -0.0 -0.01 0.01 -0.16 -0.02 -0.04
298 26 129 72 24 -0.0 -0.01 0.02 -0.09 -0.04 0.0
299 36 130 75 23 -0.01 0.0 0.01 -0.05 -0.09 -0.05
300 36 131 75 24 -0.01 0.02 0.02 -0.09 -0.07 -0.06
301 34 130 72 23 -0.01 0.02 0.02 -0.18 -0.1 -0.03
302 36 129 77 23 -0.02 0.01 0.02 -0.25 -0.11 -0.04
303 36 129 74 23 -0.0 -0.01 0.02 -0.23 -0.08 -0.05
304 38 130 68 23 0.0 -0.01 0.01 -0.23 0.0 -0.1
305 39 128 72 23 -0.0 -0.01 0.01 -0.14 0.01 -0.06
306 40 129 77 23 0.02 -0.0 0.0 -0.08 0.05 -0.05
307 42 129 83 24 0.02 0.03 -0.0 -0.12 0.03 0.0
-200 -200 -200 -200 -200 -200 -200 -200 -200 -200 -200
308 39 127 86 23 0.01 0.03 -0.01 -0.19 -0.08 -0.04
309 46 128 80 23 0.01 0.02 -0.01 -0.22 -0.05 -0.06
310 45 128 80 23 0.03 0.0 -0.01 -0.14 -0.08 -0.04
311 46 132 79 24 0.02 -0.0 -0.01 -0.08 -0.04 -0.07
312 45 133 87 23 0.01 -0.01 -0.01 -0.05 -0.06 -0.05
313 41 133 87 23 0.0 -0.0 0.0 -0.07 -0.04 0.0
314 41 131 84 23 0.0 0.0 0.01 -0.14 0.0 -0.02
315 44 133 79 23 -0.01 -0.01 0.01 -0.19 0.0 -0.04
316 44 134 75 23 -0.02 -0.03 0.01 -0.18 0.0 -0.02
317 41 136 81 23 -0.02 -0.03 0.01 -0.12 0.01 -0.03
318 39 136 78 23 -0.02 -0.02 0.0 -0.07 -0.05 -0.07
319 41 135 83 23 -0.01 -0.01 0.0 -0.18 -0.04 -0.05
320 41 136 78 23 -0.02 -0.02 0.0 -0.14 -0.06 0.0
321 38 129 70 23 -0.03 -0.04 0.01 -0.12 -0.05 -0.02
322 41 132 66 23 -0.04 -0.08 0.0 -0.13 0.0 0.01
323 52 141 65 24 -0.05 -0.1 0.0 -0.14 -0.01 0.0
324 69 170 66 24 -0.04 -0.16 0.01 -0.03 -0.03 -0.01
325 84 174 62 24 -0.04 -0.14 -0.0 -0.11 -0.09 0.02
326 90 178 60 27 -0.02 -0.13 -0.01 -0.1 -0.1 -0.06
327 87 210 58 34 -0.0 -0.13 0.0 -0.19 -0.09 0.03
328 91 225 60 32 -0.0 -0.13 0.0 -0.17 -0.08 0.07
329 93 253 60 30 0.03 -0.15 0.01 -0.11 -0.13 0.12
330 108 273 56 31 0.15 -0.23 0.0 0.15 -0.14 0.07
331 103 323 59 39 0.26 -0.28 0.01 0.14 -0.15 0.08
332 94 368 61 50 0.27 -0.27 0.01 0.06 -0.27 0.11
333 93 437 63 45 0.7 -0.23 -0.03 0.29 -0.35 -0.91
334 101 468 76 41 0.54 -0.16 0.02 -0.32 0.11 0.35
335 93 469 76 36 0.34 -0.32 0.03 -0.52 0.35 1.25
336 83 507 74 34 0.02 -0.47 0.0 -0.37 0.4 1.42
337 85 490 70 32 0.07 -0.56 -0.16 -1.61 -0.03 0.81
338 76 475 71 31 0.77 -1.43 -0.75 3.92 3.97 2.08
339 71 472 79 29 0.72 -1.74 -0.51 0.46 0.15 0.26
340 72 490 81 29 1.01 -1.78 -0.44 0.02 0.03 2.22
341 86 493 85 28 1.2 -1.84 -0.52 0.45 0.17 2.24
342 87 510 89 27 1.27 -1.49 -0.5 1.12 0.21 1.62
343 97 528 99 27 1.21 -1.02 -0.46 0.2 0.04 1.44
344 90 459 94 26 1.2 -0.95 -0.48 -0.11 0.08 1.26
345 82 434 88 25 1.21 -1.18 -0.54 0.02 0.02 0.89
346 75 402 88 26 1.26 -1.45 -0.57 0.28 -0.16 0.81
347 119 378 82 34 1.32 -1.48 -0.59 0.24 0.16 0.07
348 141 406 78 31 1.3 -1.38 -0.57 -0.1 0.08 -0.1
349 130 438 82 31 1.25 -1.29 -0.55 -0.67 -0.16 -0.05
350 136 552 91 31 1.29 -1.33 -0.55 -0.59 -0.19 -0.09
351 154 556 93 37 1.38 -1.41 -0.55 -0.13 -0.28 0.07
352 215 500 93 36 1.37 -1.29 -0.55 -0.26 -0.04 0.18
353 189 510 105 40 1.34 -1.23 -0.55 -0.36 -0.13 0.22
354 196 511 104 38 1.29 -1.06 -0.57 -0.46 0.03 0.37
355 212 474 106 42 1.31 -0.94 -0.6 -0.73 -0.03 0.42
356 260 454 110 40 1.31 -0.92 -0.63 -0.77 -0.04 0.42
357 291 453 115 37 1.31 -0.85 -0.66 -0.82 -0.1 -0.24
358 290 422 114 39 1.32 -0.84 -0.63 -0.87 -0.18 -0.41
359 293 425 131 39 1.3 -0.82 -0.58 -0.55 -0.13 -0.8
360 264 435 123 38 1.17 -0.73 -0.43 -0.7 -0.22 -0.85
361 266 446 113 45 1.04 -0.69 -0.32 -0.83 -0.24 -1.22
362 229 448 126 41 0.97 -0.66 -0.27 -0.69 -0.23 -1.27
363 270 451 134 38 0.78 -0.61 -0.17 -0.44 -0.22 -1.67
364 267 440 126 38 0.61 -0.53 -0.12 -0.17 -0.34 -1.61
365 223 398 126 37 0.51 -0.46 -0.1 -0.33 -0.42 -1.55
366 206 380 125 36 0.38 -0.37 -0.07 -0.63 -0.51 -1.91
367 201 361 122 34 0.23 -0.31 -0.04 -0.73 -0.52 -1.47
368 197 393 118 35 0.14 -0.28 -0.03 -0.82 -0.57 -1.1
369 189 395 127 38 -0.03 -0.18 -0.03 -0.97 -0.72 -1.2
370 272 394 135 43 -0.14 -0.02 -0.02 -0.61 -0.9 -1.73
371 224 377 128 42 -0.17 0.06 -0.02 -0.56 -0.95 -1.71
372 217 362 129 45 -0.21 0.09 0.0 -0.75 -1.01 -1.17
373 205 372 124 41 -0.21 0.06 0.02 -1.02 -0.81 -0.25
374 174 379 127 49 -0.21 0.03 0.04 -0.98 -0.69 -0.11
375 169 352 121 44 -0.24 0.06 0.09 -0.6 -0.35 0.0
376 215 360 124 47 -0.24 0.07 0.11 -0.37 -0.15 -0.47
377 216 366 128 43 -0.23 0.07 0.12 -0.14 -0.13 -0.47
378 240 391 118 39 -0.23 0.07 0.12 -0.33 -0.14 -0.2
379 235 428 119 45 -0.23 0.06 0.1 -0.29 -0.15 0.2
380 203 378 123 48 -0.24 0.06 0.09 -0.24 -0.12 0.24
381 170 404 118 45 -0.23 0.09 0.09 -0.06 -0.16 -0.07
382 150 390 122 43 -0.21 0.11 0.09 0.08 -0.06 0.01
383 172 403 118 41 -0.19 0.1 0.08 -0.02 -0.01 0.13
384 154 410 113 36 -0.17 0.04 0.06 -0.01 0.04 0.09
385 145 390 103 34 -0.14 0.0 0.05 -0.04 0.05 0.19
386 153 376 103 54 -0.13 -0.01 0.05 -0.01 0.02 0.15
387 171 365 115 47 -0.09 0.01 0.07 0.21 0.03 -0.13
388 192 346 121 42 -0.06 0.07 0.1 -0.03 -0.01 0.07
389 188 338 112 40 -0.06 0.06 0.1 -0.09 -0.02 0.25
390 162 421 103 36 -0.07 -0.02 0.07 -0.1 0.01 0.39
391 145 396 104 42 -0.09 -0.02 0.04 0.02 0.07 -0.08
392 131 404 102 43 -0.09 -0.01 0.03 0.07 0.07 -0.23
393 137 432 120 38 -0.09 0.03 0.0 0.0 0.01 -0.3
394 133 428 128 35 -0.07 0.02 -0.01 -0.11 -0.04 -0.06
395 158 399 116 34 -0.06 0.01 -0.03 -0.11 -0.06 -0.01
396 145 382 114 32 -0.05 0.03 -0.03 -0.19 -0.08 0.06
397 150 365 114 32 -0.04 -0.01 -0.02 -0.29 -0.07 -0.14
398 181 348 113 30 -0.03 -0.02 -0.02 -0.07 -0.04 -0.07
399 160 347 111 31 -0.02 0.04 -0.01 -0.01 -0.03 -0.14
400 133 379 108 30 -0.03 0.14 -0.02 -0.03 0.04 -0.09
401 137 420 99 28 -0.03 0.19 -0.03 -0.12 0.03 -0.17
402 155 423 105 26 -0.04 0.23 -0.05 -0.19 0.06 -0.24
403 131 390 113 30 -0.05 0.2 -0.06 -0.42 0.01 -0.26
404 129 433 111 28 -0.04 0.16 -0.05 -0.36 0.07 -0.15
405 122 433 103 30 -0.05 0.08 -0.05 -0.41 0.0 0.06
406 119 413 107 29 -0.04 0.05 -0.05 -0.31 0.02 0.06
407 117 390 110 29 -0.04 0.06 -0.04 -0.3 0.0 -0.01
408 128 374 106 29 -0.04 0.07 -0.02 -0.3 0.01 -0.11
409 142 390 95 28 -0.02 0.06 -0.01 -0.34 0.01 -0.21
410 138 435 93 28 -0.02 0.04 -0.0 -0.33 0.02 -0.2
411 118 390 94 28 -0.01 0.01 -0.01 -0.27 0.04 -0.18
412 121 425 93 27 -0.01 0.02 0.0 -0.17 0.07 -0.13
413 111 397 89 26 -0.02 0.03 0.0 -0.09 0.07 -0.11
414 108 367 87 26 -0.03 0.06 0.02 -0.04 0.04 -0.28
415 106 373 94 33 -0.04 0.13 0.02 0.0 0.0 -0.15
416 128 381 87 34 -0.04 0.17 0.01 -0.13 -0.06 -0.11
417 138 368 92 32 -0.03 0.26 -0.01 -0.02 -0.09 -0.1
418 118 343 88 36 -0.03 0.45 -0.0 -0.29 -0.16 -0.09
419 105 324 81 44 -0.05 0.5 0.0 -0.42 -0.22 -0.15
420 95 339 81 49 -0.05 0.3 -0.0 -0.46 -0.2 -0.27
421 89 350 88 44 -0.0 0.08 -0.01 0.12 -0.17 -0.27
422 88 309 90 40 0.01 0.08 0.0 -0.02 -0.14 -0.15
423 116 299 93 36 0.03 0.12 0.01 -0.1 -0.12 -0.02
424 98 321 91 34 0.01 0.11 -0.0 -0.2 -0.1 0.0
425 88 333 87 31 -0.02 0.1 -0.01 -0.3 -0.12 -0.08
426 85 343 82 33 -0.05 0.1 -0.0 -0.32 -0.06 -0.25
427 78 317 77 32 -0.09 0.16 0.02 -0.36 -0.08 -0.4
428 65 301 77 30 -0.12 0.2 0.03 -0.38 -0.14 -0.61
429 56 272 81 30 -0.16 0.26 0.09 -0.36 -0.25 -0.72
430 45 248 78 28 -0.22 0.3 0.13 -0.21 -0.37 -0.67
431 41 229 70 27 -0.27 0.35 0.16 -0.12 -0.35 -0.7
432 37 228 65 26 -0.39 0.58 0.24 0.19 -0.37 -0.59
433 34 220 68 27 -0.59 1.02 0.36 0.45 -0.3 -0.73
434 31 231 65 26 -0.71 1.33 0.42 0.37 -0.27 -0.95
435 29 225 65 25 -0.95 1.93 0.58 0.07 -0.35 -1.52
436 32 223 62 25 -1.21 2.3 0.69 -0.01 -0.15 -1.91
437 38 225 62 24 -1.36 2.46 0.72 -0.36 -0.22 -1.9
438 62 226 59 43 -1.69 2.56 0.72 -0.33 -0.13 -2.35
439 56 224 62 38 -1.96 2.36 0.61 -0.91 -0.09 -2.41
440 51 227 63 35 -2.06 2.18 0.55 -1.05 -0.05 -2.33
441 51 227 63 32 -2.15 1.82 0.42 -0.79 0.14 -2.53
442 58 231 62 47 -2.21 1.52 0.34 -0.5 -0.06 -2.27
443 53 222 62 43 -2.26 1.41 0.29 -0.47 -0.12 -2.31
444 57 229 60 40 -2.31 1.32 0.27 -0.91 -0.51 -1.87
445 52 226 65 36 -2.29 1.26 0.25 -1.15 -0.65 -1.49
446 61 223 63 33 -2.27 1.12 0.26 -1.3 -0.71 -1.24
447 52 216 61 31 -2.17 0.69 0.24 -1.02 -0.43 -1.12
448 44 208 74 31 -2.06 0.22 0.25 0.0 -0.23 -1.14
449 38 198 70 34 -1.92 0.05 0.14 0.0 -0.1 -1.35
450 34 186 80 32 -1.89 0.0 0.08 -0.09 -0.2 -1.61
451 34 176 84 30 -2.0 0.16 0.12 1.67 0.52 -5.47
452 31 161 88 30 -2.07 0.04 0.16 -5.21 -4.57 1.17
453 64 148 83 28 2.39 -0.72 -0.2 10.98 8.41 17.48
454 59 139 80 27 2.09 0.5 -0.15 -0.72 -0.45 -0.66
455 52 132 74 26 0.48 0.81 -0.35 -2.73 0.91 -2.37
456 47 125 74 27 0.62 0.85 -0.39 -1.65 0.92 -0.32
457 39 116 77 26 0.5 0.67 -0.35 1.13 0.85 -0.21
458 35 109 77 27 0.46 0.08 -0.21 1.73 0.72 0.2
459 31 103 79 26 0.17 -0.04 -0.09 1.6 -0.03 0.78
460 28 97 78 25 0.1 0.07 -0.02 0.05 -0.05 -0.36
461 37 92 76 25 0.14 0.39 -0.03 -0.21 -0.03 -0.3
462 33 88 77 24 0.13 0.5 -0.02 -0.12 -0.25 0.05
463 55 85 74 24 0.1 0.51 -0.02 -0.27 -0.45 0.04
464 47 82 71 24 0.01 0.34 0.03 -0.33 -0.38 -0.01
465 43 80 72 25 0.04 0.11 0.04 -0.35 0.08 -0.16
466 38 79 76 24 0.01 0.09 0.06 -0.34 -0.05 -0.13
467 34 80 76 24 0.06 0.09 0.03 -0.28 0.18 -0.06
468 30 81 77 24 0.08 0.13 0.01 -0.1 0.25 0.0
469 33 81 72 24 0.09 0.14 0.01 -0.17 0.15 0.1
470 35 83 68 23 0.07 0.13 -0.01 -0.07 0.17 0.05
471 32 82 66 23 0.06 0.13 -0.02 -0.16 0.06 -0.04
472 30 85 70 23 0.05 0.13 -0.02 -0.22 0.0 -0.04
473 27 87 68 24 0.05 0.13 -0.03 -0.22 -0.02 -0.07
474 25 87 70 24 0.04 0.1 -0.03 -0.24 -0.02 -0.04
475 23 91 72 23 0.04 0.07 -0.02 -0.16 -0.1 -0.05
476 21 92 68 24 0.05 0.02 -0.01 -0.04 -0.13 0.0
477 53 94 78 24 0.02 0.02 0.0 -0.03 0.0 0.03
-100 -100 -100 -100 -100 -100 -100 -100 -100 -100 -100
478 60 96 76 23 0.0 0.03 0.01 -0.11 -0.02 -0.02
479 51 100 76 24 -0.02 0.03 0.02 -0.06 -0.01 0.05
480 47 101 76 23 -0.02 0.04 0.02 -0.06 -0.02 -0.04
481 41 105 69 23 -0.02 0.03 0.02 -0.09 -0.08 -0.03
482 36 107 81 24 -0.01 0.02 0.03 -0.05 -0.08 -0.03
483 32 107 81 23 -0.01 0.03 0.03 -0.06 -0.12 -0.12
484 29 109 78 24 -0.0 0.03 0.03 -0.05 -0.11 -0.02
485 27 111 74 23 0.01 0.05 0.03 -0.11 -0.05 -0.03
486 41 113 72 23 0.03 0.06 0.03 -0.12 0.01 -0.1
487 40 115 76 24 0.05 0.06 0.02 -0.21 0.02 -0.08
488 35 117 79 23 0.06 0.04 0.0 -0.2 0.0 -0.03
489 62 119 76 23 0.07 0.02 -0.0 -0.18 0.01 -0.03
490 57 122 74 24 0.07 0.01 -0.01 -0.13 -0.06 -0.07
491 51 125 72 23 0.08 0.0 -0.02 -0.1 -0.04 -0.04
492 46 127 76 23 0.08 0.01 -0.02 -0.08 -0.05 -0.02
493 48 129 82 24 0.09 0.02 -0.03 -0.16 -0.06 -0.06
494 45 131 78 23 0.09 0.02 -0.04 -0.16 -0.06 -0.03
495 43 132 78 23 0.08 0.02 -0.05 -0.1 0.06 -0.03
496 42 135 78 23 0.07 0.01 -0.05 -0.06 0.13 0.04
497 41 137 74 23 0.03 -0.01 -0.04 -0.05 0.17 0.1
498 38 138 74 24 -0.01 -0.02 -0.04 0.01 0.14 0.01
499 35 139 70 23 -0.03 -0.02 -0.03 0.04 -0.01 0.01
500 33 138 69 23 -0.06 -0.02 -0.02 0.03 -0.04 -0.01
501 30 135 73 23 -0.07 -0.01 0.01 0.01 -0.13 -0.12
502 39 137 69 23 -0.07 -0.01 0.02 -0.07 -0.14 -0.07
503 40 138 76 23 -0.07 -0.01 0.03 -0.11 -0.12 -0.04
504 69 141 81 23 -0.07 -0.0 0.04 -0.07 0.0 -0.06
505 63 141 80 23 -0.07 -0.0 0.04 -0.09 0.05 0.0
506 56 142 84 23 -0.08 -0.0 0.03 -0.15 0.05 -0.03
507 50 141 83 23 -0.08 -0.01 0.03 -0.11 0.04 -0.08
508 44 141 87 23 -0.07 -0.03 0.03 -0.08 -0.06 -0.07
509 42 142 85 23 -0.06 -0.03 0.03 -0.05 -0.07 -0.07
510 39 143 80 23 -0.03 -0.01 0.03 0.02 -0.17 -0.09
511 46 143 80 23 -0.02 0.01 0.03 -0.13 -0.18 -0.15
512 45 141 81 24 0.03 0.04 0.01 -0.21 -0.19 -0.11
-200 -200 -200 -200 -200 -200 -200 -200 -200 -200 -200
513 46 140 85 24 0.07 0.04 -0.01 -0.28 -0.06 -0.11
514 42 140 85 24 0.08 0.03 -0.03 -0.17 0.06 0.02
515 40 140 83 24 0.1 0.03 -0.05 -0.12 0.22 0.09
516 40 140 81 23 0.08 0.05 -0.08 -0.04 0.28 -0.01
517 38 141 87 24 0.07 0.05 -0.09 -0.1 0.21 0.0
518 36 140 89 23 0.03 0.04 -0.09 -0.13 0.16 -0.03
519 41 141 87 23 0.01 -0.01 -0.08 -0.09 0.08 -0.01
520 45 143 84 23 -0.0 -0.03 -0.07 0.12 -0.02 -0.02
521 45 144 83 24 -0.03 -0.08 -0.03 0.15 -0.07 -0.01
522 43 145 84 23 -0.05 -0.05 0.0 0.2 -0.12 -0.08
523 40 143 82 23 -0.06 -0.03 0.01 0.07 -0.11 -0.02
524 39 141 82 23 -0.07 0.02 0.03 -0.05 -0.1 -0.06
525 38 138 88 23 -0.07 0.03 0.03 -0.13 -0.02 -0.05
526 38 136 86 23 -0.07 0.02 0.03 -0.18 0.04 -0.04
527 35 136 86 23 -0.07 0.01 0.03 -0.14 0.05 0.0
528 35 135 83 24 -0.08 -0.01 0.03 -0.16 0.11 0.0
529 34 135 81 24 -0.09 -0.02 0.02 -0.18 0.09 -0.07
530 34 130 77 25 -0.09 -0.06 0.02 -0.2 0.08 -0.04
531 40 142 76 25 -0.08 -0.1 0.02 -0.05 -0.05 -0.12
532 49 134 73 25 -0.07 -0.12 0.03 0.03 -0.12 -0.1
533 83 136 72 27 -0.03 -0.13 0.03 -0.01 -0.14 -0.13
534 99 184 69 26 -0.02 -0.11 0.01 -0.29 -0.09 -0.14
535 93 181 69 27 -0.02 -0.13 0.0 -0.49 -0.02 -0.23
536 83 225 69 28 0.01 -0.24 -0.03 -0.38 0.0 -0.07
537 89 232 67 29 0.01 -0.56 -0.02 -0.12 0.1 -0.11
538 86 235 68 30 0.03 -0.75 -0.01 0.0 -0.03 0.11
539 79 258 65 43 0.14 -0.96 -0.02 0.32 0.04 0.19
540 104 263 65 45 0.29 -0.87 -0.04 0.3 0.09 0.28
541 110 291 64 41 0.25 -0.86 -0.03 -0.18 -0.08 0.5
542 100 340 66 39 0.3 -1.18 -0.03 -0.56 -0.11 0.36
543 95 350 71 36 0.32 -1.44 -0.02 -0.73 -0.19 0.74
544 78 345 72 34 0.31 -1.55 -0.02 -0.58 -0.24 0.63
545 82 431 77 31 0.48 -1.51 -0.03 -1.13 -0.63 0.39
546 86 477 81 34 0.74 -1.87 -0.06 -0.7 -0.09 1.24
547 101 547 81 31 0.83 -1.88 -0.03 2.18 3.34 1.84
548 90 560 81 37 1.41 -2.42 -0.21 1.3 0.79 1.66
549 90 521 85 37 1.25 -2.13 -0.06 0.97 0.9 1.51
550 82 531 80 36 1.22 -1.81 -0.05 1.11 0.83 1.65
551 80 579 86 36 1.09 -1.48 -0.07 1.21 0.59 1.74
552 85 580 89 34 1.04 -1.22 -0.14 0.39 0.66 1.95
553 93 558 98 33 1.05 -1.16 -0.22 0.03 0.59 1.25
554 131 521 91 31 1.24 -1.28 -0.4 0.72 0.87 0.43
555 121 480 88 37 1.31 -1.27 -0.53 0.77 0.63 -0.1
556 131 481 91 34 1.31 -1.18 -0.54 0.59 0.22 -0.04
557 130 490 91 35 1.31 -1.01 -0.59 0.08 0.15 -0.1
558 129 493 93 35 1.3 -0.91 -0.62 0.07 -0.14 -0.15
559 122 598 96 34 1.3 -0.85 -0.62 0.06 -0.38 -0.35
560 141 576 94 33 1.27 -0.79 -0.58 0.3 -0.48 -0.31
561 144 565 106 36 1.19 -0.67 -0.55 0.01 -0.38 -0.25
562 140 537 103 37 1.16 -0.64 -0.54 -0.3 -0.29 -0.24
563 135 531 97 40 1.1 -0.58 -0.57 -0.25 -0.18 -0.23
564 145 526 103 42 1.05 -0.51 -0.57 -0.39 -0.17 -0.46
565 134 526 97 57 1.02 -0.48 -0.58 -0.46 -0.02 -0.49
566 153 492 99 52 0.95 -0.36 -0.55 -0.53 -0.07 -0.41
567 181 502 103 48 0.93 -0.26 -0.51 -0.57 -0.12 -0.59
568 166 478 104 57 0.92 -0.24 -0.49 -0.83 -0.09 -0.71
569 218 446 102 58 0.89 -0.23 -0.42 -1.05 -0.17 -0.77
570 242 440 103 61 0.84 -0.23 -0.33 -1.16 -0.14 -1.07
571 195 431 102 54 0.79 -0.22 -0.28 -1.2 -0.29 -1.21
572 171 431 102 50 0.67 -0.22 -0.21 -1.26 -0.29 -1.45
573 155 398 97 44 0.51 -0.17 -0.13 -0.68 -0.31 -1.96
574 132 415 92 43 0.42 -0.16 -0.09 -0.35 -0.32 -2.07
575 115 416 99 43 0.24 -0.18 -0.04 -0.14 -0.4 -1.74
576 98 376 96 41 0.07 -0.14 -0.04 -0.19 -0.37 -1.48
577 94 347 91 37 -0.0 -0.1 -0.04 -0.07 -0.4 -1.37
578 112 352 88 37 -0.09 -0.04 -0.05 -0.01 -0.38 -1.35
579 126 379 89 34 -0.13 0.02 -0.03 -0.5 -0.27 -1.08
580 124 368 87 34 -0.15 0.01 -0.01 -0.64 -0.14 -0.99
581 136 338 86 32 -0.18 -0.11 -0.04 -0.7 -0.33 -0.45
582 127 378 84 30 -0.18 -0.2 -0.1 -0.4 -0.34 -0.29
583 114 375 82 36 -0.2 -0.17 -0.1 -0.25 -0.36 -0.29
584 107 381 84 35 -0.21 -0.0 -0.1 -0.28 -0.32 -0.19
585 109 373 83 33 -0.2 0.08 -0.12 -0.4 -0.21 -0.02
586 124 393 86 31 -0.19 0.06 -0.13 -0.45 -0.25 0.06
587 112 379 84 30 -0.12 0.05 -0.14 -0.47 -0.1 0.2
588 93 341 84 28 -0.1 0.07 -0.11 -0.48 0.09 0.11
589 82 355 91 28 -0.09 0.07 -0.09 -0.29 0.28 -0.04
590 118 341 92 28 -0.04 0.04 -0.04 -0.33 0.43 0.07
591 124 374 93 27 -0.03 0.02 -0.03 -0.24 0.52 -0.09
592 102 379 91 27 -0.03 0.01 -0.01 -0.19 0.58 -0.13
593 154 374 87 27 -0.01 0.02 0.05 -0.19 0.38 -0.13
594 141 363 87 26 -0.0 -0.01 0.05 -0.11 0.17 -0.1
595 126 363 88 29 0.02 -0.01 0.05 -0.08 0.07 -0.1
596 131 340 85 27 0.02 0.01 0.04 0.03 -0.2 -0.06
597 127 319 87 28 0.01 0.01 0.01 -0.08 -0.28 -0.16
598 114 326 84 28 0.01 0.01 0.0 -0.12 -0.21 -0.22
599 97 319 83 27 -0.02 0.02 -0.0 -0.14 -0.1 -0.23
600 85 344 85 27 -0.04 0.05 0.01 -0.21 0.09 -0.41
601 94 354 84 26 -0.06 0.04 0.02 -0.16 0.07 -0.43
602 88 361 85 26 -0.08 0.0 0.04 -0.02 0.04 -0.47
603 105 347 85 26 -0.08 -0.03 0.04 -0.1 -0.03 -0.42
604 105 322 81 26 -0.07 -0.03 0.03 -0.06 -0.07 -0.34
605 94 310 79 25 -0.06 -0.01 0.0 -0.05 -0.31 -0.06
606 100 293 74 26 -0.05 0.0 -0.04 -0.15 -0.4 0.01
607 89 331 77 27 -0.04 0.02 -0.07 -0.13 -0.4 0.05
608 77 350 73 26 -0.04 0.07 -0.1 -0.31 -0.31 -0.03
609 77 354 71 25 -0.03 0.08 -0.11 -0.36 -0.17 -0.24
610 103 352 78 28 -0.02 0.08 -0.11 -0.35 -0.09 -0.28
611 97 341 77 27 -0.03 0.06 -0.09 -0.43 0.04 -0.29
612 86 358 71 27 -0.05 0.06 -0.05 -0.4 0.26 -0.28
613 85 345 70 26 -0.05 0.05 -0.03 -0.35 0.31 -0.31
614 74 347 76 26 -0.07 0.06 0.0 -0.25 0.41 -0.25
615 79 334 72 25 -0.07 0.05 0.03 -0.24 0.41 -0.11
616 97 322 71 25 -0.06 0.04 0.03 -0.21 0.39 -0.07
617 87 370 69 25 -0.05 0.05 0.04 -0.04 0.25 0.13
618 75 350 69 24 -0.04 0.06 0.04 -0.05 0.12 0.17
619 85 337 67 25 -0.03 0.07 0.03 -0.03 -0.05 0.16
620 74 306 65 24 -0.02 0.1 0.02 -0.07 -0.17 0.1
621 69 283 62 26 -0.03 0.11 0.03 -0.16 -0.28 -0.29
622 65 276 59 24 -0.03 0.11 0.04 -0.13 -0.32 -0.31
623 61 283 58 24 -0.05 0.08 0.07 -0.17 -0.32 -0.62
624 58 268 57 24 -0.09 0.11 0.1 -0.15 -0.29 -0.9
625 53 251 56 23 -0.13 0.17 0.12 -0.23 -0.28 -0.97
626 64 242 56 24 -0.25 0.36 0.17 -0.12 -0.28 -1.15
627 57 237 55 23 -0.45 0.62 0.26 -0.26 -0.25 -1.04
628 60 265 53 23 -0.55 0.67 0.29 -0.54 -0.32 -1.11
629 51 254 53 24 -0.73 0.75 0.32 -0.29 -0.36 -1.31
630 53 243 53 24 -0.96 1.0 0.35 -0.19 0.0 -1.6
631 57 244 54 24 -1.08 1.18 0.34 -0.14 0.07 -1.52
632 72 269 54 24 -1.21 1.38 0.29 -0.36 -0.05 -1.65
633 81 256 54 24 -1.29 1.52 0.26 -0.25 -0.02 -1.9
634 72 251 56 23 -1.32 1.61 0.24 -0.15 0.12 -1.94
635 75 254 57 23 -1.39 1.59 0.18 -0.22 0.09 -1.5
636 63 241 59 23 -1.38 1.47 0.09 -0.54 0.13 -1.36
637 59 246 59 25 -1.44 1.41 0.06 -0.75 0.25 -1.68
638 53 242 58 25 -1.58 1.37 0.09 -1.27 0.14 -1.78
639 48 243 59 25 -1.8 1.37 0.18 -1.47 -0.1 -1.86
640 40 243 57 40 -1.91 1.31 0.25 -1.51 -0.04 -1.73
641 44 236 56 36 -2.09 1.15 0.35 -0.85 -0.14 -1.24
642 42 233 55 34 -2.16 0.9 0.43 -0.35 -0.24 -0.31
643 36 226 56 31 -2.18 0.78 0.46 -0.1 -0.11 -0.18
644 37 223 55 30 -2.27 0.7 0.5 -0.23 -0.06 0.27
645 36 218 57 28 -2.33 0.67 0.48 -0.06 -0.3 -0.12
646 31 210 59 27 -2.42 0.73 0.48 0.41 0.33 -0.44
647 28 204 63 26 -2.07 0.69 0.48 0.45 0.55 -1.26
648 41 198 64 26 -2.26 0.87 0.41 1.31 0.5 -4.89
649 35 186 63 25 -2.36 0.69 0.35 -1.88 -0.91 -7.12
650 35 176 71 25 1.12 -0.63 0.37 -0.52 -10.82 18.23
651 33 167 77 25 0.4 2.44 0.14 -4.36 -3.45 7.43
652 59 161 73 25 0.6 1.26 -0.2 -1.86 0.64 2.37
653 51 156 73 25 0.36 0.66 -0.17 -2.13 1.21 -1.01
654 44 150 68 24 0.25 0.55 -0.12 -1.81 1.15 -0.38
655 38 142 66 24 0.02 0.18 -0.16 -1.45 0.53 -0.51
656 34 137 65 25 -0.0 -0.28 -0.03 1.47 0.17 -0.06
657 31 133 68 24 -0.11 -0.3 0.07 1.58 -0.27 0.08
658 37 128 70 24 -0.02 -0.01 0.04 0.69 -0.02 -0.38
659 32 123 82 25 0.02 0.28 0.01 0.08 -0.12 -0.48
660 32 117 83 25 0.03 0.37 0.01 -0.46 -0.15 -0.05
661 26 110 82 25 0.02 0.26 0.03 -0.5 -0.17 0.1
662 26 107 77 24 0.02 0.07 0.02 -0.46 0.07 0.0
663 24 103 71 24 0.05 0.01 0.02 -0.31 0.27 0.01
664 23 97 70 24 0.05 -0.02 0.0 -0.44 0.27 0.15
665 22 94 85 24 0.07 0.03 -0.03 -0.09 0.25 0.1
666 20 90 78 24 0.03 0.07 -0.05 -0.16 0.09 -0.01
667 20 88 74 24 0.01 0.07 -0.04 -0.17 -0.02 0.03
668 19 86 68 24 0.03 0.03 -0.03 -0.05 0.0 -0.09
669 19 83 67 24 0.03 0.02 -0.02 -0.03 -0.03 -0.11
-100 -100 -100 -100 -100 -100 -100 -100 -100 -100 -100
670 18 81 75 23 0.02 0.02 -0.02 -0.02 0.03 -0.1
671 18 79 90 23 0.03 0.02 -0.01 -0.03 0.09 -0.05
672 19 77 83 23 0.02 0.03 -0.01 -0.06 0.08 -0.01
673 18 74 76 24 0.01 0.02 -0.0 -0.04 0.02 0.06
674 18 73 74 23 -0.0 0.0 0.01 -0.11 0.1 -0.01
675 17 72 73 23 -0.01 0.01 0.0 -0.14 0.13 -0.06
676 18 72 79 24 -0.02 0.0 0.0 -0.18 0.06 -0.01
677 18 73 84 23 -0.02 -0.02 -0.01 -0.15 0.07 0.0
678 17 72 81 23 -0.03 -0.02 -0.01 -0.1 0.03 -0.03
679 18 72 77 24 -0.03 -0.0 -0.02 -0.1 0.02 -0.02
680 16 73 77 24 -0.01 0.0 -0.02 -0.11 0.08 -0.06
681 16 73 80 24 -0.0 -0.01 -0.01 -0.1 0.08 -0.11
682 16 74 78 24 -0.02 -0.03 -0.01 -0.08 0.08 -0.1
683 17 74 78 23 -0.01 -0.03 -0.01 -0.09 0.07 0.05
684 16 76 76 24 -0.02 -0.03 -0.01 -0.1 0.05 -0.01
685 16 79 72 28 -0.03 -0.02 -0.01 -0.08 0.05 -0.01
686 16 81 69 26 -0.02 -0.02 -0.01 -0.05 0.07 -0.01
687 16 83 73 26 -0.03 -0.01 -0.01 -0.08 0.1 -0.06
688 17 85 76 25 -0.03 -0.01 -0.01 -0.08 0.11 -0.06
689 17 89 73 25 -0.04 -0.02 -0.0 -0.08 0.06 -0.06
690 17 93 72 25 -0.04 -0.03 0.0 -0.1 0.05 -0.06
691 17 96 70 25 -0.04 -0.03 0.0 -0.08 0.04 -0.03
692 17 99 77 27 -0.03 -0.03 -0.0 -0.04 0.03 -0.06
693 17 99 75 26 -0.02 -0.02 0.0 -0.1 0.03 -0.06
694 17 102 71 25 -0.02 -0.03 -0.0 -0.1 0.03 -0.02
695 18 104 69 25 -0.02 -0.04 -0.0 -0.18 0.04 -0.06
696 19 107 74 25 -0.02 -0.05 0.0 -0.12 0.08 -0.09
697 18 107 73 25 -0.02 -0.05 -0.0 -0.06 0.06 -0.05
698 18 109 76 25 -0.01 -0.04 -0.01 -0.09 0.08 -0.1
699 18 111 74 25 -0.01 -0.03 -0.01 -0.11 0.05 -0.02
700 18 111 70 24 0.0 -0.03 -0.02 -0.14 0.04 0.01
701 18 112 66 24 0.0 -0.06 -0.01 -0.14 0.06 -0.03
702 17 114 76 24 0.0 -0.07 -0.01 -0.05 0.07 -0.04
-200 -200 -200 -200 -200 -200 -200 -200 -200 -200 -200
703 19 113 77 25 0.0 -0.06 -0.0 0.01 0.05 -0.08
704 17 111 73 25 0.0 -0.04 -0.0 0.0 0.0 -0.06
705 19 111 79 25 0.0 -0.02 -0.01 -0.07 0.04 -0.09
706 18 109 74 25 0.01 -0.01 -0.01 -0.11 0.08 -0.05
707 30 108 75 24 0.02 -0.01 -0.02 -0.18 0.07 -0.07
708 33 110 76 24 0.01 -0.03 -0.0 -0.2 0.04 -0.03
709 73 112 77 25 0.01 -0.04 -0.01 -0.08 0.07 -0.01
710 68 109 77 24 0.0 -0.06 -0.01 -0.09 0.06 -0.02
711 67 111 72 24 -0.01 -0.06 -0.01 -0.04 0.1 0.0
712 62 108 71 24 -0.01 -0.05 -0.01 -0.03 0.09 0.0
713 64 108 72 25 -0.01 -0.04 -0.01 -0.08 0.01 -0.08
714 64 121 69 24 -0.02 -0.05 -0.01 -0.12 0.05 -0.04
715 72 124 67 24 -0.02 -0.06 -0.01 -0.18 0.03 0.0
716 63 141 63 29 -0.02 -0.1 -0.01 -0.1 -0.04 0.09
717 72 162 60 30 0.01 -0.11 -0.02 -0.16 0.0 -0.01
718 81 189 59 35 0.09 -0.19 -0.02 -0.13 -0.02 0.07
719 102 222 59 32 0.25 -0.23 -0.02 -0.23 -0.01 -0.23
720 113 253 59 41 0.28 -0.27 -0.02 0.03 0.04 -0.06
721 100 288 58 41 0.34 -0.37 -0.04 -0.04 0.02 0.12
722 135 295 58 37 0.31 -0.51 -0.04 -0.2 -0.23 0.46
723 151 286 60 34 0.32 -0.58 -0.02 -0.45 -0.16 0.69
724 149 320 61 33 0.37 -0.8 -0.03 -0.69 -0.26 0.62
725 144 339 59 33 0.43 -1.13 -0.09 -0.78 -0.45 0.18
726 134 448 62 32 0.53 -1.42 -0.15 -1.63 -1.68 0.49
727 138 474 66 31 0.83 -2.03 -0.17 -0.01 0.16 1.04
728 143 476 69 29 0.92 -1.71 -0.07 -0.27 -0.17 1.21
729 126 436 74 29 0.96 -1.56 -0.05 0.14 0.49 2.0
730 111 430 77 31 1.18 -1.79 -0.15 1.28 0.18 2.31
731 120 470 76 28 1.25 -1.34 -0.18 0.4 0.62 2.38
732 108 502 73 29 1.33 -1.23 -0.22 0.39 0.69 1.91
733 99 485 77 28 1.35 -1.09 -0.3 0.25 0.62 1.64
734 106 496 77 28 1.43 -1.14 -0.38 0.11 0.43 1.35
735 136 558 77 27 1.48 -1.2 -0.43 0.47 0.3 0.98
736 123 522 78 27 1.51 -1.13 -0.46 0.45 0.2 0.63
737 142 484 76 27 1.53 -0.94 -0.47 0.13 0.12 0.19
738 145 461 79 26 1.58 -0.87 -0.5 0.13 0.04 0.01
739 141 496 86 27 1.64 -0.81 -0.53 0.1 0.0 -0.01
740 148 473 82 27 1.66 -0.86 -0.51 0.25 -0.18 -0.02
741 132 486 88 27 1.65 -0.84 -0.49 -0.08 0.0 -0.46
742 124 505 84 29 1.56 -0.77 -0.47 -0.14 -0.1 -0.54
743 141 470 88 28 1.47 -0.64 -0.44 0.01 -0.13 -0.31
744 134 463 90 31 1.43 -0.59 -0.43 -0.35 -0.22 -0.38
745 146 457 93 31 1.37 -0.52 -0.44 -0.39 -0.25 -0.48
746 143 441 93 31 1.3 -0.46 -0.43 -0.51 -0.38 -0.69
747 150 443 96 33 1.28 -0.42 -0.42 -0.6 -0.24 -1.24
748 135 459 103 30 1.2 -0.38 -0.37 -0.41 -0.37 -1.28
749 135 538 100 32 1.16 -0.4 -0.33 -0.6 -0.44 -1.39
750 184 540 103 32 1.12 -0.42 -0.3 -0.53 -0.46 -1.22
751 194 536 98 32 1.01 -0.41 -0.23 -0.6 -0.45 -1.13
752 189 565 101 31 0.87 -0.38 -0.17 -0.75 -0.4 -1.02
753 191 549 96 30 0.8 -0.39 -0.15 -0.72 -0.4 -1.22
754 202 506 101 31 0.68 -0.34 -0.12 -0.76 -0.45 -1.37
755 196 546 102 32 0.54 -0.25 -0.07 -0.51 -0.37 -1.28
756 238 486 105 31 0.47 -0.22 -0.05 -0.68 -0.34 -1.18
757 199 457 100 30 0.35 -0.21 -0.03 -0.73 -0.41 -1.34
758 195 457 112 30 0.24 -0.22 0.0 -0.35 -0.35 -1.23
759 176 423 109 37 0.18 -0.19 0.02 -0.34 -0.35 -1.29
760 238 407 116 34 0.07 -0.09 0.04 -0.31 -0.33 -1.53
761 238 395 109 33 -0.01 -0.04 0.06 -0.51 -0.25 -1.2
762 219 376 103 34 -0.05 -0.03 0.06 -0.67 -0.25 -0.91
763 180 388 114 35 -0.13 -0.04 0.02 -0.53 -0.27 -0.89
764 164 401 106 34 -0.18 -0.0 0.03 -0.3 -0.32 -0.94
765 173 380 103 32 -0.19 0.0 0.03 -0.22 -0.28 -0.67
766 168 372 102 30 -0.21 0.03 0.03 -0.26 -0.21 -0.36
767 225 359 105 31 -0.24 0.06 0.04 -0.36 -0.16 -0.25
768 207 399 103 30 -0.25 0.05 0.04 -0.4 -0.1 -0.4
769 195 373 101 29 -0.24 0.01 0.04 -0.3 -0.03 -0.45
770 187 385 109 28 -0.21 0.03 0.04 -0.13 -0.03 -0.34
771 165 376 102 27 -0.2 0.04 0.03 -0.14 0.08 -0.08
772 175 363 97 26 -0.18 0.05 0.02 -0.14 0.12 0.05
773 148 348 98 26 -0.18 0.09 0.03 -0.09 0.21 0.13
774 124 383 96 28 -0.19 0.1 0.03 -0.05 0.2 0.07
775 125 367 91 27 -0.18 0.06 0.01 -0.11 0.17 0.0
776 181 359 103 29 -0.15 0.03 -0.0 0.09 0.15 -0.07
777 164 376 96 28 -0.13 0.05 0.0 0.03 0.08 0.03
778 156 368 93 27 -0.1 0.07 0.0 -0.01 0.06 0.19
779 184 352 91 26 -0.08 0.05 -0.01 -0.05 0.11 0.12
780 167 339 86 29 -0.07 0.05 -0.02 -0.14 0.08 -0.09
781 167 338 95 29 -0.07 0.06 -0.01 -0.1 0.12 -0.16
782 177 350 92 28 -0.07 0.06 0.01 -0.14 0.02 -0.27
783 154 346 94 27 -0.06 0.06 0.02 -0.22 0.03 -0.18
784 168 374 95 27 -0.04 0.03 0.03 -0.16 0.03 -0.13
785 166 348 92 27 -0.06 0.04 0.03 -0.17 0.0 -0.15
786 168 343 92 29 -0.06 0.04 0.03 -0.15 0.0 -0.25
787 143 330 95 37 -0.07 0.03 0.03 -0.12 0.01 -0.29
788 169 313 92 35 -0.07 0.03 0.02 -0.09 0.02 -0.36
789 144 299 97 32 -0.07 0.03 0.03 -0.04 0.0 -0.17
790 141 306 95 30 -0.06 0.05 0.02 -0.15 -0.02 -0.15
791 126 354 93 29 -0.05 0.03 0.0 -0.19 0.0 -0.11
792 118 343 94 27 -0.05 0.03 -0.0 -0.2 0.02 -0.12
793 104 300 91 28 -0.06 0.05 -0.01 -0.23 -0.02 -0.12
794 104 313 90 28 -0.05 0.05 -0.02 -0.24 -0.01 -0.26
795 126 310 102 28 -0.04 0.04 -0.02 -0.26 0.0 -0.25
796 118 339 136 27 -0.03 0.02 -0.0 -0.15 -0.08 -0.21
797 143 326 127 30 -0.02 0.04 0.01 -0.19 -0.06 0.04
798 120 357 121 26 -0.01 0.06 0.02 -0.22 -0.01 0.09
799 117 351 115 26 -0.03 0.09 0.03 -0.19 0.0 -0.03
800 114 343 129 26 -0.05 0.09 0.02 -0.24 0.03 -0.31
801 118 362 128 28 -0.06 0.07 0.02 -0.15 0.0 -0.33
802 97 347 125 27 -0.08 0.03 0.01 -0.11 -0.01 -0.29
803 84 325 124 27 -0.09 0.03 0.0 -0.09 0.01 -0.36
804 88 352 113 27 -0.1 0.05 0.0 -0.15 -0.03 -0.21
805 92 358 112 26 -0.13 0.08 0.01 -0.19 -0.03 -0.24
806 88 349 107 25 -0.14 0.08 0.01 -0.31 -0.09 -0.2
807 90 349 106 26 -0.14 0.06 0.01 -0.2 -0.15 -0.34
808 85 321 105 27 -0.14 0.03 0.02 -0.22 -0.15 -0.37
809 103 300 100 25 -0.12 0.03 0.03 -0.25 -0.16 -0.26
810 95 298 98 28 -0.11 0.04 0.03 -0.16 -0.15 -0.06
811 93 305 97 28 -0.09 0.06 0.04 -0.38 -0.1 -0.12
812 93 274 94 27 -0.1 0.04 0.04 -0.33 -0.1 -0.38
813 93 255 91 26 -0.11 0.04 0.05 -0.32 -0.08 -0.5
814 79 244 88 25 -0.13 0.07 0.07 -0.28 -0.14 -0.61
815 68 231 82 25 -0.17 0.12 0.09 -0.29 -0.15 -0.79
816 73 221 75 26 -0.2 0.14 0.11 -0.25 -0.19 -0.89
817 68 221 71 25 -0.28 0.19 0.17 -0.35 -0.24 -0.94
818 64 226 68 25 -0.4 0.22 0.22 -0.32 -0.24 -1.08
819 65 238 66 24 -0.48 0.26 0.25 -0.43 -0.34 -1.2
820 56 225 67 24 -0.65 0.39 0.36 -0.26 -0.27 -1.67
821 53 226 64 24 -0.82 0.72 0.46 -0.34 -0.02 -2.04
822 50 227 64 24 -0.93 0.92 0.49 -0.24 0.0 -2.18
823 50 227 64 24 -1.19 1.26 0.51 0.04 -0.03 -2.08
824 54 230 63 23 -1.44 1.54 0.47 -0.17 -0.13 -1.85
825 59 228 60 25 -1.56 1.59 0.45 -0.2 -0.07 -1.8
826 73 244 61 26 -1.79 1.62 0.37 0.01 -0.05 -1.71
827 63 247 61 27 -1.99 1.8 0.28 -0.26 -0.04 -1.91
828 54 247 61 25 -2.11 1.89 0.24 -0.52 -0.27 -1.97
829 47 245 60 31 -2.29 2.04 0.13 -0.73 -0.34 -1.97
830 41 245 59 32 -2.41 1.92 0.08 -0.78 -0.73 -1.18
831 41 241 60 30 -2.44 1.66 0.06 -0.81 -0.71 -0.75
832 54 235 59 28 -2.39 0.94 0.06 -0.36 -0.69 0.0
833 54 231 61 28 -2.24 0.49 0.06 -0.35 -0.63 -0.01
834 56 224 61 39 -2.17 0.44 0.07 -0.29 -0.51 -0.13
835 47 219 60 40 -2.08 0.69 0.07 -0.13 -1.31 0.04
836 41 212 59 37 -1.78 0.86 0.03 0.8 0.15 0.09
837 36 202 66 34 -1.82 1.12 -0.02 0.26 -0.84 -0.07
838 40 191 77 31 -1.85 1.33 -0.12 -1.44 -2.88 0.18
839 34 179 83 30 -0.01 2.6 0.56 -1.96 -5.23 15.78
840 32 165 84 28 0.89 2.05 -0.01 1.55 0.71 10.36
841 30 155 81 28 0.58 1.32 -0.07 -1.8 1.04 2.26
842 28 147 76 26 0.53 1.33 -0.4 -3.43 1.08 -0.77
843 25 140 80 26 0.35 0.89 -0.25 -2.96 0.1 -0.94
844 24 130 73 26 0.2 -0.04 -0.04 0.55 -0.16 -0.12
845 22 123 72 25 0.03 -0.29 0.03 1.83 0.52 0.16
846 21 116 69 25 -0.1 -0.28 0.05 1.98 0.05 0.1
847 20 109 67 25 -0.07 0.02 0.03 1.03 0.01 -0.33
848 19 101 69 24 -0.04 0.28 0.01 -0.08 -0.03 -0.45
849 18 95 68 24 -0.05 0.32 0.03 -0.67 -0.18 -0.27
850 22 91 66 24 -0.07 0.18 0.07 -0.69 -0.28 0.0
851 21 88 64 24 0.02 -0.03 0.07 -0.43 -0.04 0.04
852 25 86 73 23 0.06 -0.08 0.05 -0.29 0.05 0.0
-100 -100 -100 -100 -100 -100 -100 -100 -100 -100 -100
853 22 81 72 24 0.07 -0.06 0.02 -0.13 0.23 0.02
854 29 81 72 23 0.02 -0.01 -0.0 -0.19 0.24 0.04
855 26 76 69 23 0.0 0.01 -0.01 -0.23 0.19 0.04
856 24 76 71 23 0.02 -0.01 -0.02 -0.23 0.1 -0.04
857 23 76 73 23 0.05 -0.08 -0.02 -0.14 0.09 0.0
858 21 74 82 23 0.04 -0.08 -0.01 0.0 0.05 0.07
859 20 76 79 23 0.03 -0.04 -0.01 0.11 0.01 0.04
860 20 76 73 24 0.02 0.01 -0.02 -0.05 0.01 0.02
861 19 77 71 23 0.01 0.01 -0.02 -0.04 0.0 0.02
862 19 78 70 23 0.0 -0.0 -0.01 -0.08 -0.02 0.01
863 20 80 71 24 -0.01 -0.03 -0.0 -0.04 0.0 -0.07
864 19 81 76 23 -0.01 -0.05 0.0 -0.03 0.0 -0.05
865 19 78 75 25 -0.01 -0.03 0.0 0.0 0.01 0.0
866 18 81 72 25 -0.03 0.0 -0.0 -0.08 0.03 -0.08
867 18 82 79 24 -0.04 -0.01 0.0 -0.08 0.0 -0.07
868 22 85 78 24 -0.04 -0.04 0.0 -0.13 0.02 -0.03
869 21 84 79 24 -0.03 -0.07 0.0 -0.11 0.01 -0.03
870 22 85 74 23 -0.03 -0.09 -0.0 -0.14 0.0 -0.07
871 36 93 71 24 -0.02 -0.1 -0.01 -0.04 0.05 0.0
872 37 92 69 24 -0.02 -0.08 -0.01 0.03 0.01 0.02
873 38 91 69 31 -0.03 -0.08 -0.01 -0.02 0.1 -0.03
874 53 99 66 29 -0.04 -0.11 -0.02 -0.24 0.03 -0.01
875 47 100 62 28 -0.05 -0.19 -0.01 -0.26 0.0 0.12
876 51 115 60 27 -0.04 -0.23 -0.01 -0.21 -0.01 0.1
877 49 115 57 32 -0.03 -0.28 0.0 -0.06 -0.11 -0.03
878 57 114 58 30 0.01 -0.34 0.02 0.1 -0.02 -0.08
879 56 125 57 29 0.01 -0.33 0.02 0.16 0.0 -0.04
880 50 126 56 27 -0.01 -0.28 0.02 0.08 -0.04 -0.17
881 62 135 57 27 0.02 -0.23 0.01 -0.1 0.08 -0.14
882 60 130 57 28 0.04 -0.23 0.01 -0.04 0.08 -0.04
883 66 131 57 28 0.04 -0.24 -0.01 -0.2 0.08 0.02
884 60 130 55 27 0.04 -0.25 -0.02 -0.17 0.0 0.0
885 61 129 60 26 0.05 -0.23 -0.02 -0.07 0.03 0.01
886 62 131 62 25 0.04 -0.21 -0.01 -0.01 0.07 -0.2
887 56 133 67 25 0.04 -0.16 -0.02 -0.07 0.09 -0.15
888 58 131 70 27 0.02 -0.16 -0.02 0.01 0.02 -0.1
-200 -200 -200 -200 -200 -200 -200 -200 -200 -200 -200
889 60 132 69 27 0.01 -0.17 -0.02 0.01 0.04 -0.01
890 64 132 67 26 -0.0 -0.13 -0.02 0.08 0.06 -0.02
891 61 135 75 25 -0.0 -0.1 -0.02 0.02 0.06 0.0
892 59 135 76 25 -0.02 -0.05 -0.02 -0.03 0.08 -0.05
893 78 134 71 24 -0.03 -0.03 -0.03 -0.14 -0.33 0.0
894 71 142 70 26 -0.03 -0.03 -0.06 -0.18 0.35 -0.08
895 64 138 75 26 -0.04 -0.07 -0.03 -0.07 0.13 -0.02
896 57 134 72 25 -0.04 -0.09 -0.01 -0.06 0.05 -0.04
897 61 131 70 25 -0.04 -0.09 -0.01 0.08 0.13 -0.02
898 62 131 68 24 -0.05 -0.05 -0.01 0.04 0.12 -0.06
899 63 130 73 29 -0.05 -0.03 -0.01 -0.02 0.12 -0.09
900 60 130 70 28 -0.05 -0.03 -0.01 -0.01 0.11 -0.16
901 58 130 68 27 -0.05 -0.02 -0.01 -0.08 0.07 -0.16
902 56 135 69 26 -0.04 -0.03 -0.01 -0.1 0.07 -0.05
903 53 129 67 30 -0.04 -0.04 -0.01 -0.1 0.08 0.02
904 64 132 64 29 -0.04 -0.04 -0.01 -0.08 0.06 0.06
905 65 132 62 29 -0.04 -0.05 -0.01 -0.08 0.09 -0.01
906 65 152 59 27 -0.03 -0.07 -0.0 -0.06 0.06 -0.05
907 66 146 57 27 0.0 -0.1 0.0 -0.08 0.0 -0.11
908 84 158 57 26 0.07 -0.13 0.01 -0.04 0.0 -0.15
909 80 174 56 25 0.08 -0.15 0.03 -0.06 -0.01 -0.08
910 90 174 55 31 0.13 -0.18 0.02 -0.11 -0.01 0.06
911 89 195 56 29 0.19 -0.25 0.01 -0.12 -0.04 0.14
912 89 229 56 28 0.21 -0.32 -0.0 -0.15 -0.12 0.22
913 96 236 57 27 0.27 -0.57 -0.03 -0.24 -0.06 0.52
914 90 280 58 27 0.37 -0.84 -0.06 -0.25 -0.04 0.61
915 127 272 58 27 0.41 -0.94 -0.05 -0.23 0.06 0.92
916 147 326 59 27 0.55 -1.11 -0.06 -0.16 0.06 0.87
917 133 348 59 26 0.64 -1.18 -0.08 -0.33 -0.04 1.02
918 133 396 65 24 0.83 -1.11 -0.09 -0.37 -0.06 1.38
919 127 419 72 26 1.01 -1.25 -0.14 1.02 -0.21 1.91
920 122 454 73 29 1.11 -1.3 -0.16 -0.16 0.08 2.12
921 115 452 79 31 1.36 -1.19 -0.2 -0.23 0.05 2.01
922 138 514 78 33 1.65 -1.34 -0.24 -0.15 0.49 0.84
923 128 478 82 31 1.79 -1.35 -0.24 -0.32 0.45 1.09
924 130 547 78 30 1.75 -1.29 -0.2 -0.38 0.47 1.29
925 154 555 73 29 1.63 -1.3 -0.24 0.21 0.71 1.01
926 171 565 73 37 1.57 -1.28 -0.28 0.38 0.54 0.54
927 166 574 77 36 1.48 -1.23 -0.39 0.91 0.5 -0.17
928 168 571 77 36 1.51 -1.03 -0.44 0.35 0.32 -0.4
929 158 534 92 37 1.57 -0.85 -0.46 0.36 -0.07 -0.23
930 160 528 88 35 1.56 -0.77 -0.45 0.34 -0.25 -0.14
931 179 509 90 34 1.44 -0.63 -0.38 0.01 -0.43 0.05
932 161 565 87 34 1.41 -0.58 -0.36 -0.21 -0.24 -0.45
933 143 562 86 33 1.39 -0.54 -0.33 -0.32 -0.41 -0.59
934 132 589 101 37 1.32 -0.47 -0.3 -0.14 -0.36 -0.84
935 160 564 97 37 1.26 -0.39 -0.31 -0.02 -0.45 -0.93
936 162 577 95 37 1.23 -0.36 -0.32 -0.19 -0.46 -1.0
937 163 567 95 34 1.15 -0.33 -0.33 -0.22 -0.46 -1.03
938 162 496 90 32 1.1 -0.34 -0.34 -0.59 -0.3 -1.21
939 144 506 89 34 1.01 -0.32 -0.33 -0.55 -0.31 -1.34
940 125 511 85 32 0.87 -0.24 -0.29 -0.56 -0.43 -1.42
941 140 449 84 32 0.81 -0.18 -0.27 -0.51 -0.32 -1.72
942 145 500 81 30 0.68 -0.11 -0.21 -0.52 -0.38 -1.66
943 134 466 103 29 0.55 -0.11 -0.17 -0.5 -0.33 -1.44
944 140 472 100 30 0.48 -0.11 -0.16 -0.5 -0.34 -1.33
945 135 449 97 36 0.36 -0.08 -0.15 -0.47 -0.34 -1.2
946 127 421 95 35 0.25 -0.03 -0.13 -0.41 -0.32 -1.21
947 121 455 93 36 0.14 0.02 -0.1 -0.45 -0.34 -1.23
948 135 444 90 32 0.09 0.02 -0.09 -0.48 -0.38 -1.23
949 131 412 88 31 0.03 -0.0 -0.07 -0.36 -0.33 -1.14
950 189 444 86 29 -0.0 0.0 -0.05 -0.41 -0.24 -0.71
951 172 451 86 30 -0.07 0.04 -0.01 -0.37 -0.21 -0.62
952 148 473 86 30 -0.14 0.04 0.0 -0.17 -0.12 -0.53
953 141 501 86 31 -0.16 0.05 0.0 -0.16 -0.07 -0.34
954 125 433 83 32 -0.2 0.06 -0.01 -0.1 -0.05 -0.25
955 121 424 86 31 -0.19 0.05 -0.03 -0.11 -0.05 -0.09
956 158 422 81 30 -0.18 0.01 -0.03 -0.19 -0.08 0.12
957 143 400 82 29 -0.18 0.01 -0.03 -0.24 -0.05 0.26
958 129 378 85 28 -0.17 0.03 -0.03 -0.28 -0.01 0.17
959 114 360 82 28 -0.14 0.09 -0.01 -0.19 0.0 0.06
960 108 347 89 29 -0.14 0.09 -0.01 -0.18 0.03 0.05
961 113 334 84 29 -0.12 0.08 0.01 -0.2 0.06 0.12
962 120 317 89 27 -0.1 0.06 0.01 -0.19 0.03 -0.04
963 135 328 82 27 -0.08 0.03 0.02 -0.17 0.06 0.04
964 142 315 81 28 -0.06 0.02 0.03 -0.07 0.02 0.07
965 122 303 77 28 -0.05 0.04 0.04 -0.07 0.0 -0.06
966 104 336 84 27 -0.05 0.04 0.04 -0.08 0.0 -0.12
967 107 330 81 26 -0.03 0.04 0.05 -0.07 0.0 -0.13
968 103 312 82 26 -0.03 0.03 0.05 -0.06 -0.06 -0.17
969 96 333 80 25 -0.02 0.02 0.05 -0.06 -0.04 -0.16
970 92 368 76 29 -0.03 0.01 0.05 -0.14 -0.08 -0.17
971 96 362 72 27 -0.04 0.01 0.04 -0.05 -0.06 -0.13
972 102 365 75 29 -0.05 0.03 0.04 -0.01 -0.08 -0.23
973 105 361 80 29 -0.06 0.05 0.03 -0.1 -0.03 -0.17
974 103 333 76 27 -0.06 0.04 0.03 -0.1 -0.06 -0.11
975 103 358 74 27 -0.06 0.02 0.03 -0.15 -0.07 -0.13
976 101 344 72 28 -0.07 0.01 0.04 -0.26 -0.06 -0.13
977 93 323 70 27 -0.07 0.02 0.04 -0.23 -0.08 -0.13
978 91 334 71 30 -0.07 0.01 0.06 -0.24 -0.06 -0.13
979 109 323 71 29 -0.06 0.0 0.06 -0.12 -0.12 -0.09
980 90 304 69 28 -0.05 -0.01 0.07 -0.23 -0.12 -0.16
981 90 343 67 28 -0.05 -0.02 0.07 -0.18 -0.09 -0.11
982 77 310 74 27 -0.05 -0.01 0.06 -0.14 -0.09 -0.04
983 73 305 71 26 -0.05 -0.02 0.05 -0.06 -0.04 -0.14
984 75 307 73 30 -0.04 -0.01 0.04 -0.04 -0.04 -0.1
985 81 299 70 29 -0.04 0.0 0.03 -0.07 0.0 -0.09
986 100 300 67 28 -0.04 -0.0 0.02 -0.14 0.0 -0.05
987 102 300 67 28 -0.03 -0.0 0.01 -0.06 -0.03 -0.02
988 88 288 65 28 -0.02 -0.0 0.01 -0.1 -0.01 -0.05
989 91 289 68 28 -0.01 0.0 0.01 -0.05 0.0 -0.1
990 84 277 68 27 -0.01 0.01 0.01 0.0 0.0 -0.1
991 78 276 68 26 -0.01 0.03 0.01 -0.04 -0.06 -0.21
992 72 329 67 24 -0.02 0.03 0.0 -0.06 -0.07 -0.32
993 77 288 65 26 -0.02 0.03 -0.01 -0.07 -0.1 -0.36
994 72 262 62 25 -0.05 0.05 -0.01 -0.08 -0.18 -0.43
995 77 246 59 25 -0.07 0.06 -0.01 -0.1 -0.24 -0.43
996 88 231 57 25 -0.11 0.09 -0.0 -0.09 -0.27 -0.58
997 81 218 56 24 -0.17 0.16 0.02 -0.14 -0.33 -0.7
998 73 207 56 24 -0.22 0.2 0.04 -0.24 -0.39 -0.58
999 69 192 57 25 -0.36 0.32 0.11 -0.33 -0.36 -0.58
1000 65 197 56 25 -0.53 0.49 0.2 -0.38 -0.08 -0.87
1001 55 201 54 25 -0.61 0.55 0.23 -0.7 -0.15 -1.35
1002 50 198 53 24 -0.79 0.66 0.26 -0.62 -0.16 -1.5
1003 49 206 52 24 -0.92 0.8 0.27 -0.4 -0.12 -1.58
1004 63 208 54 24 -1.01 0.92 0.28 -0.13 0.0 -1.61
1005 58 209 54 24 -1.19 1.21 0.32 -0.23 0.01 -1.44
1006 48 211 53 24 -1.38 1.32 0.33 -0.09 0.06 -1.3
1007 42 211 53 23 -1.47 1.33 0.32 0.14 0.25 -1.33
1008 37 214 51 25 -1.63 1.47 0.25 0.09 0.3 -1.46
1009 40 218 51 25 -1.85 1.77 0.2 0.39 0.39 -1.62
1010 39 221 50 27 -1.99 1.92 0.19 -0.03 0.09 -1.48
1011 36 218 51 26 -2.23 2.08 0.15 -0.01 0.05 -1.58
1012 33 217 50 25 -2.42 1.97 0.14 -0.23 -0.22 -1.21
1013 29 215 47 25 -2.5 1.88 0.12 -0.2 -0.26 -1.65
1014 26 214 50 25 -2.49 1.59 0.08 -0.26 -0.16 -2.03
1015 24 212 50 25 -2.4 1.15 0.05 -0.42 -0.19 -2.36
1016 22 207 49 24 -2.41 0.93 0.05 -0.7 -0.22 -2.55
1017 21 205 50 37 -2.42 0.62 0.04 -1.5 -0.36 -2.59
1018 20 201 50 45 -2.25 0.29 0.1 -0.35 -0.35 -2.38
1019 33 195 50 40 -2.3 0.29 0.12 2.48 0.15 -4.57
1020 30 185 53 37 -2.31 -0.51 0.17 -4.15 -5.37 -0.87
1021 27 174 62 33 1.49 1.01 0.73 7.94 3.65 16.44
1022 29 165 67 32 0.59 3.14 0.33 -2.7 -3.52 8.15
1023 28 158 64 29 0.82 0.66 -0.22 -0.81 2.74 3.94
1024 24 152 62 28 0.34 1.31 -0.41 -1.45 2.26 -1.29
1025 21 144 65 27 0.12 1.25 -0.37 -2.15 0.72 -1.01
1026 21 136 62 26 0.11 0.47 -0.2 -0.83 0.28 -0.28
1027 20 129 59 26 0.01 -0.19 -0.01 1.05 0.42 -0.36
1028 18 122 57 25 -0.05 -0.21 -0.01 0.53 -0.38 -0.04
1029 18 117 54 26 -0.02 -0.12 0.02 0.7 -0.34 -0.11
1030 18 111 54 29 -0.03 0.09 -0.01 0.43 -0.27 -0.41
1031 18 106 57 28 -0.03 0.16 0.01 0.0 -0.31 -0.25
1032 17 101 56 26 -0.01 0.14 0.03 -0.07 -0.33 -0.06
1033 18 96 55 26 0.03 -0.01 0.06 -0.13 -0.15 0.08
1034 17 94 53 27 0.06 -0.07 0.08 -0.02 0.08 0.03
1035 16 90 54 25 0.1 -0.08 0.03 -0.04 0.17 0.1
1036 17 88 54 30 0.01 -0.0 0.0 -0.13 0.17 0.13
1037 17 85 54 29 0.0 0.04 -0.01 -0.42 -0.04 0.02
1038 16 79 60 27 0.06 -0.0 -0.01 -0.28 0.04 0.0
1039 16 77 58 27 0.05 -0.06 -0.01 -0.2 0.01 -0.04
1040 16 75 56 26 0.05 -0.07 -0.01 -0.07 0.05 0.05
-100 -100 -100 -100 -100 -100 -100 -100 -100 -100 -100
1041 16 73 58 29 0.05 -0.06 -0.03 -0.04 0.0 0.04
1042 15 74 58 27 0.05 -0.05 -0.02 0.0 -0.01 0.0
1043 16 76 59 26 0.04 -0.04 -0.02 0.06 -0.07 0.06
1044 16 78 59 26 0.03 -0.02 -0.01 0.08 -0.04 0.04
1045 16 81 58 25 0.01 -0.01 -0.0 0.08 -0.1 -0.09
1046 16 83 57 25 0.01 -0.01 0.0 -0.03 -0.06 -0.05
1047 16 85 57 25 0.01 -0.01 0.0 -0.02 -0.05 -0.03
1048 16 87 56 25 0.0 -0.01 0.0 -0.08 -0.03 0.02
1049 17 89 57 24 0.0 -0.01 0.0 -0.08 0.02 -0.02
1050 17 90 56 24 -0.01 -0.01 0.0 -0.09 0.04 -0.02
1051 17 93 59 24 -0.01 -0.02 -0.0 -0.04 0.02 -0.01
1052 17 94 59 26 -0.0 -0.02 -0.0 -0.08 0.0 -0.04
1053 17 97 56 25 0.01 -0.01 -0.01 -0.03 -0.02 -0.02
1054 17 99 56 25 0.01 -0.01 -0.01 -0.03 -0.06 -0.04
1055 17 102 55 24 0.01 -0.01 -0.01 -0.04 -0.03 -0.05
1056 21 104 58 24 0.0 0.0 -0.01 -0.02 -0.04 -0.05
1057 20 105 60 24 0.01 -0.0 0.0 -0.01 -0.01 -0.07
1058 20 107 57 24 0.01 -0.01 0.0 0.02 0.01 0.0
1059 22 110 56 24 -0.0 -0.01 0.01 -0.01 -0.03 0.0
1060 23 111 56 24 -0.0 -0.01 0.0 -0.07 -0.02 -0.06
1061 23 113 56 24 0.0 -0.01 0.0 -0.1 -0.01 0.0
1062 25 111 59 24 0.01 -0.01 -0.0 -0.1 -0.03 -0.02
1063 24 111 61 23 0.02 -0.02 -0.01 -0.05 0.02 -0.07
1064 23 112 60 24 0.02 -0.02 -0.01 -0.05 0.0 -0.05
1065 23 113 58 24 0.02 -0.02 -0.01 -0.04 0.0 -0.05
1066 24 117 58 24 0.02 -0.02 -0.01 -0.01 0.0 -0.05
1067 23 119 57 23 0.02 -0.02 -0.01 -0.05 0.0 -0.06
1068 24 119 60 24 0.02 -0.03 -0.01 -0.04 -0.03 -0.04
1069 22 118 61 23 0.02 -0.02 -0.01 0.01 0.0 -0.02
1070 24 119 59 24 0.03 -0.02 -0.0 -0.02 0.0 -0.03
1071 23 119 59 24 0.01 -0.02 -0.01 -0.05 0.08 -0.04
1072 23 118 59 25 0.0 -0.03 -0.0 -0.03 0.01 -0.01
1073 23 119 62 23 -0.01 -0.03 -0.01 0.01 0.02 -0.01
1074 22 119 61 23 -0.0 -0.02 -0.01 -0.01 -0.02 -0.04
1075 22 120 62 24 -0.01 -0.01 0.0 -0.01 -0.03 0.0
1076 25 120 62 24 -0.01 -0.01 0.0 -0.07 0.0 -0.04
1077 24 119 63 23 -0.01 -0.02 0.0 -0.08 -0.02 -0.04
1078 24 119 60 24 -0.01 -0.03 0.0 -0.08 -0.01 -0.05
1079 24 119 62 23 -0.01 -0.03 0.0 -0.04 0.01 -0.03
1080 24 119 63 23 -0.02 -0.02 0.0 0.02 0.01 -0.01
1081 24 119 64 24 -0.02 -0.01 0.0 -0.03 0.0 -0.03
1082 25 120 64 25 -0.02 -0.01 0.0 -0.07 0.0 -0.03
1083 24 118 63 25 -0.01 -0.02 0.0 -0.08 0.0 -0.02
1084 23 118 65 25 -0.0 -0.02 -0.0 -0.06 -0.02 -0.1
1085 23 118 64 24 0.0 -0.02 -0.0 -0.04 0.0 -0.06
1086 22 118 64 24 0.01 -0.01 -0.01 -0.08 0.03 -0.04
1087 21 119 62 28 0.01 -0.02 -0.01 -0.06 0.0 0.0
1088 23 120 62 27 0.01 -0.02 -0.01 -0.04 0.0 0.0
1089 22 121 62 26 0.0 -0.02 -0.01 0.0 0.01 -0.03
1090 22 121 63 26 -0.01 -0.02 -0.01 0.0 -0.01 -0.01
1091 21 121 62 25 -0.0 -0.02 -0.01 0.01 0.0 -0.01
1092 21 118 60 27 -0.01 -0.02 0.0 -0.07 -0.04 -0.03
1093 20 118 58 26 -0.01 -0.01 0.01 -0.05 0.06 -0.05
1094 19 118 60 26 -0.02 -0.01 0.0 -0.07 0.0 -0.05
1095 20 116 60 25 -0.01 -0.02 0.01 -0.08 -0.01 -0.03
1096 19 116 60 25 -0.01 -0.03 0.01 -0.03 0.03 -0.03
1097 19 115 63 28 -0.01 -0.03 0.01 -0.02 0.02 -0.01
1098 19 115 61 27 -0.02 -0.02 0.01 -0.01 0.0 -0.06
1099 19 113 63 27 -0.02 -0.02 0.01 -0.03 0.02 -0.06
