-1 -1 -1 -1 -1 -1 -1 -1 -1 -1 -1
2 36 71 78 26 -0.83 -0.1 -0.38 0.41 0.09 -0.05
3 60 71 72 26 -0.85 -0.09 -0.35 0.41 0.03 -0.11
4 73 72 73 26 -0.85 -0.06 -0.29 0.42 -0.01 -0.03
5 63 73 71 26 -0.82 -0.02 -0.26 -0.06 -0.04 -0.09
6 58 75 73 26 -0.77 -0.0 -0.26 0.13 0.44 -0.02
7 53 75 73 26 -0.71 0.01 -0.25 -0.12 0.18 0.06
8 46 72 71 24 -0.63 0.02 -0.23 -0.27 0.28 -0.34
9 53 73 66 25 -0.57 -0.0 -0.22 -0.31 0.09 -0.25
10 67 74 67 24 -0.45 0.02 -0.22 -0.2 0.16 -0.32
11 58 74 66 24 -0.3 0.11 -0.21 -0.15 0.31 -0.56
12 49 73 68 24 -0.25 0.11 -0.21 -0.33 0.22 -0.15
13 53 73 79 24 -0.19 0.06 -0.17 -0.05 0.28 -0.13
14 52 74 77 24 -0.15 0.04 -0.14 0.07 0.0 -0.15
15 68 75 72 24 -0.11 0.09 -0.11 0.12 -0.02 -0.25
16 67 72 71 24 -0.02 0.21 -0.07 0.2 0.08 -0.29
17 62 74 69 24 0.01 0.2 -0.02 -0.07 0.13 -0.19
18 57 74 68 24 0.01 0.16 0.01 0.03 0.15 0.12
19 77 73 73 22 -0.03 0.05 0.07 0.08 0.12 0.06
20 69 73 69 25 -0.05 0.05 0.11 0.16 0.12 0.05
21 92 75 74 26 -0.07 0.06 0.13 0.17 0.14 -0.05
22 123 78 72 31 -0.08 0.1 0.16 0.01 0.17 -0.15
23 106 79 73 33 -0.03 0.14 0.18 -0.08 0.35 -0.16
24 96 80 71 35 -0.04 0.09 0.2 0.0 0.36 -0.1
25 109 84 66 42 -0.03 0.02 0.23 0.05 0.26 -0.11
26 90 82 64 49 0.02 0.09 0.26 0.25 0.21 -0.01
27 98 82 61 56 0.04 0.13 0.28 0.15 0.11 -0.22
28 116 83 62 66 0.09 0.2 0.3 0.04 0.01 -0.14
29 110 83 58 80 0.12 0.17 0.31 -0.23 -0.02 -0.27
30 128 84 64 88 0.14 0.19 0.31 -0.33 0.05 -0.23
31 145 85 61 105 0.16 0.17 0.31 -0.45 0.0 -0.27
32 124 85 69 119 0.17 0.1 0.3 -0.32 0.46 -0.17
33 160 83 67 125 0.15 0.04 0.29 -0.22 0.4 0.11
34 146 83 63 141 0.07 -0.07 0.29 -0.05 0.42 0.12
35 136 84 61 156 0.03 -0.08 0.26 0.05 0.36 0.15
36 144 85 62 166 -0.0 -0.07 0.25 0.05 0.26 0.12
37 125 84 65 175 -0.05 0.0 0.23 0.0 0.19 0.09
38 106 84 64 183 -0.05 0.11 0.2 0.02 0.29 -0.14
39 101 85 65 188 -0.05 0.09 0.18 -0.31 0.43 -0.11
40 90 84 65 195 -0.08 -0.03 0.16 -0.3 0.38 -0.03
41 102 85 64 207 -0.07 -0.07 0.16 -0.12 0.28 -0.12
42 126 87 63 219 -0.06 -0.05 0.15 -0.02 0.17 -0.11
43 133 87 63 226 -0.01 0.04 0.13 -0.01 0.13 -0.14
44 128 86 62 235 0.03 0.08 0.11 -0.1 0.03 -0.14
45 147 85 63 243 0.03 0.1 0.11 -0.13 -0.03 -0.12
46 174 85 69 253 0.04 0.09 0.09 -0.1 -0.04 -0.03
47 151 86 68 261 0.02 0.03 0.09 -0.02 0.05 -0.3
48 124 86 68 264 0.04 0.03 0.07 -0.05 0.16 0.12
49 108 87 67 266 0.02 0.02 0.04 -0.06 0.26 0.12
50 94 86 70 265 -0.05 0.0 0.01 -0.2 0.29 0.05
51 79 85 72 266 -0.07 -0.01 -0.01 -0.26 0.31 -0.03
52 106 85 74 267 -0.09 -0.03 -0.05 -0.24 0.31 -0.01
53 125 85 71 265 -0.11 -0.1 -0.07 0.02 0.28 0.0
54 103 82 71 267 -0.12 -0.12 -0.07 0.07 0.22 0.05
55 86 81 73 268 -0.15 -0.16 -0.1 -0.11 0.18 -0.04
56 71 81 77 265 -0.14 -0.13 -0.13 -0.13 0.12 -0.02
57 62 80 74 265 -0.14 -0.1 -0.15 -0.12 0.03 -0.22
58 58 81 73 261 -0.08 -0.03 -0.18 0.01 0.03 -0.36
59 50 80 77 261 0.03 0.13 -0.23 -0.13 0.04 -0.18
60 50 78 74 259 0.04 0.11 -0.24 -0.16 -0.05 -0.22
61 42 76 75 257 0.09 0.08 -0.26 -0.27 -0.09 -0.21
62 57 76 80 254 0.13 0.08 -0.3 -0.27 0.02 -0.22
63 52 75 85 253 0.14 0.07 -0.31 -0.22 0.11 -0.24
64 50 74 89 251 0.16 0.08 -0.35 -0.14 0.35 0.0
65 49 74 83 245 0.12 -0.03 -0.38 -0.06 0.47 0.14
66 44 73 81 240 0.07 -0.1 -0.38 -0.16 0.33 0.13
67 43 72 80 234 0.03 -0.19 -0.4 -0.09 0.28 0.09
68 44 72 83 237 0.01 -0.18 -0.39 -0.01 0.15 0.0
69 73 73 82 235 0.01 -0.15 -0.39 0.23 0.15 -0.33
70 60 73 84 231 0.06 -0.1 -0.37 0.19 0.22 -0.27
71 67 71 88 227 0.04 -0.26 -0.32 0.09 0.08 0.16
72 63 72 88 224 0.03 -0.3 -0.3 -0.06 0.06 0.43
73 60 72 89 227 0.01 -0.27 -0.28 0.0 0.11 0.34
74 61 72 89 222 0.0 -0.13 -0.25 0.28 0.27 0.0
75 81 73 85 218 0.0 -0.06 -0.24 -0.05 0.11 0.22
76 73 74 90 214 -0.02 -0.05 -0.22 -0.17 0.11 0.18
77 94 75 84 210 -0.06 -0.13 -0.18 -0.49 -0.04 -0.04
78 94 75 86 208 -0.05 -0.2 -0.15 0.19 0.09 -0.27
79 78 76 91 207 0.05 -0.2 -0.1 0.56 0.22 -0.24
80 65 77 88 199 0.08 -0.17 -0.07 0.1 0.25 0.31
81 68 79 86 192 0.05 -0.14 -0.06 -0.53 -0.02 0.28
82 70 80 94 186 0.06 -0.11 -0.04 -0.6 -0.13 0.21
83 76 82 101 182 0.12 -0.16 -0.03 -0.94 -0.2 -0.21
84 95 84 101 177 0.14 -0.28 0.0 0.55 0.4 -0.27
85 98 85 97 168 0.22 -0.38 0.04 0.61 0.46 0.01
86 80 87 95 161 0.2 -0.28 0.05 0.33 0.27 0.3
87 98 90 96 148 0.19 -0.21 0.05 0.0 0.28 0.05
88 87 91 94 142 0.2 -0.1 0.07 -0.24 0.26 -0.01
89 74 92 102 136 0.24 -0.06 0.11 0.01 0.36 0.1
90 103 94 114 124 0.23 -0.07 0.13 0.17 0.24 0.15
91 85 94 114 119 0.22 -0.08 0.2 0.26 0.08 0.17
92 122 97 145 117 0.26 -0.02 0.3 0.49 0.1 -0.01
93 102 98 137 106 0.28 0.03 0.34 -0.04 0.34 0.02
94 91 98 130 97 0.3 0.16 0.4 -0.26 0.47 0.26
95 78 97 116 87 0.28 0.14 0.46 -0.27 0.26 0.25
96 109 99 108 79 0.25 0.1 0.5 0.08 -0.08 -0.08
97 95 99 99 69 0.18 0.02 0.51 0.11 -0.06 -0.14
98 101 100 95 61 0.19 0.03 0.51 0.2 0.23 -0.05
99 103 103 101 54 0.17 0.04 0.5 0.45 0.61 0.11
100 99 100 95 49 0.12 0.1 0.49 0.24 0.66 0.21
101 81 99 89 44 0.06 0.16 0.44 -0.42 0.61 0.15
102 72 99 91 41 0.02 0.16 0.4 -0.57 0.29 0.18
103 66 96 88 38 -0.0 0.13 0.34 -0.61 0.23 0.01
104 124 96 92 36 -0.02 0.13 0.24 -0.5 0.06 -0.03
105 109 93 85 34 -0.01 0.12 0.2 0.05 0.11 0.04
106 90 91 87 32 0.01 0.09 0.09 -0.1 0.15 0.07
107 73 89 89 31 0.0 0.09 0.03 -0.23 0.08 -0.02
108 61 87 87 29 0.01 0.1 -0.01 -0.51 -0.08 0.01
109 67 84 84 28 0.03 0.09 -0.07 -0.35 0.0 -0.04
110 63 83 89 27 0.07 0.12 -0.13 -0.13 0.1 -0.02
111 96 78 95 27 0.09 0.14 -0.16 -0.07 0.12 0.0
112 81 78 91 26 0.13 0.15 -0.2 -0.07 0.17 0.02
113 124 78 92 26 0.15 0.14 -0.22 0.02 0.04 0.0
114 104 77 87 25 0.18 0.15 -0.23 -0.08 0.17 0.07
115 88 75 84 24 0.17 0.1 -0.23 0.0 0.16 0.04
116 78 76 86 25 0.15 0.09 -0.21 0.03 0.07 0.06
117 88 74 86 24 0.15 0.1 -0.21 0.03 0.1 0.16
118 85 76 87 24 0.13 0.1 -0.2 -0.1 0.05 0.11
119 73 79 88 24 0.09 0.07 -0.17 -0.19 0.22 0.14
120 61 80 83 24 0.06 0.03 -0.16 -0.02 0.35 0.1
121 55 82 88 24 0.02 -0.0 -0.13 0.05 0.31 0.19
122 51 81 89 23 -0.04 0.0 -0.1 0.09 0.12 0.14
123 50 81 86 24 -0.07 0.01 -0.09 -0.07 -0.06 0.06
124 97 81 85 24 -0.09 -0.0 -0.05 -0.04 0.02 -0.01
125 84 82 84 24 -0.11 -0.03 -0.02 -0.09 -0.01 -0.03
126 74 82 79 24 -0.1 -0.01 -0.02 -0.1 0.07 0.08
127 63 81 82 25 -0.09 -0.0 -0.0 -0.02 0.22 0.03
128 62 81 85 24 -0.1 0.01 -0.01 -0.16 0.12 0.08
129 57 81 82 24 -0.11 0.01 -0.01 -0.2 0.13 0.08
130 63 81 81 26 -0.11 0.02 -0.01 -0.16 0.13 0.15
131 76 82 76 26 -0.11 0.02 -0.01 -0.13 0.26 0.04
132 89 82 73 26 -0.13 0.03 0.0 0.1 0.22 0.0
133 74 81 71 26 -0.13 0.03 0.03 0.18 0.31 0.07
134 70 81 73 27 -0.16 0.04 0.05 0.06 0.17 0.1
135 68 80 77 28 -0.18 0.04 0.07 -0.01 0.05 0.06
136 83 80 74 28 -0.2 0.01 0.11 0.08 0.02 0.07
137 81 82 71 28 -0.21 0.01 0.14 0.1 0.05 0.12
138 68 82 73 24 -0.2 0.03 0.15 0.04 0.09 -0.04
139 74 81 74 28 -0.17 0.08 0.15 -0.1 0.05 0.0
140 83 85 79 27 -0.15 0.06 0.15 -0.31 0.08 0.12
141 97 84 79 28 -0.14 0.05 0.15 -0.37 0.1 0.12
142 85 84 76 27 -0.13 0.03 0.13 -0.27 0.02 0.02
143 83 85 74 27 -0.11 0.05 0.11 -0.22 0.08 -0.01
144 80 84 75 26 -0.1 0.05 0.11 -0.13 0.1 0.08
145 87 83 82 26 -0.05 0.07 0.09 -0.14 0.03 0.04
146 101 83 80 26 -0.03 0.08 0.07 -0.1 0.07 0.02
147 92 83 79 26 -0.0 0.1 0.06 -0.07 0.11 0.02
148 109 84 81 26 0.02 0.09 0.05 -0.2 0.08 0.0
149 127 84 82 26 0.04 0.09 0.05 -0.24 0.11 0.12
150 105 83 84 26 0.04 0.08 0.05 -0.2 0.11 0.02
151 139 81 83 26 0.04 0.04 0.05 -0.14 0.09 0.16
152 116 80 80 26 0.03 0.02 0.05 0.08 0.08 0.06
153 97 79 84 25 0.03 0.02 0.05 -0.04 0.08 0.09
154 104 79 87 26 0.02 0.02 0.06 -0.11 0.02 0.06
155 125 81 85 25 0.02 0.02 0.06 -0.08 0.04 0.01
156 119 80 82 25 0.03 0.02 0.06 -0.19 0.08 -0.03
157 106 81 87 25 0.04 -0.04 0.06 -0.19 0.03 0.0
158 119 80 89 26 0.06 -0.02 0.04 -0.12 0.14 0.15
159 131 77 89 26 0.06 -0.02 0.04 -0.1 0.16 0.19
160 125 77 84 26 0.04 -0.01 0.02 -0.08 0.24 0.14
161 105 77 80 27 0.01 0.01 -0.0 -0.12 0.33 0.14
162 91 75 81 25 -0.01 0.01 -0.01 -0.16 0.33 0.12
163 122 76 85 25 -0.05 -0.03 -0.01 -0.13 0.21 0.19
164 123 78 92 25 -0.09 -0.08 0.02 0.06 0.06 0.08
165 116 76 86 25 -0.08 -0.11 0.03 0.16 -0.04 -0.13
166 127 77 86 25 -0.03 -0.08 0.05 0.0 -0.12 0.02
167 105 78 86 24 0.03 -0.02 0.06 -0.05 0.15 0.0
168 95 78 84 24 0.05 0.01 0.06 -0.21 0.08 0.12
169 108 79 84 25 0.07 0.03 0.05 -0.31 0.2 0.06
170 103 80 81 24 0.09 0.04 0.02 -0.18 0.36 0.1
171 86 79 88 24 0.08 0.05 0.01 -0.21 0.33 0.16
172 84 78 86 23 0.06 0.03 -0.01 -0.19 0.19 0.17
173 94 79 83 24 0.01 -0.02 -0.01 -0.01 0.07 0.07
174 111 79 81 24 -0.0 -0.04 -0.01 0.04 0.03 0.06
175 101 78 83 24 -0.0 -0.02 -0.02 0.0 0.0 0.06
176 98 79 79 23 -0.0 0.0 -0.02 -0.08 -0.01 0.0
177 88 76 82 24 -0.0 0.01 -0.03 -0.1 0.05 0.01
178 107 77 81 24 -0.01 -0.04 -0.02 -0.09 0.1 0.08
179 93 76 78 24 -0.02 -0.07 -0.03 0.0 0.14 0.1
180 82 74 83 24 -0.02 -0.07 -0.03 -0.05 0.1 0.12
181 70 73 84 24 -0.03 -0.06 -0.04 -0.08 0.12 -0.02
182 95 73 82 24 -0.02 -0.04 -0.06 -0.23 0.05 0.1
183 99 72 78 23 -0.03 -0.05 -0.07 -0.23 0.05 0.08
184 87 72 76 23 -0.02 -0.05 -0.08 -0.05 0.01 -0.03
185 72 71 79 24 -0.01 -0.05 -0.09 0.06 0.07 -0.03
186 85 71 79 24 -0.0 -0.04 -0.09 0.0 0.11 0.15
187 77 71 77 23 -0.01 -0.04 -0.1 -0.14 0.07 0.18
188 80 72 76 23 -0.04 -0.07 -0.1 -0.12 0.05 0.02
189 69 70 76 24 -0.05 -0.08 -0.11 -0.15 0.07 0.01
190 103 70 79 23 -0.06 -0.12 -0.1 0.0 0.11 0.12
191 116 70 75 23 -0.08 -0.11 -0.11 -0.01 0.06 0.11
192 100 71 73 24 -0.08 -0.11 -0.11 -0.01 0.11 0.04
193 94 71 77 24 -0.08 -0.11 -0.12 -0.18 0.07 0.0
194 79 71 75 23 -0.08 -0.12 -0.12 -0.08 0.06 0.06
195 65 70 83 23 -0.09 -0.12 -0.13 -0.06 0.05 0.08
196 62 70 78 24 -0.09 -0.14 -0.12 -0.03 0.08 0.06
197 55 72 79 24 -0.09 -0.15 -0.11 -0.05 0.11 0.02
198 78 72 81 24 -0.09 -0.14 -0.11 0.03 0.13 0.05
199 94 75 80 24 -0.09 -0.11 -0.1 0.13 0.18 0.15
200 95 72 78 24 -0.1 -0.07 -0.11 0.0 0.28 0.14
201 77 71 74 23 -0.13 -0.06 -0.11 -0.08 0.18 0.08
202 75 71 69 24 -0.15 -0.1 -0.1 -0.25 0.15 0.07
203 76 71 70 23 -0.15 -0.14 -0.09 0.02 0.04 -0.06
204 78 70 70 24 -0.14 -0.13 -0.09 0.07 0.03 -0.06
205 106 72 70 24 -0.13 -0.13 -0.09 -0.11 -0.04 0.01
206 86 71 67 24 -0.11 -0.12 -0.09 -0.13 -0.03 -0.04
207 72 70 68 24 -0.09 -0.13 -0.08 -0.01 0.09 0.0
208 76 71 71 24 -0.07 -0.09 -0.09 -0.1 0.08 -0.03
209 64 70 78 24 -0.05 -0.05 -0.11 -0.15 0.24 0.17
210 53 69 74 24 -0.05 -0.05 -0.12 -0.19 0.19 0.29
211 48 69 70 23 -0.1 -0.08 -0.13 -0.05 0.12 0.18
212 42 68 66 24 -0.15 -0.09 -0.13 -0.04 0.03 0.07
213 57 69 70 24 -0.15 -0.09 -0.13 -0.03 0.04 -0.02
214 62 69 75 24 -0.13 -0.06 -0.13 -0.04 0.09 -0.09
215 53 69 78 24 -0.11 -0.03 -0.12 0.0 0.12 0.0
216 48 68 78 23 -0.09 -0.01 -0.12 -0.04 0.18 0.06
217 42 69 80 24 -0.09 -0.02 -0.1 -0.02 0.12 0.07
218 38 68 74 23 -0.1 -0.08 -0.09 0.09 0.12 0.07
219 35 67 68 24 -0.1 -0.06 -0.08 0.04 0.1 0.08
220 33 68 73 23 -0.1 -0.03 -0.08 -0.16 -0.03 0.03
221 29 68 72 23 -0.07 0.01 -0.09 -0.32 -0.02 0.0
222 28 70 69 23 -0.07 0.0 -0.1 -0.25 0.01 0.0
223 27 69 69 22 -0.05 0.0 -0.11 -0.12 0.05 0.06
224 34 69 67 23 -0.06 -0.0 -0.11 0.07 0.08 0.01
225 31 68 71 23 -0.05 0.02 -0.11 -0.09 0.05 0.12
226 30 69 70 23 -0.06 -0.01 -0.11 -0.17 0.16 0.04
227 27 71 65 23 -0.05 -0.0 -0.12 -0.26 0.2 0.09
228 26 72 63 24 -0.05 -0.03 -0.12 -0.12 0.23 0.07
229 25 72 61 23 -0.05 -0.05 -0.13 0.01 0.25 0.09
230 27 71 60 23 -0.06 -0.01 -0.12 0.1 0.09 0.16
231 28 71 64 23 -0.05 0.02 -0.1 0.14 0.05 0.25
232 31 70 67 23 -0.07 0.12 -0.08 0.24 0.12 0.01
233 28 68 70 23 -0.08 0.15 -0.05 -0.04 0.03 -0.01
234 26 69 67 24 -0.08 0.12 -0.04 -0.15 0.05 -0.02
235 25 69 64 23 -0.1 0.01 -0.01 -0.15 0.09 -0.02
236 23 69 73 26 -0.09 0.0 0.0 -0.09 0.08 0.02
237 26 69 74 23 -0.08 0.0 0.0 -0.11 0.1 0.01
238 55 69 74 24 -0.08 -0.02 -0.0 -0.23 0.05 0.0
239 51 71 69 24 -0.08 -0.09 -0.01 -0.34 0.09 -0.01
240 47 69 75 23 -0.06 -0.11 -0.02 -0.23 0.16 -0.02
241 46 70 71 24 -0.05 -0.12 -0.04 0.01 0.17 0.12
242 39 70 71 23 -0.05 -0.08 -0.07 0.01 0.07 0.08
243 37 69 68 24 -0.04 -0.06 -0.06 0.05 0.1 0.05
244 42 68 68 23 -0.04 -0.03 -0.06 -0.04 0.09 0.0
245 59 68 69 23 -0.02 -0.01 -0.06 -0.12 0.05 0.02
246 61 69 74 23 -0.02 0.0 -0.05 -0.06 0.08 0.08
247 55 69 71 23 -0.02 -0.01 -0.04 0.04 0.17 0.04
248 46 69 67 23 -0.02 0.01 -0.04 -0.01 0.11 0.05
249 54 69 62 23 -0.02 0.03 -0.03 -0.09 0.13 0.08
250 60 69 60 23 -0.04 0.03 -0.02 -0.03 0.11 0.04
251 51 69 60 23 -0.04 0.02 -0.0 0.06 0.07 0.0
252 45 68 69 23 -0.03 0.02 0.0 0.21 0.18 -0.02
253 39 69 70 23 -0.02 0.08 -0.0 -0.07 0.11 0.12
254 63 70 65 23 -0.05 0.09 -0.01 -0.36 0.08 0.16
255 65 70 61 23 -0.08 0.06 -0.02 -0.4 0.02 0.19
256 67 69 62 23 -0.13 0.01 -0.03 0.01 0.05 0.09
257 56 69 59 23 -0.16 0.0 -0.04 0.0 0.03 0.06
-200 -200 -200 -200 -200 -200 -200 -200 -200 -200 -200
258 57 70 65 23 -0.17 0.0 -0.04 -0.1 0.06 0.04
259 54 70 65 24 -0.18 0.01 -0.05 -0.18 0.1 0.0
260 71 71 68 23 -0.17 0.02 -0.05 -0.16 0.09 0.07
261 63 70 63 24 -0.15 0.03 -0.07 -0.08 0.12 0.0
262 64 70 67 23 -0.12 0.07 -0.08 -0.1 0.1 0.07
263 66 70 72 24 -0.1 0.06 -0.09 -0.13 0.06 0.04
264 59 70 76 23 -0.1 0.06 -0.09 -0.04 0.04 0.02
265 53 71 72 23 -0.11 0.05 -0.09 -0.13 0.14 0.11
266 47 70 66 24 -0.13 0.03 -0.1 -0.14 0.15 0.17
267 95 71 67 24 -0.15 0.0 -0.09 -0.09 0.15 0.12
268 82 70 68 23 -0.17 -0.03 -0.09 -0.01 0.12 0.09
269 70 69 69 24 -0.17 -0.03 -0.09 0.03 0.09 0.12
270 64 70 63 24 -0.18 -0.04 -0.08 -0.05 0.09 0.13
271 59 69 60 24 -0.17 -0.04 -0.07 -0.03 0.04 -0.07
272 59 70 58 24 -0.12 0.02 -0.07 -0.17 -0.02 -0.08
273 77 71 60 24 -0.09 0.03 -0.08 -0.11 0.05 -0.08
274 68 73 76 24 -0.08 -0.01 -0.07 -0.1 0.05 0.02
275 65 89 70 24 -0.07 -0.03 -0.06 -0.16 0.09 0.18
276 76 151 66 28 -0.1 -0.13 -0.03 -0.23 0.04 0.18
277 84 211 63 29 -0.16 -0.34 0.01 -0.18 -0.01 0.18
278 127 270 60 30 -0.13 -0.51 0.04 0.03 -0.12 0.13
279 150 306 59 31 0.05 -0.58 0.04 -0.19 -0.08 0.08
280 129 276 58 32 0.34 -0.68 0.04 -0.74 -0.12 -0.1
281 118 237 57 32 0.41 -0.77 0.08 -0.73 0.0 0.3
282 120 201 57 35 0.3 -0.75 0.11 -0.51 -0.04 0.58
283 117 185 55 34 0.19 -0.73 0.14 0.14 -0.17 0.7
284 124 203 55 38 0.13 -0.62 0.17 0.04 -0.23 0.54
285 114 238 55 47 0.13 -0.63 0.18 0.04 -0.12 0.51
286 141 245 55 55 0.1 -0.63 0.15 -0.45 -0.08 0.28
287 138 267 56 69 0.15 -0.7 0.09 -1.0 -3.62 0.61
288 138 251 55 74 0.08 -0.66 -0.12 -2.09 1.75 -0.24
289 162 227 56 82 0.28 -0.78 0.03 -0.62 0.0 0.06
290 158 321 61 113 0.28 -1.0 0.04 -0.09 0.11 0.13
291 177 344 65 142 0.33 -1.14 0.07 -0.28 0.03 0.09
292 177 351 65 164 0.42 -1.31 0.14 -0.1 -0.12 0.31
293 174 448 65 164 0.57 -1.52 0.19 0.06 0.0 0.36
294 162 471 67 188 0.8 -1.4 0.19 0.04 0.08 0.15
295 174 478 67 191 0.97 -1.21 0.22 0.11 -0.02 0.62
296 183 482 71 221 1.01 -0.95 0.36 -0.73 0.52 2.39
297 174 579 76 238 1.15 -0.51 0.25 -0.65 -0.75 2.24
298 168 596 75 255 1.67 -0.98 0.13 -0.38 -0.01 2.24
299 160 615 76 258 1.92 -1.24 0.1 -0.21 0.32 1.87
300 165 680 88 268 1.92 -1.19 0.13 -0.16 0.33 1.78
301 171 646 95 256 1.95 -1.08 0.15 -0.08 0.4 1.16
302 159 606 91 268 1.86 -0.85 0.16 -0.3 0.49 1.33
303 148 671 84 254 1.75 -0.73 0.18 -0.53 0.42 1.53
304 145 690 83 242 1.67 -0.88 0.03 0.03 0.5 0.28
305 137 672 78 235 1.38 -0.53 -0.04 0.31 0.64 -0.75
306 132 644 74 235 1.23 -0.36 -0.08 0.22 0.31 -1.03
307 122 636 71 220 1.28 -0.28 -0.22 0.52 0.19 -0.97
308 134 665 69 213 1.27 -0.35 -0.31 0.71 0.09 -1.06
309 159 686 71 186 1.28 -0.35 -0.31 0.42 0.0 -1.26
310 157 676 70 180 1.33 -0.33 -0.3 0.44 -0.16 -1.28
311 159 637 72 163 1.29 -0.28 -0.22 0.07 -0.24 -1.37
312 158 639 71 156 1.28 -0.3 -0.2 -0.15 -0.28 -1.39
313 156 601 72 140 1.21 -0.41 -0.15 -0.22 -0.3 -1.46
314 137 613 75 128 1.14 -0.43 -0.11 -0.18 -0.41 -1.12
315 127 665 78 119 1.08 -0.42 -0.09 -0.26 -0.41 -0.87
316 164 671 83 116 0.95 -0.38 -0.06 -0.33 -0.41 -0.95
317 172 632 82 112 0.87 -0.32 -0.02 -0.45 -0.35 -1.17
318 185 686 83 101 0.85 -0.32 -0.01 -0.36 -0.38 -1.29
319 186 707 86 92 0.82 -0.3 0.03 -0.47 -0.27 -0.91
320 300 886 89 89 0.72 -0.31 0.08 -0.55 -0.24 -0.79
321 275 810 86 78 0.68 -0.29 0.11 -0.56 -0.14 -0.83
322 288 789 85 68 0.55 -0.3 0.15 -0.43 -0.05 -1.1
323 243 778 82 65 0.44 -0.26 0.18 -0.22 0.05 -0.8
324 211 790 84 56 0.4 -0.24 0.17 -0.13 0.21 -0.77
325 287 736 82 52 0.33 -0.17 0.15 -0.05 0.19 -0.62
326 295 678 80 48 0.29 -0.09 0.12 0.06 0.2 -0.46
327 273 749 83 46 0.28 -0.06 0.09 0.08 0.21 -0.36
328 235 676 81 42 0.25 -0.06 0.05 0.14 0.3 -0.23
329 217 684 80 39 0.24 -0.06 0.03 0.02 0.44 -0.44
330 185 705 78 41 0.19 -0.06 0.01 0.08 0.43 -0.46
331 164 652 75 42 0.16 -0.04 0.0 0.04 0.43 -0.47
332 262 665 73 41 0.14 -0.03 -0.0 0.11 0.35 -0.48
333 229 721 74 42 0.1 0.0 -0.01 0.04 0.33 -0.52
334 221 679 73 43 0.07 0.01 -0.01 0.2 0.32 -0.46
335 220 699 74 44 0.06 0.01 -0.01 0.26 0.23 -0.51
336 195 676 72 47 0.03 0.01 -0.02 0.17 0.22 -0.43
337 264 639 73 52 0.01 -0.02 -0.04 0.2 0.14 -0.36
338 257 644 77 68 -0.01 -0.03 -0.05 0.07 0.09 -0.33
339 214 622 78 68 -0.03 0.0 -0.06 0.1 0.06 -0.37
340 199 593 77 65 -0.05 0.02 -0.06 -0.02 0.01 -0.38
341 166 550 72 75 -0.06 0.02 -0.06 -0.17 -0.05 -0.22
342 174 527 73 80 -0.06 0.0 -0.05 -0.13 -0.06 -0.21
343 173 495 72 82 -0.07 0.03 -0.06 -0.18 -0.05 -0.19
344 197 498 69 84 -0.08 0.04 -0.06 -0.26 -0.11 -0.23
345 223 488 68 90 -0.09 0.06 -0.06 -0.28 -0.12 -0.24
346 194 468 72 93 -0.08 0.05 -0.05 -0.2 -0.18 -0.25
347 190 519 72 106 -0.07 0.06 -0.05 -0.37 -0.12 -0.38
348 157 473 71 111 -0.05 0.03 -0.03 -0.35 -0.14 -0.41
349 140 500 75 122 -0.03 0.01 -0.02 -0.26 -0.05 -0.26
350 183 502 76 117 -0.03 0.01 -0.01 -0.28 -0.02 -0.23
351 235 487 73 135 -0.06 0.02 -0.0 -0.29 -0.05 -0.18
352 247 491 73 144 -0.06 0.0 0.01 -0.19 0.01 -0.24
353 228 537 75 159 -0.07 0.0 0.02 -0.17 0.07 -0.22
354 208 488 77 170 -0.07 -0.01 0.02 -0.1 0.13 -0.26
355 248 472 75 171 -0.08 -0.02 0.01 -0.12 0.17 -0.41
356 242 478 77 182 -0.09 -0.02 0.01 -0.08 0.08 -0.11
357 211 472 79 201 -0.1 -0.02 0.01 -0.06 0.1 -0.15
358 182 475 82 199 -0.1 -0.01 -0.01 0.06 0.07 -0.26
359 167 459 83 211 -0.1 0.0 -0.01 0.03 0.09 -0.13
360 175 461 82 218 -0.1 0.02 -0.04 0.01 0.09 -0.11
361 224 475 82 221 -0.1 0.02 -0.05 -0.03 0.11 -0.1
362 200 449 84 223 -0.1 0.02 -0.06 -0.09 0.15 -0.12
363 216 469 85 229 -0.1 0.01 -0.04 -0.1 0.1 -0.03
364 199 494 84 234 -0.09 0.0 -0.03 -0.11 0.04 0.04
365 170 475 83 244 -0.08 0.0 -0.03 -0.14 0.03 0.06
366 205 458 83 250 -0.06 0.01 -0.03 -0.09 0.04 0.06
367 218 491 83 253 -0.05 0.02 -0.03 -0.18 0.03 0.07
368 182 468 81 260 -0.04 0.03 -0.02 -0.18 0.06 -0.08
369 156 502 84 271 -0.04 0.01 -0.02 -0.15 0.05 -0.12
370 166 521 84 276 -0.03 -0.0 -0.01 -0.13 0.05 -0.1
371 141 498 84 274 -0.03 -0.01 -0.01 -0.15 0.06 -0.1
372 228 476 86 289 -0.02 -0.02 -0.01 -0.11 0.07 -0.12
373 200 451 85 295 -0.03 -0.02 -0.01 -0.19 0.06 -0.12
374 183 427 87 298 -0.03 -0.01 -0.01 -0.15 0.1 -0.21
375 153 426 87 306 -0.03 -0.01 -0.01 -0.16 0.09 -0.2
376 135 423 87 308 -0.03 0.02 -0.02 -0.15 0.05 -0.15
377 135 406 90 321 -0.03 0.03 -0.02 -0.11 0.08 -0.16
378 195 386 90 323 -0.02 0.04 -0.03 -0.08 0.11 -0.19
379 181 386 90 327 -0.03 0.06 -0.03 -0.07 0.12 -0.25
380 162 405 90 333 -0.04 0.07 -0.04 -0.1 0.08 -0.28
381 135 383 96 344 -0.07 0.11 -0.06 -0.06 0.06 -0.46
382 130 355 94 343 -0.09 0.15 -0.06 -0.08 0.03 -0.7
383 107 321 93 338 -0.11 0.15 -0.06 -0.09 -0.02 -0.65
384 119 359 94 345 -0.14 0.17 -0.05 -0.28 -0.1 -0.56
385 109 333 94 348 -0.18 0.18 -0.02 -0.23 -0.09 -0.53
386 107 314 94 351 -0.21 0.2 0.01 -0.4 -0.15 -0.51
387 128 289 99 364 -0.29 0.2 0.05 -0.25 -0.18 -0.44
388 122 287 96 370 -0.36 0.21 0.09 -0.04 -0.14 -0.48
389 136 287 94 361 -0.41 0.25 0.13 0.04 -0.19 -0.41
390 127 294 92 364 -0.49 0.28 0.2 -0.12 -0.03 -0.38
391 111 325 95 369 -0.52 0.27 0.24 -0.1 0.03 -0.55
392 108 312 91 366 -0.51 0.24 0.23 0.32 -0.05 -0.45
393 130 298 86 359 -0.44 0.21 0.21 0.06 0.06 -0.44
394 134 280 86 361 -0.48 0.18 0.19 -0.01 0.03 -0.17
395 184 270 85 361 -0.5 0.17 0.2 0.03 0.0 0.42
396 150 254 83 357 -0.52 0.18 0.18 -0.01 0.07 0.5
397 134 242 83 363 -0.5 0.25 0.19 -0.02 0.25 0.09
398 124 231 79 352 -0.51 0.31 0.21 -0.28 0.21 -0.09
399 126 246 78 361 -0.57 0.37 0.21 -0.44 0.3 -0.11
400 116 253 77 369 -0.71 0.35 0.24 -0.96 0.27 -0.75
401 96 256 74 370 -0.77 0.36 0.26 -1.3 0.13 -1.48
402 109 246 75 371 -0.74 0.39 0.3 -0.94 0.03 -1.96
403 118 228 73 374 -0.79 0.34 0.33 -0.76 -0.05 -2.02
404 102 208 72 370 -0.88 0.32 0.37 -0.17 0.0 -1.18
405 92 208 69 363 -1.09 0.38 0.44 -0.18 -0.02 -0.78
406 80 204 70 368 -1.24 0.38 0.39 -0.13 0.09 -0.26
407 112 189 69 374 -1.24 0.52 0.34 0.02 0.28 -0.6
408 104 168 67 378 -1.32 0.89 0.24 -0.02 0.29 -0.86
409 139 163 64 365 -1.75 0.82 0.13 -0.75 0.21 -0.85
410 111 146 63 360 -1.87 0.64 0.04 0.28 0.26 -0.75
411 104 132 61 353 -1.98 0.48 -0.06 0.83 0.19 -0.97
412 107 123 58 353 -1.98 0.62 -0.08 0.83 0.22 -1.08
413 139 112 57 356 -1.96 0.72 -0.08 0.79 0.24 -1.18
414 144 106 57 362 -1.89 1.02 -0.1 0.71 0.2 -1.26
415 139 103 55 361 -1.91 1.18 -0.16 0.1 0.09 -0.73
416 123 101 54 358 -1.89 1.08 -0.22 -0.15 -0.46 -0.18
417 106 97 54 344 -1.82 0.68 -0.35 0.05 -0.38 -0.06
418 151 99 53 340 -1.72 0.55 -0.38 0.81 -0.37 -0.17
419 171 106 54 342 -1.68 0.62 -0.37 0.77 -0.35 -0.17
420 176 106 57 316 -1.65 0.71 -0.39 0.96 -0.29 -1.61
421 149 111 67 296 -1.2 1.79 0.06 -1.31 -3.72 5.62
422 181 121 74 274 -0.34 1.63 0.07 -3.82 -2.78 7.85
423 233 129 80 259 0.55 0.1 -0.48 -0.65 -0.17 4.63
424 218 136 73 243 0.13 0.24 -0.17 -2.05 -0.15 2.42
425 229 143 69 228 0.02 0.44 -0.05 -1.71 -0.23 1.26
-100 -100 -100 -100 -100 -100 -100 -100 -100 -100 -100
426 184 149 70 215 0.15 0.1 -0.11 0.49 0.64 -0.85
427 157 158 79 198 -0.01 0.02 -0.09 1.23 0.65 -0.91
428 143 163 83 180 -0.02 0.05 -0.1 0.87 0.49 -0.76
429 122 170 79 167 -0.07 0.03 -0.14 0.43 0.38 -0.81
430 124 176 75 154 -0.23 -0.14 -0.11 -0.32 -0.06 -0.14
431 133 181 74 146 -0.28 -0.19 -0.07 -0.41 -0.17 0.23
432 117 186 75 138 -0.27 -0.18 -0.03 -0.24 -0.23 1.01
433 136 187 74 127 -0.3 -0.03 -0.03 -0.35 -0.02 1.34
434 125 189 70 111 -0.29 0.07 -0.05 -0.65 0.05 1.04
435 105 193 66 98 -0.19 0.09 -0.09 -0.78 0.05 0.67
436 93 195 66 87 -0.1 -0.05 -0.08 -0.59 0.2 0.17
437 124 195 65 77 -0.09 -0.13 -0.06 -0.08 0.2 -0.05
438 140 195 63 67 -0.08 -0.22 -0.05 0.26 0.13 -0.05
439 123 197 70 60 -0.03 -0.18 -0.04 0.38 0.07 0.02
440 113 198 67 56 -0.03 -0.15 -0.03 0.33 0.01 0.02
441 103 201 64 47 -0.03 -0.06 -0.03 -0.01 0.11 0.08
442 91 200 69 42 -0.07 -0.06 -0.03 -0.19 0.04 0.01
443 104 199 65 38 -0.06 -0.08 -0.04 -0.21 0.16 -0.06
444 118 200 62 35 -0.08 -0.07 -0.03 -0.08 0.16 -0.08
445 101 200 70 32 -0.07 -0.02 -0.04 0.12 0.2 -0.11
446 86 200 78 31 -0.05 0.0 -0.05 0.05 0.23 -0.14
447 87 201 74 29 -0.02 0.06 -0.04 -0.1 0.21 -0.17
448 79 201 71 28 -0.0 0.05 -0.02 -0.12 0.09 0.02
449 122 200 68 26 0.01 0.04 -0.02 -0.1 0.06 0.11
450 121 201 71 26 0.02 0.05 -0.02 -0.02 0.14 0.18
451 110 202 71 26 -0.0 0.01 -0.03 -0.14 0.19 0.14
452 98 201 70 25 -0.02 -0.01 -0.03 -0.13 0.14 0.19
453 91 202 73 25 -0.04 -0.02 -0.01 -0.09 0.16 0.12
454 83 201 69 26 -0.04 -0.03 -0.01 -0.07 0.11 0.16
455 97 201 67 26 -0.03 -0.02 -0.0 -0.08 0.13 0.13
456 114 199 74 29 -0.01 0.01 0.0 -0.09 0.11 0.04
457 104 199 72 32 0.01 0.05 0.0 -0.12 0.17 -0.01
458 95 196 73 37 -0.01 0.03 -0.0 -0.09 0.15 0.06
459 87 197 71 45 -0.01 -0.03 -0.01 -0.07 0.12 0.08
460 87 195 69 51 -0.01 -0.02 -0.0 -0.08 0.14 0.0
461 71 195 73 60 -0.02 -0.02 -0.01 -0.15 0.15 0.02
462 102 193 73 68 -0.03 -0.01 -0.0 -0.15 0.1 0.06
463 120 194 74 80 -0.03 0.02 -0.0 -0.08 0.06 0.07
464 109 196 74 92 -0.01 0.02 -0.0 -0.06 0.14 0.04
465 114 198 76 109 0.0 -0.01 -0.0 -0.09 0.16 0.0
466 103 194 81 118 0.0 -0.0 -0.0 -0.1 0.11 -0.08
467 90 193 85 132 0.01 0.01 -0.01 -0.03 0.14 -0.08
468 79 192 83 146 0.01 0.04 -0.01 -0.04 0.17 -0.01
469 79 192 81 158 -0.01 0.03 -0.0 -0.04 0.11 0.27
470 94 191 88 170 -0.01 0.01 -0.01 -0.09 0.13 0.3
471 98 190 89 185 0.0 0.01 -0.0 -0.1 0.13 0.12
-200 -200 -200 -200 -200 -200 -200 -200 -200 -200 -200
472 134 187 89 195 0.01 0.02 0.01 -0.14 0.1 -0.03
473 120 186 86 212 0.0 0.02 0.01 -0.04 0.09 -0.12
474 101 185 94 224 -0.0 -0.01 0.01 -0.05 0.11 -0.06
475 97 185 92 237 0.01 0.01 0.0 -0.03 0.13 0.04
476 113 184 94 248 0.01 0.02 0.01 -0.11 0.14 0.06
477 109 182 94 256 0.01 0.01 0.01 -0.12 0.13 0.05
478 131 181 94 261 -0.0 -0.02 0.01 -0.06 0.14 0.05
479 129 181 96 271 0.0 -0.03 0.01 -0.06 0.12 0.03
480 136 183 97 279 0.01 -0.01 0.0 -0.07 0.13 -0.06
481 118 182 106 285 0.01 0.01 -0.0 -0.14 0.16 0.02
482 111 181 99 293 0.01 0.01 0.0 -0.11 0.14 0.14
483 119 177 100 303 0.01 0.02 0.0 -0.1 0.12 0.16
484 118 177 98 311 0.0 0.01 0.0 -0.04 0.16 0.13
485 116 176 103 320 0.0 0.0 0.0 -0.03 0.14 0.04
486 140 178 103 323 -0.0 -0.02 0.0 -0.06 0.15 -0.02
487 121 177 104 327 0.01 -0.04 0.01 0.0 0.12 -0.03
488 110 178 103 337 -0.0 -0.04 0.01 -0.07 0.09 -0.01
489 104 180 106 343 0.01 -0.05 0.0 -0.13 0.14 0.0
490 99 178 108 346 0.01 -0.04 0.0 -0.14 0.12 0.11
491 89 173 109 348 0.0 -0.04 0.0 -0.16 0.12 0.08
492 106 172 108 354 0.01 -0.01 0.01 -0.11 0.12 0.05
493 124 172 110 357 0.0 0.01 0.01 -0.08 0.09 0.11
494 130 166 110 362 0.01 0.0 0.01 -0.12 0.03 0.22
495 114 188 111 364 0.01 -0.05 0.02 -0.14 0.02 0.26
496 145 214 114 376 0.03 -0.1 0.02 -0.16 0.0 0.38
497 142 290 114 359 0.04 -0.1 0.02 -0.18 -0.06 0.39
498 154 280 115 360 0.19 -0.09 0.0 -0.2 -0.12 0.37
499 147 308 115 338 0.56 0.02 -0.04 -0.12 -0.07 0.06
500 140 317 118 370 0.71 0.06 -0.04 -0.15 0.05 -0.04
501 159 357 120 377 0.74 -0.06 -0.0 0.25 0.15 0.06
502 162 415 125 406 0.67 -0.19 0.02 0.03 0.01 0.18
503 162 378 125 399 0.64 -0.23 0.04 -0.17 -0.03 0.46
504 158 375 124 382 0.65 -0.26 0.03 0.56 0.08 0.29
505 165 378 128 387 0.63 -0.26 0.03 -0.09 -0.17 0.44
506 185 469 129 409 0.61 -0.29 0.04 -0.24 -0.29 1.51
507 160 516 132 423 0.74 -0.42 0.02 -0.37 -0.52 0.94
508 153 547 130 424 0.99 -0.56 0.04 0.37 -0.43 1.81
509 152 715 137 443 1.11 -0.53 0.08 -0.27 -0.27 1.65
510 128 779 136 440 1.42 -0.56 0.1 -0.42 -0.13 1.76
511 153 727 134 425 1.7 -0.69 0.12 -0.18 -0.06 1.5
512 153 770 137 443 1.8 -0.81 0.13 -0.2 0.07 1.51
513 170 849 140 418 1.72 -0.95 0.18 -0.33 0.37 2.05
514 157 916 137 407 1.74 -0.83 0.16 -0.38 0.17 0.95
515 156 818 136 398 1.71 -0.79 0.11 -0.17 0.46 1.02
516 211 831 135 383 1.5 -0.69 0.04 -0.22 0.45 0.55
517 201 874 133 372 1.35 -0.62 -0.03 0.29 0.5 0.04
518 188 779 134 368 1.29 -0.53 -0.1 0.26 0.44 -0.27
519 200 750 133 346 1.3 -0.43 -0.19 0.71 0.28 -1.49
520 207 762 130 329 1.3 -0.4 -0.22 0.51 0.2 -1.36
521 206 775 133 316 1.25 -0.4 -0.22 0.32 0.0 -1.06
522 212 771 130 291 1.17 -0.39 -0.19 -0.11 -0.39 -0.52
523 214 820 131 281 1.07 -0.34 -0.14 -0.4 -0.26 -0.8
524 228 772 128 251 1.01 -0.33 -0.13 -0.15 -0.21 -1.22
525 233 804 127 237 0.93 -0.3 -0.1 -0.02 -0.18 -1.43
526 243 745 130 219 0.86 -0.29 -0.09 -0.2 -0.31 -0.88
527 237 760 124 199 0.82 -0.28 -0.07 -0.32 -0.38 -0.67
528 212 677 130 177 0.75 -0.29 -0.08 -0.36 -0.39 -0.71
529 194 699 127 166 0.68 -0.24 -0.05 -0.51 -0.23 -0.63
530 204 699 127 149 0.64 -0.23 -0.04 -0.1 -0.39 -0.64
531 225 697 125 139 0.61 -0.19 -0.01 -0.04 -0.25 -0.73
532 219 679 124 127 0.6 -0.15 0.02 -0.21 -0.31 -0.52
533 233 701 124 119 0.59 -0.15 0.03 -0.16 -0.3 -0.24
534 201 724 122 107 0.59 -0.17 0.02 -0.21 -0.17 -0.28
535 205 763 126 98 0.6 -0.2 0.01 -0.13 -0.06 -0.09
536 203 733 124 88 0.58 -0.2 0.0 -0.04 -0.03 -0.04
537 200 690 123 77 0.56 -0.18 -0.01 -0.07 0.03 -0.21
538 225 690 123 70 0.51 -0.13 -0.02 -0.06 0.12 -0.41
539 227 735 124 63 0.47 -0.1 -0.02 -0.09 0.14 -0.34
540 234 700 124 55 0.4 -0.1 0.0 -0.01 0.27 -0.58
541 253 633 124 51 0.3 -0.05 0.02 0.0 0.33 -0.63
542 220 567 123 52 0.24 -0.04 0.03 0.04 0.32 -0.59
543 201 590 121 46 0.18 -0.04 0.04 0.01 0.32 -0.84
544 219 581 116 43 0.13 -0.06 0.06 0.04 0.23 -0.72
545 218 555 113 43 0.11 -0.07 0.06 0.09 0.23 -0.53
546 221 524 114 42 0.07 -0.06 0.05 0.05 0.14 -0.39
547 218 600 111 43 0.01 -0.04 0.02 0.03 0.07 -0.28
548 216 561 108 43 -0.02 -0.03 0.01 0.04 0.08 -0.23
549 231 542 110 40 -0.05 0.0 -0.04 -0.06 0.01 -0.24
550 205 522 105 39 -0.05 0.04 -0.05 -0.12 -0.04 -0.3
551 237 530 99 41 -0.04 0.05 -0.06 -0.16 -0.06 -0.34
552 213 555 99 46 -0.04 0.05 -0.04 -0.29 -0.08 -0.29
553 209 533 98 54 -0.05 0.04 -0.02 -0.36 -0.05 -0.4
554 239 589 96 59 -0.06 0.01 -0.01 -0.32 0.01 -0.54
555 258 558 95 60 -0.09 -0.02 0.01 -0.26 0.03 -0.47
556 237 529 93 58 -0.12 -0.02 0.02 -0.12 0.0 -0.29
557 206 613 88 65 -0.14 -0.01 0.02 -0.12 -0.04 -0.21
558 177 592 87 73 -0.17 -0.02 0.01 -0.09 -0.04 -0.27
559 176 618 84 76 -0.17 0.01 -0.0 0.05 -0.01 -0.29
560 237 579 81 80 -0.16 0.03 -0.0 0.05 0.0 -0.24
561 195 533 82 76 -0.14 0.05 -0.03 0.1 0.0 0.05
562 179 598 81 92 -0.13 0.04 -0.05 0.03 0.01 0.06
563 162 571 78 92 -0.12 0.05 -0.06 -0.06 0.06 0.05
564 195 534 75 96 -0.11 0.07 -0.06 -0.06 0.04 0.01
565 247 541 77 101 -0.09 0.06 -0.05 -0.14 0.08 0.03
566 214 543 78 103 -0.1 0.04 -0.04 -0.2 0.09 0.04
567 205 575 76 106 -0.1 0.01 -0.03 -0.06 0.09 -0.06
568 211 561 72 111 -0.1 -0.01 -0.01 -0.09 0.09 -0.08
569 254 565 72 122 -0.1 -0.04 0.0 -0.05 0.07 0.01
570 229 528 72 119 -0.11 -0.06 0.03 -0.02 0.01 0.11
571 194 513 69 129 -0.1 -0.05 0.02 0.06 0.06 -0.02
572 168 447 69 129 -0.09 -0.04 0.02 0.14 0.07 -0.04
573 155 479 67 139 -0.07 0.0 -0.01 0.08 0.06 0.04
574 143 450 66 148 -0.06 0.04 -0.03 0.0 0.08 0.0
575 152 431 67 151 -0.05 0.05 -0.05 0.0 0.07 -0.04
576 183 397 66 156 -0.04 0.07 -0.06 -0.09 0.06 -0.09
577 187 423 68 154 -0.05 0.1 -0.05 -0.25 0.07 0.03
578 164 452 66 168 -0.07 0.09 -0.04 -0.19 0.07 0.03
579 149 522 66 183 -0.08 0.05 -0.03 -0.14 0.03 -0.18
580 142 496 68 182 -0.08 0.02 -0.02 -0.17 0.03 -0.19
581 201 453 67 192 -0.08 0.01 -0.01 -0.23 0.02 -0.17
582 168 438 68 193 -0.07 0.01 0.0 -0.14 0.0 0.03
583 149 419 67 195 -0.07 0.0 0.01 -0.09 -0.01 0.04
584 159 466 67 202 -0.07 0.0 0.01 -0.07 -0.02 -0.01
585 152 416 66 203 -0.06 0.02 0.01 -0.05 -0.03 -0.12
586 139 420 68 208 -0.05 0.02 0.01 -0.05 0.04 -0.21
587 116 435 68 209 -0.05 0.02 0.01 0.0 0.03 -0.15
588 147 464 68 209 -0.06 0.0 0.0 0.0 0.03 -0.18
589 138 454 71 214 -0.07 0.01 -0.01 -0.04 -0.01 -0.25
590 133 538 71 215 -0.08 0.03 -0.01 -0.06 -0.02 -0.23
591 123 484 72 216 -0.09 0.06 -0.01 -0.03 -0.02 -0.17
592 134 431 72 223 -0.09 0.06 -0.01 -0.06 0.0 -0.13
593 131 496 74 223 -0.1 0.05 -0.01 -0.12 0.0 -0.15
594 151 438 74 216 -0.11 0.03 -0.01 0.07 0.0 -0.24
595 152 409 75 221 -0.09 0.06 0.0 0.02 0.04 -0.24
596 139 428 76 216 -0.09 0.06 0.01 -0.01 0.04 -0.13
597 146 380 77 222 -0.1 0.03 0.01 -0.08 0.08 -0.04
598 137 327 79 222 -0.12 0.04 0.0 -0.1 -0.02 -0.1
599 122 306 78 216 -0.15 0.05 0.0 -0.08 -0.06 -0.14
600 113 280 80 223 -0.2 0.11 0.02 0.08 -0.08 -0.3
601 93 258 77 219 -0.27 0.15 0.04 0.15 -0.02 -0.47
602 101 262 77 223 -0.32 0.19 0.05 0.13 -0.19 -0.27
603 90 261 76 218 -0.44 0.3 0.17 -0.24 -0.07 -0.36
604 81 249 77 223 -0.5 0.4 0.22 -0.37 0.02 -0.8
605 89 229 76 224 -0.57 0.46 0.24 -0.28 0.04 -0.88
606 80 236 76 224 -0.74 0.55 0.28 -0.26 0.17 -0.75
607 72 226 74 229 -0.81 0.54 0.27 -0.31 0.13 -0.91
608 98 225 74 231 -0.82 0.51 0.26 -0.42 0.22 -0.92
609 107 227 73 237 -0.96 0.47 0.27 -0.62 0.13 -0.89
610 88 224 70 235 -1.08 0.42 0.26 -1.01 0.08 -1.45
611 79 211 69 241 -1.15 0.38 0.26 -1.07 0.09 -1.43
612 81 196 66 238 -1.19 0.32 0.25 -0.73 -0.02 -1.39
613 69 181 64 236 -1.25 0.28 0.23 -0.39 0.04 -1.15
614 71 170 60 236 -1.42 0.34 0.21 -0.55 -0.07 -1.07
615 148 161 59 237 -1.54 0.51 0.22 -0.31 0.21 -0.88
616 124 148 57 235 -1.59 0.61 0.24 0.1 0.31 -0.67
617 127 140 56 234 -1.73 0.6 0.23 -0.19 0.33 -0.69
618 112 130 55 231 -1.79 0.39 0.12 0.34 0.38 -0.39
619 91 121 53 230 -1.83 0.37 0.07 0.55 0.35 -0.61
620 74 112 54 228 -1.87 0.36 -0.04 0.84 0.41 -0.7
621 66 104 54 224 -1.89 0.6 -0.14 1.23 0.32 -1.12
622 132 99 54 217 -1.92 0.78 -0.18 1.31 0.28 -0.99
623 125 98 53 213 -2.05 1.13 -0.27 0.79 -0.07 -1.07
624 107 99 52 211 -2.19 1.06 -0.39 0.54 -0.2 -1.57
625 129 100 53 209 -2.23 0.88 -0.45 2.14 0.52 -5.47
626 190 106 62 198 -2.25 0.67 -0.52 0.92 -0.02 -6.78
627 160 113 75 175 -0.79 0.78 0.07 -3.83 -6.02 7.24
628 182 124 77 152 0.69 0.52 -0.06 -2.49 -0.75 6.6
629 243 130 76 137 0.14 1.35 -0.07 -3.41 -2.26 6.54
630 207 134 72 119 -0.04 1.36 -0.22 -3.71 -1.26 5.72
631 167 139 69 103 0.07 1.01 -0.09 -1.76 -0.27 3.06
632 145 142 67 90 0.06 0.09 -0.05 0.28 0.53 0.84
633 123 145 64 76 -0.02 -0.39 0.03 1.47 0.57 -0.41
634 101 149 62 65 -0.06 -0.36 0.07 1.41 0.52 -1.07
635 116 154 71 57 -0.13 -0.14 0.0 1.01 0.58 -0.98
636 146 158 71 51 -0.19 0.1 -0.02 0.07 0.24 -0.56
637 119 160 73 45 -0.19 0.1 -0.01 -0.67 0.1 0.08
638 114 163 69 41 -0.12 -0.13 0.01 -0.68 0.11 0.17
639 98 165 67 38 -0.03 -0.23 0.03 -0.43 0.11 -0.04
640 86 169 65 35 -0.03 -0.19 0.03 -0.22 0.06 -0.23
641 100 170 66 36 -0.01 -0.05 0.02 -0.16 0.08 -0.3
642 89 171 65 31 0.02 0.01 0.01 -0.1 0.17 -0.35
643 107 171 64 29 0.02 -0.02 0.01 0.0 0.13 0.05
644 131 172 67 28 0.04 -0.04 0.03 0.08 0.11 0.2
-100 -100 -100 -100 -100 -100 -100 -100 -100 -100 -100
645 112 172 67 27 0.08 -0.03 0.03 0.17 0.14 0.48
646 93 171 70 26 0.08 -0.03 0.03 0.17 0.29 0.61
647 106 172 68 25 0.08 0.01 0.04 0.11 0.26 0.51
648 106 173 67 25 0.05 0.04 0.02 -0.04 0.2 0.4
649 130 174 66 25 0.03 0.05 0.02 -0.01 0.26 0.34
650 117 172 63 24 -0.02 0.03 -0.01 -0.04 0.26 0.32
651 98 174 60 25 -0.02 0.03 -0.01 0.06 0.28 0.15
652 104 174 65 24 -0.03 0.04 -0.02 0.0 0.28 0.04
653 92 174 63 24 -0.02 0.03 -0.01 -0.04 0.21 0.01
654 91 174 64 24 -0.01 0.02 -0.0 -0.09 0.14 -0.03
655 102 175 63 24 -0.0 0.0 -0.0 -0.04 0.11 -0.1
656 90 177 61 24 0.02 -0.02 0.0 -0.03 0.1 -0.09
657 107 177 61 23 0.02 -0.0 0.0 0.0 0.11 0.0
658 103 177 62 24 0.03 0.01 0.0 0.08 0.16 0.09
659 96 179 68 24 0.02 0.03 0.0 0.05 0.21 0.1
660 91 180 68 24 0.0 0.02 -0.0 0.02 0.21 0.14
661 95 177 71 24 0.0 0.02 -0.0 0.05 0.23 0.25
662 95 175 69 24 0.01 0.04 -0.01 0.02 0.22 0.2
663 86 172 68 24 0.0 0.03 -0.01 -0.06 0.15 0.19
664 84 170 69 24 0.0 0.03 -0.01 -0.03 0.17 0.08
665 106 163 69 24 0.0 0.01 -0.0 0.0 0.16 0.03
666 106 163 67 24 -0.0 -0.0 0.0 0.06 0.14 0.02
667 93 160 68 24 -0.0 0.01 -0.0 0.02 0.19 0.0
668 94 156 71 24 0.0 0.03 -0.01 -0.07 0.16 0.04
669 97 155 73 24 0.01 0.03 -0.01 -0.19 0.18 0.07
670 88 152 71 25 0.01 0.02 -0.01 -0.11 0.15 0.14
671 82 152 70 24 0.01 -0.0 -0.01 0.01 0.16 0.14
672 79 150 71 25 0.01 -0.01 -0.02 0.05 0.16 0.09
673 76 148 72 25 0.01 -0.0 -0.02 0.0 0.14 0.13
674 101 149 74 25 0.0 0.02 -0.02 0.02 0.11 0.15
675 93 148 74 25 0.0 -0.01 -0.02 -0.03 0.13 0.13
676 78 150 73 27 -0.0 -0.02 -0.02 -0.01 0.13 0.14
677 94 149 74 28 -0.0 -0.04 -0.01 -0.05 0.08 0.13
678 89 148 74 28 -0.01 -0.04 -0.01 0.02 0.14 0.09
679 83 149 73 28 -0.01 -0.04 -0.0 0.02 0.15 0.08
680 87 147 78 30 -0.0 -0.02 -0.0 0.04 0.19 0.1
681 79 148 77 35 0.0 -0.01 -0.01 0.0 0.23 0.03
682 72 147 77 37 0.0 0.01 -0.01 -0.1 0.18 0.06
683 66 146 76 37 0.01 -0.01 -0.01 -0.07 0.13 0.1
684 66 144 74 39 0.01 -0.01 -0.01 -0.1 0.11 0.0
685 91 143 75 44 0.01 -0.02 -0.01 0.01 0.14 0.06
-200 -200 -200 -200 -200 -200 -200 -200 -200 -200 -200
686 78 143 77 47 0.02 0.01 -0.01 0.03 0.12 0.07
687 69 143 79 50 0.01 0.01 -0.01 0.06 0.15 0.2
688 96 143 78 54 0.01 0.02 -0.0 0.05 0.19 0.19
689 88 141 75 56 0.0 -0.01 -0.0 0.05 0.16 0.19
690 96 142 76 60 -0.01 -0.02 -0.0 -0.01 0.12 0.1
691 79 140 80 68 -0.0 -0.02 -0.01 -0.04 0.12 0.05
692 70 140 80 72 -0.01 -0.0 -0.0 -0.08 0.09 0.02
693 68 140 81 75 0.01 -0.01 -0.0 -0.12 0.09 -0.02
694 70 139 80 79 0.01 -0.01 0.0 0.0 0.16 0.1
695 90 138 85 83 0.0 -0.02 0.0 -0.03 0.14 0.08
696 109 137 81 83 0.01 -0.01 0.0 0.0 0.14 0.08
697 94 137 80 84 0.01 -0.01 -0.0 0.04 0.09 0.07
698 94 137 80 82 0.02 -0.02 -0.01 0.03 0.13 0.06
699 114 139 82 86 -0.01 -0.01 0.0 -0.02 0.09 0.15
700 115 139 80 74 -0.01 -0.03 -0.0 -0.11 0.07 0.38
701 124 186 79 81 0.03 -0.08 -0.0 -0.27 0.03 0.5
702 168 216 79 87 0.05 -0.1 0.01 -0.38 -0.05 0.57
703 163 257 80 97 0.11 -0.13 0.0 -0.57 -0.15 0.85
704 148 301 80 107 0.48 -0.11 -0.02 -0.26 -0.25 0.73
705 175 348 82 127 0.92 -0.1 -0.03 -0.04 -0.15 -0.14
706 167 347 80 126 0.98 -0.22 0.0 0.39 -0.02 -0.43
707 205 379 83 141 0.91 -0.52 0.06 0.36 0.03 -0.25
708 207 457 84 145 0.8 -0.76 0.07 0.23 -0.03 0.92
709 230 535 85 159 0.78 -0.75 0.07 0.37 0.04 0.94
710 213 612 86 169 0.78 -0.57 -0.01 0.31 -0.2 1.02
711 187 593 86 175 0.95 -0.41 -0.06 -0.35 -0.36 0.52
712 187 653 85 181 1.13 -0.5 -0.15 0.46 0.3 1.11
713 200 724 88 188 1.28 -0.7 -0.15 0.04 0.05 1.46
714 207 701 92 196 1.37 -0.94 -0.13 0.0 0.14 2.15
715 194 763 93 207 1.42 -0.91 -0.1 -0.43 0.23 1.7
716 206 766 91 192 1.51 -0.91 -0.03 -0.42 0.14 1.63
717 189 721 89 193 1.51 -0.97 0.02 -0.29 0.51 1.32
718 186 664 91 194 1.46 -0.94 0.02 -0.12 0.47 1.01
719 227 784 91 199 1.27 -0.84 -0.03 0.01 0.57 0.98
720 206 903 88 185 1.25 -0.6 -0.1 0.26 0.34 0.55
721 201 906 88 200 1.22 -0.51 -0.16 0.06 0.24 0.16
722 200 967 87 187 1.2 -0.38 -0.21 0.01 0.16 -0.05
723 213 869 89 182 1.28 -0.35 -0.23 0.28 0.08 -0.44
724 203 843 86 174 1.25 -0.32 -0.21 -0.22 -0.02 -0.36
725 233 725 85 164 1.18 -0.29 -0.13 -0.24 -0.23 -0.14
726 226 682 85 161 1.14 -0.29 -0.07 -0.3 -0.13 -0.26
727 223 730 84 156 1.08 -0.27 -0.05 -0.39 -0.15 -0.31
728 219 698 83 155 1.04 -0.27 -0.01 -0.3 -0.07 -0.42
729 235 721 85 152 1.0 -0.26 0.0 -0.19 -0.18 -0.79
730 269 714 91 152 0.98 -0.25 0.02 -0.41 -0.35 -0.53
731 245 663 89 142 0.97 -0.22 0.04 -0.42 -0.28 -0.19
732 249 743 91 145 0.94 -0.24 0.07 -0.43 -0.24 -0.14
733 243 798 92 148 0.91 -0.24 0.08 -0.49 -0.2 -0.25
734 239 746 110 133 0.89 -0.29 0.09 -0.47 -0.24 -0.24
735 259 729 106 120 0.87 -0.35 0.1 -0.41 -0.27 -0.23
736 269 821 109 121 0.88 -0.36 0.11 -0.3 -0.21 0.09
737 328 847 105 109 0.86 -0.35 0.13 -0.34 -0.2 0.18
738 306 966 106 111 0.82 -0.31 0.11 -0.13 0.01 -0.15
739 307 896 112 99 0.81 -0.29 0.09 0.06 0.04 -0.18
740 306 856 106 102 0.79 -0.27 0.05 0.13 0.17 -0.12
741 287 851 124 105 0.73 -0.24 0.03 0.05 0.11 -0.04
742 313 966 116 100 0.7 -0.24 0.01 0.0 0.28 -0.44
743 294 916 122 94 0.63 -0.22 -0.02 0.0 0.26 -0.58
744 253 853 113 91 0.55 -0.19 -0.03 0.06 0.26 -0.93
745 263 906 105 87 0.51 -0.15 -0.03 0.16 0.14 -0.72
746 269 838 108 78 0.42 -0.13 -0.03 -0.01 0.08 -0.59
747 290 855 102 76 0.32 -0.15 -0.03 -0.2 0.04 -0.6
748 328 917 105 84 0.29 -0.13 -0.02 -0.23 0.03 -0.7
749 363 874 102 76 0.22 -0.13 0.0 -0.23 0.08 -0.89
750 296 812 105 68 0.18 -0.19 0.02 -0.16 0.13 -1.31
751 268 726 104 61 0.16 -0.22 0.03 -0.18 0.09 -0.79
752 288 702 101 55 0.11 -0.18 0.03 -0.16 0.06 -0.69
753 244 650 99 54 0.02 -0.11 0.01 -0.1 0.04 -0.61
754 244 670 105 74 -0.01 -0.06 -0.0 0.0 0.05 -0.71
755 279 613 99 65 -0.06 0.02 -0.01 0.08 0.02 -0.72
756 299 598 94 56 -0.06 0.03 -0.03 -0.08 -0.04 -0.68
757 304 585 98 51 -0.06 0.0 -0.03 -0.11 0.03 -0.45
758 286 628 97 52 -0.07 -0.0 -0.04 -0.2 0.06 -0.36
759 266 601 92 47 -0.1 0.03 -0.05 -0.28 0.08 -0.39
760 303 588 88 47 -0.12 0.05 -0.05 -0.19 0.06 -0.37
761 279 605 87 48 -0.15 0.09 -0.05 -0.19 0.1 -0.23
762 262 569 86 51 -0.17 0.07 -0.04 -0.11 0.12 -0.27
763 279 593 85 52 -0.17 0.06 -0.04 -0.07 0.11 -0.22
764 317 596 87 49 -0.17 0.05 -0.04 -0.07 0.08 -0.12
765 289 564 82 46 -0.17 0.02 -0.04 -0.2 0.14 -0.05
766 253 513 78 47 -0.17 0.01 -0.03 -0.09 0.16 -0.01
767 256 488 80 50 -0.17 0.01 -0.03 0.01 0.17 0.01
768 240 517 84 59 -0.17 0.03 -0.04 -0.01 0.17 0.05
769 272 509 79 58 -0.17 0.04 -0.04 -0.1 0.22 0.04
770 245 476 76 54 -0.18 0.04 -0.05 -0.07 0.16 -0.01
771 246 490 78 54 -0.16 0.06 -0.04 -0.09 0.08 0.05
772 215 482 82 55 -0.16 0.06 -0.05 -0.24 0.2 0.04
773 192 499 80 55 -0.15 0.05 -0.03 -0.18 0.26 0.0
774 224 520 77 54 -0.16 0.01 -0.03 -0.13 0.25 -0.04
775 239 505 75 56 -0.16 0.0 -0.02 -0.21 0.19 0.04
776 222 505 78 60 -0.17 0.01 -0.0 -0.18 0.18 -0.06
777 197 568 76 56 -0.17 0.03 0.01 -0.12 0.1 -0.02
778 207 518 75 62 -0.16 0.04 0.01 -0.08 0.06 0.19
779 219 511 76 66 -0.15 0.03 0.01 -0.05 0.12 0.1
780 208 537 74 63 -0.13 0.03 0.01 -0.03 0.11 0.03
781 196 570 77 62 -0.13 0.02 0.01 -0.06 0.13 0.06
782 205 530 77 70 -0.11 0.01 0.0 -0.02 0.12 0.17
783 199 510 74 66 -0.1 0.03 -0.01 -0.11 0.1 0.18
784 234 522 76 71 -0.08 0.04 -0.01 -0.05 0.15 0.09
785 208 494 76 71 -0.07 0.05 -0.01 -0.01 0.17 0.03
786 228 452 74 70 -0.06 0.03 -0.01 -0.06 0.14 0.0
787 201 526 76 78 -0.05 0.02 -0.01 -0.07 0.15 0.02
788 179 479 74 77 -0.06 0.03 -0.01 -0.06 0.1 0.06
789 150 430 75 73 -0.06 0.05 -0.01 -0.1 0.12 -0.1
790 231 484 76 86 -0.07 0.05 -0.02 -0.06 0.08 -0.11
791 206 456 75 83 -0.09 0.04 -0.02 -0.11 0.0 -0.14
792 208 428 74 83 -0.1 0.03 -0.01 -0.13 0.04 -0.19
793 166 397 74 89 -0.1 0.03 -0.01 -0.2 0.03 -0.13
794 153 407 74 91 -0.09 0.01 0.01 -0.06 0.03 -0.04
795 172 448 75 99 -0.1 0.0 0.01 -0.08 0.09 -0.08
796 198 448 75 96 -0.09 0.01 0.01 -0.11 0.06 -0.11
797 188 440 74 92 -0.1 0.0 0.01 0.0 0.09 -0.08
798 161 416 75 105 -0.12 -0.0 0.0 -0.02 0.08 -0.1
799 201 476 79 109 -0.11 0.01 0.0 -0.05 0.09 -0.17
800 171 452 77 107 -0.14 0.04 0.01 0.04 0.15 -0.14
801 162 436 76 111 -0.15 0.05 -0.0 0.02 0.2 -0.09
802 131 448 82 119 -0.15 0.05 -0.0 0.02 0.18 -0.1
803 120 424 78 110 -0.16 0.06 -0.01 0.05 0.1 -0.01
804 157 373 78 113 -0.15 0.06 -0.01 -0.02 0.05 -0.04
805 145 337 79 114 -0.15 0.08 -0.02 -0.07 0.06 -0.18
806 193 316 78 110 -0.17 0.11 -0.01 -0.08 0.01 -0.15
807 181 302 78 109 -0.22 0.12 0.0 -0.16 -0.02 -0.14
808 166 294 78 113 -0.25 0.13 0.02 -0.1 0.04 -0.23
809 137 278 80 116 -0.29 0.15 0.06 -0.05 0.14 -0.42
810 121 284 83 111 -0.38 0.22 0.14 -0.09 0.1 -0.42
811 111 271 83 120 -0.43 0.27 0.19 0.03 0.0 -0.4
812 121 274 82 119 -0.55 0.28 0.21 -0.2 0.24 -0.51
813 139 265 82 118 -0.63 0.33 0.21 -0.32 0.15 -0.46
814 141 250 84 116 -0.68 0.35 0.21 -0.18 0.18 -0.58
815 130 258 83 116 -0.75 0.39 0.2 -0.19 0.23 -0.92
816 168 247 83 118 -0.84 0.41 0.18 -0.21 0.13 -1.14
817 163 241 83 114 -0.87 0.38 0.17 -0.03 0.04 -1.08
818 166 238 85 119 -0.93 0.33 0.15 -0.02 0.0 -0.62
819 142 234 85 123 -1.05 0.34 0.16 -0.15 0.1 -0.65
820 161 232 82 123 -1.11 0.38 0.15 -0.37 0.09 -0.7
821 145 248 81 127 -1.11 0.36 0.11 -0.81 -0.11 -1.42
822 128 229 81 126 -1.19 0.26 0.11 -0.48 -0.14 -1.14
823 107 208 79 129 -1.24 0.23 0.1 0.06 -0.12 -0.66
824 134 195 79 132 -1.37 0.25 0.07 0.02 -0.04 -0.22
825 163 184 78 132 -1.46 0.4 0.04 0.24 0.01 0.32
826 145 166 77 137 -1.52 0.47 0.02 0.3 0.01 0.43
827 145 153 77 141 -1.55 0.6 -0.04 0.39 0.1 0.44
828 119 140 74 133 -1.57 0.62 -0.1 0.26 0.17 0.06
829 117 130 75 142 -1.54 0.6 -0.11 0.18 0.23 -0.01
830 180 128 75 147 -1.5 0.53 -0.13 0.06 0.19 -0.07
831 150 136 74 137 -1.51 0.37 -0.15 -0.42 -0.03 0.02
832 171 129 74 132 -1.45 0.25 -0.17 -0.08 -0.3 0.15
833 141 123 72 128 -1.26 0.19 -0.17 0.25 -0.18 0.08
834 139 119 72 121 -1.11 0.29 -0.14 0.38 -0.23 0.14
835 125 136 75 120 -1.05 0.4 -0.13 0.39 -0.2 0.19
836 108 142 75 112 -0.99 0.62 -0.11 0.3 -0.1 0.29
837 96 186 73 106 -0.94 0.56 -0.12 -0.29 -0.27 0.52
838 102 201 74 99 -0.89 0.45 -0.13 -0.23 -0.19 0.48
839 96 226 76 93 -0.81 0.38 -0.14 -0.33 -0.32 -0.02
840 142 228 73 85 -0.74 0.34 -0.12 -0.03 0.1 -0.09
841 161 233 82 76 -0.79 0.36 -0.15 0.49 0.17 -0.59
842 151 221 79 67 -0.77 0.59 -0.06 0.01 -0.29 0.84
843 126 209 84 60 -0.27 0.48 -0.08 -0.83 -1.35 3.33
844 163 202 95 53 -0.02 0.32 -0.12 -0.74 -0.99 3.64
845 197 201 93 47 0.06 0.34 -0.05 -0.98 -0.32 2.42
846 172 198 88 45 -0.09 0.54 0.0 -0.41 0.0 0.49
847 137 196 86 40 -0.12 0.52 -0.0 -0.26 0.01 0.0
848 136 192 83 36 -0.13 0.2 -0.02 -0.13 0.19 -1.11
849 132 191 82 34 -0.17 -0.07 0.02 0.18 0.15 -1.09
850 120 191 82 31 -0.18 -0.14 0.02 0.38 0.15 -0.92
851 146 190 87 29 -0.21 -0.15 0.04 0.31 -0.12 -0.41
852 124 190 88 28 -0.17 -0.04 0.03 0.0 -0.15 0.03
853 105 190 81 27 -0.15 -0.01 0.02 -0.34 -0.21 0.47
-100 -100 -100 -100 -100 -100 -100 -100 -100 -100 -100
854 139 190 81 26 -0.12 -0.02 0.04 -0.59 -0.11 0.83
855 178 189 80 26 -0.07 -0.04 0.03 -0.39 0.03 0.88
856 149 187 79 26 -0.06 -0.05 0.03 -0.18 0.02 0.77
857 126 186 77 25 0.01 -0.05 -0.01 -0.05 0.2 0.33
858 144 186 74 24 0.01 0.0 -0.02 0.05 0.3 -0.01
859 126 183 71 25 0.01 0.02 -0.02 -0.03 0.33 0.02
860 119 184 73 26 0.0 -0.02 -0.02 -0.18 0.25 0.2
861 100 185 76 24 0.01 -0.03 -0.02 -0.09 0.22 0.29
862 118 185 73 24 0.02 -0.03 -0.03 0.0 0.2 0.33
863 109 190 69 24 0.0 0.0 -0.04 -0.03 0.18 0.17
864 96 186 70 24 -0.03 0.0 -0.03 -0.17 0.09 0.05
865 115 187 73 24 -0.05 -0.01 -0.02 -0.15 0.07 0.07
866 122 185 73 23 -0.04 -0.04 -0.02 -0.04 0.11 0.04
867 112 182 71 24 -0.04 -0.03 -0.02 -0.03 0.08 -0.06
868 122 181 66 24 -0.01 0.01 -0.02 -0.03 0.08 -0.07
869 108 181 62 24 -0.01 -0.01 -0.03 -0.22 0.1 0.03
870 135 178 63 23 -0.01 -0.02 -0.02 -0.1 0.08 0.07
871 114 176 65 24 -0.01 -0.04 -0.0 -0.18 0.09 0.06
872 110 175 64 24 0.01 -0.06 -0.03 -0.03 0.15 0.04
873 121 173 62 24 0.0 -0.04 -0.02 -0.04 0.09 0.0
874 142 172 63 25 -0.04 0.01 -0.0 -0.05 0.09 -0.05
875 147 174 69 25 -0.01 0.01 -0.02 -0.06 0.08 -0.07
876 123 172 64 25 -0.01 0.02 -0.02 -0.09 0.12 -0.04
877 130 174 62 25 -0.02 0.0 -0.02 -0.05 0.15 0.02
878 133 171 66 25 -0.01 0.0 -0.03 -0.04 0.17 0.15
879 120 170 67 25 -0.02 -0.0 -0.02 -0.13 0.13 0.14
880 109 171 67 26 -0.02 -0.0 -0.03 -0.14 0.19 0.13
881 114 166 66 26 -0.04 0.0 -0.02 -0.18 0.07 0.15
882 125 167 64 27 -0.04 -0.01 -0.02 -0.07 0.03 0.04
883 134 168 66 29 -0.02 -0.04 -0.02 0.01 0.15 -0.07
884 126 168 71 29 -0.02 -0.01 -0.02 -0.03 0.12 -0.07
885 133 168 71 30 -0.02 -0.0 -0.02 -0.13 0.08 0.01
886 133 164 69 36 -0.01 -0.0 -0.01 -0.08 0.06 0.09
887 119 162 67 39 0.0 -0.02 -0.01 -0.1 0.09 0.08
888 108 158 68 40 0.0 -0.03 -0.01 -0.06 0.09 0.0
889 107 159 67 42 -0.0 -0.04 -0.02 -0.09 0.12 -0.05
890 107 160 67 45 -0.01 0.0 -0.01 -0.1 0.08 -0.1
891 92 156 77 47 -0.01 0.01 -0.01 -0.19 0.09 -0.02
892 81 156 76 49 -0.01 0.01 -0.02 -0.18 0.12 0.04
893 113 153 76 51 0.0 0.01 -0.02 -0.12 0.05 0.16
894 160 152 73 54 0.0 0.01 -0.01 0.0 0.1 0.05
895 136 149 73 57 0.0 -0.0 -0.01 -0.01 0.1 0.0
896 115 150 72 65 0.0 -0.0 -0.01 0.0 0.07 -0.07
897 113 148 78 70 -0.0 0.0 -0.01 -0.09 0.11 -0.06
-200 -200 -200 -200 -200 -200 -200 -200 -200 -200 -200
898 104 147 79 71 -0.01 -0.04 -0.01 -0.07 0.11 0.04
899 122 148 77 74 -0.01 -0.03 -0.01 -0.1 0.14 0.12
900 112 148 76 77 -0.0 -0.03 -0.01 -0.08 0.12 0.04
901 137 146 78 79 -0.01 -0.02 -0.01 -0.09 0.16 0.02
902 121 145 78 84 -0.02 -0.01 -0.01 -0.14 0.17 0.06
903 111 145 77 86 -0.02 -0.03 -0.01 -0.06 0.11 0.07
904 103 144 81 93 -0.02 -0.05 -0.0 0.0 0.09 0.05
905 123 143 78 95 -0.01 -0.04 -0.0 -0.07 0.04 -0.02
906 113 141 77 97 -0.01 -0.03 -0.0 -0.06 0.05 -0.06
907 110 143 76 103 -0.0 -0.02 -0.0 -0.02 0.11 -0.05
908 91 142 79 98 -0.01 -0.02 -0.01 -0.04 0.05 -0.03
909 86 142 77 91 -0.01 -0.02 -0.01 -0.09 0.08 0.02
910 86 145 79 110 -0.01 -0.01 -0.01 -0.18 0.04 0.05
911 80 145 79 122 0.0 -0.04 0.0 -0.24 0.03 0.18
912 126 148 80 126 0.01 -0.05 -0.0 -0.12 0.06 0.07
913 118 153 82 126 0.02 -0.06 0.0 -0.06 0.15 0.03
914 105 162 79 119 0.03 -0.08 -0.0 -0.06 0.05 -0.06
915 121 168 81 134 0.04 -0.09 -0.01 -0.14 -0.04 0.01
916 114 185 80 132 0.07 -0.09 -0.01 -0.2 -0.07 0.06
917 117 207 81 126 0.13 -0.11 -0.01 -0.1 0.01 0.14
918 128 220 84 130 0.15 -0.1 -0.01 -0.05 -0.03 0.17
919 146 245 84 143 0.21 -0.1 -0.01 -0.04 -0.08 0.16
920 135 242 86 142 0.32 -0.1 -0.0 -0.08 0.02 0.01
921 146 242 89 148 0.33 -0.11 0.0 -0.15 0.04 -0.06
922 141 245 90 141 0.39 -0.13 0.0 0.1 0.04 0.05
923 136 282 90 137 0.41 -0.11 0.0 0.13 0.07 -0.05
924 132 275 91 132 0.42 -0.08 0.0 0.14 0.09 -0.19
925 123 279 91 131 0.44 -0.04 -0.02 0.18 0.13 -0.14
926 136 312 92 116 0.42 0.03 -0.03 0.16 0.11 -0.22
927 126 326 89 151 0.41 0.04 -0.03 -0.1 0.12 0.16
928 116 421 96 220 0.42 0.06 0.0 -0.16 0.01 0.32
929 125 427 97 218 0.57 -0.02 0.02 -0.29 -0.3 0.74
930 127 479 97 207 0.63 -0.08 0.03 -0.16 -0.28 0.76
931 123 442 96 182 0.77 -0.15 0.05 -0.07 -0.55 0.95
932 125 463 96 202 0.9 0.04 0.16 -0.48 0.19 1.43
933 115 571 98 206 0.97 0.14 0.1 -0.25 -0.03 1.93
934 127 547 101 212 1.2 -0.03 0.08 -0.5 -0.02 1.82
935 128 581 97 195 1.4 -0.32 0.08 -0.25 0.08 1.33
936 140 633 97 186 1.45 -0.49 0.08 0.04 0.28 0.92
937 144 663 98 199 1.5 -0.66 0.11 0.07 0.33 1.29
938 134 681 99 179 1.47 -0.65 0.1 0.03 0.24 1.8
939 128 710 97 183 1.51 -0.57 0.08 -0.18 0.14 1.17
940 111 663 98 178 1.51 -0.44 0.07 -0.21 0.39 1.11
941 128 657 99 182 1.39 -0.39 0.05 -0.32 0.11 0.63
942 134 653 98 176 1.36 -0.45 0.04 0.02 0.18 0.27
943 128 738 96 177 1.29 -0.45 0.01 0.09 0.07 0.02
944 114 760 95 162 1.31 -0.49 -0.02 0.12 -0.09 -0.28
945 125 707 95 149 1.3 -0.51 -0.0 -0.55 0.08 -0.57
946 165 727 92 140 1.23 -0.5 0.01 -0.27 -0.14 -0.36
947 166 677 91 145 1.33 -0.52 -0.02 -0.02 -0.13 -0.32
948 179 829 92 149 1.32 -0.47 -0.02 -0.2 -0.13 -0.86
949 168 823 87 125 1.24 -0.35 0.03 -0.45 -0.13 -1.1
950 180 790 87 124 1.16 -0.32 0.08 -0.15 -0.15 -1.01
951 192 791 86 112 1.14 -0.33 0.09 -0.1 -0.09 -0.92
952 209 771 83 98 1.07 -0.35 0.09 -0.14 -0.12 -0.81
953 208 770 85 96 0.96 -0.35 0.1 -0.35 -0.08 -0.87
954 217 800 87 87 0.9 -0.34 0.1 -0.28 -0.1 -1.04
955 182 728 84 76 0.79 -0.27 0.11 -0.14 -0.23 -0.97
956 220 782 87 77 0.71 -0.17 0.11 -0.08 -0.17 -0.81
957 220 752 84 67 0.68 -0.13 0.1 -0.07 -0.14 -0.56
958 211 789 87 61 0.62 -0.1 0.08 -0.05 -0.13 -0.47
959 200 785 86 63 0.56 -0.12 0.05 0.06 0.0 -0.41
960 204 695 83 55 0.52 -0.1 0.04 -0.05 -0.04 -0.29
961 213 626 83 52 0.47 -0.07 0.02 0.03 0.0 -0.44
962 214 657 82 47 0.42 -0.06 -0.0 0.08 -0.03 -0.4
963 184 649 78 43 0.4 -0.05 -0.0 0.06 0.02 -0.29
964 158 632 79 42 0.36 -0.04 0.01 0.02 0.04 -0.3
965 166 561 77 42 0.29 -0.05 0.01 -0.08 0.04 -0.28
966 251 573 75 44 0.26 -0.05 0.02 -0.11 0.09 -0.26
967 214 576 74 42 0.19 -0.08 0.04 -0.04 0.08 -0.29
968 199 569 75 38 0.15 -0.1 0.05 -0.01 0.12 -0.46
969 170 643 72 39 0.12 -0.11 0.04 -0.12 0.0 -0.41
970 164 613 70 36 0.07 -0.05 0.03 -0.08 -0.02 -0.21
971 191 622 69 34 0.06 -0.01 0.02 -0.05 -0.01 -0.28
972 198 606 69 32 0.05 -0.01 0.01 -0.08 0.0 -0.27
973 196 644 67 32 0.04 -0.02 -0.0 -0.06 0.05 -0.36
974 179 612 67 37 0.03 -0.01 -0.02 -0.11 0.06 -0.38
975 199 592 69 40 0.02 -0.01 -0.02 -0.07 0.06 -0.29
976 207 571 69 38 -0.01 0.02 -0.03 -0.13 0.03 -0.2
977 214 601 69 37 -0.04 0.04 -0.03 -0.13 -0.02 -0.14
978 209 604 67 48 -0.05 0.03 -0.03 -0.03 -0.02 -0.23
979 201 570 66 47 -0.02 0.01 -0.03 -0.17 0.0 -0.07
980 217 524 66 44 -0.0 -0.01 -0.02 -0.17 -0.03 0.13
981 273 577 68 55 -0.01 0.0 -0.02 -0.12 0.06 0.02
982 273 631 67 50 -0.03 0.02 -0.01 -0.14 0.08 -0.03
983 232 592 64 49 -0.03 0.0 -0.01 -0.04 0.09 -0.01
984 194 552 64 59 -0.03 -0.0 -0.0 0.06 0.08 -0.05
985 203 614 67 54 -0.03 -0.02 -0.01 0.04 0.07 0.01
986 215 571 67 55 -0.05 0.0 -0.03 -0.01 0.04 -0.01
987 229 587 69 61 -0.05 0.03 -0.04 -0.05 0.04 -0.07
988 193 591 66 57 -0.07 0.04 -0.05 0.02 0.02 -0.02
989 240 595 65 60 -0.07 0.01 -0.05 -0.05 0.02 0.04
990 211 515 68 57 -0.07 -0.0 -0.05 -0.04 0.03 -0.01
991 210 545 68 58 -0.08 0.02 -0.04 0.03 0.02 0.03
992 218 512 68 60 -0.08 0.02 -0.03 -0.08 0.04 0.03
993 240 531 66 56 -0.08 0.01 -0.03 -0.18 -0.01 0.0
994 259 518 66 59 -0.08 0.0 -0.03 -0.1 -0.04 -0.06
995 225 507 68 65 -0.09 0.01 -0.03 -0.03 -0.02 -0.09
996 232 495 69 64 -0.09 0.01 -0.02 -0.03 0.02 -0.14
997 205 473 70 69 -0.1 0.03 -0.02 0.01 0.05 -0.17
998 187 463 70 75 -0.11 0.03 -0.02 -0.06 0.08 0.0
999 239 426 71 70 -0.11 0.03 -0.02 -0.04 0.09 0.0
1000 204 435 72 78 -0.13 0.02 -0.03 -0.06 0.01 0.03
1001 179 438 71 75 -0.12 0.02 -0.03 -0.11 -0.04 0.05
1002 198 480 72 75 -0.12 0.02 -0.02 -0.03 -0.02 0.12
1003 212 438 72 80 -0.11 0.02 -0.01 -0.06 0.02 0.08
1004 216 479 73 80 -0.12 0.02 -0.02 -0.09 0.04 0.06
1005 231 473 75 85 -0.11 0.03 -0.02 -0.17 0.02 0.0
1006 205 502 75 90 -0.12 0.03 -0.02 -0.15 0.07 -0.05
1007 192 468 74 84 -0.12 0.01 -0.02 -0.11 0.03 -0.05
1008 201 448 76 84 -0.12 0.01 -0.01 -0.07 0.04 -0.11
1009 190 453 77 88 -0.12 0.02 -0.0 -0.13 0.03 -0.03
1010 177 450 74 84 -0.14 0.04 0.0 -0.05 -0.01 0.0
1011 148 414 75 85 -0.14 0.07 0.0 0.0 0.02 -0.17
1012 151 399 75 91 -0.16 0.1 0.0 -0.08 0.03 -0.24
1013 149 347 75 87 -0.19 0.1 -0.0 0.01 -0.03 -0.26
1014 124 320 75 86 -0.2 0.11 -0.0 -0.02 -0.1 -0.47
1015 108 302 76 85 -0.24 0.18 0.01 -0.01 -0.09 -0.46
1016 101 277 74 82 -0.33 0.27 0.07 -0.05 0.0 -0.28
1017 156 287 78 92 -0.41 0.29 0.11 -0.11 0.05 -0.24
1018 140 274 76 90 -0.54 0.37 0.16 -0.07 0.01 -0.42
1019 162 291 76 90 -0.64 0.42 0.2 -0.08 0.04 -0.92
1020 164 254 75 91 -0.69 0.43 0.21 -0.23 0.23 -1.18
1021 142 238 76 93 -0.79 0.33 0.21 -0.39 -0.08 -1.46
1022 125 225 77 92 -0.81 0.18 0.21 -0.04 -0.06 -0.76
1023 198 218 75 104 -0.84 0.15 0.22 0.13 -0.2 0.04
1024 174 243 74 112 -0.87 0.12 0.18 0.19 -0.13 0.44
1025 189 273 71 106 -0.94 0.28 0.15 -0.55 0.03 -0.06
1026 175 256 71 112 -1.03 0.33 0.12 -0.89 0.1 -0.41
1027 144 246 69 121 -1.16 0.18 0.08 -0.8 0.13 -1.67
1028 129 225 69 121 -1.18 0.22 0.1 0.1 -0.02 -2.03
1029 194 229 70 119 -1.18 0.31 0.11 0.17 -0.08 -1.79
1030 163 209 67 122 -1.18 0.26 0.09 0.26 -0.35 -0.06
1031 139 192 67 121 -1.12 0.33 0.07 0.15 -0.13 0.62
1032 184 175 70 126 -1.15 0.42 0.05 0.11 -0.17 0.72
1033 160 161 67 133 -1.26 0.53 -0.0 0.0 0.03 0.78
1034 145 148 65 134 -1.38 0.46 -0.13 -0.2 0.19 0.33
1035 170 138 67 146 -1.47 0.39 -0.19 0.17 0.26 0.15
1036 185 130 66 142 -1.6 0.47 -0.26 0.66 0.25 -0.33
1037 153 140 65 139 -1.61 0.59 -0.32 0.34 0.01 -0.33
1038 170 128 62 150 -1.63 0.6 -0.32 0.25 0.05 -0.24
1039 185 124 62 138 -1.55 0.46 -0.32 -0.2 -0.37 0.17
1040 197 153 65 131 -1.38 0.28 -0.31 -0.04 -0.22 -0.09
1041 162 141 68 132 -1.33 0.23 -0.27 -0.05 -0.21 -0.21
1042 180 136 67 126 -1.26 0.19 -0.19 -0.08 -0.37 -0.16
1043 176 126 71 124 -1.12 0.23 -0.14 -0.05 -0.38 0.23
1044 142 119 73 122 -1.06 0.23 -0.13 0.22 -0.55 0.43
1045 143 116 79 118 -0.94 0.25 -0.16 0.08 -0.42 0.3
1046 194 117 76 109 -0.86 0.32 -0.19 0.03 -0.13 -0.11
1047 165 116 75 103 -0.85 0.33 -0.21 0.12 -0.6 -1.16
1048 132 118 73 102 -0.66 0.35 -0.14 -0.57 -0.79 1.35
1049 151 122 74 92 -0.19 0.56 0.02 -2.33 -1.97 3.04
1050 175 128 73 82 -0.19 0.56 0.02 -1.63 -1.37 3.45
1051 167 127 73 78 0.24 -0.03 0.01 -1.54 0.08 1.18
1052 141 128 79 74 0.12 -0.08 0.15 -0.53 0.1 0.39
1053 128 132 77 67 0.12 -0.08 0.15 0.23 0.4 -0.11
1054 105 133 80 58 0.08 -0.1 0.13 0.59 0.31 -0.25
1055 166 135 75 56 0.02 -0.03 0.11 0.26 0.16 -0.21
1056 136 136 80 53 0.02 -0.03 0.11 0.18 0.22 -0.09
1057 161 136 78 52 0.02 -0.01 0.09 -0.1 0.29 0.21
1058 141 138 79 49 0.01 -0.0 0.09 -0.22 0.15 0.6
1059 175 136 74 49 0.01 -0.0 0.09 -0.29 0.1 0.67
1060 140 135 73 45 0.0 0.08 0.06 -0.41 0.06 0.5
1061 150 136 73 43 0.03 0.07 0.05 -0.26 0.1 0.33
1062 120 137 69 41 0.04 0.06 0.05 -0.26 0.07 0.16
1063 97 138 77 39 0.06 0.02 0.06 -0.17 -0.03 0.06
1064 111 137 78 41 0.08 0.02 0.06 -0.25 -0.13 -0.07
1065 162 139 76 37 0.09 0.01 0.06 -0.23 -0.07 -0.08
1066 140 138 71 34 0.07 -0.02 0.06 -0.21 -0.01 0.0
1067 142 137 71 33 0.05 -0.07 0.05 0.09 0.04 0.28
1068 118 139 74 32 0.03 -0.04 0.05 0.1 0.08 0.34
-100 -100 -100 -100 -100 -100 -100 -100 -100 -100 -100
1069 112 139 76 31 0.03 0.06 0.04 -0.08 0.13 0.14
1070 116 140 73 29 0.04 0.12 0.03 -0.25 0.11 0.01
1071 101 140 74 26 0.06 0.12 0.03 -0.28 0.06 0.0
1072 160 140 72 27 0.06 0.06 0.03 -0.25 0.08 -0.01
1073 162 139 72 26 0.08 0.01 0.02 -0.2 0.1 -0.02
1074 138 142 81 26 0.08 0.01 0.02 -0.19 0.16 -0.03
1075 126 143 82 26 0.08 0.02 0.01 -0.12 0.13 0.03
1076 113 143 77 25 0.09 0.05 0.02 -0.16 0.12 0.18
1077 108 142 72 25 0.09 0.05 0.02 -0.15 0.11 0.15
1078 108 139 70 25 0.08 0.02 0.02 -0.12 0.04 0.1
1079 161 141 72 25 0.05 0.01 0.03 -0.07 0.02 0.15
1080 143 139 75 25 0.04 0.02 0.02 -0.01 0.02 0.16
1081 121 140 73 26 0.02 0.03 0.02 -0.05 0.12 0.17
1082 114 141 69 25 0.01 0.01 0.02 0.0 0.04 0.13
1083 142 140 67 25 -0.01 0.01 0.03 -0.06 0.18 0.08
1084 153 140 65 25 -0.01 0.0 0.02 0.02 -0.09 0.17
1085 160 141 66 25 -0.03 -0.03 0.01 -0.14 -0.09 -0.05
1086 131 140 72 24 -0.03 -0.03 0.02 -0.12 -0.09 -0.06
1087 157 139 68 24 -0.01 -0.01 0.02 -0.09 -0.04 -0.2
1088 170 141 66 24 -0.01 0.03 0.01 -0.1 0.01 -0.12
1089 151 142 66 23 0.0 0.03 0.01 -0.13 0.06 -0.16
1090 139 143 68 24 0.02 0.04 0.01 -0.11 0.17 0.03
1091 156 141 65 23 0.02 0.06 0.02 -0.08 0.15 0.12
1092 181 143 67 22 0.03 0.08 0.02 -0.12 0.18 0.15
1093 171 142 66 23 0.04 0.06 0.01 -0.13 0.21 0.04
1094 174 143 72 24 0.06 0.03 0.02 -0.1 0.23 0.03
1095 150 143 78 23 0.06 0.05 0.02 -0.11 0.2 0.04
1096 176 143 76 23 0.07 0.06 0.02 -0.11 0.14 0.03
1097 180 142 73 23 0.06 0.04 0.01 -0.09 0.05 0.16
1098 163 141 74 23 0.06 0.04 0.0 -0.09 0.01 0.12
1099 164 140 78 23 0.06 0.06 0.0 -0.09 -0.03 0.0
1100 171 138 74 23 0.06 0.09 -0.0 -0.08 -0.06 -0.01
1101 163 139 72 23 0.06 0.1 -0.0 -0.06 -0.03 -0.01
1102 188 137 73 23 0.06 0.09 0.0 -0.06 -0.09 -0.01
1103 173 138 72 23 0.06 0.07 0.0 0.0 0.03 0.06
1104 181 139 73 23 0.05 0.07 0.01 0.02 0.03 0.06
1105 160 138 69 23 0.03 0.02 0.01 0.0 0.04 0.08
1106 157 137 73 24 0.02 0.03 0.01 -0.02 0.1 0.14
1107 155 137 74 23 0.02 0.03 0.01 0.0 0.11 0.08
1108 203 137 73 23 0.02 0.04 0.01 -0.1 0.1 0.01
1109 168 136 77 23 0.02 0.02 0.0 -0.11 0.04 -0.01
1110 142 138 76 23 0.03 0.03 -0.0 -0.09 0.06 0.02
1111 144 137 74 24 0.03 0.05 -0.0 -0.07 0.04 0.0
1112 122 136 69 23 0.03 0.06 -0.01 -0.11 0.09 0.0
1113 121 137 72 23 0.03 0.05 -0.01 -0.14 0.1 0.03
-200 -200 -200 -200 -200 -200 -200 -200 -200 -200 -200
1114 146 136 75 24 0.03 0.03 -0.01 -0.12 0.06 0.09
1115 170 138 78 24 0.03 0.03 -0.01 -0.02 0.09 0.09
1116 191 139 74 24 0.03 0.04 -0.01 0.0 0.04 0.05
1117 164 141 75 24 0.03 0.04 -0.02 -0.08 0.0 -0.05
1118 132 142 80 23 0.04 0.05 -0.02 -0.06 -0.02 -0.02
1119 123 144 84 23 0.04 0.06 -0.02 -0.02 -0.07 0.03
1120 116 143 79 23 0.05 0.08 -0.02 0.01 0.0 -0.01
1121 150 142 73 23 0.05 0.07 -0.02 -0.05 0.09 0.01
1122 167 143 74 24 0.04 0.04 -0.01 -0.14 0.05 0.08
1123 172 142 74 24 0.03 0.01 -0.01 -0.12 0.07 0.1
1124 141 141 76 23 0.02 -0.02 -0.01 -0.05 0.04 0.09
1125 158 141 78 23 0.01 -0.02 -0.01 -0.05 0.08 0.08
1126 172 140 77 24 0.0 -0.0 -0.01 -0.02 0.06 0.05
1127 159 138 80 24 -0.01 0.0 -0.01 -0.03 0.06 0.04
1128 157 137 74 23 -0.0 0.01 -0.0 -0.04 0.13 0.07
1129 145 133 74 23 -0.01 0.01 -0.0 -0.03 0.13 0.08
1130 148 133 75 23 -0.02 -0.01 -0.0 -0.02 0.15 0.11
1131 125 129 74 24 -0.02 -0.02 -0.0 -0.01 0.1 0.05
1132 137 128 76 23 -0.01 -0.01 0.0 -0.01 0.06 -0.04
1133 119 128 75 24 -0.0 0.01 0.0 0.04 0.0 -0.02
1134 98 126 71 24 0.01 0.01 0.0 0.02 0.0 -0.03
1135 109 125 70 23 0.01 0.01 0.0 -0.1 0.0 -0.02
1136 129 125 72 23 0.01 -0.01 0.0 -0.12 0.02 0.07
1137 116 123 71 23 0.01 -0.01 0.0 -0.14 0.04 0.06
1138 105 125 67 23 0.02 0.0 -0.0 -0.05 0.06 0.08
1139 99 131 67 24 0.02 0.02 -0.0 -0.07 0.04 0.11
1140 107 153 64 23 0.02 0.02 0.0 -0.06 0.04 0.14
1141 102 182 64 24 0.04 0.03 0.01 0.07 0.08 0.28
1142 114 209 62 24 0.06 0.03 0.02 0.1 0.11 0.35
1143 106 216 64 24 0.09 0.05 0.03 0.12 0.09 0.41
1144 122 259 61 25 0.21 0.14 0.04 0.18 0.05 0.26
1145 152 297 60 29 0.25 0.19 0.04 -0.05 0.11 -0.01
1146 143 354 61 37 0.34 0.24 0.08 -0.09 0.15 0.0
1147 140 337 61 34 0.5 0.17 0.07 0.12 0.06 0.16
1148 141 416 62 33 0.62 -0.01 0.04 -0.01 -0.34 0.48
1149 159 545 65 38 0.69 -0.12 0.03 -0.19 -0.28 0.52
1150 162 530 69 36 0.81 -0.2 0.02 -1.06 -0.37 0.67
1151 188 726 72 40 0.96 -0.3 0.04 -1.18 -0.56 0.24
1152 202 817 74 38 0.94 -0.46 0.08 -1.24 -0.47 0.42
1153 219 910 87 35 1.06 -0.8 0.14 -0.6 -0.04 0.82
1154 191 839 93 32 1.31 -1.09 0.03 0.91 0.19 2.53
1155 165 815 92 31 1.34 -1.04 0.02 0.52 0.52 2.74
1156 149 875 87 30 1.35 -0.91 -0.03 -0.01 0.42 2.07
1157 158 878 81 31 1.34 -0.83 -0.05 -0.23 0.61 1.08
1158 158 895 85 35 1.31 -0.78 -0.04 -0.2 0.68 0.77
1159 147 853 87 40 1.27 -0.84 -0.05 -0.13 0.34 1.0
1160 140 771 86 48 1.21 -0.89 -0.05 -0.13 0.36 1.33
1161 125 745 85 53 1.11 -1.02 -0.15 0.49 0.6 0.5
1162 139 757 83 59 1.08 -0.88 -0.22 -0.05 0.26 0.26
1163 158 714 87 55 1.13 -0.81 -0.22 -0.07 0.01 -0.24
1164 205 813 87 63 1.22 -0.83 -0.26 -0.16 -0.01 -0.34
1165 187 797 81 54 1.31 -1.04 -0.28 -0.06 -0.38 -0.24
1166 176 756 82 51 1.33 -1.01 -0.26 -0.25 -0.5 -0.01
1167 200 781 83 67 1.32 -0.84 -0.17 -0.44 -0.43 0.06
1168 204 834 82 71 1.25 -0.62 -0.13 -0.14 -0.36 -0.54
1169 186 873 85 64 1.15 -0.54 -0.12 -0.37 -0.21 -1.14
1170 236 840 87 63 1.1 -0.52 -0.13 -0.04 -0.23 -1.15
1171 203 957 83 58 1.03 -0.43 -0.15 0.04 -0.34 -0.88
1172 201 968 83 68 0.9 -0.35 -0.16 -0.19 -0.43 -0.81
1173 236 966 82 67 0.83 -0.35 -0.17 -0.33 -0.37 -1.01
1174 254 945 82 62 0.69 -0.37 -0.16 -0.44 -0.44 -1.22
1175 227 965 99 83 0.66 -0.38 -0.15 -0.45 -0.46 -0.69
1176 297 941 101 83 0.58 -0.42 -0.13 -0.13 -0.71 -0.48
1177 299 967 99 75 0.54 -0.42 -0.1 -0.52 -0.41 -0.26
1178 330 966 102 79 0.5 -0.42 -0.1 -0.51 -0.27 -0.25
1179 316 967 103 74 0.41 -0.38 -0.07 -0.32 -0.33 -0.23
1180 306 961 106 72 0.35 -0.34 -0.05 -0.23 -0.03 -0.49
1181 309 908 103 71 0.29 -0.3 -0.03 -0.15 0.07 -0.74
1182 334 888 97 66 0.26 -0.26 -0.02 0.02 0.06 -0.73
1183 298 821 104 72 0.22 -0.21 -0.01 -0.16 0.11 -0.54
1184 272 772 101 63 0.2 -0.22 -0.02 -0.14 0.17 -0.55
1185 306 764 93 58 0.14 -0.16 -0.04 -0.21 0.15 -0.44
1186 343 675 94 55 0.05 -0.11 -0.05 -0.12 0.16 -0.34
1187 335 702 90 54 0.01 -0.08 -0.06 -0.15 0.14 -0.54
1188 307 623 88 53 -0.04 -0.06 -0.05 -0.16 0.17 -0.65
1189 299 657 97 48 -0.08 -0.06 -0.03 -0.04 0.08 -0.45
1190 317 731 95 46 -0.1 -0.07 -0.03 -0.07 0.04 -0.26
1191 317 683 91 49 -0.13 -0.07 -0.04 -0.09 0.03 -0.59
1192 290 633 97 63 -0.15 -0.04 -0.05 0.04 0.02 -0.51
1193 241 594 91 57 -0.15 -0.03 -0.06 -0.08 -0.1 -0.03
1194 200 593 92 66 -0.17 -0.03 -0.07 -0.17 -0.14 0.06
1195 195 540 89 61 -0.18 -0.01 -0.09 -0.16 -0.15 -0.02
1196 163 538 86 58 -0.18 -0.01 -0.09 -0.27 -0.2 -0.06
1197 226 545 86 55 -0.17 -0.01 -0.09 -0.2 -0.19 -0.1
1198 233 541 82 55 -0.18 0.01 -0.08 -0.28 -0.12 -0.06
1199 202 560 85 64 -0.18 0.02 -0.06 -0.27 -0.08 -0.04
1200 180 578 81 72 -0.2 0.02 -0.05 -0.24 -0.04 -0.07
1201 174 643 78 66 -0.2 -0.0 -0.04 -0.31 -0.03 -0.03
1202 166 623 79 64 -0.2 -0.01 -0.04 -0.22 -0.08 0.1
1203 189 586 77 58 -0.18 0.01 -0.03 -0.25 -0.07 0.18
1204 204 541 76 60 -0.16 0.04 -0.02 -0.25 -0.03 0.29
1205 233 550 75 62 -0.15 0.05 -0.02 -0.23 0.05 0.15
1206 222 608 75 61 -0.14 0.06 -0.02 -0.22 0.08 0.15
1207 199 566 74 67 -0.13 0.03 -0.02 -0.23 0.12 0.14
1208 180 611 73 62 -0.13 0.01 -0.01 -0.23 0.14 0.13
1209 172 551 75 62 -0.12 0.03 -0.01 -0.1 0.15 0.08
1210 153 535 79 66 -0.1 0.04 -0.0 -0.16 0.15 0.17
1211 143 561 78 62 -0.09 0.04 -0.01 -0.19 0.09 0.27
1212 191 539 76 63 -0.08 0.06 -0.01 -0.2 0.1 0.31
1213 171 500 77 61 -0.07 0.1 -0.0 -0.23 0.08 0.28
1214 186 521 76 70 -0.07 0.12 0.0 -0.24 0.09 0.21
1215 179 591 73 68 -0.06 0.11 0.02 -0.21 0.09 0.13
1216 164 591 74 75 -0.05 0.05 0.04 -0.05 0.04 0.1
1217 158 551 73 73 -0.04 0.04 0.04 -0.03 0.11 0.05
1218 177 570 71 68 -0.04 0.03 0.04 0.01 0.11 0.08
1219 176 511 71 64 -0.04 0.03 0.03 0.05 0.06 0.18
1220 160 474 74 73 -0.03 0.04 0.02 0.0 0.08 0.1
1221 142 459 73 67 -0.03 0.03 0.01 0.01 0.05 0.08
1222 136 492 71 68 -0.02 0.04 0.01 -0.14 0.03 0.05
1223 180 457 73 66 -0.02 0.05 0.01 -0.13 0.0 0.1
1224 186 465 70 67 -0.01 0.04 0.02 -0.13 -0.01 0.08
1225 194 466 72 75 -0.01 0.04 0.03 -0.07 -0.04 0.01
1226 167 430 72 66 -0.01 0.04 0.03 -0.1 -0.04 -0.07
1227 161 446 69 68 -0.01 0.03 0.02 -0.09 -0.09 -0.09
1228 161 433 73 68 -0.02 0.05 0.02 -0.11 -0.11 -0.01
1229 151 414 74 71 -0.03 0.04 0.02 -0.03 -0.1 -0.08
1230 144 393 73 67 -0.04 0.04 0.01 -0.06 -0.07 -0.19
1231 137 378 73 65 -0.05 0.06 0.0 -0.09 -0.1 -0.14
1232 120 358 71 67 -0.07 0.08 0.0 -0.15 -0.18 -0.18
1233 99 360 71 68 -0.1 0.14 0.0 -0.15 -0.2 -0.26
1234 92 335 72 69 -0.16 0.21 0.01 -0.1 -0.28 -0.44
1235 102 298 70 70 -0.18 0.22 0.02 -0.14 -0.29 -0.53
1236 93 296 70 73 -0.23 0.23 0.05 -0.25 -0.29 -0.73
1237 99 308 69 71 -0.34 0.29 0.13 -0.2 -0.21 -0.66
1238 83 277 67 67 -0.42 0.38 0.19 -0.36 -0.18 -0.57
1239 93 266 65 63 -0.52 0.44 0.28 -0.5 -0.05 -0.72
1240 87 252 67 66 -0.66 0.44 0.33 -0.21 0.09 -0.96
1241 106 265 66 67 -0.71 0.4 0.33 0.03 0.13 -0.74
1242 97 251 64 59 -0.83 0.4 0.32 0.02 0.05 -0.55
1243 97 256 63 62 -0.9 0.45 0.31 -0.08 0.11 -0.94
1244 97 285 63 68 -0.96 0.45 0.3 -0.17 0.13 -0.96
1245 88 260 62 61 -1.01 0.5 0.26 0.02 0.03 -0.8
1246 97 246 63 71 -0.99 0.56 0.21 0.02 0.04 -0.57
1247 90 240 61 67 -1.04 0.57 0.19 0.17 0.19 -0.35
1248 109 226 62 75 -1.15 0.67 0.17 0.08 0.12 -0.36
1249 99 228 61 75 -1.24 0.74 0.13 -0.67 0.14 -0.97
1250 84 218 61 83 -1.33 0.78 0.14 -0.86 0.21 -1.04
1251 71 206 59 84 -1.43 0.72 0.14 -0.78 0.15 -1.25
1252 61 196 59 83 -1.46 0.41 0.09 -0.14 0.11 -1.12
1253 86 184 60 80 -1.48 0.31 0.09 -0.08 -0.08 -0.79
1254 81 173 58 82 -1.52 0.34 0.1 0.32 -0.07 -0.53
-100 -100 -100 -100 -100 -100 -100 -100 -100 -100 -100
1255 82 164 58 83 -1.6 0.58 0.12 -0.05 -0.03 -0.57
1256 69 150 58 85 -1.64 0.67 0.12 -0.2 -0.05 -0.76
1257 57 141 57 84 -1.72 0.73 0.07 -0.15 0.21 -0.96
1258 50 130 60 84 -1.67 0.59 0.02 0.34 0.21 -1.28
1259 48 121 69 85 -1.65 0.63 -0.07 0.61 0.04 -1.43
1260 48 110 75 79 -1.78 1.05 -0.17 0.63 -0.06 -1.63
1261 66 107 87 77 -1.45 2.92 0.33 6.68 -2.37 17.4
1262 95 102 89 72 -0.72 5.1 0.16 -4.2 -7.87 8.33
1263 155 98 86 70 0.93 0.79 -0.64 -3.28 2.5 0.27
1264 157 96 79 64 0.11 0.53 -0.2 -3.8 0.74 -1.55
1265 133 93 74 59 -0.07 0.56 -0.23 -2.58 -0.48 -0.11
1266 116 91 72 54 -0.01 -0.37 -0.12 -0.33 -0.75 0.6
1267 96 91 70 52 -0.05 -0.47 0.15 2.56 -0.01 -0.19
1268 80 95 67 50 -0.12 -0.18 0.14 1.37 -0.08 -0.4
1269 68 98 66 46 -0.07 0.12 0.06 1.19 0.07 -1.0
1270 99 101 65 46 -0.13 0.37 0.04 -0.07 -0.32 -0.62
1271 123 106 67 42 -0.12 0.35 0.06 -0.59 -0.47 -0.24
1272 98 112 64 39 -0.0 0.09 0.08 -0.88 -0.19 0.27
1273 85 112 62 38 0.01 -0.09 0.07 -0.39 -0.05 0.39
1274 81 116 66 37 0.01 -0.09 0.05 0.0 0.21 0.06
1275 67 119 64 34 0.01 0.02 0.03 -0.06 -0.14 -0.01
1276 61 121 63 33 0.1 0.1 -0.01 -0.1 0.28 -0.08
1277 57 123 66 31 0.1 0.11 -0.01 -0.39 0.22 -0.06
1278 76 125 66 30 0.06 0.05 -0.02 -0.4 0.13 0.11
1279 69 128 64 30 0.11 0.03 -0.03 -0.18 0.16 0.3
1280 60 131 69 29 0.13 0.02 -0.04 -0.08 0.14 0.26
1281 69 133 65 27 0.12 0.03 -0.03 0.08 0.11 0.1
1282 116 135 64 27 0.07 0.05 -0.03 0.2 0.02 0.03
1283 94 136 64 27 0.06 0.06 -0.02 0.09 0.0 0.0
1284 91 138 64 30 0.05 0.07 -0.02 -0.05 -0.12 0.01
1285 98 139 62 27 0.07 0.08 -0.01 -0.08 0.0 0.02
1286 83 140 60 26 0.06 0.07 -0.01 -0.03 0.0 0.0
1287 69 140 61 25 0.05 0.01 -0.0 -0.04 0.04 0.07
1288 64 139 59 25 0.02 0.01 0.01 -0.02 0.04 0.11
1289 52 137 64 25 0.01 0.03 0.01 -0.02 0.05 0.09
1290 63 139 66 25 0.01 0.07 0.0 -0.12 0.05 0.05
1291 59 140 62 25 0.03 0.09 -0.0 0.0 0.05 -0.03
1292 111 142 60 25 0.04 0.1 -0.01 -0.1 0.06 0.02
1293 102 142 63 24 0.02 0.04 -0.01 -0.12 0.03 0.06
1294 84 141 59 24 0.03 0.04 -0.01 -0.09 0.03 0.02
1295 71 142 58 24 0.03 0.04 -0.01 -0.05 0.03 0.06
1296 78 143 63 24 0.02 0.03 -0.01 -0.01 -0.01 0.1
1297 82 143 62 24 0.03 0.08 -0.01 -0.03 0.03 -0.04
1298 69 145 63 23 0.04 0.08 -0.01 -0.04 0.01 0.02
1299 58 147 61 23 0.03 0.04 -0.01 -0.1 0.0 0.01
1300 61 147 61 23 0.04 0.05 -0.01 -0.04 0.03 0.0
1301 66 147 60 23 0.05 0.06 -0.01 -0.03 0.02 0.05
1302 59 147 60 23 0.05 0.05 -0.01 -0.15 0.08 0.07
1303 63 147 65 23 0.03 0.01 -0.0 -0.08 0.05 0.03
1304 67 148 64 23 0.03 0.01 -0.0 -0.08 0.01 0.01
1305 69 149 63 23 0.06 0.05 -0.01 0.03 0.07 0.06
1306 66 149 60 23 0.02 0.04 -0.01 -0.02 0.02 0.08
1307 93 151 58 23 0.01 0.04 -0.01 -0.07 0.02 0.04
1308 95 151 56 23 0.0 0.03 -0.01 -0.1 -0.03 0.03
1309 99 153 57 23 0.03 0.03 -0.02 -0.07 -0.01 0.0
1310 88 154 63 22 0.04 0.04 -0.01 -0.05 0.0 0.01
1311 73 153 62 23 0.03 0.01 -0.01 -0.02 0.07 0.07
1312 80 154 60 23 0.02 0.01 -0.01 0.0 0.05 0.05
1313 66 155 60 23 0.02 0.02 -0.01 0.02 0.03 0.05
1314 55 155 61 23 0.03 0.04 -0.01 -0.05 0.02 -0.01
1315 76 157 60 23 0.04 0.07 -0.02 -0.11 0.02 0.0
1316 126 157 63 23 0.05 0.07 -0.02 -0.1 0.02 0.01
1317 107 156 63 23 0.05 0.03 -0.01 -0.11 0.08 0.06
1318 93 155 64 23 0.03 0.01 -0.01 -0.03 0.08 0.09
1319 90 155 67 23 0.02 0.0 -0.01 0.01 0.06 0.07
1320 74 153 65 23 0.01 0.02 -0.01 0.0 0.03 0.07
1321 70 152 62 23 -0.01 0.02 0.0 -0.03 0.0 0.09
1322 61 150 58 23 -0.01 0.02 0.0 -0.02 0.05 0.01
1323 80 149 58 23 -0.01 0.02 0.0 -0.06 0.02 0.05
1324 71 146 57 23 0.0 0.03 -0.0 -0.05 0.04 0.02
1325 97 146 62 22 0.01 0.04 -0.0 -0.07 0.05 0.05
1326 111 144 60 23 0.0 0.05 -0.01 -0.03 0.02 0.03
1327 97 143 59 23 0.01 0.05 -0.01 -0.1 0.01 0.01
1328 81 144 58 23 0.02 0.04 -0.01 -0.1 0.04 0.0
1329 69 145 58 23 0.03 0.03 -0.01 -0.1 0.03 0.05
1330 86 146 68 22 0.02 0.02 -0.01 -0.07 0.03 0.05
1331 72 145 67 23 0.02 0.02 -0.01 -0.06 0.04 0.07
1332 68 143 65 23 0.02 0.0 -0.0 -0.01 0.03 0.11
1333 60 143 62 23 0.0 0.0 -0.0 -0.01 0.04 0.06
