-1 -1 -1 -1 -1 -1 -1 -1 -1 -1 -1
1 45 74 72 22 0.06 0.03 -0.02 0.18 0.18 -0.08
2 42 73 67 24 0.03 0.04 -0.01 0.09 0.15 -0.09
3 40 76 64 23 0.02 0.04 -0.0 0.11 0.14 -0.11
4 40 77 60 23 0.01 0.03 0.0 0.09 0.13 -0.12
5 34 77 60 23 0.02 0.02 0.01 0.1 0.07 -0.14
6 31 79 58 23 0.02 0.03 0.02 0.17 0.08 -0.14
7 29 80 59 23 0.03 0.05 0.01 0.11 0.06 -0.1
8 30 81 58 23 0.03 0.06 0.01 0.03 0.11 -0.1
9 50 80 57 23 0.03 0.05 0.01 -0.05 0.11 -0.13
10 48 81 55 23 0.04 0.02 0.01 -0.03 0.11 -0.12
11 44 77 61 23 0.04 0.0 0.0 0.09 0.11 -0.12
12 40 82 66 23 0.04 0.01 0.0 0.07 0.12 -0.11
13 39 82 66 24 0.04 0.01 0.0 0.06 0.13 -0.09
14 34 85 64 23 0.03 -0.01 0.01 0.14 0.11 -0.09
15 37 82 61 23 0.03 0.0 0.01 0.31 0.16 -0.09
16 63 81 60 23 0.02 0.05 0.02 0.21 0.15 -0.1
17 53 79 57 24 0.02 0.06 0.03 0.09 0.14 -0.12
18 47 82 56 23 0.02 0.05 0.04 0.18 0.17 -0.14
19 43 84 55 24 0.03 0.07 0.05 0.12 0.13 -0.12
20 38 84 53 23 0.03 0.06 0.05 -0.06 0.13 -0.16
21 42 86 53 24 0.03 0.05 0.05 0.0 0.1 -0.11
22 36 85 59 24 0.05 0.03 0.04 0.01 0.08 -0.13
23 33 84 58 24 0.05 0.03 0.03 0.03 0.04 -0.12
24 57 82 56 23 0.05 0.04 0.02 -0.01 0.04 -0.15
25 49 81 57 23 0.05 0.03 0.01 -0.05 0.06 -0.11
26 47 79 55 24 0.05 0.0 0.01 -0.02 0.09 -0.16
27 40 77 57 24 0.06 -0.0 0.0 0.06 0.13 -0.11
28 35 75 56 24 0.05 0.0 0.0 0.11 0.15 -0.07
29 31 76 54 24 0.04 0.02 -0.01 0.1 0.16 -0.08
30 31 77 56 24 0.04 0.03 -0.01 0.08 0.14 -0.1
31 57 76 57 24 0.04 0.02 -0.01 0.07 0.14 -0.11
32 60 78 59 24 0.04 0.02 -0.01 0.07 0.1 -0.14
33 51 78 69 24 0.04 0.02 -0.01 -0.01 0.11 -0.12
34 44 78 65 24 0.04 0.02 -0.01 -0.03 0.11 -0.13
35 42 77 64 24 0.03 -0.0 -0.01 0.05 0.15 0.0
36 37 77 64 25 0.03 -0.0 -0.01 0.11 0.14 0.01
37 71 80 61 24 0.02 -0.0 -0.01 0.1 0.14 0.0
38 59 78 60 24 0.01 0.01 -0.0 0.08 0.11 0.02
39 54 78 64 24 0.01 0.01 -0.0 0.02 0.11 -0.02
40 45 78 63 23 0.01 0.01 -0.0 0.0 0.14 0.0
41 40 79 59 24 0.01 0.0 0.01 0.05 0.1 0.0
42 38 79 57 24 0.01 0.01 0.0 0.05 0.07 -0.03
43 36 79 58 24 0.01 0.01 0.0 0.06 0.07 -0.02
44 62 81 62 24 0.01 0.02 -0.0 0.02 0.09 -0.01
45 54 78 65 24 0.01 0.03 -0.0 0.02 0.14 -0.01
46 48 76 62 24 0.01 0.02 -0.0 -0.02 0.12 -0.01
47 41 75 68 24 0.01 0.01 -0.01 0.04 0.09 0.03
48 45 74 68 24 0.01 0.01 -0.0 -0.02 0.09 0.0
49 40 72 67 23 0.01 -0.0 -0.0 0.0 0.09 0.0
50 64 74 69 23 0.01 -0.01 -0.0 0.07 0.09 -0.01
51 54 74 72 24 0.01 -0.01 -0.0 0.11 0.13 0.0
52 51 77 74 22 0.01 0.02 -0.01 0.09 0.11 0.0
53 49 78 73 24 0.02 0.02 -0.01 0.02 0.13 0.0
54 43 79 70 24 0.02 0.02 -0.01 -0.07 0.12 -0.03
55 41 78 68 24 0.05 0.0 -0.01 0.0 0.12 -0.02
56 66 78 68 23 0.04 -0.01 -0.01 0.03 0.11 -0.01
57 60 76 72 23 0.03 -0.01 -0.0 0.1 0.12 0.0
58 51 74 73 24 0.02 -0.0 -0.0 0.08 0.1 0.0
59 51 75 70 23 0.01 0.01 -0.0 0.0 0.11 0.01
60 49 73 68 24 0.01 0.01 -0.0 -0.04 0.13 0.0
61 46 76 68 23 0.0 -0.0 -0.0 0.01 0.15 0.0
62 41 77 68 23 -0.0 -0.01 -0.0 0.05 0.12 0.01
63 35 77 72 23 0.01 -0.0 -0.0 0.02 0.09 -0.02
64 56 76 72 23 0.02 0.01 -0.0 0.02 0.09 -0.01
65 53 75 67 23 0.03 0.01 -0.0 0.02 0.07 -0.02
66 51 75 70 23 0.03 0.0 -0.01 0.06 0.12 -0.03
67 47 78 72 23 0.03 0.01 -0.01 0.04 0.13 0.0
68 41 77 69 23 0.02 0.01 -0.01 0.0 0.16 0.01
69 36 77 72 23 0.02 0.0 -0.01 -0.06 0.14 0.0
70 33 76 69 23 0.02 -0.01 -0.01 0.0 0.1 -0.02
71 58 75 75 23 0.03 -0.02 -0.01 0.02 0.11 -0.02
72 51 76 72 23 0.02 -0.01 -0.01 0.09 0.12 -0.01
73 51 76 68 23 0.01 -0.0 -0.0 0.02 0.12 -0.02
74 42 76 67 23 0.0 -0.01 -0.0 -0.01 0.16 -0.01
75 39 75 69 23 0.0 -0.01 0.0 0.08 0.13 -0.03
76 34 75 69 24 -0.01 -0.02 0.01 0.12 0.14 -0.01
77 36 76 70 24 -0.01 -0.01 0.02 0.12 0.12 0.0
78 50 74 68 24 -0.01 0.01 0.02 0.01 0.08 -0.03
79 63 75 70 24 0.0 0.02 0.02 -0.02 0.09 -0.04
80 54 77 77 24 0.0 0.01 0.02 -0.01 0.13 -0.02
81 46 77 72 24 0.0 0.01 0.02 -0.02 0.15 -0.01
82 40 75 70 24 0.01 0.0 0.02 0.02 0.15 0.02
83 40 75 66 23 -0.0 0.02 0.01 0.02 0.11 0.0
84 38 73 68 24 -0.01 0.02 0.01 0.0 0.08 -0.02
85 35 75 69 23 -0.0 0.02 0.01 -0.03 0.06 -0.03
86 59 75 73 23 -0.0 0.01 0.01 0.04 0.12 0.0
87 50 75 69 23 0.0 0.01 0.01 0.01 0.1 -0.01
88 43 74 64 23 0.01 0.02 0.0 0.02 0.13 -0.01
-200 -200 -200 -200 -200 -200 -200 -200 -200 -200 -200
89 44 74 62 23 0.0 0.02 0.0 -0.03 0.1 -0.03
90 47 74 65 23 0.0 0.02 -0.0 -0.01 0.11 -0.04
91 41 75 66 25 0.0 -0.0 -0.0 0.0 0.1 -0.02
92 64 76 64 24 0.02 0.01 -0.01 0.05 0.11 0.0
93 59 75 66 24 0.02 0.02 -0.01 -0.03 0.12 -0.07
94 54 74 71 23 0.03 0.01 -0.01 0.0 0.16 0.0
95 49 75 73 24 0.03 0.0 -0.01 0.0 0.15 -0.02
96 45 75 69 24 0.03 -0.01 -0.01 0.0 0.15 0.0
97 39 75 69 23 0.03 -0.01 -0.01 0.04 0.15 0.0
98 66 74 67 24 0.02 -0.01 -0.01 0.0 0.16 -0.06
99 64 74 77 24 0.01 -0.01 -0.01 0.05 0.18 -0.03
100 59 78 77 23 -0.0 0.0 -0.01 0.0 0.18 -0.01
101 56 80 71 23 -0.02 -0.01 -0.01 0.01 0.12 0.0
102 48 79 68 23 -0.0 -0.01 -0.0 0.01 0.12 -0.01
103 46 81 72 23 0.01 -0.01 -0.0 0.01 0.15 -0.01
104 40 83 70 23 0.0 -0.02 0.0 0.01 0.12 -0.01
105 47 84 65 23 0.01 -0.02 0.0 0.03 0.15 -0.02
106 44 85 62 23 0.02 -0.02 0.0 0.01 0.14 -0.01
107 46 87 66 23 0.02 -0.03 0.0 0.0 0.16 -0.03
108 56 96 61 23 0.03 -0.05 0.0 0.06 0.18 -0.03
109 80 120 65 24 0.04 -0.09 0.02 0.05 0.15 0.0
110 75 127 64 26 0.06 -0.15 0.02 0.04 0.1 0.0
111 75 128 62 30 0.06 -0.19 0.03 0.17 0.14 -0.01
112 68 155 63 29 0.15 -0.24 0.05 0.04 0.18 0.0
113 73 209 61 35 0.15 -0.32 0.09 0.06 0.22 0.06
114 111 231 60 93 0.16 -0.38 0.1 0.25 0.44 0.27
115 110 316 59 109 0.07 -0.54 0.15 -0.12 0.4 0.32
116 141 360 63 99 -0.16 -1.05 0.27 0.32 0.43 0.38
117 149 384 71 97 -0.24 -1.26 0.33 0.0 -0.16 0.1
118 154 351 70 106 -0.17 -0.42 0.27 0.11 0.5 0.7
119 148 368 79 113 -0.23 -0.23 0.32 0.11 0.5 0.78
120 144 320 76 101 -0.13 -0.6 0.37 -1.87 -0.25 0.81
121 126 327 77 85 0.15 -1.0 0.34 -2.14 -0.03 1.0
122 111 301 74 72 0.49 -1.09 0.24 -1.32 -0.37 2.86
123 112 289 70 62 0.58 -0.92 0.2 1.76 5.11 3.89
124 114 303 69 54 1.16 -0.98 0.06 -0.94 -0.83 2.57
125 113 296 73 48 1.22 -0.69 0.03 0.36 1.03 2.65
126 110 269 81 43 1.26 -0.58 -0.0 0.52 0.96 1.56
127 100 248 79 39 1.4 -0.63 -0.05 0.39 0.78 1.32
128 107 230 77 35 1.48 -0.78 -0.03 0.29 0.64 1.16
129 102 207 81 33 1.51 -0.83 -0.01 0.22 0.38 0.66
130 108 212 82 31 1.49 -0.87 0.02 0.41 0.46 0.25
131 131 233 80 30 1.4 -0.85 0.05 0.23 0.48 -0.46
132 107 242 80 29 1.34 -0.88 0.05 0.3 0.35 -0.44
133 90 221 76 28 1.22 -0.92 0.05 0.19 0.33 -0.88
134 80 206 80 27 1.14 -0.94 0.03 0.22 0.38 -1.1
135 67 211 82 26 1.05 -0.88 0.02 0.36 0.25 -1.52
136 102 240 77 26 0.95 -0.79 -0.02 0.37 0.26 -1.56
137 92 229 80 30 0.82 -0.7 -0.03 0.22 0.22 -1.6
138 80 217 80 28 0.78 -0.69 -0.04 0.35 0.14 -1.79
139 83 220 86 28 0.68 -0.64 -0.09 0.36 0.08 -1.69
140 74 234 82 28 0.55 -0.53 -0.16 0.58 -0.02 -1.45
141 88 287 91 28 0.46 -0.48 -0.19 0.54 -0.14 -1.49
142 91 291 100 31 0.22 -0.36 -0.22 0.2 -0.34 -1.62
143 82 407 93 30 0.07 -0.29 -0.22 -0.29 -0.64 -1.41
144 74 404 102 29 0.1 -0.31 -0.23 0.07 -0.36 -1.44
145 96 427 101 37 0.21 -0.34 -0.25 -0.39 -0.42 -1.12
146 97 357 92 42 0.16 -0.14 -0.18 -0.69 -0.42 -0.46
147 102 366 83 49 0.12 -0.18 -0.19 -0.36 -0.16 -0.32
148 87 335 81 49 -0.01 -0.11 -0.14 -0.53 -0.19 -0.68
149 99 302 80 47 -0.07 0.0 -0.09 -0.4 -0.06 -1.05
150 112 288 97 44 -0.03 0.04 -0.06 -0.85 0.14 -0.72
151 164 264 98 40 0.13 -0.02 -0.04 -1.17 -0.03 -0.63
152 177 280 103 40 0.32 -0.31 -0.07 -0.91 0.08 -0.32
153 168 353 100 40 0.29 -0.3 -0.03 -0.68 -0.07 -0.17
154 176 351 118 46 0.14 -0.23 0.05 -0.57 -0.02 -0.53
155 285 330 145 50 0.3 -0.29 0.05 -0.83 -0.13 -1.54
156 264 337 143 44 0.4 -0.39 0.07 -0.02 -0.2 -0.92
157 242 324 151 41 0.54 -0.58 0.1 -0.13 -0.31 -0.18
158 235 327 151 43 0.51 -0.47 0.11 -0.66 -0.6 2.02
159 215 315 139 46 0.47 -0.38 0.09 -0.15 0.3 0.47
160 207 416 130 48 0.29 -0.11 -0.01 -0.25 0.58 -0.41
161 187 410 131 45 0.19 0.03 -0.09 0.46 0.03 -1.16
162 165 458 132 41 0.2 0.03 -0.11 0.34 0.04 -0.92
163 155 460 138 38 0.26 -0.01 -0.08 -0.24 -0.22 -0.22
164 203 430 125 35 0.24 0.04 -0.1 -0.5 -0.05 -0.03
165 185 422 113 33 0.21 0.08 -0.1 -0.54 0.13 -0.23
166 179 419 102 50 0.18 0.05 -0.07 -0.43 0.05 -0.23
167 153 368 109 46 0.15 -0.0 -0.06 -0.01 0.23 -0.43
168 143 410 110 44 0.13 0.02 -0.06 0.23 0.14 -0.3
169 136 429 107 49 0.09 0.07 -0.07 0.1 0.17 -0.23
170 150 403 115 44 0.05 0.09 -0.09 -0.02 0.15 -0.22
171 144 392 111 49 0.02 0.09 -0.1 0.04 0.12 -0.89
172 125 348 107 49 0.06 0.02 -0.09 0.03 0.07 -0.52
173 130 347 103 43 0.1 0.02 -0.06 -0.07 0.07 -0.19
174 160 339 101 46 0.1 0.04 -0.05 -0.01 0.04 0.05
175 148 319 99 42 0.09 0.08 -0.03 -0.16 0.12 0.03
176 161 298 97 39 0.04 0.1 -0.07 -0.16 0.12 -0.08
177 155 311 93 38 0.03 0.1 -0.08 -0.05 0.25 -0.5
178 136 312 93 35 -0.04 0.1 -0.09 0.02 0.2 -0.58
179 140 306 105 33 -0.06 0.1 -0.08 0.1 0.09 -0.3
180 124 294 96 31 -0.08 0.13 -0.06 -0.12 0.02 -0.19
181 152 291 94 33 -0.09 0.12 -0.04 -0.2 0.07 0.08
182 138 294 92 41 -0.13 0.11 -0.02 -0.12 0.15 -0.15
183 130 293 94 39 -0.14 0.09 -0.02 0.16 0.21 -0.45
184 134 289 98 36 -0.12 0.11 -0.02 0.01 0.16 -0.23
185 123 275 90 33 -0.13 0.1 -0.02 -0.04 0.15 -0.19
186 123 287 85 31 -0.13 0.09 -0.03 0.0 0.24 -0.22
187 116 284 89 30 -0.13 0.06 -0.02 0.0 0.25 -0.17
188 130 289 88 29 -0.13 0.03 -0.01 -0.02 0.33 0.02
189 117 281 86 30 -0.13 0.03 -0.02 -0.06 0.29 0.0
190 116 282 88 29 -0.13 0.04 -0.04 0.08 0.3 -0.15
191 107 292 85 27 -0.11 0.07 -0.04 0.07 0.22 -0.15
192 123 288 82 27 -0.1 0.07 -0.03 0.04 0.2 -0.11
193 124 281 83 27 -0.08 0.05 -0.01 -0.06 0.19 -0.11
194 115 261 80 27 -0.06 0.04 -0.01 -0.04 0.2 0.08
195 141 293 77 27 -0.06 0.03 -0.01 -0.06 0.2 0.06
196 129 283 80 27 -0.05 0.04 -0.04 -0.1 0.24 -0.03
197 122 283 86 26 -0.04 0.06 -0.07 0.0 0.26 -0.13
198 115 272 83 25 -0.03 0.05 -0.08 -0.03 0.17 -0.15
199 103 260 84 25 -0.01 0.03 -0.07 -0.14 0.16 -0.09
200 99 266 83 26 -0.0 0.02 -0.04 -0.23 0.13 -0.04
201 121 258 84 29 0.0 0.01 -0.04 -0.22 0.1 0.0
202 110 260 87 29 0.01 0.02 -0.02 -0.21 0.08 -0.17
203 118 267 84 28 0.03 0.03 -0.01 -0.11 0.09 -0.21
204 97 257 83 27 0.04 0.02 -0.01 -0.04 0.15 -0.23
205 91 229 85 27 0.03 -0.02 -0.01 -0.05 0.13 -0.15
206 83 255 83 26 0.01 -0.02 -0.01 -0.11 0.13 -0.14
207 81 258 82 28 -0.0 -0.02 -0.0 -0.1 0.06 -0.21
208 98 249 92 27 -0.02 -0.02 -0.01 -0.01 0.07 -0.38
209 100 248 90 26 -0.0 0.01 -0.0 0.04 0.05 -0.31
210 90 225 83 26 -0.0 0.03 -0.01 0.05 0.08 -0.31
211 86 235 77 26 -0.0 0.03 -0.02 0.04 0.13 -0.29
212 92 232 72 25 0.0 0.03 -0.04 -0.01 0.13 -0.25
213 92 229 73 27 0.0 0.04 -0.06 -0.02 0.13 -0.26
214 88 242 71 27 0.01 0.05 -0.09 -0.61 0.13 -0.28
215 88 238 75 26 -0.02 0.06 -0.08 -0.17 0.13 -0.3
216 102 240 76 25 0.01 0.02 -0.07 -0.19 0.14 -0.22
217 110 224 75 25 0.01 -0.01 -0.05 -0.23 0.12 -0.02
218 105 254 72 27 -0.02 -0.02 -0.02 -0.23 0.21 -0.13
219 99 259 72 26 -0.03 -0.03 -0.01 -0.3 0.17 -0.16
220 107 241 73 28 -0.05 -0.03 0.01 -0.14 0.2 -0.27
221 91 235 73 26 -0.06 -0.06 0.04 -0.03 0.15 -0.33
222 86 242 76 27 -0.04 -0.05 0.04 0.03 0.24 -0.31
223 93 237 74 28 -0.03 -0.03 0.04 0.09 0.22 -0.03
224 98 226 73 27 -0.03 -0.01 0.01 0.05 0.25 0.09
225 116 244 69 27 -0.03 0.0 0.0 0.02 0.22 -0.02
226 119 229 69 26 -0.03 0.03 -0.03 0.02 0.22 0.0
227 129 216 70 26 -0.02 0.03 -0.04 -0.06 0.27 -0.04
228 116 260 69 26 -0.02 0.03 -0.04 -0.11 0.24 -0.02
229 99 241 76 26 -0.02 0.02 -0.03 -0.12 0.24 -0.08
230 104 225 75 26 -0.0 0.01 -0.03 -0.07 0.23 -0.19
231 99 250 73 26 0.0 0.02 -0.01 -0.13 0.19 -0.13
232 92 254 74 26 0.0 0.0 0.0 -0.06 0.18 -0.04
233 105 269 73 26 -0.0 -0.01 0.01 -0.06 0.17 -0.13
234 100 260 71 27 -0.01 -0.01 0.01 -0.01 0.13 -0.12
235 97 242 68 27 -0.01 -0.01 0.01 0.02 0.16 -0.16
236 90 252 71 26 -0.01 -0.03 0.02 0.07 0.08 -0.22
237 77 230 67 25 -0.01 -0.02 0.02 0.09 0.11 -0.24
238 76 219 64 24 -0.01 -0.01 0.01 0.06 0.03 -0.29
239 71 199 63 24 -0.03 0.02 0.01 0.0 -0.1 -0.4
240 68 236 63 23 -0.05 0.04 0.01 0.0 -0.16 -0.51
241 61 256 62 24 -0.12 0.08 0.01 -0.1 -0.45 -0.79
242 55 282 60 24 -0.24 0.11 0.02 -0.11 -0.63 -1.13
243 52 282 58 24 -0.29 0.13 0.03 -0.18 -0.78 -1.3
244 48 327 57 24 -0.4 0.16 0.03 -0.24 -1.24 -2.12
245 54 382 61 24 -0.46 0.24 0.04 -0.29 -1.51 -2.65
246 47 398 65 24 -0.5 0.32 0.04 -0.3 -1.28 -3.07
247 46 462 61 24 -0.59 0.51 0.07 -0.41 -1.34 -3.23
248 41 465 59 24 -0.7 0.52 0.09 -0.19 -0.9 -2.86
249 55 522 63 24 -0.81 0.48 0.12 0.0 -0.81 -2.73
250 91 621 65 30 -1.01 0.52 0.18 0.14 -0.65 -2.52
251 75 531 70 29 -1.22 0.76 0.27 0.29 -0.23 -2.19
252 77 558 70 27 -1.34 0.84 0.28 -0.21 -0.14 -1.63
253 65 464 68 27 -1.59 0.89 0.22 -0.24 -0.18 -0.51
254 57 382 72 26 -1.76 0.85 0.16 -0.56 0.09 -0.09
255 63 318 67 26 -1.84 0.82 0.15 -0.47 0.29 0.35
256 65 272 65 27 -2.13 0.76 0.27 -0.13 0.2 1.0
257 86 238 61 35 -2.2 0.62 0.11 -1.63 0.27 0.97
258 82 206 59 32 -2.22 0.51 0.05 -1.47 0.0 0.85
259 69 197 58 31 -2.05 0.29 0.09 -0.49 0.11 1.01
260 61 178 64 29 -1.96 0.35 0.04 -0.52 0.15 1.63
261 57 170 62 28 -1.98 0.47 0.09 -0.16 0.44 1.58
262 63 161 70 27 -1.65 0.33 0.25 -4.28 -0.59 9.47
263 54 151 68 26 0.0 0.67 0.16 11.11 1.99 10.76
264 46 140 102 25 1.14 0.26 -0.42 -0.17 1.39 -2.09
265 40 136 100 25 0.35 0.23 -0.45 -1.89 0.76 -1.88
266 35 133 90 25 0.2 0.31 -0.27 -0.85 1.04 1.06
267 34 131 80 24 -0.01 0.3 -0.23 0.38 0.33 1.24
268 30 129 78 24 -0.01 0.47 -0.26 1.86 0.35 0.09
269 33 128 81 24 0.11 0.77 -0.15 0.27 -0.18 -0.43
270 56 130 82 24 0.16 0.7 -0.14 0.0 0.0 -0.32
271 47 130 79 23 0.19 0.63 -0.14 0.14 -0.03 -0.14
272 41 131 83 23 0.18 0.57 0.0 0.43 -0.01 -0.01
273 36 132 79 23 0.15 0.43 0.05 0.27 -0.08 -0.05
274 35 132 73 23 0.23 0.41 0.08 0.31 0.12 0.07
275 30 134 76 23 0.19 0.47 0.09 0.38 0.21 0.03
276 29 135 82 23 0.16 0.58 0.08 0.2 0.33 0.04
277 26 136 85 23 0.12 0.67 0.06 -0.05 0.24 0.07
278 62 137 78 24 0.06 0.54 0.04 -0.47 0.24 0.04
279 52 137 81 23 0.04 0.47 0.02 -0.52 0.27 0.05
280 46 137 82 23 -0.03 0.19 0.03 -0.44 0.08 -0.01
281 39 136 82 23 0.02 0.14 0.02 -0.29 0.13 -0.04
282 38 133 84 23 0.05 0.14 0.01 -0.16 0.21 -0.01
283 33 131 85 23 0.06 0.15 -0.02 -0.06 0.27 0.05
284 30 130 79 23 0.02 0.03 -0.01 -0.06 0.14 0.02
-100 -100 -100 -100 -100 -100 -100 -100 -100 -100 -100
285 32 130 74 23 -0.0 -0.03 -0.0 -0.02 0.05 0.0
286 32 130 71 23 0.0 -0.03 -0.01 0.01 0.02 -0.03
287 28 129 75 23 0.01 -0.01 -0.01 0.1 0.05 -0.02
288 53 127 73 24 0.01 0.01 -0.01 0.07 0.1 -0.05
289 48 127 73 23 0.01 0.03 -0.01 0.02 0.13 0.0
290 44 126 73 23 -0.01 0.01 0.0 -0.02 0.1 0.0
291 38 125 70 23 -0.01 -0.0 0.01 0.0 0.09 -0.06
292 34 125 67 23 -0.01 -0.03 0.01 0.06 0.12 -0.01
293 35 126 72 23 -0.02 -0.02 0.01 0.04 0.14 0.01
294 35 127 80 23 -0.02 -0.02 0.01 0.01 0.17 -0.04
295 31 128 77 23 -0.01 0.0 0.0 -0.03 0.21 -0.04
296 27 130 79 24 -0.01 -0.02 0.0 -0.07 0.14 -0.02
297 25 132 79 23 -0.0 -0.02 0.0 -0.05 0.14 -0.02
298 27 135 75 23 0.0 -0.02 -0.0 0.01 0.16 0.02
299 53 138 71 23 0.01 0.0 -0.01 0.07 0.14 -0.03
300 45 141 70 24 0.0 0.01 -0.0 0.09 0.14 -0.03
301 41 141 68 23 -0.0 0.01 -0.0 0.0 0.09 -0.02
302 39 143 70 23 0.01 0.03 -0.01 -0.06 0.12 -0.04
303 36 143 71 23 0.01 0.03 -0.01 -0.1 0.09 -0.04
304 33 144 71 23 0.01 -0.02 -0.01 -0.06 0.14 -0.03
305 34 144 74 23 0.02 -0.02 -0.01 0.0 0.13 -0.01
306 30 144 75 23 0.02 -0.03 -0.01 0.08 0.15 -0.04
307 26 143 75 23 0.01 -0.03 -0.01 0.06 0.14 0.0
308 25 144 72 23 0.0 -0.01 -0.01 0.01 0.17 -0.03
309 28 145 69 24 0.01 -0.02 -0.01 0.0 0.16 -0.04
310 26 147 68 24 -0.0 -0.03 -0.0 0.05 0.14 -0.01
311 53 148 65 24 -0.0 -0.02 -0.0 0.08 0.13 -0.01
312 49 150 84 23 0.01 -0.02 -0.0 0.05 0.11 -0.03
313 43 150 83 24 0.07 -0.03 -0.0 0.1 0.12 -0.02
314 40 150 88 23 0.1 -0.06 0.0 -0.03 0.16 0.02
315 34 151 84 23 0.1 -0.09 0.01 -0.11 0.17 0.01
316 31 150 81 23 0.02 -0.11 0.02 0.03 0.2 0.03
317 28 149 82 25 0.0 -0.08 0.01 0.0 0.16 0.01
318 33 146 86 25 -0.0 -0.06 0.01 0.01 0.15 -0.02
319 31 143 99 25 -0.03 -0.04 0.02 0.08 0.16 0.05
320 36 141 97 27 -0.06 0.01 0.02 0.17 0.12 0.04
321 63 139 87 27 -0.06 0.04 0.02 0.15 0.13 0.03
322 56 139 88 26 -0.07 0.09 0.02 -0.08 0.12 -0.05
323 74 137 85 28 -0.06 0.11 0.01 -0.16 0.12 -0.08
324 65 135 87 25 -0.02 0.12 -0.01 -0.19 0.13 -0.07
325 56 134 79 26 -0.04 -0.02 -0.01 -0.27 0.14 -0.15
326 49 132 77 25 -0.04 -0.11 0.01 -0.04 0.16 -0.05
327 42 131 75 25 -0.03 -0.12 0.01 0.01 0.13 -0.05
328 37 130 77 25 -0.0 -0.06 0.0 0.15 0.09 -0.03
329 58 131 82 26 0.01 0.03 -0.01 0.23 0.14 0.0
-200 -200 -200 -200 -200 -200 -200 -200 -200 -200 -200
330 53 132 84 25 0.01 0.07 -0.01 0.15 0.16 -0.04
331 49 130 81 24 -0.01 0.04 -0.01 -0.11 0.2 0.0
332 45 128 77 24 -0.03 -0.02 0.0 -0.09 0.2 -0.01
333 42 127 83 25 -0.02 -0.05 0.01 -0.04 0.15 -0.05
334 37 125 77 24 -0.01 -0.04 0.0 0.08 0.11 -0.03
335 32 125 75 25 -0.0 0.02 0.0 0.11 0.09 -0.05
336 33 121 72 24 0.01 0.04 -0.0 0.06 0.1 -0.05
337 56 121 65 24 0.03 0.03 -0.0 -0.1 0.09 -0.04
338 55 121 69 24 0.03 -0.02 -0.0 -0.08 0.13 -0.04
339 53 120 69 24 0.02 -0.03 0.0 -0.06 0.12 -0.03
340 48 120 69 24 0.01 -0.02 -0.01 -0.05 0.16 -0.02
341 43 119 75 24 0.01 -0.0 -0.01 0.04 0.13 0.0
342 50 115 69 23 0.01 0.01 -0.01 0.03 0.15 -0.04
343 52 109 70 25 0.0 0.01 -0.0 -0.04 0.11 -0.02
344 55 104 66 25 0.01 0.0 0.0 0.0 0.18 0.03
345 65 100 64 25 -0.0 -0.03 0.0 0.03 0.17 0.01
346 64 130 62 26 -0.02 -0.06 0.01 0.14 0.15 0.01
347 68 161 60 26 -0.04 -0.07 0.01 -0.02 0.04 0.01
348 72 182 58 38 -0.03 -0.12 0.02 -0.04 0.08 0.03
349 78 232 57 47 -0.06 -0.27 0.04 0.22 0.34 0.13
350 79 239 55 48 -0.23 -0.43 0.09 0.45 0.4 0.23
351 89 239 56 45 -0.29 -0.43 0.1 0.29 0.2 0.08
352 99 253 55 49 -0.26 -0.3 0.12 0.3 0.03 -0.04
353 99 305 55 45 -0.2 -0.23 0.13 -0.23 0.11 0.3
354 102 336 56 40 -0.16 -0.25 0.13 -0.37 0.0 0.34
355 100 323 55 37 0.06 -0.36 0.12 -0.3 -0.04 0.46
356 98 338 55 51 0.16 -0.39 0.09 0.67 0.42 0.55
357 91 408 57 45 0.01 -0.54 0.09 0.4 0.36 0.99
358 81 393 56 45 0.08 -0.5 0.06 0.63 0.47 1.49
359 76 418 55 44 0.3 -0.38 -0.13 -3.37 -1.81 1.94
360 83 405 54 41 0.88 -0.9 -0.32 1.61 1.27 3.63
361 77 369 54 42 0.79 -0.4 -0.2 -0.15 0.8 2.21
362 82 349 56 38 1.01 -0.43 -0.17 -0.46 0.53 2.48
363 79 329 55 34 1.13 -0.53 -0.18 -0.14 0.85 2.69
364 86 306 55 36 1.34 -0.56 -0.17 -0.34 0.66 2.56
365 116 269 55 40 1.6 -0.68 -0.16 -0.63 0.63 2.0
366 98 238 54 37 1.69 -0.79 -0.15 -0.56 0.73 1.78
367 92 238 55 35 1.69 -0.97 -0.11 -0.22 0.7 1.07
368 102 255 56 33 1.66 -0.98 -0.07 -0.33 0.7 0.22
369 112 253 56 32 1.64 -0.99 -0.01 -0.13 0.43 0.07
370 102 240 62 30 1.66 -1.04 -0.03 -0.33 0.24 -0.06
371 118 240 72 30 1.54 -1.0 -0.01 -0.45 0.07 -0.27
372 127 229 74 30 1.52 -0.92 -0.0 -0.56 0.11 -0.56
373 126 227 71 29 1.4 -0.7 0.03 -0.45 -0.1 -1.07
374 124 238 87 28 1.3 -0.6 0.02 -0.4 -0.25 -1.7
375 140 225 88 28 1.23 -0.62 0.03 -0.45 -0.31 -1.78
376 153 239 90 29 1.17 -0.61 -0.0 -0.4 -0.35 -1.51
377 143 259 97 31 1.01 -0.47 -0.04 -0.61 -0.75 -1.1
378 153 292 97 31 0.97 -0.38 -0.08 -0.41 -0.44 -1.47
379 154 278 93 30 0.83 -0.23 -0.15 -0.53 -0.56 -1.37
380 148 259 104 40 0.72 0.03 -0.21 -0.44 -0.52 -1.33
381 176 318 108 52 0.65 0.16 -0.22 0.02 -0.81 -1.55
382 183 331 113 66 0.63 0.09 -0.2 -0.93 -0.77 -1.7
383 167 361 132 59 0.54 0.16 -0.17 -0.48 -0.8 -1.43
384 166 358 125 54 0.51 0.28 -0.15 -0.93 -0.99 -0.7
385 165 359 118 56 0.45 0.29 -0.16 -0.55 -0.92 -0.2
386 155 358 111 54 0.36 0.33 -0.17 0.0 -0.68 -0.66
387 181 366 115 57 0.31 0.35 -0.19 0.02 -0.65 -1.0
388 170 356 113 56 0.26 0.27 -0.2 -0.05 -0.6 -0.73
389 158 319 120 52 0.23 0.22 -0.2 -0.08 -0.64 -0.58
390 143 321 112 47 0.14 0.19 -0.18 -0.09 -0.56 -0.58
391 130 334 103 42 0.06 0.14 -0.16 0.0 -0.56 -0.64
392 156 313 107 38 0.05 0.11 -0.16 0.27 -0.46 -0.94
393 133 288 100 42 0.04 0.11 -0.13 0.37 -0.46 -0.84
394 132 265 98 38 0.03 0.1 -0.1 0.48 -0.4 -0.72
395 147 241 94 37 -0.0 0.1 -0.1 0.49 -0.19 -0.6
396 128 286 86 40 -0.07 0.11 -0.11 0.4 -0.15 -0.72
397 114 266 83 37 -0.15 0.1 -0.13 0.45 -0.03 -0.71
398 122 274 92 41 -0.17 0.07 -0.13 0.28 0.1 -0.78
399 108 269 101 38 -0.17 0.02 -0.11 0.26 0.11 -0.43
400 109 256 109 35 -0.21 0.05 -0.1 -0.01 0.07 -0.27
401 130 242 101 39 -0.22 0.06 -0.09 0.0 0.07 -0.12
402 127 249 96 33 -0.2 0.04 -0.07 -0.05 0.1 0.04
403 116 229 92 31 -0.18 0.01 -0.06 0.01 0.14 0.12
404 102 210 87 30 -0.18 -0.0 -0.07 0.02 0.17 0.14
405 93 231 86 29 -0.16 0.0 -0.08 0.0 0.19 0.13
406 87 236 83 28 -0.14 0.03 -0.09 -0.02 0.22 0.14
407 92 225 89 28 -0.13 0.03 -0.1 -0.14 0.29 0.12
408 77 215 90 28 -0.1 0.0 -0.1 -0.19 0.29 0.01
409 104 239 84 27 -0.07 0.03 -0.09 -0.15 0.32 0.11
410 107 251 84 27 -0.08 0.04 -0.09 -0.28 0.23 0.2
411 107 258 87 26 -0.07 0.01 -0.07 -0.29 0.18 0.07
412 101 260 81 26 -0.04 -0.01 -0.05 -0.25 0.14 0.11
413 107 243 80 26 -0.03 -0.01 -0.04 -0.24 0.16 0.19
414 101 233 91 25 -0.02 -0.03 -0.04 -0.18 0.18 0.16
415 103 231 85 26 -0.03 -0.03 -0.04 -0.15 0.17 0.15
416 96 234 85 25 -0.03 -0.04 -0.04 -0.03 0.18 -0.17
417 104 232 87 27 -0.02 -0.01 -0.04 -0.04 0.17 -0.26
418 119 214 87 27 0.0 0.01 -0.04 -0.09 0.07 -0.17
419 109 214 82 26 0.01 0.0 -0.04 -0.19 0.0 0.04
420 105 236 85 27 0.0 0.0 -0.04 -0.23 0.0 -0.01
421 99 246 80 30 -0.01 0.0 -0.03 -0.33 -0.11 -0.13
422 93 284 78 36 -0.01 -0.02 -0.03 -0.35 -0.14 -0.25
423 102 288 81 34 0.08 -0.02 -0.01 -0.07 -0.15 -0.66
424 120 301 91 35 0.16 0.04 -0.0 -0.26 0.04 -0.14
425 132 308 91 39 0.01 -0.01 -0.01 -0.29 0.46 -0.37
426 120 310 95 39 0.05 -0.04 0.05 0.0 -0.05 -0.29
427 106 283 88 36 0.05 0.01 0.05 0.1 0.01 -0.22
428 94 271 87 35 0.05 0.02 0.04 0.13 0.03 0.11
429 111 311 93 34 0.01 0.03 0.01 0.09 0.12 0.06
430 95 309 94 34 -0.05 0.06 -0.03 0.03 0.15 -0.14
431 117 309 95 34 -0.05 0.07 -0.05 0.13 0.18 -0.44
432 108 289 92 32 -0.06 0.06 -0.05 0.0 0.13 -0.17
433 112 303 85 32 -0.08 0.03 -0.04 -0.04 0.2 0.03
434 104 285 85 31 -0.09 0.02 -0.04 -0.04 0.15 -0.05
435 104 292 85 31 -0.1 -0.01 -0.03 -0.11 0.1 0.01
436 96 339 80 33 -0.09 -0.01 -0.02 -0.07 0.12 -0.1
437 97 429 78 49 -0.1 -0.01 -0.02 -0.06 0.07 -0.04
438 99 450 75 55 -0.06 -0.02 -0.01 0.07 0.1 -0.25
439 113 393 78 51 0.01 -0.03 0.01 0.07 0.0 -0.52
440 101 416 90 50 0.04 -0.03 0.03 0.22 0.0 0.01
441 117 380 87 45 0.06 -0.01 0.07 -0.31 0.02 0.42
442 110 339 81 41 0.07 -0.03 0.07 -0.32 0.11 0.35
443 102 343 83 42 0.06 -0.01 0.07 -0.24 0.28 0.12
444 95 313 77 40 -0.02 -0.03 0.06 -0.19 0.35 -0.07
445 83 303 74 39 -0.07 -0.06 0.05 -0.02 0.33 -0.38
446 91 283 69 35 -0.08 -0.06 0.03 0.03 0.18 -0.28
447 83 266 69 33 -0.09 -0.04 0.02 0.1 0.15 -0.24
448 76 244 68 31 -0.11 -0.03 0.0 0.0 0.03 -0.2
449 81 222 66 29 -0.13 -0.03 -0.0 -0.01 0.0 -0.15
450 73 210 62 28 -0.18 -0.01 -0.01 -0.08 -0.03 -0.2
451 73 202 61 27 -0.25 0.0 -0.0 -0.11 -0.07 -0.41
452 67 210 59 27 -0.3 0.02 0.0 -0.09 -0.09 -0.43
453 61 205 58 26 -0.42 0.04 0.03 -0.12 -0.23 -0.71
454 54 203 57 25 -0.5 0.07 0.06 -0.21 -0.3 -1.04
455 46 236 56 25 -0.54 0.07 0.08 -0.04 -0.27 -1.27
456 41 317 55 25 -0.64 0.1 0.11 -0.13 -0.28 -1.32
457 44 385 56 25 -0.77 0.07 0.18 -0.13 -0.58 -1.65
458 43 442 55 25 -0.78 0.04 0.21 -0.17 -0.59 -1.99
459 42 432 53 24 -0.72 0.08 0.29 -0.29 -0.86 -2.09
460 43 391 54 23 -0.66 0.22 0.39 -0.56 -0.46 -2.19
461 40 335 51 24 -0.61 0.27 0.41 -0.85 -0.59 -2.17
462 36 306 52 23 -0.72 0.22 0.49 -0.59 -0.59 -0.89
463 45 300 51 26 -0.95 0.24 0.55 -0.49 -0.52 -0.5
464 44 272 51 26 -1.03 0.29 0.56 -0.25 -0.36 -0.7
465 59 234 50 26 -1.13 0.34 0.55 -0.27 -0.24 -0.61
466 56 204 51 26 -1.31 0.34 0.54 0.16 -0.15 -0.32
467 51 176 50 25 -1.37 0.32 0.53 0.01 -0.2 -0.27
468 77 154 51 25 -1.37 0.25 0.47 -0.11 0.0 -0.13
469 98 146 52 25 -1.38 0.12 0.38 -0.47 0.23 0.68
470 88 134 51 26 -1.37 0.1 0.37 0.42 0.26 1.0
471 74 124 51 26 -1.45 0.04 0.3 0.27 0.07 1.03
472 66 120 50 25 -1.62 0.14 0.21 -0.2 0.08 0.05
473 57 117 50 24 -1.65 0.24 0.21 -0.19 -0.09 -0.19
474 49 116 50 23 -1.66 0.46 0.32 -0.06 0.04 -0.25
475 49 118 50 24 -1.45 0.32 0.3 -0.06 0.0 -0.1
476 48 121 50 23 -1.34 0.18 0.28 0.35 0.03 0.14
477 41 124 49 24 -1.22 0.06 0.31 0.51 0.24 -0.15
478 37 126 49 24 -1.26 0.13 0.3 -0.41 0.32 -1.47
479 34 125 56 24 -1.35 0.17 0.32 -0.44 0.16 -1.91
480 34 122 60 23 -1.52 0.03 0.27 -1.6 -0.37 -3.47
481 59 116 67 23 -1.42 -0.42 0.24 -4.77 -0.89 7.56
482 54 111 69 23 -1.01 0.7 0.65 -2.74 -8.23 29.67
483 49 110 83 23 1.39 -0.22 -0.69 1.0 3.48 -2.98
484 44 107 89 24 0.82 0.43 -0.33 -3.12 0.51 -0.38
485 37 102 82 24 0.68 0.49 -0.2 -1.98 1.52 0.81
486 33 98 88 24 0.51 0.87 -0.32 0.77 1.58 0.77
487 30 97 82 24 0.19 0.76 -0.21 1.54 0.6 0.0
488 26 96 97 24 0.05 0.44 -0.08 1.19 0.35 -0.07
489 24 93 87 24 0.04 0.61 -0.04 0.21 0.27 0.06
490 27 91 80 24 -0.02 0.71 -0.06 -0.59 0.05 0.01
491 62 89 76 24 -0.02 0.74 -0.06 -0.62 -0.13 -0.1
492 53 87 79 24 0.09 0.64 -0.06 -0.38 -0.17 -0.13
493 47 85 84 23 0.12 0.31 -0.03 -0.45 -0.02 0.0
494 40 84 82 23 0.12 0.21 -0.03 -0.41 0.03 0.0
-100 -100 -100 -100 -100 -100 -100 -100 -100 -100 -100
495 34 81 77 24 0.11 0.07 -0.02 -0.21 0.09 -0.07
496 30 78 74 23 0.12 0.08 -0.03 0.03 0.17 0.05
497 29 76 72 23 0.1 0.05 -0.03 0.05 0.16 0.0
498 32 75 76 23 0.1 0.02 -0.03 -0.09 0.23 -0.05
499 31 74 75 23 0.11 0.07 -0.04 0.06 0.2 0.05
500 28 74 79 23 0.1 0.06 -0.04 0.12 0.22 0.03
501 58 74 82 23 0.09 0.06 -0.04 0.05 0.2 -0.01
502 49 72 76 23 0.05 0.03 -0.02 0.0 0.19 0.04
503 42 71 77 23 0.04 0.01 -0.02 0.0 0.21 0.05
504 36 70 79 23 0.03 0.01 -0.01 -0.07 0.09 -0.02
505 38 69 72 23 0.02 -0.0 -0.0 0.07 0.06 -0.02
506 32 69 70 24 0.02 0.02 -0.0 0.07 0.09 -0.05
507 34 71 74 23 0.03 0.05 -0.01 -0.02 0.11 -0.05
508 29 70 73 24 0.04 0.07 -0.02 -0.07 0.13 0.0
509 28 69 73 23 0.05 0.07 -0.02 -0.16 0.14 -0.02
510 26 68 74 23 0.03 0.01 -0.02 -0.15 0.14 -0.01
511 24 68 73 24 0.03 -0.02 -0.02 -0.02 0.17 -0.02
512 26 67 72 24 0.03 -0.02 -0.02 -0.01 0.2 -0.01
513 47 67 73 23 0.02 -0.02 -0.02 0.01 0.14 0.0
514 41 67 73 24 0.01 -0.02 -0.02 0.04 0.17 0.0
515 36 66 74 24 0.0 -0.03 -0.02 0.0 0.09 -0.02
516 34 67 74 23 0.01 -0.01 -0.01 0.04 0.08 -0.05
517 31 67 73 23 0.01 -0.01 -0.02 -0.04 0.1 0.0
518 28 67 68 24 0.01 -0.0 -0.01 -0.07 0.1 -0.02
519 30 68 66 23 0.02 0.01 -0.01 -0.02 0.14 -0.04
520 31 69 65 24 0.02 -0.0 -0.01 -0.03 0.16 -0.04
521 28 69 70 23 0.02 -0.0 -0.01 -0.01 0.11 -0.05
522 25 69 75 24 0.01 0.0 -0.01 -0.04 0.13 -0.04
523 23 69 73 24 0.02 0.03 -0.02 -0.04 0.12 0.0
524 22 69 71 24 0.03 0.03 -0.02 0.0 0.15 -0.01
525 21 69 67 24 0.03 0.03 -0.02 -0.01 0.12 -0.06
526 24 70 66 24 0.03 0.05 -0.02 -0.03 0.11 0.0
527 22 71 76 24 0.02 0.04 -0.02 -0.11 0.11 0.0
528 21 71 71 25 0.02 0.02 -0.02 -0.1 0.13 0.0
529 19 71 74 24 0.02 -0.01 -0.01 0.0 0.12 -0.01
530 25 72 73 24 0.02 -0.0 -0.02 0.01 0.12 -0.04
531 23 71 72 24 0.02 0.02 -0.02 0.02 0.09 -0.04
532 21 71 73 24 0.03 0.04 -0.02 -0.05 0.07 -0.03
533 20 70 82 24 0.03 0.03 -0.03 -0.11 0.11 0.0
534 21 72 82 23 0.03 0.01 -0.01 -0.02 0.12 -0.02
535 22 70 78 24 0.03 0.0 -0.01 0.0 0.08 -0.03
536 20 69 78 23 0.02 0.0 -0.01 0.04 0.09 -0.01
537 21 69 81 24 0.04 0.02 0.0 0.14 0.1 -0.05
538 33 86 76 24 0.04 0.04 0.01 0.21 0.21 0.02
539 48 87 69 24 0.01 0.05 0.02 0.34 0.19 0.03
540 45 84 64 24 -0.02 0.05 0.04 -0.08 0.09 -0.06
541 52 82 63 24 -0.03 0.04 0.05 -0.3 0.08 -0.03
542 44 80 62 23 -0.03 0.04 0.04 -0.35 0.1 -0.04
543 47 78 60 24 0.01 0.03 0.01 -0.25 0.15 -0.02
-200 -200 -200 -200 -200 -200 -200 -200 -200 -200 -200
544 41 78 60 24 0.03 -0.0 0.0 -0.04 0.17 0.02
545 52 77 59 24 0.02 -0.02 0.01 -0.01 0.18 0.0
546 44 74 59 24 0.01 -0.03 0.01 0.1 0.18 -0.01
547 45 75 67 24 0.01 0.0 0.0 -0.05 0.12 0.0
548 40 73 65 23 0.01 0.0 0.0 -0.04 0.12 -0.01
549 35 71 63 24 0.01 0.0 -0.01 -0.16 0.12 -0.08
550 32 71 65 24 0.02 0.0 -0.01 -0.12 0.17 -0.02
551 28 71 66 24 0.02 -0.01 -0.02 -0.13 0.12 -0.02
552 26 71 67 24 0.03 -0.01 -0.02 -0.14 0.11 -0.04
553 27 71 74 24 0.03 -0.03 -0.03 -0.19 0.11 -0.02
554 29 72 72 24 0.03 -0.04 -0.03 -0.08 0.15 0.0
555 26 72 69 24 0.03 -0.05 -0.03 0.04 0.14 -0.02
556 30 73 69 23 0.03 -0.04 -0.02 0.1 0.12 -0.01
557 31 73 69 23 0.03 -0.02 -0.02 0.14 0.12 -0.02
558 31 73 66 22 0.01 -0.01 -0.01 0.11 0.14 0.0
559 28 73 62 23 0.0 0.0 -0.0 0.04 0.1 -0.01
560 48 87 58 23 -0.0 -0.02 0.01 -0.06 0.11 0.02
561 59 110 57 36 -0.01 -0.01 0.01 0.13 0.07 -0.02
562 58 134 56 33 0.0 0.02 0.0 0.21 0.1 -0.01
563 65 170 57 64 0.04 0.03 0.0 0.09 0.11 0.0
564 62 205 62 149 0.15 0.06 -0.01 0.29 0.19 0.09
565 94 232 60 129 0.26 0.1 -0.01 0.69 0.18 0.1
566 94 290 60 111 0.3 0.07 -0.02 0.62 0.15 0.0
567 96 274 59 136 0.27 -0.01 -0.03 -0.17 0.13 0.09
568 101 290 59 177 0.22 -0.33 -0.01 -0.1 0.26 0.18
569 98 266 59 173 0.13 -0.28 -0.04 -0.06 0.39 0.47
570 95 251 62 139 -0.08 0.18 -0.03 0.14 0.22 0.25
571 88 278 62 115 -0.08 0.4 -0.01 -0.26 0.34 0.94
572 89 277 62 96 -0.09 0.46 0.01 -1.23 0.3 0.99
573 89 254 60 81 0.09 -0.04 -0.01 -0.92 0.04 2.53
574 82 249 60 69 0.42 -0.35 -0.13 2.97 1.55 3.58
575 81 253 61 60 0.99 -1.0 -0.27 -0.06 0.23 2.55
576 76 263 58 56 0.98 -0.95 -0.18 0.08 0.84 1.78
577 84 244 61 50 1.16 -0.77 -0.19 0.04 0.7 2.37
578 78 225 59 45 1.26 -0.7 -0.18 -0.21 0.45 2.42
579 72 213 58 40 1.46 -0.71 -0.15 -0.27 0.67 2.15
580 77 242 59 37 1.65 -0.79 -0.14 -0.2 0.74 1.55
581 82 268 61 34 1.69 -0.82 -0.12 -0.18 0.72 1.26
582 72 252 58 32 1.66 -0.77 -0.07 -0.01 0.44 0.49
583 69 311 62 31 1.68 -0.83 -0.04 -0.11 0.16 0.16
584 65 292 64 30 1.69 -0.88 -0.05 -0.02 0.23 0.09
585 97 275 64 28 1.67 -0.75 -0.02 -0.01 0.05 -0.09
586 95 254 74 27 1.65 -0.74 -0.03 0.13 0.12 -0.02
587 102 292 87 30 1.6 -0.63 -0.06 -0.21 -0.02 -0.23
588 111 292 84 29 1.45 -0.5 -0.07 -0.23 -0.2 -0.4
589 116 270 90 31 1.4 -0.45 -0.08 -0.17 -0.43 -0.92
590 104 301 87 34 1.38 -0.45 -0.09 -0.22 -0.45 -1.22
591 113 312 86 50 1.26 -0.41 -0.11 -0.22 -0.47 -1.26
592 148 346 87 56 1.18 -0.28 -0.11 -0.64 -0.6 -1.59
593 152 317 102 57 1.17 -0.22 -0.12 -0.34 -0.75 -2.08
594 160 313 115 61 1.14 -0.06 -0.14 -0.33 -0.47 -1.86
595 143 298 113 54 0.95 0.17 -0.15 -0.37 -0.77 -0.55
596 129 312 103 49 0.82 0.2 -0.15 -0.48 -0.65 -0.77
597 129 308 102 44 0.62 0.11 -0.18 -0.32 -0.55 -1.56
598 128 277 117 47 0.39 0.1 -0.16 -0.21 -0.71 -1.41
599 140 265 104 41 0.3 0.12 -0.16 -0.26 -0.71 -1.19
600 131 304 101 40 0.16 0.04 -0.2 -0.09 -0.71 -1.14
601 112 271 95 37 0.04 0.1 -0.25 0.22 -0.71 -1.66
602 119 264 93 34 0.04 0.15 -0.27 0.27 -0.61 -1.63
603 100 256 100 33 -0.01 0.21 -0.27 0.0 -0.63 -0.73
604 100 250 99 32 -0.09 0.16 -0.28 -0.22 -0.47 -0.72
605 101 317 92 49 -0.13 0.15 -0.3 -0.2 -0.4 -0.81
606 118 310 89 43 -0.22 0.19 -0.27 -0.25 -0.35 -0.8
607 127 292 94 39 -0.29 0.21 -0.22 -0.12 -0.35 -0.9
608 116 303 93 35 -0.3 0.16 -0.19 -0.08 -0.33 -0.7
609 104 323 94 34 -0.29 0.13 -0.15 -0.16 -0.25 -0.24
610 95 312 96 33 -0.29 0.12 -0.15 -0.28 -0.15 -0.03
611 103 305 103 35 -0.28 0.07 -0.15 -0.05 -0.04 -0.28
612 99 293 100 33 -0.22 0.05 -0.15 0.05 0.08 -0.3
613 106 279 100 35 -0.21 0.14 -0.1 -0.31 -0.07 0.08
614 104 261 100 32 -0.19 0.13 -0.1 -0.19 -0.03 0.17
615 89 260 95 31 -0.14 0.1 -0.08 -0.24 0.16 0.32
616 91 266 99 29 -0.11 0.06 -0.06 -0.31 0.25 0.27
617 111 249 91 28 -0.1 0.05 -0.06 -0.29 0.32 0.19
618 112 236 89 27 -0.1 0.05 -0.04 -0.21 0.26 0.2
619 126 252 95 28 -0.09 0.03 -0.03 -0.16 0.24 0.16
620 107 242 99 33 -0.08 0.04 -0.04 -0.11 0.29 0.21
621 102 259 103 33 -0.07 0.07 -0.04 0.06 0.31 0.04
622 105 268 100 34 -0.07 0.07 -0.04 -0.05 0.13 0.13
623 95 280 94 34 -0.06 0.07 -0.05 0.01 0.21 -0.24
624 87 264 95 33 -0.04 0.03 -0.03 -0.13 0.13 0.01
625 71 250 94 34 -0.03 0.0 -0.03 -0.09 0.16 -0.04
626 121 269 91 37 -0.02 -0.05 -0.02 -0.1 0.1 0.0
627 109 333 87 43 0.0 -0.05 -0.03 -0.1 0.05 -0.07
628 123 333 100 51 0.01 -0.05 -0.03 -0.14 -0.02 -0.15
629 105 324 100 46 0.05 -0.01 -0.03 -0.11 0.02 -0.1
630 133 321 102 43 0.09 0.02 -0.02 -0.18 0.0 0.03
631 116 323 96 39 0.1 0.01 -0.02 -0.3 0.05 0.06
632 98 299 98 38 0.07 -0.01 -0.0 -0.29 0.16 -0.13
633 99 289 98 35 0.05 -0.05 0.01 -0.2 0.15 0.01
634 101 292 89 32 0.01 -0.05 0.01 -0.12 0.05 -0.33
635 102 276 92 32 -0.0 -0.06 0.02 0.02 0.07 -0.44
636 102 307 95 33 0.01 -0.03 0.02 0.06 -0.06 -0.19
637 93 304 102 33 0.02 -0.03 0.02 0.01 -0.02 -0.09
638 99 290 99 31 0.03 -0.02 -0.0 -0.02 -0.06 0.1
639 92 266 93 30 0.01 -0.0 -0.02 -0.13 0.1 0.02
640 101 270 106 31 -0.01 -0.01 -0.03 -0.18 0.03 0.02
641 108 281 111 29 -0.05 0.01 -0.03 -0.15 0.08 -0.44
642 94 274 106 28 -0.05 0.01 -0.03 -0.11 0.03 -0.38
643 90 305 102 30 -0.04 0.02 -0.02 -0.23 0.02 -0.18
644 82 277 95 28 -0.03 -0.02 0.0 -0.22 0.05 -0.11
645 89 291 97 28 -0.05 -0.03 0.01 -0.22 0.01 -0.23
646 85 275 92 27 -0.06 -0.03 0.02 -0.24 0.05 -0.08
647 90 277 89 27 -0.1 -0.03 0.02 -0.18 0.06 -0.2
648 85 284 83 28 -0.14 -0.05 0.03 -0.13 -0.02 -0.17
649 91 253 76 27 -0.15 -0.06 0.03 -0.11 -0.05 -0.25
650 84 238 72 26 -0.2 -0.08 0.04 -0.13 -0.09 -0.29
651 83 287 68 26 -0.28 -0.08 0.06 -0.18 -0.18 -0.48
652 84 286 67 26 -0.32 -0.07 0.08 -0.2 -0.23 -0.84
653 72 299 66 26 -0.34 -0.04 0.11 -0.07 -0.17 -0.88
654 62 275 65 24 -0.45 -0.03 0.16 -0.01 -0.48 -0.84
655 57 313 75 25 -0.49 -0.03 0.19 -0.25 -0.66 -1.06
656 50 327 71 26 -0.6 -0.05 0.23 -0.21 -0.75 -1.05
657 44 320 72 25 -0.67 0.01 0.26 -0.47 -0.75 -1.12
658 55 311 78 25 -0.7 0.03 0.28 -0.52 -0.69 -1.15
659 48 338 76 24 -0.74 0.13 0.32 -0.52 -0.72 -1.0
660 43 334 86 24 -0.79 0.21 0.41 -0.15 -0.34 -1.55
661 42 322 79 24 -0.88 0.33 0.45 -0.29 -1.13 -1.16
662 38 295 81 27 -1.03 0.3 0.51 -0.51 -0.69 -1.31
663 34 302 79 27 -1.12 0.25 0.55 0.17 -0.38 -1.18
664 29 292 87 26 -1.21 0.29 0.59 -0.45 -0.71 -0.91
665 28 267 86 25 -1.36 0.43 0.57 -0.32 -0.74 -0.87
666 30 244 79 26 -1.42 0.2 0.55 -0.05 -0.34 -1.12
667 32 223 73 26 -1.46 0.13 0.56 0.07 -0.3 -1.11
668 32 196 68 27 -1.61 0.16 0.61 0.06 -0.24 -1.14
669 31 189 63 26 -1.69 0.27 0.6 -0.5 -0.16 -1.21
670 43 184 61 25 -1.74 0.3 0.58 -0.01 -0.4 -1.07
671 38 235 59 25 -1.74 0.22 0.54 0.22 -0.28 -1.16
672 33 241 57 24 -1.73 0.22 0.43 0.4 -0.04 -1.16
673 28 219 57 24 -1.74 0.26 0.4 0.67 0.13 -1.83
674 26 242 60 24 -1.66 0.42 0.28 0.71 0.28 -2.34
675 24 211 67 24 -1.67 0.48 0.2 0.73 0.33 -2.79
676 21 191 78 24 -1.78 0.63 0.11 -0.23 0.22 -4.59
677 21 184 82 24 -2.18 0.86 0.21 2.14 0.77 -1.53
678 72 181 88 28 2.19 3.59 -0.06 10.59 4.82 17.97
679 64 217 108 28 1.23 1.28 -0.97 2.69 1.95 -5.34
680 61 312 98 27 0.15 1.24 -0.43 -5.15 1.29 0.86
681 77 476 93 28 0.28 0.75 -0.35 -4.47 3.89 0.59
682 87 514 85 37 0.05 0.15 -0.39 -1.8 0.71 -0.26
683 71 425 79 35 -0.02 -1.19 -0.28 -0.74 0.17 -0.15
684 60 355 79 31 -0.12 -1.41 0.01 0.36 -0.39 0.55
685 50 299 93 29 -0.06 -1.26 0.05 1.95 -0.49 -0.51
686 42 262 99 28 -0.02 -0.49 0.09 1.47 -0.22 -0.6
687 36 233 92 27 -0.03 0.25 0.12 1.66 -0.64 -0.34
688 39 221 87 28 -0.04 0.7 0.07 0.28 -0.97 -0.28
689 36 199 97 26 -0.09 0.76 0.06 -0.34 -0.64 -0.09
690 36 182 102 26 -0.18 0.21 0.08 -1.72 -0.36 -0.07
691 31 168 93 25 -0.11 0.04 0.05 -1.12 0.17 -0.08
692 28 156 90 24 0.01 -0.08 -0.0 -0.75 0.25 -0.05
693 53 169 97 24 0.23 0.06 -0.03 0.28 0.54 0.07
694 44 172 93 24 0.19 0.14 -0.04 0.42 0.74 0.15
-100 -100 -100 -100 -100 -100 -100 -100 -100 -100 -100
695 39 158 84 24 -0.03 0.14 -0.05 0.04 0.49 0.13
696 33 163 78 24 -0.05 0.06 -0.05 -0.61 0.23 -0.07
697 30 149 72 23 -0.02 0.03 -0.05 -0.6 -0.03 -0.14
698 29 140 70 23 0.09 0.0 -0.05 -0.45 -0.11 -0.13
699 31 139 81 23 0.16 0.07 -0.07 0.05 -0.02 -0.11
700 26 134 89 23 0.12 0.07 -0.06 0.06 -0.01 -0.01
701 24 132 84 24 0.05 -0.01 -0.04 -0.15 0.0 -0.03
702 27 128 78 22 0.04 -0.03 -0.02 -0.25 0.05 -0.03
703 24 125 72 23 0.04 -0.03 -0.02 -0.17 0.07 0.0
704 23 123 85 23 0.03 0.01 -0.01 -0.15 0.07 -0.03
705 21 121 86 23 0.03 0.02 -0.01 -0.12 0.15 0.0
706 21 119 87 24 0.01 0.01 -0.0 -0.21 0.16 0.01
707 26 117 78 23 0.01 0.02 -0.0 -0.18 0.1 -0.03
708 24 117 75 23 0.01 0.03 0.0 -0.14 0.09 -0.04
709 23 117 71 24 0.0 0.03 0.0 -0.18 0.0 -0.04
710 20 117 74 23 0.04 0.06 -0.0 -0.23 0.01 -0.08
711 20 116 74 23 0.03 0.04 0.0 -0.28 0.01 -0.02
712 18 116 71 23 0.03 0.01 0.0 -0.34 0.03 -0.02
713 18 115 76 23 0.05 -0.02 0.0 -0.33 0.04 -0.05
714 18 116 71 24 0.07 -0.01 -0.0 -0.22 0.04 -0.02
715 17 117 69 24 0.09 0.01 -0.01 -0.15 0.07 -0.05
716 16 117 72 24 0.13 0.08 -0.03 -0.11 0.06 -0.03
717 17 116 70 23 0.14 0.1 -0.03 -0.16 0.1 -0.05
718 17 116 69 23 0.1 0.05 -0.03 -0.28 0.1 0.0
719 26 116 69 24 0.06 -0.03 -0.02 -0.36 0.09 -0.04
720 25 119 71 23 0.09 -0.03 -0.03 -0.21 0.11 -0.05
721 21 119 74 23 0.1 -0.01 -0.02 -0.02 0.07 -0.01
722 21 120 72 23 0.09 0.02 -0.02 0.0 0.11 0.02
723 20 119 70 24 0.04 0.03 -0.02 -0.07 0.06 -0.01
724 18 118 68 23 0.04 0.04 -0.02 -0.18 0.07 -0.01
725 18 117 68 23 0.01 -0.02 -0.01 -0.21 0.07 -0.02
726 18 118 67 23 0.02 -0.03 -0.0 -0.15 0.05 -0.08
727 17 117 76 24 0.03 -0.01 -0.01 -0.05 0.07 -0.04
728 17 117 76 24 0.04 0.04 -0.01 -0.09 0.02 -0.06
729 16 115 74 24 0.05 0.06 -0.02 -0.28 0.1 -0.01
730 17 116 69 24 0.03 0.03 -0.01 -0.3 0.08 0.0
731 20 114 69 24 0.03 -0.03 -0.01 -0.19 0.08 0.0
732 20 114 68 23 0.01 -0.07 -0.01 -0.11 0.08 -0.04
733 19 112 66 24 0.01 -0.04 -0.01 -0.03 0.06 -0.04
734 18 112 76 23 0.01 0.01 -0.01 -0.02 0.05 -0.03
735 18 112 78 23 0.01 0.04 -0.0 -0.17 0.03 -0.07
736 17 112 77 24 0.01 0.04 0.0 -0.25 0.04 -0.02
737 17 112 78 24 -0.0 -0.01 0.01 -0.25 0.03 -0.03
738 16 111 90 24 0.0 -0.04 0.01 -0.19 0.07 -0.01
739 16 111 84 24 0.01 -0.04 0.0 -0.13 0.08 0.01
-200 -200 -200 -200 -200 -200 -200 -200 -200 -200 -200
740 17 122 81 24 0.03 -0.01 -0.0 -0.1 0.08 -0.01
741 17 115 75 23 0.03 -0.01 -0.0 -0.12 0.06 -0.03
742 16 112 78 24 -0.0 -0.03 0.0 -0.2 0.06 -0.01
743 16 111 81 23 -0.03 -0.06 0.0 -0.24 0.05 -0.04
744 17 109 82 24 -0.04 -0.08 0.0 -0.2 0.05 -0.04
745 17 109 74 24 -0.02 -0.06 0.0 -0.07 0.05 -0.04
746 16 107 74 26 -0.01 -0.01 -0.0 -0.04 0.06 -0.03
747 16 104 70 25 -0.01 0.02 0.0 -0.07 0.06 -0.02
748 16 100 66 25 -0.01 0.04 0.0 -0.16 0.08 -0.01
749 16 100 63 24 -0.03 0.0 0.0 -0.21 0.07 -0.02
750 15 98 64 24 -0.04 -0.06 0.0 -0.22 0.07 -0.06
751 16 95 60 24 -0.04 -0.07 0.0 -0.14 0.06 0.0
752 16 91 62 24 -0.03 -0.05 -0.0 -0.11 0.04 -0.02
753 21 109 60 24 -0.02 -0.03 0.0 -0.08 0.07 -0.03
754 33 120 58 27 -0.03 -0.06 0.0 -0.07 0.04 0.0
755 53 131 58 30 -0.07 -0.11 0.02 -0.04 0.06 0.01
756 103 168 57 40 -0.13 -0.17 0.03 0.01 0.15 0.03
757 112 220 57 37 -0.16 -0.18 0.03 0.1 0.14 -0.01
758 97 215 56 34 -0.16 -0.13 0.01 -0.03 0.03 -0.09
759 85 225 54 33 -0.09 -0.17 0.0 0.2 0.03 -0.02
760 91 233 53 53 -0.09 -0.2 0.0 -0.01 0.04 0.15
761 95 251 53 47 -0.08 -0.24 0.0 -0.25 0.07 0.19
762 100 247 52 45 -0.01 -0.24 -0.01 -0.53 0.06 0.2
763 111 237 52 40 0.06 -0.26 -0.03 -0.56 -0.04 0.0
764 114 234 51 37 0.17 -0.29 -0.05 -0.6 -0.1 0.11
765 98 256 51 35 0.2 -0.33 -0.06 -0.17 -0.27 0.1
766 87 258 54 34 0.2 -0.38 -0.06 -0.11 -0.12 0.31
767 89 322 54 33 0.35 -0.21 -0.07 -0.31 -0.2 0.02
768 83 290 54 38 0.47 -0.43 -0.07 -0.72 -0.08 1.18
769 87 271 53 37 0.55 -0.54 -0.1 -2.61 -0.95 1.6
770 81 346 53 32 1.05 -1.04 -0.26 0.63 -0.33 2.02
771 86 295 53 31 1.14 -0.8 -0.16 0.51 0.88 2.09
772 87 253 53 31 1.19 -0.6 -0.15 0.16 0.76 2.31
773 82 242 53 28 1.27 -0.37 -0.14 0.07 0.74 2.24
774 75 231 53 28 1.33 -0.23 -0.14 -0.16 0.77 1.92
775 81 209 54 28 1.38 -0.23 -0.15 0.23 0.72 1.41
776 74 185 56 26 1.48 -0.36 -0.19 0.19 0.71 1.28
777 74 189 59 26 1.5 -0.49 -0.19 0.24 0.61 0.93
778 76 182 61 26 1.49 -0.5 -0.19 0.04 0.56 0.8
779 76 216 62 25 1.43 -0.4 -0.15 -0.16 0.61 0.56
780 78 201 68 25 1.35 -0.39 -0.14 -0.24 0.25 0.24
781 82 185 76 24 1.35 -0.44 -0.16 -0.46 0.17 -0.24
782 90 185 79 24 1.29 -0.47 -0.13 -0.37 0.3 -0.42
783 94 202 82 23 1.24 -0.36 -0.09 -0.18 0.13 -0.45
784 101 191 88 24 1.23 -0.28 -0.12 -0.3 -0.13 -0.53
785 96 193 95 24 1.15 -0.21 -0.11 -0.21 -0.32 -0.64
786 93 276 94 30 1.04 -0.21 -0.12 -0.3 -0.22 -0.73
787 96 324 93 38 0.96 -0.19 -0.14 -0.31 -0.55 -0.69
788 115 319 106 41 0.87 -0.07 -0.17 -0.75 -0.4 -1.32
789 105 284 105 38 0.87 -0.07 -0.23 -0.31 -0.56 -1.25
790 103 282 107 42 0.79 -0.03 -0.21 -0.54 -0.68 -0.73
791 101 268 100 39 0.59 0.06 -0.18 -0.68 -0.72 -0.24
792 104 269 93 40 0.64 0.02 -0.21 -0.47 -0.41 -0.81
793 103 283 100 42 0.54 0.0 -0.2 -0.3 -0.49 -1.09
794 107 263 106 39 0.46 0.06 -0.16 -0.44 -0.64 -1.18
795 110 249 106 39 0.49 0.04 -0.13 -0.21 -0.63 -0.5
796 104 245 98 37 0.46 0.06 -0.11 -0.27 -0.71 -0.33
797 101 271 107 37 0.42 0.06 -0.08 -0.32 -0.5 -0.55
798 99 265 117 37 0.39 0.01 -0.07 -0.29 -0.39 -0.19
799 109 275 113 36 0.38 -0.0 -0.08 -0.2 -0.54 -0.43
800 106 290 116 41 0.34 0.0 -0.08 -0.01 -0.42 -0.45
801 110 273 117 37 0.31 0.02 -0.06 -0.12 -0.54 -0.44
802 103 276 117 34 0.32 0.01 -0.07 0.01 -0.52 -0.59
803 106 317 106 36 0.3 0.04 -0.08 -0.1 -0.55 -0.25
804 114 295 112 41 0.25 0.03 -0.09 -0.24 -0.49 -0.52
805 114 279 104 43 0.21 0.03 -0.09 -0.07 -0.31 -0.67
806 104 295 102 43 0.17 0.05 -0.08 0.13 -0.35 -0.89
807 96 298 109 39 0.13 0.02 -0.03 0.14 -0.36 -0.94
808 92 304 105 39 0.13 -0.01 -0.01 0.04 -0.42 -0.68
809 84 306 97 36 0.07 -0.05 0.0 -0.03 -0.25 -0.34
810 95 307 91 33 -0.01 -0.02 0.01 -0.07 -0.26 -0.46
811 113 286 110 32 -0.03 -0.03 0.0 -0.01 -0.29 -0.5
812 101 263 114 33 -0.07 -0.02 -0.03 -0.08 -0.19 -0.51
813 92 238 107 33 -0.09 -0.01 -0.06 -0.18 -0.13 -0.23
814 79 257 99 30 -0.11 0.01 -0.06 -0.22 -0.17 -0.29
815 77 255 101 29 -0.13 -0.01 -0.06 -0.26 -0.09 -0.21
816 72 264 101 28 -0.16 -0.04 -0.04 -0.36 -0.05 0.0
817 66 251 94 27 -0.18 -0.05 -0.05 -0.43 -0.01 -0.03
818 80 265 90 26 -0.2 -0.05 -0.05 -0.37 0.0 -0.38
819 109 254 90 26 -0.21 -0.04 -0.03 -0.17 0.01 -0.25
820 95 238 92 26 -0.2 -0.06 -0.02 -0.29 0.03 -0.16
821 87 228 93 25 -0.19 -0.07 -0.0 -0.23 0.11 -0.25
822 101 253 92 26 -0.18 -0.04 0.0 -0.21 0.08 -0.27
823 88 240 87 29 -0.16 -0.05 0.0 -0.12 0.09 -0.08
824 87 245 83 28 -0.16 -0.02 0.01 -0.14 0.07 0.03
825 87 238 85 28 -0.16 -0.0 0.0 -0.13 0.05 -0.12
826 113 252 101 28 -0.15 0.0 -0.0 -0.16 0.02 -0.02
827 141 257 103 28 -0.13 0.01 0.0 -0.3 0.04 -0.03
828 136 236 96 27 -0.09 -0.04 0.01 -0.31 0.04 -0.17
829 147 309 93 42 -0.08 -0.05 0.01 -0.24 0.11 -0.1
830 132 312 89 39 -0.09 -0.02 0.03 -0.29 0.13 0.01
831 117 295 94 38 -0.07 -0.01 0.04 -0.15 0.13 0.03
832 125 262 89 34 -0.08 -0.01 0.05 -0.09 0.1 0.08
833 112 255 92 34 -0.05 -0.04 0.05 -0.04 0.11 0.02
834 124 253 87 32 -0.03 -0.03 0.05 -0.04 0.07 0.21
835 120 241 84 33 -0.04 -0.02 0.05 -0.03 0.06 0.09
836 136 234 89 32 -0.02 -0.03 0.04 0.0 0.02 -0.06
837 116 243 86 31 -0.0 -0.01 0.02 -0.08 0.0 -0.08
838 107 237 83 30 -0.0 0.0 0.02 -0.16 0.01 0.01
839 99 255 84 27 0.0 -0.02 0.0 -0.12 0.13 0.06
840 92 233 79 27 -0.02 -0.04 0.0 -0.1 0.16 0.11
841 79 240 79 26 -0.03 -0.03 -0.0 -0.06 0.15 0.0
842 75 237 78 29 -0.05 -0.04 -0.02 -0.03 -0.01 -0.04
843 78 274 87 31 -0.03 -0.02 -0.03 0.1 0.0 -0.3
844 100 276 88 30 -0.02 0.0 -0.03 0.07 -0.05 -0.13
845 120 285 89 28 0.01 0.01 -0.03 -0.12 -0.01 -0.01
846 110 301 89 30 0.01 0.01 -0.03 -0.16 -0.09 0.0
847 98 270 90 29 0.01 0.01 -0.03 -0.14 -0.13 0.01
848 98 252 90 28 0.01 -0.0 -0.02 -0.1 -0.06 -0.11
849 107 240 92 28 -0.01 -0.02 -0.01 -0.11 -0.01 -0.12
850 100 267 98 28 -0.02 -0.04 -0.01 -0.08 0.0 -0.03
851 89 283 99 31 -0.04 -0.07 -0.0 0.0 0.0 -0.14
852 98 288 93 29 -0.05 -0.02 -0.02 0.05 0.01 -0.13
853 131 252 84 28 -0.04 -0.01 -0.03 0.06 0.03 -0.16
854 128 244 82 27 -0.04 0.01 -0.05 -0.13 0.03 0.0
855 111 225 81 27 -0.06 -0.01 -0.06 -0.26 -0.03 -0.03
856 106 234 78 27 -0.06 -0.02 -0.06 -0.22 -0.01 -0.04
857 96 247 77 26 -0.06 -0.03 -0.03 -0.23 -0.04 -0.03
858 88 231 82 25 -0.05 -0.03 0.01 -0.24 -0.04 -0.14
859 94 291 82 25 -0.04 -0.04 0.03 -0.17 -0.15 -0.04
860 82 276 81 24 -0.05 -0.04 0.04 -0.25 -0.05 -0.19
861 84 246 80 24 -0.09 -0.05 0.07 -0.16 -0.1 -0.34
862 81 219 76 24 -0.11 -0.05 0.07 -0.16 -0.19 -0.35
863 73 201 71 24 -0.15 -0.02 0.09 -0.13 -0.26 -0.37
864 68 222 70 24 -0.21 -0.0 0.11 -0.17 -0.29 -0.49
865 63 224 69 24 -0.25 -0.0 0.12 -0.13 -0.33 -0.57
866 70 275 68 24 -0.35 0.01 0.15 -0.11 -0.44 -0.72
867 63 281 73 24 -0.47 0.05 0.2 -0.04 -0.55 -0.98
868 68 285 69 23 -0.53 0.07 0.22 -0.19 -0.59 -1.07
869 64 253 66 24 -0.57 0.17 0.29 -0.24 -0.35 -1.29
870 68 235 67 24 -0.67 0.31 0.34 -0.51 -0.2 -1.23
871 60 220 79 25 -0.73 0.26 0.33 -0.23 -0.57 -1.38
872 61 208 85 25 -0.81 0.22 0.34 -0.37 -0.62 -1.41
873 59 183 96 25 -0.87 0.21 0.37 -0.25 -0.46 -1.4
874 76 161 97 25 -1.03 0.35 0.46 0.2 0.0 -1.22
875 68 148 89 25 -1.28 0.42 0.47 -0.28 -0.52 -0.64
876 62 138 93 25 -1.34 0.26 0.46 -1.21 -0.75 -0.31
877 57 128 93 24 -1.39 -0.04 0.44 -0.43 -0.49 -0.49
878 53 120 88 25 -1.72 0.04 0.46 0.48 -0.09 -0.55
879 56 113 80 25 -1.78 0.14 0.45 -0.43 -0.31 -0.55
880 58 110 76 24 -1.77 0.07 0.4 0.02 0.11 -0.58
881 53 107 72 24 -1.7 -0.02 0.35 -0.03 0.23 -0.65
882 53 106 72 25 -1.68 -0.03 0.35 -0.08 0.14 -0.38
883 48 100 73 24 -1.64 -0.14 0.29 -0.12 0.2 -0.37
884 42 98 70 27 -1.63 -0.22 0.3 -0.04 0.01 -0.06
885 38 93 68 25 -1.55 -0.26 0.23 -0.12 0.13 0.1
886 34 89 66 24 -1.5 -0.31 0.11 -0.12 0.05 -0.01
887 31 85 65 24 -1.43 -0.43 0.06 0.37 -0.06 -0.35
888 28 82 64 24 -1.4 -0.43 0.06 0.46 -0.15 -0.42
889 25 80 64 23 -1.35 -0.29 0.05 0.53 -0.04 -0.53
890 25 79 63 24 -1.36 -0.2 0.06 -0.06 -0.15 -0.94
891 30 78 62 23 -1.33 -0.21 0.05 -0.04 0.07 -1.68
892 28 81 70 23 -1.35 -0.09 0.04 0.56 -0.04 -1.98
893 25 85 72 23 -1.1 0.17 -0.01 -0.41 -1.44 -0.48
894 24 89 70 23 -0.55 0.53 0.13 2.32 -1.19 12.76
895 21 99 81 23 -0.1 2.48 0.17 0.66 -2.98 10.78
896 20 103 87 23 0.55 1.04 -0.43 -3.46 0.29 0.77
897 21 106 83 23 0.52 0.56 -0.46 -4.08 0.49 -1.43
898 36 107 79 25 0.56 0.01 -0.49 -0.3 2.55 -1.07
899 31 108 74 23 0.13 0.2 -0.13 0.45 0.34 0.99
900 28 110 69 23 0.18 -0.0 -0.02 1.24 0.18 0.76
901 26 113 69 23 0.16 -0.05 0.03 0.76 0.48 -0.22
902 24 115 76 23 0.09 0.22 -0.0 0.35 0.16 -0.49
903 22 115 75 23 0.09 0.34 -0.01 0.23 0.05 -0.07
904 21 117 71 23 0.04 0.56 0.02 0.09 -0.06 0.11
905 20 116 77 23 -0.02 0.52 0.01 -0.58 -0.07 0.21
906 21 116 72 23 -0.05 0.41 0.0 -0.99 0.01 0.0
907 19 117 69 23 -0.01 0.17 -0.05 -0.91 -0.07 -0.03
908 19 118 68 23 0.14 -0.01 -0.07 -0.36 0.06 -0.03
909 18 117 65 23 0.16 -0.06 -0.08 -0.11 0.17 -0.03
-100 -100 -100 -100 -100 -100 -100 -100 -100 -100 -100
910 18 118 72 23 0.21 -0.11 -0.08 -0.01 0.23 0.01
911 16 115 67 23 0.19 -0.11 -0.08 0.0 0.19 -0.01
912 17 115 66 23 0.18 -0.09 -0.07 0.03 0.22 0.01
913 16 115 69 23 0.18 -0.04 -0.07 0.02 0.27 0.0
914 17 112 75 23 0.14 0.0 -0.07 0.02 0.24 0.04
915 22 110 69 22 0.1 0.02 -0.06 -0.03 0.19 0.0
916 22 108 65 23 0.02 0.02 -0.04 -0.08 0.16 0.0
917 21 106 68 23 0.0 0.0 -0.04 -0.09 0.02 -0.06
918 19 105 66 23 0.01 0.01 -0.04 -0.09 0.04 -0.07
919 19 105 72 23 0.04 0.03 -0.03 -0.09 0.04 -0.07
920 17 104 75 23 0.05 0.03 -0.02 -0.05 0.02 -0.06
921 18 104 72 23 0.07 0.05 -0.01 0.02 0.12 0.0
922 17 105 73 23 0.06 0.09 -0.01 -0.04 0.11 -0.03
923 17 104 69 23 0.03 0.08 -0.01 -0.12 0.16 0.0
924 16 104 68 23 0.02 0.05 -0.01 -0.16 0.15 -0.02
925 16 103 64 23 0.01 0.01 -0.01 -0.16 0.15 0.02
926 16 102 70 24 0.01 0.0 -0.01 -0.03 0.12 -0.02
927 16 100 66 23 0.01 -0.0 -0.01 -0.07 0.08 -0.06
928 16 101 66 23 0.02 0.01 -0.01 -0.03 0.1 -0.03
929 16 100 72 23 0.01 0.02 -0.01 -0.03 0.12 -0.03
930 17 100 68 23 0.01 0.02 -0.01 -0.08 0.11 0.0
931 16 100 66 23 -0.01 -0.0 -0.0 -0.09 0.11 0.0
932 16 99 69 23 -0.01 -0.0 0.0 -0.05 0.08 -0.02
933 16 99 67 24 -0.01 -0.0 0.0 -0.09 0.03 -0.03
934 15 98 67 23 -0.0 0.01 0.0 -0.1 0.04 -0.02
935 15 99 66 23 0.01 0.02 -0.01 -0.07 0.06 0.01
936 15 99 64 23 0.02 0.03 -0.01 -0.08 0.12 -0.05
937 15 99 64 23 0.02 0.03 -0.02 -0.05 0.12 -0.02
938 16 100 65 23 0.01 0.01 -0.02 -0.11 0.1 -0.03
939 16 100 61 23 0.01 0.0 -0.02 -0.11 0.07 -0.05
940 16 100 64 23 0.02 0.01 -0.02 -0.06 0.11 0.0
941 15 98 64 23 -0.0 -0.03 -0.02 -0.09 0.09 -0.03
942 15 98 61 23 -0.0 -0.05 -0.01 -0.04 0.08 -0.04
943 16 99 60 23 -0.0 -0.04 -0.01 -0.06 0.09 -0.05
944 16 98 59 23 0.0 -0.03 -0.01 -0.04 0.08 0.01
945 16 100 58 23 -0.01 -0.02 -0.02 -0.23 0.11 0.07
946 16 98 56 24 -0.07 -0.06 -0.02 -0.14 0.22 0.04
947 16 101 56 24 -0.11 -0.06 -0.06 -0.01 0.3 -0.03
-200 -200 -200 -200 -200 -200 -200 -200 -200 -200 -200
948 16 101 54 24 -0.12 -0.05 -0.08 0.0 0.19 -0.13
949 16 105 55 23 -0.14 -0.03 -0.04 0.03 0.04 -0.07
950 16 106 54 24 -0.14 -0.04 0.01 -0.06 -0.05 -0.07
951 16 105 52 23 -0.12 -0.05 0.02 -0.14 -0.08 -0.16
952 15 105 51 24 -0.05 -0.03 0.01 -0.11 -0.03 -0.12
953 16 103 50 23 -0.0 -0.01 0.01 -0.05 0.0 -0.06
954 16 104 50 24 0.01 -0.01 0.01 -0.07 0.02 -0.04
955 19 103 51 26 0.02 -0.03 0.01 -0.04 0.07 0.02
956 19 106 50 25 0.02 -0.05 0.02 -0.1 0.12 0.0
957 18 105 50 25 0.01 -0.06 0.02 -0.17 0.09 -0.06
958 26 108 51 25 0.03 -0.05 0.01 -0.16 0.13 -0.06
959 36 143 50 33 0.05 -0.03 0.0 -0.04 0.18 0.08
960 86 158 51 32 0.04 -0.02 0.01 -0.08 0.11 0.0
961 111 232 51 37 0.03 -0.03 -0.0 -0.24 0.0 0.0
962 96 253 51 34 0.12 -0.05 -0.02 -0.21 -0.09 -0.02
963 83 234 52 34 0.22 -0.07 -0.04 -0.19 -0.09 0.02
964 94 254 52 33 0.41 -0.15 -0.05 -0.12 0.0 -0.03
965 102 253 53 31 0.44 -0.23 -0.03 0.04 0.1 0.22
966 108 260 53 51 0.42 -0.23 -0.03 0.02 0.22 0.3
967 118 272 56 66 0.26 -0.21 -0.05 0.13 0.19 0.57
968 129 305 56 61 0.06 -0.02 -0.09 0.28 0.21 0.48
969 112 291 57 53 0.04 0.2 -0.14 0.13 0.05 0.29
970 101 287 58 46 0.05 0.22 -0.12 0.36 -0.28 0.66
971 123 269 58 41 -0.05 0.38 0.02 -1.36 0.71 0.51
972 129 272 56 37 0.18 0.18 -0.04 -0.32 0.52 0.69
973 109 346 56 37 0.42 0.08 -0.02 -0.59 0.46 0.73
974 93 340 56 38 0.54 0.25 0.03 -0.16 0.49 1.27
975 103 339 57 36 0.64 0.23 0.02 -0.12 0.45 1.62
976 101 369 57 34 0.85 -0.03 -0.01 -0.03 0.44 1.74
977 118 365 57 31 1.0 -0.21 -0.03 0.05 0.46 1.58
978 101 356 57 29 1.07 -0.21 -0.03 0.04 0.49 1.43
979 88 329 56 29 1.14 -0.18 -0.06 0.14 0.57 1.3
980 76 321 56 32 1.22 -0.13 -0.09 0.07 0.54 1.07
981 85 318 57 31 1.26 -0.11 -0.1 0.24 0.48 0.69
982 81 305 56 30 1.39 -0.1 -0.13 0.36 0.42 0.47
983 70 312 56 28 1.5 -0.15 -0.18 0.35 0.37 0.13
984 60 297 58 28 1.5 -0.21 -0.2 -0.12 0.2 0.12
985 57 326 56 27 1.51 -0.27 -0.2 -0.1 0.16 0.18
986 70 330 58 27 1.52 -0.25 -0.24 -0.07 0.03 0.44
987 60 292 58 26 1.5 -0.21 -0.22 0.02 0.1 0.21
988 60 275 62 25 1.45 -0.13 -0.19 -0.35 0.04 0.09
989 61 248 72 26 1.42 -0.16 -0.15 -0.2 -0.05 0.0
990 73 290 71 25 1.43 -0.19 -0.13 -0.29 -0.03 -0.07
991 89 281 91 27 1.46 -0.24 -0.11 -0.35 -0.04 -0.03
992 84 286 93 26 1.46 -0.31 -0.09 -0.02 -0.16 -0.26
993 93 307 93 27 1.42 -0.32 -0.08 -0.36 -0.28 -0.72
994 87 290 101 26 1.41 -0.3 -0.09 -0.31 -0.43 -0.61
995 100 299 100 27 1.23 -0.27 -0.08 -0.62 -0.51 -0.02
996 114 323 94 26 1.08 -0.07 -0.05 -0.34 -0.41 -0.57
997 112 322 113 26 0.87 0.0 -0.06 -0.47 -0.51 -0.82
998 126 320 106 26 0.65 0.03 -0.09 -0.12 -0.43 -1.76
999 132 294 115 29 0.56 -0.02 -0.07 -0.01 -0.48 -1.31
1000 123 345 120 37 0.55 -0.03 -0.04 -0.47 -0.53 -0.98
1001 132 344 114 35 0.56 -0.07 -0.02 -0.54 -0.36 -0.67
1002 151 366 111 35 0.53 -0.06 -0.04 -0.3 -0.15 -1.18
1003 134 324 117 35 0.49 -0.05 -0.03 -0.26 -0.26 -0.94
1004 128 325 128 33 0.41 -0.11 0.0 -0.38 -0.31 -0.45
1005 131 314 129 32 0.36 -0.15 0.0 -0.33 -0.48 -0.45
1006 123 289 123 32 0.27 -0.18 -0.02 -0.26 -0.45 -0.62
1007 111 293 111 37 0.18 -0.05 -0.06 0.06 -0.42 -0.81
1008 179 289 117 37 0.15 0.04 -0.07 0.01 -0.32 -1.14
1009 173 275 118 34 0.1 0.08 -0.07 -0.35 -0.42 -0.82
1010 161 283 112 33 0.07 -0.04 -0.06 -0.34 -0.31 -0.83
1011 141 285 106 31 0.06 -0.08 -0.06 -0.36 -0.28 -0.71
1012 131 276 100 44 -0.05 0.0 -0.04 -0.28 -0.32 -0.78
1013 151 302 100 47 -0.12 0.01 -0.05 -0.03 -0.26 -0.79
1014 129 331 105 42 -0.14 0.02 -0.04 -0.08 -0.16 -0.65
1015 143 296 99 39 -0.15 0.03 -0.03 -0.16 -0.35 -0.3
1016 129 318 92 36 -0.19 -0.02 -0.03 -0.21 -0.23 0.03
1017 120 324 85 48 -0.21 -0.05 -0.04 -0.08 -0.17 -0.48
1018 121 313 81 44 -0.22 -0.06 -0.04 0.03 -0.08 -0.67
1019 126 303 85 40 -0.22 0.02 -0.01 0.05 -0.26 -0.47
1020 130 308 87 38 -0.22 0.01 0.01 -0.22 -0.24 0.07
1021 130 303 84 37 -0.19 -0.04 0.02 -0.29 -0.17 0.09
1022 124 295 81 34 -0.19 -0.04 0.02 -0.17 -0.03 0.02
1023 132 278 82 32 -0.19 -0.03 0.03 0.06 0.05 -0.17
1024 131 273 96 32 -0.15 -0.05 0.03 0.01 0.05 -0.08
1025 128 255 93 31 -0.12 -0.06 0.04 0.12 0.13 0.0
1026 121 248 89 30 -0.09 -0.06 0.03 0.1 0.17 0.31
1027 99 226 90 28 -0.09 -0.02 0.02 0.04 0.19 0.3
1028 95 240 89 29 -0.09 -0.02 -0.01 -0.02 0.24 0.15
1029 89 248 83 28 -0.09 -0.02 -0.02 0.0 0.17 0.21
1030 85 244 81 31 -0.1 -0.01 -0.02 0.02 0.06 -0.15
1031 76 239 83 30 -0.07 -0.07 -0.02 0.01 -0.02 0.0
1032 99 246 90 28 -0.07 -0.07 -0.01 0.06 -0.03 -0.04
1033 99 245 84 30 -0.07 -0.04 -0.03 -0.06 -0.01 0.06
1034 96 288 86 38 -0.09 -0.02 -0.07 -0.07 0.08 0.0
1035 91 274 88 39 -0.1 -0.01 -0.08 0.04 0.06 -0.63
1036 81 258 93 36 -0.07 -0.01 -0.1 0.2 0.09 -0.66
1037 83 255 92 35 -0.06 0.02 -0.07 -0.06 -0.04 0.02
1038 87 281 91 33 -0.06 0.02 -0.07 0.0 0.0 0.08
1039 93 280 90 32 -0.04 0.06 -0.07 -0.16 0.0 0.04
1040 85 268 88 35 -0.03 0.1 -0.08 -0.21 0.02 -0.05
1041 77 261 83 34 -0.02 0.08 -0.08 -0.29 0.1 -0.29
1042 102 282 87 38 -0.03 0.06 -0.08 -0.3 0.12 -0.15
1043 101 264 81 35 -0.04 0.05 -0.06 -0.26 0.23 -0.03
1044 88 266 80 35 -0.06 0.04 -0.05 -0.36 0.21 0.14
1045 83 289 79 35 -0.08 0.0 -0.03 -0.36 0.21 0.22
1046 75 296 81 32 -0.11 -0.02 0.0 -0.24 0.16 0.13
1047 77 274 80 31 -0.08 -0.03 0.01 -0.18 0.04 0.17
1048 69 279 76 29 -0.05 -0.05 0.03 -0.2 0.0 0.43
1049 73 256 78 28 -0.02 -0.04 0.02 -0.1 -0.04 0.27
1050 111 254 74 28 -0.01 -0.02 0.01 -0.31 -0.04 0.25
1051 103 245 70 27 0.03 -0.02 -0.01 -0.25 -0.05 0.26
1052 96 258 70 26 0.04 -0.0 -0.03 -0.14 -0.08 0.05
1053 82 240 68 27 0.04 0.01 -0.03 -0.1 -0.18 -0.2
1054 80 226 66 28 0.05 0.0 -0.04 -0.04 -0.17 -0.29
1055 72 226 74 28 0.02 -0.0 -0.04 -0.04 -0.23 -0.67
1056 72 213 73 27 0.05 -0.01 -0.05 -0.16 -0.31 -0.67
1057 68 212 72 26 -0.04 -0.01 0.0 -0.05 -0.23 -0.69
1058 59 209 68 26 -0.11 -0.04 0.04 -0.03 -0.34 -0.86
1059 49 215 64 25 -0.14 -0.06 0.06 0.0 -0.44 -1.01
1060 41 198 62 25 -0.22 -0.07 0.1 -0.03 -0.43 -1.07
1061 52 200 61 24 -0.35 -0.06 0.15 -0.13 -0.43 -1.19
1062 48 237 60 25 -0.42 -0.06 0.17 -0.2 -0.53 -1.36
1063 46 279 59 24 -0.57 -0.05 0.23 -0.16 -0.48 -1.4
1064 41 272 57 24 -0.7 -0.03 0.28 -0.04 -0.54 -1.72
1065 38 255 59 25 -0.77 -0.0 0.3 -0.01 -0.59 -1.95
1066 47 239 62 25 -0.89 0.11 0.34 0.15 -0.64 -1.94
1067 51 252 65 25 -1.04 0.27 0.41 0.34 -0.42 -1.84
1068 55 259 63 24 -1.13 0.38 0.42 0.01 -0.25 -2.29
1069 52 235 60 24 -1.37 0.6 0.48 -0.93 -0.37 -2.23
1070 52 211 58 24 -1.61 0.76 0.48 -1.05 -0.29 -2.26
1071 53 190 58 24 -1.73 0.75 0.47 -0.37 -0.6 -1.1
1072 62 172 55 24 -1.92 0.6 0.38 -0.26 -0.55 -0.61
1073 64 157 53 24 -1.91 0.26 0.27 -0.59 -0.5 -0.02
1074 70 147 53 28 -1.92 0.07 0.24 -0.06 -0.29 0.06
1075 64 135 52 34 -1.98 -0.13 0.13 -1.1 -0.05 -0.09
1076 59 125 53 36 -2.14 -0.01 0.25 -0.36 -0.31 0.46
1077 51 116 53 33 -2.18 0.22 0.23 -0.76 -0.13 0.42
1078 46 108 52 31 -2.25 0.48 0.16 -0.85 -0.39 0.2
1079 44 102 52 29 -2.06 0.17 0.17 -0.83 -0.22 0.05
1080 38 94 50 29 -1.94 0.02 0.15 -0.72 -0.39 -0.29
1081 45 91 48 27 -1.76 -0.16 0.24 -0.63 -0.33 -0.42
1082 74 149 48 26 -1.61 -0.12 0.32 -0.26 0.0 -0.73
1083 64 159 48 25 -1.6 -0.05 0.35 0.38 0.26 -1.81
1084 53 150 55 25 -1.48 0.04 0.46 -4.44 -2.88 6.71
1085 45 137 61 26 1.64 -0.01 -0.61 12.84 3.55 0.87
1086 44 122 77 25 1.64 -0.01 -0.61 -1.35 -0.4 -2.86
1087 46 120 70 25 0.87 0.58 -0.31 -1.0 1.08 -0.28
1088 42 121 65 25 0.29 1.12 -0.2 -0.61 1.46 1.36
1089 36 121 62 24 0.29 1.12 -0.2 0.35 0.84 0.03
1090 62 118 58 23 -0.2 0.98 -0.22 -0.17 -0.28 0.07
1091 54 115 57 24 -0.07 0.84 -0.03 -0.84 -0.34 0.0
1092 45 114 58 24 -0.07 0.84 -0.03 -1.2 -0.39 -0.28
1093 39 113 62 23 0.11 0.4 -0.09 -1.09 -0.31 -0.2
1094 34 111 61 23 0.24 0.22 -0.04 -0.41 -0.36 -0.11
1095 42 110 57 23 0.24 0.22 -0.04 0.08 -0.04 -0.02
1096 40 109 55 23 0.31 0.15 0.02 0.05 0.0 0.01
1097 35 106 54 23 0.24 0.13 0.01 0.08 0.03 -0.04
1098 30 105 53 23 0.24 0.13 0.01 -0.09 0.16 -0.07
1099 29 105 58 24 0.21 0.21 -0.04 -0.36 0.22 0.08
1100 25 104 60 23 0.22 0.19 -0.07 -0.42 0.31 0.01
1101 24 104 57 23 0.19 0.15 -0.07 -0.34 0.27 0.03
1102 23 105 56 24 0.11 0.04 -0.06 -0.34 0.23 0.03
1103 21 104 56 23 0.08 -0.04 -0.06 -0.24 0.07 0.0
1104 31 104 55 23 0.09 -0.04 -0.07 -0.16 0.06 -0.02
-100 -100 -100 -100 -100 -100 -100 -100 -100 -100 -100
1105 58 106 55 24 0.08 -0.03 -0.07 -0.11 0.03 0.0
1106 50 108 59 24 0.06 -0.01 -0.07 -0.12 0.0 -0.03
1107 42 109 58 23 0.05 -0.01 -0.06 -0.19 -0.03 0.0
1108 36 111 57 23 0.05 -0.05 -0.04 -0.24 -0.03 -0.02
1109 32 112 54 23 0.05 -0.06 -0.03 -0.15 -0.02 -0.06
1110 29 112 60 23 0.04 -0.07 -0.04 -0.17 0.03 0.03
1111 34 113 60 23 0.04 -0.06 -0.04 -0.14 0.08 0.0
1112 31 115 60 23 0.01 -0.09 -0.02 -0.04 0.09 0.02
1113 28 117 58 23 -0.01 -0.1 -0.01 -0.07 0.08 -0.03
1114 29 120 58 23 -0.01 -0.04 -0.01 -0.02 0.0 -0.03
1115 26 120 59 23 -0.01 0.01 -0.01 -0.06 0.03 -0.03
1116 26 118 58 23 -0.01 0.02 -0.01 -0.19 0.03 -0.04
1117 55 118 56 24 -0.02 0.0 -0.01 -0.28 0.05 -0.02
1118 52 118 56 23 -0.04 -0.09 0.01 -0.26 0.06 -0.03
1119 45 117 56 23 -0.05 -0.13 0.01 -0.18 0.02 -0.05
1120 39 117 57 23 -0.02 -0.1 0.01 -0.08 0.04 -0.02
1121 34 117 58 23 -0.01 -0.03 0.0 0.0 0.02 -0.01
1122 30 113 62 24 -0.01 0.01 0.0 -0.07 -0.02 -0.06
1123 31 113 65 24 0.03 0.11 -0.01 -0.13 -0.02 -0.05
1124 27 113 64 23 0.02 0.07 -0.02 -0.37 -0.01 -0.02
1125 31 111 61 23 0.02 0.01 -0.02 -0.41 0.04 -0.05
1126 30 110 61 24 0.03 -0.05 -0.01 -0.37 0.02 0.0
1127 28 107 59 23 0.03 -0.03 -0.0 0.02 0.1 -0.02
1128 29 107 60 22 0.03 0.01 0.0 0.12 0.04 -0.03
1129 52 105 59 24 0.03 0.15 -0.02 0.0 0.06 -0.03
1130 48 105 58 24 0.03 0.19 -0.03 -0.12 0.0 -0.03
1131 44 105 62 23 0.01 0.14 -0.02 -0.34 0.02 -0.03
1132 46 105 63 24 -0.02 -0.01 -0.0 -0.4 0.0 -0.04
1133 39 104 64 23 -0.0 -0.05 -0.0 -0.2 0.0 -0.05
1134 36 103 66 23 0.01 -0.04 -0.0 -0.08 0.04 -0.02
1135 31 101 65 24 0.0 -0.01 -0.0 -0.08 0.05 0.0
1136 28 101 65 24 0.0 0.03 -0.01 -0.07 0.06 0.0
1137 35 100 61 24 -0.0 0.03 -0.01 -0.13 0.08 -0.06
1138 48 101 62 24 -0.01 -0.02 -0.01 -0.27 0.06 -0.01
1139 51 100 63 24 -0.01 -0.04 -0.0 -0.21 0.07 -0.04
1140 43 98 61 24 -0.01 -0.04 -0.0 -0.12 0.03 0.0
1141 42 96 65 24 -0.0 -0.02 -0.0 -0.1 0.0 -0.02
1142 37 95 66 24 -0.0 -0.02 0.0 -0.19 -0.02 -0.03
1143 33 94 64 24 -0.0 -0.02 -0.0 -0.26 0.07 -0.05
1144 29 93 69 24 0.01 -0.03 -0.0 -0.23 0.07 -0.02
