-1 -1 -1 -1 -1 -1 -1 -1 -1 -1 -1
1 16 79 76 55 0.0 -0.01 -0.01 0.02 -0.01 -0.18
2 18 82 70 56 0.01 -0.0 -0.01 0.03 -0.02 -0.18
3 18 84 69 57 0.02 0.01 -0.01 -0.05 -0.04 -0.16
4 18 86 67 56 0.03 0.01 -0.01 -0.02 -0.01 -0.15
5 18 84 78 57 0.04 -0.0 -0.01 -0.04 -0.01 -0.14
6 18 82 77 57 0.04 -0.02 -0.0 0.08 0.01 -0.15
7 17 83 76 58 0.04 -0.02 -0.0 0.07 0.02 -0.13
8 17 81 72 59 0.02 -0.01 -0.0 0.04 0.1 -0.13
9 18 82 79 60 0.01 -0.01 0.0 -0.05 0.04 -0.15
10 18 81 75 59 -0.01 -0.03 -0.01 -0.02 0.04 -0.14
11 17 81 80 64 -0.03 -0.04 -0.01 -0.03 -0.05 -0.15
12 19 83 77 65 -0.03 -0.04 -0.01 -0.02 -0.07 -0.16
13 18 86 75 68 -0.02 -0.03 -0.0 0.02 -0.06 -0.17
14 18 86 74 68 -0.01 -0.02 -0.0 0.06 -0.07 -0.16
15 19 84 70 69 -0.0 -0.0 0.0 0.03 -0.02 -0.17
16 18 82 75 69 0.01 0.02 -0.0 -0.02 -0.01 -0.13
17 18 79 79 71 0.01 0.01 -0.0 -0.05 0.02 -0.14
18 18 83 74 72 0.01 0.02 -0.01 -0.05 0.02 -0.17
19 18 84 80 75 0.02 0.01 -0.01 0.0 0.01 -0.16
20 17 82 76 77 0.01 -0.0 -0.01 0.0 0.03 -0.14
21 18 81 76 80 0.01 -0.01 -0.01 0.0 0.02 -0.13
22 18 82 80 79 0.0 -0.02 -0.0 0.0 0.03 -0.12
23 18 83 79 78 -0.0 -0.02 0.0 0.01 -0.01 -0.16
24 19 82 77 75 -0.0 -0.01 0.0 0.0 -0.06 -0.19
25 19 88 75 74 0.01 -0.01 0.0 -0.05 -0.05 -0.15
26 20 88 77 71 0.02 -0.02 0.01 -0.07 -0.04 -0.15
27 29 125 78 74 0.02 -0.02 0.01 -0.08 0.0 -0.16
28 26 122 79 75 0.04 -0.04 0.0 0.02 0.03 -0.15
29 25 114 80 73 0.09 -0.11 -0.03 0.0 0.0 -0.11
30 23 109 80 73 0.07 -0.12 -0.02 -0.07 -0.05 -0.14
31 23 103 79 71 0.04 -0.11 -0.01 -0.02 -0.03 -0.17
32 21 103 73 70 0.03 -0.09 0.0 0.06 -0.05 -0.21
33 21 98 74 70 0.02 -0.08 0.01 0.09 -0.04 -0.19
34 20 95 83 72 0.01 -0.05 0.01 -0.03 -0.06 -0.18
35 19 107 80 71 0.01 -0.03 0.02 -0.08 0.04 -0.17
36 19 106 76 71 0.0 -0.03 0.01 -0.04 0.03 -0.16
37 18 100 72 68 -0.01 -0.05 0.0 -0.03 0.0 -0.13
38 18 96 75 66 -0.01 -0.05 -0.0 0.0 -0.01 -0.15
39 17 94 73 63 -0.01 -0.04 0.0 0.01 -0.03 -0.18
40 18 91 74 59 0.0 -0.03 0.0 0.08 -0.04 -0.19
41 18 87 75 57 0.01 -0.01 0.0 -0.03 0.01 -0.15
42 17 87 74 57 0.01 -0.0 -0.0 0.02 0.03 -0.1
43 17 85 77 55 -0.01 0.0 -0.01 -0.07 -0.01 -0.14
44 17 86 78 54 -0.02 -0.0 -0.01 0.0 0.01 -0.14
45 17 86 77 54 -0.02 -0.0 -0.01 -0.06 0.0 -0.17
46 17 84 78 53 -0.02 -0.02 -0.01 -0.03 0.0 -0.18
47 17 82 74 56 -0.02 -0.03 -0.0 0.0 -0.02 -0.15
48 18 83 74 55 -0.02 -0.03 0.0 0.02 0.0 -0.16
49 14 83 77 54 -0.01 0.0 -0.0 0.04 0.04 -0.14
50 17 84 77 55 -0.02 0.01 -0.01 -0.08 0.07 -0.14
51 19 89 81 53 -0.03 0.0 -0.01 -0.08 0.02 -0.17
52 19 90 74 53 -0.03 -0.01 -0.0 -0.04 0.0 -0.15
53 18 92 73 56 -0.03 -0.03 0.0 0.02 -0.03 -0.16
54 19 93 73 52 -0.02 -0.03 0.01 0.01 -0.04 -0.22
55 18 93 79 54 0.03 -0.03 0.01 0.06 -0.03 -0.19
56 18 92 81 55 0.03 -0.02 0.01 0.0 0.0 -0.18
57 18 90 80 53 0.03 -0.02 0.0 -0.05 0.05 -0.17
58 18 89 80 53 0.02 -0.01 -0.0 -0.13 0.03 -0.14
59 18 90 78 54 0.02 -0.02 -0.01 -0.04 0.04 -0.15
60 18 87 81 52 0.01 -0.02 -0.01 0.0 0.07 -0.17
61 18 87 77 52 -0.01 -0.04 -0.01 0.0 0.05 -0.15
62 17 87 74 52 -0.02 -0.06 0.01 0.09 0.01 -0.18
63 18 88 70 52 -0.03 -0.06 0.02 0.1 0.0 -0.15
64 17 90 68 55 -0.03 -0.03 0.02 0.07 0.0 -0.17
65 18 88 71 54 -0.03 0.01 0.03 -0.07 -0.07 -0.13
66 16 92 72 53 -0.02 0.02 0.03 -0.1 -0.02 -0.18
67 17 88 73 55 -0.02 -0.0 0.03 -0.18 0.0 -0.12
68 18 88 73 52 -0.02 -0.03 0.02 -0.11 0.04 -0.17
69 18 87 75 55 -0.02 -0.02 0.01 -0.01 0.05 -0.15
70 21 86 79 52 -0.02 -0.01 0.0 0.0 0.04 -0.15
71 20 85 78 51 -0.02 -0.01 -0.0 -0.07 0.03 -0.17
72 20 85 78 50 -0.02 -0.01 -0.01 -0.02 0.04 -0.16
73 21 84 76 49 -0.02 -0.02 -0.01 -0.03 0.08 -0.16
74 19 82 78 48 -0.02 -0.02 -0.01 0.06 0.05 -0.15
75 19 80 72 47 -0.02 -0.0 -0.01 0.03 0.0 -0.16
76 19 80 73 43 -0.01 0.02 -0.02 0.03 0.01 -0.16
77 19 81 70 44 -0.0 0.05 -0.02 0.06 0.0 -0.15
78 19 79 73 43 0.0 0.05 -0.02 -0.05 0.06 -0.16
79 18 78 77 44 0.0 0.07 -0.02 -0.09 0.05 -0.18
80 15 79 76 43 -0.01 0.04 -0.02 -0.16 0.06 -0.12
81 20 80 76 44 -0.02 0.02 -0.02 -0.03 0.03 -0.15
82 20 81 79 43 -0.03 -0.01 -0.01 -0.03 0.05 -0.15
83 19 82 83 44 -0.03 -0.02 -0.01 -0.01 -0.02 -0.16
84 19 83 80 43 -0.03 -0.02 -0.01 -0.05 -0.04 -0.2
85 19 81 75 42 -0.01 -0.01 -0.0 -0.06 -0.01 -0.17
86 19 80 83 42 -0.0 -0.02 0.0 -0.04 -0.01 -0.13
87 17 78 80 42 0.0 -0.01 -0.0 -0.03 0.06 -0.12
88 20 80 83 39 0.0 -0.01 -0.01 -0.05 0.06 -0.15
89 30 82 77 38 -0.01 -0.01 -0.01 -0.05 0.06 -0.17
90 27 81 75 37 -0.01 -0.02 -0.01 -0.05 0.05 -0.18
91 27 80 81 36 -0.02 -0.04 -0.0 -0.07 0.04 -0.16
92 30 80 83 35 -0.01 -0.04 -0.0 0.04 0.0 -0.14
93 49 78 84 33 -0.01 -0.04 0.0 0.01 0.02 -0.17
94 47 77 86 32 -0.0 -0.02 -0.0 0.01 0.0 -0.15
95 53 80 90 31 -0.0 -0.01 0.0 -0.01 0.02 -0.14
96 64 79 88 31 -0.01 -0.0 -0.0 -0.19 0.04 -0.16
97 56 79 85 30 -0.01 -0.01 -0.01 -0.18 0.05 -0.15
98 77 81 82 32 -0.02 -0.05 -0.01 -0.15 0.06 -0.16
99 72 81 78 32 -0.02 -0.07 -0.01 -0.06 0.01 -0.17
100 66 83 79 31 -0.02 -0.08 -0.0 0.06 0.03 -0.17
101 57 80 79 33 -0.02 -0.06 -0.01 -0.04 0.03 -0.16
102 55 83 79 32 -0.02 -0.06 -0.0 0.03 0.1 -0.15
103 48 84 81 33 -0.03 -0.06 0.0 0.02 0.06 -0.18
104 41 82 78 31 -0.03 -0.07 0.01 -0.03 0.03 -0.18
105 65 84 80 32 -0.02 -0.07 0.01 0.05 0.01 -0.15
106 59 81 82 31 -0.01 -0.05 0.01 0.04 -0.04 -0.18
107 58 80 80 30 0.01 -0.04 0.03 0.01 0.02 -0.17
108 53 84 80 30 0.01 -0.03 0.03 -0.01 0.08 -0.18
109 47 82 95 30 0.0 -0.03 0.02 -0.01 0.04 -0.11
110 62 81 93 30 0.0 -0.01 0.01 -0.01 0.04 -0.15
111 54 83 90 30 0.01 -0.01 0.0 -0.01 0.03 -0.15
112 48 83 88 30 0.0 0.0 0.0 -0.08 0.06 -0.12
113 43 84 81 29 -0.0 -0.01 0.0 -0.09 0.04 -0.16
114 38 82 80 29 0.0 -0.02 0.0 0.01 0.05 -0.16
115 34 80 78 30 0.0 -0.01 -0.0 -0.04 0.02 -0.16
116 41 81 76 29 0.01 0.0 -0.01 0.01 0.01 -0.15
117 36 80 75 28 0.01 0.0 -0.0 -0.06 0.01 -0.16
118 47 80 76 29 0.01 -0.0 -0.0 -0.04 0.06 -0.15
119 45 77 84 30 0.01 -0.01 -0.0 -0.03 0.07 -0.15
120 40 77 84 29 0.01 -0.0 0.0 0.02 0.09 -0.14
121 37 78 79 29 0.0 -0.0 -0.0 -0.03 0.08 -0.14
122 34 81 75 28 0.0 -0.01 0.0 -0.04 0.04 -0.18
123 34 79 73 27 0.01 -0.0 -0.0 -0.04 0.02 -0.16
124 32 80 75 29 0.01 0.01 -0.01 -0.03 0.07 -0.15
125 29 81 76 28 0.02 0.02 -0.01 -0.08 0.03 -0.14
126 44 80 73 29 0.01 0.01 -0.01 -0.05 0.07 -0.13
127 40 79 70 30 0.0 0.01 -0.01 -0.04 0.09 -0.1
128 38 80 76 29 -0.0 -0.0 -0.0 -0.06 0.07 -0.2
129 34 79 79 27 -0.01 -0.02 0.0 -0.03 0.02 -0.17
130 38 79 80 31 -0.02 -0.02 0.0 0.0 0.01 -0.18
131 49 78 73 29 -0.01 -0.02 0.0 -0.04 0.02 -0.19
132 43 78 74 32 -0.01 -0.01 0.0 0.0 0.03 -0.16
133 44 81 80 34 0.0 0.01 -0.01 -0.07 0.09 -0.14
134 44 79 80 32 0.0 0.01 -0.01 -0.08 0.07 -0.18
135 40 76 76 31 0.0 0.0 -0.01 -0.02 0.08 -0.13
136 35 78 73 30 0.0 0.0 -0.01 -0.06 0.1 -0.11
137 38 77 73 30 -0.01 -0.0 -0.02 -0.03 0.06 -0.15
138 35 78 75 29 -0.01 -0.0 -0.02 0.0 0.03 -0.18
139 33 78 77 29 -0.01 -0.0 -0.01 -0.07 0.02 -0.16
140 38 79 77 28 -0.0 -0.01 -0.01 -0.08 0.01 -0.18
141 43 76 78 27 -0.0 -0.0 -0.01 -0.02 0.05 -0.16
142 38 76 87 27 0.01 0.0 -0.0 0.0 0.07 -0.13
143 36 76 80 27 0.0 0.0 -0.01 -0.02 0.09 -0.15
144 39 75 80 26 -0.0 -0.0 -0.01 -0.09 0.08 -0.14
145 35 75 79 26 -0.01 -0.01 -0.01 -0.12 0.06 -0.13
146 39 76 81 26 -0.0 -0.02 -0.01 -0.02 0.06 -0.16
147 45 77 78 26 -0.01 -0.02 -0.01 -0.02 0.06 -0.17
148 40 76 77 26 -0.01 -0.01 -0.01 -0.02 0.05 -0.15
149 39 76 71 25 -0.0 -0.01 -0.01 0.02 0.07 -0.13
150 34 75 74 25 -0.0 -0.0 -0.01 -0.02 0.07 -0.15
151 33 75 72 27 -0.01 0.01 -0.0 0.0 0.04 -0.17
152 35 78 76 26 -0.01 0.03 -0.01 -0.02 0.05 -0.15
153 41 78 74 26 -0.01 0.04 -0.01 -0.09 0.08 -0.17
154 48 77 71 26 -0.01 0.02 -0.01 -0.12 0.09 -0.13
155 40 77 77 26 -0.01 0.0 -0.0 -0.12 0.06 -0.13
156 42 77 73 25 -0.02 -0.0 -0.01 -0.06 0.05 -0.15
157 38 77 73 25 -0.02 -0.01 -0.0 -0.01 0.04 -0.15
158 37 77 70 25 -0.02 -0.0 -0.0 -0.08 0.01 -0.18
159 48 77 70 25 -0.02 -0.0 -0.0 -0.08 0.0 -0.19
160 45 76 71 24 -0.0 -0.01 -0.0 -0.05 0.02 -0.18
161 43 77 74 24 0.01 -0.01 -0.0 0.0 0.04 -0.19
162 37 76 70 24 0.01 0.0 -0.0 -0.01 0.09 -0.15
163 40 76 71 24 0.01 0.0 -0.01 -0.08 0.09 -0.14
164 40 78 69 24 0.01 0.0 -0.01 -0.08 0.06 -0.16
165 35 77 72 24 0.01 0.0 -0.01 0.0 0.08 -0.18
166 33 77 74 24 0.0 -0.01 -0.01 -0.02 0.07 -0.15
167 35 78 76 24 -0.01 0.0 -0.01 -0.01 0.08 -0.16
168 31 79 74 24 -0.01 -0.0 -0.01 -0.04 0.02 -0.15
169 29 78 74 24 -0.0 -0.01 0.0 -0.04 0.0 -0.2
170 33 78 71 24 0.01 -0.0 0.01 -0.04 0.01 -0.18
171 43 76 71 24 0.02 0.0 0.0 -0.07 0.01 -0.17
172 38 75 75 23 0.03 0.01 -0.0 -0.06 0.15 -0.1
173 35 75 74 24 0.02 0.0 -0.01 -0.04 0.13 -0.15
174 32 76 73 23 0.01 -0.01 -0.01 -0.03 0.11 -0.16
175 29 78 70 24 -0.01 -0.02 -0.01 -0.06 0.06 -0.16
176 27 80 79 24 -0.01 -0.03 -0.0 0.0 0.02 -0.2
177 41 79 77 23 -0.01 -0.02 -0.0 0.0 0.02 -0.19
178 41 79 79 24 -0.0 -0.01 0.0 0.02 0.03 -0.15
179 41 76 76 23 0.01 0.01 -0.0 -0.05 0.07 -0.17
180 35 74 77 24 0.01 0.01 -0.0 -0.04 0.09 -0.17
181 31 74 82 23 0.0 0.01 -0.0 -0.15 0.1 -0.14
182 29 77 80 23 0.0 -0.01 -0.01 -0.08 0.09 -0.15
183 41 77 86 23 -0.0 -0.01 -0.01 -0.02 0.09 -0.18
184 38 78 81 24 0.0 -0.02 -0.01 0.03 0.07 -0.16
185 41 76 80 24 0.01 0.01 -0.0 -0.03 0.06 -0.17
186 35 75 87 24 0.01 0.0 -0.0 -0.11 0.06 -0.14
187 31 75 82 23 0.01 -0.0 -0.0 -0.09 0.11 -0.14
188 49 80 78 23 -0.0 -0.01 -0.01 0.0 0.1 -0.15
189 40 78 80 24 -0.0 -0.01 -0.01 -0.01 0.06 -0.18
190 36 77 79 23 -0.0 -0.01 -0.01 -0.03 0.04 -0.14
191 33 76 77 23 0.0 0.0 -0.0 -0.04 0.06 -0.19
192 33 75 76 23 0.0 0.0 0.0 -0.08 0.06 -0.17
193 35 75 74 23 0.01 0.01 -0.0 -0.03 0.08 -0.15
194 30 74 87 23 0.01 0.01 -0.01 -0.01 0.12 -0.13
195 40 77 82 23 0.01 0.02 -0.01 -0.09 0.12 -0.13
196 37 76 83 23 -0.01 0.01 -0.01 -0.15 0.07 -0.15
197 44 75 86 23 -0.01 -0.02 -0.01 -0.04 0.03 -0.19
198 38 74 92 23 -0.01 -0.03 -0.0 0.0 0.02 -0.19
199 34 74 88 24 0.0 -0.01 0.0 0.06 0.03 -0.18
200 30 73 86 23 0.01 0.02 0.0 -0.09 0.11 -0.15
201 36 101 84 24 0.01 0.02 -0.0 -0.13 0.1 -0.17
202 41 101 82 23 0.0 0.0 -0.0 -0.13 0.13 -0.12
203 37 96 83 24 0.02 -0.05 -0.01 -0.07 0.1 -0.13
204 32 91 79 23 0.03 -0.06 -0.01 -0.07 0.12 -0.17
205 32 87 82 24 0.02 -0.07 -0.01 -0.07 0.08 -0.15
206 29 84 82 23 -0.0 -0.06 0.01 0.04 0.1 -0.15
207 41 81 82 23 -0.02 -0.05 0.02 0.01 0.07 -0.15
208 39 80 78 24 -0.04 -0.03 0.03 0.02 0.09 -0.16
209 36 79 73 23 -0.07 -0.03 0.04 -0.05 0.04 -0.16
210 36 80 75 23 -0.07 -0.03 0.04 -0.05 0.03 -0.18
211 32 80 76 23 -0.06 -0.02 0.03 -0.13 0.04 -0.17
212 38 78 78 23 -0.04 -0.0 0.01 -0.22 0.04 -0.15
213 42 78 73 23 -0.03 -0.01 0.0 -0.19 0.06 -0.19
214 37 80 72 24 -0.02 -0.01 -0.01 -0.09 0.07 -0.18
215 32 80 75 23 -0.0 -0.01 -0.02 -0.03 0.08 -0.17
216 29 78 84 23 0.0 -0.01 -0.02 0.03 0.09 -0.19
217 35 77 79 24 0.01 -0.0 -0.03 0.03 0.14 -0.17
218 35 76 75 23 0.01 0.01 -0.02 -0.06 0.17 -0.14
219 32 76 76 23 0.0 0.01 -0.02 -0.08 0.15 -0.15
220 39 75 78 23 -0.0 -0.01 -0.01 -0.04 0.13 -0.16
221 37 75 75 24 -0.01 -0.02 -0.0 0.01 0.07 -0.15
222 35 74 76 23 -0.01 -0.02 -0.0 0.0 0.07 -0.12
223 34 77 73 23 -0.02 -0.03 0.0 -0.1 0.01 -0.22
224 30 75 72 23 -0.03 -0.07 0.0 -0.03 0.1 -0.16
225 27 75 76 23 -0.04 -0.09 0.0 -0.13 0.11 -0.15
226 33 80 74 23 -0.05 -0.11 -0.0 -0.13 0.12 -0.11
227 40 80 76 24 -0.07 -0.11 -0.01 0.0 0.05 -0.13
228 38 79 74 23 -0.07 -0.09 -0.02 0.0 0.07 -0.17
229 34 79 79 23 -0.06 -0.06 -0.02 -0.05 0.03 -0.19
230 32 77 77 23 -0.03 -0.03 -0.02 -0.08 -0.01 -0.2
231 29 77 76 23 -0.01 -0.02 -0.01 0.0 0.0 -0.21
232 46 77 84 23 0.03 -0.02 -0.0 0.05 0.06 -0.19
233 40 77 82 23 0.05 0.0 -0.0 -0.03 0.15 -0.14
234 34 77 79 23 0.05 0.01 -0.0 -0.04 0.18 -0.12
235 32 76 78 24 0.03 0.01 0.0 -0.1 0.27 -0.1
236 29 77 75 23 -0.0 0.0 -0.01 -0.11 0.08 -0.13
237 39 78 77 23 -0.01 -0.0 -0.01 -0.08 0.06 -0.18
238 34 78 76 23 -0.02 -0.01 -0.0 -0.1 0.03 -0.17
239 33 77 73 23 -0.02 -0.0 -0.0 0.03 0.02 -0.16
240 36 78 73 23 -0.02 0.01 -0.0 0.0 0.1 -0.17
241 32 73 69 23 -0.02 0.02 -0.0 -0.09 0.11 -0.16
242 41 81 75 24 -0.02 0.0 -0.0 -0.06 0.16 -0.22
243 36 80 72 23 -0.01 -0.0 0.0 -0.06 0.15 -0.19
244 34 79 70 24 0.0 -0.01 -0.01 -0.06 0.1 -0.18
245 30 78 73 23 0.02 -0.01 0.0 -0.01 0.04 -0.19
246 28 77 70 23 0.03 -0.01 -0.0 -0.04 0.03 -0.16
247 34 78 75 23 0.02 0.01 -0.0 -0.06 0.07 -0.17
248 42 80 74 23 0.01 0.01 -0.0 -0.13 0.1 -0.15
249 37 80 74 24 0.01 0.0 -0.0 -0.09 0.08 -0.17
250 33 77 73 23 -0.0 -0.01 0.0 -0.08 0.09 -0.16
251 29 78 74 23 -0.0 -0.01 0.0 -0.02 0.05 -0.2
252 37 78 76 23 -0.0 -0.02 0.01 -0.04 0.09 -0.21
253 38 80 80 23 0.0 -0.01 0.01 -0.04 0.12 -0.13
254 34 80 72 23 0.01 0.01 -0.0 -0.07 0.09 -0.13
255 33 80 74 23 0.01 0.01 -0.0 -0.12 0.09 -0.14
256 30 79 74 24 -0.0 0.0 -0.01 -0.06 0.11 -0.17
257 28 79 71 23 -0.01 -0.01 -0.01 0.02 0.13 -0.17
258 38 80 74 23 -0.01 -0.01 -0.0 0.07 0.14 -0.18
259 35 82 73 23 -0.02 0.01 0.0 0.02 0.1 -0.19
260 31 82 73 23 -0.02 0.02 0.0 -0.05 0.1 -0.17
261 28 81 78 23 -0.02 0.01 0.01 -0.04 0.11 -0.16
262 32 82 74 23 -0.02 0.01 0.01 -0.04 0.09 -0.15
263 30 85 74 24 -0.02 0.0 0.01 -0.11 0.07 -0.2
264 40 84 73 23 -0.01 -0.0 0.01 -0.03 0.07 -0.19
265 38 84 71 24 0.0 0.0 0.01 -0.01 0.08 -0.17
266 34 82 72 23 0.01 0.02 -0.0 -0.07 0.08 -0.19
267 31 82 71 23 0.02 0.03 -0.0 -0.12 0.06 -0.18
268 29 81 68 23 0.03 0.02 -0.01 -0.14 0.07 -0.16
269 30 80 78 23 0.03 0.0 -0.01 -0.02 0.11 -0.14
270 40 82 75 23 0.03 -0.0 -0.01 -0.02 0.12 -0.12
271 38 81 79 24 0.02 -0.0 -0.0 0.0 0.12 -0.18
272 33 80 76 24 0.01 0.0 -0.0 0.03 0.11 -0.16
273 29 82 78 23 0.0 0.01 0.0 0.0 0.06 -0.18
274 27 83 85 23 0.01 0.02 0.0 -0.07 0.1 -0.16
275 25 81 109 23 0.0 0.0 -0.0 -0.15 0.16 -0.13
276 28 80 105 23 -0.0 -0.01 0.01 -0.03 0.13 -0.13
277 44 83 97 24 -0.01 0.0 0.0 0.0 0.1 -0.1
278 39 82 87 23 -0.01 0.04 0.01 0.03 0.01 -0.19
279 34 82 83 24 -0.0 0.05 0.0 -0.07 0.01 -0.18
280 48 82 89 23 0.01 0.04 0.01 -0.17 0.08 -0.16
281 42 82 93 21 0.01 0.02 0.01 -0.11 0.13 -0.17
282 36 81 85 23 0.0 0.01 0.01 -0.09 0.16 -0.17
283 36 81 82 23 -0.01 0.01 0.01 -0.08 0.12 -0.13
284 36 81 79 23 -0.02 -0.02 0.01 -0.12 0.08 -0.16
285 33 80 78 23 -0.01 -0.02 0.01 -0.07 0.02 -0.19
286 44 85 74 23 0.0 -0.02 0.01 0.01 0.02 -0.17
287 39 85 75 23 0.01 0.01 0.0 0.0 0.09 -0.12
288 33 83 75 23 0.01 0.0 0.01 -0.08 0.09 -0.19
289 30 82 76 23 0.01 -0.01 0.01 -0.09 0.14 -0.14
290 27 80 81 23 0.01 -0.02 0.01 -0.09 0.06 -0.19
291 25 80 84 24 0.01 -0.02 0.01 -0.02 0.07 -0.2
292 25 80 79 23 0.02 -0.0 0.01 0.0 0.15 -0.13
293 24 80 77 23 0.02 -0.0 0.01 -0.02 0.17 -0.1
294 23 79 76 23 0.01 -0.01 0.01 -0.06 0.18 -0.16
295 23 79 77 23 -0.01 -0.02 0.0 -0.08 0.12 -0.12
296 24 81 77 23 -0.04 -0.02 -0.01 -0.26 0.04 -0.11
297 42 81 80 23 -0.05 -0.03 -0.03 -0.22 0.06 -0.17
298 37 78 80 23 -0.05 -0.04 -0.04 -0.06 0.14 -0.14
299 33 78 80 23 -0.04 -0.06 -0.05 0.01 0.08 -0.17
300 32 77 78 23 -0.03 -0.05 -0.05 0.0 0.06 -0.21
301 45 80 82 23 -0.0 -0.01 -0.05 0.01 -0.07 -0.22
302 41 81 81 23 0.04 0.03 -0.04 0.0 -0.12 -0.24
303 35 78 83 23 0.07 0.04 -0.03 0.11 -0.07 -0.25
304 35 78 82 23 0.09 0.08 -0.02 0.0 0.17 -0.11
305 46 76 89 23 0.08 0.09 -0.01 -0.18 0.24 -0.07
306 46 79 88 23 0.06 0.08 -0.01 -0.19 0.29 -0.1
307 39 79 85 24 0.01 0.02 -0.0 -0.06 0.26 -0.06
308 33 77 86 23 -0.02 -0.04 0.01 0.0 0.11 -0.18
309 53 77 86 23 -0.03 -0.06 0.02 0.0 0.06 -0.16
310 51 77 88 23 -0.04 -0.06 0.04 0.03 0.0 -0.17
311 44 78 89 23 -0.04 -0.05 0.04 0.0 0.09 -0.14
312 42 78 93 23 -0.04 -0.04 0.04 -0.02 0.14 -0.15
313 51 79 87 22 -0.07 -0.06 0.04 -0.15 0.19 -0.12
314 45 78 88 23 -0.07 -0.07 0.04 0.0 0.19 -0.14
315 47 76 82 23 -0.07 -0.08 0.04 0.05 0.19 -0.2
316 55 75 80 23 -0.06 -0.07 0.05 0.07 0.08 -0.17
317 48 77 76 23 -0.05 -0.06 0.05 -0.01 -0.04 -0.18
318 42 77 75 23 -0.02 -0.03 0.06 0.01 -0.06 -0.22
319 36 76 70 23 0.01 -0.0 0.05 -0.07 -0.04 -0.19
320 32 75 65 23 0.04 -0.01 0.04 -0.18 0.0 -0.18
321 26 78 63 23 0.05 -0.04 0.04 -0.23 0.0 -0.21
-200 -200 -200 -200 -200 -200 -200 -200 -200 -200 -200
322 30 80 71 23 0.08 -0.13 0.03 -0.34 0.14 -0.2
323 28 79 70 24 0.11 -0.2 0.03 -0.08 0.23 -0.18
324 40 78 69 24 0.11 -0.17 0.02 0.19 0.29 -0.1
325 36 79 65 23 0.09 -0.12 0.02 0.09 0.38 -0.13
326 34 81 64 24 0.06 -0.1 0.01 -0.02 0.12 -0.16
327 37 82 71 23 0.06 -0.09 0.01 -0.07 0.09 -0.19
328 52 83 74 23 0.08 -0.06 0.0 -0.11 -0.04 -0.21
329 46 85 75 23 0.11 -0.03 -0.01 -0.13 -0.09 -0.22
330 39 85 76 23 0.12 0.0 -0.02 -0.11 -0.11 -0.22
331 39 83 75 24 0.14 0.03 -0.04 -0.09 0.06 -0.17
332 48 85 73 24 0.11 0.02 -0.05 -0.18 0.17 -0.11
333 45 86 71 24 0.08 -0.02 -0.04 -0.12 0.21 -0.07
334 45 99 66 24 0.04 -0.07 -0.03 -0.08 0.19 -0.16
335 54 102 64 23 0.01 -0.12 -0.01 0.01 0.18 -0.14
336 48 97 72 23 0.0 -0.13 -0.0 0.02 0.21 -0.18
337 43 106 67 23 -0.02 -0.15 0.03 0.15 0.29 -0.17
338 80 128 64 24 -0.04 -0.17 0.06 0.0 0.18 -0.16
339 84 139 61 23 -0.05 -0.18 0.08 -0.08 0.25 -0.2
340 73 127 59 23 -0.07 -0.28 0.12 -0.04 0.05 -0.09
341 74 118 56 23 -0.05 -0.34 0.13 -0.01 0.08 -0.24
342 95 153 56 23 -0.06 -0.38 0.15 -0.26 -0.07 -0.25
343 156 192 57 24 0.02 -0.52 0.2 -0.32 -0.23 -0.22
344 184 220 56 25 0.14 -0.64 0.21 -0.37 -0.32 -0.25
345 173 203 56 39 0.23 -0.74 0.2 0.22 -0.15 -0.47
346 204 213 69 68 0.37 -0.88 0.12 0.34 -0.26 -0.19
347 189 217 67 59 0.36 -0.84 0.06 -0.28 -0.23 0.02
348 236 231 69 54 0.35 -0.89 0.04 -0.45 -0.21 0.12
349 275 243 68 54 0.24 -1.1 -0.05 -0.41 -0.01 0.05
350 256 240 67 105 0.28 -1.35 -0.21 -1.13 -0.09 0.07
351 291 274 69 131 0.38 -1.47 -0.27 -0.71 -0.05 0.07
352 290 269 68 128 0.52 -1.42 -0.22 -0.76 -2.39 0.93
353 329 274 72 116 0.63 -1.07 -0.05 -0.74 -0.31 1.59
354 306 304 75 102 0.72 -0.79 -0.08 -0.4 -0.34 2.76
355 331 306 78 87 0.93 -0.27 0.04 0.37 1.6 3.68
356 351 314 82 79 1.24 -0.17 -0.18 1.28 1.05 3.3
357 349 295 84 69 1.35 -0.24 -0.21 0.93 0.89 3.45
358 345 309 86 61 1.59 -0.33 -0.27 1.14 0.8 3.82
359 348 298 84 54 1.69 -0.27 -0.31 0.78 0.77 2.56
360 369 297 89 47 1.71 -0.17 -0.32 0.67 0.76 1.98
361 382 307 90 47 1.75 -0.06 -0.3 0.57 0.45 0.53
362 392 291 89 53 1.77 -0.11 -0.32 0.09 0.11 -0.25
363 450 273 86 51 1.74 -0.17 -0.31 0.27 0.12 -1.05
364 502 301 93 60 1.66 -0.16 -0.29 -0.13 0.01 -1.73
365 493 296 92 57 1.56 -0.2 -0.25 -0.1 -0.04 -2.06
366 483 284 94 59 1.5 -0.26 -0.26 -0.05 -0.07 -2.06
367 433 298 97 68 1.37 -0.22 -0.31 -0.03 -0.17 -1.97
368 441 314 98 66 1.21 -0.07 -0.39 0.04 -0.22 -1.86
369 442 317 99 64 1.16 -0.03 -0.42 -0.14 -0.36 -2.0
370 415 309 97 60 1.05 0.05 -0.46 0.01 -0.42 -1.95
371 412 304 101 61 0.93 0.07 -0.47 -0.39 -0.56 -1.89
372 401 299 100 60 0.89 0.08 -0.47 -0.56 -0.57 -1.84
373 425 301 96 56 0.79 0.06 -0.45 -0.91 -0.56 -1.43
374 399 291 96 54 0.7 0.04 -0.41 -0.83 -0.58 -1.2
375 374 318 110 58 0.66 0.02 -0.4 -0.44 -0.37 -1.44
376 406 319 109 72 0.57 0.05 -0.38 -0.05 -0.4 -1.69
377 368 320 111 62 0.51 0.09 -0.39 -0.19 -0.42 -1.35
378 391 324 106 57 0.47 0.12 -0.38 -0.25 -0.32 -1.35
379 406 307 102 53 0.36 0.12 -0.34 -0.46 -0.27 -1.08
380 430 312 109 88 0.28 0.1 -0.3 -0.21 -0.39 -0.97
381 410 344 110 88 0.25 0.1 -0.31 -0.02 -0.4 -0.95
382 362 314 111 84 0.21 0.13 -0.35 0.19 -0.43 -0.73
383 389 285 115 95 0.18 0.17 -0.41 0.36 -0.45 -0.69
384 360 269 125 85 0.15 0.21 -0.44 0.37 -0.34 -0.8
385 354 262 123 82 0.07 0.26 -0.47 0.27 -0.31 -1.07
386 360 278 112 74 -0.0 0.24 -0.41 -0.32 -0.41 -0.97
387 356 256 103 69 -0.04 0.21 -0.37 -0.52 -0.42 -0.98
388 443 281 96 70 -0.11 0.15 -0.29 -0.44 -0.25 -0.48
389 383 273 97 71 -0.16 0.13 -0.23 -0.22 -0.19 -0.5
390 339 269 94 65 -0.16 0.11 -0.21 -0.26 -0.05 -0.53
391 383 286 93 60 -0.17 0.04 -0.15 -0.33 0.21 -0.47
392 357 273 88 52 -0.19 -0.0 -0.09 -0.47 0.23 -0.43
393 390 298 86 56 -0.2 -0.03 -0.05 -0.52 0.18 -0.37
394 374 280 82 49 -0.21 -0.08 0.01 -0.26 0.09 -0.2
395 332 279 80 45 -0.21 -0.08 0.02 -0.19 -0.03 -0.07
396 361 272 80 41 -0.17 -0.08 0.03 -0.1 0.02 -0.07
397 327 254 78 38 -0.13 -0.05 0.02 -0.04 0.05 -0.16
398 324 268 79 42 -0.08 -0.06 0.01 -0.07 0.05 -0.04
399 296 265 82 41 -0.07 -0.04 0.0 -0.03 0.13 -0.07
400 284 266 79 40 -0.06 0.02 -0.02 -0.1 0.15 -0.33
401 290 262 76 37 -0.04 0.01 -0.04 -0.01 0.19 -0.31
402 289 277 76 34 -0.02 0.03 -0.07 0.0 0.14 -0.28
403 313 268 81 41 -0.02 0.11 -0.11 -0.09 0.12 -0.29
404 299 256 78 37 -0.01 0.11 -0.14 -0.42 0.13 -0.35
405 277 244 76 42 -0.01 0.1 -0.13 -0.42 0.11 -0.27
406 278 268 75 47 -0.02 0.11 -0.09 -0.5 0.15 -0.18
407 294 252 73 42 -0.03 0.12 -0.06 -0.26 0.08 -0.25
408 318 256 75 39 -0.02 0.1 -0.06 -0.2 0.05 -0.32
409 349 268 73 35 0.01 0.08 -0.06 -0.17 0.08 -0.24
410 373 269 75 34 0.01 0.08 -0.06 -0.27 0.08 -0.3
411 408 261 75 33 0.0 0.08 -0.06 -0.26 0.05 -0.35
412 391 265 75 35 -0.01 0.06 -0.06 -0.04 0.04 -0.35
413 432 243 72 35 -0.01 0.05 -0.06 0.0 0.04 -0.3
414 441 237 81 37 -0.01 0.06 -0.09 0.15 0.03 -0.28
415 401 238 79 38 -0.01 0.08 -0.12 0.15 0.07 -0.26
416 399 317 81 36 -0.01 0.09 -0.13 -0.01 -0.02 -0.4
417 363 297 78 35 -0.02 0.1 -0.14 -0.01 -0.07 -0.52
418 347 286 79 35 -0.03 0.07 -0.12 -0.11 -0.26 -0.55
419 390 303 82 39 -0.03 0.04 -0.11 -0.02 -0.36 -0.45
420 386 295 78 41 -0.05 0.02 -0.11 -0.07 -0.36 -0.46
421 441 291 84 45 -0.05 0.01 -0.1 0.09 -0.25 -0.27
422 426 264 82 42 -0.04 0.02 -0.1 -0.01 -0.11 -0.18
423 393 255 78 43 -0.08 0.07 -0.1 -0.17 0.02 -0.21
424 383 267 79 41 -0.12 0.09 -0.09 -0.24 0.12 -0.11
425 380 288 81 55 -0.13 0.09 -0.08 -0.37 0.18 -0.28
426 392 272 80 52 -0.13 0.07 -0.05 -0.36 0.23 -0.28
427 359 280 81 48 -0.12 0.02 -0.02 -0.35 0.17 -0.25
428 371 276 81 46 -0.12 0.02 -0.01 -0.27 0.1 -0.02
429 347 274 77 41 -0.1 0.0 0.02 -0.21 0.13 0.04
430 335 257 77 41 -0.07 0.0 0.02 -0.01 0.17 0.06
431 340 252 74 37 -0.05 0.02 0.02 0.02 0.21 0.1
432 432 240 71 36 -0.03 0.06 0.0 0.03 0.14 -0.17
433 441 246 70 34 0.01 0.03 0.01 0.09 0.2 -0.48
434 362 214 68 33 0.01 0.01 0.03 0.17 0.01 -0.45
435 319 197 66 33 0.01 -0.03 0.06 0.26 -0.08 -0.5
436 277 178 67 31 0.01 -0.01 0.05 0.33 -0.16 -0.48
437 225 154 65 30 -0.03 0.03 0.05 0.13 -0.24 -0.55
438 223 145 62 29 -0.12 0.04 0.02 -0.03 -0.31 -0.58
439 184 131 59 28 -0.23 -0.02 0.03 -0.31 -0.33 -0.6
440 153 119 59 28 -0.32 -0.04 0.06 -0.5 -0.36 -0.83
441 156 118 57 28 -0.48 0.04 0.14 -0.43 -0.27 -1.0
442 141 123 57 27 -0.71 0.21 0.27 -0.64 -0.41 -1.34
443 122 114 57 27 -0.81 0.19 0.37 -1.58 -0.57 -1.87
444 100 107 59 27 -0.81 -0.04 0.58 -2.34 -0.52 -1.74
445 84 100 58 26 -0.88 -0.24 0.72 -1.66 -0.27 -1.44
446 79 96 57 27 -0.98 -0.25 0.78 -0.74 -0.22 -1.08
447 85 93 56 29 -1.18 -0.14 0.92 -0.71 -0.13 -1.02
448 82 94 57 28 -1.38 -0.19 1.02 -1.46 -0.06 -1.12
449 95 95 57 29 -1.5 -0.3 1.04 -1.7 0.16 -1.25
450 89 95 59 28 -1.66 -0.56 1.01 -2.13 0.07 -1.38
451 98 93 57 27 -1.68 -0.94 0.93 -1.3 -0.09 -1.06
452 145 101 56 27 -1.7 -1.08 0.92 -0.42 0.22 -0.98
453 136 108 58 26 -1.78 -1.03 0.98 0.17 0.09 -1.05
454 115 102 57 26 -1.81 -0.97 0.97 -0.18 0.0 -1.17
455 108 95 55 26 -1.77 -0.94 0.98 0.67 0.23 -0.9
456 109 92 55 25 -1.71 -0.89 0.96 1.03 0.43 -0.9
457 93 87 56 27 -1.73 -0.68 0.95 1.29 0.36 -1.23
458 85 85 66 25 -1.76 -0.52 0.92 1.76 0.46 -1.56
459 86 84 71 25 -1.8 -0.06 0.89 2.11 0.54 -1.71
460 88 83 69 25 -1.87 0.6 0.82 2.16 0.54 -2.04
461 79 82 68 25 -1.94 0.98 0.75 1.43 0.33 -2.34
462 176 85 67 25 -2.11 1.35 0.53 0.89 -0.03 -3.1
463 154 84 66 25 -2.08 0.77 0.25 -0.47 -0.85 -7.08
464 124 88 77 25 -1.53 0.31 0.01 5.16 -4.96 9.71
465 103 93 79 25 -0.15 2.13 0.29 6.15 -3.02 10.56
466 122 99 74 25 0.19 4.33 0.33 -1.68 -3.27 12.8
467 155 98 71 24 0.67 3.84 0.08 -6.45 0.47 -0.1
468 141 98 70 24 0.43 1.48 -0.46 -5.73 0.61 -1.19
469 133 98 71 24 0.52 0.49 -0.42 -1.88 0.37 0.22
470 142 97 71 24 0.56 0.16 -0.33 0.85 0.28 -0.04
471 138 98 74 25 0.52 -0.12 -0.03 2.04 0.51 0.12
472 122 98 77 24 0.05 0.02 0.06 1.68 0.13 0.09
473 107 101 75 25 -0.04 0.04 0.03 0.33 0.22 -0.25
474 89 101 79 24 -0.11 0.15 -0.0 -0.08 0.16 -0.15
475 77 102 75 25 -0.07 0.11 0.04 -0.68 -0.03 -0.17
476 65 103 73 25 -0.01 0.06 0.05 -0.32 0.05 -0.14
477 81 103 69 25 0.02 -0.02 0.04 -0.3 0.09 -0.24
478 69 102 71 25 0.02 -0.03 -0.02 -0.18 -0.07 -0.23
479 65 104 72 24 0.08 -0.05 -0.03 -0.17 0.26 -0.24
-100 -100 -100 -100 -100 -100 -100 -100 -100 -100 -100
480 56 102 75 25 0.15 0.03 -0.09 -0.36 0.08 -0.23
481 54 102 71 25 0.22 0.03 -0.09 -0.09 0.23 -0.15
482 51 102 67 24 0.22 0.02 -0.07 0.07 0.06 -0.17
483 51 104 71 24 0.22 -0.02 -0.06 0.06 0.11 -0.23
484 68 105 68 24 0.22 -0.0 -0.04 0.12 0.17 -0.17
485 57 106 69 24 0.2 0.0 -0.03 0.16 0.19 -0.12
486 54 105 69 24 0.17 0.05 -0.03 0.14 0.24 -0.11
487 49 103 70 24 0.11 0.07 -0.03 0.0 0.25 -0.09
488 48 102 68 24 0.06 0.02 -0.03 -0.11 0.18 -0.15
489 84 102 67 25 0.01 0.01 -0.02 -0.18 0.09 -0.18
490 74 102 70 24 0.06 0.02 -0.02 -0.06 0.15 -0.16
491 65 102 69 24 0.06 0.03 -0.03 -0.04 0.15 -0.16
492 56 105 68 24 0.05 0.03 -0.03 -0.11 0.14 -0.12
493 50 103 71 24 -0.0 -0.09 -0.02 -0.14 0.09 -0.14
494 44 102 68 24 -0.01 -0.14 -0.01 0.12 0.07 -0.14
495 68 101 66 24 -0.01 -0.14 0.01 0.15 0.11 -0.18
496 61 102 65 24 -0.0 -0.04 0.02 0.13 0.06 -0.23
497 56 102 67 25 0.01 0.03 0.02 0.12 0.0 -0.32
498 47 101 64 24 0.08 0.15 0.02 0.04 0.02 -0.29
499 49 101 68 25 0.07 0.07 0.03 -0.26 0.17 -0.08
500 49 100 73 25 0.02 -0.03 0.04 -0.26 0.19 -0.08
501 66 99 76 24 -0.01 -0.1 0.03 0.01 0.21 -0.14
502 63 101 76 25 -0.01 -0.03 0.01 0.0 0.2 -0.17
503 53 100 72 24 -0.01 -0.0 0.01 -0.08 0.11 -0.16
504 48 102 78 25 -0.01 -0.0 0.0 -0.1 0.17 -0.17
505 45 103 81 24 -0.03 -0.07 -0.0 -0.21 0.08 -0.21
506 69 103 80 24 -0.03 -0.09 -0.01 -0.09 0.08 -0.15
507 68 104 79 24 -0.0 -0.07 -0.01 0.02 0.12 -0.2
508 61 103 74 24 -0.01 -0.04 -0.01 0.07 0.09 -0.19
509 65 106 76 24 -0.03 -0.06 -0.01 0.07 0.08 -0.17
510 56 106 76 24 -0.04 -0.05 0.0 -0.05 0.05 -0.2
511 56 106 76 24 -0.03 -0.03 0.0 -0.04 0.04 -0.19
512 70 105 80 24 -0.02 -0.01 -0.0 0.0 0.06 -0.21
513 69 105 76 24 0.01 0.03 -0.01 0.07 0.08 -0.21
514 63 104 73 25 0.01 0.04 -0.01 -0.01 0.16 -0.16
515 58 104 74 27 -0.01 0.01 -0.01 -0.08 0.16 -0.19
516 54 103 72 25 -0.02 0.0 -0.01 -0.12 0.06 -0.2
517 51 104 70 25 -0.01 0.01 -0.01 -0.09 0.08 -0.19
518 73 104 78 24 0.0 0.01 -0.02 -0.08 0.12 -0.19
519 69 101 80 24 0.02 0.01 -0.02 -0.03 0.1 -0.16
520 69 101 78 24 0.02 0.03 -0.02 0.05 0.09 -0.19
521 72 98 80 25 0.02 0.05 -0.02 0.07 0.08 -0.21
522 64 99 80 24 0.02 0.08 -0.02 -0.1 0.05 -0.23
523 57 97 75 24 0.03 0.05 -0.02 -0.15 0.06 -0.19
524 77 95 82 24 0.02 0.02 -0.01 -0.14 0.12 -0.15
-200 -200 -200 -200 -200 -200 -200 -200 -200 -200 -200
525 67 93 77 24 0.03 0.0 -0.01 -0.01 0.09 -0.2
526 65 93 77 25 0.03 0.03 -0.01 0.12 0.14 -0.17
527 54 92 74 24 0.02 0.06 -0.01 0.08 0.14 -0.16
528 56 92 79 24 0.0 0.05 -0.0 -0.06 0.05 -0.15
529 65 92 82 25 -0.0 0.02 0.0 -0.17 0.09 -0.17
530 88 90 84 25 -0.0 0.01 0.0 -0.08 0.11 -0.2
531 73 90 81 24 0.01 -0.01 0.0 0.1 0.15 -0.19
532 68 89 79 24 -0.01 0.01 0.0 0.05 0.11 -0.16
533 68 87 74 26 -0.01 0.0 0.01 -0.04 0.07 -0.18
534 67 88 72 24 -0.01 0.01 0.0 -0.12 0.05 -0.21
535 69 86 73 27 0.01 0.03 -0.0 -0.11 0.04 -0.2
536 91 86 75 24 0.02 0.03 -0.01 -0.07 0.08 -0.18
537 75 85 79 24 0.02 0.02 -0.01 -0.11 0.09 -0.19
538 82 89 74 25 0.02 -0.01 -0.01 -0.09 0.18 -0.15
539 84 87 74 24 0.02 -0.02 -0.01 0.0 0.2 -0.15
540 87 97 69 24 -0.0 -0.04 -0.01 -0.05 0.08 -0.2
541 92 107 66 24 -0.02 -0.04 -0.01 0.06 0.01 -0.17
542 91 115 66 25 -0.03 -0.05 -0.0 -0.08 0.02 -0.19
543 88 122 63 25 -0.03 -0.09 -0.0 -0.19 0.0 -0.21
544 86 119 63 24 -0.03 -0.17 0.0 -0.17 -0.03 -0.22
545 119 126 64 26 -0.01 -0.21 0.01 -0.07 0.05 -0.12
546 138 125 62 31 0.01 -0.27 0.01 0.41 0.29 0.03
547 142 146 61 43 -0.1 -0.43 0.02 0.25 0.12 0.1
548 150 167 61 40 -0.11 -0.48 0.01 0.33 -0.01 0.26
549 202 221 62 71 -0.16 -0.66 -0.02 0.91 0.09 0.0
550 201 232 64 68 -0.09 -0.47 -0.12 -1.53 -0.42 0.09
551 186 221 61 87 0.04 -0.58 -0.17 -1.16 -0.55 0.18
552 187 232 62 79 0.26 -0.74 -0.24 -1.43 -0.84 0.04
553 197 219 62 69 0.57 -1.07 -0.24 -1.29 -0.79 0.28
554 244 207 62 58 0.68 -1.36 -0.32 2.36 1.85 0.88
555 240 230 62 55 0.45 -1.24 -0.06 -1.04 -0.3 0.25
556 269 221 63 50 1.02 -1.13 -0.06 0.99 1.08 1.13
557 293 234 66 46 1.28 -1.16 -0.15 2.03 0.58 1.48
558 320 246 69 48 1.15 -0.7 -0.06 0.23 0.13 1.93
559 331 234 71 45 1.33 -0.72 -0.19 1.17 0.49 2.48
560 333 258 69 43 1.45 -0.68 -0.25 1.15 0.81 2.35
561 325 260 69 39 1.48 -0.53 -0.31 0.91 0.76 2.16
562 313 282 73 41 1.56 -0.38 -0.35 1.24 0.59 2.04
563 308 263 77 41 1.6 -0.34 -0.39 1.04 0.44 1.95
564 312 287 76 42 1.68 -0.3 -0.42 0.77 0.5 1.53
565 309 288 84 49 1.7 -0.26 -0.47 0.32 0.55 0.76
566 303 301 81 46 1.71 -0.23 -0.5 0.36 0.48 0.58
567 341 320 79 43 1.64 -0.17 -0.52 0.25 0.13 0.26
568 359 345 80 40 1.58 -0.09 -0.54 0.14 0.03 -0.55
569 415 379 87 46 1.55 -0.1 -0.55 0.2 -0.08 -0.78
570 425 375 86 43 1.49 -0.16 -0.58 0.46 -0.21 -1.34
571 481 373 84 44 1.37 -0.07 -0.62 0.16 -0.54 -1.29
572 541 365 80 46 1.33 -0.06 -0.66 0.26 -0.68 -1.44
573 545 380 91 57 1.23 0.02 -0.69 -0.03 -0.55 -1.62
574 495 377 92 57 1.11 0.04 -0.71 -0.26 -0.73 -1.79
575 519 376 89 54 1.07 0.03 -0.72 -0.4 -0.62 -1.73
576 619 373 90 62 0.94 0.03 -0.72 -0.47 -0.77 -1.86
577 563 356 96 65 0.88 0.08 -0.7 -0.67 -0.8 -1.86
578 539 331 92 58 0.85 0.06 -0.68 -0.69 -0.85 -1.75
579 523 380 96 63 0.75 0.05 -0.63 -0.74 -0.73 -1.67
580 524 384 91 59 0.6 0.14 -0.59 -0.82 -0.8 -1.8
581 558 366 89 59 0.53 0.19 -0.58 -0.9 -0.83 -1.93
582 577 353 86 56 0.44 0.17 -0.54 -1.05 -0.61 -1.95
583 636 353 92 60 0.31 0.1 -0.42 -1.29 -0.48 -2.11
584 612 322 91 52 0.24 0.05 -0.32 -1.37 -0.46 -2.14
585 573 302 86 52 0.1 -0.11 -0.12 -1.27 -0.55 -1.29
586 537 294 87 47 -0.02 -0.17 -0.02 -0.54 -0.46 -0.81
587 488 314 90 73 -0.07 -0.11 -0.01 -0.52 -0.45 -0.88
588 459 301 86 66 -0.1 -0.01 -0.0 -0.3 -0.27 -0.99
589 422 297 83 65 -0.09 -0.01 0.03 -0.45 -0.15 -0.46
590 407 279 81 59 -0.08 -0.04 0.05 -0.52 -0.03 -0.31
591 465 281 84 58 -0.09 -0.05 0.08 -0.41 0.06 0.2
592 476 276 86 56 -0.07 0.02 0.08 0.05 0.12 0.08
593 508 279 87 53 -0.05 0.08 0.06 -0.2 0.11 -0.04
594 487 268 83 52 0.03 0.07 0.01 -0.03 0.19 -0.04
595 455 258 82 47 0.06 0.07 -0.02 -0.25 0.17 0.0
596 447 255 80 44 0.07 0.11 -0.02 -0.38 0.15 -0.06
597 413 273 80 43 0.06 0.14 -0.01 -0.33 0.11 -0.23
598 376 254 79 40 0.04 0.12 0.01 -0.35 0.0 -0.3
599 356 259 79 36 0.05 0.09 0.02 -0.13 -0.04 -0.25
600 411 312 77 39 0.08 0.05 0.03 -0.09 -0.04 -0.19
601 385 277 82 41 0.08 0.07 0.02 -0.26 -0.04 -0.14
602 413 283 80 41 0.08 0.08 0.01 -0.34 -0.06 -0.17
603 416 270 82 40 0.09 0.11 0.01 0.0 0.0 -0.32
604 373 260 79 39 0.1 0.15 0.01 0.21 0.06 -0.49
605 403 258 81 40 0.09 0.16 0.0 0.16 -0.02 -0.42
606 363 246 79 41 0.09 0.12 -0.01 0.08 -0.01 -0.49
607 345 244 79 38 0.07 0.11 -0.03 -0.1 -0.12 -0.43
608 349 244 76 35 0.05 0.1 -0.03 -0.06 -0.09 -0.58
609 323 244 80 35 0.02 0.1 -0.01 -0.2 -0.18 -0.67
610 319 232 81 38 0.0 0.03 0.03 0.07 -0.14 -0.65
611 347 254 84 36 -0.01 -0.01 0.03 0.16 -0.15 -0.56
612 323 247 84 34 -0.03 0.01 0.02 0.39 -0.1 -0.42
613 296 243 82 39 -0.05 0.06 -0.03 0.29 -0.01 -0.27
614 297 237 84 41 -0.06 0.06 -0.06 0.08 -0.04 -0.26
615 273 251 84 43 -0.08 0.06 -0.09 -0.09 -0.01 -0.42
616 284 263 84 41 -0.07 0.04 -0.06 -0.42 -0.09 -0.26
617 271 255 83 38 -0.07 0.02 -0.02 -0.46 -0.08 -0.22
618 263 237 78 34 -0.05 -0.03 0.02 -0.29 -0.05 -0.07
619 252 218 74 32 -0.04 -0.03 0.03 -0.13 -0.04 -0.09
620 279 227 75 31 -0.03 -0.02 0.03 -0.11 0.0 -0.15
621 324 224 75 38 -0.04 -0.02 0.03 -0.17 0.04 -0.28
622 298 218 71 36 -0.04 -0.03 0.03 -0.13 0.07 -0.31
623 288 228 72 33 -0.04 -0.03 0.03 -0.12 0.16 -0.27
624 293 226 74 33 -0.05 -0.02 0.04 -0.01 0.17 -0.36
625 309 226 71 33 -0.04 -0.01 0.03 0.05 0.07 -0.16
626 277 213 72 33 -0.04 -0.01 0.02 0.17 0.01 -0.21
627 279 224 72 30 -0.03 0.01 -0.03 0.25 0.01 -0.23
628 279 218 71 31 -0.03 0.06 -0.07 0.0 0.0 -0.26
629 287 214 70 29 -0.03 0.08 -0.09 -0.13 0.02 -0.28
630 271 213 69 29 -0.04 0.09 -0.09 -0.27 0.01 -0.42
631 258 219 67 29 -0.06 0.07 -0.07 -0.31 -0.03 -0.37
632 264 208 69 33 -0.07 0.07 -0.06 -0.32 -0.06 -0.39
633 278 203 69 32 -0.07 0.03 -0.03 -0.29 -0.06 -0.33
634 328 228 72 35 -0.07 0.01 -0.01 -0.33 -0.12 -0.17
635 303 217 72 33 -0.08 -0.01 -0.01 -0.34 -0.16 -0.11
636 299 208 70 32 -0.05 -0.02 0.0 -0.21 -0.15 -0.16
637 281 197 72 30 -0.03 -0.01 0.01 -0.08 -0.09 -0.14
638 284 187 71 29 -0.02 0.0 0.02 -0.08 -0.02 -0.13
639 299 196 73 34 -0.02 0.01 0.01 -0.06 0.04 -0.24
640 315 203 74 67 -0.01 0.01 -0.0 -0.12 0.1 -0.23
641 360 196 77 65 -0.01 0.01 -0.01 -0.09 0.07 -0.19
642 317 201 80 66 -0.02 0.05 -0.0 -0.37 -0.01 -0.47
643 284 198 78 61 -0.03 0.02 0.04 -0.75 -0.07 -0.55
644 254 182 74 53 -0.02 -0.01 0.09 -1.15 -0.11 -0.71
645 243 187 71 47 -0.05 -0.11 0.26 -1.47 -0.18 -0.74
646 274 176 70 43 -0.12 -0.21 0.44 -1.42 -0.38 -0.76
647 261 160 66 38 -0.16 -0.26 0.53 -1.22 -0.36 -0.93
648 207 143 65 35 -0.25 -0.26 0.65 -0.46 -0.46 -1.29
649 173 132 67 33 -0.34 -0.21 0.68 -0.03 -0.41 -1.6
650 139 117 66 31 -0.4 -0.17 0.66 0.17 -0.38 -1.71
651 113 114 64 29 -0.55 -0.08 0.62 0.24 -0.45 -2.25
652 95 122 64 27 -0.71 -0.07 0.55 0.55 -0.15 -2.85
653 79 122 63 27 -0.82 -0.04 0.53 0.65 0.12 -3.4
654 80 117 72 26 -1.13 0.02 0.54 0.12 0.24 -3.73
655 71 110 70 26 -1.43 -0.01 0.62 -0.79 -0.3 -2.55
656 58 102 67 25 -1.56 0.02 0.66 -1.06 -0.46 -2.14
657 50 95 72 25 -1.81 0.11 0.66 -0.51 -0.57 -1.39
658 43 92 67 24 -2.06 0.34 0.62 -0.04 -0.53 -0.32
659 37 92 65 24 -2.21 0.42 0.58 0.01 -0.51 0.23
660 37 90 63 28 -2.49 0.58 0.47 0.52 -0.39 0.98
661 39 93 61 30 -2.63 0.92 0.4 0.28 0.03 0.78
662 35 93 58 65 -2.68 1.09 0.39 0.1 0.08 0.39
663 50 88 58 56 -2.92 1.21 0.37 -0.65 -0.21 -0.31
664 44 89 58 48 -2.89 0.87 0.22 -0.66 -0.72 -0.99
665 47 98 57 42 -2.76 0.71 0.16 -0.24 -0.41 -1.28
666 52 103 56 38 -2.43 0.58 0.14 0.1 -0.58 -2.21
667 84 100 58 36 -2.04 0.68 0.05 1.75 -0.62 -2.45
668 73 100 62 32 -2.0 0.8 0.07 -1.43 0.04 -7.85
669 62 101 65 30 -1.76 0.01 -0.03 1.48 -4.03 3.48
670 57 113 70 29 0.42 0.13 0.27 -0.11 -3.8 8.22
671 57 122 71 28 0.59 -0.12 0.04 5.34 -0.96 11.39
672 54 120 71 27 0.12 3.19 0.32 -0.37 -2.56 10.73
673 63 146 72 27 1.29 2.01 -0.56 -0.57 1.08 -1.98
674 53 133 77 26 1.17 1.94 -0.56 -0.96 2.41 -0.84
675 51 128 72 26 0.55 1.58 -0.61 -0.95 1.28 0.89
676 44 127 75 25 0.12 0.02 -0.31 -0.74 0.47 -0.16
677 38 133 70 25 0.03 -0.26 -0.19 -0.13 0.17 0.22
678 59 129 72 24 -0.04 -0.36 -0.04 0.18 -0.3 -0.28
679 50 127 77 25 0.02 -0.27 -0.01 0.7 -0.18 -0.58
680 50 128 78 24 -0.03 -0.32 0.02 0.68 -0.29 -0.42
681 44 128 78 25 -0.06 -0.31 0.1 0.66 -0.28 -0.35
682 39 135 76 24 -0.01 -0.12 0.17 0.48 -0.27 -0.41
683 35 136 84 26 0.05 0.04 0.18 0.51 -0.18 -0.2
684 38 134 86 25 0.15 0.42 0.12 0.22 0.23 -0.04
685 32 133 78 25 -0.04 0.03 0.1 -0.77 0.35 -0.01
686 28 130 72 25 -0.08 -0.03 0.07 -0.85 0.4 0.02
687 27 128 71 24 -0.02 -0.01 0.03 -0.74 0.5 -0.09
-100 -100 -100 -100 -100 -100 -100 -100 -100 -100 -100
688 46 125 68 24 0.05 0.03 0.0 -0.12 0.23 -0.13
689 54 124 79 24 0.09 0.11 -0.01 0.0 0.22 -0.04
690 60 124 75 24 0.01 0.02 -0.02 -0.16 0.13 -0.14
691 52 120 75 25 -0.06 -0.2 -0.0 -0.12 0.02 -0.22
692 45 118 74 24 -0.02 -0.14 -0.01 0.03 0.02 -0.22
693 41 117 79 24 0.05 -0.01 -0.02 0.17 0.12 -0.22
694 43 115 74 24 0.09 0.2 -0.03 0.27 0.08 -0.06
695 72 113 74 24 0.1 0.32 -0.04 0.34 0.18 -0.05
696 66 110 75 24 -0.03 0.22 -0.04 -0.09 0.15 -0.09
697 59 110 69 24 -0.09 0.13 -0.03 -0.5 0.19 -0.14
698 53 109 64 24 -0.09 0.1 -0.03 -0.42 0.17 -0.18
699 46 108 64 24 -0.06 0.07 -0.03 -0.18 0.13 -0.26
700 49 106 67 24 -0.04 0.04 -0.03 -0.05 0.14 -0.18
701 46 107 63 24 -0.05 0.02 -0.02 -0.11 0.02 -0.23
702 68 105 61 25 -0.04 -0.06 -0.01 -0.15 0.01 -0.22
703 74 104 62 24 -0.03 -0.06 -0.01 0.11 0.06 -0.2
704 63 105 62 24 0.01 -0.0 -0.01 0.18 0.13 -0.17
705 57 103 61 24 0.03 0.08 -0.01 0.08 0.1 -0.2
706 49 100 63 24 0.02 0.11 -0.01 0.0 0.16 -0.14
707 44 100 61 24 0.01 0.11 -0.01 -0.06 0.16 -0.15
708 44 97 59 23 -0.01 0.05 0.0 -0.25 0.11 -0.15
709 72 95 56 24 -0.01 0.03 -0.0 -0.23 0.11 -0.19
710 68 94 55 24 -0.0 -0.02 0.01 -0.14 0.1 -0.21
711 59 95 53 23 0.02 -0.02 0.01 0.01 0.14 -0.21
712 59 93 54 24 0.03 0.01 0.0 -0.07 0.14 -0.14
713 55 89 64 23 0.03 0.03 -0.01 -0.14 0.14 -0.15
714 53 89 64 23 -0.0 -0.05 -0.01 -0.1 0.14 -0.15
715 48 88 62 24 -0.01 -0.04 -0.01 0.0 0.15 -0.12
716 54 88 60 24 0.0 -0.01 -0.02 -0.02 0.15 -0.16
717 76 86 59 23 0.01 0.05 -0.02 -0.06 0.08 -0.2
718 80 86 56 24 0.01 0.08 -0.02 -0.1 0.04 -0.18
719 81 84 54 24 -0.02 -0.04 0.0 -0.12 0.02 -0.21
720 68 85 52 24 -0.01 -0.06 0.01 0.02 0.1 -0.21
721 66 86 59 23 -0.01 -0.06 0.01 0.05 0.13 -0.18
722 58 86 57 24 0.02 0.03 0.01 -0.03 0.18 -0.15
723 52 86 62 24 0.01 0.03 0.01 -0.11 0.19 -0.13
724 85 86 63 24 0.01 0.05 -0.0 -0.14 0.09 -0.15
725 74 85 61 24 0.01 0.01 -0.01 -0.17 0.07 -0.17
726 64 85 58 21 0.02 -0.02 -0.01 -0.16 0.07 -0.18
727 69 86 59 24 0.03 -0.02 -0.01 -0.03 0.12 -0.17
728 58 85 59 24 0.02 -0.01 -0.01 -0.04 0.13 -0.17
729 64 82 59 24 0.02 -0.03 -0.01 -0.09 0.12 -0.22
730 56 81 57 24 0.02 -0.02 -0.01 -0.06 0.11 -0.15
731 48 79 56 24 0.03 0.0 -0.01 0.0 0.12 -0.15
732 65 79 56 24 0.03 0.0 -0.01 -0.07 0.13 -0.2
733 62 79 58 24 0.03 0.01 -0.01 -0.04 0.08 -0.12
734 54 78 62 24 0.02 0.01 -0.02 -0.05 0.08 -0.14
735 50 76 67 23 0.02 -0.01 -0.01 -0.07 0.06 -0.16
736 47 76 66 24 0.02 -0.02 -0.01 -0.08 0.07 -0.16
-200 -200 -200 -200 -200 -200 -200 -200 -200 -200 -200
737 44 75 67 23 0.03 -0.02 -0.0 0.04 0.11 -0.16
738 39 75 63 24 0.03 0.03 -0.0 0.04 0.1 -0.17
739 41 76 61 24 0.05 0.09 -0.01 0.0 0.13 -0.14
740 37 74 57 24 0.04 0.09 -0.01 -0.05 0.09 -0.15
741 63 73 60 24 0.01 -0.02 0.0 -0.23 0.1 -0.2
742 56 73 57 23 0.01 -0.05 -0.0 -0.27 0.08 -0.15
743 50 72 56 24 0.01 -0.07 -0.0 -0.06 0.1 -0.15
744 43 72 54 24 0.02 -0.02 -0.01 0.06 0.12 -0.16
745 49 73 53 24 0.02 0.01 -0.01 0.05 0.1 -0.16
746 57 73 53 24 0.01 0.05 -0.01 0.0 0.11 -0.17
747 56 73 57 24 0.0 -0.0 -0.0 -0.1 0.09 -0.21
748 47 72 56 24 0.0 -0.03 0.0 -0.18 0.09 -0.15
749 80 73 57 24 0.0 -0.06 0.01 -0.14 0.1 -0.17
750 88 106 56 24 -0.0 -0.09 0.01 0.01 0.13 -0.19
751 92 152 56 27 -0.01 -0.1 0.01 -0.04 0.13 -0.14
752 104 192 54 26 -0.06 -0.17 0.02 -0.15 0.06 -0.16
753 97 224 55 31 -0.07 -0.28 0.04 -0.19 0.05 -0.12
754 130 243 54 32 -0.04 -0.31 0.04 -0.22 0.13 -0.07
755 138 282 54 40 -0.07 -0.5 0.08 -0.05 0.16 -0.03
756 157 386 54 40 -0.1 -0.68 0.14 0.09 0.19 -0.02
757 163 434 56 39 -0.1 -0.81 0.17 -0.06 0.05 -0.01
758 183 416 60 46 0.17 -0.92 0.17 -0.38 0.08 -0.14
759 164 379 59 41 0.33 -0.84 0.17 -0.55 0.03 -0.22
760 187 371 122 39 0.2 -1.03 0.18 -0.35 0.09 0.4
761 274 347 123 38 0.24 -1.12 0.14 0.48 -0.11 0.3
762 294 323 116 55 0.34 -0.79 0.0 0.35 0.04 -0.55
763 316 323 105 52 0.4 -0.98 -0.1 0.01 -0.39 -0.11
764 296 313 96 47 0.42 -0.93 -0.09 -0.06 -0.62 0.05
765 342 301 95 44 0.7 -1.12 -0.21 -1.81 -2.19 0.85
766 327 270 89 41 0.71 -0.9 -0.16 0.71 -0.2 2.47
767 331 262 82 37 0.87 -0.59 -0.18 0.27 0.0 2.72
768 302 241 81 36 1.07 -0.44 -0.23 0.83 0.23 2.8
769 285 230 81 39 1.14 -0.32 -0.26 0.41 0.33 2.5
770 284 233 78 38 1.27 -0.21 -0.3 0.44 0.37 2.59
771 282 231 74 35 1.36 -0.25 -0.35 0.19 0.43 2.54
772 246 215 69 33 1.38 -0.27 -0.36 0.18 0.25 1.75
773 299 240 70 39 1.48 -0.23 -0.36 0.18 0.19 1.71
774 270 220 75 37 1.7 -0.15 -0.35 0.47 -0.03 1.68
775 307 231 73 35 1.74 -0.13 -0.36 0.12 -0.31 1.57
776 298 229 76 37 1.89 -0.07 -0.41 0.16 -0.39 1.27
777 282 244 74 34 1.98 0.04 -0.44 -0.17 -0.31 0.17
778 278 260 82 42 2.01 0.08 -0.44 -0.3 -0.43 -0.05
779 245 298 81 41 2.01 0.07 -0.44 -0.43 -0.45 -0.2
780 245 373 80 38 1.94 0.02 -0.44 -0.68 -0.46 -0.91
781 257 440 81 36 1.91 0.03 -0.44 -0.51 -0.6 -1.08
782 293 381 84 54 1.85 0.16 -0.47 -0.5 -0.67 -1.51
783 266 365 86 66 1.73 0.24 -0.51 -0.21 -0.76 -1.56
784 339 346 89 66 1.65 0.28 -0.51 -0.4 -0.66 -2.1
785 332 337 91 63 1.53 0.32 -0.51 -0.47 -0.68 -2.12
786 373 343 89 57 1.41 0.24 -0.45 -0.61 -0.65 -2.0
787 347 327 108 56 1.34 0.18 -0.43 -0.54 -0.74 -1.81
788 377 340 122 59 1.2 0.15 -0.38 -0.46 -0.81 -1.71
789 382 363 165 62 1.09 0.2 -0.37 -0.27 -0.83 -1.74
790 381 337 144 60 1.03 0.21 -0.36 -0.23 -0.85 -1.65
791 368 326 136 64 0.93 0.22 -0.34 -0.1 -0.71 -1.73
792 338 312 160 57 0.78 0.27 -0.33 -0.13 -0.75 -1.58
793 348 313 184 53 0.7 0.27 -0.33 0.06 -0.71 -1.87
794 320 337 179 64 0.57 0.26 -0.32 0.07 -0.69 -1.88
795 305 329 165 65 0.43 0.22 -0.29 0.11 -0.67 -1.66
796 302 327 149 60 0.39 0.2 -0.29 -0.06 -0.65 -1.5
797 307 346 140 53 0.3 0.16 -0.25 -0.11 -0.59 -1.37
798 339 359 129 49 0.18 0.2 -0.19 -0.19 -0.4 -1.11
799 302 335 119 46 0.13 0.2 -0.15 -0.28 -0.47 -1.13
800 266 345 113 45 0.05 0.13 -0.09 -0.17 -0.4 -1.17
801 256 336 106 42 -0.04 0.07 -0.03 -0.16 -0.32 -1.08
802 242 371 101 42 -0.08 0.05 0.0 -0.23 -0.27 -0.96
803 228 399 97 43 -0.16 0.02 0.07 -0.11 -0.18 -0.97
804 249 405 94 39 -0.23 -0.0 0.13 -0.36 -0.14 -0.88
805 242 368 88 37 -0.24 -0.04 0.15 -0.1 -0.06 -0.41
806 223 355 86 39 -0.24 -0.14 0.16 -0.07 -0.11 -0.26
807 231 326 89 36 -0.23 -0.1 0.15 0.07 0.0 0.0
808 235 328 90 37 -0.21 -0.06 0.12 0.05 0.01 0.26
809 247 350 90 38 -0.15 -0.03 0.07 0.01 0.06 0.3
810 232 333 94 38 -0.09 -0.01 0.02 0.11 0.12 0.09
811 243 311 95 35 -0.07 0.02 0.01 -0.04 0.07 0.07
812 239 287 91 33 -0.03 0.04 -0.01 -0.12 0.09 0.06
813 308 272 87 34 0.01 0.02 -0.02 -0.21 0.1 -0.01
814 321 271 84 55 0.02 0.02 -0.01 -0.17 0.17 -0.1
815 271 258 85 49 0.02 0.04 -0.0 -0.27 0.13 -0.17
816 250 237 84 45 0.02 0.04 0.0 -0.15 0.15 -0.36
817 255 241 84 40 0.01 0.04 0.01 -0.07 0.0 -0.25
818 236 247 82 37 -0.0 0.06 0.0 -0.05 -0.05 -0.34
819 243 248 80 38 0.0 0.06 -0.0 -0.05 -0.15 -0.42
820 219 235 76 35 0.0 0.03 -0.01 -0.03 -0.2 -0.43
821 208 224 78 32 -0.02 0.02 -0.02 -0.04 -0.3 -0.47
822 218 222 80 32 -0.04 0.02 -0.02 -0.07 -0.24 -0.4
823 205 210 76 30 -0.05 0.01 -0.02 -0.14 -0.18 -0.53
824 185 211 75 30 -0.07 0.03 0.0 -0.06 -0.19 -0.57
825 177 202 72 29 -0.1 0.07 0.02 0.11 -0.2 -0.57
826 187 201 68 27 -0.11 0.05 0.02 0.14 -0.29 -0.42
827 186 253 66 30 -0.11 0.02 -0.0 0.11 -0.23 -0.34
828 183 242 63 29 -0.13 0.03 -0.02 0.09 -0.19 -0.26
829 177 228 65 30 -0.12 0.03 -0.04 0.04 -0.22 -0.24
830 209 250 64 31 -0.1 0.0 -0.06 0.09 -0.16 -0.12
831 238 267 69 34 -0.11 0.04 -0.07 0.01 -0.07 -0.2
832 236 260 67 31 -0.1 0.05 -0.07 -0.12 -0.01 -0.1
833 248 264 68 29 -0.09 0.05 -0.07 -0.11 0.0 -0.05
834 246 246 66 29 -0.09 0.01 -0.06 -0.15 0.04 -0.04
835 220 239 69 28 -0.09 0.01 -0.06 -0.05 0.09 -0.03
836 199 240 66 27 -0.09 0.04 -0.06 -0.08 0.04 -0.08
837 197 250 66 27 -0.1 0.08 -0.06 -0.05 0.03 -0.2
838 202 268 67 28 -0.1 0.07 -0.06 -0.12 0.0 -0.19
839 222 251 64 26 -0.1 0.04 -0.05 -0.11 -0.02 -0.31
840 212 237 63 26 -0.09 0.04 -0.04 -0.17 -0.05 -0.28
841 175 215 63 25 -0.09 0.04 -0.03 0.0 -0.01 -0.26
842 173 215 63 26 -0.1 0.03 -0.01 0.0 -0.06 -0.25
843 183 209 62 26 -0.12 0.04 -0.02 -0.02 -0.1 -0.32
844 182 239 61 25 -0.12 0.03 -0.01 -0.08 -0.14 -0.32
845 158 236 59 25 -0.14 0.02 -0.01 -0.1 -0.15 -0.31
846 154 269 60 25 -0.15 0.03 0.01 -0.11 -0.21 -0.33
847 154 255 60 24 -0.15 0.04 0.02 -0.08 -0.27 -0.34
848 199 227 58 25 -0.15 0.01 0.03 -0.1 -0.27 -0.39
849 166 243 61 25 -0.17 -0.03 0.04 -0.01 -0.18 -0.42
850 134 257 62 24 -0.18 -0.03 0.04 -0.07 -0.21 -0.45
851 139 441 62 24 -0.23 -0.02 0.05 -0.14 -0.29 -0.49
852 136 425 72 24 -0.31 -0.01 0.05 -0.29 -0.41 -0.62
853 133 403 76 24 -0.33 -0.03 0.06 -0.47 -0.59 -1.12
854 121 363 78 24 -0.41 -0.07 0.09 -0.46 -0.62 -1.24
855 101 369 79 24 -0.54 -0.11 0.15 -0.25 -0.66 -1.79
856 82 355 76 23 -0.62 -0.12 0.16 -0.26 -0.69 -2.0
857 70 369 81 25 -0.8 -0.12 0.21 -0.15 -0.7 -2.17
858 71 313 81 23 -1.02 -0.11 0.27 -0.03 -0.74 -2.69
859 63 289 87 23 -1.13 -0.06 0.29 0.14 -0.64 -2.57
860 65 249 82 24 -1.41 -0.0 0.34 -0.02 -0.74 -2.45
861 55 217 78 23 -1.69 -0.06 0.39 -0.12 -0.59 -2.45
862 60 190 78 23 -1.82 -0.12 0.4 -0.26 -0.54 -2.28
863 57 169 77 24 -2.0 -0.15 0.42 -0.1 -0.45 -2.05
864 70 162 72 23 -2.22 -0.07 0.39 -0.14 -0.3 -1.16
865 78 171 71 25 -2.32 -0.17 0.35 -0.1 -0.43 -0.47
866 90 155 71 25 -2.4 -0.38 0.25 0.13 -0.09 -0.54
867 77 173 68 25 -2.32 -0.19 0.18 0.37 -0.05 -1.04
868 68 153 66 24 -2.26 -0.13 0.13 0.41 -0.04 -1.15
869 57 137 64 24 -2.14 -0.22 0.04 0.71 -0.31 -0.68
870 49 125 66 24 -1.98 -0.25 0.03 0.51 -0.12 -0.17
871 43 113 64 24 -1.93 -0.23 0.04 1.04 0.05 0.77
872 37 106 62 23 -1.87 -0.09 0.03 0.01 -0.44 0.64
873 34 103 61 24 -1.84 0.03 0.15 0.75 0.15 0.63
874 82 97 60 24 -1.89 0.16 0.12 0.24 -0.04 -0.21
875 74 93 66 23 -2.03 0.24 0.17 0.21 0.03 -0.66
876 63 89 71 23 -2.14 0.42 0.21 -0.3 -0.34 -2.82
877 52 95 78 23 -2.12 0.43 0.2 1.33 -9.73 26.19
878 45 96 77 23 -0.26 3.17 0.14 1.01 -5.86 27.02
879 41 96 86 23 -0.09 1.59 -0.29 -5.03 -0.72 -3.3
880 59 95 80 24 0.09 0.82 -0.09 -2.87 -0.04 -0.6
881 77 95 75 23 0.55 0.58 -0.13 -1.64 1.14 0.41
882 64 99 69 23 0.52 0.7 -0.18 1.09 0.01 0.18
883 53 99 73 23 0.46 0.78 -0.12 1.96 -0.17 0.25
884 45 99 69 23 0.02 0.67 0.03 1.11 -0.13 0.26
885 39 99 73 23 -0.09 0.51 -0.02 -0.98 -0.21 -0.49
886 34 100 77 23 -0.08 0.51 -0.04 -0.82 -0.35 -0.42
887 43 99 76 23 0.08 0.44 0.0 -0.63 -0.39 -0.18
888 71 100 74 23 0.16 0.3 0.07 0.01 0.01 -0.15
889 86 100 70 23 0.13 0.21 0.08 0.1 0.02 -0.07
890 71 100 67 23 0.07 0.1 0.04 0.0 0.01 -0.14
891 60 99 67 23 0.12 0.21 -0.01 -0.13 0.17 -0.2
892 50 97 63 23 0.15 0.25 -0.04 -0.33 0.25 -0.13
893 45 95 70 23 0.17 0.29 -0.09 -0.33 0.34 -0.09
894 47 95 68 23 0.11 0.11 -0.11 -0.38 0.19 -0.1
895 44 95 66 23 0.08 0.03 -0.11 -0.47 0.01 -0.08
-100 -100 -100 -100 -100 -100 -100 -100 -100 -100 -100
896 38 95 65 23 0.07 -0.04 -0.1 -0.14 0.04 -0.2
897 56 92 66 22 0.07 -0.03 -0.08 0.21 0.1 -0.12
898 54 93 70 24 0.05 -0.02 -0.07 0.19 0.07 -0.09
899 48 92 65 23 0.0 -0.03 -0.04 0.15 -0.03 -0.12
900 44 90 68 23 -0.04 -0.04 -0.02 0.0 -0.05 -0.11
901 44 90 66 23 -0.05 -0.05 -0.02 -0.05 -0.06 -0.12
902 42 90 71 23 -0.03 -0.03 -0.01 0.09 -0.09 -0.17
903 39 88 72 23 -0.01 -0.01 -0.01 0.05 -0.03 -0.18
904 61 88 74 23 -0.01 -0.01 -0.01 0.06 0.01 -0.15
905 51 88 68 23 -0.01 0.02 -0.01 -0.03 0.06 -0.12
906 45 88 66 23 -0.03 0.02 -0.02 -0.23 0.03 -0.16
907 45 86 68 23 -0.03 0.01 -0.03 -0.18 0.05 -0.22
908 43 86 65 23 -0.01 -0.0 -0.04 -0.11 0.05 -0.17
909 37 86 68 23 -0.02 -0.05 -0.04 -0.07 -0.02 -0.22
910 35 86 72 24 -0.01 -0.06 -0.03 -0.07 -0.01 -0.14
911 64 85 69 24 -0.01 -0.11 -0.02 0.03 -0.01 -0.18
912 59 85 73 24 0.01 -0.06 -0.02 0.08 0.08 -0.13
913 51 85 72 24 -0.0 -0.05 -0.02 0.13 0.1 -0.1
914 54 84 69 24 -0.04 -0.04 -0.02 0.04 0.03 -0.1
915 46 84 66 24 -0.06 -0.04 -0.01 -0.13 0.0 -0.22
916 40 84 63 24 -0.04 -0.03 -0.01 -0.06 -0.02 -0.21
917 36 83 66 24 -0.01 0.01 -0.01 -0.01 -0.01 -0.19
918 58 84 64 24 0.02 0.05 -0.01 0.05 0.05 -0.17
919 53 85 61 24 0.01 0.02 -0.01 -0.05 0.02 -0.19
920 57 85 61 23 0.0 -0.01 -0.0 -0.1 0.01 -0.2
921 53 86 59 23 0.02 -0.01 0.0 -0.05 0.03 -0.17
922 44 86 64 24 0.01 -0.01 0.0 -0.01 0.0 -0.19
923 38 85 63 23 0.02 0.03 -0.01 0.0 0.06 -0.1
924 34 87 63 23 0.0 0.0 -0.0 -0.09 0.0 -0.2
925 62 87 64 24 0.01 -0.01 0.0 -0.05 0.01 -0.17
926 64 87 62 23 0.01 -0.01 0.0 -0.01 0.02 -0.15
927 56 87 63 23 -0.0 -0.03 0.0 -0.04 0.04 -0.19
928 46 86 71 23 -0.0 -0.02 0.0 -0.04 0.05 -0.18
929 40 83 71 23 0.0 -0.01 -0.01 -0.06 0.0 -0.16
930 36 86 73 21 0.01 -0.02 -0.01 -0.13 0.0 -0.16
931 36 86 70 24 0.01 -0.03 -0.0 -0.05 0.0 -0.14
932 49 87 65 24 0.01 -0.03 -0.01 0.04 0.01 -0.19
933 62 89 64 23 0.02 -0.0 -0.0 0.0 0.09 -0.14
934 54 89 65 25 0.01 0.01 -0.01 0.0 0.05 -0.16
935 46 88 67 24 -0.01 0.0 -0.0 -0.03 0.05 -0.11
936 42 88 69 24 -0.01 -0.02 -0.0 -0.07 0.0 -0.19
937 36 88 67 24 0.0 -0.03 0.0 -0.02 0.02 -0.17
-200 -200 -200 -200 -200 -200 -200 -200 -200 -200 -200
938 36 89 66 24 0.0 -0.01 0.0 0.04 0.0 -0.16
939 33 86 70 24 0.01 0.02 0.0 -0.03 -0.01 -0.18
940 60 85 67 24 0.01 0.03 0.0 -0.05 0.0 -0.19
941 55 83 63 24 0.04 0.04 0.0 -0.08 0.01 -0.17
942 48 84 62 23 0.03 0.01 0.0 -0.08 0.06 -0.14
943 47 82 62 23 0.02 -0.02 0.0 -0.09 0.06 -0.13
944 41 81 63 23 0.01 -0.02 -0.0 -0.03 0.07 -0.19
945 47 82 67 23 0.01 0.01 -0.02 -0.02 -0.02 -0.21
946 55 78 69 23 0.02 0.04 -0.02 -0.04 -0.02 -0.22
947 60 81 65 23 0.05 0.05 -0.03 -0.15 -0.01 -0.19
948 52 82 68 23 0.05 0.02 -0.03 -0.12 0.03 -0.18
949 48 85 70 24 0.05 -0.02 -0.03 -0.09 0.03 -0.17
950 43 83 74 24 0.04 -0.03 -0.01 0.07 0.04 -0.16
951 39 81 69 23 0.02 -0.01 -0.01 0.06 0.04 -0.16
952 41 86 66 23 0.02 0.0 -0.01 0.0 0.02 -0.16
953 36 88 62 23 0.02 0.0 -0.0 -0.05 0.06 -0.16
954 35 93 60 23 0.01 -0.05 0.01 -0.09 0.08 -0.13
955 37 121 60 24 0.01 -0.09 0.01 -0.08 0.05 -0.13
956 82 141 60 24 0.0 -0.12 0.02 0.01 0.0 -0.16
957 83 139 60 24 0.03 -0.13 0.03 -0.12 -0.04 -0.17
958 79 141 59 26 0.03 -0.18 0.04 -0.17 -0.07 -0.25
959 95 162 60 27 0.04 -0.32 0.05 -0.48 -0.06 -0.17
960 105 169 58 33 0.04 -0.53 0.1 -0.24 0.03 -0.16
961 137 180 57 46 0.03 -0.6 0.12 -0.12 0.01 -0.07
962 147 180 58 42 0.01 -0.76 0.16 0.0 0.05 -0.07
963 178 178 60 38 -0.12 -0.95 0.24 -0.1 -0.12 -0.08
964 198 196 61 50 -0.12 -1.02 0.27 -0.02 -0.16 -0.18
965 244 214 58 70 0.02 -1.12 0.28 0.23 0.03 0.01
966 228 233 61 83 0.24 -1.11 0.21 0.41 0.13 0.13
967 202 211 60 69 0.31 -1.08 0.19 0.79 0.0 0.34
968 208 221 61 61 0.35 -0.9 0.14 0.7 -0.14 0.92
969 238 242 67 52 0.18 -0.61 0.13 -0.7 -0.85 2.0
970 227 257 66 46 0.37 -0.5 0.07 -1.41 -0.3 3.18
971 213 247 67 45 1.18 -0.67 -0.12 -0.32 0.19 2.76
972 233 242 68 42 1.47 -0.3 -0.05 -0.11 0.34 2.79
973 229 249 66 40 1.6 -0.22 -0.03 -0.49 0.45 3.27
974 220 252 65 37 1.77 -0.37 -0.03 -0.34 0.08 3.36
975 222 233 65 36 2.02 -0.49 -0.04 -0.05 0.47 2.07
976 275 227 70 34 2.09 -0.45 -0.03 0.34 0.44 1.91
977 284 234 76 33 2.16 -0.23 -0.04 0.45 0.32 1.42
978 333 247 85 35 2.16 -0.09 -0.1 0.54 0.24 0.64
979 412 251 92 39 2.15 -0.08 -0.13 0.32 0.17 0.23
980 400 258 92 37 2.11 -0.03 -0.18 0.6 -0.05 -0.39
981 472 284 93 38 2.0 -0.04 -0.22 0.16 -0.32 -0.69
982 451 334 87 50 1.94 -0.05 -0.23 -0.04 -0.39 -0.97
983 478 327 90 54 1.78 -0.1 -0.28 0.31 -0.38 -1.24
984 480 347 100 54 1.65 -0.0 -0.32 0.42 -0.6 -1.91
985 494 341 96 57 1.61 0.06 -0.34 0.58 -0.59 -1.99
986 498 355 98 59 1.54 0.13 -0.39 -0.03 -0.87 -1.22
987 518 373 93 68 1.47 0.11 -0.42 -0.04 -0.73 -1.49
988 513 350 109 76 1.42 0.14 -0.41 -0.08 -0.72 -1.56
989 491 381 119 122 1.33 0.17 -0.39 -0.07 -0.85 -1.83
990 549 379 126 164 1.29 0.11 -0.38 -0.19 -1.02 -1.65
991 515 370 132 161 1.26 0.1 -0.37 -0.12 -0.88 -1.69
992 514 388 129 162 1.19 0.17 -0.34 -0.38 -0.8 -1.52
993 623 394 129 148 1.13 0.22 -0.29 -0.82 -1.13 -1.49
994 654 378 118 121 1.06 0.22 -0.26 -0.78 -1.12 -1.34
995 590 349 118 113 0.94 0.18 -0.22 -0.47 -0.97 -1.38
996 667 372 115 102 0.88 0.19 -0.23 -0.18 -0.46 -2.05
997 598 368 109 91 0.7 0.28 -0.22 -0.2 -0.32 -2.16
998 566 377 103 83 0.51 0.31 -0.21 -0.12 -0.36 -2.37
999 582 364 113 88 0.28 0.3 -0.18 -0.23 -0.41 -2.25
1000 602 367 107 83 0.17 0.29 -0.16 -0.07 -0.32 -2.3
1001 509 363 109 78 -0.02 0.21 -0.14 -0.02 -0.27 -1.97
1002 466 352 102 86 -0.1 0.16 -0.13 0.43 -0.34 -1.37
1003 518 331 101 81 -0.24 0.12 -0.11 0.41 -0.37 -1.25
1004 528 330 100 77 -0.33 0.19 -0.09 0.31 -0.3 -1.04
1005 538 302 96 70 -0.35 0.19 -0.09 0.15 -0.44 -0.4
1006 534 322 93 64 -0.36 0.1 -0.09 0.1 -0.39 -0.22
1007 473 304 98 65 -0.35 0.1 -0.1 0.04 -0.23 0.0
1008 455 299 95 61 -0.34 0.1 -0.11 0.09 -0.13 -0.06
1009 406 301 100 63 -0.32 0.07 -0.12 0.03 -0.1 0.18
1010 375 323 96 66 -0.28 0.04 -0.12 -0.12 -0.04 0.32
1011 342 314 96 61 -0.27 0.05 -0.12 -0.28 -0.06 0.2
1012 312 309 98 58 -0.25 0.07 -0.06 -0.47 -0.08 0.44
1013 319 339 96 57 -0.22 -0.03 -0.03 -0.4 0.0 0.5
1014 381 381 99 57 -0.19 -0.04 0.01 -0.09 0.15 0.28
1015 345 366 91 55 -0.18 -0.05 0.01 0.13 0.23 0.15
1016 393 344 90 50 -0.15 -0.04 -0.0 0.33 0.19 -0.05
1017 383 342 93 47 -0.11 0.02 -0.02 0.39 0.29 -0.05
1018 358 312 94 45 -0.11 0.04 -0.05 0.28 0.2 -0.16
1019 324 313 94 56 -0.09 0.06 -0.06 0.29 0.08 -0.24
1020 323 326 93 52 -0.09 0.05 -0.06 0.28 0.0 -0.06
1021 347 311 93 53 -0.09 0.03 -0.08 0.2 -0.1 -0.11
1022 330 310 97 58 -0.07 0.06 -0.11 -0.01 -0.23 -0.1
1023 372 298 97 58 -0.04 0.06 -0.12 -0.33 -0.15 -0.02
1024 387 320 91 56 -0.03 0.04 -0.11 -0.4 -0.22 -0.16
1025 354 343 89 50 -0.03 0.01 -0.07 -0.36 -0.16 -0.19
1026 332 332 86 44 -0.03 -0.0 -0.05 -0.28 -0.04 -0.41
1027 341 378 89 49 -0.04 -0.03 -0.02 -0.22 0.0 -0.35
1028 326 357 87 44 -0.08 0.0 -0.01 -0.01 0.01 -0.57
1029 332 358 86 45 -0.08 0.01 -0.01 -0.13 -0.04 -0.42
1030 336 367 89 51 -0.08 -0.02 -0.01 -0.03 -0.03 -0.18
1031 325 351 84 48 -0.07 -0.04 -0.01 -0.16 -0.11 0.05
1032 295 323 90 48 -0.06 -0.03 -0.01 -0.01 -0.14 0.0
1033 324 301 88 48 -0.03 0.0 -0.01 0.01 -0.04 0.0
1034 307 315 90 52 -0.01 0.02 -0.02 0.02 -0.01 -0.09
1035 291 296 84 47 0.0 0.05 -0.03 -0.13 0.0 -0.18
1036 320 281 82 42 0.02 0.07 -0.05 -0.18 -0.01 -0.21
1037 308 270 86 43 0.04 0.02 -0.04 -0.18 0.0 -0.15
1038 285 257 86 43 0.05 0.02 -0.03 -0.13 -0.03 -0.14
1039 276 264 86 40 0.05 0.04 -0.01 -0.13 0.04 -0.13
1040 272 263 83 43 0.05 0.07 0.01 -0.13 -0.08 -0.3
1041 274 267 80 40 0.04 0.03 0.02 -0.03 -0.06 -0.35
1042 277 251 79 36 0.03 -0.02 0.03 0.04 -0.08 -0.41
1043 255 239 79 34 0.02 0.02 0.03 -0.04 -0.09 -0.36
1044 226 255 82 46 0.01 0.02 0.02 -0.03 -0.11 -0.27
1045 209 227 82 47 -0.01 -0.02 0.01 -0.06 -0.13 -0.24
1046 201 227 88 61 -0.02 -0.06 0.0 -0.03 -0.19 -0.24
1047 174 241 84 54 -0.03 -0.06 -0.0 -0.24 -0.3 -0.34
1048 179 215 78 46 -0.07 -0.12 0.0 -0.3 -0.37 -0.45
1049 148 213 77 42 -0.1 -0.2 0.04 -0.4 -0.41 -0.62
1050 134 217 73 38 -0.12 -0.22 0.08 -0.43 -0.35 -0.78
1051 118 194 71 34 -0.2 -0.21 0.13 -0.45 -0.36 -0.81
1052 114 188 68 32 -0.34 -0.21 0.17 -0.36 -0.35 -1.04
1053 96 175 65 30 -0.45 -0.23 0.2 0.04 -0.34 -1.65
1054 115 165 64 28 -0.67 -0.25 0.26 -0.02 -0.41 -2.09
1055 110 156 64 28 -0.84 -0.22 0.34 0.01 -0.39 -2.62
1056 98 149 63 26 -0.95 -0.25 0.39 -0.13 -0.84 -2.44
1057 106 142 63 27 -1.13 -0.37 0.45 -0.27 -0.91 -2.23
1058 118 137 63 27 -1.36 -0.48 0.47 -0.74 -1.06 -1.23
1059 122 132 61 29 -1.47 -0.51 0.47 -0.67 -0.98 -0.71
1060 115 124 59 33 -1.66 -0.46 0.47 -0.26 -0.78 -0.74
1061 111 118 58 31 -1.83 -0.35 0.45 -0.16 -0.52 -1.25
1062 94 107 59 29 -1.91 -0.31 0.46 -0.43 -0.61 -1.22
1063 108 101 65 28 -1.91 -0.33 0.45 -0.46 -0.58 -1.0
1064 117 96 76 27 -1.8 -0.27 0.46 0.36 -0.05 -0.53
1065 103 90 74 26 -1.77 -0.09 0.49 0.92 0.03 0.36
1066 98 87 70 27 -1.73 0.29 0.55 1.07 0.23 0.79
1067 86 85 67 26 -1.81 0.58 0.6 1.01 0.93 0.37
1068 72 83 60 25 -1.91 0.53 0.63 0.03 0.7 0.09
1069 64 82 59 25 -2.06 0.15 0.59 0.14 0.68 -0.11
1070 64 80 58 24 -1.99 -0.04 0.49 0.57 0.75 -1.01
1071 54 80 56 24 -1.96 -0.05 0.45 0.63 0.67 -2.12
1072 53 81 56 24 -1.96 -0.05 0.44 0.61 0.68 -2.55
1073 48 80 55 24 -2.0 -0.12 0.41 0.55 0.48 -3.27
1074 44 81 54 24 -2.04 -0.14 0.39 0.27 -0.24 -4.6
1075 41 83 57 25 -2.15 -0.18 0.36 0.72 -0.22 -4.77
1076 40 85 62 26 -2.24 -0.17 0.25 0.76 -0.98 -5.08
1077 63 90 80 24 -2.38 -0.13 0.21 0.85 -2.02 -7.43
1078 53 104 97 24 -2.65 -0.03 0.28 1.69 -8.18 9.24
1079 54 106 89 25 0.38 3.81 0.2 6.0 6.82 9.7
1080 100 104 80 28 0.56 3.19 -0.07 -9.93 0.47 -4.03
1081 129 105 72 28 0.03 1.52 -0.47 -3.11 1.69 -1.29
1082 107 102 67 27 -0.06 1.14 -0.25 -4.74 0.67 0.06
1083 87 103 59 25 0.3 0.61 -0.42 1.23 0.98 -0.07
1084 71 103 59 26 0.52 -0.44 -0.1 1.87 0.51 0.23
1085 63 104 57 25 0.17 -0.13 0.08 0.98 0.09 0.0
1086 65 105 61 27 0.21 0.07 0.02 0.75 0.24 -0.55
1087 58 109 60 26 0.18 0.19 -0.07 0.71 -0.1 -0.41
1088 50 110 64 25 0.07 0.32 -0.06 -0.64 -0.35 -0.24
1089 68 111 61 25 0.08 0.29 -0.04 -0.74 -0.2 -0.23
1090 56 112 58 25 0.22 0.07 0.02 -0.37 -0.03 -0.17
1091 48 113 57 26 0.29 0.04 0.01 0.32 0.18 -0.16
-100 -100 -100 -100 -100 -100 -100 -100 -100 -100 -100
1092 48 112 56 25 0.27 0.11 -0.02 0.24 0.33 -0.01
1093 45 108 58 25 0.15 0.21 -0.07 -0.01 0.32 -0.07
1094 42 107 58 25 0.15 0.26 -0.1 -0.49 0.21 -0.23
1095 37 107 55 24 0.2 0.23 -0.11 -0.54 0.22 -0.08
1096 35 107 55 24 0.16 -0.01 -0.08 -0.42 0.12 -0.14
1097 32 107 53 24 0.22 -0.09 -0.06 0.25 0.09 -0.08
1098 56 107 51 24 0.26 -0.06 -0.05 0.44 0.14 -0.05
1099 61 108 51 24 0.15 -0.06 -0.03 0.32 0.09 -0.18
1100 54 109 52 24 0.11 0.12 -0.04 0.22 0.09 -0.1
1101 46 110 51 24 0.1 0.18 -0.04 -0.21 0.05 -0.15
1102 46 110 50 24 0.04 0.1 -0.02 -0.16 0.06 -0.19
1103 39 111 49 24 0.07 0.14 -0.02 -0.02 0.04 -0.16
1104 35 109 55 24 0.09 0.16 -0.03 -0.13 0.1 -0.19
1105 31 106 53 24 0.05 0.07 -0.03 -0.16 0.09 -0.21
1106 32 104 55 24 0.08 0.05 -0.02 -0.1 0.09 -0.13
1107 59 105 55 24 0.07 0.02 -0.02 -0.1 0.01 -0.22
1108 57 103 53 24 0.06 -0.06 -0.01 0.03 0.05 -0.23
1109 49 102 53 24 0.06 -0.04 -0.02 0.05 0.08 -0.1
1110 42 101 51 24 0.03 -0.04 -0.02 0.01 0.09 -0.17
1111 36 100 55 25 0.0 -0.03 -0.02 -0.01 0.09 -0.14
1112 37 102 55 24 0.0 -0.01 -0.01 0.0 0.09 -0.13
1113 67 103 54 24 0.0 -0.0 -0.01 0.02 0.05 -0.22
1114 58 105 56 24 0.02 0.03 -0.01 0.06 0.07 -0.18
1115 53 106 55 24 0.01 -0.01 0.01 -0.04 0.08 -0.14
1116 96 106 55 24 0.01 -0.01 0.01 -0.04 0.06 -0.17
1117 110 106 54 24 0.01 0.01 0.01 0.02 0.08 -0.17
1118 105 106 54 24 0.03 0.09 -0.01 0.02 0.09 -0.17
1119 86 106 53 24 0.03 0.09 -0.01 -0.07 0.06 -0.18
1120 69 106 53 24 0.03 0.06 -0.02 -0.2 0.05 -0.19
1121 65 105 53 23 0.03 -0.02 -0.02 -0.24 0.04 -0.18
1122 55 102 54 24 0.03 -0.02 -0.02 -0.11 0.06 -0.17
1123 68 97 54 23 0.03 -0.07 -0.01 0.0 0.05 -0.18
1124 73 95 54 23 0.03 -0.01 -0.01 0.1 0.05 -0.17
1125 61 93 56 24 0.03 0.02 -0.01 0.04 0.05 -0.17
1126 50 90 54 23 0.02 0.03 -0.01 -0.03 0.07 -0.19
1127 51 89 54 24 0.0 -0.03 -0.0 -0.14 0.06 -0.13
1128 43 87 55 23 -0.0 -0.06 0.0 -0.04 0.05 -0.17
1129 52 87 53 23 -0.0 -0.04 0.0 0.06 0.06 -0.16
1130 69 86 55 24 0.0 0.0 0.0 0.13 0.04 -0.22
1131 62 86 54 24 0.0 0.03 0.0 -0.02 0.03 -0.19
1132 51 84 54 24 0.01 0.03 0.01 -0.08 0.04 -0.17
1133 49 84 54 23 0.02 -0.0 0.01 -0.14 0.06 -0.15
1134 43 83 54 23 0.01 -0.01 0.01 0.04 0.08 -0.17
1135 45 84 55 23 0.01 -0.01 0.01 0.06 0.07 -0.18
1136 39 84 59 23 0.01 0.01 0.01 -0.1 0.06 -0.17
1137 53 82 58 23 0.01 0.0 0.01 -0.15 0.05 -0.15
-200 -200 -200 -200 -200 -200 -200 -200 -200 -200 -200
1138 56 82 57 23 0.02 -0.02 0.01 -0.12 0.03 -0.17
1139 57 83 55 24 0.03 -0.03 0.0 -0.01 0.05 -0.18
1140 56 83 54 24 0.03 -0.03 0.0 0.04 0.1 -0.17
1141 49 82 53 23 0.02 -0.01 -0.0 0.0 0.09 -0.14
1142 42 82 55 23 0.01 -0.01 0.0 -0.02 0.05 -0.14
1143 37 81 58 23 0.01 -0.01 0.0 -0.06 0.03 -0.18
1144 56 82 56 23 0.0 -0.04 0.0 -0.09 0.04 -0.18
1145 66 81 53 23 -0.01 -0.1 0.01 -0.11 0.05 -0.15
1146 56 79 52 23 -0.01 -0.12 0.01 -0.06 0.04 -0.18
1147 53 79 51 23 -0.01 -0.13 0.0 -0.03 0.05 -0.14
1148 47 78 50 23 0.01 -0.07 -0.01 0.01 0.06 -0.14
1149 40 80 56 23 0.01 -0.06 -0.01 -0.08 0.05 -0.18
1150 35 78 55 23 -0.01 -0.1 -0.01 -0.09 0.06 -0.14
1151 37 78 54 23 -0.01 -0.11 0.01 -0.05 0.05 -0.2
1152 64 83 55 23 -0.0 -0.1 0.01 0.15 0.06 -0.14
1153 99 103 53 25 -0.02 -0.07 0.02 0.13 0.08 -0.11
1154 116 101 52 24 -0.03 -0.04 0.02 -0.18 -0.01 -0.18
1155 127 117 52 30 -0.05 -0.08 0.03 -0.69 -0.01 -0.2
1156 122 138 52 38 -0.07 -0.27 0.04 -0.76 0.01 -0.16
1157 127 139 53 46 0.01 -0.39 0.06 0.04 0.29 0.09
1158 153 178 54 59 -0.03 -0.44 0.08 0.02 0.3 0.04
1159 179 197 55 67 -0.17 -0.61 0.13 0.32 0.16 0.3
1160 180 191 56 77 -0.17 -0.69 0.15 0.46 0.13 -0.07
1161 231 211 57 85 -0.12 -0.76 0.13 -0.31 -0.31 0.3
1162 215 215 57 77 0.07 -0.98 0.11 -0.14 -0.24 0.6
1163 236 213 60 70 0.33 -0.83 0.02 0.03 -0.46 0.02
1164 213 234 63 66 0.45 -0.68 0.01 -2.23 -1.49 1.18
1165 215 216 59 56 0.89 -0.86 -0.13 -0.57 -0.5 2.02
1166 221 216 63 50 1.19 -0.92 -0.18 1.1 0.62 4.52
1167 228 238 64 45 1.11 -0.57 -0.21 -0.59 0.38 3.7
1168 216 239 66 40 1.58 -0.4 -0.21 -1.25 -0.09 3.2
1169 235 237 64 38 1.95 -0.39 -0.22 0.18 0.55 2.89
1170 254 230 67 36 2.02 -0.3 -0.16 -0.54 0.42 1.92
1171 251 223 66 33 2.12 -0.26 -0.11 -0.06 0.21 1.85
1172 271 231 66 34 2.21 -0.29 -0.13 0.36 -0.07 1.38
1173 268 223 66 32 2.23 -0.25 -0.12 0.28 0.08 0.56
1174 280 226 70 37 2.21 -0.12 -0.14 0.28 -0.1 0.26
1175 315 291 75 40 2.15 -0.06 -0.21 0.53 -0.01 -0.3
1176 390 311 80 55 2.07 -0.09 -0.24 0.58 -0.13 -0.26
1177 431 315 79 60 1.98 -0.08 -0.33 0.54 -0.31 -0.71
1178 433 319 81 55 1.85 -0.02 -0.4 0.26 -0.41 -1.0
1179 450 320 88 55 1.81 0.0 -0.45 0.24 -0.57 -1.09
1180 468 349 84 54 1.73 0.17 -0.54 0.31 -0.73 -1.72
1181 485 318 85 49 1.69 0.26 -0.6 0.58 -0.91 -1.98
1182 466 326 84 51 1.62 0.29 -0.62 0.61 -0.84 -2.27
1183 492 338 93 52 1.37 0.33 -0.62 0.15 -0.99 -2.07
1184 492 342 90 52 1.16 0.31 -0.62 -0.26 -1.18 -1.72
1185 493 367 91 57 1.06 0.29 -0.61 -0.17 -1.09 -1.77
1186 488 364 102 55 0.89 0.28 -0.54 -0.1 -1.09 -2.16
1187 531 371 102 62 0.75 0.2 -0.46 -0.13 -1.05 -2.26
1188 485 339 98 61 0.69 0.12 -0.43 -0.35 -1.25 -2.13
1189 495 343 103 72 0.62 0.02 -0.35 -0.28 -0.93 -1.43
1190 523 335 114 85 0.47 0.07 -0.31 -0.28 -1.16 -1.36
1191 540 319 109 77 0.43 0.04 -0.29 -0.22 -1.15 -1.52
1192 475 320 112 68 0.33 0.06 -0.23 -0.2 -0.69 -1.57
1193 444 305 121 64 0.22 0.01 -0.18 -0.18 -0.31 -1.63
1194 548 347 157 76 0.16 0.03 -0.15 -0.31 -0.3 -1.5
1195 487 325 146 75 0.03 0.06 -0.1 -0.09 -0.13 -1.46
1196 431 302 145 87 -0.09 0.15 -0.04 -0.08 0.05 -1.89
1197 411 311 133 84 -0.14 0.13 -0.02 -0.21 -0.01 -1.51
1198 443 312 122 89 -0.19 0.01 -0.03 -0.19 -0.17 -0.29
1199 431 290 121 96 -0.21 -0.03 -0.04 -0.26 -0.15 -0.1
1200 414 283 125 90 -0.2 0.03 -0.03 -0.25 -0.11 0.01
1201 417 260 121 79 -0.14 0.05 -0.01 -0.47 -0.08 -0.2
1202 431 276 116 75 -0.09 0.01 0.02 -0.66 0.03 0.38
1203 404 290 127 69 -0.08 -0.03 0.03 -0.64 0.17 0.17
1204 377 324 115 75 -0.07 0.0 0.04 -0.55 0.2 0.1
1205 356 325 113 70 -0.03 -0.03 0.01 -0.31 0.22 0.08
1206 325 315 112 70 -0.03 -0.05 0.0 -0.29 0.32 -0.07
1207 350 319 131 66 -0.02 0.03 -0.01 -0.17 0.44 -0.26
1208 326 328 124 58 -0.03 0.09 0.02 -0.33 0.33 -0.43
1209 298 320 141 56 -0.02 0.04 0.03 -0.36 0.21 -0.42
1210 278 321 163 58 -0.05 -0.01 0.07 -0.28 0.14 -0.02
1211 261 314 160 59 -0.07 0.03 0.08 -0.15 0.06 -0.2
1212 302 307 155 60 -0.07 0.04 0.09 0.19 0.01 -0.27
1213 309 311 159 56 -0.08 0.06 0.08 0.22 -0.16 -0.31
1214 279 303 147 52 -0.07 0.09 0.03 0.37 -0.11 -0.49
1215 355 315 139 54 -0.07 0.11 0.01 0.29 -0.15 -0.35
1216 395 294 131 50 -0.09 0.11 -0.02 0.25 -0.14 -0.35
1217 392 318 131 49 -0.08 0.1 -0.02 0.11 -0.2 -0.29
1218 345 287 135 48 -0.07 0.08 -0.02 0.0 -0.2 -0.22
1219 335 273 125 44 -0.05 0.04 -0.03 0.07 -0.11 -0.16
1220 332 258 115 42 -0.05 0.09 -0.02 -0.01 -0.13 -0.21
1221 316 273 113 42 -0.04 0.09 -0.02 -0.04 -0.12 -0.27
1222 325 268 109 49 -0.03 0.03 -0.01 -0.05 -0.11 -0.37
1223 284 262 103 47 -0.03 -0.01 0.01 -0.06 -0.12 -0.17
1224 303 251 110 46 -0.03 -0.02 0.02 0.0 -0.11 -0.28
1225 317 257 107 51 -0.0 -0.05 0.02 0.02 0.0 -0.33
1226 299 276 103 48 -0.02 -0.03 0.03 0.0 0.04 -0.21
1227 292 285 100 47 -0.02 -0.02 0.03 0.03 0.03 -0.25
1228 319 292 100 48 -0.02 0.01 0.01 0.17 0.07 -0.23
1229 337 294 98 50 -0.01 -0.04 -0.01 0.16 0.05 -0.24
1230 355 297 103 46 0.0 -0.06 -0.03 0.12 0.07 -0.22
1231 309 286 105 49 0.01 -0.03 -0.05 -0.19 0.08 -0.08
1232 334 308 106 58 0.02 -0.04 -0.05 -0.32 -0.04 -0.04
1233 291 309 105 53 0.02 -0.04 -0.04 -0.35 -0.03 -0.08
1234 295 361 123 119 0.03 -0.06 -0.02 -0.33 -0.13 -0.24
1235 311 339 119 104 0.06 -0.13 0.0 -0.64 -0.3 -0.08
1236 302 296 109 87 0.1 -0.2 0.02 -0.65 -0.4 -0.02
1237 284 298 113 72 0.17 -0.29 0.06 -0.34 -0.18 0.27
1238 294 287 116 72 0.18 -0.12 0.11 -0.12 0.05 0.04
1239 305 314 126 72 0.17 -0.01 0.11 0.05 0.18 -0.1
1240 287 300 119 67 0.13 0.04 0.07 0.19 0.18 -0.64
1241 336 320 114 58 0.09 -0.04 0.03 0.36 0.23 -1.03
1242 370 319 109 63 0.05 -0.04 0.01 0.54 0.24 -0.94
1243 328 306 107 60 -0.03 0.07 -0.03 0.54 0.15 -0.88
1244 309 293 103 56 -0.08 0.11 -0.07 0.31 -0.11 -0.81
1245 291 271 98 51 -0.1 0.09 -0.09 0.27 -0.17 -0.67
1246 256 239 98 45 -0.15 0.06 -0.09 0.02 -0.31 -0.48
1247 222 235 91 42 -0.17 0.07 -0.06 -0.25 -0.47 -0.46
1248 198 251 86 37 -0.17 0.07 -0.04 -0.27 -0.49 -0.49
1249 180 281 87 36 -0.2 0.08 0.01 -0.27 -0.54 -0.9
1250 154 271 85 33 -0.25 0.1 0.06 -0.24 -0.53 -1.06
1251 160 248 79 31 -0.31 0.1 0.07 -0.22 -0.51 -1.07
1252 136 267 74 30 -0.45 0.06 0.09 -0.14 -0.44 -1.2
1253 125 237 71 28 -0.64 0.01 0.08 -0.12 -0.25 -1.62
1254 126 235 76 28 -0.74 0.04 0.07 -0.13 -0.23 -1.72
1255 105 229 71 27 -0.94 0.0 0.08 -0.21 -0.35 -1.71
1256 96 306 70 27 -1.03 -0.18 0.12 -0.67 -0.8 -1.76
1257 83 269 67 26 -1.07 -0.21 0.17 -0.6 -0.8 -1.71
1258 71 242 74 25 -1.14 -0.21 0.25 -1.05 -0.31 -1.91
1259 70 215 71 25 -1.25 -0.14 0.32 -0.65 -0.01 -1.58
1260 71 211 66 26 -1.32 -0.08 0.34 -0.59 0.04 -1.47
1261 86 201 64 25 -1.47 -0.02 0.36 -0.2 -0.01 -1.44
1262 78 189 60 26 -1.63 0.01 0.36 0.35 0.02 -1.27
1263 71 162 58 25 -1.73 0.07 0.36 0.31 0.07 -1.28
1264 72 145 61 58 -1.89 0.15 0.36 0.09 0.11 -1.18
1265 61 133 66 52 -1.99 0.25 0.34 0.66 0.06 -0.85
1266 86 123 72 46 -2.07 0.32 0.33 0.76 -0.03 -0.78
1267 90 119 86 41 -2.28 0.45 0.3 1.02 0.07 -0.78
1268 87 111 90 69 -2.51 0.55 0.26 0.12 0.13 -1.16
1269 73 111 84 58 -2.6 0.42 0.22 -0.08 0.02 -1.58
1270 61 112 78 50 -2.55 0.19 0.09 0.53 -0.4 -2.17
1271 53 112 79 45 -2.39 0.22 -0.15 1.03 -0.22 -2.67
1272 118 112 89 40 -2.41 0.29 -0.21 0.73 -0.41 -3.32
1273 146 112 80 37 -2.48 0.19 -0.18 0.12 -0.64 -3.93
1274 126 118 84 34 -2.53 0.02 -0.14 0.38 1.37 -5.13
1275 103 130 106 33 -2.73 0.31 -0.13 -9.84 -18.26 22.56
1276 85 128 94 32 1.32 -0.38 0.02 -1.69 -0.41 -7.06
1277 125 127 90 30 0.77 0.67 -0.05 -4.04 2.18 -1.73
1278 99 128 88 28 0.7 0.58 0.17 -1.48 0.31 1.39
1279 84 128 81 27 0.06 0.3 -0.26 1.79 0.74 0.83
1280 71 130 81 27 -0.34 0.16 -0.09 2.9 0.71 -0.4
1281 61 130 80 26 -0.48 0.4 0.01 0.47 -0.25 -0.04
1282 85 133 75 25 -0.31 0.61 0.05 -0.92 -0.96 -0.3
1283 72 137 70 25 -0.06 0.53 0.02 -0.92 -0.6 -0.54
1284 98 137 68 25 -0.1 0.24 0.05 -0.79 -0.63 -0.37
1285 94 135 65 24 0.02 0.05 0.07 -0.51 -0.42 -0.43
1286 77 134 68 24 0.22 0.01 0.06 0.15 0.07 -0.13
1287 65 128 71 24 0.25 0.01 0.05 0.28 0.41 0.03
1288 55 125 72 24 0.2 0.05 -0.02 0.29 0.75 -0.12
1289 48 122 67 24 0.1 0.18 -0.07 -0.21 0.57 -0.09
1290 51 119 62 24 0.12 0.21 -0.1 -0.53 0.41 -0.13
1291 46 117 60 24 0.13 0.09 -0.09 -0.47 0.27 -0.21
-100 -100 -100 -100 -100 -100 -100 -100 -100 -100 -100
1292 69 115 58 23 0.11 -0.08 -0.08 -0.31 0.01 -0.16
1293 59 112 62 24 0.1 -0.17 -0.07 -0.12 0.0 -0.19
1294 54 109 65 24 0.12 -0.17 -0.06 0.26 0.0 -0.21
1295 46 106 66 24 0.13 -0.11 -0.06 0.49 0.03 -0.13
1296 43 104 66 24 0.13 0.06 -0.06 0.43 0.11 -0.03
1297 77 105 64 24 0.03 0.03 -0.03 -0.03 0.18 -0.06
1298 66 102 60 25 -0.0 -0.0 -0.01 -0.03 0.14 -0.13
1299 69 99 57 24 -0.0 -0.0 -0.01 0.02 0.17 -0.18
1300 70 97 55 24 -0.01 0.02 -0.02 -0.01 0.09 -0.16
1301 61 96 56 24 -0.01 0.02 -0.01 -0.06 0.0 -0.19
1302 52 95 56 25 0.0 0.03 -0.01 -0.02 0.13 -0.21
1303 52 94 55 24 -0.0 0.0 -0.01 -0.16 0.11 -0.13
1304 58 91 61 25 -0.01 -0.02 -0.01 -0.06 0.23 -0.13
1305 84 90 59 25 -0.02 -0.02 -0.0 -0.01 0.21 -0.14
1306 103 90 58 25 -0.06 -0.03 0.0 0.01 0.18 -0.05
1307 85 91 56 24 -0.09 -0.03 0.0 0.12 0.04 -0.17
1308 70 90 54 26 -0.09 -0.02 0.01 0.11 0.02 -0.13
1309 64 89 56 26 -0.07 0.0 0.01 -0.07 -0.04 -0.17
1310 55 89 57 26 -0.03 0.02 0.01 -0.05 0.0 -0.2
1311 52 87 55 26 -0.02 0.03 0.01 -0.07 0.07 -0.22
1312 48 88 57 26 0.01 0.02 0.0 -0.05 0.18 -0.18
1313 57 86 56 25 0.02 0.02 -0.0 -0.12 0.27 -0.14
1314 59 87 54 25 -0.0 -0.01 -0.01 -0.12 0.21 -0.14
1315 53 86 53 25 -0.02 -0.05 -0.01 -0.09 0.07 -0.15
1316 49 85 53 26 -0.02 -0.05 -0.01 0.07 -0.01 -0.17
1317 81 87 55 24 -0.0 -0.02 -0.01 0.07 -0.03 -0.16
1318 72 87 53 25 0.01 0.01 -0.02 0.02 -0.03 -0.2
1319 63 87 52 24 0.04 0.05 -0.02 0.02 0.08 -0.16
1320 53 88 51 25 0.04 0.05 -0.03 0.0 0.14 -0.22
1321 45 88 51 24 0.03 0.04 -0.03 -0.03 0.21 -0.13
1322 40 89 54 25 0.02 0.03 -0.03 -0.05 0.11 -0.14
1323 67 89 53 24 0.01 0.03 -0.02 -0.07 0.07 -0.15
1324 63 88 58 24 0.01 -0.0 0.0 -0.05 0.03 -0.15
1325 54 88 57 24 0.01 -0.01 0.01 0.0 0.12 -0.15
1326 47 87 59 24 0.0 -0.02 0.01 -0.01 0.13 -0.12
1327 44 88 58 24 -0.01 -0.01 0.01 0.0 0.11 -0.14
1328 39 86 55 24 -0.02 -0.01 0.01 -0.02 0.04 -0.18
1329 38 86 53 24 -0.03 -0.02 0.01 0.0 0.01 -0.18
1330 61 86 53 23 -0.01 0.0 0.01 0.1 0.05 -0.22
1331 64 86 52 24 -0.0 0.04 0.01 -0.1 0.07 -0.18
1332 55 85 52 24 0.0 0.04 0.01 -0.17 0.11 -0.18
1333 49 85 51 24 0.01 0.04 -0.0 -0.14 0.14 -0.18
1334 41 82 51 24 0.0 -0.0 -0.01 -0.1 0.08 -0.17
1335 48 82 51 23 0.0 -0.02 -0.01 -0.09 0.08 -0.14
1336 42 82 50 24 0.0 -0.02 -0.01 0.08 0.08 -0.14
1337 62 81 49 24 0.0 -0.01 0.0 0.05 0.1 -0.11
1338 69 82 49 24 -0.0 0.01 -0.0 0.03 0.08 -0.14
1339 59 81 51 24 0.0 0.05 -0.01 -0.01 0.07 -0.19
1340 50 81 54 24 0.01 0.04 -0.01 -0.13 0.11 -0.16
1341 49 81 53 23 0.01 0.02 -0.01 -0.08 0.09 -0.18
1342 44 81 51 24 -0.0 -0.03 0.0 -0.04 0.09 -0.14
1343 38 82 49 24 -0.01 -0.01 0.0 0.06 0.09 -0.14
1344 33 82 48 24 -0.01 0.01 0.0 0.03 0.04 -0.15
1345 50 82 49 24 -0.01 0.03 -0.0 -0.12 0.06 -0.18
1346 67 83 47 23 -0.0 0.03 0.0 -0.08 0.14 -0.16
1347 61 82 48 23 0.0 -0.02 0.01 -0.04 0.08 -0.17
1348 55 79 48 24 -0.0 -0.05 0.02 0.06 0.13 -0.13
1349 49 80 47 23 -0.02 -0.04 0.02 0.06 0.11 -0.14
1350 42 79 51 24 -0.02 -0.01 0.01 0.04 0.05 -0.16
1351 43 80 54 23 -0.0 0.06 -0.01 -0.05 0.08 -0.17
1352 60 80 52 23 -0.0 0.06 -0.01 -0.22 0.1 -0.14
1353 54 79 51 24 -0.01 -0.01 -0.01 -0.19 0.11 -0.12
1354 70 77 50 23 -0.02 -0.05 -0.0 -0.01 0.12 -0.18
