-1 -1 -1 -1 -1 -1 -1 -1 -1 -1 -1
1 17 71 49 23 -0.02 -0.01 0.03 0.07 0.01 0.0
2 20 75 49 23 -0.03 -0.0 0.03 0.06 0.02 -0.08
3 21 78 49 23 -0.02 0.0 0.02 0.06 0.04 -0.09
4 22 79 50 23 -0.02 0.01 0.01 0.01 0.02 -0.09
5 23 82 50 23 -0.02 0.01 0.01 0.0 0.02 -0.11
6 23 82 51 23 -0.01 0.01 0.0 -0.02 -0.01 -0.13
7 24 85 51 23 -0.01 0.0 -0.0 0.0 -0.01 -0.14
8 23 85 51 23 0.0 -0.01 -0.01 0.02 -0.03 -0.11
9 22 85 51 23 0.0 -0.0 -0.01 0.01 -0.05 -0.12
10 24 87 51 23 0.0 -0.01 -0.0 0.04 -0.02 -0.11
11 26 87 52 24 0.0 -0.01 0.0 0.01 0.02 0.0
12 26 90 52 23 0.0 -0.01 0.0 -0.01 0.08 0.0
13 26 91 52 23 -0.02 -0.02 0.01 0.03 0.09 0.05
14 25 92 53 23 -0.05 -0.03 0.0 0.04 0.06 0.05
15 25 93 53 23 -0.06 -0.03 0.01 0.05 0.0 0.03
16 26 92 49 23 -0.08 -0.01 0.01 0.06 -0.01 0.02
17 25 90 52 23 -0.08 0.01 0.01 0.03 -0.04 0.02
18 25 88 52 23 -0.08 0.02 0.01 -0.02 -0.01 -0.08
19 24 89 52 24 -0.07 0.02 0.01 -0.04 -0.01 -0.06
20 24 86 51 24 -0.06 0.01 0.02 -0.07 0.01 -0.11
21 24 88 53 24 -0.06 0.01 0.02 -0.08 0.03 -0.12
22 26 88 52 24 -0.04 0.0 0.01 -0.06 0.02 -0.08
23 21 86 51 24 -0.03 -0.0 0.0 -0.01 0.06 -0.06
24 23 84 52 24 -0.02 -0.0 0.0 0.0 0.05 -0.04
25 23 84 52 24 -0.01 0.01 -0.0 -0.01 0.02 -0.07
26 23 83 51 23 0.01 0.02 -0.0 0.0 0.02 -0.04
27 25 85 53 23 0.01 0.02 -0.01 0.0 0.05 -0.02
28 25 86 53 24 0.01 0.03 -0.01 -0.01 0.05 -0.01
29 26 85 53 24 -0.0 0.02 -0.01 0.01 0.03 0.0
30 26 85 53 24 -0.01 0.02 -0.01 0.04 0.0 -0.01
31 26 86 54 23 -0.03 0.02 0.0 0.06 0.02 0.03
32 25 86 53 23 -0.04 0.01 0.02 0.09 -0.03 0.0
33 25 87 54 23 -0.04 0.01 0.02 0.0 -0.12 -0.03
34 25 86 54 23 -0.04 0.02 0.04 0.0 0.01 0.0
35 26 85 54 23 -0.04 0.02 0.04 -0.01 0.03 -0.03
36 25 86 54 22 -0.03 0.03 0.04 -0.1 0.09 -0.12
37 29 88 55 23 -0.0 0.03 0.03 -0.1 0.11 -0.11
38 25 87 54 23 0.02 0.02 0.01 -0.11 0.07 -0.16
39 26 89 55 24 0.03 0.01 0.0 -0.13 0.02 -0.17
40 25 90 54 24 0.05 0.0 -0.01 -0.13 0.01 -0.17
41 24 89 54 23 0.07 -0.0 -0.02 -0.07 0.0 -0.11
42 24 89 54 24 0.07 -0.01 -0.03 0.0 0.0 -0.06
43 25 91 54 23 0.07 -0.01 -0.02 0.01 -0.01 0.0
44 25 90 54 23 0.05 -0.02 -0.02 0.06 0.0 0.01
45 25 91 54 23 0.04 -0.01 -0.01 0.08 0.0 0.05
46 25 92 54 23 0.02 -0.0 0.0 0.08 0.0 0.04
47 26 93 55 23 0.0 0.01 0.01 0.04 0.03 0.06
48 25 92 56 23 -0.01 0.01 0.01 -0.01 0.08 0.0
49 25 92 56 23 -0.02 0.01 0.01 -0.02 0.09 -0.04
50 20 91 55 23 -0.03 -0.0 0.01 -0.06 0.15 -0.05
51 24 89 55 24 -0.03 -0.01 0.0 -0.03 0.15 -0.08
52 23 88 55 23 -0.03 -0.02 -0.01 -0.02 0.12 -0.06
53 23 87 54 24 -0.03 -0.04 -0.02 -0.03 0.11 -0.07
54 20 85 54 23 -0.02 -0.04 -0.02 -0.01 0.04 -0.05
55 22 84 53 24 -0.01 -0.04 -0.03 0.0 0.04 -0.05
56 22 85 54 23 0.01 -0.03 -0.03 -0.03 0.03 -0.07
57 22 85 55 23 0.01 -0.03 -0.03 -0.02 0.0 -0.07
58 24 86 55 24 0.02 -0.03 -0.03 -0.03 0.0 -0.06
59 24 85 56 23 0.02 -0.03 -0.03 -0.02 -0.02 -0.06
60 24 85 57 23 0.01 -0.03 -0.03 0.0 -0.02 -0.05
61 24 85 57 24 0.01 -0.02 -0.02 0.0 -0.04 -0.05
62 23 84 56 24 0.0 -0.03 -0.02 0.02 -0.01 0.01
63 24 86 58 24 -0.0 -0.02 -0.01 0.03 0.0 0.0
64 24 88 57 23 -0.02 -0.02 -0.01 0.02 0.02 0.0
65 23 87 56 24 -0.02 -0.01 -0.0 0.02 0.04 -0.01
66 24 87 56 24 -0.02 -0.01 -0.0 0.0 0.06 -0.05
67 24 86 56 25 -0.02 -0.0 -0.0 -0.02 0.06 -0.04
68 24 86 55 24 -0.02 -0.01 -0.01 -0.06 0.09 -0.08
69 24 83 52 23 -0.02 -0.01 -0.01 -0.04 0.09 -0.08
70 23 84 53 23 -0.01 -0.02 -0.02 -0.03 0.08 -0.07
71 24 82 53 24 -0.01 -0.03 -0.02 0.0 0.07 -0.04
72 25 83 54 23 0.0 -0.03 -0.02 0.0 0.05 -0.06
73 25 84 54 23 0.01 -0.02 -0.02 0.02 0.03 -0.04
74 25 84 53 24 0.01 -0.01 -0.02 0.01 0.02 -0.03
75 26 84 54 23 0.01 -0.01 -0.02 0.03 0.03 -0.03
76 27 85 54 24 0.01 -0.01 -0.01 0.02 0.03 -0.04
77 26 84 54 23 0.01 -0.01 -0.01 -0.01 0.0 -0.06
78 26 84 55 23 0.01 -0.01 -0.01 -0.01 0.04 -0.02
79 25 83 55 24 0.01 -0.01 -0.01 -0.03 0.05 -0.02
80 26 83 55 24 0.0 0.0 -0.01 0.0 0.06 -0.02
81 25 82 55 24 -0.0 -0.0 -0.01 0.01 0.05 -0.04
82 24 82 55 24 -0.01 -0.0 -0.01 0.01 0.03 -0.01
83 24 81 55 24 -0.01 -0.01 -0.01 0.0 0.0 -0.07
84 23 80 55 24 -0.01 -0.01 -0.01 -0.02 0.0 -0.08
85 21 80 55 24 -0.0 -0.01 -0.0 -0.01 -0.01 -0.07
86 24 81 56 23 -0.0 -0.01 0.0 0.0 0.02 -0.07
87 20 81 57 23 -0.0 -0.01 -0.0 -0.02 0.05 -0.04
88 23 81 57 24 0.0 -0.01 0.0 -0.03 0.04 -0.03
89 24 81 58 23 0.0 -0.01 0.0 0.0 0.04 -0.05
90 22 81 58 24 -0.0 -0.01 -0.0 0.01 0.07 -0.04
91 21 81 58 23 0.0 -0.01 -0.01 0.01 0.06 -0.05
92 19 81 57 23 0.0 -0.01 -0.01 -0.01 0.07 -0.03
93 23 80 57 24 0.0 -0.01 -0.01 -0.01 0.06 -0.02
94 23 80 56 24 0.0 -0.01 -0.01 0.0 0.06 -0.04
95 23 79 55 24 -0.0 -0.01 -0.01 0.0 0.04 -0.02
96 23 79 54 24 -0.0 -0.01 -0.01 0.0 0.01 -0.02
97 23 80 54 23 -0.01 -0.01 -0.01 0.01 0.02 -0.01
98 22 79 54 23 -0.01 -0.01 -0.01 0.01 0.01 -0.05
99 24 80 53 24 -0.01 -0.01 -0.01 0.0 0.03 -0.04
100 23 81 53 24 -0.01 -0.01 -0.01 -0.01 0.03 -0.03
101 21 79 52 23 -0.01 -0.01 -0.01 -0.02 0.03 -0.07
102 24 80 53 23 -0.0 -0.01 -0.01 -0.04 0.04 -0.02
103 24 81 53 24 -0.01 -0.02 -0.01 0.0 0.04 -0.06
104 23 81 53 23 -0.0 -0.01 -0.01 0.02 0.04 -0.02
105 23 81 53 24 -0.01 -0.01 -0.01 -0.03 0.0 -0.05
106 22 81 52 23 -0.0 -0.01 -0.01 0.01 0.02 -0.02
107 22 80 52 23 -0.0 -0.01 -0.01 0.0 0.04 -0.05
108 23 81 52 24 -0.0 -0.01 -0.01 0.01 0.06 -0.03
109 23 82 53 24 -0.01 -0.02 -0.0 0.02 0.06 -0.03
110 23 83 52 24 -0.01 -0.01 -0.0 0.0 0.04 -0.04
111 23 105 53 24 -0.01 -0.01 -0.01 -0.03 0.02 -0.03
112 23 135 52 24 -0.01 -0.01 -0.01 0.0 0.03 -0.04
113 24 187 54 25 -0.0 -0.02 -0.01 0.0 0.03 -0.01
-200 -200 -200 -200 -200 -200 -200 -200 -200 -200 -200
114 31 320 54 36 0.01 -0.02 -0.01 0.13 0.2 0.23
115 35 393 55 37 0.08 -0.12 -0.01 0.19 0.16 0.22
116 32 385 57 40 0.22 -0.22 -0.02 -0.31 0.28 -0.28
117 34 424 58 43 0.24 -0.36 -0.01 0.25 0.37 0.1
118 40 426 61 41 0.26 -0.59 0.06 0.0 0.77 0.17
119 40 414 61 67 -0.03 -0.95 0.22 -0.02 0.62 1.63
120 45 412 65 74 -0.16 -0.94 0.29 -0.12 0.59 2.18
121 45 432 65 64 -0.36 -0.8 0.39 -2.28 0.3 3.07
122 40 445 63 62 -0.57 -1.12 0.49 -3.4 -0.57 3.33
123 45 452 63 53 -0.46 -1.54 0.52 0.84 1.74 3.91
124 52 422 64 60 0.47 -3.41 0.64 -3.6 -0.57 2.97
125 48 415 62 51 0.64 -3.95 0.76 -2.67 0.7 2.59
126 46 455 63 46 0.77 -3.84 0.82 -1.54 0.69 2.18
127 44 409 66 44 1.2 -3.08 0.89 -0.53 1.18 1.8
128 43 429 67 51 1.48 -1.91 1.03 -0.33 1.18 1.45
129 51 414 71 46 1.52 -1.42 1.09 -0.7 0.89 1.41
130 47 406 73 44 1.6 -1.17 1.09 -0.49 0.53 1.41
131 45 388 84 40 1.75 -1.64 0.94 -0.06 0.17 0.98
132 50 404 91 38 1.86 -1.93 0.86 -0.03 -0.11 0.48
133 52 409 87 34 2.06 -2.14 0.77 0.57 0.1 -0.99
134 56 429 100 32 2.06 -1.67 0.78 0.57 -0.21 -1.28
135 71 429 95 31 1.99 -1.27 0.81 0.13 -0.39 -1.56
136 71 422 99 31 1.84 -0.83 0.83 0.02 -0.71 -1.55
137 106 400 94 30 1.67 -0.87 0.74 0.07 -0.83 -2.02
138 88 395 96 28 1.6 -0.98 0.68 -0.01 -0.95 -2.3
139 82 372 107 28 1.39 -1.06 0.6 0.02 -1.13 -2.65
140 71 367 106 29 1.2 -0.94 0.54 0.07 -1.07 -2.7
141 67 356 101 28 1.08 -0.81 0.53 -0.11 -1.22 -2.68
142 68 369 97 29 0.86 -0.59 0.48 0.01 -1.22 -2.52
143 61 395 105 28 0.66 -0.41 0.44 -0.19 -1.21 -2.55
144 60 354 108 31 0.58 -0.37 0.39 -0.05 -1.11 -2.57
145 61 363 109 35 0.42 -0.31 0.31 0.05 -1.03 -2.29
146 64 364 102 32 0.28 -0.28 0.27 0.03 -0.83 -1.73
147 68 405 100 32 0.22 -0.24 0.26 -0.37 -0.81 -1.53
148 66 437 98 31 0.11 -0.22 0.21 -0.46 -0.71 -1.23
149 71 403 101 37 0.02 -0.16 0.19 -0.32 -0.48 -1.01
150 65 380 108 40 -0.02 -0.15 0.17 -0.3 -0.42 -1.01
151 66 369 107 46 -0.06 -0.24 0.13 0.17 -0.32 -0.75
152 60 339 100 44 -0.07 -0.27 0.1 0.26 -0.23 -0.63
153 62 347 98 42 -0.04 -0.19 0.1 0.18 -0.15 -0.57
154 62 350 99 39 -0.01 0.01 0.1 -0.12 -0.02 0.0
155 67 348 95 40 -0.01 0.07 0.07 -0.19 0.08 0.03
156 71 366 96 38 -0.01 0.03 0.05 -0.18 0.1 0.06
157 72 375 101 42 0.04 -0.1 0.01 -0.08 0.18 -0.09
158 71 346 96 39 0.08 -0.09 -0.01 0.01 0.29 -0.28
159 71 332 94 40 0.09 -0.04 -0.02 0.02 0.3 -0.28
160 68 321 96 36 0.09 0.04 -0.02 -0.19 0.25 -0.22
161 67 322 97 34 0.09 0.03 -0.02 -0.21 0.2 -0.41
162 63 332 99 38 0.08 0.03 -0.02 -0.18 0.21 -0.5
163 60 328 100 37 0.04 0.05 -0.0 -0.15 0.22 -0.55
164 66 315 99 36 -0.0 0.03 0.02 -0.01 0.15 -0.68
165 66 323 112 35 -0.01 0.02 0.02 0.0 0.08 -0.74
166 76 321 114 39 -0.03 0.03 0.03 -0.03 0.01 -0.53
167 73 311 113 37 -0.05 0.02 0.0 0.03 0.06 -0.35
168 73 286 107 44 -0.06 -0.01 -0.02 0.1 0.07 -0.36
169 70 311 106 42 -0.08 -0.03 -0.06 0.06 0.13 -0.47
170 70 311 111 39 -0.08 0.05 -0.06 -0.02 0.14 -0.46
171 79 297 107 35 -0.07 0.09 -0.05 -0.12 0.15 -0.43
172 69 284 105 36 -0.05 0.08 -0.06 -0.35 0.16 0.05
173 67 338 102 34 -0.03 0.0 -0.07 -0.33 0.25 0.03
174 80 321 101 34 -0.04 -0.02 -0.06 -0.35 0.31 -0.08
175 82 325 102 33 -0.05 0.02 -0.05 -0.27 0.32 -0.21
176 78 321 101 32 -0.05 0.02 -0.02 -0.11 0.27 -0.29
177 71 295 111 30 -0.04 0.02 -0.0 -0.13 0.23 -0.22
178 72 302 109 29 -0.03 0.03 0.03 -0.13 0.19 -0.03
179 71 294 104 30 -0.01 0.02 0.04 -0.1 0.18 0.12
180 73 267 106 30 -0.01 0.01 0.04 -0.09 0.19 0.04
181 71 267 103 33 0.0 -0.01 0.03 -0.04 0.17 -0.12
182 68 324 106 31 0.01 -0.01 0.03 0.06 0.13 -0.19
183 73 298 112 30 0.01 -0.0 0.03 -0.01 0.1 -0.26
184 80 314 114 32 0.02 0.01 0.02 0.0 0.04 -0.13
185 74 292 108 32 0.03 -0.0 0.01 -0.07 0.04 -0.15
186 72 291 110 33 0.04 -0.01 -0.0 -0.07 0.04 -0.17
187 68 321 112 32 0.04 -0.01 -0.02 -0.09 0.03 -0.22
188 67 301 110 30 0.06 0.0 -0.03 -0.13 0.06 -0.35
189 68 303 113 32 0.05 0.01 -0.03 -0.17 0.09 -0.31
190 70 365 111 30 0.05 -0.02 -0.02 -0.15 0.05 -0.24
191 68 350 106 29 0.04 -0.01 -0.01 -0.17 0.05 -0.28
192 70 325 113 28 0.04 -0.02 0.0 -0.16 0.08 -0.29
193 71 310 114 28 0.03 -0.0 0.02 -0.14 0.08 -0.2
194 75 342 110 28 0.01 0.0 0.03 -0.11 0.08 -0.19
195 83 361 110 32 0.01 0.01 0.03 -0.13 0.07 -0.23
196 92 348 108 37 0.01 0.0 0.03 -0.07 0.11 -0.34
197 84 363 118 35 0.01 0.02 0.03 -0.07 0.1 -0.34
198 87 334 115 35 0.01 0.02 0.04 -0.08 0.08 -0.3
199 85 312 115 34 0.03 -0.01 0.02 -0.09 0.08 -0.12
200 80 343 106 32 0.02 0.0 0.01 -0.09 0.1 -0.15
201 84 318 112 33 0.01 0.01 0.01 -0.1 0.11 -0.2
202 77 315 121 33 0.0 0.01 0.02 -0.1 0.13 -0.27
203 71 298 119 32 -0.0 0.02 0.04 -0.12 0.1 -0.25
204 76 305 117 34 -0.0 0.02 0.04 -0.09 0.08 -0.25
205 74 300 116 34 -0.01 -0.01 0.04 -0.06 0.04 -0.16
206 66 297 109 34 -0.02 -0.01 0.03 -0.05 0.08 -0.26
207 68 310 107 36 -0.02 -0.01 0.03 0.0 0.05 -0.23
208 70 296 105 36 -0.02 0.02 0.03 -0.04 0.07 -0.13
209 67 296 106 36 -0.02 0.01 0.02 -0.07 0.05 -0.12
210 62 278 107 34 -0.02 -0.01 0.02 -0.07 0.05 -0.13
211 58 261 110 32 -0.02 -0.02 0.01 -0.03 -0.02 -0.12
212 54 253 112 33 -0.02 0.0 0.01 -0.02 -0.06 -0.14
213 55 265 112 32 -0.02 0.01 0.0 -0.04 -0.02 -0.13
214 57 256 111 33 -0.02 0.01 0.0 -0.02 0.0 -0.1
215 56 245 109 32 -0.01 -0.01 -0.0 -0.02 0.0 -0.19
216 60 275 108 32 -0.0 -0.02 -0.01 0.0 0.01 -0.22
217 62 281 105 31 -0.01 -0.02 -0.02 0.02 0.0 -0.19
218 64 280 101 32 -0.02 -0.01 -0.03 -0.07 0.03 -0.23
219 63 321 100 30 -0.02 -0.01 -0.03 -0.08 0.05 -0.26
220 60 322 103 29 -0.03 0.0 -0.03 -0.11 0.11 -0.18
221 60 294 95 29 -0.03 0.01 -0.03 -0.05 0.19 -0.1
222 58 272 95 27 -0.04 -0.0 -0.02 -0.03 0.14 -0.05
223 56 275 94 27 -0.03 -0.03 -0.0 -0.06 0.15 -0.15
224 55 276 91 28 -0.03 -0.03 0.0 -0.05 0.13 -0.06
225 58 258 91 28 -0.02 -0.02 0.0 -0.07 0.1 -0.05
226 53 231 92 28 -0.0 -0.0 -0.0 -0.09 0.07 -0.02
227 50 225 88 26 0.01 -0.01 -0.0 0.01 0.01 -0.14
228 60 226 89 26 0.01 -0.0 -0.01 0.04 0.0 -0.21
229 56 213 88 28 0.01 0.02 -0.01 0.04 -0.07 -0.43
230 54 213 84 27 -0.0 0.04 -0.03 0.05 -0.17 -0.63
231 52 220 83 26 -0.02 0.07 -0.04 0.05 -0.24 -0.71
232 52 206 81 27 -0.06 0.13 -0.08 0.03 -0.47 -0.95
233 50 187 78 27 -0.13 0.2 -0.12 0.09 -0.77 -1.33
234 57 181 78 26 -0.18 0.26 -0.14 0.19 -0.84 -1.45
235 74 187 77 27 -0.31 0.42 -0.16 0.29 -1.01 -1.72
236 107 217 74 26 -0.45 0.63 -0.19 0.35 -0.94 -1.97
237 114 210 76 26 -0.53 0.75 -0.22 0.32 -0.9 -2.04
238 113 204 78 26 -0.71 0.94 -0.35 -0.16 -0.86 -1.43
239 109 197 73 25 -0.94 0.95 -0.56 0.72 -0.8 -1.13
240 124 188 74 25 -0.97 1.1 -0.64 0.68 -0.68 -1.29
241 129 180 74 26 -1.09 1.43 -0.76 1.1 -0.72 -1.87
242 139 166 71 26 -1.21 1.93 -0.81 0.79 -0.75 -1.72
243 124 162 72 26 -1.28 2.12 -0.87 0.11 -0.85 -1.4
244 108 167 72 28 -1.43 2.15 -0.98 0.33 -0.65 -0.82
245 116 169 71 27 -1.5 2.08 -1.1 0.37 -0.71 -0.44
246 139 174 72 27 -1.49 2.08 -1.14 0.55 -0.67 -0.75
247 135 168 72 26 -1.4 2.24 -1.22 0.38 -0.73 -1.13
248 127 200 68 26 -1.26 2.36 -1.22 0.05 -0.69 -0.85
249 121 188 67 26 -1.21 2.33 -1.26 -0.34 -0.53 -0.65
250 114 186 68 26 -1.19 2.12 -1.27 -0.84 -0.58 -0.05
251 105 187 67 25 -1.14 1.91 -1.3 -0.57 -0.49 0.35
252 105 171 70 26 -1.11 1.92 -1.3 -0.82 0.0 0.63
253 102 160 68 26 -1.03 2.11 -1.18 -0.47 -0.12 0.64
254 94 147 63 25 -0.76 2.27 -1.23 -0.67 0.34 0.53
255 106 147 66 25 -0.73 2.35 -1.23 -0.79 0.0 0.56
256 97 143 64 24 -0.59 2.33 -1.09 -1.38 0.06 1.07
257 104 134 62 24 -0.44 2.36 -1.1 -1.84 0.18 1.27
258 101 127 64 25 -0.48 2.37 -0.98 -1.1 0.2 1.28
259 92 122 62 24 -0.42 2.45 -0.94 -0.68 0.57 0.94
260 81 114 62 24 -0.3 2.3 -0.85 -0.55 0.6 0.79
261 81 112 62 24 -0.31 2.04 -0.78 -0.62 0.04 0.43
262 81 107 61 24 -0.09 1.52 -0.88 -0.16 0.33 0.14
263 85 103 60 24 -0.2 1.15 -0.84 -1.71 -0.42 1.74
264 89 102 60 24 -0.29 1.19 -0.75 -12.78 -1.82 6.66
265 89 100 61 23 0.36 -1.19 0.18 -4.35 -0.55 -0.28
266 85 101 60 24 0.22 -0.86 0.16 1.78 0.72 1.05
267 84 104 61 24 0.25 0.23 0.0 0.37 0.46 1.51
268 79 102 60 23 0.17 0.5 -0.1 0.09 0.34 -0.23
269 80 102 59 24 0.04 0.07 -0.12 -0.1 0.04 -0.48
270 80 101 59 24 0.0 -0.04 -0.12 -0.3 0.02 -0.4
271 74 98 58 24 -0.02 -0.62 -0.02 -0.07 -0.18 -0.29
272 71 95 58 25 -0.01 -0.75 0.0 0.13 -0.21 -0.2
273 66 94 57 24 -0.01 -0.84 -0.0 0.12 -0.25 -0.09
274 63 93 57 24 0.04 -0.71 0.01 0.22 -0.31 0.08
275 60 92 56 24 0.04 -0.58 0.07 0.45 -0.28 0.36
276 63 95 58 24 0.04 -0.54 0.1 0.43 -0.3 0.51
277 56 94 58 24 0.07 -0.45 0.12 0.58 -0.16 0.73
278 56 92 58 24 0.07 -0.39 0.13 0.52 -0.05 0.7
279 58 92 59 24 0.05 -0.25 0.12 0.48 -0.01 0.63
280 55 93 58 24 0.05 -0.09 0.11 0.33 0.04 0.46
281 52 93 58 24 0.05 -0.03 0.1 0.23 0.08 0.35
282 53 93 59 25 0.05 0.05 0.08 0.18 0.1 0.24
283 49 93 58 24 0.05 0.06 0.07 0.11 0.09 0.28
284 49 92 58 25 0.04 0.06 0.07 0.13 0.09 0.21
285 55 94 60 25 0.02 0.05 0.06 0.12 0.09 0.16
286 51 93 59 25 0.01 0.03 0.05 0.04 0.05 0.03
287 47 91 58 24 0.01 0.02 0.05 -0.01 0.04 0.1
288 49 93 60 25 0.01 -0.02 0.04 0.02 0.04 0.1
289 49 93 59 25 0.0 -0.04 0.03 0.13 0.02 0.15
290 48 93 58 25 0.01 -0.05 0.03 0.17 -0.03 0.19
291 56 94 59 24 0.04 -0.04 0.03 0.31 -0.01 0.3
292 52 94 57 25 0.08 0.03 0.03 0.39 -0.07 0.32
293 47 93 56 25 0.09 0.09 0.03 0.36 -0.05 0.32
294 45 93 56 25 0.1 0.19 0.02 0.34 -0.04 0.25
295 46 91 56 25 0.12 0.24 0.02 0.21 -0.04 0.12
296 45 91 55 25 0.14 0.25 0.01 -0.02 0.0 0.02
297 44 93 55 25 0.12 0.21 0.01 -0.12 -0.08 -0.01
298 41 93 55 25 0.1 0.13 0.01 -0.18 0.0 -0.06
299 41 92 53 26 0.08 0.09 0.01 -0.2 0.0 -0.09
300 40 91 54 25 0.04 -0.02 0.01 -0.14 0.02 -0.03
-100 -100 -100 -100 -100 -100 -100 -100 -100 -100 -100
301 38 91 53 25 0.0 -0.12 0.01 -0.03 0.02 0.06
302 36 89 52 25 -0.01 -0.17 0.01 0.13 0.01 0.17
303 40 91 54 25 -0.04 -0.23 0.01 0.19 0.03 0.15
304 37 90 54 25 -0.06 -0.22 0.02 0.18 0.0 0.26
305 36 88 53 25 -0.07 -0.2 0.02 0.3 0.0 0.3
306 37 88 53 25 -0.07 -0.13 0.01 0.3 -0.01 0.25
307 36 85 52 25 -0.05 -0.05 0.01 0.27 -0.05 0.25
308 36 85 51 26 -0.05 -0.02 0.01 0.2 -0.02 0.2
309 39 85 54 26 -0.03 0.01 -0.0 0.14 0.0 0.15
310 38 84 53 26 -0.02 0.03 -0.01 0.07 0.04 0.12
311 37 86 53 25 -0.02 0.03 -0.01 0.05 0.06 0.08
312 38 88 54 26 -0.01 0.0 -0.02 0.02 0.09 -0.01
313 35 87 53 25 -0.01 -0.03 -0.03 -0.01 0.04 0.01
314 33 87 54 26 -0.01 -0.05 -0.03 0.06 0.0 0.07
315 32 88 54 25 -0.01 -0.07 -0.02 0.06 -0.02 0.04
316 31 88 53 26 -0.01 -0.08 -0.02 0.12 -0.04 0.09
317 31 88 53 25 -0.01 -0.07 -0.02 0.15 -0.05 0.1
318 31 89 55 25 0.0 -0.05 -0.02 0.14 -0.02 0.1
319 29 89 54 26 -0.0 -0.02 -0.02 0.17 -0.04 0.18
320 27 88 53 26 -0.01 -0.0 -0.02 0.17 -0.01 0.18
321 30 90 55 26 -0.0 0.08 -0.02 0.22 0.0 0.22
322 34 90 54 25 -0.0 0.18 -0.02 0.19 0.02 0.28
323 26 89 53 26 -0.0 0.2 -0.02 0.19 -0.01 0.17
324 33 90 54 26 -0.0 0.19 -0.03 0.14 0.02 0.13
325 33 90 54 26 -0.01 0.15 -0.03 0.02 0.03 0.03
326 31 88 53 25 -0.02 0.12 -0.03 -0.02 0.02 0.0
327 32 88 54 25 -0.03 0.03 -0.03 -0.07 0.04 -0.06
328 30 87 53 25 -0.03 -0.04 -0.03 -0.09 0.02 -0.08
329 29 85 54 24 -0.03 -0.08 -0.03 -0.03 0.01 -0.03
330 30 86 55 25 -0.03 -0.12 -0.04 0.04 0.0 0.03
331 30 85 54 25 -0.03 -0.13 -0.03 0.09 0.05 0.08
332 32 86 54 25 -0.03 -0.13 -0.03 0.09 0.02 0.07
333 34 89 55 24 -0.02 -0.12 -0.04 0.13 0.03 0.1
334 32 88 54 24 -0.02 -0.09 -0.04 0.13 -0.01 0.13
335 31 87 55 24 -0.01 -0.09 -0.03 0.13 0.02 0.11
336 31 87 56 24 -0.01 -0.07 -0.03 0.12 0.01 0.1
337 30 87 56 25 -0.01 -0.06 -0.03 0.08 0.01 0.1
338 29 86 56 24 -0.02 -0.06 -0.03 0.09 0.02 0.07
339 31 86 57 24 -0.02 -0.07 -0.03 0.08 0.01 0.07
340 29 85 56 24 -0.02 -0.07 -0.02 0.1 0.03 0.1
341 29 84 56 24 -0.03 -0.07 -0.02 0.11 0.0 0.1
342 30 86 58 24 -0.04 -0.06 -0.02 0.09 0.02 0.08
343 29 85 56 25 -0.03 -0.05 -0.02 0.11 -0.02 0.1
344 27 84 56 24 -0.03 -0.04 -0.01 0.09 0.0 0.12
345 28 84 56 24 -0.03 -0.02 -0.01 0.1 0.0 0.08
346 28 85 55 22 -0.03 -0.01 -0.01 0.05 0.0 0.09
347 27 84 55 24 -0.03 -0.01 -0.02 0.04 0.0 0.04
348 27 83 55 24 -0.02 -0.02 -0.01 0.02 -0.01 0.02
349 25 83 55 24 -0.02 -0.02 -0.01 0.0 0.0 0.03
350 25 82 55 24 -0.02 -0.02 -0.01 0.04 0.03 0.07
351 27 84 56 24 -0.01 -0.04 -0.01 0.04 0.05 0.06
352 27 85 56 24 -0.02 -0.05 0.0 0.05 0.02 0.08
353 27 83 55 24 -0.01 -0.05 -0.0 0.01 0.02 0.06
354 29 84 57 24 -0.01 -0.05 0.0 0.05 0.0 0.06
355 28 85 56 24 -0.01 -0.02 -0.01 0.05 0.04 0.08
356 27 84 56 24 -0.01 -0.01 -0.01 0.05 0.07 0.08
357 28 84 57 24 -0.01 -0.0 -0.01 0.06 0.1 0.06
358 26 85 55 24 -0.02 -0.01 -0.01 0.03 0.08 0.09
-200 -200 -200 -200 -200 -200 -200 -200 -200 -200 -200
359 25 83 54 24 -0.02 -0.02 -0.01 0.06 0.03 0.09
360 26 84 55 24 -0.03 -0.02 -0.01 0.07 0.01 0.05
361 25 85 54 24 -0.03 -0.03 -0.0 0.03 -0.02 0.06
362 24 84 53 24 -0.03 -0.03 -0.0 0.04 -0.02 0.07
363 26 85 55 24 -0.03 -0.02 -0.0 0.03 0.0 0.05
364 26 87 54 24 -0.03 -0.01 -0.0 0.07 0.0 0.04
365 26 97 54 24 -0.03 -0.01 0.0 0.02 0.01 0.07
366 26 130 55 25 -0.03 -0.02 0.0 -0.04 0.02 0.06
367 26 160 55 25 -0.03 -0.04 0.0 -0.08 0.01 0.08
368 28 186 55 42 -0.04 -0.06 0.0 0.03 0.02 0.2
369 36 213 57 44 -0.01 -0.1 0.02 0.05 0.19 0.3
370 40 269 58 45 0.07 -0.2 0.02 -0.13 0.21 0.11
371 36 258 60 44 0.11 -0.25 0.03 -0.07 0.18 0.07
372 41 318 61 39 0.13 -0.29 0.05 -0.36 0.08 0.04
373 38 312 62 36 0.14 -0.25 0.08 -0.3 0.21 0.21
374 40 327 62 33 0.13 -0.27 0.1 -0.55 0.28 0.4
375 44 330 64 40 0.1 -0.51 0.16 -1.28 0.16 0.88
376 42 338 63 45 0.15 -0.86 0.22 -1.73 0.21 1.26
377 42 341 63 41 0.15 -1.05 0.26 -1.75 0.15 1.28
378 41 346 63 37 0.15 -1.27 0.42 -1.28 0.24 1.16
379 39 368 61 34 0.61 -1.59 0.42 -3.65 0.03 2.05
380 36 348 63 32 0.83 -2.08 0.58 -0.91 1.67 2.38
381 36 368 62 31 0.82 -2.21 0.81 -1.29 0.64 2.18
382 35 382 66 31 0.95 -2.04 0.93 -1.02 0.79 1.91
383 34 348 67 32 0.96 -1.94 0.98 -0.89 0.89 1.74
384 38 376 70 33 0.99 -1.94 1.06 -0.85 0.65 1.34
385 42 360 69 31 0.99 -1.96 1.14 -0.38 0.6 1.02
386 46 400 70 31 0.96 -2.05 1.17 -0.49 0.48 0.91
387 46 416 72 30 1.01 -2.42 1.23 -0.85 0.21 0.39
388 45 404 73 29 1.12 -2.84 1.25 -0.9 0.14 0.12
389 52 547 76 28 1.13 -2.94 1.23 -0.67 0.07 0.13
390 49 495 72 27 1.15 -2.82 1.19 -0.22 -0.07 -0.12
391 51 465 72 27 1.14 -2.39 1.18 -0.36 -0.2 -0.54
392 51 478 91 26 1.14 -2.14 1.17 -0.27 -0.39 -0.91
393 45 440 86 25 1.11 -1.81 1.11 -0.34 -0.49 -1.1
394 43 418 88 25 1.11 -1.54 1.08 0.11 -0.65 -0.77
395 45 483 86 28 1.15 -1.49 1.05 0.09 -0.77 -0.79
396 44 452 89 27 1.2 -1.31 0.96 0.01 -0.63 -1.32
397 40 407 93 27 1.06 -1.12 0.89 0.4 -0.64 -1.66
398 43 372 87 26 1.0 -0.99 0.85 0.21 -0.75 -1.67
399 44 366 84 27 0.89 -0.87 0.75 0.3 -0.67 -1.42
400 47 381 83 26 0.79 -0.8 0.64 0.23 -0.77 -1.44
401 52 453 84 26 0.75 -0.73 0.6 0.26 -0.56 -1.55
402 50 416 85 31 0.68 -0.56 0.52 0.02 -0.55 -1.52
403 50 445 87 31 0.59 -0.58 0.44 0.21 -0.47 -1.4
404 46 429 91 36 0.54 -0.64 0.4 0.12 -0.62 -1.33
405 51 437 91 38 0.49 -0.81 0.31 0.17 -0.49 -1.32
406 58 415 93 37 0.42 -0.75 0.26 0.39 -0.35 -1.39
407 67 448 90 36 0.39 -0.57 0.25 0.35 -0.31 -1.41
408 79 447 98 35 0.32 -0.19 0.21 0.16 -0.2 -1.32
409 89 444 98 37 0.22 0.03 0.17 0.16 -0.24 -1.07
410 82 541 99 44 0.19 0.06 0.14 0.12 -0.24 -0.9
411 77 481 101 47 0.14 -0.06 0.06 0.07 -0.13 -0.77
412 82 492 99 49 0.09 -0.15 0.01 0.25 0.0 -0.83
413 72 467 95 52 0.07 -0.15 -0.02 0.09 0.06 -0.73
414 86 413 97 50 0.04 -0.09 -0.05 0.04 0.1 -0.49
415 81 395 91 47 -0.01 -0.04 -0.07 0.08 0.08 -0.52
416 80 359 88 51 -0.03 -0.02 -0.07 0.06 0.16 -0.49
417 78 336 96 50 -0.06 -0.01 -0.06 -0.16 0.16 -0.5
418 76 316 91 54 -0.08 -0.05 -0.06 -0.18 0.11 -0.51
419 72 335 95 49 -0.07 -0.08 -0.06 -0.17 0.09 -0.51
420 72 332 96 50 -0.08 -0.05 -0.05 -0.12 0.14 -0.26
421 72 311 93 48 -0.09 0.04 -0.04 -0.26 0.15 -0.16
422 71 324 89 45 -0.1 0.07 -0.04 -0.25 0.16 -0.22
423 70 297 86 47 -0.1 0.07 -0.05 -0.19 0.27 -0.31
424 69 308 85 46 -0.09 0.05 -0.05 -0.04 0.27 -0.32
425 65 316 90 48 -0.09 0.04 -0.05 -0.04 0.24 -0.25
426 67 297 87 44 -0.06 0.06 -0.04 -0.06 0.3 -0.23
427 76 320 87 43 -0.04 0.08 -0.03 -0.22 0.21 0.06
428 69 301 87 41 -0.04 0.09 -0.02 -0.23 0.27 0.14
429 67 283 85 41 -0.02 0.05 -0.0 -0.24 0.24 0.05
430 72 277 82 46 0.01 0.02 0.01 -0.18 0.24 0.03
431 77 308 81 43 0.02 0.02 0.02 -0.1 0.25 -0.05
432 70 313 85 42 0.03 0.05 0.03 -0.11 0.25 -0.12
433 68 310 90 39 0.03 0.09 0.03 -0.12 0.24 -0.06
434 64 320 85 38 0.03 0.1 0.03 -0.13 0.15 -0.06
435 61 333 88 35 0.03 0.09 0.05 -0.2 0.19 -0.07
436 60 298 85 35 0.02 0.02 0.05 -0.15 0.19 -0.1
437 63 290 81 34 0.02 -0.01 0.05 -0.1 0.21 -0.1
438 57 284 80 33 0.02 -0.01 0.05 -0.01 0.2 -0.17
439 58 273 83 36 0.02 0.0 0.04 0.07 0.1 -0.22
440 57 278 87 33 0.02 0.0 0.03 0.1 0.08 -0.21
441 61 263 85 33 0.02 0.03 0.02 0.04 0.07 -0.18
442 57 270 82 33 0.01 0.04 0.01 0.05 0.02 -0.17
443 52 256 81 31 0.01 0.05 0.0 0.03 0.06 -0.22
444 50 262 79 29 0.01 0.04 -0.01 -0.09 0.05 -0.27
445 50 277 86 29 -0.0 0.03 -0.03 -0.02 0.07 -0.21
446 53 281 82 28 -0.01 0.03 -0.03 -0.03 0.11 -0.23
447 56 283 82 27 -0.01 0.05 -0.03 -0.01 0.13 -0.26
448 51 272 81 28 -0.02 0.05 -0.02 -0.05 0.14 -0.12
449 50 262 88 26 -0.02 0.05 -0.02 -0.12 0.15 -0.07
450 49 271 87 26 -0.02 0.03 -0.01 -0.1 0.17 -0.07
451 49 246 86 25 -0.02 0.01 0.0 -0.1 0.1 -0.07
452 51 242 88 25 -0.02 -0.0 0.01 -0.08 0.08 -0.13
453 50 267 86 25 -0.02 0.02 0.01 -0.06 0.14 -0.14
454 48 270 84 25 -0.02 0.03 0.01 0.0 0.14 -0.07
455 42 267 79 25 -0.02 0.03 -0.0 0.0 0.14 -0.09
456 43 253 80 24 -0.03 0.01 0.0 -0.03 0.15 -0.13
457 43 270 84 25 -0.03 -0.01 0.0 -0.07 0.12 -0.12
458 46 269 84 25 -0.03 -0.01 0.0 -0.08 0.14 -0.12
459 43 288 86 24 -0.02 0.01 0.0 -0.08 0.12 -0.11
460 39 276 83 25 -0.02 0.01 -0.0 -0.01 0.14 -0.01
461 45 285 78 24 -0.02 0.01 -0.01 0.13 0.18 -0.07
462 46 291 84 24 -0.03 0.01 -0.01 0.08 0.17 -0.13
463 41 289 86 24 -0.03 0.02 -0.01 0.0 0.18 -0.17
464 41 284 86 24 -0.03 0.02 -0.01 0.04 0.18 -0.11
465 45 297 82 23 -0.03 -0.01 -0.02 -0.03 0.13 -0.01
466 45 289 80 24 -0.01 -0.05 -0.02 -0.04 0.15 0.01
467 46 308 77 24 -0.02 -0.05 -0.02 -0.02 0.17 0.01
468 52 304 83 24 -0.01 -0.01 -0.01 -0.09 0.15 -0.06
469 47 278 85 24 0.0 -0.03 -0.02 -0.01 0.18 -0.16
470 44 293 81 24 0.01 -0.03 -0.01 -0.03 0.16 -0.11
471 45 294 82 24 0.0 -0.01 -0.01 0.01 0.09 0.0
472 52 280 82 25 0.01 0.01 -0.01 -0.06 0.07 -0.13
473 55 278 83 25 0.01 0.02 -0.01 -0.05 0.03 -0.2
474 57 263 81 25 0.02 0.01 -0.02 -0.06 0.03 -0.23
475 55 238 79 25 0.02 -0.0 -0.02 0.0 0.0 -0.35
476 51 254 78 24 0.01 0.01 -0.03 -0.01 -0.01 -0.35
477 50 227 75 24 -0.01 0.04 -0.04 -0.02 -0.09 -0.52
478 52 216 73 25 -0.03 0.09 -0.06 0.04 -0.17 -0.65
479 65 200 71 24 -0.04 0.13 -0.07 -0.05 -0.27 -0.8
480 68 187 73 23 -0.05 0.21 -0.09 0.03 -0.37 -1.0
481 62 182 73 24 -0.07 0.42 -0.08 0.0 -0.56 -0.93
482 64 170 73 24 -0.07 0.54 -0.09 0.03 -0.6 -0.91
483 64 157 74 25 -0.11 0.84 -0.09 0.08 -0.68 -1.02
484 63 149 79 24 -0.18 1.17 -0.11 0.05 -0.84 -1.19
485 57 138 83 24 -0.22 1.37 -0.12 0.3 -0.83 -1.21
486 55 146 82 24 -0.32 1.92 -0.15 0.43 -0.81 -1.14
487 51 160 81 24 -0.48 2.47 -0.2 0.57 -1.02 -1.08
488 48 168 77 24 -0.56 2.68 -0.23 0.71 -0.94 -1.08
489 51 164 76 25 -0.74 2.91 -0.36 0.74 -0.84 -1.12
490 55 155 74 25 -0.96 2.94 -0.5 0.76 -0.75 -1.66
491 52 149 73 24 -1.06 2.97 -0.57 0.93 -0.7 -1.74
492 51 166 71 24 -1.13 2.98 -0.73 1.07 -0.52 -1.93
493 55 162 70 24 -1.16 2.84 -0.87 0.82 -0.27 -1.91
494 61 150 70 23 -1.15 2.76 -0.95 0.99 -0.22 -1.82
495 73 142 68 24 -1.24 2.64 -1.07 -0.04 -0.54 -1.2
496 77 145 67 25 -1.31 2.45 -1.29 -0.12 -0.52 -0.45
497 74 160 65 24 -1.34 2.38 -1.38 0.04 -0.48 -0.22
498 89 166 65 25 -1.33 2.22 -1.53 0.13 -0.38 -0.11
499 98 161 65 25 -1.27 2.17 -1.61 0.26 -0.14 -0.24
500 90 146 62 24 -1.23 2.15 -1.62 -0.36 -0.44 -0.46
501 109 150 62 24 -1.1 2.06 -1.66 -1.18 -0.22 0.05
502 110 140 62 24 -1.03 1.94 -1.54 -0.76 -0.21 1.39
503 104 164 63 26 -0.93 1.96 -1.6 -1.01 -0.24 1.74
504 105 182 65 24 -0.81 2.01 -1.64 -0.82 -0.12 1.09
505 96 177 65 24 -0.61 1.92 -1.57 -0.57 0.09 0.31
506 92 161 66 25 -0.53 1.85 -1.53 -1.34 -0.05 0.11
507 84 163 68 24 -0.34 1.64 -1.22 -0.59 0.28 0.04
508 75 165 68 24 -0.29 1.4 -0.98 -0.8 -0.19 0.3
509 67 155 67 24 -0.31 1.35 -1.04 -0.69 0.02 0.37
510 61 144 67 24 -0.18 1.09 -0.72 -0.33 0.18 0.29
511 56 135 66 24 -0.11 0.95 -0.77 -1.4 -0.48 0.62
512 57 123 66 24 0.01 0.95 -0.57 -7.06 -1.6 3.87
513 57 120 67 24 0.46 -0.85 0.21 -8.77 0.5 2.22
514 52 123 66 24 0.32 -0.31 0.06 1.88 -0.31 0.63
515 49 123 67 24 0.39 0.3 0.08 1.55 0.8 0.34
516 48 124 66 24 0.33 0.95 0.05 -0.66 0.56 0.06
517 43 120 64 23 0.22 0.46 0.05 -0.03 0.22 -0.21
518 42 127 64 24 0.18 0.25 0.02 -0.3 0.1 -0.09
519 40 121 63 25 0.09 -0.1 -0.01 -0.61 -0.15 0.0
520 44 126 65 25 0.06 -0.33 0.02 -0.15 -0.23 -0.12
521 43 133 66 24 0.03 -0.34 0.04 -0.1 -0.35 -0.06
522 47 130 64 24 0.01 -0.33 0.05 0.0 -0.28 0.12
523 48 126 66 24 -0.03 -0.29 0.05 0.03 -0.29 0.16
524 46 123 67 24 -0.05 -0.27 0.06 0.04 -0.26 0.18
525 43 122 66 24 -0.0 -0.27 0.08 0.14 0.0 0.25
526 41 117 66 24 -0.01 -0.25 0.08 0.14 -0.09 0.14
527 37 114 65 24 0.01 -0.22 0.07 0.13 -0.09 0.15
528 40 113 64 23 0.02 -0.18 0.06 0.14 -0.01 0.23
529 42 124 64 24 0.01 -0.1 0.05 0.07 -0.07 0.14
530 38 120 63 24 0.02 -0.06 0.05 0.01 -0.06 0.1
531 37 117 63 23 0.03 -0.02 0.04 -0.01 -0.07 0.08
532 33 115 62 24 0.04 -0.01 0.04 0.01 -0.01 0.08
533 34 116 61 24 0.04 -0.03 0.04 0.0 -0.03 0.12
534 34 125 60 24 0.02 -0.05 0.03 0.07 -0.05 0.11
535 31 122 61 24 0.01 -0.05 0.02 0.0 -0.06 0.09
536 38 121 61 24 0.01 -0.04 0.02 0.11 -0.09 0.08
537 36 119 60 24 0.02 -0.04 0.03 0.07 -0.06 0.13
538 35 119 60 24 0.02 -0.03 0.03 0.09 -0.09 0.09
539 33 116 60 24 0.02 -0.03 0.03 0.06 -0.08 0.09
540 30 116 59 24 0.02 -0.04 0.03 0.0 -0.05 0.05
541 31 118 58 24 0.02 -0.03 0.02 0.0 -0.03 0.1
542 31 118 57 28 0.02 -0.02 0.02 0.0 -0.03 0.06
543 30 119 58 28 0.02 -0.02 0.01 -0.02 -0.01 0.0
544 30 124 58 27 0.02 -0.03 0.0 -0.02 -0.01 0.08
545 29 118 58 26 0.01 -0.04 0.0 -0.01 0.0 0.09
546 28 116 57 26 0.0 -0.07 0.0 0.04 -0.01 0.13
547 28 115 57 25 -0.02 -0.07 0.0 0.03 -0.05 0.11
548 28 113 58 26 -0.02 -0.06 0.0 0.07 -0.07 0.11
549 26 112 56 26 -0.03 -0.05 0.0 0.09 -0.09 0.1
550 28 110 55 26 -0.03 -0.05 0.01 0.1 -0.12 0.12
551 27 107 54 26 -0.03 -0.04 0.01 0.05 -0.11 0.08
552 26 106 55 23 -0.03 -0.03 0.01 0.04 -0.1 0.05
-100 -100 -100 -100 -100 -100 -100 -100 -100 -100 -100
553 25 105 55 26 -0.03 -0.02 0.01 0.03 -0.04 0.06
554 23 103 55 26 -0.03 -0.02 0.01 0.01 -0.05 0.08
555 23 103 56 26 -0.03 -0.02 0.01 0.03 -0.04 0.03
556 26 103 56 26 -0.02 -0.01 0.01 0.05 -0.01 0.07
557 27 102 56 26 -0.02 -0.01 0.0 0.03 -0.05 0.09
558 26 101 55 26 -0.01 0.0 -0.0 0.01 -0.04 0.02
559 26 100 54 25 -0.01 0.01 -0.0 0.0 -0.02 0.01
560 25 99 57 30 -0.0 0.0 -0.0 -0.02 -0.02 0.03
561 28 97 55 29 0.0 -0.01 -0.01 -0.02 -0.02 -0.02
562 26 97 57 28 -0.0 -0.01 -0.01 -0.02 -0.03 0.03
563 26 95 57 27 0.0 -0.04 -0.01 0.02 -0.06 0.03
564 25 93 55 26 0.0 -0.05 -0.0 0.02 -0.08 0.01
565 26 92 55 26 0.0 -0.05 -0.0 0.03 -0.08 0.05
566 24 89 53 25 0.0 -0.04 -0.01 0.03 -0.08 0.04
567 25 88 53 25 0.01 -0.04 -0.01 0.04 -0.09 0.06
568 29 88 53 25 0.01 -0.04 -0.01 0.0 -0.06 0.04
569 25 87 52 25 0.01 -0.04 -0.0 0.01 -0.07 0.01
570 24 87 52 25 0.02 -0.03 -0.0 0.0 -0.06 0.01
571 25 87 52 25 0.02 -0.04 -0.01 0.02 -0.03 0.08
572 23 84 51 24 0.01 -0.05 -0.01 -0.01 -0.01 0.04
573 24 84 51 26 0.01 -0.06 -0.0 0.02 -0.01 0.04
574 24 83 52 26 0.01 -0.06 -0.01 0.05 0.01 0.09
575 24 83 52 25 -0.0 -0.05 -0.0 0.06 -0.01 0.09
576 22 83 51 25 -0.0 -0.04 -0.01 0.07 0.0 0.1
577 23 83 52 25 -0.01 -0.03 -0.01 0.04 -0.04 0.1
578 24 82 52 26 -0.01 -0.03 -0.01 0.03 -0.05 0.07
579 23 81 51 25 -0.01 -0.02 -0.01 0.03 -0.05 0.04
580 24 79 50 25 -0.01 -0.02 -0.01 0.04 -0.04 0.06
581 24 80 51 26 -0.01 -0.01 -0.02 0.01 -0.08 0.02
582 23 80 51 25 -0.01 -0.01 -0.01 0.01 -0.05 0.01
583 23 79 50 25 -0.0 -0.02 -0.01 -0.01 -0.04 0.04
584 23 78 49 25 -0.01 -0.02 0.0 -0.01 -0.04 0.05
585 23 79 49 24 -0.01 -0.03 -0.0 0.01 -0.05 0.01
586 23 79 49 25 -0.01 -0.04 -0.0 0.0 -0.05 0.01
587 24 80 49 24 0.0 -0.04 -0.0 0.0 -0.03 0.05
588 23 80 49 25 0.0 -0.03 -0.01 -0.01 -0.02 0.02
589 24 81 50 24 0.01 -0.02 -0.01 -0.01 0.0 0.02
590 24 82 50 26 0.01 -0.01 -0.02 -0.01 0.01 0.02
591 24 85 51 25 0.01 -0.02 -0.03 -0.01 0.0 0.04
592 25 85 51 25 0.0 -0.03 -0.03 0.0 -0.04 0.06
593 25 84 50 24 -0.0 -0.04 -0.02 0.02 -0.05 0.05
594 24 83 51 24 -0.01 -0.04 -0.02 0.07 -0.08 0.04
595 24 83 50 24 -0.0 -0.04 -0.01 0.03 -0.1 0.05
596 24 84 50 24 -0.0 -0.04 -0.01 0.0 -0.08 0.03
597 23 84 50 24 0.0 -0.03 -0.01 0.0 -0.07 0.01
598 28 85 50 24 0.0 -0.03 -0.01 0.0 -0.05 0.02
599 26 85 51 24 0.0 -0.03 -0.01 -0.03 -0.05 0.01
600 25 85 50 24 0.0 -0.04 -0.01 -0.01 0.0 0.01
601 26 84 50 24 -0.0 -0.05 -0.01 0.02 0.0 0.02
602 25 83 50 24 -0.01 -0.06 -0.01 0.02 -0.01 0.06
603 25 84 49 25 -0.01 -0.06 -0.01 0.01 -0.01 0.01
604 24 83 49 24 -0.0 -0.05 -0.01 0.04 -0.01 0.06
605 24 83 49 24 -0.0 -0.05 -0.01 0.03 -0.06 0.1
606 24 83 49 24 -0.01 -0.05 -0.01 0.01 -0.03 0.07
607 26 83 50 24 -0.01 -0.05 -0.01 0.01 -0.03 0.04
608 26 83 48 24 -0.01 -0.04 -0.0 0.03 -0.06 0.04
609 25 84 49 24 -0.01 -0.03 -0.01 0.02 -0.04 0.0
610 26 87 49 24 -0.01 -0.03 -0.01 0.0 -0.02 0.03
611 26 88 49 24 -0.0 -0.02 -0.01 -0.01 -0.04 0.04
612 26 90 48 24 -0.0 -0.02 -0.01 -0.01 -0.04 0.03
613 25 91 49 24 -0.0 -0.02 -0.01 0.0 -0.08 0.03
614 26 94 50 26 0.0 -0.02 -0.01 0.0 -0.07 0.0
615 25 93 50 25 0.0 -0.02 -0.01 -0.01 -0.03 -0.01
616 24 94 50 25 -0.0 -0.02 -0.01 -0.02 -0.05 0.02
617 26 96 50 24 0.0 -0.02 -0.0 0.0 -0.03 0.05
618 27 94 50 24 -0.0 -0.02 -0.0 0.01 -0.02 0.02
619 25 93 49 25 -0.0 -0.02 -0.0 0.01 -0.02 0.03
620 27 92 49 24 0.0 -0.01 -0.01 0.0 -0.02 0.03
621 26 90 50 24 0.01 -0.02 -0.0 -0.01 -0.02 0.01
-200 -200 -200 -200 -200 -200 -200 -200 -200 -200 -200
622 27 91 51 24 0.0 -0.02 -0.0 0.0 -0.04 0.02
623 29 92 51 24 0.0 -0.01 -0.01 0.02 -0.02 0.0
624 28 90 52 24 0.0 -0.01 -0.0 0.0 -0.04 0.0
625 28 91 51 24 0.0 -0.01 -0.01 0.0 -0.05 0.05
626 28 92 53 24 0.01 -0.01 -0.0 0.0 -0.04 0.04
627 27 109 52 24 0.0 -0.0 -0.0 0.01 -0.01 0.0
628 27 126 53 24 0.01 0.0 -0.0 0.02 -0.03 0.06
629 28 133 53 24 0.0 -0.0 -0.01 0.0 -0.02 0.04
630 27 132 52 24 0.0 0.0 -0.0 -0.02 -0.01 0.01
631 32 154 52 25 -0.0 -0.01 -0.01 -0.03 0.06 0.03
632 28 154 52 25 -0.0 -0.01 -0.01 -0.05 0.06 0.06
633 26 158 52 22 -0.01 -0.03 -0.02 -0.09 -0.01 0.05
634 24 161 52 25 -0.01 -0.04 -0.02 -0.1 -0.04 0.13
635 24 175 52 24 -0.03 -0.04 -0.01 0.02 -0.1 0.11
636 24 176 52 28 -0.03 -0.01 -0.0 0.04 -0.08 0.06
637 28 179 53 27 -0.04 0.01 0.0 0.06 -0.12 0.28
638 31 189 53 28 -0.06 0.06 0.01 0.08 -0.14 0.34
639 30 193 53 28 -0.06 0.1 0.04 0.29 -0.04 0.37
640 57 211 52 27 -0.05 0.15 0.05 -0.03 -0.03 0.18
641 56 231 53 27 -0.01 0.31 0.1 -0.07 -0.03 0.07
642 68 316 53 28 0.1 0.42 0.16 -0.83 0.24 0.09
643 73 366 56 27 0.15 0.36 0.19 -1.92 0.44 0.68
644 78 397 55 28 0.19 -0.05 0.22 -2.08 0.36 1.17
645 70 420 55 29 0.24 -0.59 0.23 -2.08 0.56 1.21
646 70 378 56 30 0.25 -0.8 0.26 -4.32 -1.4 1.16
647 70 397 58 30 0.39 -1.15 0.33 -3.4 1.89 1.67
648 68 425 59 30 0.68 -2.05 0.56 -3.16 0.69 1.98
649 73 407 65 29 0.64 -2.24 0.66 -3.76 1.0 2.61
650 70 427 67 33 0.94 -2.92 0.89 -3.57 0.68 2.58
651 62 396 74 33 1.13 -4.01 1.04 -2.65 1.06 2.15
652 66 410 77 33 1.18 -4.53 1.12 -1.72 0.68 1.65
653 57 414 81 33 1.36 -5.27 1.22 -0.96 0.61 1.48
654 68 427 84 32 1.56 -5.11 1.32 0.43 0.58 0.79
655 68 435 94 36 1.65 -4.78 1.35 0.46 0.4 0.15
656 69 426 92 36 1.79 -3.89 1.37 0.37 0.2 -0.02
657 69 448 94 34 1.88 -3.28 1.3 0.1 -0.11 0.28
658 73 432 95 35 1.87 -3.09 1.26 0.37 -0.36 -0.64
659 116 418 95 34 1.82 -2.71 1.08 0.55 -0.37 -1.05
660 122 471 100 39 1.78 -2.45 1.03 1.33 -0.29 -1.74
661 111 481 102 43 1.73 -2.15 1.03 0.15 -0.97 -1.53
662 123 466 95 42 1.57 -1.52 0.97 -0.11 -0.88 -1.51
663 191 492 93 51 1.49 -1.6 0.94 0.09 -1.05 -1.5
664 218 539 108 48 1.44 -1.62 0.9 -0.26 -1.32 -1.99
665 235 522 112 44 1.34 -1.4 0.75 0.45 -1.01 -2.51
666 200 471 108 45 1.15 -1.03 0.68 0.0 -1.33 -2.1
667 177 470 104 44 1.08 -0.97 0.63 -0.05 -1.22 -1.31
668 144 422 98 40 0.97 -0.97 0.48 -0.29 -1.16 -1.38
669 222 414 98 49 0.84 -0.93 0.37 -0.11 -0.94 -2.17
670 233 429 108 60 0.79 -0.78 0.34 -0.13 -0.87 -2.43
671 199 393 108 57 0.67 -0.33 0.3 -0.18 -0.94 -2.35
672 235 371 107 58 0.55 0.08 0.26 -0.36 -0.91 -1.9
673 197 370 98 54 0.46 0.21 0.24 -0.3 -0.93 -1.51
674 166 362 97 55 0.28 0.3 0.17 -0.33 -0.84 -1.49
675 142 356 94 56 0.13 0.15 0.07 -0.07 -0.77 -1.5
676 120 348 94 57 0.08 0.05 0.04 0.23 -0.55 -1.5
677 106 334 95 63 -0.04 -0.01 0.01 0.23 -0.47 -1.39
678 122 348 90 63 -0.13 0.09 -0.02 0.17 -0.36 -1.04
679 104 348 89 59 -0.16 0.14 -0.03 0.04 -0.15 -0.81
680 97 330 91 65 -0.17 0.18 -0.05 -0.03 -0.08 -0.75
681 87 307 89 65 -0.16 0.14 -0.07 -0.14 0.07 -0.56
682 73 327 97 66 -0.15 0.14 -0.07 -0.15 0.11 -0.33
683 73 315 91 61 -0.12 0.17 -0.05 -0.26 0.14 -0.02
684 83 374 90 78 -0.12 0.15 -0.03 -0.24 0.22 -0.04
685 138 345 89 73 -0.12 0.12 -0.02 -0.16 0.31 -0.45
686 119 337 88 68 -0.08 0.15 0.01 -0.26 0.41 -0.68
687 106 313 90 72 -0.09 0.21 0.06 -0.18 0.54 -0.74
688 93 292 91 70 -0.11 0.26 0.09 -0.16 0.56 -0.3
689 83 292 93 68 -0.13 0.23 0.12 -0.15 0.56 -0.17
690 79 316 96 62 -0.15 0.1 0.13 -0.13 0.46 -0.27
691 76 293 92 62 -0.16 0.03 0.13 0.08 0.44 -0.34
692 71 275 87 70 -0.15 0.0 0.13 0.08 0.44 -0.43
693 85 263 97 65 -0.15 -0.01 0.13 0.19 0.33 -0.29
694 81 283 108 65 -0.12 -0.01 0.11 0.16 0.25 -0.16
695 73 264 102 59 -0.09 -0.0 0.08 0.04 0.2 0.02
696 70 284 95 58 -0.07 0.05 0.05 0.07 0.21 -0.06
697 106 321 89 60 -0.08 0.09 0.04 0.03 0.24 -0.18
698 98 321 88 57 -0.07 0.11 0.04 0.05 0.3 -0.24
699 92 309 86 55 -0.06 0.09 0.04 0.09 0.22 -0.33
700 79 295 91 52 -0.04 0.07 0.04 0.01 0.18 -0.21
701 77 289 87 49 -0.01 0.06 0.03 0.01 0.23 -0.17
702 88 311 89 44 -0.01 0.1 0.03 0.0 0.23 -0.19
703 87 325 83 40 -0.02 0.1 0.03 0.0 0.29 -0.15
704 88 335 81 37 -0.03 0.07 0.03 0.07 0.28 -0.17
705 96 323 87 39 -0.03 0.0 0.02 0.09 0.22 -0.15
706 79 301 84 36 -0.02 -0.02 0.02 0.03 0.15 -0.05
707 73 300 80 34 -0.0 -0.02 0.01 0.02 0.13 -0.03
708 67 275 77 33 0.03 -0.03 -0.01 0.0 0.13 -0.07
709 59 257 75 32 0.05 -0.04 -0.03 0.0 0.18 -0.09
710 60 251 77 32 0.05 -0.02 -0.05 0.1 0.17 -0.1
711 76 250 79 33 0.03 0.02 -0.05 0.11 0.23 -0.22
712 67 247 79 32 0.01 0.03 -0.06 0.0 0.19 -0.3
713 68 276 79 31 -0.01 0.05 -0.04 -0.03 0.16 -0.44
714 62 277 82 30 0.0 0.01 -0.04 0.0 0.1 -0.49
715 62 256 77 29 0.01 -0.01 -0.03 -0.04 0.08 -0.33
716 63 261 86 32 0.02 -0.03 -0.03 -0.14 0.1 -0.33
717 58 269 83 31 0.0 -0.02 -0.02 -0.1 0.14 -0.37
718 59 266 85 30 -0.0 -0.02 -0.02 -0.12 0.17 -0.33
719 66 294 79 28 -0.02 0.01 -0.03 -0.16 0.19 -0.33
720 67 288 81 28 -0.02 0.02 -0.03 -0.09 0.19 -0.44
721 80 281 76 28 -0.02 0.02 -0.03 0.0 0.17 -0.32
722 85 276 77 30 -0.02 0.03 -0.02 -0.02 0.11 -0.3
723 75 275 81 31 -0.01 0.02 -0.02 -0.02 0.12 -0.28
724 71 264 85 30 -0.0 0.02 -0.01 -0.01 0.11 -0.23
725 78 250 82 30 0.0 0.02 -0.01 -0.08 0.16 -0.17
726 72 255 82 29 0.01 0.0 -0.01 -0.07 0.18 -0.2
727 70 257 86 28 0.01 0.0 -0.01 -0.1 0.16 -0.21
728 61 235 82 28 0.02 -0.0 -0.01 -0.07 0.16 -0.31
729 55 250 81 27 0.01 -0.0 0.0 0.02 0.14 -0.32
730 57 251 79 26 -0.01 0.0 0.01 0.0 0.11 -0.26
731 57 254 74 31 -0.03 -0.0 0.02 -0.01 0.08 -0.29
732 52 230 72 30 -0.03 -0.03 0.02 0.0 0.12 -0.33
733 55 204 66 29 -0.03 -0.02 0.02 0.02 0.11 -0.29
734 53 216 70 28 -0.04 0.0 0.01 0.06 0.03 -0.28
735 66 200 68 27 -0.03 0.02 0.0 0.15 0.01 -0.23
736 66 250 72 27 -0.03 0.03 -0.0 0.12 -0.02 -0.24
737 64 266 70 27 -0.02 0.03 -0.02 0.12 -0.04 -0.28
738 62 259 69 25 -0.02 0.04 -0.04 0.02 0.08 -0.36
739 59 227 72 26 -0.03 0.06 -0.04 0.0 0.1 -0.27
740 52 250 68 26 -0.04 0.05 -0.04 -0.02 0.03 -0.12
741 45 238 70 26 -0.04 -0.0 -0.04 -0.04 0.03 -0.22
742 45 244 71 28 -0.05 -0.0 -0.04 -0.09 0.01 -0.31
743 45 250 69 27 -0.07 0.01 -0.03 -0.13 0.11 -0.27
744 47 287 70 26 -0.08 0.03 -0.01 -0.18 0.12 -0.35
745 59 300 69 26 -0.08 0.02 -0.01 -0.15 0.06 -0.26
746 75 297 67 26 -0.06 -0.02 -0.0 -0.12 0.04 -0.27
747 78 278 65 26 -0.03 -0.02 -0.01 -0.08 -0.09 -0.36
748 80 245 64 26 -0.01 -0.01 -0.02 -0.07 -0.13 -0.37
749 96 236 63 25 0.01 0.02 -0.04 -0.07 -0.24 -0.36
750 110 225 62 24 0.02 0.05 -0.07 -0.06 -0.48 -0.66
751 113 196 62 24 0.04 0.07 -0.1 0.04 -0.61 -0.84
752 102 174 61 24 0.03 0.26 -0.15 0.07 -1.23 -1.67
753 105 154 61 24 0.05 0.7 -0.18 0.18 -1.37 -2.21
754 111 139 61 24 0.05 0.97 -0.21 0.22 -1.32 -2.34
755 111 133 60 24 0.04 1.59 -0.29 0.01 -1.2 -2.47
756 118 128 57 24 -0.12 2.1 -0.39 0.0 -1.12 -1.99
757 113 126 57 24 -0.24 2.19 -0.45 -0.01 -1.29 -1.17
758 99 121 55 24 -0.5 2.14 -0.6 0.43 -1.27 -0.38
759 109 145 56 24 -0.75 2.02 -0.77 0.84 -0.74 -0.19
760 114 144 56 24 -0.92 2.02 -0.84 0.98 -0.54 -0.21
761 112 140 55 24 -1.1 2.12 -1.0 0.56 -0.17 -0.63
762 106 153 55 23 -1.42 2.07 -1.12 0.35 -0.1 -0.52
763 110 174 55 24 -1.55 2.03 -1.16 0.4 -0.08 -0.36
764 109 190 55 24 -1.64 1.98 -1.22 0.89 -0.05 -0.5
765 106 197 54 24 -1.59 1.9 -1.29 0.63 -0.09 -0.95
766 92 190 55 27 -1.5 1.84 -1.32 0.23 -0.33 -1.39
767 94 170 56 26 -1.31 1.82 -1.28 0.25 -0.25 -2.0
768 92 155 55 26 -1.19 1.82 -1.25 -0.62 -0.1 -1.3
769 92 152 55 26 -1.19 1.75 -1.23 -0.68 -0.11 -0.69
770 95 144 55 25 -1.16 1.48 -1.2 -0.74 0.06 0.37
771 91 158 54 25 -1.18 1.36 -1.21 -0.61 -0.04 1.01
772 117 169 55 24 -1.22 1.42 -1.2 -0.47 0.12 1.2
773 103 164 55 24 -1.29 1.69 -1.16 0.13 0.17 1.05
774 92 173 58 25 -1.25 1.98 -1.05 0.0 -0.02 0.39
775 95 165 57 24 -1.09 2.01 -1.08 -0.48 0.51 0.22
776 95 152 56 24 -0.96 1.92 -1.07 -0.95 0.52 0.63
777 87 161 59 24 -0.84 1.56 -1.06 -1.1 0.66 1.26
778 82 152 59 24 -0.85 1.39 -0.97 -1.19 0.56 1.49
779 74 148 56 24 -0.76 1.25 -0.98 -0.64 0.68 1.62
780 89 157 55 24 -0.68 1.24 -0.9 -0.47 0.87 1.3
781 92 163 60 24 -0.71 1.26 -0.79 -0.04 0.39 1.23
782 79 147 58 24 -0.7 1.4 -0.91 0.03 0.25 0.66
783 78 151 57 24 -0.48 1.25 -0.74 0.28 0.02 0.43
784 67 145 60 23 -0.51 1.17 -0.75 0.24 0.53 0.29
785 71 146 55 23 -0.49 1.02 -0.71 -1.47 -0.79 -0.32
786 66 143 56 24 0.08 -0.39 -0.24 -10.24 0.67 1.77
787 65 130 56 23 0.25 -1.97 0.17 -1.55 -0.35 0.4
788 68 122 63 23 0.25 -0.57 0.1 2.11 -0.26 0.18
789 58 112 60 23 0.15 0.5 -0.0 -0.26 0.07 0.67
790 67 119 60 23 0.13 0.38 0.0 -0.23 0.2 0.29
791 61 113 58 24 0.08 -0.04 0.04 0.38 -0.02 0.09
792 69 109 56 25 0.08 -0.17 -0.04 -0.03 0.21 0.25
793 59 113 56 25 -0.03 -0.29 -0.0 0.08 0.09 0.26
794 52 118 55 24 -0.05 -0.41 0.06 0.07 0.03 0.14
795 49 110 54 23 -0.01 -0.33 0.03 0.0 0.12 0.16
796 58 104 54 24 -0.02 -0.23 0.01 0.05 0.08 0.28
797 51 102 53 24 -0.03 -0.05 0.04 -0.12 0.2 0.21
798 58 98 52 24 -0.03 0.0 0.01 0.22 0.03 0.25
799 54 97 54 25 0.01 -0.0 0.02 0.33 0.07 0.21
800 53 95 53 24 0.06 0.01 0.02 0.2 0.04 0.21
801 53 94 53 24 0.05 0.06 0.02 0.07 0.0 0.18
802 50 92 54 24 0.04 0.08 0.01 0.02 0.01 0.21
803 45 91 53 24 0.03 0.11 0.01 0.02 -0.01 0.02
804 46 89 52 25 0.05 0.08 0.01 0.0 -0.02 -0.09
805 46 90 52 24 0.06 0.06 0.02 -0.05 0.04 -0.01
806 42 86 52 24 0.06 0.01 0.01 -0.09 0.06 0.01
807 42 85 52 24 0.04 -0.05 0.01 0.0 0.07 0.04
808 40 84 53 25 0.04 -0.08 0.01 -0.01 0.04 0.05
809 38 84 52 25 0.03 -0.13 0.0 0.0 0.09 0.09
810 35 84 52 25 0.02 -0.13 0.0 0.11 0.05 0.14
811 36 85 52 25 0.02 -0.13 0.01 0.12 0.04 0.19
812 33 84 51 25 0.01 -0.07 0.01 0.18 0.03 0.23
813 33 84 51 25 0.01 -0.02 0.01 0.24 0.06 0.24
814 37 85 53 28 0.01 -0.0 0.01 0.19 0.01 0.18
815 35 85 54 29 -0.0 0.02 0.01 0.13 0.07 0.16
816 40 84 53 27 -0.01 0.02 0.01 0.03 0.06 0.12
817 38 85 55 27 -0.01 0.02 0.01 0.0 0.06 0.1
818 37 85 55 26 -0.01 0.0 0.0 0.0 0.04 0.02
819 45 85 54 26 -0.01 -0.01 -0.0 0.0 0.04 0.01
-100 -100 -100 -100 -100 -100 -100 -100 -100 -100 -100
820 45 86 54 26 -0.01 -0.02 -0.01 0.0 0.09 0.03
821 40 85 52 26 -0.02 -0.05 -0.0 0.08 0.07 0.07
822 38 85 54 30 -0.02 -0.05 0.0 0.06 0.07 0.07
823 41 88 54 29 -0.02 -0.07 0.0 0.08 0.09 0.1
824 43 87 53 28 -0.02 -0.09 -0.0 0.11 0.06 0.07
825 47 84 52 28 -0.02 -0.08 -0.01 0.06 0.05 0.09
826 46 85 53 29 -0.01 -0.07 -0.01 0.08 0.07 0.09
827 41 85 52 28 0.0 -0.03 -0.02 0.04 0.11 0.08
828 43 85 53 33 0.01 -0.03 -0.02 0.06 0.1 0.06
829 46 85 54 31 0.0 -0.04 -0.03 0.06 0.1 0.11
830 40 84 53 29 -0.0 -0.05 -0.02 0.06 0.03 0.1
831 40 82 53 29 -0.01 -0.05 -0.03 0.05 0.0 0.05
832 37 82 53 29 -0.01 -0.07 -0.02 0.07 -0.01 0.06
833 36 83 53 29 -0.02 -0.08 -0.02 0.06 -0.01 0.07
834 34 83 53 29 -0.01 -0.07 -0.01 0.07 0.02 0.04
835 37 85 55 31 0.0 -0.05 -0.02 0.07 0.0 0.11
836 35 85 56 30 0.0 -0.04 -0.02 0.07 0.02 0.09
837 32 83 55 29 0.01 -0.03 -0.02 0.06 0.05 0.08
838 32 83 55 29 0.02 -0.03 -0.01 0.07 0.09 0.11
839 30 83 55 28 0.02 -0.03 -0.02 0.03 0.09 0.08
840 28 85 55 27 0.02 -0.03 -0.02 0.05 0.07 0.06
841 29 85 55 27 0.02 -0.03 -0.02 0.04 0.1 0.07
842 29 84 55 27 0.01 -0.03 -0.02 0.04 0.09 0.14
843 34 86 54 29 0.0 -0.04 -0.02 0.08 0.08 0.13
844 44 87 54 28 -0.01 -0.05 -0.01 0.1 0.07 0.12
845 44 88 54 28 -0.02 -0.06 -0.01 0.05 0.06 0.11
846 41 89 52 27 -0.03 -0.06 -0.02 0.07 0.05 0.08
847 37 88 53 27 -0.03 -0.05 -0.02 0.06 0.05 0.08
848 35 88 52 26 -0.03 -0.04 -0.02 0.1 0.06 0.09
849 31 88 52 30 -0.03 -0.03 -0.01 0.06 0.02 0.05
850 30 87 52 30 -0.03 -0.02 -0.02 0.07 0.03 0.04
851 28 86 51 28 -0.02 -0.03 -0.01 0.07 0.04 0.09
852 27 86 51 28 -0.02 -0.03 -0.01 0.04 0.1 0.08
853 26 86 52 27 -0.03 -0.03 -0.01 0.05 0.13 0.12
854 25 85 51 27 -0.03 -0.03 -0.01 0.06 0.13 0.11
855 27 87 51 28 -0.03 -0.03 -0.01 0.05 0.12 0.09
856 39 87 52 27 -0.04 -0.02 -0.02 0.05 0.11 0.06
857 38 86 52 28 -0.03 -0.01 -0.03 0.07 0.03 0.08
858 35 86 51 27 -0.03 -0.0 -0.02 0.07 -0.05 0.0
859 36 87 52 27 -0.02 0.0 -0.02 0.06 -0.05 0.04
860 33 86 51 27 -0.02 0.01 -0.02 0.01 -0.02 0.02
861 31 86 51 26 -0.02 0.0 -0.01 0.05 0.0 0.0
862 38 87 51 28 -0.01 -0.01 -0.0 0.03 0.03 0.02
863 40 87 52 28 -0.02 -0.01 -0.0 0.01 0.04 0.05
864 37 86 51 28 -0.02 -0.02 -0.0 0.05 0.12 0.01
865 38 88 51 28 -0.02 -0.02 -0.0 0.01 0.1 0.05
866 37 86 51 27 -0.02 -0.02 -0.01 0.05 0.1 0.07
867 34 84 50 27 -0.02 -0.02 -0.0 0.07 0.07 0.06
868 40 84 51 27 -0.01 -0.01 -0.01 0.04 0.03 0.09
869 37 84 52 29 -0.0 -0.0 -0.01 0.04 0.05 0.03
870 35 83 51 29 -0.01 -0.0 -0.01 0.0 0.08 0.0
871 36 87 52 29 0.0 0.0 -0.01 0.01 0.08 0.0
872 32 86 52 28 -0.01 -0.0 -0.01 -0.01 0.12 0.08
873 40 84 51 27 -0.01 -0.0 -0.01 0.04 0.13 0.03
874 43 84 51 27 -0.02 -0.01 -0.01 0.05 0.07 0.07
875 43 84 52 27 -0.02 -0.01 -0.01 0.06 0.04 0.09
876 39 83 52 27 -0.02 -0.0 -0.01 0.07 0.02 0.02
877 38 84 52 27 -0.02 0.0 -0.0 0.06 0.02 0.05
878 37 87 53 26 -0.02 0.0 0.0 0.0 0.01 0.04
879 34 86 53 26 -0.02 0.0 0.0 0.0 0.05 -0.01
880 33 85 52 26 -0.01 -0.0 0.0 -0.02 0.06 0.0
881 33 86 53 26 -0.01 -0.02 0.0 0.0 0.09 0.02
882 31 85 53 26 -0.01 -0.02 0.0 0.05 0.07 0.01
883 32 88 55 26 -0.01 -0.02 -0.0 0.06 0.05 0.09
884 33 89 54 25 -0.01 -0.01 0.0 0.05 0.06 0.1
885 33 88 55 26 -0.01 0.0 0.0 0.04 0.08 0.06
886 43 89 55 26 -0.01 0.01 0.0 0.05 0.08 0.04
887 42 89 55 25 -0.0 0.01 0.0 0.05 0.06 0.02
888 40 89 56 25 -0.0 0.01 0.0 0.02 0.09 0.07
889 40 89 56 25 -0.01 -0.0 0.0 0.05 0.09 0.06
890 45 93 56 24 -0.01 0.0 0.0 0.05 0.09 0.05
891 43 90 56 24 -0.01 0.0 0.0 0.03 0.05 0.02
892 47 91 56 25 -0.01 0.01 0.0 0.04 0.05 0.03
893 47 91 57 24 -0.01 0.01 0.0 -0.01 0.06 0.01
894 44 89 56 24 -0.0 0.01 0.0 -0.01 0.05 0.0
-200 -200 -200 -200 -200 -200 -200 -200 -200 -200 -200
895 39 86 57 25 -0.0 -0.01 0.0 -0.01 0.03 0.0
896 40 86 56 25 0.0 -0.01 0.0 0.01 0.03 0.03
897 38 86 57 24 0.0 -0.01 0.0 0.05 0.08 0.04
898 42 93 57 24 0.0 -0.01 0.0 0.05 0.05 0.02
899 42 105 59 25 0.0 -0.0 0.0 0.03 0.11 0.05
900 42 126 58 26 0.01 -0.01 0.0 0.05 0.13 0.06
901 46 216 59 31 0.0 -0.01 0.0 0.05 0.12 0.08
902 43 238 58 31 0.0 -0.02 0.01 0.1 0.12 0.22
903 42 278 59 41 0.04 -0.05 0.01 -0.11 0.09 0.01
904 43 276 56 37 0.16 -0.15 0.01 -0.31 0.19 -0.21
905 42 282 59 41 0.27 -0.25 0.04 -0.4 0.3 -0.22
906 43 341 59 37 0.29 -0.32 0.06 -0.3 0.36 0.53
907 45 364 58 34 0.23 -0.4 0.12 -0.45 0.27 0.58
908 41 424 59 36 0.28 -0.55 0.2 -1.46 0.39 1.13
909 47 380 59 37 0.28 -0.77 0.24 -1.73 0.24 1.51
910 46 414 58 36 0.29 -1.22 0.34 -1.77 0.35 1.63
911 44 410 57 34 0.33 -1.63 0.5 -1.49 0.34 1.76
912 44 391 62 32 0.37 -1.73 0.57 -2.15 1.04 2.44
913 46 353 68 30 0.97 -2.34 0.58 -1.74 0.68 2.04
914 42 371 71 28 1.13 -2.26 0.75 -0.99 0.87 1.98
915 41 376 70 27 1.22 -2.11 0.8 -0.26 0.97 1.83
916 36 352 71 27 1.31 -1.74 0.84 -0.36 0.95 1.71
917 36 333 70 27 1.26 -1.41 0.88 -0.56 0.63 1.38
918 37 323 73 26 1.25 -1.45 0.89 -0.7 0.34 0.97
919 50 312 74 26 1.25 -1.76 0.91 -0.38 0.19 0.78
920 55 338 75 24 1.31 -2.05 0.92 -0.45 0.26 0.03
921 46 333 73 25 1.31 -2.15 0.91 -0.56 0.09 -0.28
922 42 389 81 29 1.31 -2.21 0.89 0.01 0.08 -0.45
923 40 366 90 26 1.24 -2.11 0.9 0.01 -0.14 -0.13
924 37 389 84 25 1.21 -2.06 0.9 0.13 -0.15 -0.05
925 39 385 84 25 1.2 -1.9 0.89 0.06 -0.12 -0.05
926 46 386 86 25 1.12 -1.8 0.89 0.2 -0.19 -0.41
927 49 400 88 24 1.07 -1.72 0.9 0.03 -0.33 -0.68
928 43 384 89 24 1.03 -1.48 0.87 -0.24 -0.38 -0.89
929 39 372 94 24 1.03 -1.27 0.81 -0.42 -0.36 -1.04
930 39 361 89 24 1.0 -1.18 0.8 0.17 -0.39 -0.98
931 46 347 84 31 0.9 -0.91 0.79 0.18 -0.43 -1.11
932 43 345 83 32 0.77 -0.73 0.79 0.3 -0.49 -1.46
933 45 362 79 30 0.74 -0.75 0.78 0.4 -0.39 -1.88
934 42 354 85 29 0.72 -0.83 0.76 0.29 -0.4 -1.9
935 48 322 93 27 0.71 -0.81 0.78 -0.08 -0.53 -1.72
936 46 340 87 27 0.73 -0.77 0.78 -0.34 -0.59 -0.82
937 40 316 80 26 0.74 -0.76 0.71 -0.48 -0.61 -0.65
938 38 295 82 29 0.65 -0.69 0.63 -0.18 -0.4 -0.91
939 37 306 82 26 0.56 -0.61 0.58 -0.12 -0.35 -1.16
940 37 304 95 27 0.4 -0.38 0.49 0.29 -0.3 -1.08
941 39 314 92 32 0.29 -0.12 0.42 0.05 -0.32 -0.98
942 41 295 91 30 0.25 -0.05 0.38 0.26 -0.14 -1.06
943 39 280 84 29 0.17 -0.05 0.28 0.37 -0.1 -1.06
944 39 283 90 29 0.12 -0.08 0.24 0.27 -0.03 -1.19
945 42 314 93 31 0.1 -0.1 0.22 0.03 0.04 -1.24
946 40 312 94 30 0.07 -0.1 0.17 0.05 0.07 -1.13
947 43 296 87 32 0.03 -0.06 0.13 0.05 0.09 -0.83
948 44 300 81 30 0.0 -0.03 0.12 -0.21 0.0 -0.66
949 37 286 84 31 -0.04 0.01 0.1 -0.24 0.02 -0.6
950 37 275 87 29 -0.09 0.02 0.08 -0.47 0.03 -0.64
951 34 250 86 28 -0.1 -0.02 0.07 -0.37 0.02 -0.59
952 40 244 85 29 -0.1 -0.07 0.06 -0.36 0.05 -0.54
953 39 233 85 28 -0.1 -0.07 0.07 -0.24 0.13 -0.5
954 35 232 84 27 -0.1 -0.04 0.07 -0.17 0.13 -0.25
955 31 229 81 28 -0.08 0.03 0.08 -0.19 0.13 -0.2
956 35 237 81 28 -0.07 0.05 0.07 -0.08 0.19 -0.26
957 33 225 76 27 -0.06 0.04 0.06 0.08 0.35 -0.34
958 32 217 72 28 -0.06 0.03 0.07 -0.03 0.29 -0.29
959 29 215 77 27 -0.05 0.03 0.06 -0.04 0.26 -0.1
960 32 210 77 26 -0.05 0.02 0.05 -0.09 0.28 -0.07
961 35 222 77 26 -0.04 0.03 0.04 -0.13 0.19 -0.1
962 33 240 75 25 -0.04 0.07 0.04 -0.09 0.13 -0.11
963 30 234 71 26 -0.04 0.08 0.03 -0.03 0.15 -0.12
964 30 220 83 25 -0.04 0.04 0.03 -0.09 0.11 -0.16
965 30 205 85 25 -0.03 0.02 0.02 -0.01 0.1 -0.14
966 28 229 80 25 -0.03 0.02 0.02 -0.1 0.09 -0.08
967 28 243 78 25 -0.03 0.05 0.01 -0.03 0.08 -0.08
968 27 229 80 25 -0.03 0.02 0.01 0.0 0.13 -0.18
969 25 230 76 25 -0.03 0.01 0.01 0.0 0.1 -0.17
970 28 245 72 24 -0.04 0.0 -0.0 0.15 0.15 -0.16
971 34 228 72 25 -0.04 0.03 -0.01 0.12 0.19 -0.21
972 32 265 77 26 -0.04 0.06 -0.01 0.04 0.11 -0.02
973 31 257 76 26 -0.03 0.04 -0.04 0.11 0.21 -0.02
974 33 249 82 25 -0.02 0.01 -0.05 -0.03 0.21 -0.03
975 31 252 80 25 -0.0 0.0 -0.05 -0.04 0.23 -0.09
976 29 220 74 24 -0.0 0.02 -0.05 -0.05 0.21 -0.02
977 26 199 73 24 0.01 0.02 -0.04 -0.16 0.17 0.06
978 29 238 68 24 0.01 0.01 -0.03 -0.11 0.15 -0.02
979 36 242 72 24 0.02 0.01 -0.02 -0.21 0.18 -0.09
980 34 237 74 26 0.03 0.01 -0.02 -0.11 0.19 -0.13
981 33 225 78 27 0.03 0.01 -0.02 -0.15 0.26 -0.27
982 31 224 83 27 0.03 0.03 -0.01 -0.13 0.26 -0.32
983 31 257 78 27 0.02 0.0 -0.0 -0.08 0.2 -0.23
984 38 243 76 27 0.01 0.0 0.01 -0.16 0.1 -0.1
985 37 227 73 27 0.0 0.01 0.02 -0.17 0.09 -0.15
986 42 236 74 25 0.01 -0.01 0.01 -0.04 0.15 -0.22
987 38 229 78 25 0.02 -0.02 0.01 0.02 0.16 -0.27
988 35 209 73 27 0.02 -0.01 0.01 0.02 0.19 -0.26
989 35 204 78 26 -0.0 0.01 0.01 0.0 0.18 -0.13
990 31 222 72 26 -0.01 0.0 0.0 -0.05 0.15 -0.17
991 30 251 69 26 -0.02 0.01 -0.0 -0.12 0.14 -0.2
992 30 242 67 26 -0.01 -0.0 -0.01 -0.07 0.11 -0.23
993 27 246 72 26 -0.01 -0.0 -0.01 -0.14 0.14 -0.17
994 25 225 70 28 -0.01 0.01 -0.01 -0.18 0.12 -0.1
995 33 238 67 28 -0.02 0.03 -0.01 -0.16 0.08 -0.03
996 32 239 71 27 -0.03 0.03 0.0 -0.02 0.11 -0.04
997 31 241 73 28 -0.03 -0.0 0.01 -0.12 0.07 -0.11
998 31 258 73 28 -0.02 -0.02 0.01 0.02 0.11 -0.12
999 30 262 73 29 -0.02 -0.0 0.01 0.03 0.16 -0.14
1000 33 266 84 29 -0.02 0.03 -0.0 0.03 0.14 -0.01
1001 31 246 78 29 -0.02 0.0 -0.01 -0.08 0.13 -0.06
1002 29 248 74 29 -0.02 0.0 -0.02 -0.05 0.13 -0.17
1003 33 223 73 28 -0.02 -0.01 -0.02 -0.05 0.13 -0.16
1004 31 213 74 31 -0.02 -0.01 -0.02 -0.05 0.15 -0.06
1005 33 247 74 30 -0.02 -0.0 -0.01 -0.02 0.18 -0.04
1006 31 280 71 29 -0.02 0.0 0.0 -0.11 0.16 -0.01
1007 28 276 73 28 -0.02 0.0 0.01 -0.14 0.16 -0.1
1008 26 279 74 27 -0.02 0.0 0.01 -0.09 0.13 -0.1
1009 31 276 69 28 -0.02 -0.01 0.01 -0.03 0.1 -0.13
1010 31 260 68 26 -0.01 -0.03 0.0 -0.07 0.08 -0.12
1011 35 243 69 27 -0.01 -0.01 0.0 -0.06 0.12 -0.1
1012 32 248 74 29 0.0 -0.0 0.0 -0.04 0.11 -0.05
1013 31 261 73 28 0.0 0.0 0.0 -0.09 0.12 -0.01
1014 27 243 70 29 0.0 0.0 -0.0 -0.05 0.12 -0.13
1015 32 243 67 29 0.0 0.01 0.01 -0.09 0.15 -0.21
1016 29 259 68 28 -0.0 -0.0 0.01 0.0 0.15 -0.17
1017 33 246 64 27 -0.01 -0.01 0.01 0.0 0.16 -0.2
1018 32 227 64 27 -0.01 -0.03 0.01 0.0 0.15 -0.17
1019 32 228 61 26 -0.02 -0.01 0.01 0.05 0.08 -0.21
1020 30 244 59 25 -0.04 -0.01 0.01 0.08 0.06 -0.2
1021 26 238 58 25 -0.05 -0.04 -0.01 0.17 0.01 -0.36
1022 25 226 57 25 -0.06 -0.03 -0.02 0.08 -0.03 -0.33
1023 34 219 55 25 -0.07 -0.02 -0.03 0.08 -0.11 -0.41
1024 32 219 57 24 -0.08 0.01 -0.05 0.09 -0.18 -0.47
1025 29 189 56 25 -0.1 0.11 -0.06 0.03 -0.32 -0.51
1026 30 180 55 24 -0.1 0.13 -0.08 0.0 -0.4 -0.57
1027 30 159 55 24 -0.11 0.11 -0.11 0.0 -0.58 -0.78
1028 33 167 54 24 -0.13 0.16 -0.15 -0.02 -0.88 -1.29
1029 45 150 54 24 -0.15 0.22 -0.16 0.0 -1.0 -1.51
1030 70 154 53 25 -0.22 0.49 -0.17 0.03 -1.12 -2.21
1031 86 159 54 24 -0.31 0.96 -0.19 -0.07 -1.19 -2.52
1032 80 153 60 24 -0.39 1.21 -0.2 -0.34 -1.28 -2.41
1033 74 162 72 24 -0.59 1.6 -0.29 -0.39 -1.33 -1.84
1034 117 171 83 24 -0.86 1.53 -0.42 -0.08 -1.46 -0.65
1035 119 180 86 24 -0.98 1.41 -0.5 0.02 -1.38 -0.48
1036 104 180 79 24 -1.26 1.19 -0.65 0.04 -1.08 -0.68
1037 115 169 73 25 -1.53 1.01 -0.75 0.17 -0.56 -1.22
1038 115 164 71 24 -1.65 1.0 -0.79 0.32 -0.47 -1.43
1039 115 206 67 25 -1.8 1.22 -0.87 0.36 -0.41 -1.46
1040 118 194 64 24 -1.89 1.53 -0.91 0.66 -0.4 -0.98
1041 116 210 61 24 -1.89 1.7 -0.93 0.75 -0.47 -0.8
1042 103 216 62 28 -1.84 1.96 -0.96 0.36 -0.22 -0.05
1043 101 217 61 27 -1.71 2.17 -1.05 0.53 -0.06 0.2
1044 91 215 59 28 -1.66 2.29 -1.1 0.48 -0.02 0.08
1045 83 201 67 27 -1.52 2.55 -1.18 0.24 -0.09 -0.13
1046 86 197 66 25 -1.3 2.8 -1.24 0.1 -0.02 -0.25
1047 86 182 66 25 -1.24 2.88 -1.26 0.02 0.0 -0.04
1048 96 201 66 25 -1.11 2.86 -1.28 -1.31 -0.6 0.58
1049 84 180 63 24 -0.92 2.66 -1.19 -0.79 0.2 1.05
1050 75 172 62 26 -0.82 2.53 -1.26 -1.02 -0.06 1.16
1051 67 174 60 27 -0.73 2.24 -1.33 -1.29 -0.5 1.2
1052 62 176 59 31 -0.63 1.98 -1.22 -0.07 -0.01 0.97
1053 70 167 59 29 -0.57 2.04 -1.21 -0.83 -0.95 0.12
1054 65 161 65 28 -0.15 2.29 -1.09 -0.39 0.7 -0.22
1055 58 146 62 27 -0.17 2.47 -0.83 -0.99 0.19 0.55
1056 50 136 64 26 -0.17 2.47 -0.83 -4.89 -1.42 3.86
1057 51 130 65 26 0.58 0.53 -0.47 1.99 0.42 0.84
1058 56 123 68 26 0.52 0.51 0.1 0.58 -0.12 -0.95
1059 54 116 72 25 0.52 0.51 0.1 0.16 0.25 -1.21
1060 61 121 70 25 0.61 1.64 -0.0 0.2 0.23 0.6
1061 54 125 67 24 0.19 1.03 -0.14 -0.54 0.48 1.09
1062 47 117 65 24 0.19 1.03 -0.14 -0.24 0.35 -0.31
1063 46 115 64 24 -0.02 0.04 -0.13 -0.64 0.08 -0.61
1064 45 108 61 24 -0.07 -0.47 -0.08 -0.11 -0.03 -0.38
1065 42 105 62 23 -0.07 -0.47 -0.08 -0.23 -0.23 -0.26
1066 52 98 62 24 -0.02 -0.49 -0.05 -0.07 -0.24 0.04
1067 46 101 61 23 -0.05 -0.36 -0.01 0.39 -0.28 0.32
1068 45 115 62 23 -0.06 -0.31 0.01 0.38 -0.31 0.26
1069 51 119 61 23 -0.02 -0.24 0.03 0.4 -0.3 0.2
1070 46 114 62 24 0.03 -0.21 0.04 0.35 -0.27 0.23
1071 40 114 62 24 0.03 -0.18 0.05 0.32 -0.21 0.29
1072 41 125 61 22 0.02 -0.07 0.05 0.16 -0.19 0.21
1073 40 119 60 23 0.05 0.01 0.05 0.12 -0.18 0.1
1074 40 111 58 24 0.07 0.02 0.06 0.04 -0.16 0.12
1075 35 107 57 24 0.08 -0.0 0.06 -0.06 -0.1 0.1
1076 33 101 56 23 0.07 -0.04 0.06 -0.01 0.0 0.07
1077 32 96 56 23 0.06 -0.07 0.05 -0.05 0.04 0.04
1078 30 92 56 23 0.05 -0.12 0.04 -0.06 0.02 0.05
1079 37 104 55 23 0.03 -0.15 0.04 0.0 0.01 0.09
1080 39 102 55 23 0.03 -0.14 0.04 0.0 0.01 0.09
1081 45 99 55 23 0.04 -0.11 0.02 0.14 0.01 0.21
1082 43 96 55 24 0.03 -0.09 0.02 0.2 0.0 0.21
1083 44 94 54 24 0.04 -0.06 0.01 0.16 0.0 0.23
1084 39 93 56 23 0.03 -0.02 0.0 0.18 -0.01 0.19
1085 41 90 55 24 0.03 0.01 -0.01 0.1 -0.04 0.17
1086 40 87 55 24 0.02 0.01 -0.01 0.08 -0.05 0.17
1087 38 87 55 24 0.02 0.01 0.0 0.01 -0.1 0.07
1088 35 85 54 24 0.01 -0.01 0.0 0.01 -0.11 0.08
1089 36 88 54 24 0.01 -0.02 0.0 0.0 -0.08 0.08
1090 40 85 53 24 0.0 -0.02 0.0 0.02 -0.03 0.1
1091 41 83 54 24 -0.01 -0.04 -0.0 0.05 0.01 0.12
1092 37 82 57 26 -0.02 -0.04 -0.01 0.06 0.02 0.17
1093 33 83 57 26 -0.02 -0.04 -0.01 0.14 0.04 0.14
-100 -100 -100 -100 -100 -100 -100 -100 -100 -100 -100
1094 31 86 56 26 -0.03 -0.03 -0.01 0.11 0.0 0.17
1095 33 85 55 25 -0.03 -0.02 -0.01 0.1 -0.01 0.15
1096 48 84 55 25 -0.03 0.0 -0.01 0.1 -0.05 0.12
1097 66 86 55 30 -0.02 0.0 -0.01 0.05 -0.04 0.07
1098 63 90 56 29 -0.02 0.0 -0.01 0.02 -0.07 0.07
1099 54 90 55 28 -0.01 -0.02 -0.02 0.0 -0.07 0.0
1100 47 91 54 27 0.0 -0.03 -0.03 -0.04 -0.1 -0.01
1101 48 92 53 27 0.01 -0.04 -0.03 -0.02 -0.08 -0.01
1102 48 93 53 24 0.0 -0.06 -0.03 0.0 -0.09 0.04
1103 44 93 53 28 0.0 -0.08 -0.02 0.06 -0.05 0.13
1104 39 97 54 27 -0.0 -0.09 -0.02 0.06 -0.02 0.12
1105 36 96 54 27 0.0 -0.08 -0.02 0.13 0.0 0.12
1106 43 94 53 27 -0.0 -0.06 -0.02 0.14 -0.01 0.14
1107 37 95 53 27 0.0 -0.04 -0.02 0.11 -0.01 0.13
1108 39 94 52 28 -0.0 -0.02 -0.02 0.06 -0.06 0.07
1109 42 91 53 28 -0.0 -0.02 -0.02 0.06 -0.06 0.09
1110 40 90 53 28 -0.0 -0.02 -0.01 0.07 -0.05 0.07
1111 36 92 53 27 -0.01 -0.03 -0.01 0.03 -0.03 0.07
1112 33 89 55 27 -0.01 -0.03 -0.0 0.03 -0.02 0.07
1113 30 87 53 27 -0.01 -0.04 -0.01 0.05 -0.01 0.04
1114 35 85 53 28 -0.01 -0.05 -0.01 0.05 -0.03 0.07
1115 36 86 53 29 -0.01 -0.05 -0.01 0.03 -0.05 0.04
1116 33 83 54 29 -0.01 -0.05 -0.01 0.02 -0.05 0.04
1117 34 83 53 29 -0.0 -0.05 -0.01 0.09 -0.03 0.08
1118 31 82 52 28 -0.0 -0.05 -0.0 0.05 -0.03 0.06
1119 29 81 52 27 -0.01 -0.06 -0.0 0.06 -0.02 0.11
1120 30 81 55 27 -0.0 -0.07 0.0 0.09 -0.04 0.06
1121 36 80 54 30 -0.0 -0.07 0.0 0.04 -0.04 0.07
1122 35 80 54 30 0.0 -0.05 -0.0 0.02 -0.02 0.08
1123 29 81 54 29 0.01 -0.04 -0.01 0.04 0.0 0.07
1124 30 85 52 28 0.0 -0.04 -0.01 0.03 -0.03 0.09
1125 34 86 52 26 0.0 -0.03 -0.01 0.1 -0.04 0.09
1126 32 85 52 27 -0.0 -0.02 -0.0 0.09 -0.05 0.1
1127 33 84 52 27 -0.0 -0.01 -0.0 0.06 -0.04 0.09
1128 37 82 53 30 0.0 -0.01 -0.0 0.07 -0.01 0.06
1129 35 81 55 29 -0.0 -0.01 0.0 0.08 -0.05 0.11
1130 32 82 55 28 -0.0 -0.0 0.0 0.05 -0.07 0.05
1131 31 81 54 28 -0.0 -0.0 0.0 0.04 -0.08 0.04
1132 30 81 54 27 0.0 0.0 0.0 0.0 -0.02 0.07
1133 37 82 53 27 0.01 -0.0 -0.0 0.0 0.02 0.03
1134 47 81 54 30 0.01 -0.0 -0.01 0.0 0.03 0.04
1135 41 85 54 29 0.0 -0.02 -0.01 0.03 0.02 0.03
1136 37 86 54 28 0.0 -0.03 -0.01 0.05 0.0 0.08
1137 42 85 54 28 -0.0 -0.03 -0.01 0.04 -0.02 0.1
1138 38 85 54 27 -0.0 -0.03 -0.0 0.08 -0.06 0.11
1139 36 85 54 26 0.0 -0.01 0.0 0.06 -0.08 0.04
1140 37 86 54 31 0.01 0.0 0.0 0.05 -0.06 0.05
1141 34 87 54 30 0.01 0.01 0.01 0.02 -0.03 0.07
1142 34 88 53 29 0.01 0.01 0.01 0.0 0.0 0.04
1143 32 87 55 28 0.01 0.01 0.0 0.03 0.0 0.04
1144 33 88 55 27 0.0 -0.0 0.0 0.01 0.0 0.04
1145 32 88 58 31 0.0 -0.01 0.0 0.0 0.0 0.02
1146 33 99 58 30 -0.0 -0.01 0.0 0.01 0.01 0.05
1147 30 102 57 29 -0.01 -0.02 0.0 0.05 0.01 0.05
1148 27 97 57 27 -0.01 -0.01 0.0 0.05 0.02 0.11
1149 27 93 57 29 -0.01 -0.01 0.0 0.08 0.0 0.06
1150 27 109 57 29 -0.02 0.0 -0.0 0.11 -0.04 0.1
-200 -200 -200 -200 -200 -200 -200 -200 -200 -200 -200
1151 31 119 55 28 -0.02 0.01 0.01 0.01 -0.01 0.05
1152 29 147 57 28 -0.01 0.01 0.01 0.02 -0.01 0.02
1153 29 166 58 34 -0.01 0.01 0.01 0.03 0.0 0.06
1154 27 177 57 33 0.0 0.0 0.0 -0.04 -0.02 0.05
1155 27 196 57 34 0.02 -0.03 0.0 -0.09 0.0 0.0
1156 27 247 57 37 0.03 -0.1 0.0 -0.08 0.07 0.07
1157 25 244 55 48 0.03 -0.13 0.0 -0.02 0.09 0.14
1158 29 253 58 45 0.01 -0.14 0.02 -0.08 0.08 0.09
1159 42 286 59 41 0.02 -0.11 0.04 0.07 0.0 0.11
1160 40 309 59 41 0.06 -0.03 0.08 0.09 0.0 0.3
1161 35 308 60 41 0.1 -0.03 0.09 -0.04 -0.02 0.3
1162 33 330 59 39 0.11 -0.09 0.12 -0.27 0.1 0.36
1163 31 296 59 39 0.05 -0.31 0.16 -0.94 0.29 0.84
1164 32 313 60 35 0.04 -0.52 0.16 -1.28 0.18 0.92
1165 30 331 59 34 0.08 -0.75 0.19 -1.29 0.12 0.98
1166 30 332 59 32 0.21 -0.87 0.26 -1.38 0.23 0.78
1167 30 398 59 34 0.23 -0.85 0.31 -1.43 0.21 0.76
1168 30 429 60 31 0.55 -1.17 0.32 -2.98 0.44 1.94
1169 33 483 58 36 0.7 -1.64 0.45 -2.25 0.48 1.81
1170 28 470 59 37 0.57 -2.0 0.63 -1.89 0.3 1.69
1171 32 441 61 35 0.75 -2.26 0.74 -1.5 0.59 1.52
1172 36 442 63 34 0.81 -2.37 0.79 -0.99 0.59 1.39
1173 39 419 72 31 0.93 -2.6 0.9 -0.79 0.41 1.31
1174 35 381 69 30 1.1 -2.81 0.98 -0.53 0.51 1.13
1175 33 361 69 31 1.19 -2.94 1.01 -0.24 0.19 0.96
1176 41 369 71 28 1.24 -2.91 1.02 -0.01 0.21 0.86
1177 49 363 72 27 1.27 -2.67 1.02 0.25 0.28 0.37
1178 48 362 76 28 1.22 -2.22 1.01 0.12 0.12 0.15
1179 48 388 75 35 1.17 -2.08 0.99 0.09 0.14 0.05
1180 43 364 77 35 1.07 -1.99 0.97 0.0 -0.08 0.05
1181 39 343 73 33 1.05 -2.02 0.96 0.17 -0.2 -0.41
1182 39 402 75 31 1.08 -2.02 0.95 -0.1 -0.2 -0.55
1183 42 390 79 30 1.07 -1.99 0.93 -0.33 -0.3 -0.81
1184 38 348 86 29 1.1 -1.89 0.91 0.0 -0.36 -0.73
1185 37 339 84 31 1.12 -1.56 0.85 -0.07 -0.39 -0.56
1186 38 359 80 29 1.09 -1.32 0.79 0.02 -0.35 -0.52
1187 41 336 74 28 1.08 -1.15 0.72 0.08 -0.44 -0.91
1188 50 320 78 28 1.07 -1.05 0.69 -0.08 -0.33 -1.23
1189 46 312 87 26 1.04 -0.86 0.64 -0.09 -0.51 -1.1
1190 49 356 85 27 1.01 -0.69 0.6 -0.5 -0.51 -0.66
1191 46 329 79 27 0.98 -0.65 0.59 -0.44 -0.49 -0.59
1192 54 309 74 25 0.93 -0.63 0.53 -0.45 -0.48 -0.66
1193 50 299 76 25 0.89 -0.63 0.5 -0.11 -0.31 -1.04
1194 51 377 82 26 0.84 -0.61 0.44 -0.01 -0.4 -1.11
1195 50 354 79 26 0.79 -0.47 0.4 0.1 -0.36 -1.26
1196 52 339 79 26 0.76 -0.38 0.38 0.05 -0.33 -1.39
1197 91 340 78 26 0.69 -0.26 0.33 0.05 -0.31 -1.51
1198 90 322 92 27 0.59 -0.17 0.28 0.14 -0.31 -1.7
1199 78 294 88 33 0.45 -0.11 0.21 0.01 -0.34 -1.62
1200 78 314 90 31 0.4 -0.14 0.17 0.11 -0.37 -1.57
1201 76 325 85 30 0.29 -0.14 0.1 0.23 -0.36 -1.48
1202 73 330 87 29 0.25 -0.11 0.07 -0.14 -0.36 -1.39
1203 78 321 85 30 0.15 -0.02 0.01 -0.14 -0.37 -1.32
1204 70 324 84 29 0.04 0.06 -0.02 -0.27 -0.25 -1.12
1205 72 342 79 34 -0.02 0.03 -0.02 -0.46 -0.32 -0.89
1206 73 350 82 33 -0.1 -0.06 -0.04 -0.4 -0.26 -0.74
1207 68 362 83 31 -0.17 -0.07 -0.04 -0.41 -0.2 -0.52
1208 78 380 79 35 -0.18 -0.01 -0.01 -0.45 -0.08 -0.38
1209 95 415 84 35 -0.19 -0.02 0.0 -0.48 -0.05 -0.15
1210 107 382 87 34 -0.15 -0.09 0.01 -0.5 0.04 -0.07
1211 95 396 89 35 -0.11 -0.15 0.0 -0.22 0.24 -0.03
1212 80 368 91 36 -0.08 -0.17 0.01 -0.09 0.28 0.02
1213 76 353 89 34 -0.08 -0.08 0.01 -0.07 0.33 0.16
1214 75 341 82 53 -0.08 -0.01 0.02 0.0 0.34 0.03
1215 69 338 85 49 -0.09 0.06 0.02 -0.04 0.27 0.04
1216 73 336 91 46 -0.06 0.03 0.02 -0.11 0.33 0.07
1217 66 326 91 48 -0.05 -0.02 0.02 -0.1 0.3 0.12
1218 58 304 94 44 -0.04 -0.08 0.04 -0.1 0.29 0.06
1219 88 295 89 45 -0.04 -0.01 0.06 -0.06 0.29 -0.09
1220 101 293 84 41 -0.05 0.04 0.08 -0.1 0.18 0.01
1221 84 292 89 42 -0.06 0.11 0.09 -0.16 0.09 0.03
1222 74 294 82 44 -0.04 0.07 0.07 -0.19 0.06 0.0
1223 69 292 85 43 -0.04 0.03 0.06 0.08 0.06 -0.19
1224 69 307 89 40 -0.03 0.05 0.06 0.03 0.08 -0.16
1225 63 315 89 37 -0.01 0.08 0.04 0.06 0.07 0.06
1226 68 338 91 39 -0.01 0.07 0.03 0.0 0.07 -0.01
1227 63 312 87 35 0.01 0.04 0.0 -0.03 0.07 0.0
1228 57 311 82 35 0.01 0.03 -0.02 -0.04 0.07 -0.04
1229 56 302 83 34 0.01 0.04 -0.02 -0.2 0.07 -0.15
1230 57 280 85 33 0.0 0.06 -0.02 -0.23 0.09 -0.16
1231 51 266 87 32 -0.0 0.05 -0.01 -0.29 0.04 -0.15
1232 54 262 83 30 0.0 0.04 -0.0 -0.23 0.0 0.0
1233 89 278 83 29 0.01 0.0 0.0 -0.26 0.0 0.01
1234 78 292 86 31 0.01 -0.01 -0.0 -0.12 0.05 -0.06
1235 72 293 90 29 0.01 0.0 0.01 -0.12 0.08 -0.1
1236 67 269 88 28 0.01 0.03 0.0 -0.07 0.09 -0.16
1237 65 282 86 28 -0.01 0.05 0.0 -0.13 0.11 -0.13
1238 61 297 83 31 -0.01 0.04 -0.0 -0.09 0.16 -0.05
1239 71 302 79 31 -0.03 0.01 -0.01 -0.11 0.14 0.01
1240 75 291 83 37 -0.02 -0.02 -0.01 0.0 0.12 -0.05
1241 74 292 82 35 -0.02 -0.02 -0.01 -0.11 0.15 -0.05
1242 63 305 86 33 -0.0 0.02 -0.01 -0.1 0.16 0.01
1243 55 284 85 31 0.01 0.03 -0.0 -0.15 0.12 0.01
1244 68 300 80 29 0.01 0.01 -0.0 -0.16 0.11 0.05
1245 69 288 82 29 0.02 0.0 0.0 -0.14 0.16 0.07
1246 66 273 80 29 0.01 -0.0 0.0 -0.17 0.23 -0.14
1247 61 272 78 29 0.01 -0.01 0.01 -0.12 0.2 -0.14
1248 64 264 82 29 0.0 -0.01 0.02 -0.15 0.2 -0.18
1249 63 253 83 28 0.0 -0.01 0.02 -0.07 0.11 -0.11
1250 57 272 86 27 0.0 -0.0 0.02 -0.17 0.05 -0.07
1251 63 269 86 28 0.01 0.01 0.02 -0.11 0.02 -0.07
1252 60 283 83 28 0.02 -0.0 0.0 -0.05 0.09 -0.19
1253 63 293 84 27 0.02 0.0 -0.01 -0.01 0.1 -0.26
1254 67 274 80 28 0.0 0.02 -0.01 0.03 0.14 -0.26
1255 57 271 83 28 -0.02 0.01 -0.02 0.0 0.07 -0.19
1256 61 284 83 30 -0.03 0.01 -0.03 0.04 0.07 -0.17
1257 67 311 80 29 -0.04 -0.01 -0.02 -0.1 0.04 -0.24
1258 67 350 76 28 -0.05 -0.02 -0.02 -0.07 0.04 -0.23
1259 69 311 81 28 -0.05 -0.0 -0.02 -0.13 0.08 0.02
1260 62 299 80 27 -0.04 0.02 -0.02 -0.15 0.05 0.04
1261 58 298 78 28 -0.03 0.01 -0.02 -0.11 0.08 0.05
1262 51 308 81 27 -0.03 0.0 -0.02 -0.14 0.09 0.04
1263 52 305 77 26 -0.02 -0.01 -0.01 -0.07 0.09 -0.01
1264 49 277 75 28 -0.01 -0.0 -0.01 -0.1 0.06 -0.1
1265 45 279 76 27 -0.0 0.0 -0.01 -0.07 0.08 -0.13
1266 44 256 74 27 -0.0 0.01 -0.01 -0.08 0.13 -0.06
1267 46 263 70 28 -0.01 0.02 -0.02 -0.07 0.09 -0.04
1268 46 255 73 26 -0.01 0.02 -0.01 -0.06 0.08 -0.07
1269 47 268 72 26 -0.01 0.01 -0.01 -0.02 0.08 -0.13
1270 46 278 73 26 -0.01 -0.01 -0.01 -0.03 0.03 -0.2
1271 41 254 77 26 -0.01 -0.01 -0.02 0.01 -0.03 -0.2
1272 44 248 74 25 -0.02 0.02 -0.04 0.01 -0.07 -0.34
1273 45 245 69 25 -0.03 0.07 -0.06 -0.05 -0.2 -0.59
1274 40 213 65 25 -0.03 0.1 -0.07 -0.07 -0.27 -0.65
1275 37 192 69 25 -0.07 0.17 -0.1 -0.11 -0.44 -0.83
1276 30 188 79 24 -0.14 0.26 -0.15 -0.21 -0.77 -1.23
1277 31 185 89 25 -0.16 0.35 -0.16 -0.18 -1.12 -1.41
1278 30 212 91 24 -0.26 0.68 -0.18 -0.28 -1.63 -1.68
1279 30 209 85 25 -0.4 1.09 -0.2 -0.13 -1.86 -2.15
1280 37 202 77 24 -0.5 1.3 -0.21 0.01 -1.56 -2.39
1281 60 191 75 25 -0.75 1.64 -0.26 0.06 -1.27 -2.47
1282 68 174 71 25 -1.0 1.76 -0.35 0.09 -1.02 -2.06
1283 61 156 67 26 -1.12 1.77 -0.41 0.16 -1.0 -1.96
1284 60 147 67 25 -1.29 1.92 -0.52 0.5 -0.93 -1.6
1285 58 136 64 27 -1.4 2.42 -0.64 0.81 -0.76 -1.26
1286 53 136 62 27 -1.43 2.82 -0.69 1.18 -0.65 -1.11
1287 87 131 62 59 -1.49 3.78 -0.81 1.29 -0.7 -0.98
1288 107 130 62 57 -1.5 4.57 -0.97 1.3 -0.56 -0.9
1289 113 153 62 50 -1.49 4.73 -1.1 1.21 -0.64 -0.91
1290 136 151 59 46 -1.45 4.36 -1.33 -0.02 -0.51 -0.71
1291 137 145 59 41 -1.25 3.59 -1.6 -0.44 -0.23 -0.48
1292 138 143 58 37 -1.21 3.31 -1.68 -0.65 0.02 -0.61
1293 125 154 55 53 -1.15 2.73 -1.81 -0.61 0.08 -0.7
1294 124 155 56 52 -1.12 2.4 -1.9 -1.59 -0.21 -0.17
1295 120 151 55 45 -1.18 2.3 -1.73 -0.67 -0.26 0.54
1296 144 153 55 40 -0.96 2.05 -1.75 -2.58 -0.23 1.99
1297 164 142 54 45 -0.83 1.85 -1.67 -2.33 -0.02 2.65
1298 140 131 56 47 -0.67 1.74 -1.69 -2.79 0.09 2.61
1299 121 121 56 42 -0.59 1.6 -1.57 -2.09 0.11 0.91
1300 110 115 55 38 -0.52 1.48 -1.29 -0.5 0.72 -0.11
1301 95 107 55 35 -0.42 1.52 -1.17 -1.16 -0.04 -0.1
1302 91 101 58 32 -0.25 1.49 -0.86 -1.17 0.46 0.75
1303 89 100 56 31 -0.2 1.43 -0.82 -0.79 -0.3 0.9
1304 78 96 57 29 -0.16 1.34 -0.68 -0.3 0.29 0.97
1305 81 92 59 28 0.16 1.28 -0.38 -8.07 -1.9 5.06
1306 82 92 58 27 0.46 -0.91 0.14 1.6 -0.56 1.54
1307 76 91 57 25 0.32 -0.39 0.03 2.27 -0.59 0.79
1308 69 86 58 25 0.39 1.08 -0.02 -0.23 0.04 -0.14
1309 61 84 58 25 0.31 0.73 -0.04 0.13 -0.34 -0.48
1310 61 82 57 25 0.23 0.41 -0.03 -0.07 -0.44 -0.18
1311 59 81 58 24 0.13 -0.01 -0.01 -0.54 -0.39 0.05
1312 55 80 59 24 0.03 -0.43 0.05 -0.11 -0.38 -0.11
1313 54 80 59 24 0.01 -0.55 0.08 0.02 -0.34 -0.16
1314 51 79 60 24 0.02 -0.67 0.11 0.01 -0.21 -0.14
1315 51 79 59 24 -0.01 -0.66 0.11 -0.15 0.01 0.16
1316 49 79 60 24 -0.03 -0.63 0.1 -0.03 -0.04 0.21
1317 48 80 60 24 -0.0 -0.55 0.09 0.22 0.08 0.35
1318 51 82 60 24 0.0 -0.51 0.09 0.35 0.0 0.37
1319 54 80 59 24 0.02 -0.47 0.08 0.28 -0.06 0.4
1320 57 81 59 23 0.03 -0.34 0.07 0.44 -0.02 0.32
1321 57 82 58 24 0.06 -0.17 0.06 0.09 -0.04 0.33
1322 54 82 58 24 0.06 -0.09 0.07 0.08 -0.1 0.28
1323 48 84 58 23 0.08 0.02 0.05 0.02 -0.05 0.21
1324 49 83 57 24 0.08 0.04 0.05 0.0 -0.08 -0.01
1325 52 80 56 23 0.08 0.04 0.04 -0.09 -0.1 -0.05
1326 48 78 56 24 0.07 -0.06 0.02 -0.02 -0.2 -0.07
1327 53 80 55 24 0.08 -0.1 0.02 0.04 -0.15 0.03
1328 48 82 55 23 0.08 -0.11 0.03 0.02 -0.16 0.12
1329 48 82 54 24 0.08 -0.09 0.05 -0.11 -0.05 0.03
1330 45 79 53 24 0.06 -0.1 0.05 -0.14 -0.03 -0.04
1331 42 79 52 24 0.05 -0.13 0.04 -0.04 -0.04 0.0
1332 40 78 53 23 0.04 -0.19 0.03 -0.06 -0.02 0.02
1333 43 80 52 23 0.02 -0.23 0.02 -0.01 -0.05 0.09
1334 40 80 52 24 0.01 -0.24 0.01 0.09 -0.04 0.06
1335 37 81 53 23 0.01 -0.21 0.01 0.14 -0.09 0.2
1336 33 79 53 24 0.01 -0.17 0.02 0.1 -0.09 0.15
1337 45 82 54 24 0.01 -0.13 0.02 0.13 -0.09 0.14
1338 41 83 53 24 0.0 -0.1 0.02 0.15 -0.05 0.22
1339 40 84 52 24 -0.0 -0.06 0.02 0.13 -0.06 0.14
1340 35 86 52 24 -0.0 -0.04 0.02 0.06 -0.02 0.13
1341 32 86 53 24 -0.0 -0.02 0.02 0.05 -0.09 0.08
1342 31 86 53 24 -0.01 -0.01 0.01 0.03 -0.07 0.08
1343 31 86 53 24 -0.01 -0.01 0.01 0.06 -0.1 0.06
1344 42 87 54 23 -0.0 0.0 0.01 0.05 -0.1 0.05
1345 39 85 53 24 -0.01 -0.0 0.01 -0.01 -0.07 0.05
1346 36 86 53 24 -0.01 -0.01 0.01 0.01 -0.06 0.07
1347 34 85 54 24 -0.02 -0.01 0.01 0.0 -0.07 0.02
1348 31 84 53 24 -0.02 -0.01 -0.0 -0.02 -0.06 0.0
1349 30 87 52 24 -0.02 -0.03 -0.0 0.0 -0.05 0.02
1350 33 83 52 24 -0.02 -0.04 -0.01 -0.02 -0.07 0.05
1351 35 84 51 24 -0.02 -0.04 -0.01 0.03 -0.09 0.09
1352 33 83 51 24 -0.02 -0.04 -0.01 0.04 -0.08 0.07
1353 32 83 50 24 -0.03 -0.04 -0.01 0.0 -0.09 0.07
1354 27 83 50 24 -0.02 -0.03 -0.01 0.06 -0.1 0.02
1355 27 81 49 24 -0.01 -0.03 -0.02 0.02 -0.11 0.07
1356 29 81 50 25 -0.0 -0.02 -0.02 0.01 -0.07 0.02
1357 37 81 50 25 0.0 -0.03 -0.02 -0.01 -0.03 0.02
1358 34 82 50 24 0.01 -0.03 -0.02 -0.02 0.0 0.01
1359 33 81 51 26 0.01 -0.04 -0.03 -0.04 0.0 0.06
1360 31 80 50 26 0.0 -0.06 -0.03 0.03 -0.07 0.03
1361 30 80 50 27 0.0 -0.07 -0.03 0.0 -0.08 0.05
-100 -100 -100 -100 -100 -100 -100 -100 -100 -100 -100
1362 27 79 50 28 0.0 -0.08 -0.02 0.04 -0.1 0.04
1363 35 79 50 28 0.01 -0.09 -0.02 0.04 -0.1 0.07
1364 29 80 49 29 0.0 -0.09 -0.02 0.06 -0.07 0.06
1365 31 79 49 29 0.0 -0.07 -0.02 0.01 -0.09 0.02
1366 28 78 49 29 0.0 -0.06 -0.02 0.06 -0.02 0.06
1367 27 78 48 31 -0.0 -0.06 -0.02 0.03 -0.02 0.11
1368 29 78 48 32 -0.01 -0.05 -0.02 0.01 -0.04 0.07
1369 33 77 48 32 -0.01 -0.06 -0.02 0.02 -0.01 0.01
1370 30 78 48 32 -0.02 -0.06 -0.03 0.03 -0.02 0.05
1371 29 78 49 34 -0.02 -0.06 -0.03 0.03 0.0 0.08
1372 26 78 49 36 -0.03 -0.06 -0.02 0.05 -0.05 0.02
1373 24 76 49 36 -0.02 -0.06 -0.02 0.01 -0.02 0.06
1374 25 77 49 37 -0.03 -0.06 -0.02 0.07 -0.05 0.07
1375 31 76 50 39 -0.03 -0.04 -0.02 0.0 -0.06 0.04
1376 31 77 50 38 -0.03 -0.04 -0.02 0.06 -0.06 0.03
1377 30 78 50 37 -0.04 -0.04 -0.02 0.01 -0.06 0.0
1378 27 78 50 36 -0.04 -0.04 -0.02 0.0 -0.05 0.03
1379 26 77 50 35 -0.04 -0.04 -0.02 0.02 -0.04 0.04
1380 24 77 49 34 -0.05 -0.05 -0.01 0.0 -0.02 0.05
1381 24 80 49 33 -0.06 -0.06 0.0 0.04 -0.03 0.02
1382 29 79 49 32 -0.06 -0.05 0.0 0.07 -0.04 0.03
1383 26 79 49 30 -0.05 -0.06 0.0 0.02 -0.02 0.07
1384 25 80 49 30 -0.05 -0.05 0.02 0.03 -0.05 0.04
1385 24 78 48 28 -0.04 -0.04 0.02 0.03 -0.06 0.02
1386 23 78 48 28 -0.03 -0.02 0.01 -0.03 -0.04 -0.02
1387 22 77 48 27 -0.01 -0.02 0.0 -0.02 -0.03 -0.01
1388 21 76 48 28 -0.0 -0.02 0.0 0.0 -0.02 -0.01
1389 22 79 48 27 0.01 -0.02 -0.0 -0.01 -0.03 -0.01
1390 28 78 48 28 0.03 -0.02 -0.01 -0.01 -0.03 -0.02
1391 31 77 48 28 0.03 -0.02 -0.01 -0.01 -0.03 0.01
1392 28 77 48 28 0.04 -0.02 -0.01 0.01 -0.04 0.01
1393 27 77 49 29 0.04 -0.02 -0.01 0.0 -0.02 0.05
1394 26 77 49 30 0.04 -0.03 -0.01 0.05 -0.05 0.06
1395 27 78 49 29 0.03 -0.02 -0.0 0.01 -0.06 0.06
1396 25 77 48 30 0.02 -0.01 -0.0 0.07 -0.05 0.04
1397 29 79 50 29 0.02 -0.0 0.0 0.05 -0.04 0.06
1398 31 80 51 29 0.01 -0.01 0.01 0.07 -0.06 0.07
1399 29 76 50 28 -0.0 0.01 0.01 0.06 -0.02 0.04
1400 27 80 51 29 -0.01 0.01 0.02 0.02 0.02 0.06
1401 27 81 52 28 -0.02 0.02 0.02 0.01 0.02 0.07
1402 26 80 51 28 -0.02 0.01 0.01 0.0 0.06 0.06
1403 25 80 52 28 -0.03 0.01 0.01 0.0 0.06 0.05
1404 26 80 55 27 -0.03 0.01 0.01 0.02 0.03 0.03
1405 25 82 56 27 -0.03 0.0 0.01 0.02 0.01 0.0
1406 27 83 58 27 -0.03 0.01 0.01 0.0 -0.02 0.0
1407 26 82 61 27 -0.02 0.01 0.02 0.01 -0.04 -0.01
1408 26 83 64 27 -0.01 0.01 0.02 0.0 -0.05 -0.02
1409 25 81 66 27 -0.0 0.01 0.02 -0.05 -0.05 -0.01
1410 27 81 68 29 0.0 0.01 0.01 -0.04 -0.05 0.01
1411 25 81 69 29 0.01 0.01 0.01 -0.02 -0.04 -0.03
1412 25 81 70 29 0.01 0.01 0.01 -0.04 -0.04 -0.01
1413 26 81 70 28 0.02 0.01 0.01 0.0 -0.02 0.04
1414 30 83 71 29 0.02 0.01 0.01 0.0 -0.02 0.04
1415 28 82 71 28 0.02 0.02 0.0 0.02 -0.02 0.02
1416 31 82 72 27 0.02 0.02 0.0 0.01 0.0 0.04
1417 31 83 71 27 0.01 0.03 0.01 0.04 0.0 0.01
1418 30 84 72 27 0.01 0.02 0.01 0.0 0.03 0.02
1419 36 85 71 27 0.01 0.02 0.02 0.0 0.03 0.02
1420 32 85 70 26 -0.0 0.0 0.02 0.0 0.02 0.06
1421 30 83 69 26 -0.01 -0.0 0.02 -0.01 0.02 0.06
1422 35 83 70 25 -0.01 -0.01 0.02 0.02 0.01 0.01
1423 32 82 71 25 -0.01 -0.0 0.01 0.02 0.0 0.01
1424 30 83 70 25 -0.01 0.0 0.01 0.0 -0.02 0.01
1425 30 83 69 25 0.0 0.01 0.01 -0.01 -0.04 -0.04
1426 30 82 68 24 0.02 0.01 0.01 -0.03 -0.06 -0.02
1427 29 82 68 25 0.02 0.01 0.0 -0.06 -0.04 -0.06
1428 26 80 67 24 0.03 0.01 0.01 -0.06 -0.05 -0.04
1429 29 80 66 24 0.03 0.0 0.0 -0.05 0.02 0.0
1430 31 81 65 24 0.03 -0.01 0.01 -0.04 0.01 0.0
1431 30 81 63 24 0.02 -0.03 0.01 -0.01 0.02 0.04
