-1 -1 -1 -1 -1 -1 -1 -1 -1 -1 -1
2 36 227 90 25 -0.07 -0.02 0.04 0.21 -0.18 -0.09
3 46 237 88 26 -0.07 0.0 0.04 0.1 -0.08 -0.07
4 56 259 93 25 -0.09 0.02 0.05 -0.01 0.02 -0.11
5 61 307 94 26 -0.1 -0.0 0.05 -0.14 0.07 -0.16
6 66 295 91 27 -0.1 -0.01 0.05 -0.09 0.13 -0.21
7 65 286 95 27 -0.07 -0.04 0.04 -0.09 0.12 -0.25
8 66 286 96 26 -0.05 -0.07 0.04 -0.05 0.03 -0.28
9 72 290 97 27 -0.04 -0.07 0.04 0.09 -0.11 -0.23
10 72 275 99 27 0.0 -0.06 0.04 0.07 -0.19 -0.24
11 72 298 99 28 0.05 -0.05 0.03 -0.07 -0.15 -0.08
12 79 283 104 28 0.07 -0.04 0.02 -0.09 -0.09 -0.12
13 78 272 101 28 0.12 -0.03 -0.01 -0.22 -0.01 -0.07
14 72 262 103 28 0.1 -0.04 -0.04 -0.24 0.1 -0.03
15 76 267 104 28 0.09 -0.05 -0.06 -0.18 0.21 0.03
16 75 255 104 27 0.08 -0.06 -0.09 -0.15 0.2 0.06
17 72 276 101 27 0.05 -0.1 -0.1 -0.12 0.22 0.04
18 80 306 119 28 0.03 -0.12 -0.1 0.05 0.12 0.04
19 84 325 121 28 -0.0 -0.13 -0.08 0.14 0.08 0.09
20 84 287 115 28 -0.02 -0.1 -0.04 0.28 -0.11 0.05
21 81 254 110 28 -0.03 -0.08 -0.01 0.33 -0.13 0.07
22 78 238 110 27 -0.07 -0.02 0.03 0.33 -0.14 0.06
23 77 228 110 27 -0.07 0.03 0.05 0.15 -0.17 0.06
24 79 233 108 28 -0.07 0.04 0.06 -0.12 -0.04 -0.03
25 72 243 102 28 -0.09 0.04 0.07 -0.15 0.0 -0.02
26 74 250 109 27 -0.09 0.03 0.07 -0.13 0.11 -0.03
27 77 240 109 28 -0.07 0.02 0.05 -0.18 0.22 -0.05
28 79 223 104 28 -0.05 0.01 0.03 -0.11 0.22 -0.04
29 81 206 101 28 -0.04 0.01 0.01 -0.04 0.16 -0.01
30 84 200 112 28 -0.05 0.01 0.01 -0.04 0.05 -0.03
31 78 194 107 28 -0.05 0.0 0.0 -0.03 0.03 -0.11
32 71 190 101 28 -0.02 -0.0 -0.01 -0.07 -0.05 -0.08
33 65 207 95 28 -0.01 -0.01 -0.01 -0.03 -0.04 -0.07
34 64 200 98 28 0.02 -0.01 -0.01 -0.01 -0.07 -0.02
35 67 199 103 28 0.04 0.0 -0.02 -0.04 -0.03 -0.09
36 74 221 107 29 0.07 0.0 -0.02 -0.14 0.0 -0.04
37 76 230 101 30 0.09 -0.01 -0.03 -0.07 0.05 -0.01
38 71 218 113 29 0.1 -0.01 -0.06 -0.1 0.07 0.01
39 72 218 117 28 0.09 -0.02 -0.06 -0.02 0.11 0.04
40 72 213 113 28 0.05 -0.02 -0.06 0.0 0.1 0.06
41 78 206 108 27 0.02 -0.02 -0.06 0.04 0.1 0.02
42 83 211 101 28 0.0 -0.03 -0.05 0.08 0.07 0.06
43 83 205 102 28 -0.03 -0.03 -0.02 0.09 0.04 0.02
44 80 219 108 27 -0.05 -0.01 -0.0 0.12 -0.03 0.05
45 76 219 108 28 -0.06 -0.01 0.01 0.06 -0.05 0.03
46 77 201 99 28 -0.07 -0.0 0.03 0.08 -0.05 0.05
47 75 204 100 28 -0.08 0.0 0.04 0.0 -0.01 0.05
48 80 212 98 28 -0.09 0.01 0.05 -0.04 0.03 0.01
49 80 209 101 29 -0.1 0.02 0.05 -0.05 0.06 0.03
50 81 200 97 29 -0.11 0.02 0.05 -0.12 0.08 -0.04
51 87 199 99 29 -0.11 0.01 0.05 -0.13 0.15 -0.03
52 83 230 97 29 -0.12 -0.0 0.03 -0.08 0.14 -0.05
53 79 232 95 29 -0.09 -0.01 0.02 -0.06 0.12 -0.02
54 77 237 95 29 -0.07 -0.02 0.01 -0.04 0.03 -0.08
55 75 220 103 29 -0.03 -0.02 0.0 -0.04 0.01 -0.12
56 74 203 97 28 0.01 -0.03 -0.01 -0.01 0.0 -0.14
57 77 189 92 28 0.03 -0.03 -0.01 -0.03 0.01 -0.04
58 73 276 97 28 0.07 -0.02 -0.01 -0.07 0.0 -0.05
59 72 258 99 28 0.07 -0.02 -0.01 0.01 0.04 -0.04
60 69 236 95 28 0.08 -0.02 -0.02 -0.04 0.09 0.02
61 70 223 92 28 0.06 -0.01 -0.03 -0.05 0.11 0.08
62 69 214 92 27 0.03 -0.01 -0.04 -0.03 0.11 0.06
63 69 201 95 27 0.02 -0.01 -0.04 -0.05 -0.02 0.01
64 73 192 93 27 0.02 -0.0 -0.04 -0.09 0.01 -0.01
65 67 194 90 27 -0.02 -0.02 -0.03 -0.05 0.0 0.03
66 69 182 89 28 -0.03 -0.01 -0.02 0.04 0.08 0.06
67 76 184 102 28 -0.05 -0.02 -0.01 0.03 0.1 0.08
68 72 176 98 27 -0.07 -0.01 -0.01 0.05 0.1 0.05
69 72 176 95 27 -0.08 -0.01 -0.0 0.07 0.09 0.07
70 74 219 93 28 -0.12 0.01 -0.0 0.06 0.07 0.04
71 73 231 90 27 -0.16 0.0 0.01 0.01 0.02 -0.04
72 73 213 106 28 -0.15 -0.0 0.01 -0.09 -0.03 -0.09
73 73 197 106 28 -0.09 -0.01 0.02 -0.07 0.0 0.0
74 74 184 101 28 -0.11 0.0 0.03 0.06 0.07 -0.12
75 80 177 106 29 -0.12 0.01 0.03 -0.01 0.06 0.02
76 84 174 106 30 -0.1 0.03 0.03 -0.05 0.1 0.0
77 77 167 107 29 -0.13 0.03 0.02 -0.14 0.09 -0.06
78 82 161 106 30 -0.14 0.03 0.02 -0.08 0.09 -0.02
79 81 162 103 31 -0.14 0.04 0.01 -0.1 0.07 0.01
80 77 156 101 30 -0.14 0.04 -0.0 -0.14 0.05 0.0
81 76 165 98 30 -0.15 0.03 -0.01 -0.11 0.04 -0.03
82 76 191 93 30 -0.14 0.01 -0.0 -0.02 0.0 -0.04
83 72 182 98 29 -0.07 -0.02 -0.01 0.02 -0.06 0.0
84 72 171 97 30 0.06 -0.06 -0.03 0.01 0.04 -0.04
85 77 165 97 29 0.08 -0.06 -0.02 0.09 0.03 0.0
86 75 158 92 29 0.04 -0.04 -0.0 0.06 0.11 -0.01
87 75 155 93 29 0.02 -0.02 -0.0 -0.01 0.12 0.04
88 74 168 95 29 -0.01 -0.01 0.0 -0.04 0.1 0.01
89 73 173 94 29 -0.04 0.0 -0.0 -0.05 0.04 0.01
90 75 172 95 28 -0.03 -0.01 -0.0 -0.08 0.04 -0.03
91 73 200 102 28 -0.01 -0.03 0.0 -0.01 0.06 -0.01
92 72 196 96 28 -0.0 -0.03 0.0 0.0 0.11 0.0
93 73 222 94 29 -0.0 -0.03 0.0 0.01 0.08 0.0
94 76 232 97 28 -0.0 -0.03 0.0 0.03 0.06 0.0
95 78 231 97 30 0.03 -0.03 0.0 -0.06 0.01 -0.04
96 82 256 94 31 0.03 -0.02 -0.0 -0.07 0.06 -0.03
97 84 273 95 37 0.03 -0.03 0.01 -0.09 0.03 -0.07
98 81 289 92 40 0.06 -0.04 0.02 0.05 0.02 -0.19
99 92 277 101 38 0.07 -0.02 0.02 0.23 -0.01 -0.17
100 88 259 99 36 0.14 0.0 0.03 0.08 -0.01 -0.07
101 85 244 98 36 0.19 0.01 0.04 -0.17 -0.06 0.06
102 92 244 101 36 0.17 0.0 0.06 -0.47 -0.12 0.0
103 100 231 105 35 0.13 -0.02 0.08 -0.29 -0.03 -0.11
104 91 211 105 34 0.07 -0.09 0.11 0.0 0.03 0.0
105 91 199 107 34 0.07 -0.06 0.11 0.27 0.11 0.14
106 92 191 108 33 0.06 0.01 0.12 0.19 0.1 0.16
107 87 181 103 33 0.02 0.03 0.13 -0.04 0.2 0.18
108 90 176 102 32 -0.01 0.03 0.13 -0.17 0.19 0.13
109 90 173 107 31 -0.08 0.02 0.12 -0.2 0.23 0.05
110 92 166 108 31 -0.16 0.02 0.09 -0.18 0.22 0.05
111 97 165 111 31 -0.2 0.01 0.08 -0.11 0.21 0.0
112 96 167 110 30 -0.24 0.02 0.04 0.08 0.11 0.07
113 95 160 106 30 -0.21 0.04 0.02 0.0 0.07 0.07
114 99 161 112 30 -0.2 0.05 0.01 -0.16 0.06 -0.05
115 95 162 108 31 -0.17 0.03 0.01 -0.17 0.04 -0.09
116 93 156 107 30 -0.13 0.0 0.01 -0.16 0.02 -0.13
117 95 151 114 29 -0.1 -0.01 0.01 -0.11 0.05 -0.11
118 87 150 112 29 -0.07 -0.04 0.0 0.0 0.07 -0.04
119 85 144 109 29 -0.05 -0.03 -0.01 0.04 0.12 0.02
120 90 156 111 29 -0.04 -0.02 -0.01 0.09 0.12 0.0
121 89 182 117 29 -0.04 0.0 -0.01 0.01 0.1 -0.02
122 86 226 113 28 -0.02 0.01 -0.01 0.02 0.05 0.0
123 92 252 110 28 -0.0 0.01 -0.01 -0.08 0.04 0.0
124 86 232 109 28 0.03 -0.02 -0.02 -0.07 0.05 -0.03
125 83 213 112 28 0.05 -0.05 -0.02 0.1 0.08 0.01
126 86 196 114 29 0.04 -0.04 -0.02 0.05 0.07 0.0
127 87 186 117 29 0.02 -0.02 -0.01 0.0 0.07 -0.01
128 88 193 110 28 -0.0 0.0 -0.0 -0.01 0.09 0.0
129 85 188 115 29 -0.02 0.0 -0.0 -0.03 0.07 0.0
130 83 179 118 29 -0.02 0.01 0.0 -0.03 0.06 -0.01
131 79 178 113 28 -0.01 0.01 0.0 -0.02 0.09 -0.03
132 83 184 106 29 -0.01 0.01 0.0 -0.01 0.09 0.0
133 84 193 104 28 -0.01 0.01 0.01 -0.05 0.08 -0.01
134 80 186 114 28 -0.0 0.01 0.0 -0.07 0.07 -0.02
135 91 202 109 30 0.0 0.01 0.0 -0.07 0.07 -0.03
136 90 222 108 30 0.05 0.01 0.0 -0.06 0.08 -0.02
137 91 210 116 30 0.11 -0.01 0.0 -0.03 0.08 -0.03
138 91 204 113 31 0.16 -0.03 -0.0 -0.04 0.08 -0.07
139 91 205 112 31 0.15 -0.02 -0.01 -0.03 0.07 0.01
140 85 203 105 30 0.14 -0.03 -0.0 -0.03 0.08 -0.01
141 87 215 114 30 0.13 -0.02 -0.0 0.0 0.13 -0.03
142 90 232 111 30 0.15 -0.03 0.0 -0.05 0.06 -0.06
143 90 239 113 30 0.24 -0.05 0.0 0.0 0.03 -0.03
144 96 238 118 31 0.26 -0.06 0.0 0.02 0.09 -0.04
145 101 233 115 31 0.23 -0.03 0.01 0.0 0.1 0.0
146 97 221 118 31 0.22 -0.02 0.01 -0.05 0.12 -0.01
147 97 213 121 31 0.21 -0.02 0.01 -0.05 0.17 0.0
148 97 212 117 31 0.14 -0.02 0.01 -0.03 0.12 0.03
149 90 217 117 31 0.07 -0.02 0.01 0.01 0.07 0.0
150 89 229 113 31 0.05 -0.01 0.01 -0.02 0.08 -0.02
151 89 222 115 30 0.04 -0.0 0.01 0.0 0.06 -0.04
152 87 224 110 31 0.02 0.01 0.01 -0.03 0.04 -0.04
153 99 213 113 32 0.02 0.01 0.0 -0.08 0.1 -0.02
154 101 206 112 31 0.02 0.01 -0.0 -0.12 0.13 0.0
155 95 198 112 31 -0.02 0.01 -0.01 -0.17 0.12 -0.02
156 93 195 106 32 -0.02 0.01 -0.0 -0.03 0.15 -0.03
157 94 185 106 32 -0.01 0.0 -0.01 -0.05 0.09 0.0
158 86 176 107 31 -0.02 -0.01 -0.01 -0.03 0.07 -0.02
159 91 167 111 32 -0.03 -0.01 -0.02 0.0 0.08 -0.01
160 88 165 110 31 -0.05 -0.0 -0.01 -0.03 0.08 -0.01
161 86 160 105 30 -0.07 0.0 -0.01 0.0 0.08 0.0
162 90 162 118 32 -0.07 0.01 -0.01 -0.03 0.09 -0.01
163 92 159 113 31 -0.08 0.02 -0.0 -0.04 0.07 -0.02
164 91 155 109 31 -0.07 0.01 -0.0 -0.07 0.09 -0.03
165 96 153 107 31 -0.08 0.01 -0.0 -0.03 0.1 -0.04
166 95 157 104 30 -0.08 0.01 0.0 -0.02 0.09 -0.02
167 92 153 103 30 -0.09 0.01 -0.0 -0.01 0.09 -0.03
168 99 157 108 31 -0.09 0.01 -0.0 0.0 0.08 0.0
169 100 167 105 31 -0.12 0.02 -0.0 -0.03 0.08 0.0
170 90 162 104 31 -0.15 0.02 -0.0 -0.06 0.08 -0.04
171 93 162 108 30 -0.16 0.03 -0.0 -0.04 0.07 -0.05
172 91 164 110 30 -0.16 0.03 -0.0 -0.07 0.06 -0.02
173 89 161 112 29 -0.13 0.02 -0.01 -0.05 0.08 -0.01
174 97 157 108 30 -0.1 0.01 -0.0 -0.07 0.06 -0.07
175 95 166 105 31 -0.07 0.0 -0.01 -0.05 0.07 0.0
176 86 158 115 29 -0.04 -0.0 -0.01 -0.03 0.07 -0.02
177 84 159 118 30 -0.01 -0.0 -0.01 -0.06 0.07 -0.04
178 83 165 111 30 0.0 -0.0 -0.01 -0.02 0.11 -0.01
179 84 163 105 29 -0.0 -0.0 -0.01 -0.05 0.11 0.0
180 84 156 108 29 -0.01 -0.01 -0.0 -0.03 0.08 -0.02
181 91 164 107 29 -0.02 -0.01 -0.0 -0.03 0.09 0.01
182 83 154 110 29 -0.02 -0.0 -0.0 -0.04 0.08 0.0
183 89 153 107 29 -0.02 -0.0 -0.01 0.0 0.1 -0.04
184 92 166 107 30 0.0 -0.01 -0.0 -0.03 0.1 -0.04
185 88 177 100 29 0.0 -0.01 0.0 -0.02 0.05 -0.01
186 96 170 100 31 0.0 -0.0 0.0 -0.04 0.07 -0.01
187 95 168 99 31 0.01 -0.0 0.0 -0.08 0.1 -0.02
188 97 176 98 30 0.01 0.0 -0.01 -0.06 0.13 -0.01
189 99 173 101 32 0.01 0.0 -0.0 -0.06 0.14 -0.01
190 97 171 98 31 0.01 -0.01 -0.01 -0.04 0.11 -0.01
191 92 162 94 31 0.01 -0.01 -0.01 -0.05 0.09 0.0
192 99 163 101 32 0.0 -0.01 -0.01 0.0 0.07 -0.03
193 100 164 103 32 -0.01 -0.01 -0.0 -0.04 0.05 -0.03
194 96 154 108 31 -0.02 -0.01 0.0 -0.01 0.07 -0.01
195 93 156 104 31 -0.02 -0.01 0.0 -0.03 0.09 -0.05
196 97 160 101 30 -0.02 -0.0 0.0 -0.04 0.07 0.0
197 95 161 100 29 0.0 -0.0 -0.0 -0.05 0.1 -0.01
198 91 170 98 31 -0.0 -0.0 -0.0 -0.05 0.11 -0.03
199 89 167 109 30 -0.01 -0.0 -0.0 -0.07 0.08 -0.02
200 83 157 111 29 -0.0 -0.01 -0.0 -0.04 0.08 -0.01
201 84 158 109 30 0.01 -0.01 -0.01 -0.03 0.1 -0.02
202 88 157 105 30 0.01 -0.0 -0.01 -0.05 0.1 -0.01
203 81 151 102 30 0.0 -0.01 -0.0 -0.01 0.14 -0.01
204 94 162 106 30 0.0 -0.01 -0.0 -0.02 0.14 -0.02
205 90 164 100 30 -0.0 -0.01 -0.0 -0.01 0.09 0.0
206 85 161 99 30 0.01 -0.01 -0.0 -0.03 0.09 -0.02
207 88 157 100 29 0.03 -0.01 -0.0 -0.05 0.08 -0.04
208 88 158 105 30 0.03 0.0 -0.0 -0.08 0.11 -0.03
209 87 153 106 30 0.02 -0.01 0.0 -0.02 0.13 -0.02
210 96 157 105 30 0.01 -0.0 0.0 -0.04 0.16 0.0
211 99 162 103 31 -0.01 -0.01 -0.0 -0.04 0.09 0.0
212 112 166 108 30 -0.02 -0.01 0.0 0.0 0.08 0.0
213 107 168 102 30 -0.03 -0.01 0.0 -0.01 0.09 -0.02
214 101 166 106 30 -0.03 -0.01 0.0 -0.01 0.09 -0.04
215 92 158 102 30 -0.03 -0.01 -0.0 -0.02 0.1 0.0
216 93 157 101 30 -0.03 -0.01 0.0 -0.03 0.11 -0.03
217 92 170 103 30 -0.03 -0.01 0.01 -0.04 0.12 -0.01
218 85 167 109 30 -0.02 -0.01 0.01 -0.06 0.11 -0.04
219 89 163 108 30 0.0 -0.01 0.01 -0.04 0.1 -0.03
220 88 159 107 31 0.04 -0.03 0.02 -0.02 0.11 -0.01
221 87 155 107 30 0.03 -0.03 0.02 0.05 0.13 0.07
222 93 153 106 32 0.02 -0.02 0.01 -0.04 0.12 -0.05
223 95 159 109 31 0.0 -0.01 0.01 -0.01 0.1 -0.03
-200 -200 -200 -200 -200 -200 -200 -200 -200 -200 -200
224 99 164 104 32 0.0 -0.01 0.02 0.03 0.08 0.0
225 109 165 108 31 -0.0 -0.02 0.02 -0.01 0.11 0.0
226 101 168 109 31 -0.02 -0.01 0.02 -0.06 0.17 -0.02
227 93 160 105 29 -0.02 -0.0 0.02 -0.05 0.18 -0.03
228 95 155 107 31 -0.03 -0.0 0.01 -0.07 0.17 -0.04
229 96 161 109 31 -0.04 0.0 0.0 -0.08 0.12 -0.01
230 90 163 105 30 -0.03 -0.01 -0.0 -0.05 0.11 -0.05
231 91 166 107 30 -0.02 -0.01 -0.01 -0.09 0.08 -0.05
232 86 165 106 30 -0.02 -0.01 -0.01 -0.04 0.1 -0.01
233 82 156 103 30 -0.01 -0.02 -0.01 0.01 0.16 0.0
234 90 170 110 31 0.0 -0.02 -0.01 0.0 0.17 -0.01
235 89 175 112 31 0.01 -0.03 -0.0 -0.02 0.2 -0.03
236 83 191 105 31 0.0 -0.04 -0.0 -0.09 0.24 0.03
237 82 194 105 45 -0.01 -0.04 -0.0 -0.06 0.26 0.05
238 83 273 101 51 -0.03 -0.06 -0.0 0.06 0.19 0.16
239 99 274 97 47 -0.04 -0.08 0.0 0.13 0.27 0.22
240 113 306 102 48 -0.1 -0.09 0.02 0.18 0.32 0.13
241 125 347 103 48 -0.12 -0.14 0.04 0.39 0.37 0.4
242 140 441 102 43 -0.21 -0.19 0.12 0.66 0.24 0.39
243 159 522 105 40 -0.21 -0.28 0.15 0.25 0.1 0.38
244 178 538 106 39 -0.26 -0.6 0.15 -0.29 -0.04 0.13
245 173 519 104 60 -0.37 -1.07 0.18 -1.2 -0.46 0.15
246 163 486 104 54 -0.49 -1.27 0.19 -0.91 -0.66 0.23
247 163 496 104 49 -0.3 -1.35 0.11 0.08 -0.1 1.52
248 160 543 102 46 -0.24 -0.99 0.01 -0.45 0.09 1.12
249 147 512 108 43 -0.09 -0.83 -0.04 -0.91 0.06 1.15
250 144 515 104 41 0.34 -0.69 -0.08 -1.29 0.48 0.73
251 131 469 103 37 0.56 -1.16 -0.08 -5.03 -3.89 1.17
252 128 441 110 40 0.8 -1.55 -0.24 2.48 2.84 2.62
253 124 458 105 40 1.37 -2.4 -0.36 0.45 0.96 1.59
254 127 443 104 37 1.1 -1.5 -0.18 0.19 0.75 1.44
255 137 527 108 38 1.07 -1.18 -0.2 0.14 1.13 1.46
256 140 591 108 43 1.09 -1.0 -0.22 0.28 0.92 1.36
257 143 552 104 40 1.17 -1.18 -0.25 0.63 0.83 0.93
258 142 556 107 40 1.22 -1.27 -0.26 0.64 0.72 0.7
259 153 556 108 40 1.27 -1.23 -0.26 0.61 0.54 0.57
260 153 509 113 38 1.22 -1.01 -0.27 0.48 0.51 0.34
261 175 519 109 37 1.24 -0.94 -0.26 0.06 0.31 0.22
262 180 527 118 38 1.28 -0.9 -0.24 -0.09 0.22 0.31
263 193 564 123 38 1.27 -0.86 -0.21 -0.1 0.11 0.08
264 184 544 120 45 1.28 -0.82 -0.22 -0.2 0.06 -0.09
265 194 499 117 50 1.3 -0.76 -0.21 -0.1 -0.03 -0.58
266 200 505 110 45 1.26 -0.71 -0.2 -0.12 -0.22 -0.56
267 222 529 111 47 1.23 -0.67 -0.19 -0.17 -0.25 -0.72
268 227 589 119 50 1.19 -0.65 -0.2 -0.29 -0.41 -0.94
269 223 612 116 45 1.17 -0.61 -0.18 -0.17 -0.45 -1.11
270 216 599 120 45 1.13 -0.59 -0.18 -0.33 -0.37 -1.1
271 217 576 111 41 1.05 -0.56 -0.18 -0.47 -0.5 -0.74
272 225 540 112 40 0.99 -0.55 -0.18 -0.45 -0.47 -0.77
273 223 486 113 39 0.96 -0.55 -0.18 -0.47 -0.57 -0.84
274 225 580 113 44 0.9 -0.51 -0.17 -0.51 -0.54 -0.83
275 227 583 130 55 0.87 -0.5 -0.16 -0.67 -0.52 -0.86
276 213 569 136 49 0.8 -0.43 -0.11 -0.66 -0.45 -0.98
277 206 520 129 48 0.73 -0.44 -0.08 -0.65 -0.36 -1.0
278 214 492 123 44 0.69 -0.43 -0.06 -0.62 -0.37 -1.0
279 210 535 129 45 0.6 -0.41 -0.03 -0.63 -0.24 -1.25
280 199 536 128 42 0.5 -0.34 0.0 -0.55 -0.28 -1.17
281 201 507 136 42 0.44 -0.3 0.02 -0.53 -0.23 -1.44
282 207 575 134 44 0.33 -0.29 0.02 -0.55 -0.24 -1.53
283 202 579 149 44 0.25 -0.3 0.04 -0.72 -0.21 -1.51
284 203 538 144 45 0.21 -0.27 0.04 -0.39 -0.16 -1.18
285 189 625 153 48 0.11 -0.16 0.04 -0.34 -0.15 -1.09
286 218 680 167 48 0.01 -0.1 0.02 -0.42 -0.06 -1.08
287 210 629 197 47 -0.03 -0.09 0.01 -0.35 -0.01 -0.92
288 221 607 184 50 -0.11 -0.07 -0.03 -0.39 0.01 -0.85
289 206 605 168 54 -0.24 -0.0 -0.05 -0.3 0.13 -0.06
290 201 645 152 53 -0.29 0.01 -0.09 -0.32 0.17 -0.28
291 183 624 152 57 -0.34 0.03 -0.15 -0.36 0.33 -0.8
292 181 599 154 53 -0.34 0.09 -0.14 -0.27 0.29 -1.35
293 217 586 143 51 -0.34 0.11 -0.1 0.07 0.26 -0.51
294 217 549 140 49 -0.34 0.07 -0.06 -0.09 0.19 -0.11
295 198 600 136 56 -0.25 -0.03 -0.05 -0.42 0.29 0.11
296 202 542 135 56 -0.22 -0.04 -0.03 -0.36 0.32 0.03
297 183 541 131 53 -0.2 -0.02 0.01 -0.32 0.31 -0.09
298 180 559 139 50 -0.16 -0.03 0.05 -0.15 0.18 0.0
299 169 542 134 46 -0.12 -0.05 0.05 -0.13 0.15 -0.13
300 170 514 132 47 -0.06 -0.08 0.07 -0.19 0.17 -0.02
301 177 626 126 46 -0.03 -0.06 0.09 -0.17 0.12 0.16
302 164 561 123 42 -0.02 -0.05 0.09 -0.19 0.17 -0.05
303 145 535 121 43 0.01 -0.03 0.09 -0.19 0.11 -0.2
304 140 498 122 47 0.01 -0.02 0.1 -0.02 0.12 -0.33
305 146 495 122 44 0.0 -0.02 0.1 0.01 0.11 -0.39
306 149 475 117 41 -0.01 -0.03 0.1 -0.05 0.18 -0.43
307 144 460 119 43 -0.01 -0.02 0.1 -0.09 0.15 -0.43
308 132 463 116 42 -0.02 -0.02 0.09 -0.07 0.1 -0.34
309 135 483 128 39 -0.03 -0.01 0.09 -0.01 0.14 -0.31
310 129 494 125 39 -0.03 -0.03 0.07 -0.1 0.1 -0.33
311 123 581 121 38 -0.02 -0.04 0.06 -0.09 0.16 -0.28
312 132 548 133 36 -0.02 -0.04 0.05 -0.01 0.16 -0.26
313 135 537 136 35 -0.02 -0.0 0.05 -0.11 0.2 -0.29
314 127 517 131 36 -0.03 0.0 0.06 -0.04 0.18 -0.34
315 134 523 132 33 -0.02 -0.01 0.06 -0.06 0.16 -0.34
316 134 518 134 33 -0.02 -0.02 0.05 0.0 0.12 -0.21
317 137 561 133 32 -0.02 -0.01 0.05 -0.06 0.12 -0.27
318 123 546 129 33 -0.01 -0.0 0.04 0.0 0.16 -0.3
319 125 505 134 32 -0.01 0.01 0.03 0.02 0.17 -0.19
320 132 468 135 31 -0.01 0.01 0.03 0.08 0.19 -0.21
321 132 491 134 30 -0.01 0.03 0.02 -0.1 0.19 -0.22
322 135 488 130 31 -0.02 0.05 0.01 -0.1 0.2 -0.13
323 130 532 124 33 -0.02 0.05 0.02 -0.04 0.15 -0.16
324 131 556 128 31 -0.02 0.04 0.01 -0.07 0.14 -0.24
325 135 521 139 30 -0.02 0.03 0.0 -0.09 0.09 -0.17
326 146 512 136 33 -0.02 0.04 0.01 -0.07 0.08 -0.16
327 158 554 133 32 -0.02 0.04 0.01 -0.11 0.08 -0.2
328 159 545 137 31 -0.03 0.03 0.01 -0.09 0.06 -0.18
329 157 549 134 34 -0.03 0.04 0.01 -0.18 0.05 -0.21
330 164 518 131 36 -0.04 0.05 0.01 -0.14 0.04 -0.26
331 170 501 130 37 -0.04 0.05 0.02 -0.13 0.03 -0.24
332 157 504 136 34 -0.03 0.04 0.03 -0.11 0.02 -0.2
333 146 515 145 33 -0.03 0.04 0.03 -0.1 0.03 -0.25
334 146 503 140 34 -0.04 0.06 0.03 -0.12 0.03 -0.17
335 155 484 133 33 -0.06 0.06 0.03 -0.1 0.03 -0.15
336 135 501 131 35 -0.05 0.03 0.01 -0.07 0.04 -0.26
337 141 476 125 32 -0.04 0.02 0.01 0.0 0.06 -0.14
338 134 487 128 32 -0.04 0.02 0.01 0.01 0.02 -0.09
339 137 486 122 32 -0.04 0.02 0.01 -0.03 0.04 -0.11
340 142 506 118 36 -0.03 0.03 -0.0 -0.05 0.05 -0.13
341 140 488 120 35 -0.03 0.04 -0.0 -0.06 0.13 -0.17
342 125 490 115 33 -0.03 0.03 -0.01 -0.02 0.19 -0.14
343 121 478 116 33 -0.03 0.02 -0.02 -0.02 0.19 -0.07
344 121 499 107 31 -0.03 0.03 -0.02 -0.01 0.22 -0.09
345 127 477 109 33 -0.03 0.03 -0.02 -0.05 0.22 -0.09
346 135 449 108 31 -0.02 0.03 -0.01 -0.04 0.14 -0.08
347 129 399 101 30 -0.03 0.03 0.0 -0.05 0.08 -0.13
348 126 404 111 31 -0.02 0.03 0.01 -0.12 0.05 -0.18
349 127 374 108 31 -0.02 0.05 0.02 -0.15 0.07 -0.19
350 130 344 105 26 -0.03 0.07 0.02 -0.19 -0.01 -0.34
351 122 294 103 41 -0.04 0.07 0.02 -0.16 -0.02 -0.37
352 144 283 100 37 -0.08 0.09 0.03 -0.12 -0.07 -0.47
353 133 257 99 34 -0.1 0.13 0.05 -0.03 -0.08 -0.47
354 129 266 96 34 -0.18 0.19 0.08 -0.07 -0.12 -0.39
355 143 260 94 38 -0.28 0.25 0.1 -0.09 -0.17 -0.34
356 133 236 92 34 -0.32 0.3 0.1 -0.15 -0.12 -0.56
357 126 226 91 32 -0.41 0.48 0.14 -0.07 -0.09 -1.54
358 121 213 91 31 -0.5 0.76 0.19 -0.26 -0.21 -1.63
359 116 198 89 29 -0.54 0.88 0.21 -0.41 -0.27 -1.62
360 119 187 88 28 -0.63 1.04 0.23 -0.71 -0.51 -1.41
361 119 191 88 27 -0.72 1.02 0.23 -0.41 -0.52 -1.46
362 117 188 86 27 -0.75 1.02 0.24 -0.1 -0.54 -1.97
363 111 193 86 26 -0.79 1.18 0.24 -0.1 -0.42 -2.26
364 116 196 85 26 -0.94 1.44 0.25 0.09 -0.26 -2.29
365 119 202 82 26 -1.02 1.58 0.22 -0.08 -0.26 -2.37
366 110 192 83 28 -1.22 1.8 0.17 -0.52 -0.15 -2.47
367 107 203 82 30 -1.54 2.04 0.16 -0.57 -0.25 -2.36
368 96 191 80 27 -1.7 2.06 0.13 -0.16 -0.47 -2.3
369 95 205 79 31 -1.67 1.9 -0.03 -0.01 -0.34 -2.26
370 92 200 81 30 -1.73 1.49 -0.14 -0.25 -0.26 -1.93
371 91 180 79 29 -1.71 1.37 -0.18 -0.03 -0.34 -1.58
372 91 167 82 29 -1.72 1.4 -0.24 0.15 0.01 -1.23
373 83 169 83 29 -1.84 1.75 -0.28 0.1 -0.12 0.33
374 82 189 80 29 -1.87 1.93 -0.32 0.0 0.0 1.24
375 82 200 82 28 -1.91 2.13 -0.45 0.0 -0.1 1.38
376 77 271 81 28 -1.8 2.2 -0.62 -0.44 -0.13 1.17
377 69 302 82 31 -1.75 2.12 -0.51 -0.63 -0.59 1.0
378 71 263 95 30 -1.23 1.98 -0.67 -0.43 -0.41 0.75
379 66 235 98 30 -1.0 1.83 -0.73 -0.71 -0.35 0.53
380 66 209 93 30 -0.97 1.77 -0.7 -0.46 -0.49 0.28
381 70 196 98 30 -0.94 1.72 -0.63 -1.17 -0.62 0.56
382 78 179 96 32 0.47 -0.21 -0.68 -9.71 -0.33 15.67
383 72 163 99 34 0.15 -1.08 -0.35 -1.76 1.13 2.28
384 75 156 97 34 -0.12 -2.25 0.1 -0.25 -0.05 -3.1
385 72 150 95 35 0.51 -0.64 0.02 0.77 0.31 0.89
386 72 146 94 38 0.39 -0.19 -0.02 1.14 0.51 1.32
387 81 147 94 37 -0.1 -0.3 -0.05 1.47 0.52 -0.17
388 81 145 93 36 -0.39 -0.75 0.01 0.79 0.3 -0.11
389 80 144 93 36 -0.41 -0.68 0.04 0.53 0.01 0.51
390 77 144 93 37 -0.15 -0.17 -0.01 0.83 -0.14 0.05
391 74 141 93 35 0.09 0.26 -0.06 0.63 -0.16 -0.13
392 73 140 93 35 0.11 0.41 -0.06 0.44 -0.27 -0.13
393 77 139 92 35 0.13 0.5 -0.1 -0.26 -0.18 -0.13
394 73 136 90 34 0.14 0.3 -0.07 -0.46 -0.22 -0.16
395 68 132 88 34 0.2 0.19 -0.06 -0.54 -0.02 -0.19
396 73 135 91 36 0.19 -0.05 0.02 -0.28 0.1 -0.07
397 77 137 93 36 0.19 -0.17 0.01 -0.14 0.03 0.04
398 75 136 93 34 0.17 -0.19 0.02 -0.02 0.1 0.1
399 84 144 93 33 0.15 -0.15 0.01 0.23 0.27 0.14
400 83 145 94 32 0.14 -0.08 -0.0 0.28 0.28 0.19
401 79 144 93 31 0.13 -0.03 -0.01 0.19 0.3 0.16
402 85 149 99 32 0.09 0.03 -0.03 0.05 0.22 0.1
403 85 149 100 32 0.06 0.04 -0.03 -0.08 0.11 0.05
404 79 145 95 31 0.05 0.03 -0.03 -0.09 0.07 0.04
405 84 148 95 31 0.04 0.01 -0.02 -0.05 0.08 0.0
406 81 146 93 32 0.03 -0.02 -0.0 -0.01 0.1 0.03
407 79 146 91 32 0.02 -0.02 0.0 0.01 0.11 0.02
408 90 149 97 32 0.01 -0.03 0.01 0.07 0.1 0.09
409 87 152 95 32 -0.01 -0.01 0.02 0.12 0.16 0.06
410 85 150 102 33 -0.02 -0.0 0.01 0.06 0.13 0.0
411 91 155 102 33 -0.04 0.02 0.01 0.03 0.06 0.0
412 86 153 99 32 -0.04 0.03 0.01 -0.01 0.04 0.03
-100 -100 -100 -100 -100 -100 -100 -100 -100 -100 -100
413 79 147 94 32 -0.04 0.03 0.02 -0.04 0.04 -0.02
414 81 148 90 33 -0.03 0.01 0.02 -0.08 0.02 -0.08
415 74 145 87 32 -0.01 -0.01 0.02 -0.03 0.02 -0.05
416 75 146 85 33 -0.01 -0.01 0.02 0.04 0.05 0.0
417 86 154 91 33 0.01 0.01 0.01 0.03 0.07 -0.03
418 90 155 92 33 0.01 0.02 0.01 0.01 0.08 0.02
419 87 156 94 32 0.01 0.03 0.01 0.0 0.1 0.0
420 88 158 91 33 0.02 0.03 0.0 -0.07 0.09 -0.02
421 84 155 88 33 0.02 0.01 0.01 -0.07 0.07 -0.01
422 91 160 91 33 0.01 0.0 0.01 -0.01 0.08 0.02
423 99 168 97 33 0.02 -0.01 0.01 0.0 0.08 -0.03
424 93 165 102 33 0.02 -0.0 0.01 0.03 0.07 0.0
425 102 170 107 33 0.02 0.01 0.01 0.02 0.12 0.0
426 105 174 108 33 0.02 0.01 0.01 -0.01 0.09 0.02
427 98 168 106 33 0.01 0.01 0.01 -0.03 0.08 -0.01
428 103 172 104 33 0.02 0.02 0.01 0.0 0.08 0.0
429 113 179 108 33 0.01 0.0 0.01 0.0 0.09 0.0
430 108 176 105 34 0.01 0.0 0.01 0.0 0.07 -0.02
431 111 177 104 34 0.01 0.0 0.01 -0.04 0.09 0.0
432 109 177 106 33 0.01 -0.0 0.01 -0.04 0.07 0.0
433 101 172 101 33 0.01 -0.01 0.02 -0.02 0.06 0.0
434 101 170 104 33 0.0 -0.01 0.01 0.0 0.1 0.01
435 106 174 111 33 0.01 -0.01 0.01 0.0 0.1 0.02
436 100 171 107 33 0.01 -0.0 0.01 0.01 0.1 0.03
437 108 173 107 34 0.01 0.0 0.01 0.01 0.1 0.0
438 110 176 108 34 0.0 0.0 0.01 -0.02 0.11 0.02
439 102 170 107 34 0.01 0.01 0.0 -0.04 0.11 -0.01
440 103 166 106 33 0.01 0.01 -0.0 -0.02 0.12 0.0
441 101 166 106 34 0.01 0.01 -0.01 -0.01 0.1 0.02
442 94 160 103 34 0.01 0.0 -0.01 -0.03 0.1 0.0
443 99 159 104 33 0.0 0.0 -0.01 -0.04 0.11 0.0
444 101 162 106 34 -0.0 -0.01 -0.0 0.0 0.11 0.0
445 93 157 100 33 -0.01 -0.01 -0.0 0.01 0.1 0.0
446 93 154 96 32 -0.01 -0.01 0.0 0.01 0.07 -0.01
447 99 159 96 33 -0.01 -0.01 0.01 0.05 0.06 0.01
448 93 155 94 32 -0.01 -0.01 0.01 0.02 0.06 -0.03
449 91 152 93 33 -0.01 -0.0 0.01 -0.01 0.09 -0.04
450 90 151 94 32 -0.01 0.0 0.01 -0.07 0.1 -0.03
451 85 148 97 31 0.0 -0.01 0.01 -0.05 0.11 -0.02
452 90 148 98 31 0.0 -0.01 0.01 -0.05 0.08 0.01
453 101 157 99 31 -0.0 -0.02 0.0 0.03 0.12 0.02
454 93 155 99 32 -0.0 -0.01 -0.0 0.0 0.1 0.02
455 89 151 94 31 -0.01 -0.01 -0.01 -0.02 0.14 0.03
456 86 149 93 31 -0.01 0.0 -0.01 -0.01 0.08 0.0
457 81 146 89 31 -0.01 0.0 -0.01 -0.07 0.1 -0.03
458 81 143 89 30 -0.01 -0.01 -0.01 0.0 0.07 0.0
459 83 145 93 30 -0.01 -0.02 -0.01 0.05 0.06 -0.02
460 78 141 89 30 -0.01 -0.02 -0.0 0.04 0.07 0.01
461 83 142 95 30 -0.01 -0.01 0.0 0.04 0.08 0.02
462 88 145 94 30 -0.01 0.0 0.01 -0.03 0.08 -0.03
463 85 144 91 30 -0.02 0.01 0.01 -0.06 0.13 0.0
464 90 144 96 31 -0.02 0.0 0.01 -0.03 0.15 0.0
465 100 154 99 31 -0.02 -0.01 0.0 0.01 0.1 0.0
466 93 152 99 31 -0.02 -0.01 -0.0 0.01 0.08 0.0
467 89 149 103 30 -0.03 -0.01 0.0 0.0 0.06 0.0
-200 -200 -200 -200 -200 -200 -200 -200 -200 -200 -200
468 88 147 98 32 -0.02 -0.0 0.01 -0.02 0.06 -0.02
469 85 145 100 29 -0.02 -0.01 0.01 -0.05 0.11 0.01
470 84 144 98 30 -0.02 -0.01 0.01 -0.02 0.14 0.03
471 82 144 94 30 -0.02 -0.01 0.01 -0.01 0.13 -0.01
472 82 164 91 30 -0.02 -0.02 0.01 0.04 0.11 0.02
473 90 173 91 32 -0.01 -0.02 0.01 0.0 0.11 0.0
474 105 185 97 32 -0.01 -0.02 0.01 0.05 0.07 0.01
475 102 230 95 32 0.03 -0.05 0.0 0.04 0.11 0.0
476 112 244 91 31 0.0 -0.05 -0.0 -0.1 0.01 0.0
477 107 264 87 33 0.04 -0.1 -0.02 -0.04 0.03 -0.06
478 112 297 84 42 0.07 -0.16 0.01 0.06 0.15 0.08
479 114 316 83 53 0.05 -0.17 0.03 0.02 0.19 0.09
480 129 305 84 49 0.05 -0.2 0.05 -0.08 0.17 0.05
481 123 300 84 45 -0.02 -0.36 0.11 0.13 0.15 0.03
482 118 293 83 64 -0.06 -0.42 0.15 0.38 0.29 0.05
483 143 356 88 57 -0.09 -0.56 0.19 0.01 0.07 0.4
484 137 359 94 56 -0.11 -0.44 0.19 0.13 0.01 0.2
485 138 351 89 51 0.02 -0.32 0.15 -0.03 -0.08 0.04
486 135 345 94 47 0.17 -0.34 0.13 -0.09 -0.05 0.28
487 128 379 90 49 0.11 -0.48 0.15 -0.06 0.12 0.48
488 119 384 87 48 0.05 -0.54 0.15 -0.21 0.04 1.29
489 122 420 87 46 -0.03 -0.82 0.12 -0.09 0.03 1.44
490 122 432 85 48 0.08 -0.91 0.11 -0.62 0.35 1.24
491 123 404 83 43 0.23 -0.9 0.1 -0.7 0.25 1.33
492 131 444 96 39 1.18 -1.7 -0.47 3.07 3.38 2.85
493 126 427 96 38 0.94 -1.36 -0.09 0.03 0.47 1.9
494 112 461 93 36 1.04 -1.29 -0.03 0.57 0.99 1.93
495 112 439 105 34 1.14 -1.04 -0.08 0.19 0.82 1.78
496 113 432 101 33 1.28 -1.07 -0.1 0.12 0.65 1.63
497 104 413 102 33 1.35 -1.22 -0.12 0.36 0.62 1.37
498 110 468 101 31 1.5 -1.54 -0.17 0.38 0.74 0.89
499 110 472 97 32 1.53 -1.57 -0.18 0.62 0.62 0.87
500 100 527 98 30 1.52 -1.46 -0.19 0.51 0.53 0.74
501 106 587 105 29 1.5 -1.22 -0.23 0.15 0.34 0.17
502 112 561 100 29 1.5 -1.05 -0.23 -0.07 0.07 -0.09
503 114 551 96 30 1.5 -1.04 -0.24 0.0 0.07 -0.25
504 119 567 100 34 1.48 -1.01 -0.26 -0.1 0.03 -0.23
505 123 568 98 36 1.36 -0.93 -0.24 -0.13 -0.03 -0.24
506 122 677 99 43 1.32 -0.86 -0.25 -0.18 -0.16 -0.6
507 118 613 98 40 1.3 -0.71 -0.26 -0.26 -0.19 -1.26
508 122 677 103 43 1.19 -0.63 -0.22 -0.32 -0.28 -1.37
509 114 675 103 41 1.14 -0.64 -0.2 -0.23 -0.36 -1.25
510 141 663 100 40 1.09 -0.66 -0.21 -0.47 -0.5 -1.05
511 176 759 102 68 1.07 -0.66 -0.21 -0.67 -0.5 -1.32
512 178 719 101 65 0.99 -0.58 -0.17 -0.68 -0.51 -1.49
513 164 884 105 60 0.91 -0.5 -0.13 -0.63 -0.59 -1.82
514 163 816 122 56 0.84 -0.51 -0.11 -0.34 -0.81 -1.06
515 178 909 118 54 0.8 -0.48 -0.1 -0.38 -0.69 -0.7
516 172 911 126 57 0.7 -0.39 -0.08 -0.79 -0.76 -0.86
517 216 955 124 75 0.69 -0.34 -0.07 -0.77 -0.52 -1.33
518 203 911 126 72 0.61 -0.3 -0.04 -0.68 -0.49 -1.5
519 190 867 148 74 0.53 -0.27 -0.02 -0.58 -0.41 -1.45
520 191 897 139 75 0.48 -0.23 0.0 -0.54 -0.42 -0.79
521 184 871 162 77 0.39 -0.17 0.02 -0.55 -0.36 -0.81
522 175 909 146 75 0.29 -0.15 0.04 -0.38 -0.28 -1.08
523 192 945 146 68 0.24 -0.13 0.06 -0.32 -0.13 -1.08
524 180 871 141 62 0.12 -0.06 0.09 -0.48 -0.09 -1.18
525 189 796 152 55 0.03 -0.08 0.12 -0.29 -0.04 -1.05
526 196 811 147 56 -0.01 -0.06 0.14 -0.12 0.06 -0.69
527 171 750 136 50 -0.12 -0.07 0.14 -0.14 0.22 -0.9
528 191 770 143 50 -0.21 -0.06 0.13 -0.25 0.23 -1.3
529 176 768 134 48 -0.27 -0.05 0.13 0.08 0.17 -0.74
530 168 741 135 45 -0.32 -0.02 0.11 -0.03 0.15 -0.54
531 178 785 129 59 -0.34 -0.01 0.07 -0.03 0.12 -0.01
532 167 797 125 53 -0.34 -0.01 0.04 -0.06 0.17 -0.11
533 159 747 126 48 -0.33 0.05 0.0 -0.16 0.11 -0.18
534 164 818 130 53 -0.3 0.05 -0.01 -0.16 0.14 0.24
535 152 791 130 51 -0.28 0.05 -0.02 -0.22 0.22 0.31
536 147 769 126 50 -0.24 0.07 -0.03 -0.4 0.36 -0.06
537 134 730 124 45 -0.2 0.06 -0.03 -0.43 0.37 -0.38
538 122 691 136 43 -0.18 0.03 -0.03 -0.27 0.32 0.01
539 129 722 134 41 -0.15 0.03 0.0 -0.34 0.34 0.08
540 145 715 128 40 -0.13 0.08 0.02 -0.32 0.3 -0.01
541 146 660 122 43 -0.13 0.1 0.03 -0.39 0.31 -0.11
542 159 640 120 41 -0.11 0.11 0.06 -0.32 0.2 -0.12
543 139 612 120 44 -0.09 0.08 0.07 0.0 0.11 -0.15
544 128 550 127 40 -0.08 0.07 0.07 0.02 0.09 -0.02
545 132 535 117 37 -0.07 0.06 0.06 0.09 0.02 0.03
546 138 507 117 37 -0.06 0.08 0.06 0.17 0.03 0.04
547 161 468 117 41 -0.07 0.1 0.06 0.08 0.03 -0.18
548 147 501 116 38 -0.07 0.09 0.04 0.12 0.0 -0.21
549 134 472 126 36 -0.07 0.06 0.04 0.1 0.01 -0.19
550 122 434 124 35 -0.08 0.05 0.04 0.06 -0.03 -0.17
551 124 424 119 37 -0.07 0.02 0.03 0.0 0.0 -0.19
552 144 446 117 36 -0.08 0.02 0.05 0.06 -0.04 -0.13
553 129 496 121 35 -0.08 0.03 0.05 0.0 -0.02 -0.11
554 126 508 118 33 -0.08 0.0 0.06 0.04 0.01 -0.15
555 120 484 123 33 -0.08 -0.03 0.05 -0.01 0.08 -0.21
556 117 462 128 38 -0.09 -0.03 0.05 -0.04 0.09 -0.15
557 107 486 123 36 -0.09 -0.03 0.04 -0.05 0.07 -0.07
558 113 526 116 37 -0.08 -0.05 0.03 -0.05 0.05 -0.06
559 111 478 125 39 -0.07 -0.04 0.03 -0.09 0.14 -0.14
560 109 483 133 36 -0.07 0.0 0.0 -0.16 0.19 -0.19
561 113 493 144 33 -0.05 0.0 -0.02 -0.11 0.22 -0.08
562 120 468 144 36 -0.05 0.01 -0.02 -0.13 0.2 0.01
563 110 565 138 38 -0.05 -0.01 -0.03 -0.19 0.19 -0.06
564 113 693 133 36 -0.03 -0.0 -0.03 -0.21 0.22 -0.1
565 131 719 138 35 -0.04 0.01 -0.03 -0.19 0.19 -0.21
566 145 695 139 39 -0.03 0.03 -0.03 -0.18 0.17 -0.3
567 135 644 141 36 -0.02 0.03 -0.02 -0.28 0.15 -0.34
568 128 616 137 35 -0.02 0.01 -0.02 -0.24 0.1 -0.16
569 123 576 136 33 -0.01 -0.03 -0.01 -0.27 0.09 -0.13
570 113 579 126 38 -0.01 -0.01 0.01 -0.27 0.14 -0.14
571 122 577 119 39 -0.02 0.0 0.01 -0.23 0.14 -0.19
572 124 581 116 37 -0.02 0.04 0.02 -0.2 0.12 -0.22
573 129 569 121 46 -0.02 0.02 0.02 -0.15 0.09 -0.24
574 136 563 117 42 -0.02 0.0 0.02 -0.12 0.11 -0.2
575 137 547 110 39 -0.02 0.02 0.03 -0.03 0.06 -0.16
576 140 510 112 37 -0.03 0.04 0.03 -0.06 0.07 -0.08
577 133 590 118 37 -0.02 0.03 0.02 -0.11 0.04 -0.11
578 130 581 129 36 -0.02 0.02 0.01 -0.08 0.05 -0.07
579 127 686 131 38 -0.02 0.03 0.01 -0.08 0.07 -0.12
580 128 635 126 39 -0.03 0.05 0.01 -0.06 0.05 -0.18
581 128 615 131 41 -0.02 0.05 0.01 -0.07 0.04 -0.14
582 140 610 120 39 -0.02 0.03 0.02 -0.09 0.01 -0.19
583 136 591 124 38 -0.02 0.03 0.02 -0.05 0.03 -0.25
584 138 601 128 37 -0.03 0.02 0.03 -0.01 0.02 -0.24
585 137 590 123 36 -0.04 0.0 0.03 0.05 0.01 -0.23
586 139 552 120 35 -0.05 -0.01 0.03 0.06 0.06 -0.11
587 139 516 118 36 -0.04 -0.01 0.03 0.08 0.05 -0.02
588 128 491 110 34 -0.05 0.02 0.03 0.03 0.06 -0.12
589 134 487 115 34 -0.04 0.02 0.02 0.08 0.06 -0.01
590 134 470 115 33 -0.03 0.01 0.01 0.12 0.06 -0.03
591 124 457 115 31 -0.02 -0.01 -0.01 0.01 0.07 -0.07
592 114 501 114 33 -0.02 -0.01 -0.02 0.02 0.09 -0.1
593 118 439 108 33 -0.02 0.01 -0.02 -0.04 0.07 -0.14
594 116 418 107 32 -0.02 0.01 -0.01 -0.08 0.05 -0.28
595 140 446 103 32 -0.02 0.0 -0.01 -0.27 -0.07 -0.29
596 131 413 103 32 -0.03 -0.02 0.01 -0.25 -0.07 -0.28
597 122 392 105 31 -0.05 -0.01 0.03 -0.26 -0.09 -0.36
598 128 360 103 33 -0.07 0.0 0.05 -0.3 -0.17 -0.47
599 131 353 102 40 -0.1 0.0 0.08 -0.26 -0.18 -0.51
600 123 315 99 48 -0.15 0.02 0.11 -0.17 -0.17 -0.64
601 119 318 95 43 -0.17 0.04 0.13 -0.15 -0.21 -0.92
602 107 302 91 39 -0.23 0.1 0.2 -0.08 -0.23 -1.11
603 103 296 89 36 -0.29 0.14 0.27 -0.43 -0.32 -1.03
604 98 262 86 35 -0.31 0.1 0.29 -0.52 -0.38 -0.77
605 87 240 83 33 -0.31 0.05 0.32 -0.47 -0.28 -0.81
606 82 243 83 31 -0.38 0.07 0.35 -0.38 -0.11 -0.93
607 78 223 80 32 -0.43 0.12 0.36 -0.29 -0.08 -0.89
608 85 215 79 32 -0.55 0.31 0.37 -0.29 -0.11 -0.91
609 82 228 77 30 -0.69 0.55 0.39 -0.22 0.0 -0.8
610 82 244 76 30 -0.76 0.71 0.41 -0.03 -0.04 -0.82
611 79 242 75 29 -0.83 1.02 0.42 -0.02 -0.03 -1.02
612 74 229 73 28 -0.9 1.37 0.4 -0.23 -0.13 -0.9
613 72 210 71 30 -0.99 1.5 0.41 -0.43 -0.37 -0.55
614 74 198 71 29 -1.11 1.56 0.39 -0.24 -0.34 -0.41
615 73 187 69 29 -1.16 1.51 0.34 -0.07 -0.24 -0.21
616 85 184 70 28 -1.19 1.56 0.31 -0.17 -0.49 0.08
617 101 228 70 27 -1.21 2.24 0.29 -0.12 -0.53 0.06
618 98 213 69 29 -1.22 3.51 0.26 0.3 -0.33 -0.77
619 99 205 73 26 -1.0 4.25 0.19 0.16 0.36 -1.85
620 93 200 76 26 -0.94 5.79 -0.06 0.32 0.32 -1.52
621 88 187 76 27 -1.08 5.92 -0.14 0.0 0.12 -0.08
622 85 212 79 26 -1.11 5.84 -0.25 -0.08 -0.04 0.53
623 85 231 84 26 -1.15 4.36 -0.62 -1.04 0.12 0.81
624 82 224 84 26 -1.23 3.66 -0.54 0.29 -0.47 0.74
625 105 240 88 29 -0.98 2.99 -0.69 0.16 -0.23 -0.09
626 102 227 88 29 -0.94 2.16 -0.75 0.26 -0.12 -0.36
627 93 205 94 29 -0.83 2.16 -0.63 0.32 -0.81 -0.28
-100 -100 -100 -100 -100 -100 -100 -100 -100 -100 -100
628 98 189 100 30 -0.82 2.26 -0.67 0.59 -0.56 -0.19
629 97 199 100 31 -1.03 2.54 -0.79 0.9 -0.21 -0.11
630 93 210 99 33 -1.09 2.49 -0.91 1.21 -0.51 -0.43
631 119 226 103 51 -1.03 2.16 -1.02 -1.05 -1.04 0.9
632 113 237 104 47 0.24 -1.8 -0.0 -7.81 3.54 0.2
633 125 232 103 43 0.17 -1.55 0.34 1.77 -1.23 -2.51
634 124 217 110 42 0.53 -0.13 0.21 0.73 -0.82 -1.16
635 119 209 111 41 0.52 0.78 0.01 -0.3 0.42 1.18
636 113 197 112 39 0.3 0.34 -0.06 1.17 0.33 1.18
637 123 204 115 39 0.15 0.15 -0.07 1.42 0.17 0.98
638 121 213 114 38 -0.1 -0.2 -0.06 0.45 0.2 0.77
639 113 199 110 37 -0.26 -0.36 0.0 -0.15 -0.06 -0.35
640 111 196 109 37 -0.26 -0.37 0.01 -0.31 0.0 -0.48
641 109 192 108 36 -0.28 -0.24 0.01 -0.27 -0.16 0.02
642 100 179 103 35 -0.29 -0.01 -0.03 -0.02 -0.05 0.19
643 102 170 101 36 -0.29 0.02 -0.03 -0.06 -0.15 0.25
644 94 175 99 34 -0.29 -0.01 -0.04 -0.01 -0.17 0.04
645 87 174 98 33 -0.25 -0.09 -0.03 -0.06 -0.2 -0.06
646 100 166 102 35 -0.23 -0.12 -0.03 -0.2 -0.28 -0.14
647 90 163 97 34 -0.16 -0.18 -0.03 -0.23 -0.26 -0.26
648 82 159 92 34 -0.08 -0.17 -0.02 -0.22 -0.2 -0.19
649 83 164 91 35 -0.08 -0.2 -0.02 -0.25 -0.2 -0.1
650 78 159 90 33 -0.07 -0.27 -0.02 -0.14 -0.14 -0.05
651 74 159 86 32 -0.05 -0.34 -0.02 -0.12 -0.12 -0.07
652 70 153 83 32 -0.05 -0.35 -0.01 -0.1 -0.11 -0.04
653 73 149 82 32 -0.03 -0.35 -0.01 -0.01 -0.11 0.05
654 71 144 81 31 -0.03 -0.32 -0.01 0.01 -0.11 0.02
655 82 141 86 32 -0.03 -0.3 -0.01 -0.01 -0.08 0.06
656 79 142 93 32 -0.03 -0.26 -0.01 0.0 -0.06 0.09
657 74 141 89 31 -0.04 -0.22 -0.01 0.07 -0.04 0.15
658 77 140 87 32 -0.05 -0.2 -0.01 0.04 -0.08 0.2
659 75 142 86 31 -0.05 -0.14 -0.01 0.03 -0.09 0.16
660 73 141 88 31 -0.06 -0.11 -0.01 0.02 -0.08 0.04
661 75 140 88 31 -0.06 -0.09 -0.01 -0.01 -0.09 0.04
662 70 138 83 34 -0.05 -0.04 -0.01 -0.03 -0.13 0.05
663 76 136 83 35 -0.04 -0.03 -0.01 -0.06 -0.12 -0.03
664 81 133 82 31 -0.03 -0.04 -0.0 -0.09 -0.13 -0.03
665 77 132 79 30 -0.03 -0.09 0.0 -0.08 -0.07 -0.03
666 74 130 79 31 -0.03 -0.1 0.0 -0.17 -0.07 -0.03
667 78 132 81 32 -0.03 -0.1 0.0 -0.1 -0.04 -0.02
668 75 133 80 31 -0.03 -0.12 0.0 -0.11 -0.02 0.04
669 72 130 80 30 -0.03 -0.1 -0.0 -0.05 -0.04 0.03
670 72 129 81 31 -0.02 -0.09 -0.01 -0.09 -0.04 0.02
671 68 127 79 31 -0.02 -0.1 -0.01 -0.08 -0.01 0.02
672 73 126 79 30 -0.02 -0.11 -0.01 -0.05 -0.07 0.04
673 78 126 84 31 -0.02 -0.12 -0.01 -0.02 -0.07 0.01
674 70 126 81 30 -0.01 -0.11 -0.01 -0.06 -0.07 0.04
675 68 124 78 29 -0.01 -0.09 -0.01 -0.03 -0.05 0.04
676 71 126 79 30 -0.01 -0.08 -0.02 -0.03 -0.05 0.06
677 69 127 79 30 -0.01 -0.05 -0.02 -0.04 -0.05 0.05
678 67 125 81 29 -0.01 -0.04 -0.02 -0.01 -0.02 0.08
679 66 124 79 30 -0.02 -0.03 -0.02 -0.02 -0.01 0.08
680 66 125 81 30 -0.02 -0.02 -0.01 -0.02 -0.1 0.06
681 66 123 79 31 -0.02 -0.02 -0.01 0.0 -0.09 0.0
682 77 126 82 30 -0.01 -0.01 0.0 -0.03 -0.13 0.01
683 90 135 82 32 -0.01 0.0 0.0 -0.05 -0.13 0.01
684 87 140 85 31 -0.0 0.01 0.0 -0.08 -0.06 -0.02
685 97 148 92 34 0.0 0.01 0.0 -0.09 -0.05 -0.01
686 95 153 97 33 0.01 -0.01 0.0 -0.13 -0.03 -0.04
687 90 149 95 32 0.02 -0.04 -0.0 -0.15 -0.01 -0.06
688 89 146 96 33 0.02 -0.04 -0.0 -0.13 -0.04 -0.02
689 83 143 91 32 0.02 -0.06 -0.01 -0.04 -0.03 0.01
690 79 140 88 31 0.03 -0.06 -0.01 -0.05 -0.07 0.0
691 81 139 90 32 0.03 -0.07 -0.01 -0.05 -0.06 0.02
692 88 140 89 31 0.03 -0.07 0.01 -0.02 -0.06 0.05
693 87 140 93 31 0.03 -0.07 0.0 0.0 0.08 0.0
694 101 147 96 33 0.02 -0.08 0.0 -0.1 -0.05 0.03
695 98 150 94 32 0.02 -0.09 0.0 -0.1 -0.02 0.0
696 93 146 92 31 0.01 -0.1 0.0 -0.07 -0.02 0.04
697 98 149 93 33 0.01 -0.1 0.0 -0.06 -0.01 0.06
698 92 147 90 32 0.01 -0.09 -0.01 -0.03 -0.02 0.07
699 90 144 89 32 0.0 -0.07 -0.0 0.0 -0.04 0.1
700 92 146 95 32 -0.0 -0.06 -0.0 0.0 -0.05 0.1
701 91 146 95 32 -0.0 -0.06 0.0 0.0 -0.05 0.05
702 90 144 96 31 -0.0 -0.04 0.0 -0.06 -0.05 0.0
703 93 145 95 33 0.0 -0.04 0.01 -0.1 -0.05 -0.01
704 103 145 93 32 0.0 -0.04 0.01 -0.13 -0.05 -0.01
705 101 144 90 32 0.01 -0.06 0.01 -0.08 -0.03 0.0
706 112 151 96 32 0.01 -0.06 0.01 -0.11 0.0 0.0
-200 -200 -200 -200 -200 -200 -200 -200 -200 -200 -200
707 110 157 98 34 0.01 -0.06 0.0 -0.05 0.0 0.01
708 105 152 99 33 0.01 -0.06 -0.0 0.01 0.0 0.03
709 116 168 105 33 0.01 -0.04 -0.0 0.0 0.0 0.02
710 112 171 104 35 0.02 -0.02 -0.0 0.0 -0.02 0.06
711 107 163 101 34 0.02 -0.01 -0.0 0.01 0.0 0.03
712 112 166 103 36 0.02 -0.01 -0.01 -0.01 0.0 0.02
713 108 174 103 41 0.01 -0.01 -0.0 -0.04 -0.06 0.08
714 108 178 100 43 0.0 0.01 0.0 -0.04 -0.07 -0.1
715 117 198 107 48 -0.0 0.02 0.02 0.03 -0.07 -0.13
716 118 223 104 49 0.01 0.03 0.05 -0.01 -0.07 -0.05
717 121 292 105 56 0.02 0.04 0.08 0.04 -0.14 -0.05
718 140 298 109 82 0.09 0.04 0.09 0.0 -0.2 0.0
719 156 309 109 127 0.31 0.07 0.11 0.1 -0.01 -0.49
720 155 316 108 130 0.36 0.09 0.12 0.27 -0.02 -0.54
721 165 323 112 127 0.4 0.17 0.15 0.24 0.03 -0.61
722 167 338 109 122 0.51 -0.15 0.23 -0.86 0.2 0.1
723 183 355 112 107 0.57 -0.59 0.29 -1.15 0.03 2.11
724 169 339 110 91 0.65 -1.37 0.4 -1.18 -0.05 2.67
725 159 327 105 84 1.02 -1.73 0.34 -1.47 -0.41 2.77
726 182 330 105 75 1.12 -1.66 0.35 -1.68 0.78 3.01
727 186 359 117 68 1.72 -2.63 0.4 3.34 1.36 3.67
728 175 442 112 63 1.43 -3.0 0.44 -0.61 0.58 2.32
729 162 508 113 56 1.49 -2.83 0.4 -0.72 0.89 1.6
730 170 532 119 53 1.58 -2.55 0.33 -0.64 0.56 1.79
731 162 501 112 53 1.59 -2.44 0.31 -0.28 0.61 1.63
732 162 556 108 50 1.59 -2.59 0.3 -0.3 0.55 1.32
733 168 566 106 53 1.57 -3.06 0.25 -0.18 0.41 0.82
734 160 504 110 49 1.6 -3.27 0.16 0.0 0.26 -0.31
735 149 517 113 49 1.54 -3.1 0.15 0.37 0.11 -0.73
736 147 548 120 49 1.38 -2.51 0.1 0.09 -0.02 -0.41
737 139 551 116 47 1.32 -2.09 0.03 -0.28 -0.41 -0.31
738 138 541 108 46 1.28 -2.06 -0.01 -0.46 -0.29 -0.5
739 133 517 109 45 1.08 -2.12 -0.02 -0.52 -0.43 -0.65
740 124 505 124 43 0.95 -2.06 -0.1 -0.25 -0.23 -1.39
741 118 527 124 43 0.85 -1.91 -0.13 -0.16 -0.16 -1.27
742 121 511 122 42 0.68 -1.63 -0.18 -0.27 -0.4 -0.99
743 132 502 126 50 0.64 -1.47 -0.25 -0.47 -0.31 -0.97
744 158 512 124 47 0.58 -1.43 -0.27 -0.19 -0.41 -1.25
745 161 555 120 48 0.57 -1.28 -0.31 0.0 -0.33 -1.41
746 157 499 124 46 0.53 -1.06 -0.29 0.02 -0.42 -1.38
747 157 557 125 49 0.51 -0.98 -0.27 -0.35 -0.46 -0.7
748 170 557 121 49 0.45 -0.82 -0.24 -0.53 -0.51 -0.46
749 175 599 116 55 0.36 -0.66 -0.22 -0.61 -0.49 -0.37
750 167 621 118 59 0.34 -0.6 -0.23 -0.48 -0.47 -0.42
751 174 627 117 68 0.33 -0.53 -0.25 -0.27 -0.36 -0.44
752 183 650 123 66 0.27 -0.49 -0.24 -0.1 -0.37 -0.29
753 194 673 118 62 0.28 -0.48 -0.24 0.16 -0.29 -0.12
754 185 660 127 60 0.3 -0.38 -0.26 -0.04 -0.24 0.0
755 181 785 120 60 0.35 -0.32 -0.27 -0.07 -0.18 0.07
756 178 734 125 56 0.35 -0.32 -0.26 -0.34 -0.17 0.26
757 177 637 125 50 0.39 -0.35 -0.28 -0.4 -0.17 0.24
758 185 629 121 54 0.43 -0.38 -0.28 -0.48 -0.01 0.19
759 185 620 125 52 0.43 -0.37 -0.25 -0.5 -0.14 0.24
760 175 679 126 64 0.42 -0.35 -0.18 -0.58 -0.12 0.15
761 172 693 131 63 0.39 -0.28 -0.12 -0.58 -0.22 0.28
762 178 695 135 61 0.38 -0.27 -0.09 -0.52 -0.07 -0.69
763 193 614 145 61 0.41 -0.3 -0.05 -0.53 -0.12 -0.87
764 177 575 144 57 0.4 -0.37 0.03 -0.48 -0.09 -0.82
765 167 559 157 54 0.39 -0.39 0.07 -0.4 0.07 -0.52
766 167 544 149 56 0.31 -0.36 0.12 -0.36 0.27 -0.42
767 167 549 145 51 0.22 -0.38 0.15 -0.46 0.38 -0.59
768 155 554 145 50 0.18 -0.4 0.16 -0.35 0.43 -0.88
769 145 567 145 52 0.12 -0.39 0.18 -0.37 0.45 -0.93
770 156 599 136 54 0.03 -0.32 0.2 -0.17 0.38 -1.01
771 154 588 135 52 0.01 -0.29 0.2 -0.3 0.31 -0.95
772 141 564 148 53 -0.05 -0.28 0.2 -0.31 0.21 -0.83
773 135 545 147 75 -0.08 -0.3 0.18 -0.28 0.15 -0.55
774 124 599 138 72 -0.09 -0.28 0.18 -0.36 0.01 -0.45
775 139 602 132 69 -0.1 -0.2 0.17 -0.37 0.0 -0.37
776 176 600 131 66 -0.07 -0.18 0.13 -0.23 -0.25 -0.01
777 180 672 120 60 -0.05 -0.17 0.1 -0.43 -0.3 0.13
778 183 620 122 62 -0.01 -0.09 0.07 -0.49 -0.28 0.13
779 189 638 136 62 0.04 -0.05 0.03 -0.45 -0.23 0.17
780 168 690 131 58 0.05 -0.02 0.03 -0.55 -0.12 0.04
781 167 661 139 69 0.07 0.0 0.02 -0.47 0.0 -0.28
782 156 648 152 67 0.09 0.0 -0.0 -0.35 -0.04 -0.33
783 146 624 137 61 0.09 0.02 -0.01 -0.25 -0.03 -0.16
784 178 597 134 57 0.07 0.07 -0.01 -0.3 -0.07 -0.17
785 187 592 134 53 0.03 0.11 0.02 -0.28 -0.1 -0.31
786 187 690 135 60 0.01 0.11 0.02 -0.26 -0.08 -0.44
787 166 643 128 55 -0.01 0.08 0.04 -0.07 -0.05 -0.51
788 165 627 126 53 -0.03 0.05 0.04 -0.06 0.0 -0.26
789 154 618 126 50 -0.03 0.05 0.04 0.06 0.0 -0.26
790 178 587 128 48 -0.04 0.07 0.04 0.1 0.0 -0.17
791 174 583 130 44 -0.07 0.1 0.02 0.07 -0.03 -0.16
792 182 623 123 44 -0.08 0.1 0.01 0.02 -0.01 -0.13
793 164 570 119 41 -0.09 0.1 0.01 -0.04 0.0 -0.16
794 161 514 132 40 -0.09 0.08 0.01 -0.01 0.0 -0.21
795 147 499 123 37 -0.08 0.09 0.01 -0.08 0.08 -0.23
796 137 508 117 36 -0.1 0.11 0.03 -0.07 0.03 -0.07
797 156 532 119 36 -0.1 0.08 0.05 -0.08 0.1 0.12
798 164 479 120 35 -0.11 0.07 0.05 -0.16 0.14 -0.09
799 159 561 125 35 -0.11 0.07 0.05 -0.03 0.15 -0.19
800 152 567 121 34 -0.1 0.05 0.04 -0.06 0.15 -0.17
801 141 515 121 33 -0.1 0.04 0.04 0.0 0.12 -0.1
802 138 517 120 35 -0.09 0.04 0.03 -0.01 0.18 -0.03
803 138 531 125 36 -0.09 0.06 0.02 0.02 0.09 0.01
804 152 514 131 36 -0.08 0.07 0.02 0.06 0.16 0.1
805 158 525 141 37 -0.05 0.07 0.01 0.04 0.16 0.13
806 169 500 137 39 -0.04 0.08 -0.01 0.0 0.16 0.04
807 154 555 135 38 -0.04 0.08 -0.01 -0.08 0.11 -0.02
808 141 519 130 40 -0.04 0.06 -0.02 -0.04 0.08 -0.02
809 145 484 132 38 -0.02 0.05 -0.01 0.0 0.04 -0.03
810 135 459 132 37 -0.01 0.04 -0.01 -0.07 0.01 -0.04
811 121 419 119 35 -0.01 0.04 -0.01 -0.15 -0.02 -0.06
812 112 417 116 36 -0.0 0.05 -0.02 -0.19 -0.02 -0.09
813 113 509 112 35 -0.01 0.06 -0.02 -0.21 0.02 0.02
814 124 458 109 35 -0.02 0.03 -0.01 -0.18 0.06 -0.01
815 130 448 109 33 -0.01 -0.01 -0.01 -0.13 0.09 -0.05
816 130 432 105 37 -0.0 -0.0 -0.0 -0.14 0.1 -0.06
817 138 458 105 38 -0.0 0.03 0.01 -0.06 0.05 0.0
818 137 460 105 36 0.0 0.01 0.01 -0.03 0.04 0.0
819 165 462 104 38 0.01 -0.0 -0.0 -0.06 0.05 -0.03
820 162 468 106 36 0.02 -0.01 -0.02 -0.06 0.08 -0.1
821 158 474 115 37 0.02 0.0 -0.03 -0.14 0.06 -0.1
822 146 482 118 37 0.02 0.0 -0.02 -0.15 0.06 -0.08
823 146 513 114 35 0.0 0.01 -0.02 -0.21 0.05 -0.1
824 145 495 113 34 -0.02 0.01 -0.0 -0.26 0.0 -0.29
825 141 555 112 37 -0.03 0.02 0.01 -0.25 0.02 -0.37
826 132 515 111 36 -0.05 0.03 0.03 -0.23 -0.02 -0.34
827 125 455 110 34 -0.06 0.03 0.04 -0.19 -0.05 -0.28
828 156 404 111 32 -0.06 0.03 0.04 -0.11 -0.09 -0.31
829 147 390 109 37 -0.08 0.06 0.05 -0.21 -0.13 -0.28
830 142 391 107 34 -0.1 0.1 0.05 -0.18 -0.11 -0.27
831 132 352 105 34 -0.11 0.15 0.05 -0.3 -0.19 -0.4
832 124 311 103 33 -0.14 0.22 0.06 -0.32 -0.2 -0.48
833 121 290 99 31 -0.17 0.33 0.09 -0.38 -0.24 -0.57
834 119 265 97 30 -0.2 0.42 0.11 -0.61 -0.36 -0.58
835 113 249 96 31 -0.27 0.62 0.17 -0.64 -0.41 -0.57
836 108 238 90 31 -0.39 0.8 0.24 -0.64 -0.43 -0.57
837 115 227 89 29 -0.47 0.9 0.28 -0.56 -0.35 -0.92
838 127 235 88 30 -0.63 1.13 0.33 -0.43 -0.35 -1.13
839 116 237 87 30 -0.73 1.41 0.33 -0.65 -0.32 -1.57
840 148 238 86 29 -0.78 1.53 0.34 -0.72 -0.48 -1.71
841 141 234 86 29 -0.9 1.69 0.33 -0.46 -0.45 -1.79
842 149 226 83 28 -1.09 1.83 0.32 -0.35 -0.54 -1.79
843 139 222 81 28 -1.18 1.89 0.31 -0.3 -0.42 -1.55
844 141 223 82 28 -1.37 1.88 0.31 -0.09 -0.31 -1.52
845 133 223 79 28 -1.51 1.99 0.27 -0.44 -0.32 -1.89
846 135 216 79 30 -1.6 2.02 0.23 -0.81 -0.11 -2.13
847 127 213 80 33 -1.79 2.2 0.19 -0.39 -0.17 -2.03
848 118 223 78 32 -1.92 2.44 0.1 0.26 0.07 -1.77
849 123 209 78 31 -1.95 2.52 0.03 0.55 -0.09 -1.2
850 127 209 82 31 -1.93 2.8 -0.1 0.46 -0.03 -1.09
851 120 215 87 31 -1.87 3.17 -0.24 0.69 0.03 -0.72
852 136 200 86 38 -1.9 3.41 -0.28 0.13 -0.16 0.6
853 126 196 85 37 -1.97 3.34 -0.45 -0.56 -0.24 0.92
854 111 185 83 38 -2.01 2.14 -0.7 -0.49 -0.45 1.47
855 105 183 84 35 -1.94 1.61 -0.81 -0.47 -1.28 0.74
856 105 183 89 34 -1.66 0.61 -0.73 0.43 -0.45 0.64
857 99 185 90 33 -1.42 0.57 -0.79 -0.16 -0.51 -0.07
858 106 182 90 34 -1.42 0.8 -0.69 0.45 -0.63 -0.21
859 105 181 93 34 -1.31 1.51 -0.48 0.81 -0.45 -0.41
860 108 181 94 34 -1.27 2.65 -0.29 1.1 -0.48 -0.48
861 106 174 100 36 -1.01 2.8 -0.42 -15.59 0.78 21.58
862 120 174 103 36 0.99 -1.84 -0.3 -4.93 3.2 3.69
863 120 177 103 35 0.0 -2.66 0.2 0.89 -0.43 -2.65
864 119 176 102 38 0.27 -1.48 0.2 -0.04 0.39 0.62
865 126 182 106 39 0.63 -0.12 -0.03 0.14 0.29 0.97
866 126 184 105 38 0.41 -0.38 -0.12 0.95 0.5 0.25
867 124 178 103 40 0.26 -0.59 -0.13 0.59 0.39 -0.04
868 133 184 108 41 0.08 -0.79 -0.1 0.12 0.13 0.15
869 135 191 111 43 0.07 -0.83 -0.02 0.14 -0.16 0.03
870 128 183 107 45 0.17 -0.72 -0.01 0.4 -0.02 0.1
871 137 187 110 46 0.29 -0.41 -0.01 0.48 0.05 0.14
872 131 190 110 45 0.23 -0.2 -0.02 0.42 0.0 0.18
873 131 186 110 44 0.19 -0.13 -0.02 0.08 0.05 0.11
874 141 190 113 44 0.17 -0.06 -0.04 0.03 0.19 0.06
875 134 189 110 43 0.18 -0.02 -0.05 -0.03 0.14 -0.02
876 125 179 106 42 0.17 -0.01 -0.05 -0.1 0.1 -0.01
877 121 175 104 42 0.13 -0.02 -0.05 -0.17 0.05 -0.01
878 114 171 101 40 0.13 -0.01 -0.05 -0.17 0.11 0.02
879 108 163 99 39 0.13 -0.03 -0.05 -0.06 0.15 0.0
880 120 170 103 40 0.11 -0.07 -0.05 0.06 0.12 0.06
881 123 175 103 40 0.09 -0.1 -0.04 0.0 0.09 0.06
882 122 173 103 40 0.07 -0.09 -0.03 0.04 0.03 0.0
883 129 181 106 40 0.05 -0.09 -0.02 0.07 0.01 -0.01
884 125 181 105 40 0.05 -0.07 -0.01 0.09 0.01 0.04
885 122 177 104 40 0.04 -0.06 -0.01 0.07 0.05 0.05
886 136 182 107 39 0.03 -0.03 -0.01 0.06 0.05 0.04
-100 -100 -100 -100 -100 -100 -100 -100 -100 -100 -100
887 132 185 107 40 0.02 -0.0 -0.01 0.01 0.03 0.03
888 133 184 108 41 0.01 0.0 -0.01 -0.01 0.06 0.02
889 131 184 108 41 -0.0 0.0 -0.0 -0.04 0.01 -0.02
890 124 179 105 40 -0.01 0.0 0.0 -0.04 0.0 -0.03
891 123 175 103 40 -0.01 0.0 0.01 -0.04 -0.01 -0.02
892 126 177 105 40 -0.0 0.0 0.01 -0.03 0.02 -0.02
893 119 175 103 39 0.0 -0.0 0.01 -0.03 0.05 -0.03
894 127 179 105 39 0.01 0.0 0.01 -0.03 0.08 0.0
895 137 187 112 41 0.01 0.01 0.0 -0.05 0.07 -0.02
896 131 187 111 40 0.01 0.01 -0.01 -0.07 0.08 0.02
897 132 185 114 39 0.01 0.02 -0.01 -0.04 0.06 0.0
898 138 186 112 40 0.01 0.02 -0.01 -0.09 0.01 -0.04
899 127 181 109 38 0.02 0.01 -0.01 -0.07 0.02 -0.04
900 118 176 107 39 0.02 -0.0 -0.01 -0.03 0.06 -0.02
901 123 181 110 39 0.02 -0.01 0.0 -0.02 0.04 0.0
902 121 182 109 39 0.02 -0.01 0.0 0.0 0.06 0.0
903 120 180 108 38 0.02 -0.01 0.01 -0.01 0.06 0.0
904 125 183 110 40 0.01 0.01 0.0 -0.02 0.07 -0.01
905 120 181 109 37 0.01 0.01 -0.0 -0.06 0.08 0.0
906 125 185 110 40 0.0 0.01 -0.0 -0.05 0.09 0.0
907 129 189 112 40 -0.0 0.0 -0.01 -0.09 0.03 0.0
908 120 183 109 38 -0.01 -0.01 -0.01 -0.02 0.02 -0.02
909 108 175 102 38 -0.0 -0.0 -0.01 -0.01 -0.02 -0.01
910 114 177 104 40 0.0 0.0 -0.01 0.01 -0.01 -0.02
911 119 181 106 40 0.0 0.0 0.0 0.01 0.03 0.02
912 123 183 108 40 -0.0 0.01 0.01 0.03 0.02 0.01
913 134 189 112 41 -0.0 0.02 0.0 -0.02 0.0 0.0
914 125 186 111 39 -0.0 0.03 -0.01 -0.04 0.03 0.0
915 119 180 106 39 -0.0 0.04 -0.01 -0.09 0.07 -0.03
916 122 177 108 39 0.0 0.03 -0.01 -0.18 0.07 -0.01
917 118 178 106 39 -0.0 -0.0 0.0 -0.11 0.12 0.0
918 111 171 101 39 -0.01 -0.02 -0.0 -0.07 0.14 0.0
919 123 179 106 39 -0.02 -0.03 0.0 0.02 0.09 0.01
920 121 182 107 39 -0.03 -0.03 0.0 0.04 0.01 0.0
921 116 177 104 39 -0.03 -0.02 0.0 0.01 -0.01 -0.01
922 114 175 103 39 -0.02 -0.01 0.01 -0.05 0.0 -0.03
923 105 169 100 37 -0.02 -0.0 0.01 -0.12 0.05 -0.01
924 103 166 98 38 -0.01 -0.01 0.02 -0.14 0.06 -0.03
925 104 167 97 38 -0.01 -0.03 0.01 -0.08 0.08 -0.03
926 112 166 97 37 -0.01 -0.03 0.0 0.0 0.08 0.06
927 110 165 97 37 -0.01 -0.02 -0.0 0.01 0.07 0.02
928 116 171 100 37 -0.01 -0.01 -0.01 0.01 0.07 0.0
929 108 171 99 37 -0.01 -0.0 -0.01 -0.06 0.05 -0.02
930 106 167 97 37 -0.01 0.0 -0.01 -0.09 0.01 -0.03
931 104 167 96 37 -0.0 -0.01 -0.01 -0.08 0.0 -0.03
932 96 161 93 36 -0.0 -0.02 -0.0 -0.02 0.0 0.0
933 100 163 94 37 -0.01 -0.03 -0.0 0.0 0.01 -0.01
934 107 169 98 38 -0.0 -0.02 -0.0 0.02 0.04 -0.01
935 101 167 96 36 -0.01 -0.0 0.0 -0.04 0.03 -0.01
936 102 164 95 37 -0.0 0.0 -0.0 -0.08 0.12 -0.01
937 105 167 96 37 -0.0 -0.01 -0.0 -0.08 0.11 0.0
938 98 163 95 35 -0.01 -0.02 -0.01 -0.04 0.09 -0.03
939 99 162 94 36 -0.01 -0.03 -0.01 0.01 0.05 -0.01
940 106 167 97 37 -0.01 -0.02 -0.0 0.04 0.03 -0.02
941 100 166 97 35 -0.01 -0.0 0.0 -0.03 0.03 -0.02
942 102 166 98 37 -0.01 0.0 0.0 -0.06 0.02 -0.06
943 109 169 100 37 -0.01 0.0 -0.0 -0.09 0.07 -0.06
944 100 164 98 35 -0.0 -0.0 -0.0 -0.07 0.11 -0.02
945 107 161 97 35 0.0 -0.01 -0.0 -0.03 0.09 -0.03
946 120 171 104 36 0.0 -0.0 -0.01 0.0 0.05 0.0
947 120 177 107 38 0.01 0.01 -0.01 0.02 0.06 0.0
948 131 184 111 39 0.01 0.02 -0.02 0.0 0.04 -0.02
949 136 189 115 41 0.01 0.03 -0.02 -0.08 0.01 -0.07
950 126 184 113 40 0.01 0.02 -0.02 -0.12 0.06 -0.05
951 124 181 112 40 0.02 0.01 -0.02 -0.12 0.11 -0.05
952 124 181 112 39 0.02 -0.01 -0.01 -0.07 0.14 -0.01
953 121 180 111 39 0.0 -0.02 0.0 0.01 0.14 0.02
954 121 181 111 38 -0.0 -0.02 -0.0 0.05 0.13 0.04
955 133 190 116 39 -0.02 -0.01 0.0 0.01 0.05 0.0
956 129 191 116 39 -0.03 0.0 0.0 -0.05 0.04 0.0
957 129 190 115 39 -0.03 0.0 0.0 -0.06 0.03 -0.03
-200 -200 -200 -200 -200 -200 -200 -200 -200 -200 -200
958 129 191 115 39 -0.03 -0.0 0.01 -0.06 0.06 -0.08
959 118 183 112 39 -0.03 -0.01 0.01 -0.02 0.07 -0.02
960 116 182 109 39 -0.03 -0.01 0.01 -0.02 0.1 -0.03
961 115 183 110 39 -0.03 -0.01 0.01 -0.05 0.12 0.0
962 114 180 106 36 -0.04 -0.02 0.01 -0.12 0.08 -0.01
963 114 183 103 37 -0.04 -0.03 0.01 -0.12 0.08 -0.06
964 133 179 103 37 -0.04 -0.07 0.01 -0.05 0.06 -0.04
965 142 176 100 36 -0.05 -0.09 0.01 -0.06 0.1 -0.02
966 148 195 99 42 -0.07 -0.09 0.0 -0.12 0.13 -0.01
967 151 218 107 51 -0.1 -0.17 0.01 0.05 0.23 0.02
968 140 236 105 47 -0.13 -0.24 0.03 0.07 0.23 0.19
969 165 267 103 44 -0.17 -0.29 0.06 0.0 0.01 -0.06
970 182 257 107 51 -0.15 -0.37 0.1 -0.06 0.04 0.0
971 171 274 104 49 -0.03 -0.35 0.1 -0.06 0.01 0.0
972 169 329 109 54 0.05 -0.35 0.09 -0.11 0.03 0.12
973 180 356 114 96 0.08 -0.41 0.11 0.37 0.1 0.86
974 172 333 119 94 0.14 -0.39 0.09 0.11 0.11 0.88
975 175 381 118 87 0.16 -0.33 0.09 0.02 -0.04 1.13
976 188 430 119 78 0.24 -0.23 0.11 -0.13 0.07 1.55
977 176 462 116 70 0.35 -0.29 0.09 -0.48 0.06 1.46
978 166 482 112 60 0.4 -0.31 0.09 -1.64 -0.22 1.77
979 178 477 114 55 1.06 -1.08 -0.2 3.04 1.87 2.71
980 168 516 114 52 1.1 -1.7 -0.08 0.12 0.68 1.88
981 166 516 114 52 1.24 -1.82 -0.03 0.15 0.41 1.81
982 167 487 116 54 1.43 -1.58 -0.06 0.26 0.69 1.58
983 161 522 111 53 1.46 -1.39 -0.06 0.14 0.71 1.55
984 162 478 116 54 1.47 -1.38 -0.06 -0.05 0.56 1.16
985 164 528 118 49 1.63 -1.55 -0.09 -0.23 0.49 0.97
986 155 515 114 50 1.72 -1.86 -0.08 -0.02 0.25 0.79
987 148 516 117 50 1.7 -1.93 -0.07 0.34 0.5 0.11
988 167 512 128 48 1.68 -1.81 -0.04 0.33 0.37 0.27
989 177 567 126 57 1.55 -1.5 -0.05 -0.17 0.24 0.24
990 193 545 123 62 1.5 -1.37 -0.05 -0.31 0.04 0.14
991 196 539 127 66 1.48 -1.29 -0.07 -0.23 -0.1 -0.02
992 180 570 122 65 1.43 -1.38 -0.08 -0.1 -0.01 -0.58
993 186 654 130 61 1.4 -1.4 -0.09 -0.21 -0.11 -0.55
994 182 691 126 56 1.37 -1.24 -0.1 -0.21 -0.08 -0.47
995 176 693 116 54 1.31 -0.98 -0.1 -0.3 -0.24 -0.54
996 184 751 130 50 1.29 -0.89 -0.1 -0.39 -0.24 -0.68
997 216 790 136 54 1.28 -0.83 -0.12 -0.38 -0.32 -0.95
998 264 885 135 66 1.23 -0.77 -0.13 -0.54 -0.39 -0.97
999 268 961 140 64 1.16 -0.75 -0.11 -0.57 -0.42 -1.09
1000 262 900 139 59 1.03 -0.66 -0.09 -0.74 -0.47 -1.14
1001 251 916 138 54 0.94 -0.65 -0.09 -0.37 -0.5 -0.93
1002 238 793 137 54 0.9 -0.64 -0.09 -0.2 -0.56 -0.88
1003 251 747 136 53 0.85 -0.53 -0.09 -0.44 -0.55 -1.13
1004 247 795 141 56 0.78 -0.43 -0.09 -0.68 -0.53 -1.17
1005 258 896 154 57 0.74 -0.41 -0.09 -0.72 -0.58 -1.24
1006 254 905 157 60 0.6 -0.33 -0.05 -0.81 -0.4 -1.4
1007 267 953 150 68 0.48 -0.25 -0.02 -0.9 -0.45 -1.49
1008 247 839 142 62 0.41 -0.23 0.01 -0.51 -0.48 -1.45
1009 260 812 137 59 0.29 -0.23 0.03 -0.38 -0.53 -1.35
1010 248 772 136 54 0.13 -0.15 0.06 -0.31 -0.42 -1.24
1011 228 823 139 55 0.13 -0.15 0.06 -0.18 -0.36 -1.25
1012 232 806 148 51 0.02 -0.06 0.06 -0.11 -0.24 -1.12
1013 223 862 144 47 -0.03 -0.04 0.06 -0.19 -0.1 -1.26
1014 220 836 142 63 -0.07 -0.06 0.01 -0.17 -0.14 -1.21
1015 220 915 134 74 -0.13 -0.03 -0.01 -0.12 -0.1 -0.53
1016 210 853 137 73 -0.18 0.03 -0.06 -0.25 -0.09 -0.3
1017 203 750 139 67 -0.18 0.03 -0.06 -0.08 -0.09 -0.12
1018 211 751 140 61 -0.2 0.05 -0.12 -0.2 0.08 0.01
1019 186 785 138 60 -0.23 0.09 -0.14 -0.48 0.19 0.24
1020 189 739 143 57 -0.26 0.08 -0.13 -0.49 0.26 0.18
1021 187 752 146 65 -0.26 0.1 -0.1 -0.54 0.35 -0.2
1022 182 770 162 57 -0.23 0.1 -0.05 -0.23 0.39 -0.44
1023 201 774 154 56 -0.22 0.08 -0.02 -0.26 0.33 -0.23
1024 208 748 151 54 -0.22 0.05 0.03 -0.46 0.26 0.26
1025 207 727 141 54 -0.21 0.06 0.04 -0.44 0.18 0.13
1026 204 661 149 55 -0.21 0.05 0.05 -0.44 0.23 -0.08
1027 205 678 153 50 -0.17 0.0 0.08 -0.31 0.18 -0.12
1028 186 674 147 51 -0.14 -0.0 0.11 -0.12 0.09 0.14
1029 182 632 137 51 -0.13 -0.0 0.11 -0.18 0.08 0.13
1030 184 634 134 55 -0.1 -0.01 0.11 -0.11 0.09 0.02
1031 180 661 133 52 -0.08 0.01 0.11 0.08 0.2 -0.1
1032 184 644 140 50 -0.08 0.04 0.09 0.0 0.21 -0.11
1033 193 611 136 49 -0.09 0.08 0.07 -0.02 0.25 0.0
1034 184 630 131 49 -0.09 0.08 0.05 0.05 0.25 0.04
1035 194 599 135 48 -0.1 0.06 0.02 0.03 0.24 0.0
1036 201 556 147 47 -0.09 0.03 0.01 0.06 0.16 -0.3
1037 198 521 150 45 -0.08 0.05 0.02 -0.03 0.14 -0.19
1038 187 482 155 45 -0.08 0.07 0.02 -0.09 0.15 -0.09
1039 199 523 157 43 -0.08 0.09 0.02 -0.07 0.1 0.09
1040 194 509 150 41 -0.09 0.07 0.01 -0.14 0.09 0.03
1041 192 593 144 42 -0.08 0.04 -0.02 -0.18 0.13 -0.08
1042 193 531 140 41 -0.07 0.05 -0.0 -0.05 0.07 -0.13
1043 178 509 145 43 -0.07 0.05 0.0 -0.07 0.04 0.04
1044 175 614 152 44 -0.06 0.02 0.0 -0.08 0.06 0.03
1045 181 582 151 46 -0.05 0.01 -0.0 -0.19 0.07 0.07
1046 191 576 143 43 -0.05 0.0 -0.01 -0.19 0.08 -0.05
1047 181 566 144 43 -0.04 -0.0 -0.01 -0.1 0.05 -0.15
1048 172 595 140 41 -0.04 0.02 0.0 -0.08 0.06 -0.1
1049 159 588 150 38 -0.04 0.03 0.0 -0.14 0.11 -0.04
1050 182 583 152 39 -0.04 0.02 0.0 -0.12 0.09 -0.01
1051 174 554 154 38 -0.04 0.02 0.01 -0.2 0.06 -0.1
1052 165 545 144 38 -0.04 0.0 0.03 -0.16 0.02 -0.13
1053 168 577 137 37 -0.04 -0.0 0.04 -0.13 0.04 -0.12
1054 168 558 136 39 -0.04 0.02 0.06 -0.09 0.03 -0.08
1055 170 555 142 37 -0.04 0.03 0.07 -0.05 0.08 -0.14
1056 166 672 151 39 -0.04 0.02 0.07 -0.18 0.22 -0.15
1057 158 621 151 40 -0.04 0.0 0.04 -0.12 0.11 0.0
1058 171 556 139 37 -0.04 -0.01 0.02 -0.02 0.1 0.05
1059 182 567 139 37 -0.03 -0.0 0.0 -0.06 0.1 0.0
1060 174 537 142 37 -0.03 0.01 -0.01 0.0 0.11 -0.04
1061 161 532 136 42 -0.03 0.02 -0.01 -0.01 0.09 -0.05
1062 175 560 134 45 -0.03 0.03 -0.01 -0.05 0.07 -0.05
1063 184 553 130 45 -0.04 0.02 -0.02 -0.12 0.07 -0.16
1064 160 525 121 43 -0.03 -0.0 -0.02 -0.12 0.04 -0.15
1065 181 543 116 41 -0.03 -0.01 -0.01 -0.13 0.06 -0.17
1066 167 570 117 40 -0.05 0.02 -0.01 -0.13 0.06 -0.22
1067 155 542 109 37 -0.06 0.03 -0.0 -0.16 0.0 -0.1
1068 154 541 119 38 -0.06 0.02 0.0 -0.08 0.04 -0.15
1069 150 534 126 39 -0.06 -0.01 0.01 -0.1 0.01 -0.18
1070 170 538 121 36 -0.06 -0.01 0.01 -0.19 0.1 -0.14
1071 188 539 125 40 -0.06 0.0 0.02 -0.14 0.09 -0.03
1072 186 527 130 41 -0.05 0.0 0.02 -0.11 0.07 -0.04
1073 166 485 124 38 -0.05 -0.01 0.02 -0.06 0.06 -0.02
1074 171 534 132 41 -0.03 -0.01 0.02 -0.07 0.07 0.0
1075 173 482 129 39 -0.01 -0.02 0.01 -0.04 0.09 0.0
1076 163 529 132 38 -0.01 0.02 0.0 -0.02 0.08 -0.03
1077 166 510 134 37 -0.0 0.04 -0.01 0.01 0.11 0.0
1078 163 514 130 45 -0.01 0.05 -0.02 -0.05 0.12 -0.01
1079 162 481 122 43 -0.0 0.02 -0.02 -0.08 0.08 -0.11
1080 179 464 125 41 -0.01 0.02 -0.01 -0.1 0.1 -0.13
1081 167 440 129 49 -0.02 0.03 -0.0 -0.12 0.09 -0.23
1082 170 430 125 47 -0.03 0.05 0.01 -0.16 0.0 -0.24
1083 159 393 119 43 -0.05 0.11 0.05 -0.07 -0.01 -0.29
1084 150 409 115 42 -0.06 0.1 0.07 -0.17 -0.11 -0.33
1085 154 369 112 39 -0.06 0.1 0.07 -0.18 -0.17 -0.25
1086 145 387 111 36 -0.06 0.12 0.08 -0.27 -0.21 -0.31
1087 141 339 106 42 -0.08 0.25 0.09 -0.27 -0.16 -0.44
1088 135 307 103 41 -0.09 0.33 0.1 -0.2 -0.15 -0.63
1089 129 296 104 41 -0.12 0.56 0.14 -0.08 -0.19 -0.73
1090 122 283 102 39 -0.22 0.69 0.17 -0.45 -0.3 -0.66
1091 131 316 99 36 -0.27 0.68 0.17 -0.34 -0.34 -0.66
1092 127 311 104 37 -0.34 0.72 0.15 -0.24 -0.21 -0.85
1093 119 304 101 35 -0.37 0.92 0.15 -0.35 -0.21 -1.42
1094 113 307 100 34 -0.42 1.04 0.15 -0.48 -0.19 -1.53
1095 114 278 100 38 -0.56 1.2 0.19 -0.44 -0.37 -1.41
1096 107 254 99 39 -0.64 1.13 0.18 -0.42 -0.43 -1.32
1097 110 229 95 37 -0.68 1.06 0.18 -0.33 -0.46 -1.28
1098 108 213 95 36 -0.76 1.05 0.18 -0.3 -0.37 -1.24
1099 117 209 95 36 -0.92 1.14 0.21 -0.33 -0.24 -1.18
1100 110 218 94 34 -1.01 1.2 0.21 -0.21 -0.13 -1.01
1101 108 203 94 34 -1.17 1.41 0.21 0.04 -0.05 -1.08
1102 108 256 95 33 -1.3 1.64 0.18 0.24 0.11 -1.15
1103 125 266 94 33 -1.35 1.67 0.15 0.48 0.06 -0.96
1104 142 265 102 33 -1.36 1.58 0.04 0.52 0.04 -0.9
1105 146 256 107 32 -1.36 1.37 -0.07 0.14 0.07 -0.99
1106 139 237 103 31 -1.34 1.27 -0.11 -0.19 0.15 -0.18
1107 139 230 108 31 -1.38 1.08 -0.16 -0.11 0.23 0.02
1108 133 267 106 31 -1.43 1.14 -0.21 0.08 0.35 0.51
1109 130 283 104 31 -1.39 1.29 -0.23 -0.73 0.12 0.53
1110 134 257 107 32 -1.39 1.52 -0.25 -0.67 0.07 0.38
1111 135 251 112 38 -1.37 1.57 -0.31 -1.37 0.01 0.27
1112 131 225 109 39 -1.46 1.5 -0.22 -0.63 0.06 0.81
1113 124 211 111 38 -1.56 1.51 -0.25 -0.62 -0.01 1.02
1114 120 203 110 38 -1.7 1.68 -0.3 -0.46 0.02 1.25
1115 117 193 106 37 -1.75 1.76 -0.29 -0.3 -0.01 0.74
1116 121 188 107 40 -1.81 1.74 -0.3 -0.1 0.05 0.37
1117 121 195 110 40 -1.86 1.49 -0.33 0.1 0.19 -0.21
1118 141 187 110 41 -1.88 1.3 -0.36 0.6 0.48 -1.4
1119 139 186 111 42 -1.67 0.81 -0.5 -0.83 -1.15 -1.52
1120 140 189 111 42 -0.53 -1.19 -0.85 -12.15 -1.38 10.85
1121 126 183 110 40 -0.22 -3.5 -0.21 4.03 0.37 -2.26
1122 132 187 117 40 0.44 -1.57 0.22 5.43 1.06 -0.84
1123 132 195 123 40 0.71 0.09 -0.23 0.37 0.6 0.75
1124 132 191 122 41 0.45 0.03 -0.19 0.9 0.08 0.38
1125 132 191 122 41 0.12 -0.33 -0.23 0.79 -0.08 0.1
1126 125 191 121 40 -0.02 -0.11 -0.18 0.19 -0.47 0.14
1127 118 183 122 40 0.04 -0.09 -0.12 0.1 -0.71 -0.39
1128 124 181 125 41 0.2 -0.1 -0.01 0.07 -0.53 -0.35
1129 126 185 124 40 0.23 0.01 -0.02 0.13 -0.1 0.16
1130 122 182 124 39 0.21 0.07 -0.01 0.15 0.06 0.1
1131 139 190 130 38 0.1 0.1 0.01 0.17 0.1 0.04
1132 146 202 132 41 0.11 0.04 0.05 0.1 0.2 0.04
1133 144 198 134 40 0.11 0.04 0.04 0.09 0.23 0.03
1134 151 203 137 41 0.06 0.04 0.04 -0.03 0.31 0.05
1135 148 206 137 41 0.02 0.06 0.02 -0.18 0.32 0.08
1136 147 197 134 40 0.0 0.07 0.01 -0.3 0.26 -0.01
1137 148 193 133 41 0.0 0.05 -0.02 -0.3 0.27 -0.08
1138 137 191 126 40 0.04 -0.01 -0.04 -0.32 0.18 -0.08
1139 122 178 125 38 0.05 -0.03 -0.04 -0.08 0.1 -0.04
1140 121 174 122 38 0.06 -0.06 -0.05 -0.05 0.09 0.0
1141 111 172 118 37 0.06 -0.06 -0.05 -0.03 0.01 -0.05
1142 103 163 114 37 0.07 -0.06 -0.05 0.0 0.02 -0.06
1143 114 169 123 36 0.08 -0.05 -0.05 0.04 0.04 0.0
1144 115 173 125 37 0.06 -0.05 -0.04 0.1 0.03 -0.04
1145 107 166 123 37 0.06 -0.04 -0.03 0.11 0.01 0.0
1146 115 173 128 37 0.04 -0.02 -0.02 0.07 0.1 0.06
1147 114 177 130 37 0.0 -0.0 -0.02 0.06 0.08 0.01
1148 110 170 124 37 -0.0 0.0 -0.01 -0.05 0.03 -0.02
1149 119 169 125 37 -0.0 0.0 -0.01 -0.05 0.05 -0.02
1150 113 167 123 36 -0.0 0.0 -0.0 -0.01 0.06 -0.04
1151 105 161 120 35 -0.0 -0.01 0.0 -0.04 0.06 -0.03
1152 109 164 117 36 -0.0 -0.0 -0.0 -0.01 0.04 0.0
1153 113 167 119 37 -0.0 0.0 -0.0 0.0 0.06 0.0
1154 108 162 117 36 -0.0 0.01 -0.0 -0.02 0.05 -0.02
1155 113 163 118 36 -0.01 0.02 -0.01 -0.03 0.07 -0.02
1156 107 162 115 36 -0.01 0.01 -0.01 -0.06 0.05 -0.04
1157 96 157 114 36 -0.0 0.01 -0.0 -0.05 0.03 -0.03
1158 110 162 117 38 0.0 0.01 -0.0 -0.07 0.05 -0.05
1159 112 170 120 38 0.0 0.0 0.0 0.0 0.0 -0.03
1160 116 172 121 38 0.01 0.0 0.0 -0.01 0.03 -0.03
-100 -100 -100 -100 -100 -100 -100 -100 -100 -100 -100
1161 135 180 125 41 0.01 0.01 0.0 -0.01 0.04 -0.04
1162 127 181 128 40 0.01 0.01 -0.0 -0.05 0.07 -0.02
1163 122 177 126 40 0.01 0.01 -0.0 -0.06 0.09 -0.01
1164 128 181 125 41 0.01 0.01 -0.0 -0.05 0.08 -0.02
1165 119 176 123 39 0.0 0.0 -0.0 -0.01 0.07 -0.02
1166 119 178 121 39 0.0 0.0 -0.0 0.02 0.08 -0.02
1167 132 186 124 40 -0.0 0.01 0.01 0.02 0.05 -0.01
1168 129 188 124 41 0.0 0.04 0.01 -0.04 0.03 -0.04
1169 129 184 122 40 0.01 0.04 0.01 -0.03 0.01 -0.01
1170 138 190 129 42 0.01 0.04 0.0 -0.1 0.04 -0.02
1171 132 189 127 41 0.01 0.02 -0.0 -0.1 0.08 -0.02
1172 127 184 122 41 0.02 0.02 -0.01 -0.07 0.12 -0.03
1173 126 185 125 41 0.01 0.01 -0.01 -0.04 0.12 -0.01
1174 123 185 123 40 0.0 0.0 -0.01 0.0 0.1 0.0
1175 126 187 124 41 0.0 0.0 -0.01 0.0 0.04 -0.01
1176 153 197 135 41 -0.0 0.0 -0.01 0.0 0.03 0.0
1177 147 199 136 43 -0.0 0.01 -0.0 0.0 0.0 -0.04
1178 137 191 130 41 -0.0 0.01 0.0 -0.04 0.01 -0.03
1179 135 190 130 42 -0.01 0.01 0.01 -0.04 0.0 -0.02
1180 126 188 126 41 -0.0 0.02 0.01 -0.05 0.09 -0.01
1181 120 182 123 40 -0.01 0.02 0.01 -0.08 0.1 -0.03
1182 120 181 127 41 -0.01 0.02 -0.0 -0.07 0.1 -0.04
1183 120 178 120 40 -0.01 0.01 -0.01 -0.06 0.09 -0.03
1184 116 173 118 39 -0.0 0.0 -0.01 0.0 0.04 -0.01
1185 120 175 119 38 -0.01 0.0 -0.01 -0.01 0.0 -0.01
1186 113 171 117 38 -0.0 0.01 -0.01 -0.02 0.02 -0.05
1187 112 167 115 39 -0.0 0.01 -0.01 -0.05 0.03 -0.03
1188 118 169 118 38 -0.0 0.01 -0.0 -0.06 0.04 -0.01
1189 118 173 116 38 -0.01 0.0 0.0 -0.05 0.14 0.0
1190 118 166 111 37 -0.01 -0.0 0.0 -0.02 0.12 -0.01
1191 115 163 111 38 -0.02 -0.0 -0.0 -0.01 0.08 -0.02
1192 109 162 108 36 -0.02 0.0 -0.0 -0.06 0.04 -0.01
1193 103 154 102 36 -0.03 -0.0 -0.0 -0.04 0.0 -0.04
1194 107 155 103 36 -0.02 0.01 -0.0 -0.03 0.0 -0.04
1195 105 158 104 35 -0.02 0.01 0.0 -0.04 0.01 -0.01
-200 -200 -200 -200 -200 -200 -200 -200 -200 -200 -200
1196 107 157 102 36 -0.02 0.01 -0.0 -0.08 0.05 -0.02
1197 112 160 109 36 -0.02 0.01 -0.0 -0.07 0.07 -0.04
1198 115 163 108 36 -0.01 0.0 -0.01 -0.06 0.09 0.0
1199 110 160 113 36 -0.01 0.0 -0.01 -0.06 0.08 -0.02
1200 122 167 119 37 -0.01 0.0 -0.01 -0.02 0.07 0.01
1201 118 170 115 36 -0.01 0.01 -0.02 -0.04 0.03 -0.03
1202 114 166 112 36 -0.01 0.01 -0.02 -0.07 0.03 -0.02
1203 116 166 112 37 -0.0 0.01 -0.01 -0.06 0.01 -0.01
1204 111 167 111 37 0.0 0.0 -0.01 -0.04 0.05 -0.02
1205 116 164 109 37 -0.0 0.01 -0.01 -0.01 0.04 -0.01
1206 139 175 118 39 0.0 0.01 -0.01 0.0 0.05 -0.05
1207 133 181 119 39 -0.0 0.02 -0.01 -0.04 0.06 -0.01
1208 129 174 114 38 -0.0 0.01 -0.01 -0.06 0.05 0.0
1209 129 174 114 39 -0.0 0.0 -0.01 -0.03 0.04 -0.02
1210 118 172 113 38 -0.0 -0.0 -0.0 -0.02 0.0 -0.03
1211 107 162 106 37 -0.0 -0.01 -0.0 -0.03 0.06 0.0
1212 115 187 107 39 -0.01 -0.0 0.0 -0.1 0.09 0.01
1213 113 212 106 43 -0.01 -0.02 0.0 -0.04 0.14 0.03
1214 153 351 104 74 -0.01 -0.03 0.0 0.0 0.18 0.06
1215 183 398 109 75 0.03 -0.09 -0.0 0.29 0.07 0.1
1216 191 416 110 67 0.31 -0.32 0.01 -0.67 -0.12 -0.51
1217 169 384 106 88 0.33 -0.76 0.08 -1.22 -0.35 -0.59
1218 182 361 110 90 0.07 -1.97 0.37 -0.84 0.07 -0.06
1219 191 406 109 84 0.18 -2.12 0.41 -0.12 0.08 0.85
1220 233 461 103 75 0.27 -1.99 0.37 -0.01 0.22 0.98
1221 220 515 104 73 0.46 -1.63 0.27 -0.48 -0.27 1.07
1222 201 497 109 74 0.86 -1.4 0.14 -0.26 -0.38 0.87
1223 188 465 104 62 0.92 -1.44 0.12 0.31 -0.26 1.28
1224 188 434 106 57 1.12 -1.36 0.12 1.53 -0.35 3.09
1225 182 468 105 57 1.1 -0.87 0.02 0.67 0.79 3.43
1226 167 462 104 51 1.13 -0.63 -0.02 0.74 0.98 3.22
1227 176 495 113 47 1.25 -0.36 -0.15 0.05 0.88 2.44
1228 156 520 112 44 1.38 -0.51 -0.21 0.32 0.87 1.92
1229 159 491 115 48 1.47 -0.68 -0.23 0.39 0.97 1.66
1230 179 543 123 58 1.58 -0.98 -0.22 0.45 0.64 1.31
1231 178 497 120 59 1.64 -1.2 -0.2 0.59 0.35 1.3
1232 167 516 121 55 1.73 -1.26 -0.21 0.68 0.34 1.26
1233 175 541 124 59 1.75 -1.25 -0.2 0.47 0.4 0.85
1234 177 518 122 59 1.72 -1.13 -0.18 0.72 0.4 0.26
1235 172 525 118 56 1.73 -1.06 -0.19 0.34 0.23 -0.26
1236 159 539 118 57 1.64 -1.05 -0.19 0.26 -0.02 -0.17
1237 158 567 113 57 1.54 -0.99 -0.2 0.15 -0.21 -0.13
1238 160 579 114 68 1.52 -0.96 -0.21 -0.03 -0.3 -0.3
1239 169 638 124 70 1.53 -0.87 -0.25 -0.25 -0.49 -0.75
1240 206 647 124 71 1.44 -0.84 -0.25 -0.29 -0.5 -1.11
1241 201 729 118 80 1.38 -0.87 -0.25 -0.43 -0.6 -0.8
1242 171 756 115 77 1.33 -0.88 -0.27 -0.42 -0.74 -0.26
1243 171 758 110 71 1.29 -0.82 -0.29 -0.76 -0.72 -0.47
1244 169 706 107 68 1.25 -0.75 -0.29 -0.99 -0.83 -0.89
1245 178 751 115 76 1.17 -0.62 -0.27 -0.88 -0.8 -0.84
1246 184 717 122 76 1.09 -0.58 -0.25 -0.69 -0.89 -0.64
1247 182 806 117 73 1.08 -0.57 -0.26 -0.77 -0.82 -0.64
1248 176 806 114 69 1.06 -0.53 -0.22 -1.03 -0.88 -0.74
1249 171 841 114 71 1.02 -0.54 -0.19 -0.86 -0.76 -0.92
1250 178 806 112 77 0.99 -0.53 -0.16 -0.79 -0.78 -0.72
1251 204 910 124 91 0.94 -0.48 -0.15 -0.84 -0.73 -0.69
1252 205 856 121 91 0.88 -0.43 -0.12 -0.98 -0.72 -0.79
1253 265 852 128 90 0.84 -0.4 -0.11 -1.1 -0.74 -0.88
1254 302 827 129 89 0.72 -0.36 -0.08 -0.83 -0.58 -1.1
1255 285 820 130 92 0.62 -0.3 -0.05 -0.82 -0.5 -1.05
1256 240 836 130 79 0.58 -0.26 -0.03 -0.74 -0.4 -0.96
1257 257 837 138 73 0.45 -0.16 -0.01 -0.85 -0.31 -1.17
1258 277 862 146 74 0.31 -0.08 0.0 -0.54 -0.29 -1.63
1259 263 844 166 69 0.24 -0.06 0.01 -0.5 -0.26 -1.62
1260 263 933 155 63 0.1 -0.0 0.04 -0.34 -0.31 -1.26
1261 244 894 154 59 -0.02 0.06 0.04 -0.4 -0.26 -1.01
1262 218 929 153 69 -0.09 0.09 0.04 -0.38 -0.28 -0.95
1263 226 838 153 69 -0.19 0.14 0.03 -0.3 -0.25 -0.85
1264 245 891 154 69 -0.25 0.14 0.02 -0.04 -0.19 -1.11
1265 227 845 167 71 -0.27 0.14 0.01 0.14 -0.16 -0.79
1266 223 943 158 71 -0.33 0.15 -0.01 0.02 -0.12 -0.12
1267 231 888 158 62 -0.39 0.2 -0.04 -0.46 -0.05 -0.17
1268 276 868 155 59 -0.39 0.22 -0.06 -0.44 0.01 -0.26
1269 252 839 153 59 -0.4 0.23 -0.05 -0.34 0.07 -0.29
1270 286 769 147 53 -0.38 0.21 -0.02 -0.23 0.07 0.0
1271 270 801 154 52 -0.36 0.17 -0.01 -0.22 0.09 0.05
1272 270 800 164 51 -0.33 0.14 0.02 -0.41 0.15 0.28
1273 256 744 156 48 -0.3 0.14 0.05 -0.13 0.19 0.31
1274 235 787 153 48 -0.28 0.14 0.05 -0.02 0.17 0.28
1275 229 720 179 51 -0.24 0.1 0.04 0.1 0.24 0.1
1276 220 730 170 58 -0.22 0.09 0.05 0.08 0.2 0.32
1277 235 830 159 59 -0.2 0.1 0.05 0.0 0.23 0.26
1278 218 820 153 56 -0.19 0.15 0.06 -0.08 0.22 0.25
1279 195 822 170 51 -0.15 0.09 0.05 0.07 0.27 0.07
1280 181 803 179 53 -0.14 0.05 0.05 0.09 0.17 0.09
1281 173 851 166 55 -0.11 0.02 0.05 0.07 0.19 0.24
1282 166 837 155 53 -0.1 0.05 0.04 -0.1 0.21 0.29
1283 173 846 148 49 -0.1 0.04 0.04 -0.06 0.19 0.04
1284 193 810 164 53 -0.09 0.01 0.04 -0.01 0.19 -0.17
1285 267 842 162 55 -0.09 0.04 0.04 -0.08 0.11 -0.15
1286 282 795 164 55 -0.09 0.04 0.04 -0.09 0.06 -0.09
1287 263 785 170 54 -0.07 0.01 0.04 0.06 0.01 0.06
1288 248 733 166 52 -0.06 -0.01 0.04 -0.05 0.09 0.01
1289 256 697 153 50 -0.06 -0.01 0.04 -0.08 0.06 -0.11
1290 228 704 149 48 -0.06 0.01 0.05 -0.08 0.04 -0.12
1291 215 750 155 44 -0.07 0.02 0.03 -0.06 0.08 -0.2
1292 204 728 154 42 -0.07 0.02 0.03 -0.05 0.07 -0.26
1293 187 730 147 41 -0.08 0.01 0.03 -0.18 0.06 -0.09
1294 196 700 154 41 -0.09 -0.02 0.03 -0.19 0.07 0.0
1295 227 782 141 49 -0.08 -0.02 0.03 -0.19 0.08 -0.1
1296 238 798 155 52 -0.08 0.01 0.03 -0.08 0.08 -0.05
1297 205 719 146 47 -0.07 0.01 0.03 -0.09 0.04 -0.11
1298 179 708 158 45 -0.06 -0.0 0.03 -0.02 0.07 -0.03
1299 174 667 151 43 -0.05 0.01 0.03 -0.08 0.15 0.02
1300 188 654 148 46 -0.06 0.05 0.01 -0.09 0.2 0.0
1301 194 646 143 43 -0.07 0.06 0.01 -0.04 0.21 0.0
1302 177 637 147 41 -0.07 0.05 0.01 -0.1 0.14 0.0
1303 172 573 135 39 -0.05 0.01 0.01 -0.09 0.12 0.07
1304 160 688 128 39 -0.04 -0.0 0.01 -0.07 0.11 0.16
1305 153 667 149 37 -0.03 0.0 0.02 -0.05 0.12 0.12
1306 157 730 156 42 -0.01 0.0 0.01 -0.04 0.08 0.02
1307 188 649 151 42 -0.0 0.0 0.0 -0.02 0.12 0.1
1308 225 686 153 44 0.01 0.0 -0.01 -0.1 0.07 0.11
1309 214 751 141 48 0.0 0.02 -0.0 -0.15 0.14 -0.03
1310 201 724 148 51 0.0 0.03 0.0 -0.13 0.1 -0.11
1311 210 695 158 53 -0.01 0.01 0.02 -0.08 0.04 -0.28
1312 190 732 149 51 -0.01 -0.04 0.02 -0.1 0.0 -0.27
1313 178 682 146 46 -0.01 -0.05 0.02 -0.11 0.02 -0.05
1314 176 633 146 43 -0.02 -0.02 0.03 -0.1 0.05 -0.11
1315 175 670 140 42 -0.04 0.01 0.02 -0.08 0.04 -0.09
1316 165 671 134 41 -0.05 0.01 0.02 -0.07 0.09 -0.14
1317 156 636 138 41 -0.04 -0.01 -0.0 -0.1 0.08 -0.22
1318 150 622 136 40 -0.05 -0.02 -0.01 -0.1 0.03 -0.08
1319 150 617 129 38 -0.04 0.0 -0.01 -0.08 0.05 -0.09
1320 167 611 140 36 -0.04 0.03 -0.01 -0.15 0.02 -0.01
1321 158 543 129 36 -0.04 0.02 -0.01 -0.21 0.02 0.01
1322 146 533 129 36 -0.03 0.01 -0.01 -0.16 0.03 -0.03
1323 185 569 138 34 -0.02 0.02 0.0 -0.2 0.05 -0.08
1324 177 582 143 35 -0.03 0.02 0.01 -0.05 0.08 -0.1
1325 171 550 143 35 -0.03 0.03 0.01 -0.03 0.11 -0.11
1326 159 508 139 35 -0.05 0.06 0.02 -0.09 0.11 -0.29
1327 173 467 131 37 -0.06 0.02 0.03 -0.09 0.04 -0.13
1328 165 529 129 36 -0.06 0.01 0.03 -0.09 0.06 -0.07
1329 148 526 127 34 -0.07 0.02 0.03 -0.08 0.01 -0.1
1330 155 462 130 36 -0.08 0.02 0.03 -0.09 0.05 -0.14
1331 139 438 131 35 -0.08 0.01 0.03 -0.09 0.05 -0.17
1332 145 411 127 35 -0.07 -0.01 0.03 -0.05 0.03 -0.06
1333 143 441 119 41 -0.08 0.04 0.05 -0.17 -0.05 -0.04
1334 140 437 113 39 -0.09 0.06 0.06 -0.14 -0.11 -0.05
1335 127 399 112 37 -0.1 0.12 0.07 -0.14 -0.1 -0.14
1336 121 370 115 35 -0.12 0.14 0.08 -0.16 -0.1 -0.3
1337 114 389 112 34 -0.13 0.14 0.08 -0.17 -0.09 -0.39
1338 110 341 110 34 -0.17 0.2 0.1 -0.1 -0.13 -0.28
1339 106 319 101 33 -0.24 0.31 0.1 -0.26 -0.21 -0.42
1340 115 287 99 32 -0.28 0.35 0.11 -0.23 -0.14 -0.48
1341 108 284 94 32 -0.4 0.5 0.16 -0.27 -0.3 -0.46
1342 106 286 93 31 -0.51 0.68 0.21 -0.33 -0.27 -0.62
1343 112 267 92 30 -0.55 0.79 0.24 -0.53 -0.47 -0.97
1344 112 262 89 29 -0.54 0.93 0.25 -0.64 -0.45 -1.56
1345 106 252 85 29 -0.71 0.91 0.27 -0.53 -0.59 -1.65
1346 102 235 82 28 -0.78 0.92 0.28 -0.4 -0.63 -1.61
1347 131 228 85 29 -0.88 1.01 0.3 -0.32 -0.45 -1.38
1348 138 230 84 29 -1.02 1.19 0.33 -0.67 -0.36 -1.19
1349 131 216 80 29 -1.09 1.28 0.35 -0.63 -0.32 -1.24
1350 118 225 79 29 -1.21 1.45 0.36 -0.07 -0.29 -1.46
1351 112 230 77 29 -1.33 1.58 0.32 -0.11 -0.09 -1.7
1352 107 235 76 28 -1.41 1.62 0.31 -0.22 -0.15 -1.88
1353 113 247 78 28 -1.46 1.73 0.25 -0.45 0.01 -2.34
1354 112 241 80 32 -1.58 1.69 0.22 -1.05 -0.58 -1.61
1355 116 254 77 34 -1.63 1.64 0.18 -0.72 -0.51 -1.64
1356 137 258 78 32 -1.65 1.46 0.08 -0.47 -0.67 -1.39
1357 129 265 81 30 -1.67 1.24 0.02 0.12 -0.33 -0.76
1358 118 249 84 31 -1.71 1.21 0.0 0.13 -0.34 -0.44
1359 122 238 89 30 -1.73 1.28 -0.03 0.25 0.04 0.45
1360 117 229 92 34 -1.72 1.37 -0.12 0.17 0.19 1.18
1361 102 211 93 39 -1.74 1.34 -0.19 -0.02 -0.12 1.85
1362 120 206 94 36 -1.76 1.25 -0.31 0.1 0.04 1.97
1363 113 206 95 36 -1.73 1.3 -0.41 -0.59 -0.12 1.55
1364 105 195 94 34 -1.75 1.32 -0.32 0.04 -0.03 1.45
1365 108 194 95 35 -1.5 1.33 -0.41 -0.12 0.22 1.28
1366 136 196 96 35 -1.43 1.4 -0.42 -0.16 -0.14 0.65
1367 119 189 96 34 -1.34 1.36 -0.41 -0.06 0.0 0.4
1368 125 187 100 34 -1.23 1.19 -0.39 0.28 -0.02 -0.63
1369 116 188 101 34 -1.15 0.85 -0.42 0.41 0.1 -1.14
1370 109 183 99 33 -1.15 0.65 -0.44 0.09 -0.33 -1.52
1371 117 183 103 35 -0.72 0.11 -0.68 -13.79 -3.74 22.58
1372 113 185 103 35 0.16 -1.43 -0.22 3.28 1.22 -2.35
1373 112 182 103 35 0.08 -1.64 -0.03 2.17 0.04 -2.53
1374 157 188 116 39 0.55 0.02 -0.06 0.93 0.13 0.15
1375 146 191 115 40 0.49 0.46 -0.16 0.33 0.1 0.63
1376 136 187 112 38 0.32 0.32 -0.21 0.71 0.21 0.39
1377 124 181 109 38 0.09 0.21 -0.19 -0.15 -0.17 -0.09
1378 124 173 106 38 0.11 0.14 -0.08 -0.31 -0.35 -0.19
1379 115 167 112 38 0.17 0.06 -0.03 -0.32 -0.24 -0.32
1380 108 165 112 38 0.27 -0.02 -0.03 -0.26 0.15 0.05
1381 101 162 107 38 0.2 -0.02 -0.04 -0.09 0.28 0.18
1382 102 163 107 38 0.11 -0.06 -0.03 0.08 0.28 0.07
1383 111 172 110 37 0.06 -0.15 0.0 0.34 0.24 0.14
1384 112 181 110 38 0.03 -0.14 0.01 0.42 0.2 0.07
1385 114 182 110 39 0.02 -0.09 0.01 0.39 0.2 0.05
1386 125 191 115 40 -0.01 0.05 0.0 0.0 0.08 -0.05
1387 125 188 115 40 0.0 0.12 -0.01 -0.26 0.07 -0.12
1388 116 182 113 39 0.03 0.12 -0.01 -0.31 0.08 -0.14
1389 122 179 111 39 0.06 0.06 -0.02 -0.29 0.13 -0.04
1390 112 175 105 38 0.06 -0.03 -0.02 -0.14 0.1 -0.01
1391 95 168 102 38 0.07 -0.05 -0.02 0.0 0.16 -0.01
1392 105 163 102 37 0.06 -0.05 -0.04 0.03 0.14 -0.02
1393 97 157 102 37 0.07 -0.01 -0.04 0.01 0.13 -0.03
1394 96 156 100 36 0.07 0.01 -0.05 0.0 0.1 -0.01
1395 113 158 102 36 0.08 0.01 -0.05 0.01 0.18 0.0
1396 110 160 104 37 0.05 0.01 -0.05 -0.01 0.12 0.0
1397 109 161 107 37 0.04 0.02 -0.05 0.03 0.13 -0.01
1398 110 162 109 36 0.04 0.03 -0.05 0.02 0.07 0.0
1399 109 163 107 37 0.02 0.05 -0.05 -0.02 0.08 0.01
1400 105 160 104 36 0.01 0.06 -0.04 -0.05 0.1 -0.05
1401 105 159 104 36 0.01 0.05 -0.04 0.01 0.07 -0.03
1402 112 160 104 36 0.02 0.07 -0.03 0.12 0.18 0.0
1403 142 165 109 37 0.03 0.08 -0.03 0.14 0.18 0.01
1404 134 164 107 38 0.02 0.11 -0.03 -0.01 0.17 0.03
1405 125 161 102 37 0.02 0.13 -0.04 -0.18 0.13 -0.04
1406 117 158 100 37 0.02 0.12 -0.05 -0.18 0.08 -0.05
1407 113 155 97 36 0.03 0.09 -0.04 -0.04 0.05 -0.05
-100 -100 -100 -100 -100 -100 -100 -100 -100 -100 -100
1408 123 156 101 36 0.04 0.08 -0.04 0.01 0.03 -0.03
1409 117 158 104 37 0.04 0.08 -0.04 0.01 0.03 -0.02
1410 114 159 103 36 0.05 0.09 -0.04 -0.08 0.11 0.0
1411 109 157 99 36 0.05 0.07 -0.04 -0.03 0.12 -0.01
1412 134 156 100 36 0.04 0.05 -0.03 0.01 0.13 -0.01
1413 126 155 97 36 0.04 0.04 -0.01 0.08 0.06 -0.01
1414 125 157 100 36 0.03 0.04 -0.01 -0.03 0.0 -0.01
1415 117 153 98 35 0.03 0.07 -0.01 -0.05 -0.01 -0.03
1416 115 152 94 34 0.04 0.07 -0.01 -0.17 0.1 -0.06
1417 112 152 99 36 0.05 0.06 -0.01 -0.16 0.16 -0.06
1418 111 154 99 35 0.05 0.04 -0.02 -0.18 0.18 -0.04
1419 105 156 98 34 0.04 0.01 -0.03 -0.06 0.19 0.1
1420 111 164 102 36 0.03 0.0 -0.04 0.04 0.17 0.02
1421 116 170 102 36 0.01 0.02 -0.06 0.01 0.14 0.0
1422 112 170 100 36 -0.01 0.03 -0.06 -0.01 0.1 0.0
1423 109 169 100 36 -0.02 0.03 -0.07 -0.01 0.06 -0.01
1424 113 167 100 35 -0.03 0.02 -0.06 -0.01 0.07 -0.01
1425 108 166 100 34 -0.04 0.02 -0.04 0.1 0.07 0.02
1426 107 168 97 34 -0.04 0.02 -0.04 0.11 0.06 0.01
1427 104 168 103 35 -0.05 0.04 -0.02 0.09 0.05 0.0
1428 106 167 99 33 -0.05 0.06 -0.01 -0.04 0.03 -0.07
1429 133 166 99 33 -0.04 0.06 -0.0 -0.04 0.04 -0.08
1430 134 164 98 33 -0.03 0.04 0.01 -0.07 0.1 -0.04
1431 124 161 95 34 -0.01 0.03 0.02 -0.02 0.12 0.0
1432 120 164 101 35 -0.0 0.04 0.01 -0.03 0.1 -0.04
1433 120 164 104 35 0.01 0.05 0.01 -0.05 0.1 -0.04
1434 112 163 108 36 0.03 0.04 0.01 -0.07 0.07 -0.04
1435 133 167 107 35 0.05 0.04 0.01 -0.08 0.0 -0.09
1436 133 166 102 36 0.08 0.03 0.01 -0.06 -0.01 -0.09
1437 126 165 108 35 0.12 0.04 0.01 -0.08 0.04 -0.06
1438 129 168 113 36 0.13 0.04 0.0 -0.08 0.09 -0.02
1439 117 165 110 36 0.15 0.05 -0.02 -0.08 0.1 0.0
1440 111 165 107 35 0.15 0.06 -0.05 -0.16 0.15 0.02
1441 109 165 103 35 0.14 0.06 -0.07 -0.15 0.2 0.0
1442 137 165 106 34 0.11 0.03 -0.11 -0.14 0.17 0.02
1443 132 163 109 33 0.07 -0.0 -0.12 -0.12 0.15 0.05
1444 126 164 110 34 0.05 -0.01 -0.12 0.08 0.17 0.06
1445 121 165 107 34 0.01 -0.02 -0.1 0.06 0.15 0.05
1446 113 164 102 34 -0.01 -0.01 -0.06 0.23 0.06 0.02
1447 117 164 102 34 -0.02 -0.0 -0.03 0.23 0.0 0.01
1448 110 164 103 35 -0.03 0.03 0.01 0.23 0.02 -0.04
1449 108 162 100 34 -0.03 0.05 0.05 0.13 -0.02 0.0
1450 107 162 98 34 -0.04 0.06 0.07 -0.01 0.08 0.0
1451 137 162 96 35 -0.05 0.08 0.08 -0.05 0.1 0.01
1452 129 164 95 34 -0.05 0.07 0.07 -0.1 0.17 0.0
1453 119 161 98 35 -0.06 0.07 0.07 -0.13 0.22 -0.05
1454 121 158 96 35 -0.06 0.05 0.06 -0.17 0.18 -0.05
1455 111 156 93 34 -0.03 0.02 0.05 -0.1 0.05 -0.09
1456 113 153 98 34 -0.02 0.01 0.05 -0.05 -0.01 -0.1
1457 110 153 97 34 0.02 0.02 0.05 -0.01 0.0 -0.1
1458 131 153 95 34 0.07 0.03 0.04 -0.09 -0.06 -0.11
1459 124 154 101 36 0.09 0.04 0.04 -0.14 -0.07 -0.08
1460 124 156 100 36 0.13 0.04 0.01 -0.15 0.08 -0.02
1461 118 153 103 35 0.13 0.03 -0.02 -0.18 0.14 -0.02
1462 120 155 109 36 0.14 0.03 -0.04 -0.17 0.2 0.0
1463 117 160 104 37 0.13 0.02 -0.08 -0.13 0.19 0.0
1464 110 158 102 35 0.12 -0.0 -0.09 -0.15 0.15 0.01
1465 108 157 101 34 0.12 -0.03 -0.1 -0.04 0.09 0.02
1466 142 160 102 35 0.07 -0.06 -0.09 0.06 0.14 0.03
1467 134 160 104 35 0.04 -0.05 -0.07 0.23 0.02 0.06
1468 132 165 105 36 0.02 -0.03 -0.05 0.29 0.01 0.08
1469 127 167 102 37 -0.02 0.01 -0.01 0.27 0.04 0.06
1470 125 166 105 36 -0.05 0.05 0.03 0.17 0.0 0.02
1471 126 168 109 36 -0.06 0.05 0.04 0.05 0.04 0.0
1472 121 170 105 37 -0.08 0.05 0.07 0.03 0.06 0.03
1473 121 169 106 36 -0.1 0.06 0.08 -0.02 0.16 0.03
1474 145 167 103 37 -0.1 0.07 0.08 -0.11 0.22 -0.01
1475 133 164 99 36 -0.1 0.07 0.06 -0.11 0.2 -0.02
1476 124 161 101 36 -0.09 0.05 0.04 -0.18 0.13 -0.08
1477 122 161 99 36 -0.08 0.03 0.03 -0.17 0.02 -0.05
1478 112 157 95 35 -0.05 -0.0 0.03 -0.14 -0.03 -0.1
1479 112 151 95 35 0.01 -0.01 0.03 -0.04 -0.05 -0.11
1480 107 150 99 36 0.03 -0.01 0.03 -0.02 -0.04 -0.07
1481 128 151 104 37 0.08 0.01 0.02 -0.06 0.0 -0.07
1482 121 151 99 35 0.12 0.02 -0.01 -0.14 0.04 -0.05
1483 123 155 101 36 0.13 0.02 -0.03 -0.15 0.15 0.0
1484 117 160 109 36 0.14 0.02 -0.07 -0.2 0.18 0.0
1485 112 158 105 35 0.12 0.01 -0.1 -0.17 0.13 0.02
