-1 -1 -1 -1 -1 -1 -1 -1 -1 -1 -1
2 46 102 61 28 0.08 0.06 -0.05 -0.03 -0.11 -0.27
3 61 116 70 31 0.12 0.08 -0.05 -0.02 0.0 -0.21
4 74 128 77 35 0.18 0.12 -0.06 0.0 0.06 -0.18
5 103 147 88 38 0.22 0.14 -0.08 0.0 0.09 -0.14
6 111 161 97 45 0.23 0.15 -0.09 -0.06 0.11 -0.18
7 108 161 99 44 0.23 0.15 -0.11 -0.05 0.07 -0.15
8 110 160 98 43 0.22 0.09 -0.1 -0.05 0.02 -0.15
9 121 165 103 45 0.21 0.06 -0.09 0.01 0.04 -0.11
10 119 168 105 44 0.18 -0.01 -0.06 0.0 0.03 -0.07
11 120 167 104 43 0.13 -0.05 -0.03 0.1 0.01 0.05
12 129 172 107 43 0.1 -0.05 -0.02 0.13 0.06 0.09
13 138 180 109 43 0.05 -0.04 0.01 0.21 0.08 0.11
14 140 185 109 43 -0.01 0.02 0.02 0.17 0.1 0.15
15 142 189 112 45 -0.04 0.03 0.02 0.09 0.08 0.03
16 141 196 113 43 -0.09 0.06 0.03 0.09 0.06 0.07
17 141 191 109 44 -0.14 0.07 0.06 0.2 -0.05 0.03
18 145 187 107 44 -0.18 0.08 0.1 0.3 -0.19 0.13
19 136 182 106 43 -0.2 0.16 0.2 0.23 -0.17 0.05
20 134 177 104 41 -0.18 0.26 0.28 0.13 0.06 -0.12
21 133 177 104 43 -0.16 0.28 0.28 -0.13 0.17 -0.17
22 131 176 104 43 -0.12 0.29 0.25 -0.21 0.27 -0.24
23 133 174 105 43 -0.08 0.22 0.18 -0.38 0.24 -0.31
24 141 178 107 44 -0.06 0.18 0.16 -0.32 0.12 -0.28
25 136 177 106 43 -0.02 0.08 0.12 -0.3 0.09 -0.26
26 130 172 106 41 0.02 -0.03 0.11 -0.28 0.02 -0.21
27 135 171 106 42 0.03 -0.05 0.1 -0.33 0.02 -0.23
28 131 170 107 42 0.06 -0.1 0.1 -0.3 0.06 -0.2
29 129 169 104 41 0.06 -0.14 0.06 -0.17 0.3 0.03
30 139 172 107 42 0.04 -0.15 0.04 -0.14 0.13 -0.08
31 136 173 107 42 0.03 -0.21 -0.0 -0.18 0.19 0.0
32 124 167 103 40 -0.01 -0.24 -0.04 -0.11 0.11 0.03
33 125 166 103 40 -0.02 -0.25 -0.05 -0.03 0.03 0.02
34 124 166 103 39 -0.06 -0.26 -0.06 0.03 -0.1 0.04
35 117 162 100 39 -0.08 -0.26 -0.04 0.09 -0.19 0.03
36 125 163 101 39 -0.08 -0.24 -0.02 0.28 -0.19 0.09
37 120 164 101 38 -0.09 -0.19 0.0 0.29 -0.16 0.13
38 119 165 102 39 -0.09 -0.12 0.0 0.19 -0.05 0.06
39 127 171 104 39 -0.08 -0.07 -0.01 0.06 0.0 -0.02
40 123 167 102 39 -0.06 -0.0 -0.03 -0.01 0.04 -0.04
41 119 162 99 38 -0.02 0.02 -0.05 -0.12 0.0 -0.15
42 135 170 103 42 0.0 0.02 -0.06 -0.07 -0.02 -0.14
43 133 174 105 44 0.05 0.04 -0.07 -0.09 0.03 -0.14
44 130 170 102 41 0.1 0.04 -0.08 -0.07 0.03 -0.13
45 131 173 104 43 0.11 0.04 -0.08 -0.05 0.0 -0.08
46 134 177 105 43 0.14 0.04 -0.09 -0.06 0.0 -0.09
47 123 171 103 43 0.16 0.02 -0.09 -0.01 -0.04 -0.06
48 137 178 108 44 0.16 0.0 -0.09 0.05 0.05 0.0
49 142 188 113 46 0.15 0.01 -0.08 0.08 0.05 0.0
50 143 188 113 46 0.12 0.02 -0.08 0.09 0.08 0.04
51 152 192 116 47 0.1 0.04 -0.08 0.07 0.06 0.05
52 156 197 117 49 0.08 0.07 -0.08 0.04 0.05 0.0
53 146 191 114 48 0.06 0.09 -0.07 0.02 0.02 -0.05
54 146 191 114 48 0.06 0.09 -0.06 -0.04 0.01 -0.1
55 145 189 114 47 0.06 0.08 -0.04 -0.03 0.03 -0.1
56 137 182 110 45 0.05 0.05 -0.01 -0.07 0.04 -0.08
57 145 185 112 48 0.05 0.04 -0.01 -0.08 0.12 -0.04
58 145 189 113 47 0.03 0.01 0.01 -0.07 0.13 -0.04
59 140 184 111 46 0.0 -0.01 0.0 -0.06 0.08 -0.05
60 135 177 110 45 -0.02 -0.02 0.01 -0.02 -0.01 -0.01
61 123 170 105 43 -0.03 -0.03 0.02 -0.01 -0.06 -0.03
62 119 165 103 40 -0.04 -0.04 0.03 0.08 0.0 0.01
63 128 172 107 41 -0.04 -0.03 0.04 0.04 0.05 0.03
64 132 179 110 42 -0.06 -0.03 0.05 0.04 0.1 0.02
65 128 176 108 41 -0.09 -0.03 0.04 -0.05 0.07 0.02
66 130 175 109 42 -0.11 -0.03 0.04 -0.05 0.1 -0.06
67 127 173 108 41 -0.13 -0.04 0.04 -0.05 0.12 -0.09
68 119 168 105 40 -0.14 -0.06 0.03 -0.01 0.08 -0.05
69 126 169 106 40 -0.14 -0.07 0.04 -0.04 0.07 -0.04
70 125 171 105 40 -0.14 -0.08 0.03 -0.05 0.04 -0.06
71 117 164 102 39 -0.13 -0.08 0.02 -0.07 -0.01 -0.05
72 119 164 102 40 -0.12 -0.08 0.02 -0.04 -0.03 -0.08
73 118 164 101 39 -0.1 -0.05 0.0 -0.08 -0.08 -0.1
74 111 156 97 38 -0.06 -0.05 -0.01 -0.07 -0.08 -0.08
75 112 155 96 38 -0.04 -0.05 -0.02 -0.09 0.03 -0.11
76 107 154 95 37 -0.02 -0.04 -0.03 -0.12 0.05 -0.09
77 104 153 92 36 0.0 -0.03 -0.06 -0.1 0.12 -0.09
78 117 160 96 39 0.01 -0.03 -0.07 -0.07 0.08 -0.06
79 116 165 98 39 0.02 -0.03 -0.08 -0.06 0.08 -0.05
80 116 163 99 38 0.01 -0.05 -0.09 0.0 0.03 0.0
81 129 171 103 42 0.01 -0.05 -0.09 0.03 0.05 -0.03
82 132 176 104 42 -0.01 -0.06 -0.07 0.06 0.0 0.01
83 132 176 105 41 -0.03 -0.08 -0.04 0.1 0.0 0.0
84 134 176 106 41 -0.04 -0.08 -0.03 0.06 -0.04 0.03
85 134 179 108 41 -0.04 -0.07 0.0 0.08 0.01 0.0
86 147 180 106 40 -0.05 -0.08 0.03 0.07 0.08 0.02
87 143 180 109 42 -0.05 -0.08 0.04 -0.01 0.04 -0.08
88 140 179 109 41 -0.04 -0.1 0.07 -0.05 0.04 -0.09
89 131 172 105 40 -0.03 -0.13 0.1 -0.01 0.0 -0.09
90 129 171 105 41 -0.03 -0.13 0.12 0.02 -0.03 -0.1
91 127 172 104 39 -0.0 -0.13 0.15 0.08 -0.02 -0.09
92 122 166 102 39 0.05 -0.12 0.17 0.06 -0.03 -0.11
93 131 173 106 41 0.07 -0.11 0.18 0.07 0.06 -0.12
94 145 178 107 43 0.11 -0.07 0.2 0.05 0.09 -0.13
95 139 177 107 42 0.15 -0.02 0.2 0.01 0.11 -0.1
96 142 180 110 43 0.16 -0.01 0.19 -0.04 0.07 -0.04
97 145 183 111 43 0.18 0.01 0.18 -0.02 0.03 0.0
98 142 182 108 43 0.19 0.01 0.18 -0.02 -0.05 -0.05
99 157 187 113 45 0.2 0.0 0.18 0.0 -0.07 -0.09
100 155 192 114 47 0.22 -0.0 0.2 0.24 -0.05 -0.1
101 149 186 111 45 0.26 0.05 0.21 0.14 0.01 -0.06
102 151 187 110 45 0.27 0.08 0.21 -0.03 0.07 -0.05
103 151 188 110 45 0.31 0.13 0.21 -0.04 0.1 -0.08
104 144 183 107 43 0.32 0.15 0.2 -0.12 0.07 -0.08
105 152 188 111 46 0.33 0.14 0.2 -0.13 0.1 -0.04
106 157 195 111 48 0.33 0.15 0.18 -0.04 0.11 -0.08
107 151 189 108 45 0.31 0.1 0.16 -0.13 0.07 0.05
108 162 196 113 47 0.3 0.07 0.16 0.14 0.07 -0.11
109 163 199 112 48 0.26 0.07 0.15 0.32 -0.02 -0.11
110 153 191 108 46 0.25 0.1 0.16 0.26 -0.01 -0.11
111 166 194 111 47 0.24 0.13 0.17 0.08 -0.03 0.12
112 164 197 113 47 0.23 0.21 0.2 0.27 0.04 -0.12
113 159 193 111 46 0.22 0.25 0.23 -0.14 0.11 0.07
114 171 194 113 48 0.21 0.23 0.24 -0.04 0.17 -0.07
115 167 197 113 48 0.17 0.19 0.23 -0.04 0.19 -0.06
116 162 189 109 46 0.11 0.16 0.21 -0.08 0.05 -0.01
117 177 197 115 47 0.09 0.15 0.19 0.0 0.0 -0.03
118 180 207 117 50 0.05 0.17 0.16 -0.05 0.04 0.01
119 174 203 113 49 0.01 0.18 0.11 -0.1 0.09 0.04
120 170 203 116 48 -0.03 0.19 0.08 -0.18 0.19 0.0
121 165 202 114 49 -0.11 0.19 0.03 -0.21 0.14 -0.01
122 158 194 111 46 -0.18 0.11 0.01 -0.08 0.15 -0.01
123 158 193 111 44 -0.21 0.09 0.01 0.01 0.02 0.0
124 158 195 111 46 -0.26 0.05 0.03 0.05 0.02 -0.06
125 149 187 106 44 -0.29 -0.02 0.06 0.05 -0.02 -0.1
126 151 185 106 44 -0.29 -0.05 0.08 0.09 0.0 -0.01
127 145 185 105 44 -0.32 -0.06 0.09 0.14 0.04 0.0
128 141 181 104 43 -0.32 -0.02 0.11 0.06 0.0 0.02
129 151 190 109 45 -0.33 0.02 0.12 0.0 0.13 -0.01
130 150 193 108 46 -0.34 0.02 0.09 -0.19 0.18 -0.15
131 145 192 105 44 -0.33 0.02 0.04 -0.21 0.25 -0.15
132 145 193 106 45 -0.32 -0.01 0.01 -0.26 0.18 -0.23
133 139 189 103 43 -0.32 -0.07 -0.05 -0.25 0.05 -0.12
134 124 177 97 41 -0.3 -0.11 -0.1 -0.16 -0.02 -0.21
135 128 180 100 42 -0.28 -0.11 -0.12 -0.24 -0.08 -0.25
-200 -200 -200 -200 -200 -200 -200 -200 -200 -200 -200
136 122 177 98 41 -0.22 -0.15 -0.15 -0.2 -0.09 -0.23
137 117 170 94 39 -0.17 -0.2 -0.17 -0.02 -0.06 -0.18
138 116 172 95 40 -0.14 -0.2 -0.18 0.0 -0.04 -0.16
139 114 172 94 40 -0.07 -0.18 -0.2 -0.02 0.02 -0.12
140 106 164 92 38 -0.03 -0.18 -0.22 -0.02 0.0 -0.09
141 113 167 94 38 -0.02 -0.18 -0.23 0.0 -0.03 -0.08
142 114 166 94 39 0.02 -0.17 -0.24 -0.02 -0.11 -0.11
143 113 162 92 38 0.05 -0.17 -0.23 0.0 -0.02 -0.04
144 122 169 97 39 0.05 -0.17 -0.23 0.07 0.02 -0.02
145 133 174 98 40 0.03 -0.17 -0.25 0.05 -0.01 0.05
146 123 168 94 38 -0.0 -0.15 -0.26 -0.02 0.1 -0.03
147 118 176 95 38 -0.01 -0.15 -0.26 -0.1 0.1 -0.1
148 117 189 93 39 -0.05 -0.22 -0.25 -0.14 0.33 -0.23
149 110 206 93 52 -0.11 -0.37 -0.18 0.0 0.43 -0.03
150 116 262 96 58 -0.15 -0.47 -0.13 0.1 0.24 0.06
151 118 270 97 54 -0.23 -0.58 -0.01 0.62 0.0 0.22
152 108 290 94 53 -0.21 -0.58 0.11 0.85 -0.08 0.26
153 120 325 96 56 -0.19 -0.5 0.16 0.88 -0.2 0.29
154 127 311 104 112 -0.14 -0.31 0.27 0.82 -0.04 0.48
155 119 307 100 105 -0.15 -0.29 0.4 0.27 0.19 0.77
156 130 318 105 96 -0.34 -0.36 0.47 0.11 0.24 0.73
157 135 309 104 91 -0.73 -0.49 0.59 0.32 -0.42 0.36
158 136 293 102 77 -0.2 0.5 0.44 -0.46 -0.22 0.52
159 143 278 113 72 -0.01 0.71 0.4 -0.93 -0.26 0.66
160 146 269 116 67 0.11 0.77 0.37 -1.7 -0.4 0.69
161 147 244 114 61 0.43 0.52 0.29 -0.98 -0.22 0.29
162 160 243 119 60 0.57 0.45 0.26 -0.61 -0.06 0.0
163 160 256 123 56 0.7 0.36 0.22 -0.36 0.17 0.14
164 158 252 120 56 0.82 0.18 -0.01 -0.26 0.88 0.31
165 168 252 124 56 0.72 0.16 0.11 -0.54 0.76 0.22
166 185 248 126 56 0.58 0.19 0.16 -0.61 1.1 0.52
167 168 240 128 51 0.46 0.24 0.21 -0.39 1.23 0.73
168 168 272 134 53 0.42 0.22 0.23 -0.32 1.2 0.78
169 163 275 134 50 0.42 0.01 0.25 -0.41 1.1 0.98
170 158 260 132 48 0.43 -0.13 0.29 -0.27 1.15 1.19
171 169 249 136 49 0.43 -0.09 0.3 -0.14 1.16 1.26
172 181 249 138 50 0.5 0.4 0.3 0.39 1.23 1.42
173 187 241 140 48 0.49 1.33 0.29 0.77 1.07 1.4
174 212 269 150 53 0.42 1.84 0.29 0.6 0.92 1.11
175 208 287 150 55 0.35 2.48 0.28 0.32 0.67 1.2
176 220 268 148 51 0.5 2.47 0.24 -0.11 0.48 1.0
177 223 265 147 52 0.65 2.43 0.21 -0.04 0.53 0.83
178 219 253 147 53 0.86 2.52 0.13 0.29 0.79 0.31
179 206 255 153 50 0.85 2.76 0.09 0.22 0.87 0.56
180 228 257 156 55 0.85 2.81 0.06 0.13 0.7 0.73
181 224 251 155 55 0.83 2.54 0.02 0.08 0.26 0.77
182 203 275 148 52 0.75 1.89 0.06 -0.04 -0.14 0.21
183 204 271 142 55 0.74 1.5 0.1 -0.07 -0.36 -0.92
184 199 281 140 54 0.77 0.74 0.21 0.28 -0.46 -1.26
185 184 288 135 49 0.87 0.38 0.29 -0.09 -0.22 -0.68
186 211 303 145 53 0.89 0.44 0.28 0.03 -0.32 -0.49
187 231 309 150 53 0.8 1.02 0.27 0.16 0.0 0.0
188 284 287 146 50 0.69 1.44 0.18 0.0 0.04 -0.31
189 290 280 142 52 0.66 1.46 0.13 -0.03 -0.01 -0.42
190 278 273 143 50 0.64 1.25 0.02 0.71 0.24 -0.8
191 334 270 139 47 0.64 1.25 -0.09 1.22 0.4 -0.74
192 383 276 141 50 0.62 1.38 -0.15 1.55 0.64 -0.64
193 347 286 143 51 0.55 1.76 -0.34 1.44 0.54 -0.19
194 324 260 139 48 0.52 1.91 -0.59 1.34 -0.19 0.09
195 345 248 141 49 0.53 1.89 -0.71 1.39 -0.43 0.24
196 363 241 142 46 0.48 1.79 -0.84 1.47 -0.77 0.32
197 349 243 138 48 0.33 1.74 -0.84 1.08 -1.33 -0.96
198 331 250 140 48 0.26 1.64 -0.8 0.89 -1.57 -1.23
199 299 261 145 47 0.18 1.13 -0.7 0.27 -2.04 -1.15
200 278 255 144 46 0.16 0.37 -0.59 0.41 -2.07 -1.03
201 335 258 151 51 0.14 0.06 -0.52 0.54 -1.96 -1.09
202 357 260 158 54 0.08 -0.27 -0.33 0.54 -1.79 -0.91
203 334 244 158 51 0.06 -0.41 -0.17 0.71 -1.6 -0.4
204 295 252 159 52 0.07 -0.44 -0.13 0.54 -1.48 -0.38
205 274 269 162 52 0.03 -0.49 -0.05 0.66 -1.44 -0.23
206 250 256 162 48 0.06 -0.58 0.01 0.72 -1.09 -0.36
207 246 257 168 49 0.08 -0.61 0.04 0.82 -0.96 -0.39
208 266 249 169 49 0.09 -0.57 0.09 1.09 -0.6 -0.23
209 247 253 162 46 0.07 -0.33 0.09 0.75 -0.45 -0.11
210 233 336 163 47 0.05 -0.16 0.09 0.59 -0.41 -0.03
211 230 329 168 47 0.02 0.04 0.03 0.5 -0.27 -0.12
212 210 296 165 44 -0.0 0.04 -0.01 0.5 -0.21 -0.28
213 206 285 164 45 -0.01 -0.01 -0.01 0.21 -0.28 -0.22
214 217 271 163 45 0.02 -0.18 -0.01 0.23 -0.19 0.06
215 206 272 161 43 0.01 -0.18 -0.02 0.09 0.13 0.09
216 231 285 163 46 -0.0 -0.11 -0.01 -0.03 0.19 0.08
217 220 278 167 43 -0.03 -0.03 -0.02 -0.19 0.18 -0.03
218 196 263 160 41 -0.03 -0.1 -0.01 -0.15 0.21 -0.19
219 178 250 159 44 -0.03 -0.16 0.0 -0.17 0.18 -0.18
220 181 244 169 44 -0.0 -0.25 0.03 -0.18 0.23 0.02
221 190 242 167 42 0.01 -0.29 0.05 -0.18 0.29 0.23
222 201 254 174 45 0.0 -0.27 0.06 -0.21 0.24 0.27
223 184 278 181 47 -0.03 -0.21 0.06 -0.23 0.19 0.04
224 192 288 181 45 -0.04 -0.13 0.05 -0.14 0.1 -0.08
225 194 297 177 47 -0.07 -0.0 0.05 -0.17 0.14 -0.16
226 190 282 177 47 -0.08 0.01 0.06 -0.15 0.08 -0.2
227 170 263 173 43 -0.05 -0.06 0.1 -0.19 0.18 -0.02
228 172 264 171 44 -0.04 -0.11 0.11 -0.17 0.14 0.03
229 208 280 177 45 -0.04 -0.13 0.12 0.11 0.19 0.11
230 192 279 176 42 -0.06 -0.01 0.11 0.15 0.17 -0.01
231 216 287 176 43 -0.07 0.04 0.11 0.11 -0.04 -0.15
232 200 297 181 42 -0.08 -0.02 0.1 0.29 -0.15 -0.09
233 189 292 179 40 -0.07 -0.07 0.11 0.25 -0.21 -0.02
234 179 292 184 41 -0.06 -0.11 0.12 0.17 -0.22 0.04
235 206 294 187 43 -0.02 -0.26 0.13 0.41 -0.22 0.18
236 191 295 186 42 0.01 -0.27 0.12 0.49 -0.11 0.17
237 202 294 185 44 0.01 -0.19 0.1 0.41 -0.05 0.15
238 194 282 189 45 -0.01 -0.08 0.06 0.38 -0.04 0.13
239 173 275 188 43 -0.02 -0.03 0.04 0.25 -0.03 0.07
240 189 278 188 45 -0.04 0.02 0.02 0.29 -0.01 -0.05
241 226 282 191 44 -0.05 0.04 0.0 0.18 -0.06 -0.07
242 210 269 192 43 -0.05 0.03 0.0 0.16 -0.12 0.1
243 208 270 197 44 -0.05 0.04 0.01 0.14 -0.1 0.16
244 204 266 193 45 -0.03 0.04 0.0 0.11 -0.05 0.23
245 192 255 191 46 -0.03 0.02 -0.0 0.13 -0.04 0.12
246 191 256 191 46 -0.01 0.01 -0.01 0.13 -0.02 0.14
247 181 249 194 45 -0.01 -0.03 -0.02 0.12 -0.05 0.0
248 174 257 191 42 -0.01 -0.09 -0.01 0.16 -0.09 0.01
249 196 271 187 44 -0.01 -0.13 -0.01 0.16 -0.03 0.0
250 185 266 191 43 -0.01 -0.1 -0.0 0.22 0.01 0.28
251 180 257 192 42 -0.01 -0.03 -0.0 0.09 0.0 0.2
252 190 259 191 43 -0.03 0.06 -0.02 0.04 -0.03 0.07
253 176 260 193 42 -0.03 0.01 -0.02 0.11 0.0 -0.03
254 168 242 191 41 -0.02 -0.01 -0.02 0.12 0.01 -0.03
255 175 258 189 44 -0.02 -0.04 -0.01 0.15 0.0 -0.04
256 185 256 192 44 -0.02 -0.06 -0.02 0.07 0.0 -0.02
257 167 243 185 42 -0.02 -0.08 -0.03 0.05 -0.05 0.05
258 181 249 185 44 -0.03 -0.06 -0.02 0.02 -0.04 0.03
259 191 240 188 43 -0.02 -0.02 -0.01 0.01 -0.04 0.1
260 177 241 185 41 -0.01 0.03 -0.01 0.03 -0.05 0.07
261 170 250 187 42 -0.0 0.04 0.0 -0.01 -0.07 0.0
262 160 249 190 43 0.0 0.02 0.02 0.14 -0.17 -0.12
263 140 242 188 42 -0.0 0.02 0.03 0.23 -0.14 -0.15
264 150 236 190 44 -0.0 0.02 0.03 0.3 -0.11 -0.15
265 160 237 188 44 -0.04 0.08 0.01 0.35 -0.02 -0.14
266 153 220 193 42 -0.06 0.11 0.0 0.36 -0.1 -0.15
267 161 228 186 43 -0.08 0.14 -0.02 0.36 -0.14 -0.22
268 158 232 187 43 -0.09 0.12 -0.03 0.3 -0.24 -0.35
269 147 235 186 42 -0.09 0.08 -0.03 0.22 -0.26 -0.35
270 155 246 187 50 -0.11 0.0 -0.02 0.33 -0.26 -0.33
271 155 236 188 46 -0.13 0.02 -0.0 0.38 -0.39 -0.24
272 144 230 187 55 -0.15 0.04 0.0 0.56 -0.6 -0.15
273 147 219 186 57 -0.19 0.18 0.02 0.64 -0.64 -0.18
274 143 214 184 61 -0.24 0.36 0.06 0.63 -1.03 -0.19
275 135 210 181 60 -0.28 0.43 0.09 0.63 -1.84 -0.36
276 145 210 181 57 -0.36 0.43 0.18 0.81 -2.07 -0.47
277 148 209 184 55 -0.48 0.34 0.27 0.98 -1.85 -0.72
278 145 195 183 53 -0.55 0.23 0.29 1.09 -1.51 -0.73
279 147 195 182 52 -0.67 -0.02 0.27 1.32 -1.36 -0.92
280 141 194 180 49 -0.8 -0.25 0.21 1.64 -1.54 -1.02
281 130 183 174 48 -0.87 -0.33 0.18 1.86 -1.31 -0.81
282 135 183 171 45 -1.03 -0.49 0.13 2.08 -1.13 -0.91
283 144 188 172 48 -1.19 -0.78 0.08 2.05 -0.6 -0.88
284 134 182 170 45 -1.23 -0.96 0.03 1.02 -0.6 -1.06
285 137 182 168 45 -1.27 -1.39 -0.16 0.65 -0.68 -1.1
286 132 184 168 47 -1.34 -1.98 -0.36 0.49 -0.17 -0.38
287 120 176 165 43 -1.33 -2.31 -0.47 0.76 0.72 -0.35
288 125 183 164 47 -1.35 -2.81 -0.69 1.1 1.13 -0.31
289 126 202 167 48 -1.39 -2.9 -0.81 1.36 1.2 -0.47
290 123 216 165 45 -1.39 -2.81 -0.85 1.23 0.98 0.09
291 131 231 165 45 -1.3 -2.54 -0.87 1.01 1.04 0.04
292 130 231 166 45 -1.35 -2.26 -0.86 0.34 0.76 0.0
293 122 220 163 43 -1.33 -2.17 -0.86 -0.2 0.47 0.0
294 122 219 159 44 -1.27 -2.13 -0.87 -0.52 0.42 -0.15
295 122 231 160 42 -1.05 -1.89 -0.84 0.32 0.35 -0.08
296 120 241 158 40 -1.05 -1.7 -0.84 0.89 0.58 0.33
297 128 238 160 42 -1.13 -1.35 -0.88 0.96 0.54 0.31
298 127 238 161 44 -1.12 -1.24 -1.01 1.51 0.63 -0.36
299 126 217 159 42 -1.01 -1.4 -0.8 2.45 0.94 -1.32
300 154 212 164 42 -1.01 -1.18 -1.05 3.29 2.27 -2.26
301 152 206 166 41 0.99 -5.24 -0.15 -34.39 -3.88 18.0
302 148 193 160 39 -0.49 -9.9 0.4 6.09 -0.2 4.53
303 163 202 160 42 0.72 -3.04 0.01 3.73 1.4 4.5
304 162 212 161 45 0.95 -0.18 -0.04 0.8 1.05 2.82
305 151 205 155 43 0.83 -0.04 -0.03 1.24 2.0 1.27
306 157 205 157 43 0.54 -0.13 -0.21 1.05 1.94 0.6
307 157 206 160 44 0.12 -0.52 -0.22 1.61 1.13 -0.21
308 146 195 153 42 -0.04 -0.46 -0.16 1.49 0.02 0.54
309 141 190 147 41 -0.04 -0.03 -0.08 1.27 -0.19 0.77
310 139 190 147 41 0.03 0.24 -0.06 0.63 -0.37 0.56
311 133 181 141 40 0.02 0.28 -0.04 -0.16 -0.39 -0.31
312 139 185 145 42 -0.01 0.33 0.02 -0.26 -0.25 -0.45
313 136 184 148 41 -0.08 0.19 0.07 -0.5 -0.2 -0.61
314 136 186 144 41 -0.08 0.07 0.09 -0.29 0.0 -0.52
315 139 198 143 42 -0.04 -0.1 0.11 -0.28 0.0 -0.36
316 137 196 141 42 -0.05 -0.17 0.1 -0.24 0.23 0.09
317 136 191 138 40 -0.07 -0.17 0.1 -0.17 0.38 0.09
318 139 189 141 42 -0.09 -0.05 0.06 -0.07 0.55 -0.01
319 139 189 142 41 -0.02 0.05 0.01 -0.1 0.56 -0.17
320 137 185 139 41 0.02 0.07 -0.02 -0.27 0.37 -0.26
321 153 190 142 44 0.06 0.06 -0.04 -0.35 0.32 -0.26
322 158 193 143 44 0.08 0.01 -0.05 -0.31 0.21 -0.22
-100 -100 -100 -100 -100 -100 -100 -100 -100 -100 -100
323 150 194 138 42 0.08 -0.03 -0.04 -0.25 0.16 -0.23
324 152 196 138 44 0.05 -0.11 -0.02 -0.14 0.06 -0.12
325 149 197 136 43 0.03 -0.15 -0.02 0.12 0.18 0.12
326 147 193 132 43 0.03 -0.13 -0.02 0.22 0.23 0.12
327 165 203 140 44 0.0 -0.02 -0.03 0.22 0.24 0.0
328 169 214 141 48 -0.02 0.05 -0.01 0.13 0.2 -0.07
329 158 201 132 45 -0.02 0.05 -0.0 0.01 0.18 -0.1
330 169 204 138 48 0.01 0.02 0.01 -0.22 0.12 -0.18
331 172 207 133 48 0.0 -0.02 0.02 -0.17 0.2 -0.21
332 156 195 127 45 -0.01 -0.03 0.02 -0.07 0.22 -0.05
333 157 194 130 45 -0.02 -0.04 0.02 -0.08 0.2 0.01
334 158 197 126 46 -0.02 -0.02 0.01 0.05 0.24 0.0
335 149 189 119 44 -0.02 -0.01 0.0 -0.03 0.15 -0.02
336 150 187 118 45 -0.0 -0.0 0.0 -0.02 0.15 -0.1
337 146 187 117 44 -0.0 0.0 0.01 -0.05 0.16 -0.13
338 143 185 123 44 -0.01 0.0 0.01 -0.15 0.15 -0.17
339 148 187 120 45 -0.01 -0.0 0.01 -0.17 0.12 -0.15
340 143 187 116 42 -0.01 -0.01 0.01 -0.15 0.19 -0.04
341 135 178 110 43 -0.02 -0.01 0.0 -0.05 0.23 -0.05
342 135 177 109 42 -0.03 -0.01 -0.0 -0.01 0.22 -0.11
343 131 177 104 41 -0.01 -0.02 0.0 -0.04 0.18 -0.08
344 127 173 108 41 -0.01 -0.02 0.0 -0.05 0.15 0.0
345 131 178 111 43 -0.02 -0.02 0.01 -0.05 0.12 -0.02
346 130 178 109 41 -0.02 -0.02 0.01 -0.01 0.15 -0.09
347 125 172 105 40 -0.02 -0.01 0.01 -0.05 0.18 -0.07
348 130 176 108 41 -0.01 -0.01 0.01 -0.08 0.18 -0.13
349 127 174 104 40 -0.01 -0.03 0.01 -0.09 0.22 -0.08
350 122 176 104 39 -0.01 -0.03 0.02 -0.11 0.2 -0.08
351 127 179 107 40 -0.01 -0.02 0.01 -0.08 0.18 -0.08
352 128 182 105 40 -0.01 -0.03 0.0 -0.04 0.17 0.0
353 122 176 103 39 -0.02 -0.02 -0.0 -0.02 0.19 -0.04
354 126 177 104 41 -0.03 -0.02 0.0 -0.02 0.15 -0.06
355 124 178 107 40 -0.02 -0.03 0.01 -0.03 0.16 -0.07
356 115 168 107 38 -0.01 -0.03 0.0 -0.06 0.16 -0.06
357 117 173 109 39 -0.01 -0.03 0.0 -0.04 0.18 -0.11
358 121 177 110 39 -0.01 -0.03 0.0 -0.04 0.12 -0.11
359 112 168 107 38 -0.01 -0.03 -0.0 -0.04 0.13 -0.11
360 113 165 107 38 -0.01 -0.03 -0.01 -0.03 0.1 -0.08
361 109 165 104 37 -0.01 -0.03 -0.01 -0.1 0.08 -0.06
362 102 156 100 35 -0.01 -0.04 -0.0 -0.03 0.16 -0.09
363 101 155 103 36 -0.0 -0.03 -0.0 -0.06 0.19 -0.04
364 100 162 105 36 -0.0 -0.02 -0.01 -0.03 0.14 -0.1
365 108 171 111 38 0.0 -0.01 -0.01 0.0 0.13 -0.08
366 119 181 116 39 0.01 -0.02 -0.01 -0.03 0.16 -0.07
367 118 181 110 38 0.02 -0.01 -0.01 -0.03 0.15 -0.12
368 114 175 109 37 0.03 -0.01 -0.01 -0.07 0.12 -0.09
369 117 173 114 38 0.03 -0.01 -0.01 -0.09 0.17 -0.06
370 120 175 111 39 0.02 -0.03 -0.01 -0.08 0.16 -0.07
371 115 177 110 38 0.02 -0.03 -0.01 -0.05 0.16 -0.06
372 129 188 116 40 0.03 -0.04 -0.01 0.0 0.16 -0.12
373 134 194 113 40 0.03 -0.05 -0.01 -0.01 0.14 -0.02
374 121 183 110 39 0.03 -0.05 -0.01 -0.02 0.15 -0.03
375 124 186 116 39 0.01 -0.04 -0.0 -0.04 0.13 0.0
376 132 195 117 41 0.0 -0.03 0.0 0.01 0.12 0.0
377 130 192 117 41 0.0 -0.03 0.0 0.01 0.14 -0.04
-200 -200 -200 -200 -200 -200 -200 -200 -200 -200 -200
378 131 191 118 41 -0.0 -0.02 0.0 -0.01 0.1 -0.08
379 129 192 113 40 0.0 -0.03 0.01 -0.05 0.08 -0.09
380 123 184 110 39 0.0 -0.03 0.0 -0.06 0.12 -0.1
381 128 182 115 40 0.01 -0.02 0.0 -0.09 0.16 -0.13
382 128 186 113 40 0.01 -0.02 0.0 -0.07 0.15 -0.03
383 122 177 118 40 0.01 -0.02 0.0 -0.05 0.2 -0.01
384 136 184 126 41 0.0 -0.03 0.0 0.0 0.19 -0.06
385 137 192 124 42 0.02 -0.01 -0.01 0.0 0.2 -0.05
386 136 194 124 42 0.02 -0.01 -0.02 0.0 0.28 -0.02
387 137 197 121 46 0.0 -0.02 -0.02 -0.02 0.18 -0.05
388 133 196 117 51 0.0 -0.05 0.0 -0.05 0.14 -0.12
389 125 193 113 57 0.0 -0.06 0.0 -0.1 0.05 -0.01
390 129 197 116 57 -0.02 -0.1 0.01 -0.07 0.05 0.05
391 126 222 113 63 -0.07 -0.15 0.03 0.15 0.27 0.28
392 145 256 113 115 -0.13 -0.2 0.05 0.2 0.23 0.38
393 166 271 121 103 -0.2 -0.17 0.11 0.62 0.39 0.49
394 160 308 119 106 -0.28 0.05 0.17 0.81 0.45 1.08
395 153 309 114 109 -0.36 0.18 0.2 0.79 0.45 1.14
396 158 322 120 103 -0.14 0.51 0.22 -0.46 0.54 1.62
397 155 304 116 96 0.02 0.72 0.25 -0.93 0.5 1.95
398 154 309 117 90 0.11 0.74 0.25 -0.78 0.45 1.92
399 162 309 122 83 0.35 0.68 0.23 -1.34 0.02 1.71
400 162 300 126 76 0.7 0.75 0.33 -0.65 0.77 1.38
401 155 289 125 70 0.91 0.72 0.44 -1.57 -0.91 2.75
402 159 268 127 67 1.34 0.42 0.39 -0.89 1.48 2.67
403 163 268 123 63 1.57 0.83 0.47 0.01 1.48 2.55
404 166 243 121 59 1.64 1.19 0.5 -0.05 1.41 2.37
405 183 252 128 58 1.73 1.85 0.52 0.0 1.41 1.82
406 183 252 130 59 1.72 2.19 0.51 -0.1 1.14 1.7
407 211 241 130 59 1.74 2.21 0.5 0.0 1.01 1.59
408 222 244 138 56 1.81 2.15 0.45 0.36 0.8 0.7
409 226 241 134 55 1.82 2.21 0.37 0.85 0.77 0.33
410 204 246 137 51 1.77 2.32 0.32 1.02 0.76 -0.07
411 230 251 143 51 1.64 2.58 0.19 1.31 0.69 -0.42
412 249 251 137 51 1.44 2.73 0.01 1.46 0.36 -0.6
413 255 237 131 47 1.4 2.78 -0.07 1.88 0.28 -0.62
414 281 230 129 50 1.26 2.94 -0.23 1.75 -0.2 -0.56
415 264 230 130 46 1.07 3.01 -0.39 2.22 -0.16 -0.73
416 248 241 128 49 0.95 3.07 -0.47 2.19 -0.46 -0.62
417 310 262 134 51 0.88 3.08 -0.62 1.76 -0.68 -0.91
418 340 272 129 59 0.68 2.75 -0.75 1.64 -0.86 -1.26
419 319 262 127 55 0.6 2.54 -0.78 1.63 -0.95 -1.8
420 286 262 128 54 0.48 2.04 -0.78 1.23 -1.2 -1.76
421 277 268 125 54 0.43 1.5 -0.75 0.78 -1.37 -1.19
422 272 243 117 51 0.39 1.29 -0.75 0.72 -1.45 -0.95
423 315 243 125 53 0.3 1.07 -0.73 0.51 -1.66 -0.77
424 292 249 120 49 0.18 0.9 -0.67 -0.13 -1.76 -1.19
425 266 234 115 47 0.11 0.82 -0.62 -0.25 -1.79 -1.21
426 239 230 116 49 0.04 0.49 -0.51 -0.23 -1.69 -1.29
427 254 229 118 46 -0.0 0.22 -0.37 -0.15 -1.55 -1.11
428 227 208 111 52 -0.02 0.15 -0.31 -0.09 -1.46 -0.89
429 252 219 112 49 -0.07 0.14 -0.2 0.19 -1.38 -0.59
430 268 220 109 48 -0.09 0.14 -0.13 0.18 -1.09 -0.49
431 233 233 103 45 -0.09 0.09 -0.1 0.34 -0.95 -0.55
432 259 227 110 46 -0.09 0.0 -0.06 0.56 -0.82 -0.54
433 240 226 110 46 -0.07 -0.06 -0.01 0.7 -0.63 -0.33
434 220 210 105 45 -0.07 -0.05 0.0 0.68 -0.5 -0.25
435 212 243 108 46 -0.06 -0.02 0.01 0.46 -0.35 0.0
436 216 243 107 53 -0.05 -0.09 -0.01 0.53 -0.27 0.12
437 258 236 103 50 -0.05 -0.1 -0.03 0.53 -0.24 0.14
438 226 225 103 46 -0.06 -0.07 -0.03 0.71 -0.13 -0.03
439 239 210 109 44 -0.04 -0.04 -0.02 0.42 -0.03 0.13
440 223 255 114 40 -0.03 -0.03 -0.03 0.2 -0.01 0.34
441 251 240 108 46 -0.01 -0.03 -0.03 -0.03 -0.09 0.34
442 243 232 109 46 0.01 -0.09 -0.04 -0.05 0.1 0.17
443 229 236 108 45 0.02 -0.09 -0.04 -0.01 0.12 0.1
444 209 233 112 44 0.0 -0.07 -0.03 -0.03 0.03 0.0
445 280 229 108 45 0.0 -0.08 0.01 -0.1 0.06 0.05
446 253 218 107 41 0.0 -0.12 0.02 -0.03 0.07 0.15
447 230 227 112 39 -0.02 -0.13 0.05 -0.13 -0.02 0.26
448 216 236 116 39 -0.02 -0.08 0.06 -0.07 0.02 0.17
449 198 224 114 38 0.0 -0.06 0.08 -0.09 -0.03 0.11
450 192 211 113 39 0.04 -0.08 0.1 -0.07 0.08 0.12
451 179 212 112 38 0.05 -0.17 0.1 0.11 0.05 0.2
452 195 210 114 37 0.06 -0.19 0.1 0.22 0.04 0.07
453 256 236 125 38 0.05 -0.07 0.09 0.37 0.07 0.01
454 240 251 131 41 0.02 0.05 0.08 0.18 -0.02 -0.02
455 229 247 130 40 0.0 0.06 0.08 0.15 -0.03 -0.07
456 205 238 128 40 0.01 -0.01 0.07 0.25 -0.08 -0.11
457 242 246 122 39 0.02 -0.1 0.06 0.26 -0.1 -0.02
458 219 222 120 38 0.02 -0.14 0.04 0.46 -0.04 -0.03
459 207 233 121 36 0.02 -0.08 0.03 0.36 0.02 -0.06
460 202 259 128 38 -0.01 0.03 0.01 0.29 0.01 -0.09
461 187 279 127 36 -0.02 0.08 -0.0 0.25 -0.01 -0.09
462 176 265 124 35 -0.03 0.08 -0.0 0.08 -0.05 -0.12
463 198 263 126 36 -0.02 0.03 -0.01 0.04 -0.09 0.01
464 236 255 126 36 -0.01 0.02 -0.0 0.0 -0.11 0.08
465 214 262 127 38 -0.0 -0.01 0.01 -0.06 -0.05 0.07
466 209 253 130 40 0.01 -0.11 0.02 0.0 0.0 0.05
467 199 262 132 37 0.01 -0.12 0.02 0.12 0.0 0.0
468 187 280 140 40 -0.01 -0.02 0.02 0.16 0.01 0.08
469 189 260 147 41 -0.03 0.06 0.02 0.03 -0.01 0.04
470 178 245 148 40 -0.03 0.04 0.02 0.0 -0.07 0.06
471 222 253 144 40 -0.03 -0.02 0.01 0.08 -0.01 0.07
472 197 260 140 39 -0.03 -0.07 0.01 0.26 0.06 -0.06
473 178 247 143 38 -0.03 -0.08 0.01 0.26 0.05 -0.02
474 171 243 141 38 -0.03 -0.07 0.0 0.3 0.0 0.15
475 143 241 145 39 -0.02 -0.02 -0.01 0.21 -0.02 0.21
476 145 239 145 42 -0.02 0.02 -0.02 0.15 -0.01 0.21
477 152 241 152 42 0.0 0.03 -0.03 0.07 -0.09 0.07
478 155 241 150 43 0.0 0.01 -0.02 0.11 -0.12 0.01
479 163 246 151 46 0.0 0.0 -0.01 0.05 -0.13 -0.08
480 167 255 156 46 0.01 -0.08 0.0 0.11 -0.08 -0.1
481 164 245 159 45 0.02 -0.15 -0.0 0.19 0.01 0.0
482 165 251 153 43 0.01 -0.16 -0.0 0.19 0.0 0.07
483 150 242 153 41 -0.02 -0.1 -0.03 0.16 0.06 0.08
484 147 253 153 40 -0.04 -0.0 -0.04 0.04 0.0 -0.07
485 169 263 150 40 -0.05 0.02 -0.04 0.02 -0.04 -0.13
486 158 253 147 38 -0.05 0.02 -0.04 -0.01 -0.08 -0.17
487 153 254 148 39 -0.04 -0.03 -0.02 0.03 -0.04 -0.05
488 143 237 148 38 -0.04 -0.04 -0.01 0.04 -0.05 0.04
489 140 232 151 41 -0.04 -0.02 0.0 0.0 0.0 0.08
490 154 234 150 43 -0.05 -0.01 0.0 0.0 0.04 0.07
491 140 229 149 42 -0.05 -0.0 0.0 -0.01 0.06 -0.03
492 151 241 149 48 -0.06 0.01 0.01 0.01 0.04 -0.01
493 157 234 159 49 -0.06 -0.01 0.01 0.04 0.03 -0.06
494 160 227 155 48 -0.06 -0.03 0.01 0.09 -0.01 -0.05
495 155 218 152 46 -0.07 -0.04 0.03 0.1 -0.15 0.0
496 146 207 150 45 -0.07 -0.06 0.04 0.09 -0.28 -0.03
497 142 210 148 44 -0.07 -0.08 0.05 0.27 -0.41 -0.14
498 130 202 147 43 -0.09 -0.13 0.08 0.09 -0.49 -0.35
499 134 192 146 44 -0.1 -0.18 0.11 0.1 -0.62 -0.46
500 129 185 151 49 -0.12 -0.21 0.13 0.12 -0.75 -0.48
501 122 176 145 46 -0.17 -0.29 0.17 0.18 -0.8 -0.55
502 123 172 152 62 -0.26 -0.47 0.22 0.52 -1.05 -0.7
503 121 175 155 92 -0.31 -0.59 0.25 0.57 -0.99 -0.67
504 122 166 154 135 -0.41 -0.83 0.31 0.7 -1.24 -0.77
505 125 177 157 164 -0.53 -1.12 0.38 0.88 -1.51 -0.77
506 123 175 152 178 -0.63 -1.27 0.43 0.92 -1.58 -0.83
507 125 172 150 150 -0.8 -1.47 0.51 0.48 -1.77 -0.46
508 129 180 151 137 -0.94 -1.61 0.55 0.95 -1.2 -0.41
509 132 188 150 116 -1.02 -1.71 0.58 1.3 -1.1 -0.53
510 128 211 147 101 -1.19 -1.89 0.65 0.92 -0.75 -0.78
511 137 213 146 88 -1.24 -1.97 0.63 -0.19 -0.64 -1.23
512 129 202 142 80 -1.22 -2.1 0.58 -0.5 -0.48 -1.42
513 120 193 139 74 -1.16 -2.59 0.39 0.56 0.26 -1.5
514 120 188 140 70 -1.16 -2.81 0.29 1.17 0.44 -1.37
515 118 184 138 64 -1.16 -3.0 0.13 1.37 0.59 -1.18
516 122 196 137 60 -1.18 -2.9 0.0 1.38 0.58 -0.68
517 134 202 137 58 -1.18 -2.8 -0.04 1.33 1.06 -0.59
518 137 196 133 55 -1.25 -2.61 -0.11 1.52 1.17 -0.76
519 128 187 131 52 -1.3 -2.28 -0.15 1.23 1.28 -0.81
520 127 183 130 51 -1.34 -2.14 -0.17 0.19 0.96 -0.57
521 122 183 129 49 -1.4 -2.08 -0.26 0.15 0.96 -0.3
522 123 180 129 52 -1.48 -2.2 -0.36 0.33 1.04 0.41
523 137 182 129 51 -1.49 -2.25 -0.42 0.38 1.06 0.69
524 135 179 127 49 -1.51 -2.18 -0.47 0.41 1.01 0.71
525 130 174 126 47 -1.44 -1.89 -0.45 0.88 0.88 0.3
526 129 177 126 46 -1.31 -1.72 -0.42 0.54 0.74 0.0
527 125 174 125 44 -1.15 -1.18 -0.46 0.55 0.92 -0.08
528 118 168 121 43 -1.15 -0.51 -0.47 0.43 0.56 -0.28
529 115 165 119 41 -1.11 -0.15 -0.5 0.29 0.29 -0.94
530 114 162 117 41 -1.09 0.44 -0.54 -0.21 0.06 -0.98
531 113 160 115 41 -1.04 0.57 -0.62 -0.6 0.02 -1.0
532 112 160 114 41 -0.92 0.52 -0.69 -22.66 -6.54 25.06
533 116 158 111 40 1.13 -2.87 -0.51 -5.15 -0.34 8.21
534 115 157 113 38 0.72 -3.11 -0.06 4.0 1.06 -0.1
535 113 157 115 39 1.12 -0.87 -0.14 0.85 0.86 -0.2
536 116 159 116 40 1.18 0.82 -0.27 0.0 0.84 -0.08
537 118 161 115 39 0.64 0.34 -0.41 1.1 0.43 0.43
538 119 162 111 39 0.42 -0.05 -0.42 0.24 0.4 0.5
539 123 163 109 40 0.1 -0.16 -0.36 0.25 0.32 0.26
540 121 163 111 40 0.1 0.03 -0.22 0.22 -0.03 -0.31
541 118 161 116 39 0.17 0.07 -0.17 -0.35 0.14 -0.17
542 116 158 110 39 0.21 0.09 -0.12 -0.46 0.05 -0.04
543 113 157 105 38 0.16 0.12 -0.08 -0.45 0.19 -0.22
544 112 156 103 38 0.12 0.06 -0.05 -0.22 0.07 -0.25
545 113 156 103 38 0.09 -0.08 0.02 -0.06 0.26 -0.21
546 111 156 104 38 0.08 -0.16 0.06 -0.01 0.34 -0.16
547 118 159 109 40 0.07 -0.17 0.06 -0.19 0.41 -0.07
548 118 162 107 40 0.03 -0.08 0.04 -0.2 0.4 -0.04
549 116 159 103 39 -0.02 0.01 0.04 -0.14 0.45 -0.03
550 113 157 101 39 -0.03 0.03 0.04 -0.23 0.45 -0.11
551 112 158 101 39 -0.02 0.03 0.03 -0.25 0.33 -0.19
552 113 159 106 39 -0.01 0.02 0.02 -0.31 0.23 -0.26
553 123 166 112 41 0.01 0.03 0.02 -0.35 0.23 -0.18
554 129 173 112 43 0.02 0.04 0.01 -0.3 0.2 -0.18
555 124 172 108 42 0.03 0.04 0.01 -0.33 0.2 -0.25
556 134 176 109 44 0.04 0.03 0.01 -0.26 0.2 -0.18
557 135 180 107 46 0.06 0.02 -0.0 -0.18 0.23 -0.19
558 128 175 110 43 0.06 0.01 -0.0 -0.16 0.19 -0.12
-100 -100 -100 -100 -100 -100 -100 -100 -100 -100 -100
559 131 175 114 44 0.06 0.01 -0.0 -0.14 0.24 -0.12
560 130 177 112 44 0.05 0.03 -0.0 -0.17 0.21 -0.13
561 123 171 107 42 0.03 0.03 -0.0 -0.23 0.23 -0.18
562 131 174 111 44 0.03 0.03 0.0 -0.22 0.22 -0.17
563 133 179 107 45 0.03 0.01 0.0 -0.19 0.22 -0.18
564 129 176 107 43 0.02 -0.01 0.01 -0.09 0.18 -0.11
565 133 177 106 44 0.01 -0.02 0.01 -0.08 0.14 -0.12
566 150 189 117 48 0.0 0.0 0.02 -0.13 0.16 -0.15
567 153 197 114 49 -0.0 0.01 0.02 -0.15 0.14 -0.18
568 150 191 113 48 -0.01 0.01 0.02 -0.17 0.16 -0.14
569 145 187 112 47 -0.01 0.0 0.03 -0.15 0.19 -0.19
570 141 184 113 45 0.0 0.01 0.03 -0.2 0.21 -0.17
571 149 186 117 47 0.0 0.01 0.03 -0.19 0.22 -0.12
572 156 195 119 49 -0.0 0.0 0.02 -0.19 0.21 -0.11
573 152 198 115 48 -0.01 -0.01 0.02 -0.11 0.18 -0.16
574 141 184 110 46 -0.01 -0.01 0.02 -0.13 0.16 -0.13
575 141 183 112 46 -0.01 -0.0 0.02 -0.17 0.17 -0.13
576 140 185 109 45 -0.01 -0.01 0.01 -0.16 0.15 -0.16
577 129 176 106 43 -0.0 -0.0 0.01 -0.11 0.11 -0.18
578 130 174 104 43 -0.01 -0.01 0.02 -0.1 0.12 -0.16
579 129 181 104 43 -0.0 -0.01 0.02 -0.07 0.13 -0.14
580 121 173 101 42 -0.0 -0.0 0.02 -0.15 0.11 -0.17
581 137 183 109 46 0.0 0.0 0.02 -0.18 0.11 -0.16
582 146 197 113 48 0.01 0.0 0.01 -0.19 0.16 -0.15
583 142 193 112 47 0.01 -0.01 0.01 -0.17 0.16 -0.1
584 143 193 112 47 0.01 -0.01 -0.0 -0.13 0.18 -0.13
585 141 194 113 47 0.01 -0.0 -0.01 -0.1 0.15 -0.17
586 134 183 112 47 0.01 -0.01 -0.01 -0.12 0.12 -0.14
587 138 186 116 47 0.01 -0.0 -0.01 -0.12 0.08 -0.14
588 139 192 117 47 0.01 0.0 -0.01 -0.1 0.11 -0.16
589 144 191 118 48 0.01 0.0 -0.01 -0.12 0.13 -0.13
590 150 196 122 49 0.01 -0.0 -0.01 -0.08 0.12 -0.11
591 144 197 116 49 0.01 -0.01 -0.0 -0.06 0.17 -0.15
592 137 186 112 47 0.01 -0.01 -0.01 -0.06 0.13 -0.12
593 138 185 119 47 0.0 -0.0 -0.01 -0.09 0.13 -0.08
594 140 190 119 48 -0.0 0.01 0.0 -0.15 0.14 -0.18
595 141 187 117 47 -0.0 0.01 0.0 -0.16 0.11 -0.13
596 145 192 116 48 -0.0 -0.01 0.0 -0.1 0.14 -0.1
597 140 192 111 47 -0.0 -0.01 -0.01 -0.07 0.16 -0.12
598 125 178 106 44 -0.0 -0.01 -0.01 -0.08 0.13 -0.11
599 125 175 108 43 -0.01 -0.0 -0.01 -0.12 0.1 -0.14
600 122 178 109 43 -0.02 -0.01 -0.0 -0.1 0.07 -0.16
601 116 171 104 42 -0.01 -0.01 0.0 -0.08 0.07 -0.14
602 122 174 106 43 -0.01 -0.02 0.01 -0.04 0.08 -0.14
603 120 177 103 42 -0.01 -0.01 -0.0 -0.06 0.11 -0.12
604 111 169 104 41 -0.01 -0.01 -0.0 -0.09 0.14 -0.13
605 117 170 111 42 -0.01 0.0 -0.0 -0.15 0.11 -0.12
606 121 178 109 43 -0.01 0.0 -0.0 -0.14 0.12 -0.08
607 116 174 108 42 -0.01 0.0 -0.0 -0.06 0.1 -0.1
608 117 175 109 42 -0.01 -0.02 -0.0 -0.02 0.14 -0.11
609 116 178 105 40 -0.01 -0.02 -0.01 0.0 0.14 -0.05
610 109 170 100 39 -0.01 -0.02 -0.01 -0.06 0.14 -0.06
611 115 170 109 41 -0.02 -0.0 0.0 -0.05 0.11 -0.06
612 116 176 110 40 -0.02 -0.0 -0.0 -0.1 0.09 -0.09
613 106 165 107 39 -0.02 -0.01 -0.0 -0.09 0.11 -0.07
614 110 165 108 40 -0.02 -0.02 0.0 -0.02 0.11 -0.02
-200 -200 -200 -200 -200 -200 -200 -200 -200 -200 -200
615 110 171 109 39 -0.02 -0.02 -0.0 0.01 0.09 -0.08
616 102 164 107 39 -0.03 -0.02 -0.0 -0.06 0.07 -0.06
617 98 159 109 37 -0.03 -0.01 0.0 -0.09 0.08 -0.06
618 95 158 105 37 -0.03 -0.02 0.0 -0.09 0.12 -0.09
619 98 158 107 38 -0.03 -0.03 0.01 -0.02 0.09 -0.08
620 95 160 105 38 -0.03 -0.03 0.01 -0.02 0.09 -0.09
621 92 157 99 39 -0.02 -0.02 0.01 -0.01 0.11 -0.08
622 97 156 101 40 -0.02 -0.02 0.01 -0.08 0.1 -0.03
623 106 163 103 41 -0.02 -0.01 0.0 -0.15 0.12 -0.08
624 106 168 99 41 -0.02 -0.02 -0.0 -0.13 0.16 -0.05
625 110 170 100 44 -0.02 -0.03 0.0 0.0 0.15 -0.02
626 112 177 99 47 -0.03 -0.06 0.01 0.0 0.09 0.02
627 113 183 99 44 -0.05 -0.07 0.01 0.15 0.04 0.01
628 147 223 102 57 -0.06 -0.11 0.03 0.06 0.05 0.1
629 154 249 102 61 -0.06 -0.17 0.04 0.05 0.13 0.1
630 165 254 105 78 -0.15 -0.19 0.07 0.08 0.28 -0.22
631 153 276 108 73 -0.16 -0.21 0.08 -0.72 0.22 -0.21
632 143 270 111 88 -0.15 -0.2 0.08 -0.87 0.19 -0.07
633 130 270 104 86 -0.08 -0.36 0.06 -0.04 0.08 0.65
634 138 286 107 75 -0.05 -0.37 0.06 0.3 0.08 0.78
635 141 325 104 101 -0.05 -0.25 0.07 0.36 0.16 0.67
636 145 329 102 115 -0.07 -0.08 0.12 0.21 0.3 0.14
637 155 336 107 98 -0.03 0.01 0.13 0.13 0.18 0.38
638 152 334 110 87 0.03 0.22 0.14 0.01 0.2 0.62
639 148 315 112 77 0.16 0.35 0.14 0.24 0.44 1.19
640 148 301 113 91 0.25 0.42 0.11 -0.41 0.18 2.06
641 149 306 113 80 0.42 0.61 0.07 0.0 0.31 2.46
642 138 291 114 74 0.63 1.02 0.11 -0.28 0.63 2.09
643 138 278 112 69 0.77 1.11 0.08 -1.03 0.34 2.08
644 148 277 115 61 1.12 1.41 0.11 -0.54 1.31 2.11
645 136 260 111 57 1.17 1.39 0.13 -0.67 1.13 1.97
646 143 246 113 55 1.24 1.31 0.13 -0.5 1.25 1.8
647 147 244 114 52 1.4 1.32 0.17 -0.42 1.09 1.68
648 148 230 109 50 1.45 1.47 0.19 -0.3 1.11 1.16
649 166 225 109 49 1.43 1.79 0.22 -0.3 1.0 0.91
650 169 221 113 48 1.45 2.06 0.25 -0.23 0.74 0.9
651 216 213 113 47 1.46 2.18 0.27 -0.23 0.76 0.42
652 253 218 116 45 1.43 2.22 0.28 0.19 0.6 0.2
653 234 230 110 46 1.41 2.29 0.26 0.3 0.62 -0.31
654 220 240 117 45 1.41 2.39 0.18 0.29 0.53 -0.54
655 242 247 115 44 1.35 2.46 0.14 1.17 0.44 -0.4
656 228 247 112 45 1.2 2.7 0.03 1.31 0.48 -0.47
657 209 246 115 44 1.05 2.87 -0.06 1.58 0.31 -0.82
658 240 247 119 47 0.98 2.87 -0.1 1.59 0.14 -1.23
659 227 234 117 49 0.89 2.82 -0.19 1.78 0.01 -1.34
660 230 227 126 47 0.77 2.68 -0.26 1.56 -0.13 -0.87
661 233 218 127 48 0.74 2.57 -0.3 1.15 -0.44 -0.3
662 304 220 121 49 0.66 2.14 -0.4 0.7 -0.67 -0.51
663 267 216 118 44 0.54 1.75 -0.5 1.13 -0.92 -1.04
664 294 209 129 44 0.47 1.65 -0.52 1.17 -1.0 -1.46
665 292 222 126 43 0.37 1.52 -0.51 1.0 -0.99 -1.29
666 266 235 130 42 0.29 1.4 -0.52 0.55 -1.04 -0.8
667 267 241 135 52 0.24 1.3 -0.54 0.28 -1.37 -0.78
668 299 259 132 52 0.16 1.1 -0.54 0.24 -1.42 -0.67
669 303 278 124 50 0.08 0.89 -0.48 -0.01 -1.71 -1.13
670 331 271 126 49 0.07 0.8 -0.44 0.03 -1.73 -1.24
671 295 259 120 48 0.05 0.55 -0.31 -0.01 -1.62 -1.12
672 261 237 124 45 0.03 0.23 -0.21 -0.25 -1.5 -0.68
673 243 259 129 47 0.03 0.07 -0.17 0.08 -1.17 -0.39
674 227 260 126 45 0.02 -0.12 -0.12 0.17 -1.04 -0.36
675 252 252 121 43 0.0 -0.04 -0.11 0.49 -0.69 -0.47
676 217 243 133 43 -0.01 0.07 -0.1 0.4 -0.33 -0.12
677 221 241 130 46 -0.06 0.25 -0.09 0.31 -0.24 -0.05
678 205 233 122 46 -0.09 0.22 -0.09 0.03 -0.11 -0.01
679 219 224 122 49 -0.09 0.14 -0.09 -0.03 -0.1 0.02
680 206 239 128 51 -0.08 -0.01 -0.06 0.0 -0.05 0.01
681 238 257 125 49 -0.06 0.01 -0.04 0.07 0.01 0.19
682 226 251 130 47 -0.03 0.05 -0.03 0.09 0.01 0.19
683 241 264 127 47 -0.0 0.12 -0.0 -0.15 0.19 0.25
684 254 265 127 44 0.02 0.12 0.01 -0.2 0.24 0.16
685 248 272 129 45 0.03 0.07 0.02 -0.39 0.27 0.14
686 229 272 125 47 0.04 -0.05 0.02 -0.19 0.28 -0.01
687 216 282 121 44 0.01 -0.08 0.04 -0.19 0.19 -0.15
688 204 267 135 46 0.01 -0.1 0.04 -0.11 0.24 -0.08
689 206 268 133 49 -0.01 -0.11 0.05 -0.12 0.2 -0.09
690 208 249 132 47 -0.04 0.01 0.05 -0.06 0.19 -0.05
691 209 266 130 47 -0.05 0.09 0.05 -0.07 0.13 0.01
692 225 267 135 46 -0.07 0.18 0.04 -0.02 0.16 0.02
693 201 262 131 45 -0.08 0.15 0.05 -0.01 0.11 -0.17
694 218 255 125 48 -0.06 0.08 0.05 0.0 0.07 -0.3
695 207 254 126 48 -0.01 -0.1 0.07 0.17 0.06 -0.2
696 199 251 126 48 0.02 -0.18 0.07 0.19 0.12 -0.16
697 245 259 131 47 0.02 -0.17 0.06 0.26 0.14 0.02
698 213 262 128 46 -0.01 -0.08 0.04 0.42 0.11 -0.05
699 205 247 133 44 -0.04 0.02 0.01 0.12 0.02 -0.27
700 206 237 134 44 -0.05 0.02 0.0 0.12 -0.07 -0.23
701 200 236 131 43 -0.05 -0.03 0.01 0.13 -0.11 -0.12
702 189 233 130 42 -0.04 -0.02 0.02 0.13 -0.08 -0.04
703 186 237 126 44 -0.04 -0.0 0.02 0.1 -0.07 -0.01
704 183 225 126 42 -0.03 0.04 0.01 0.13 -0.06 0.08
705 218 221 132 41 -0.03 0.05 0.0 0.07 0.01 0.0
706 259 223 139 43 -0.03 0.04 0.0 0.13 -0.14 0.01
707 228 210 142 45 -0.03 0.04 0.0 0.08 -0.08 -0.01
708 207 218 141 44 -0.03 0.05 0.01 -0.02 0.0 0.02
709 215 224 147 45 -0.02 0.03 0.01 -0.05 0.02 0.05
710 199 228 152 46 -0.01 -0.01 0.0 -0.01 0.02 -0.03
711 189 213 153 44 -0.02 -0.02 -0.0 0.0 0.02 -0.05
712 182 226 152 43 -0.02 -0.02 0.0 0.03 0.02 -0.02
713 180 221 148 50 -0.03 -0.01 -0.0 -0.02 -0.01 0.03
714 206 215 142 48 -0.03 -0.01 -0.01 -0.02 0.0 -0.04
715 182 216 146 45 -0.03 -0.02 -0.01 -0.03 -0.01 -0.01
716 171 212 141 41 -0.03 -0.02 -0.01 -0.02 -0.02 0.06
717 167 212 137 40 -0.02 -0.04 -0.01 -0.08 0.1 0.1
718 162 208 133 43 -0.02 -0.04 -0.01 -0.09 0.04 0.07
719 147 205 137 43 -0.02 -0.07 -0.01 -0.07 0.09 -0.03
720 140 200 135 43 -0.02 -0.08 -0.0 0.0 0.02 -0.02
721 165 218 139 44 -0.02 -0.07 -0.01 0.04 0.03 -0.02
722 220 243 145 47 -0.02 -0.02 -0.01 0.0 0.06 -0.06
723 198 238 145 44 -0.03 -0.01 -0.02 -0.08 0.06 -0.04
724 194 229 138 45 -0.03 -0.03 -0.02 -0.01 0.09 -0.05
725 197 226 139 42 -0.03 -0.03 -0.03 0.0 0.08 -0.04
726 169 224 137 41 -0.03 -0.02 -0.04 -0.01 0.14 -0.1
727 161 215 139 43 -0.03 -0.01 -0.04 -0.01 0.14 -0.03
728 160 225 144 42 -0.02 0.01 -0.04 -0.06 0.1 -0.01
729 150 242 143 45 -0.01 0.02 -0.02 -0.19 0.02 0.0
730 196 241 147 43 -0.01 0.02 -0.01 -0.19 0.04 0.07
731 197 248 157 44 -0.0 0.01 0.01 -0.16 0.04 0.0
732 187 252 160 45 -0.01 -0.01 0.02 -0.25 0.01 0.0
733 175 267 161 46 -0.01 -0.03 0.01 -0.2 0.09 0.0
734 176 254 162 44 -0.03 -0.07 0.01 -0.12 0.08 -0.06
735 167 253 156 44 -0.05 -0.06 0.01 -0.04 0.03 -0.11
736 168 240 157 45 -0.06 -0.03 0.02 0.06 -0.05 -0.07
737 160 236 159 44 -0.08 0.01 0.05 0.0 -0.17 -0.12
738 159 223 159 43 -0.08 -0.03 0.06 0.03 -0.22 -0.07
739 174 238 160 43 -0.07 -0.04 0.07 0.0 -0.27 0.03
740 155 228 162 45 -0.08 -0.04 0.08 0.11 -0.32 -0.06
741 142 214 155 45 -0.09 -0.06 0.08 0.16 -0.2 -0.1
742 142 207 154 45 -0.1 -0.07 0.08 0.17 -0.2 -0.08
743 139 203 153 45 -0.11 -0.11 0.08 0.31 -0.25 -0.13
744 139 201 153 43 -0.15 -0.13 0.08 0.34 -0.4 -0.15
745 140 200 154 42 -0.17 -0.14 0.08 0.48 -0.39 -0.21
746 137 196 153 41 -0.22 -0.19 0.08 0.42 -0.58 -0.27
747 130 189 150 40 -0.29 -0.32 0.1 0.41 -0.68 -0.47
748 132 190 148 42 -0.33 -0.43 0.11 0.43 -0.75 -0.54
749 133 191 148 44 -0.4 -0.76 0.16 0.62 -0.78 -0.6
750 128 193 146 42 -0.46 -1.15 0.21 0.84 -0.56 -0.69
751 132 200 144 44 -0.51 -1.3 0.23 0.93 -0.56 -0.65
752 126 203 143 48 -0.61 -1.41 0.24 0.93 -0.6 -0.6
753 121 193 145 51 -0.68 -1.32 0.23 0.68 -0.7 -0.85
754 137 195 142 48 -0.72 -1.24 0.22 0.59 -0.75 -0.72
755 142 195 143 51 -0.81 -1.17 0.21 0.24 -0.56 -0.69
756 136 187 138 55 -0.87 -1.22 0.17 -0.07 -0.11 -0.77
757 133 199 135 54 -0.9 -1.29 0.15 -0.08 -0.16 -0.93
758 138 206 133 51 -0.98 -1.66 0.17 0.19 -0.35 -0.86
759 137 202 131 49 -1.05 -2.02 0.24 0.56 -0.81 -0.55
760 152 202 131 50 -1.03 -2.12 0.29 0.15 -0.74 -0.53
761 144 201 132 47 -0.94 -2.24 0.31 -0.68 -0.22 -0.64
762 134 199 129 47 -0.98 -2.25 0.26 -0.18 0.08 -0.69
763 146 205 135 49 -1.01 -2.23 0.21 0.53 0.24 -0.87
764 145 220 139 48 -1.05 -2.17 0.16 0.75 0.36 -0.64
765 143 225 136 51 -1.09 -2.16 0.16 0.29 0.7 0.14
766 155 235 139 56 -1.12 -2.31 0.15 0.24 0.91 0.28
767 165 230 138 62 -1.13 -2.47 0.16 0.13 1.03 0.32
768 157 217 136 57 -1.15 -2.51 0.16 0.19 0.89 0.21
769 157 217 138 53 -1.2 -2.55 0.17 0.24 0.89 0.21
770 152 217 139 55 -1.2 -2.48 0.14 0.36 0.87 0.23
771 152 209 136 50 -1.19 -2.42 0.11 0.31 0.82 0.0
772 165 219 140 50 -1.19 -2.22 0.02 0.45 0.92 -0.17
773 157 215 139 53 -1.17 -1.58 -0.08 1.01 0.9 -0.47
774 157 204 134 49 -1.15 -1.24 -0.12 0.97 0.75 -0.17
775 160 209 136 49 -1.05 -0.67 -0.21 0.76 0.76 0.12
776 158 219 135 46 -1.04 -0.26 -0.28 0.35 0.62 0.35
777 147 202 130 45 -1.0 -0.18 -0.32 -0.02 0.27 -0.21
778 151 198 134 61 -0.86 -0.23 -0.33 0.18 0.5 -0.3
779 152 197 130 60 -0.81 -0.22 -0.37 0.41 0.3 -0.43
780 141 192 127 55 -0.78 -0.19 -0.36 0.27 0.19 -0.27
781 147 195 130 58 -0.76 -0.06 -0.38 0.31 0.14 -0.28
782 147 198 130 59 -0.71 0.2 -0.42 0.54 0.12 -0.74
783 143 190 128 60 -0.71 0.38 -0.43 -1.74 1.48 0.35
784 159 190 131 56 -0.13 0.14 -0.48 -12.15 -5.35 16.67
785 184 191 133 54 0.63 -2.04 -0.15 0.97 1.23 2.48
786 174 189 132 51 0.72 -1.01 0.01 1.03 0.98 -0.76
787 181 198 135 53 1.12 1.15 -0.09 0.65 1.23 -0.33
788 180 206 136 51 0.71 1.4 -0.22 0.48 0.78 0.07
789 172 197 133 49 0.47 1.02 -0.27 0.3 0.72 -0.11
790 171 197 131 52 -0.03 0.05 -0.28 -0.36 0.48 -0.21
791 163 193 126 49 -0.17 -0.44 -0.16 -0.89 -0.14 -0.36
792 148 183 120 46 -0.08 -0.52 -0.11 -0.96 -0.16 -0.16
793 155 186 127 46 0.13 -0.41 -0.01 -0.55 0.08 0.11
794 162 197 130 46 0.18 -0.29 0.03 0.0 0.3 0.19
795 159 195 130 45 0.14 -0.28 0.05 0.5 0.44 0.07
796 177 206 136 51 0.04 -0.21 0.07 0.46 0.56 0.03
797 180 217 135 55 0.03 -0.14 0.02 0.27 0.39 0.11
798 165 208 128 52 -0.03 -0.08 0.03 -0.04 0.44 0.09
799 176 214 140 51 -0.08 0.04 0.01 -0.17 0.32 0.0
800 172 220 144 53 -0.06 0.09 -0.0 -0.35 0.38 -0.2
801 156 205 136 49 -0.03 0.11 -0.01 -0.53 0.37 -0.25
802 163 205 136 49 -0.02 0.05 0.0 -0.52 0.3 -0.27
803 162 210 134 49 0.01 -0.04 0.0 -0.35 0.25 -0.23
804 154 199 132 47 0.03 -0.08 -0.0 -0.18 0.35 -0.14
805 155 197 132 48 0.05 -0.1 -0.01 -0.12 0.39 -0.07
806 153 201 132 48 0.05 -0.08 -0.02 0.0 0.39 -0.02
807 142 192 126 45 0.05 -0.06 -0.03 -0.07 0.31 -0.06
808 144 190 136 51 0.03 -0.01 -0.03 -0.04 0.28 -0.06
-100 -100 -100 -100 -100 -100 -100 -100 -100 -100 -100
809 140 192 128 52 0.02 -0.0 -0.03 -0.14 0.22 -0.11
810 138 188 128 50 0.03 0.01 -0.03 -0.2 0.24 -0.11
811 149 193 129 49 0.02 -0.0 -0.02 -0.2 0.27 -0.12
812 144 197 126 49 0.02 -0.02 -0.01 -0.21 0.33 -0.08
813 141 193 124 49 0.01 -0.03 -0.01 -0.11 0.27 -0.07
814 148 194 126 55 0.0 -0.05 -0.01 -0.06 0.29 -0.05
815 147 197 123 55 -0.01 -0.04 0.0 -0.03 0.27 -0.1
816 139 189 120 51 -0.01 -0.03 0.0 -0.14 0.22 -0.13
817 141 187 123 49 -0.0 -0.02 0.01 -0.15 0.19 -0.12
818 145 193 118 48 0.01 -0.01 0.01 -0.16 0.29 -0.08
819 147 193 122 48 0.01 -0.01 0.01 -0.2 0.28 -0.04
820 151 195 120 48 -0.01 -0.01 0.0 -0.16 0.29 -0.08
821 146 195 121 46 -0.01 -0.02 -0.0 -0.11 0.28 -0.09
822 138 186 119 44 -0.01 -0.02 -0.01 -0.13 0.27 -0.09
823 134 182 114 45 -0.01 -0.01 -0.01 -0.17 0.23 -0.09
824 130 184 110 42 -0.01 -0.02 -0.01 -0.16 0.19 -0.12
825 123 178 109 43 -0.01 -0.02 -0.01 -0.11 0.19 -0.08
826 125 176 106 42 -0.01 -0.03 -0.0 -0.13 0.21 -0.09
827 126 179 113 41 -0.02 -0.03 0.0 -0.06 0.23 -0.05
828 123 175 114 41 -0.02 -0.04 0.01 -0.04 0.25 -0.06
829 133 178 114 42 -0.03 -0.03 0.01 -0.05 0.24 -0.03
830 136 183 114 42 -0.04 -0.02 0.0 -0.13 0.22 -0.07
831 131 177 110 41 -0.04 -0.02 0.0 -0.19 0.21 -0.13
832 136 177 110 42 -0.04 -0.02 0.0 -0.24 0.19 -0.11
833 140 186 112 41 -0.03 -0.03 0.0 -0.2 0.2 -0.11
834 138 181 111 42 -0.03 -0.04 0.0 -0.04 0.19 -0.09
835 151 190 118 43 -0.03 -0.06 0.0 0.0 0.22 -0.05
836 162 204 119 44 -0.04 -0.05 -0.0 0.0 0.17 -0.05
837 155 198 116 44 -0.04 -0.03 0.0 -0.07 0.21 -0.09
838 157 197 115 44 -0.04 -0.02 0.0 -0.08 0.21 -0.09
839 153 200 116 43 -0.05 -0.02 0.01 -0.17 0.21 -0.08
840 145 194 112 42 -0.05 -0.02 0.01 -0.14 0.24 -0.06
841 146 194 111 43 -0.05 -0.03 0.01 -0.13 0.23 -0.07
842 141 195 108 42 -0.07 -0.04 0.01 -0.09 0.17 -0.07
843 134 189 109 40 -0.06 -0.04 0.01 -0.06 0.17 -0.08
844 138 189 113 42 -0.07 -0.03 0.01 -0.09 0.18 -0.09
845 134 194 111 42 -0.07 -0.04 0.01 -0.13 0.17 -0.07
846 129 188 111 41 -0.07 -0.05 0.01 -0.12 0.15 -0.07
847 132 191 112 44 -0.06 -0.05 0.01 -0.1 0.13 -0.12
848 133 195 112 43 -0.06 -0.05 0.01 -0.02 0.19 -0.09
849 128 189 110 42 -0.06 -0.05 0.01 -0.06 0.15 -0.05
850 132 187 115 43 -0.06 -0.03 0.01 -0.07 0.16 -0.08
851 133 192 112 42 -0.05 -0.03 0.01 -0.14 0.14 -0.07
852 128 188 108 40 -0.05 -0.04 0.01 -0.12 0.2 -0.04
853 131 188 110 41 -0.05 -0.04 0.01 -0.11 0.24 -0.05
854 128 192 110 40 -0.06 -0.04 0.0 -0.11 0.22 -0.06
855 117 182 106 41 -0.06 -0.04 -0.0 -0.07 0.21 -0.04
856 118 178 104 41 -0.06 -0.04 -0.0 -0.1 0.15 -0.07
-200 -200 -200 -200 -200 -200 -200 -200 -200 -200 -200
857 115 179 100 43 -0.06 -0.04 -0.0 -0.08 0.15 -0.05
858 115 174 97 42 -0.06 -0.05 0.0 -0.02 0.15 0.0
859 133 184 104 42 -0.08 -0.08 0.02 -0.01 0.15 0.01
860 145 195 106 44 -0.09 -0.07 0.02 0.01 0.14 -0.02
861 139 189 103 43 -0.09 -0.05 0.02 -0.09 0.15 -0.11
862 152 197 106 46 -0.08 -0.02 0.01 -0.12 0.17 -0.13
863 160 204 104 43 -0.09 -0.04 0.01 -0.12 0.19 -0.01
864 151 228 104 45 -0.09 -0.06 0.02 0.01 0.14 0.08
865 179 267 115 64 -0.1 -0.07 0.03 0.06 0.14 0.12
866 199 268 120 83 -0.07 -0.06 0.02 -0.2 0.14 0.21
867 181 277 114 82 -0.02 -0.02 0.02 -0.28 0.24 0.39
868 191 290 124 76 0.04 0.02 0.0 -0.22 0.21 0.54
869 190 295 127 117 0.16 0.04 -0.01 0.09 0.32 1.19
870 197 304 125 133 0.21 0.09 -0.01 -0.15 0.31 1.59
871 209 326 129 117 0.26 0.29 0.01 -0.25 0.46 1.7
872 223 348 131 104 0.32 0.53 0.03 -0.2 0.41 1.59
873 230 343 131 90 0.4 0.68 0.06 -0.22 0.81 2.05
874 231 335 132 82 0.68 1.09 0.1 -1.55 0.97 2.0
875 230 346 135 74 0.99 1.28 0.16 -0.33 0.82 1.98
876 239 337 139 73 1.17 1.42 0.18 -0.16 0.77 2.32
877 261 362 145 75 1.42 1.81 0.19 0.0 0.8 2.33
878 285 376 145 72 1.62 2.18 0.17 -0.14 1.04 1.73
879 291 360 143 75 1.65 2.33 0.16 -0.25 1.12 1.6
880 271 337 148 71 1.62 2.59 0.13 -0.38 1.0 1.38
881 277 321 149 68 1.6 2.64 0.1 -0.13 0.91 0.87
882 244 301 151 64 1.61 2.57 0.08 0.11 0.87 0.14
883 276 297 161 70 1.64 2.53 0.07 0.23 0.85 -0.02
884 272 295 155 65 1.63 2.55 0.06 0.37 0.68 -0.08
885 270 277 153 62 1.59 2.57 0.05 0.23 0.42 0.27
886 319 284 157 63 1.44 2.36 0.05 0.53 0.32 0.34
887 318 305 153 64 1.37 2.25 0.03 0.36 0.35 -0.06
888 358 294 148 61 1.3 2.26 -0.01 0.64 0.18 -0.47
889 344 301 153 61 1.14 2.41 -0.07 0.66 0.07 -0.46
890 362 292 149 61 1.01 2.73 -0.14 0.61 -0.27 -0.27
891 317 281 144 68 1.01 2.82 -0.17 0.5 -0.36 -0.45
892 347 273 144 69 0.82 2.69 -0.25 0.66 -0.36 -0.38
893 436 267 142 65 0.69 2.45 -0.33 1.18 -0.29 -0.68
894 400 260 138 63 0.63 2.35 -0.37 1.32 -0.52 -0.86
895 364 271 144 60 0.53 2.21 -0.44 1.38 -0.52 -0.76
896 349 266 142 58 0.45 1.97 -0.48 0.92 -0.93 -0.74
897 382 257 135 59 0.42 1.76 -0.49 0.77 -0.97 -0.6
898 381 296 141 63 0.38 1.28 -0.5 0.7 -1.03 -0.55
899 363 305 146 62 0.33 0.91 -0.51 0.76 -1.2 -0.56
900 335 308 147 65 0.31 0.85 -0.5 0.96 -1.38 -0.67
901 332 286 161 62 0.25 0.85 -0.46 0.31 -1.44 -0.46
902 330 290 153 61 0.22 0.64 -0.41 0.0 -1.44 -0.58
903 306 287 151 65 0.2 0.45 -0.39 0.22 -1.58 -0.56
904 356 306 153 70 0.14 0.19 -0.32 0.18 -1.56 -0.78
905 346 317 152 67 0.09 0.03 -0.22 0.58 -1.5 -0.75
906 312 322 148 64 0.07 0.0 -0.17 -0.44 -1.78 -0.69
907 302 337 154 62 0.28 -0.11 -0.09 1.06 -1.16 -0.11
908 382 310 146 59 0.01 -0.03 -0.02 0.75 -0.71 -0.46
909 332 290 149 61 -0.0 0.0 -0.01 0.63 -0.59 -0.25
910 311 271 152 59 -0.02 -0.08 -0.02 0.63 -0.45 -0.32
911 278 268 143 56 -0.04 -0.22 -0.01 0.63 -0.28 0.01
912 293 253 137 52 -0.04 -0.24 -0.02 0.72 -0.18 0.11
913 269 254 140 55 -0.06 -0.22 -0.04 0.77 -0.12 0.16
914 288 251 135 52 -0.08 -0.11 -0.06 0.61 -0.06 0.07
915 292 253 133 53 -0.08 -0.07 -0.06 0.31 -0.09 0.03
916 280 257 139 54 -0.07 -0.05 -0.05 0.19 -0.15 0.05
917 268 252 137 51 -0.05 -0.08 -0.06 0.14 0.01 0.22
918 244 242 141 49 -0.04 -0.08 -0.06 0.1 0.13 0.03
919 240 248 144 50 -0.01 -0.04 -0.04 -0.1 0.04 -0.05
920 221 264 141 47 0.02 -0.04 -0.03 -0.31 0.0 -0.02
921 267 249 140 49 0.03 -0.06 -0.02 -0.31 0.09 0.0
922 273 273 151 50 0.03 -0.12 0.02 -0.36 0.1 0.01
923 266 280 154 51 0.01 -0.14 0.04 -0.12 0.1 0.09
924 255 288 156 50 -0.01 -0.1 0.04 -0.11 0.09 0.12
925 285 286 159 50 -0.05 0.04 0.04 -0.15 0.07 0.03
926 278 283 160 51 -0.06 0.03 0.04 -0.09 0.0 0.05
927 248 286 151 50 -0.06 -0.01 0.05 -0.16 -0.05 0.06
928 299 282 149 49 -0.05 -0.08 0.07 -0.15 -0.01 0.05
929 275 283 149 48 -0.03 -0.17 0.09 -0.17 -0.05 0.2
930 306 276 150 48 -0.02 -0.21 0.09 0.05 0.01 0.28
931 316 280 144 48 -0.01 -0.19 0.09 0.11 -0.05 0.33
932 290 274 146 47 -0.02 -0.08 0.09 0.06 -0.07 0.3
933 264 267 140 46 -0.02 -0.05 0.08 0.2 -0.05 0.04
934 235 259 141 47 -0.01 -0.02 0.07 0.17 -0.07 0.05
935 231 251 146 45 -0.0 -0.05 0.07 0.07 -0.12 0.05
936 221 251 144 44 -0.0 -0.08 0.07 0.05 -0.19 0.05
937 215 265 149 47 0.0 -0.14 0.07 0.1 -0.2 0.12
938 212 263 151 47 -0.0 -0.15 0.07 0.17 -0.16 0.23
939 198 256 153 47 -0.02 -0.13 0.07 0.21 -0.12 0.17
940 213 255 158 48 -0.03 -0.04 0.06 0.18 -0.12 0.19
941 203 265 159 53 -0.04 0.0 0.05 0.09 -0.12 0.1
942 197 257 158 50 -0.04 -0.01 0.03 0.18 -0.05 0.08
943 242 251 158 50 -0.03 -0.05 0.02 0.16 -0.01 0.11
944 226 246 163 51 -0.01 -0.09 0.0 0.25 0.0 0.13
945 201 236 157 51 -0.01 -0.09 -0.01 0.22 0.07 0.15
946 220 265 165 50 0.0 -0.02 -0.02 0.17 0.05 0.12
947 234 292 166 53 0.0 0.03 -0.03 0.02 -0.07 0.1
948 270 295 172 52 0.01 0.01 -0.03 0.08 -0.09 0.06
949 281 287 166 53 -0.0 -0.02 -0.02 0.04 -0.02 0.04
950 286 281 172 52 -0.01 -0.02 -0.02 0.04 0.0 0.04
951 261 255 167 50 -0.01 -0.01 -0.03 -0.01 0.0 0.03
952 265 260 167 51 -0.02 0.0 -0.03 -0.03 0.0 0.04
953 241 270 168 55 -0.02 0.01 -0.04 -0.1 0.01 0.03
954 225 254 165 52 -0.03 -0.01 -0.04 -0.07 0.0 -0.09
955 222 244 162 52 -0.04 -0.04 -0.03 -0.05 0.0 -0.08
956 240 247 160 49 -0.05 -0.03 -0.02 -0.09 0.0 0.07
957 217 243 162 46 -0.05 -0.01 -0.02 -0.09 0.03 0.06
958 216 248 166 47 -0.05 0.01 -0.01 -0.16 0.04 0.05
959 216 238 171 47 -0.04 -0.01 -0.01 -0.15 0.01 0.12
960 227 247 165 47 -0.04 -0.03 0.0 -0.11 -0.03 0.11
961 230 258 166 46 -0.03 -0.05 0.02 -0.13 0.0 0.15
962 210 257 171 46 -0.02 -0.09 0.03 -0.02 -0.06 0.09
963 195 244 166 52 -0.03 -0.1 0.04 0.06 -0.08 -0.01
964 192 244 165 56 -0.02 -0.11 0.04 0.13 -0.11 -0.07
965 187 247 166 55 -0.03 -0.14 0.04 0.23 0.01 -0.16
966 190 245 163 52 -0.04 -0.15 0.03 0.22 0.06 -0.09
967 203 250 167 54 -0.06 -0.15 0.01 0.23 0.03 -0.05
968 185 256 168 53 -0.08 -0.11 -0.0 0.13 0.0 0.15
969 186 241 162 50 -0.08 -0.08 -0.01 0.03 -0.06 0.15
970 197 240 159 49 -0.07 -0.03 -0.01 -0.02 -0.08 0.11
971 187 234 162 51 -0.06 0.01 0.0 -0.06 -0.09 0.15
972 199 227 161 50 -0.05 0.01 0.01 -0.05 -0.16 0.05
973 203 229 161 53 -0.05 -0.0 0.03 -0.05 -0.16 0.03
974 187 224 161 50 -0.06 -0.05 0.04 0.04 -0.36 -0.13
975 185 225 158 49 -0.07 -0.09 0.05 0.11 -0.5 -0.2
976 182 221 163 52 -0.09 -0.15 0.08 0.14 -0.52 -0.19
977 176 214 161 51 -0.11 -0.22 0.11 0.32 -0.63 -0.24
978 171 207 157 51 -0.13 -0.26 0.12 0.46 -0.74 -0.35
979 172 213 158 50 -0.18 -0.33 0.15 0.63 -0.91 -0.4
980 169 211 159 49 -0.24 -0.41 0.17 0.77 -0.99 -0.51
981 165 204 157 48 -0.28 -0.47 0.18 0.77 -0.94 -0.53
982 174 210 160 57 -0.37 -0.63 0.2 1.2 -0.88 -0.59
983 174 220 161 52 -0.48 -0.76 0.21 1.28 -1.08 -0.53
984 167 224 159 54 -0.54 -0.83 0.2 1.39 -1.1 -0.77
985 173 234 157 53 -0.64 -0.9 0.19 1.25 -1.08 -0.84
986 174 230 154 53 -0.74 -0.94 0.15 1.26 -0.74 -1.05
987 178 225 153 56 -0.8 -0.94 0.12 1.24 -0.68 -1.06
988 192 233 157 61 -0.92 -1.02 0.07 1.63 -0.68 -0.68
989 194 226 155 60 -1.03 -1.15 0.06 1.11 -0.72 -0.55
990 183 221 153 58 -1.08 -1.17 0.07 0.72 -0.79 -0.62
991 187 224 153 58 -1.12 -1.28 0.04 0.3 -0.43 -0.69
992 180 220 152 53 -1.14 -1.51 -0.02 0.22 -0.13 -0.56
993 175 215 151 57 -1.14 -1.66 -0.07 0.4 0.29 -0.46
994 188 229 155 55 -1.21 -1.9 -0.1 0.58 0.31 -0.44
995 186 229 156 55 -1.32 -1.94 -0.15 0.32 0.19 0.28
996 182 225 152 54 -1.37 -1.98 -0.15 0.17 0.27 0.52
997 171 226 151 52 -1.44 -1.93 -0.15 -0.13 0.61 0.71
998 169 228 147 53 -1.5 -1.76 -0.19 -0.54 0.7 0.34
999 160 220 142 52 -1.49 -1.69 -0.22 -0.52 0.54 0.47
1000 163 220 140 54 -1.41 -1.77 -0.23 -0.4 0.69 0.59
1001 158 213 138 51 -1.32 -1.83 -0.3 -0.11 0.73 0.82
1002 153 203 134 49 -1.29 -1.84 -0.29 -0.15 0.28 0.87
1003 163 212 137 49 -1.12 -1.86 -0.23 0.36 0.74 0.62
1004 160 209 136 53 -1.05 -1.76 -0.19 0.47 0.63 0.72
1005 154 207 133 50 -0.98 -1.7 -0.16 0.38 0.44 0.78
1006 167 216 137 51 -0.93 -1.49 -0.15 0.44 0.54 0.62
1007 168 224 138 52 -0.93 -1.26 -0.15 0.1 0.44 0.7
1008 164 216 135 52 -0.93 -1.19 -0.15 -0.02 0.47 0.58
1009 170 218 135 50 -0.92 -1.17 -0.16 -0.2 0.34 0.14
1010 166 213 133 52 -0.9 -1.21 -0.18 0.03 0.49 -0.16
1011 164 206 131 50 -0.9 -1.25 -0.17 0.17 0.53 -0.44
1012 181 211 136 51 -0.79 -1.38 -0.19 0.4 0.26 -1.15
1013 178 210 136 53 -0.69 -1.46 -0.21 -4.23 -0.08 4.61
1014 168 198 133 49 -0.38 -2.45 -0.29 -1.78 -1.63 8.35
1015 184 206 140 50 0.72 -2.35 0.19 1.71 1.05 5.46
1016 189 217 141 53 0.7 -0.54 0.07 1.92 1.45 -0.11
1017 188 213 141 52 0.57 -0.09 0.01 1.42 1.33 -0.64
1018 208 225 147 53 0.34 0.31 -0.19 0.12 0.56 0.03
1019 205 228 147 53 0.17 0.31 -0.23 -0.04 0.31 0.6
1020 206 228 151 55 0.16 0.28 -0.21 -0.23 0.14 0.5
1021 205 229 150 56 0.09 0.13 -0.1 -0.36 -0.06 -0.4
1022 192 221 143 52 0.16 -0.05 -0.05 -0.5 0.14 -0.22
1023 181 210 141 51 0.19 -0.13 -0.04 -0.52 0.25 -0.1
1024 186 211 141 50 0.13 -0.26 -0.03 -0.35 0.21 0.12
1025 187 217 141 52 0.1 -0.31 0.0 0.21 0.17 0.03
1026 192 219 141 50 0.08 -0.28 0.01 0.25 0.2 0.03
1027 212 234 148 51 0.09 -0.2 0.01 0.23 0.24 0.12
1028 213 239 147 53 0.08 -0.07 0.0 0.06 0.27 0.08
1029 200 227 140 52 0.07 -0.01 -0.01 -0.04 0.26 0.04
1030 206 227 142 54 0.04 0.03 0.0 -0.19 0.35 -0.02
1031 199 227 138 55 0.05 0.02 -0.0 -0.29 0.37 -0.11
1032 196 220 142 55 0.05 0.01 -0.01 -0.28 0.29 -0.11
1033 191 217 147 53 0.07 -0.03 -0.01 -0.26 0.28 -0.11
1034 179 207 138 50 0.07 -0.07 -0.02 -0.09 0.27 -0.07
1035 172 198 133 49 0.07 -0.09 -0.01 -0.06 0.27 -0.05
1036 186 209 138 48 0.05 -0.1 -0.0 0.02 0.28 0.05
1037 187 216 138 51 0.03 -0.1 0.01 0.04 0.3 0.03
1038 190 216 142 51 0.01 -0.09 0.01 -0.03 0.19 0.02
1039 192 220 140 51 0.01 -0.06 0.02 -0.11 0.24 -0.03
1040 182 214 134 50 -0.01 -0.03 0.01 -0.06 0.18 0.03
1041 172 204 130 49 -0.02 -0.03 0.01 -0.01 0.24 -0.01
1042 166 200 128 48 -0.03 -0.01 0.01 -0.1 0.22 -0.06
1043 159 196 125 46 -0.03 0.01 0.01 -0.18 0.26 -0.06
-100 -100 -100 -100 -100 -100 -100 -100 -100 -100 -100
1044 163 195 133 48 -0.04 0.01 0.01 -0.22 0.15 -0.06
1045 166 200 131 48 -0.03 -0.01 0.01 -0.13 0.19 -0.14
1046 160 196 126 46 -0.03 -0.03 0.01 -0.07 0.23 -0.07
1047 153 189 122 46 -0.02 -0.04 0.01 -0.07 0.23 -0.05
1048 152 193 123 46 -0.02 -0.02 0.01 -0.09 0.21 -0.07
1049 152 195 121 45 -0.01 0.0 0.01 -0.16 0.16 -0.08
1050 157 198 124 47 -0.01 0.0 0.01 -0.21 0.18 -0.09
1051 165 207 127 48 0.0 -0.01 0.0 -0.14 0.22 -0.07
1052 158 206 124 46 0.02 -0.02 -0.0 -0.06 0.23 0.0
1053 157 201 124 47 0.02 -0.02 -0.0 -0.07 0.2 -0.03
1054 159 204 128 49 0.02 0.01 -0.01 -0.1 0.21 -0.09
1055 151 201 122 46 0.02 -0.0 -0.0 -0.09 0.16 -0.06
1056 151 197 132 45 0.01 -0.01 -0.01 -0.08 0.15 -0.05
1057 153 200 133 46 0.02 -0.01 -0.0 -0.06 0.19 -0.07
1058 143 195 126 43 0.01 -0.01 -0.0 -0.09 0.16 -0.03
1059 143 191 123 49 0.01 -0.01 -0.0 -0.06 0.16 -0.06
1060 151 198 124 52 0.0 -0.02 0.0 -0.09 0.23 -0.03
1061 146 199 121 50 -0.0 -0.01 0.0 -0.06 0.22 -0.04
1062 146 194 120 48 -0.01 -0.01 0.0 -0.06 0.19 -0.05
1063 148 198 124 47 -0.01 -0.0 0.0 -0.07 0.14 -0.08
1064 139 193 118 47 -0.0 -0.01 0.0 -0.12 0.19 -0.05
1065 140 190 122 47 0.0 -0.02 -0.0 -0.09 0.17 -0.05
1066 142 194 120 46 0.0 -0.02 -0.0 -0.04 0.14 -0.07
1067 134 190 119 44 0.01 -0.01 -0.0 -0.09 0.12 -0.1
1068 137 190 120 45 0.02 -0.01 -0.0 -0.11 0.17 -0.07
1069 139 197 120 45 0.02 -0.01 -0.01 -0.12 0.21 -0.08
1070 131 193 116 44 0.02 -0.02 -0.02 -0.06 0.2 -0.03
1071 136 194 118 44 0.03 -0.02 -0.01 -0.02 0.23 0.0
1072 149 205 125 47 0.01 -0.01 -0.01 0.0 0.16 -0.02
1073 145 206 120 46 0.0 -0.0 -0.01 -0.08 0.1 -0.08
1074 145 201 116 46 0.01 -0.01 -0.0 -0.1 0.07 -0.1
1075 147 207 123 49 0.01 -0.01 0.01 -0.1 0.16 -0.09
1076 138 201 117 46 0.01 -0.02 -0.0 -0.07 0.17 -0.04
1077 141 199 122 47 0.01 -0.02 -0.0 -0.08 0.19 -0.02
1078 149 205 127 48 0.01 -0.02 -0.01 -0.07 0.2 0.01
1079 144 202 121 48 0.0 -0.02 -0.01 -0.02 0.16 -0.02
1080 137 194 119 48 -0.0 -0.01 -0.01 -0.05 0.11 -0.05
1081 140 195 120 46 0.0 -0.01 -0.01 -0.09 0.14 -0.07
1082 132 191 119 44 0.0 -0.01 -0.01 -0.09 0.13 -0.06
1083 134 190 122 46 0.01 -0.01 -0.01 -0.04 0.17 -0.05
1084 140 196 120 49 0.0 -0.02 -0.0 -0.03 0.17 -0.04
1085 132 194 117 46 -0.01 -0.01 -0.0 0.03 0.16 -0.01
1086 141 198 117 45 -0.01 -0.01 -0.0 0.0 0.16 0.0
1087 144 207 117 45 -0.02 0.0 -0.0 -0.08 0.13 -0.01
1088 133 199 118 43 -0.02 -0.01 0.0 -0.09 0.1 -0.04
1089 136 196 122 45 -0.01 -0.01 0.0 -0.08 0.1 -0.05
1090 140 201 121 46 -0.02 -0.02 0.0 -0.04 0.12 -0.04
1091 136 199 119 45 -0.02 -0.02 0.01 0.0 0.15 0.0
1092 144 203 121 47 -0.02 -0.02 0.01 -0.02 0.16 0.0
1093 149 211 131 45 -0.03 -0.02 0.01 -0.05 0.19 0.0
1094 139 205 124 46 -0.03 -0.01 0.01 -0.09 0.15 -0.02
1095 138 199 122 46 -0.03 -0.02 0.01 -0.07 0.15 -0.03
1096 137 202 122 47 -0.04 -0.03 0.01 -0.06 0.09 -0.01
1097 129 197 116 47 -0.03 -0.03 0.01 -0.01 0.13 0.02
-200 -200 -200 -200 -200 -200 -200 -200 -200 -200 -200
1098 145 203 121 47 -0.04 -0.04 0.01 0.0 0.15 0.0
1099 153 217 125 51 -0.06 -0.06 0.02 -0.03 0.15 0.06
1100 146 213 121 46 -0.07 -0.07 0.02 0.0 0.13 0.14
1101 155 224 124 52 -0.1 -0.09 0.04 -0.02 0.18 0.17
1102 163 240 122 52 -0.14 -0.09 0.04 -0.04 0.21 0.13
1103 155 232 121 52 -0.17 -0.09 0.06 0.02 0.25 0.31
1104 181 258 122 81 -0.19 -0.08 0.08 0.17 0.21 0.4
1105 186 274 128 84 -0.17 -0.03 0.1 -0.01 0.14 0.59
1106 178 279 124 73 0.01 -0.0 0.09 -0.36 0.13 0.51
1107 207 312 130 69 0.07 0.05 0.08 -0.43 0.11 0.65
1108 203 318 133 68 0.15 0.24 0.08 -0.71 -0.1 1.6
1109 209 307 131 67 0.29 0.49 0.1 -0.15 0.58 1.85
1110 228 287 136 62 0.35 0.78 0.06 0.27 0.55 1.89
1111 240 297 146 62 0.51 1.52 0.07 0.49 0.48 2.03
1112 222 305 145 68 0.73 2.02 0.14 -0.62 0.38 2.96
1113 216 300 143 67 0.91 2.02 0.13 -0.34 0.77 2.77
1114 228 297 146 65 1.32 1.87 0.12 -0.8 0.68 2.94
1115 237 287 146 62 1.52 1.83 0.13 -0.16 1.0 2.78
1116 252 278 145 62 1.83 2.06 0.14 -0.06 0.85 2.54
1117 230 272 146 61 1.9 2.54 0.2 -0.04 1.01 1.8
1118 228 271 144 57 1.94 2.73 0.21 0.13 1.0 1.48
1119 220 277 147 60 1.98 2.83 0.22 0.04 0.99 1.1
1120 220 290 148 60 1.95 2.82 0.21 0.52 0.94 0.93
1121 205 277 142 59 1.91 2.8 0.18 0.66 0.6 0.71
1122 212 265 146 60 1.86 2.84 0.14 0.73 0.51 0.67
1123 225 283 148 61 1.75 2.93 0.05 1.01 0.29 0.65
1124 278 279 141 58 1.58 2.96 -0.03 0.82 -0.03 0.22
1125 303 281 139 58 1.49 2.88 -0.08 0.87 -0.18 0.12
1126 301 287 139 58 1.32 2.6 -0.14 1.29 -0.32 -0.77
1127 283 282 137 55 1.17 2.25 -0.18 1.35 -0.57 -0.95
1128 294 276 148 67 1.14 2.09 -0.22 1.61 -0.39 -1.39
1129 306 270 145 66 1.0 1.77 -0.32 1.64 -0.58 -1.13
1130 294 262 136 61 0.93 1.63 -0.39 1.56 -0.71 -0.99
1131 282 266 133 58 0.77 1.37 -0.54 1.38 -0.91 -0.94
1132 281 286 135 58 0.62 1.11 -0.62 1.68 -1.15 -1.08
1133 306 316 131 57 0.54 1.02 -0.63 1.25 -1.56 -1.65
1134 283 315 148 59 0.43 0.86 -0.56 1.0 -1.69 -1.57
1135 310 318 151 57 0.36 0.4 -0.48 0.17 -1.88 -1.26
1136 273 313 141 57 0.29 -0.06 -0.44 0.2 -1.73 -1.25
1137 259 303 139 62 0.24 -0.16 -0.41 0.39 -1.67 -1.25
1138 234 284 143 58 0.13 -0.05 -0.36 0.87 -1.59 -1.17
1139 251 267 143 55 0.05 0.07 -0.28 0.29 -1.58 -0.65
1140 236 293 150 55 0.04 0.04 -0.25 0.2 -1.44 -0.51
1141 231 313 146 59 0.02 -0.14 -0.2 0.35 -1.21 -0.46
1142 240 294 136 53 -0.01 -0.2 -0.16 0.74 -0.88 -0.43
1143 260 270 132 54 -0.04 -0.14 -0.15 0.76 -0.73 -0.3
1144 236 262 130 52 -0.1 -0.02 -0.14 0.6 -0.55 -0.14
1145 215 266 127 48 -0.14 0.04 -0.14 0.73 -0.46 -0.11
1146 216 274 131 48 -0.2 0.19 -0.14 0.69 -0.4 0.01
1147 228 274 133 49 -0.21 0.27 -0.13 0.42 -0.2 -0.05
1148 219 262 134 51 -0.21 0.28 -0.13 0.22 -0.1 0.15
1149 218 272 132 51 -0.17 0.23 -0.12 0.1 -0.05 0.18
1150 217 286 135 51 -0.12 0.26 -0.11 0.11 -0.01 0.23
1151 230 271 139 48 -0.07 0.34 -0.1 -0.13 0.07 0.44
1152 230 259 142 48 -0.05 0.37 -0.09 -0.28 0.06 0.44
1153 225 255 141 48 -0.03 0.34 -0.08 -0.45 0.13 0.24
1154 216 255 137 46 -0.03 0.19 -0.06 -0.51 0.18 0.13
1155 208 238 136 48 -0.03 0.09 -0.05 -0.52 0.15 0.06
1156 197 241 138 46 -0.04 -0.04 -0.04 -0.32 0.19 -0.03
1157 188 235 129 44 -0.04 -0.07 -0.01 -0.27 0.23 0.1
1158 189 234 128 46 -0.06 -0.03 0.02 -0.39 0.18 0.26
1159 190 225 132 46 -0.08 0.03 0.05 -0.36 0.14 0.22
1160 204 220 128 45 -0.08 0.05 0.06 -0.36 0.09 0.18
1161 203 225 132 45 -0.06 0.04 0.08 -0.45 0.07 0.19
1162 187 223 132 46 -0.05 -0.02 0.11 -0.38 -0.02 0.14
1163 172 220 126 43 -0.04 -0.09 0.14 -0.09 -0.05 0.18
1164 181 217 129 45 -0.05 -0.08 0.15 0.01 -0.03 0.13
1165 183 221 133 46 -0.05 -0.05 0.15 0.25 -0.03 0.13
1166 165 231 132 43 -0.04 -0.03 0.15 0.27 -0.02 0.1
1167 175 230 134 45 -0.03 -0.02 0.12 0.33 -0.09 0.13
1168 173 230 137 43 -0.03 -0.03 0.1 0.24 -0.11 0.16
1169 188 234 132 41 -0.02 -0.08 0.09 0.28 -0.13 0.08
1170 197 226 135 43 -0.02 -0.11 0.08 0.28 -0.11 0.06
1171 193 234 134 41 -0.02 -0.11 0.07 0.35 -0.06 0.18
1172 182 233 132 40 -0.02 -0.09 0.06 0.41 -0.08 0.08
1173 188 230 137 44 -0.02 -0.01 0.04 0.38 -0.11 0.02
1174 193 223 139 46 -0.02 0.0 0.02 0.25 -0.05 0.11
1175 192 234 139 46 -0.01 -0.02 0.01 0.24 -0.11 0.04
1176 183 232 137 45 -0.01 -0.03 -0.01 0.23 -0.12 0.05
1177 175 234 135 46 -0.02 -0.04 -0.01 0.15 -0.14 0.11
1178 167 243 130 43 -0.03 -0.04 -0.0 0.0 -0.09 0.18
1179 198 233 136 45 -0.03 -0.05 -0.01 -0.04 -0.11 0.17
1180 191 226 134 45 -0.03 -0.08 -0.01 0.0 -0.11 0.08
1181 173 223 133 43 -0.04 -0.07 -0.02 0.07 -0.04 0.12
1182 172 220 135 44 -0.05 -0.01 -0.02 0.03 -0.04 0.14
1183 158 218 132 42 -0.04 -0.0 -0.01 0.02 -0.1 0.12
1184 156 215 132 41 -0.03 -0.01 -0.0 -0.07 -0.07 0.18
1185 146 223 134 42 -0.01 -0.05 -0.0 -0.06 -0.04 0.22
1186 149 223 135 41 -0.02 -0.04 0.01 -0.04 0.02 0.16
1187 142 211 136 40 -0.02 -0.05 0.01 -0.02 -0.02 0.03
1188 154 218 141 43 -0.02 -0.07 0.0 0.08 -0.04 0.08
1189 159 223 146 43 -0.02 -0.04 0.02 0.12 -0.04 0.08
1190 158 215 147 42 -0.03 -0.02 0.01 0.01 0.0 0.09
1191 219 233 153 44 -0.03 -0.02 0.01 0.03 0.02 0.1
1192 208 248 158 47 -0.03 -0.05 0.01 0.08 0.1 0.1
1193 200 238 160 48 -0.04 -0.05 0.01 0.07 0.08 0.12
1194 201 238 160 50 -0.03 -0.03 0.0 0.06 0.05 0.11
1195 197 242 163 52 -0.03 -0.03 0.0 0.05 -0.01 0.08
1196 182 241 158 52 -0.03 -0.03 0.0 0.04 0.0 0.01
1197 191 252 154 55 -0.03 -0.02 0.0 0.1 0.0 -0.06
1198 190 247 159 54 -0.03 -0.03 0.01 0.06 0.02 -0.06
1199 174 232 154 52 -0.04 -0.03 0.01 -0.04 -0.08 -0.1
1200 167 219 146 51 -0.04 -0.03 0.01 -0.04 -0.06 -0.03
1201 162 210 145 49 -0.04 -0.04 0.03 0.01 -0.03 -0.06
1202 144 201 137 46 -0.04 -0.06 0.04 -0.02 -0.09 0.08
1203 157 199 139 45 -0.03 -0.05 0.05 0.01 -0.07 0.07
1204 160 199 145 48 -0.03 -0.03 0.05 0.08 -0.06 0.02
1205 150 200 140 45 -0.03 -0.02 0.05 0.02 -0.03 -0.01
1206 149 210 144 46 -0.04 -0.03 0.06 0.08 -0.06 -0.02
1207 173 206 141 44 -0.04 -0.05 0.07 0.05 -0.03 0.02
1208 191 203 138 42 -0.03 -0.05 0.07 0.1 0.03 0.1
1209 194 216 147 43 -0.04 -0.02 0.06 0.01 0.09 0.19
1210 192 241 154 46 -0.06 0.02 0.04 0.05 0.12 0.15
1211 174 243 154 45 -0.06 0.01 0.04 -0.05 0.05 0.12
1212 181 233 156 45 -0.04 -0.03 0.03 -0.01 0.08 0.08
1213 175 230 152 45 -0.01 -0.05 0.02 -0.02 0.08 0.2
1214 169 211 152 43 -0.01 -0.04 0.02 0.0 0.09 0.16
1215 190 221 153 43 -0.01 -0.02 0.02 0.0 0.02 0.14
1216 179 236 162 49 -0.01 -0.02 0.04 -0.05 -0.05 0.04
1217 164 231 152 47 -0.0 -0.05 0.04 0.0 -0.07 0.02
1218 207 230 153 48 0.01 -0.13 0.04 0.06 -0.08 0.0
1219 218 235 157 50 0.0 -0.14 0.04 0.15 -0.15 0.01
1220 198 232 155 50 0.0 -0.1 0.05 0.15 -0.13 0.07
1221 195 239 155 49 -0.01 -0.05 0.04 0.19 -0.12 0.02
1222 186 231 156 49 -0.02 -0.02 0.03 0.16 -0.09 -0.15
1223 170 210 146 46 -0.03 -0.0 0.03 0.09 -0.13 -0.19
1224 172 225 146 46 -0.04 -0.01 0.02 0.09 -0.11 -0.2
1225 180 227 145 44 -0.06 -0.04 0.02 0.08 -0.11 -0.08
1226 176 213 142 42 -0.07 -0.05 0.03 0.1 -0.12 -0.08
1227 167 202 140 43 -0.08 -0.05 0.03 0.13 -0.3 -0.07
1228 158 199 139 47 -0.08 -0.06 0.04 0.1 -0.23 -0.06
1229 155 191 138 46 -0.07 -0.08 0.05 0.11 -0.2 -0.01
1230 151 190 138 46 -0.08 -0.09 0.07 0.15 -0.18 -0.01
1231 151 189 136 44 -0.07 -0.12 0.09 0.08 -0.09 0.14
1232 159 185 134 41 -0.06 -0.14 0.09 0.13 -0.01 0.1
1233 167 194 141 41 -0.04 -0.15 0.07 0.11 0.09 0.14
1234 168 202 146 48 -0.03 -0.11 0.05 0.02 0.27 0.2
1235 156 196 143 45 -0.04 -0.08 0.04 0.0 0.22 0.18
1236 162 206 141 46 -0.05 -0.01 0.02 -0.13 0.03 0.1
1237 162 205 141 48 -0.06 -0.01 0.02 -0.17 0.09 0.13
1238 159 194 136 45 -0.06 -0.04 0.02 -0.17 0.1 0.15
1239 165 210 139 50 -0.05 -0.07 0.03 -0.1 0.19 0.04
1240 172 212 139 50 -0.06 -0.06 0.04 -0.12 0.18 0.0
1241 163 203 137 46 -0.06 -0.06 0.05 -0.18 0.09 0.0
1242 165 206 139 50 -0.05 -0.07 0.06 -0.19 0.03 0.0
1243 164 206 138 48 -0.06 -0.13 0.07 -0.01 -0.11 -0.11
1244 148 203 131 45 -0.06 -0.16 0.08 0.0 -0.22 -0.12
1245 146 201 127 45 -0.07 -0.21 0.11 -0.01 -0.08 -0.09
1246 138 200 124 43 -0.08 -0.28 0.12 0.06 -0.06 -0.06
1247 137 188 120 42 -0.09 -0.32 0.12 0.04 -0.05 -0.04
1248 154 197 122 47 -0.1 -0.41 0.13 0.12 -0.14 0.0
1249 164 202 125 51 -0.11 -0.42 0.12 0.22 -0.1 -0.05
1250 158 207 121 49 -0.12 -0.42 0.12 0.2 -0.14 -0.13
1251 158 213 121 49 -0.13 -0.42 0.12 0.23 -0.12 -0.14
1252 160 211 121 48 -0.16 -0.43 0.12 0.16 -0.15 -0.09
1253 149 202 120 50 -0.18 -0.42 0.13 0.16 -0.22 -0.12
1254 160 192 122 50 -0.18 -0.43 0.14 0.12 -0.25 -0.15
1255 160 198 122 46 -0.17 -0.43 0.15 0.09 -0.15 -0.27
1256 155 195 116 45 -0.19 -0.43 0.16 -0.05 -0.07 -0.04
1257 151 196 115 53 -0.19 -0.47 0.15 -0.01 -0.14 -0.09
1258 142 191 116 52 -0.21 -0.55 0.15 0.06 -0.04 -0.01
1259 144 197 115 48 -0.22 -0.58 0.15 0.16 0.0 0.05
1260 182 228 124 47 -0.25 -0.63 0.13 0.21 0.0 0.0
1261 180 235 124 49 -0.27 -0.66 0.14 0.56 -0.1 -0.11
1262 162 217 117 46 -0.28 -0.68 0.14 0.48 -0.17 -0.2
1263 164 213 116 47 -0.3 -0.68 0.16 0.3 -0.06 -0.21
1264 162 222 115 47 -0.32 -0.62 0.14 0.3 0.12 -0.22
1265 155 223 110 46 -0.34 -0.58 0.14 0.19 0.17 -0.24
1266 149 228 108 48 -0.39 -0.51 0.13 0.14 0.18 -0.16
1267 141 210 104 46 -0.42 -0.51 0.11 0.17 0.06 -0.17
1268 136 197 99 43 -0.43 -0.56 0.12 0.13 -0.13 -0.05
1269 141 194 101 47 -0.44 -0.64 0.14 0.22 -0.14 -0.08
1270 141 201 102 48 -0.48 -0.75 0.17 0.33 -0.01 -0.15
1271 136 204 102 45 -0.5 -0.8 0.18 0.4 -0.14 -0.25
1272 143 209 104 44 -0.54 -0.89 0.19 0.34 -0.29 -0.58
1273 141 204 105 43 -0.62 -1.06 0.21 0.49 -0.36 -1.0
1274 136 197 101 46 -0.65 -1.18 0.22 0.27 -0.28 -1.04
1275 143 198 104 48 -0.72 -1.47 0.21 0.22 -0.15 -0.84
1276 140 195 102 49 -0.82 -1.64 0.16 0.4 -0.17 -0.89
1277 135 189 100 48 -0.87 -1.67 0.14 0.73 -0.33 -1.1
1278 139 196 102 50 -1.01 -1.64 0.1 0.75 -0.23 -1.25
1279 140 197 101 47 -1.16 -1.58 0.07 0.85 -0.02 -1.38
1280 136 192 100 45 -1.24 -1.57 0.06 0.77 0.14 -1.11
1281 149 200 106 48 -1.35 -1.62 0.03 0.67 0.35 -1.36
1282 152 211 107 50 -1.47 -1.74 -0.04 0.6 0.04 -1.49
1283 145 199 102 49 -1.53 -1.82 -0.06 0.7 0.0 -1.48
1284 147 199 107 46 -1.64 -1.98 -0.11 0.64 -0.06 -0.79
1285 144 209 105 45 -1.74 -2.14 -0.14 0.62 0.45 -0.28
1286 137 221 102 43 -1.82 -2.2 -0.14 -0.03 0.07 -0.23
1287 151 233 109 42 -1.75 -2.35 -0.16 0.46 0.3 0.0
1288 156 239 109 46 -1.76 -2.34 -0.19 0.47 0.28 0.11
1289 150 229 105 46 -1.72 -2.29 -0.19 0.59 0.49 0.39
1290 160 227 112 45 -1.64 -1.93 -0.22 0.8 0.65 0.39
1291 159 232 109 43 -1.5 -1.43 -0.28 0.87 0.35 0.39
1292 148 214 104 42 -1.45 -1.15 -0.36 0.81 0.39 0.31
1293 152 209 109 41 -0.98 -0.73 -0.39 1.04 1.32 -0.48
1294 152 211 105 41 -0.09 -0.56 -0.52 -11.85 -9.86 22.41
1295 147 212 105 39 1.55 -1.37 -0.55 -2.9 -2.02 13.77
1296 163 226 115 40 1.15 -0.06 -0.21 2.71 1.46 -0.15
1297 161 248 113 42 0.77 0.74 -0.28 1.23 1.47 -2.18
1298 149 251 105 40 0.64 1.08 -0.34 -0.31 1.03 -0.87
1299 160 258 111 42 0.4 0.84 -0.43 -1.12 0.47 0.49
1300 162 276 113 44 0.19 0.24 -0.35 -1.2 0.37 0.07
1301 157 278 111 42 0.08 0.08 -0.28 -0.74 0.04 -0.19
1302 163 281 118 43 0.33 -0.05 -0.21 -0.88 0.03 -0.54
1303 157 290 118 43 0.43 -0.14 -0.15 -0.71 0.21 -0.04
1304 144 284 116 41 0.41 -0.22 -0.12 -0.45 0.25 0.15
1305 161 287 122 40 0.28 -0.4 -0.1 0.01 0.36 0.26
1306 166 303 123 45 0.1 -0.52 -0.03 0.32 0.27 0.08
1307 164 301 121 43 0.1 -0.56 0.01 0.68 0.31 0.14
1308 180 305 124 45 0.12 -0.41 0.04 0.66 0.3 0.2
1309 180 314 127 47 0.07 -0.19 0.04 0.3 0.35 0.18
1310 174 307 127 46 0.03 -0.08 0.02 -0.05 0.34 0.07
1311 192 309 133 50 0.01 0.05 0.02 -0.17 0.28 0.01
1312 192 314 133 52 0.01 0.05 0.01 -0.34 0.28 -0.09
1313 182 302 131 50 0.02 0.0 0.01 -0.44 0.28 -0.11
1314 182 295 131 51 0.03 -0.03 0.01 -0.24 0.27 -0.12
1315 177 294 132 49 0.02 -0.08 0.01 -0.12 0.24 -0.09
1316 164 278 127 47 0.03 -0.08 0.01 -0.11 0.24 -0.07
1317 159 273 125 46 0.03 -0.05 0.01 -0.11 0.28 -0.02
1318 151 267 124 45 0.02 -0.03 0.01 -0.08 0.24 -0.01
1319 152 261 124 45 0.02 -0.02 0.01 -0.08 0.22 -0.03
1320 160 267 127 46 0.01 -0.01 0.01 -0.08 0.23 -0.02
1321 156 265 121 46 0.02 0.01 0.01 -0.13 0.24 -0.08
1322 166 261 127 47 0.02 0.02 0.01 -0.17 0.26 -0.08
1323 182 276 132 52 0.02 0.02 0.0 -0.2 0.26 -0.07
1324 181 276 130 52 0.03 0.02 -0.0 -0.22 0.26 -0.07
1325 179 265 129 51 0.03 0.0 -0.01 -0.14 0.26 -0.04
1326 177 263 126 51 0.02 -0.0 -0.01 -0.15 0.27 -0.04
1327 166 254 123 48 0.01 -0.01 -0.01 -0.1 0.25 -0.05
1328 157 239 119 47 0.01 -0.01 -0.01 -0.1 0.2 -0.04
1329 160 239 117 47 -0.01 -0.02 0.0 -0.1 0.21 -0.04
1330 154 235 111 46 -0.02 -0.02 0.01 -0.08 0.17 -0.07
1331 145 223 110 44 -0.02 -0.02 0.01 -0.08 0.2 -0.04
1332 148 222 111 44 -0.02 -0.02 0.02 -0.09 0.21 -0.05
1333 143 219 110 42 -0.03 -0.02 0.01 -0.14 0.24 -0.05
1334 133 207 104 40 -0.03 -0.03 0.01 -0.13 0.24 -0.02
1335 127 200 107 39 -0.04 -0.03 0.02 -0.09 0.23 -0.06
1336 122 194 104 38 -0.05 -0.03 0.02 -0.07 0.2 -0.02
1337 115 187 101 37 -0.05 -0.02 0.02 -0.09 0.17 -0.07
1338 113 183 103 39 -0.05 -0.02 0.01 -0.11 0.19 -0.09
-100 -100 -100 -100 -100 -100 -100 -100 -100 -100 -100
1339 109 177 103 38 -0.04 -0.02 0.01 -0.13 0.2 -0.03
1340 106 174 100 37 -0.04 -0.02 0.01 -0.13 0.2 -0.06
1341 110 175 100 37 -0.04 -0.02 0.01 -0.13 0.2 -0.06
1342 109 177 102 37 -0.04 -0.03 0.01 -0.09 0.17 -0.08
1343 106 175 99 39 -0.04 -0.03 0.0 -0.08 0.18 -0.05
1344 106 176 106 38 -0.03 -0.03 0.0 -0.08 0.16 -0.05
1345 104 175 102 37 -0.04 -0.01 0.01 -0.1 0.16 -0.07
1346 102 174 98 35 -0.03 -0.01 0.01 -0.11 0.18 -0.02
1347 101 174 98 36 -0.04 -0.01 0.0 -0.14 0.17 -0.06
1348 100 174 98 36 -0.04 -0.01 0.0 -0.07 0.18 -0.06
1349 99 171 102 36 -0.04 -0.02 0.0 -0.06 0.18 -0.06
1350 96 168 99 34 -0.04 -0.02 -0.0 -0.07 0.19 -0.02
1351 92 161 94 34 -0.04 -0.01 -0.0 -0.08 0.17 -0.05
1352 88 156 91 33 -0.03 -0.01 -0.0 -0.13 0.13 -0.07
1353 92 158 97 35 -0.03 -0.0 -0.0 -0.12 0.12 -0.07
1354 97 162 100 35 -0.01 -0.01 -0.01 -0.14 0.14 -0.09
1355 100 160 103 36 -0.0 -0.01 -0.01 -0.13 0.16 -0.09
1356 106 163 101 36 0.01 -0.01 -0.02 -0.1 0.17 -0.02
1357 107 162 101 38 0.01 -0.02 -0.02 -0.07 0.19 -0.04
1358 104 156 100 37 0.01 -0.01 -0.02 -0.07 0.2 -0.04
1359 108 157 103 37 0.01 -0.01 -0.02 -0.02 0.17 -0.02
1360 109 157 105 36 0.01 -0.0 -0.02 -0.04 0.15 -0.02
1361 110 155 105 37 0.01 -0.0 -0.01 -0.04 0.15 -0.05
1362 117 163 109 38 0.0 -0.01 -0.01 -0.08 0.16 -0.02
1363 115 163 104 37 -0.0 -0.01 -0.0 -0.06 0.19 -0.04
1364 111 158 103 37 -0.0 -0.01 -0.01 -0.08 0.19 -0.02
1365 119 167 104 38 -0.01 -0.02 -0.0 -0.02 0.17 0.0
1366 120 167 107 37 -0.02 -0.01 -0.01 0.0 0.14 -0.02
1367 118 163 108 37 -0.02 -0.01 -0.0 -0.05 0.14 -0.03
1368 118 166 106 37 -0.02 -0.0 -0.0 -0.09 0.12 -0.08
1369 111 162 102 36 -0.01 -0.01 -0.0 -0.1 0.12 -0.06
1370 107 157 96 39 -0.01 -0.01 -0.0 -0.1 0.11 -0.05
1371 110 160 100 38 0.0 -0.01 -0.01 -0.06 0.13 -0.07
1372 110 160 99 37 0.01 0.0 -0.01 -0.08 0.15 -0.06
1373 110 159 106 37 0.02 0.0 -0.01 -0.06 0.16 -0.03
1374 112 160 104 37 0.01 0.0 -0.02 -0.11 0.21 -0.03
1375 113 160 105 38 0.02 0.0 -0.02 -0.1 0.15 -0.03
1376 120 163 114 40 0.02 0.0 -0.02 -0.07 0.14 -0.01
1377 123 169 113 40 0.01 -0.0 -0.01 -0.05 0.16 -0.04
1378 118 165 107 39 0.01 -0.0 -0.01 -0.07 0.16 -0.02
1379 118 163 110 44 0.01 -0.0 -0.01 -0.07 0.16 -0.03
1380 117 164 110 44 0.0 -0.01 -0.0 -0.04 0.14 -0.01
1381 115 162 110 42 0.0 -0.01 0.0 -0.05 0.12 -0.04
1382 118 163 110 42 -0.0 0.0 -0.0 -0.04 0.14 -0.05
1383 116 163 108 42 -0.0 -0.0 -0.01 -0.08 0.15 -0.07
1384 108 155 101 40 -0.0 -0.01 -0.01 -0.1 0.13 -0.01
1385 111 154 106 39 0.0 -0.01 -0.0 -0.1 0.12 -0.06
1386 113 157 108 39 -0.0 -0.01 -0.0 -0.04 0.14 -0.03
1387 110 154 107 37 0.0 -0.01 -0.01 -0.07 0.15 -0.06
1388 114 155 107 39 0.01 -0.01 -0.0 -0.06 0.16 -0.01
1389 116 159 106 39 0.0 -0.01 -0.01 -0.02 0.16 -0.02
1390 108 151 103 38 -0.0 -0.01 -0.0 -0.02 0.19 -0.02
1391 120 160 110 37 -0.01 -0.02 -0.0 0.01 0.18 0.01
1392 132 171 116 41 -0.01 -0.01 0.01 -0.06 0.23 -0.02
1393 126 163 111 39 -0.02 -0.02 0.02 -0.09 0.1 -0.04
1394 119 157 106 38 -0.03 -0.03 0.02 -0.03 0.09 0.0
1395 117 155 105 37 -0.03 -0.04 0.02 -0.01 0.12 -0.01
1396 111 149 103 36 -0.04 -0.04 0.02 -0.05 0.1 -0.01
1397 109 147 101 36 -0.05 -0.04 0.02 -0.04 0.15 0.0
1398 109 150 100 35 -0.06 -0.05 0.02 -0.05 0.17 0.02
1399 111 151 99 35 -0.08 -0.06 0.03 0.0 0.15 0.03
1400 109 152 97 36 -0.09 -0.06 0.03 -0.01 0.16 0.04
1401 108 154 94 35 -0.1 -0.06 0.03 -0.04 0.13 0.01
1402 107 152 94 36 -0.11 -0.06 0.03 -0.06 0.18 -0.01
1403 107 150 94 36 -0.11 -0.07 0.03 -0.08 0.18 -0.04
1404 105 150 95 35 -0.13 -0.08 0.02 -0.1 0.16 0.0
1405 107 154 97 39 -0.13 -0.07 0.03 0.03 0.15 0.01
1406 112 160 97 43 -0.14 -0.06 0.03 0.0 0.15 0.0
1407 106 158 96 43 -0.14 -0.04 0.04 -0.06 0.11 -0.03
1408 114 156 94 42 -0.14 -0.05 0.04 -0.17 0.11 -0.07
1409 116 155 94 40 -0.14 -0.07 0.05 -0.11 0.13 0.0
1410 117 161 97 39 -0.15 -0.1 0.05 0.0 0.12 0.05
1411 125 165 97 38 -0.15 -0.08 0.05 -0.15 0.12 0.05
1412 128 168 97 37 -0.16 -0.06 0.05 -0.17 0.15 0.02
1413 128 167 97 37 -0.15 -0.05 0.04 -0.09 0.11 0.07
1414 128 167 94 37 -0.14 -0.05 0.04 -0.11 0.15 0.08
1415 124 178 95 43 -0.13 -0.03 0.05 -0.28 0.17 0.12
1416 117 192 95 41 -0.08 -0.03 0.04 -0.29 0.19 0.13
1417 125 209 95 49 -0.03 -0.04 0.03 -0.25 0.16 0.05
1418 143 224 96 52 0.0 -0.09 0.04 -0.16 0.2 0.09
1419 154 220 99 48 0.09 -0.13 0.06 0.02 0.15 0.27
1420 147 204 103 48 0.1 -0.11 0.04 -0.14 0.13 0.2
1421 145 207 104 47 0.18 -0.09 0.03 0.0 0.12 0.2
